20000101
0.695
0.8985
0.8588
0.8223
0.542
0.5492
0.6714
0.6811
0.9158
0.94
0.8073
0.8482
0.8227
0.899
0.9934
0.9281
0.8968
0.4174
0.4192
0.862
0.7342
0.7234
0.6581
0.4929
0.8103
0.9053
0.8838
0.793
0.7405
0.7936
0.51
0.4362
0.8326
0.6977
0.3553
0.3586
0.6556
0.6997
0.8315
0.712
0.4094
0.5624
0.8414
0.6212
0.5228
0.7967
0.9143
0.805
0.8213
0.7997
0.9118
0.8742
0.8797
0.7971
0.7676
0.6262
0.6258
0.7558
0.7539
0.8671
0.6857
0.4303
0.4678
0.676
0.8824
0.873
0.8803
0.6764
0.4489
0.3941
0.4268
0.4562
0.7377
0.5931
0.578
0.535
0.4829
0.5138
0.65
0.7953
0.959
0.8967
0.9671
0.832
0.7481
0.8894
0.9032
0.9293
0.7467
0.6911
0.8431
0.6884
0.8729
0.7576
0.7239
0.8885
0.6976
0.7506
0.844
0.9528
1
0.9073
0.6516
0.6439
0.63
0.5369
0.8249
0.8805
0.6603
0.7485
0.7329
0.6171
0.4694
0.7836
0.6246
0.5455
0.6393
0.8021
0.9562
0.7229
0.6515
0.573
0.5243
0.4844
0.5534
0.8241
0.8311
0.8934
0.8811
0.8819
0.9883
0.7449
0.6685
0.6411
0.6773
0.6269
0.6531
0.7706
0.9848
0.8448
0.8706
0.9047
0.9893
0.9412
0.8211
0.8447
0.7161
0.8739
0.7503
0.8186
0.8511
0.9133
0.8162
0.7862
0.636
0.5165
0.6844
0.8105
0.736
0.5508
0.6494
0.9936
0.9403
0.7395
0.8332
0.8722
0.5139
0.3338
0.4373
0.5494
0.5941
0.7181
0.8106
0.7686
0.8438
0.8967
0.9315
0.8558
0.661
0.7715
0.7695
0.7885
0.6331
0.584
0.4909
0.5906
0.6956
0.4705
0.5519
0.7513
0.7153
0.8852
0.9277
0.7688
0.8503
0.8649
0.8613
0.8897
0.8818
0.7989
0.6627
0.5606
0.568
0.3975
0.6061
0.7163
0.6303
0.7257
0.56
0.7521
0.8188
0.8038
0.7712
0.5918
0.6938
0.7134
0.8763
0.8194
0.7132
0.6717
0.6227
0.6495
0.6765
0.4778
0.6664
0.6427
0.6528
0.5542
0.4264
0.4057
0.4029
0.3978
0.3594
0.6214
0.5924
0.4586
0.3832
0.2787
0.3844
0.71
0.7321
0.6118
0.7767
0.7638
0.7063
0.8278
0.9106
0.8388
0.7973
0.7538
0.8114
0.6494
0.5983
0.4712
0.5494
0.6732
0.814
0.7116
0.5477
0.6769
0.8953
0.9408
0.8224
0.7051
0.7524
0.5766
0.7435
0.9048
0.8681
0.8922
0.8962
0.835
0.9141
0.7938
0.8984
0.7697
0.7951
0.8741
0.8856
0.9178
0.794
0.8255
0.8
0.8071
0.7476
0.9064
0.941
0.9116
0.9555
0.9156
0.8567
0.7925
0.6927
0.8556
1
1
1
0.9807
0.9531
0.9378
0.9011
0.7166
0.8767
0.896
0.96
0.8295
0.8087
0.7724
0.8135
0.7965
0.7705
0.7309
0.719
0.7097
0.8151
0.8834
0.7581
0.7916
0.84
0.7838
0.75
0.7791
0.6911
0.7952
0.9184
0.8447
0.7632
0.9331
0.9353
0.9041
0.8362
0.9456
0.7835
0.8963
0.9736
0.8315
0.9224
0.9466
0.8662
0.7438
0.9006
0.6464
0.6908
0.718
0.7647
0.7474
0.5098
0.5691
0.5631
0.9234
0.723
0.7277
0.7459
0.6574
0.7477
1
1
1
0.9914
0.9565
0.8019
0.8865
0.9137
0.7758
0.7613
0.4526
0.6832
0.7348
0.7867
0.7626
0.7061
0.8922
0.9783
0.7981
0.5628
0.7723
0.7382
0.869
0.9379
1
1
0.9941
0.9034
0.9036
0.8103
0.9395
0.8423
0.5728
0.8029
0.7534
0.7465
0.7908
0.898
0.9457
0.6896
0.3386
0.6571
0.627
0.7629
0.6502
0.7635
0.737
0.6465
0.4945
0.6792
0.6716
0.716
0.73
0.7695
0.8616
0.9914
0.7474
0.6261
0.7632
0.8065
0.676
0.6996
0.581
0.5
0.6908
1
0.7267
0.4314
0.6855
0.71
0.673
0.799
0.7338
0.7143
0.8754
0.6053
0.7572
0.823
0.8181
0.8735
0.8408
0.7676
0.7715
0.803
0.7176
0.729
0.7872
0.6346
0.7138
0.6957
0.6924
0.6788
0.3809
0.3247
0.5979
0.7946
0.8146
0.73
0.7988
0.5602
0.6225
0.6971
0.5245
0.7183
0.6851
0.8514
0.7421
0.8557
0.5339
0.5893
0.7693
0.63
0.4351
0.7972
0.7464
0.7437
0.9537
0.9194
0.8595
0.8751
0.8586
0.6615
0.5263
0.7897
0.5949
0.6392
0.6436
0.6815
0.7521
0.6574
0.9681
0.8744
0.8897
0.9439
0.8776
0.9476
0.8595
0.9271
0.9117
0.7385
0.8241
0.7671
0.7641
0.5584
0.6561
0.5541
0.5719
0.8006
0.9624
0.623
0.552
0.8156
0.9183
0.883
0.902
0.7586
0.659
0.5922
0.514
0.4924
0.4293
0.5753
0.8095
0.8421
0.8476
0.7933
0.7243
0.8455
0.721
0.6169
0.7816
0.9477
0.827
0.8054
0.7555
0.6267
0.5164
0.7022
0.725
0.7207
0.6295
0.5185
0.4544
0.3798
0.4127
0.4266
0.2943
0.3913
0.6229
0.7739
0.5944
0.4567
0.541
0.5774
0.6418
0.6539
0.7472
0.5556
0.6328
0.6745
0.7608
0.6945
0.7459
0.7602
0.7315
0.7219
0.9808
0.819
0.6321
0.7944
0.8797
0.7305
0.7769
0.6818
0.5783
0.6844
0.6788
0.584
0.4868
0.6805
0.6856
0.6076
0.5972
0.5115
0.4181
0.8016
0.879
0.7952
0.892
0.6486
0.7706
0.7116
0.779
0.7746
0.777
0.6263
0.5426
0.5167
0.6023
0.6063
0.6918
0.8208
0.7151
0.6907
0.6065
0.5631
0.5124
0.4869
0.4717
0.4444
0.3156
0.6615
0.8027
0.9018
0.807
0.82
0.8014
0.8327
0.8503
0.8448
0.7174
0.6524
0.9019
0.9332
0.8163
0.762
0.7644
0.8908
0.7666
0.8772
0.8989
0.8325
0.91
0.9526
0.8549
0.9036
0.8309
0.9591
0.8668
0.8149
0.8105
0.9309
0.9731
0.8621
0.7831
0.7645
0.8371
0.8662
0.8122
0.6871
0.62
0.6302
0.8831
0.867
0.7445
0.686
0.6951
0.6889
0.7687
0.7797
0.8
0.8006
0.8325
0.8348
0.7415
0.7247
0.727
0.8058
0.7672
0.7751
0.8728
0.8592
0.6593
0.6703
0.9119
0.6641
0.6349
0.7797
0.6491
0.7186
0.9629
0.8874
0.9217
0.5136
0.4676
0.7748
0.84
0.6212
0.6023
0.8714
0.9983
0.9976
0.8234
0.6326
0.9364
0.8109
0.6481
0.7805
0.8391
0.7094
0.8819
0.9797
0.7205
0.77
0.7659
0.7594
0.9886
0.9132
0.8
0.7074
0.6986
0.5579
0.9442
0.8847
0.8433
0.7541
0.6118
0.5481
0.9333
0.9696
0.7928
0.9354
0.9975
0.8768
0.8447
0.9149
0.8166
0.7424
0.6324
0.46
0.4587
0.6714
0.7235
0.5882
0.7027
0.7924
0.7516
0.9903
0.9996
1
1
0.9566
0.9527
0.9757
0.9667
0.957
0.8123
0.6283
0.6428
0.86
0.9611
0.7917
0.6477
0.6541
0.7703
0.7478
0.5283
0.8421
0.7368
0.8766
0.8027
0.6966
0.5729
0.5829
0.5547
0.5062
0.8168
0.7534
0.4053
0.8177
0.8441
0.7956
0.7344
0.4467
0.5684
0.6181
0.8447
0.817
0.5788
0.7038
0.905
0.9217
1
0.9826
0.8578
0.7979
0.7738
0.5459
0.5311
0.8291
0.8576
0.8941
0.59
0.6033
0.7935
0.8403
0.985
0.8891
0.6068
0.9881
0.9089
0.7577
0.7626
0.7537
0.7713
0.5164
0.7189
0.7432
0.7529
0.6557
0.78
0.8719
0.7354
0.6854
0.7445
0.6764
0.6819
0.787
0.7406
0.7959
0.8189
0.7566
0.8884
0.9971
0.9336
0.8106
0.6694
0.8556
1
0.7414
0.6512
0.6949
0.9892
0.9888
0.8763
0.9927
1
0.9653
0.9141
0.9985
0.87
0.8339
0.7563
0.6765
0.8261
0.7538
0.5529
0.5608
0.5063
0.5063
0.4539
0.6373
0.878
0.8213
0.8142
0.7039
0.871
0.9992
0.9054
0.7339
0.9367
0.8714
0.9462
1
1
0.9489
1
0.7727
0.6064
0.7673
0.632
0.5753
0.5742
0.83
0.728
0.5803
0.5008
0.7615
0.8565
0.6474
0.7347
0.7766
0.8788
0.9053
0.7854
0.7525
0.6434
0.4732
0.4884
0.4197
0.813
0.8642
0.8758
0.7278
0.9859
0.8663
0.8553
0.8364
0.7206
0.5653
0.4392
0.4316
0.4564
0.415
0.4421
0.4856
0.6081
0.4748
0.6108
0.4903
0.6691
0.7876
0.7986
0.5674
0.8518
0.8982
0.9131
0.8703
0.7957
0.7818
0.8474
0.7825
0.9717
0.8552
0.8352
0.7403
0.8575
0.6126
0.7668
0.9541
0.7295
0.6576
0.8203
0.7363
0.7319
0.7285
0.575
0.4421
0.6208
0.61
0.7413
0.8859
0.8822
0.8161
0.7842
0.6421
0.783
0.9472
0.971
0.7747
0.7885
0.8455
0.8161
0.85
0.8694
0.8914
0.9363
0.9945
0.7419
0.7889
0.8749
0.891
0.7777
0.6223
0.6932
0.6019
0.7076
0.7781
0.8756
0.8882
0.8272
0.97
0.9141
0.9321
0.957
0.9041
0.8879
0.8808
0.8967
0.8641
0.9058
0.8979
0.8861
0.9503
0.935
0.8203
0.8831
0.7394
0.79
0.8715
0.8679
0.8049
0.7436
0.8488
0.8897
0.8994
0.7979
0.8386
0.8522
0.9157
0.9197
0.9306
0.6444
0.69
0.6063
0.8771
0.8806
0.8848
0.9405
0.9152
0.99
0.9168
0.8203
0.9151
0.9174
0.8634
0.9281
1
0.949
0.9297
0.8737
0.7891
0.7711
0.6811
0.7375
0.7646
0.6324
0.7911
0.8547
0.8667
0.7715
0.8835
0.86
0.8395
0.8786
0.8588
0.89
0.8731
0.8213
0.92
0.8507
0.84
0.8588
0.8805
0.8142
0.8994
0.6533
0.7242
0.8103
0.8521
0.9564
0.8303
0.744
0.8771
0.8961
0.813
0.8922
0.9029
0.9088
0.9739
0.9046
0.7489
0.7921
0.9819
0.8583
0.8797
0.7925
0.8749
0.9145
0.6576
0.8641
0.9271
0.6416
0.6366
0.6685
0.6488
0.9452
0.9182
0.959
0.99
0.9272
0.8076
0.7946
0.9002
0.9679
0.8267
0.7931
0.9279
0.9938
0.9793
1
0.8491
0.6357
0.8537
0.8848
0.8238
0.6921
0.8633
0.8585
0.9037
0.9041
0.8819
0.8421
0.8047
0.8174
0.9568
0.9852
0.7615
1
0.9634
0.9005
0.6629
0.7927
0.7968
0.5883
0.6638
0.7739
0.8638
0.824
0.9057
0.8358
0.8605
0.8379
0.6486
0.3543
0.315
0.5082
0.5113
0.6486
0.6536
0.6023
0.3411
0.4326
0.8956
0.8494
0.6882
0.6023
0.8494
0.8703
0.5452
0.8021
0.7294
0.7779
0.9746
1
0.9907
0.864
0.8806
0.7049
0.795
0.9852
1
1
0.9979
0.9087
0.9836
1
1
0.9603
0.8254
0.8515
0.8918
0.9519
0.786
0.8529
0.9979
0.8852
0.8163
0.8486
0.6003
0.5197
0.3884
0.6994
0.8288
0.9586
0.7889
0.4523
0.4882
0.4314
0.4305
0.5144
0.5794
0.73
0.6448
0.573
0.741
0.92
1
0.9989
1
0.8928
0.8078
0.9394
0.5277
0.3928
0.6348
0.4808
0.6833
0.8931
0.8057
0.8726
0.7139
0.6892
0.8018
0.9475
0.8345
0.79
0.6902
0.6135
0.7221
0.8572
0.8761
0.8105
0.6809
0.6697
0.5734
0.7506
0.6895
0.5328
0.6817
0.6514
0.6539
0.7592
0.8125
0.6306
0.774
0.839
0.9904
0.7785
0.7035
0.8365
0.7969
0.7303
0.8727
0.8797
0.9124
0.8864
0.9937
0.7176
0.6919
0.9179
0.8917
0.7411
0.4812
0.6111
0.9288
0.8795
0.721
0.7022
0.6451
0.6
0.5925
0.5276
0.6828
0.5733
0.6634
0.7715
0.7903
0.6723
0.6484
0.6241
0.5418
0.4702
0.4123
0.4317
0.4597
0.5136
-99
-99
-99
-99
-99
-99
0.1712
0.342
0.4171
0.4983
0.7335
0.8673
0.8439
0.6702
0.4965
0.4793
0.6817
0.7479
0.7561
0.7548
0.7342
0.5198
0.6421
0.6845
0.536
0.487
0.4322
0.3759
0.5352
0.6682
0.5724
0.7381
0.69
0.4608
0.6177
0.5828
0.7056
0.6629
0.7962
0.7129
0.6027
0.7405
0.7549
0.7917
0.7745
0.7875
0.7429
0.6059
0.4778
0.436
0.4255
0.3688
0.3995
0.4802
0.43
0.3912
0.3325
0.2793
0.2551
0.2563
0.6141
0.744
0.83
0.7413
0.5663
0.6078
0.6693
0.6678
0.6195
0.6284
0.747
0.7646
0.6295
0.5664
0.5168
0.6133
0.8778
0.908
0.9114
0.726
0.8731
0.9362
0.9402
0.9774
0.8284
0.8432
0.6326
0.7617
0.7812
0.8253
0.6962
0.6087
0.575
0.5624
0.5926
0.8031
0.8448
0.838
0.8753
0.8854
0.895
0.8939
0.9459
0.9977
0.9793
0.981
0.9803
0.7902
0.7008
0.6914
0.8676
0.8285
0.6705
0.7209
0.8345
0.834
0.9165
0.9455
0.931
0.9619
0.9032
0.9985
0.9029
1
0.9797
0.9631
0.851
0.9086
0.9286
0.8516
0.8676
0.7393
0.8972
1
0.9988
0.8534
0.8718
0.9113
0.9288
0.91
0.7335
0.7512
0.719
0.7169
0.6735
0.9739
1
0.9985
0.9969
0.9533
0.986
0.9112
0.9503
0.9968
0.8063
0.4563
0.5429
0.9491
0.996
1
0.9988
0.9862
0.8277
0.9464
0.9032
0.7876
0.87
0.918
0.9832
0.9978
0.9931
0.8503
1
0.9675
0.8881
0.9783
0.8061
0.9603
0.809
0.6721
0.7823
0.7714
0.9623
0.6719
0.927
0.9434
0.9538
0.9395
0.9218
0.5483
0.3657
0.69
0.831
0.55
0.8061
0.8643
0.5963
0.8915
0.6924
0.448
0.5467
0.5709
0.8431
0.7869
0.5686
0.7702
0.64
0.8652
0.9122
0.9109
0.9597
0.9321
0.9478
0.8283
0.7858
0.8318
0.6768
0.3241
0.6855
0.7697
0.9965
0.8872
1
0.98
0.9188
0.9856
0.7154
0.8127
0.8447
0.8623
0.8541
0.7055
0.743
0.6585
0.5189
0.538
0.7906
0.9882
0.7705
0.455
0.4271
0.4349
0.6539
0.8553
0.8331
0.9862
0.8553
0.89
0.9119
0.9873
1
0.8788
0.7649
0.964
0.9992
1
0.9617
0.8016
0.814
0.5681
0.5397
0.5498
0.5162
0.6436
0.7252
0.9318
0.8058
0.6897
0.8994
0.8446
0.8738
1
0.9661
0.6953
0.5105
0.446
0.7085
0.8608
0.8357
0.9634
0.9249
0.5867
0.6717
0.7841
0.9158
0.9509
0.8964
0.9781
0.9943
0.9524
0.7653
0.8513
0.7205
0.6918
0.7941
0.9965
0.957
0.9879
0.8414
0.7718
0.6659
0.831
0.7277
0.8597
0.9028
0.996
0.8566
0.8595
0.7238
0.6962
0.6256
0.76
0.6798
0.6627
0.6538
0.6433
0.5276
0.6529
1
0.8281
0.727
0.8656
0.98
0.816
0.9996
0.8224
0.855
0.8213
0.7715
0.8772
0.9502
0.8667
0.7793
0.8834
0.8118
0.6513
0.6459
0.6408
0.642
0.5866
0.7532
0.8814
0.8947
0.7176
0.731
0.7328
0.8236
0.8593
0.7884
0.803
0.9295
0.9424
0.9667
0.8723
0.6786
0.6365
0.6438
0.6367
0.6186
0.6274
0.6344
0.7057
0.849
0.7956
0.6705
0.7938
0.6329
0.615
0.5984
0.8225
0.9586
0.7885
0.7286
0.7346
0.8412
0.8211
0.7208
0.6343
0.701
0.753
0.745
0.7308
0.8386
0.7938
0.719
0.6598
0.7473
0.6744
0.653
0.7923
0.82
0.8963
0.9028
0.8368
0.7689
0.7536
0.7386
0.699
0.578
0.704
0.831
0.7962
0.624
0.629
0.7289
0.8609
0.7527
0.8446
0.7911
0.771
0.6373
0.621
0.5189
0.4942
0.486
0.8448
0.9189
0.8926
0.7215
0.7333
0.801
0.8078
0.6086
0.6076
0.7298
0.8628
0.755
0.577
0.7787
0.605
0.6128
0.5695
0.7251
0.7562
0.6164
0.8003
0.7951
0.8102
0.814
0.8321
0.9072
0.9316
0.9884
0.9258
0.9461
0.9058
0.7551
0.7368
0.8321
0.9095
0.8642
0.6877
0.5613
0.6962
0.87
0.8263
0.9537
0.9444
0.8586
0.8763
0.801
0.8176
0.9357
0.9084
0.8419
0.8532
0.8785
0.5264
0.6948
0.7881
0.9115
0.8584
0.8508
0.7938
0.8473
0.7015
0.3314
0.6329
0.7844
0.9194
0.7671
0.5864
0.5303
0.7316
0.8864
0.7708
0.8133
0.6825
0.7182
0.7926
0.8623
0.7363
0.6605
0.7415
0.7334
0.5989
0.481
0.6026
0.9818
0.8687
0.8336
0.764
0.8141
0.9697
1
0.8932
0.8076
0.6807
0.6883
0.9495
0.9258
0.8628
0.8509
0.7468
0.6666
0.6426
0.2891
0.2146
0.5214
0.5951
0.8038
0.7345
0.9
0.9284
0.9073
0.9893
0.9192
0.758
0.9276
0.8763
0.6968
0.759
0.9872
0.9277
0.95
0.8141
0.7843
0.922
0.8896
0.9412
0.9854
0.9996
0.9948
0.7262
0.6366
0.9327
0.9362
0.9791
0.9357
0.9151
0.9937
0.9255
0.9477
0.9379
0.8395
0.7281
0.7623
0.906
0.9066
0.8571
0.6348
0.5883
0.4773
0.4758
0.7321
0.8963
0.8671
0.9125
0.7583
0.6638
0.5038
0.6013
0.6779
0.6346
0.8346
0.7188
0.6663
0.6404
0.4988
0.5775
0.9867
0.9158
0.8408
0.6338
0.6942
0.6504
0.9254
0.9763
0.7754
0.4346
0.4196
0.5225
0.5588
0.5238
0.3967
0.5196
0.6092
0.775
0.8592
0.8708
0.8983
0.9967
1
1
0.9738
0.8179
0.7513
0.7642
0.9008
0.7279
0.5225
0.5296
0.68
0.7871
0.7458
0.8921
0.5979
0.7596
0.735
0.9608
0.9058
0.7375
0.8246
0.8604
0.8008
0.8688
0.8475
0.8746
0.715
0.5692
0.3767
0.4717
0.7038
0.8033
0.9996
0.6842
0.7796
0.9275
0.8575
0.6763
0.57285
0.47895
0.26855
0.49795
0.735
0.945
0.97605
0.96165
0.85395
0.79505
0.80185
0.6808
0.72615
0.8625
0.7446
0.73
0.9467
0.9758
0.8971
0.8621
0.6917
0.5163
0.8517
0.5371
0.4004
0.4621
0.5779
0.6342
0.4967
0.8883
0.7475
0.4975
0.6996
0.58
0.8696
0.8692
0.7596
0.645
0.6788
0.665
0.5683
0.5204
0.4158
0.3575
0.2954
0.2917
0.5042
0.6796
0.7783
0.8488
0.5846
0.635
0.6375
0.6871
0.8108
0.7792
0.7617
0.815
0.7883
0.5925
0.7483
0.9079
0.7367
0.73
0.4217
0.3933
0.6867
0.8463
0.7288
0.5138
0.4542
0.4283
0.5729
0.4975
0.7242
0.8321
0.6717
0.5225
0.585
0.7033
0.8246
0.8658
0.7054
0.6163
0.6371
0.6529
0.705
0.66
0.7717
0.8996
0.7479
0.6917
0.6221
0.5613
0.4688
0.5904
0.7225
0.6929
0.6146
0.5604
0.5729
0.435
0.48
0.5317
0.615
0.7083
0.8021
0.7413
0.6733
0.66
0.7067
0.7513
0.7708
0.8146
0.8629
0.7971
0.4992
0.5579
0.605
0.4642
0.3154
0.3863
0.4279
0.5829
0.7146
0.7446
0.6638
0.6567
0.6417
0.7283
0.8483
0.6979
0.525
0.4438
0.6683
0.7858
0.7467
0.83
0.8417
0.5471
0.5663
0.6375
0.6542
0.76
0.7504
0.7388
0.7883
0.8833
0.6092
0.79
0.8642
0.8142
0.7817
0.8133
0.8917
0.8058
0.8
0.5875
0.6517
0.7658
0.8263
0.635
0.7483
0.9388
0.8421
0.7288
0.7108
0.6858
0.7338
0.7625
0.5413
0.47
0.7792
0.8296
0.9142
0.9154
0.8196
0.6396
0.5575
0.7633
0.8575
0.7388
0.6667
0.7483
0.9383
0.7863
0.69
0.8242
0.8096
0.8296
0.8704
0.7983
0.8342
0.8192
0.8225
0.8117
0.9033
0.7854
0.8175
0.8667
0.6146
0.7179
0.8804
0.8733
0.7613
0.8171
0.8596
0.9067
0.9192
0.9421
0.9663
0.9371
0.97
0.8333
0.8521
0.9663
0.7196
0.7221
0.7483
0.6708
0.8225
0.765
0.6971
0.8092
0.8754
0.8442
0.8038
0.7588
0.8183
0.6925
0.6558
0.73
0.9071
0.8746
0.585
0.3721
0.52
0.8079
0.7492
0.735
0.8042
0.9779
0.9671
0.9392
0.84
0.9254
0.9079
0.9125
0.9183
0.8483
0.6917
0.8154
0.8138
0.8588
0.8388
0.8246
0.74
0.7742
0.5604
0.7283
0.7888
0.7533
0.6963
0.7429
0.76
0.5588
0.7521
0.5788
0.5075
0.7458
0.5454
0.6254
0.72
0.8313
0.7554
0.8158
0.8546
0.74
0.5858
0.6175
0.57
0.2788
0.625
0.64
0.7721
0.8867
0.6042
0.5042
0.7
0.7446
0.8321
0.5613
0.4713
0.6167
0.9338
0.9246
0.975
0.9783
0.935
0.9579
0.8846
0.7458
0.85
0.9083
0.8804
0.9033
0.8067
0.8017
0.6975
0.7942
0.8942
0.7942
0.7146
0.8063
0.7708
0.8721
0.9388
0.9688
0.9696
0.9529
0.78
0.7158
0.6163
0.7579
0.9404
0.9217
0.665
0.6371
0.6388
0.8908
0.8925
0.8567
0.8446
0.7975
0.8179
0.7733
0.7117
0.5404
0.5458
0.6667
0.6763
0.785
0.8608
0.7333
0.8204
0.6221
0.8817
0.8288
0.7917
0.8671
0.6696
0.5371
0.6767
0.6521
0.3608
0.7133
0.7079
0.75
0.6275
0.555
0.7442
0.9088
0.795
0.6454
0.7279
0.7829
0.9721
0.9788
0.8121
0.7654
0.8367
0.7483
0.6475
0.6767
0.4633
0.4417
0.5879
0.5154
0.4988
0.6542
0.6596
0.6721
0.7288
0.6342
0.6921
0.8525
0.8738
0.7479
0.6
0.7725
0.5817
0.725
0.7338
0.4458
0.5204
0.7683
0.8229
0.8121
0.705
0.7917
0.7704
0.72
0.6146
0.5138
0.405
0.5767
0.7638
0.7513
0.6979
0.8158
0.7254
0.7725
0.5142
0.6879
0.5975
0.62
0.6533
0.8025
0.6721
0.8833
0.7142
0.7808
0.765
0.66
0.4308
0.48
0.5054
0.6129
0.7646
0.6358
0.4842
0.4892
0.6875
0.7442
0.6638
0.5563
0.5213
0.4467
0.5896
0.8204
0.8054
0.6392
0.6567
0.525
0.4796
0.5617
0.5063
0.4946
0.5975
0.7071
0.5663
0.5842
0.4783
0.4708
0.4263
0.4442
0.615
0.7088
0.64
0.5338
0.5354
0.5813
0.5675
0.6129
0.4513
0.6433
0.6267
0.5592
0.6063
0.5525
0.6625
0.5233
0.3275
0.4983
0.5992
0.6767
0.7854
0.7371
0.7571
0.5813
0.5567
0.4933
0.4888
0.6938
0.7217
0.7075
0.6317
0.6313
0.5958
0.5117
0.5288
0.3729
0.3783
0.6104
0.5358
0.4263
0.3154
0.3025
0.6558
0.6396
0.4875
0.5229
0.7392
0.7108
0.8233
0.6779
0.6813
0.7638
0.7588
0.7317
0.5971
0.7571
0.7779
0.8467
0.7358
0.8246
0.905
0.765
0.6838
0.5604
0.5967
0.6633
0.7071
0.7538
0.7271
0.8296
0.7375
0.885
0.8058
0.8583
0.8092
0.7896
0.7963
0.8817
0.8458
0.7571
0.7125
0.7625
0.85
0.8333
0.8046
0.7529
0.6688
0.7708
0.8913
0.9563
0.9129
0.8971
0.8679
0.8467
0.8783
0.8329
0.7438
0.7933
0.9646
0.9296
0.8304
0.7633
0.6904
0.8188
0.8546
0.785
0.6246
0.6825
0.6283
0.6746
0.8404
0.8925
0.7846
0.7429
0.9042
0.9313
0.8604
0.8446
0.9038
0.8046
0.7542
0.865
0.9038
0.9196
0.9092
0.7075
0.7621
0.7921
0.7038
0.6946
0.6617
0.8296
0.7542
0.6029
0.5046
0.6229
0.7117
0.8575
0.9417
0.7225
0.6125
0.8588
0.8038
0.7379
0.8838
0.9129
0.8783
0.8717
0.9125
0.9471
0.8429
0.4904
0.6842
0.7854
0.7879
0.7013
0.7029
0.82
0.8271
0.8779
0.7708
0.7096
0.4692
0.7071
0.7271
0.5738
0.8325
0.7846
0.7117
0.7875
0.7846
0.785
0.7471
0.775
0.7013
0.7513
0.7908
0.8788
0.7188
0.4379
0.7038
0.4171
0.9138
0.8929
0.8121
0.885
0.9179
0.7504
0.4838
0.7638
0.5679
0.2892
0.2758
0.3271
0.3833
0.4625
0.4788
0.6492
0.6129
0.7604
0.8771
0.8017
0.4813
0.6879
0.76
0.7413
0.7358
0.5871
0.5788
0.8275
0.5733
0.4121
0.7029
0.8846
0.8946
0.8113
0.7313
0.6879
0.655
0.8571
0.8417
0.8067
0.4196
0.7763
0.5929
0.525
0.4067
0.2908
0.5567
0.8483
0.9679
0.9067
0.8354
0.8
0.8129
0.8967
0.7813
0.8046
0.8063
0.6383
0.6354
0.6804
0.5346
0.6542
0.2338
0.1425
0.8813
0.895
0.7863
0.7813
0.8871
0.8408
0.7488
0.7392
0.7771
0.6663
0.7175
0.765
0.6888
0.6108
0.7029
0.4808
0.6792
0.4875
0.7521
0.5196
0.4121
0.3054
0.3933
0.5763
0.4638
0.4596
0.5479
0.6092
0.5275
0.6479
0.5842
0.5946
0.3417
0.3813
0.6142
0.8092
0.7175
0.8842
0.9079
0.9296
0.7321
0.8175
0.8983
0.9713
0.98
0.9475
0.8683
0.8296
0.725
0.7438
0.6833
0.6983
0.8779
0.8567
0.9292
0.9708
0.8317
0.6217
0.6017
0.6342
0.6238
0.6708
0.7321
0.6196
0.44
0.4521
0.4367
0.4313
0.5858
0.765
0.8675
0.855
0.7004
0.9133
0.7679
0.8442
0.8396
0.6825
0.5079
0.4367
0.6813
0.6792
0.4763
0.4617
0.6288
0.3979
0.7654
0.7871
0.8696
0.7554
0.685
0.8013
0.5942
0.5663
0.5254
0.5725
0.55
0.5967
0.8596
0.7638
0.5396
0.5671
0.6279
0.7204
0.7542
0.6692
0.6608
0.8008
0.7729
0.7838
0.7758
0.6975
0.6346
0.5763
0.7025
0.5879
0.4988
0.5971
0.6158
0.6979
0.6221
0.6638
0.5829
0.56
0.6038
0.6167
0.7
0.5671
0.5354
0.6508
0.7854
0.7575
0.7879
0.5283
0.3775
0.6679
0.6642
0.7617
0.6883
0.6388
0.4454
0.4338
0.7542
0.6713
0.8254
0.7942
0.6567
0.7329
0.4567
0.5588
0.6996
0.64
0.6213
0.8129
0.7821
0.7271
0.5421
0.6567
0.6842
0.5983
0.5167
0.5775
0.7667
0.7567
0.7742
0.6233
0.7325
0.7404
0.6604
0.62
0.8208
0.9008
0.8675
0.8046
0.7642
0.6971
0.835
0.7204
0.5258
0.3996
0.7879
0.7496
0.7454
0.9188
0.7917
0.7958
0.8896
0.85
0.86
0.5663
0.5004
0.3646
0.3067
0.4521
0.7758
0.7579
0.7092
0.7917
0.81
0.8758
0.6613
0.6563
0.7213
0.8158
0.7921
0.7958
0.8463
0.7663
0.7804
0.8708
0.7208
0.6792
0.7458
0.7258
0.7346
0.8592
0.85
0.8917
0.8408
0.8304
0.845
0.7517
0.5942
0.5163
0.8008
0.7488
0.7733
0.8621
0.8725
0.8588
0.8504
0.8258
0.8029
0.89
0.8838
0.8625
0.7688
0.7096
0.8292
0.8217
0.8517
0.9017
0.9225
0.7338
0.7313
0.7671
0.7308
0.7817
0.8033
0.9021
0.8571
0.8542
0.8304
0.6354
0.7229
0.6983
0.5663
0.6196
0.6996
0.6954
0.8113
0.9108
0.8296
0.66
0.5546
0.7863
0.7658
0.7525
0.8163
0.8225
0.7992
0.3742
0.3025
0.3646
0.29
0.255
0.7554
0.7858
0.8133
0.8221
0.8125
0.6463
0.4417
0.4813
0.5817
0.7504
0.6683
0.6971
0.7663
0.7313
0.7108
0.7683
0.7692
0.8429
0.8104
0.6225
0.6196
0.4092
0.3733
0.5779
0.4163
0.7133
0.7513
0.8363
0.9163
0.8783
0.9379
0.97
0.97
0.9188
0.7838
0.6354
0.6104
0.5746
0.5921
0.4288
0.515
0.3563
0.5254
0.7871
0.8979
0.8204
0.815
0.8104
0.8654
0.8846
0.8842
0.855
0.7908
0.7613
0.6096
0.6642
0.7704
0.7171
0.6838
0.7304
0.8733
0.7675
0.37
0.4463
0.5471
0.7113
0.7425
0.4479
0.4396
0.2383
0.3779
0.6996
0.8038
0.7296
0.8071
0.7717
0.7904
0.6392
0.55
0.5738
0.4188
0.495
0.6696
0.8646
0.8063
0.8475
0.94
0.7879
0.8433
0.9004
0.9296
0.9621
0.97
0.8821
0.8013
0.7158
0.775
0.9417
0.8913
0.8883
0.9038
0.8746
0.8113
0.5317
0.7171
0.6154
0.3763
0.3308
0.5525
0.8046
0.8
0.7788
0.6496
0.745
0.8
0.5238
0.4908
0.5367
0.7146
0.815
0.9508
0.5517
0.5971
0.8833
0.6254
0.6771
0.7254
0.7813
0.7367
0.8379
0.7646
0.6942
0.7279
0.3471
0.4183
0.5683
0.7267
0.6533
0.7746
0.9129
0.6754
0.6267
0.5979
0.8617
0.8038
0.6479
0.7188
0.8375
0.7096
0.6983
0.7217
0.5846
0.7692
0.7729
0.8013
0.7392
0.76
0.6654
0.5629
0.4975
0.7104
0.6529
0.7958
0.5825
0.4404
0.3988
0.3733
0.6046
0.8925
0.6838
0.5871
0.9004
0.9392
0.9313
0.8708
0.8392
0.7938
0.7704
0.7833
0.8963
0.825
0.7504
0.7596
0.78
0.8354
0.6975
0.7396
0.9275
0.6717
0.8983
0.8325
0.7367
0.6717
0.8175
0.8967
0.9054
0.8833
0.8808
0.8758
0.8463
0.9058
0.8075
0.7713
0.8579
0.8621
0.6875
0.81
0.7792
0.7858
0.8146
0.8933
0.6896
0.6917
0.6563
0.5958
0.4846
0.5804
0.6238
0.6596
0.6792
0.7625
0.7396
0.6563
0.6596
0.5554
0.6371
0.7838
0.5642
0.6542
0.7396
0.7913
0.7554
0.7721
0.6517
0.7325
0.8575
0.8904
0.8171
0.7254
0.6204
0.6817
0.7942
0.6446
0.6033
0.83
0.7529
0.7029
0.6813
0.7138
0.7225
0.7233
0.6075
0.7096
0.4896
0.4375
0.5963
0.7013
0.6371
0.5283
0.4892
0.3208
0.4829
0.725
0.6613
0.6842
0.7104
0.6167
0.6946
0.6792
0.6925
0.6263
0.7096
0.7133
0.6988
0.8133
0.7892
0.8946
0.9178
0.7888
0.8592
0.8713
0.6875
0.6613
0.6217
0.4129
0.6908
0.7825
0.7217
0.6804
0.6821
0.4621
0.7546
0.7588
0.7558
0.6171
0.6333
0.7246
0.8921
0.7688
0.6488
0.75
0.8046
0.7821
0.7708
0.8433
0.8521
0.8496
0.8438
0.7838
0.8042
0.8342
0.8596
0.7013
0.7379
0.7704
0.7617
0.8121
0.8067
0.7663
0.4646
0.5304
0.5379
0.5483
0.8733
0.7571
0.7267
0.7721
0.9458
0.8817
0.8417
0.8025
0.8425
0.91
0.9504
0.8846
0.8246
0.7721
0.8792
0.8717
0.8729
0.7263
0.7329
0.7033
0.9133
0.9325
0.7804
0.8388
0.8271
0.9088
0.7954
0.7513
0.8725
0.8804
0.8588
0.8763
0.7683
0.7183
0.8308
0.9417
0.7663
0.4967
0.5396
0.5833
0.6671
0.8908
0.8796
0.8696
0.7263
0.7533
0.8013
0.7954
0.7575
0.6158
0.815
0.8425
0.7713
0.6938
0.7492
0.7229
0.6671
0.785
0.7571
0.7996
0.9167
0.9213
0.8808
0.8192
0.5288
0.7438
0.825
0.9425
0.8021
0.8396
0.77
0.6133
0.7329
0.5246
0.3371
0.2013
0.3867
0.4371
0.6375
0.8996
0.97
0.9746
0.9708
0.8858
0.7704
0.7913
0.9179
0.9517
0.865
0.9333
0.9508
0.9158
0.8225
0.9133
0.9488
0.7967
0.5613
0.5963
0.6658
0.7733
0.8425
0.8467
0.69
0.7475
0.8504
0.8008
0.7908
0.8292
0.6296
0.6583
0.7904
0.6154
0.3775
0.8008
0.9217
0.9554
0.9483
0.9458
0.8925
0.6617
0.6804
0.7954
0.7583
0.48
0.7396
0.7404
0.7238
0.6183
0.8042
0.8688
0.8271
0.7846
0.7296
0.5783
0.8454
0.7825
0.7763
0.7708
0.7471
0.8413
0.7621
0.6958
0.4325
0.5758
0.9013
0.9092
0.8821
0.8688
0.6942
0.4238
0.4654
0.6292
0.8533
0.7125
0.8379
0.7688
0.4942
0.4954
0.5442
0.4388
0.5725
0.6517
0.5863
0.5663
0.7025
0.6558
0.5063
0.5892
0.6129
0.6117
0.6579
0.7688
0.8279
0.8488
0.8088
0.8333
0.9038
0.7867
0.7663
0.7908
0.6983
0.8529
0.8067
0.825
0.9542
0.8738
0.9117
0.72
0.66
0.6775
0.7021
0.7683
0.7913
0.74
0.7892
0.6108
0.475
0.4388
0.6329
0.8538
0.9192
0.7938
0.7488
0.8179
0.8371
0.6983
0.5492
0.6083
0.6292
0.6796
0.575
0.5125
0.4888
0.6488
0.7613
0.6546
0.68
0.7004
0.8654
0.8383
0.56
0.4638
0.7729
0.6292
0.6271
0.4629
0.4467
0.5071
0.6338
0.6517
0.7596
0.6217
0.5238
0.6517
0.6425
0.7229
0.7329
0.6658
0.6446
0.6688
0.7992
0.6746
0.6917
0.5871
0.5629
0.5133
0.6846
0.6825
0.5208
0.4758
0.5492
0.6713
0.6413
0.5613
0.7429
0.8938
0.7538
0.7633
0.6917
0.785
0.7288
0.6175
0.6704
0.6571
0.5013
0.6717
0.6663
0.6263
0.6325
0.6388
0.6838
0.8088
0.8663
0.8367
0.8342
0.7708
0.75
0.7325
0.5171
0.7125
0.77
0.6371
0.6521
0.5188
0.6946
0.4713
0.3754
0.37
0.3371
0.4788
0.5896
0.6779
0.5425
0.6671
0.5704
0.7313
0.6513
0.6058
0.7246
0.7788
0.6713
0.6629
0.5163
0.7133
0.7633
0.855
0.8213
0.7146
0.6708
0.6125
0.5396
0.5738
0.5242
0.3954
0.3313
0.3283
0.3783
0.5733
0.6671
0.6133
0.4508
0.7063
0.7904
0.7013
0.6904
0.7604
0.7729
0.7308
0.7108
0.7396
0.8317
0.8154
0.6629
0.6704
0.5554
0.5925
0.5263
0.5925
0.6333
0.7217
0.7608
0.8492
0.7988
0.7108
0.7967
0.7429
0.8083
0.8579
0.7742
0.7079
0.6975
0.5913
0.7367
0.7542
0.7971
0.7321
0.6275
0.7358
0.8175
0.8392
0.7967
0.6767
0.4883
0.415
0.4304
0.6058
0.8175
0.8671
0.7783
0.7488
0.5975
0.6329
0.6292
0.5867
0.5921
0.5758
0.7625
0.8579
0.805
0.8179
0.6838
0.8121
0.8204
0.8354
0.8817
0.8375
0.74
0.7538
0.8513
0.8104
0.775
0.7567
0.7817
0.705
0.8004
0.7875
0.7658
0.5875
0.555
0.7633
0.7663
0.4904
0.4479
0.5038
0.395
0.3513
0.645
0.59
0.6267
0.5675
0.7971
0.8392
0.7071
0.2842
0.6471
0.8508
0.7421
0.7233
0.8571
0.5917
0.6242
0.8163
0.8533
0.8863
0.6508
0.74
0.8629
0.8538
0.6646
0.5838
0.8133
0.8271
0.7425
0.7671
0.8104
0.8733
0.8388
0.4979
0.4188
0.8321
0.7721
0.7246
0.7633
0.7971
0.9125
0.8867
0.5846
0.6813
0.6538
0.6704
0.7179
0.8054
0.7838
0.9038
0.9258
0.8663
0.8638
0.7167
0.7596
0.78
0.7317
0.8308
0.8008
0.8433
0.7
0.6775
0.8521
0.905
0.91
0.93
0.7908
0.7138
0.8225
0.8829
0.8867
0.6892
0.7454
0.8404
0.8121
0.7171
0.8671
0.8117
0.8042
0.5379
0.7025
0.6908
0.6279
0.6317
0.8388
0.9092
0.8142
0.4767
0.5513
0.8421
0.8075
0.9304
0.9483
0.8192
0.8275
0.9217
0.7775
0.7058
0.7529
0.6575
0.6033
0.635
0.6171
0.6483
0.6721
0.6454
0.6829
0.9088
0.8938
0.6092
0.305
0.705
0.9096
0.6713
0.5054
0.7388
0.8063
0.7075
0.5725
0.69
0.6283
0.3917
0.3479
0.6133
0.4942
0.7446
0.9054
0.8163
0.9004
0.7683
0.5346
0.5567
0.66
0.4317
0.5933
0.5154
0.7996
0.5742
0.4979
0.795
0.7721
0.5875
0.8446
0.8033
0.5904
0.6013
0.5667
0.8958
0.8633
0.745
0.7
0.7613
0.6433
0.6821
0.7708
0.6808
0.5158
0.6192
0.7554
0.7717
0.7304
0.7417
0.6546
0.5229
0.4717
0.6338
0.7758
0.8658
0.9025
0.8875
0.795
0.8588
0.7625
0.6821
0.6533
0.6521
0.7583
0.8779
0.9138
0.8525
0.7213
0.6667
0.7546
0.7113
0.6642
0.6654
0.6742
0.7483
0.5946
0.4246
0.4196
0.5158
0.7554
0.8663
0.845
0.76
0.7088
0.8092
0.7896
0.7642
0.6217
0.5325
0.7288
0.7721
0.6163
0.8983
0.72
0.7971
0.7308
0.7813
0.8171
0.8475
0.6979
0.8088
0.7971
0.88
0.7063
0.6496
0.7867
0.8242
0.7075
0.645
0.6154
0.6229
0.7421
0.7254
0.7488
0.6671
0.5554
0.6696
0.7804
0.7183
0.7767
0.7921
0.735
0.6671
0.7354
0.6304
0.4883
0.6408
0.5929
0.7467
0.6783
0.7296
0.7383
0.7183
0.6625
0.6067
0.8104
0.8083
0.7517
0.7933
0.76
0.6467
0.6883
0.8742
0.8271
0.7538
0.725
0.8392
0.8654
0.8054
0.8554
0.7729
0.7342
0.7304
0.7542
0.7758
0.735
0.73
0.8425
0.7846
0.7558
0.7113
0.7283
0.7567
0.8179
0.8113
0.6946
0.4604
0.4717
0.7646
0.6704
0.4
0.4813
0.7288
0.7254
0.8171
0.7542
0.7571
0.8554
0.7546
0.79
0.7479
0.5521
0.7096
0.7408
0.8388
0.7954
0.7367
0.7558
0.8567
0.8358
0.6908
0.7592
0.9025
0.8729
0.7892
0.8454
0.915
0.8542
0.8375
0.8825
0.7733
0.7804
0.8354
0.8129
0.8279
0.8608
0.8713
0.8588
0.7575
0.7154
0.7992
0.6883
0.8533
0.93
0.9104
0.9413
0.9413
0.9188
0.8717
0.8683
0.9013
0.8967
0.6704
0.5563
0.6088
0.8025
0.8133
0.8354
0.8138
0.8063
0.42
0.3792
0.4992
0.4788
0.5221
0.6946
0.8
0.8308
0.5917
0.6117
0.7238
0.83
0.8354
0.8929
0.8788
0.7054
0.7638
0.7142
0.6646
0.5988
0.5717
0.8438
0.5542
0.6379
0.9271
0.8213
0.7208
0.8346
0.8175
0.7338
0.8229
0.8138
0.6617
0.7846
0.7804
0.9108
0.9467
0.8021
0.7783
0.6629
0.6496
0.7442
0.6808
0.6163
0.6321
0.8163
0.8954
0.4767
0.39
0.77
0.7567
0.3838
0.4354
0.8088
0.8671
0.7458
0.6883
0.8471
0.8313
0.9104
0.8146
0.4329
0.3804
0.5258
0.5742
0.7
0.9363
0.9408
0.9308
0.9271
0.9017
0.8892
0.8408
0.7233
0.6192
0.6008
0.6888
0.8896
0.7379
0.7117
0.6504
0.4625
0.6742
0.4354
0.45
0.6408
0.7429
0.715
0.4017
0.5871
0.6558
0.6988
0.6038
0.7417
0.925
0.9596
0.9129
0.9271
0.8004
0.6404
0.3554
0.3675
0.4892
0.3963
0.315
0.5092
0.4342
0.4396
0.4013
0.5529
0.7233
0.6525
0.8158
0.7413
0.6925
0.8863
0.7083
0.6642
0.8054
0.7758
0.6946
0.8233
0.8788
0.6896
0.7254
0.535
0.5321
0.55
0.7488
0.9292
0.9604
0.8238
0.6275
0.67
0.9692
0.8854
0.7883
0.8258
0.9646
0.9
0.9554
0.9575
0.9279
0.6838
0.5033
0.7629
0.7604
0.8183
0.8954
0.7171
0.6567
0.6208
0.7221
0.6825
0.7775
0.8808
0.8346
0.72
0.6458
0.4163
0.475
0.7871
0.7388
0.5538
0.4596
0.3738
0.47
0.6308
0.6579
0.7521
0.869
0.7558
0.7113
0.7279
0.6158
0.53
0.7492
0.7617
0.74
0.9025
0.8846
0.8679
0.7313
0.7025
0.6458
0.8238
0.8317
0.8113
0.7004
0.8375
0.8088
0.8246
0.6783
0.6925
0.9317
0.8354
0.7458
0.6967
0.6358
0.6913
0.6863
0.7938
0.7954
0.7988
0.6858
0.6542
0.575
0.5625
0.6346
0.6071
0.5729
0.4825
0.5846
0.61
0.7833
0.7425
0.7033
0.6754
0.8713
0.6442
0.7333
0.8267
0.9042
0.8663
0.7983
0.8063
0.9371
0.8104
0.8946
0.7942
0.7567
0.8196
0.7492
0.6804
0.7038
0.6942
0.8
0.695
0.745
0.5488
0.5804
0.8
0.77
0.7121
0.6538
0.5354
0.5638
0.7279
0.73
0.7783
0.7721
0.7375
0.7671
0.6538
0.7092
0.7413
0.6088
0.5513
0.6196
0.6121
0.6975
0.7996
0.8679
0.7379
0.6246
0.7796
0.6692
0.7333
0.76
0.8775
0.8558
0.7475
0.84
0.8346
0.9213
0.8896
0.8038
0.8358
0.8233
0.8546
0.8029
0.7188
0.7767
0.7717
0.6779
0.6592
0.8213
0.7967
0.7538
0.8042
0.78
0.6546
0.6425
0.7067
0.6875
0.7288
0.6433
0.7046
0.6354
0.5025
0.3375
0.4129
0.5838
0.8283
0.8408
0.77
0.6692
0.7317
0.8221
0.7304
0.7642
0.7204
0.7338
0.7167
0.8804
0.8279
0.6517
0.7383
0.8054
0.6717
0.4542
0.5971
0.7913
0.7371
0.7375
0.7546
0.6342
0.7442
0.8883
0.7296
0.7688
0.7967
0.6917
0.7725
0.8771
0.8183
0.7504
0.6625
0.6508
0.6413
0.6992
0.7238
0.6121
0.5067
0.5125
0.5792
0.7342
0.8154
0.5988
0.625
0.5596
0.5067
0.415
0.6425
0.6904
0.8483
0.8217
0.8604
0.7208
0.7308
0.81
0.7654
0.8913
0.8217
0.8513
0.7138
0.5613
0.8717
0.9525
0.9542
0.8608
0.83
0.7917
0.7904
0.815
0.8846
0.9054
0.9096
0.7488
0.8713
0.82
0.7783
0.7263
0.8871
0.9483
0.9588
0.96
0.96
0.9138
0.9396
0.8633
0.9538
0.9504
0.925
0.6529
0.7621
0.7408
0.6658
0.7708
0.9042
0.7888
0.6871
0.6392
0.7067
0.8154
0.8375
0.9004
0.8938
0.8413
0.8263
0.7879
0.8663
0.8513
0.91
0.7438
0.7017
0.6775
0.7346
0.6871
0.5329
0.5254
0.8567
0.7633
0.7813
0.6338
0.92
0.5742
0.5496
0.6204
0.5917
0.6029
0.5046
0.7133
0.6446
0.6771
0.69
0.7846
0.6463
0.5904
0.5396
0.7196
0.515
0.6617
0.6963
0.6867
0.3538
0.6583
0.89
0.9425
0.9192
0.8775
0.6033
0.5988
0.5608
0.7342
0.5625
0.7783
0.6775
0.74
0.8075
0.9142
0.7867
0.5546
0.6183
0.9263
0.8767
0.8413
0.365
0.5163
0.4767
0.2804
0.4183
0.4338
0.3792
0.4146
0.5633
0.3954
0.6563
0.5726
0.4767
0.8092
0.7242
0.8408
0.5158
0.6288
0.37
0.2396
0.4496
0.505
0.4908
0.7733
0.8242
0.5621
0.53
0.4208
0.7788
0.645
0.7046
0.5304
0.5463
0.3988
0.4217
0.4058
0.4554
0.5408
0.5029
0.4921
0.525
0.4363
0.5396
0.5663
0.7304
0.6942
0.96
0.9371
0.7571
0.5992
0.5379
0.5388
0.4863
0.4288
0.4442
0.3788
0.4758
0.5108
0.6496
0.8783
0.9538
0.8758
0.7954
0.6346
0.7346
0.7888
0.6817
0.6746
0.7508
0.8638
0.7838
0.7813
0.4929
0.385
0.7263
0.73
0.6954
0.7308
0.7746
0.6892
0.6292
0.6167
0.5525
0.4692
0.7808
0.69
0.8179
0.6542
0.5138
0.4646
0.5925
0.5708
0.8346
0.6417
0.6075
0.7342
0.5617
0.4979
0.5933
0.8604
0.7754
0.8996
0.8092
0.8508
0.7963
0.8708
0.9017
0.8429
0.675
0.5796
0.6354
0.6608
0.6575
0.7708
0.8271
0.7442
0.6425
0.6763
0.6738
0.5238
0.7733
0.8425
0.7396
0.8179
0.6492
0.7771
0.6817
0.725
0.7683
0.7288
0.7879
0.6471
0.4875
0.4808
0.6804
0.6117
0.6929
0.6267
0.525
0.7033
0.6675
0.5717
0.6333
0.6058
0.4654
0.4038
0.5504
0.4988
0.8329
0.7738
0.6942
0.4663
0.8113
0.7658
0.71
0.7908
0.6896
0.6579
0.7091
0.6854
0.5975
0.7346
0.6908
0.6863
0.5458
0.4308
0.5246
0.5271
0.8129
0.7296
0.6167
0.5075
0.4963
0.4179
0.5238
0.63
0.7167
0.6921
0.5942
0.6579
0.6154
0.6029
0.5733
0.6683
0.7458
0.6904
0.5667
0.4958
0.4067
0.4467
0.6904
0.7571
0.5988
0.6479
0.6308
0.5075
0.3738
0.3508
0.4021
0.3567
0.3688
0.3604
0.4029
0.6688
0.6571
0.7283
0.8367
0.7196
0.8929
0.6563
0.455
0.5233
0.4992
0.6333
0.6392
0.64
0.635
0.7325
0.6638
0.6975
0.7304
0.7667
0.6183
0.3908
0.5871
0.8021
0.8792
0.9113
0.9371
0.8067
0.8288
0.8675
0.7271
0.5963
0.5104
0.6683
0.7171
0.5992
0.91
0.89
0.7846
0.8257
0.7204
0.8558
0.8013
0.7054
0.7004
0.6792
0.7729
0.8763
0.8463
0.9179
0.8354
0.6488
0.85
0.7271
0.77
0.96
0.9113
0.9538
0.9267
0.9433
0.8888
0.8542
0.925
0.9175
0.7463
0.3371
0.4738
0.8533
0.9329
0.7042
0.6946
0.6388
0.7621
0.7921
0.9213
0.7054
0.6375
0.7675
0.8567
0.8213
0.5621
0.6133
0.9621
0.8392
0.9121
0.9138
0.9458
0.9346
0.7821
0.7171
0.8233
0.6188
0.7083
0.7533
0.9088
0.9471
0.8029
0.4846
0.5654
0.7458
0.5846
0.8213
0.7963
0.7642
0.8221
0.8129
0.5588
0.5029
0.7438
0.8783
0.8417
0.7121
0.7388
0.6896
0.7021
0.8779
0.89
0.8608
0.8033
0.7733
0.8588
0.4229
0.2725
0.3917
0.8517
0.7563
0.6854
0.4842
0.8108
0.7167
0.8421
0.8013
0.4042
0.4788
0.3288
0.3313
0.2892
0.2975
0.6146
0.7838
0.7033
0.7354
0.9629
0.6513
0.6963
0.8213
0.7917
0.8046
0.8079
0.7646
0.77
0.6483
0.865
0.7567
0.4433
0.7113
0.7342
0.73
0.7283
0.5325
0.735
0.6787
0.5583
0.2863
0.5158
0.6463
0.6158
0.4529
0.5992
0.4988
0.7175
0.7458
0.7214
0.7508
0.6946
0.8696
0.8654
0.8929
0.9439
0.8904
0.7892
0.8358
0.9821
0.7425
0.5963
0.6233
0.7392
0.75
0.9792
0.8388
0.5508
0.5929
0.8142
0.97
0.9475
0.7208
0.6429
0.6917
0.5892
0.6721
0.7746
0.8538
0.4296
0.4563
0.6829
0.7529
0.6513
0.6596
0.8371
0.6129
0.44
0.8475
0.9125
0.7638
0.8783
0.9658
0.8367
0.7517
0.8121
0.7029
0.9113
0.8463
0.7633
0.8429
0.9492
0.8088
0.625
0.6196
0.6329
0.6408
0.5929
0.5033
0.6179
0.4354
0.3763
0.5321
0.4904
0.5675
0.8417
0.5933
0.7663
0.7621
0.6567
0.6138
0.8538
0.8863
0.9542
0.9354
0.9642
0.7708
0.6321
0.75
0.7708
0.8088
0.7575
0.61
0.5488
0.7233
0.7108
0.9071
0.8079
0.8283
0.7667
0.7604
0.9158
0.8963
0.7004
0.7579
0.8992
0.9092
0.8275
0.7117
0.7271
0.8421
0.8558
0.7717
0.8592
0.8304
0.7983
0.7479
0.7429
0.5217
0.5854
0.705
0.7329
0.6158
0.6092
0.5063
0.7625
0.7858
0.8529
0.7617
0.7142
0.6654
0.6558
0.6567
0.4663
0.6267
0.885
0.7113
0.7042
0.7804
0.8396
0.9196
0.8071
0.8233
0.7996
0.8479
0.855
0.8296
0.8333
0.7267
0.6983
0.755
0.7646
0.6292
0.5929
0.6321
0.6196
0.6079
0.6654
0.8538
0.6567
0.6283
0.5954
0.5771
0.6458
0.71
0.8025
0.7767
0.7954
0.7021
0.6725
0.6738
0.58
0.4875
0.4171
0.5383
0.5475
0.7283
0.7638
0.6909
0.4929
0.4192
0.5233
0.5888
0.4554
0.5591
0.6338
0.8396
0.6961
0.7796
0.6863
0.5517
0.6996
0.7804
0.7871
0.8125
0.8071
0.8008
0.8513
0.7804
0.7563
0.7338
0.8321
0.8867
0.8121
0.9021
0.8296
0.8658
0.7854
0.7108
0.7421
0.6742
0.7013
0.5088
0.5479
0.6321
0.7346
0.9325
0.9171
0.7783
0.8538
0.905
0.8117
0.8846
0.7371
0.8933
0.7888
0.8363
0.8233
0.8096
0.8208
0.8263
0.7658
0.7992
0.8321
0.8617
0.6921
0.4767
0.6754
0.6971
0.7792
0.7067
0.7742
0.9688
0.97
0.9379
0.9183
0.8946
0.8908
0.8825
0.9167
0.9013
0.7638
0.7538
0.7004
0.6846
0.7817
0.8604
0.7505
0.8683
0.8042
0.735
0.6504
0.6929
0.7367
0.8713
0.9213
0.5792
0.4433
0.8313
0.6242
0.5683
0.4875
0.5613
0.7504
0.7821
0.6646
0.7788
0.7688
0.7317
0.7263
0.7426
0.6946
0.4746
0.8083
0.7142
0.5863
0.8396
0.9725
0.9746
0.8304
0.4533
0.7508
0.6779
0.6188
0.66
0.8054
0.8117
0.7017
0.7033
0.7863
0.7188
0.5671
0.4917
0.5583
0.3179
0.4088
0.6271
0.4396
0.7183
0.7075
0.6283
0.9171
0.9246
0.8879
0.7154
0.39
0.6646
0.8696
0.7925
0.8875
0.6354
0.4392
0.4871
0.5867
0.6075
0.7946
0.7242
0.6792
0.6817
0.8454
0.6617
0.7046
0.705
0.7796
0.8475
0.8113
0.7767
0.68
0.6946
0.5129
0.3404
0.4883
0.8442
0.925
0.8925
0.885
0.8837
0.6775
0.6788
0.9146
0.9638
0.9492
0.6846
0.835
0.8371
0.8013
0.7675
0.6183
0.8146
0.7942
0.7929
0.9371
0.8779
0.9208
0.7333
0.6417
0.695
0.755
0.6071
0.6942
0.6667
0.6417
0.8063
0.7404
0.5583
0.6346
0.6314
-99
-99
0.6161
0.7567
0.7846
0.7538
0.8017
0.7467
0.6075
0.735
0.7263
0.7467
0.8588
0.6813
0.6029
0.7975
0.7529
0.5992
0.5475
0.61
0.5875
0.5704
0.4683
0.415
0.6096
0.66
0.78
0.5863
0.4467
0.3667
0.4175
0.49
0.6129
0.7696
0.7833
0.7871
0.5925
0.5029
0.7746
0.8025
0.8088
0.7496
0.8888
0.97
0.9375
0.6186
0.6567
0.955
0.7725
0.5588
0.6454
0.5575
0.7775
0.6954
0.6692
0.7271
0.7992
0.7383
0.7013
0.6154
0.686
0.631
0.6477
0.7198
0.939
0.9677
0.9558
0.7483
0.6498
0.835
0.7069
0.7323
0.7863
0.8604
0.8956
0.8777
0.8179
0.5908
0.7154
0.6198
0.5187
0.6756
0.684
0.6938
0.6813
0.814
0.8071
0.9448
0.7242
0.6017
0.7363
0.7767
0.7594
0.7731
0.9419
0.8315
0.5675
0.6146
0.7173
0.6948
0.9138
0.8458
0.8723
0.8638
0.9196
0.7731
0.65
0.7685
0.7075
0.6748
0.6798
0.7148
0.5075
0.3702
0.4958
0.495
0.5919
0.6625
0.6223
0.8297
0.8475
0.7819
0.8379
0.8321
0.7629
0.7113
0.6117
0.789
0.8531
0.8648
0.8896
0.8485
0.7346
0.4985
0.8223
0.8258
0.7948
0.8758
0.665
0.7427
0.6338
0.6069
0.9394
0.8971
0.9067
0.8081
0.7871
0.8748
0.8202
0.8842
0.8608
0.799
0.6683
0.5658
0.5502
0.6281
0.73
0.6275
0.6531
0.6225
0.8035
0.7992
0.8392
0.9096
0.8333
0.7015
0.6808
0.824
0.8867
0.8192
0.8846
0.8923
0.8619
0.8681
0.7635
0.754
0.7242
0.8404
0.8188
0.7581
0.7054
0.8515
0.7969
0.7052
0.7563
0.8106
0.9079
0.9227
0.9858
0.9204
0.816
0.7031
0.655
0.7904
0.7798
0.8198
0.8567
0.8535
0.8732
0.8548
0.8127
0.9317
0.9367
0.9002
0.8456
0.8669
0.9006
0.8265
0.8431
0.845
0.8481
0.88
0.8688
0.8865
0.9125
0.8456
0.7885
0.7048
0.795
0.8613
0.9552
0.9562
0.8817
0.871
0.821
0.9991
0.9679
0.9705
0.8909
0.8393
0.767
0.8073
0.9108
0.8168
0.7371
0.6952
0.7619
0.8006
0.8238
0.7285
0.664
0.7706
0.8054
0.7296
0.6785
0.509
0.6694
0.4675
0.6327
0.7294
0.6742
0.5613
0.6325
0.7992
0.9165
0.9421
0.9479
0.925
0.839
0.9419
0.894
0.7973
0.9567
0.8741
0.7328
0.7353
0.7074
0.794
0.924
0.798
0.881
0.7261
0.7879
0.7471
0.743
0.8075
0.798
0.7548
0.8924
0.9334
0.7025
0.7238
0.9698
0.9739
0.9857
0.8762
0.9013
0.9919
0.9906
0.9233
0.755
0.9764
1
0.9967
0.7903
0.7242
0.7052
0.4165
0.415
0.7095
0.6722
0.5415
0.788
0.9829
0.9388
0.9479
0.7833
0.8255
0.873
0.581
0.471
0.3623
0.5565
0.7271
0.8202
0.8936
0.4831
0.301
0.3881
0.4763
0.7071
0.3735
0.3238
0.5173
0.5473
0.8002
0.8482
0.7623
0.505
0.3827
0.7529
0.3652
0.4779
0.6173
0.5169
0.7466
0.9273
0.6905
1
0.9385
0.816
0.7965
0.5647
0.3977
0.2129
0.5979
0.7025
0.7548
0.7663
0.8
0.7168
0.6014
0.6531
0.9321
0.7763
0.5269
0.556
0.7943
0.762
0.5148
0.4202
0.4442
0.5877
0.6202
0.731
0.8266
0.5717
0.5613
0.5875
0.7381
0.6616
0.8309
0.4027
0.55
0.5663
0.5156
0.826
0.7295
0.6371
0.7075
0.7721
0.8307
0.8495
0.3277
0.426
0.5223
0.549
0.6544
0.6587
0.5104
0.6071
0.6291
0.9736
0.8231
0.9393
0.8554
0.9475
0.6675
0.7681
1
0.9153
1
0.9867
0.8881
0.6631
0.6637
0.6504
0.7196
0.63
0.6763
0.7894
0.8139
0.7231
0.8217
0.8177
0.7304
0.5627
0.4154
0.4181
0.4702
0.6267
0.5606
0.4919
0.3806
0.3817
0.7313
0.7953
0.634
0.8896
0.8584
0.6735
0.5763
0.6861
0.5693
0.6179
0.734
0.8269
0.7211
0.7207
0.606
0.6108
0.6531
0.5048
0.4915
0.5604
0.775
0.56
0.6246
0.702
0.6867
0.5035
0.4254
0.3533
0.361
0.5523
0.4948
0.6033
0.5648
0.8484
0.9433
0.6922
0.6058
0.6048
0.6304
0.6819
0.7878
0.762
0.6292
0.529
0.6613
0.7442
0.6431
0.5375
0.596
0.5349
0.3885
0.4833
0.5994
0.7585
0.6926
0.7111
0.6779
0.6961
0.7552
0.7956
0.8504
0.8738
0.6808
0.6833
0.7736
0.6692
0.7029
0.6083
0.603
0.7814
0.5902
0.6244
0.5892
0.589
0.5602
0.4823
0.4469
0.4406
0.4448
0.3481
0.3779
0.3394
0.3888
0.6954
0.6802
0.601
0.684
0.7094
0.7219
0.5897
0.5219
0.5202
0.6271
0.576
0.5904
0.7035
0.5852
0.6743
0.6365
0.589
0.8118
0.6089
0.8288
0.6836
0.6994
0.7539
0.6729
0.8482
0.6239
0.6289
0.691
0.5614
0.585
0.6228
0.8064
0.8076
0.7069
0.6318
0.7397
0.6864
0.7558
0.7886
0.693
0.7081
0.8126
0.7363
0.6964
0.681
0.6376
0.7221
0.6585
0.6572
0.63
0.6114
0.5754
0.613
0.6252
0.6842
0.71
0.8237
0.9313
0.85
0.705
0.7083
0.679
0.7972
0.722
0.93
0.8522
0.7731
0.6528
0.5778
0.6805
0.5213
0.6483
0.7514
0.6795
0.6953
0.7409
0.7288
0.8168
0.6017
0.7298
0.705
0.8068
0.7717
0.9334
0.9944
0.7959
0.8379
0.773
0.7495
0.6327
0.6019
0.7486
0.7833
0.7358
0.6588
0.6267
0.7724
0.9538
0.9236
0.798
0.6831
0.6687
0.7638
0.97
0.9
0.896
0.7031
0.7152
0.7629
0.8232
0.954
0.8837
0.7317
0.6941
0.6806
0.7191
0.8837
0.9967
0.7129
0.7196
0.7991
0.6793
0.7923
0.6929
0.716
0.6467
0.5779
0.5648
0.7662
0.6177
0.4704
0.5588
0.586
0.555
0.6292
0.6729
0.575
0.6533
0.5142
0.3588
0.6654
0.6592
0.5271
0.718
0.7797
0.6452
0.4873
0.3973
0.6376
0.679
0.7445
0.78
0.8897
0.8689
0.8605
0.7605
0.73
0.7717
0.8043
0.7623
0.75
0.6156
0.6327
0.6108
0.6725
0.98
0.7795
0.5768
0.575
0.8265
0.6165
0.3977
0.3442
0.7044
0.8043
0.7938
0.8128
0.7441
0.8381
0.6855
0.885
0.7652
0.7694
0.7288
0.6608
0.6665
0.6269
0.5867
0.6492
0.609
0.6705
0.6448
0.3552
0.3763
0.6836
0.7797
0.7811
0.8668
0.805
0.7477
0.7369
0.755
0.7129
0.4979
0.6748
0.8495
0.8644
0.8329
0.7435
0.6453
0.7857
0.4138
0.3892
0.5906
0.7603
0.6627
0.6913
0.7038
0.8841
0.8418
0.7535
0.8914
0.5253
0.5204
0.656
0.7165
0.6917
0.6693
0.3477
0.5861
0.7828
0.724
0.716
0.7188
0.915
0.84
0.5585
0.3908
0.6304
0.4892
0.5697
0.679
0.7147
0.7706
0.5426
0.7376
0.5677
0.591
0.7339
0.7604
0.8528
0.8779
0.8354
0.9889
0.6695
0.9018
0.9154
0.8048
0.6793
0.5852
0.5327
0.8021
0.6385
0.6048
0.5506
0.6385
0.4775
0.5339
0.7883
0.8392
0.5854
0.7322
0.8543
0.7053
0.723
0.6686
0.5638
0.5119
0.5804
0.5308
0.5729
0.4819
0.4644
0.5098
0.5906
0.7674
0.4547
0.4657
0.71
0.7303
0.84
0.7636
0.6432
0.8306
0.9247
0.9857
0.6455
0.9243
0.494
0.434
0.62
0.6813
0.6283
0.6914
0.7619
0.9783
-99
0.7225
0.7249
0.6407
0.8205
0.7389
0.7119
0.8133
0.7779
0.5691
0.8625
0.7408
0.5385
0.583
0.7315
0.6781
0.6985
0.7402
0.6381
0.7056
0.8263
0.7981
0.9244
0.8971
0.8083
0.7267
0.8475
0.7746
0.7344
0.6904
0.7171
0.6704
0.7181
0.8438
0.8692
0.8742
0.794
0.8998
0.6708
0.7117
0.9115
0.7175
0.7042
0.6715
0.6331
0.5265
0.5265
0.6867
0.8533
0.8444
0.8058
0.6669
0.779
0.7142
0.765
0.7923
0.7546
0.7067
0.7533
0.7388
0.7277
0.7106
0.6115
0.5579
0.755
0.7283
0.7779
0.7233
0.7329
0.6042
0.5169
0.3942
0.3906
0.6119
0.7685
0.6935
0.6546
0.6231
0.6163
0.8048
0.8146
0.7746
0.5002
0.7515
0.7656
0.8002
0.7296
0.5838
0.8173
0.7094
0.6058
0.56
0.7206
0.8606
0.7923
0.776
0.5881
0.5683
0.5915
0.6158
0.7544
0.8215
0.751
0.7183
0.755
0.6919
0.4931
0.4552
0.4702
0.5779
0.6456
0.6667
0.8652
0.8827
0.7863
0.7067
0.611
0.5919
0.5333
0.5529
0.6615
0.7352
0.719
0.8115
0.8331
0.7133
0.6588
0.7227
0.8273
0.6258
0.5902
0.8942
0.8669
0.686
0.8163
0.7471
0.7923
0.8817
0.829
0.8877
0.8471
0.8225
0.6304
0.7525
0.7588
0.7915
0.9515
0.8933
0.8879
0.6302
0.9392
0.8408
0.8585
0.9267
0.8469
0.719
0.8702
0.9606
0.9381
0.8098
0.7063
0.8798
0.8881
0.9063
0.8748
0.8425
0.9663
0.7735
0.7246
0.7169
0.7831
0.8764
0.8215
0.5594
0.6717
0.7317
0.8225
0.7388
0.6977
0.6498
0.7656
0.9169
0.9392
0.7381
0.7792
0.8492
0.8448
0.9121
0.7702
0.8004
0.6994
0.7265
0.7408
0.7394
0.809
0.6867
0.8663
0.9131
0.9785
0.8244
0.8381
0.946
0.9723
0.9429
0.9627
0.915
0.7798
0.4221
0.7644
0.9777
0.99
0.9244
0.8221
0.7735
0.5531
0.7302
0.644
0.5492
0.4302
0.7244
0.8838
0.9756
0.9452
0.8894
0.875
0.8583
0.7935
0.7352
0.7271
0.8348
0.4083
0.3771
0.4821
0.2481
0.3596
0.8573
0.8173
0.7417
0.7725
0.7231
0.7738
0.6808
0.5535
0.5165
0.4142
0.8052
0.6679
0.5963
0.8679
0.7285
0.3994
0.4825
0.5602
0.3763
0.4706
0.6885
0.9771
0.9235
0.9456
0.8844
0.6979
0.9435
0.9352
0.9358
0.9371
0.8163
0.7117
0.7415
0.5279
0.6575
0.6035
0.654
0.6898
0.5185
0.7781
0.6975
0.5379
0.7265
0.944
0.9892
0.99
0.9729
0.9496
0.8929
0.7621
0.8352
0.8158
0.775
0.6052
0.5196
0.425
0.9156
0.8646
0.721
0.6756
0.6307
-99
0.5769
0.8363
0.796
0.7285
0.5596
0.6144
0.8127
0.4938
0.5433
0.5725
0.821
0.7185
0.586
0.6746
0.5638
0.4506
0.5869
0.586
0.5329
0.8048
0.7123
0.676
0.8858
0.9021
0.679
0.6767
0.6908
0.659
0.5748
0.5415
0.8973
0.7715
0.6027
0.5821
0.6869
0.6167
0.5679
0.5221
0.5321
0.6006
0.6471
0.6848
0.601
0.6044
0.7356
0.8342
0.7904
0.8454
0.5419
0.5335
0.5171
0.514
0.5888
0.4527
0.526
0.9746
0.9373
0.6481
0.7548
0.785
0.7083
0.7329
0.9127
0.8029
0.8104
0.7804
0.7621
0.7771
0.7483
0.7742
0.8088
0.5521
0.5888
0.7502
0.6563
0.6549
0.536
0.7358
0.8608
0.7981
0.7742
0.6567
0.7192
0.6735
0.5585
0.6481
0.6806
0.5413
0.5213
0.7619
0.7435
0.7769
0.7798
0.7867
0.9035
0.784
0.71
0.7404
0.815
0.7744
0.6533
0.5142
0.614
0.5502
0.4875
0.5521
0.6794
0.6263
0.579
0.5446
0.564
0.6423
0.6456
0.5438
0.656
0.86
0.5736
0.6821
0.666
0.5754
0.6865
0.8183
0.6785
0.6254
0.5888
0.5848
0.5148
0.4452
0.4492
0.8477
0.7331
0.7792
0.7135
0.8273
0.8152
0.7644
0.6025
0.509
0.4681
0.55
0.7185
0.7604
0.7069
0.8169
0.8667
0.8692
0.8579
0.7533
0.7077
0.6231
0.5171
0.5579
0.5548
0.5288
0.5031
0.5521
0.6388
0.7848
0.7069
0.8898
0.7919
0.8204
0.8365
0.8219
0.769
0.6079
0.6123
0.7352
0.7129
0.5675
0.8348
0.7888
0.7219
0.5969
0.5329
0.3929
0.3904
0.6038
0.655
0.5981
0.5292
0.5419
0.9183
0.8292
0.7258
0.8158
0.7994
0.6815
0.8667
0.8471
0.8123
0.9208
0.7683
0.7431
0.8379
0.7081
0.826
0.9792
0.8496
0.68
0.9183
0.8588
0.8248
0.8194
0.9321
0.8515
0.8067
0.8548
0.8769
0.8752
0.9077
0.8894
0.919
0.9133
0.9173
0.9075
0.9065
0.8767
0.9031
0.8469
0.8238
0.8506
0.8763
0.7954
0.8225
0.8042
0.8806
0.8496
0.8877
0.8625
0.8494
0.9817
0.9227
0.7958
0.8425
0.8346
0.7625
0.7527
0.7
0.7121
0.8233
0.7846
0.869
0.8915
0.8569
0.8504
0.8752
0.8954
0.8242
0.449
0.5498
0.7923
0.8319
0.6133
0.6394
0.8404
0.4475
0.4467
0.4671
0.5556
0.4838
0.7215
0.716
0.6698
0.5398
0.4644
0.4046
0.4535
0.7456
0.6488
0.7283
0.666
0.9373
0.5502
0.6844
0.5431
0.3565
0.4617
0.66
0.6783
0.6138
0.616
0.8177
0.7844
0.7721
0.931
0.7948
0.8217
0.8229
0.4938
0.4585
0.7473
0.8038
0.7869
0.7079
0.6017
0.7788
0.6931
0.7085
0.7925
0.7456
0.7494
0.821
0.7723
0.6321
0.6404
0.691
0.8015
0.7788
0.7098
0.874
0.9646
0.8929
0.7065
0.7158
0.826
0.6602
0.7619
0.9433
0.9408
0.8313
0.8692
0.7942
0.7708
0.8296
0.659
0.8131
0.6746
0.7242
0.8521
0.9563
0.8246
0.7508
0.7756
0.7431
0.63
0.8931
0.7006
0.5388
0.9569
0.976
0.9117
0.8421
0.8335
0.6331
0.4827
0.4992
0.9258
0.7546
0.8144
0.7498
0.7585
0.9025
0.8817
0.8619
0.8483
0.6427
0.7719
0.7883
0.7152
0.6358
0.8767
0.8815
0.9388
0.8515
0.6169
0.6338
0.7304
0.8769
0.7571
0.6506
0.649
0.6475
0.6425
0.6415
0.6956
0.7327
0.7102
0.6619
0.6031
0.7217
0.7881
0.6665
0.749
0.3452
0.3843
0.5525
0.93
0.8752
0.7542
0.6902
0.7108
0.6948
0.5256
0.5035
0.4517
0.5352
0.589
0.5246
0.6317
0.6279
0.8123
0.97
0.7665
0.7813
0.9758
0.8654
0.9269
0.9567
0.6608
0.7119
0.7367
0.5442
0.6358
0.6881
0.6231
0.4785
0.5585
0.6515
0.691
0.6767
0.7698
0.704
0.7383
0.5865
0.8681
0.6415
0.6858
0.7323
0.8235
0.8842
0.821
0.8796
0.9123
0.9356
0.754
0.8381
0.9285
0.8394
0.7726
0.7638
0.7956
0.9167
0.8692
0.8342
0.7885
0.8505
0.7329
0.6631
0.639
0.81
0.7513
0.8531
0.7783
0.8842
0.8844
0.8783
0.8356
0.9213
0.8429
0.9083
0.9404
0.9363
0.7608
0.5535
0.7146
0.8731
0.7929
0.6594
0.7144
0.8392
0.789
0.8669
0.8146
0.7244
0.6488
0.6955
0.736
0.7467
0.6623
0.6846
0.6925
0.6417
0.7727
0.8406
0.6869
0.6629
0.8415
0.6819
0.559
0.7548
0.769
0.7844
0.6175
0.774
0.7842
0.7529
0.7256
0.6754
0.5733
0.4867
0.8119
0.769
0.6919
0.6933
0.6735
0.8133
0.8727
0.8317
0.8227
0.6648
0.6185
0.4698
0.6238
0.7844
0.7696
0.6877
0.7104
0.7638
0.6919
0.5952
0.6169
0.7775
0.7175
0.8088
0.8723
0.8044
0.7919
0.7775
0.794
0.8
0.8302
0.8379
0.9215
0.8169
0.7267
0.7027
0.6742
0.6827
0.814
0.8813
0.8754
0.7829
0.8469
0.7098
0.7773
0.8844
0.9348
0.8925
0.8529
0.9221
0.8454
0.876
0.9038
0.9219
0.9183
0.9388
0.8292
0.7198
0.8531
0.85
0.8677
0.8744
0.8927
0.9133
0.9369
0.9038
0.7944
0.7715
0.8435
0.8231
0.9127
0.8513
0.8742
0.7006
0.7196
0.7906
0.8069
0.7883
0.4927
0.6188
0.6915
0.836
0.8465
0.8723
0.8863
0.9398
0.981
0.739
0.8479
0.951
0.9781
0.9748
0.944
0.9379
0.9667
0.909
0.8392
0.8123
0.7975
0.8444
0.6206
0.7158
0.8325
0.9865
0.9685
0.9235
0.7942
0.969
0.9575
0.9117
0.7721
0.8933
0.9102
0.8658
0.7667
0.8144
0.9727
0.8365
0.7585
0.9438
0.9581
0.9585
0.991
0.9921
0.9946
0.9996
0.9954
0.9556
0.8117
0.7348
0.9098
0.9133
0.8154
0.8717
0.6102
0.7498
0.6117
0.871
0.86
0.6775
0.786
0.8698
0.7467
0.8846
0.9858
0.9306
0.8077
0.9356
0.8556
0.9012
0.9217
0.9566
0.9329
0.9206
0.7875
0.5252
0.744
0.824
0.7731
0.7271
0.764
0.6071
0.716
0.9035
0.8542
0.8327
0.6775
0.2242
0.36
0.5415
0.2554
0.4231
0.629
0.4673
0.2146
0.4081
0.5327
0.5879
0.4283
0.4767
0.6596
0.6719
0.6306
0.5813
0.7729
0.9171
0.9758
0.8796
0.9396
0.9067
0.7744
0.9027
0.4146
0.4238
0.701
0.7042
0.7013
0.8198
0.7569
0.7569
0.7225
0.8117
0.3381
0.3488
0.5256
0.7621
0.7613
0.7533
0.6133
0.6604
0.8333
0.499
0.5817
0.2588
0.2904
0.3283
0.5156
0.5577
0.8837
0.8469
0.6342
0.414
0.485
0.5621
0.6073
0.4229
0.3302
0.4904
0.7435
0.8125
0.4321
0.5792
0.7173
0.6642
0.7079
0.5544
0.7042
0.7652
0.8654
0.6908
0.8567
0.7169
0.6446
0.4865
0.5225
0.7502
0.665
0.5588
0.4469
0.4023
0.374
0.4456
0.5658
0.2754
0.4394
0.5829
0.6075
0.7746
0.8192
0.614
0.7815
0.8867
0.7373
0.7735
0.7885
0.809
0.695
0.921
0.7375
0.6094
0.6196
0.6875
0.6325
0.6898
0.8442
0.8883
0.7871
0.6579
0.6908
0.7738
0.8544
0.82
0.6569
0.7998
0.6929
0.9008
0.9121
0.8998
0.8294
0.7715
0.8706
0.9915
0.8652
0.534
0.6929
0.6938
0.7338
0.4734
0.6783
0.8135
0.7438
0.4883
0.6317
0.6942
0.7052
0.9517
0.964
0.9469
0.9065
0.8663
0.7788
0.7185
0.8639
-99
0.645
0.7381
0.955
0.8365
0.7646
0.7077
0.6233
0.5338
0.394
0.4238
0.6881
0.6969
0.675
0.5854
0.5654
0.7223
0.9833
0.8046
0.6442
0.6681
0.8713
0.7935
0.66
0.4313
0.5823
0.7419
0.8044
0.7798
0.6352
0.5815
0.6598
0.436
0.4154
0.4063
0.434
0.589
0.5771
0.7396
0.665
0.5975
0.5919
0.4658
0.6358
0.5794
0.8967
0.78
0.6885
0.7465
0.7056
0.7956
0.7317
0.7373
0.8206
0.8742
0.8713
0.705
0.7071
0.5748
0.4573
0.5952
0.5425
0.5929
0.9094
0.7923
0.6863
0.7902
0.8019
0.571
0.6019
0.6023
0.5767
0.5115
0.6677
0.9038
0.6131
0.4354
0.7573
0.7342
0.8627
0.7431
0.7758
0.8508
0.82
0.6769
0.5917
0.8498
0.786
0.7671
0.5513
0.665
0.6983
0.5923
0.5775
0.8981
0.8315
0.7742
0.7038
0.7246
0.7925
0.9615
0.7994
0.739
0.8938
0.8202
0.8198
0.8606
0.8419
0.9942
0.8629
0.5335
0.5594
0.5269
0.5852
0.6383
0.6721
0.7783
0.8088
0.8346
0.9996
0.8696
0.6785
0.6204
0.8058
0.7877
0.8675
0.8613
0.7254
0.7523
0.7485
0.8596
0.8894
0.8856
0.9231
0.9317
0.7948
0.8215
0.9765
0.8875
0.9044
0.8956
0.9829
0.9254
0.8779
0.675
0.6194
0.7275
0.7404
0.8769
0.9858
1
0.9198
0.9046
0.8329
0.8288
0.8896
0.8552
0.8206
0.8596
0.9452
0.9356
0.8679
0.7529
0.7058
0.7929
0.8802
0.8123
0.8438
0.7163
0.9265
0.5771
0.6654
0.9381
0.8981
0.8969
0.8727
0.9135
0.9158
0.8823
0.8275
0.7288
0.906
0.9019
0.7513
0.8042
0.861
0.7485
0.775
0.9288
0.8754
0.9163
0.8429
0.9069
1
0.9996
0.9552
0.8656
0.8758
0.7969
0.4356
0.7323
0.9063
0.8575
0.9063
0.8658
0.9131
0.7854
0.8698
0.8508
0.845
0.8063
0.7642
0.7871
0.7319
0.7375
0.7369
0.7531
0.7506
0.991
0.941
0.9227
0.716
0.7192
0.6954
0.5769
0.4119
0.6908
0.6771
0.7015
0.6438
0.9506
0.8513
0.56
0.4227
0.4533
0.5898
0.6469
0.6671
0.8442
0.6263
0.8015
1
1
0.9519
0.7183
0.8625
0.9698
0.8238
0.7923
0.7996
0.8844
0.8633
0.8815
0.7463
0.5425
0.7579
0.5896
0.4292
0.9004
0.9129
0.7548
0.7742
0.9635
1
0.911
0.9338
0.7833
0.4663
0.7621
0.9413
0.8673
0.7543
0.6254
0.7058
0.609
0.5133
0.71
0.8244
0.7627
0.8227
0.575
0.5973
0.6469
0.7142
0.6556
0.8019
0.7019
0.5108
0.6985
0.9298
0.7973
0.6096
0.6275
0.8527
0.9794
0.8396
1
0.991
0.7402
0.7083
0.7319
0.8388
0.9769
1
0.9875
0.7825
0.9821
0.8215
0.6638
0.6754
1
1
1
0.9825
0.8663
0.7735
0.6277
0.6388
0.7229
0.6858
0.7329
0.5719
0.664
0.5629
0.9
0.7735
0.884
0.8652
0.6831
0.9294
1
0.9794
1
1
0.9717
0.8663
0.7104
0.8946
0.7977
0.7694
0.6358
0.6354
0.6869
0.8435
0.866
0.564
0.6675
0.7415
0.7225
0.5477
0.9056
0.9948
0.7852
0.9046
0.8569
0.9985
0.94
0.9675
0.8667
0.7165
0.5596
0.5779
0.6125
0.6356
0.6056
0.8523
0.7383
0.6819
0.695
0.7031
0.8223
0.9638
0.8294
0.8992
0.945
0.9498
0.9773
0.9215
0.9348
0.995
0.9494
0.9815
0.9594
0.9179
0.6731
0.7263
0.8008
0.8227
0.99
0.9381
0.9802
0.8483
0.9094
0.9319
0.9315
0.8206
0.7404
0.8625
0.6683
0.7781
0.8852
0.8915
0.8173
0.6994
0.9506
0.9715
0.8802
0.7592
0.8748
0.9548
0.8269
0.7779
0.8694
0.8833
0.8908
0.8906
0.8981
0.9669
0.94
0.9406
0.9346
0.8077
0.761
0.6685
0.6
0.7642
0.8925
0.8656
0.8985
0.6523
0.6952
0.746
0.5194
0.5165
0.6944
0.8535
0.876
0.9394
0.9085
0.8052
0.7644
0.701
0.6252
0.525
0.5831
0.5915
0.8206
0.8654
0.7733
0.8456
0.7992
0.7652
0.6769
0.5548
0.7442
0.8602
0.8496
0.8394
0.7733
0.7335
0.8902
0.82
0.9983
0.9025
0.8383
0.89
0.8744
0.8906
0.8648
0.9175
0.9871
0.9415
0.8383
0.9885
0.916
0.8227
0.8129
0.8317
0.7229
0.7213
0.8692
0.7004
0.8404
0.8969
0.8529
0.9906
0.9129
0.7408
0.7365
0.5894
0.7085
0.7738
0.8144
0.8685
0.8333
0.9002
0.9054
0.831
0.7927
0.8602
0.7885
0.9202
0.9183
0.9527
0.9998
0.7967
0.7144
0.9458
0.9304
0.8571
0.8346
0.8008
0.8406
0.8369
0.9377
0.7865
0.8363
0.8254
0.7771
0.6281
0.8881
0.8869
0.802
0.9227
0.7127
0.5542
0.68
0.7115
1
0.9846
0.975
1
0.9213
0.786
0.7981
0.9142
0.8202
0.82
0.8342
0.9125
0.8444
0.9613
0.8938
0.9052
0.7681
0.789
0.7365
0.766
0.7717
0.7667
0.9129
0.9146
0.9169
0.9267
0.8813
0.9117
0.9235
0.689
0.7021
0.8058
0.8821
0.9154
0.8994
0.8519
0.6306
0.8798
0.9444
0.9313
0.9317
0.7923
0.9192
0.7094
0.9688
1
0.8721
0.9698
0.8458
0.6621
0.7206
0.9292
0.6752
0.4263
0.64
0.746
0.7927
0.8488
0.8683
0.913333333333333
0.954791666666667
0.827291666666667
0.869375
0.899375
0.902291666666667
0.934375
0.753541666666667
0.97125
0.976875
0.991875
0.905416666666667
0.733125
0.779166666666667
0.725833333333333
0.786875
0.643541666666667
0.953541666666667
0.763958333333333
0.778958333333333
0.776458333333333
0.802083333333333
0.770416666666667
0.7575
0.889375
0.894888888888889
0.759791666666667
0.907291666666667
0.83875
0.809583333333333
0.808125
0.79875
0.820208333333333
0.624583333333333
0.774375
0.553958333333333
0.668333333333333
0.980416666666667
0.953333333333333
0.897916666666667
0.825
0.820208333333333
0.904583333333333
0.954375
1
0.9775
0.894583333333333
0.753541666666667
0.467083333333333
0.441666666666667
0.43625
0.916875
1
0.985
0.842916666666667
0.884583333333333
0.884583333333333
0.848125
0.901458333333333
0.969166666666667
0.948541666666667
0.857916666666667
0.838333333333333
0.921458333333333
0.9975
0.992083333333333
0.94375
0.945416666666667
0.82375
0.63875
0.948541666666667
0.733333333333333
0.890625
0.811875
0.780833333333333
0.7175
0.744791666666667
0.864166666666667
0.644166666666667
0.606041666666667
0.530625
0.78125
0.706458333333333
0.647916666666667
0.608125
0.920416666666667
0.851458333333333
0.623125
0.628125
0.619166666666667
0.366041666666667
0.495833333333333
0.610833333333333
0.724375
0.642291666666667
0.86
0.878958333333333
0.766875
0.923333333333333
1
0.974583333333333
0.936875
0.881875
0.77875
0.732291666666667
0.850625
0.755416666666667
0.585208333333333
0.736458333333333
0.861875
1
0.907083333333333
0.630416666666667
0.572916666666667
0.640208333333333
0.829791666666667
1
0.991458333333333
0.98375
0.985208333333333
0.974166666666667
0.959166666666667
0.759166666666667
0.713958333333333
0.850208333333333
0.749375
0.916875
0.648541666666667
0.718541666666667
0.857083333333333
0.813333333333333
0.582083333333333
0.701666666666667
0.931458333333333
0.63875
0.726458333333333
0.844791666666667
0.85625
0.878333333333333
0.838125
0.754375
0.867916666666667
0.905625
0.850833333333333
0.898333333333333
0.85
0.822291666666667
0.772083333333333
0.754791666666667
0.836875
0.843541666666667
0.825833333333333
0.961875
0.915416666666667
0.875625
0.848333333333333
0.92125
0.925833333333333
0.786458333333333
0.801041666666667
0.6975
0.745625
0.6875
0.680208333333333
0.633333333333333
0.600625
0.672708333333333
0.93
0.8
0.705625
0.658958333333333
0.553958333333333
0.761458333333333
0.88625
0.862708333333333
0.805625
0.634375
0.445416666666667
0.712291666666667
0.804166666666667
0.836875
0.837291666666667
0.679583333333333
0.725625
0.901666666666667
0.62625
0.778333333333333
0.743333333333333
0.778958333333333
0.795416666666667
0.6475
0.627708333333333
0.636041666666667
0.671458333333333
0.86625
0.897083333333333
0.828541666666667
0.789166666666667
0.727916666666667
0.647083333333333
0.56625
0.55
0.402291666666667
0.313958333333333
0.642916666666667
0.781458333333333
0.850833333333333
0.729791666666667
0.811666666666667
0.604583333333333
0.671458333333333
0.825416666666667
0.856041666666667
0.831875
0.737291666666667
0.898333333333333
0.804583333333333
0.903333333333333
0.899791666666667
0.8625
0.752083333333333
0.658333333333333
0.529583333333333
0.435833333333333
0.569791666666667
0.429583333333333
0.581875
0.822083333333333
0.780833333333333
0.810625
0.779583333333333
0.766041666666667
0.759583333333333
0.837291666666667
0.915833333333333
0.83125
0.808958333333333
0.773958333333333
0.848125
0.82
0.832083333333333
0.827291666666667
0.816041666666667
0.696041666666667
0.891875
0.928333333333333
0.949166666666667
0.832708333333333
0.891666666666667
0.840208333333333
0.743541666666667
0.83375
0.891458333333333
0.86625
0.922291666666667
0.8475
0.8325
0.763125
0.930416666666667
0.839583333333333
0.966666666666667
0.861041666666667
0.93375
0.877291666666667
0.747291666666667
0.761875
0.700416666666667
0.827916666666667
0.839375
0.747708333333333
0.805
0.90125
0.852916666666667
0.93375
0.795208333333333
0.942708333333333
0.99875
0.889375
0.8975
0.848125
0.8725
0.978958333333333
0.946875
0.834791666666667
0.896041666666667
0.839375
0.896458333333333
0.92375
0.9275
0.950833333333333
0.929166666666667
0.840625
0.870208333333333
0.966875
0.882916666666667
0.760208333333333
0.881875
0.899375
0.892291666666667
0.858541666666667
0.93625
0.811875
0.995416666666667
0.866875
0.851041666666667
0.716458333333333
0.921875
0.988333333333333
0.829791666666667
0.485
0.408541666666667
0.540625
0.752291666666667
0.999791666666667
1
0.850208333333333
0.813958333333333
0.992291666666667
0.84875
0.90625
0.978333333333333
0.89
0.872708333333333
0.883125
0.825833333333333
1
0.993541666666667
1
0.976875
0.998541666666667
0.916875
0.584375
0.617083333333333
0.888958333333333
0.962083333333333
0.778125
0.617708333333333
0.902708333333333
0.742083333333333
0.57125
0.764375
0.69125
0.736875
0.825625
0.886041666666667
0.877916666666667
0.775833333333333
0.445416666666667
0.438333333333333
0.592083333333333
0.591666666666667
0.637708333333333
0.691458333333333
0.57625
0.671666666666667
0.908541666666667
0.940625
0.878333333333333
0.781041666666667
0.850416666666667
0.761458333333333
0.8
0.78
0.631458333333333
0.336041666666667
0.29125
0.337291666666667
0.591041666666667
0.529583333333333
0.946458333333333
0.513125
0.51125
0.701041666666667
0.760833333333333
0.902708333333333
0.545833333333333
0.909166666666667
0.465416666666667
0.518125
0.458541666666667
0.394166666666667
0.277291666666667
0.519375
0.8925
0.883541666666667
0.915833333333333
0.815208333333333
0.701041666666667
0.861041666666667
0.648333333333333
0.365
0.385416666666667
0.276458333333333
0.261875
0.283333333333333
0.520625
0.641458333333333
0.426875
0.29625
0.694166666666667
0.936458333333333
0.8575
0.675
0.679166666666667
0.550416666666667
0.509583333333333
0.649375
0.922708333333333
0.910416666666667
0.889375
0.698541666666667
0.695625
0.763125
0.70375
0.998125
0.785625
0.725625
0.647083333333333
0.687083333333333
0.757291666666667
0.878333333333333
0.648958333333333
0.570625
0.791458333333333
0.860625
0.907083333333333
0.881041666666667
0.908541666666667
0.960833333333333
0.999375
0.962083333333333
0.831875
0.870833333333333
0.836041666666667
0.913333333333333
1
0.949583333333333
0.93
1
0.998958333333333
0.960208333333333
0.893958333333333
0.979375
1
1
0.941458333333333
0.938958333333333
0.781041666666667
0.618541666666667
0.762291666666667
0.674791666666667
0.453333333333333
0.639166666666667
0.967708333333333
0.952708333333333
0.530416666666667
0.586458333333333
0.691666666666667
0.704791666666667
0.540833333333333
0.645416666666667
0.524791666666667
0.503541666666667
0.867916666666667
0.740625
0.675833333333333
1
0.947708333333333
0.523333333333333
0.574375
0.56125
0.669375
0.695208333333333
0.803125
0.997083333333333
1
0.73625
0.837916666666667
0.864583333333333
0.765416666666667
0.542916666666667
0.583125
0.610625
0.76875
0.925
0.913125
0.921666666666667
0.912291666666667
0.869791666666667
0.701875
0.555416666666667
0.580208333333333
0.616666666666667
0.749375
0.674375
0.48
0.477291666666667
0.6475
0.570416666666667
0.467708333333333
0.587291666666667
0.6825
0.622708333333333
0.654375
0.441041666666667
0.397083333333333
0.23125
0.655625
0.999791666666667
0.902083333333333
0.579166666666667
0.618125
0.636041666666667
0.687708333333333
0.679583333333333
0.612916666666667
0.531458333333333
0.575625
0.575625
0.664375
0.742291666666667
0.693958333333333
0.731666666666667
0.91
0.924375
0.717708333333333
0.565625
0.482708333333333
0.481875
0.512083333333333
0.500833333333333
0.539166666666667
0.416875
0.454791666666667
0.56125
0.663125
0.577083333333333
0.742916666666667
0.590625
0.724166666666667
0.685208333333333
0.82875
0.822916666666667
0.738333333333333
0.631458333333333
0.654791666666667
0.775208333333333
0.651458333333333
0.484166666666667
0.532083333333333
0.644791666666667
0.766666666666667
0.674791666666667
0.518125
0.578333333333333
0.510416666666667
0.528541666666667
0.542083333333333
0.526458333333333
0.508125
0.48375
0.450208333333333
0.395833333333333
0.540625
0.445416666666667
0.609375
0.664375
0.429375
0.748125
0.497916666666667
0.546666666666667
0.817083333333333
0.750416666666667
0.84625
0.783125
0.759583333333333
0.709166666666667
0.562708333333333
0.520625
0.485208333333333
0.449791666666667
0.70375
0.617916666666667
0.689166666666667
0.565833333333333
0.4625
0.526458333333333
0.519583333333333
0.452291666666667
0.524583333333333
0.538958333333333
0.7525
0.789166666666667
0.896666666666667
0.9275
0.804375
0.711875
0.808125
0.890416666666667
0.892291666666667
0.758333333333333
0.781041666666667
0.77375
0.893541666666667
0.80375
0.618541666666667
0.695416666666667
0.802916666666667
0.664375
0.8975
0.909583333333333
0.884791666666667
0.871041666666667
0.707083333333333
0.688125
0.604166666666667
0.729166666666667
0.815625
0.879166666666667
0.715
0.647708333333333
0.65875
0.69375
0.868333333333333
0.892708333333333
0.783333333333333
0.767916666666667
0.825208333333333
0.836875
0.802291666666667
0.842083333333333
0.950833333333333
0.914791666666667
0.74625
0.780625
0.785625
0.952083333333333
0.885833333333333
0.706875
0.70875
0.807083333333333
0.84875
0.878333333333333
0.887083333333333
0.996458333333333
0.970833333333333
0.985
0.972708333333333
0.970625
0.856458333333333
0.8225
0.887916666666667
0.627708333333333
0.654375
0.938958333333333
0.928958333333333
0.679375
0.656875
0.59
0.55875
0.447708333333333
0.550833333333333
0.390833333333333
0.366458333333333
0.486041666666667
0.458958333333333
0.504583333333333
0.644791666666667
0.819583333333333
0.833333333333333
0.783958333333333
0.839583333333333
0.713125
0.456875
0.517708333333333
0.606041666666667
0.676458333333333
0.68875
0.895208333333333
0.867291666666667
0.9275
0.826875
0.787083333333333
0.722916666666667
0.74
0.755416666666667
0.961875
0.917708333333333
0.669791666666667
0.878125
0.7825
0.834791666666667
0.839375
0.786458333333333
0.423958333333333
0.527083333333333
0.874375
0.794375
0.78875
0.868125
0.779583333333333
0.80875
0.751666666666667
0.741041666666667
0.8625
0.847083333333333
0.966458333333333
0.813958333333333
0.97875
0.887916666666667
0.967708333333333
0.895416666666667
0.957291666666667
0.943541666666667
0.993958333333333
0.965833333333333
0.798333333333333
0.705625
0.699375
0.884375
0.838958333333333
0.84875
0.608541666666667
0.382291666666667
0.510208333333333
0.779375
0.606458333333333
0.672708333333333
0.810208333333333
0.474166666666667
