20000101
-99
-99
-99
-99
-99
-99
-99
-99
-99
-99
-99
-99
-99
-99
-99
-99
-99
-99
-99
0.5793
0.7694
0.7575
0.5217
0.5163
0.7477
0.7883
0.8994
0.8885
0.7694
0.7121
0.7475
0.8569
0.871
0.6442
0.4796
0.7565
0.8685
0.8425
0.8246
0.659
0.6688
0.6104
0.826
0.7498
0.5371
0.6683
0.8571
0.911
0.815
0.7954
0.5865
0.6677
0.7019
0.6858
0.6933
0.7173
0.7848
0.9521
0.8698
0.791
0.7688
0.5056
0.6388
0.6792
0.7688
0.8235
0.8421
0.7102
0.4815
0.4017
0.4715
0.5819
0.8223
0.554
0.4583
0.5142
0.5954
0.5648
0.5342
0.6269
0.7913
0.8665
0.9929
0.806
0.9227
0.9467
0.9161
0.7713
0.791
0.6833
0.8338
0.8594
0.9094
0.7029
0.7335
0.8919
0.7444
0.7729
0.8985
0.9029
0.9898
0.8267
0.846
0.7544
0.5769
0.6615
0.756
0.8333
0.7148
0.7583
0.7788
0.7658
0.6929
0.9338
0.7794
0.6717
0.7783
0.8504
0.92
0.794
0.7121
0.6067
0.576
0.5752
0.7848
0.8069
0.8017
0.9025
0.8598
0.9073
0.9935
0.839
0.8417
0.7458
0.6315
0.6396
0.6829
0.8552
0.8852
0.8042
0.8002
0.7542
0.9494
0.8194
0.71
0.736
0.6958
0.8798
0.7154
0.74
0.7537
0.7977
0.7381
0.8271
0.6846
0.5923
0.6504
0.6381
0.6069
0.6096
0.6765
0.9398
0.9777
0.7619
0.7681
0.8179
0.4923
0.2808
0.4529
0.666
0.6819
0.7173
0.7533
0.7648
0.7369
0.6863
0.7438
0.7827
0.7723
0.7708
0.7977
0.7385
0.7194
0.7673
0.7781
0.6056
0.589
0.5454
0.58
0.5848
0.6558
0.8481
0.8492
0.6683
0.6552
0.7746
0.6685
0.5767
0.685
0.7573
0.6642
0.5727
0.5477
0.561
0.8252
0.7642
0.7408
0.6458
0.5323
0.6829
0.7042
0.6696
0.6283
0.5977
0.6873
0.581
0.6192
0.5838
0.5056
0.494
0.5748
0.5571
0.599
0.6765
0.6396
0.6017
0.5196
0.4913
0.5015
0.5165
0.5192
0.6792
0.7608
0.7492
0.544
0.7004
0.7235
0.6763
0.6325
0.5881
0.5948
0.6429
0.8002
0.745
0.7558
0.6754
0.7231
0.7388
0.6871
0.7071
0.6546
0.556
0.5029
0.4946
0.6017
0.7708
0.7619
0.8098
0.8613
0.775
0.7833
0.8333
0.93
0.8325
0.6994
0.61
0.7627
0.8002
0.8394
0.8358
0.921
0.8094
0.8988
0.8196
0.8388
0.739
0.689
0.7546
0.7694
0.5906
0.5581
0.7052
0.7648
0.9471
0.691
0.9263
0.9402
0.8285
0.9458
0.8613
0.7835
0.8035
0.8515
0.9031
0.9604
0.9883
0.9656
0.9209
0.9231
0.8733
0.8781
0.9708
0.8163
0.6402
0.893
0.7475
0.6325
0.744
0.7944
0.7131
0.589
0.55
0.5475
0.6798
0.6971
0.8177
0.7067
0.8173
0.8973
0.8246
0.7371
0.6756
0.7238
0.7144
0.8402
0.8115
0.7052
0.7954
0.8302
0.7675
0.7671
0.9044
0.9375
0.9496
0.9331
0.8692
0.776
0.7913
0.8835
0.9006
0.8554
0.9227
0.5467
0.6619
0.7023
0.8004
0.941
0.8838
0.7692
0.9369
0.8702
0.7663
0.8002
0.9113
0.9327
0.9944
1
0.9977
0.9804
0.819
0.5331
0.781
0.7702
0.7663
0.6867
0.3577
0.6954
0.5869
0.6656
0.701
0.5935
0.8946
0.935
0.844
0.7721
0.7508
0.9483
0.989
0.9244
0.9954
1
0.9325
0.9365
0.8721
0.8752
0.8767
0.8779
0.9046
0.8598
0.8363
0.7602
0.686
0.7206
0.8892
0.6858
0.5017
0.6298
0.5917
0.6765
0.666
0.6877
0.696
0.7175
0.7863
0.5846
0.756
0.7779
0.8073
0.9485
0.9198
0.9596
0.6944
0.6367
-99
-99
0.7467
0.679
0.6988
0.586
0.6425
0.87
0.6654
0.5502
0.5694
0.7535
0.601
0.7119
0.491
0.5367
0.8463
0.9594
0.9027
0.9825
0.8227
0.8923
0.8575
0.9466
0.8123
0.8271
0.7435
0.9325
0.8092
0.8146
0.8315
0.7633
0.7633
0.6775
0.7635
0.5681
0.6867
0.8494
0.8367
0.9088
0.8106
0.6604
0.6765
0.7229
0.7419
0.8308
0.8019
0.8263
0.8177
0.8373
0.6842
0.7138
0.7321
0.584
0.3638
0.6952
0.6313
0.689
0.7979
0.914
0.849
0.9198
0.8075
0.6846
0.5554
0.6713
0.7885
0.6658
0.709
0.7371
0.7829
0.7754
0.9183
0.8142
0.9315
0.9081
0.8677
0.9067
0.8394
0.8515
0.7935
0.7856
0.7863
0.6352
0.7171
0.7692
0.764
0.3958
0.5523
0.8802
0.7129
0.4975
0.4808
0.7202
0.8938
0.8338
0.8419
0.6265
0.5731
0.5467
0.4983
0.4563
0.4188
0.6079
0.6848
0.6315
0.6164
0.5504
0.6985
0.6777
0.6921
0.5935
0.8235
0.9473
0.6294
0.6385
0.7073
0.6706
0.5873
0.586
0.6265
0.4938
0.5254
0.4681
0.424
0.3821
0.3952
0.4935
0.649
0.7188
0.676
0.6071
0.5138
0.3938
0.4946
0.4773
0.6115
0.6483
0.7823
0.6592
0.6458
0.7104
0.6848
0.5821
0.6502
0.7471
0.7017
0.6731
0.8442
0.7742
0.7244
0.6338
0.8463
0.701
0.6663
0.653
0.6506
0.6167
0.5954
0.5692
0.5404
0.6327
0.5417
0.5067
0.4908
0.46
0.5313
0.6419
0.6708
0.709
0.6985
0.7413
0.669
0.5813
0.5231
0.5635
0.519
0.4806
0.5967
0.6379
0.6763
0.6079
0.7069
0.8015
0.6671
0.6946
0.6538
0.5475
0.5217
0.5819
0.6742
0.6371
0.42
0.5338
0.7588
0.8817
0.6515
0.6435
0.8396
0.8056
0.7127
0.6721
0.6092
0.6115
0.7029
0.5569
0.5285
0.6156
0.7621
0.6823
0.5581
0.6173
0.6327
0.7321
0.8974
0.839
0.8042
0.9263
0.8773
0.991
0.8835
0.8631
0.8867
0.9215
0.9533
0.9285
0.9229
0.8517
0.8581
0.7985
0.9469
0.9
0.68
0.6883
0.906
0.765
0.7504
0.8294
0.8925
0.8652
0.851
0.7763
0.8871
0.9002
0.8815
0.771
0.5821
0.8188
0.88
0.8287
0.8408
0.9127
0.9042
0.8877
0.8963
0.7656
0.9023
0.4758
0.4506
0.8065
0.8819
0.8248
0.8052
0.7465
0.8108
0.4154
0.3267
0.5602
0.8225
0.7088
0.4296
0.7848
0.9523
0.941
0.8727
0.8842
0.8704
0.9235
0.8813
0.8794
0.8344
0.7902
0.8821
0.8804
0.8285
0.8296
0.8229
0.8252
0.941
0.9079
0.941
0.8092
0.8104
0.6469
0.7863
0.8483
0.7304
0.6392
0.7729
0.8252
0.9121
0.6894
0.6256
0.8685
0.9264
0.925
0.7942
0.8279
0.8181
0.645
0.506
0.5
0.5356
0.7363
0.5869
0.6242
0.7306
0.6042
0.5246
0.9713
0.9983
0.996
0.989
0.951
0.9319
0.9648
0.9194
0.9431
0.871
0.8135
0.9275
0.8123
0.9621
0.7129
0.7192
0.7081
0.7515
0.7925
0.715
0.7788
0.7213
0.7984
0.8898
0.7088
0.5985
0.6185
0.8079
0.964
0.9304
0.8856
0.8471
0.8996
0.8663
0.9388
0.6917
0.4733
0.5417
0.5977
0.8204
0.8267
0.6427
0.8094
0.9727
0.935
0.9971
0.9896
0.8306
0.7525
0.7907
0.4798
0.6135
0.7469
0.8423
0.9746
0.8975
0.6733
0.8304
0.8888
0.9746
0.7833
0.8004
0.9144
0.9008
0.7315
0.7406
0.749
0.7465
0.8583
0.9117
0.9238
0.7552
0.79
0.8723
0.8879
0.7777
0.6756
0.705
0.6884
0.7288
0.6165
0.5708
0.709
0.7635
0.7002
0.7354
0.9017
0.9015
0.8933
0.8542
0.9256
0.9979
0.6374
0.8
0.8758
0.9865
0.9996
0.9217
0.9975
1
0.8277
0.8771
0.995
0.881
0.7977
0.7792
0.7798
0.8215
0.701
0.4958
0.5723
0.5448
0.5646
0.5473
0.7256
0.8275
0.8538
0.7706
0.7173
0.8675
0.9667
0.661
0.8019
0.8454
0.8065
0.8746
1
0.9725
0.9571
0.999
0.866
0.7688
0.7208
0.7063
0.6569
0.6929
0.7929
0.679
0.715
0.6492
0.8283
0.9569
0.6898
0.7358
0.8317
0.9792
0.8606
0.8015
0.7742
0.6219
0.686
0.7494
0.7819
0.9077
0.9279
0.9194
0.8481
0.9975
0.7654
0.825
0.74
0.7813
0.7525
0.6013
0.5773
0.5702
0.5581
0.5752
0.6129
0.6621
0.7221
0.6521
0.6369
0.664
0.6858
0.6852
0.7204
0.5968
0.6996
0.8658
0.8458
0.7715
0.7146
0.7154
0.8215
0.8242
0.7523
0.8248
0.8738
0.7169
0.5892
0.7558
0.9248
0.495
0.5479
0.86
0.7078
0.7675
-99
-99
-99
0.5589
0.5769
0.6844
0.7602
0.7604
0.7106
0.6965
0.6635
0.7558
0.7425
0.844
0.6902
0.7413
0.7635
0.774
0.8079
0.7006
0.8965
0.8717
0.9208
0.6692
0.711
0.77
0.8298
0.7904
0.5942
0.576
0.8215
0.8163
0.8308
0.7348
0.8196
0.7548
0.8971
0.8573
0.8998
0.964
0.7544
0.7619
0.8085
0.8279
0.685
0.8391
0.8794
0.8944
0.9221
0.7988
0.8667
0.9408
0.8106
0.7338
0.7777
0.9202
0.8892
0.8063
0.7992
0.879
0.9236
0.8523
0.8433
0.9227
0.9585
0.9217
0.553
0.5
0.6048
0.6119
0.6404
0.6594
0.7722
0.8648
0.8183
0.9019
0.8294
0.7054
0.8388
0.7354
0.7923
0.9027
1
0.989
0.8492
0.9063
0.8902
0.8498
0.9094
0.7073
0.769
0.8798
0.8819
0.869
0.8017
0.4833
0.832
0.9069
0.8127
0.8969
0.8925
0.9104
0.964
0.8923
0.9998
0.9029
0.9113
0.8819
0.864
0.7104
0.8302
0.6629
0.5913
0.7742
0.8019
0.8192
0.8738
0.6735
0.7892
0.8794
0.7306
0.8056
0.8681
0.8925
1
0.879
0.7008
0.7829
1
0.8729
0.8102
0.9025
0.8904
0.9346
0.79
0.9431
0.9219
0.796
0.839
0.5623
0.7135
0.9017
0.8969
0.9915
1
0.9815
0.9094
0.9154
0.9165
0.8456
0.9271
0.9813
0.95
0.9693
0.9423
0.9535
0.9571
0.9954
0.9796
0.9152
0.936
0.816
0.8665
0.9181
0.9371
0.9298
0.9773
0.8108
0.706
0.901
0.9227
0.9094
0.9417
0.9871
0.9758
0.9235
0.8333
0.8065
0.8223
0.7842
0.8738
0.8544
0.9113
0.9
0.9319
0.7694
0.6017
0.859
0.625
0.2975
0.3227
0.5079
0.4102
0.5883
0.6719
0.5943
0.2888
0.3763
0.6531
0.7744
0.6752
0.4977
0.6458
0.8354
0.7413
0.796
0.7506
0.8146
0.9188
0.8308
0.8225
0.7002
0.6563
0.7415
0.6696
0.9727
0.9998
0.9729
0.9869
0.9535
0.9679
0.9969
1
0.9542
0.8975
0.919
0.9254
0.9527
0.8813
0.9365
0.9569
0.9106
0.8954
0.9131
0.7767
0.8744
0.9046
0.7675
0.7619
0.945
0.7596
0.7625
0.7154
0.634
0.52
0.5933
0.7267
0.8623
0.8143
0.8023
0.8738
0.8858
1
-99
-99
0.8581
0.8621
0.8579
0.3542
0.4052
0.5965
0.4715
0.6404
0.8713
0.8358
0.8648
0.8977
0.8292
0.8575
0.9588
0.7604
0.6571
0.5844
0.6913
0.7158
0.7483
0.8477
0.8127
0.7156
0.7435
0.7383
0.8852
0.7158
0.544
0.8754
0.8254
0.6625
0.8269
0.6794
0.6825
0.8904
0.6221
0.8088
0.7642
0.6796
0.7538
0.8032
0.7888
0.8696
0.7046
0.7371
0.801
0.8819
0.795
0.8223
0.7806
0.759
0.78
0.6627
0.7706
0.8381
0.799
0.5835
0.6494
0.6533
0.6356
0.639
0.6094
0.7885
0.711
0.6877
0.9026
0.8221
0.6427
0.6206
0.6302
0.5869
0.5973
0.5198
0.4669
0.4942
0.5652
0.5717
0.6949
0.6977
0.494
0.3917
0.3673
0.3306
0.4767
0.7513
0.8035
0.6935
0.7704
0.8008
0.7744
0.5169
0.4015
0.6338
0.8071
0.7558
0.7098
0.72
0.5738
0.5946
0.5598
0.4671
0.4244
0.4092
0.426
0.5968
0.7127
0.605
0.6077
0.6277
0.7215
0.7696
0.694
0.676
0.6092
0.7148
0.6677
0.6727
0.7531
0.6381
0.619
0.6946
0.724
0.6448
0.4923
0.466
0.4413
0.3898
0.3433
0.3585
0.4125
0.5183
0.4881
0.3273
0.2638
0.2696
0.2894
0.5256
0.7008
0.8779
0.754
0.5404
0.7154
0.7183
0.6785
0.6027
0.7431
0.7108
0.7375
0.7056
0.7133
0.4577
0.6981
0.73
0.8873
0.8046
0.655
0.7902
0.9275
0.8775
0.9802
0.921
0.7775
0.6075
0.7679
0.6858
0.6792
0.6038
0.5294
0.5427
0.5413
0.6325
0.74
0.8158
0.814
0.8217
0.915
0.8323
0.7996
0.8733
1
0.9456
0.8514
0.9002
0.7242
0.7377
0.6115
0.8533
0.6731
0.629
0.6533
0.7231
0.7121
0.7179
0.7888
0.8317
0.9198
0.8102
0.8971
0.7494
0.9338
0.8875
0.8688
0.7127
0.7623
0.8248
0.7723
0.7456
0.6175
0.8569
0.8546
0.889
0.779
0.6923
0.6596
0.7217
0.8154
0.7435
0.6848
0.7285
0.7771
0.836
0.905
0.9373
0.9315
0.8767
0.866
0.8288
0.8458
0.8731
0.8988
0.7621
0.6217
0.7029
0.8363
0.8788
0.9448
0.9148
0.8542
0.77
0.7746
0.7231
0.756
0.7542
0.7806
0.9285
0.9429
0.916
0.8263
0.8631
0.8679
0.8996
0.8298
0.8019
0.83
0.806
0.755
0.8142
0.8031
0.8431
0.7752
0.8675
0.8496
0.8894
0.8942
0.8283
0.5754
0.336
0.5656
0.7727
0.8323
0.8008
0.7981
0.845
0.75
0.6258
0.6652
0.5385
0.6402
0.7165
0.7725
0.8406
0.9333
0.8723
0.8198
0.8208
0.8298
0.8394
0.7563
0.8192
0.8171
0.7169
0.7485
0.6598
0.2642
0.6773
0.7194
0.8216
0.9223
0.9829
0.9085
0.8825
0.9679
0.8004
0.7356
0.6292
0.6875
0.845
0.9413
0.9504
0.9508
0.9021
0.984
0.8452
0.7467
0.6871
0.565
0.5827
0.6367
0.7056
0.8454
0.7985
0.9094
0.7554
0.787
0.8517
0.874
0.9904
0.9035
0.835
0.7333
0.856
0.8935
0.7777
0.6815
0.7231
0.529
0.5048
0.5467
0.4971
0.6675
0.8204
0.7877
0.5646
0.6673
0.7798
0.695
0.9185
0.9956
0.8948
0.8071
0.7548
0.8375
0.8875
0.8113
0.7721
0.8738
0.8492
0.5702
0.5985
0.6952
0.7267
0.8431
0.7527
0.8258
0.924
0.8525
0.7406
0.7921
0.6863
0.6494
0.7358
0.8625
0.9033
0.8967
0.765
0.7098
0.5927
0.6796
0.6052
0.8075
0.8035
0.9771
0.8398
0.7927
0.7846
0.714
0.6702
0.8052
0.6015
0.6335
0.6146
0.689
0.7004
0.7079
0.9823
0.7913
0.7298
0.874
0.9475
0.7265
0.9673
0.8321
0.8388
0.7798
0.8015
0.8615
0.9298
0.7907
0.7721
0.7135
0.6754
0.6402
0.7421
0.6775
0.666
0.6517
0.77
0.8746
0.8008
0.7246
0.7088
0.781
0.8054
0.7467
0.7192
0.8371
0.8888
0.834
0.7152
0.7269
0.604
0.5667
0.6248
0.6675
0.6842
0.6683
0.6871
0.8004
0.8356
0.5281
0.4867
0.6823
0.5937
0.5606
0.5731
0.8331
0.899
0.7983
0.8017
0.7073
0.7967
0.7383
0.7142
0.7135
0.6748
0.7163
0.6467
0.6527
0.5992
0.6602
0.7052
0.7423
0.7065
0.6752
0.6823
0.7338
0.765
0.8706
0.7619
0.7231
0.6829
0.6885
0.7179
0.6377
0.6792
0.735
0.7735
0.7883
0.7848
0.8054
0.7348
0.671
0.5894
0.6765
0.6677
0.6823
0.5477
0.5277
0.5373
0.5173
0.515
0.7875
0.7835
0.7258
0.7446
0.7175
0.8248
0.8083
0.6644
0.5404
0.6515
0.7013
0.6825
0.7702
0.7911
0.5765
0.591
0.5785
0.6142
0.6881
0.6175
0.6775
0.6571
0.5798
0.6229
0.6679
0.8358
0.8602
0.9102
0.8267
0.9092
0.8975
0.7765
0.8342
0.7944
0.849
0.7713
0.7413
0.7244
0.7829
0.7683
0.784
0.8733
0.8556
0.7031
0.7063
0.8108
0.7556
0.8065
0.7786
0.6567
0.7223
0.7517
0.4206
0.5206
0.6654
0.7346
0.8448
0.8092
0.7842
0.8152
0.8335
0.7046
0.8081
0.855
0.8442
0.8498
0.5842
0.3452
0.6638
0.8777
0.8458
0.8167
0.8485
0.7735
0.806
0.866
0.6342
0.5852
0.6533
0.805
0.9238
0.8648
0.8704
0.9577
0.6665
0.6492
0.6023
0.7825
0.914
0.941
0.7815
0.8052
0.906
0.8442
0.8392
0.7777
0.7479
0.801
0.7794
0.5923
0.5642
0.2945
0.3248
0.5615
0.6527
0.7442
0.8525
0.8015
0.8425
0.821
0.9371
0.9006
0.8981
0.8646
0.8431
0.7529
0.7581
0.9744
0.93
0.9792
0.6608
0.6983
0.91
0.8704
0.914
0.9196
0.9706
0.9323
0.8092
0.7094
0.8592
0.9152
0.9315
0.9813
0.9304
0.8635
0.8006
0.8352
0.7819
0.8044
0.7764
0.6963
0.7788
0.9438
0.8783
0.789
0.724
0.4506
0.3846
0.7133
0.821
0.8031
0.7748
0.8285
0.7996
0.6823
0.7971
0.9294
0.8854
0.8538
0.884
0.8956
0.7635
0.7758
0.8446
0.8763
0.929
0.7488
0.6931
0.7465
0.8302
0.8433
0.874
0.6702
0.3254
0.4015
0.5238
0.6167
0.4681
0.3967
0.5029
0.5658
0.6685
0.7185
0.7267
0.8521
0.9798
0.9975
0.9808
0.9079
0.7985
0.7771
0.7633
0.8431
0.4742
0.4504
0.4244
0.615
0.7038
0.6583
0.6448
0.4952
0.6906
0.6823
0.7429
0.7131
0.7058
0.6865
0.5289
0.561
0.6613
0.7869
0.7246
0.681
0.5815
0.4094
0.3988
0.5627
0.7183
0.8444
0.774
0.7952
0.8794
0.8565
0.8842
0.8863
0.6698
0.8052
0.8819
0.9929
0.9965
0.9342
0.9527
0.9542
0.9133
0.9177
0.8575
0.8765
0.9335
0.7952
0.7892
0.9592
0.9771
0.9104
0.8954
0.8427
0.8079
0.9829
0.591
0.3319
0.4596
0.6635
0.665
0.8167
0.9358
0.8302
0.6796
0.8404
0.8333
0.809
0.8067
0.7619
0.7946
0.9621
0.7642
0.6892
0.7046
0.6106
0.5992
0.471
0.4171
0.7446
0.811
0.8423
0.7373
0.6417
0.7071
0.7558
0.7081
0.8379
0.7281
0.8379
0.8467
0.7921
0.705
0.8429
0.971
0.7308
0.7277
0.6706
0.721
0.7963
0.7546
0.7029
0.5919
0.4946
0.5529
0.6481
0.5829
0.7323
0.6417
0.5269
0.5608
0.5894
0.6419
0.6717
0.6842
0.5367
0.5313
0.5629
0.5896
0.749
0.7492
0.8379
0.8569
0.6983
0.6006
0.5496
0.5208
0.4873
0.624
0.6554
0.6079
0.6808
0.5869
0.5996
0.636
0.7623
0.5667
0.5221
0.6502
0.6242
0.5864
0.5919
0.7079
0.5992
0.7477
0.6469
0.7077
0.8279
0.7056
0.459
0.5029
0.4977
0.4933
0.4889
0.6765
0.6777
0.6725
0.6502
0.5998
0.5583
0.5756
0.674
0.7185
0.7738
0.686
0.7117
0.644
0.7081
0.5896
0.5677
0.711
0.8183
0.5031
0.4571
0.551
0.5044
0.5933
0.4569
0.5342
0.7296
0.7875
0.5733
0.67
0.7167
0.6369
0.5748
0.6333
0.8298
0.7604
0.8471
0.6083
0.5863
0.6206
0.5958
0.6958
0.7196
0.8613
0.7133
0.6492
0.629
0.7083
0.7138
0.7102
0.6613
0.7231
0.8083
0.8206
0.8281
0.9208
0.7948
0.8152
0.7329
0.6867
0.8121
0.7298
0.7175
0.7323
0.7192
0.5742
0.6423
0.6975
0.6885
0.7708
0.8081
0.764
0.8265
0.7969
0.8202
0.8098
0.8329
0.711
0.7458
0.7008
0.5696
0.7315
0.8394
0.7694
0.7542
0.7977
0.8333
0.8908
0.9242
0.951
0.9356
0.9556
0.931
0.8846
0.8865
0.9552
0.9021
0.9079
0.7952
0.8073
0.8835
0.8225
0.8604
0.8729
0.8788
0.885
0.874
0.8475
0.8519
0.7608
0.7756
0.8588
0.8654
0.7542
0.7519
0.7396
0.7575
0.7846
0.6152
0.7979
0.8525
0.9454
0.9373
0.8858
0.825
0.8369
0.806
0.7675
0.7998
0.8604
0.716
0.6702
0.7594
0.8054
0.8875
0.794
0.7363
0.7196
0.6867
0.711
0.679
0.6975
0.6358
0.8196
0.8454
0.7094
0.7985
0.5763
0.6433
0.7388
0.6892
0.7513
0.7556
0.7488
0.7396
0.6602
0.6098
0.6873
0.7277
0.7692
0.8402
0.7821
0.8327
0.8377
0.8444
0.6965
0.6285
0.6729
0.7031
0.7448
0.8271
0.6817
0.6281
0.714
0.8665
0.915
0.9529
0.9258
0.8977
0.8915
0.8808
0.8175
0.7994
0.8742
0.8604
0.9288
0.911
0.8281
0.7313
0.8029
0.7679
0.68
0.6529
0.7665
0.8185
0.791
0.8758
0.9677
0.9765
0.8785
0.6675
0.8033
0.9133
0.8802
0.7763
0.771
0.6246
0.7627
0.7931
0.7385
0.7242
0.6394
0.7158
0.7288
0.7854
0.8217
0.7448
0.605
0.5348
0.5573
0.6706
0.8102
0.7804
0.67
0.7342
0.6867
0.8127
0.7131
0.6596
0.7248
0.7392
0.4546
0.4867
0.5363
0.5582
0.7163
0.8667
0.7954
0.8433
0.5256
0.6685
0.6181
0.7525
0.8344
0.7369
0.7479
0.885
0.9742
0.8779
0.8348
0.8752
0.7529
0.711
0.7827
0.7279
0.7863
0.7696
0.7275
0.7167
0.6575
0.7727
0.7535
0.8006
0.7881
0.799
0.8806
0.7506
0.7913
0.8154
0.7438
0.5829
0.6552
0.6912
-99
-99
-99
0.6483
0.6254
0.7281
0.7488
0.7985
0.6769
0.7335
0.6248
0.4727
0.5646
0.5902
0.5358
0.615
0.6765
0.7315
0.7621
0.6208
0.6169
0.6115
0.6165
0.6977
0.7233
0.7496
0.754
0.701
0.8125
0.8715
0.6775
0.6096
0.6433
0.7508
0.7598
0.6206
0.5929
0.646
0.6233
0.6506
0.655
0.5606
0.5477
0.4892
0.4288
0.5217
0.5781
0.51
0.5071
0.4081
0.3108
0.4242
0.5288
0.4535
0.5323
0.7352
0.6917
0.6138
0.636
0.6036
0.5821
0.51
0.5142
0.7096
0.726
0.6946
0.6931
0.709
0.5644
0.5406
0.5962
-99
-99
-99
0.6083
0.5613
0.4898
0.5635
0.5069
0.3919
0.5563
0.6248
0.6358
0.6292
0.5683
-99
-99
-99
-99
0.4383
0.5324
0.6821
0.7094
-99
-99
0.5256
0.6228
0.5496
0.6929
-99
0.6163
0.5476
0.4723
0.4417
0.3615
-99
-99
0.55
0.6007
0.6121
0.6088
0.6452
0.4894
0.5698
0.5529
0.575
0.5504
0.4975
0.6431
0.6458
0.7017
0.7713
0.656
0.8481
0.7458
0.5932
0.58
0.665
0.5902
0.666
0.7252
0.6729
0.7554
0.8317
0.7067
0.6904
0.7283
0.7492
0.5477
0.5167
0.7023
0.8617
0.7219
0.6394
0.7027
0.891
0.8304
0.7604
0.7075
0.6992
0.7258
0.8054
0.9279
0.9435
0.8256
0.8417
0.7608
0.7696
0.7773
0.8306
0.7696
0.8923
0.9323
0.8325
0.7625
0.6858
0.7381
0.7938
0.8675
0.8177
0.781
0.7833
0.6663
-99
0.7227
0.7633
0.6606
0.7421
0.8758
0.8656
0.7804
0.9152
0.7319
0.7223
0.8271
0.8285
0.854
0.9229
0.7275
0.7245
-99
0.7129
0.8817
0.6483
0.7627
0.8419
0.8894
0.8429
0.6863
0.7356
0.8346
0.7946
0.434
0.5448
0.7065
0.7331
0.8279
0.8577
0.8181
0.8369
0.8081
0.8725
0.8385
0.7877
0.814
0.7994
0.8456
0.8196
0.746
0.784
0.8494
0.809
0.7817
0.7348
0.726
0.8304
0.8285
0.7135
0.6152
0.6763
0.791
0.8878
0.7374
0.6802
0.7273
0.7043
0.6842
0.7592
0.8115
0.725
0.7546
0.7792
0.6811
0.7631
0.517
0.8221
0.8167
0.7452
0.7708
0.7219
0.6352
0.5835
0.6404
0.4663
0.2925
0.3643
0.5917
0.7892
0.8388
0.7927
0.6506
0.7398
0.821
0.7583
0.757
0.6156
0.6785
0.7636
0.7143
0.7154
0.6674
0.7406
0.753
0.7075
0.7208
0.8117
0.8481
0.7724
0.7619
0.6813
0.5538
0.7551
0.7446
0.8054
0.6787
0.5381
0.6542
0.6358
0.4894
0.5394
0.6513
0.7017
0.7662
0.8175
0.8102
0.7979
0.7981
0.7489
0.786
0.7625
0.7304
0.8129
0.7538
0.6838
0.8044
0.8006
0.7338
0.5985
0.5077
0.8552
0.8763
0.7515
0.8133
0.7746
0.7543
0.8081
0.8249
0.8571
0.7696
0.7556
0.7532
0.7435
0.6269
0.6892
0.6379
0.6157
0.6035
0.7171
0.4277
0.4977
0.2636
0.3906
0.4848
0.5013
0.4806
0.5619
0.6756
0.5009
0.6252
0.6385
0.4194
0.2727
0.3106
0.5381
0.5998
0.6652
0.8363
0.8021
0.8108
0.6364
0.8094
0.8388
0.8727
0.9193
0.8889
0.8104
0.7531
0.6469
0.6821
0.7032
0.7748
0.7954
0.8198
0.8857
0.96
0.7584
0.5654
0.5924
0.6172
0.5896
0.6826
0.8367
0.7076
0.5876
0.5009
0.4893
0.5602
0.6364
0.6754
0.7257
0.7422
0.6246
0.8607
0.7198
0.8228
0.8646
0.6606
0.4973
0.5033
0.6356
0.695
0.5772
0.5872
0.5862
0.5813
0.7846
0.754
0.7131
0.7196
0.6624
0.7196
0.6119
0.5559
0.527
0.5763
0.5792
0.6545
0.822
0.7878
0.6366
0.5896
0.6791
0.7615
0.7553
0.5387
0.5029
0.7096
0.656
0.7198
0.6728
0.6015
0.595
0.5683
0.5769
0.5981
0.6106
0.6677
0.6142
0.6046
0.6556
0.7042
0.6592
0.64
0.593
0.5373
0.5815
0.5275
0.5996
0.7464
0.6896
0.6238
0.73
0.6596
0.5394
0.5969
0.5388
0.7202
0.6383
0.5527
0.5079
0.5579
0.6073
0.5702
0.6988
0.6925
0.6754
0.675
0.491
0.5292
0.6502
0.5713
0.5865
0.5998
0.5542
0.6223
0.5608
0.5446
0.606
0.5838
0.5492
0.4996
0.5523
0.6419
0.6498
0.6681
0.611
0.4775
0.54
0.5844
0.7775
0.8558
0.7967
0.6608
0.6252
0.6671
0.7381
0.6196
0.6681
0.7148
0.611
0.5863
0.6442
0.8535
0.7521
0.8163
0.8313
0.7719
0.7533
0.5673
0.5417
0.6117
0.6827
0.6871
0.6611
-99
-99
-99
0.7368
0.5696
0.331
0.3815
0.579
0.6673
0.6473
0.5588
0.6123
0.5646
0.676
0.7856
0.5923
0.58
0.6458
0.5765
0.5029
0.5983
0.741
0.8488
0.7735
0.6313
0.6623
0.605
0.46
0.5085
0.6527
0.7446
0.755
0.7929
0.8415
0.7935
0.7742
0.7183
0.704
0.865
0.7673
0.8571
0.7119
0.6646
0.6702
0.7738
0.8115
0.8423
0.8848
0.7288
0.6677
0.5475
0.5267
0.5938
0.7127
0.734
0.756
0.7723
0.6973
0.6042
0.6519
0.4963
0.4304
0.6017
0.64
0.6517
0.7071
0.7194
0.6585
0.4506
0.604
0.6479
0.641
0.6515
0.6365
0.6606
0.6677
0.4319
0.3719
0.4946
0.4925
0.4521
0.7502
0.8154
0.8752
0.7921
0.7102
0.5819
0.3575
0.3535
0.5519
0.6531
0.5835
0.6573
0.6969
0.6783
0.6481
0.751
0.725
0.7848
0.751
0.7388
0.616
0.3915
0.3558
0.5104
0.516
0.6867
0.7421
0.7083
0.7519
0.74
0.7327
0.8431
0.9238
0.8317
0.7225
0.7913
0.7865
0.6413
0.7223
0.7644
0.6515
0.5225
0.7409
0.82
0.8749
0.8104
0.8396
0.723
0.7632
0.844
0.8815
0.8615
0.7479
0.7683
0.7315
0.6572
0.6319
0.6947
0.6574
0.6268
0.7026
0.7802
0.8017
0.636
0.6345
0.7223
0.6787
0.5609
0.5389
0.3915
0.5702
0.7364
0.753
0.8287
0.6702
0.7609
0.8251
0.7091
0.6336
0.6355
0.6674
0.6532
0.6953
0.7517
0.6666
0.7209
0.7457
0.7272
0.7581
0.7421
0.8138
0.9145
0.9362
0.8187
0.7279
0.7181
0.8147
0.8557
0.8464
0.807
0.8349
0.7968
0.8021
0.7715
0.7409
0.6132
0.2826
0.2664
0.5502
0.66
0.7862
0.6702
0.6551
0.744
0.7734
0.757
0.7806
0.7623
0.7202
0.8045
0.8668
0.5238
0.5266
0.7896
0.7623
0.5845
0.6513
0.7894
0.7513
0.7268
0.7385
0.6391
0.6074
0.326
0.4874
0.5428
0.4981
0.5972
0.723
0.6291
0.7077
0.6126
0.5528
0.8534
0.7177
0.5817
0.7466
0.6736
0.7296
0.8519
0.7657
0.6343
0.7657
0.7821
0.7772
0.7081
0.6951
0.6657
0.6536
0.6521
0.7989
0.6917
0.7411
0.6423
0.5511
0.4706
0.4583
0.5568
0.7479
0.5962
0.6196
0.8149
0.8562
0.8247
0.7781
0.7223
0.7449
0.7713
0.8436
0.8226
0.8147
0.57
0.554
0.6326
0.747
0.7285
0.7636
0.9036
0.6843
0.83
0.7381
0.6996
0.6983
0.7815
0.9028
0.8164
0.7962
0.8529
-99
-99
-99
0.5736
0.6272
0.7115
0.6981
0.613
0.8228
0.8296
0.7587
0.7723
0.8102
0.6913
0.573
0.554
0.507
0.4345
0.4949
0.5902
0.5728
0.5498
0.5923
0.5674
0.5055
0.6166
0.5223
0.5711
0.6302
0.5494
0.5798
0.6687
0.628
0.5864
0.6117
0.6194
0.7219
0.7885
0.6966
0.5909
0.4804
0.5287
0.5662
0.6355
0.5496
0.6185
0.6549
0.5013
0.537
0.6285
0.6228
0.71
0.613
0.6123
0.6472
0.5149
0.4666
0.5351
0.5738
0.573
0.5532
0.5506
0.4564
0.5985
0.5181
0.553
0.6394
0.6928
0.5934
0.4706
0.5228
0.6483
0.5696
0.5962
0.6845
0.6434
0.6043
0.654
0.8717
0.8579
0.6664
0.6679
0.6813
0.574
0.527
0.5309
0.5162
0.6549
0.7481
0.6962
0.6894
0.697
0.6262
0.7249
0.6666
0.6591
0.724
0.5883
0.6402
0.7247
0.7151
0.6253
0.5638
0.6009
0.6874
0.7666
0.7126
0.6443
0.6155
0.6783
0.5749
0.663
0.6323
0.643
0.564
0.6191
0.5985
0.6177
0.6785
0.684
0.5687
0.42
0.5274
0.6602
0.7302
0.8836
0.6294
0.6685
0.7332
0.8166
0.8087
0.7451
0.7157
0.7398
0.8117
0.8677
0.8057
0.8085
0.7728
0.6211
0.6009
0.7377
0.6417
0.6483
0.6872
0.8213
0.7411
0.6311
0.7428
0.7655
0.89
0.6251
0.7338
0.7743
0.8404
0.8206
0.8589
0.8028
0.7226
0.6843
0.8673
0.7092
0.5317
0.5842
0.67
0.6798
0.7623
0.725
0.7552
0.7548
0.7079
0.7304
0.7721
0.6015
0.5506
0.6617
0.6752
0.6333
0.4525
0.5931
0.6356
0.6308
0.6352
0.6992
0.8106
0.7552
0.675
0.7925
0.5883
0.5873
0.6673
0.7054
0.8635
0.6902
0.7404
0.7663
0.77
0.6888
0.7019
0.7173
0.6552
0.7654
0.8077
0.7979
0.8771
0.9298
0.8879
0.8846
0.8494
0.8192
0.8071
0.8346
0.8244
0.7756
0.7465
0.8588
0.8133
0.7448
0.8269
0.8742
0.7679
0.7288
0.6863
0.6983
0.7406
0.7481
0.824
0.7796
0.6296
0.711
0.7188
0.716
0.8569
0.4523
0.6019
0.7883
0.7308
0.6719
0.7594
0.8867
0.9288
0.8919
0.8673
0.9058
0.5515
0.6171
0.7269
0.7369
0.5913
0.6496
0.78
0.7025
0.5281
0.6458
0.6821
0.5179
0.6025
0.6231
0.6058
0.675
0.5571
0.5538
0.6504
0.6427
0.6383
0.6365
0.6627
0.4844
0.6692
0.8604
0.8454
0.8571
0.7919
0.7388
0.4238
0.4783
0.6385
0.6823
0.6485
0.7333
0.6302
0.6181
0.5623
0.6204
0.4448
0.5348
0.6196
0.5275
0.5181
0.6304
0.4915
0.4204
0.4302
0.4985
0.6558
0.7523
0.8929
0.7244
0.5477
0.716
0.6892
0.8708
0.7685
0.6538
0.7102
0.7215
0.8115
0.714
0.7292
0.8854
0.8396
0.8646
0.7292
0.7229
0.6894
0.6179
0.7342
0.6865
0.6621
0.7488
0.5846
0.3521
0.4338
0.6346
0.8221
0.8685
0.7921
0.8492
0.8004
0.7942
0.5692
0.4106
0.5115
0.5652
0.5421
0.5554
0.5929
0.6411
0.7465
0.7717
0.8015
0.7925
0.8367
0.8719
0.7075
0.5956
0.5744
0.6219
0.5888
0.5877
0.7325
0.6777
0.7394
0.6954
0.7827
0.6844
0.4492
0.4463
0.5638
0.6285
0.7865
0.6492
0.52
0.499
0.5563
0.7279
0.6954
0.6431
0.6692
0.5815
0.5773
0.6275
0.6031
0.6129
0.6731
0.694
0.6263
0.4971
0.511
0.691
0.736
0.4335
0.4777
0.5344
0.6452
0.6204
0.6581
0.6227
0.634
0.49
0.5167
0.5679
0.5829
0.5569
0.6531
0.72
0.7817
0.7238
0.6548
0.6838
0.6325
0.656
0.7171
0.6121
0.7229
0.6894
0.6738
0.5606
0.5196
0.5969
0.5404
0.4754
0.5306
0.4829
0.4538
0.4906
0.6
0.5806
0.505
0.5563
0.5917
0.6238
0.6075
0.6004
0.5556
0.5792
0.5548
0.5394
0.73
0.671
0.7246
0.6615
0.5794
0.5063
0.4985
0.3963
0.5133
0.5775
0.4508
0.3923
0.3065
0.3567
0.511
0.5756
0.5533
0.6067
0.7563
0.64
0.5683
0.5023
0.4269
0.4015
0.5992
0.6706
0.7415
0.6417
0.7246
0.5519
0.5317
0.5713
0.6306
0.5263
0.5677
0.4956
0.6338
0.6715
0.7713
0.7281
0.5825
0.6723
0.6383
0.6256
0.7719
0.6415
0.5471
0.5575
0.4998
0.5877
0.6388
0.695
0.6131
0.5304
0.6333
0.6208
0.6008
0.62
0.67
0.6994
0.5669
0.636
0.7496
0.7913
0.7673
0.6677
0.5331
0.2854
0.345
0.3577
0.3808
0.4275
0.3456
0.5788
0.7973
0.8873
0.735
0.7015
0.7131
0.7263
0.7556
0.755
0.8
0.7752
0.7094
0.805
0.8177
0.7785
0.6842
0.8613
0.8294
0.779
0.826
0.7429
0.5485
0.6092
0.7115
0.7706
0.8521
0.4404
0.6046
0.6521
0.8392
0.7708
0.8342
0.8156
0.8071
0.7073
0.731
0.7246
0.6867
0.6906
0.7254
0.61
0.6108
0.7896
0.709
0.6915
0.7285
0.8142
0.7898
0.734
0.8302
0.8146
0.8017
0.7079
0.681
0.6192
0.6425
0.5348
0.524
0.7502
0.7389
0.7254
0.4821
0.5281
0.5677
0.6196
0.7242
0.6756
0.6275
0.7979
0.8083
0.6167
0.8613
0.4852
0.4442
0.5983
0.6877
0.696
0.8485
0.8777
0.7696
0.8319
0.4804
0.6188
0.7254
0.7231
0.7352
0.7719
0.7021
0.6419
0.8
0.8008
0.7102
0.7967
0.854
0.8008
0.7344
0.7946
0.8044
0.6731
0.5306
0.5406
0.6306
0.6954
0.6229
0.7358
0.7765
0.7135
0.6021
0.8494
0.7852
0.7
0.6113
0.8156
0.8121
0.7279
0.47
0.5756
0.6713
0.6538
0.7302
0.8958
0.7206
0.7698
0.8235
0.7192
0.691
0.6044
0.6773
0.6246
0.4769
0.5494
0.7765
0.5777
0.6506
0.6579
0.8727
0.8069
0.5196
0.3248
0.6779
0.9183
0.5315
0.5529
0.646
0.7038
0.6298
0.5817
0.5615
0.5471
0.645
0.6469
0.7704
0.8085
0.8394
0.8788
0.7852
0.8094
0.8073
0.4523
0.456
0.6552
0.6667
0.6508
0.6225
0.7498
0.685
0.6417
0.8017
0.7513
0.719
0.8056
0.6954
0.5698
0.5673
0.5688
0.8508
0.7006
0.6527
0.6285
0.7198
0.6175
0.6513
0.6644
0.5523
0.6035
0.6431
0.7208
0.6858
0.6354
0.5931
0.5573
0.5444
0.5931
0.7248
0.8465
0.8704
0.8542
0.8092
0.8
0.8352
0.791
0.7273
0.7246
0.7296
0.6963
0.8296
0.8717
0.75
0.6469
0.5935
0.6121
0.5877
0.4831
0.5327
0.5642
0.596
0.5367
0.4627
0.3948
0.6363
0.6627
0.7721
0.655
0.6069
0.7113
0.7425
0.734
0.6083
0.5479
0.5494
0.771
0.7498
0.72
0.869
0.7488
0.8077
0.7396
0.7356
0.7788
0.7023
0.574
0.6819
0.7746
0.8102
0.4835
0.5281
0.6271
0.6648
0.5985
0.5281
0.5327
0.5615
0.6671
0.7038
0.6188
0.6225
0.6285
0.6783
0.7821
0.6435
0.641
0.6394
0.6702
0.7344
0.7781
0.6681
0.5433
0.6108
0.6115
0.571
0.6275
0.5944
0.5573
0.6044
0.6046
0.6177
0.6317
0.6721
0.5288
0.5456
0.5629
0.5179
0.5629
0.716
0.6338
0.6738
0.7002
0.7881
0.7438
0.7127
0.6773
0.614
0.6613
0.6271
0.7246
0.8065
0.7396
0.8104
0.6613
0.7325
0.79
0.7219
0.7421
0.7619
0.7817
0.744
0.6123
0.5206
0.6285
0.6606
0.6519
0.5725
0.5929
0.5427
0.5125
0.5242
0.49
0.6421
0.75
0.6692
0.6596
0.6835
0.6608
0.7896
0.7577
0.6731
0.6742
0.731
0.6723
0.6367
0.6044
0.6344
0.6869
0.8779
0.8288
0.7554
0.8346
0.9458
0.8458
0.8773
0.8838
0.6827
0.6129
0.706
0.6935
0.7363
0.7388
0.7569
0.8419
0.8154
0.6571
0.7677
0.7477
0.8131
0.8465
0.935
0.9544
0.9504
0.8546
0.8596
0.8531
0.8127
0.7517
0.6221
0.6056
0.626
0.6546
0.7019
0.8052
0.8525
0.7652
0.3581
0.2402
0.549
0.649
0.7702
0.6446
0.7246
0.7469
0.6163
0.6538
0.7075
0.7965
0.8788
0.895
0.7746
0.5996
0.6694
0.7558
0.6456
0.7717
0.7729
0.8756
0.73
0.704
0.789
0.7813
0.6773
0.73
0.7694
0.7596
0.761
0.7146
0.6706
0.7065
0.7258
0.7742
0.9292
0.8163
0.8233
0.7563
0.7438
0.5817
0.6304
0.6448
0.5119
0.7475
0.7056
0.6167
0.5575
0.7052
0.5079
0.3558
0.4344
0.6665
0.806
0.7321
0.8119
0.9181
0.9546
0.9233
0.806
0.7442
0.3281
0.524
0.7371
0.855
0.8708
0.8783
0.8575
0.7808
0.711
0.8288
0.8498
0.8796
0.8006
0.491
0.7979
0.8121
0.7375
0.72
0.7135
0.8129
0.8063
0.8463
0.8698
0.7698
0.7971
0.5663
0.3467
0.5498
0.584
0.5931
0.6015
0.761
0.8346
0.8629
0.8542
0.8679
0.7952
0.7152
0.4831
0.4073
0.6373
0.6727
0.5931
0.824
0.8346
0.906
0.8658
0.8258
0.7796
0.7344
0.8448
0.6348
0.605
0.7975
0.6819
0.7044
0.8329
0.8127
0.7279
0.7208
0.7623
0.6904
0.7944
0.5288
0.4802
0.494
0.6796
0.8298
0.8331
0.7069
0.7279
0.7431
0.8665
0.8256
0.7533
0.7823
0.9692
0.855
0.9692
0.9975
0.9485
0.8525
0.6821
0.6788
0.6631
0.7238
0.7638
0.6452
0.6613
0.7888
0.8706
0.8319
0.7956
0.8748
0.7817
0.7627
0.7696
0.8338
0.8013
0.7271
0.6363
0.6048
0.6856
0.5569
0.5717
0.6554
0.6258
0.649
0.6392
0.6283
0.6242
0.6425
0.6463
0.6046
0.6942
0.6808
0.7225
0.8773
0.8452
0.8254
0.7058
0.6321
0.6188
0.844
0.8202
0.8069
0.7956
0.8019
0.7306
0.7229
0.706
0.74
0.854
0.8133
0.7808
0.6246
0.6098
0.7902
0.7442
0.866
0.7135
0.6677
0.6744
0.7098
0.6356
0.5406
0.5992
0.6229
0.5813
0.4821
0.5369
0.5806
0.6827
0.6473
0.6804
0.7427
0.8208
0.4058
0.6552
0.7252
0.8179
0.806
0.7694
0.8471
0.964
0.8029
0.8421
0.8
0.791
0.8606
0.6552
0.6079
0.6792
0.7354
0.6919
0.6731
0.7094
0.645
0.6721
0.6673
0.5775
0.4935
0.4921
0.5627
0.5931
0.6
0.5323
0.5938
0.6383
0.606
0.6783
0.541
0.6044
0.6477
0.5656
0.5594
0.6498
0.575
0.7938
0.7819
0.7219
0.714
0.7123
0.786
0.7238
0.8617
0.7423
0.7898
0.6925
0.6346
0.619
0.766
0.9398
0.8525
0.7483
0.7767
0.7915
0.7671
0.7673
0.6906
0.7717
0.7371
0.7473
0.7673
0.6875
0.7152
0.5533
0.5692
0.6369
0.6165
0.5927
0.7388
0.6902
0.639
0.6373
0.7073
0.6971
0.5902
0.5619
0.4619
0.6058
0.7881
0.8081
0.7385
0.6348
0.6698
0.6738
0.6963
0.7238
0.7033
0.7748
0.7588
0.8448
0.7579
0.7215
0.7048
0.7052
0.7173
0.6798
0.6879
0.6479
0.6308
0.6002
0.6729
0.7527
0.7108
0.894
0.7245
0.715
0.7696
0.7177
0.7631
0.8713
0.7185
0.69
0.6119
0.616
0.635
0.6808
0.6788
0.6056
0.4752
0.4848
0.5533
0.725
0.5335
0.4771
0.5781
0.539
0.459
0.4258
0.5033
0.5769
0.6608
0.7354
0.7931
0.8323
0.7829
0.641
0.6652
0.7942
0.8633
0.9063
0.7088
0.5942
0.9292
0.9729
0.929
0.8117
0.871
0.8846
0.8248
0.9527
0.9792
0.9685
0.8733
0.7079
0.7185
0.83
0.8806
0.89
0.9038
0.9667
0.9231
0.9521
0.9517
0.8431
0.8879
0.901
0.9323
0.9681
0.8429
0.5973
0.7608
0.7831
0.7325
0.8088
0.8663
0.8004
0.7958
0.7323
0.6867
0.7573
0.7535
0.8029
0.8444
0.8208
0.8396
0.8775
0.8344
0.8523
0.7788
0.8115
0.786
0.7638
0.5473
0.7235
0.5469
0.5638
0.7271
0.8021
0.7804
0.7863
0.7192
0.6844
0.6563
0.6775
0.7304
0.5867
0.6063
0.6954
0.7567
0.7817
0.8123
0.7527
0.7975
0.5377
0.5935
0.6906
0.6877
0.7227
0.7483
0.8452
0.7552
0.6921
0.7723
0.8481
0.8571
0.8725
0.7921
0.7048
0.7858
0.7296
0.7513
0.7694
0.755
0.8117
0.7531
0.8038
0.7148
0.6592
0.6967
0.7663
0.6148
0.3423
0.1652
0.5269
0.471
0.164
0.416
0.5006
0.3544
0.3913
0.4623
0.4142
0.4508
0.5288
0.4723
0.5938
0.7794
0.7483
0.435
0.4844
0.4363
0.3308
0.4969
0.7306
0.5954
0.6744
0.6798
0.561
0.5948
0.6638
0.8821
0.6752
0.4685
0.4831
0.5008
0.4077
0.3044
0.429
0.4875
0.5523
0.5783
0.5923
0.8238
0.6835
0.6904
0.7481
0.6504
0.6783
0.9579
0.9417
0.7767
0.6531
0.5702
0.5852
0.4835
0.4813
0.5179
0.4392
0.5523
0.5525
0.6938
0.9192
0.844
0.8267
0.755
0.6517
0.7092
0.7771
0.7656
0.7235
0.7419
0.7483
0.8144
0.67
0.4069
0.5256
0.8619
0.8258
0.8125
0.7467
0.7621
0.6925
0.7148
0.6769
0.7358
0.8967
0.8775
0.5808
0.7042
0.6865
0.6398
0.6831
0.6721
0.5329
0.7446
0.7325
0.7377
0.8502
0.7367
0.6383
0.6656
0.8181
0.7335
0.7646
0.5515
0.716
0.7927
0.8258
0.9408
0.9013
0.9065
0.6567
0.6108
0.6194
0.7815
0.7369
0.7427
0.65
0.7235
0.6523
0.6077
0.6398
0.8538
0.8517
0.7638
0.8071
0.7281
0.6177
0.6988
0.744
0.7652
0.7404
0.8004
0.7123
0.5549
0.5165
0.6646
0.6733
0.6315
0.5485
0.5673
0.5173
0.5198
0.4985
0.5233
0.5246
0.5458
0.6135
0.7321
0.7142
0.6852
0.6385
0.5942
0.6038
0.721
0.7071
0.654
0.6558
0.6096
0.6373
0.5852
0.629
0.7094
0.5565
0.5383
0.5402
0.4379
0.3644
0.5204
0.6565
0.5592
0.4248
0.4198
0.4685
0.5402
0.5217
0.6463
0.6181
0.6779
0.6685
0.6439
0.7256
0.5483
0.5079
0.5273
0.5723
0.6596
0.5054
0.5369
0.5288
0.4277
0.5088
0.5929
0.5665
0.6296
0.64
0.5973
0.6498
0.6452
0.5727
0.685
0.4952
0.4858
0.5069
0.6488
0.7004
0.6304
0.6831
0.7519
0.7402
0.9308
0.5556
0.3308
0.3983
0.4231
0.4885
0.5496
0.5363
0.5675
0.6671
0.7896
0.7217
0.7183
0.8496
0.6146
0.4935
0.6177
0.7569
0.7944
0.8883
0.7854
0.6494
0.7983
0.8585
0.7588
0.5648
0.4867
0.6231
0.6679
0.5835
0.8713
0.8331
0.7677
0.7794
0.7706
0.834
0.8396
0.83
0.7615
0.791
0.831
0.8481
0.8856
0.8952
0.7948
0.6802
0.7556
0.6615
0.6517
0.9094
0.9613
0.9848
0.8806
0.8556
0.8102
0.8375
0.9517
0.861
0.67
0.3073
0.5002
0.7373
0.9265
0.7279
0.734
0.6421
0.8056
0.7302
0.8575
0.7733
0.7529
0.7942
0.8463
0.7596
0.6306
0.5627
0.8079
0.8181
0.9296
0.9148
0.9365
0.8502
0.8763
0.8442
0.8531
0.8058
0.7517
0.8465
0.8338
0.9008
0.8669
0.5202
0.615
0.7244
0.6771
0.6752
0.7802
0.7471
0.7427
0.7444
0.6906
0.6815
0.6854
0.7396
0.756
0.7202
0.5731
0.7821
0.6783
0.7771
0.8427
0.8957
0.7804
0.8263
0.8725
0.749
0.916
0.8817
0.8438
0.7996
0.7035
0.8025
0.7644
0.7077
0.7823
0.6779
0.4527
0.6285
0.5546
0.6038
0.6454
0.8617
0.9365
0.7681
0.7285
0.7775
0.8281
0.8
0.6746
0.7073
0.7263
0.7798
0.9008
0.7333
0.7923
0.6469
0.704
0.7404
0.571
0.7344
0.8177
0.7733
0.7429
0.5717
0.6669
0.7475
0.6035
0.189
0.4298
0.6875
0.6833
0.4291
0.5677
0.4825
0.6171
0.6757
0.5425
0.6381
0.6985
0.6756
0.679
0.7954
0.9023
0.8246
0.7748
0.821
0.9252
0.5979
0.6019
0.6553
0.6417
0.6375
0.8725
0.7319
0.6685
0.741
0.854
0.979
0.9538
0.8806
0.7454
0.7688
0.6904
0.6885
0.8338
0.8115
0.5571
0.5198
0.735
0.7763
0.8348
0.785
0.8315
0.7858
0.784
0.8573
0.8675
0.736
0.7665
0.97
0.9275
0.7779
0.8102
0.8225
0.9444
0.8667
0.8463
0.9081
0.8844
0.8029
0.7731
0.8746
0.6958
0.7646
0.5225
0.729
0.7483
0.6302
0.5975
0.6591
0.5556
0.6652
0.8354
0.5988
0.6731
0.634
0.605
0.615
0.76
0.7898
0.9254
0.8696
0.9131
0.8427
0.71
0.7423
0.6933
0.7017
0.6373
0.6283
0.5708
0.6942
0.7835
0.7615
0.7263
0.7206
0.7235
0.8127
0.9189
0.9246
0.7785
0.6473
0.8158
0.8648
0.7548
0.6331
0.6844
0.81
0.8654
0.8065
0.8085
0.8925
0.9036
0.7638
0.7988
0.5542
0.5663
0.645
0.7021
0.7009
0.6481
0.6229
0.7821
0.7381
0.7396
0.6852
0.6632
0.6635
0.6985
0.6844
0.5631
0.7242
0.8279
0.6815
0.7388
0.8306
0.8127
0.8263
0.6344
0.5396
0.6148
0.6917
0.7181
0.6813
0.705
0.6515
0.7102
0.7887
0.6796
0.5754
0.5206
0.529
0.5135
0.5417
0.6435
0.6917
0.5877
0.716
0.6054
0.5463
0.6096
0.6879
0.7615
0.811
0.8108
0.6998
0.6252
0.7115
0.6354
0.5888
0.5231
0.6919
0.6752
0.6627
0.6492
0.5998
0.5952
0.5302
0.679
0.6588
0.5834
0.6481
0.7963
0.7385
0.5956
0.6306
0.569
0.5725
0.6925
0.6271
0.556
0.7602
0.7406
0.7079
0.7838
0.5713
0.5821
0.7021
0.7508
0.8346
0.7888
0.8415
0.8525
0.7702
0.6511
0.5548
0.5106
0.5431
0.4888
0.4671
0.6438
0.6138
0.6979
0.8731
0.8269
0.8002
0.8573
0.7713
0.7528
0.7506
0.7835
0.8477
0.8219
0.7567
0.7519
0.6923
0.656
0.6938
0.6413
0.6858
0.7792
0.8244
0.8381
0.8085
0.7623
0.7531
0.7677
0.7583
0.83
0.9202
0.9767
0.8342
0.7815
0.746
0.7454
0.7302
0.8173
0.8825
0.7625
0.7021
0.7894
0.8573
0.7385
0.7979
0.8913
0.881
0.8271
0.8223
0.7823
0.6404
0.7173
0.83
0.8806
0.7963
0.5477
0.7194
0.5329
0.4863
0.5579
0.6319
0.724
0.8077
0.7413
0.7211
0.8088
0.8252
0.635
0.6396
0.2342
0.4006
0.6743
0.6233
0.4648
0.6623
0.9525
0.8944
0.6621
0.4738
0.6306
0.585
0.7254
0.5088
0.6596
0.5271
0.6115
0.6281
0.6963
0.6788
0.5375
0.6671
0.4902
0.5023
0.5563
0.7296
0.6452
0.78
0.8708
0.9194
0.8156
0.8227
0.8679
0.796
0.7967
0.8417
0.8846
0.7756
0.8225
0.5275
0.5833
0.6506
0.6617
0.6556
0.5867
0.6271
0.6671
0.7352
0.7421
0.7813
0.7958
0.6349
0.6792
0.8444
0.7344
0.7435
0.7835
0.8863
0.9026
0.9381
0.8508
0.8527
0.8844
0.8983
0.8106
0.8336
0.6157
0.5729
0.8381
0.9348
0.8288
0.7635
0.8552
0.8356
0.7888
0.8908
0.7704
0.8135
0.7298
0.759
0.7529
0.7979
0.9
0.824
0.6546
0.6046
0.7053
0.709
0.8254
0.591
0.655
0.7819
0.6988
0.6029
0.6267
0.6618
-99
-99
0.7333
0.7323
0.7173
0.7583
0.7973
0.7648
0.7215
0.7169
0.6758
0.7854
0.7954
0.7558
0.649
0.7423
0.8175
0.501
0.5881
0.4883
0.5992
0.6431
0.5552
0.4771
0.6177
0.6085
0.6925
0.625
0.5221
0.2852
0.4444
0.6375
0.7494
0.7917
0.8215
0.8388
0.765
0.6363
0.8031
0.736
0.771
0.7871
0.78
0.9473
0.8863
0.79
0.8732
0.989
0.5925
0.6502
0.654
0.7058
0.8356
0.6866
0.6548
0.8619
0.8585
0.7117
0.6969
0.5921
0.5994
0.7565
0.6971
0.7158
0.8779
0.8963
0.8783
0.7356
0.6592
0.716
0.6908
0.7365
0.7677
0.789
0.7975
0.7727
0.7598
0.5483
0.5671
0.6298
0.6573
0.7452
0.6691
0.6506
0.6927
0.7742
0.6906
0.8404
0.5787
0.3596
0.5229
0.6042
0.6846
0.7169
0.8271
0.9523
0.6654
0.5358
0.6375
0.6946
0.9273
0.8452
0.8464
0.869
0.7798
0.5988
0.5096
0.589
0.551
0.6831
0.6385
0.7808
0.7119
0.5931
0.4483
0.5094
0.531
0.5019
0.5177
0.7903
0.6015
0.5454
0.6829
0.7175
0.6477
0.5885
0.5348
0.7125
0.7652
0.6396
0.7092
0.6867
0.7015
0.5402
0.6925
0.6904
0.7156
0.7596
0.6065
0.6125
0.6017
0.5873
0.9002
0.7498
0.7838
0.6304
0.5998
0.6677
0.7148
0.7875
0.74
0.6408
0.5592
0.5631
0.6679
0.7756
0.6875
0.5631
0.5438
0.5552
0.7202
0.6663
0.6344
0.8604
0.7871
0.5985
0.616
0.7698
0.8592
0.7756
0.7708
0.7267
0.7104
0.8379
0.7902
0.7227
0.8058
0.6998
0.6775
0.7246
0.7123
0.7033
0.6181
0.6796
0.7525
0.7571
0.7913
0.8027
0.9333
0.8219
0.8071
0.845
0.7277
0.7388
0.7606
0.7898
0.8046
0.7713
0.7273
0.6733
0.5871
0.7752
0.8129
0.7908
0.7477
0.7713
0.754
0.6685
0.6813
0.7013
0.6844
0.7923
0.8188
0.8106
0.8192
0.8023
0.7719
0.754
0.7035
0.7644
0.6556
0.7579
0.6729
0.6333
0.6575
0.9227
0.9208
0.9107
0.8058
0.7056
0.7242
0.8015
0.8294
0.8165
0.7435
0.6977
0.7604
0.834
0.7492
0.7175
0.6908
0.7546
0.6904
0.68
0.7419
0.7877
0.8471
0.8683
0.7618
0.5577
0.6756
0.6006
0.615
0.7329
0.7958
0.835
0.8358
0.8602
0.8348
0.8433
0.8038
0.8083
0.7888
0.81
0.7471
0.7108
0.7188
0.7042
0.8198
0.7115
0.7204
0.7177
0.8308
0.6623
0.5464
0.7192
0.7175
0.7649
0.8535
0.8372
0.8854
0.8875
0.9004
0.9267
0.946
0.8863
0.8871
0.9652
0.9719
0.8458
0.7823
0.8075
0.8924
0.9129
0.7971
0.769
0.7717
0.3231
0.4156
0.6985
0.8158
0.7273
0.7735
0.9455
0.8867
0.9131
0.8004
0.8091
0.8315
0.8479
0.8267
0.8154
0.8194
0.7563
0.7575
0.8738
0.6508
0.2613
0.299
0.5619
0.6152
0.5769
0.4967
0.6279
0.7185
0.8231
0.7777
0.7479
0.6671
0.5325
0.7031
0.6275
0.6063
0.7585
0.5236
0.7815
0.7708
0.624
0.9113
0.7358
0.7415
0.7463
0.5979
0.3985
0.1571
0.4633
0.6744
0.696
0.711
0.7458
0.8106
0.556
0.5825
0.8346
0.555
0.2717
0.4638
0.7315
0.5763
0.4383
0.6585
0.6388
0.6715
0.6785
0.7202
0.7748
0.5615
0.5552
0.6054
0.7004
0.7554
0.7213
0.335
0.5088
0.6048
0.4256
0.776
0.6081
0.5494
0.6998
0.6819
0.809
0.7367
0.1804
0.3542
0.6098
0.6504
0.6602
0.6675
0.561
0.6531
0.7435
0.8533
0.8065
0.8863
0.8402
0.8527
0.7106
0.7698
0.9165
0.7954
0.9035
0.9342
0.6206
0.6615
0.6421
0.6273
0.7429
0.724
0.7023
0.71
0.6127
0.7302
0.7179
0.6252
0.5019
0.584
0.5656
0.5952
0.5627
0.6925
0.6117
0.5685
0.4698
0.4948
0.76
0.8071
0.7915
0.9102
0.8292
0.6925
0.7035
0.7583
0.7215
0.8379
0.8752
0.9548
0.6983
0.8225
0.7702
0.7304
0.7163
0.8381
0.8367
0.7913
0.6402
0.6477
0.635
0.6308
0.6556
0.7492
0.5995
0.5473
0.6744
0.4654
0.3715
0.5065
0.6033
0.8798
0.845
0.5598
0.475
0.4944
0.5323
0.55
0.5767
0.6221
0.6256
0.5996
0.6408
0.6638
0.674
0.594
0.571
0.4973
0.3921
0.4246
0.4848
0.5929
0.6806
0.6452
0.6983
0.8202
0.7788
0.7631
0.756
0.7404
0.5973
0.5419
0.6258
0.5396
0.54
0.5692
0.7173
0.6235
0.5265
0.4825
0.534
0.566
0.5106
0.499
0.5442
0.4685
0.4817
0.406
0.4371
0.4892
0.5946
0.545
0.419
0.5138
0.5852
0.5796
0.5885
0.5398
0.5158
0.601
0.7229
0.6377
0.6008
0.579
0.5152
0.6771
0.6669
0.7996
0.6685
0.635
0.6842
0.6767
0.8177
0.8081
0.7206
0.7244
0.7144
0.75
0.6946
0.6233
0.6767
0.7396
0.8235
0.8402
0.7333
0.7088
0.7792
0.8483
0.8427
0.8769
0.7706
0.7563
0.8302
0.7452
0.719
0.6825
0.7919
0.7506
0.6706
0.6881
0.7585
0.7623
0.7727
0.709
0.6679
0.7363
0.6642
0.7573
0.7971
0.8915
0.7517
0.6413
0.6869
0.6177
0.6156
0.8292
0.7985
0.7638
0.7292
0.5717
0.6823
0.669
0.5446
0.634
0.6398
0.6196
0.694
0.7375
0.5631
0.5285
0.6229
0.6204
0.6215
0.6658
0.8417
0.9085
0.7246
0.8285
0.8069
0.8331
0.7292
0.7925
0.7317
0.6879
0.6483
0.6625
0.7817
0.8883
0.8785
0.8492
0.7254
0.8019
0.8467
0.85
0.836
0.7446
0.7465
0.7321
0.7531
0.9068
0.8014
0.9229
0.9035
0.665
0.7233
0.7681
0.7821
0.7585
0.91
0.8383
0.8127
0.8571
0.796
0.82
0.9415
0.8654
0.7865
0.8327
0.8654
0.8367
0.8056
0.6681
0.6042
0.7231
0.6925
0.7381
0.794
0.6598
0.5385
0.5392
0.474
0.5992
0.6325
0.4965
0.6998
0.7423
0.7127
0.7635
0.8371
0.8992
0.8446
0.8715
0.8888
0.9317
0.8794
0.8385
0.8817
0.8279
0.8165
0.8813
0.8613
0.8348
0.7715
0.8088
0.8779
0.8838
0.85
0.7721
0.8431
0.8629
0.7796
0.8746
0.8992
0.875
0.7627
0.689
0.85
0.8227
0.8402
0.791
0.7875
0.8994
0.9427
0.7644
0.6717
0.6996
0.7346
0.48
0.5756
0.6108
0.684
0.7175
0.6246
0.3063
0.4621
0.7267
0.7817
0.7679
0.814
0.8285
0.8042
0.8673
0.8117
0.8473
0.8056
0.7654
0.8058
0.8342
0.8306
0.7054
0.7842
0.639
0.4426
0.5373
0.6923
0.8777
0.6927
0.6202
0.7481
0.9588
0.7602
0.7271
0.8646
0.5423
0.5144
0.6669
0.6781
0.701
0.6946
0.5763
0.5944
0.7446
0.7663
0.7985
0.8533
0.8388
0.77
0.7373
0.63
0.6554
0.6127
0.6485
0.7785
0.7833
0.7896
0.5008
0.6796
0.5646
0.5169
0.5575
0.6242
0.6658
0.7594
0.8308
0.9085
0.8567
0.85
0.8744
0.7577
0.596
0.731
0.543
0.7633
0.7542
0.7129
0.6494
0.7767
0.6879
0.7148
0.6523
0.8692
0.7006
0.7494
0.9269
0.7008
0.684
0.7731
0.6292
0.7046
0.6565
0.6402
0.641
0.5517
0.6038
0.6163
0.6656
0.6763
0.471
0.5331
0.8798
0.8546
0.8663
0.7023
0.6506
0.7796
0.76
0.794
0.7358
0.8975
0.4077
0.3913
0.5706
0.5771
0.6063
0.7179
0.7325
0.9431
0.9802
0.8283
0.8481
0.8083
0.8881
0.7913
0.7704
0.7408
0.7521
0.8504
0.8667
0.7656
0.7067
0.7758
0.7129
0.7167
0.7517
0.7804
0.7181
0.8573
0.8113
0.8371
0.8708
0.8758
0.7665
0.706
0.7952
0.7577
0.7633
0.6829
0.6765
0.6235
0.6363
0.7625
0.7704
0.8042
0.815
0.746
0.7467
0.7206
0.8971
0.6181
0.5873
0.5685
0.5573
0.5304
0.52
0.5935
0.6169
0.636
0.6623
0.6485
0.7313
0.6731
0.649
0.5794
0.5385
0.5552
0.6119
0.6254
0.6702
0.5438
0.5015
0.5744
0.6471
0.5433
0.6065
0.4192
0.5023
0.4956
0.5269
0.531
0.6369
0.6425
0.6804
0.5317
0.456
0.4771
0.5115
0.5952
0.6546
0.674
0.5967
0.7242
0.6654
0.674
0.6465
0.5731
0.5346
0.4546
0.4533
0.4375
0.7054
0.6735
0.6017
0.5448
0.536
0.6154
0.6565
0.6758
0.6144
0.6608
0.6958
0.6288
0.5321
0.4752
0.42
0.4483
0.439
0.5204
0.6279
0.7498
0.7471
0.7794
0.6335
0.5658
0.5496
0.5223
0.4592
0.456
0.54
0.5854
0.6542
0.6538
0.6679
0.5788
0.6425
0.6788
0.881
0.5879
0.4898
0.8192
0.7073
0.5831
0.6633
0.7256
0.6958
0.7546
0.7158
0.8298
0.7577
0.654
0.5742
0.725
0.7231
0.7531
0.8258
0.761
0.7115
0.6104
0.8673
0.8021
0.6956
0.625
0.5831
0.5544
0.7779
0.9602
0.9433
0.8285
0.7456
0.8504
0.7525
0.7281
0.6767
0.6981
0.9298
0.8621
0.9227
0.921
0.8385
0.8171
0.7863
0.8354
0.8425
0.8587
0.8175
0.7871
0.7969
0.8392
0.7013
0.9015
0.8021
0.7419
0.6948
0.7906
0.7719
0.8488
0.8479
0.6654
0.7283
0.7588
0.8363
0.8504
0.7744
0.6065
0.8896
0.9008
0.9294
0.8125
0.7819
0.7875
0.8617
0.8556
0.9242
0.8319
0.8563
0.675
0.7567
0.9242
0.9552
0.854
0.7996
0.8048
0.8508
0.8879
0.7819
0.697
0.7902
0.8344
0.8683
0.9325
0.8788
0.821
0.8267
0.7158
0.6556
0.7481
0.7465
0.8177
0.8115
0.6252
0.6231
0.6635
0.7073
0.8258
0.8515
0.8171
0.804
0.7444
0.7221
0.6444
0.5823
0.5908
0.5513
0.7458
0.7577
0.5833
0.7427
0.6438
0.4842
0.4665
0.6256
0.3523
0.5281
0.5696
0.8919
0.7575
0.8419
0.7877
0.7496
0.8117
0.8469
0.91
0.8744
0.8654
0.8083
0.9046
0.8896
0.7542
0.5954
0.6752
0.7354
0.3398
0.7
0.6635
0.6506
0.7785
0.8435
0.9256
0.9369
0.9015
0.9621
0.9185
0.819
0.7946
0.7792
0.735
0.666
0.765
0.8027
0.8046
0.701
0.7706
0.796
0.9047
-99
0.5313
0.7859
0.7646
0.699
0.5444
0.6281
0.8088
0.7727
0.6267
0.6325
0.7688
0.71
0.6333
0.6396
0.6438
0.6235
0.7138
0.6102
0.671
0.8129
0.6796
0.669
0.8513
0.7292
0.7265
0.8306
0.6629
0.5963
0.5721
0.5967
0.8502
0.6188
0.5517
0.5598
0.521
0.4425
0.545
0.5448
0.5967
0.6052
0.6333
0.6169
0.5556
0.6265
0.81
0.7733
0.6829
0.645
0.2342
0.3744
0.5279
0.6219
0.5629
0.6769
0.6752
0.8908
0.8281
0.5765
0.6594
0.7675
0.765
0.7558
0.9065
0.8326
0.7923
0.7865
0.6613
0.6473
0.7152
0.765
0.7869
0.5581
0.6679
0.63
0.5485
0.5521
0.5163
0.6808
0.8419
0.7598
0.7254
0.7281
0.609
0.55
0.5167
0.7402
0.6477
0.5673
0.4963
0.5867
0.5679
0.6231
0.7619
0.7623
0.8304
0.7123
0.6379
0.6219
0.7306
0.7419
0.5838
0.4915
0.4523
0.4923
0.529
0.5808
0.5373
0.4246
0.4817
0.6415
0.634
0.62
0.6585
0.6238
0.6185
0.7229
0.6726
0.6171
0.7131
0.776
0.7904
0.7656
0.626
0.5675
0.569
0.63
0.7081
0.6108
0.5835
0.7302
0.7392
0.7508
0.6733
0.6858
0.5458
0.4888
0.434
0.4802
0.61
0.631
0.6335
0.7135
0.6679
0.671
0.7117
0.5892
0.5871
0.6223
0.6483
0.641
0.7477
0.7538
0.7085
0.556
0.5721
0.5021
0.5294
0.5623
0.5848
0.5877
0.6344
0.7985
0.7033
0.67
0.6277
0.6233
0.7383
0.6921
0.6273
0.5808
0.5685
0.5227
0.4498
0.5533
0.6144
0.5871
0.6058
0.7208
0.7663
0.7056
0.5879
0.404
0.8475
0.7258
0.6558
0.6644
0.6079
0.5977
0.7231
0.5835
0.6454
0.8898
0.6944
0.6475
0.656
0.7092
0.729
0.9396
0.7952
0.736
0.8415
0.7331
0.6983
0.754
0.7656
0.7904
0.7429
0.8015
0.7927
0.7823
0.7944
0.8177
0.9135
0.8552
0.8479
0.7663
0.7358
0.7042
0.6458
0.5481
0.5917
0.6515
0.6973
0.77
0.8415
0.8502
0.9231
0.8156
0.7917
0.7885
0.7577
0.9523
0.8202
0.7848
0.6694
0.7165
0.7135
0.7558
0.8817
0.6821
0.725
0.6488
0.6938
0.6731
0.7842
0.8323
0.8367
0.8988
0.7135
0.3388
0.5031
0.6196
0.7754
0.6788
0.6965
0.6992
0.2979
0.2877
0.4848
0.6533
0.6275
0.6925
0.6794
0.6417
0.5865
0.7238
0.814
0.8608
0.7683
0.5458
0.6379
0.6759
0.7735
0.7108
0.6104
0.4313
0.3919
0.475
0.6183
0.7721
0.7623
0.6423
0.685
0.6535
0.624
0.7744
0.719
0.6121
0.8477
0.6523
0.509
0.704
0.6967
0.6969
0.7044
0.721
0.8092
0.8694
0.7546
0.6956
0.5592
0.6546
0.7942
0.6181
0.6675
0.6267
0.6908
0.6598
0.6831
0.7163
0.8527
0.9823
0.8752
0.6375
0.6296
0.8192
0.6863
0.7542
0.8602
0.7838
0.6504
0.7227
0.8129
0.7865
0.7631
0.6617
0.7856
0.7444
0.8188
0.869
0.6727
0.6877
0.6883
0.77
0.874
0.8835
0.9383
0.6352
0.5815
0.8142
0.9123
0.7633
0.6948
0.7556
0.7004
0.416
0.5633
0.724
0.6288
0.71
0.705
0.8481
0.9631
0.8219
0.8277
0.8785
0.58
0.6477
0.679
0.7263
0.7225
0.7248
0.4519
0.8794
0.9419
0.5056
0.6348
0.7823
0.8869
0.7225
0.7319
0.7498
0.7935
0.7213
0.5202
0.7606
0.8265
0.7569
0.5479
0.7248
0.6975
0.695
0.7298
0.3844
0.261
0.3538
0.5377
0.8633
0.7698
0.6721
0.7385
0.7938
0.7563
0.6513
0.559
0.6081
0.665
0.7469
0.5354
0.7158
0.7356
0.7652
0.9548
0.7529
0.7202
0.8808
0.8354
0.9325
0.875
0.6483
0.6883
0.6356
0.5806
0.6129
0.6621
0.6279
0.6454
0.741
0.6679
0.6952
0.625
0.659
0.7075
0.8365
0.624
0.7273
0.5804
0.6329
0.6479
0.6938
0.7794
0.8183
0.8431
0.8529
0.8519
0.7567
0.851
0.8506
0.8506
0.769
0.7544
0.7281
0.7173
0.7542
0.6948
0.7365
0.8405
0.8102
0.7275
0.671
0.711
0.6888
0.7517
0.7656
0.865
0.776
0.8121
0.7665
0.9365
0.866
0.8771
0.9056
0.8446
0.7483
0.6144
0.7138
0.7685
0.7952
0.611
0.5775
0.6929
0.6519
0.6519
0.6127
0.5885
0.5435
0.6138
0.6583
0.4825
0.5313
0.549
0.5598
0.5142
0.7277
0.6844
0.5519
0.6004
0.7252
0.6042
0.5808
0.6068
0.7141
0.7088
0.6217
0.6073
0.6377
0.7056
0.6119
0.5381
0.5081
0.6067
0.7727
0.6764
0.6335
0.586
0.6317
0.6838
0.74
0.5956
0.7552
0.6127
0.569
0.5369
0.6271
0.7071
0.685
0.579
0.5885
0.5756
0.5052
0.4569
0.47
0.6167
0.6281
0.664
0.8163
0.6892
0.6256
0.6785
0.7385
0.6783
0.6333
0.6413
0.8379
0.6404
0.5573
0.5233
0.5563
0.56
0.6102
0.6179
0.69
0.7321
0.6567
0.6819
0.78
0.7635
0.8213
0.7685
0.6723
0.8175
0.7617
0.7833
0.8521
0.78
0.7996
0.9063
0.7865
0.6598
0.8015
0.7292
0.7535
0.7175
0.7763
0.8146
0.8533
0.7888
0.6448
0.6496
0.7629
0.694
0.6629
0.6154
0.7231
0.6652
0.6263
0.6756
0.6904
0.5392
0.2298
0.4606
0.5813
0.6738
0.7731
0.7738
0.7452
0.854
0.9394
0.8446
0.8817
0.9185
0.9598
0.9413
0.8825
0.8965
0.8713
0.7335
0.8031
0.8171
0.8106
0.7779
0.5785
0.7198
0.8865
0.9481
0.9321
0.8971
0.705
0.9648
0.8304
0.7477
0.6769
0.7738
0.8621
0.7631
0.7344
0.825
0.8646
0.7965
0.779
0.8977
0.8694
0.8902
0.9628
0.9562
0.9435
0.9771
0.8985
0.9065
0.8854
0.7727
0.8935
0.8417
0.796
0.8225
0.7492
0.7883
0.855
0.8946
0.845
0.7471
0.7758
0.839
0.9129
0.8848
0.9233
0.8752
0.8194
0.864
0.8735
0.864
0.89
0.8417
0.8779
0.9483
0.8798
0.754
0.7288
0.8121
0.8169
0.7427
0.8256
0.7754
0.7838
0.855
0.8971
0.9079
0.8746
0.5333
0.4083
0.7873
0.5548
0.4106
0.6127
0.571
0.2896
0.659
0.7781
0.6508
0.425
0.466
0.6229
0.7029
0.685
0.821
0.869
0.77
0.8529
0.8204
0.861
0.7006
0.6981
0.6942
0.2569
0.36
0.6708
0.814
0.8125
0.7838
0.7519
0.6658
0.6377
0.8077
0.4898
0.389
0.6248
0.7494
0.8231
0.8065
0.7917
0.6567
0.681
0.651
0.665
0.7673
0.7298
0.6963
0.79
0.8147
0.7273
0.7421
0.7583
0.4779
0.564
0.7238
0.7354
0.6458
0.5965
0.569
0.7177
0.7204
0.6279
0.5054
0.654
0.7388
0.6975
0.6404
0.6319
0.669
0.5935
0.6644
0.8242
0.7306
0.6548
0.7173
0.5444
0.4779
0.5106
0.4254
0.4588
0.3825
0.4023
0.4223
0.5196
0.1721
0.3752
0.5127
0.5604
0.6533
0.7731
0.6658
0.7902
0.9202
0.7496
0.7727
0.6842
0.69
0.7693
0.8538
0.6019
0.591
0.5996
0.6344
0.5746
0.5983
0.8415
0.8219
0.7563
0.5425
0.6075
0.6333
0.6863
0.8871
0.6313
0.6154
0.7263
0.7767
0.769
0.803
0.7369
0.6342
0.8363
0.9731
0.6904
0.3519
0.5598
0.7556
0.7415
0.7123
0.6902
0.8498
0.5242
0.3721
0.6088
0.579
0.6495
0.929
0.9704
0.8519
0.8488
0.7219
0.6383
0.6279
0.9071
-99
0.4675
0.6219
0.8258
0.6465
0.6144
0.5669
0.5265
0.526
0.5908
0.4867
0.6588
0.7017
0.6354
0.4146
0.5
0.5773
0.9092
0.755
0.6138
0.5792
0.6627
0.6394
0.5688
0.4913
0.5156
0.6108
0.6313
0.6579
0.6283
0.6358
0.5696
0.4594
0.4296
0.3667
0.421
0.5694
0.719
0.5975
0.6023
0.52
0.5663
0.6323
0.5763
0.5354
0.7742
0.6173
0.5658
0.5838
0.5765
0.5756
0.4488
0.5481
0.5956
0.6585
0.6998
0.6681
0.691
0.5298
0.5702
0.6388
0.6469
0.6992
0.8838
0.6908
0.6456
0.6796
0.5698
0.4994
0.5054
0.5442
0.4963
0.4865
0.6806
0.7706
0.7071
0.7065
0.6123
0.5638
0.611
0.5277
0.5542
0.6796
0.6492
0.6673
0.695
0.65
0.5219
0.4856
0.4098
0.4488
0.5617
0.5896
0.5354
0.8296
0.6533
0.5794
0.5371
0.511
0.679
0.7502
0.5998
0.564
0.5617
0.4315
0.5785
0.646
0.541
0.7656
0.6025
0.479
0.494
0.5644
0.6127
0.6125
0.5917
0.6358
0.7383
0.8171
0.9727
0.815
0.7406
0.6913
0.6875
0.7379
0.8081
0.7125
0.7254
0.8524
0.8173
0.7694
0.6796
0.756
0.7779
0.7604
0.5946
0.6679
0.7621
0.7146
0.806
0.8652
0.8669
0.8575
0.6721
0.6704
0.7042
0.7813
0.7163
0.7883
0.9325
0.9708
0.9154
0.8221
0.8021
0.7865
0.8748
0.9292
0.9013
0.8325
0.9275
0.9315
0.7717
0.7188
0.7548
0.8269
0.7625
0.8694
0.8504
0.7788
0.7146
0.6265
0.5871
0.7804
0.9385
0.8831
0.826
0.7931
0.8018
0.7827
0.8067
0.7108
0.85
0.8079
0.8463
0.7996
0.7996
0.7783
0.8163
0.8202
0.9204
0.8883
0.7856
0.7927
0.976
0.9002
0.8233
0.8688
0.9204
0.7706
0.6531
0.8231
0.7377
0.731
0.8694
0.8531
0.9679
0.9283
0.9033
0.8975
0.7175
0.7065
0.5546
0.7673
0.7917
0.7242
0.8396
0.8471
0.839
0.8965
0.8963
0.8558
0.9363
0.911
0.9202
0.7817
0.6871
0.7756
0.804
0.7348
0.8438
0.9179
0.8306
0.741
0.7556
0.7815
0.6513
0.8238
0.7825
0.8446
0.475
0.6658
0.935
1
0.9404
0.9377
0.9506
0.8723
0.8735
0.8244
0.8985
0.9425
0.8685
0.8458
0.7885
0.6527
0.6515
0.5965
0.6946
0.8254
0.8723
0.86
0.7756
0.9173
0.9946
0.9798
0.9129
0.9796
0.9013
0.8535
0.7779
0.7979
0.837
0.7875
0.8392
0.7502
0.6113
0.7835
0.7492
0.689
0.8175
0.6233
0.6406
0.6488
0.701
0.8194
0.8313
0.8933
0.5688
0.7223
0.7898
0.7954
0.7685
0.7635
0.7729
0.7779
0.8067
0.9846
0.9315
0.836
0.8244
0.8104
0.8377
0.8769
0.9856
0.8123
0.6542
0.9367
0.7327
0.6731
0.629
0.921
0.8654
0.9981
0.8806
0.774
0.7181
0.6404
0.7165
0.7885
0.7104
0.7033
0.746
0.735
0.6792
0.9102
0.7729
0.8358
0.8998
0.8938
0.9198
1
0.9333
1
0.9906
0.8719
0.7335
0.775
0.8979
0.8844
0.8471
0.7702
0.6615
0.7115
0.8117
0.76
0.7354
0.806
0.6625
0.7419
0.7188
0.9575
0.9796
0.8738
0.8621
0.7656
0.9421
0.8608
0.7388
0.6575
0.5475
0.515
0.5058
0.5396
0.585
0.679
0.5527
0.5244
0.5508
0.6404
0.6892
0.7173
0.8021
0.7333
0.8229
0.8292
0.8702
0.9442
0.7679
0.8806
0.9702
0.9263
0.8271
0.8173
0.8981
0.649
0.7323
0.82
0.8244
0.9906
0.906
0.9254
0.7821
0.815
0.6721
0.7146
0.711
0.7465
0.8277
0.6317
0.6802
0.7923
0.8056
0.8729
0.7177
0.8827
0.7956
0.7256
0.6967
0.6429
0.6258
0.6146
0.6027
0.7527
0.7356
0.6792
0.7304
0.6675
0.7377
0.6338
0.5954
0.6342
0.6767
0.7029
0.669
0.639
0.6292
0.7485
0.7813
0.6775
0.6765
0.7631
0.671
0.5688
0.5858
0.5873
0.5946
0.5875
0.6658
0.5883
0.5304
0.5973
0.704
0.6302
0.6235
0.695
0.6742
0.7806
0.826
0.7267
0.7083
0.7006
0.6452
0.6275
0.6592
0.7275
0.5806
0.5929
0.6113
0.6696
0.6767
0.7529
0.7925
0.8554
0.7617
0.6667
0.726
0.7254
0.6706
0.6827
0.7475
0.8279
0.6831
0.6813
0.8421
0.769
0.6604
0.5594
0.549
0.6356
0.7725
0.7223
0.5852
0.7348
0.7442
0.7129
0.881
0.8229
0.8331
0.7146
0.5348
0.635
0.5883
0.65
0.7985
0.8396
0.7883
0.8542
0.7015
0.6421
0.7298
0.7
0.6906
0.816
0.8758
0.9415
0.7179
0.4677
0.7513
0.911
0.7696
0.6825
0.7529
0.8277
0.801
0.8321
0.9235
0.9763
0.7529
0.77
0.5754
0.7513
0.7827
0.7075
0.8138
0.7702
0.8638
0.9165
0.9342
0.9177
0.8386
0.7996
0.9435
0.9998
0.84
0.859
0.8194
0.8033
0.8377
0.9035
0.8873
0.8219
0.8221
0.726
0.8533
0.8129
0.545
0.5925
0.7094
0.8173
0.826
0.9042
1
1
0.9935
0.7663
0.9792
0.9077
0.6204
0.6917
0.7029
0.7804
0.7375
0.7804
0.8638
0.7135
0.8058
0.9108
0.8198
0.8773
0.9135
0.8452
0.7706
0.8479
0.9994
0.9215
0.9377
0.8919
0.8602
0.9506
0.8642
0.5356
0.3692
0.5823
0.5325
0.6988
0.735
0.6902
0.748333333333333
0.828958333333333
0.712083333333333
0.73
0.836666666666667
0.824166666666667
0.742916666666667
0.633958333333333
0.909166666666667
0.803541666666667
0.805
0.765625
0.641458333333333
0.758958333333333
0.720208333333333
0.729791666666667
-99
-99
0.835208333333333
0.786875
0.563333333333333
0.745833333333333
0.720416666666667
0.804791666666667
0.756041666666667
0.744791666666667
0.75625
0.81375
0.826875
0.92125
0.799375
0.796666666666667
0.816666666666667
0.744583333333333
0.916666666666667
0.925416666666667
0.8875
0.96625
0.97
0.76875
0.71875
0.785833333333333
0.929791666666667
0.924583333333333
0.927083333333333
0.903333333333333
0.877083333333333
0.857708333333333
0.911875
0.921041666666667
0.891458333333333
0.91
1
0.934791666666667
0.823958333333333
0.880208333333333
0.855
0.7725
0.801875
0.876875
0.912291666666667
0.896041666666667
0.916875
0.913958333333333
0.87375
0.909166666666667
0.730416666666667
0.755208333333333
0.779791666666667
0.722083333333333
0.931041666666667
0.80375
0.781458333333333
0.756041666666667
0.742083333333333
0.639791666666667
0.511875
0.619375
0.38875
0.462916666666667
0.435833333333333
0.649375
0.68625
0.673333333333333
0.803125
0.735
0.734583333333333
0.763125
0.787708333333333
0.695
0.606875
0.591458333333333
0.585625
0.52875
0.59375
0.698333333333333
0.390208333333333
0.611458333333333
0.777291666666667
1
0.898541666666667
0.696875
0.693958333333333
0.563333333333333
0.550208333333333
0.457291666666667
0.581041666666667
0.462083333333333
0.563541666666667
0.8525
0.925208333333333
0.763541666666667
0.562291666666667
0.592916666666667
0.6325
0.737291666666667
0.894791666666667
0.941666666666667
0.932291666666667
0.955625
0.996041666666667
0.886458333333333
0.694166666666667
0.702916666666667
0.73125
0.683541666666667
0.815416666666667
0.726875
0.820416666666667
0.924166666666667
0.772083333333333
0.755
0.730416666666667
0.829166666666667
0.689166666666667
0.742708333333333
0.760833333333333
0.753333333333333
0.815833333333333
0.688125
0.695625
0.6225
0.66375
0.701666666666667
0.661041666666667
0.692708333333333
0.701458333333333
0.672291666666667
0.735625
0.830625
0.760416666666667
0.787708333333333
0.932916666666667
0.798958333333333
0.774375
0.688541666666667
0.76375
0.78125
0.632708333333333
0.571458333333333
0.564583333333333
0.635833333333333
0.531875
0.518958333333333
0.505416666666667
0.484375
0.606458333333333
0.825
0.744791666666667
0.678125
0.577708333333333
0.405208333333333
0.52875
0.70125
0.723958333333333
0.720416666666667
0.617291666666667
0.449375
0.615208333333333
0.597708333333333
0.620208333333333
0.711458333333333
0.610625
0.601458333333333
0.698333333333333
0.643541666666667
0.707708333333333
0.709583333333333
0.597916666666667
0.636458333333333
0.638125
0.625625
0.587291666666667
0.68625
0.687708333333333
0.62125
0.54375
0.61375
0.549375
0.538958333333333
0.60125
0.570625
0.576875
0.462916666666667
0.534375
0.517083333333333
0.692916666666667
0.653541666666667
0.629583333333333
0.600416666666667
0.718541666666667
0.70375
0.854583333333333
0.799791666666667
0.72125
0.912916666666667
0.844375
0.773125
0.675833333333333
0.591041666666667
0.591041666666667
0.593125
0.535625
0.503333333333333
0.539791666666667
0.581041666666667
0.626458333333333
0.565
0.493541666666667
0.571041666666667
0.64875
0.668333333333333
0.772916666666667
0.69375
0.622083333333333
0.670833333333333
0.677916666666667
0.669166666666667
0.646666666666667
0.570208333333333
0.565833333333333
0.662708333333333
0.742916666666667
0.715416666666667
0.825416666666667
0.879583333333333
0.840416666666667
0.803125
0.8875
0.811875
0.774166666666667
0.808958333333333
0.828125
0.75125
0.813958333333333
0.786041666666667
0.750833333333333
0.693958333333333
0.833958333333333
0.862708333333333
0.848125
0.787916666666667
0.922083333333333
0.783333333333333
0.677291666666667
0.694166666666667
0.714583333333333
0.826875
0.776041666666667
0.731875
0.756458333333333
0.828333333333333
0.773958333333333
0.813333333333333
0.789791666666667
0.7425
0.924791666666667
0.738333333333333
0.634166666666667
0.594583333333333
0.67625
0.683125
0.683333333333333
0.673541666666667
0.684375
0.663125
0.700625
0.827916666666667
0.7525
0.796666666666667
0.863958333333333
0.808541666666667
0.679166666666667
0.687291666666667
0.709791666666667
0.61875
0.721458333333333
0.842916666666667
0.720208333333333
0.703958333333333
0.768541666666667
0.829166666666667
0.880833333333333
0.917708333333333
0.876875
0.69875
0.84
0.798958333333333
0.64
0.531666666666667
0.31
0.437916666666667
0.549375
0.815416666666667
0.930833333333333
0.829791666666667
0.71
0.794791666666667
0.704791666666667
0.838333333333333
0.825208333333333
0.765625
0.819583333333333
0.885833333333333
0.8575
0.943541666666667
0.847708333333333
0.998125
0.903125
0.816875
0.863541666666667
0.639791666666667
0.574375
0.804583333333333
0.814791666666667
0.681041666666667
0.5225
0.708541666666667
0.601458333333333
0.599166666666667
0.6475
0.743541666666667
0.728125
0.786666666666667
0.589583333333333
0.784375
0.929791666666667
0.836666666666667
0.72875
0.868541666666667
0.899166666666667
0.900833333333333
0.897916666666667
0.81875
0.872916666666667
0.864166666666667
0.888958333333333
0.947083333333333
0.973125
0.846875
0.750208333333333
0.714166666666667
0.693125
0.705833333333333
0.813125
0.893541666666667
0.997708333333333
0.813541666666667
0.884583333333333
0.660416666666667
0.560833333333333
0.564375
0.567291666666667
0.698125
0.750208333333333
0.534791666666667
0.672916666666667
0.625208333333333
0.627083333333333
0.549166666666667
0.466666666666667
0.440208333333333
0.662083333333333
0.752916666666667
0.742708333333333
0.721666666666667
0.635833333333333
0.686458333333333
0.815416666666667
0.852708333333333
0.639583333333333
0.581875
0.4225
0.377291666666667
0.440833333333333
0.660208333333333
0.672291666666667
0.648958333333333
0.704166666666667
0.83
0.698541666666667
0.665833333333333
0.623125
0.695
0.769166666666667
0.788333333333333
0.701875
0.689166666666667
0.754791666666667
0.784583333333333
0.736041666666667
0.656875
0.638541666666667
0.752916666666667
0.857916666666667
0.740416666666667
0.636458333333333
0.617916666666667
0.608125
0.7
0.633333333333333
0.505416666666667
0.60125
0.686458333333333
0.730208333333333
0.79125
0.769166666666667
0.723125
0.843125
0.754375
0.718333333333333
0.743958333333333
0.763125
0.776875
0.807708333333333
0.966666666666667
0.846875
0.887916666666667
0.97
0.904375
0.785625
0.736666666666667
0.849583333333333
0.930625
0.9
0.732916666666667
0.716041666666667
0.672916666666667
0.635208333333333
0.723958333333333
0.59375
0.513125
0.693541666666667
0.822916666666667
0.874583333333333
0.453958333333333
0.449583333333333
0.554583333333333
0.489791666666667
0.482708333333333
0.61
0.6375
0.598125
0.709583333333333
0.665833333333333
0.700625
0.927083333333333
0.900625
0.533125
0.500416666666667
0.51625
0.57125
0.666875
0.68375
0.888333333333333
0.836458333333333
0.634375
0.740833333333333
0.637083333333333
0.715
0.730416666666667
0.639166666666667
0.598125
0.658958333333333
0.857916666666667
0.751875
0.800416666666667
0.842291666666667
0.790625
0.541458333333333
0.393541666666667
0.416041666666667
0.600208333333333
0.674791666666667
0.619583333333333
0.574791666666667
0.583541666666667
0.638958333333333
0.56
0.561458333333333
0.662916666666667
0.715833333333333
0.6625
0.714791666666667
0.58875
0.683958333333333
0.73375
0.636875
0.862291666666667
0.668541666666667
0.47375
0.585208333333333
0.502291666666667
0.577916666666667
0.549375
0.575625
0.64625
0.742708333333333
0.713333333333333
0.69
0.648541666666667
0.589166666666667
0.634583333333333
0.687708333333333
0.58875
0.527083333333333
0.406666666666667
0.441875
0.461458333333333
0.456666666666667
0.487291666666667
0.474166666666667
0.405
0.45875
0.594791666666667
0.671666666666667
0.612916666666667
0.768333333333333
0.631875
0.634791666666667
0.561041666666667
0.666041666666667
0.570625
0.5825
0.517083333333333
0.6375
0.528541666666667
0.514583333333333
0.447708333333333
0.4575
0.497708333333333
0.56375
0.44625
0.362291666666667
0.412291666666667
0.433333333333333
0.415208333333333
0.48375
0.5125
0.568958333333333
0.38
0.379166666666667
0.355208333333333
0.550625
0.648125
0.593333333333333
0.555416666666667
0.554791666666667
0.668125
0.638333333333333
0.614583333333333
0.582916666666667
0.538333333333333
0.686041666666667
0.642083333333333
0.623333333333333
0.524583333333333
0.466458333333333
0.443333333333333
0.590416666666667
0.604583333333333
0.586875
0.486666666666667
0.4925
0.429791666666667
0.390208333333333
0.477916666666667
0.616666666666667
0.517083333333333
0.614375
0.629791666666667
0.658333333333333
0.65625
0.735
0.760208333333333
0.609166666666667
0.595833333333333
0.610416666666667
0.608958333333333
0.6425
0.584791666666667
0.644375
0.61625
0.748541666666667
0.681875
0.647083333333333
0.70875
0.727916666666667
0.586041666666667
0.77125
0.803958333333333
0.764375
0.756875
0.71
0.689583333333333
0.584375
0.601875
0.675625
0.674166666666667
0.77625
0.5875
0.635416666666667
0.63125
0.783125
0.4925
0.449583333333333
0.57375
0.607708333333333
0.588333333333333
0.65
0.7625
0.881458333333333
0.76125
0.737708333333333
0.744791666666667
0.768541666666667
0.906666666666667
0.777083333333333
0.704791666666667
0.681666666666667
0.7625
0.741875
0.791666666666667
0.742083333333333
0.87125
0.955833333333333
0.825833333333333
0.842708333333333
0.871041666666667
0.752083333333333
0.796666666666667
0.788125
0.84625
0.826458333333333
0.876041666666667
0.856875
0.885208333333333
0.826666666666667
0.56625
0.600208333333333
0.7375
0.594375
0.655625
0.815
0.893125
0.917708333333333
0.868541666666667
0.86
0.8
0.655416666666667
0.717083333333333
0.700208333333333
0.63
0.571041666666667
0.723333333333333
0.724583333333333
0.775208333333333
0.761875
0.75375
0.777916666666667
0.8525
0.92875
0.804166666666667
0.724791666666667
0.769375
0.765
0.910208333333333
0.852083333333333
0.7825
0.825416666666667
0.785416666666667
0.707083333333333
0.730833333333333
0.835416666666667
0.791666666666667
0.74625
0.792708333333333
0.836458333333333
0.8025
0.719166666666667
0.736041666666667
0.764791666666667
0.734583333333333
0.763541666666667
0.843333333333333
0.835833333333333
0.926875
0.787708333333333
0.766875
0.746041666666667
0.846041666666667
0.944375
0.947291666666667
0.886041666666667
0.891666666666667
0.913541666666667
0.870416666666667
0.67375
0.685833333333333
0.780833333333333
0.757291666666667
0.710625
0.765416666666667
0.860625
0.812291666666667
0.802916666666667
0.808333333333333
0.888333333333333
0.824791666666667
0.804166666666667
