20000101
-99
-99
-99
-99
-99
-99
-99
-99
-99
-99
-99
-99
-99
-99
-99
-99
-99
0.6781
0.6934
0.7758
0.7464
0.7227
0.6603
0.67
0.7928
0.8841
0.8738
0.8775
0.7921
0.7249
0.7621
0.6147
0.6976
0.6494
0.5947
0.7216
0.9272
0.673
0.6234
0.5493
0.6682
0.7447
0.5197
0.4948
0.7243
0.6912
0.5828
0.6487
0.6345
0.6069
0.6881
0.8544
0.8442
0.7312
0.8031
0.83
0.6552
0.7235
0.8022
0.86
0.6359
0.4963
0.6681
0.7047
0.7976
0.8365
0.8609
0.8038
0.63
0.4566
0.5649
0.5753
0.7121
0.7472
0.5839
0.5962
0.52
0.5936
0.6867
0.7863
0.8097
0.7777
0.8441
0.7881
0.7711
0.59
0.5778
0.6653
0.625
0.8162
0.7103
0.6397
0.8114
0.7442
0.6932
0.5453
0.5571
0.6447
0.7667
0.7464
0.9893
0.8011
0.6459
0.5979
0.7088
0.5917
0.9411
0.5742
0.5961
0.6757
0.6311
0.5932
0.6843
0.6192
0.5784
0.6367
0.6691
0.8313
0.834
0.8014
0.6471
0.5526
0.5491
0.5774
0.5629
0.7953
0.7878
0.8039
0.8119
0.7879
0.9106
0.7988
0.6753
0.5706
0.5406
0.4856
0.6016
0.7666
0.6977
0.6797
0.918
0.9083
0.8124
0.8072
0.79
0.8097
0.806
0.7569
0.718
0.6665
0.7117
0.7706
0.7271
0.7407
0.6667
0.5812
0.7047
0.5591
0.5594
0.6173
0.7009
0.9033
0.7508
0.6713
0.7552
0.7687
0.6641
0.6021
0.6029
0.6118
0.6306
0.6486
0.7524
0.7382
0.8474
0.6579
0.6663
0.8341
0.7263
0.6673
0.7142
0.7116
0.7444
0.6869
0.5159
0.469
0.6859
0.5289
0.4506
0.4404
0.5156
0.6741
0.4658
0.4607
0.5685
0.6118
0.5331
0.7523
0.6923
0.7227
0.6876
0.7468
0.5109
0.5389
0.6942
0.5058
0.6514
0.6569
0.6156
0.7053
0.6582
0.7711
0.7517
0.6572
0.6857
0.7219
0.5372
0.5686
0.5791
0.5703
0.5941
0.6682
0.6974
0.7623
0.8141
0.7131
0.6774
0.5739
0.5086
0.6121
0.5797
0.63
0.6867
0.5194
0.6703
0.7639
0.5076
0.5233
0.4338
0.5568
0.7325
0.7325
0.7833
0.6681
0.7193
0.7233
0.6592
0.6155
0.5993
0.6432
0.6208
0.7403
0.7038
0.6612
0.7334
0.7919
0.8087
0.7768
0.6294
0.6613
0.8515
0.8359
0.8438
0.6397
0.5106
0.5886
0.7018
0.8055
0.8347
0.8481
0.8556
0.8943
0.6676
0.5865
0.5936
0.6123
0.6535
0.7722
0.7197
0.5503
0.5463
0.5689
0.7083
0.6789
0.7479
0.9264
0.8897
0.73
0.7824
0.7884
0.7519
0.7635
0.743
0.8603
0.8594
0.945
0.8843
0.818
0.91
0.9017
0.8714
0.8375
0.8365
0.8518
0.7473
0.7705
0.9782
0.7143
0.7074
0.8393
0.6653
0.5929
0.6331
0.7444
0.815
0.8939
0.8669
0.99
0.7832
0.8963
0.8238
0.7629
0.8563
0.8341
0.8321
0.8229
0.7964
0.8493
0.7859
0.8839
0.75
0.9011
0.9254
0.9775
0.8645
0.9476
0.8637
0.8333
0.8497
0.9438
0.9434
0.9784
0.8248
0.8097
0.7909
0.8962
0.7783
0.6509
0.7559
0.7123
0.8466
0.8236
0.7961
0.8927
0.8967
0.9574
0.9386
0.9925
0.9911
0.8709
0.8145
0.8195
0.8379
0.7648
0.754
0.6994
0.887
0.7677
0.8537
0.8312
0.9494
0.9289
0.8213
0.8027
0.8491
0.8473
0.9368
0.827
0.9321
0.9808
0.9992
0.9233
0.9
0.9637
0.8894
0.8079
0.8022
0.9017
0.8197
0.925
0.7634
0.7619
0.8041
0.8232
0.6468
0.59
0.751
0.6927
0.7293
0.851
0.7532
0.6774
0.8626
0.9171
0.7133
0.6335
0.7353
0.8389
0.8137
0.8332
0.9782
0.8192
0.8122
0.8503
0.7654
0.7334
0.752
0.685
0.6403
0.68
0.81
0.5197
0.5481
0.74
0.5676
0.6469
0.935
0.7105
0.8488
0.7809
0.7933
0.8223
0.6991
0.7467
0.859
0.807
0.7838
0.6333
0.681
0.6882
0.7044
0.6545
0.6693
0.6812
0.6944
0.6619
0.5827
0.4973
0.4669
0.541
0.6334
0.7497
0.6803
0.5659
0.5936
0.7118
0.6359
0.5618
0.7415
0.6381
0.7606
0.7
0.4826
0.536
0.4514
0.5123
0.4519
0.4939
0.5426
0.5613
0.6709
0.6309
0.6927
0.7813
0.5484
0.4184
0.5058
0.6468
0.5413
0.5746
0.4903
0.6074
0.7239
0.6566
0.8909
0.9265
0.7659
0.7839
0.8422
0.7236
0.7177
0.6237
0.6679
0.6889
0.7581
0.9586
0.7379
0.7067
0.6644
0.702
0.6406
0.5949
0.82
0.8073
0.7129
0.6275
0.6423
0.78
0.8091
0.8027
0.7221
0.5294
0.5311
0.4985
0.4185
0.4677
0.4085
0.6179
0.6828
0.6471
0.7378
0.7848
0.6318
0.6913
0.7124
0.6627
0.7163
0.5861
0.6814
0.7134
0.7003
0.6567
0.4753
0.4097
0.5117
0.6507
0.5651
0.5891
0.5439
0.3111
0.3484
0.2667
0.4142
0.6323
0.5186
0.6268
0.5138
0.481
0.6841
0.6808
0.7864
0.7727
0.6892
0.4676
0.7031
0.9177
0.6963
0.705
0.7665
0.7775
0.7753
0.7159
0.8011
0.6503
0.6297
0.7613
0.5368
0.6845
0.6026
0.5847
0.6021
0.5903
0.4977
0.547
0.5994
0.6603
0.52
0.3814
0.3986
0.4668
0.6625
0.7135
0.63
0.6824
0.7019
0.7543
0.6605
0.5788
0.6634
0.7816
0.6847
0.6938
0.6433
0.7632
0.7257
0.8161
0.8259
0.71
0.7537
0.7658
0.7486
0.631
0.66
0.6315
0.4974
0.4859
0.5003
0.545
0.5094
0.5704
0.6997
0.7925
0.7503
0.6558
0.7075
0.575
0.6003
0.6223
0.6626
0.7823
0.7373
0.7504
0.6455
0.563
0.6079
0.4983
0.6906
0.7717
0.8763
0.8
0.9879
0.8181
0.7669
0.6509
0.7527
0.8461
0.9584
0.8933
0.865
0.7984
0.8533
0.7847
0.7954
0.8597
0.7103
0.6617
0.6651
0.782
0.9003
0.8259
0.6755
0.7934
0.835
0.8241
0.7488
0.9489
0.817
0.9407
0.8577
0.7856
0.7866
0.7418
0.7767
0.8066
0.9252
0.8952
0.9126
0.7872
0.8535
0.8907
0.7445
0.7439
0.7961
0.8274
0.8761
0.7874
0.75
0.739
0.5106
0.4036
0.5832
0.5438
0.7432
0.5428
0.9043
0.9847
0.9439
0.7636
0.6955
0.8659
0.9144
0.9954
0.8651
0.8251
0.8291
0.8845
0.8763
0.7868
0.8887
0.8821
0.79
0.9189
0.935
0.9403
0.8639
0.9087
0.9142
0.9635
0.8421
0.8553
0.83
0.8486
0.8354
0.9774
0.9903
0.8744
0.8611
0.9844
0.9015
0.9943
0.9534
0.915
0.9216
0.8013
0.6876
0.6869
0.8638
0.7438
0.5646
0.7706
0.911
0.8884
0.9757
1
0.96
0.967
0.9367
0.9603
0.9576
0.8603
0.9644
0.9119
0.9167
0.9357
0.9394
0.9731
0.7665
0.8043
0.9241
0.9347
0.8897
0.8955
0.8617
0.8985
0.6997
0.7732
0.8085
0.794
0.8585
0.809
0.9133
0.7963
0.7377
0.8762
0.9052
0.8634
0.8223
0.7682
0.6844
0.7886
0.8359
0.7891
0.7932
0.8422
0.8134
0.686
0.7348
0.8226
0.8306
0.78
0.6609
0.6424
0.5566
0.5743
0.7263
0.7431
0.7815
0.6539
0.6182
0.7584
0.9472
0.7868
0.8114
0.6648
0.9451
0.7656
0.8044
0.8245
0.7755
0.7642
0.92
0.9066
0.6679
0.83
0.7029
0.8515
0.8814
0.7404
0.7158
0.705
0.5743
0.5838
0.73
0.8622
0.8341
0.8039
0.8294
0.66
0.8938
0.7848
0.777
0.7471
0.8166
0.9893
0.7414
0.6597
0.8374
0.8777
0.9248
0.7663
0.7893
0.9406
0.9517
0.7312
0.7697
0.7632
0.732
0.69
0.84
0.8194
0.8253
0.7617
0.6048
0.599
0.6103
0.6031
0.6657
0.6777
0.8587
0.775
0.7835
0.9639
0.743
0.7143
0.5466
0.7197
0.7289
0.8897
0.9006
0.8877
0.8857
0.8703
0.7145
0.6834
0.7253
0.6383
0.5544
0.6266
0.6055
0.5847
0.5906
0.5525
0.8593
0.5974
0.5048
0.6597
0.77
0.5752
0.525
0.6571
0.6042
0.5517
0.4574
0.4384
0.3821
0.7541
0.7879
0.5839
0.6056
0.8194
0.6467
0.6368
0.6884
0.6694
0.4797
0.45
0.4306
0.4031
0.3993
0.47
0.4244
0.4057
0.4097
0.3974
0.3909
0.5887
0.6719
0.6041
0.5938
0.5588
0.7539
0.7688
0.7631
0.7956
0.658
0.6431
0.7497
0.8034
0.7688
0.7574
0.7478
0.7035
0.6748
0.767
0.6752
0.4931
0.4766
0.5761
0.5975
0.6904
0.7426
0.4832
0.3859
0.5467
0.5689
0.4857
0.6392
0.6538
0.7255
0.6623
0.505
0.5897
0.673
0.6555
0.6782
0.7024
0.7953
0.8059
0.62
0.62
0.7556
0.7191
0.6309
0.5183
0.5906
0.6217
0.7865
0.6714
0.6023
0.6938
0.7047
0.7245
0.7357
0.7158
0.8803
0.8283
0.8885
0.7503
0.7684
0.7741
0.7757
0.6634
0.713
0.7843
0.6794
0.81
0.8443
0.8375
0.6827
0.6136
0.79
0.8693
0.7006
0.7757
0.813
0.8011
0.7846
0.7361
0.7816
0.8922
0.8523
0.8341
0.799
0.8475
0.9058
0.7478
0.6128
0.5275
0.5344
0.5203
0.7353
0.8019
0.8791
0.8507
0.8403
0.9397
0.8509
0.781
0.7933
0.6681
0.7656
0.874
0.9769
0.9078
0.7872
0.7155
0.7103
0.8252
0.7961
0.7496
0.7083
0.6472
0.8435
0.8875
0.8772
0.6169
0.6403
0.7029
0.7288
0.8197
0.8471
0.9031
0.8884
0.8871
0.9063
0.8484
0.8446
0.6725
0.6706
0.7561
0.7668
0.6289
0.7319
0.6783
0.7843
0.802
0.8506
0.763
0.8631
0.8836
0.8452
0.8297
0.8432
0.8663
0.9931
0.8164
0.7191
0.903
1
0.9573
0.8731
0.8506
0.8497
0.7362
0.7938
0.9578
0.8084
0.8738
0.863
0.6594
0.6974
0.8945
0.9084
0.8871
0.9457
0.9504
0.906
0.9297
0.99
0.8971
0.9063
0.9655
0.9996
0.9864
0.9712
0.95
0.935
0.8187
0.7881
0.8439
0.8506
0.9721
0.8124
0.7997
0.9394
0.7847
0.8669
0.8588
0.7081
0.7227
0.8224
0.9027
0.8503
0.9586
0.8975
0.8566
0.6921
0.8263
0.8015
0.6736
0.8383
0.8071
0.8987
0.9221
0.915
0.8627
0.774
0.8086
0.7335
0.5526
0.5697
0.7528
0.7194
0.7307
0.7696
0.8285
0.4738
0.6616
0.7859
0.76
0.7311
0.7669
0.7878
0.8907
0.8334
0.7738
0.7436
0.6984
0.9615
0.9845
0.9976
0.9641
0.7869
0.6413
0.6871
0.9631
0.9985
0.8932
0.9471
0.9518
0.8803
0.9633
0.9985
0.9559
0.8417
0.8568
0.7097
0.7832
0.7929
0.9478
0.8461
0.7869
0.8572
0.8004
0.7771
0.7282
0.8107
0.8041
0.8194
0.8384
0.7384
0.5873
0.5057
0.6964
0.5748
0.5721
0.6785
0.6459
0.769
0.78
0.8118
0.8313
0.9952
0.9034
0.9258
0.8839
0.9077
0.676
0.4729
0.5438
0.6983
0.4785
0.7192
0.7992
0.8664
0.7339
0.8215
0.7906
0.672
0.803
0.7129
0.69
0.6986
0.7059
0.7888
0.8357
0.775
0.785
0.6952
0.69
0.7309
0.7886
0.7461
0.6868
0.7422
0.6106
0.6262
0.5803
0.6566
0.6515
0.8785
0.9946
0.943
0.8587
0.7888
0.7156
0.8
0.7783
0.7206
0.634
0.8561
0.8823
0.8925
0.8259
0.8339
0.6528
0.6418
0.7312
0.6313
0.7434
0.8339
0.5814
0.6071
0.6285
0.5863
0.5869
0.5597
0.6871
0.7653
0.7818
0.7582
0.7943
0.7368
0.6246
0.6971
0.6176
0.6516
0.6137
0.5071
0.4709
0.4994
0.5392
0.5067
0.6321
0.6777
0.5587
0.5306
0.4647
0.3775
0.486
0.5174
0.6906
0.7377
0.7316
0.8103
0.791
0.5336
0.4112
0.6231
0.688
0.7045
0.9082
0.7476
0.6789
0.6467
0.6703
0.5306
0.5267
0.4808
0.4421
0.6694
0.7571
0.4973
0.7641
0.8043
0.7409
0.7685
0.6012
0.699
0.7371
0.7024
0.8047
0.7865
0.7659
0.6855
0.6274
0.7575
0.6129
0.7503
0.5613
0.5413
0.5487
0.5148
0.57
0.4341
0.4543
0.4753
0.4554
0.4013
0.3794
0.3386
0.3012
0.5279
0.814
0.8676
0.7358
0.6425
0.8088
0.8079
0.7793
0.638
0.7217
0.7269
0.7839
0.7807
0.8173
0.4991
0.57
0.7612
0.8852
0.8379
0.8447
0.8769
0.8697
0.8667
0.8972
0.7616
0.7506
0.6749
0.6712
0.7419
0.8148
0.6713
0.6347
0.6929
0.6522
0.7325
0.7915
0.7858
0.8773
0.9023
0.8136
0.7627
0.8674
0.8886
0.9662
0.8672
0.8721
0.9956
0.8335
0.8638
0.7665
0.7371
0.6597
0.7013
0.7111
0.7807
0.8159
0.8067
0.8787
0.9203
0.9321
0.8497
0.8758
0.7816
1
0.9564
0.9883
0.8556
0.845
0.9152
0.7116
0.7438
0.8569
0.9693
0.9852
0.9415
0.8848
0.8291
0.8982
0.8678
0.8683
0.8287
0.81
0.8552
0.8917
0.8574
0.9454
0.9808
0.9739
0.9443
0.9443
0.91
0.9414
0.9961
0.9996
0.9503
0.8615
0.8961
0.9353
0.9277
0.9982
0.9515
0.8664
0.9509
0.8494
0.8244
0.8555
0.8595
0.891
0.9548
0.923
0.8923
0.9237
0.9158
0.9028
0.9583
0.8892
0.9125
0.8575
0.9248
0.9828
0.9796
0.9141
0.8021
0.8597
0.9287
0.9522
0.9319
0.9292
0.8813
0.6285
0.6246
0.899
0.9408
0.9139
0.9406
0.9093
0.8459
0.8118
0.6921
0.7937
0.7638
0.6975
0.8247
0.889
0.8958
0.8985
0.9068
0.8357
0.8053
0.8759
0.8486
0.7692
0.7479
0.8097
0.8074
0.7862
0.7444
0.5441
0.76
0.8175
0.8623
0.7661
0.8783
0.815
0.8738
0.8163
0.7062
0.76
0.8403
0.9053
0.8664
0.8923
0.9023
0.8777
0.8833
0.8274
0.9124
0.8896
0.8576
0.8396
0.7925
0.7309
0.8178
0.8719
0.95
0.8487
0.8491
0.8456
0.7406
0.9521
0.9822
0.7527
0.7991
0.932
1
0.9707
0.7959
0.7988
0.8217
0.6172
0.6127
0.7109
0.643
0.6981
0.6324
0.6923
0.751
0.7348
0.8667
0.7878
0.928
0.9523
0.881
0.8653
0.7913
0.8328
0.8593
0.8252
0.7979
0.7184
0.6327
0.7088
0.6089
0.6976
0.7509
0.9111
0.8283
0.8687
0.9903
0.8535
0.8231
0.8055
0.733
0.7679
0.7403
0.6745
0.7337
0.9976
0.831
0.732
0.6106
0.7419
0.7053
0.788
0.7483
0.9655
0.8762
0.7946
0.6012
0.6965
0.6706
0.9504
0.7513
0.7326
0.7276
0.7374
0.6658
0.81
0.9156
0.7668
0.7935
0.8708
0.9837
0.7709
0.7288
0.6942
0.6652
0.5932
0.6036
0.8774
0.9523
0.8552
0.6815
0.7593
0.7083
0.7013
0.685
0.6872
0.5995
0.5831
0.639
0.6606
0.7915
0.7481
0.7194
0.7744
0.7703
0.7725
0.7897
0.8611
0.7697
0.7362
0.6718
0.65
0.7133
0.6834
0.7183
0.7255
0.6305
0.6055
0.6688
0.6473
0.6421
0.8139
0.7525
0.827
0.6769
0.5746
0.607
0.7711
0.6424
0.87
0.8082
0.6712
0.7554
0.6822
0.6343
0.5338
0.5318
0.6463
0.6777
0.7278
0.6224
0.6959
0.7247
0.7791
0.7936
0.6962
0.478
0.4972
0.8351
0.8872
0.6928
0.6291
0.7891
0.7782
0.6976
0.6915
0.6564
0.7568
0.8594
0.855
0.7548
0.6263
0.707
0.682
0.6281
0.6345
0.8018
0.8861
0.7419
0.636
0.6414
0.4783
0.6388
0.7642
0.7082
0.8122
0.7209
0.6824
0.8232
0.5891
0.5217
0.5254
0.6703
0.789
0.8123
0.8409
0.8586
0.6282
0.5745
0.4791
0.5227
0.8083
0.8525
0.7803
0.6993
0.6197
0.7329
0.8645
0.9233
0.9003
0.9477
0.9082
0.84
0.8679
0.7987
0.7486
0.7926
0.7967
0.8182
0.8507
0.8654
0.9083
0.8637
0.8921
0.8673
0.8378
0.7357
0.6986
0.8392
0.8037
0.8403
0.6443
0.7091
0.6445
0.7041
0.49
0.5735
0.7336
0.83
0.8527
0.8758
0.8583
0.8833
0.7707
0.5435
0.8003
0.8436
0.8904
0.8816
0.6426
0.5149
0.622
0.7319
0.6618
0.6444
0.6036
0.6466
0.7225
0.8743
0.768
0.7103
0.7545
0.8193
0.7113
0.8541
0.7093
0.8434
0.97
0.8766
0.8509
0.797
0.8061
0.8662
0.8643
0.8693
0.8015
0.8559
0.8511
0.7124
0.7981
0.8177
0.7962
0.706
0.7903
0.637
0.4119
0.5413
0.7097
0.8009
0.7941
0.809
0.8611
0.9322
0.9111
0.9958
0.9123
0.9719
0.9967
0.9468
0.9092
0.8785
0.8741
0.9096
0.8528
0.8658
0.99
0.9981
0.9685
0.9986
0.97
0.9856
0.9459
0.92
0.9497
0.9311
0.9457
0.957
0.9977
0.8854
0.8282
0.8143
0.7568
0.8375
0.8552
0.8462
0.9228
0.9811
0.7035
0.6333
0.8425
0.5877
0.7489
0.9191
0.9246
0.9025
0.9054
0.8667
0.91
0.9217
0.8846
0.9333
0.8975
0.9417
0.9654
0.9779
0.9471
0.9563
0.9675
0.9854
1
0.9096
0.8146
0.7788
0.8288
0.8492
0.8971
0.6483
0.4708
0.4721
0.5338
0.5842
0.6104
0.5129
0.7104
0.7321
0.7171
0.7558
0.8146
0.9025
0.9479
0.98
0.9125
0.9463
0.8792
0.7013
0.71
0.7304
0.5258
0.5708
0.5121
0.6308
0.7029
0.7142
0.6958
0.5246
0.8788
0.8008
0.7446
0.8121
0.7342
0.6133
0.6825
0.8463
0.8792
0.7
0.5946
0.6883
0.5542
0.4554
0.5704
0.6454
0.7292
0.9092
0.8404
0.87
0.9133
0.9413
0.8613
0.7463
0.6354
0.61
0.6688
0.9829
0.9046
1
0.8842
0.9992
0.9458
0.7188
0.6963
0.7317
0.6658
0.7071
0.8404
0.9133
0.8879
0.885
0.9346
0.8733
0.8771
0.7113
0.4983
0.4508
0.5692
0.6404
0.7204
0.8525
0.6817
0.6842
0.675
0.6271
0.5913
0.6296
0.8304
0.8575
0.8767
0.8808
0.6671
0.7167
0.5617
0.4567
0.3829
0.4313
0.3708
0.6558
0.5329
0.6713
0.5954
0.6079
0.5933
0.6271
0.7063
0.8488
0.7942
0.7796
0.8854
0.7521
0.7792
0.8667
0.8867
0.7029
0.7292
0.6621
0.6308
0.6738
0.63
0.8338
0.5658
0.4346
0.4525
0.6163
0.59
0.7383
0.7638
0.7388
0.6883
0.6821
0.7204
0.7504
0.775
0.7417
0.7904
0.7967
0.8308
0.8292
0.8158
0.8492
0.7796
0.7208
0.7617
0.6858
0.5429
0.5325
0.605
0.7271
0.6633
0.6246
0.7358
0.6808
0.7117
0.5838
0.6717
0.5471
0.7042
0.7108
0.7525
0.8021
0.8292
0.6433
0.6575
0.6442
0.7471
0.8275
0.745
0.6446
0.6338
0.675
0.5692
0.4417
0.4638
0.6525
0.5117
0.6479
0.8033
0.7888
0.7846
0.7608
0.8213
0.8675
0.8204
0.8592
0.7967
0.6858
0.7004
0.8033
0.9308
0.8146
0.6263
0.6588
0.6883
0.7096
0.715
0.8096
0.8717
0.9288
0.9125
0.7763
0.7196
0.7717
0.7908
0.8821
0.8846
0.9246
0.79
0.6125
0.5008
0.5225
0.5483
0.6521
0.8588
0.88
0.9071
0.9108
0.8146
0.8075
0.8863
0.8829
0.7525
0.6246
0.6613
0.8792
0.9058
0.9525
0.9413
0.8517
0.7304
0.6646
0.8029
0.87
0.8504
0.7925
0.6654
0.7667
0.4875
0.5825
0.6917
0.745
0.8783
0.9183
0.9054
0.9563
0.9133
0.9033
0.9063
0.8396
0.7842
0.8742
0.6538
0.6167
0.6713
0.8363
0.9558
0.9071
0.9163
0.94
0.9821
0.9954
0.9742
1
1
0.9813
0.8858
0.91
0.9979
0.9288
0.9138
0.9104
0.8675
0.9833
0.9088
0.9271
0.9542
0.8863
0.8642
0.8421
0.85
0.8608
0.76
0.7642
0.7925
0.8104
0.7533
0.6983
0.6867
0.8533
0.9038
0.8321
0.9383
0.9454
0.9254
0.8525
0.9183
0.8888
0.7913
0.8575
0.9021
0.8738
0.9079
0.8471
0.8246
0.6992
0.7221
0.7325
0.7067
0.7538
0.7242
0.7592
0.8279
0.8642
0.7358
0.7121
0.765
0.7529
0.7842
0.8179
0.6513
0.7321
0.8267
0.8263
0.7321
0.7783
0.7825
0.7413
0.7325
0.8233
0.8088
0.8025
0.7896
0.7671
0.6675
0.8867
0.9092
0.8646
0.8579
0.7396
0.8058
0.8742
0.7808
0.7371
0.7179
0.6504
0.7229
0.8304
0.8925
0.9008
0.8946
0.9192
0.9046
0.9221
0.8779
0.8917
0.8792
0.9554
0.9367
0.885
0.79
0.8467
0.8971
0.8775
0.885
0.8996
0.8208
0.845
0.8079
0.8404
0.8658
0.9008
0.9225
0.8929
0.87
0.8125
0.8458
0.8725
0.7867
0.7433
0.7563
0.6625
0.7588
0.7958
0.9046
0.7692
0.7925
0.8117
0.7875
0.6121
0.5692
0.5579
0.6496
0.6433
0.8129
0.8221
0.7396
0.7104
0.5796
0.8017
0.6842
0.6783
0.71
0.6188
0.5729
0.6463
0.5288
0.6313
0.6779
0.6263
0.6008
0.565
0.5654
0.6213
0.8608
0.8283
0.8525
0.825
0.7742
0.8675
0.8929
0.8725
0.7938
0.6288
0.6804
0.6596
0.68
0.6913
0.6067
0.5179
0.6342
0.6646
0.69
0.6888
0.5583
0.7146
0.735
0.6038
0.845
0.8979
0.8904
0.8204
0.585
0.5171
0.5683
0.6533
0.7304
0.7792
0.7554
0.86
0.6929
0.6996
0.8192
0.8567
0.6054
0.5417
0.5375
0.4813
0.5692
0.6421
0.5604
0.4808
0.6063
0.7758
0.6488
0.4275
0.5258
0.6654
0.5979
0.7833
0.6
0.6308
0.7942
0.7304
0.6792
0.5754
0.5792
0.4954
0.4971
0.5021
0.5571
0.6617
0.7446
0.7538
0.5142
0.5029
0.4996
0.5767
0.5296
0.4496
0.36
0.5242
0.6379
0.665
0.6283
0.5838
0.6104
0.5458
0.5654
0.4921
0.5417
0.4921
0.5733
0.6663
0.5483
0.4683
0.5383
0.5279
0.4354
0.6329
0.6779
0.6963
0.6071
0.5388
0.5808
0.5804
0.6175
0.4867
0.695
0.6783
0.6229
0.5213
0.5563
0.6229
0.5092
0.4571
0.6108
0.6779
0.7083
0.6754
0.6304
0.7146
0.6821
0.5438
0.4467
0.4663
0.5538
0.5688
0.605
0.5846
0.6004
0.6713
0.6496
0.5396
0.49
0.64
0.6492
0.6696
0.6183
0.4408
0.6196
0.5533
0.5442
0.68
0.65
0.6479
0.5638
0.5017
0.4158
0.5083
0.5938
0.5733
0.6158
0.5833
0.5421
0.5438
0.4471
0.4983
0.5971
0.8183
0.8213
0.6683
0.6496
0.5196
0.6283
0.6638
0.7554
0.6725
0.7271
0.4842
0.5329
0.5688
0.5463
0.4946
0.6579
0.7408
0.7758
0.8221
0.6654
0.5254
0.6625
0.7067
0.7346
0.7388
0.7521
0.7438
0.74
0.8438
0.8558
0.8608
0.6692
0.7525
0.6633
0.6671
0.7117
0.8163
0.7775
0.8571
0.9146
0.7863
0.7092
0.6138
0.7088
0.8421
0.8354
0.8379
0.7521
0.82
0.6613
0.5929
0.6563
0.7038
0.7283
0.9042
0.8858
0.8704
0.8621
0.8421
0.8058
0.7946
0.8438
0.8471
0.81
0.8854
0.8513
0.8475
0.8775
0.755
0.9008
0.7392
0.8642
0.825
0.8592
0.7858
0.7533
0.7921
0.8621
0.8354
0.7633
0.655
0.7092
0.7642
0.8367
0.9042
0.8233
0.8383
0.8792
0.9183
0.8263
0.7463
0.755
0.8717
0.8817
0.8271
0.7242
0.8125
0.725
0.7158
0.7192
0.6938
0.8096
0.8721
0.8771
0.7579
0.8608
0.8738
0.82
0.8838
0.9079
0.8225
0.7358
0.8071
0.8567
0.7779
0.7913
0.6696
0.8704
0.8908
0.8363
0.9313
0.9492
0.9546
0.9167
0.8463
0.7583
0.7846
0.8196
0.7667
0.8038
0.8767
0.8571
0.7325
0.7158
0.7246
0.8446
0.7692
0.7729
0.8183
0.8029
0.6133
0.745
0.6929
0.7567
0.9113
0.8596
0.8129
0.7654
0.8354
0.8579
0.8579
0.8279
0.9158
0.9154
0.8929
0.8575
0.7825
0.7329
0.7838
0.82
0.8958
0.7196
0.6663
0.7954
0.8275
0.5596
0.6525
0.6671
0.7383
0.9617
0.8288
0.825
0.8538
0.8742
0.8321
0.8371
0.6533
0.79
0.7992
0.6121
0.6833
0.58
0.5596
0.6838
0.4733
0.3421
0.8192
0.8467
0.8388
0.8933
0.9108
0.7958
0.6988
0.6625
0.6333
0.6108
0.69
0.6729
0.565
0.5588
0.5975
0.6183
0.4658
0.5388
0.8067
0.5367
0.5992
0.3413
0.4758
0.5908
0.5721
0.5188
0.5808
0.6417
0.6108
0.6013
0.5304
0.5963
0.4513
0.4517
0.5983
0.5367
0.5958
0.7938
0.8758
0.7283
0.6171
0.5417
0.81
0.8883
0.8646
0.9146
0.8467
0.9154
0.8917
0.8238
0.7625
0.7604
0.8267
0.8733
0.9238
0.9688
0.9242
0.8863
0.7454
0.7258
0.7425
0.7138
0.7792
0.7329
0.62
0.5838
0.5879
0.5696
0.5842
0.6067
0.7692
0.8283
0.7654
0.9071
0.7354
0.8625
0.8258
0.6908
0.5567
0.53
0.5613
0.5046
0.6429
0.5271
0.6283
0.6638
0.5517
0.5992
0.5879
0.6229
0.6442
0.8075
0.6242
0.49
0.4846
0.5121
0.4833
0.6096
0.6567
0.5208
0.5042
0.4808
0.6479
0.5267
0.4404
0.4804
0.575
0.6813
0.8125
0.6542
0.6383
0.6625
0.5246
0.5796
0.6163
0.6279
0.6617
0.6204
0.5825
0.7179
0.7375
0.6863
0.6171
0.5117
0.5683
0.5113
0.7033
0.5696
0.4754
0.4971
0.5104
0.7392
0.7679
0.6029
0.5683
0.7054
0.6721
0.4546
0.4621
0.5967
0.3671
0.4367
0.4267
0.4263
0.5821
0.67
0.72
0.6413
0.5417
0.6354
0.6963
0.68
0.6713
0.6858
0.7758
0.7996
0.64
0.4638
0.7338
0.6508
0.6096
0.7038
0.6054
0.5225
0.7267
0.7683
0.7696
0.6225
0.6438
0.6913
0.7513
0.8429
0.6763
0.6063
0.6283
0.6638
0.7896
0.615
0.6913
0.7492
0.6458
0.5829
0.8092
0.7296
0.4892
0.4879
0.6679
0.7
0.7388
0.4821
0.4913
0.4471
0.375
0.3696
0.4646
0.4704
0.5179
0.6671
0.6733
0.5883
0.6525
0.6783
0.7142
0.7379
0.7688
0.7725
0.6538
0.7367
0.7129
0.6475
0.6817
0.6954
0.8096
0.6783
0.5713
0.8033
0.875
0.8946
0.7642
0.7592
0.5854
0.4983
0.4392
0.5908
0.8333
0.8138
0.8358
0.8163
0.8529
0.8904
0.92
0.8379
0.7875
0.8038
0.7038
0.6854
0.8804
0.7721
0.7283
0.8404
0.8271
0.8179
0.8879
0.8133
0.76
0.7421
0.685
0.6658
0.6967
0.8571
0.7179
0.6658
0.7167
0.6263
0.6538
0.4342
0.4471
0.5517
0.6917
0.6771
0.7825
0.8154
0.7179
0.6583
0.5508
0.5713
0.655
0.5163
0.6879
0.6704
0.5804
0.4029
0.3254
0.3479
0.3021
0.3475
0.8513
0.8796
0.7292
0.81
0.7492
0.6558
0.6338
0.7067
0.7629
0.7783
0.7763
0.7229
0.7933
0.6338
0.7204
0.7054
0.6954
0.6596
0.5892
0.5388
0.6296
0.5796
0.5896
0.5088
0.5479
0.705
0.7004
0.9038
0.9058
0.8383
0.8279
0.8283
0.8022
0.9483
0.9271
0.8108
0.8021
0.8996
0.8633
0.84
0.855
0.8529
0.7483
0.8213
0.95
0.8992
0.7792
0.8142
0.8225
0.8842
0.9246
0.9496
0.8596
0.7338
0.7446
0.8892
0.7771
0.7342
0.6954
0.7904
0.8375
0.8821
0.9325
0.8021
0.8
0.9213
0.8983
0.8754
0.8054
0.6408
0.6317
0.5538
0.7325
0.71
0.7958
0.8733
0.6608
0.6133
0.5988
0.7417
0.7167
0.7829
0.7825
0.7538
0.6646
0.7613
0.74
0.7921
0.8667
0.7633
0.8783
0.9138
0.873
0.8175
0.7996
0.7488
0.8296
0.9617
0.9067
0.8421
0.9008
0.8596
0.7146
0.69
0.7321
0.5479
0.4229
0.3479
0.4946
0.6125
0.7425
0.6596
0.5558
0.5321
0.6933
0.7339
-99
0.4
0.5629
0.6508
0.6608
0.4163
0.5208
0.4992
0.4325
0.6396
0.5463
0.5946
0.77
0.7767
0.7608
0.7538
0.5825
0.5142
0.5217
0.5413
0.7738
0.7171
0.5358
0.8538
0.6692
0.7113
0.8208
0.8046
0.6729
0.5821
0.5829
0.5504
0.7258
0.7167
0.7308
0.6038
0.9158
0.6825
0.5446
0.7033
0.665
0.7013
0.6696
0.5738
0.8654
0.6504
0.5746
0.6596
0.4371
0.3217
0.3675
0.5217
0.6813
0.5983
0.4679
0.8804
0.9
0.8013
0.8546
0.7863
0.9475
0.8925
0.9075
0.9079
0.8008
0.9008
0.6963
0.6283
0.7775
0.81
0.8779
0.9063
0.7883
0.8954
0.8292
0.7567
0.6654
0.8083
0.8542
0.8325
0.8033
0.7204
0.7242
0.6283
0.6192
0.6683
0.6946
0.8033
0.8675
0.6175
0.5221
0.73
0.8475
0.8721
0.8017
0.7158
0.8033
0.6025
0.5292
0.5129
0.4813
0.5708
0.6904
0.6029
0.735
0.6075
0.7113
0.6704
0.6721
0.8042
0.5546
0.6992
0.7279
0.7467
0.6279
0.7617
0.7958
0.6788
0.7475
0.8413
0.6296
0.6263
0.6879
0.6513
0.5763
0.6579
0.6867
0.6221
0.6308
0.5408
0.7617
0.7533
0.7342
0.6888
0.6654
0.7846
0.7996
0.5804
0.3721
0.6108
0.625
0.6696
0.6317
0.6267
0.5388
0.6688
0.5304
0.5675
0.7717
0.8104
0.5642
0.5008
0.6788
0.5167
0.5575
0.7217
0.7638
0.7067
0.7008
0.8167
0.7675
0.84
0.7167
0.7746
0.8042
0.695
0.5979
0.4933
0.5692
0.8471
0.7858
0.8413
0.8129
0.6908
0.6429
0.7171
0.7583
0.7875
0.6046
0.7542
0.7446
0.5996
0.5296
0.5038
0.5838
0.6475
0.8413
0.8496
0.8025
0.7583
0.8633
0.9221
0.9146
0.8304
0.7571
0.8879
0.7254
0.7604
0.7338
0.6796
0.6533
0.6175
0.4954
0.575
0.6454
0.7983
0.6679
0.7354
0.7367
0.6733
0.6892
0.8663
0.8729
0.905
0.8542
0.7658
0.7796
0.9413
0.8546
0.8738
0.8946
0.8958
0.8492
0.8125
0.7358
0.7492
0.77
0.9229
0.8775
0.7388
0.9067
0.855
0.9054
0.8
0.7571
0.7567
0.8004
0.835
0.9075
0.8708
0.8858
0.8929
0.8621
0.6538
0.5813
0.7354
0.8296
0.8025
0.8633
0.9108
0.8583
0.8233
0.6871
0.7067
0.6525
0.5933
0.5754
0.7775
0.6358
0.6742
0.6213
0.6463
0.7729
0.7442
0.82
0.625
0.6604
0.8883
0.9
0.94
0.6021
0.6829
0.7971
0.8163
0.8725
0.8138
0.8
0.7704
0.6946
0.7238
0.8063
0.7817
0.7783
0.7371
0.8029
0.8271
0.8846
0.9158
0.8438
0.93
0.93
0.8963
0.94
0.9688
0.9542
0.8967
0.8304
0.8163
0.7192
0.7296
0.8979
0.9071
0.9204
0.9221
0.8667
0.8842
0.7829
0.8871
0.9217
0.8
0.8117
0.6883
0.6558
0.7838
0.7938
0.5821
0.6363
0.6858
0.7371
0.7729
0.8304
0.9313
0.9654
0.9292
0.9246
0.8279
0.7629
0.8738
0.8467
0.7475
0.7458
0.6775
0.5646
0.7454
0.6563
0.6142
0.6613
0.8329
0.8567
0.6754
0.6388
0.7621
0.8217
0.8242
0.6783
0.6408
0.77
0.8633
0.8221
0.7908
0.7758
0.9204
0.8758
0.9263
0.8958
0.7788
0.5208
0.5771
0.6575
0.6704
0.6429
0.6325
0.835
0.7413
0.7004
0.6013
0.6854
0.6513
0.6067
0.6717
0.6904
0.7388
0.7438
0.5704
0.5671
0.4929
0.4979
0.6858
0.79
0.8438
0.8188
0.9021
0.8271
0.8096
0.8792
0.8383
0.8438
0.8708
0.9429
0.8696
0.8179
0.9038
0.8563
0.8204
0.7296
0.7683
0.8629
0.8029
0.7125
0.7658
0.7883
0.6525
0.5708
0.5442
0.5204
0.5608
0.6854
0.8483
0.6442
0.5579
0.5875
0.7904
0.7025
0.5913
0.6033
0.6058
0.5767
0.5842
0.5442
0.5821
0.7546
0.8225
0.76
0.74
0.8317
0.6642
0.5246
0.5567
0.6096
0.6563
0.6008
0.5408
0.55
0.6858
0.5471
0.6658
0.805
0.5292
0.4925
0.4296
0.5517
0.5279
0.5383
0.6029
0.5554
0.6646
0.6788
0.8879
0.6308
0.6125
0.7617
0.4504
0.5621
0.5492
0.6554
0.5438
0.3867
0.4263
0.6388
0.5333
0.4467
0.5479
0.6121
0.5058
0.6275
0.7779
0.7825
0.7546
0.7288
0.7292
0.7042
0.5883
0.42
0.3446
0.4863
0.5625
0.5079
0.68
0.7008
0.7229
0.6925
0.8683
0.7158
0.795
0.7917
0.5496
0.6679
0.7625
0.7021
0.4858
0.4604
0.6858
0.6883
0.6979
0.7192
0.5017
0.4063
0.5438
0.6796
0.6804
0.6188
0.6588
0.5321
0.6821
0.79
0.6604
0.7617
0.7788
0.72
0.7142
0.6638
0.7363
0.7604
0.7
0.7358
0.6567
0.5883
0.5358
0.5354
0.5796
0.4079
0.3692
0.3317
0.405
0.5508
0.6925
0.6654
0.6871
0.7488
0.7158
0.715
0.6533
0.5842
0.6692
0.7858
0.7783
0.8371
0.7975
0.6058
0.5654
0.7738
0.7725
0.7283
0.6158
0.6196
0.5967
0.7467
0.8425
0.6988
0.7508
0.6588
0.7092
0.7863
0.665
0.6525
0.6363
0.6688
0.7125
0.6921
0.6638
0.7388
0.7554
0.7004
0.6238
0.8075
0.785
0.6354
0.655
0.7213
0.7788
0.7646
0.7742
0.7271
0.7288
0.7033
0.6471
0.6604
0.5717
0.5425
0.5646
0.3425
0.3454
0.6029
0.835
0.8629
0.7963
0.83
0.7029
0.7463
0.8263
0.8283
0.8721
0.8988
0.8771
0.8033
0.8688
0.9108
0.6767
0.5342
0.5396
0.5796
0.6579
0.7479
0.6946
0.6242
0.5925
0.6888
0.7379
0.79
0.7013
0.665
0.6025
0.635
0.7975
0.8763
0.8638
0.8525
0.7283
0.6579
0.7067
0.6329
0.6804
0.7442
0.7013
0.845
0.7363
0.6667
0.6996
0.835
0.7121
0.6971
0.7308
0.7483
0.6629
0.7667
0.81
0.7767
0.8867
0.8813
0.8763
0.7754
0.75
0.8521
0.6713
0.6658
0.66
0.8933
0.9779
0.8738
0.8888
0.7775
0.9192
0.7642
0.695
0.8817
0.8017
0.7488
0.6288
0.7508
0.8604
0.8629
0.9196
0.6988
0.9271
0.9083
0.7171
0.7808
0.8254
0.8321
0.8
0.8638
0.7625
0.7833
0.8733
0.9554
0.9663
0.7663
0.7354
0.8263
0.8754
0.8538
0.8992
0.9154
0.7913
0.7379
0.7646
0.7038
0.7438
0.6888
0.7529
0.7579
0.9117
0.7171
0.6233
0.74
0.9267
0.7842
0.5617
0.5029
0.5217
0.6854
0.6771
0.8017
0.8738
0.9183
0.8146
0.7679
0.5992
0.8413
0.8804
0.7142
0.6033
0.7063
0.5729
0.8858
0.6846
0.685
0.6396
0.86
0.7175
0.6992
0.5854
0.8663
0.9046
0.6204
0.5388
0.71
0.7496
0.6738
0.5533
0.6329
0.7621
0.7108
0.7796
0.8613
0.6504
0.785
0.9088
0.8925
0.9083
0.91
0.6229
0.5133
0.5304
0.7988
0.6279
0.6038
0.6333
0.6538
0.6538
0.5733
0.6763
0.6429
0.8517
0.6521
0.6075
0.5763
0.495
0.8154
0.8213
0.8438
0.6475
0.6338
0.6529
0.7954
0.7671
0.6842
0.6408
0.5446
0.7513
0.8013
0.6867
0.63
0.66
0.4858
0.6375
0.7688
0.7979
0.6642
0.9333
0.7283
0.6242
0.7025
0.7533
0.7308
0.8517
0.7646
0.6663
0.8229
0.7663
0.7263
0.6413
0.5213
0.58
0.6946
0.6496
0.6221
0.5546
0.6071
0.6104
0.5313
0.5271
0.5892
0.7054
0.7854
0.6642
0.5233
0.4867
0.5658
0.6425
0.6733
0.6575
0.5858
0.8142
0.8108
0.8038
0.9242
0.8154
0.7954
0.7588
0.8042
0.8713
0.7317
0.7146
0.7225
0.7608
0.5971
0.46
0.5288
0.7029
0.7408
0.6063
0.5063
0.5821
0.5246
0.5783
0.5846
0.5721
0.5263
0.5108
0.6346
0.6308
0.6383
0.5504
0.68
0.5783
0.53
0.6679
0.4675
0.4504
0.5754
0.7396
0.7204
0.7042
0.6633
0.6775
0.7625
0.6817
0.7121
0.8158
0.5875
0.5296
0.5425
0.4979
0.6367
0.6863
0.6813
0.6054
0.7404
0.7821
0.7754
0.6592
0.5917
0.5763
0.5542
0.7308
0.7417
0.6154
0.7638
0.7221
0.7842
0.7358
0.665
0.6108
0.745
0.8108
0.7842
0.8725
0.7692
0.6513
0.5492
0.715
0.71
0.6863
0.6946
0.4733
0.5275
0.615
0.6258
0.7367
0.8096
0.7808
0.715
0.6875
0.7879
0.7292
0.7904
0.5058
0.5775
0.7033
0.7575
0.7463
0.6329
0.6563
0.7546
0.8683
0.9479
0.8538
0.6642
0.93
0.8942
0.8692
0.8625
0.6771
0.5729
0.5588
0.5908
0.7033
0.7029
0.8013
0.8608
0.8558
0.8317
0.5875
0.5713
0.7571
0.7463
0.7946
0.8275
0.9038
0.8358
0.7933
0.825
0.7783
0.7729
0.7442
0.6108
0.4958
0.6058
0.7254
0.8167
0.8671
0.8533
0.7229
0.4404
0.5388
0.5721
0.5608
0.8133
0.6713
0.6804
0.6875
0.5804
0.725
0.7492
0.8283
0.8225
0.7079
0.765
0.6354
0.5938
0.5992
0.6883
0.7417
0.7725
0.7063
0.6
0.7408
0.6529
0.8125
0.9254
0.8246
0.755
0.7288
0.7704
0.6975
0.6929
0.6979
0.6525
0.6888
0.8979
0.8267
0.7429
0.6992
0.6946
0.8325
0.8383
0.7954
0.7704
0.8338
0.8183
0.7758
0.7225
0.8767
0.8692
0.4829
0.4933
0.565
0.695
0.8004
0.7263
0.9446
0.9663
0.8975
0.6467
0.4821
0.4133
0.6763
0.7392
0.8096
0.8483
0.9188
0.9121
0.7975
0.7546
0.7925
0.9075
0.9196
0.8138
0.6213
0.83
0.8229
0.7521
0.7342
0.8154
0.7483
0.7933
0.8338
0.815
0.8654
0.8254
0.8792
0.3313
0.4642
0.5542
0.6121
0.6379
0.7025
0.7621
0.8758
0.8888
0.8383
0.8008
0.6892
0.5313
0.5842
0.6958
0.6263
0.6208
0.7633
0.7867
0.875
0.8713
0.8692
0.7954
0.7629
0.7142
0.8546
0.7108
0.8654
0.6713
0.7096
0.6696
0.6471
0.6146
0.7396
0.7317
0.6646
0.6654
0.4954
0.7363
0.5196
0.5813
0.7888
0.7892
0.7875
0.7021
0.6542
0.6833
0.7875
0.7421
0.7621
0.94
0.7938
0.845
0.9183
0.9013
0.6913
0.6913
0.6846
0.7421
0.7217
0.7175
0.615
0.6938
0.7858
0.8454
0.7208
0.6738
0.6408
0.7438
0.7179
0.68
0.6188
0.7729
0.7575
0.7188
0.7004
0.65
0.5508
0.5583
0.5638
0.5892
0.5725
0.7425
0.785
0.6258
0.6908
0.6096
0.6425
0.7746
0.7604
0.6058
0.7688
0.8913
0.8892
0.7925
0.7104
0.6871
0.7604
0.8575
0.7575
0.765
0.7679
0.7392
0.6875
0.6871
0.5696
0.7758
0.7933
0.8075
0.8246
0.7229
0.6654
0.6583
0.7004
0.5817
0.6379
0.7208
0.6279
0.6646
0.5808
0.5196
0.3917
0.4467
0.4317
0.4033
0.5763
0.7792
0.6738
0.7846
0.7588
0.8067
0.405
0.6254
0.8104
0.8942
0.8367
0.8
0.8671
0.7367
0.8138
0.8525
0.6813
0.8021
0.8392
0.6133
0.61
0.7146
0.7125
0.5229
0.5592
0.7783
0.63
0.5417
0.7104
0.6333
0.6742
0.4646
0.4979
0.4813
0.5421
0.5263
0.5958
0.7429
0.8067
0.6946
0.62
0.6704
0.6429
0.5325
0.6638
0.6279
0.5496
0.6992
0.5675
0.575
0.6338
0.7433
0.64
0.5096
0.5088
0.4979
0.6717
0.6933
0.4525
0.6013
0.5467
0.6154
0.7163
0.6004
0.7988
0.7167
0.705
0.78
0.6575
0.73
0.6317
0.75
0.7721
0.7529
0.6629
0.4688
0.6288
0.7671
0.7483
0.7613
0.6804
0.7142
0.5771
0.6775
0.615
0.5
0.425
0.3971
0.3517
0.5171
0.7296
0.745
0.5221
0.4067
0.7408
0.7567
0.7367
0.7629
0.7367
0.7167
0.7517
0.6642
0.6967
0.6258
0.6175
0.6692
0.7442
0.7179
0.555
0.6025
0.7358
0.6567
0.6763
0.7421
0.7892
0.5621
0.4817
0.5721
0.7542
0.7463
0.7933
0.7558
0.7183
0.6246
0.5604
0.5875
0.655
0.7288
0.7325
0.6946
0.4963
0.4242
0.4663
0.5804
0.4875
0.4971
0.4975
0.4629
0.4429
0.4525
0.5467
0.7308
0.7096
0.7383
0.7713
0.7154
0.695
0.4942
0.62
0.765
0.8913
0.85
0.6075
0.595
0.8929
0.9496
0.9313
0.8654
0.905
0.8792
0.8929
0.9033
0.9492
0.8621
0.8071
0.8638
0.8413
0.8088
0.8579
0.8963
0.8671
0.8408
0.8313
0.9163
0.835
0.9013
0.9263
0.8633
0.8667
0.8142
0.8679
0.8675
0.8858
0.9142
0.9179
0.8892
0.9542
0.8867
0.9204
0.9179
0.9004
0.8242
0.7146
0.7217
0.7092
0.7425
0.8125
0.9013
0.9163
0.9333
0.7858
0.74
0.7288
0.6438
0.6025
0.6729
0.7429
0.7667
0.7567
0.7058
0.7421
0.8129
0.68
0.6554
0.7446
0.7538
0.7342
0.6679
0.6929
0.6954
0.8046
0.6458
0.6879
0.6121
0.5517
0.5271
0.6529
0.7754
0.8025
0.8217
0.87
0.9279
0.9242
0.8808
0.8163
0.8154
0.8233
0.7692
0.7933
0.7413
0.6613
0.7238
0.7525
0.7404
0.7454
0.7792
0.9304
0.795
0.5467
0.4813
0.6154
0.8654
0.7533
0.4496
0.2338
0.7083
0.5008
0.2092
0.2792
0.575
0.4567
0.275
0.3713
0.3221
0.5358
0.5096
0.4808
0.6446
0.6671
0.6617
0.4388
0.5
0.31
0.2113
0.2904
0.41
0.4838
0.6625
0.8108
0.7317
0.6721
0.7463
0.7742
0.6875
0.4138
0.4113
0.4579
0.5504
0.5679
0.4858
0.495
0.5463
0.5421
0.5092
0.4288
0.3888
0.6213
0.4
0.4992
0.5446
0.8575
0.8188
0.7842
0.69
0.5863
0.6979
0.6529
0.5292
0.4675
0.3592
0.4538
0.5075
0.6525
0.845
0.9242
0.8917
0.8867
0.6921
0.6229
0.6988
0.7996
0.6154
0.7758
0.6429
0.6771
0.5533
0.3621
0.4908
0.5508
0.5417
0.5358
0.6496
0.7117
0.7554
0.4413
0.7568
0.6313
0.5504
0.7054
0.6796
0.7725
0.7367
0.685
0.715
0.7417
0.6829
0.7004
0.6596
0.6392
0.6754
0.4067
0.4217
0.52
0.7063
0.6892
0.4421
0.6225
0.9017
0.7104
0.7775
0.8004
0.6129
0.5038
0.5017
0.5029
0.4179
0.6517
0.6617
0.5733
0.5604
0.5358
0.4608
0.4779
0.4279
0.6883
0.6113
0.6788
0.6917
0.7154
0.5767
0.5746
0.5971
0.6496
0.3975
0.4854
0.6154
0.5179
0.4646
0.5292
0.6242
0.66
0.6054
0.4254
0.5667
0.525
0.5167
0.4408
0.4983
0.4075
0.4821
0.5213
0.6592
0.7483
0.6213
0.7013
0.7371
0.7658
0.7429
0.7346
0.7625
0.6896
0.7283
0.6942
0.6008
0.7442
0.7142
0.5608
0.5954
0.5583
0.3925
0.3817
0.5346
0.6242
0.5425
0.6321
0.64
0.6858
0.5508
0.4467
0.5971
0.6717
0.7867
0.7579
0.6183
0.615
0.5433
0.5667
0.6863
0.6108
0.6021
0.4663
0.2729
0.3867
0.4425
0.5592
0.6717
0.7342
0.5538
0.4746
0.4496
0.3242
0.3808
0.4129
0.3933
0.4138
0.4317
0.6808
0.4954
0.5321
0.7954
0.775
0.7675
0.7908
0.415
0.3921
0.3508
0.4496
0.5192
0.5871
0.5725
0.645
0.7204
0.7979
0.7521
0.7613
0.5483
0.4279
0.3683
0.3979
0.725
0.7983
0.8
0.765
0.8329
0.7946
0.8046
0.7996
0.4713
0.4583
0.6608
0.6733
0.6808
0.8188
0.7513
0.6483
0.6246
0.8142
0.7829
0.7825
0.7942
0.7225
0.8075
0.6888
0.8471
0.8729
0.8163
0.7092
0.7308
0.6838
0.6529
0.7888
0.7196
0.7908
0.8471
0.8833
0.8158
0.8096
0.8538
0.9363
0.9017
0.6779
0.505
0.6708
0.8479
0.7492
0.6358
0.7054
0.8158
0.8783
0.6475
0.6758
0.7446
0.8121
0.9204
0.8938
0.835
0.8042
0.8229
0.8542
0.8942
0.9454
0.9288
0.9254
0.8454
0.8463
0.8842
0.8192
0.8613
0.8804
0.9067
0.8883
0.8717
0.7538
0.5946
0.7679
0.7008
0.5975
0.6871
0.6029
0.6538
0.7808
0.7596
0.62
0.6971
0.7346
0.8321
0.9046
0.9071
0.8458
0.7429
0.745
0.6563
0.7042
0.8358
0.7875
0.7063
0.7783
0.7875
0.7725
0.8117
0.7317
0.6392
0.7922
0.7358
0.7088
0.7958
0.8188
0.7554
0.6996
0.6188
0.6288
0.5596
0.6383
0.7104
0.7896
0.7317
0.6821
0.7646
0.8204
0.7667
0.7925
0.7342
0.5558
0.8796
0.8704
0.8067
0.677
0.6367
0.7108
0.7796
0.5904
0.7233
0.6175
0.7175
0.6325
0.6792
0.7225
0.67
0.6708
0.3996
0.6729
0.6975
0.7188
0.5413
0.7771
0.6029
0.6521
0.6471
0.6488
0.6408
0.7671
0.7379
0.8758
0.8783
0.9038
0.8525
0.8226
0.7354
0.8046
0.7188
0.5438
0.5967
0.6983
0.6846
0.8313
0.8263
0.6846
0.7138
0.8204
0.8708
0.8908
0.7221
0.6563
0.7358
0.6408
0.6288
0.665
0.7163
0.4846
0.4821
0.7813
0.8875
0.6633
0.6479
0.7025
0.6104
0.8167
0.7963
0.7233
0.6679
0.7633
0.9108
0.7642
0.7808
0.5979
0.5829
0.6642
0.5575
0.6338
0.8213
0.7542
0.59
0.6208
0.5971
0.5883
0.6713
0.5879
0.5475
0.6617
0.5267
0.4259
0.4742
0.4571
0.4975
0.7025
0.4063
0.5558
0.6175
0.6254
0.5571
0.7729
0.8258
0.8154
0.9358
0.9558
0.8167
0.7475
0.7254
0.7158
0.71
0.6954
0.6338
0.565
0.6742
0.838
-99
-99
-99
0.6845
0.892
0.89
0.6696
0.6963
0.7713
0.7746
0.865
0.7408
0.6263
0.6092
0.4921
0.5104
0.7125
0.7617
0.6263
0.5
0.6179
0.5709
0.5283
0.5396
0.6063
0.6563
0.6363
0.6146
0.6129
0.7788
0.7971
0.7363
0.7033
0.6992
0.5896
0.6854
0.5071
0.43
0.6071
0.7992
0.7213
0.6629
0.7267
0.6154
0.5983
0.5621
0.6675
0.6571
0.6708
0.63
0.6283
0.72
0.6113
0.7117
0.7238
0.6738
0.7113
0.5388
0.4788
0.4533
0.5467
0.6892
0.7275
0.6929
0.6767
0.6063
0.5854
0.5604
0.5883
0.755
0.7679
0.6804
0.6563
0.6204
0.7058
0.6592
0.6579
0.6125
0.6963
0.4967
0.5004
0.6863
0.5971
0.5992
0.6954
0.7792
0.6325
0.6575
0.6675
0.6546
0.5904
0.5183
0.58
0.6563
0.5804
0.5508
0.7063
0.7425
0.7513
0.7542
0.77
0.6933
0.6221
0.7467
0.7778
0.7475
0.72
0.5613
0.7863
0.74
0.7483
0.6904
0.5979
0.5975
0.5929
0.6492
0.6354
0.6975
0.66
0.795
0.8942
0.8113
0.67
0.7246
0.6221
0.59
0.7292
0.8008
0.6717
0.4888
0.5663
0.6
0.5567
0.6429
0.6579
0.7392
0.7721
0.7979
0.8042
0.7738
0.6617
0.6838
0.6158
0.6163
0.6358
0.7063
0.83
0.8529
0.7675
0.7129
0.7708
0.7883
0.7521
0.6592
0.5888
0.6463
0.7458
0.6854
0.6729
0.6242
0.7504
0.812
0.8196
0.8317
0.8292
0.8117
0.7388
0.745
0.82
0.7875
0.6117
0.5658
0.5446
0.5325
0.5413
0.4925
0.5313
0.7
0.7654
0.7013
0.655
0.7571
0.6575
0.5033
0.6326
0.6183
0.6908
0.7504
0.5896
0.4904
0.8317
0.8617
0.9346
0.7204
0.6654
0.6925
0.62
0.6025
0.64
0.6446
0.6508
0.6871
0.7175
0.7304
0.7746
0.6258
0.6925
0.6663
0.6767
0.8142
0.7367
0.7321
0.8496
0.8825
0.8521
0.8404
0.885
0.9225
0.8554
0.7613
0.8129
0.7875
0.8558
0.9025
0.7408
0.73
0.7042
0.7621
0.8563
0.8321
0.6392
0.7404
0.7096
0.6658
0.6825
0.6971
0.7508
0.7942
0.7838
0.7988
0.6417
0.7342
0.7721
0.8546
0.8104
0.9313
0.885
0.9142
0.8463
0.7546
0.8337
0.8458
0.7663
0.9229
0.8888
0.7104
0.74
0.875
0.7558
0.7333
0.68
0.6788
0.6125
0.7025
0.8508
0.7579
0.7967
0.8571
0.6592
0.72
0.7058
0.6833
0.7471
0.63
0.6921
0.6821
0.7921
0.7263
0.7563
0.7175
0.7436
-99
-99
0.7683
0.7438
0.6683
0.6846
0.6125
0.5938
0.7125
0.805
0.7396
0.6042
0.7329
0.7033
0.7483
0.7179
0.5963
0.7046
0.76
0.7754
0.6596
0.61
0.6046
0.6233
0.655
0.6713
0.7346
0.6958
0.5354
0.5225
0.5567
0.6633
0.71
0.805
0.8113
0.6988
0.5429
0.6442
0.675
0.6275
0.62
0.6883
0.6146
0.8642
0.8629
0.7521
0.6233
0.9054
0.6621
0.6525
0.7113
0.7479
0.7621
0.7854
0.8004
0.7392
0.8092
0.7217
0.7008
0.7408
0.6854
0.6883
0.6513
0.5704
0.8833
0.9438
0.8213
0.865
0.7991
0.6281
0.6456
0.5392
0.5629
0.6908
0.6185
0.6106
0.524
0.5125
0.6023
0.6613
0.7281
0.7617
0.6635
0.6652
0.6613
0.7442
0.8417
0.7213
0.58
0.6446
0.6988
0.6102
0.7029
0.7388
0.6831
0.7575
0.6085
0.701
0.7565
0.7123
0.6898
0.6698
0.8588
0.7571
0.8223
0.6683
0.6244
0.6177
0.6571
0.6373
0.6583
0.7056
0.5723
0.529
0.4456
0.4581
0.4519
0.4783
0.526
0.5488
0.5758
0.5956
0.6996
0.7469
0.7117
0.5831
0.5002
0.7104
0.7571
0.8383
0.7933
0.6704
0.7229
0.6625
0.4656
0.559
0.7554
0.7096
0.6052
0.6581
0.609
0.7185
0.7673
0.4869
0.4881
0.4694
0.53
0.6202
0.6735
0.669
0.7256
0.6869
0.6075
0.5452
0.5054
0.4127
0.521
0.5115
0.5735
0.671
0.6692
0.7015
0.6838
0.7521
0.5996
0.5215
0.6173
0.7954
0.7775
0.7577
0.8071
0.7402
0.726
0.7321
0.7492
0.7298
0.6225
0.7327
0.7848
0.5854
0.5492
0.5842
0.6558
0.689
0.7556
0.7379
0.79
0.7604
0.8385
0.6804
0.8113
0.8031
0.6263
0.7127
0.751
0.7958
0.7196
0.7006
0.729
0.7565
0.7783
0.7985
0.8092
0.7992
0.8
0.8171
0.8167
0.8056
0.7692
0.78
0.79
0.8581
0.769
0.791
0.8044
0.819
0.8077
0.7019
0.7629
0.8456
0.8669
0.6925
0.6785
0.751
0.7298
0.8585
0.849
0.9496
0.8754
0.8144
0.7842
0.8196
0.8348
0.8548
0.7854
0.74
0.8021
0.8581
0.7779
0.8148
0.7535
0.8467
0.7079
0.7375
0.7042
0.6848
0.7333
0.7335
0.5552
0.484
0.3862
0.3594
0.5465
0.761
0.8279
0.801
0.8396
0.8456
0.8573
0.8881
0.8769
0.8329
0.8004
0.7402
0.7233
0.7583
0.7496
0.839
0.7994
0.9048
0.7846
0.7317
0.9035
0.7056
0.694
0.6579
0.7054
0.7792
0.8519
0.8252
0.8596
0.669
0.725
0.8963
0.9219
0.9192
0.804
0.8938
0.8502
0.7875
0.7363
0.7854
0.9158
0.7685
0.7167
0.6035
0.7771
0.4525
0.6425
0.7544
0.8667
0.8483
0.8521
0.891
0.8148
0.7679
0.7644
0.8844
0.8692
0.9123
0.9123
0.8465
0.9144
0.9081
0.8358
0.7744
0.6046
0.466
0.509
0.62
0.7288
0.5035
0.4735
0.6648
0.8644
0.9265
0.9006
0.9319
0.8429
0.6773
0.741
0.7492
0.7971
0.7596
0.8488
0.8256
0.73
0.7244
0.9021
0.8123
0.8127
0.7938
0.5773
0.6244
0.4429
0.6013
0.6769
0.6777
0.6429
0.7283
0.7721
0.7535
0.7881
0.7519
0.83
0.5483
0.6048
0.6842
0.69
0.7285
0.6627
0.6871
0.7596
0.7588
0.7058
0.8021
0.66
0.7585
0.6975
0.7646
0.8344
0.7715
0.5877
0.6844
0.656
0.6923
0.6871
0.4888
0.6188
0.7113
0.6558
0.7535
0.6298
0.4235
0.581
0.6596
0.7365
0.709
0.6925
0.6254
0.6708
0.68
0.6673
0.6921
0.7171
0.739
0.7127
0.5833
0.591
0.8727
0.8863
0.7765
0.8146
0.6885
0.5983
0.5577
0.6135
0.5833
0.4975
0.5585
0.6281
0.6379
0.8169
0.7006
0.6977
0.6735
0.6915
0.6135
0.6548
0.6883
0.7606
0.6073
0.5206
0.4635
0.4167
0.7644
0.7615
0.6979
0.746
0.7231
0.7142
0.5877
0.6396
0.7444
0.7808
0.8377
0.6825
0.5675
0.7138
0.7815
0.6723
0.6319
0.5319
0.605
0.5756
0.6319
0.7133
0.5375
0.6194
0.6392
0.4977
0.5131
0.61
0.4671
0.4533
0.4754
0.5456
0.54
0.8017
0.5727
0.456
0.5356
0.5333
0.5888
0.5321
0.574
0.5915
0.6702
0.4988
0.6356
0.6667
0.47
0.6172
0.4842
0.3788
0.4015
0.4133
0.3942
0.49
0.6213
0.7033
0.6273
0.6546
0.8335
0.7254
0.8106
0.7888
0.6248
0.6019
0.581
0.5631
0.6417
0.6883
0.6352
0.6606
0.6865
0.6238
0.6148
0.6302
0.4973
0.4435
0.4298
0.4223
0.431
0.3854
0.4258
0.4269
0.4117
0.5944
0.5215
0.7325
0.7504
0.6763
0.6085
0.665
0.6373
0.5152
0.6679
0.5756
0.5956
0.7217
0.6756
0.6344
0.7192
0.7735
0.6994
0.6329
0.7283
0.6729
0.7667
0.7235
0.7775
0.794
0.7671
0.7104
0.6342
0.6375
0.654
0.6856
0.826
0.6175
0.6067
0.7221
0.7752
0.5458
0.4583
0.5404
0.6142
0.7563
0.8544
0.7279
0.7733
0.7806
0.8069
0.6298
0.411
0.6944
0.7658
0.7144
0.6765
0.694
0.6804
0.6817
0.7277
0.8408
0.8629
0.8727
0.6944
0.6781
0.6935
0.7256
0.694
0.8492
0.8452
0.769
0.796
0.5823
0.7481
0.7129
0.5338
0.584
0.7027
0.6573
0.6248
0.5625
0.5098
0.5485
0.6388
0.79
0.8033
0.7233
0.8571
0.8075
0.8138
0.8323
0.7517
0.8652
0.7581
0.55
0.589
0.724
0.751
0.8175
0.7877
0.7752
0.7965
0.5744
0.5715
0.6617
0.8344
0.845
0.8567
0.7698
0.6338
0.5796
0.7246
0.8548
0.7772
0.8171
0.8723
0.6456
0.6813
0.8033
0.796
0.681
0.8425
0.837
0.7979
0.779
0.809
0.8402
0.9265
0.9319
0.9348
0.9113
0.926
0.9165
0.8702
0.8669
0.9217
0.9058
0.8558
0.8033
0.705
0.6227
0.7242
0.6363
0.6888
0.7302
0.5992
0.6969
0.6896
0.73
0.706
0.6879
0.671
0.7781
0.7925
0.8404
0.9044
0.9306
0.8623
0.8927
0.9075
0.92
0.9385
0.9158
0.871
0.786
0.6777
0.7477
0.6671
0.7923
0.8944
0.8692
0.8881
0.87
0.871
0.8981
0.9065
0.8877
0.8542
0.8667
0.8054
0.7767
0.8819
0.7398
0.7296
0.8788
0.7248
0.6323
0.6865
0.6227
0.6825
0.646
0.5848
0.5579
0.6598
0.7567
0.691
0.5521
0.6581
0.7033
0.736
0.7529
0.7825
0.8215
0.8275
0.8721
0.8881
0.8483
0.816
0.7708
0.8277
0.8223
0.7117
0.77
0.8025
0.6806
0.5898
0.6408
0.8915
0.6494
0.5867
0.6015
0.6954
0.9117
0.8313
0.7902
0.6808
0.5752
0.4885
0.5906
0.7083
0.7335
0.6281
0.5108
0.5808
0.5754
0.6496
0.6088
0.681
0.9138
0.8198
0.6119
0.5833
0.5596
0.6344
0.7058
0.6108
0.6292
0.6877
0.4954
0.7329
0.6504
0.6069
0.5973
0.6213
0.7448
0.8933
0.7808
0.8325
0.8477
0.8908
0.865
0.8875
0.7585
0.5538
0.6217
0.6519
0.795
0.6125
0.7115
0.6758
0.6623
0.5325
0.784
0.629
0.7488
0.8985
0.931
0.756
0.6335
0.5504
0.6544
0.7277
0.6846
0.6754
0.6267
0.5979
0.7206
0.6465
0.6323
0.7265
0.699
0.4735
0.8235
0.8869
0.7267
0.5306
0.5879
0.6242
0.8252
0.936
0.7638
0.6727
0.4323
0.51
0.6181
0.6231
0.634
0.6883
0.7123
0.8731
0.901
0.8846
0.8315
0.7604
0.6335
0.5985
0.619
0.5954
0.7319
0.8079
0.6229
0.7046
0.7477
0.7225
0.5577
0.7417
0.766
0.7527
0.7156
0.7617
0.5313
0.5515
0.559
0.5279
0.6285
0.5965
0.6625
0.7142
0.7108
0.6325
0.674
0.651
0.5506
0.6577
0.5071
0.4325
0.4381
0.6565
0.5277
0.55
0.6665
0.5008
0.5177
0.4952
0.4163
0.4021
0.4729
0.5985
0.6533
0.6085
0.6375
0.6288
0.6346
0.6152
0.6363
0.6371
0.6381
0.5267
0.5704
0.6215
0.5608
0.5985
0.5317
0.4665
0.6642
0.3742
0.4767
0.5569
0.6304
0.4913
0.4952
0.5446
0.5592
0.6152
0.6775
0.6313
0.6198
0.6448
0.7071
0.6742
0.6971
0.6629
0.6346
0.6546
0.6071
0.6915
0.6777
0.6915
0.6098
0.5788
0.6396
0.5377
0.5821
0.5663
0.5056
0.6235
0.6448
0.6671
0.6442
0.7525
0.7615
0.7494
0.7267
0.7344
0.5506
0.644
0.5871
0.4367
0.4777
0.6192
0.7127
0.7579
0.7748
0.66
0.7681
0.6152
0.635
0.6269
0.5554
0.5369
0.634
0.7035
0.7506
0.7677
0.7854
0.7298
0.7438
0.7517
0.7408
0.6348
0.6319
0.6065
0.5331
0.575
0.6479
0.6363
0.7504
0.7808
0.7425
0.7821
0.8325
0.809
0.6944
0.7556
0.7548
0.7188
0.7885
0.804
0.7933
0.751
0.8392
0.8233
0.7056
0.8367
0.7321
0.6421
0.7781
0.8931
0.855
0.7831
0.8227
0.8663
0.8267
0.7665
0.7813
0.7708
0.8998
0.8363
0.8319
0.8654
0.8313
0.854
0.8663
0.7742
0.8096
0.8677
0.8285
0.8673
0.8277
0.8835
0.8285
0.6896
0.6665
0.6952
0.6454
0.6463
0.6723
0.7365
0.7858
0.6821
0.7206
0.7231
0.7317
0.8004
0.7238
0.7792
0.8665
0.8606
0.8017
0.8513
0.859
0.8167
0.8858
0.8579
0.856
0.8017
0.8631
0.859
0.8965
0.8094
0.8079
0.8449
0.8568
0.8517
0.7527
0.8079
0.8769
0.8773
0.8563
0.8733
0.9548
0.8663
0.81
0.8238
0.8452
0.796
0.764
0.8306
0.881
0.8971
0.9044
0.896
0.9156
0.8498
0.8317
0.8894
0.8754
0.9469
0.9485
0.8552
0.7688
0.5096
0.7177
0.7056
0.5577
0.7381
0.7179
0.7373
0.7385
0.6171
0.6463
0.6423
0.6602
0.3352
0.4821
0.5706
0.7173
0.6306
0.6096
0.8
0.6185
0.751
0.8579
0.8596
0.7929
0.7652
0.8104
0.8804
0.8971
0.8998
0.7696
0.7277
0.6748
0.7127
0.6821
0.5571
0.6327
0.7796
0.7829
0.6967
0.8008
0.8365
0.8469
0.8398
0.849
0.8177
0.8046
0.8179
0.7096
0.7044
0.7629
0.8192
0.6935
0.8315
0.766
0.614
-99
0.6469
0.8519
0.6777
0.6679
0.5877
0.5856
0.7204
0.6015
0.5985
0.7273
0.6535
0.7754
0.7356
0.7308
0.6448
0.6165
0.6498
0.6546
0.6121
0.6483
0.6381
0.6204
0.7881
0.8721
0.7777
0.8002
0.7833
0.7194
0.6538
0.7704
0.6685
0.6358
0.6223
0.6252
0.6952
0.6749
0.6983
0.6079
0.6117
0.6508
0.6246
0.7238
0.6642
0.5213
0.6808
0.6617
0.7908
0.7188
0.6538
0.604
0.5646
0.664
0.6013
0.549
0.8033
0.8358
0.8467
0.6385
0.7642
0.7646
0.5033
0.6402
0.8256
0.7523
0.6385
0.5142
0.5917
0.6535
0.6328
0.7215
0.8081
0.629
0.6223
0.6823
0.6133
0.5081
0.5046
0.6813
0.571
0.5498
0.6715
0.621
0.5548
0.5085
0.4394
0.5146
0.7215
0.5794
0.5004
0.5533
0.5246
0.5533
0.7233
0.7656
0.8871
0.7821
0.6388
0.67
0.7467
0.6798
0.4677
0.3563
0.357
0.4346
0.3627
0.3683
0.5167
0.5929
0.5727
0.6417
0.6017
0.5829
0.5088
0.5431
0.6338
0.7579
0.5657
0.6706
0.5256
0.45
0.46
0.4733
0.5119
0.5727
0.5225
0.5821
0.5469
0.3867
0.4817
0.6656
0.6642
0.7156
0.6533
0.7265
0.7004
0.6215
0.7023
0.5965
0.6635
0.5925
0.6794
0.7977
0.7477
0.8015
0.5492
0.556
0.5525
0.6308
0.726
0.6381
0.6069
0.6602
0.7371
0.5942
0.4671
0.519
0.5748
0.6467
0.7396
0.5717
0.5908
0.5298
0.519
0.584
0.6306
0.6477
0.6773
0.666
0.66
0.5648
0.6227
0.6373
0.7238
0.7017
0.7029
0.6275
0.6683
0.664
0.654
0.63
0.6948
0.7804
0.7967
0.5192
0.4746
0.5438
0.7696
0.7304
0.6652
0.5471
0.5756
0.7415
0.5238
0.5185
0.5277
0.6408
0.6544
0.8671
0.6842
0.5504
0.6879
0.5381
0.5481
0.7792
0.8533
0.8225
0.7894
0.7773
0.725
0.7769
0.7954
0.7848
0.8648
0.7675
0.7783
0.8038
0.8113
0.774
0.5854
0.6735
0.6921
0.7404
0.7798
0.8133
0.8165
0.7944
0.7831
0.8002
0.7729
0.7635
0.8842
0.8894
0.8288
0.7615
0.624
0.7019
0.5604
0.7431
0.81
0.7025
0.6579
0.5931
0.7273
0.7358
0.8621
0.8525
0.854
0.891
0.695
0.5398
0.5469
0.6533
0.6727
0.6371
0.7073
0.6717
0.4263
0.5388
0.5727
0.6506
0.5848
0.6604
0.7029
0.629
0.6215
0.745
0.7644
0.5644
0.6079
0.591
0.7225
0.6471
0.6748
0.6071
0.7106
0.5227
0.4427
0.7094
0.7515
0.7825
0.8308
0.7065
0.6606
0.7415
0.7077
0.6971
0.6917
0.7288
0.6644
0.6998
0.6148
0.7692
0.8319
0.7963
0.7546
0.7377
0.7954
0.7798
0.8588
0.8671
0.736
0.7631
0.7652
0.714
0.7088
0.5738
0.65
0.6635
0.6094
0.6227
0.789
0.8358
0.8969
0.7442
0.7417
0.688
0.7729
0.8525
0.8083
0.7677
0.6369
0.6008
0.7088
0.7048
0.656
0.6763
0.6754
0.78
0.8285
0.8775
0.8756
0.7821
0.7873
0.7685
0.7877
0.8054
0.8296
0.6269
0.7004
0.8463
0.9029
0.8642
0.6435
0.7246
0.7283
0.53
0.726
0.7442
0.7069
0.7433
0.7627
0.8219
0.7729
0.6613
0.7467
0.6975
0.6202
0.6152
0.635
0.711
0.5625
0.7723
0.8019
0.9344
0.9185
0.6363
0.7146
0.7931
0.8135
0.73
0.621
0.7727
0.7771
0.8063
0.6863
0.5788
0.6967
0.7933
0.72
0.6073
0.7496
0.6579
0.7054
0.6571
0.4085
0.4772
0.4631
0.8585
0.8265
0.6915
0.6742
0.5535
0.6821
0.6404
0.5615
0.5913
0.6265
0.7281
0.5698
0.6079
0.6377
0.6327
0.8458
0.7825
0.7994
0.8904
0.7925
0.8665
0.8904
0.734
0.8452
0.7152
0.6769
0.6856
0.711
0.6615
0.6523
0.6492
0.6154
0.6258
0.6831
0.8227
0.8904
0.8371
0.6496
0.6798
0.5619
0.6038
0.631
0.6708
0.7758
0.89
0.8215
0.736
0.719
0.7983
0.8952
0.556
0.581
0.5754
0.6246
0.6042
0.7167
0.7056
0.8344
0.7438
0.7354
0.796
0.6679
0.5865
0.7681
0.766
0.8725
0.794
0.8869
0.7765
0.7619
0.7625
0.8352
0.8079
0.7794
0.8715
0.7631
0.7438
0.6673
0.7654
0.5879
0.6433
0.5644
0.5238
0.5425
0.6781
0.5783
0.5477
0.5921
0.5588
0.4783
0.5206
0.7138
0.7238
0.7046
0.6656
0.6869
0.7485
0.7048
0.5408
0.63
0.7021
0.6352
0.5919
0.6828
0.5975
0.6658
0.5581
0.5748
0.6275
0.7217
0.7427
0.5706
0.4996
0.6123
0.5923
0.5983
0.6106
0.6875
0.7302
0.6923
0.6175
0.7125
0.7375
0.6346
0.4931
0.6252
0.6648
0.7302
0.6998
0.5642
0.4838
0.5083
0.476
0.4375
0.4619
0.5546
0.7302
0.7363
0.7894
0.6546
0.7694
0.7396
0.6717
0.6279
0.6258
0.7604
0.8065
0.7002
0.654
0.6002
0.5915
0.5627
0.6344
0.5498
0.5992
0.641
0.7817
0.7608
0.6813
0.7665
0.7858
0.7106
0.7833
0.8396
0.8163
0.8227
0.7904
0.7238
0.8146
0.814
0.8898
0.7758
0.8415
0.7892
0.7502
0.854
0.8229
0.8158
0.8456
0.7871
0.6817
0.6413
0.7006
0.7431
0.6358
0.5796
0.6373
0.7873
0.6588
0.6515
0.7352
0.4817
0.4308
0.4665
0.7075
0.791
0.8413
0.5321
0.716
0.8513
0.8802
0.9065
0.8865
0.8835
0.8965
0.8594
0.8638
0.8773
0.8731
0.839
0.8967
0.8683
0.84
0.7727
0.6692
0.6735
0.7879
0.8919
0.8321
0.7352
0.6881
0.8727
0.8848
0.8723
0.7665
0.7671
0.9071
0.8615
0.8413
0.9148
0.8519
0.7563
0.8396
0.8467
0.8904
0.9113
0.9186
0.8988
0.916
0.84
0.8475
0.9448
0.8735
0.8481
0.975
0.8581
0.9333
0.8373
0.75
0.6908
0.8892
0.8335
0.7863
0.7263
0.7775
0.8823
0.8406
0.8996
0.8427
0.7119
0.6894
0.7731
0.8429
0.8796
0.9465
0.8485
0.7729
0.781
0.7669
0.9217
0.765
0.8031
0.8269
0.8677
0.8983
0.9056
0.9188
0.9581
0.9602
0.9352
0.9356
0.8415
0.735
0.7202
0.825
0.8113
0.8567
0.684
0.4552
0.5904
0.7629
0.6908
0.5602
0.5785
0.6938
0.7308
0.7535
0.8417
0.936
0.9785
0.8685
0.8663
0.9663
0.8206
0.7808
0.8385
0.4802
0.6875
0.7575
0.6415
0.7054
0.819
0.71
0.9071
0.7935
0.7417
0.4756
0.636
0.7823
0.8456
0.8338
0.8023
0.7827
0.7085
0.6477
0.6998
0.7856
0.804
0.7019
0.5542
0.6069
0.8307
0.748
0.8492
0.8469
0.6815
0.565
0.6088
0.744
0.7096
0.4683
0.5681
0.5819
0.6052
0.5675
0.511
0.725
0.9106
0.5852
0.6604
0.654
0.6521
0.616
0.8625
0.5825
0.5988
0.6219
0.6233
0.4569
0.53
0.625
0.6719
0.6229
0.5944
0.4869
0.4627
0.4975
0.5652
0.6246
0.6435
0.6163
0.7475
0.7315
0.5938
0.7154
0.7848
0.5315
0.8144
0.7402
0.7463
0.7292
0.6654
0.7288
0.5596
0.5973
0.5727
0.6673
0.6956
0.7635
0.8148
0.666
0.4908
0.6025
0.6858
0.7152
0.8265
0.6896
0.7938
0.5558
0.5927
0.6754
0.8156
0.8156
0.7646
0.7081
0.8552
0.6083
0.439
0.5756
0.8292
0.6269
0.4304
0.6954
0.6179
0.5421
0.6645
0.6496
0.7313
0.6973
0.8056
0.5706
0.7021
0.6563
0.6946
0.5938
0.6742
0.9863
-99
-99
0.6702
0.5594
0.5829
0.656
0.57
0.5371
0.4558
0.5063
0.6198
0.6617
0.6542
0.5692
0.5454
0.3767
0.4858
0.8327
0.6469
0.5994
0.5369
0.5915
0.6565
0.561
0.4913
0.5631
0.7185
0.7621
0.6373
0.5558
0.5221
0.7125
0.4196
0.3954
0.3694
0.2929
0.3881
0.4075
0.5446
0.5208
0.5556
0.591
0.6235
0.691
0.6725
0.7333
0.5596
0.5969
0.7346
0.721
0.7731
0.5813
0.6983
0.724
0.674
0.711
0.6694
0.5496
0.4523
0.4006
0.4746
0.4842
0.6192
0.659
0.5263
0.6171
0.6588
0.665
0.5869
0.5438
0.5154
0.619
0.4925
0.6813
0.801
0.5906
0.4452
0.5535
0.7094
0.5279
0.5008
0.5588
0.741
0.7285
0.8104
0.8048
0.8148
0.8975
0.8173
0.7177
0.6838
0.6369
0.6027
0.6835
0.876
0.7525
0.6963
0.6613
0.6644
0.8002
0.5821
0.531
0.6988
0.5113
0.5096
0.525
0.6446
0.7908
0.6706
0.7538
0.721
0.6529
0.5763
0.48
0.5477
0.57
0.7004
0.794
0.7602
0.9179
0.7467
0.7085
0.6221
0.644
0.7308
0.8575
0.849
0.8283
0.8717
0.6921
0.5481
0.626
0.7013
0.7921
0.6806
0.5627
0.8329
0.8781
0.7554
0.8723
0.8456
0.8065
0.8688
0.6435
0.589
0.6356
0.7329
0.7863
0.9496
0.87
0.9983
0.9177
0.8508
0.8125
0.8325
0.8515
0.9592
0.8663
0.8754
0.7933
0.8085
0.8144
0.7035
0.6604
0.7048
0.7292
0.7183
0.7292
0.7329
0.7877
0.7769
0.725
0.8615
0.8658
0.8127
0.8433
0.7569
0.8275
0.775
0.8979
0.8721
0.9421
0.82
0.7581
0.8535
0.88
0.666
0.7115
0.7608
0.9065
0.8171
0.8694
0.8825
0.8544
0.975
0.9694
0.9671
0.9444
0.7383
0.7644
0.7694
0.7917
0.7983
0.7056
0.7702
0.9327
0.9181
0.955
0.9571
0.9067
0.8021
0.66
0.6815
0.8452
0.8602
0.8492
0.8623
0.9015
0.9667
0.9829
0.9942
0.986
0.9758
0.9579
0.9492
0.9369
0.9058
0.9583
0.8983
0.9465
0.9433
0.8777
0.7883
0.7942
0.7363
0.826
0.8652
0.7542
0.7594
0.8248
0.5952
0.9102
0.9465
0.9392
0.9175
0.9544
0.9583
0.799
0.8352
0.8717
0.8129
0.8456
0.8392
0.826
0.7692
0.6656
0.7529
0.8571
0.8983
0.9277
0.8704
0.7217
0.6904
0.9594
0.8808
0.854
0.9115
0.9556
0.789
0.7344
0.7923
0.8094
0.804
0.824
0.7733
0.7479
0.6385
0.569
0.6479
0.8563
0.744
0.5652
0.6546
0.6494
0.6681
0.6315
0.6402
0.6788
0.7081
0.5763
0.7294
0.6008
0.7515
0.8206
0.7769
0.8763
0.9542
0.8294
0.8721
0.8852
0.8427
0.8142
0.9015
0.8823
0.7904
0.7642
0.8888
0.8188
0.7671
0.6231
0.8431
0.9254
0.9173
0.9381
0.8344
0.795
0.7919
0.8133
0.8896
0.7219
0.6646
0.6408
0.7263
0.5756
0.8615
0.8321
0.8335
0.8221
0.8938
0.8733
0.9263
0.9904
0.9798
0.8604
0.8829
0.8027
0.7479
0.8554
0.9331
0.7635
0.7183
0.671
0.7
0.6556
0.6952
0.7038
0.7515
0.7227
0.6885
0.6675
0.8438
0.9792
0.7531
0.8163
0.8098
0.9677
0.9035
0.9033
0.8098
0.7185
0.6679
0.6933
0.6735
0.6533
0.595
0.764
0.866
0.6423
0.5931
0.7008
0.676
0.7427
0.81
0.8269
0.8335
0.8679
0.7804
0.6458
0.7808
0.865
0.789
0.695
0.6869
0.866
0.619
0.5725
0.6994
0.7442
0.9338
0.7423
0.8579
0.8315
0.8696
0.7313
0.7094
0.735
0.7127
0.6294
0.5975
0.6881
0.7769
0.8175
0.8125
0.6294
0.7805
0.6069
0.5679
0.6421
0.6338
0.5552
0.7419
0.7077
0.576
0.6579
0.761
0.7002
0.5452
0.6002
0.605
0.706
0.6779
0.7185
0.8067
0.7317
0.5935
0.5271
0.5885
0.7196
0.7525
0.631
0.561
0.6238
0.5096
0.4042
0.4308
0.5821
0.6206
0.5844
0.7083
0.6481
0.5571
0.4856
0.6092
0.6146
0.4979
0.7638
0.7913
0.8483
0.8238
0.6775
0.7827
0.5767
0.6444
0.6538
0.7144
0.756
0.6658
0.5756
0.8033
0.8284
0.8369
0.8467
0.6692
0.5475
0.555
0.7252
0.7354
0.7225
0.7396
0.7804
0.5804
0.5952
0.679
0.8856
0.7671
0.6498
0.6021
0.5429
0.5881
0.7442
0.8019
0.7602
0.9319
0.8217
0.719
0.8067
0.7994
0.7127
0.6969
0.5319
0.6394
0.5415
0.5852
0.6925
0.7992
0.7288
0.8833
0.6792
0.6579
0.6213
0.6304
0.749
0.8821
0.8906
0.7615
0.5473
0.5635
0.5827
0.6917
0.6129
0.634
0.6446
0.6985
0.885
0.8852
0.7663
0.9373
0.721
0.6492
0.6621
0.6704
0.6265
0.6965
0.799
0.7627
0.7069
0.719
0.6663
0.8451
0.9396
0.8404
0.8375
0.8744
0.8421
0.8217
0.8635
0.8723
0.8833
0.8923
0.8927
0.796
0.7479
0.7444
0.8779
0.8263
0.625
0.6708
0.8144
0.8685
0.8644
0.876
0.8354
0.8142
0.8681
0.8508
0.864
0.871
0.646
0.7469
0.6808
0.7213
0.7048
0.839
0.7854
0.7621
0.769
0.8985
0.6902
0.7967
0.9144
0.8373
0.8163
0.8688
0.8885
0.93
0.9308
0.8525
0.8654
0.9723
0.7979
0.6063
0.5935
0.7502
0.6056
0.6106
0.6752
0.7273
0.80625
0.677916666666667
0.601458333333333
0.772916666666667
0.806666666666667
0.788125
0.8
0.75625
0.936458333333333
0.933958333333333
0.810625
0.788125
0.814791666666667
0.8175
0.755833333333333
0.70375
0.611458333333333
0.8425
0.876458333333333
0.901458333333333
0.815208333333333
0.724583333333333
0.694375
0.671875
0.791041666666667
0.702291666666667
0.811041666666667
0.747916666666667
0.6925
0.697083333333333
0.618958333333333
0.580416666666667
0.709375
0.742708333333333
0.851458333333333
0.813125
0.691666666666667
0.6925
0.793958333333333
0.783541666666667
0.772291666666667
0.698125
0.866458333333333
0.787083333333333
0.931666666666667
0.920416666666667
0.861875
0.863541666666667
0.914375
0.814375
0.861666666666667
0.769583333333333
0.908958333333333
0.866666666666667
0.832083333333333
0.855208333333333
0.907708333333333
0.862708333333333
0.84125
0.719166666666667
0.787291666666667
0.869166666666667
0.859166666666667
0.8575
0.875
0.825833333333333
0.899583333333333
0.743333333333333
0.720208333333333
0.726875
0.74625
0.653958333333333
0.579375
0.625208333333333
0.62375
0.630625
0.613125
0.703541666666667
0.661875
0.49
0.53625
0.655833333333333
0.700833333333333
0.738125
0.812708333333333
0.8025
0.690208333333333
0.599166666666667
0.525208333333333
0.5225
0.502916666666667
0.601458333333333
0.622083333333333
0.651666666666667
0.66
0.512708333333333
0.577291666666667
0.696875
0.833958333333333
0.915416666666667
0.875833333333333
0.649791666666667
0.740208333333333
0.833958333333333
0.665208333333333
0.761875
0.673333333333333
0.569375
0.738541666666667
0.81875
0.8975
0.83125
0.724166666666667
0.70875
0.627916666666667
0.829375
0.842708333333333
0.90625
0.859583333333333
0.88
0.740416666666667
0.7075
0.648541666666667
0.697291666666667
0.676666666666667
0.775208333333333
0.727916666666667
0.700208333333333
0.726041666666667
0.735
0.545
0.5625
0.625625
0.635
0.644166666666667
0.581041666666667
0.560208333333333
0.816458333333333
0.595625
0.660833333333333
0.715625
0.722291666666667
0.793958333333333
0.565208333333333
0.700416666666667
0.756458333333333
0.733333333333333
0.575
0.478958333333333
0.502291666666667
0.577708333333333
0.706666666666667
0.742083333333333
0.730625
0.702916666666667
0.63875
0.65375
0.632083333333333
0.678333333333333
0.551458333333333
0.474583333333333
0.522916666666667
0.513541666666667
0.462083333333333
0.398541666666667
0.46125
0.522916666666667
0.787083333333333
0.76375
0.783958333333333
0.809791666666667
0.711041666666667
0.645833333333333
0.755833333333333
0.62375
0.657916666666667
0.7175
0.637916666666667
0.574583333333333
0.647291666666667
0.858958333333333
0.777291666666667
0.718333333333333
0.718125
0.673541666666667
0.747708333333333
0.605625
0.608541666666667
0.481458333333333
0.700833333333333
0.626875
0.664166666666667
0.585
0.4725
0.528958333333333
0.581458333333333
0.637708333333333
0.675625
0.648125
0.548958333333333
0.564375
0.542916666666667
0.423541666666667
0.482916666666667
0.608541666666667
0.624791666666667
0.737916666666667
0.671458333333333
0.745625
0.732083333333333
0.746666666666667
0.744375
0.63
0.69875
0.722916666666667
0.630833333333333
0.647916666666667
0.745208333333333
0.616458333333333
0.705833333333333
0.638958333333333
0.575625
0.391041666666667
0.417708333333333
0.476875
0.436875
0.581041666666667
0.540416666666667
0.51
0.568125
0.80625
0.804791666666667
0.688541666666667
0.697083333333333
0.738958333333333
0.710625
0.705416666666667
0.745625
0.566041666666667
0.748958333333333
0.754166666666667
0.868333333333333
0.847916666666667
0.815208333333333
0.803125
0.827083333333333
0.821041666666667
0.812291666666667
0.800833333333333
0.78625
0.768333333333333
0.749166666666667
0.73375
0.798958333333333
0.829166666666667
0.819791666666667
0.688541666666667
0.656458333333333
0.809583333333333
0.714791666666667
0.82625
0.604166666666667
0.59375
0.6775
0.70875
0.804375
0.754166666666667
0.789791666666667
0.633333333333333
0.677291666666667
0.807916666666667
0.783541666666667
0.706458333333333
0.775208333333333
0.810208333333333
0.840416666666667
0.760625
0.603333333333333
0.577083333333333
0.614583333333333
0.818333333333333
0.874583333333333
0.775
0.723125
0.612083333333333
0.678541666666667
0.826041666666667
0.796041666666667
0.835416666666667
0.856666666666667
0.81875
0.851458333333333
0.830416666666667
0.832916666666667
0.687708333333333
0.631875
0.69375
0.725833333333333
0.725416666666667
0.77125
0.797916666666667
0.839583333333333
0.905
0.82875
0.653125
0.639375
0.657916666666667
0.723541666666667
0.69
0.562916666666667
0.537083333333333
0.6025
0.626666666666667
0.751666666666667
0.872083333333333
0.856041666666667
0.828333333333333
0.76125
0.637083333333333
0.772708333333333
0.698125
0.700416666666667
0.753125
0.828125
0.809791666666667
0.794166666666667
0.853541666666667
0.929583333333333
0.84125
0.773333333333333
0.73875
0.798125
0.746458333333333
0.841041666666667
0.793958333333333
0.688541666666667
0.707083333333333
0.676666666666667
0.751458333333333
0.717291666666667
0.761875
0.67375
0.841875
0.721458333333333
0.750208333333333
0.884166666666667
0.8975
0.907291666666667
0.87375
0.846875
0.890416666666667
0.92
0.941875
0.882083333333333
0.817708333333333
0.985
0.933958333333333
0.953541666666667
0.879791666666667
0.875208333333333
0.766458333333333
0.67
0.693125
0.7925
0.750625
0.623125
0.543541666666667
0.690833333333333
0.614166666666667
0.749375
0.643125
0.676458333333333
0.658333333333333
0.706875
0.84
0.771041666666667
0.771458333333333
0.774375
0.740833333333333
0.681875
0.689583333333333
0.661458333333333
0.684166666666667
0.801041666666667
0.792916666666667
0.749375
0.668125
0.744583333333333
0.831041666666667
0.7475
0.655
0.596875
0.603333333333333
0.570208333333333
0.470416666666667
0.560208333333333
0.580416666666667
0.655208333333333
0.585625
0.626666666666667
0.72
0.5925
0.637291666666667
0.781041666666667
0.839166666666667
0.824583333333333
0.747916666666667
0.82375
0.853333333333333
0.668333333333333
0.593458333333333
0.5739375
0.680208333333333
0.715
0.785833333333333
0.646458333333333
0.542916666666667
0.52375
0.752083333333333
0.784166666666667
0.715833333333333
0.755
0.746666666666667
0.721875
0.775
0.815416666666667
0.77
0.706458333333333
0.609375
0.768125
0.828958333333333
0.887708333333333
0.858125
0.835625
0.933958333333333
0.907291666666667
0.836875
0.805833333333333
0.806875
0.820833333333333
0.768333333333333
0.781458333333333
0.7375
0.833541666666667
0.757291666666667
0.699166666666667
0.711666666666667
0.688333333333333
0.541041666666667
0.801666666666667
0.737916666666667
0.629791666666667
0.705833333333333
0.856458333333333
0.674166666666667
0.442708333333333
0.473541666666667
0.577083333333333
0.686875
0.658125
0.588958333333333
0.440833333333333
0.435833333333333
0.535208333333333
0.876041666666667
0.704375
0.805
0.942978723404255
0.762291666666667
0.74625
0.610208333333333
0.593125
0.695833333333333
0.865833333333333
0.893541666666667
0.8775
0.70875
0.742916666666667
0.664166666666667
0.674583333333333
0.549166666666667
0.635833333333333
0.67375
0.692708333333333
0.700416666666667
0.70375
0.790208333333333
0.777083333333333
0.793125
0.74625
0.547291666666667
0.564791666666667
0.589791666666667
0.538125
0.54625
0.581666666666667
0.555416666666667
0.569166666666667
0.49531914893617
0.502291666666667
0.558541666666667
0.624166666666667
0.619791666666667
0.63875
0.464166666666667
0.428541666666667
0.345
0.555
0.837291666666667
0.790208333333333
0.585416666666667
0.6375
0.578958333333333
0.676875
0.55875
0.576458333333333
0.609375
0.605
0.604583333333333
0.697708333333333
0.652291666666667
0.670416666666667
0.66875
0.662291666666667
0.60375
0.669166666666667
0.508125
0.427083333333333
0.370208333333333
0.421875
0.414166666666667
0.374791666666667
0.358541666666667
0.423958333333333
0.598541666666667
0.744375
0.75375
0.699375
0.622916666666667
0.467708333333333
0.639375
0.714583333333333
0.772083333333333
0.667083333333333
0.740833333333333
0.691458333333333
0.542708333333333
0.637916666666667
0.453958333333333
0.393333333333333
0.612916666666667
0.828541666666667
0.660208333333333
0.575
0.558541666666667
0.484166666666667
0.512083333333333
0.444791666666667
0.512083333333333
0.571458333333333
0.396666666666667
0.370833333333333
0.429166666666667
0.4025
0.529791666666667
0.635625
0.657083333333333
0.563541666666667
0.666666666666667
0.613958333333333
0.582708333333333
0.582708333333333
0.54625
0.819791666666667
0.78625
0.709791666666667
0.705
0.64625
0.619583333333333
0.560416666666667
0.533333333333333
0.701875
0.609791666666667
0.589791666666667
0.629166666666667
0.47625
0.50625
0.488125
0.474791666666667
0.392083333333333
0.490833333333333
0.645625
0.775
0.61625
0.516458333333333
0.5475
0.650208333333333
0.670416666666667
0.588958333333333
0.671458333333333
0.731875
0.776041666666667
0.755
0.768125
0.805625
0.806666666666667
0.808333333333333
0.797291666666667
0.793333333333333
0.857708333333333
0.836041666666667
0.807916666666667
0.807916666666667
0.691666666666667
0.605208333333333
0.496666666666667
0.66125
0.82375
0.834166666666667
0.771666666666667
0.810208333333333
0.844375
0.709791666666667
0.59
0.690208333333333
0.775625
0.812291666666667
0.766875
0.826041666666667
0.737291666666667
0.890833333333333
0.900625
0.757708333333333
0.628958333333333
0.597291666666667
0.606666666666667
0.563333333333333
0.511458333333333
0.581875
0.6925
0.784583333333333
0.81375
0.812916666666667
0.762291666666667
0.743958333333333
0.921875
0.892083333333333
0.895625
0.862916666666667
0.819791666666667
0.716666666666667
0.67
0.845208333333333
0.843333333333333
0.863958333333333
0.87875
0.902916666666667
0.904791666666667
0.816458333333333
0.714166666666667
0.928333333333333
0.756041666666667
0.706666666666667
0.620208333333333
0.694583333333333
0.628125
0.712083333333333
0.879166666666667
0.904791666666667
0.786458333333333
0.875416666666667
0.876458333333333
0.585208333333333
0.617291666666667
0.576041666666667
0.735833333333333
0.888958333333333
0.768333333333333
0.771041666666667
0.747916666666667
0.747916666666667
0.838541666666667
0.853958333333333
0.775625
0.691458333333333
0.646041666666667
0.669375
0.651875
0.671041666666667
0.795416666666667
0.670208333333333
0.732916666666667
0.709583333333333
0.75125
0.765
0.845833333333333
0.698461538461538
0.769791666666667
0.8875
0.919375
0.889166666666667
0.831666666666667
0.79375
0.745
0.840208333333333
0.939791666666667
0.983125
0.86875
0.713541666666667
0.807916666666667
0.952083333333333
0.931875
0.869791666666667
0.908541666666667
0.826666666666667
0.8725
0.921458333333333
0.920625
0.929583333333333
0.856875
0.767291666666667
0.751458333333333
0.714166666666667
0.728541666666667
0.693541666666667
0.815208333333333
0.821458333333333
0.690833333333333
0.823125
0.670416666666667
