20000101
0.8367
0.8932
0.8903
0.8786
0.9261
0.8217
0.8503
0.8531
0.9444
0.9307
0.9234
0.8996
0.9477
0.8422
0.901
0.9172
0.9064
0.776
0.7692
0.8247
0.7789
0.7473
0.6833
0.6746
0.8968
0.8674
0.8709
0.9
0.8533
0.8039
0.8255
0.8439
0.8871
0.7681
0.7007
0.7936
0.9238
0.777
0.8354
0.8674
0.6819
0.7284
0.9081
0.7306
0.7751
0.8052
0.8332
0.7897
0.7929
0.7889
0.8153
0.9076
0.8313
0.8207
0.8382
0.8128
0.7469
0.8294
0.8874
0.8775
0.5973
0.5929
0.7013
0.8106
0.8463
0.8515
0.9029
0.8096
0.6737
0.6103
0.6173
0.6462
0.8342
0.8376
0.8153
0.6959
0.6834
0.6591
0.7395
0.7645
0.8273
0.8185
0.934
0.8177
0.847
0.878
0.8432
0.9414
0.7079
0.824
0.8397
0.8095
0.8771
0.7297
0.7034
0.7538
0.7612
0.7548
0.8303
0.8203
0.9487
0.9227
0.6962
0.6155
0.7097
0.5197
0.8632
0.7453
0.6522
0.7942
0.7074
0.7891
0.7876
0.6331
0.639
0.7429
0.7223
0.77
0.9157
0.8412
0.7664
0.66
0.6329
0.65
0.6414
0.7642
0.7979
0.8387
0.8307
0.7535
0.959
0.8506
0.7643
0.7109
0.7016
0.6769
0.7203
0.7784
0.8413
0.9297
0.9344
0.8782
0.9789
0.8767
0.8645
0.7952
0.7506
0.9245
0.7444
0.7706
0.7934
0.8334
0.812
0.8187
0.7421
0.6189
0.7097
0.7094
0.72
0.646
0.7303
0.9503
0.8706
0.8279
0.88
0.8697
0.699
0.6358
0.6179
0.6642
0.5745
0.7115
0.7735
0.7447
0.9206
0.8114
0.8371
0.8403
0.6575
0.7177
0.7553
0.6888
0.7806
0.7183
0.8006
0.6759
0.7018
0.5589
0.6764
0.6793
0.653
0.9128
0.7374
0.7159
0.7697
0.7446
0.8138
0.747
0.7203
0.7542
0.7117
0.6476
0.5676
0.5454
0.743
0.5939
0.6614
0.7247
0.6508
0.7029
0.7923
0.7632
0.7597
0.6133
0.6859
0.6839
0.8291
0.7522
0.6765
0.7289
0.6583
0.7308
0.7054
0.7392
0.6705
0.6556
0.6511
0.5812
0.5197
0.6092
0.5647
0.6727
0.7745
0.7249
0.6526
0.7721
0.5773
0.5554
0.68
0.7154
0.7953
0.7363
0.8265
0.7835
0.741
0.8279
0.7974
0.7866
0.7913
0.7153
0.7803
0.6948
0.6869
0.6843
0.7411
0.7532
0.8278
0.8266
0.7144
0.7492
0.8805
0.8251
0.7892
0.6579
0.6382
0.6085
0.7447
0.8296
0.8688
0.8481
0.945
0.8894
0.7883
0.751
0.8977
0.7706
0.7932
0.8647
0.8753
0.8165
0.7103
0.8381
0.7948
0.962
0.8474
0.9444
0.9955
0.8207
0.8673
0.8572
0.8444
0.8614
0.8555
0.9213
0.9494
0.9476
0.9359
0.8694
0.916
0.937
0.8937
0.9315
0.9137
0.8948
0.8983
0.8157
0.8425
0.71
0.7381
0.811
0.66
0.5819
0.6678
0.7479
0.8417
0.895
0.8881
0.9593
0.7933
0.9497
0.8347
0.8333
0.8291
0.8157
0.8667
0.8139
0.8083
0.9268
0.8363
0.8796
0.7544
0.887
0.9119
0.9393
0.9457
0.9564
0.8897
0.8606
0.8981
0.9671
0.961
0.9996
0.7338
0.7835
0.7947
0.8647
0.9
0.8644
0.8207
0.8797
0.8463
0.8326
0.8397
0.9054
0.9246
0.993
0.9921
0.9914
1
0.9017
0.7684
0.8277
0.8117
0.7121
0.7189
0.5211
0.8967
0.7631
0.725
0.749
0.8647
0.9138
0.8868
0.7427
0.869
0.8447
0.9404
0.9047
0.9166
0.9989
1
0.97
0.9117
0.9879
0.8767
0.9032
0.9078
0.931
0.6757
0.7316
0.6941
0.7456
0.821
0.8236
0.7941
0.5918
0.7681
0.878
0.8213
0.7935
0.7737
0.7044
0.7629
0.8703
0.6637
0.6338
0.8269
0.8579
0.8366
0.9728
0.959
0.8048
0.7421
0.8507
0.8466
0.7555
0.8044
0.7967
0.7486
0.9066
0.9788
0.8624
0.6885
0.7066
0.5476
0.6
0.9203
0.6552
0.82
0.9297
0.8406
0.911
0.74
0.8259
0.849
0.8593
0.8413
0.7547
0.7678
0.7703
0.8671
0.7156
0.7062
0.7433
0.7084
0.6785
0.6336
0.5688
0.5171
0.4737
0.7938
0.7763
0.7194
0.7218
0.6177
0.7267
0.6415
0.6863
0.7852
0.7247
0.8929
0.8459
0.6643
0.6109
0.6843
0.7735
0.7191
0.4744
0.764
0.7473
0.7173
0.865
0.8052
0.8352
0.7043
0.7083
0.5723
0.5886
0.654
0.6568
0.6726
0.8073
0.7686
0.739
0.8415
0.9358
0.829
0.8921
0.9332
0.8769
0.8997
0.7861
0.8191
0.8285
0.7438
0.8641
0.8459
0.7797
0.8255
0.7982
0.5779
0.6681
0.9183
0.966
0.6857
0.6331
0.7291
0.8241
0.7789
0.8261
0.7141
0.6192
0.5861
0.5132
0.4706
0.4446
0.4873
0.7735
0.7097
0.7897
0.733
0.7582
0.8017
0.6766
0.6744
0.7786
0.9272
0.6892
0.7706
0.7982
0.8162
0.5886
0.5916
0.7308
0.655
0.6241
0.6011
0.6031
0.6526
0.4913
0.5179
0.5011
0.5373
0.7706
0.719
0.6703
0.5391
0.5768
0.705
0.7247
0.7428
0.7806
0.646
0.6091
0.7569
0.7794
0.7103
0.8059
0.8057
0.8161
0.8117
0.8911
0.8393
0.6933
0.7279
0.8638
0.7546
0.7653
0.7026
0.645
0.7451
0.7094
0.5497
0.5844
0.6479
0.6871
0.794
0.5415
0.6191
-99
0.6835
0.8412
0.8387
0.7945
0.7445
0.7479
0.6973
0.7181
0.7919
0.8026
0.6981
0.6868
0.7527
0.6232
0.6478
0.7845
0.8306
0.774
0.7806
0.7622
0.6894
0.6759
0.6405
0.6776
0.6247
-99
0.6626
0.8509
0.8843
0.7351
0.7341
0.8323
0.8112
0.7697
0.8147
0.6619
0.6476
0.7894
0.8486
0.8554
0.8432
0.8527
0.8274
0.7642
0.8343
0.8386
0.7847
0.8578
0.8597
0.8193
0.9266
0.8396
0.8245
0.8483
0.8738
0.8582
0.9516
0.96
0.9327
0.8523
0.8703
0.8728
0.8797
0.92
0.9074
0.5643
0.6232
0.9045
0.8733
0.8653
0.7703
0.8183
0.9022
0.789
0.8306
0.978
0.8783
0.9506
0.8761
0.7248
0.7666
0.8034
0.7752
0.8057
0.9045
0.9218
0.9107
0.9052
0.8907
0.9163
0.759
0.7465
0.8252
0.8334
0.9317
0.83
0.8216
0.8327
0.5353
0.4765
0.5968
0.7706
0.7673
0.6809
0.7608
0.9415
0.9545
0.9785
0.8968
0.9588
0.9314
0.9008
0.8619
0.8522
0.8523
0.857
0.957
0.7739
0.8761
0.8821
0.887
0.9504
0.8993
0.915
0.8938
0.8883
0.8497
0.9109
0.8962
0.7908
0.842
0.8388
0.8734
0.9662
0.8391
0.8178
0.9464
0.9607
0.9336
0.9211
0.9304
0.9139
0.9057
0.8484
0.7663
0.8375
0.8815
0.8079
0.6747
0.7837
0.9811
0.8463
0.95
1
0.9697
0.9555
1
0.8733
0.9804
0.9531
0.9683
0.9119
0.9004
0.9586
0.9143
0.92
0.9
0.8021
0.8539
0.9017
0.8363
0.8407
0.8129
0.8326
0.7369
0.8153
0.8323
0.7866
0.816
0.8354
0.9104
0.8922
0.7985
0.8848
0.9324
0.8344
0.8113
0.6859
0.603
0.7322
0.743
0.8663
0.8997
0.8124
0.8557
0.9593
0.8724
0.9944
0.9211
0.7903
0.8277
0.7523
0.4917
0.6291
0.7934
0.809
0.8023
0.7455
0.6295
0.8697
0.9173
0.971
0.8833
0.67
0.9832
0.8897
0.8577
0.8306
0.8183
0.8513
0.8778
0.9228
0.7825
0.8514
0.7113
0.8497
0.9091
0.6892
0.5136
0.7248
0.7927
0.7911
0.8126
0.8108
0.8758
0.8478
0.8043
0.7305
0.9339
0.8862
0.8554
0.8018
0.7849
0.9563
0.6739
0.7149
0.8921
0.9489
0.9548
0.8382
0.9825
0.9293
0.9418
0.8293
0.94
0.8861
0.8884
0.84
0.8221
0.8859
0.855
0.8083
0.7569
0.7515
0.7324
0.7416
0.783
0.8786
0.9022
0.8856
0.7903
0.9774
0.9988
0.9323
0.7671
0.847
0.8114
0.8175
0.9431
0.9257
0.951
1
0.7797
0.7761
0.8253
0.767
0.7385
0.7349
0.8145
0.7624
0.8263
0.36
0.9025
0.8076
0.7635
-99
-99
0.7973
0.799
0.8252
0.8171
0.7166
0.6782
0.6768
0.609
0.8312
0.8377
0.7242
0.6618
0.9936
0.7284
0.8724
0.8021
0.7153
0.7418
0.5983
0.6159
0.5723
0.57
0.5561
0.5444
0.6158
0.5547
0.5026
0.4939
0.6555
0.7259
0.7738
0.6553
0.7076
0.7988
0.7803
0.7929
0.7671
0.7424
0.7703
0.7597
0.9076
0.7916
0.8224
0.7907
0.7703
0.6169
0.6903
0.8781
0.6326
0.5364
0.6947
0.7015
0.7592
0.763
0.5842
0.4224
0.6336
0.6086
0.6709
0.7949
0.8356
0.7635
0.7375
0.6215
0.6722
0.8397
0.943
0.7452
0.778
0.8413
0.8678
0.7581
0.7383
0.8447
0.8013
0.8943
0.6883
0.7456
0.8429
0.8459
0.8712
0.6989
0.7329
0.7791
0.7647
0.7697
0.8284
0.8776
0.8166
0.99
0.8253
0.8688
0.9604
0.8032
0.8044
0.7983
0.8909
0.8457
0.9523
-99
0.8224
0.8296
0.8713
0.8869
0.8857
0.7123
0.7985
0.8806
0.8386
0.821
0.8117
0.8178
0.918
-99
0.8581
0.7865
0.917
0.8897
0.8731
0.8462
0.6986
0.7081
0.7476
0.8026
0.8291
0.881
0.8448
0.857
0.9076
0.871
0.759
0.8989
0.8877
0.8831
0.8936
1
0.9332
0.7749
0.8962
0.8611
0.8976
0.8252
0.7928
0.6826
0.695
0.8387
0.8857
0.9357
0.6532
0.7945
0.7724
0.7934
0.8903
0.8636
0.9019
0.8893
0.913
0.9482
0.8932
0.8227
0.8637
0.843
0.8434
0.8844
0.6497
0.8497
0.7645
0.841
0.9081
0.925
0.74
0.8703
0.9815
0.8959
0.9066
0.8863
0.8881
0.9996
0.8577
0.77
0.952
1
1
0.8915
0.8782
0.8691
0.8624
0.6718
0.9414
0.8161
0.7828
0.8803
0.7458
0.83
0.8984
0.9147
0.9384
1
0.9868
0.9028
0.9222
0.995
0.7994
0.9215
0.9153
0.9514
0.9133
0.9611
0.938
0.9471
0.9638
0.8087
0.8226
0.8363
1
0.7912
0.8176
0.8883
0.8338
0.8913
0.7911
0.6833
0.8083
0.8891
0.9453
0.8368
0.9838
0.9269
0.8867
0.81
0.8121
0.848
0.8561
0.8771
0.8694
0.875
0.9197
0.9485
0.8703
0.8009
0.7848
0.6223
0.5323
0.6926
0.8486
0.8462
0.8239
0.7094
0.612
0.3706
0.4563
0.8431
0.7527
0.5447
0.6914
0.8472
0.9025
0.84
0.828
0.8364
0.7688
0.9121
0.9752
0.973
0.9328
0.8341
0.8024
0.7991
0.9963
0.973
0.9121
0.9448
0.9337
0.9141
0.9874
1
0.9524
0.8624
0.8432
0.8317
0.9145
0.8764
0.954
0.9564
0.8138
0.8635
0.8854
0.8424
0.8503
0.8431
0.861
0.871
0.8997
0.7792
0.8497
0.6987
0.697
0.7448
0.6669
0.716
0.7451
0.8364
0.8182
0.8922
0.8458
0.986
0.952
0.9687
0.9213
0.8458
0.8766
0.4318
0.6654
0.7838
0.6344
0.8108
0.8314
0.8871
0.8064
0.7489
0.8881
0.7439
0.86
0.6969
0.7031
0.7078
0.6974
0.8112
0.8403
0.7824
0.8359
0.7381
0.7341
0.8023
0.8446
0.7867
0.7388
0.8353
0.6858
0.6497
0.7911
0.8287
0.7111
0.8827
0.7085
0.9021
0.7515
0.7477
0.7357
0.7721
0.775
0.858
0.7817
0.8809
0.8394
0.8753
0.7823
0.8103
0.7306
0.8074
0.8041
0.7366
0.7516
0.9653
0.8525
0.6997
0.7205
0.6847
0.6189
0.6058
0.6194
0.7506
0.6797
0.6668
0.7731
0.7224
0.6258
0.6443
0.6073
0.5964
0.6209
0.5258
0.5111
0.5023
0.5481
0.5684
0.7515
0.8123
0.6121
0.5418
0.4737
0.3829
0.4469
0.6091
0.7457
0.7688
0.8032
0.8711
0.822
0.5732
0.3655
0.6697
0.7082
0.7952
0.7212
0.782
0.6621
0.6927
0.7803
0.6497
0.5903
0.5309
0.4482
0.6521
0.7144
0.5427
0.7835
0.7594
0.7827
0.7871
0.6324
0.7573
0.7134
0.72
0.7238
0.7582
0.7763
0.7879
0.7876
0.7544
0.8276
0.7842
0.5773
0.5816
0.5324
0.5276
0.4687
0.4197
0.5023
0.6181
0.5488
0.427
0.3643
0.37
0.3389
0.58
0.789
0.8891
0.8168
0.7231
0.7786
0.7561
0.8223
0.6856
0.7242
0.7832
0.7803
0.7769
0.8439
0.4526
0.5968
0.8071
0.8397
0.7824
0.7874
0.8253
0.8958
0.8639
0.9737
0.715
0.7536
0.7269
0.7358
0.8194
0.7963
0.6968
0.6391
0.7289
0.7444
0.7603
0.8285
0.8482
0.8452
0.8626
0.8609
0.8903
0.8308
0.895
0.9992
0.9238
0.959
0.9917
0.8194
0.8813
0.6712
0.9019
0.8488
0.7444
0.7322
0.8263
0.8383
0.8979
0.9282
0.9748
0.9425
0.8371
0.935
0.8397
0.9787
0.8941
0.9916
0.8079
0.9054
0.9703
0.7245
0.8053
0.8324
0.9759
0.9893
0.9362
0.7589
0.8258
0.9058
0.8782
0.8536
0.8087
0.8544
0.8745
0.8979
0.9142
0.9862
0.9896
0.9664
0.9531
0.9348
0.9304
0.9291
0.9666
0.977
0.96
0.9134
0.8957
0.9422
0.9407
0.9672
0.9912
0.9026
0.9145
0.83
0.7621
0.8971
0.9161
0.9304
1
0.9715
1
0.9235
0.9438
0.9286
0.9152
0.8878
0.8987
0.8912
0.9508
0.909
0.9193
0.9389
0.8867
0.9165
0.9696
0.9569
0.9416
0.945
0.9213
0.5894
0.6869
0.8591
0.9183
0.91
0.915
0.971
0.7971
0.87
0.788
0.7515
0.6994
0.7513
0.885
0.9022
0.8859
0.9129
0.9096
0.8941
0.8588
0.9367
0.8212
0.7172
0.7671
0.8248
0.8193
0.7459
0.5845
0.6697
0.6843
0.7834
0.8952
0.8969
0.9831
0.9141
0.8775
0.975
0.7407
0.7488
0.8291
0.9087
0.91
0.9383
0.9096
0.9444
0.9223
0.9041
0.9355
0.9138
0.8558
0.8393
0.7331
0.7924
0.8248
0.8955
0.8427
0.9838
0.7991
0.859
0.9031
0.9211
1
0.7606
0.83
0.9214
1
1
0.7938
0.6603
0.7994
0.8071
0.7353
0.7426
0.6991
0.8609
0.7279
0.842
0.8723
0.8597
0.9696
0.8658
0.9754
0.9841
0.9267
0.8604
0.7824
0.8858
0.8877
0.8328
0.8163
0.8866
0.8365
0.6103
0.7419
0.8394
0.8707
0.989
0.8
0.7919
0.9811
0.9448
0.8455
0.8343
0.7731
0.7851
0.7991
0.8794
0.8824
0.9996
0.8468
0.8426
0.7185
0.8703
0.7269
0.8987
-99
-99
-99
-99
-99
-99
-99
-99
0.791
0.8176
0.7416
0.7289
0.6737
0.7503
0.9992
0.7497
0.8403
0.8642
0.8411
0.8029
0.9265
0.6059
0.7911
0.7932
0.8109
0.9612
0.9653
0.7812
0.831
0.8676
0.7746
0.7561
0.8251
0.7915
0.7006
0.7292
0.7963
0.7884
0.8756
0.7409
0.7788
0.7891
0.83
0.8648
0.7694
0.8848
0.9222
0.8668
0.9297
0.7263
0.6829
0.7649
0.7417
0.6977
0.6697
0.7409
0.7068
0.7225
0.7757
0.8667
0.7135
0.785
0.6859
0.6806
0.7032
0.9086
0.8352
0.8038
0.8314
0.7694
0.7406
0.7091
0.6629
0.6206
0.6453
0.6777
0.6994
0.7251
0.7548
0.7832
0.7239
0.7432
0.6738
0.6114
0.5571
0.6647
0.7565
0.9775
-99
-99
-99
-99
-99
-99
-99
-99
-99
-99
-99
-99
-99
-99
-99
-99
-99
-99
-99
-99
-99
-99
-99
-99
0.7779
0.8235
0.7
0.7764
0.8631
0.8091
0.6403
0.5727
0.7745
0.8611
0.8083
0.7933
0.8205
0.6356
0.5685
0.5772
0.6747
0.7658
0.8051
0.8149
0.7886
0.7209
0.8549
0.8242
0.9061
0.9192
0.9221
0.8961
0.9364
0.9189
0.8458
0.8673
0.8063
0.8462
0.8351
0.7695
0.8086
0.8552
0.8433
0.8513
0.9023
0.8455
0.7837
0.8453
0.8232
0.8209
0.9361
0.9077
0.8083
0.8346
0.83
0.6984
0.6611
0.8143
0.8138
0.8594
0.8933
0.8509
0.8967
0.8644
0.7015
0.7912
0.841
0.861
0.8879
0.6866
0.4533
0.6338
0.9032
0.839
0.7876
0.7144
0.6072
0.7162
0.9132
0.8007
0.7506
0.769
0.7207
0.7232
0.8819
0.8972
0.9827
0.9263
0.8228
0.803
0.8341
0.9106
0.9892
0.8513
0.89
0.8778
0.9876
0.8852
0.8603
0.8121
0.8752
0.8391
0.8754
0.7735
0.5889
0.4425
0.6685
0.6997
0.8422
0.8336
0.8394
0.9532
0.915
0.9071
0.8959
0.9393
0.8837
0.8948
0.8319
0.9038
0.9868
0.9014
0.9672
0.8281
0.849
0.9969
0.9507
0.9796
0.9853
0.93
0.9574
0.9035
0.7835
0.9329
0.9296
0.9579
0.9511
0.9022
0.8913
0.8817
0.8045
0.7886
0.8432
0.8157
0.7832
0.8783
0.9808
0.8125
0.797
0.8618
0.4546
0.8303
0.875
0.8867
0.9096
0.895
0.8817
0.8783
0.89
0.8975
0.9325
0.9075
0.9442
0.9188
0.8771
0.8525
0.8579
0.895
0.9421
0.93
0.8046
0.6758
0.8671
0.7363
0.8717
0.91
0.6825
0.3163
0.395
0.5504
0.6629
0.5308
0.5954
0.7296
0.7092
0.7783
0.8413
0.8917
0.9225
0.9658
0.9504
0.9417
0.9463
0.8742
0.7829
0.7621
0.8096
0.4904
0.4029
0.4596
0.7754
0.7708
0.7783
0.8942
0.7046
0.7979
0.7117
0.8433
0.8446
0.73
0.7471
0.8358
0.7254
0.9013
0.7625
0.8379
0.6921
0.66
0.4658
0.5171
0.7392
0.8354
0.9463
0.8542
0.8546
0.9088
0.9038
0.8854
0.8888
0.7463
0.6371
0.7633
0.9854
0.9392
0.9529
0.9625
0.9608
0.9138
0.7758
0.7313
0.8067
0.9396
0.8846
0.7729
0.9088
0.8875
0.8354
0.8683
0.8275
0.8671
0.9438
0.5613
0.3158
0.6004
0.7658
0.7742
0.8625
0.95
0.7204
0.51
0.6717
0.6183
0.7917
0.8767
0.8033
0.8158
0.9046
0.8067
0.685
0.6358
0.5742
0.5338
0.5075
0.4725
0.7854
0.8613
0.7992
0.8342
0.6963
0.7758
0.7654
0.7292
0.8633
0.775
0.7621
0.8646
0.8017
0.7779
0.7204
0.9967
0.8004
0.7904
0.6688
0.6783
0.7854
0.7842
0.7554
0.575
0.5429
0.6017
0.6938
0.6713
0.7446
0.8363
0.7963
0.6958
0.7138
0.7571
0.8163
0.8108
0.6608
0.6683
0.6971
0.7429
0.7908
0.7217
0.8629
0.9275
0.8713
0.7879
0.7371
0.61
0.5167
0.6263
0.7683
0.6838
0.6867
0.5838
0.7096
0.715
0.7171
0.6663
0.6533
0.815
0.8863
0.8129
0.7633
0.7338
0.6467
0.7667
0.8217
0.8417
0.9058
0.8992
0.6354
0.6963
0.6146
0.5458
0.4521
0.5017
0.7358
0.8325
0.7908
0.8133
0.7638
0.7475
0.7479
0.8129
0.8838
0.8038
0.8271
0.8058
0.815
0.85
0.8038
0.8721
0.942
-99
-99
0.7294
0.7283
0.8221
0.7783
0.8125
0.9125
0.9321
0.7408
0.8175
0.8583
0.865
0.8271
0.8863
0.9329
0.9113
0.8733
0.7138
0.745
0.7546
0.7292
0.8242
0.8671
0.9583
0.9296
0.8233
0.8496
0.835
0.86
0.8233
0.7342
0.6929
0.7838
0.8883
0.925
0.9908
0.905
0.9025
0.7096
0.8283
0.9154
0.8633
0.8138
0.845
0.995
0.8263
0.7663
0.8817
0.8517
0.8871
0.9304
0.9238
0.9513
0.9404
0.9288
0.9421
0.9454
0.8771
0.9288
0.8754
0.8108
0.8158
0.9167
0.92
0.8913
0.9238
0.9371
0.9846
1
0.9963
0.9992
1
0.9988
0.9254
0.9454
1
0.9025
0.9363
0.9042
0.8654
0.9704
0.9213
0.93
0.9625
0.9667
0.9725
0.9646
0.9508
0.9779
0.8983
0.9104
0.9338
0.9167
0.9154
0.8521
0.8825
0.9233
0.9983
0.8663
0.985
0.9963
0.9933
0.9463
0.9825
0.9004
0.8967
0.9671
0.9346
0.9467
0.9671
0.8838
0.8963
0.8946
0.8858
0.8175
0.8842
0.8629
0.8954
0.8238
0.8313
0.9488
0.77
0.7554
0.7167
0.7904
0.75
0.8538
0.7321
0.7438
0.7933
0.8579
0.8329
0.82
0.8438
0.7633
0.7917
0.7817
0.8021
0.8179
0.7933
0.8071
0.8321
0.8629
0.8767
0.8688
0.8279
0.6779
0.7467
0.7567
0.8204
0.7171
0.6433
0.6396
0.7738
0.9546
0.9458
0.9529
0.9096
0.9038
0.925
0.8725
0.8708
0.8342
0.8471
0.9488
0.9438
0.8683
0.8463
0.8588
0.8633
0.8525
0.8967
0.8233
0.8425
0.8221
0.7971
0.9683
0.9858
0.9804
0.8304
0.6779
0.8692
0.8442
0.81
0.8508
0.8192
0.7638
0.7567
0.8104
0.8275
0.8892
0.8508
0.775
0.8167
0.8025
0.785
0.6725
0.4825
0.5396
0.5808
0.5588
0.7758
0.8488
0.8558
0.8363
0.7013
0.8642
0.755
0.6792
0.7946
0.6442
0.49
0.5688
0.6771
0.4675
0.7329
0.7996
0.7079
0.5238
0.5696
0.7804
0.8363
0.7825
0.8467
0.725
0.7392
0.8204
0.8979
0.875
0.8717
0.8017
0.69
0.5842
0.7221
0.7204
0.6888
0.5933
0.72
0.6242
0.6958
0.755
0.6625
0.7392
0.7629
0.7063
0.8388
0.7754
0.805
0.8042
0.8075
0.5967
0.7367
0.7404
0.6133
0.6642
0.7283
0.8275
0.7667
0.7329
0.815
0.8458
0.6471
0.6342
0.5517
0.4338
0.5458
0.7483
0.7408
0.7017
0.7271
0.7317
0.6879
0.5196
0.5942
0.58
0.5975
0.6804
0.7425
0.6604
0.7854
0.7179
0.7513
0.6863
0.6492
0.5163
0.5329
0.5992
0.6713
0.7271
0.6542
0.6667
0.5221
0.6475
0.6963
0.6725
0.6004
0.5225
0.4021
0.515
0.6458
0.8138
0.6471
0.6133
0.6258
0.5763
0.6471
0.5458
0.5217
0.5875
0.6688
0.5708
0.5483
0.4954
0.5667
0.5075
0.4896
0.6467
0.6558
0.6979
0.6025
0.6242
0.6133
0.5638
0.6088
0.5388
0.6088
0.5971
0.5746
0.5821
0.5654
0.5604
0.4492
0.4054
0.5267
0.6338
0.6479
0.6992
0.6629
0.7292
0.6367
0.5238
0.5008
0.4354
0.5475
0.6771
0.6538
0.5838
0.585
0.6388
0.6133
0.5496
0.4433
0.4763
0.5192
0.5138
0.5396
0.3704
0.4833
0.5713
0.5863
0.5742
0.5917
0.6825
0.6758
0.7263
0.6008
0.6692
0.6938
0.62
0.7133
0.6521
0.7138
0.6867
0.71
0.6975
0.6888
0.8567
0.8192
0.6804
0.6258
0.5471
0.6183
0.6667
0.7342
0.6371
0.7558
0.7108
0.7213
0.7279
0.7404
0.7775
0.7067
0.665
0.7183
0.8129
0.6896
0.6383
0.7217
0.7638
0.7217
0.7579
0.7521
0.7413
0.7383
0.7804
0.9254
0.9125
-99
-99
-99
-99
-99
-99
-99
-99
-99
-99
-99
-99
-99
-99
0.7688
0.945
-99
-99
0.6525
0.7863
0.8175
0.7929
0.7158
0.8733
0.8883
0.8308
0.8921
0.9421
0.7804
0.785
0.8154
0.8242
0.8038
0.9108
0.8292
0.7467
0.8233
0.8058
0.8546
0.7083
0.84
0.8063
0.8442
0.8742
0.8004
0.7742
0.8454
0.8313
0.7725
0.6038
0.7571
0.7358
0.8063
0.9638
0.8396
0.875
0.8746
0.8775
0.8638
0.8313
0.8063
0.8679
0.8954
0.8171
0.7404
0.7883
0.8296
0.7125
0.8067
0.7246
0.8192
0.9088
0.8617
0.8029
0.8625
0.8425
0.8429
0.8533
0.8904
0.7975
0.7183
0.8342
0.9367
0.8075
0.7604
0.6846
0.8483
0.8538
0.8
0.8363
0.7475
0.8708
0.8558
0.8938
0.8983
0.8517
0.8033
0.7475
0.8146
0.5792
0.7033
0.7858
0.7725
0.8117
0.8629
0.8071
0.8079
0.8338
0.8417
0.7996
0.8138
0.7975
0.795
0.8392
0.8413
0.8129
0.8233
0.8579
0.8421
0.8333
0.7904
0.8546
0.89
0.8875
0.8454
0.8017
0.7475
0.7829
0.8442
0.8913
0.6188
0.3713
0.7767
0.7208
0.7108
0.7154
0.6296
0.7429
0.7858
0.8304
0.8004
0.8413
0.8517
0.8233
0.8329
0.7575
0.7971
0.7942
0.6096
0.7075
0.5188
0.59
0.6967
0.4758
0.5275
0.8525
0.8192
0.7867
0.85
0.8671
0.8208
0.78
0.7129
0.7525
0.6346
0.7513
0.775
0.67
0.5233
0.6142
0.7096
0.7275
0.6321
0.7854
-99
0.6608
0.3588
0.5242
0.5992
0.6167
0.5929
0.6638
0.7142
0.6767
0.6429
0.5708
0.4392
0.3992
0.4579
0.5804
0.6725
0.6267
0.73
0.7783
0.7571
0.6154
0.65
0.8067
0.7904
0.8504
0.9142
0.835
0.9354
0.7696
0.8017
0.7746
0.7792
0.8071
0.7613
0.84
0.8888
0.6633
0.6308
0.7
0.7063
0.6983
0.7075
0.7983
0.7958
0.6538
0.6108
0.5971
0.6033
0.6096
0.68
0.7279
0.84
0.7358
0.8613
0.7104
0.8288
0.785
0.7542
0.615
0.5475
0.6733
0.7913
0.6996
0.6983
0.65
0.6342
0.7246
0.7338
0.6938
0.6538
0.7163
0.7571
0.6129
0.5183
0.5546
0.6154
0.535
0.6383
0.695
0.6479
0.4492
0.4646
0.6
0.5779
0.6821
0.5104
0.5675
0.5721
0.5654
0.5783
0.6017
0.5579
0.4783
0.4892
0.5833
0.55
0.5742
0.5838
0.4475
0.5979
0.5983
0.6033
0.5475
0.6688
0.625
0.6013
0.5913
0.5129
0.5142
0.5346
0.6279
0.6775
0.6225
0.5583
0.4883
0.6146
0.5992
0.6758
0.6296
0.545
0.3388
0.4233
0.5496
0.4871
0.6754
0.6463
0.6325
0.6163
0.4217
0.5563
0.6117
0.645
0.6254
0.6408
0.6333
0.6279
0.5542
0.6133
0.6108
0.5913
0.48
0.5442
0.6029
0.6371
0.6621
0.6408
0.6342
0.6158
0.6179
0.6208
0.7121
0.7825
0.8121
0.6754
0.6983
0.7004
0.7742
0.715
0.6792
0.7229
0.7367
0.6521
0.7696
0.865
0.6738
0.6742
0.8467
0.7204
0.7333
0.5625
0.5388
0.5675
0.4779
0.53
0.6025
0.6325
0.6804
0.7046
0.7304
0.69
0.5288
0.6067
0.6892
0.6742
0.7104
0.6817
0.6867
0.6467
0.6721
0.6883
0.6129
0.6054
0.7279
0.7496
0.6642
0.7413
0.7779
0.8275
0.7513
0.7396
0.8225
0.59
0.5096
0.5146
0.7413
0.7708
0.7504
0.7621
0.8175
0.8275
0.7913
0.7779
0.7604
0.825
0.8579
0.8038
0.7708
0.6946
0.7763
0.7596
0.7554
0.7992
0.8208
0.7767
0.7725
0.6871
0.7021
0.7379
0.7458
0.7642
0.805
0.7608
0.8254
0.77
0.7621
0.7563
0.7079
0.6671
0.7546
0.7708
0.7892
0.7925
0.7375
0.69
0.7038
0.6871
0.6963
0.6708
0.7875
0.7779
0.725
0.5308
0.4354
0.4863
0.4754
0.4479
0.7863
0.8738
0.8413
0.7767
0.7946
0.7779
0.7213
0.7379
0.7504
0.7333
0.7167
0.7404
0.7408
0.6554
0.6725
0.7542
0.7579
0.7683
0.7175
0.5125
0.4829
0.3967
0.5283
0.5883
0.5879
0.6442
0.6471
0.715
0.7388
0.7617
0.7571
0.8071
0.8279
0.7954
0.8013
0.755
0.7158
0.7404
0.7263
0.7013
0.7483
0.7263
0.6742
0.7867
0.9375
0.8533
0.8063
0.7408
0.8179
0.8667
0.8471
0.905
0.8021
0.6783
0.7625
0.8038
0.7121
0.6675
0.6067
0.7029
0.8183
0.8363
0.8546
0.8121
0.7633
0.8279
0.7838
0.7125
0.6429
0.5629
0.6721
0.7213
0.7088
0.6729
0.7321
0.8504
0.7108
0.6938
0.6883
0.7108
0.6758
0.7129
0.7538
0.7571
0.7092
0.7158
0.7838
0.7288
0.7775
0.7213
0.8854
0.9025
0.8733
0.8417
0.8046
0.7796
0.8192
0.9008
0.8221
0.8492
0.8738
0.7692
0.775
0.6917
0.7779
0.5196
0.3071
0.4383
0.6229
0.7246
0.8113
0.6983
0.61
0.7533
0.8467
0.7738
0.7908
0.6308
0.7238
0.7925
0.855
0.6938
0.5513
0.7471
0.695
0.585
0.6742
0.6758
0.6721
0.7713
0.8175
0.7788
0.7617
0.5725
0.6338
0.6742
0.7008
0.6917
0.7279
0.7625
0.6225
0.7021
0.635
0.7975
0.6958
0.6213
0.6542
0.7092
0.7033
0.8313
0.7842
0.6596
0.8271
0.7071
0.6975
0.7033
0.7321
0.6525
0.6158
0.6071
0.8088
0.705
0.6746
0.6017
0.4875
0.3942
0.3775
0.515
0.6825
0.5704
0.4729
0.8113
0.8488
0.8025
0.7163
0.7129
0.7883
0.8092
0.8013
0.8379
0.7788
0.7508
0.6779
0.6892
0.7838
0.7933
0.8179
0.9046
0.71
0.7917
0.7838
0.7042
0.896
0.7667
0.8708
0.8446
0.8471
0.7513
0.8154
0.7446
0.7375
0.7142
0.6975
0.7925
0.7608
0.6917
0.7583
0.7629
0.7913
0.7375
0.7692
0.6075
0.6242
0.5183
0.4479
0.4517
0.4696
0.5925
0.6033
0.5229
0.6375
0.6479
0.5854
0.5083
0.4954
0.6613
0.7133
0.6392
0.6521
0.7371
0.7171
0.6825
0.7038
0.6213
0.7004
0.7408
0.7096
0.6683
0.6879
0.6046
0.5642
0.6554
0.5825
0.5646
0.7142
0.6279
0.6842
0.5842
0.6171
0.6221
0.6271
0.675
0.7158
0.4942
0.4858
0.5746
0.625
0.5979
0.5267
0.4654
0.405
0.5317
0.6521
0.5808
0.6663
0.7204
0.5242
0.5521
0.5688
0.565
0.5596
0.6508
0.6904
0.6163
0.6975
0.6813
0.7563
0.8611
0.74
0.7404
0.7171
0.62
0.5504
0.4996
0.4238
0.6438
0.6133
0.645
0.7058
0.6417
0.5333
0.6663
0.6275
0.6608
0.6008
0.6017
0.6604
0.6283
0.5767
0.5417
0.5983
0.7063
0.7108
0.7513
0.7433
0.8217
0.7058
0.8217
0.7983
0.7713
0.7058
0.7875
0.6404
0.7017
0.6754
0.7329
0.7567
0.7346
0.6833
0.4867
0.5421
0.6596
0.6838
0.7871
0.8346
0.7096
0.7217
0.8063
0.8413
0.7929
0.7854
0.7933
0.8363
0.8563
0.8058
0.8254
0.8196
0.8633
0.8671
0.8146
0.7638
0.7496
0.705
0.8921
0.8921
0.7304
0.8813
0.8238
0.8796
0.7633
0.825
0.7225
0.8179
0.7879
0.8479
0.82
0.8046
0.835
0.9017
0.7092
0.6879
0.7163
0.7621
0.7733
0.8683
0.7933
0.7963
0.7283
0.7521
0.7858
0.6004
0.7104
0.6908
0.7367
0.705
0.7842
0.6192
0.5583
0.6954
0.6725
0.7383
0.5817
0.6646
0.7908
0.7433
0.8817
0.8408
0.6267
0.7475
0.8129
0.8058
0.8004
0.8804
0.8229
0.7625
0.7863
0.7942
0.8004
0.7604
0.8054
0.82
0.8067
0.8717
0.905
0.7921
0.8908
0.8988
0.9042
0.8788
0.9104
0.8925
0.8108
0.7967
0.8908
0.8671
0.8221
0.8071
0.8358
0.8354
0.8233
0.7833
0.73
0.8183
0.83
0.8333
0.7667
0.7863
0.7383
0.7183
0.7275
0.7292
0.4804
0.5633
0.6125
0.61
0.6438
0.7892
0.8417
0.9113
0.9217
0.9092
0.8679
0.7546
0.87
0.8275
0.6233
0.5038
0.6975
0.5821
0.6083
0.6821
0.7263
0.7342
0.6017
0.6775
0.6738
0.6521
0.7442
0.6246
0.7758
0.6775
0.6596
0.7583
0.7629
0.7375
0.6838
0.7683
0.8488
0.8446
0.8558
0.8479
0.6104
0.4125
0.5258
0.7167
0.7829
0.6575
0.77
0.8125
0.7175
0.6021
0.5692
0.6021
0.6104
0.6125
0.6104
0.6063
0.6475
0.6746
0.5608
0.6138
0.5317
0.7192
0.7404
0.8929
0.7913
0.7846
0.8583
0.7592
0.8988
0.8117
0.7538
0.7475
0.745
0.8196
0.6767
0.7613
0.8763
0.7729
0.8571
0.6946
0.7663
0.7588
0.6942
0.7821
0.8375
0.7638
0.7629
0.6788
0.5225
0.5408
0.6096
0.7179
0.7988
0.6738
0.7858
0.7108
0.7688
0.8129
0.6696
0.6179
0.6325
0.6817
0.6325
0.555
0.6471
0.7338
0.7775
0.7654
0.7329
0.8046
0.8729
0.7238
0.63
0.6188
0.6313
0.6392
0.5858
0.5829
0.6779
0.6633
0.6696
0.7579
0.6529
0.5538
0.4617
0.5867
0.5738
0.6346
0.6296
0.4904
0.4908
0.5825
0.7854
0.63
0.6754
0.7071
0.4683
0.5417
0.5729
0.6488
0.4963
0.4667
0.5183
0.6125
0.5042
0.4571
0.5875
0.6888
0.6167
0.6646
0.6463
0.6958
0.635
0.5483
0.58
0.6492
0.5267
0.5017
0.5033
0.4729
0.5221
0.4938
0.6217
0.6338
0.7042
0.7171
0.8533
0.7429
0.7146
0.7088
0.5396
0.6196
0.6579
0.6904
0.6842
0.4354
0.5838
0.5221
0.4617
0.6333
0.4504
0.4654
0.6138
0.5813
0.5525
0.6113
0.6458
0.6438
0.6117
0.6325
0.6113
0.6188
0.6092
0.5933
0.5021
0.5817
0.5763
0.7492
0.7883
0.6854
0.6221
0.5525
0.5213
0.5621
0.6392
0.4246
0.3313
0.3367
0.4188
0.5504
0.6342
0.5913
0.6179
0.6246
0.6871
0.635
0.5942
0.6258
0.6458
0.7342
0.6904
0.7525
0.685
0.6496
0.5604
0.6513
0.5654
0.5779
0.5008
0.5504
0.5167
0.5642
0.6917
0.8158
0.8254
0.695
0.6775
0.7275
0.67
0.7721
0.7338
0.6563
0.6296
0.6463
0.7113
0.6796
0.6921
0.6179
0.5625
0.695
0.7429
0.7708
0.7183
0.7071
0.7371
0.7021
0.6233
0.6388
0.7475
0.7642
0.745
0.7513
0.6458
0.6454
0.5321
0.4508
0.5613
0.5375
0.7042
0.8663
0.8404
0.9067
0.7596
0.78
0.8246
0.8779
0.8563
0.8463
0.8021
0.7654
0.8233
0.845
0.6979
0.62
0.6083
0.6175
0.7046
0.7188
0.5775
0.5333
0.5075
0.7108
0.7938
0.8008
0.7946
0.7375
0.6492
0.7188
0.7754
0.8588
0.8
0.8779
0.7771
0.755
0.7404
0.6788
0.6725
0.8192
0.7104
0.8413
0.6692
0.5988
0.7167
0.8013
0.7167
0.7779
0.7271
0.7121
0.7117
0.795
0.7733
0.7633
0.7829
0.7496
0.6908
0.6717
0.6679
0.7238
0.6767
0.5654
0.5671
0.8813
0.9529
0.8592
0.9342
0.7142
0.8613
0.7692
0.68
0.8296
0.7525
0.7058
0.55
0.7983
0.8492
0.8638
0.9333
0.7246
0.8708
0.7933
0.5983
0.6317
0.7396
0.7971
0.7071
0.8246
0.745
0.7904
0.8808
0.9354
0.9517
0.8933
0.8113
0.8033
0.8396
0.8058
0.9163
0.7738
0.7921
0.6796
0.77
0.62
0.8104
0.7567
0.7938
0.7596
0.8917
0.7375
0.6825
0.7296
0.8883
0.8738
0.7796
0.4567
0.5713
0.7588
0.6692
0.8104
0.8792
0.9017
0.7817
0.8283
0.6863
0.8338
0.8329
0.6225
0.5283
0.6308
0.5171
0.8142
0.6338
0.6433
0.6383
0.7579
0.8004
0.7463
0.5213
0.7413
0.8788
0.6117
0.6054
0.7158
0.8121
0.7079
0.6288
0.7267
0.705
0.6946
0.6992
0.7813
0.7442
0.7946
0.9242
0.8104
0.8596
0.8675
0.5108
0.5029
0.7058
0.7579
0.6092
0.5996
0.7283
0.6646
0.7317
0.8171
0.8054
0.7192
0.7408
0.79
0.6763
0.6558
0.57
0.8096
0.8271
0.7308
0.7329
0.7083
0.6896
0.72
0.7863
0.7288
0.6688
0.75
0.7758
0.7104
0.6888
0.6571
0.6071
0.5925
0.6088
0.6796
0.8063
0.7721
0.8838
0.8396
0.7321
0.7813
0.7246
0.7667
0.8142
0.7238
0.6567
0.8375
0.8267
0.8704
0.73
0.6658
0.7096
0.675
0.625
0.6854
0.6588
0.6604
0.6408
0.515
0.5396
0.6096
0.6504
0.7688
0.6883
0.6679
0.6225
0.73
0.7542
0.6804
0.5904
0.5308
0.7858
0.7488
0.7254
0.8996
0.7929
0.825
0.715
0.6638
0.7275
0.7325
0.6158
0.6833
0.6442
0.7283
0.6696
0.595
0.6742
0.6875
0.5613
0.4838
0.4563
0.4838
0.5917
0.6154
0.5804
0.5154
0.5242
0.595
0.6533
0.6371
0.6592
0.6413
0.5883
0.6163
0.595
0.4729
0.4317
0.5213
0.6088
0.6604
0.6396
0.6
0.67
0.7029
0.6163
0.5108
0.6458
0.6479
0.5371
0.6246
0.6442
0.5408
0.5721
0.7383
0.7742
0.7238
0.655
0.7383
0.745
0.6938
0.6971
0.6583
0.6746
0.59
0.65
0.7258
0.6692
0.6721
0.7517
0.7325
0.6417
0.6438
0.6938
0.6767
0.7908
0.7625
0.6346
0.5342
0.6767
0.7013
0.6388
0.5325
0.5258
0.5813
0.6383
0.6221
0.6521
0.7346
0.6917
0.6283
0.6992
0.6996
0.6171
0.7783
0.675
0.6888
0.7242
0.6383
0.6413
0.6438
0.7096
0.6429
0.7117
0.8979
0.8983
0.6992
0.8513
0.9208
0.8263
0.8058
0.735
0.6383
0.705
0.6596
0.7246
0.7342
0.7396
0.7533
0.81
0.7879
0.5708
0.6483
0.6821
0.6963
0.7504
0.7533
0.8988
0.8817
0.7442
0.8158
0.7917
0.7696
0.7892
0.6667
0.615
0.6438
0.7108
0.8133
0.815
0.7742
0.745
0.4408
0.4288
0.5725
0.6163
0.7438
0.6967
0.785
0.8192
0.7104
0.7496
0.7625
0.8108
0.8317
0.7771
0.7246
0.5846
0.5708
0.645
0.6563
0.7321
0.7908
0.7254
0.4863
0.7208
0.7483
0.8596
0.9029
0.8117
0.7504
0.7229
0.7588
0.7275
0.6742
0.7163
0.6358
0.7729
0.93
0.7675
0.7617
0.6858
0.7375
0.8163
0.8354
0.8021
0.6858
0.8488
0.8504
0.8163
0.7688
0.8063
0.6458
0.5483
0.4179
0.6396
0.7579
0.765
0.7008
0.9425
1
0.8446
0.6875
0.5508
0.5558
0.7158
0.7838
0.8183
0.8179
0.94
0.9163
0.8258
0.7917
0.7888
0.8379
0.875
0.8371
0.6204
0.7821
0.7458
0.7221
0.7796
0.8067
0.7871
0.7588
0.8158
0.9113
0.8138
0.8254
0.7221
0.3388
0.6288
0.6325
0.6179
0.6175
0.6992
0.715
0.7958
0.8167
0.8517
0.82
0.7308
0.6229
0.6463
0.7
0.7042
0.6092
0.7825
0.8913
0.8675
0.8388
0.8267
0.8342
0.7638
0.8417
0.7946
0.6729
0.8688
0.7379
0.7679
0.8696
0.6917
0.6958
0.7992
0.8092
0.7592
0.8146
0.585
0.6321
0.6567
0.7258
0.8879
0.7546
0.7608
0.6954
0.6679
0.7642
0.7513
0.7563
0.7767
0.9513
0.8192
0.905
0.9954
0.9529
0.7604
0.6925
0.7629
0.7442
0.6842
0.7225
0.6467
0.6229
0.755
0.8192
0.7225
0.7313
0.8308
0.8779
0.7829
0.7333
0.6392
0.7346
0.8275
0.7621
0.7042
0.7008
0.5738
0.5554
0.6538
0.7108
0.7096
0.7417
0.6729
0.6267
0.7
0.6058
0.5746
0.6958
0.7275
0.62
0.7171
0.7742
0.7529
0.7388
0.7846
0.7133
0.7496
0.81
0.7396
0.8046
0.7588
0.7904
0.8388
0.7346
0.6338
0.7592
0.8321
0.7571
0.7133
0.6758
0.6392
0.6521
0.7517
0.7104
0.6896
0.6092
0.6108
0.595
0.5613
0.5783
0.53
0.4883
0.4517
0.505
0.5229
0.6604
0.6363
0.7075
0.6713
0.8554
0.5833
0.7046
0.7679
0.7967
0.8454
0.7392
0.7796
0.9271
0.7654
0.9104
0.7792
0.7508
0.7575
0.6096
0.5642
0.6225
0.6875
0.7238
0.6863
0.6813
0.5754
0.5392
0.6629
0.68
0.6271
0.5125
0.5571
0.5254
0.5871
0.5808
0.6458
0.725
0.7067
0.6683
0.6129
0.6692
0.6167
0.5971
0.5742
0.525
0.5592
0.7067
0.6833
0.7808
0.7308
0.6817
0.7808
0.7221
0.6738
0.6775
0.6896
0.7117
0.5992
0.6413
0.6721
0.82
0.8383
0.7
0.7667
0.8554
0.8271
0.7813
0.6871
0.6975
0.7096
0.7404
0.7933
0.7267
0.6838
0.6296
0.6958
0.7088
0.6488
0.5954
0.6108
0.5642
0.595
0.6113
0.635
0.6083
0.5017
0.44
0.3613
0.5321
0.7154
0.7317
0.7704
0.6317
0.7013
0.74
0.7279
0.75
0.6883
0.6483
0.7246
0.6675
0.6546
0.6888
0.7083
0.6988
0.705
0.67
0.6721
0.6921
0.6979
0.6696
0.6688
0.6588
0.7017
0.7079
0.5558
0.6388
0.7171
0.6721
0.7042
0.7863
0.7171
0.6754
0.6183
0.5821
0.5683
0.625
0.6667
0.6358
0.5075
0.4729
0.5679
0.7254
0.7433
0.6004
0.5825
0.4858
0.4696
0.4692
0.6546
0.6083
0.6488
0.645
0.7642
0.6517
0.6858
0.8154
0.7563
0.7625
0.8217
0.8892
0.6579
0.6271
0.8796
0.9454
0.8763
0.8408
0.8942
0.8946
0.8746
0.9413
0.9708
0.9054
0.8117
0.7004
0.8092
0.8246
0.8383
0.8867
0.8663
0.9475
0.9179
0.9396
0.885
0.8838
0.8713
0.88
0.8575
0.8725
0.8383
0.7808
0.8458
0.8504
0.8613
0.8563
0.8767
0.8475
0.8467
0.8388
0.8163
0.7758
0.6942
0.7446
0.8017
0.8033
0.8633
0.9154
0.8779
0.8796
0.7896
0.7354
0.6679
0.6896
0.595
0.6475
0.5808
0.61
0.7717
0.8621
0.7333
0.8308
0.8063
0.7892
0.7492
0.7108
0.7704
0.7183
0.6029
0.6458
0.8017
0.6921
0.7225
0.7225
0.62
0.7471
0.7054
0.7754
0.7983
0.8004
0.8138
0.8608
0.7846
0.8417
0.8321
0.7908
0.7508
0.8
0.7438
0.7221
0.7488
0.7508
0.7454
0.7521
0.7542
0.7779
0.8438
0.9204
0.8088
0.6038
0.6479
0.8925
0.9129
0.6296
0.3175
0.7054
0.5071
0.2029
0.4021
0.4725
0.5896
0.4558
0.5917
0.475
0.5838
0.6167
0.6179
0.7288
0.7371
0.7513
0.6008
0.6321
0.5442
0.3967
0.4692
0.6142
0.5896
0.7146
0.7821
0.7371
0.6333
0.6579
0.7846
0.7117
0.5604
0.4796
0.6079
0.5988
0.5213
0.52
0.5458
0.5625
0.57
0.58
0.675
0.5546
0.6554
0.545
0.6483
0.5875
0.8442
0.8621
0.7729
0.7692
0.6563
0.6363
0.5888
0.5475
0.55
0.52
0.6008
0.5921
0.6379
0.8867
0.9233
0.8575
0.805
0.5421
0.6458
0.7992
0.8113
0.6025
0.7571
0.7738
0.7358
0.7742
0.485
0.5217
0.7275
0.5788
0.5783
0.7008
0.8263
0.7263
0.5442
0.7483
0.6617
0.6942
0.74
0.6721
0.7283
0.7342
0.675
0.6488
0.7829
0.6333
0.7229
0.7079
0.6192
0.7263
0.5513
0.4579
0.5892
0.7717
0.6433
0.725
0.6654
0.8013
0.7167
0.7475
0.9071
0.6988
0.5663
0.5979
0.5604
0.5271
0.6575
0.6396
0.6817
0.6054
0.5292
0.4904
0.4983
0.4525
0.6788
0.7925
0.7308
0.7321
0.7113
0.69
0.6167
0.6683
0.7433
0.5642
0.6783
0.6163
0.4938
0.4183
0.5363
0.5283
0.5458
0.5479
0.4513
0.5817
0.5408
0.4996
0.5333
0.4888
0.4104
0.5254
0.6092
0.6108
0.8
0.6496
0.5879
0.5671
0.6521
0.6596
0.6775
0.6704
0.6179
0.6763
0.6317
0.6517
0.6525
0.64
0.6221
0.6133
0.5321
0.3229
0.4746
0.6271
0.6667
0.6117
0.5217
0.4329
0.4258
0.4046
0.4738
0.5525
0.6621
0.6842
0.6642
0.6708
0.5696
0.5113
0.5371
0.61
0.6888
0.6433
0.5883
0.5142
0.4758
0.4679
0.6158
0.6158
0.6642
0.6454
0.6321
0.5329
0.4492
0.4663
0.43
0.3613
0.3467
0.3833
0.5538
0.6567
0.5746
0.665
0.7088
0.6267
0.7904
0.615
0.3796
0.4596
0.4667
0.52
0.5288
0.5208
0.5838
0.6588
0.5796
0.6783
0.685
0.6892
0.5892
0.5029
0.5842
0.7004
0.7463
0.7854
0.7867
0.7579
0.7638
0.73
0.7492
0.4417
0.4854
0.605
0.6233
0.5883
0.83
0.8025
0.6717
0.7404
0.7492
0.7771
0.7963
0.7771
0.7075
0.7321
0.7775
0.8308
0.84
0.9029
0.8483
0.7021
0.7196
0.6775
0.7833
0.8208
0.8804
0.8467
0.8675
0.8421
0.81
0.8383
0.905
0.8442
0.6342
0.2988
0.5675
0.7979
0.8171
0.6442
0.6917
0.76
0.8133
0.6533
0.8088
0.7608
0.7242
0.8371
0.8746
0.8696
0.7675
0.7838
0.795
0.8525
0.9017
0.9133
0.8638
0.82
0.8246
0.8421
0.8633
0.8117
0.86
0.8521
0.8754
0.8983
0.6927
0.5975
0.68
0.7767
0.6404
0.7238
0.6463
0.62
0.7375
0.7583
0.6788
0.6883
0.7917
0.8179
0.8217
0.8733
0.7263
0.6092
0.5879
0.6979
0.7263
0.8229
0.8367
0.7183
0.8238
0.7867
0.8417
0.9
0.7992
0.7029
0.7908
0.7675
0.7696
0.7792
0.8633
0.8292
0.7796
0.7225
0.7333
0.7179
0.7158
0.7617
0.7817
0.7692
0.7317
0.7779
0.8354
0.7358
0.6838
0.7671
0.8092
0.7925
0.9446
0.7042
0.6771
0.6308
0.6954
0.6729
0.5446
0.7392
0.7317
0.7254
0.7229
0.7135
0.7575
0.7275
0.4483
0.2892
0.6125
0.6179
0.5233
0.3617
0.6104
0.6117
0.6575
0.5329
0.5313
0.6771
0.7467
0.7771
0.8404
0.8142
0.795
0.7971
0.7733
0.8421
0.8475
0.7454
0.5633
0.7138
0.7042
0.6961
0.7925
0.6442
0.6746
0.7004
0.7829
0.9438
0.9188
0.8088
0.5721
0.6213
0.6025
0.5838
0.6529
0.8983
0.5296
0.5683
0.7771
0.885
0.5967
0.6663
0.7788
0.6638
0.7538
0.8313
0.8708
0.6583
0.7879
0.8675
0.7613
0.7379
0.685
0.7346
0.8517
0.6896
0.795
0.8296
0.8692
0.7588
0.6546
0.695
0.6479
0.6629
0.59
0.5763
0.6883
0.625
0.6113
0.6075
0.5805
0.5896
0.7454
0.5388
0.6925
0.6771
0.6267
0.5367
0.6958
0.7408
0.9029
0.9021
0.9121
0.7692
0.6954
0.7208
0.6813
0.7313
0.7233
0.6338
0.5767
0.6467
0.7679
0.8392
0.7842
0.7317
0.7467
0.8604
0.8888
0.8525
0.7578
0.715
0.735
0.8238
0.7496
0.655
0.6475
0.675
0.7183
0.7558
0.7796
0.7554
0.6729
0.7133
0.6667
0.4292
0.5229
0.6663
0.6408
0.6246
0.5692
0.5917
0.7717
0.6854
0.695
0.6692
0.6204
0.5192
0.5748
0.5367
0.4883
0.5796
0.7558
0.57
0.5196
0.6679
0.6738
0.7325
0.5863
0.675
0.6858
0.7017
0.6975
0.6496
0.6946
0.5563
0.6442
0.6833
0.7035
0.6754
0.5129
0.4508
0.4479
0.4675
0.5267
0.7183
0.5871
0.5238
0.4429
0.4771
0.5038
0.5758
0.6742
0.6375
0.6558
0.6275
0.545
0.5271
0.5
0.505
0.3719
0.6075
0.4688
0.6171
0.6183
0.5538
0.5029
0.4904
0.5642
0.5446
0.4491
0.5721
0.6342
0.6779
0.5988
0.6192
0.5275
0.4354
0.4904
0.6396
0.6338
0.6658
0.6471
0.6479
0.6358
0.5829
0.6429
0.6391
0.635
0.6346
0.5592
0.7813
0.7275
0.8242
0.7104
0.6042
0.57
0.6079
0.6496
0.5429
0.6208
0.5463
0.7133
0.8879
0.8596
0.8117
0.7692
0.8613
0.7508
0.7417
0.7292
0.8342
0.5967
0.7129
0.6771
0.7446
0.6238
0.6996
0.7175
0.7267
0.7613
0.7504
0.76
0.6433
0.7175
0.5896
0.6308
0.6067
0.7254
0.7904
0.9071
0.8121
0.8408
0.7725
0.8013
0.8025
0.7679
0.8471
0.7088
0.7392
0.7908
0.6896
0.7196
0.8125
0.8085
0.8442
0.8104
0.8208
0.8092
0.7013
0.7342
0.8108
0.8108
0.62
0.5479
0.7742
0.7483
0.6088
0.5729
0.5217
0.7596
0.6829
0.6525
0.6938
0.8046
0.7113
0.5871
0.6143
0.7592
0.6517
0.7304
0.7454
0.4775
0.7179
0.9042
0.9104
0.6554
0.4888
0.5817
0.5125
0.6783
0.7654
0.7321
0.7425
0.7438
0.6613
0.725
0.7596
0.6833
0.7679
0.7129
0.715
0.7408
0.7775
0.74
0.7975
0.8325
0.8246
0.8363
0.8242
0.9125
0.7896
0.76
0.7838
0.8238
0.8075
0.905
0.9083
0.8113
0.7383
0.7888
0.8688
0.8033
0.5746
0.7196
0.6963
0.7167
0.7617
0.7888
0.7679
0.8075
0.8021
0.8046
0.5983
0.7133
0.8013
0.8779
0.8279
0.8346
0.8421
0.885
0.8183
0.7408
0.8479
0.7992
0.7171
0.9058
0.8829
0.725
0.6971
0.9063
0.8496
0.7729
0.8842
0.7121
0.6162
0.6042
0.7546
0.7792
0.7908
0.9417
0.6796
0.7038
0.6254
0.7238
0.7254
0.6317
0.6088
0.6238
0.7438
0.6008
0.65
0.6488
0.7105
-99
-99
0.7594
0.7692
0.7421
0.7171
0.7679
0.7075
0.7025
0.76
0.7317
0.58
0.7417
0.6283
0.5938
0.7421
0.6008
0.4746
0.6558
0.7108
0.6275
0.6538
0.6204
0.5671
0.6442
0.6504
0.6783
0.6896
0.5788
0.5342
0.5838
0.6313
0.7521
0.7696
0.7771
0.78
0.5738
0.5496
0.6271
0.6633
0.6688
0.7067
0.5863
0.8983
0.8554
0.9478
0.7513
0.8635
0.6538
0.6794
0.6788
0.7054
0.7304
0.7235
0.7227
0.7233
0.8117
0.7423
0.6227
0.6158
0.651
0.7088
0.6875
0.7017
0.8279
0.8454
0.9019
0.6825
0.6477
0.6842
0.6065
0.5713
0.634
0.7313
0.7196
0.6804
0.6921
0.5517
0.6358
0.5862
0.5398
0.5754
0.559
0.5644
0.5454
0.6613
0.7056
0.8635
0.6917
0.6444
0.6569
0.6363
0.6615
0.6813
0.8167
0.8369
0.5242
0.4898
0.555
0.6458
0.8708
0.69
0.791
0.7446
0.8438
0.6927
0.6056
0.5663
0.5427
0.5913
0.5873
0.6565
0.4848
0.459
0.4081
0.3946
0.4431
0.4198
0.4335
0.6772
0.7533
0.6583
0.7256
0.6298
0.6048
0.5071
0.4177
0.651
0.6608
0.7015
0.6717
0.6721
0.6719
0.5521
0.5817
0.5985
0.646
0.6502
0.5117
0.534
0.4825
0.5813
0.851
0.7094
0.7098
0.5571
0.5244
0.6469
0.6006
0.7188
0.7146
0.555
0.4992
0.4919
0.5969
0.4433
0.5188
0.4456
0.4581
0.4673
0.67
0.6015
0.611
0.8067
0.7092
0.5258
0.5352
0.6729
0.7044
0.669
0.6675
0.5985
0.6606
0.7663
0.6623
0.5548
0.6173
0.6585
0.6617
0.5929
0.5383
0.6569
0.5635
0.5921
0.6333
0.6127
0.6217
0.6129
0.826
0.7854
0.7408
0.734
0.6617
0.6375
0.6904
0.7023
0.6323
0.6746
0.7935
0.7802
0.6617
0.7477
0.7979
0.826
0.8006
0.7719
0.7431
0.7052
0.7348
0.6958
0.7219
0.7988
0.7292
0.7408
0.8123
0.7829
0.7525
0.6602
0.6619
0.8169
0.8706
0.8702
0.7317
0.7475
0.6773
0.8969
0.8673
0.9065
0.8677
0.8038
0.7892
0.8071
0.8675
0.8471
0.7642
0.7242
0.7998
0.8502
0.7785
0.7963
0.7554
0.8377
0.7404
0.709
0.7742
0.7213
0.7631
0.7467
0.7244
0.7221
0.6444
0.6185
0.6477
0.7502
0.8144
0.7638
0.8
0.8231
0.7942
0.7802
0.8154
0.8894
0.8067
0.8048
0.765
0.7419
0.8381
0.8013
0.8502
0.9013
0.7277
0.7567
0.9125
0.6881
0.6468
0.7471
0.7471
0.7479
0.821
0.8306
0.8675
0.7867
0.844
0.9075
0.9527
0.924
0.8375
0.9217
0.846
0.7942
0.755
0.8775
0.9385
0.8737
0.7708
0.7188
0.7667
0.4196
0.6325
0.7538
0.8206
0.8492
0.8325
0.9131
0.8627
0.8648
0.7817
0.8558
0.8598
0.8606
0.8448
0.8271
0.8092
0.8446
0.8198
0.8608
0.675
0.3994
0.5596
0.6623
0.7194
0.6596
0.641
0.7067
0.79
0.835
0.8581
0.834
0.7871
0.7427
0.8213
0.7588
0.8173
0.7919
0.7773
0.7756
0.7477
0.7383
0.9456
0.8348
0.7867
0.7675
0.679
0.5031
0.3358
0.6563
0.725
0.7583
0.6231
0.56
0.62
0.5271
0.6646
0.8533
0.7606
0.5552
0.5477
0.6704
0.6552
0.6894
0.66
0.604
0.7098
0.6738
0.6963
0.6906
0.6548
0.6706
0.6323
0.7144
0.7573
0.7988
0.3929
0.6419
0.5402
0.4202
0.7825
0.6758
0.5944
0.6923
0.6615
0.7781
0.824
0.3183
0.6477
0.7215
0.6827
0.6281
0.6398
0.645
0.6913
0.7321
0.8119
0.8065
0.7754
0.8023
0.7585
0.6263
0.591
0.8604
0.7544
0.7608
0.8363
0.8275
0.6194
0.6675
0.6694
0.7308
0.684
0.7058
0.7773
0.6956
0.7665
0.791
0.7402
0.6169
0.6758
0.5958
0.5858
0.6144
0.6744
0.5992
0.5858
0.524
0.4221
0.7579
0.7296
0.6794
0.7775
0.7646
0.6579
0.5456
0.6273
0.6331
0.8217
0.8423
0.7273
0.6902
0.7273
0.7031
0.6513
0.5977
0.5175
0.6746
0.6715
0.6471
0.6044
0.6115
0.625
0.5942
0.5302
0.469
0.515
0.5894
0.4377
0.4685
0.531
0.4531
0.7633
0.8058
0.6575
0.5638
0.5379
0.4838
0.5483
0.6207
0.6888
0.5746
0.4935
0.5427
0.6252
0.4975
0.4627
0.4598
0.4133
0.3313
0.4083
0.4579
0.6638
0.6175
0.576
0.6042
0.6638
0.7125
0.635
0.7365
0.7475
0.6325
0.5763
0.6306
0.5669
0.5506
0.4767
0.5054
0.5917
0.5538
0.5663
0.5496
0.5308
0.4198
0.4096
0.3638
0.3402
0.3769
0.4046
0.3338
0.2938
0.3302
0.5867
0.524
0.5167
0.6373
0.631
0.6202
0.5515
0.4556
0.4548
0.5633
0.5585
0.5335
0.5979
0.5469
0.65
0.6244
0.6415
0.7131
0.6294
0.7144
0.705
0.6681
0.6175
0.6133
0.7525
0.679
0.6498
0.5802
0.556
0.5465
0.5827
0.7094
0.6258
0.6165
0.5715
0.7056
0.7713
0.696
0.7508
0.7156
0.6221
0.7496
0.7073
0.7381
0.7475
0.7554
0.7233
0.5427
0.6642
0.6848
0.6846
0.6473
0.6025
0.5502
0.6492
0.5906
0.7823
0.7419
0.7771
0.7013
0.6627
0.68
0.6542
0.6275
0.8246
0.8031
0.7585
0.7069
0.5581
0.7319
0.6442
0.494
0.6169
0.6977
0.6981
0.6871
0.7033
0.6331
0.5804
0.6367
0.7179
0.6725
0.6279
0.6802
0.7158
0.7054
0.7731
0.7519
0.75
0.5858
0.484
0.7725
0.7977
0.7688
0.7227
0.7796
0.8131
0.835
0.7419
0.6881
0.7702
0.7808
0.7944
0.7858
0.7298
0.7233
0.5404
0.681
0.8176
0.7992
0.8933
0.885
0.5975
0.6673
0.7469
0.7431
0.6715
0.8181
0.8473
0.8002
0.8329
0.8035
0.8065
0.9117
0.8631
0.7963
0.781
0.8029
0.7713
0.7956
0.714
0.7281
0.7519
0.7277
0.7442
0.6804
0.4188
0.5333
0.5656
0.5306
0.661
0.7456
0.7081
0.731
0.716
0.7158
0.7313
0.7427
0.8169
0.8285
0.8313
0.8281
0.8952
0.8517
0.8152
0.8569
0.8498
0.8535
0.8144
0.8275
0.7671
0.7277
0.7842
0.8194
0.8648
0.8092
0.7363
0.8127
0.7925
0.8021
0.8481
0.8285
0.8369
0.801
0.7644
0.7769
0.7571
0.8483
0.7202
0.6342
0.7306
0.6573
0.5575
0.5554
0.534
0.5519
0.5648
0.4794
0.4354
0.6492
0.6085
0.6242
0.2479
0.4502
0.5829
0.7108
0.7085
0.7821
0.7754
0.7335
0.8196
0.8375
0.7933
0.7725
0.7367
0.7713
0.754
0.7123
0.7281
0.7896
0.725
0.4967
0.5158
0.6844
0.7804
0.6038
0.516
0.6002
0.8975
0.7713
0.6523
0.7077
0.6554
0.581
0.6042
0.6435
0.7294
0.6635
0.5423
0.6196
0.71
0.6977
0.6456
0.6923
0.8177
0.6954
0.6129
0.5079
0.5708
0.4915
0.6563
0.5042
0.6644
0.6619
0.6846
0.7902
0.6635
0.6502
0.6773
0.6556
0.6998
0.8154
0.8146
0.8313
0.7875
0.8677
0.835
0.8392
0.7435
0.5763
0.665
0.7867
0.7715
0.769
0.6456
0.6294
0.6744
0.5715
0.7977
0.7948
0.7598
0.8319
0.9317
0.7771
0.7404
0.7856
0.6479
0.7433
0.6892
0.714
0.5794
0.5613
0.6635
0.5813
0.5388
0.6994
0.6104
0.4269
0.8169
0.7767
0.7977
0.7738
0.6758
0.6954
0.769
0.8731
0.7858
0.8438
0.5294
0.5002
0.6638
0.6625
0.6656
0.6467
0.741
0.8748
0.895
0.8467
0.7758
0.6933
0.7592
0.7683
0.7383
0.6985
0.7367
0.7219
0.734
0.6929
0.6063
0.73
0.5558
0.611
0.6231
0.6304
0.6238
0.7442
0.5394
0.6952
0.6933
0.64
0.6435
0.5313
0.5692
0.6133
0.5827
0.5275
0.5913
0.5135
0.461
0.6594
0.5771
0.6829
0.5619
0.6688
0.4677
0.635
0.7417
0.5458
0.5371
0.4515
0.4152
0.3529
0.4129
0.5063
0.656
0.6058
0.5871
0.5052
0.5821
0.5673
0.559
0.644
0.6113
0.5296
0.5413
0.5213
0.4563
0.4888
0.4721
0.4719
0.5531
0.4777
0.4963
0.536
0.6181
0.4844
0.4944
0.4023
0.3827
0.589
0.5917
0.6433
0.5252
0.4706
0.5208
0.6202
0.6338
0.5733
0.4754
0.6173
0.5913
0.6494
0.5371
0.3838
0.6288
0.5769
0.4727
0.4346
0.566
0.7294
0.6077
0.6006
0.5323
0.5475
0.5485
0.5535
0.6133
0.6615
0.6594
0.589
0.5342
0.601
0.4779
0.3944
0.3748
0.4973
0.5148
0.6025
0.6552
0.62
0.6006
0.4898
0.4846
0.4979
0.466
0.4888
0.539
0.5767
0.5879
0.6248
0.7094
0.604
0.6167
0.6615
0.6817
0.5335
0.5304
0.6621
0.6831
0.5142
0.6283
0.6406
0.6792
0.7242
0.7331
0.7754
0.7798
0.7056
0.6485
0.7194
0.7133
0.7644
0.7829
0.7302
0.7669
0.6604
0.799
0.8083
0.7804
0.706
0.819
0.6765
0.7663
0.9071
0.8033
0.7567
0.7544
0.794
0.749
0.7842
0.7848
0.8158
0.8869
0.8533
0.8381
0.9015
0.8269
0.8575
0.855
0.8225
0.8469
0.8415
0.7735
0.7938
0.8079
0.7992
0.7565
0.706
0.7542
0.6677
0.5915
0.6829
0.7025
0.776
0.7771
0.6992
0.7338
0.745
0.7479
0.7677
0.7325
0.7671
0.8944
0.8608
0.8469
0.7927
0.8021
0.8329
0.7848
0.8206
0.7985
0.7585
0.8151
0.7038
0.7648
0.8552
0.8038
0.7996
0.7904
0.7779
0.75
0.7723
0.8123
0.7821
0.7994
0.8104
0.8702
0.8879
0.7469
0.7633
0.8025
0.6269
0.749
0.786
0.8008
0.8348
0.8335
0.7635
0.7721
0.7073
0.7552
0.7996
0.8023
0.7896
0.7958
0.8279
0.7835
0.7671
0.7221
0.7554
0.7325
0.7423
0.7677
0.6998
0.7617
0.6085
0.4294
0.4281
0.6342
0.3585
0.5425
0.5415
0.7196
0.6173
0.6419
0.7673
0.7379
0.7479
0.8352
0.8673
0.8173
0.769
0.7744
0.8342
0.8338
0.841
0.6446
0.6188
0.5617
0.4571
0.7131
0.6608
0.6283
0.7175
0.7735
0.7923
0.8442
0.8065
0.7977
0.8273
0.809
0.7663
0.7408
0.7142
0.7279
0.6865
0.7158
0.8817
0.7642
0.7679
0.7298
0.7593
-99
0.6219
0.7648
0.6738
0.6769
0.5565
0.6054
0.7758
0.7873
0.679
0.6877
0.7898
0.7144
0.7279
0.7373
0.704
0.5758
0.6742
0.6694
0.6027
0.7681
0.6758
0.6152
0.81
0.829
0.7665
0.7567
0.7213
0.6673
0.631
0.7092
0.8556
0.7779
0.644
0.5815
0.6965
0.7019
0.7013
0.5979
0.6067
0.6456
0.7098
0.6821
0.7106
0.636
0.7323
0.721
0.7408
0.7871
0.6042
0.5623
0.5852
0.5906
0.6394
0.6106
0.6977
0.8744
0.8754
0.6631
0.669
0.7704
0.6527
0.6494
0.8138
0.7708
0.6521
0.5746
0.6621
0.6977
0.7006
0.6638
0.8075
0.5977
0.5167
0.589
0.5654
0.5431
0.5175
0.611
0.6079
0.5938
0.5965
0.586
0.5931
0.481
0.4215
0.571
0.585
0.4652
0.4304
0.5825
0.5279
0.5396
0.5856
0.5733
0.7471
0.7156
0.6269
0.7004
0.671
0.6758
0.5365
0.3608
0.3625
0.4169
0.3294
0.3283
0.4371
0.5623
0.5369
0.5988
0.5185
0.4948
0.4821
0.4415
0.5375
0.7335
0.4828
0.6379
0.5329
0.4721
0.4358
0.4858
0.454
0.4456
0.4571
0.5267
0.4854
0.3473
0.4092
0.6135
0.6271
0.6479
0.6196
0.659
0.7446
0.6338
0.5648
0.4715
0.5577
0.5425
0.5806
0.6321
0.6383
0.6842
0.661
0.6377
0.5931
0.6054
0.629
0.5856
0.4777
0.5119
0.6873
0.5083
0.4217
0.4425
0.4719
0.6106
0.5856
0.6763
0.7044
0.6171
0.6115
0.6294
0.6054
0.5473
0.6081
0.6144
0.5754
0.4848
0.7252
0.6725
0.656
0.5752
0.4556
0.5367
0.5031
0.6113
0.6725
0.606
0.4292
0.5446
0.7554
0.6563
0.549
0.6198
0.696
0.6017
0.7285
0.7065
0.7273
0.8279
0.6219
0.6308
0.6894
0.6246
0.7725
0.91
0.6931
0.595
0.7163
0.6871
0.6592
0.6979
0.7919
0.7546
0.7288
0.7558
0.7558
0.7294
0.7338
0.7256
0.7735
0.8338
0.7727
0.7056
0.7781
0.714
0.7469
0.5985
0.6679
0.719
0.7358
0.7121
0.7521
0.784
0.7533
0.74
0.7192
0.6969
0.7798
0.911
0.8371
0.7948
0.7019
0.7706
0.7806
0.791
0.8823
0.8504
0.7696
0.6815
0.7483
0.7814
0.8008
0.8183
0.8219
0.8331
0.7675
0.4527
0.5304
0.7196
0.761
0.725
0.7856
0.7533
0.4865
0.5144
0.6394
0.7115
0.6494
0.7354
0.7706
0.7006
0.6983
0.7985
0.7679
0.6583
0.761
0.6546
0.7075
0.6669
0.781
0.6121
0.7283
0.4198
0.4202
0.5315
0.685
0.7475
0.7738
0.7113
0.7731
0.7023
0.7052
0.7838
0.7279
0.6908
0.759
0.5092
0.5383
0.7152
0.7583
0.7488
0.7046
0.766
0.7996
0.7854
0.86
0.795
0.646
0.7058
0.8148
0.7006
0.7081
0.5367
0.689
0.6529
0.6263
0.6467
0.7773
0.909
0.8904
0.7265
0.6629
0.6825
0.7554
0.8596
0.856
0.7983
0.6923
0.6967
0.7208
0.8302
0.7281
0.6479
0.6992
0.7929
0.8231
0.8754
0.9185
0.836
0.7552
0.8083
0.839
0.7785
0.9019
0.7702
0.6029
0.814
0.9135
0.854
0.729
0.8283
0.7321
0.5477
0.6835
0.854
0.7769
0.7817
0.8173
0.8706
0.9256
0.7719
0.841
0.8317
0.654
0.7073
0.7233
0.7277
0.6973
0.8092
0.739
0.9273
0.9263
0.56
0.699
0.7944
0.8496
0.6667
0.6525
0.726
0.7948
0.7758
0.664
0.5854
0.7342
0.7858
0.6683
0.6181
0.7094
0.6896
0.7377
0.7517
0.5094
0.4887
0.5992
0.8583
0.7479
0.7663
0.7708
0.7408
0.7806
0.6583
0.5369
0.6563
0.6558
0.821
0.6025
0.7556
0.7183
0.6692
0.8525
0.7498
0.7804
0.8406
0.8338
0.9129
0.8629
0.7373
0.779
0.7658
0.6998
0.6719
0.7392
0.7152
0.6773
0.6877
0.7283
0.7208
0.791
0.8008
0.7631
0.88
0.6748
0.8458
0.7452
0.7648
0.7192
0.8896
0.8833
0.8452
0.8381
0.8817
0.8569
0.7842
0.9006
0.8246
0.7306
0.7085
0.7813
0.7181
0.8031
0.825
0.7831
0.7467
0.7915
0.7263
0.6619
0.5723
0.706
0.6723
0.7463
0.7215
0.7408
0.7275
0.7229
0.754
0.8613
0.7815
0.8579
0.8329
0.8198
0.7421
0.604
0.6571
0.6206
0.6396
0.6052
0.6933
0.6833
0.6413
0.701
0.6146
0.6008
0.5571
0.5425
0.5694
0.6402
0.5935
0.565
0.55
0.5494
0.7146
0.7006
0.5567
0.6579
0.7494
0.591
0.505
0.61
0.6739
0.6821
0.5402
0.6513
0.6773
0.6942
0.5852
0.5592
0.4854
0.5875
0.7277
0.6571
0.6321
0.6502
0.5527
0.6585
0.7646
0.74
0.7425
0.5483
0.47
0.4821
0.601
0.7083
0.6663
0.5944
0.5375
0.5475
0.4846
0.4913
0.4827
0.5931
0.6531
0.685
0.8363
0.7013
0.6671
0.6635
0.6431
0.7383
0.7052
0.7569
0.8535
0.7469
0.6475
0.6065
0.5769
0.5858
0.5844
0.6835
0.6554
0.6777
0.7538
0.6856
0.674
0.6938
0.7871
0.7454
0.6719
0.7965
0.721
0.7108
0.8004
0.7731
0.7867
0.7731
0.7748
0.6794
0.7554
0.7898
0.7352
0.7102
0.8202
0.7613
0.8702
0.819
0.665
0.6721
0.7025
0.741
0.7638
0.6504
0.6773
0.7258
0.6427
0.6431
0.6665
0.6008
0.5295
0.5373
0.5896
0.686
0.7848
0.7169
0.7719
0.7579
0.8423
0.8077
0.8371
0.9235
0.9035
0.8398
0.8196
0.8598
0.8283
0.701
0.8056
0.8052
0.8171
0.8083
0.7204
0.7596
0.7988
0.9431
0.8646
0.704
0.6883
0.915
0.8442
0.866
0.7733
0.8169
0.8548
0.8242
0.764
0.83
0.8456
0.7621
0.7929
0.8548
0.8135
0.8454
0.9462
0.87
0.8513
0.8594
0.7967
0.8979
0.8465
0.8571
0.8969
0.8254
0.8335
0.8404
0.7273
0.8165
0.8804
0.8873
0.8633
0.7944
0.8283
0.8769
0.8906
0.9102
0.9071
0.864
0.7942
0.7783
0.86
0.8531
0.9383
0.8588
0.8077
0.8213
0.7394
0.8752
0.7265
0.7615
0.8025
0.8177
0.8254
0.835
0.8735
0.925
0.8588
0.8908
0.8794
0.834
0.7465
0.8173
0.8052
0.7758
0.8092
0.7877
0.6758
0.6817
0.7235
0.7175
0.4952
0.6273
0.6875
0.7188
0.6858
0.8071
0.8596
0.814
0.8192
0.791
0.9123
0.8571
0.7533
0.7029
0.3627
0.53
0.7123
0.6898
0.6671
0.7904
0.6058
0.6915
0.6704
0.631
0.3158
0.4802
0.6379
0.7794
0.8225
0.7977
0.7617
0.6748
0.7067
0.665
0.7181
0.6429
0.6106
0.6285
0.699
0.769
0.6897
0.7544
0.7917
0.6419
0.6121
0.6685
0.7142
0.6533
0.6404
0.6442
0.7771
0.7444
0.6033
0.6163
0.7213
0.8248
0.5583
0.6196
0.6638
0.7027
0.7506
0.7125
0.8302
0.6165
0.6042
0.681
0.6694
0.636
0.6715
0.6435
0.5804
0.474
0.441
0.4808
0.566
0.4852
0.5352
0.5798
0.5367
0.6788
0.6554
0.5454
0.6915
0.8277
0.6656
0.8344
0.696
0.7515
0.729
0.8675
0.7675
0.6706
0.721
0.7219
0.7215
0.6746
0.7894
0.8063
0.6542
0.4971
0.4933
0.5194
0.5923
0.8271
0.6806
0.7683
0.5638
0.6815
0.7973
0.784
0.776
0.7019
0.7331
0.9054
0.7644
0.5873
0.7498
0.7985
0.729
0.6596
0.6331
0.7373
0.7188
0.6402
0.6492
0.6121
0.6442
0.8769
0.8117
0.8558
0.7506
0.7381
0.736
0.7156
0.9147
-99
-99
0.6755
0.7735
0.699
0.6542
0.5638
0.5285
0.4479
0.4233
0.5492
0.585
0.7175
0.5669
0.4713
0.5292
0.5788
0.9277
0.7371
0.5588
0.649
0.6996
0.6642
0.5442
0.4352
0.6152
0.6652
0.6627
0.5977
0.5708
0.5069
0.6173
0.3954
0.3869
0.3283
0.3598
0.54
0.5913
0.5877
0.5169
0.5469
0.52
0.5819
0.6494
0.671
0.7575
0.6058
0.545
0.6242
0.6146
0.6452
0.6729
0.5615
0.7065
0.736
0.7388
0.6444
0.6029
0.5158
0.5171
0.5244
0.585
0.5183
0.8027
0.644
0.7144
0.7377
0.6831
0.4929
0.4808
0.4981
0.4783
0.4417
0.5679
0.7508
0.6642
0.5771
0.6458
0.645
0.7629
0.5983
0.6604
0.7267
0.7631
0.6727
0.6763
0.686
0.5719
0.664
0.6217
0.6158
0.5802
0.5585
0.596
0.8171
0.7325
0.659
0.6119
0.6096
0.6531
0.751
0.666
0.6583
0.7452
0.6483
0.6848
0.7152
0.686
0.8627
0.6323
0.5742
0.539
0.5173
0.4927
0.525
0.5975
0.6402
0.631
0.6794
0.8658
0.7698
0.6742
0.5771
0.6929
0.6906
0.7698
0.7006
0.7131
0.7171
0.7635
0.6698
0.6467
0.7077
0.765
0.7965
0.5973
0.6898
0.826
0.7604
0.7638
0.7988
0.7883
0.826
0.6225
0.6148
0.6367
0.7121
0.7831
0.8056
0.8696
0.8815
0.8571
0.7863
0.7519
0.7596
0.8246
0.8625
0.8294
0.7771
0.8213
0.8527
0.7588
0.5281
0.5677
0.5938
0.6513
0.7067
0.6173
0.6379
0.709
0.6494
0.6423
0.7785
0.8592
0.7913
0.7302
0.7229
0.736
0.7304
0.8144
0.7704
0.8877
0.7438
0.6688
0.7471
0.8096
0.641
0.6606
0.7775
0.8458
0.8204
0.8265
0.836
0.8302
0.9292
0.9115
0.8627
0.8971
0.7138
0.7833
0.8669
0.7419
0.6713
0.6873
0.7527
0.8767
0.8302
0.8373
0.9108
0.8675
0.7617
0.5471
0.7117
0.8069
0.8396
0.8798
0.8773
0.8646
0.8313
0.8383
0.8629
0.8792
0.8931
0.8906
0.8294
0.8029
0.8381
0.8669
0.8302
0.8846
0.8875
0.8844
0.8496
0.8215
0.7704
0.8263
0.8288
0.7356
0.7735
0.5292
0.5235
0.8646
0.9004
0.8638
0.8581
0.8885
0.9048
0.8092
0.7388
0.87
0.8504
0.8296
0.8392
0.8027
0.7902
0.7888
0.7019
0.7821
0.8483
0.831
0.7917
0.7304
0.8304
0.9308
0.844
0.9138
0.8769
0.8598
0.8215
0.7671
0.786
0.7687
0.7542
0.8004
0.7356
0.7142
0.8381
0.7163
0.6638
0.8075
0.7029
0.6413
0.6325
0.6683
0.7827
0.7113
0.5298
0.6356
0.7442
0.7725
0.716
0.7802
0.7771
0.8085
0.8729
0.8315
0.8558
0.7888
0.8054
0.8388
0.7721
0.789
0.8329
0.8558
0.6929
0.6625
0.7902
0.7573
0.7471
0.7731
0.8723
0.8323
0.8798
0.806
0.7613
0.7565
0.6729
0.716
0.7413
0.701
0.7706
0.7165
0.6996
0.5819
0.8704
0.8413
0.7827
0.7938
0.8515
0.8544
0.9663
0.9588
0.9588
0.8298
0.8183
0.7671
0.7385
0.8075
0.8585
0.661
0.7008
0.6431
0.5894
0.7638
0.7815
0.7015
0.7465
0.7192
0.6865
0.6538
0.7963
0.9319
0.6858
0.779
0.704
0.9019
0.794
0.8923
0.7858
0.7108
0.6546
0.6146
0.6098
0.6388
0.6152
0.7608
0.7069
0.6277
0.6092
0.6633
0.7329
0.7846
0.7531
0.7848
0.7996
0.7783
0.7996
0.7031
0.7498
0.8692
0.8092
0.7983
0.7894
0.8335
0.6304
0.5681
0.681
0.715
0.8917
0.7533
0.8085
0.7431
0.8096
0.7773
0.7321
0.6621
0.6825
0.6377
0.5271
0.6756
0.6865
0.7448
0.7994
0.6346
0.676
0.8263
0.7396
0.616
0.676
0.7583
0.689
0.5877
0.585
0.6708
0.6723
0.7069
0.641
0.6556
0.7813
0.724
0.701
0.6
0.6225
0.594
0.5142
0.5263
0.6765
0.671
0.6615
0.5775
0.5117
0.6215
0.4794
0.4898
0.5169
0.6469
0.6469
0.7992
0.7302
0.636
0.494
0.5181
0.5142
0.4519
0.5123
0.5833
0.7183
0.7121
0.6679
0.7665
0.7783
0.7027
0.6263
0.5579
0.6935
0.6956
0.7213
0.735
0.684
0.6958
0.7585
0.7425
0.8583
0.7235
0.6173
0.7231
0.7006
0.7438
0.716
0.7067
0.7171
0.7702
0.7404
0.8967
0.8342
0.6902
0.6235
0.6335
0.6302
0.7035
0.6771
0.6356
0.7242
0.8369
0.686
0.814
0.8394
0.7175
0.6831
0.4438
0.5677
0.5675
0.6094
0.7079
0.7152
0.7273
0.8617
0.5917
0.5683
0.6323
0.6496
0.745
0.784
0.8213
0.9156
0.7619
0.6442
0.7931
0.8142
0.776
0.729
0.6904
0.7775
0.8408
0.8196
0.819
0.8565
0.7379
0.6654
0.6335
0.67
0.6308
0.6833
0.7623
0.74
0.7331
0.8008
0.7979
0.8619
0.9046
0.7879
0.8321
0.8923
0.8783
0.8398
0.8298
0.8313
0.8627
0.8592
0.8463
0.7938
0.894
0.8383
0.8683
0.8447
0.7867
0.7175
0.7815
0.7938
0.8348
0.8771
0.9102
0.8835
0.9023
0.8133
0.9008
0.8873
0.7665
0.7779
0.7383
0.7581
0.6965
0.7538
0.6615
0.601
0.7467
0.8906
0.7077
0.7919
0.9063
0.824
0.8146
0.8677
0.9817
0.9281
0.8813
0.8725
0.8633
0.9317
0.8642
0.5498
0.4608
0.7217
0.5388
0.61
0.6215
0.6804
0.796458333333333
0.752291666666667
0.678125
0.736875
0.781666666666667
0.798958333333333
0.812916666666667
0.781041666666667
0.79375
0.925416666666667
0.841666666666667
0.76375
0.792291666666667
0.835416666666667
0.838125
0.786875
0.73125
0.842916666666667
0.848958333333333
0.867708333333333
0.76375
0.704583333333333
0.64875
0.63125
0.712708333333333
0.749791666666667
0.783958333333333
0.838541666666667
0.739583333333333
0.752916666666667
0.622916666666667
0.6625
0.753125
0.712708333333333
0.85375
0.810416666666667
0.766875
0.841875
0.83625
0.745416666666667
0.735208333333333
0.7525
0.854375
0.850208333333333
0.884791666666667
0.887291666666667
0.814375
0.857291666666667
0.91625
0.874791666666667
0.87375
0.786875
0.915208333333333
0.859375
0.835416666666667
0.827916666666667
0.868333333333333
0.849166666666667
0.812291666666667
0.766875
0.815
0.854583333333333
0.873333333333333
0.853958333333333
0.817291666666667
0.875208333333333
0.895
0.8075
0.754375
0.694375
0.838541666666667
0.687708333333333
0.761458333333333
0.689166666666667
0.782916666666667
0.769375
0.735
0.86375
0.519791666666667
0.665416666666667
0.684791666666667
0.763333333333333
0.728541666666667
0.76625
0.832291666666667
0.810416666666667
0.755
0.663958333333333
0.621666666666667
0.605416666666667
0.535416666666667
0.546666666666667
0.614791666666667
0.676666666666667
0.63125
0.771458333333333
0.762083333333333
0.712083333333333
0.796666666666667
0.914375
0.870416666666667
0.775833333333333
0.764791666666667
0.705625
0.609375
0.747916666666667
0.750208333333333
0.655833333333333
0.715208333333333
0.81375
0.875625
0.783541666666667
0.671875
0.658125
0.59625
0.723125
0.832291666666667
0.885833333333333
0.880208333333333
0.828541666666667
0.850625
0.756041666666667
0.7025
0.68125
0.755625
0.7625
0.777083333333333
0.705208333333333
0.756458333333333
0.826041666666667
0.685
0.59125
0.55875
0.724375
0.596041666666667
0.654375
0.74375
0.763333333333333
0.657708333333333
0.707291666666667
0.66375
0.716041666666667
0.717708333333333
0.604791666666667
0.737291666666667
0.722291666666667
0.722916666666667
0.668958333333333
0.533958333333333
0.67625
0.658125
0.73
0.723958333333333
0.747291666666667
0.664375
0.670416666666667
0.741458333333333
0.721458333333333
0.610833333333333
0.598125
0.51875
0.505416666666667
0.513958333333333
0.501041666666667
0.477708333333333
0.436666666666667
0.49875
0.683333333333333
0.658333333333333
0.667916666666667
0.6
0.498958333333333
0.575416666666667
0.651875
0.646041666666667
0.685208333333333
0.56375
0.549583333333333
0.608958333333333
0.696041666666667
0.674375
0.66625
0.566041666666667
0.6175
0.63
0.615208333333333
0.699375
0.603541666666667
0.570625
0.624583333333333
0.525
0.615
0.607916666666667
0.47625
0.575416666666667
0.634166666666667
0.660833333333333
0.66
0.626458333333333
0.490625
0.461875
0.501875
0.399791666666667
0.395416666666667
0.544375
0.621875
0.612708333333333
0.5875
0.639166666666667
0.631666666666667
0.644375
0.69375
0.723333333333333
0.724583333333333
0.67125
0.752708333333333
0.693333333333333
0.728541666666667
0.68125
0.618958333333333
0.568333333333333
0.546041666666667
0.476875
0.429791666666667
0.53625
0.514166666666667
0.589583333333333
0.667708333333333
0.53875
0.6125
0.772291666666667
0.752708333333333
0.667916666666667
0.63
0.72625
0.742291666666667
0.702708333333333
0.76
0.739375
0.670833333333333
0.659166666666667
0.770833333333333
0.725625
0.619166666666667
0.711666666666667
0.720416666666667
0.764791666666667
0.729375
0.756041666666667
0.732291666666667
0.69375
0.707555555555555
0.807291666666667
0.811489361702128
0.871702127659574
0.809375
0.797708333333333
0.684583333333333
0.79625
0.704791666666667
0.849583333333333
0.684583333333333
0.780416666666667
0.812708333333333
0.690208333333333
0.71375
0.670625
0.773541666666667
0.738958333333333
0.676458333333333
0.7275
0.79125
0.773541666666667
0.800208333333333
0.782708333333333
0.78875
0.931666666666667
0.731458333333333
0.783958333333333
0.794375
0.805416666666667
0.818541666666667
0.826875
0.784375
0.770833333333333
0.770416666666667
0.790833333333333
0.80625
0.816041666666667
0.830833333333333
0.839583333333333
0.813333333333333
0.864583333333333
0.890416666666667
0.840208333333333
0.792083333333333
0.772083333333333
0.830625
0.762916666666667
0.799791666666667
0.792708333333333
0.8275
0.943333333333333
0.843541666666667
0.743958333333333
0.660208333333333
0.765416666666667
0.803958333333333
0.754583333333333
0.587916666666667
0.634375
0.695625
0.71625
0.801875
0.77625
0.758958333333333
0.78875
0.838333333333333
0.879583333333333
0.947916666666667
0.828958333333333
0.829375
0.844166666666667
0.865625
0.835208333333333
0.863125
0.855833333333333
0.923333333333333
0.804166666666667
0.786875
0.723541666666667
0.595833333333333
0.713333333333333
0.820208333333333
0.840833333333333
0.65875
0.671458333333333
0.714375
0.568541666666667
0.638958333333333
0.778125
0.524375
0.60625
0.661875
0.791458333333333
0.815416666666667
0.839791666666667
0.835208333333333
0.761458333333333
0.812708333333333
0.837916666666667
0.819375
0.836666666666667
0.806041666666667
0.856666666666667
0.920833333333333
0.935
0.925416666666667
0.825833333333333
0.817916666666667
0.686458333333333
0.64875
0.682916666666667
0.803125
0.799791666666667
0.747291666666667
0.840416666666667
0.843541666666667
0.652291666666667
0.838958333333333
0.712916666666667
0.73625
0.673125
0.697083333333333
0.915
0.809583333333333
0.817083333333333
0.744583333333333
0.714166666666667
0.68375
0.640416666666667
0.640625
0.773125
0.807916666666667
0.784375
0.790833333333333
0.73125
0.768541666666667
0.797708333333333
0.806875
0.712083333333333
0.654583333333333
0.606666666666667
0.585833333333333
0.568333333333333
0.692916666666667
0.641666666666667
0.656458333333333
0.62375
0.797916666666667
0.84375
0.67625
0.663333333333333
0.779375
0.77875
0.754166666666667
0.762708333333333
0.847083333333333
0.858333333333333
0.734375
0.608541666666667
0.65875
0.640833333333333
0.714375
0.8475
0.636666666666667
0.623958333333333
0.656041666666667
0.724791666666667
0.747916666666667
0.815833333333333
0.6075
0.676875
0.715833333333333
0.777708333333333
0.874791666666667
0.788333333333333
0.76
0.656875
0.807291666666667
0.754791666666667
0.919166666666667
0.86
0.876875
0.8825
0.92625
0.8325
0.80375
0.847083333333333
0.800208333333333
0.732291666666667
0.603125
0.746041666666667
0.85
0.822083333333333
0.737708333333333
0.743125
0.695416666666667
0.559791666666667
0.745833333333333
0.637916666666667
0.618333333333333
0.671458333333333
0.858333333333333
0.871458333333333
0.479375
0.521041666666667
0.761458333333333
0.730208333333333
0.656041666666667
0.659791666666667
0.556458333333333
0.514166666666667
0.726875
0.767083333333333
0.706041666666667
0.771041666666667
0.853958333333333
0.586666666666667
0.609166666666667
0.635
0.616875
0.684375
0.735208333333333
0.771458333333333
0.902291666666667
0.73
0.805833333333333
0.679791666666667
0.750625
0.626458333333333
0.652291666666667
0.580625
0.672291666666667
0.763541666666667
0.765208333333333
0.732916666666667
0.838333333333333
0.794791666666667
0.765625
0.610625
0.598958333333333
0.595
0.6225
0.572083333333333
0.521875
0.552708333333333
0.538125
0.514583333333333
0.495365853658537
0.541875
0.681666666666667
0.623125
0.620208333333333
0.522916666666667
0.383541666666667
0.339375
0.573125
0.888541666666667
0.771666666666667
0.518541666666667
0.618125
0.599375
0.616041666666667
0.491875
0.554375
0.633541666666667
0.562083333333333
0.643125
0.620208333333333
0.633958333333333
0.606666666666667
0.612291666666667
0.68375
0.7
0.667083333333333
0.515833333333333
0.426666666666667
0.343125
0.363333333333333
0.412916666666667
0.403333333333333
0.377291666666667
0.47125
0.568125
0.662916666666667
0.58125
0.786666666666667
0.611458333333333
0.550416666666667
0.58375
0.639583333333333
0.665
0.515531914893617
0.573958333333333
0.55875
0.585208333333333
0.53625
0.375208333333333
0.437916666666667
0.537916666666667
0.639583333333333
0.562083333333333
0.519791666666667
0.568541666666667
0.505833333333333
0.472708333333333
0.513333333333333
0.499375
0.440625
0.389375
0.354583333333333
0.343958333333333
0.483333333333333
0.55875
0.538958333333333
0.57125
0.473958333333333
0.655416666666667
0.531666666666667
0.545833333333333
0.690625
0.676875
0.690208333333333
0.74125
0.729375
0.595
0.508958333333333
0.47125
0.46625
0.509583333333333
0.646458333333333
0.583333333333333
0.550625
0.527291666666667
0.482916666666667
0.519166666666667
0.4975
0.4675
0.551875
0.467083333333333
0.592916666666667
0.689583333333333
0.771041666666667
0.829583333333333
0.710833333333333
0.6525
0.778541666666667
0.8025
0.743541666666667
0.689375
0.698541666666667
0.684166666666667
0.783958333333333
0.744791666666667
0.665625
0.703125
0.751458333333333
0.710416666666667
0.790625
0.76125
0.763125
0.748333333333333
0.705
0.714166666666667
0.588958333333333
0.635625
0.698541666666667
0.800208333333333
0.747916666666667
0.608333333333333
0.761666666666667
0.7
0.805833333333333
0.684375
0.600625
0.744583333333333
0.73125
0.673125
0.628958333333333
0.755833333333333
0.8
0.746875
0.621458333333333
0.63625
0.615
0.69
0.713958333333333
0.552916666666667
0.577916666666667
0.742708333333333
0.722083333333333
0.743125
0.704375
0.845416666666667
0.879583333333333
0.83
0.819375
0.807083333333333
0.740416666666667
0.658333333333333
0.696458333333333
0.797916666666667
0.795416666666667
0.811041666666667
0.823125
0.865
0.803333333333333
0.667083333333333
0.638958333333333
0.730625
0.647916666666667
0.7025
0.715833333333333
0.701041666666667
0.574166666666667
0.645
0.793333333333333
0.828333333333333
0.726458333333333
0.705833333333333
0.767916666666667
0.515625
0.48375
0.568958333333333
0.702083333333333
0.818333333333333
0.715208333333333
0.846875
0.739791666666667
0.794791666666667
0.832291666666667
0.743541666666667
0.672708333333333
0.636666666666667
0.620833333333333
0.763541666666667
0.680625
0.664583333333333
0.750416666666667
0.563541666666667
0.680416666666667
0.747708333333333
0.731666666666667
0.651666666666667
0.732083333333333
0.800208333333333
0.76
0.805833333333333
0.734791666666667
0.67125
0.695625
0.811875
0.767291666666667
0.827083333333333
0.837291666666667
0.900625
0.824166666666667
0.741666666666667
0.721041666666667
0.848333333333333
0.940208333333333
0.937083333333333
0.867291666666667
0.813333333333333
0.916458333333333
0.878333333333333
0.892916666666667
0.855
0.800833333333333
0.768333333333333
0.665416666666667
0.631875
0.71375
0.711458333333333
0.808541666666667
0.799166666666667
0.764166666666667
0.763125
0.664375
