20000101
0.8589
0.8497
0.9309
0.9276
0.8122
0.8447
0.789
0.8986
0.9726
0.8331
0.7849
0.9105
0.9311
0.9708
0.9681
0.9423
0.8239
0.5605
0.4085
0.7303
0.8651
0.7965
0.5342
0.5835
0.8003
0.8726
0.8994
0.9366
0.8793
0.8303
0.9017
0.9368
0.9178
0.5656
0.7242
0.9306
0.9129
0.8828
0.9114
0.7316
0.8254
0.8103
0.7351
0.8641
0.6949
0.8241
0.9131
0.8606
0.8476
0.8448
0.5195
0.6694
0.8113
0.7726
0.8408
0.8394
0.8785
0.9323
0.8923
0.8224
0.8233
0.5068
0.8205
0.8172
0.7639
0.8485
0.8353
0.76
0.6792
0.5918
0.6838
0.8115
0.8743
0.6189
0.4928
0.5639
0.7286
0.6449
0.5275
0.7035
0.825
0.9041
0.9845
0.8062
0.8534
0.8962
0.9071
0.8031
0.7968
0.7805
0.8931
0.8479
0.8985
0.7258
0.783
0.8547
0.7355
0.8165
0.9341
0.91
0.9654
0.8352
0.8471
0.7613
0.6485
0.6857
0.7971
0.7764
0.6958
0.7783
0.8176
0.803
0.6472
0.9457
0.7885
0.7103
0.8406
0.8411
0.8382
0.799
0.7271
0.6717
0.6558
0.6494
0.8182
0.8225
0.8537
0.9059
0.874
0.9311
0.9814
0.7625
0.7494
0.6636
0.7047
0.6679
0.6953
0.8531
0.8515
0.813
0.7545
0.7803
0.9071
0.8226
0.6886
0.6622
0.6297
0.7695
0.717
0.7356
0.6985
0.8058
0.7516
0.7716
0.639
0.6035
0.6226
0.5418
0.5794
0.559
0.7281
0.9076
0.8841
0.616
0.7539
0.8835
0.5874
0.4644
0.5934
0.7788
0.6416
0.6873
0.7603
0.7626
0.6873
0.7
0.7112
0.7218
0.7139
0.6871
0.6905
0.6842
0.6097
0.759
0.7887
0.6394
0.6251
0.5225
0.6166
0.5897
0.6213
0.9124
0.8191
0.655
0.7097
0.8006
0.6511
0.5439
0.7023
0.7765
0.6476
0.59
0.6443
0.5723
0.8717
0.7894
0.7341
0.6841
0.5776
0.6363
0.6291
0.6515
0.6176
0.5938
0.7232
0.6079
0.5303
0.6388
0.5478
0.5909
0.6373
0.6256
0.6515
0.5739
0.7136
0.6631
0.5766
0.5485
0.5463
0.5618
0.579
0.7447
0.6781
0.7815
0.5647
0.7406
0.7706
0.7126
0.7592
0.5792
0.6063
0.7141
0.7592
0.6997
0.7542
0.6894
0.6578
0.6439
0.6553
0.7891
0.6306
0.5909
0.6248
0.639
0.6652
0.7719
0.7781
0.7939
0.8839
0.8315
0.7822
0.8345
0.92
0.8238
0.7846
0.6985
0.8336
0.8775
0.8779
0.8478
0.8921
0.8009
0.8613
0.77
0.8524
0.7448
0.6139
0.7485
0.7643
0.5232
0.4779
0.741
0.8182
0.9332
0.7774
0.9346
0.9319
0.8391
0.9003
0.88
0.7932
0.8507
0.9113
0.8694
0.9029
0.9761
0.9461
0.945
0.9652
0.9073
0.9042
0.9266
0.8297
0.8197
0.8897
0.8135
0.6769
0.8259
0.8374
0.7503
0.5778
0.5606
0.6625
0.7816
0.8197
0.8686
0.8191
0.8268
0.885
0.8287
0.7124
0.746
0.8557
0.8449
0.8676
0.8574
0.7448
0.8968
0.8776
0.837
0.8474
0.9385
0.8812
0.9419
0.931
0.8861
0.8417
0.8669
0.9241
0.8844
0.8542
0.835
0.7066
0.7157
0.7456
0.8478
0.9647
0.9207
0.778
0.9086
0.9085
0.89
0.9095
0.8953
0.9238
0.9627
0.9436
0.966
0.9233
0.8303
0.6311
0.8165
0.8097
0.7794
0.6143
0.4178
0.7416
0.6386
0.7548
0.7046
0.6643
0.8926
0.8827
0.8997
0.8491
0.7929
0.9275
0.9831
0.9559
0.9788
1
0.9404
0.9179
0.8803
0.8534
0.8783
0.9015
0.8362
0.8487
0.8179
0.8197
0.7339
0.8192
0.9282
0.6312
0.5242
0.7094
0.5946
0.8488
0.8489
0.8053
0.8253
0.7618
0.7963
0.6353
0.8357
0.8656
0.8834
0.9853
0.9218
0.9269
0.8026
0.8709
0.6853
0.5987
0.8213
0.7272
0.8132
0.7045
0.7713
0.7832
0.6019
0.6042
0.653
0.746
0.6305
0.7726
0.5315
0.5976
0.8016
0.9484
0.8417
0.9066
0.87
0.9015
0.7649
0.9061
0.8117
0.8324
0.7212
0.9477
0.8215
0.8286
0.8078
0.7639
0.5897
0.6976
0.6415
0.6047
0.7406
0.8478
0.8068
0.8329
0.7932
0.6218
0.5845
0.8115
0.6444
0.7612
0.7232
0.7589
0.7945
0.7849
0.6984
0.7814
0.7461
0.5673
0.4547
0.6928
0.575
0.7467
0.8033
0.7687
0.7493
0.9059
0.6858
0.6667
0.5397
0.7221
0.7765
0.6777
0.715
0.7189
0.7538
0.7516
0.8565
0.8326
0.8933
0.9412
0.8064
0.8738
0.7769
0.8397
0.8021
0.781
0.8283
0.6451
0.6842
0.5456
0.6774
0.4829
0.5276
0.8717
0.595
0.3909
0.4425
0.6974
0.8413
0.8153
0.7839
0.6203
0.5663
0.5253
0.5167
0.475
0.4417
0.6287
0.575
0.6323
0.6147
0.5553
0.6923
0.5928
0.6876
0.5125
0.8237
0.9312
0.5608
0.66
0.6411
0.6488
0.571
0.6112
0.6481
0.4594
0.5394
0.5594
0.5134
0.427
0.461
0.5636
0.6725
0.6885
0.6653
0.6109
0.5347
0.4941
0.5121
0.5148
0.6791
0.715
0.8079
0.7157
0.733
0.7211
0.7174
0.6243
0.6955
0.7609
0.7066
0.6821
0.7156
0.7218
0.673
0.6365
0.841
0.7153
0.709
0.6487
0.6703
0.6394
0.6142
0.5391
0.5363
0.6715
0.6136
0.5297
0.5203
0.4967
0.5513
0.5853
0.6206
0.6586
0.7388
0.7448
0.6871
0.5741
0.4791
0.5713
0.6216
0.5743
0.5782
0.6332
0.7509
0.6729
0.704
0.7869
0.5993
0.6753
0.6606
0.5657
0.5538
0.5619
0.7274
0.6938
0.4656
0.5479
0.7646
0.7803
0.5469
0.5719
0.7906
0.7597
0.6612
0.6772
0.5886
0.7067
0.6638
0.4465
0.4633
0.6355
0.8055
0.67
0.5928
0.5838
0.5166
0.7188
0.8829
0.804
0.8413
0.8959
0.8164
0.9416
0.889
0.8446
0.8645
0.8652
0.9669
0.915
0.8636
0.8493
0.8856
0.7059
0.9166
0.8479
0.7043
0.7581
0.9214
0.8393
0.8544
0.8903
0.929
0.8867
0.8483
0.82
0.8559
0.905
0.8914
0.815
0.7194
0.7569
0.8587
0.8483
0.872
0.891
0.8738
0.8779
0.9319
0.8142
0.9107
0.4046
0.529
0.8653
0.8621
0.8713
0.8121
0.7983
0.843
0.5144
0.4054
0.5282
0.6276
0.6969
0.5338
0.8084
0.9694
0.9715
0.9288
0.8891
0.6893
0.8911
0.9203
0.8016
0.7912
0.8216
0.9156
0.8868
0.8884
0.8666
0.8922
0.9207
0.9461
0.913
0.9273
0.8577
0.8441
0.6872
0.8178
0.9182
0.8694
0.8703
0.8928
0.9133
0.8487
0.7234
0.619
0.88
0.9312
0.9403
0.8766
0.8969
0.7764
0.7714
0.4484
0.7455
0.7594
0.83
0.8095
0.7976
0.8918
0.5694
0.6155
0.9848
0.9896
0.9333
0.9708
0.9438
0.9353
0.93
0.9525
0.9492
0.9336
0.8928
0.9556
0.7606
0.952
0.7027
0.859
0.8277
0.8603
0.8781
0.7941
0.8179
0.6584
0.8319
0.9041
0.6544
0.839
0.8248
0.8707
0.9465
0.9
0.876
0.7987
0.8976
0.8594
0.9167
0.7752
0.5618
0.7497
0.8045
0.8829
0.8572
0.8109
0.7977
0.9393
0.8924
0.9576
0.9682
0.8333
0.7149
0.823
0.5708
0.5713
0.8754
0.8435
0.9327
0.9124
0.8172
0.848
0.88
0.9129
0.8153
0.8545
0.9014
0.8212
0.6828
0.7597
0.7724
0.8163
0.8366
0.8466
0.9242
0.7874
0.7832
0.8369
0.8682
0.8324
0.7864
0.7839
0.7425
0.78
0.6029
0.5733
0.7922
0.8072
0.7442
0.7979
0.8442
0.9275
0.8461
0.8382
0.9435
0.9918
0.7082
0.8081
0.7903
0.9641
0.9759
0.8589
0.9807
0.997
0.9396
0.7753
0.9034
0.9121
0.838
0.7834
0.7519
0.7754
0.7092
0.5761
0.7039
0.6686
0.6844
0.6705
0.7565
0.7931
0.8697
0.7491
0.6963
0.7946
0.869
0.6263
0.7303
0.8483
0.8203
0.8752
0.9988
0.949
0.9462
0.9769
0.8497
0.71
0.7294
0.7053
0.666
0.7157
0.6922
0.7135
0.6774
0.5634
0.7746
0.8924
0.7218
0.7223
0.8564
0.9207
0.8175
0.7641
0.7394
0.7032
0.662
0.7194
0.6844
0.8862
0.8688
0.901
0.7824
0.9671
0.7642
0.7926
0.7212
0.7612
0.7632
0.5559
0.5776
0.5318
0.47
0.5338
0.625
0.6569
0.7066
0.6806
0.6509
0.6383
0.6613
0.6861
0.645
0.5891
0.6733
0.7885
0.7855
0.7606
0.7173
0.7068
0.8349
0.7858
0.7462
0.8679
0.8212
0.7756
0.6495
0.8014
0.8219
0.5109
0.5742
0.8631
0.6656
0.675
0.679
0.645
0.7236
0.68
0.6103
0.6908
0.7634
0.7074
0.7275
0.7369
0.6628
0.7826
0.739
0.8455
0.7003
0.7739
0.8135
0.7619
0.6906
0.6357
0.8136
0.8034
0.8694
0.6472
0.7388
0.7488
0.8179
0.8479
0.6381
0.6397
0.7878
0.7674
0.8428
0.7533
0.7359
0.722
0.9197
0.8571
0.885
0.9517
0.776
0.7594
0.7957
0.813
0.6722
0.8116
0.8338
0.9123
0.873
0.8403
0.8077
0.8386
0.73
0.7322
0.7652
0.8244
0.8606
0.7958
0.749
0.8529
0.8347
0.8176
0.8333
0.8881
0.9133
0.8394
0.4625
0.535
0.568
0.6077
0.6566
0.6038
0.8103
0.8532
0.8127
0.8938
0.8372
0.7269
0.8274
0.7106
0.7523
0.8923
1
0.9412
0.7862
0.8446
0.8503
0.8381
0.8909
0.7945
0.7489
0.8597
0.8624
0.7963
0.8671
0.5291
0.8077
0.8438
0.8165
0.8614
0.8627
0.8637
0.9131
0.9103
0.9297
0.8848
0.8459
0.8473
0.7382
0.6406
0.798
0.5397
0.6397
0.7826
0.8597
0.8341
0.8914
0.7254
0.8594
0.8835
0.7356
0.8656
0.8563
0.8657
0.9716
0.8594
0.7261
0.8635
0.9616
0.8991
0.7257
0.9231
0.9052
0.9153
0.8091
0.965
0.8211
0.7092
0.8865
0.6311
0.6982
0.89
0.9283
0.9665
0.9847
0.9583
0.8747
0.9486
0.9095
0.8806
0.8243
0.9643
0.9307
0.9264
0.9453
0.9407
0.9629
0.9596
0.9793
0.893
0.9456
0.8578
0.8777
0.9294
0.9303
0.8969
0.9731
0.8566
0.7746
0.9346
0.8424
0.9314
0.9269
0.9793
0.9624
0.7458
0.6942
0.8668
0.8033
0.8082
0.895
0.8477
0.885
0.8855
0.8511
0.7644
0.627
0.8979
0.5484
0.41
0.3738
0.5506
0.5026
0.6218
0.6505
0.6726
0.396
0.5241
0.7769
0.8326
0.6374
0.5529
0.6476
0.8634
0.8211
0.8507
0.7206
0.8645
0.9176
0.8077
0.8034
0.713
0.6765
0.6647
0.6206
0.9772
0.981
0.9559
0.9297
0.9164
0.9097
0.9009
0.9662
0.9658
0.8694
0.8833
0.9287
0.9234
0.8429
0.8515
0.9084
0.9074
0.8587
0.884
0.7477
0.7382
0.9006
0.7988
0.8784
0.8383
0.7541
0.8274
0.8003
0.6669
0.6658
0.7842
0.802
0.8545
0.7806
0.7479
0.8466
0.8791
0.9931
0.9681
1
0.8507
0.8731
0.803
0.4394
0.4678
0.7114
0.5936
0.7455
0.9515
0.8484
0.8366
0.8633
0.819
0.8565
0.9444
0.8286
0.7889
0.6651
0.7059
0.7
0.7812
0.8529
0.8281
0.6813
0.6592
0.6242
0.8617
0.6878
0.6197
0.8926
0.8403
0.6927
0.8224
0.6526
0.7514
0.9026
0.69
0.8082
0.7434
0.7168
0.7083
0.7821
0.7568
0.7356
0.6248
0.6903
0.8024
0.8272
0.7559
0.7971
0.7991
0.7582
0.7508
0.6634
0.6895
0.7297
0.7869
0.6151
0.7249
0.6318
0.6206
0.6549
0.6037
0.7758
0.6022
0.7197
0.9247
0.7109
0.6206
0.6081
0.6181
0.545
0.5921
0.5538
0.4916
0.5542
0.6558
0.6166
0.6719
0.6397
0.4877
0.52
0.4854
0.3967
0.5982
0.8135
0.8209
0.7445
0.835
0.7772
0.7556
0.5794
0.4571
0.6869
0.7545
0.7409
0.6903
0.6987
0.5694
0.5991
0.5989
0.5191
0.45
0.4403
0.4703
0.6727
0.7984
0.6535
0.66
0.69
0.6877
0.7397
0.7929
0.7277
0.6056
0.6868
0.7143
0.7103
0.7437
0.6022
0.5915
0.7131
0.7451
0.5906
0.5223
0.5409
0.5211
0.4966
0.4342
0.4219
0.5015
0.5783
0.5279
0.3709
0.2567
0.24
0.3426
0.6294
0.763
0.8843
0.8535
0.6156
0.7397
0.72
0.672
0.5942
0.8113
0.7658
0.7024
0.6686
0.7217
0.527
0.7122
0.6514
0.773
0.773
0.7264
0.831
0.921
0.8032
0.9071
0.9138
0.6809
0.5208
0.7439
0.6434
0.5824
0.7064
0.718
0.6484
0.6306
0.6838
0.7891
0.7994
0.8151
0.7968
0.8865
0.815
0.8453
0.8581
0.9917
0.9453
0.889
0.9352
0.7925
0.7752
0.6886
0.8982
0.7334
0.7817
0.7939
0.8452
0.7903
0.827
0.8606
0.8537
0.9883
0.9197
0.9477
0.8406
0.973
0.9885
0.9335
0.7864
0.7568
0.9048
0.8314
0.7639
0.7234
0.9517
0.9231
0.9476
0.8529
0.7612
0.8088
0.8532
0.8497
0.8632
0.8553
0.8814
0.8667
0.9221
0.9623
0.9762
0.98
0.9445
0.9684
0.89
0.9454
0.9279
0.9735
0.81
0.7689
0.9119
0.9521
0.9582
0.9681
0.9389
0.9246
0.8332
0.7966
0.8635
0.9053
0.9078
0.9034
0.9524
0.9928
0.9818
0.8779
0.964
0.9289
0.9518
0.853
0.8896
0.9784
0.8879
0.8773
0.9127
0.879
0.8108
0.8711
0.9332
0.9352
0.9263
0.8931
0.8959
0.6236
0.4333
0.7377
0.9203
0.8907
0.8009
0.6994
0.8135
0.8787
0.6806
0.8587
0.6111
0.701
0.903
0.8818
0.9417
0.9816
0.942
0.9233
0.9106
0.9362
0.8955
0.8495
0.8823
0.8381
0.8266
0.79
0.6861
0.3759
0.732
0.8095
0.8639
0.971
0.9926
0.8793
0.9586
0.9683
0.733
0.6518
0.7682
0.8536
0.94
0.9485
0.9954
0.9503
0.93
0.9981
0.8706
0.7882
0.8255
0.8307
0.7285
0.7403
0.8344
0.9007
0.8804
0.9487
0.73
0.8569
0.815
0.9077
0.9817
0.9376
0.8677
0.6842
0.9561
0.8774
0.7786
0.7597
0.6594
0.6408
0.5471
0.6284
0.67
0.8225
0.8168
0.7734
0.6286
0.7909
0.8429
0.7267
0.9417
0.9807
0.8942
0.8914
0.8793
0.8819
0.889
0.8581
0.8438
0.8727
0.8932
0.6097
0.7246
0.7197
0.7277
0.9117
0.8227
0.8867
0.9309
0.8457
0.7523
0.8453
0.7566
0.7505
0.8531
0.8997
0.9606
0.8767
0.7344
0.7094
0.6337
0.7458
0.6677
0.9196
0.88
0.9992
0.8866
0.7986
0.8187
0.7722
0.7055
0.8711
0.6165
0.6933
0.7083
0.6731
0.7117
0.7569
0.9889
0.8343
0.7707
0.8734
0.9876
0.7997
0.987
0.876
0.9023
0.8259
0.8485
0.9259
0.9827
0.8606
0.7761
0.7168
0.7176
0.6933
0.8332
0.651
0.6975
0.616
0.8082
0.8583
0.7862
0.801
0.7459
0.8429
0.7925
0.7383
0.6962
0.8782
0.871
0.8486
0.7122
0.6211
0.5984
0.6585
0.7019
0.717
0.7239
0.688
0.6546
0.8256
0.8413
0.5013
0.5324
0.7556
0.63
0.5956
0.6415
0.8881
0.91
0.7945
0.7771
0.7325
0.7617
0.7257
0.66
0.6967
0.7297
0.7006
0.6338
0.6494
0.6346
0.6618
0.7091
0.7237
0.7409
0.7417
0.7009
0.7319
0.7493
0.8669
0.7134
0.7524
0.649
0.6634
0.69
0.6697
0.6826
0.8063
0.7993
0.832
0.8308
0.8486
0.7347
0.5978
0.515
0.6557
0.6874
0.7219
0.6089
0.5648
0.5606
0.5221
0.5731
0.8012
0.81
0.757
0.6697
0.7437
0.8322
0.8203
0.6395
0.5554
0.617
0.7488
0.7297
0.7491
0.79
0.5744
0.6974
0.64
0.6895
0.6978
0.6958
0.7183
0.6752
0.5836
0.6629
0.7018
0.8129
0.7964
0.8877
0.8521
0.8809
0.939
0.852
0.8707
0.8272
0.8631
0.8349
0.8039
0.7721
0.7352
0.8012
0.7892
0.865
0.7139
0.6307
0.6929
0.8297
0.7682
0.8121
0.8012
0.6924
0.7552
0.7067
0.4441
0.4832
0.6947
0.8094
0.9031
0.8669
0.8388
0.8511
0.7915
0.7132
0.8886
0.8981
0.8985
0.8674
0.6685
0.4593
0.6668
0.8656
0.7362
0.8326
0.7871
0.7195
0.7936
0.8415
0.6484
0.6293
0.6246
0.7673
0.9003
0.8514
0.8903
0.9331
0.7379
0.7703
0.7186
0.8564
0.8774
0.9693
0.8686
0.8397
0.9115
0.7744
0.8652
0.7245
0.7983
0.8326
0.7308
0.6127
0.5666
0.3547
0.315
0.6331
0.7488
0.8142
0.9011
0.8124
0.8503
0.8796
0.9493
0.9046
0.9188
0.9025
0.9014
0.8607
0.8257
0.9735
0.9476
0.9892
0.777
0.7709
0.8978
0.8921
0.8321
0.9785
0.986
0.9648
0.8953
0.8197
0.9332
0.9377
0.9429
0.9881
0.9403
0.8681
0.86
0.8653
0.787
0.8218
0.8075
0.8208
0.8519
0.8959
0.7462
0.8351
0.7222
0.5294
0.5649
0.7839
0.8546
0.8742
0.7233
0.9108
0.9188
0.8688
0.9283
0.9471
0.9067
0.8308
0.92
0.9421
0.8513
0.9279
0.9554
0.9354
0.9613
0.7717
0.6871
0.7863
0.8838
0.8788
0.9113
0.6954
0.4088
0.4583
0.6429
0.6754
0.6025
0.4496
0.6746
0.6933
0.6071
0.6933
0.7954
0.9158
0.9967
0.9883
0.9983
0.9354
0.8679
0.9
0.8558
0.8767
0.52
0.4975
0.5517
0.6663
0.775
0.7233
0.72
0.6108
0.7558
0.8275
0.8729
0.8383
0.7729
0.6729
0.4988
0.6188
0.8271
0.8871
0.7583
0.7567
0.6488
0.4508
0.5146
0.7246
0.8171
0.8646
0.8308
0.8308
0.9021
0.8946
0.8967
0.9271
0.725
0.8208
0.9104
0.9717
0.9646
0.9396
0.9654
0.9396
0.9046
0.9292
0.8742
0.9013
0.9288
0.7929
0.8346
0.9446
0.9858
0.9333
0.9196
0.8163
0.8129
0.9263
0.6429
0.4388
0.5513
0.7163
0.7792
0.7954
0.9196
0.9071
0.8025
0.8771
0.8517
0.8675
0.8383
0.8038
0.8675
0.9583
0.8442
0.6808
0.7583
0.6546
0.6767
0.5354
0.535
0.8454
0.8408
0.8267
0.725
0.6942
0.7763
0.7775
0.7721
0.8917
0.7979
0.8771
0.8904
0.7942
0.7496
0.8521
0.9921
0.8013
0.785
0.665
0.7263
0.8688
0.6857
0.7058
0.6238
0.5921
0.65
0.7242
0.595
0.7263
0.5717
0.565
0.6775
0.7204
0.6729
0.68
0.6429
0.5225
0.6229
0.6242
0.6163
0.7208
0.7158
0.8217
0.8825
0.7313
0.6163
0.5808
0.535
0.5254
0.6304
0.7096
0.5979
0.6188
0.595
0.6408
0.695
0.7733
0.5938
0.6
0.6354
0.6146
0.5679
0.6054
0.5571
0.5142
0.7679
0.6233
0.5842
0.82
0.715
0.5008
0.4767
0.4558
0.4908
0.39
0.7554
0.7304
0.6742
0.635
0.6421
0.5679
0.5525
0.6813
0.7221
0.7888
0.6975
0.7421
0.6775
0.7479
0.5479
0.5558
0.6313
0.7592
0.4975
0.4346
0.5479
0.505
0.6296
0.4592
0.6379
0.7733
0.7879
0.6438
0.6996
0.6758
0.5721
0.535
0.7117
0.8546
0.8008
0.8092
0.7038
0.6075
0.6604
0.645
0.7317
0.7563
0.86
0.7554
0.7529
0.7142
0.6475
0.7183
0.7271
0.675
0.7254
0.8342
0.8363
0.8621
0.9442
0.8058
0.8808
0.7846
0.795
0.8488
0.7704
0.7788
0.7817
0.6558
0.4738
0.7496
0.7608
0.7642
0.8133
0.8446
0.8163
0.8929
0.7946
0.8458
0.8279
0.8525
0.7054
0.8033
0.6204
0.5313
0.7633
0.8842
0.8083
0.7292
0.7825
0.8667
0.8804
0.9379
0.9433
0.9567
0.965
0.9263
0.9313
0.9225
0.9288
0.9038
0.8896
0.785
0.8142
0.8479
0.8304
0.8154
0.8725
0.9058
0.895
0.8767
0.8908
0.8667
0.7979
0.7938
0.8838
0.8933
0.7846
0.8454
0.8771
0.8113
0.8179
0.6592
0.8588
0.8704
0.9442
0.9275
0.9067
0.8313
0.8263
0.7667
0.8138
0.8942
0.91
0.8371
0.685
0.8033
0.8213
0.8758
0.8646
0.8654
0.8167
0.7829
0.8163
0.7588
0.7271
0.6308
0.8608
0.8429
0.8433
0.8863
0.665
0.645
0.7813
0.7825
0.7446
0.8158
0.8125
0.8446
0.6838
0.5396
0.8163
0.8563
0.8729
0.9171
0.91
0.9075
0.9121
0.9088
0.6808
0.665
0.7958
0.8713
0.8338
0.8504
0.7192
0.6292
0.7033
0.9129
0.9529
0.9496
0.8946
0.9371
0.9025
0.9129
0.8883
0.8713
0.9471
0.8838
0.9288
0.9296
0.9058
0.8096
0.8896
0.8475
0.7725
0.8088
0.8183
0.8121
0.8321
0.9133
0.9867
0.9783
0.8788
0.7071
0.8746
0.9421
0.9108
0.8108
0.8308
0.6767
0.8471
0.8754
0.785
0.7538
0.7679
0.7925
0.8254
0.8754
0.8204
0.7725
0.6313
0.5596
0.5713
0.7075
0.8688
0.8525
0.6258
0.7646
0.7283
0.8608
0.6871
0.7417
0.7579
0.7629
0.5058
0.54
0.5129
0.5133
0.6925
0.8725
0.815
0.8196
0.5421
0.6688
0.6467
0.8133
0.8729
0.7746
0.8358
0.8683
0.9379
0.8746
0.7688
0.8696
0.7913
0.7433
0.7529
0.6808
0.7733
0.7871
0.7829
0.7658
0.7246
0.8429
0.7654
0.8179
0.7592
0.8025
0.8375
0.7621
0.8142
0.7821
0.6879
0.63
0.7121
0.7625
0.6563
0.7025
0.7763
0.7171
0.6238
0.7571
0.7721
0.7983
0.7588
0.7996
0.7575
0.6
0.5975
0.5988
0.4904
0.6008
0.6779
0.7154
0.7471
0.7129
0.7313
0.6967
0.6579
0.6696
0.8104
0.7513
0.7629
0.7392
0.8217
0.8396
0.6963
0.5892
0.6825
0.7633
0.7725
0.5746
0.6513
0.6979
0.6467
0.5308
0.665
0.6133
0.6333
0.5775
0.5108
0.5954
0.5096
0.3463
0.4629
0.3454
0.3088
0.4763
0.5588
0.4908
0.615
0.7375
0.6958
0.6254
0.615
0.5929
0.6
0.5925
0.5958
0.7546
0.7696
0.7425
0.7621
0.7671
0.6154
0.5792
0.6338
0.6583
0.6521
0.5813
0.6571
0.5967
0.4896
0.5638
0.51
0.4042
0.565
0.6925
0.7008
0.6975
0.6513
0.6704
0.6271
0.5404
0.5438
0.4942
0.5558
0.6404
0.635
0.5771
0.5396
0.6013
0.5888
0.5375
0.5154
0.5192
0.5542
0.5067
0.5538
0.4567
0.4517
0.5654
0.5467
0.565
0.6017
0.5988
0.5979
0.6463
0.4004
0.4571
0.5257
-99
-99
0.36
0.6075
0.6538
0.7233
0.7808
0.7042
0.8754
0.7717
0.6567
0.6592
0.7029
0.6183
0.7067
0.7354
0.7075
0.7546
0.8279
0.7621
0.7179
0.7825
0.7954
0.4996
0.5267
0.7963
0.8533
0.7292
0.7096
0.7688
0.8729
0.8242
0.7504
0.7875
0.7508
0.7713
0.8883
0.9263
0.9429
0.8442
0.8742
0.8025
0.8192
0.8017
0.8346
0.8171
0.9071
0.9442
0.8475
0.7608
0.6138
0.7621
0.8275
0.8813
0.7854
0.7892
0.7708
0.6729
0.8371
0.7863
0.7971
0.7496
0.7858
0.8754
0.8513
0.8113
0.8904
0.7808
0.8379
0.8763
0.8708
0.8658
0.9388
0.7675
0.6892
0.825
0.7538
0.7425
0.7383
0.8208
0.8454
0.8996
0.8871
0.8217
0.7738
0.8754
0.7754
0.5183
0.5992
0.7521
0.8017
0.8858
0.8746
0.8917
0.8971
0.845
0.9013
0.8383
0.7871
0.8608
0.7958
0.8417
0.8283
0.8017
0.8479
0.9038
0.8671
0.795
0.7488
0.78
0.8233
0.9067
0.7938
0.7358
0.6554
0.8279
0.7979
0.8004
0.7667
0.8492
0.7917
0.6758
0.8375
0.8275
0.8475
0.82
0.8713
0.8679
0.8167
0.7788
0.8554
0.9
0.845
0.6225
0.7929
0.6788
0.6596
0.7754
0.5663
0.6821
0.7404
0.8879
0.9604
0.9392
0.9108
0.8079
0.8871
0.9083
0.8392
0.835
0.8542
0.8471
0.8838
0.8396
0.8175
0.7671
0.735
0.8542
0.8567
0.8796
0.8775
0.8929
0.7913
0.86
0.7567
0.7804
0.8779
0.8721
0.8858
0.7138
0.6354
0.8
0.6475
0.5733
0.7492
0.8204
0.8242
0.8229
0.8488
0.9046
0.8846
0.8871
0.8258
0.8442
0.8496
0.755
0.83
0.8188
0.7671
0.8379
0.8554
0.8138
0.685
0.6788
0.92
0.9325
0.8304
0.8754
0.8517
0.7933
0.8833
0.825
0.9021
0.8521
0.7771
0.8383
0.8496
0.7288
0.8017
0.6988
0.6542
0.6913
0.8038
0.4992
0.4738
0.3138
0.5004
0.7263
0.7163
0.6942
0.7983
0.8204
0.6838
0.7983
0.7708
0.5904
0.3892
0.4013
0.7
0.6963
0.7554
0.8879
0.8242
0.8771
0.7217
0.8533
0.8442
0.8763
0.865
0.9346
0.8088
0.8446
0.7821
0.7617
0.7496
0.8533
0.8638
0.865
0.9029
0.9617
0.8288
0.7463
0.7833
0.7583
0.7454
0.7942
0.8942
0.8346
0.7608
0.7342
0.6396
0.6996
0.7388
0.8208
0.8288
0.8346
0.7133
0.9179
0.745
0.9013
0.8375
0.7238
0.5696
0.6133
0.7508
0.7692
0.6067
0.6679
0.6833
0.5742
0.7717
0.7779
0.7946
0.7738
0.7208
0.7642
0.6658
0.7179
0.6342
0.6092
0.6208
0.7663
0.8467
0.7917
0.6313
0.6558
0.7254
0.7829
0.7804
0.5496
0.5846
0.7654
0.6921
0.75
0.7158
0.6533
0.6521
0.5838
0.6833
0.6379
0.5721
0.6842
0.6542
0.6946
0.6383
0.6742
0.7542
0.69
0.6342
0.5863
0.6096
0.5283
0.5913
0.5563
0.6017
0.665
0.7263
0.6038
0.4629
0.5704
0.5958
0.6013
0.5496
0.5938
0.51
0.5438
0.5625
0.515
0.6721
0.6838
0.6779
0.7321
0.5533
0.6325
0.7104
0.6317
0.6838
0.6554
0.5829
0.6388
0.635
0.5371
0.625
0.605
0.5904
0.5788
0.655
0.6454
0.6838
0.6458
0.625
0.4646
0.5788
0.6279
0.7604
0.7142
0.6938
0.6342
0.6204
0.7188
0.7733
0.6746
0.6288
0.6613
0.4975
0.545
0.6767
0.8538
0.7158
0.8225
0.8388
0.8129
0.8121
0.6779
0.6242
0.6971
0.7329
0.665
0.6804
0.6158
0.6779
0.73
0.6867
0.5088
0.3004
0.4029
0.5754
0.7521
0.7104
0.6113
0.685
0.6304
0.7763
0.8488
0.6721
0.6458
0.7346
0.5838
0.47
0.6229
0.7767
0.8633
0.8208
0.69
0.6179
0.6567
0.5313
0.5738
0.6975
0.7567
0.7979
0.8133
0.8796
0.7992
0.7942
0.78
0.7333
0.8479
0.7413
0.8392
0.7554
0.7567
0.7525
0.8038
0.8425
0.8804
0.8875
0.735
0.6692
0.6354
0.5567
0.6592
0.7867
0.7579
0.6633
0.7463
0.8088
0.7596
0.7433
0.4858
0.3967
0.6292
0.7238
0.7875
0.8017
0.7658
0.6933
0.5138
0.7642
0.7079
0.7396
0.7888
0.6938
0.7167
0.6558
0.3842
0.4213
0.7046
0.6904
0.7283
0.8704
0.8033
0.9021
0.7404
0.6067
0.4904
0.4171
0.365
0.7283
0.8446
0.7754
0.8313
0.7754
0.745
0.7613
0.855
0.8417
0.9021
0.7783
0.7533
0.7417
0.5192
0.4479
0.705
0.7183
0.83
0.8279
0.8829
0.8817
0.8967
0.9021
0.8946
0.9225
0.8663
0.8258
0.9092
0.8729
0.7967
0.8825
0.8904
0.8233
0.7688
0.8821
0.885
0.8763
0.8529
0.8529
0.8004
0.8092
0.8163
0.9188
0.8704
0.7725
0.8013
0.8079
0.7646
0.6967
0.7504
0.7317
0.7538
0.7813
0.8496
0.8646
0.7517
0.7517
0.8079
0.7088
0.8004
0.7575
0.6838
0.8071
0.8004
0.8433
0.8008
0.6871
0.8329
0.855
0.8621
0.8083
0.7938
0.8383
0.8233
0.8421
0.8663
0.8642
0.8479
0.8567
0.86
0.8654
0.8675
0.8475
0.9325
0.9179
0.8533
0.8363
0.8058
0.8629
0.8896
0.8933
0.8554
0.9192
0.8142
0.8475
0.8521
0.8267
0.6508
0.3413
0.3146
0.6596
0.7788
0.8388
0.7475
0.8021
0.835
0.8408
0.8354
0.7696
0.81
0.8146
0.8358
0.8342
0.4429
0.6967
0.8388
0.705
0.6625
0.7708
0.8542
0.8075
0.7617
0.7721
0.7096
0.6629
0.4196
0.6729
0.5925
0.5708
0.7471
0.8496
0.7208
0.7983
0.6817
0.6363
0.86
0.7604
0.6783
0.8263
0.76
0.7729
0.8638
0.8275
0.7025
0.825
0.8383
0.8425
0.7479
0.7688
0.73
0.75
0.7058
0.8067
0.7354
0.8204
0.6688
0.6613
0.595
0.5496
0.6488
0.7904
0.6663
0.7213
0.9154
0.9183
0.825
0.885
0.7471
0.7158
0.7746
0.8383
0.8133
0.8371
0.6788
0.6638
0.7217
0.8233
0.7479
0.7338
0.91
0.7821
0.8613
0.7946
0.7317
0.7083
0.8171
0.9104
0.81
0.83
0.7946
0.7858
0.7654
0.7096
0.6871
0.7333
0.7833
0.7542
0.645
0.8538
0.7963
0.8154
0.8258
0.8425
0.7404
0.6263
0.6246
0.6029
0.5821
0.6346
0.7167
0.6283
0.6271
0.5908
0.5804
0.5896
0.6454
0.6046
0.5879
0.6225
0.6492
0.6904
0.6875
0.56
0.6417
0.6725
0.6429
0.7288
0.7654
0.71
0.5946
0.5696
0.6404
0.625
0.7163
0.6058
0.6404
0.6388
0.4342
0.6092
0.7
0.69
0.6754
0.6404
0.6442
0.7
0.5438
0.5079
0.6413
0.6325
0.5863
0.6063
0.5863
0.5263
0.6296
0.5008
0.5992
0.7142
0.6888
0.6167
0.4908
0.5413
0.6242
0.6579
0.6988
0.6992
0.6929
0.5608
0.6842
0.8021
0.8867
0.6729
0.6721
0.6696
0.6692
0.5804
0.5271
0.5058
0.7167
0.7642
0.7288
0.7325
0.7313
0.6688
0.6663
0.595
0.6829
0.7483
0.645
0.6533
0.6558
0.7367
0.6746
0.695
0.6158
0.7342
0.7921
0.7654
0.6954
0.7313
0.7463
0.6371
0.6863
0.645
0.7058
0.7033
0.7333
0.705
0.6733
0.7133
0.7204
0.4483
0.4388
0.6263
0.755
0.7838
0.8042
0.5167
0.7471
0.8313
0.8621
0.8396
0.7783
0.7633
0.7817
0.8104
0.9033
0.8667
0.8242
0.7754
0.6038
0.52
0.7442
0.6575
0.7483
0.7563
0.84
0.5896
0.6658
0.79
0.8017
0.8742
0.7579
0.8346
0.8588
0.8479
0.8758
0.8988
0.8621
0.7879
0.735
0.8592
0.6279
0.4675
0.7171
0.7629
0.68
0.8313
0.6871
0.8338
0.82
0.7375
0.7033
0.8688
0.5813
0.4888
0.6604
0.6458
0.6796
0.5221
0.6146
0.6663
0.7363
0.7333
0.7575
0.9021
0.795
0.7396
0.7975
0.5033
0.7254
0.8225
0.805
0.9054
0.6846
0.7867
0.7696
0.8296
0.7563
0.7892
0.7629
0.875
0.88
0.9075
0.8467
0.8513
0.8363
0.7967
0.9408
0.8421
0.8188
0.8513
0.8675
0.87
0.82
0.8933
0.8454
0.7388
0.7592
0.8571
0.9375
0.8829
0.8708
0.8738
0.8379
0.8629
0.8883
0.8988
0.8413
0.6817
0.7304
0.8463
0.8488
0.9021
0.5696
0.685
0.8117
0.8054
0.8271
0.8413
0.9379
0.9217
0.9063
0.9
0.9375
0.6721
0.7596
0.7892
0.7375
0.6754
0.765
0.8558
0.8308
0.6046
0.5617
0.7367
0.5763
0.775
0.7517
0.7033
0.7533
0.7396
0.6367
0.7775
0.6825
0.6121
0.7863
0.81
0.7125
0.8296
0.9042
0.8721
0.7908
0.7863
0.7813
0.4142
0.5775
0.7667
0.7804
0.7504
0.7533
0.6375
0.7929
0.7438
0.725
0.6625
0.7088
0.7763
0.6571
0.6875
0.7525
0.5971
0.6346
0.5667
0.6208
0.7754
0.8213
0.8921
0.7092
0.5588
0.7358
0.7067
0.8779
0.8279
0.7479
0.7238
0.6638
0.8675
0.7283
0.8238
0.8663
0.8183
0.8588
0.8029
0.7717
0.7296
0.7263
0.8629
0.8054
0.7963
0.8354
0.6513
0.4983
0.61
0.7642
0.845
0.8854
0.775
0.8783
0.8146
0.8113
0.6321
0.51
0.6575
0.6617
0.5833
0.5921
0.6513
0.5758
0.8058
0.8221
0.8375
0.8646
0.8804
0.9138
0.7392
0.6263
0.5967
0.7483
0.7092
0.6958
0.8317
0.785
0.8354
0.7988
0.8133
0.7188
0.4296
0.5546
0.6246
0.6967
0.7942
0.7004
0.5617
0.5954
0.6033
0.7438
0.7575
0.7075
0.6996
0.6617
0.5842
0.6767
0.6425
0.6146
0.6679
0.7413
0.6025
0.5479
0.5646
0.7183
0.615
0.36
0.42
0.4704
0.6846
0.6121
0.6279
0.6275
0.6358
0.5042
0.605
0.6275
0.6483
0.5783
0.6729
0.7367
0.6979
0.6579
0.5775
0.6375
0.5988
0.6238
0.6967
0.6588
0.7496
0.7158
0.7108
0.5404
0.5483
0.6371
0.5458
0.4821
0.6096
0.5129
0.4721
0.4629
0.6346
0.5517
0.4704
0.5983
0.5883
0.6671
0.5896
0.6142
0.5867
0.6238
0.5863
0.5504
0.7767
0.6975
0.7
0.6671
0.5813
0.5379
0.5504
0.4958
0.6438
0.6683
0.5829
0.4454
0.4067
0.4696
0.5904
0.6283
0.5542
0.6525
0.7342
0.6163
0.6571
0.5729
0.4204
0.4025
0.66
0.6942
0.7088
0.6704
0.7088
0.4879
0.5683
0.6379
0.6963
0.6292
0.6779
0.6221
0.6263
0.6808
0.7871
0.6829
0.595
0.765
0.6821
0.6967
0.8108
0.6583
0.5571
0.7254
0.6871
0.6529
0.7133
0.7838
0.7392
0.6958
0.7233
0.7321
0.7075
0.6758
0.7525
0.7204
0.5458
0.7113
0.7717
0.7638
0.7792
0.7438
0.6117
0.3117
0.3688
0.3408
0.3871
0.4246
0.3325
0.6338
0.7621
0.8629
0.7617
0.765
0.7771
0.7475
0.7892
0.8317
0.8671
0.9025
0.8263
0.8375
0.8333
0.7721
0.7025
0.87
0.8388
0.8333
0.8692
0.79
0.5596
0.6625
0.8183
0.8404
0.8671
0.6504
0.7004
0.8496
0.9475
0.8658
0.8933
0.8788
0.8367
0.7992
0.8292
0.8242
0.7029
0.7917
0.7908
0.7004
0.7233
0.8042
0.78
0.8008
0.7821
0.8429
0.8675
0.7413
0.9117
0.8929
0.8546
0.8288
0.8342
0.7133
0.5733
0.5642
0.5108
0.8288
0.7371
0.6841
0.512
0.6317
0.705
0.7442
0.7775
0.7917
0.7192
0.8679
0.8771
0.6633
0.9129
0.6096
0.5521
0.6713
0.7554
0.7788
0.8654
0.9143
0.8021
0.9289
0.6033
0.7079
0.7254
0.8379
0.8438
0.8263
0.7575
0.6592
0.8929
0.8538
0.7954
0.8858
0.9004
0.8738
0.8767
0.8888
0.8875
0.6208
0.5521
0.5871
0.7821
0.8117
0.7125
0.6913
0.8167
0.8039
0.7958
0.9225
0.8375
0.8017
0.7133
0.9138
0.8
0.5775
0.515
0.6783
0.6775
0.6725
0.8029
0.9396
0.8133
0.8342
0.8392
0.785
0.7958
0.6904
0.745
0.6792
0.5154
0.5825
0.8129
0.6863
0.7488
0.7721
0.9138
0.8429
0.5788
0.5496
0.7863
0.9354
0.5421
0.6183
0.7379
0.7175
0.7525
0.7492
0.6117
0.6692
0.6383
0.6825
0.7963
0.8617
0.8942
0.9196
0.8329
0.8175
0.7871
0.5217
0.5658
0.7075
0.55
0.6692
0.6708
0.7913
0.7292
0.6192
0.7833
0.7729
0.7825
0.8146
0.5671
0.6096
0.6433
0.6925
0.8917
0.7567
0.7767
0.7558
0.7917
0.7125
0.6567
0.7471
0.6283
0.5992
0.6688
0.8138
0.75
0.6967
0.6796
0.6346
0.6379
0.5504
0.7638
0.8413
0.8979
0.8921
0.87
0.8608
0.8821
0.7979
0.7392
0.7346
0.7567
0.7633
0.8813
0.9033
0.7371
0.67
0.6808
0.6525
0.6783
0.4863
0.5742
0.6379
0.7017
0.5758
0.4392
0.3854
0.6921
0.7138
0.7563
0.6308
0.6392
0.7158
0.7413
0.6308
0.5858
0.5292
0.5029
0.7008
0.7071
0.6571
0.7992
0.7038
0.8013
0.7408
0.7158
0.7292
0.68
0.5867
0.6292
0.7596
0.8221
0.4454
0.5025
0.6258
0.6821
0.6054
0.5583
0.5596
0.6167
0.6283
0.6221
0.5496
0.5929
0.6163
0.6763
0.7467
0.64
0.6321
0.6471
0.6492
0.6592
0.7088
0.57
0.4521
0.5867
0.5708
0.5338
0.6475
0.5383
0.5108
0.6033
0.6108
0.6717
0.6717
0.5442
0.4608
0.4754
0.4825
0.5271
0.5792
0.7546
0.5892
0.6521
0.6738
0.7713
0.7321
0.7
0.5804
0.4838
0.6354
0.6246
0.7379
0.7671
0.6375
0.7275
0.6308
0.6692
0.7183
0.7004
0.7404
0.71
0.7442
0.765
0.63
0.5175
0.5963
0.6704
0.6288
0.5058
0.6083
0.5075
0.4792
0.4658
0.415
0.6929
0.7217
0.6746
0.7004
0.6896
0.6117
0.7296
0.7575
0.6867
0.6367
0.7354
0.6796
0.5567
0.5283
0.6838
0.6933
0.8813
0.7933
0.7417
0.8375
0.9217
0.8296
0.8354
0.8508
0.6417
0.5521
0.6642
0.6958
0.7546
0.7488
0.7763
0.8354
0.785
0.6546
0.7675
0.7429
0.8492
0.8725
0.8829
0.915
0.8796
0.8263
0.8525
0.8308
0.8192
0.7804
0.6233
0.5604
0.6988
0.6983
0.7346
0.8233
0.8771
0.7671
0.3613
0.3413
0.7038
0.7713
0.7742
0.7013
0.7438
0.7467
0.5413
0.7483
0.7721
0.845
0.8875
0.8646
0.7263
0.6133
0.7425
0.7817
0.7792
0.7404
0.7488
0.8817
0.7863
0.8404
0.8254
0.8058
0.7513
0.8458
0.8346
0.8313
0.7858
0.7792
0.7092
0.7983
0.7308
0.8704
0.9308
0.8221
0.8554
0.8279
0.7729
0.6433
0.6288
0.7258
0.5392
0.7729
0.6946
0.8
0.7921
0.7625
0.4779
0.3842
0.5308
0.6446
0.81
0.8042
0.8367
0.9213
0.8933
0.9108
0.7921
0.7517
0.3313
0.6692
0.8842
0.9204
0.9125
0.9054
0.91
0.8417
0.7154
0.8571
0.8713
0.815
0.7783
0.5842
0.7521
0.8296
0.8483
0.7871
0.8325
0.8804
0.8279
0.8608
0.8558
0.8554
0.8838
0.5213
0.4096
0.6067
0.7096
0.7171
0.7588
0.8267
0.8983
0.9004
0.8596
0.84
0.7675
0.7908
0.6088
0.5788
0.7121
0.8333
0.8433
0.8933
0.8646
0.9167
0.91
0.8321
0.845
0.7771
0.8517
0.6771
0.7033
0.8192
0.7008
0.8133
0.8679
0.8192
0.6958
0.705
0.7663
0.6846
0.7979
0.51
0.56
0.4525
0.6825
0.7854
0.8967
0.7692
0.7375
0.8263
0.8133
0.8563
0.7813
0.8054
0.9092
0.8379
0.9325
0.9225
0.9208
0.8408
0.7008
0.6708
0.7621
0.7988
0.8292
0.7846
0.7579
0.8167
0.835
0.7858
0.7725
0.8575
0.7829
0.7775
0.7708
0.6854
0.7813
0.7042
0.6596
0.6979
0.7496
0.6167
0.6583
0.6767
0.6396
0.6525
0.5871
0.6521
0.6842
0.625
0.6258
0.5996
0.7296
0.7
0.7792
0.8654
0.8225
0.8283
0.7542
0.6475
0.6663
0.8129
0.84
0.8117
0.78
0.8854
0.7708
0.6983
0.7008
0.7433
0.865
0.8317
0.8104
0.6338
0.6138
0.7467
0.6796
0.7929
0.5017
0.5683
0.6721
0.775
0.6921
0.6229
0.6588
0.6233
0.5858
0.4908
0.5267
0.6279
0.6142
0.6263
0.6325
0.7363
0.6713
0.3421
0.6508
0.7829
0.8242
0.7558
0.7396
0.7979
0.8929
0.7588
0.8504
0.7342
0.7425
0.8371
0.6333
0.5667
0.6496
0.7008
0.6604
0.6675
0.6888
0.5296
0.6771
0.6167
0.5454
0.5196
0.5425
0.5375
0.6608
0.6088
0.4692
0.5713
0.6238
0.6263
0.6263
0.5508
0.6625
0.6488
0.4863
0.5904
0.6946
0.6175
0.7767
0.6763
0.6346
0.72
0.6558
0.6413
0.6767
0.7958
0.74
0.7275
0.6596
0.6646
0.6442
0.7471
0.8975
0.7725
0.7158
0.7588
0.7529
0.7379
0.7333
0.7096
0.7442
0.7004
0.67
0.7004
0.675
0.6558
0.4921
0.4646
0.6192
0.5921
0.5721
0.7271
0.6833
0.6271
0.6029
0.7154
0.6679
0.5825
0.5013
0.5258
0.6979
0.78
0.7704
0.7746
0.6696
0.6983
0.6975
0.7267
0.7438
0.755
0.7821
0.7133
0.7475
0.6629
0.6717
0.725
0.7263
0.6625
0.6354
0.6942
0.6396
0.6392
0.6088
0.6654
0.7154
0.7188
0.8017
0.6813
0.6713
0.7746
0.7125
0.7575
0.8458
0.7275
0.7183
0.6758
0.7121
0.7596
0.7896
0.765
0.6938
0.6088
0.5058
0.6321
0.7358
0.5346
0.4096
0.5558
0.5558
0.5325
0.5238
0.5975
0.5871
0.7296
0.7471
0.8063
0.8154
0.7354
0.4583
0.6071
0.7371
0.8267
0.8717
0.6946
0.6717
0.8408
0.9121
0.8883
0.8104
0.8079
0.8029
0.7796
0.7788
0.8975
0.905
0.8663
0.7229
0.7546
0.8358
0.8521
0.8929
0.8892
0.8833
0.9025
0.915
0.9196
0.8554
0.8808
0.9088
0.91
0.9129
0.8088
0.5883
0.8404
0.8533
0.8088
0.8504
0.8817
0.87
0.8371
0.705
0.7475
0.7933
0.8083
0.7958
0.8683
0.8513
0.8738
0.8996
0.89
0.9042
0.8446
0.8058
0.8525
0.8421
0.5796
0.7933
0.6404
0.8054
0.7779
0.8283
0.7996
0.8325
0.5913
0.4913
0.7488
0.8517
0.8325
0.5767
0.6992
0.7613
0.7671
0.7783
0.8971
0.8475
0.8721
0.5508
0.7008
0.7954
0.8058
0.7946
0.8508
0.8817
0.8658
0.8246
0.8608
0.9075
0.8638
0.8867
0.8646
0.8104
0.835
0.825
0.8254
0.7846
0.7738
0.8692
0.7375
0.6383
0.6729
0.6504
0.7333
0.7758
0.605
0.3513
0.2121
0.5308
0.5079
0.1738
0.425
0.6325
0.3392
0.3904
0.4317
0.45
0.5492
0.5763
0.4938
0.6808
0.7825
0.7679
0.3704
0.505
0.6283
0.4992
0.6221
0.835
0.6204
0.7438
0.7354
0.6813
0.6771
0.6529
0.8096
0.7467
0.4267
0.4996
0.5913
0.5071
0.3117
0.5283
0.5892
0.6817
0.7013
0.7258
0.8292
0.7629
0.7358
0.74
0.6504
0.6388
0.9017
0.9088
0.8158
0.7821
0.6525
0.7525
0.7154
0.6833
0.5942
0.5842
0.6608
0.6775
0.7625
0.8929
0.8425
0.7842
0.7588
0.6992
0.73
0.7658
0.7371
0.7858
0.7938
0.6292
0.815
0.6683
0.4379
0.5917
0.8471
0.8208
0.8108
0.7708
0.8288
0.7463
0.7992
0.7571
0.7763
0.8879
0.8554
0.6529
0.7346
0.7288
0.6458
0.6558
0.6675
0.6192
0.7767
0.7238
0.7296
0.8038
0.6717
0.6342
0.6554
0.7442
0.6646
0.7246
0.495
0.7117
0.7575
0.8304
0.9033
0.8733
0.8671
0.6796
0.6342
0.635
0.7167
0.6867
0.7813
0.6454
0.6675
0.6425
0.5783
0.5608
0.7804
0.8304
0.7167
0.7738
0.6171
0.5467
0.68
0.7463
0.72
0.7229
0.7158
0.6492
0.5429
0.4504
0.6208
0.6292
0.6271
0.5421
0.5829
0.5158
0.5125
0.5196
0.5363
0.5171
0.5392
0.5883
0.7183
0.7467
0.5683
0.6258
0.5604
0.5175
0.7333
0.6867
0.6417
0.6517
0.6113
0.6771
0.5971
0.6246
0.7396
0.525
0.4992
0.4988
0.4767
0.4254
0.5871
0.6604
0.4917
0.3463
0.385
0.4792
0.4083
0.4713
0.6496
0.6154
0.66
0.6671
0.6158
0.6929
0.5504
0.5188
0.5271
0.6004
0.5633
0.4846
0.5258
0.5404
0.4567
0.4796
0.5821
0.5379
0.5925
0.6263
0.5813
0.6767
0.605
0.5025
0.7267
0.5888
0.4746
0.5188
0.6525
0.6654
0.5713
0.6696
0.7275
0.7508
0.7988
0.5104
0.2875
0.3975
0.3946
0.4904
0.5338
0.5971
0.6225
0.6958
0.7933
0.7529
0.7013
0.8133
0.4792
0.4058
0.6792
0.785
0.8288
0.8942
0.7567
0.6529
0.8233
0.8288
0.765
0.6088
0.5658
0.7213
0.7738
0.6196
0.7692
0.715
0.7688
0.7721
0.75
0.8221
0.855
0.8154
0.7517
0.7683
0.8158
0.7921
0.8713
0.8058
0.7371
0.6854
0.6808
0.6554
0.7171
0.8754
0.8925
0.9092
0.8379
0.8558
0.8895
0.8758
0.9521
0.8742
0.7317
0.3138
0.6879
0.8625
0.9429
0.7596
0.7771
0.6488
0.825
0.7242
0.9096
0.8008
0.7904
0.8133
0.8421
0.7063
0.5983
0.5808
0.7975
0.875
0.9279
0.8979
0.9563
0.8892
0.9158
0.8229
0.8471
0.8579
0.7563
0.8429
0.8033
0.8854
0.8388
0.4838
0.7288
0.8033
0.7538
0.7979
0.8704
0.8263
0.8108
0.85
0.7121
0.8092
0.7775
0.7279
0.8221
0.7654
0.6333
0.8117
0.7683
0.8458
0.9142
0.9367
0.7983
0.8667
0.875
0.8796
0.9254
0.9017
0.7688
0.8667
0.8779
0.8121
0.8271
0.7767
0.8083
0.6488
0.5838
0.835
0.7442
0.7588
0.8896
0.9338
0.9554
0.8442
0.8192
0.8958
0.9013
0.8421
0.7733
0.8392
0.7071
0.8088
0.8838
0.8046
0.9083
0.6779
0.715
0.7692
0.65
0.8217
0.885
0.7625
0.8867
0.8196
0.8329
0.8646
0.6133
0.2988
0.6758
0.8225
0.7229
0.4679
0.6717
0.5171
0.6829
0.7825
0.6479
0.7179
0.7759
0.6992
0.7058
0.8192
0.9188
0.8883
0.8613
0.8904
0.9425
0.5638
0.6913
0.665
0.7296
0.7335
0.8713
0.8204
0.7513
0.81
0.86
0.9458
0.9554
0.8796
0.8225
0.8183
0.8258
0.7754
0.8721
0.7292
0.4329
0.5763
0.8096
0.7738
0.8479
0.8713
0.8467
0.7571
0.7783
0.9029
0.9121
0.8083
0.7992
0.9746
0.9408
0.8325
0.8717
0.8625
0.9554
0.8567
0.8783
0.9279
0.9013
0.7617
0.7438
0.86
0.7479
0.7733
0.6992
0.7996
0.7813
0.6733
0.6752
0.7729
0.6788
0.8121
0.7638
0.6796
0.7638
0.6713
0.7229
0.7833
0.8458
0.8658
0.8792
0.7613
0.9046
0.8304
0.7108
0.7821
0.7792
0.7529
0.7425
0.7117
0.6975
0.7304
0.7821
0.7446
0.7296
0.7025
0.7246
0.8283
0.8754
0.8596
0.7392
0.6904
0.85
0.8158
0.7417
0.6088
0.6504
0.8096
0.8321
0.81
0.8004
0.8721
0.8858
0.8263
0.7871
0.5621
0.5971
0.6475
0.7588
0.6663
0.6258
0.6154
0.8242
0.7796
0.7963
0.7371
0.6775
0.6979
0.7079
0.7325
0.6421
0.7913
0.8283
0.6929
0.7317
0.8129
0.825
0.8621
0.5854
0.5171
0.5738
0.6542
0.61
0.7308
0.7158
0.6863
0.7496
0.7571
0.6979
0.6354
0.5996
0.5858
0.6246
0.5821
0.6483
0.7079
0.6274
0.655
0.6167
0.5633
0.6104
0.675
0.6967
0.8271
0.8679
0.7721
0.7254
0.6933
0.6663
0.5792
0.6375
0.7675
0.6546
0.62
0.6892
0.6525
0.5825
0.5596
0.7096
0.6929
0.5596
0.725
0.7708
0.6746
0.6225
0.6388
0.5817
0.6271
0.6967
0.6888
0.5942
0.7674
0.7542
0.7296
0.7729
0.4704
0.6788
0.7196
0.7504
0.8504
0.8025
0.8654
0.8171
0.8
0.7438
0.5617
0.5617
0.5429
0.5717
0.6392
0.7463
0.6758
0.7646
0.8863
0.8896
0.8017
0.8825
0.7338
0.7717
0.7742
0.7808
0.7988
0.7813
0.7454
0.8033
0.7042
0.6821
0.7658
0.75
0.7446
0.7621
0.8221
0.8113
0.7367
0.7854
0.7538
0.8113
0.8342
0.9071
0.8829
0.9475
0.8425
0.78
0.7954
0.7571
0.7008
0.8096
0.7363
0.7621
0.8271
0.8458
0.8946
0.8063
0.8204
0.909
0.8875
0.8379
0.8171
0.8163
0.7354
0.7542
0.8758
0.9183
0.7867
0.6271
0.5846
0.4325
0.5113
0.6138
0.6879
0.77
0.7967
0.7896
0.8167
0.845
0.8733
0.6867
0.68
0.2533
0.4779
0.6371
0.6021
0.4838
0.6896
0.9604
0.9333
0.7167
0.5767
0.6833
0.6042
0.6671
0.5079
0.5508
0.5017
0.63
0.7833
0.7217
0.7467
0.4996
0.7029
0.7758
0.7829
0.7854
0.805
0.7821
0.8633
0.9267
0.9596
0.835
0.8671
0.9133
0.8704
0.8842
0.8979
0.9038
0.8288
0.8258
0.4788
0.6254
0.6175
0.7588
0.7488
0.6808
0.66
0.8046
0.7358
0.8221
0.8817
0.8308
0.7333
0.7188
0.9042
0.7858
0.7417
0.8667
0.9404
0.9271
0.9679
0.895
0.9279
0.9392
0.93
0.8988
0.8811
0.8242
0.655
0.8654
0.9596
0.8754
0.8867
0.9308
0.8463
0.8288
0.88
0.8404
0.8879
0.7817
0.8204
0.7779
0.8508
0.8688
0.8313
0.7663
0.74
0.765
0.7846
0.8596
0.6321
0.7454
0.8542
0.745
0.6733
0.7525
0.7077
-99
-99
0.7633
0.7908
0.6629
0.8488
0.9263
0.8483
0.7942
0.8229
0.7604
0.7763
0.8854
0.8367
0.7688
0.785
0.8229
0.5679
0.5938
0.6808
0.7967
0.7692
0.7817
0.6729
0.7758
0.8288
0.8333
0.8108
0.6467
0.4213
0.6471
0.8063
0.7925
0.8867
0.8238
0.8158
0.7946
0.7438
0.8429
0.7296
0.7304
0.8
0.8608
0.9204
0.9008
0.7425
0.9363
0.9871
0.7122
0.7458
0.7288
0.7067
0.8008
0.7246
0.7429
0.9008
0.8942
0.77
0.7408
0.7671
0.7329
0.8104
0.8158
0.7708
0.9163
0.9246
0.9392
0.7929
0.7175
0.7525
0.7292
0.7908
0.835
0.8096
0.8008
0.8004
0.6763
0.5563
0.5617
0.6504
0.5774
0.7863
0.6575
0.7046
0.7233
0.74
0.6825
0.8
0.5146
0.3213
0.4917
0.6117
0.7617
0.7046
0.8292
0.9142
0.6863
0.6096
0.6221
0.6738
0.9292
0.8746
0.8854
0.8208
0.8429
0.6492
0.5642
0.6183
0.5642
0.5908
0.635
0.7733
0.7579
0.6592
0.5325
0.5925
0.6067
0.6008
0.5679
0.7606
0.5654
0.625
0.7654
0.7615
0.7134
0.6181
0.5273
0.7963
0.7771
0.7123
0.7969
0.8083
0.7573
0.5973
0.6623
0.7156
0.7465
0.814
0.705
0.7021
0.666
0.6194
0.8971
0.7738
0.879
0.7133
0.6585
0.7058
0.7871
0.8133
0.7679
0.6783
0.6096
0.5538
0.7492
0.7625
0.7404
0.629
0.6292
0.6571
0.8002
0.7113
0.6685
0.8569
0.7529
0.6792
0.7056
0.815
0.8877
0.8165
0.81
0.714
0.7021
0.8602
0.7427
0.7963
0.8279
0.6996
0.6415
0.6056
0.6871
0.724
0.5785
0.7267
0.7406
0.7013
0.6502
0.7954
0.955
0.8042
0.8335
0.8533
0.7523
0.7908
0.814
0.8529
0.7958
0.8125
0.7673
0.7394
0.7254
0.8377
0.8385
0.8354
0.8535
0.8396
0.8333
0.7427
0.7454
0.7729
0.7417
0.8519
0.8692
0.8552
0.9152
0.8858
0.8173
0.8048
0.8281
0.8567
0.7738
0.8367
0.6565
0.7752
0.8056
0.9773
0.9063
0.9369
0.8635
0.8094
0.8467
0.8721
0.8192
0.8177
0.7504
0.7415
0.7819
0.8494
0.8169
0.7621
0.7192
0.8258
0.7615
0.7335
0.7323
0.8217
0.8852
0.8819
0.82
0.5109
0.6125
0.664
0.7315
0.816
0.839
0.8608
0.8804
0.8879
0.8792
0.8648
0.8381
0.7742
0.8235
0.8419
0.8181
0.8465
0.8083
0.7744
0.8767
0.795
0.8152
0.8435
0.8675
0.7108
0.6042
0.8125
0.8296
0.8673
0.9054
0.8888
0.9196
0.9392
0.9348
0.9398
0.9815
0.9319
0.8481
0.9421
0.9694
0.7527
0.7108
0.7538
0.885
0.8635
0.8446
0.7925
0.8288
0.3954
0.5583
0.8715
0.8563
0.836
0.924
0.9373
0.7771
0.955
0.855
0.9327
0.8888
0.9342
0.9294
0.9398
0.9267
0.8385
0.761
0.9413
0.6948
0.3717
0.4265
0.6996
0.7654
0.801
0.7908
0.8296
0.8783
0.92
0.8835
0.8965
0.8356
0.8431
0.8483
0.7742
0.7583
0.8708
0.6781
0.8885
0.8504
0.7198
0.9538
0.6633
0.785
0.7754
0.7475
0.545
0.2908
0.5183
0.7248
0.7396
0.8056
0.7704
0.8617
0.7419
0.7783
0.8798
0.5419
0.3456
0.5421
0.8269
0.6408
0.5804
0.82
0.7927
0.8858
0.7763
0.8515
0.805
0.6113
0.599
0.7467
0.8617
0.8038
0.7613
0.4869
0.6988
0.6642
0.531
0.7713
0.6215
0.6592
0.8713
0.8021
0.866
0.7177
0.2569
0.4921
0.8131
0.8108
0.8021
0.7979
0.6729
0.8025
0.8004
0.8927
0.8758
0.9594
0.9298
0.9194
0.8521
0.879
0.9719
0.8827
0.9096
0.9583
0.5356
0.63
0.6842
0.7367
0.8452
0.804
0.7863
0.7169
0.7875
0.8035
0.7919
0.7025
0.6875
0.7567
0.6283
0.6829
0.6688
0.8394
0.7471
0.7342
0.5998
0.6358
0.8233
0.8192
0.7323
0.8825
0.835
0.7646
0.7344
0.7902
0.6998
0.7902
0.8231
0.9492
0.7023
0.8665
0.7356
0.7554
0.7381
0.8663
0.8446
0.8471
0.6963
0.6808
0.6888
0.7119
0.7254
0.8308
0.7575
0.7904
0.6948
0.451
0.4494
0.5867
0.651
0.844
0.8731
0.5123
0.4704
0.5127
0.5444
0.6325
0.5973
0.6433
0.6435
0.591
0.6556
0.5977
0.584
0.5388
0.5509
0.4888
0.4204
0.5108
0.5575
0.5975
0.6963
0.6938
0.7863
0.8013
0.7942
0.7306
0.7285
0.7467
0.5521
0.5423
0.6083
0.4996
0.5585
0.5731
0.7171
0.6242
0.5773
0.5298
0.5727
0.5929
0.501
0.4981
0.6177
0.5306
0.4948
0.4077
0.4146
0.4956
0.6431
0.5625
0.444
0.5429
0.6229
0.6538
0.6021
0.5529
0.5508
0.6298
0.7271
0.6521
0.6142
0.599
0.525
0.679
0.6844
0.7598
0.6192
0.6621
0.6825
0.699
0.7898
0.7502
0.6819
0.7319
0.7073
0.7404
0.709
0.6083
0.6746
0.7675
0.8008
0.7958
0.7733
0.7479
0.7783
0.7667
0.8313
0.8602
0.7927
0.7269
0.8181
0.7752
0.7406
0.7102
0.8146
0.7967
0.7204
0.6921
0.7573
0.7536
0.8096
0.7554
0.7463
0.8088
0.6829
0.7494
0.7858
0.8725
0.7615
0.5804
0.7025
0.7254
0.7025
0.904
0.8413
0.8327
0.7194
0.694
0.7088
0.6985
0.6015
0.6756
0.6696
0.6017
0.7673
0.7763
0.5754
0.5598
0.6723
0.6592
0.7148
0.7746
0.9021
0.946
0.7325
0.8902
0.855
0.8383
0.7738
0.8094
0.7117
0.7333
0.645
0.7231
0.8594
0.8569
0.825
0.8148
0.7788
0.8433
0.8935
0.8921
0.8573
0.7252
0.586
0.7348
0.8285
0.9344
0.8494
0.9713
0.906
0.745
0.8202
0.8585
0.819
0.8198
0.9433
0.8504
0.8858
0.9002
0.8765
0.9046
0.9165
0.9029
0.865
0.9171
0.9273
0.8777
0.8467
0.8069
0.839
0.8338
0.8181
0.8619
0.8383
0.7317
0.5638
0.4996
0.6598
0.7683
0.6377
0.6215
0.8096
0.8138
0.8538
0.8865
0.9338
0.9304
0.9288
0.9373
0.946
0.9681
0.9333
0.8635
0.9256
0.9231
0.9194
0.9502
0.9373
0.9267
0.9042
0.9354
0.9363
0.9469
0.9185
0.9
0.8854
0.9246
0.7854
0.9392
0.9225
0.9485
0.8479
0.7817
0.8942
0.9163
0.8883
0.8813
0.821
0.9629
0.9827
0.8106
0.7473
0.7379
0.8346
0.5242
0.6623
0.8163
0.8042
0.7294
0.5469
0.3531
0.6806
0.8594
0.8598
0.8906
0.9067
0.9156
0.9044
0.9213
0.8815
0.8854
0.7892
0.8198
0.9338
0.8973
0.8944
0.8431
0.8898
0.6852
0.5696
0.6346
0.6833
0.8869
0.7744
0.6533
0.8185
0.9535
0.7606
0.7417
0.8546
0.4875
0.5194
0.6769
0.7444
0.7871
0.7854
0.5744
0.6746
0.8321
0.7931
0.8542
0.8788
0.8573
0.8319
0.7388
0.6867
0.735
0.7471
0.7583
0.7613
0.735
0.8192
0.4669
0.6929
0.5567
0.4733
0.6694
0.6935
0.7996
0.879
0.8706
0.9104
0.9163
0.8867
0.9671
0.8569
0.6942
0.5475
0.5915
0.8402
0.7463
0.6815
0.6792
0.8665
0.7192
0.815
0.6585
0.8696
0.7013
0.7885
0.8452
0.5717
0.691
0.7388
0.7127
0.7783
0.7019
0.6627
0.754
0.6013
0.6121
0.6442
0.7346
0.6646
0.6125
0.6867
0.9238
0.8615
0.8913
0.6721
0.6413
0.8239
0.7969
0.8181
0.7804
0.914
0.4315
0.4204
0.599
0.5742
0.686
0.7931
0.7777
0.9417
0.9583
0.8233
0.8102
0.8367
0.8754
0.7694
0.7733
0.7748
0.7077
0.8056
0.876
0.7183
0.5773
0.7206
0.724
0.7185
0.6923
0.8183
0.7467
0.8183
0.7275
0.8283
0.9073
0.8792
0.7767
0.6654
0.8419
0.7702
0.7265
0.6956
0.6621
0.6175
0.676
0.7842
0.7908
0.7923
0.7727
0.7781
0.715
0.7073
0.8325
0.5777
0.5852
0.5431
0.5533
0.396
0.4483
0.57
0.555
0.6008
0.659
0.5765
0.6515
0.6242
0.6256
0.5871
0.5998
0.5775
0.5917
0.5785
0.5998
0.5406
0.4915
0.5779
0.5935
0.4356
0.4879
0.3467
0.4842
0.5246
0.535
0.459
0.6263
0.6588
0.7208
0.4963
0.489
0.4998
0.5792
0.6108
0.6435
0.6985
0.4952
0.6867
0.5798
0.6885
0.661
0.5438
0.5028
0.4215
0.4442
0.4829
0.7104
0.6106
0.5767
0.5946
0.6158
0.6767
0.6277
0.6963
0.6796
0.6798
0.6869
0.6721
0.4775
0.5063
0.5133
0.5358
0.5173
0.6246
0.686
0.7554
0.7158
0.7635
0.7038
0.59
0.5654
0.6223
0.5971
0.4967
0.5129
0.6327
0.6798
0.7013
0.6844
0.6075
0.6306
0.7279
0.9046
0.6483
0.5667
0.8292
0.7225
0.6485
0.7579
0.8106
0.7904
0.8504
0.776
0.8877
0.8117
0.675
0.6915
0.7596
0.7408
0.7869
0.8631
0.8008
0.7744
0.6794
0.9158
0.864
0.7417
0.5206
0.5183
0.5883
0.8252
0.9819
0.9433
0.8542
0.8144
0.9363
0.8125
0.7683
0.6469
0.616
0.961
0.8827
0.9348
0.9248
0.905
0.8567
0.8531
0.8821
0.8927
0.8983
0.8206
0.8535
0.8706
0.8338
0.7221
0.8394
0.7942
0.7635
0.7363
0.8725
0.8181
0.836
0.9169
0.655
0.7788
0.8508
0.8425
0.8075
0.7813
0.6746
0.8477
0.9113
0.9175
0.7881
0.8273
0.9125
0.9265
0.9115
0.9767
0.9008
0.8985
0.8542
0.9071
0.9681
0.9502
0.8898
0.9055
0.919
0.9148
0.9533
0.8929
0.8865
0.9127
0.9013
0.9556
0.9494
0.8585
0.9077
0.921
0.7477
0.6279
0.8673
0.8644
0.8994
0.9085
0.9133
0.854
0.8706
0.8908
0.9338
0.9192
0.8848
0.8985
0.8558
0.9183
0.6538
0.6613
0.8192
0.6815
0.8363
0.8275
0.5942
0.7871
0.705
0.5556
0.5513
0.6644
0.3617
0.5898
0.679
0.9048
0.7967
0.9604
0.8897
0.749
0.806
0.9171
0.9392
0.9152
0.8394
0.9013
0.9125
0.9175
0.7804
0.6392
0.7171
0.8435
0.4508
0.7533
0.6375
0.6448
0.8267
0.8971
0.8596
0.8944
0.8656
0.9788
0.8798
0.8833
0.8892
0.8571
0.8388
0.8035
0.8819
0.8313
0.8108
0.6825
0.8119
0.7813
0.9007
-99
0.6625
0.7937
0.7685
0.789
0.7635
0.7527
0.8452
0.8665
0.7513
0.7713
0.8477
0.7815
0.7602
0.774
0.7202
0.7608
0.8583
0.6817
0.7788
0.866
0.7694
0.7202
0.9265
0.7906
0.7948
0.8548
0.7513
0.6971
0.6283
0.5998
0.8242
0.6556
0.5806
0.6958
0.6177
0.4238
0.616
0.5919
0.6177
0.695
0.7673
0.6679
0.6223
0.7075
0.8388
0.8179
0.7308
0.7761
0.3633
0.4929
0.5931
0.58
0.6196
0.6973
0.6625
0.8306
0.7506
0.6535
0.6781
0.7813
0.7471
0.7644
0.8889
0.8185
0.8192
0.7317
0.6885
0.6702
0.7283
0.7713
0.7985
0.5829
0.7548
0.646
0.5904
0.6408
0.556
0.7192
0.7956
0.8017
0.7388
0.7231
0.6738
0.5727
0.5913
0.7844
0.6863
0.5913
0.514
0.6398
0.6365
0.6506
0.7542
0.7694
0.7731
0.564
0.569
0.6025
0.7454
0.7646
0.5996
0.4815
0.4985
0.4813
0.5371
0.5533
0.5215
0.4567
0.5323
0.6815
0.5833
0.6842
0.6908
0.6427
0.6352
0.7873
0.6796
0.7021
0.82
0.7573
0.769
0.7829
0.674
0.6206
0.619
0.7267
0.7004
0.6721
0.6944
0.8181
0.74
0.7617
0.7175
0.6977
0.5481
0.4675
0.5004
0.5596
0.6554
0.6929
0.7058
0.7367
0.704
0.6952
0.7302
0.5285
0.5767
0.6633
0.6592
0.6331
0.7794
0.7954
0.831
0.6527
0.6731
0.5565
0.5713
0.5527
0.5867
0.6192
0.5946
0.8035
0.7065
0.6579
0.6675
0.6635
0.784
0.6908
0.6369
0.5523
0.565
0.4692
0.4506
0.59
0.6133
0.5806
0.6646
0.7683
0.7854
0.7331
0.6029
0.479
0.8283
0.6381
0.641
0.7023
0.6842
0.6208
0.7238
0.6002
0.6227
0.8806
0.7075
0.729
0.6819
0.7179
0.634
0.9102
0.8658
0.8056
0.8923
0.7256
0.6694
0.8258
0.7952
0.8608
0.7854
0.8485
0.7752
0.8125
0.8552
0.8442
0.9329
0.8333
0.8913
0.8227
0.8065
0.8013
0.6517
0.5921
0.7508
0.6973
0.78
0.8188
0.8798
0.915
0.9306
0.8156
0.8121
0.8108
0.8073
0.9735
0.8671
0.7831
0.68
0.7283
0.7631
0.8408
0.9121
0.7185
0.7598
0.7627
0.7444
0.7525
0.8456
0.866
0.8758
0.9298
0.6888
0.4229
0.5902
0.7563
0.7327
0.726
0.7848
0.7958
0.3519
0.4127
0.6763
0.8471
0.774
0.821
0.7319
0.7696
0.7985
0.8348
0.8778
0.8564
0.7642
0.4717
0.6846
0.8152
0.8565
0.7383
0.6427
0.4365
0.3431
0.6438
0.7942
0.8975
0.8398
0.79
0.616
0.724
0.725
0.8523
0.6904
0.704
0.8971
0.6598
0.5748
0.7927
0.6865
0.7467
0.769
0.7492
0.8583
0.9119
0.8285
0.7238
0.5879
0.756
0.8848
0.7744
0.7569
0.6977
0.8358
0.7756
0.8238
0.8
0.9046
0.9227
0.9129
0.6258
0.7158
0.814
0.7702
0.7883
0.8817
0.7617
0.7175
0.8092
0.8983
0.9029
0.8127
0.7513
0.8958
0.8506
0.8775
0.7971
0.7146
0.6281
0.7927
0.8877
0.9335
0.8704
0.8988
0.5548
0.6946
0.906
0.965
0.6758
0.5694
0.7838
0.7902
0.4856
0.7152
0.646
0.7108
0.7927
0.8169
0.9427
0.9496
0.826
0.834
0.8298
0.5181
0.5879
0.6602
0.8279
0.7954
0.6554
0.4602
0.8571
0.941
0.5925
0.695
0.8638
0.9252
0.7608
0.8275
0.8113
0.8444
0.7488
0.6008
0.8279
0.8977
0.8052
0.6098
0.8946
0.7665
0.8048
0.7817
0.5048
0.321
0.43
0.6669
0.9206
0.8313
0.7673
0.7675
0.859
0.8281
0.7488
0.6527
0.7548
0.7215
0.7894
0.616
0.7969
0.7713
0.8463
0.9779
0.7575
0.7777
0.84
0.8319
0.94
0.9256
0.7456
0.7963
0.7502
0.7885
0.8031
0.8085
0.6871
0.5948
0.8279
0.7467
0.8135
0.6463
0.7985
0.7519
0.8317
0.6673
0.7381
0.6433
0.6483
0.6698
0.7229
0.8713
0.8285
0.8513
0.8833
0.8158
0.7527
0.8513
0.8519
0.9058
0.7806
0.8048
0.7963
0.7969
0.8054
0.7865
0.8192
0.8115
0.7371
0.7131
0.7346
0.7781
0.7746
0.7646
0.7498
0.8319
0.7708
0.7706
0.7733
0.9127
0.795
0.791
0.8467
0.8713
0.724
0.521
0.7529
0.8115
0.7915
0.5815
0.5565
0.6917
0.6273
0.6225
0.5385
0.5469
0.5927
0.5935
0.6231
0.4821
0.57
0.5794
0.6002
0.5454
0.7442
0.7171
0.5677
0.626
0.7327
0.5977
0.6115
0.5744
0.6732
0.7165
0.5717
0.6194
0.6513
0.6542
0.6321
0.5817
0.5079
0.6052
0.8169
0.7048
0.656
0.649
0.704
0.7775
0.8496
0.6713
0.8079
0.6475
0.5444
0.504
0.7108
0.7633
0.704
0.6721
0.634
0.5948
0.5665
0.5381
0.526
0.6394
0.73
0.7596
0.8033
0.6742
0.6365
0.6844
0.6708
0.5525
0.5748
0.6831
0.8225
0.6323
0.5846
0.5458
0.5965
0.6288
0.665
0.6408
0.6583
0.6958
0.701
0.7054
0.7833
0.7715
0.784
0.7346
0.6452
0.7767
0.7673
0.7921
0.861
0.7921
0.8098
0.8223
0.7679
0.6773
0.8077
0.7313
0.7248
0.6238
0.7469
0.8033
0.8665
0.8053
0.6685
0.6835
0.7419
0.7102
0.6269
0.554
0.7304
0.7648
0.6663
0.6556
0.6963
0.5102
0.2492
0.4279
0.6394
0.759
0.8123
0.74
0.7725
0.8667
0.961
0.8233
0.8983
0.886
0.8706
0.8954
0.904
0.9123
0.8844
0.8306
0.8933
0.8771
0.8304
0.7963
0.6708
0.8248
0.9246
0.8292
0.8615
0.8179
0.7773
0.9483
0.8965
0.7702
0.7648
0.861
0.8492
0.7904
0.691
0.8679
0.8792
0.7898
0.7798
0.9063
0.9033
0.9171
0.9707
0.9426
0.9669
0.9515
0.9102
0.9446
0.9394
0.8658
0.9398
0.899
0.8219
0.9213
0.815
0.8777
0.9025
0.9202
0.9088
0.8679
0.9142
0.9131
0.9596
0.911
0.9613
0.8848
0.9098
0.9019
0.9148
0.9185
0.9556
0.8663
0.9371
0.984
0.911
0.7802
0.7706
0.9179
0.851
0.896
0.9263
0.8985
0.8442
0.9208
0.9377
0.9631
0.9369
0.6265
0.5894
0.9073
0.6246
0.6233
0.7615
0.66
0.3865
0.844
0.8317
0.6946
0.5131
0.5029
0.7123
0.779
0.8146
0.8973
0.9321
0.8525
0.92
0.8708
0.9071
0.7675
0.7763
0.7969
0.366
0.4681
0.7773
0.895
0.8354
0.8496
0.8333
0.716
0.7229
0.7256
0.3029
0.4798
0.8077
0.957
0.8391
0.8152
0.8633
0.6527
0.596
0.6792
0.8056
0.7554
0.7898
0.79
-99
0.6122
0.7803
0.7773
0.8163
0.6427
0.774
0.8144
0.7779
0.7815
0.7521
0.7221
0.7998
0.7794
0.6971
0.5919
0.6994
0.8067
0.73
0.7963
0.7494
0.7796
0.6248
0.7621
0.8792
0.8156
0.7702
0.7713
0.594
0.5188
0.535
0.5175
0.6758
0.5775
0.5754
0.619
0.5948
0.2285
0.4921
0.6806
0.6573
0.766
0.8227
0.7275
0.8129
0.9096
0.8033
0.7885
0.6765
0.7715
0.7973
0.8994
0.6763
0.6729
0.5792
0.73
0.7988
0.7175
0.8702
0.839
0.8646
0.7781
0.7969
0.7454
0.7623
0.8721
0.6894
0.7444
0.7835
0.8021
0.7808
0.8138
0.7758
0.6967
0.7875
0.9285
0.7442
0.3952
0.6421
0.8044
0.7902
0.7613
0.7442
0.8444
0.554
0.4853
0.6948
0.6942
0.655
0.8913
0.9602
0.8796
0.746
0.7256
0.6946
0.6806
0.8939
-99
-99
0.6921
0.745
0.5788
0.6273
0.6506
0.5879
0.4975
0.6063
0.4946
0.7169
0.7304
0.714
0.4296
0.6296
0.56
0.9329
0.7679
0.6796
0.6781
0.7331
0.6413
0.6229
0.4383
0.5794
0.7296
0.645
0.6856
0.6244
0.6654
0.711
0.606
0.5677
0.4583
0.5973
0.6975
0.7396
0.6671
0.6617
0.6525
0.596
0.6727
0.6404
0.5577
0.7279
0.6594
0.6375
0.6308
0.594
0.6119
0.3754
0.5456
0.6156
0.6458
0.7335
0.701
0.711
0.5744
0.6213
0.649
0.6888
0.7194
0.8498
0.7115
0.7281
0.6608
0.6173
0.5908
0.5658
0.6029
0.5535
0.5917
0.7442
0.7817
0.73
0.6663
0.629
0.6221
0.5215
0.5396
0.59
0.791
0.7533
0.6919
0.7085
0.6865
0.5431
0.4904
0.4198
0.5681
0.6367
0.6808
0.6815
0.8863
0.7008
0.6415
0.5929
0.6908
0.7398
0.6723
0.5873
0.6085
0.5344
0.4894
0.614
0.6448
0.6938
0.8152
0.7333
0.6252
0.7156
0.7483
0.8052
0.7285
0.6871
0.7131
0.764
0.8292
0.9515
0.8115
0.71
0.8246
0.7542
0.8333
0.8721
0.7817
0.8608
0.764
0.7998
0.6725
0.6758
0.8092
0.7825
0.7475
0.5083
0.7881
0.8031
0.7256
0.8256
0.8054
0.8792
0.8769
0.7648
0.716
0.7788
0.8508
0.7744
0.7365
0.9279
0.9529
0.9233
0.8648
0.7407
0.8498
0.8873
0.901
0.911
0.8458
0.901
0.8813
0.7902
0.7223
0.7596
0.8104
0.8523
0.831
0.8573
0.8302
0.62
0.5883
0.6473
0.8221
0.8717
0.9098
0.8721
0.856
0.7454
0.7969
0.8308
0.7552
0.8652
0.8269
0.8433
0.8754
0.8173
0.8383
0.8375
0.8677
0.8696
0.9013
0.7344
0.7129
0.8838
0.9131
0.8625
0.9004
0.9477
0.8329
0.6733
0.9194
0.8033
0.735
0.9063
0.8531
0.919
0.9202
0.9413
0.8635
0.73
0.7479
0.6048
0.8767
0.8948
0.8698
0.8979
0.8492
0.8873
0.9152
0.9192
0.87
0.9238
0.8942
0.9242
0.8658
0.8475
0.9027
0.8779
0.8729
0.8283
0.7954
0.7667
0.8596
0.9013
0.781
0.7667
0.8738
0.7831
0.8485
0.5585
0.7379
0.8723
0.9392
0.8927
0.9435
0.9446
0.9215
0.805
0.8738
0.9092
0.9475
0.8569
0.826
0.8929
0.8048
0.7323
0.6044
0.7742
0.805
0.9185
0.8329
0.8131
0.9292
0.9538
0.9433
0.8948
0.9558
0.8263
0.8177
0.7152
0.8217
0.8591
0.8279
0.8775
0.841
0.8179
0.8731
0.8517
0.7806
0.8438
0.7396
0.7113
0.7956
0.7798
0.8204
0.8015
0.8471
0.5725
0.8146
0.694
0.8121
0.8081
0.8558
0.7833
0.8223
0.8213
0.9421
0.9025
0.8579
0.8546
0.8296
0.8858
0.8802
0.9085
0.7967
0.6965
0.9188
0.8069
0.7583
0.7138
0.8304
0.8446
0.9365
0.8694
0.7735
0.7317
0.6692
0.8085
0.7875
0.7469
0.7938
0.7935
0.7471
0.7277
0.9733
0.8138
0.9206
0.8935
0.8565
0.9183
0.9804
0.966
0.9902
0.9677
0.8344
0.7304
0.811
0.8729
0.8033
0.7973
0.7194
0.684
0.764
0.7965
0.7383
0.6804
0.761
0.6879
0.7746
0.7258
0.9425
0.8881
0.8035
0.8317
0.7725
0.9256
0.854
0.7642
0.6527
0.6375
0.6073
0.5758
0.6465
0.6294
0.6579
0.5404
0.6438
0.6583
0.7242
0.6756
0.741
0.8317
0.7358
0.8231
0.8321
0.8715
0.9308
0.8048
0.8377
0.919
0.875
0.8117
0.854
0.8648
0.7025
0.7885
0.79
0.7767
0.8988
0.8698
0.8742
0.7302
0.779
0.6531
0.6756
0.6567
0.6892
0.7533
0.6369
0.7352
0.7302
0.7906
0.8469
0.7365
0.8077
0.6769
0.6558
0.6938
0.6283
0.6148
0.5942
0.6615
0.7929
0.6779
0.6463
0.6785
0.6708
0.8481
0.7015
0.6808
0.6604
0.6829
0.6831
0.6427
0.5915
0.6408
0.7092
0.729
0.6546
0.6392
0.7742
0.6777
0.641
0.6081
0.6156
0.5808
0.499
0.6394
0.5773
0.6052
0.6546
0.6713
0.7215
0.7248
0.6525
0.7015
0.8206
0.7381
0.6973
0.7215
0.6802
0.6904
0.6515
0.6515
0.7713
0.559
0.5863
0.5938
0.7263
0.7056
0.7502
0.7067
0.7988
0.8194
0.7344
0.7527
0.7706
0.6804
0.766
0.7875
0.7425
0.6025
0.6608
0.8363
0.7425
0.6727
0.615
0.6367
0.7029
0.7113
0.7431
0.6417
0.654
0.7419
0.7123
0.8592
0.8158
0.7708
0.7098
0.5469
0.6327
0.5533
0.691
0.7825
0.8313
0.8052
0.8508
0.6846
0.6806
0.7944
0.7212
0.7404
0.7835
0.8819
0.8444
0.6425
0.5863
0.7588
0.904
0.8029
0.7583
0.8142
0.8419
0.8029
0.8202
0.8538
0.955
0.7527
0.7427
0.5663
0.744
0.8069
0.7856
0.8367
0.8429
0.9115
0.9271
0.9296
0.7881
0.5892
0.7792
0.9115
0.9342
0.8146
0.8502
0.8796
0.8017
0.8744
0.9196
0.89
0.8346
0.7048
0.7729
0.8777
0.7696
0.4471
0.7225
0.8281
0.8752
0.8627
0.8835
0.9802
0.9458
0.9146
0.8044
0.9546
0.859
0.5823
0.7452
0.7288
0.8808
0.8188
0.8633
0.9
0.8148
0.8694
0.9171
0.8513
0.8517
0.8754
0.8817
0.8017
0.9077
0.9238
0.8798
0.8646
0.8879
0.8877
0.8885
0.8663
0.5656
0.4942
0.6598
0.5644
0.7531
0.8065
0.7229
0.721875
0.84375
0.784166666666667
0.849583333333333
0.832291666666667
0.845625
0.650208333333333
0.517083333333333
0.892291666666667
0.799166666666667
0.750416666666667
0.786041666666667
0.769583333333333
0.8225
0.793125
0.764583333333333
0.748125
0.8
0.840833333333333
0.758958333333333
0.606666666666667
0.772916666666667
0.692083333333333
0.756875
0.8075
0.741458333333333
0.82
0.876041666666667
0.87
0.853125
0.824583333333333
0.832708333333333
0.838541666666667
0.778541666666667
0.941458333333333
0.906666666666667
0.866875
0.91875
0.940416666666667
0.801875
0.820833333333333
0.867083333333333
0.933125
0.9025
0.828541666666667
0.806666666666667
0.801458333333333
0.855833333333333
0.835416666666667
0.856666666666667
0.864166666666667
0.910208333333333
0.950416666666667
0.918333333333333
0.824583333333333
0.87375
0.863958333333333
0.814583333333333
0.889375
0.898333333333333
0.915833333333333
0.905416666666667
0.868958333333333
0.908958333333333
0.86875
0.887083333333333
0.87
0.730625
0.769375
0.754583333333333
0.923958333333333
0.8625
0.759583333333333
0.780833333333333
0.737916666666667
0.63625
0.4925
0.59625
0.445416666666667
0.47375
0.489791666666667
0.784375
0.75
0.701666666666667
0.797708333333333
0.695416666666667
0.754375
0.741458333333333
0.756041666666667
0.732916666666667
0.63
0.703958333333333
0.643541666666667
0.5575
0.686666666666667
0.633958333333333
0.400416666666667
0.649166666666667
0.774791666666667
0.96375
0.859791666666667
0.61375
0.665625
0.673333333333333
0.641458333333333
0.527291666666667
0.587916666666667
0.527083333333333
0.653541666666667
0.895
0.8975
0.85
0.734166666666667
0.704791666666667
0.738125
0.830416666666667
0.867083333333333
0.88125
0.911875
0.8925
0.916041666666667
0.837916666666667
0.70625
0.639375
0.742708333333333
0.73875
0.810833333333333
0.603333333333333
0.765625
0.824791666666667
0.81125
0.75625
0.729583333333333
0.772708333333333
0.750416666666667
0.757291666666667
0.755833333333333
0.789166666666667
0.705
0.7225
0.643541666666667
0.684791666666667
0.678541666666667
0.72375
0.635208333333333
0.702291666666667
0.695833333333333
0.742291666666667
0.747916666666667
0.8
0.8075
0.7875
0.83
0.76375
0.776666666666667
0.584583333333333
0.674166666666667
0.690416666666667
0.628541666666667
0.614166666666667
0.55875
0.60125
0.557083333333333
0.512083333333333
0.493125
0.67875
-99
-99
-99
-99
-99
-99
-99
-99
-99
-99
-99
-99
-99
-99
-99
-99
-99
-99
-99
-99
-99
-99
-99
-99
-99
-99
-99
-99
-99
-99
-99
-99
-99
-99
-99
-99
-99
-99
-99
-99
-99
-99
-99
-99
-99
-99
-99
-99
-99
-99
-99
-99
-99
-99
-99
-99
-99
-99
-99
-99
-99
-99
-99
-99
-99
-99
-99
-99
-99
-99
-99
-99
-99
-99
-99
-99
-99
-99
-99
-99
-99
-99
-99
-99
-99
-99
-99
-99
-99
-99
-99
-99
-99
-99
-99
-99
-99
-99
-99
-99
-99
-99
-99
-99
-99
-99
-99
-99
-99
-99
-99
-99
-99
-99
-99
-99
-99
-99
-99
-99
-99
-99
-99
-99
-99
-99
-99
-99
-99
-99
-99
-99
-99
-99
-99
-99
-99
-99
-99
-99
-99
-99
-99
-99
-99
-99
-99
-99
-99
-99
-99
-99
-99
-99
-99
-99
-99
-99
-99
-99
-99
-99
-99
-99
-99
-99
-99
-99
-99
-99
-99
-99
-99
-99
-99
-99
-99
-99
-99
-99
-99
-99
-99
-99
-99
-99
-99
-99
-99
-99
-99
-99
-99
-99
-99
-99
-99
-99
-99
-99
-99
-99
-99
-99
-99
-99
-99
-99
-99
-99
-99
-99
-99
-99
-99
-99
-99
-99
-99
-99
-99
-99
-99
-99
-99
-99
-99
-99
-99
-99
-99
-99
-99
-99
-99
-99
-99
-99
-99
-99
-99
-99
-99
-99
-99
-99
-99
-99
-99
-99
-99
-99
-99
-99
-99
-99
-99
-99
-99
-99
-99
-99
-99
-99
-99
-99
-99
-99
-99
-99
-99
-99
-99
-99
-99
-99
-99
-99
-99
-99
-99
-99
-99
-99
-99
-99
-99
-99
-99
-99
-99
-99
-99
-99
-99
-99
-99
-99
-99
-99
-99
-99
-99
-99
-99
-99
-99
-99
-99
-99
-99
-99
-99
-99
-99
-99
-99
-99
-99
-99
-99
-99
-99
-99
-99
-99
-99
-99
-99
-99
-99
-99
-99
-99
-99
-99
-99
-99
-99
-99
-99
-99
-99
-99
-99
-99
-99
-99
-99
-99
-99
-99
-99
-99
-99
-99
-99
-99
-99
-99
-99
-99
-99
-99
-99
-99
-99
-99
-99
-99
-99
-99
-99
-99
-99
-99
-99
-99
-99
-99
-99
-99
-99
-99
-99
-99
-99
-99
-99
-99
-99
-99
-99
-99
-99
-99
-99
-99
-99
-99
-99
-99
-99
-99
-99
-99
-99
-99
-99
-99
-99
-99
-99
-99
-99
-99
-99
-99
-99
-99
-99
-99
-99
-99
-99
-99
-99
-99
-99
-99
-99
-99
-99
-99
-99
-99
-99
-99
-99
-99
-99
-99
-99
-99
-99
-99
-99
-99
-99
-99
-99
-99
-99
-99
-99
-99
-99
-99
-99
-99
-99
-99
-99
-99
-99
-99
-99
-99
-99
-99
-99
-99
-99
-99
-99
-99
-99
-99
-99
-99
-99
-99
-99
-99
-99
-99
-99
-99
-99
-99
-99
-99
-99
-99
-99
-99
-99
-99
-99
-99
-99
-99
-99
-99
-99
-99
-99
-99
-99
-99
-99
-99
-99
-99
-99
-99
-99
-99
-99
-99
-99
-99
-99
-99
-99
-99
-99
-99
-99
-99
-99
-99
-99
-99
-99
-99
-99
-99
-99
-99
-99
-99
-99
-99
-99
-99
-99
-99
-99
-99
-99
-99
-99
-99
-99
-99
-99
-99
-99
-99
-99
-99
-99
-99
