20000101
-99
-99
-99
-99
-99
-99
-99
-99
-99
-99
-99
-99
-99
-99
-99
-99
-99
-99
-99
-99
-99
-99
-99
-99
-99
-99
-99
-99
-99
-99
-99
-99
-99
-99
-99
-99
-99
-99
-99
-99
-99
-99
-99
-99
-99
-99
-99
-99
-99
-99
-99
-99
-99
-99
-99
-99
-99
-99
-99
-99
-99
-99
-99
-99
-99
-99
-99
-99
-99
-99
-99
-99
-99
-99
-99
-99
-99
-99
-99
-99
-99
-99
-99
-99
-99
-99
-99
-99
-99
-99
-99
-99
-99
-99
-99
-99
-99
-99
-99
-99
-99
-99
-99
-99
-99
-99
-99
-99
-99
-99
-99
-99
-99
-99
-99
-99
-99
-99
-99
-99
-99
-99
-99
-99
-99
-99
-99
-99
-99
-99
-99
-99
-99
-99
-99
-99
-99
-99
-99
-99
-99
-99
-99
-99
-99
-99
-99
-99
-99
-99
-99
-99
-99
-99
-99
-99
-99
-99
-99
-99
-99
-99
-99
-99
-99
-99
-99
-99
-99
-99
-99
-99
-99
-99
-99
-99
-99
-99
-99
-99
-99
-99
-99
-99
-99
-99
-99
-99
-99
-99
-99
-99
-99
-99
-99
-99
-99
-99
-99
-99
-99
-99
-99
-99
-99
-99
-99
-99
-99
-99
-99
-99
-99
-99
-99
-99
-99
-99
-99
-99
-99
-99
-99
-99
-99
-99
-99
-99
-99
-99
-99
-99
-99
-99
-99
-99
-99
-99
-99
-99
-99
-99
-99
-99
-99
-99
-99
-99
-99
-99
-99
-99
-99
-99
-99
-99
-99
-99
-99
-99
-99
-99
-99
-99
-99
-99
-99
-99
-99
-99
-99
-99
-99
-99
-99
-99
-99
-99
-99
-99
-99
-99
-99
-99
-99
-99
-99
-99
-99
-99
-99
-99
-99
-99
-99
-99
-99
-99
-99
-99
-99
-99
-99
-99
-99
-99
-99
-99
-99
-99
-99
-99
-99
-99
-99
-99
-99
-99
-99
-99
-99
-99
-99
-99
-99
-99
-99
-99
-99
-99
-99
-99
-99
-99
-99
-99
-99
-99
-99
-99
-99
-99
-99
-99
-99
-99
-99
-99
-99
-99
-99
-99
-99
-99
-99
-99
-99
-99
-99
-99
-99
-99
-99
-99
-99
-99
-99
-99
-99
-99
-99
-99
-99
-99
-99
-99
-99
-99
-99
-99
-99
-99
-99
-99
-99
-99
-99
-99
-99
-99
-99
-99
-99
-99
-99
-99
-99
-99
-99
-99
-99
-99
-99
-99
-99
-99
-99
-99
-99
-99
-99
-99
-99
-99
-99
-99
-99
-99
-99
-99
-99
-99
-99
-99
-99
-99
-99
-99
-99
-99
-99
-99
-99
-99
-99
-99
-99
-99
-99
-99
-99
-99
-99
-99
-99
-99
-99
-99
-99
-99
-99
-99
-99
-99
-99
-99
-99
-99
-99
-99
-99
-99
-99
-99
-99
-99
-99
-99
-99
-99
-99
-99
-99
-99
-99
-99
-99
-99
-99
-99
-99
-99
-99
-99
-99
-99
-99
-99
-99
-99
-99
-99
-99
-99
-99
-99
-99
-99
-99
-99
-99
-99
-99
-99
-99
-99
-99
0.855
0.8456
0.8498
0.6896
0.6765
0.6913
0.5952
0.5392
0.7071
0.8033
0.7183
0.666
0.6496
0.656
0.6396
0.7121
0.6392
0.6369
0.631
0.8465
0.6554
0.6325
0.6892
0.6694
0.6219
0.6346
0.5779
0.4988
0.4888
0.4806
0.4683
0.4777
0.5135
0.4867
0.4263
0.4648
0.6715
0.5519
0.4556
0.5467
0.5785
0.5633
0.7419
0.7417
0.77
0.6665
0.6338
0.6485
0.8238
0.6915
0.6281
0.6248
0.6429
0.6683
0.7081
0.7708
0.6585
0.6142
0.8369
0.5865
0.5792
0.5894
0.6098
0.7069
0.8006
0.8154
0.6877
0.695
0.6938
0.6569
0.64
0.58
0.5179
0.6567
0.6275
0.6169
0.6463
0.6857
0.6004
0.7154
0.6385
0.5619
0.6452
0.7167
0.7027
0.7256
0.8577
0.7027
0.8044
0.7654
0.6581
0.6373
0.6394
0.6719
0.645
0.645
0.6352
0.6354
0.546
0.6219
0.7663
0.6992
0.5813
0.6085
0.6725
0.7317
0.5917
0.5715
0.5798
0.5963
0.5567
0.5415
0.5996
0.6163
0.64
0.5796
0.6121
0.5713
0.5213
0.5567
0.6463
0.7535
0.7294
0.8504
0.81
0.7794
0.7656
0.7283
0.699
0.8402
0.8488
0.7356
0.7388
0.7696
0.7331
0.694
0.6798
0.664
0.6465
0.7423
0.8327
0.8194
0.77
0.7313
0.8367
0.7883
0.7267
0.7171
0.8075
0.7675
0.7842
0.8204
0.7127
0.7838
0.8173
0.7933
0.7819
0.7681
0.7667
0.8031
0.7217
0.7079
0.6854
0.391
0.6638
0.715
0.6963
0.7652
0.6675
0.6588
0.6525
0.5735
0.5254
0.7038
0.6088
0.6292
0.5549
0.795
0.849
0.891
0.9406
0.7806
0.7225
0.7477
0.6842
0.6331
0.6315
0.7204
0.8098
0.7006
0.6602
0.7135
0.8267
0.8231
0.8771
0.8417
0.8593
0.7581
0.7194
0.6627
0.7867
0.8017
0.7165
0.7085
0.6419
0.5338
0.7038
0.7725
0.7867
0.8065
0.8083
0.8094
0.7913
0.7785
0.7183
0.7048
0.3731
0.6158
0.6156
0.6483
0.7825
0.7308
0.7571
0.6617
0.7773
0.9217
0.979
0.8958
0.9333
0.7719
0.7583
0.8188
0.8375
0.8106
0.7865
0.764
0.8094
0.7533
0.7735
0.5702
0.5948
0.6415
0.7113
0.7088
0.6006
0.6602
0.8696
0.7088
0.6721
0.7135
0.7246
0.6577
0.6583
0.6581
0.734
0.7321
0.5985
0.5963
0.749
0.8042
0.7167
0.4385
0.655
0.7846
0.7417
0.6773
0.6716
0.6502
0.7381
0.6656
0.8892
0.8598
0.6519
0.5185
0.6579
0.6244
0.5102
0.6677
0.6398
0.7346
0.7031
0.6748
0.6358
0.8977
0.9198
0.7465
0.639
0.7592
0.5165
0.6463
0.6442
0.631
0.5131
0.5913
0.7498
0.6117
0.7727
0.7196
0.7396
0.7723
0.7467
0.7317
0.6456
0.5123
0.5165
0.4798
0.246
0.3563
0.3727
0.4965
0.5415
0.7265
0.8127
0.6781
0.6656
0.7121
0.8933
0.6488
0.6956
0.8425
0.8321
0.8727
0.7962
0.8763
0.849
0.7194
0.574
0.6542
0.6529
0.5742
0.534
0.7017
0.7429
0.5998
0.4171
0.5096
0.536
0.5815
0.4056
0.599
0.6096
0.6771
0.6783
0.6633
0.8119
0.8727
0.7002
0.5842
0.6927
0.7765
0.8054
0.7594
0.8381
0.8417
0.7285
0.6921
0.6563
0.6688
0.7708
0.6756
0.611
0.5613
0.5935
0.6065
0.6023
0.7423
0.7085
0.6221
0.6754
0.6931
0.6721
0.6619
0.6994
0.6873
0.7198
0.6777
0.6169
0.6929
0.7879
0.8298
0.6615
0.6625
0.8185
0.5463
0.6325
0.686
0.74
0.8202
0.6606
0.6317
0.6127
0.5979
0.6836
0.6015
0.5819
0.564
0.5569
0.5327
0.6113
0.6742
0.6617
0.5677
0.6431
0.7706
0.7533
0.8048
0.7242
0.6817
0.6729
0.6231
0.7288
0.655
0.6885
0.6607
0.6329
0.6465
0.8098
0.679
0.6344
0.6402
0.685
0.5633
0.6117
0.6004
0.5658
0.5644
0.6
0.6715
0.5454
0.5698
0.6123
0.6538
0.5371
0.6617
0.7977
0.7535
0.7229
0.7315
0.685
0.684
0.7017
0.7048
0.6379
0.8065
0.799
0.6265
0.5735
0.6196
0.6277
0.6465
0.7581
0.7888
0.7946
0.8063
0.7563
0.7767
0.7967
0.8513
0.7819
0.901
0.8269
0.8735
0.8808
0.7273
0.79
0.8338
0.7879
0.6931
0.7608
0.8215
0.8783
0.7611
0.7408
0.7752
0.8148
0.7919
0.7796
0.77
0.8377
0.8452
0.759
0.7227
0.7904
0.8487
0.86
0.789
0.79
0.8685
0.7965
0.6119
0.5508
0.5604
0.605
0.6375
0.6867
0.7688
0.7856
0.7675
0.8809
0.8027
0.7583
0.7083
0.5744
0.6854
0.7542
0.9256
0.8206
0.7156
0.6767
0.7227
0.7638
0.7827
0.7298
0.6877
0.7029
0.7258
0.7304
0.8042
0.7346
0.7517
0.8133
0.8404
0.8633
0.8188
0.831
0.8169
0.835
0.8688
0.8125
0.8017
0.7254
0.6652
0.529
0.6215
0.6969
0.7102
0.6915
0.6688
0.8058
0.8631
0.7828
0.8792
0.9379
0.9013
0.8923
0.8444
0.8644
0.964
0.8579
0.8163
0.954
0.98
0.8488
0.6373
0.7717
0.8479
0.8727
0.7096
0.8496
0.8563
0.6042
0.4496
0.6794
0.6448
0.811
0.8613
0.8548
0.9767
0.9683
0.9867
0.9175
0.9471
0.9406
0.8538
0.879
0.9254
0.9444
0.9275
0.99
0.9308
0.9108
0.871
0.8929
0.9006
0.9221
0.7617
0.8867
0.9602
0.7604
0.8419
0.8413
0.7902
0.7863
0.646
0.8517
0.7919
0.8931
0.9098
0.6671
0.5367
0.6942
0.5635
0.6264
0.8171
0.75
0.7952
0.7954
0.8256
0.8119
0.8523
0.8435
0.6396
0.5456
0.2238
0.5715
0.5333
0.4469
0.6983
0.8796
0.6619
0.5379
0.6038
0.7879
0.899
0.6727
0.5719
0.7
0.7383
0.6967
0.5554
0.7098
0.7193
0.7423
0.7125
0.8181
0.6573
0.6548
0.7448
0.9317
0.9023
0.7804
0.8279
0.7802
0.8083
0.879
0.9
0.8323
0.7679
0.8398
0.7921
0.8342
0.6938
0.7173
0.6515
0.6154
0.6652
0.5544
0.5869
0.6755
0.6102
0.7044
0.7685
0.756
0.6904
0.5921
0.7506
0.6031
0.4938
0.5306
0.6229
0.5427
0.6658
0.6648
0.6502
0.746
0.8713
0.8398
0.8515
0.7475
0.7519
0.7671
0.6771
0.5038
0.4994
0.392
0.4725
0.7258
0.7383
0.745
0.7748
0.7533
0.7392
0.6633
0.5631
0.5902
0.7
0.7454
0.7796
0.8385
0.7581
0.7525
0.6658
0.6592
0.6313
0.7681
0.6475
0.6081
0.6038
0.64
0.6885
0.6642
0.6442
0.6329
0.5875
0.7
0.7931
0.7902
0.7277
0.831
0.8448
0.7888
0.7119
0.7033
0.6571
0.8048
0.7846
0.7285
0.6931
0.5498
0.6333
0.536
0.5454
0.7871
0.6996
0.5942
0.6792
0.6967
0.7298
0.7683
0.774
0.8608
0.8644
0.821
0.7231
0.9075
0.7619
0.7363
0.8823
0.7667
0.6888
0.7035
0.7955
0.6377
0.621
0.6983
0.8504
0.836
0.6875
0.5702
0.5488
0.5623
0.4883
0.4977
0.5119
0.5529
0.6165
0.8088
0.7567
0.7019
0.621
0.4871
0.5933
0.5713
0.5963
0.6692
0.8215
0.7098
0.7948
0.8785
0.6908
0.6494
0.6594
0.7367
0.6319
0.56
0.5679
0.6064
0.576
0.4958
0.5894
0.5546
0.5798
0.6688
0.6881
0.6285
0.5733
0.6375
0.6208
0.5727
0.6394
0.605
0.4167
0.484
0.5558
0.52
0.5077
0.4649
0.5902
0.5142
0.5635
0.6279
0.5335
0.5475
0.5177
0.5358
0.5372
0.5898
0.8148
0.6327
0.611
0.6654
0.7923
0.7779
0.6642
0.6777
0.661
0.7248
0.6688
0.629
0.4649
0.6052
0.7213
0.7492
0.8742
0.7165
0.7169
0.7642
0.7288
0.886
0.796
0.7206
0.471
0.6077
0.5713
0.5679
0.5942
0.6525
0.5938
0.5967
0.6325
0.6546
0.6994
0.7369
0.7846
0.7483
0.6683
0.6748
0.6998
0.8981
0.8081
0.7038
0.9023
0.7348
0.7583
0.756
0.796
0.6085
0.6402
0.6627
0.7205
0.7092
0.6442
0.721
0.7858
0.8581
0.9031
0.8475
0.6867
0.8285
0.8242
0.9221
0.8231
0.7517
0.7544
0.8152
0.6979
0.5973
0.9213
0.9394
0.9194
0.7427
0.7823
0.8748
0.7802
0.7319
0.7363
0.7825
0.8198
0.7502
0.6915
0.8404
0.9717
0.9594
0.9013
0.8881
0.819
0.8735
0.9254
0.9531
0.707
0.8081
0.7931
0.7995
0.9362
0.7843
0.8656
0.8802
0.8617
0.8731
0.8083
0.7221
0.8881
0.883
0.9604
0.8935
0.9844
0.9156
0.8683
0.9321
0.9594
0.8717
1
0.8788
0.8298
0.8325
0.91
0.7875
0.4671
0.6073
0.794
0.8769
0.9153
1
0.8472
0.6764
0.4129
0.6831
0.7615
0.7696
0.7608
0.6973
0.6033
0.7067
0.6156
0.609
0.8029
0.5319
0.4938
0.6763
0.6904
0.7051
0.7317
0.7754
0.8279
0.8748
0.9252
0.9006
0.9175
0.6415
0.7973
0.8367
0.6546
0.3656
0.5717
0.6471
0.6529
0.8027
0.831
0.7588
0.8633
0.8419
0.4865
0.6438
0.705
0.8254
0.8242
0.7423
0.7457
0.6981
0.661
0.6523
0.7673
0.7623
0.5298
0.5006
0.4844
0.4083
0.6044
0.7246
0.6258
0.8006
0.6902
0.6996
0.666
0.8969
0.9513
0.8179
0.7925
0.7625
0.9537
0.7521
0.7702
0.5981
0.5738
0.5206
0.4742
0.5042
0.5819
0.7142
0.6383
0.5658
0.6012
0.6308
0.6979
0.6442
0.7296
0.8715
0.8158
0.7196
0.5996
0.5006
0.6215
0.7267
0.7452
0.7008
0.4794
0.7523
0.5865
0.486
0.5544
0.8446
0.8067
0.7581
0.9194
0.9033
0.7817
0.8728
0.7008
0.7379
0.7356
0.7213
0.6945
0.8767
0.6373
0.5792
0.5617
0.6381
0.5756
0.9135
0.7553
0.7971
0.7592
0.7815
0.6767
0.6158
0.6933
0.873
0.6552
0.5932
0.5625
0.6563
0.6952
0.8974
0.9194
0.892
0.8435
0.8804
0.7977
0.6563
0.8503
0.7048
0.6752
0.6367
0.7142
0.8565
0.8013
0.7421
0.5763
0.6769
0.7304
0.6298
0.7015
0.7681
0.8127
0.7377
0.7869
0.8956
0.7527
0.6604
0.7206
0.7646
0.8065
0.6369
0.6513
0.9071
0.8225
0.7429
0.5502
0.5198
0.5367
0.5796
0.6163
0.6981
0.7408
0.8188
0.9173
0.899
0.8706
0.5442
0.545
0.8333
0.6673
0.5238
0.6085
0.8677
0.726
0.7281
0.6871
0.7115
0.7446
0.7558
0.6779
0.6671
0.6613
0.8115
0.6631
0.6648
0.6494
0.6458
0.6379
0.5883
0.719
0.6208
0.5583
0.6069
0.7102
0.7269
0.574
0.6514
0.6167
0.6302
0.8021
0.7454
0.6746
0.656
0.6542
0.6277
0.5502
0.5381
0.5567
0.4653
0.4269
0.5431
0.6165
0.8038
0.769
0.6527
0.7729
0.7327
0.6996
0.8777
0.7546
0.6963
0.6748
0.6679
0.7935
0.7477
0.6442
0.7203
0.6625
0.6804
0.6875
0.6706
0.6867
0.6421
0.6277
0.5773
0.6029
0.6223
0.6925
0.6767
0.5648
0.6294
0.664
0.6721
0.805
0.8175
0.8077
0.8092
0.7921
0.8206
0.6538
0.6948
0.6906
0.7654
0.7398
0.7733
0.6965
0.7115
0.7825
0.7098
0.7658
0.8104
0.6863
0.5829
0.606
0.6985
0.7496
0.6479
0.5235
0.5315
0.6571
0.4879
0.4056
0.4827
0.6129
0.6904
0.7121
0.6706
0.6677
0.6433
0.5981
0.6712
0.7663
0.7542
0.716
0.6552
0.5679
0.7158
0.754
0.6696
0.7144
0.7721
0.9198
0.7117
0.736
0.75
0.7821
0.7996
0.7954
0.6546
0.5944
0.6967
0.6904
0.8746
0.7838
0.8652
0.8146
0.91
0.9127
0.8246
0.8367
0.7933
0.7692
0.5898
0.3975
0.5148
0.7215
0.7131
0.7148
0.6819
0.3881
0.4088
0.3983
0.4175
0.6298
0.7015
0.726
0.6383
0.705
0.7404
0.686
0.5696
0.63
0.7067
0.711
0.7446
0.7269
0.7531
0.826
0.7771
0.8783
0.8435
0.8033
0.7977
0.8973
0.896
0.7852
0.8485
0.74
0.8283
0.8815
0.8975
0.9117
0.89
0.6819
0.4752
0.8156
0.6419
0.5629
0.5673
0.6206
0.6917
0.7298
0.4577
0.3583
0.5535
0.6104
0.5021
0.5213
0.6944
0.7017
0.5458
0.6135
0.61
0.6571
0.6873
0.64
0.569
0.5465
0.5444
0.5117
0.5888
0.5119
0.4558
0.501
0.5867
0.7044
0.9348
0.6388
0.6894
0.6431
0.6935
0.5217
0.5617
0.5271
0.4833
0.5988
0.6406
0.4385
0.5615
0.5906
0.4223
0.5042
0.6535
0.7308
0.78
0.9498
0.8683
0.9521
0.75
0.6942
0.7215
0.6483
0.6823
0.6513
0.5638
0.5644
0.5263
0.5485
0.4946
0.4671
0.7185
0.6106
0.6658
0.6117
0.706
0.6563
0.4744
0.5665
0.6123
0.7825
0.6229
0.5279
0.55
0.4229
0.4696
0.4781
0.4792
0.6904
0.5369
0.5315
0.5858
0.6465
0.6731
0.6298
0.5763
0.4935
0.4631
0.6471
0.7794
0.9225
0.7683
0.6633
0.7119
0.7948
0.7544
0.8352
0.679
0.5115
0.6167
0.8181
0.8173
0.8648
0.781
0.7048
0.6385
0.7992
0.5748
0.6254
0.5219
0.5056
0.6269
0.7173
0.849
0.7419
0.5073
0.6481
0.6727
0.6465
0.689
0.7571
0.659
0.6365
0.5954
0.5833
0.5619
0.5502
0.5088
0.4423
0.4067
0.5548
0.5629
0.5942
0.5527
0.3846
0.4731
0.6288
0.685
0.784
0.7265
0.811
0.7529
0.7131
0.5958
0.7754
0.844
0.5558
0.5967
0.6071
0.581
0.656
0.5808
0.5915
0.5483
0.4944
0.4794
0.5556
0.5725
0.69
0.586
0.4965
0.5398
0.6756
0.644
0.5596
0.6225
0.48
0.5273
0.4563
0.5481
0.7592
0.8056
0.8194
0.811
0.6444
0.6285
0.5994
0.5525
0.6398
0.8144
0.8529
0.6708
0.7888
0.671
0.5983
0.5621
0.5729
0.7867
0.6794
0.6243
0.6333
0.6
0.6135
0.6996
0.5927
0.631
0.5783
0.731
0.8496
0.6615
0.5542
0.5283
0.5452
0.5633
0.5294
0.4675
0.4113
0.4431
0.5856
0.5288
0.5079
0.6844
0.7333
0.6269
0.6427
0.6327
0.571
0.5029
0.5596
0.5954
0.6169
0.881
0.6448
0.5406
0.4815
0.4629
0.5117
0.5227
0.6113
0.6381
0.7083
0.7367
0.6096
0.6417
0.6042
0.5754
0.604
0.6788
0.7829
0.7631
0.7379
0.664
0.501
0.6204
0.6463
0.5735
0.6892
0.875
0.679
0.6746
0.649
0.656
0.6775
0.6494
0.6044
0.5602
0.66
0.8519
0.8506
0.8144
0.7431
0.776
0.7175
0.8002
0.7846
0.7242
0.6738
0.6896
0.5965
0.4077
0.6151
0.5771
0.5794
0.6383
0.656
0.7735
0.8592
0.7558
0.8054
0.7635
0.7146
0.6325
0.7477
0.5135
0.484
0.6715
0.7804
0.7323
0.7358
0.719
0.6844
0.8135
0.8127
0.8523
0.9279
0.89
0.9019
0.8708
0.7871
0.9852
0.8548
0.845
0.8013
0.7944
0.8677
0.8479
0.8592
0.8254
0.8317
0.8673
0.8215
0.8152
0.821
0.8367
0.8433
0.7827
0.834
0.644
0.7071
0.7167
0.7531
0.7698
0.6681
0.8007
0.9681
0.9271
0.8846
0.9394
0.8925
0.7792
0.8458
0.8467
0.8633
0.8481
0.7285
0.5496
0.4308
0.7931
0.8102
0.7675
0.7556
0.7294
0.6415
0.7567
0.9431
0.8444
0.8919
0.8952
0.8558
0.7592
0.751
0.5242
0.5252
0.5731
0.715
0.7075
0.5415
0.5754
0.5729
0.6198
0.5073
0.6683
0.711
0.5506
0.545
0.544
0.5688
0.586
0.67
0.6046
0.4715
0.4842
0.606
0.8419
0.7521
0.8285
0.5246
0.5058
0.7058
0.8533
0.9758
0.9156
0.9008
0.8875
0.8021
0.7781
0.8294
0.8008
0.8438
0.8663
0.8294
0.8425
0.6346
0.8352
0.8029
0.6217
0.5877
0.7465
0.8668
0.7671
0.8779
0.9863
0.9756
0.8494
0.7765
0.8915
0.7823
0.789
0.7263
0.5794
0.4977
0.6142
0.6325
0.6931
0.6788
0.7054
0.6969
0.7304
0.7598
0.8769
0.8052
0.635
0.5973
0.741
0.7127
0.7963
0.76
0.6829
0.6017
0.5992
0.784
0.411
0.495
0.6465
0.6325
0.65
0.7213
0.5535
0.4469
0.5379
0.726
0.7267
0.7225
0.6729
0.6021
0.455
0.5138
0.6021
0.7275
0.7254
0.8317
0.8813
0.8306
0.7657
0.871
0.8258
0.6719
0.7265
0.7629
-99
-99
-99
-99
-99
-99
0.6829
0.6702
0.69
0.721
0.8096
0.8365
0.7775
0.7617
0.7015
0.4056
0.5277
0.5527
0.575
0.5883
0.684
0.754
0.5692
0.7019
0.85
0.7596
0.7006
0.7221
0.645
0.6273
0.524
0.5829
0.4973
0.48
0.5919
0.629
0.6794
0.6427
0.6394
0.6894
0.684
0.7981
0.6533
0.5706
0.6813
0.6856
0.7096
0.8154
0.6692
0.6185
0.5819
0.5494
0.5146
0.4927
0.5729
0.5583
0.5123
0.6892
0.5813
0.5652
0.5558
0.5156
0.62
0.6002
0.4223
0.3906
0.3467
0.3631
0.3567
0.4169
0.4817
0.5065
0.5481
0.5608
0.6538
0.6108
0.6023
0.5685
0.502
0.4581
0.5094
0.6467
0.7321
0.634
0.5529
0.5469
0.565
0.6231
0.5996
0.5413
0.6271
0.615
0.5535
0.6885
0.6967
0.7513
0.83
0.5906
0.5685
0.5617
0.5873
0.7258
0.6115
0.6098
0.6696
0.5408
0.5046
0.5735
0.6885
0.7994
0.7971
0.74
0.7402
0.6829
0.7698
0.6355
0.5106
0.531
0.6221
0.6617
0.6594
0.5025
0.4852
0.6454
0.6319
0.5331
0.5692
0.5942
0.5981
0.5702
0.4363
0.4096
0.4371
0.4442
0.4858
0.4165
0.4679
0.5317
0.5427
0.4758
0.5813
0.8933
0.7163
0.7148
0.6408
0.6463
0.6308
0.6319
0.6071
0.651
0.8054
0.8217
0.6394
0.5446
0.6302
0.5565
0.5377
0.5315
0.629
0.6665
0.5981
0.6113
0.6529
0.7877
0.7929
0.826
0.77
0.6865
0.695
0.7404
0.8692
0.8831
0.6138
0.795
0.5942
0.636
0.6588
0.6931
0.7073
0.694
0.9315
0.8748
0.6896
0.5625
0.6529
0.7473
0.741
0.7744
0.7196
0.745
0.5856
0.7208
0.7117
0.7144
0.7596
0.7727
0.7933
0.7688
0.8321
0.7271
0.721
0.7702
0.771
0.8169
0.8617
0.9102
0.8321
0.8704
0.8469
0.8127
0.801
0.7088
0.7635
0.6958
0.7438
0.7146
0.724
0.6919
0.8144
0.7394
0.5842
0.6144
0.7794
0.7115
0.6892
0.7423
0.8067
0.7746
0.7617
0.7704
0.7327
0.3842
0.6421
0.7708
0.9281
0.8508
0.8679
0.8752
0.8296
0.9127
0.7217
0.8171
0.8035
0.5967
0.7908
0.7683
0.7975
0.7144
0.8052
0.7865
0.8935
0.8567
0.8963
0.8958
0.6325
0.7142
0.8825
0.8079
0.7663
0.7752
0.6871
0.5996
0.5888
0.8486
0.8638
0.8925
0.575
0.686
0.781
0.6771
0.7502
0.4331
0.3725
0.529
0.6081
0.6858
0.7142
0.6654
0.709
0.7954
0.8606
0.5173
0.5775
0.6854
0.576
0.6513
0.795
0.8385
0.8463
0.781
0.7658
0.6954
0.729
0.7571
0.7879
0.9006
0.8194
0.8388
0.6613
0.6694
0.8198
0.9015
0.6569
0.4044
0.6875
0.5563
0.356
0.5602
0.5477
0.4929
0.7879
0.5263
0.6394
0.6738
0.7325
0.8177
0.9288
0.7906
0.9365
0.7442
0.7321
0.721
0.7588
0.6167
0.669
0.301
0.4627
0.7994
0.8527
0.7702
0.795
0.8029
0.7923
0.8008
0.7954
0.7927
0.5604
0.4988
0.7625
0.7417
0.7315
0.7702
0.6673
0.6613
0.6935
0.7221
0.484
0.4542
0.3952
0.3863
0.5688
0.6063
0.5835
0.6675
0.8642
0.5919
0.601
0.6431
0.8588
0.5079
0.4796
0.6496
0.7219
0.671
0.7356
0.7275
0.6565
0.5269
0.7554
0.8831
0.8642
0.7596
0.831
0.6883
0.6998
0.6977
0.7148
0.706
0.7427
0.7773
0.7833
0.9038
0.95
0.7769
0.7431
0.6819
0.6863
0.7504
0.6809
0.7179
0.7742
0.6529
0.5794
0.6004
0.6185
0.6698
0.7354
0.7767
0.7048
0.7117
0.9652
0.8425
0.7694
0.7327
0.574
0.5725
0.6203
0.5548
0.5279
0.5796
0.5248
0.6113
0.5579
0.6677
0.5802
0.6419
0.5479
0.4563
0.8431
0.6435
0.614
0.6533
0.7269
0.6575
0.6502
0.8975
0.7446
0.6146
0.5613
0.6333
0.7413
0.5881
0.4706
0.564
0.8317
0.9019
0.8485
0.8388
0.7496
0.851
0.6954
0.6513
0.6435
0.6658
0.6742
0.5979
0.6629
0.6729
0.8177
0.6294
0.5523
0.5515
0.579
0.5727
0.5454
0.4694
0.5125
0.5735
0.6071
0.5969
0.5423
0.6225
0.5998
0.5521
0.5373
0.4
0.5427
0.5354
0.5652
0.6385
0.515
0.67
0.4593
0.5933
0.59
0.4696
0.4438
0.5996
0.6978
0.6084
-99
-99
-99
-99
-99
-99
-99
0.4434
0.6148
0.5402
0.4452
0.5404
0.5235
0.5342
0.5581
0.5379
0.6656
0.8069
0.9098
0.6319
0.5433
0.6115
0.63
0.7846
0.7346
0.6448
0.5919
0.6744
0.6598
0.6338
0.8277
0.6165
0.6319
0.7877
0.8171
0.7971
0.7352
0.6527
0.5923
0.5521
0.5727
0.6338
0.4775
0.5756
0.5544
0.7077
0.626
0.4644
0.5015
0.5629
0.6388
0.5648
0.4996
0.5648
0.6904
0.6815
0.6727
0.7106
0.7158
0.8031
0.7721
0.7117
0.6785
0.7671
0.8229
0.8733
0.8198
0.7081
0.5298
0.5773
0.5467
0.7146
0.7617
0.7308
0.685
0.8121
0.8296
0.8981
0.7935
0.7752
0.8313
0.7002
0.814
0.7508
0.7808
0.7679
0.7706
0.7715
0.7535
0.7417
0.7179
0.5598
0.44
0.4763
0.5735
0.5169
0.6567
0.8238
0.7665
0.6983
0.7271
0.7281
0.5321
0.5471
0.5721
0.5633
0.6479
0.6927
0.6373
0.5142
0.5125
0.5385
0.4246
0.4533
0.424
0.4617
0.6279
0.5696
0.4896
0.3119
0.356
0.3396
0.4342
0.7498
0.9406
0.9452
0.825
0.655
0.5696
0.4873
0.4771
0.7385
0.7113
0.7573
0.7504
0.829
0.774
0.8515
0.8098
0.7398
0.8456
0.5573
0.7417
0.7858
0.4958
0.4565
0.629
0.5992
0.5365
0.6231
0.6794
0.6981
0.7785
0.7896
0.7817
0.851
0.806
0.7917
0.7904
0.6235
0.5556
0.5569
0.6004
0.521
0.2369
0.4511
0.6617
1
0.8855
0.9357
0.9233
0.8845
0.9218
0.9209
0.8697
0.8481
0.7155
0.7857
0.8998
0.8385
0.8449
0.8445
0.7789
0.8549
0.7445
0.6598
0.6238
0.5734
0.7289
0.6223
0.6751
0.6411
0.5394
0.5574
0.5932
0.6655
0.7891
0.6176
0.804
0.7304
0.7762
0.7464
0.6864
0.6987
0.7485
0.7157
0.7451
0.6504
0.753
0.7572
0.7126
0.6789
0.7328
0.8068
0.8502
0.844
0.7591
0.7362
0.7438
0.7096
0.8832
0.8138
0.754
0.8179
0.8023
0.8074
0.5468
0.6281
0.674
0.7621
0.4834
0.4645
0.5411
0.8406
0.8785
0.7489
0.6687
0.6606
0.6213
0.607
0.5828
0.6206
0.7974
0.7438
0.3911
0.5357
0.5017
0.4517
0.7998
0.6438
0.7923
0.907
0.6738
0.6109
0.7564
0.6374
0.3528
0.4174
0.4928
0.407
0.4753
0.4255
0.6715
0.7547
0.8413
0.8085
0.7691
0.6164
0.6783
0.6317
0.5728
0.6511
0.8496
0.8753
0.7262
0.9806
0.7889
0.6283
0.7523
0.6253
0.5657
0.5428
0.6706
0.7032
0.5506
0.6553
0.6338
0.5817
0.5296
0.6889
0.804
0.8302
0.8436
0.6879
0.8723
0.824
0.7536
0.7789
0.8113
0.9047
0.8149
0.9043
0.9315
0.8302
0.717
0.6098
0.6868
0.9289
0.91
0.8517
0.97
0.8085
0.963
0.8406
0.72
0.7443
0.7832
0.8511
0.8774
0.6734
0.7436
0.7726
0.6585
0.5847
0.5964
0.8515
0.8113
0.7547
0.6372
0.7877
0.7538
0.7498
0.8679
0.8064
0.7006
0.6948
0.6955
0.654
0.5838
0.6034
0.544
0.6687
0.747
0.6806
0.5657
0.6828
0.8677
0.7636
0.6919
0.6996
0.6079
0.587
0.6215
0.6074
0.6345
0.6179
0.5983
0.623
0.8581
0.7864
0.6577
0.5968
0.7011
0.7523
0.6887
0.6266
0.6585
0.6594
0.4877
0.5847
0.6079
0.6832
0.6462
0.7168
0.6638
0.6962
0.567
0.4998
0.7017
0.6705
0.6155
0.6504
0.5609
0.4543
0.5089
0.6036
0.6094
0.5726
0.6523
0.5789
0.54
0.7677
0.5902
0.6711
0.6566
0.643
0.6557
0.6294
0.6432
0.7164
0.9232
0.6409
0.7036
0.7913
0.847
0.7538
0.6711
0.6423
0.8004
0.7574
0.6719
0.7023
0.656
0.6077
0.9051
0.7132
0.7079
0.7357
0.7334
0.9338
0.7747
0.6968
0.6194
0.5706
0.644
0.7647
0.8164
0.7521
0.7117
0.7113
0.7
0.6966
0.7464
0.6226
0.7006
0.657
0.7115
0.7038
0.7281
0.7681
0.716
0.4736
0.4745
0.6202
0.6202
0.607
0.6421
0.6026
0.7006
0.7026
0.8351
0.8207
0.847
0.8049
0.8296
0.784
0.9655
0.8605
0.8272
0.8828
0.6921
0.6638
0.8113
0.724
0.71
0.7202
0.9004
0.784
0.8681
0.993
0.9289
0.8875
0.8449
0.8696
0.807
0.8589
0.8587
0.8443
0.8172
0.8326
0.9081
0.9302
0.5975
0.4117
0.5502
0.605
0.4388
0.7973
0.7785
0.7352
0.7252
0.5985
0.6617
0.7746
0.5448
0.6045
0.7904
0.7767
0.8923
0.7296
0.8835
0.731
0.6906
0.8485
0.791
0.8273
0.8517
0.8942
0.8263
0.4735
0.4871
0.596
0.8442
0.989
0.7527
0.6296
0.4615
0.4665
0.5673
0.8794
0.5838
0.584
0.6263
0.6965
0.6225
0.8346
0.8375
0.8277
0.9792
0.986
0.9567
0.8902
0.9252
0.8004
0.6485
0.6248
0.8654
0.7225
0.7517
0.8833
0.9723
0.9188
0.8202
0.761
0.6031
0.6733
0.7617
0.7975
0.7869
0.9325
0.8669
0.7575
0.8285
0.974
0.6823
0.7269
0.7773
0.6031
0.5404
0.7023
0.7538
0.8763
0.9656
0.9883
0.8733
0.7338
0.9327
0.9846
0.6898
0.4767
0.7204
0.676
0.9531
0.661
0.5488
0.5429
0.5469
0.5415
0.5298
0.5171
0.5331
0.6325
0.5435
0.5352
0.5075
0.5858
0.6488
0.6421
0.5433
0.5829
0.8913
0.8888
0.8467
0.8019
0.6027
0.5
0.3575
0.5008
0.6367
0.5692
0.5413
0.5531
0.5652
0.596
0.536
0.5079
0.6371
0.6396
0.5344
0.3367
0.4123
0.4146
0.4385
0.53
0.4281
0.4923
0.5729
0.864
0.6185
0.5965
0.7281
0.6508
0.7867
0.7748
0.7115
0.7119
0.7269
0.9248
0.7731
0.7306
0.8233
0.7846
0.7548
0.7577
0.7113
0.8338
0.8304
0.9088
0.7817
0.6948
0.6952
0.6694
0.5667
0.4754
0.545
0.714
0.8971
0.6435
0.6973
0.6519
0.786
0.6325
0.5548
0.5898
0.5744
0.5873
0.5931
0.7631
0.7254
0.64
0.8158
0.6727
0.664
0.8325
0.8767
0.6394
0.6727
0.7015
0.6813
0.6956
0.6463
0.6317
0.6323
0.6315
0.7073
0.5935
0.6635
0.4238
0.4746
0.6244
0.791
0.8952
0.6671
0.5875
0.675
0.6927
0.8769
0.7638
0.7167
0.8131
0.7498
0.6575
0.7102
0.6896
0.6827
0.6623
0.6527
0.8052
0.6819
0.6519
0.7431
0.5725
0.4544
0.5085
0.4383
0.6292
0.8252
0.729
0.6258
0.586
0.7442
0.8567
0.8517
0.7529
0.7038
0.834
0.8081
0.8081
0.7606
0.6508
0.719
0.7085
0.6842
0.6365
0.5969
0.6354
0.6513
0.6433
0.5675
0.509
0.6563
0.6115
0.5867
0.4988
0.3231
0.5548
0.5744
0.5779
0.6098
0.6169
0.5533
0.5685
0.5915
0.6438
0.6265
0.711
0.6463
0.6052
0.5915
0.7602
0.8794
0.875
0.7773
0.6819
0.7269
0.5713
0.5888
0.7498
0.7327
0.7348
0.7019
0.5833
0.5948
0.6642
0.759
0.6769
0.6494
0.744
0.7923
0.7377
0.7371
0.6583
0.659
0.6842
0.7388
0.8329
0.7183
0.6819
0.621
0.5713
0.6481
0.6608
0.604
0.5769
0.5765
0.8383
0.8475
0.7048
0.6919
0.6973
0.7598
0.8217
0.805
0.7579
0.7306
0.794
0.7265
0.6498
0.6719
0.8294
0.8354
0.7685
0.7138
0.8367
0.81
0.6544
0.701
0.7038
0.6613
0.6567
0.6323
0.75
0.7733
0.7052
0.6019
0.5973
0.3204
0.4835
0.4094
0.3846
0.3542
0.4304
0.5802
0.8915
0.9175
0.7981
0.6569
0.7804
0.8606
0.7371
0.706
0.731
0.7571
0.7467
0.7479
0.8038
0.7283
0.6969
0.9858
0.9177
0.7806
0.7542
0.9694
0.6144
0.675
0.9371
0.9356
0.8765
0.7717
0.7733
0.7279
0.7502
0.7835
0.7577
0.7573
0.7679
0.8127
0.8254
0.804
0.685
0.7419
0.8498
0.7729
0.825
0.9088
0.731
0.8827
0.7952
0.7908
0.8792
0.9458
0.919
0.879
0.86
0.8521
0.7358
0.5685
0.6796
0.6988
0.5508
0.7538
0.6644
0.5692
0.4867
0.5494
0.9002
0.9602
0.8983
0.9788
0.8056
0.999
0.8623
0.8321
0.9463
0.8319
0.8704
0.7979
0.7888
0.8913
0.9413
0.9733
0.8079
0.9079
0.5579
0.5427
0.6365
0.7142
0.8298
0.7881
0.9215
0.5279
0.7667
0.8306
0.7558
0.9102
0.9183
0.7181
0.7073
0.8046
0.8777
0.7721
0.6196
0.65
0.7058
0.634
0.7694
0.7615
0.5879
0.6746
0.6665
0.8285
0.7827
0.7319
0.5529
0.8042
0.7869
0.4904
0.5438
0.4875
0.6898
0.7292
0.6844
0.9229
0.9298
0.8015
0.5921
0.6138
0.8638
0.8977
0.7752
0.6725
0.784
0.5738
0.8731
0.6919
0.7463
0.6833
0.9908
0.7715
0.5721
0.4265
0.7085
0.9008
0.6217
0.5694
0.7142
0.6808
0.5565
0.4652
0.4658
0.5369
0.5823
0.5929
0.689
0.6719
0.7633
0.8194
0.7442
0.7381
0.7748
0.6027
0.5569
0.5981
0.6446
0.625
0.6323
0.6325
0.565
0.694
0.6385
0.599
0.5735
0.6729
0.5542
0.5952
0.5846
0.5906
0.8123
0.7473
0.805
0.7902
0.7152
0.6683
0.704
0.7725
0.6783
0.6688
0.7313
0.7848
0.7985
0.7096
0.6896
0.5565
0.6292
0.6433
0.7246
0.8058
0.8248
0.8435
0.7138
0.6275
0.6571
0.6929
0.6831
0.8621
0.7946
0.7394
0.8592
0.8842
0.6829
0.6304
0.5373
0.5638
0.5204
0.5267
0.521
0.5944
0.6563
0.7485
0.6758
0.6494
0.6235
0.6971
0.849
0.656
0.6777
0.636
0.6246
0.529
0.5727
0.6348
0.6463
0.8694
0.725
0.6785
0.8973
0.844
0.8729
0.8052
0.8452
0.8869
0.8471
0.7944
0.774
0.8313
0.734
0.5154
0.5225
0.576
0.6185
0.6863
0.7754
0.8521
0.8754
0.8229
0.8542
0.7852
0.7573
0.7506
0.7765
0.8265
0.626
0.6231
0.6598
0.7079
0.7079
0.7904
0.8492
0.6919
0.631
0.6748
0.6615
0.6685
0.7225
0.6413
0.7588
0.7525
0.6779
0.7881
0.7435
0.6319
0.6158
0.6129
0.6654
0.7725
0.7094
0.6163
0.7073
0.7352
0.7971
0.6848
0.6817
0.5727
0.5648
0.6025
0.6838
0.7579
0.6715
0.6796
0.8723
0.7317
0.809
0.7444
0.675
0.6869
0.7527
0.8369
0.7658
0.6469
0.64
0.6246
0.6977
0.6646
0.5925
0.5904
0.5963
0.5948
0.5752
0.4817
0.6521
0.7917
0.7015
0.6667
0.6563
0.6813
0.6804
0.6244
0.6144
0.6148
0.6548
0.759
0.5994
0.5769
0.6554
0.7856
0.8744
0.8425
0.6813
0.7702
0.9323
0.7713
0.7842
0.6975
0.6802
0.6642
0.7402
0.7438
0.6842
0.7227
0.7615
0.7148
0.7181
0.751
0.7471
0.7344
0.7479
0.784
0.7683
0.9438
0.9104
0.7965
0.7813
0.6594
0.631
0.6406
0.5925
0.3871
0.4998
0.699
0.7704
0.7431
0.7867
0.794
0.6008
0.2288
0.5031
0.7029
0.696
0.8304
0.901
0.7719
0.5127
0.7275
0.7419
0.8279
0.8058
0.821
0.8275
0.7346
0.7719
0.6825
0.776
0.8902
0.694
0.8748
0.6623
0.879
0.8029
0.8669
0.9492
0.9473
0.795
0.7042
0.6977
0.7708
0.6692
0.7094
0.686
0.7246
0.96
0.8506
0.8123
0.8075
0.7875
0.8185
0.8702
0.7767
0.8131
0.8056
0.5463
0.7044
0.6421
0.5573
0.4969
0.3513
0.5163
0.7052
0.7108
0.799
0.794
0.9558
0.9931
0.9492
0.5567
0.4133
0.18
0.5158
0.6594
0.746
0.8585
0.8804
0.8367
0.6717
0.695
0.723
0.7328
0.8963
0.764
0.7675
0.8835
0.9044
0.7663
0.4119
0.7796
0.726
0.7269
0.7208
0.7431
0.7633
0.7846
0.4967
0.4681
0.5217
0.6227
0.5698
0.59
0.6371
0.7713
0.8748
0.9835
0.8608
0.7775
0.6615
0.4173
0.4533
0.6067
0.5679
0.5494
0.6152
0.6379
0.6669
0.6606
0.6656
0.7065
0.7408
0.8346
0.7804
0.7383
0.7938
0.54
0.6375
0.6433
0.7221
0.7027
0.5292
0.6602
0.5942
0.5396
0.5556
0.546
0.5098
0.5769
0.8342
0.735
0.6921
0.6535
0.6773
0.7288
0.7248
0.7225
0.6794
0.926
0.7935
0.8602
0.9215
0.8552
0.6917
0.504
0.5369
0.5894
0.6494
0.7198
0.5902
0.5804
0.7208
0.7348
0.7394
0.6585
0.7713
0.6675
0.7067
0.6844
0.6615
0.6127
0.6796
0.6583
0.6394
0.596
0.5735
0.5304
0.5917
0.6325
0.5356
0.565
0.6229
0.5742
0.6304
0.6598
0.646
0.6573
0.7273
0.651
0.7442
0.8583
0.7363
0.6602
0.5185
0.5323
0.8119
0.734
0.7663
0.7381
0.7771
0.6715
0.6273
0.6931
0.6773
0.7448
0.7302
0.6756
0.6956
0.7708
0.8571
0.83
0.7525
0.4985
0.6242
0.7246
0.8104
0.7119
0.6488
0.6652
0.626
0.5731
0.5694
0.5783
0.7352
0.7565
0.6602
0.6638
0.8263
0.6613
0.4775
0.639
0.7144
0.8858
0.8048
0.8217
0.87
0.6994
0.696
0.8429
0.7563
0.7225
0.8329
0.7302
0.7627
0.7448
0.7142
0.641
0.6129
0.6304
0.7413
0.6979
0.7488
0.6583
0.6021
0.6227
0.5694
0.6188
0.6246
0.6075
0.5852
0.5681
0.6619
0.8298
0.616
0.6271
0.6013
0.5338
0.5873
0.6419
0.5869
0.6523
0.6188
0.6844
0.6263
0.6004
0.7077
0.5685
0.5644
0.6071
0.6308
0.6673
0.5717
0.5692
0.8156
0.8835
0.7333
0.6856
0.6975
0.6058
0.6065
0.6642
0.6021
0.7125
0.6969
0.7552
0.6733
0.6967
0.6071
0.5738
0.5288
0.5892
0.5963
0.6717
0.7569
0.7338
0.6942
0.614
0.5871
0.5335
0.486
0.4571
0.4385
0.515
0.6315
0.6581
0.6063
0.5856
0.5431
0.6185
0.6465
0.6965
0.6271
0.5963
0.6888
0.8319
0.7269
0.6056
0.5719
0.6069
0.5917
0.5748
0.6363
0.6402
0.5731
0.6908
0.7575
0.8369
0.7175
0.816
0.6406
0.6381
0.6785
0.7821
0.6994
0.8365
0.7419
0.6765
0.6829
0.6248
0.6956
0.6246
0.6085
0.5552
0.5333
0.5279
0.5817
0.6325
0.6396
0.4446
0.5563
0.6098
0.5417
0.4694
0.4563
0.5298
0.6723
0.7215
0.6879
0.68
0.6969
0.6219
0.6523
0.724
0.7694
0.8475
0.7233
0.699
0.8746
0.9392
0.9175
0.8498
0.784
0.8431
0.8627
0.8235
0.9379
0.7683
0.7121
0.8602
0.8335
0.8215
0.8588
0.836
0.8598
0.846
0.8217
0.8806
0.8569
0.8258
0.8429
0.82
0.9242
0.8896
0.8408
0.6711
0.7527
0.7042
0.6342
0.7088
0.7721
0.7985
0.7708
0.7204
0.815
0.8383
0.846
0.7765
0.7438
0.7846
0.7833
0.8031
0.8177
0.8398
0.7706
0.8306
0.7369
0.75
0.7608
0.661
0.6673
0.7338
0.7652
0.4867
0.5052
0.6625
0.3177
0.3931
0.6477
0.7621
0.6977
0.4785
0.5881
0.8863
0.9177
0.7346
0.7194
0.6406
0.5567
0.3904
0.4035
0.5725
0.5631
0.6044
0.581
0.5958
0.5769
0.5646
0.6569
0.7404
0.7815
0.6331
0.5931
0.5631
0.5819
0.6188
0.5
0.4852
0.6158
0.7248
0.7519
0.571
0.5242
0.319
0.4975
0.5433
0.5375
0.4483
0.3554
0.5833
0.4423
0.3219
0.3015
0.4623
0.1619
0.2565
0.3896
0.3544
0.6038
0.5308
0.516
0.6729
0.6642
0.609
0.3202
0.445
0.3831
0.3519
0.5856
0.6117
0.4017
0.4673
0.4579
0.4806
0.5094
0.5052
0.6325
0.6946
0.395
0.4583
0.4527
0.4567
0.3475
0.4406
0.4013
0.5227
0.511
0.4656
0.4469
0.4996
0.505
0.5296
0.5433
0.5692
0.8677
0.9752
0.7577
0.659
0.5948
0.7163
0.6029
0.5658
0.5856
0.5433
0.5727
0.6233
0.726
0.9042
0.8619
0.8077
0.8571
0.7309
0.574
0.6608
0.749
0.66
0.7681
0.6213
0.6908
0.7081
0.5421
0.4094
0.7192
0.7958
0.7425
0.74
0.6823
0.7081
0.536
0.5652
0.5375
0.479
0.7177
0.6756
0.8346
0.6827
0.6965
0.6413
0.7502
0.6658
0.7544
0.6931
0.7317
0.6856
0.6419
0.609
0.6744
0.7029
0.6125
0.6263
0.5508
0.67
0.7352
0.6723
0.914
0.8125
0.7329
0.6094
0.7063
0.7731
0.7656
0.7388
0.8156
0.8138
0.7656
0.7177
0.6963
0.7171
0.8479
0.7263
0.6683
0.6527
0.6606
0.7523
0.6067
0.6396
0.606
0.6096
0.6293
0.6138
0.5517
0.5498
0.5973
0.616
0.8244
0.6596
0.6456
0.645
0.6308
0.6123
0.5694
0.6292
0.5542
0.4644
0.4727
0.5083
0.7215
0.6508
0.5754
0.5896
0.7452
0.6556
0.6181
0.6144
0.5775
0.5475
0.5954
0.5465
0.4717
0.5904
0.551
0.5056
0.4181
0.3888
0.4535
0.4956
0.6048
0.3544
0.4333
0.5017
0.5348
0.5573
0.5833
0.639
0.6096
0.5858
0.5648
0.4979
0.5656
0.6088
0.581
0.5998
0.6569
0.5748
0.5256
0.4867
0.415
0.4529
0.5994
0.5996
0.5502
0.4927
0.4631
0.4575
0.4238
0.4271
0.5513
0.5465
0.4773
0.4152
0.351
0.5696
0.5592
0.5488
0.6354
0.6346
0.7869
0.5183
0.4267
0.5121
0.504
0.534
0.5817
0.595
0.6373
0.7946
0.7475
0.711
0.6913
0.6675
0.4398
0.2648
0.4694
0.5492
0.5754
0.7
0.6948
0.6277
0.7085
0.6558
0.6456
0.5902
0.5798
0.7729
0.7263
0.8444
0.8379
0.7994
0.7865
0.7338
0.6779
0.7031
0.6979
0.619
0.6652
0.7146
0.7163
0.7213
0.8056
0.7904
0.741
0.7658
0.7302
0.7369
0.7765
0.6527
0.7419
0.7952
0.8469
0.8327
0.8113
0.8079
0.9183
0.9094
0.6915
0.3477
0.5152
0.7831
0.8652
0.7954
0.7552
0.8006
0.9106
0.7077
0.6471
0.6765
0.6894
0.9108
0.8654
0.8246
0.7488
0.6802
0.8038
0.8793
0.8323
0.901
0.8423
0.8588
0.8458
0.843
0.8477
0.8313
0.8235
0.8223
0.9156
0.9054
0.5775
0.5402
0.4696
0.5277
0.5042
0.8067
0.7465
0.8938
0.6781
0.6988
0.5421
0.6283
0.6121
0.6058
0.6475
0.7871
0.8504
0.7588
0.8171
0.7792
0.7192
0.8106
0.8502
0.785
0.7683
0.8017
0.7748
0.7498
0.599
0.6967
0.7204
0.6979
0.6625
0.7858
0.9298
0.5635
0.3123
0.6729
0.4523
0.3844
0.6117
0.6527
0.6731
0.6529
0.6033
0.68
0.7871
0.6052
0.9117
0.8685
0.4358
0.8438
0.9488
0.77
0.706
0.7369
0.5436
0.6983
0.3854
0.641
0.6681
0.5246
0.6569
0.7113
0.7408
0.761
0.7146
0.4115
0.6669
0.7002
0.739
0.7175
0.7754
0.665
0.8104
0.7942
0.6385
0.5256
0.6354
0.6635
0.7367
0.7663
0.77
0.714
0.6442
0.6513
0.6756
0.4821
0.466
0.496
0.5898
0.7227
0.696
0.6369
0.5035
0.6819
0.7813
0.846
0.8915
0.7792
0.6758
0.7621
0.7244
0.7296
0.8288
0.7019
0.56
0.4048
0.6767
0.9125
0.7065
0.6504
0.6004
0.5583
0.6056
0.6935
0.6994
0.6419
0.7654
0.8192
0.8204
0.754
0.5915
0.5923
0.7902
0.6654
0.6369
0.7813
0.8638
0.5756
0.5813
0.6933
0.5794
0.6726
0.6263
0.6277
0.5933
0.541
0.5767
0.6402
0.6325
0.6071
0.7188
0.4592
0.5592
0.4842
0.6044
0.6369
0.7902
0.7971
0.8642
0.8942
0.8923
0.7085
0.6723
0.7783
0.6853
0.6075
0.6127
0.6206
0.7177
0.8471
0.8365
0.6596
0.6554
0.6377
0.6681
0.8163
0.8856
0.8296
0.7958
0.8513
0.82
0.8202
0.6996
0.6617
0.5121
0.5427
0.5246
0.5758
0.8504
0.844
0.75
0.7192
0.675
0.5681
0.5858
0.5875
0.7908
0.8317
0.7958
0.749
0.7717
0.8265
0.6875
0.6717
0.69
0.7398
0.6769
0.654
0.6065
0.5996
0.814
0.6698
0.7054
0.7479
0.7192
0.6915
0.5056
0.529
0.4577
0.4885
0.529
0.4763
0.5458
0.7508
0.7047
0.6873
0.4877
0.506
0.6154
0.6181
0.6679
0.8269
0.8477
0.7796
0.7229
0.8231
0.7742
0.6917
0.7719
0.8027
0.7371
0.784
0.7904
0.7619
0.7419
0.8129
0.7188
0.6592
0.5758
0.6133
0.6506
0.6704
0.6233
0.6002
0.6327
0.581
0.62
0.6356
0.606
0.5763
0.6402
0.6285
0.5379
0.5002
0.5581
0.6952
0.8369
0.6875
0.6575
0.8044
0.8275
0.7135
0.7777
0.5292
0.5602
0.744
0.8173
0.8627
0.7146
0.7879
0.7196
0.6733
0.6294
0.6267
0.585
0.6127
0.5831
0.5577
0.6177
0.6508
0.7042
0.9329
0.8348
0.7548
0.8738
0.6865
0.7033
0.7038
0.6894
0.7231
0.7096
0.6954
0.6923
0.5821
0.6748
0.5692
0.6119
0.7202
0.7144
0.6996
0.6821
0.6452
0.6483
0.7702
0.7421
0.7146
0.7285
0.8502
0.8781
0.7925
0.6942
0.7294
0.7527
0.7444
0.6542
0.6917
0.6419
0.6842
0.699
0.7771
0.7498
0.7277
0.6833
0.7548
0.7875
0.7506
0.7179
0.7033
0.7285
0.7883
0.7488
0.6202
0.5602
0.7048
0.521
0.5379
0.6002
0.6394
0.7138
0.7252
0.7294
0.5929
0.7169
0.7702
0.5804
0.688
0.5281
0.5902
0.584
0.5044
0.7375
0.7842
0.9013
0.7958
0.6038
0.4877
0.8488
0.6902
0.52
0.5615
0.4965
0.5471
0.5215
0.6823
0.666
0.766
0.6117
0.7188
0.7827
0.6469
0.6633
0.61
0.6831
0.7248
0.7213
0.691
0.7175
0.6971
0.6344
0.6213
0.6829
0.6788
0.7858
0.8021
0.9254
0.4304
0.6275
0.6998
0.7429
0.8094
0.8577
0.831
0.8369
0.809
0.7354
0.7769
0.8027
0.8215
0.8288
0.8933
0.8519
0.7317
0.9227
0.8679
0.8002
0.7975
0.7971
0.7879
0.8177
0.9085
0.8683
0.84
0.7809
0.8185
0.9733
0.9807
0.8038
0.6644
0.9315
0.6394
0.6479
0.6056
0.5683
0.6718
0.7048
0.8023
0.7775
0.7683
0.9135
0.6727
0.7777
0.7521
0.8079
0.821
0.814
0.776
0.7813
0.7167
0.6658
0.5421
0.7125
0.704
-99
-99
0.7728
0.6988
0.5738
0.6792
0.8138
0.6642
0.6725
0.7148
0.7275
0.6692
0.8015
0.8429
0.7681
0.5825
0.646
0.7752
0.7258
0.5185
0.5844
0.5302
0.4788
0.5229
0.5904
0.6083
0.6152
0.59
0.48
0.4094
0.4731
0.5846
0.5077
0.6435
0.7585
0.7879
0.6292
0.5298
0.6498
0.6679
0.5181
0.6433
0.5285
0.861
0.7496
0.6888
0.7458
0.8769
0.5308
0.7057
-99
0.5242
0.7448
0.5498
0.6542
0.7394
0.7081
0.6221
0.6323
0.5613
0.4646
0.4333
0.4429
0.6046
0.8563
0.7958
0.8713
0.7323
0.856
0.6327
0.6598
0.5425
0.5552
0.7267
0.6513
0.6123
0.5302
0.425
0.4615
0.5681
0.616
0.6481
0.6831
0.7252
0.6858
0.7181
0.631
0.6219
0.4756
0.3979
0.4271
0.5771
0.6479
0.6344
0.6644
0.7235
0.5994
0.7125
0.7219
0.7435
0.8483
0.7071
0.7894
0.7848
0.7731
0.6577
0.5565
0.6267
0.6571
0.751
0.6888
0.6204
0.5402
0.4175
0.4144
0.4792
0.7252
0.7135
0.7744
0.6353
0.4733
0.5292
0.5785
0.6833
0.6567
0.6725
0.5831
0.6198
0.695
0.8913
0.8021
0.8065
0.7285
0.6967
0.6725
0.5998
0.8217
0.7656
0.6779
0.6854
0.6496
0.6685
0.8246
0.6458
0.5925
0.5775
0.5927
0.6129
0.724
0.7196
0.7981
0.7594
0.6396
0.5633
0.554
0.726
0.6567
0.5804
0.6415
0.6942
0.8306
0.6898
0.669
0.8904
0.6023
0.6102
0.6675
0.8788
0.8846
0.7279
0.7188
0.7392
0.7473
0.7677
0.7006
0.7083
0.6417
0.7308
0.7205
0.6529
0.6044
0.661
0.654
0.6558
0.6788
0.7381
0.8652
0.7573
0.9081
0.7644
0.7152
0.6921
0.6925
0.7431
0.6494
0.8356
0.8521
0.6988
0.6157
0.5746
0.6829
0.7656
0.799
0.7106
0.781
0.8019
0.8171
0.7515
0.6946
0.6906
0.7021
0.765
0.7796
0.7519
0.8085
0.7848
0.7442
0.7221
0.7735
0.7777
0.691
0.7879
0.6556
0.6919
0.7171
0.8996
0.8838
0.8675
0.7927
0.7581
0.7525
0.684
0.8158
0.779
0.8015
0.746
0.789
0.8838
0.7915
0.8227
0.836
0.8688
0.8385
0.7819
0.7777
0.7335
0.7588
0.7939
0.641
0.2783
0.3498
0.5308
0.7456
0.7229
0.8332
0.7902
0.7917
0.73
0.759
0.7673
0.8042
0.8204
0.8879
0.7054
0.6777
0.7504
0.8094
0.8938
0.8442
0.8798
0.8769
0.8171
0.9096
0.7946
0.7472
0.7927
0.8315
0.7669
0.79
0.8433
0.8219
0.75
0.8171
0.9383
0.9533
0.8796
0.7302
0.914
0.8863
0.6471
0.7725
0.8104
0.8196
0.686
0.6548
0.4771
0.665
0.5123
0.6044
0.7367
0.8042
0.8004
0.8179
0.8354
0.7977
0.6463
0.6923
0.8325
0.7592
0.6975
0.6725
0.7058
0.6985
0.7492
0.6606
0.8679
0.6371
0.3025
0.3998
0.3329
0.3027
0.5419
0.6681
0.6871
0.6125
0.6646
0.7096
0.6527
0.6638
0.7315
0.6615
0.5206
0.6142
0.78
0.7021
0.82
0.796
0.7081
0.8773
0.8208
0.8021
0.7113
0.4504
0.3233
0.2663
0.4815
0.4806
0.5471
0.7083
0.9579
0.8242
0.8515
0.7667
0.7356
0.5525
0.3808
0.6119
0.7533
0.5963
0.3854
0.6246
0.6165
0.7658
0.731
0.7646
0.8383
0.5277
0.6104
0.5869
0.6879
0.6267
0.5596
0.5923
0.6319
0.8671
0.7521
0.674
0.6002
0.6281
0.7865
0.7323
0.7169
0.744
0.3096
0.3175
0.4452
0.3979
0.3585
0.4019
0.5165
0.6115
0.7302
0.6383
0.8054
0.7921
0.7027
0.709
0.6458
0.5946
0.81
0.7998
0.8466
0.7796
0.5108
0.4567
0.4342
0.5427
0.5477
0.5198
0.4783
0.4317
0.4608
0.5635
0.4658
0.4198
0.504
0.5758
0.5677
0.4371
0.5027
0.6371
0.6452
0.5967
0.5248
0.4515
0.7948
0.8358
0.7135
0.8033
0.7058
0.6545
0.71
0.7344
0.6531
0.701
0.8746
0.7181
0.5121
0.8248
0.7198
0.7131
0.7271
0.6783
0.5381
0.4177
0.6274
0.5948
0.6308
0.6152
0.5908
0.5104
0.5033
0.4796
0.41
0.4921
0.4488
0.53
0.5827
0.8794
0.5808
0.5077
0.4533
0.486
0.5413
0.6131
0.5185
0.4071
0.5438
0.7025
0.8173
0.766
0.6735
0.6277
0.7531
0.6025
0.5167
0.62
0.6775
0.76
0.8317
0.91
0.8146
0.7358
0.8652
0.7279
0.8183
0.7775
0.5727
0.566
0.57
0.47
0.5848
0.6773
0.8129
0.7067
0.6896
0.559
0.6092
0.5881
0.6033
0.5538
0.5244
0.4594
0.5188
0.424
0.4098
0.4298
0.4325
0.529
0.4515
0.451
0.4638
0.5394
0.5133
0.4377
0.4502
0.4704
0.6517
0.6192
0.6219
0.6856
0.8123
0.7785
0.7167
0.6154
0.6229
0.5581
0.5881
0.6106
0.6504
0.8671
0.8533
0.75
0.6563
0.6283
0.6837
0.6588
0.5773
0.595
0.8927
0.714
0.6338
0.6621
0.6798
0.7148
0.8033
0.8304
0.6906
0.8113
0.8744
0.7792
0.6523
0.6752
0.8181
0.7731
0.6871
0.6806
0.6669
0.679
0.6748
0.674
0.6348
0.6879
0.8233
0.7835
0.8529
0.8713
0.7048
0.6702
0.6979
0.7548
0.7613
0.8931
0.8256
0.8248
0.7644
0.7263
0.7183
0.6213
0.6338
0.7175
0.7033
0.6585
0.6996
0.675
0.5952
0.561
0.5429
0.6915
0.8142
0.7421
0.8371
0.8765
0.8875
0.8283
0.74
0.7927
0.8039
0.6983
0.6894
0.731
0.7165
0.7342
0.7019
0.7644
0.8494
0.5879
0.6975
0.7635
0.7596
0.8602
0.8633
0.7
0.5563
0.741
0.7129
0.854
0.6936
0.9021
0.8883
0.7665
0.8225
0.8275
0.825
0.6556
0.8121
0.8213
0.8729
0.8219
0.8185
0.8248
0.8235
0.8319
0.7709
0.7446
0.7554
0.699
0.7529
0.6923
0.7263
0.725
0.7569
0.7817
0.7777
0.6631
0.5946
0.5123
0.5867
0.7781
0.7544
0.49
0.6348
0.6719
0.7471
0.6992
0.6919
0.686
0.7302
0.8065
0.835
0.8073
0.8331
0.8571
0.8008
0.705
0.7113
0.7658
0.8281
0.8538
0.8483
0.8385
0.7938
0.8369
0.8431
0.8254
0.7988
0.7544
0.7979
0.809
0.7633
0.7377
0.831
0.8475
0.8302
0.8667
0.8894
0.9263
0.8469
0.9327
0.9071
0.9277
0.8825
0.75
0.6938
0.7602
0.6163
0.7194
0.6985
0.7871
0.7052
0.5188
0.4506
0.8119
0.821
0.7681
0.7696
0.7296
0.7715
0.791
0.8121
0.7583
0.7513
0.7773
0.8077
0.806
0.8831
0.6296
0.586
0.6106
0.4958
0.6156
0.6715
0.6696
0.7344
0.8802
0.8183
0.8615
0.8571
0.7742
0.6644
0.4925
0.4885
0.6365
0.765
0.6294
0.5967
0.5192
0.736
0.7029
0.6902
0.7144
0.7246
0.8404
0.749
0.3985
0.3225
0.6104
0.4981
0.695
0.7279
0.6821
0.6044
0.4056
0.6802
0.5071
0.5075
0.5477
0.5717
0.7275
0.6898
0.7296
0.8621
0.7744
0.8244
0.8142
0.709
0.6071
0.4256
0.3075
0.574
0.6588
0.5925
0.596
0.7298
0.6
0.5181
0.4917
0.8121
0.6577
0.8031
0.8702
0.5833
0.59
0.5321
0.5373
0.6713
0.6175
0.6229
0.7131
0.6438
0.6088
0.5946
0.6381
0.6579
0.5631
0.4381
0.8642
0.7692
0.7213
0.5873
0.5569
0.6908
0.7008
0.7917
0.641
0.6715
0.4604
0.3819
0.5183
0.5246
0.6152
0.6
0.6656
0.8719
0.9648
0.8492
0.8317
0.8075
0.7085
0.63
0.5792
0.6488
0.7298
0.7542
0.6204
0.5998
0.644
0.6883
0.6021
0.6469
0.6254
0.6452
0.6521
0.6946
0.7804
0.8115
0.6913
0.7219
0.6998
0.755
0.86
0.7492
0.7883
0.7379
0.7442
0.5882
0.7667
0.774
0.6675
0.6156
0.6333
0.6754
0.7048
0.6669
0.7171
0.5592
0.4929
0.5723
0.6008
0.5556
0.581
0.7121
0.6898
0.6181
0.6102
0.761
0.8573
0.7581
0.6833
0.6244
0.6917
0.7358
0.695
0.6383
0.7954
0.6652
0.6946
0.7042
0.6692
0.5475
0.4379
0.4181
0.4617
0.5058
0.4998
0.441
0.5144
0.5813
0.7656
0.58
0.574
0.586
0.6198
0.6856
0.6219
0.581
0.5354
0.6165
0.6169
0.5667
0.5342
0.5446
0.4588
0.4592
0.445
0.4833
0.7535
0.5513
0.5217
0.5525
0.5723
0.5713
0.6115
0.6985
0.7246
0.6831
0.6394
0.7054
0.6215
0.5033
0.519
0.4992
0.4827
0.5154
0.52
0.5435
0.7673
0.7194
0.6244
0.5956
0.5971
0.7619
0.6677
0.509
0.4915
0.6463
0.6846
0.741
0.7058
0.6675
0.6785
0.6721
0.7563
0.6673
0.6396
0.6388
0.5394
0.6294
0.694
0.6744
0.6958
0.8115
0.7775
0.816
0.7677
0.6473
0.6146
0.6854
0.7146
0.7263
0.7529
0.7158
0.6998
0.8585
0.8856
0.7835
0.7402
0.7035
0.6165
0.6717
0.8669
0.9313
0.9071
0.7919
0.7629
0.8123
0.7767
0.7546
0.7038
0.6804
0.8625
0.8058
0.7231
0.876
0.8444
0.6917
0.7002
0.6779
0.6531
0.6971
0.7502
0.6946
0.6948
0.908
0.8744
0.6738
0.8344
0.7219
0.7138
0.7527
0.7704
0.7565
0.7423
0.6533
0.6204
0.7131
0.7985
0.8992
0.7804
0.774
0.895
0.8406
0.7454
0.9325
0.8304
0.929
0.8838
0.8765
0.8165
0.8177
0.7858
0.7277
0.7273
0.8696
0.8979
0.8814
0.8373
0.8025
0.7529
0.7769
0.7348
0.6571
0.6792
0.7619
0.8115
0.949
0.826
0.775
0.7183
0.7671
0.8913
0.8858
0.8723
0.8431
0.7619
0.6852
0.6844
0.6777
0.625
0.6658
0.7569
0.726
0.689
0.6448
0.575
0.2904
0.4079
0.4652
0.5467
0.3988
0.7508
0.6721
0.7215
0.629
0.5615
0.7848
0.806
0.4906
0.6983
0.7531
0.8165
0.7427
0.7229
0.71
0.3798
0.7565
0.8977
0.9654
0.8365
0.8523
0.82
0.8258
0.7731
0.856
0.8433
0.8146
0.8011
0.7388
0.7974
0.5325
0.4919
0.7504
0.7935
0.7115
0.7898
0.8449
0.8133
0.7744
0.7104
0.7223
0.6731
0.6144
0.6381
0.6392
0.7427
0.5621
0.5381
0.6738
0.6944
0.816
-99
0.5719
0.6148
0.83
0.8098
0.5954
0.5348
0.5344
0.5485
0.4188
0.5115
0.6423
0.626
0.6217
0.5977
0.615
0.6458
0.5256
0.5081
0.6388
0.7052
0.6325
0.7304
0.8492
0.8481
0.7356
0.8652
0.7231
0.651
0.6715
0.7331
0.6585
0.575
0.5758
0.5992
0.5609
0.4867
0.5533
0.6108
0.6946
0.5954
0.5683
0.5546
0.6494
0.5849
0.6771
0.5258
0.5338
0.5027
0.3917
0.4021
0.5081
0.5548
0.5873
0.5449
0.6962
0.801
0.6332
0.5702
0.6139
0.8064
0.5685
0.7137
0.7706
0.6807
0.6098
0.5884
0.5393
0.5275
0.6322
0.6932
0.7951
0.5825
0.5695
0.6172
0.5898
0.6124
0.5551
0.7248
0.63
0.5623
0.4865
0.6269
0.555
0.5991
0.6332
0.5538
0.5763
0.5159
0.5611
0.7528
0.7013
0.6815
0.7122
0.71
0.8361
0.6319
0.5983
0.5595
0.547
0.6154
0.4814
0.514
0.5607
0.5107
0.5157
0.5865
0.4769
0.4658
0.5077
0.5205
0.5978
0.6046
0.6514
0.5771
0.4824
0.5873
0.767
0.5494
0.6334
0.5326
0.5286
0.559
0.4575
0.5055
0.4344
0.4402
0.4875
0.4506
0.5398
0.644
0.7175
0.4973
0.4974
0.5008
0.506
0.384
0.4654
0.5429
0.5091
0.4571
0.7364
0.6559
0.5327
0.662
0.5198
0.4835
0.5098
0.5178
0.5563
0.5019
0.5235
0.4325
0.4579
0.4928
0.5454
0.5333
0.576
0.6659
0.552
0.6171
0.8127
0.5546
0.5286
0.5314
0.5693
0.4895
0.6257
0.6064
0.5046
0.5713
0.636
0.4324
0.4917
0.4864
0.5617
0.5143
0.5
0.4702
0.5521
0.5526
0.5615
0.5963
0.8441
0.5513
0.5079
0.5833
0.651
0.6433
0.57
0.479
0.5677
0.8423
0.5382
0.6024
0.5949
0.4542
0.6255
0.8752
0.7421
0.5883
0.6797
0.5018
0.5641
0.5315
0.7684
0.6542
0.5334
0.6959
0.6672
0.6124
0.6359
0.6119
0.8052
0.6857
0.6358
0.6132
0.6175
0.5106
0.4973
0.5547
0.4883
0.6742
0.6231
0.6929
0.6608
0.6531
0.6525
0.731
0.7477
0.7177
0.8754
0.936
0.8608
0.7908
0.6177
0.6217
0.656
0.7296
0.7327
0.6771
0.4277
0.4375
0.694
0.7717
0.8238
0.8483
0.7717
0.9406
0.72
0.6238
0.4729
0.6621
0.7081
0.5848
0.6408
0.6946
0.479
0.3502
0.5796
0.547
0.5544
0.5769
0.515
0.6498
0.7
0.6785
0.671
0.7238
0.6588
0.5625
0.6075
0.6317
0.6871
0.5054
0.6333
0.5833
0.2967
0.5946
0.601
0.6144
0.6644
0.6348
0.5658
0.7702
0.8319
0.7829
0.735
0.7556
0.7333
0.6296
0.5013
0.8071
0.6694
0.7465
0.621
0.651
0.7796
0.734
0.7554
0.845
0.8681
0.8965
0.9588
0.8792
0.8108
0.681
0.8894
0.7748
0.7592
0.84
0.8438
0.8967
0.9321
0.9685
0.9006
0.8219
0.7692
0.8058
0.8935
0.8863
0.8498
0.7321
0.7323
0.7317
0.7363
0.9521
0.7231
0.6517
0.7492
0.7585
0.7913
0.6325
0.8348
0.789
0.7998
0.7879
0.7885
0.5444
0.5677
0.9038
0.9867
0.7108
0.6752
0.7221
0.7175
0.6042
0.7735
0.6325
0.655
0.871
0.89
0.9573
0.8802
0.7192
0.7954
0.7335
0.6504
0.56
0.655
0.6458
0.5908
0.5545
0.555
0.9321
0.9298
0.5808
0.7102
0.8404
0.8473
0.7806
0.7127
0.6846
0.719
0.7938
0.7983
0.7983
0.8025
0.7583
0.7248
0.7933
0.77
0.6681
0.6931
0.5015
0.4029
0.29
0.51
0.8602
0.8902
0.7917
0.7121
0.6563
0.6052
0.5854
0.5415
0.4813
0.5994
0.634
0.6421
0.6306
0.6779
0.5929
0.8919
0.791
0.7873
0.9108
0.7775
0.8973
0.9142
0.7154
0.7935
0.6706
0.6583
0.6665
0.6679
0.6588
0.6567
0.7392
0.6975
0.7006
0.6735
0.7535
0.779
0.7721
0.6465
0.6575
0.5915
0.6429
0.5977
0.7473
0.7581
0.7794
0.7108
0.6571
0.7146
0.6971
0.824
0.649
0.661
0.6975
0.6981
0.6725
0.7033
0.7933
0.8377
0.849
0.7841
0.6992
0.7123
0.7188
0.6646
0.6175
0.8452
0.9258
0.9244
0.8702
0.8435
0.8263
0.8913
0.7902
0.8596
0.9094
0.8523
0.7692
0.7442
0.8323
0.7875
0.7658
0.6583
0.5617
0.6833
0.6567
0.5519
0.5883
0.6554
0.6421
0.772
0.6454
0.5946
0.5888
0.5902
0.6252
0.7092
0.8733
0.7779
0.6988
0.6769
0.6679
0.663
0.5954
0.7532
0.7124
0.7931
0.8338
0.8394
0.7698
0.8077
0.7667
0.7171
0.6596
0.6173
0.7315
0.675
0.7079
0.6708
0.6873
0.7388
0.775
0.6598
0.8033
0.8742
0.8044
0.661
0.679
0.7058
0.7046
0.7231
0.7615
0.6867
0.6106
0.5998
0.7817
0.8688
0.8658
0.8021
0.8785
0.8238
0.7875
0.8048
0.8302
0.711
0.6967
0.8408
0.9477
0.7708
0.729
0.6942
0.7913
0.8404
0.8369
0.7352
0.7613
0.7525
0.7283
0.6973
0.7844
0.8448
0.7771
0.6629
0.6317
0.7756
0.8125
0.8227
0.8858
0.8325
0.8023
0.7963
0.7777
0.7458
0.8071
0.7923
0.7817
0.825
0.8125
0.795
0.8721
0.7788
0.7231
0.7485
0.7304
0.6846
0.6706
0.7138
0.7406
0.6977
0.6071
0.7521
0.725
0.5675
0.3565
0.5092
0.6983
0.7338
0.7202
0.7646
0.8452
0.8133
0.9131
0.8185
0.8242
0.8273
0.8694
0.9465
0.8563
0.8694
0.9385
0.8017
0.8354
0.7573
0.6396
0.579
0.486
0.7102
0.7746
0.8781
0.9542
0.781
0.7971
1
0.9167
0.7975
0.6346
0.8315
0.875
0.8794
0.8802
0.8883
0.8875
0.891
0.8977
0.8702
0.8581
0.874
0.9997
1
0.9052
0.8938
0.9052
0.9806
0.9119
0.8652
1
0.9344
0.9621
0.7665
0.5758
0.8394
0.876
0.8213
0.7906
0.8463
0.9294
0.9054
0.8708
0.8217
0.8444
0.8263
0.6423
0.6208
0.7783
0.7994
0.9338
0.7333
0.859
0.9927
0.8263
0.9144
0.849
0.8677
0.8827
0.8575
0.9113
0.8596
0.8698
0.8567
0.8013
0.7538
0.5883
0.4625
0.4246
0.7123
0.444
0.279
0.4215
0.4483
0.1944
0.1917
0.5679
0.3067
0.4427
0.3998
0.5813
0.624
0.5685
0.5806
0.6304
0.8167
0.7396
0.741
0.7881
0.7344
0.615
0.8954
0.5177
0.5154
0.685
0.7281
0.9131
0.8525
0.8204
0.8531
0.8346
0.7856
0.4585
0.3292
0.8567
0.8319
0.8649
0.809
0.7544
0.7523
0.609
0.6129
0.6244
0.6444
0.5929
0.5983
0.6006
0.7353
0.5717
0.729
0.6713
0.5885
0.5456
0.6677
0.716
0.6146
0.4858
0.5815
0.5304
0.4819
0.5085
0.5069
0.5523
0.7927
0.7146
0.6877
0.7229
0.6633
0.4383
0.5633
0.5002
0.4254
0.3979
0.4435
0.496
0.3429
0.5577
0.4458
0.5127
0.5781
0.5552
0.509
0.4946
0.2308
0.3485
0.5104
0.6944
0.696
0.6696
0.8365
0.8725
0.8869
0.6148
0.7983
0.8915
0.7588
0.7802
0.8354
0.8158
0.681
0.444
0.4152
0.5902
0.7275
0.8304
0.73
0.7325
0.5756
0.6396
0.8052
0.7096
0.8096
0.7385
0.81
0.6827
0.6802
0.606
0.6167
0.5219
0.7452
0.8594
0.8815
0.6248
0.3854
0.459
0.6419
0.7692
0.636
0.6281
0.5792
0.3352
0.3079
0.4825
0.4727
0.6254
0.7956
0.8452
0.7004
0.746
0.8098
0.695
0.6702
0.9692
-99
0.6533
0.6654
0.5923
0.5052
0.5823
0.64
0.6615
0.8013
0.7294
0.6352
0.6771
0.6596
0.5504
0.6171
0.641
0.8019
0.9913
0.7254
0.646
0.8081
0.705
0.6856
0.6544
0.5975
0.5923
0.8412
0.906
0.6975
0.656
0.6192
0.5033
0.435
0.4888
0.4796
0.5577
0.5554
0.5202
0.716
0.8338
0.6667
0.5915
0.51
0.5075
0.7367
0.8844
0.7033
0.7369
0.6269
0.6467
0.7235
0.4858
0.5806
0.7502
0.7996
0.704
0.6769
0.6531
0.6167
0.5379
0.6633
0.599
0.7579
0.935
0.6394
0.615
0.7081
0.6896
0.6565
0.6829
0.6431
0.6517
0.6519
0.6327
0.7913
0.6433
0.5598
0.5919
0.6658
0.7404
0.6806
0.6254
0.7233
0.6263
0.6435
0.6415
0.6902
0.8056
0.6206
0.5613
0.6531
0.7256
0.6419
0.6206
0.7431
0.7198
0.7619
0.7944
0.7692
0.8044
0.6435
0.5573
0.6319
0.5817
0.4681
0.54
0.6417
0.6085
0.7794
0.694
0.6671
0.6675
0.6981
0.7327
0.7323
0.759
0.8848
0.8931
0.8556
0.9069
0.7704
0.699
0.719
0.741
0.7513
0.7475
0.7465
0.6615
0.6965
0.7627
0.6994
0.6731
0.7131
0.7292
0.6829
0.4229
0.6469
0.7577
0.72
0.7144
0.8173
0.7688
0.8694
0.7573
0.8073
0.775
0.8146
0.7398
0.9121
0.8763
0.9785
0.9281
0.89
0.7502
0.8146
0.8498
0.919
0.8202
0.8642
0.881
0.856
0.9769
0.8063
0.9173
0.8231
0.8521
0.9733
0.9077
0.6494
0.6146
0.5579
0.6488
0.774
0.989
0.8954
0.8196
0.8542
0.7827
0.7623
0.8117
0.8452
0.9658
0.8931
0.63
0.8369
0.9104
0.8163
0.8206
0.814
0.8548
0.8367
0.8346
0.816
0.9479
0.8779
0.9288
0.9088
0.86
0.8058
0.3927
0.7425
0.7952
1
0.9802
0.9788
0.9177
0.929
0.921
0.9796
0.9019
0.9133
0.8004
0.7629
0.896
0.8975
0.87
0.7808
0.7685
0.7742
0.7581
0.8142
0.8081
0.7952
0.7871
0.7444
0.6371
0.7402
0.7477
0.7994
0.7908
0.6667
0.5138
0.611
0.7273
0.7079
0.7642
0.7913
0.8056
0.7296
0.6065
0.6585
0.8977
0.9956
0.9981
1
0.9956
0.9577
0.9373
0.86
0.8138
0.8827
0.8896
0.8435
0.8267
0.7923
0.6273
0.4767
0.6088
0.7192
0.78
0.8267
0.8196
0.7738
0.7996
0.8319
0.7663
0.7127
0.6865
0.7442
0.5956
0.7092
0.6768
0.6456
0.5969
0.6017
0.6006
0.6767
0.5704
0.5919
0.6902
0.7194
0.6773
0.7181
0.8423
0.7515
0.8369
0.6817
0.6006
0.6617
0.58
0.5188
0.5888
0.6369
0.7988
0.72
0.6767
0.9715
0.9
0.8352
0.7138
0.7198
0.7727
0.7656
0.8704
0.8056
0.8754
0.7856
0.714
0.6692
0.6683
0.9325
0.8402
0.9108
0.7933
0.6508
0.6885
0.7104
0.7113
0.9004
0.9183
0.8521
0.7196
0.7517
0.7702
0.9992
0.7583
0.7192
0.7479
0.7252
0.7548
0.9504
0.8567
0.9052
0.7715
0.9202
0.8569
0.9129
0.8806
0.9552
0.7204
0.7117
0.6598
0.7965
0.7231
0.741
0.7081
0.6613
0.6794
0.7771
0.6852
0.745
0.9935
0.9194
0.8006
0.8117
0.9294
0.8671
0.7752
0.5735
0.6213
0.6248
0.6231
0.706
0.73
0.7692
0.7769
0.6838
0.6746
0.7533
0.7875
0.7494
0.7935
0.8379
0.844
0.8525
0.8306
0.91
0.786
0.7869
0.9406
0.6869
0.7413
0.7329
0.9315
0.7365
0.7442
0.7169
0.725
0.9454
0.75
0.7471
0.816
0.7848
0.6185
0.5838
0.7227
0.8231
0.7815
0.6846
0.6894
0.7185
0.72
0.7192
0.6954
0.7846
0.6798
0.54
0.5683
0.5871
0.571
0.6215
0.8565
0.7856
0.7523
0.8342
0.8804
0.8717
0.7813
0.7106
0.6017
0.6383
0.756
0.7596
0.6731
0.6629
0.734
0.7581
0.7021
0.7144
0.6333
0.5854
0.6171
0.6023
0.5704
0.639
0.6788
0.5665
0.4998
0.5148
0.5502
0.5615
0.701
0.8777
0.749
0.6973
0.6644
0.7098
0.7342
0.7575
0.7123
0.6521
0.7373
0.6544
0.6233
0.614
0.6788
0.6583
0.6902
0.6135
0.6708
0.6756
0.7898
0.8354
0.8225
0.7613
0.7177
0.6996
0.7227
0.7417
0.7292
0.8446
0.5723
0.7396
0.9219
0.8017
0.7513
0.7442
0.7567
0.7435
0.7675
0.851
0.8071
0.9902
0.8554
0.8294
0.959
0.8485
0.7996
0.7465
0.7048
0.7356
0.5321
0.7613
0.8175
0.7944
0.7415
0.925
0.866
0.8563
0.8065
0.8177
0.8331
0.84
0.8321
0.8196
0.6463
0.6227
0.9673
1
0.7894
0.7554
0.7844
0.7613
0.7552
0.8317
0.6092
0.9888
0.8127
0.8321
0.7981
0.8238
0.8263
0.8567
0.8642
0.7946
0.7527
0.7585
0.801
0.9471
1
0.8663
0.8681
0.9254
0.9975
0.9123
0.8575
0.8529
0.9054
0.8983
0.8867
0.8983
0.7625
0.7954
0.8394
0.7458
0.2906
0.5113
0.6429
0.7198
0.7602
0.856
1
0.9958
0.9979
0.9323
0.8969
0.9825
0.4958
0.6694
0.7852
0.8217
0.791
0.8752
0.814
0.6285
0.8752
0.9867
0.7908
0.825
0.9396
0.934
0.9602
0.876
0.9171
0.8533
0.9188
0.8663
0.911
0.9063
0.8713
0.6944
0.375
0.6423
0.7565
0.8171
0.8656
0.8438
0.777708333333333
0.531666666666667
0.419375
0.720208333333333
0.759166666666667
0.686041666666667
0.742708333333333
0.577708333333333
0.89625
0.940833333333333
0.76125
0.746041666666667
0.792916666666667
0.743541666666667
0.483125
0.419166666666667
0.630416666666667
0.61375
0.738125
0.844375
0.834166666666667
0.86
0.846041666666667
0.768333333333333
0.835
0.73
0.907083333333333
0.881041666666667
0.8375
0.952708333333333
0.80875
0.782916666666667
0.815833333333333
0.759375
0.770833333333333
0.6825
0.698541666666667
0.742083333333333
0.987083333333333
0.993541666666667
0.8125
0.770208333333333
0.960416666666667
0.718541666666667
0.892083333333333
0.860208333333333
0.741458333333333
0.745833333333333
0.718541666666667
0.681875
0.665208333333333
0.642708333333333
0.925416666666667
0.879791666666667
0.81125
0.698125
0.71
0.66
0.804375
0.758125
0.706458333333333
0.813333333333333
0.823333333333333
0.8625
0.962291666666667
0.8875
0.716875
0.655833333333333
0.565
0.71125
0.885833333333333
0.737916666666667
0.643541666666667
0.589166666666667
0.459375
0.482291666666667
0.522291666666667
0.567708333333333
0.467708333333333
0.416666666666667
0.36
0.514166666666667
0.5725
0.666458333333333
0.671875
0.733333333333333
0.704166666666667
0.65625
0.645208333333333
0.641041666666667
0.57375
0.616666666666667
0.595833333333333
0.618958333333333
0.561041666666667
0.51875
0.407708333333333
0.635625
0.839583333333333
0.854791666666667
0.976458333333333
0.583333333333333
0.581458333333333
0.693958333333333
0.623958333333333
0.537916666666667
0.485625
0.496666666666667
0.64875
0.898125
0.909375
0.800625
0.65625
0.545833333333333
0.650833333333333
0.941666666666667
0.872291666666667
0.900208333333333
0.897083333333333
0.911875
0.895208333333333
0.789166666666667
0.745625
0.724375
0.735625
0.734375
0.657291666666667
0.653333333333333
0.739166666666667
0.756875
0.7425
0.6925
0.61125
0.604791666666667
0.718541666666667
0.640208333333333
0.622291666666667
0.662916666666667
0.5475
0.676875
0.661875
0.666458333333333
0.814791666666667
0.668958333333333
0.675625
0.690416666666667
0.66875
0.712708333333333
0.854375
0.91
0.826875
0.86625
0.80125
0.745416666666667
0.791041666666667
0.805416666666667
0.750833333333333
0.770625
0.626666666666667
0.665
0.837291666666667
0.926875
0.80625
0.692916666666667
0.793125
0.819791666666667
0.71875
0.905
0.773541666666667
0.891458333333333
0.808333333333333
0.697083333333333
0.71
0.950625
0.799583333333333
0.7275
0.76125
0.663541666666667
0.635208333333333
0.671875
0.719375
0.687916666666667
0.674166666666667
0.711666666666667
0.695208333333333
0.6325
0.699375
0.69375
0.644166666666667
0.655833333333333
0.655
0.642708333333333
0.69625
0.54375
0.628125
0.63625
0.567291666666667
0.548958333333333
0.5825
0.578958333333333
0.777708333333333
0.689583333333333
0.590833333333333
0.5275
0.58125
0.658333333333333
0.880625
0.675833333333333
0.759166666666667
0.674791666666667
0.670208333333333
0.835625
0.766666666666667
0.696875
0.683958333333333
0.824791666666667
0.71875
0.71125
0.743125
0.70375
0.687291666666667
0.622916666666667
0.580833333333333
0.385416666666667
0.556458333333333
0.547708333333333
0.501666666666667
0.61
0.577916666666667
0.626875
0.7675
0.682291666666667
0.661458333333333
0.683958333333333
0.794166666666667
0.697083333333333
0.850416666666667
0.723333333333333
0.631041666666667
0.646666666666667
0.664166666666667
0.74
0.87125
0.888333333333333
0.802708333333333
0.816666666666667
0.758541666666667
0.717708333333333
0.736458333333333
0.780208333333333
0.778125
0.820416666666667
0.865
0.787291666666667
0.764583333333333
0.807291666666667
0.943541666666667
0.75625
0.959791666666667
0.798541666666667
0.917083333333333
0.745625
0.778125
0.805416666666667
0.793333333333333
0.839791666666667
0.877916666666667
0.860208333333333
0.793541666666667
0.794166666666667
0.81375
0.73375
0.781875
0.778333333333333
0.769375
0.982916666666667
0.774166666666667
0.785208333333333
0.690416666666667
0.592291666666667
0.7375
0.84375
0.799583333333333
0.606875
0.57875
0.51125
0.716041666666667
0.783125
0.777083333333333
0.835625
0.821666666666667
0.819583333333333
0.849583333333333
0.791041666666667
0.669166666666667
0.704583333333333
0.785416666666667
0.795208333333333
0.777916666666667
0.757291666666667
0.786875
0.877083333333333
0.971458333333333
0.874375
0.809791666666667
0.820416666666667
0.798958333333333
0.769791666666667
0.703125
0.550833333333333
0.374583333333333
0.416666666666667
0.697083333333333
0.934375
0.995208333333333
0.804166666666667
0.784166666666667
0.745416666666667
0.649791666666667
0.844166666666667
0.703333333333333
0.704166666666667
0.818125
0.836041666666667
0.802708333333333
0.827083333333333
0.845
0.965208333333333
0.828541666666667
0.773958333333333
0.794583333333333
0.645
0.589583333333333
0.73
0.840625
0.764375
0.505833333333333
0.831666666666667
0.872916666666667
0.67875
0.776041666666667
0.778125
0.894583333333333
0.960416666666667
0.558333333333333
0.725625
0.841041666666667
0.731041666666667
0.723333333333333
0.774166666666667
0.799583333333333
0.802083333333333
0.78375
0.752291666666667
0.740833333333333
0.80875
0.8675
0.909375
0.888125
0.888958333333333
0.823958333333333
0.925
0.910833333333333
0.843125
0.748958333333333
0.746666666666667
0.813541666666667
0.845625
0.766041666666667
0.481458333333333
0.429166666666667
0.678958333333333
0.705416666666667
0.940208333333333
0.705416666666667
0.325833333333333
0.30375
0.584791666666667
0.611666666666667
0.617291666666667
0.572916666666667
0.53625
0.565
0.665416666666667
0.623958333333333
0.556458333333333
0.63
0.678125
0.613958333333333
0.565833333333333
0.539375
0.468125
0.398333333333333
0.315208333333333
0.402083333333333
0.482083333333333
0.407916666666667
0.232708333333333
0.413958333333333
0.599583333333333
0.67625
0.61375
0.527916666666667
0.603958333333333
0.62125
0.573125
0.744791666666667
0.785625
0.887708333333333
0.808541666666667
0.647291666666667
0.7725
0.69
0.711458333333333
0.803333333333333
0.737083333333333
0.499166666666667
0.298541666666667
0.595
0.681458333333333
0.63125
0.5975
0.663958333333333
0.655625
0.603958333333333
0.793958333333333
0.788125
0.639583333333333
0.640833333333333
0.819166666666667
0.730833333333333
0.791666666666667
0.747708333333333
0.764166666666667
0.876666666666667
0.953541666666667
0.875416666666667
0.860625
0.74875
0.7125
0.711041666666667
0.692291666666667
0.696458333333333
0.865
0.869375
0.701666666666667
0.692708333333333
0.732708333333333
0.725208333333333
0.660208333333333
0.594375
0.593333333333333
0.754791666666667
0.77
0.628541666666667
0.494791666666667
0.568958333333333
0.522083333333333
0.617083333333333
0.53375
0.583541666666667
0.589791666666667
0.604375
0.45
0.61
0.668958333333333
0.642708333333333
0.75125
0.509375
0.650625
0.538125
0.470416666666667
0.621666666666667
0.849791666666667
0.822916666666667
0.732291666666667
0.68625
0.87125
0.688541666666667
0.664791666666667
0.667291666666667
0.683333333333333
0.780833333333333
0.675416666666667
0.688958333333333
0.705833333333333
0.896041666666667
0.81375
0.762708333333333
0.603541666666667
0.561041666666667
0.519166666666667
0.6175
0.647708333333333
0.650208333333333
0.631041666666667
0.6225
0.664791666666667
0.630416666666667
0.586458333333333
0.582708333333333
0.566875
0.624375
0.626041666666667
0.531458333333333
0.465
0.396041666666667
0.50125
0.741458333333333
0.59125
0.576458333333333
0.651041666666667
0.537083333333333
0.676666666666667
0.822083333333333
0.741458333333333
0.61625
0.584791666666667
0.561041666666667
0.568541666666667
0.607916666666667
0.59125
0.654375
0.677083333333333
0.492083333333333
0.408125
0.497916666666667
0.71625
0.712916666666667
0.747708333333333
0.706458333333333
0.633541666666667
0.61875
0.506875
0.481875
0.531875
0.654583333333333
0.653958333333333
0.606875
0.575208333333333
0.739791666666667
0.651041666666667
0.706458333333333
0.636666666666667
0.59375
0.606041666666667
0.518333333333333
0.510833333333333
0.537916666666667
0.638333333333333
0.615416666666667
0.743125
0.479791666666667
0.49
0.451041666666667
0.464583333333333
0.573125
0.534375
0.531666666666667
0.506458333333333
0.446041666666667
0.440833333333333
0.402916666666667
0.461458333333333
0.468125
0.506666666666667
0.556875
0.510833333333333
0.50625
0.466041666666667
0.510833333333333
0.585416666666667
0.531875
0.62
0.671041666666667
0.63
0.77125
0.670208333333333
0.648125
0.694375
0.781666666666667
0.747291666666667
0.746666666666667
0.783541666666667
0.807708333333333
0.858333333333333
0.7775
0.779583333333333
0.843541666666667
0.719166666666667
0.611458333333333
0.713125
0.816666666666667
0.85375
0.676041666666667
0.63
0.65625
0.695625
0.639375
0.685833333333333
0.79125
0.825416666666667
0.82625
0.822291666666667
0.773333333333333
0.7575
0.697916666666667
0.891458333333333
0.7625
0.761458333333333
0.779375
0.767083333333333
0.774166666666667
0.693125
0.665208333333333
0.700416666666667
0.735833333333333
0.720208333333333
0.7175
0.702083333333333
0.853958333333333
0.81
0.79125
0.741875
0.653333333333333
0.686458333333333
0.647291666666667
0.672083333333333
0.720208333333333
0.754375
0.757708333333333
0.850625
0.749583333333333
0.708333333333333
0.712083333333333
0.718125
0.864791666666667
0.740833333333333
0.730625
0.745208333333333
0.777916666666667
0.788125
0.795625
0.8
0.909166666666667
0.791458333333333
0.840833333333333
0.823541666666667
0.8225
0.785
0.787708333333333
0.790208333333333
0.777291666666667
0.762708333333333
0.792083333333333
0.713958333333333
0.739583333333333
0.809791666666667
0.736666666666667
0.812083333333333
0.82
0.786458333333333
0.753333333333333
0.754375
0.832083333333333
0.743333333333333
0.705
0.672916666666667
0.831041666666667
0.813958333333333
0.811041666666667
0.885833333333333
0.792708333333333
0.562708333333333
0.69375
0.756875
0.773958333333333
0.77125
0.739583333333333
0.795208333333333
0.778125
0.7475
0.815
0.794166666666667
0.777291666666667
0.788333333333333
0.824375
0.684166666666667
0.659375
0.89375
0.771458333333333
0.785833333333333
0.825625
0.730208333333333
0.665208333333333
0.737083333333333
0.674583333333333
0.795416666666667
0.767916666666667
0.777083333333333
0.816875
0.810208333333333
0.880833333333333
0.821041666666667
0.834583333333333
0.863125
0.920208333333333
0.844166666666667
0.779791666666667
0.808125
0.907708333333333
0.965833333333333
0.953125
0.911041666666667
0.888333333333333
0.88875
0.862291666666667
0.89
0.807916666666667
0.84125
0.876875
0.903958333333333
0.89
0.794791666666667
0.753125
0.823333333333333
0.790625
0.844791666666667
0.869166666666667
0.77375
