20000101
0.7575
0.8271
0.8642
0.8496
0.84
0.796
0.7825
0.8158
0.8977
0.8775
0.774
0.8115
0.8606
0.8523
0.9323
0.9185
0.8231
0.6571
0.6023
0.797
0.8185
0.7894
0.7583
0.6652
0.8067
0.821
0.8506
0.8938
0.8179
0.794
0.7608
0.85
0.8683
0.7804
0.599
0.7779
0.8463
0.7956
0.8438
0.8031
0.706
0.6646
0.7963
0.7546
0.581
0.7569
0.8569
0.8544
0.7973
0.7715
0.7121
0.7581
0.7973
0.7546
0.7794
0.7679
0.7698
0.8281
0.8288
0.7669
0.7738
0.6302
0.7263
0.7508
0.7723
0.8308
0.8223
0.7231
0.5771
0.4983
0.5294
0.6008
0.7823
0.6085
0.584
0.6135
0.644
0.6306
0.5971
0.6335
0.8019
0.7981
0.9392
0.7669
0.7725
0.9323
0.8839
0.8506
0.7527
0.6979
0.8346
0.801
0.8325
0.6504
0.7296
0.7454
0.7378
0.7404
0.8583
0.859
0.9213
0.8696
0.7394
0.6696
0.621
0.5681
0.7583
0.8048
0.6533
0.7144
0.7535
0.7273
0.649
0.9025
0.6992
0.6115
0.721
0.7442
0.9321
0.7477
0.7442
0.6423
0.6231
0.6094
0.7254
0.7315
0.7808
0.8248
0.8027
0.864
0.9579
0.7858
0.7102
0.684
0.6369
0.6254
0.6894
0.7598
0.8067
0.821
0.78
0.7679
0.9444
0.8269
0.731
0.715
0.6515
0.8673
0.7483
0.7304
0.7517
0.7858
0.7485
0.775
0.6865
0.5481
0.6302
0.7313
0.6919
0.5665
0.6896
0.9175
0.9531
0.8177
0.7969
0.85
0.5788
0.4192
-99
-99
-99
-99
-99
-99
0.6942
0.7833
0.9656
-99
-99
-99
0.6988
0.6821
0.6827
0.71
0.7888
0.6965
0.6477
0.5915
0.6352
0.6285
0.6554
0.866
0.8456
0.7463
0.7079
0.7725
0.7965
0.7417
0.7463
0.7652
0.6519
0.5592
0.586
0.561
0.765
0.7629
0.6888
0.634
-99
-99
-99
-99
-99
-99
-99
0.5122
0.9025
-99
-99
0.6043
0.6765
0.6367
0.6298
0.6373
0.6656
0.5956
0.5775
0.5315
0.4808
0.4975
0.5056
0.6417
0.6929
0.7602
0.6818
0.6613
0.5133
0.5277
0.6533
0.671
0.7067
0.6867
-99
0.6353
0.6952
0.7229
0.7892
0.7442
0.7198
0.7413
0.686
0.57
0.5571
0.5371
0.6167
0.6123
0.7704
0.7769
0.7935
0.7489
0.7465
0.888
0.8247
0.7406
0.7398
0.6146
0.7583
0.759
0.8248
0.8088
0.8644
0.7802
0.8867
0.8044
0.851
0.7744
0.7315
0.7894
0.8231
0.7463
0.7371
0.776
0.8119
0.9127
0.7685
0.9138
0.9465
0.82
0.8921
0.835
0.7994
0.8208
0.8325
0.8775
0.9381
0.9631
0.9275
0.8794
0.9152
0.8554
0.8733
0.9142
0.8492
0.7585
0.8852
0.7121
0.6552
0.7104
0.7471
0.7013
0.5531
0.456
0.5502
0.6879
0.7563
0.7846
0.7146
0.8046
0.8652
0.8498
0.7658
0.7954
0.8075
0.789
0.8713
0.8183
0.7067
0.8808
0.8013
0.8008
0.8188
0.8833
0.8685
0.9148
0.9256
0.8488
0.8252
0.855
0.8688
0.8671
0.8679
0.8356
0.5835
0.6477
0.6571
0.8275
0.9215
0.886
0.7183
0.885
0.811
0.7673
0.8058
0.8862
0.8883
0.97
0.9644
0.9625
0.9581
0.8044
0.6277
0.8413
0.7467
0.6904
0.6892
0.4602
0.7063
0.591
0.6429
0.6329
0.5765
0.9196
0.8525
0.8092
0.7673
0.6992
0.8952
0.9021
0.9038
0.9754
0.98
0.9438
0.8938
0.8754
0.8929
0.8558
0.8617
0.805
0.5675
0.5358
0.6004
0.6244
0.7121
0.9206
0.7904
0.6006
0.7177
0.6963
0.7913
0.7458
0.6627
0.6238
0.6292
0.7004
0.5565
0.7685
0.77
0.7906
0.8933
0.9567
0.9448
0.7123
0.7246
0.7881
0.741
0.7721
0.7135
0.7694
0.655
0.7363
0.9221
0.9033
0.6442
0.6025
0.6233
0.556
0.7175
0.4792
0.5367
0.8344
0.7904
0.8433
0.8556
0.794
0.809
0.7729
0.8113
0.7638
0.7992
0.7088
0.8752
0.7219
0.7146
0.7196
0.5979
0.5979
0.6108
0.6148
0.4354
0.5131
0.8252
0.7792
0.7696
0.7717
0.6906
0.6802
0.7179
0.6669
0.7521
0.7296
0.7854
0.779
0.899
0.716
0.7556
0.7233
0.6269
0.4075
0.6844
0.7096
0.7231
0.8123
0.7679
0.7963
0.8523
0.8038
0.6602
0.5844
0.6808
0.6396
0.6588
0.6994
0.7369
0.7654
0.7096
0.8613
0.8063
0.8958
0.8438
0.8513
0.8885
0.77
0.8267
0.7771
0.721
0.7458
0.6823
0.6771
0.6454
0.6994
0.3669
0.5329
0.8485
0.7906
0.5169
0.4213
0.6852
0.846
0.8252
0.8352
0.6627
0.5842
0.5842
0.5217
0.485
0.4731
0.6113
0.689
0.7325
0.7419
0.6444
0.6871
0.7392
0.709
0.6233
0.7771
0.9213
0.6921
0.7148
0.6956
0.6956
0.6154
0.6142
0.7025
0.6265
0.627
0.57
0.5033
0.4838
0.4279
0.5525
0.5892
0.576
0.6196
0.6552
0.5573
0.4683
0.5317
0.5431
0.681
0.6846
0.7652
0.5852
0.6929
0.7031
0.6452
0.5979
0.7194
0.7588
0.6873
0.6779
0.8235
0.7719
0.6696
0.654
0.8617
0.7417
0.7056
0.6452
0.6579
0.6335
0.6163
0.55
0.4969
0.621
0.5829
0.5579
0.5342
0.519
0.5973
0.6865
0.7013
0.7096
0.7627
0.7273
0.6817
0.5788
0.6273
0.6896
0.6215
0.5829
0.6279
0.6838
0.6567
0.6617
0.6902
0.7633
0.6712
0.7021
0.6556
0.6002
0.5821
0.5642
0.6927
0.5788
0.4125
0.5904
0.8091
0.7973
0.6979
0.6988
0.7235
0.7325
0.7169
0.7275
0.6404
0.6785
0.7271
0.6833
0.6467
0.6548
0.7529
0.6688
0.6513
0.6715
0.7455
0.7619
0.799
0.7988
0.7525
0.8988
0.7258
0.8633
0.8135
0.8046
0.8004
0.884
0.9088
0.8829
0.7825
0.7823
0.7979
0.7577
0.8565
0.8219
0.6071
0.6056
0.9048
0.8038
0.7579
0.7238
0.8021
0.8288
0.8071
0.7613
0.8713
0.8479
0.8388
0.8173
0.5481
0.71
0.75
0.7877
0.7979
0.8273
0.82
0.8485
0.8742
0.7758
0.8765
0.6271
0.5602
0.7692
0.7723
0.8058
0.795
0.7467
0.7927
0.5404
0.3656
0.5981
0.871
0.749
0.5881
0.7868
0.9419
0.9369
0.8804
0.8773
0.9007
0.8613
0.8663
0.8231
0.8115
0.8013
0.8546
0.8369
0.8058
0.834
0.8165
0.8142
0.8906
0.8454
0.8794
0.8096
0.8092
0.7156
0.8588
0.8383
0.7863
0.7667
0.8363
0.8456
0.9323
0.7846
0.7169
0.8779
0.9043
0.899
0.8552
0.8519
0.8535
0.7904
0.7023
0.6225
0.6683
0.7998
0.6929
0.6606
0.7556
0.7796
0.6215
0.9538
0.9606
0.97
0.9369
0.909
0.8948
0.9748
0.9142
0.9308
0.865
0.8171
0.9242
0.8533
0.9142
0.8265
0.8308
0.7625
0.8123
0.7994
0.7196
0.8339
0.649
0.7767
0.8469
0.6671
0.6175
0.7031
0.7806
0.9121
0.8819
0.8081
0.7581
0.8517
0.8473
0.7858
0.6748
0.4108
0.4675
0.5504
0.6942
0.7885
0.6669
0.7713
0.97
0.9454
0.9513
0.9679
0.7411
0.7813
0.6723
0.4281
0.5646
0.7031
0.7454
0.7925
0.775
0.6108
0.7358
0.7992
0.9271
0.7775
0.7244
0.9192
0.84
0.7656
0.744
0.7188
0.7598
0.7685
0.8533
0.8171
0.6894
0.6348
0.7913
0.8202
0.5146
0.6983
0.733
0.6925
0.7265
0.7169
0.6579
0.7417
0.7654
0.6748
0.696
0.8785
0.8457
0.9276
0.9565
0.8404
0.9635
0.7591
-99
-99
-99
-99
-99
-99
-99
-99
-99
-99
0.835
0.8423
0.7833
0.7131
0.7408
0.725
0.6144
0.6263
0.5873
0.5877
0.605
0.709
0.8156
0.7969
0.7104
0.6517
0.8069
0.946
0.8133
0.8188
0.8581
0.791
0.8321
0.9629
0.9148
0.8925
0.9735
0.8283
0.6792
0.7108
0.6815
0.6638
0.675
0.7869
0.6896
0.6856
0.5892
0.7427
0.8765
0.75
0.7283
0.7469
0.78
0.8069
0.7385
0.7329
0.619
0.6648
0.6725
0.54
0.7983
0.8263
0.8554
0.7196
0.9615
0.744
0.7696
0.7179
0.7235
0.6838
0.5815
0.5465
0.5394
0.5531
0.5492
0.5944
0.6477
0.6106
0.65
0.6152
0.6367
0.7094
0.7296
0.7347
0.6923
0.754
0.7798
0.7533
0.7321
0.6652
0.7215
0.7517
0.7819
0.7408
0.7654
0.7271
0.7002
0.5679
0.5933
-99
-99
0.7169
0.798
0.6808
0.6571
0.6927
0.645
-99
0.6029
0.5773
0.67
0.7506
0.7319
0.6963
0.6927
0.6177
0.7521
0.8633
0.8642
0.6935
0.7158
0.7588
0.75
0.7556
0.7165
0.8125
0.8048
0.875
0.6608
0.6813
0.7629
0.7842
0.7508
0.5817
0.6146
0.691
0.731
0.7196
0.7368
0.7696
0.7196
0.8529
0.8033
0.8506
0.9104
0.7352
0.7246
0.749
0.7594
0.7106
0.8104
0.7977
0.8198
0.8254
0.8263
0.794
0.8315
0.7144
0.7117
0.7548
0.7542
0.7896
0.7158
0.7542
0.8244
0.8133
0.8
0.7673
0.8579
0.8498
0.809
0.701
0.6521
0.6533
-99
0.7027
0.6885
0.7663
0.8108
0.7815
0.8429
0.785
0.7119
0.8117
0.8017
0.7656
0.8335
0.959
0.9056
0.8388
0.8392
0.8079
0.7865
0.7421
0.7038
0.6617
0.726
0.756
0.7371
0.761
0.4781
0.7444
0.7802
0.7252
0.8063
0.8244
0.8488
0.8619
0.8171
0.915
0.8548
0.8238
0.8046
0.7263
0.76
0.7879
0.6671
0.66
0.731
0.7538
0.839
0.8317
0.6435
0.7817
0.8525
0.7058
0.8225
0.7813
0.8467
0.9444
0.7371
0.6556
0.7377
0.945
0.8979
0.8088
0.8535
0.8188
0.7826
0.7765
0.8879
0.8727
0.8269
0.8292
0.7373
0.7404
0.871
0.8883
0.9585
0.9646
0.9208
0.8035
0.8681
0.8281
0.7833
0.831
0.8569
0.8867
0.8623
0.8579
0.8863
0.8921
0.9285
0.9027
0.8546
0.8335
0.7806
0.7654
0.8442
0.864
0.8761
0.8863
0.6004
0.614
0.7679
0.8696
0.9306
0.8698
0.9273
0.9181
0.8748
0.8423
0.8271
0.7754
0.7171
0.7702
0.7833
0.7725
0.8377
0.8577
0.7656
0.5992
0.8056
0.7498
0.4244
0.5129
0.68
0.6465
0.6965
0.6594
0.6088
0.4335
0.4988
0.7327
0.7102
0.649
0.6325
0.7263
0.8485
0.7104
0.7792
0.7356
0.7702
0.8058
0.7883
0.7779
0.7056
0.7446
0.7519
0.674
0.9335
0.9617
0.9194
0.9125
0.8767
0.8963
0.9665
0.9781
0.9075
0.8102
0.83
0.8398
0.8698
0.8377
0.8183
0.9223
0.8513
0.8588
0.8538
0.76
0.8321
0.8279
0.7375
0.726
0.8715
0.7358
0.7502
0.6858
0.6278
0.6169
0.6738
0.7085
0.7688
0.7631
0.7504
0.8023
0.8063
0.9421
0.9181
0.9669
0.8308
0.8248
0.8992
0.4702
0.5181
0.6527
0.6017
0.6371
0.7971
0.7938
0.7969
0.7471
0.7683
0.7698
0.9104
0.7539
0.6917
0.6242
0.6804
0.6842
0.7169
0.7677
0.7604
0.6927
0.6846
0.6748
0.8304
0.6933
0.6125
0.7981
0.724
0.6398
0.7467
0.7527
0.6644
0.791
0.6669
0.8058
0.7435
0.6883
0.7446
0.7596
0.6896
0.7519
0.7144
0.7577
0.7746
0.8652
0.7594
0.7471
0.809
0.7744
0.7742
0.7033
0.6965
0.8706
0.8677
0.6621
0.6475
0.6373
0.6367
0.6171
0.6115
0.7402
0.6448
0.6908
0.7544
0.6715
0.6021
0.6079
0.5983
0.5781
0.5773
0.5198
0.4931
0.5167
0.5738
0.5708
0.7085
0.756
0.574
0.4841
0.4408
0.3658
0.4735
0.6556
0.7367
0.7023
0.7763
0.77
0.7348
0.5525
0.4179
0.6206
0.6629
0.7044
0.6694
0.7342
0.6169
0.6665
0.6598
0.5756
0.5088
0.4963
0.4735
0.6006
0.7077
0.5806
0.6681
0.6835
0.7019
0.7356
0.6444
0.6735
0.6406
0.7119
0.6608
0.6404
0.7158
0.6708
0.6852
0.7538
0.7667
0.6929
0.5569
0.5602
0.5129
0.4894
0.4523
0.4335
0.4913
0.5542
0.509
0.4044
0.3708
0.372
0.3654
0.5827
0.7173
0.8215
0.7065
0.5754
0.6554
0.6729
0.6656
0.596
0.6158
0.7094
0.6725
0.6452
0.6325
0.4296
0.6348
0.7075
0.7656
0.7465
0.6552
0.7329
0.8513
0.795
0.9096
0.7515
0.7863
0.6908
0.7469
0.7365
0.7527
0.6283
0.55
0.5925
0.6215
0.6736
0.7296
0.7633
0.7665
0.7994
0.8135
0.7619
0.7371
0.8113
0.9625
0.8773
0.8606
0.9223
0.7556
0.7421
0.5165
0.8365
0.8604
0.7427
0.7279
0.809
0.764
0.7967
0.8256
0.8485
0.925
0.839
0.9237
0.7963
0.9673
0.8869
0.9152
0.6681
0.7677
0.8888
0.7604
0.7744
0.6938
0.9025
0.9015
0.9063
0.7042
0.7448
0.7131
0.8075
0.8531
0.7742
0.7498
0.7842
0.8254
0.8438
0.9296
0.961
0.9292
0.8835
0.9092
0.9002
0.8827
0.8796
0.9615
0.8419
0.7094
0.7608
0.8933
0.8975
0.9515
0.9533
0.8796
0.851
0.7571
0.6729
0.8131
0.8338
0.8248
0.9296
0.9525
0.96
0.8338
0.9048
0.8733
0.9165
0.8615
0.8481
0.8663
0.8358
0.8088
0.8654
0.8815
0.8669
0.8854
0.8852
0.8698
0.9066
0.8815
0.8313
0.6421
0.5875
0.7531
0.86
0.8592
0.8315
0.8631
0.8644
0.8458
0.8065
0.7663
0.6306
0.7104
0.8328
0.8679
0.871
0.9154
0.906
0.8515
0.8567
0.881
0.851
0.731
0.8167
0.8008
0.7434
0.6913
0.7535
0.5163
0.71
0.7773
0.8683
0.8642
0.9131
0.831
0.8575
0.956
0.8575
0.7819
0.7127
0.7306
0.8535
0.9106
0.8881
0.9044
0.8819
0.916
0.8446
0.784
0.7346
0.6794
0.6369
0.6085
0.7146
0.8346
0.8
0.9371
0.7771
0.8217
0.8595
0.8788
0.9615
0.8725
0.8294
0.8331
0.9408
0.9627
0.834
0.7129
0.8298
0.6969
0.6229
0.6108
0.6188
0.6863
0.8025
0.8063
0.7463
0.7754
0.8656
0.7456
0.8883
0.964
0.869
0.7969
0.7781
0.7854
0.8321
0.7747
0.7867
0.8377
0.8742
0.7152
0.6746
0.7823
0.786
0.934
0.7681
0.826
0.9156
0.8073
0.7163
0.7925
0.6842
0.6761
0.744
0.841
0.8915
0.9242
0.7802
0.7256
0.6515
0.7458
0.6998
0.8482
0.7852
0.9492
0.7935
0.7525
0.7727
0.6967
0.6406
0.8633
0.6871
0.6671
0.6344
0.6433
0.6142
0.6958
0.9469
0.7656
0.7463
0.8085
0.9098
0.7629
0.9238
0.78
0.8388
0.769
0.7775
0.8804
0.916
0.786
0.794
0.7644
0.6921
0.6356
0.7038
0.6783
0.6808
0.6421
0.7448
0.8225
0.776
0.6858
0.6531
0.6827
0.7448
0.7098
0.6796
0.7869
0.84
0.8342
0.8094
0.7575
0.644
0.6331
0.631
0.6075
0.7144
-99
-99
-99
-99
-99
-99
-99
-99
-99
-99
-99
-99
-99
-99
-99
-99
-99
-99
-99
-99
-99
-99
-99
-99
-99
-99
-99
-99
-99
-99
-99
-99
-99
-99
-99
-99
-99
-99
-99
-99
-99
-99
-99
-99
-99
-99
-99
-99
-99
-99
-99
-99
-99
-99
-99
-99
-99
-99
-99
-99
-99
-99
-99
-99
-99
-99
-99
-99
-99
-99
-99
-99
-99
-99
-99
-99
-99
-99
-99
-99
-99
-99
-99
-99
-99
-99
-99
-99
-99
-99
-99
-99
-99
-99
-99
-99
-99
-99
-99
-99
-99
-99
-99
-99
-99
-99
-99
-99
-99
-99
-99
-99
-99
-99
-99
-99
-99
-99
-99
-99
-99
-99
-99
-99
-99
-99
-99
-99
-99
-99
-99
-99
-99
-99
-99
-99
-99
-99
-99
-99
-99
-99
-99
-99
-99
-99
-99
-99
-99
-99
-99
-99
-99
-99
-99
-99
-99
-99
-99
-99
-99
-99
-99
-99
-99
-99
-99
-99
-99
-99
-99
-99
-99
-99
-99
-99
-99
-99
-99
-99
-99
-99
-99
-99
-99
-99
-99
-99
-99
-99
-99
-99
-99
-99
-99
-99
-99
-99
-99
-99
-99
-99
-99
-99
-99
-99
-99
-99
-99
-99
-99
-99
-99
-99
-99
-99
-99
-99
-99
-99
-99
-99
-99
-99
-99
-99
-99
-99
-99
-99
-99
-99
-99
-99
-99
-99
-99
-99
-99
-99
-99
-99
-99
-99
-99
-99
-99
-99
-99
-99
-99
-99
-99
-99
-99
-99
-99
-99
-99
-99
-99
-99
-99
-99
-99
-99
-99
-99
-99
-99
-99
-99
-99
-99
-99
-99
-99
-99
-99
-99
-99
-99
-99
-99
-99
-99
-99
-99
-99
-99
-99
-99
-99
-99
-99
-99
-99
-99
-99
-99
-99
-99
-99
-99
-99
-99
-99
-99
-99
-99
-99
-99
-99
-99
-99
-99
-99
-99
-99
-99
-99
-99
-99
-99
-99
-99
-99
-99
-99
-99
-99
-99
-99
-99
-99
-99
-99
-99
-99
-99
-99
-99
-99
-99
-99
-99
-99
-99
-99
-99
-99
-99
-99
-99
-99
-99
-99
-99
-99
-99
-99
-99
-99
-99
-99
-99
-99
-99
-99
-99
-99
-99
-99
-99
-99
-99
-99
-99
-99
-99
-99
-99
-99
-99
-99
-99
-99
-99
-99
-99
-99
-99
-99
-99
-99
-99
-99
-99
-99
-99
-99
-99
-99
-99
-99
-99
-99
-99
-99
-99
-99
-99
-99
-99
-99
-99
-99
-99
-99
-99
-99
-99
-99
-99
-99
-99
-99
-99
-99
-99
-99
-99
-99
-99
-99
-99
-99
-99
-99
-99
-99
-99
-99
-99
-99
-99
-99
-99
-99
-99
-99
-99
-99
-99
-99
-99
-99
-99
-99
-99
-99
-99
-99
-99
-99
-99
-99
-99
-99
-99
-99
-99
-99
-99
-99
-99
-99
-99
-99
-99
-99
-99
-99
-99
-99
-99
-99
-99
-99
-99
-99
-99
-99
-99
-99
-99
-99
-99
-99
-99
-99
-99
-99
-99
-99
-99
-99
-99
-99
-99
-99
-99
-99
-99
-99
-99
-99
-99
-99
-99
-99
-99
-99
-99
-99
-99
-99
-99
-99
-99
-99
-99
-99
-99
-99
-99
-99
-99
-99
-99
-99
-99
-99
-99
-99
-99
-99
-99
-99
-99
-99
-99
-99
-99
-99
-99
-99
-99
-99
-99
-99
-99
-99
-99
-99
-99
-99
-99
-99
-99
-99
-99
-99
-99
-99
-99
-99
-99
-99
-99
-99
-99
-99
-99
-99
-99
-99
-99
-99
-99
-99
-99
-99
-99
-99
-99
-99
-99
-99
-99
-99
-99
-99
-99
-99
-99
-99
-99
-99
-99
-99
-99
-99
-99
-99
-99
-99
-99
-99
-99
-99
-99
-99
-99
-99
-99
-99
-99
-99
-99
-99
-99
-99
-99
-99
-99
-99
-99
-99
-99
-99
-99
-99
-99
-99
-99
-99
-99
-99
-99
-99
-99
-99
-99
-99
-99
-99
-99
-99
-99
-99
-99
-99
-99
-99
-99
-99
-99
-99
-99
-99
-99
-99
-99
-99
-99
-99
-99
-99
-99
-99
-99
-99
-99
-99
-99
-99
-99
-99
-99
-99
-99
-99
-99
-99
-99
-99
-99
-99
-99
-99
-99
-99
-99
-99
-99
-99
-99
-99
-99
-99
-99
-99
-99
-99
-99
-99
-99
-99
-99
-99
-99
-99
-99
-99
-99
-99
-99
-99
-99
-99
-99
-99
-99
-99
-99
-99
-99
-99
-99
-99
-99
-99
-99
-99
-99
-99
-99
-99
-99
-99
-99
-99
-99
-99
-99
-99
-99
-99
-99
-99
-99
-99
-99
-99
-99
-99
-99
-99
-99
-99
-99
-99
-99
-99
-99
-99
-99
-99
-99
-99
-99
-99
-99
-99
-99
-99
-99
-99
-99
-99
-99
-99
-99
-99
-99
-99
-99
-99
-99
-99
-99
-99
-99
-99
-99
-99
-99
-99
-99
-99
-99
-99
-99
-99
-99
-99
-99
-99
-99
-99
-99
-99
-99
-99
-99
-99
-99
-99
-99
-99
-99
-99
-99
-99
-99
-99
-99
-99
-99
-99
-99
-99
-99
-99
-99
-99
-99
-99
-99
-99
-99
-99
-99
-99
-99
-99
-99
-99
-99
-99
-99
-99
-99
-99
-99
-99
-99
-99
-99
-99
-99
-99
-99
-99
-99
-99
-99
-99
-99
-99
-99
-99
-99
-99
-99
-99
-99
-99
-99
-99
-99
-99
-99
-99
-99
-99
-99
-99
-99
-99
-99
-99
-99
-99
-99
-99
-99
-99
-99
-99
-99
-99
-99
-99
-99
-99
-99
-99
-99
-99
-99
-99
-99
-99
-99
-99
-99
-99
-99
-99
-99
-99
-99
-99
-99
-99
-99
-99
-99
-99
-99
-99
-99
-99
-99
-99
-99
-99
-99
-99
-99
-99
-99
-99
-99
-99
-99
-99
-99
-99
-99
-99
-99
-99
-99
-99
-99
-99
-99
-99
-99
-99
-99
-99
-99
-99
-99
-99
-99
-99
-99
-99
-99
-99
-99
-99
-99
-99
-99
-99
-99
-99
-99
-99
-99
-99
-99
-99
-99
-99
-99
-99
-99
-99
-99
-99
-99
-99
-99
-99
-99
-99
-99
-99
-99
-99
-99
-99
-99
-99
-99
-99
-99
-99
-99
-99
-99
-99
-99
-99
-99
-99
-99
-99
-99
-99
-99
-99
-99
-99
-99
-99
-99
-99
-99
-99
-99
-99
-99
-99
-99
-99
-99
-99
-99
-99
-99
-99
-99
-99
-99
-99
-99
-99
-99
-99
-99
-99
-99
-99
-99
-99
-99
-99
-99
-99
-99
-99
-99
-99
-99
-99
-99
-99
-99
-99
-99
-99
-99
-99
-99
-99
-99
-99
-99
-99
-99
-99
-99
-99
-99
-99
-99
-99
-99
-99
-99
-99
-99
-99
-99
-99
-99
-99
-99
-99
-99
-99
-99
-99
-99
-99
-99
-99
-99
-99
-99
-99
-99
-99
-99
-99
-99
-99
-99
-99
-99
-99
-99
-99
-99
-99
-99
-99
-99
-99
-99
-99
-99
-99
-99
-99
-99
-99
-99
-99
-99
-99
-99
-99
-99
-99
-99
-99
-99
-99
-99
-99
-99
-99
-99
-99
-99
-99
-99
-99
-99
-99
-99
-99
-99
-99
-99
-99
-99
-99
-99
-99
-99
-99
-99
-99
-99
-99
-99
-99
-99
-99
-99
-99
-99
-99
-99
-99
-99
-99
-99
-99
-99
-99
-99
-99
-99
-99
-99
-99
-99
-99
-99
-99
-99
-99
-99
-99
-99
-99
-99
-99
-99
-99
-99
-99
-99
-99
-99
-99
-99
-99
-99
-99
-99
-99
-99
-99
-99
-99
-99
-99
-99
-99
-99
-99
-99
-99
-99
-99
-99
-99
-99
-99
-99
-99
-99
-99
-99
-99
-99
-99
-99
-99
-99
-99
-99
-99
-99
-99
-99
-99
-99
-99
-99
-99
-99
-99
-99
-99
-99
-99
-99
-99
-99
-99
-99
-99
-99
-99
-99
-99
-99
-99
-99
-99
-99
-99
-99
-99
-99
-99
-99
-99
-99
-99
-99
-99
-99
-99
-99
-99
-99
-99
-99
-99
-99
-99
-99
-99
-99
-99
-99
-99
-99
-99
-99
-99
-99
-99
-99
-99
-99
-99
-99
-99
-99
-99
-99
-99
-99
-99
-99
-99
-99
-99
-99
-99
-99
-99
-99
-99
-99
-99
-99
-99
-99
-99
-99
-99
-99
-99
-99
-99
-99
-99
-99
-99
-99
-99
-99
-99
-99
-99
-99
-99
-99
-99
-99
-99
-99
-99
-99
-99
-99
-99
-99
-99
-99
-99
-99
-99
-99
-99
-99
-99
-99
-99
-99
-99
-99
-99
-99
-99
-99
-99
-99
-99
-99
-99
-99
-99
-99
-99
-99
-99
-99
-99
-99
-99
-99
-99
-99
-99
-99
-99
-99
-99
-99
-99
-99
-99
-99
-99
-99
-99
-99
-99
-99
-99
-99
-99
-99
-99
-99
-99
-99
-99
-99
-99
-99
-99
-99
-99
-99
-99
-99
-99
-99
-99
-99
-99
-99
-99
-99
-99
-99
-99
-99
-99
-99
-99
-99
-99
-99
-99
-99
-99
-99
-99
-99
-99
-99
-99
-99
-99
-99
-99
-99
-99
-99
-99
-99
-99
-99
-99
-99
-99
-99
-99
-99
-99
-99
-99
-99
-99
-99
-99
-99
-99
-99
-99
-99
-99
-99
-99
-99
-99
-99
-99
-99
-99
-99
-99
-99
-99
-99
-99
-99
-99
-99
-99
-99
-99
-99
-99
-99
-99
-99
-99
-99
-99
-99
-99
-99
-99
-99
-99
-99
-99
-99
-99
-99
-99
-99
-99
-99
-99
-99
-99
-99
-99
-99
-99
-99
-99
-99
-99
-99
-99
-99
-99
-99
-99
-99
-99
-99
-99
-99
-99
-99
-99
-99
-99
-99
-99
-99
-99
-99
-99
-99
-99
-99
-99
-99
-99
-99
-99
-99
-99
-99
-99
-99
-99
-99
-99
-99
-99
-99
-99
-99
-99
-99
-99
-99
-99
-99
-99
-99
-99
-99
-99
-99
-99
-99
-99
-99
-99
-99
-99
-99
-99
-99
-99
-99
-99
-99
-99
-99
-99
-99
-99
-99
-99
-99
-99
-99
-99
-99
-99
-99
-99
-99
-99
-99
-99
-99
-99
-99
-99
-99
-99
-99
-99
-99
-99
-99
-99
-99
-99
-99
-99
-99
-99
-99
-99
-99
-99
-99
-99
-99
-99
-99
-99
-99
-99
-99
-99
-99
-99
-99
-99
-99
-99
-99
-99
-99
-99
-99
-99
-99
-99
-99
-99
-99
-99
-99
-99
-99
-99
-99
-99
-99
-99
-99
-99
-99
-99
-99
-99
-99
-99
-99
-99
-99
-99
-99
-99
-99
-99
-99
-99
-99
-99
-99
-99
-99
-99
-99
-99
-99
-99
-99
-99
-99
-99
-99
-99
-99
-99
-99
-99
-99
-99
-99
-99
-99
-99
-99
-99
-99
-99
-99
-99
-99
-99
-99
-99
-99
-99
-99
-99
-99
-99
-99
-99
-99
-99
-99
-99
-99
-99
-99
-99
-99
-99
-99
-99
-99
-99
-99
-99
-99
-99
-99
-99
-99
-99
-99
-99
-99
-99
-99
-99
-99
-99
-99
-99
-99
-99
-99
-99
-99
-99
-99
-99
-99
-99
-99
-99
-99
-99
-99
-99
-99
-99
-99
-99
-99
-99
-99
-99
-99
-99
-99
-99
-99
-99
-99
-99
-99
-99
-99
-99
-99
-99
-99
-99
-99
-99
-99
-99
-99
-99
-99
-99
-99
-99
-99
-99
-99
-99
-99
-99
-99
-99
-99
-99
-99
-99
-99
-99
-99
-99
-99
-99
-99
-99
-99
-99
-99
-99
-99
-99
-99
-99
-99
-99
-99
-99
-99
-99
-99
-99
-99
-99
-99
-99
-99
-99
-99
-99
-99
-99
-99
-99
-99
-99
-99
-99
-99
-99
-99
-99
-99
-99
-99
-99
-99
-99
-99
-99
-99
-99
-99
-99
-99
-99
-99
-99
-99
-99
-99
-99
-99
-99
-99
-99
-99
-99
-99
-99
-99
-99
-99
-99
-99
-99
-99
-99
-99
-99
-99
-99
-99
-99
-99
-99
-99
-99
-99
-99
-99
-99
-99
-99
-99
-99
-99
-99
-99
-99
-99
-99
-99
-99
-99
-99
-99
-99
-99
-99
-99
-99
-99
-99
-99
-99
-99
-99
-99
-99
-99
-99
-99
-99
-99
-99
-99
-99
-99
-99
-99
-99
-99
-99
-99
-99
-99
-99
-99
-99
-99
-99
-99
-99
-99
-99
-99
-99
-99
-99
-99
-99
-99
-99
-99
-99
-99
-99
-99
-99
-99
-99
-99
-99
-99
-99
-99
-99
-99
-99
-99
-99
-99
-99
-99
-99
-99
-99
-99
-99
-99
-99
-99
-99
-99
-99
-99
-99
-99
-99
-99
-99
-99
-99
-99
-99
-99
-99
-99
-99
-99
-99
-99
-99
-99
-99
-99
-99
-99
-99
-99
-99
-99
-99
-99
-99
-99
-99
-99
-99
-99
-99
-99
-99
-99
-99
-99
-99
-99
-99
-99
-99
-99
-99
-99
-99
-99
-99
-99
-99
-99
-99
-99
-99
-99
-99
-99
-99
-99
-99
-99
-99
-99
-99
-99
-99
-99
-99
-99
-99
-99
-99
-99
-99
-99
-99
-99
-99
-99
-99
-99
-99
-99
-99
-99
-99
-99
-99
-99
-99
-99
-99
-99
-99
-99
-99
-99
-99
-99
-99
-99
-99
-99
-99
-99
-99
-99
-99
-99
-99
-99
-99
-99
-99
-99
-99
-99
-99
-99
-99
-99
-99
-99
-99
-99
-99
-99
-99
-99
-99
-99
-99
-99
-99
-99
-99
-99
-99
-99
-99
-99
-99
-99
-99
-99
-99
-99
-99
-99
-99
-99
-99
-99
-99
-99
-99
-99
-99
-99
-99
-99
-99
-99
-99
-99
-99
-99
-99
-99
-99
-99
-99
-99
-99
-99
-99
-99
-99
-99
-99
-99
-99
-99
-99
-99
-99
-99
-99
-99
-99
-99
-99
-99
-99
-99
-99
-99
-99
-99
-99
-99
-99
-99
-99
-99
-99
-99
-99
-99
-99
-99
-99
-99
-99
-99
-99
-99
-99
-99
-99
-99
-99
-99
-99
-99
-99
-99
-99
-99
-99
-99
-99
-99
-99
-99
-99
-99
-99
-99
-99
-99
-99
-99
-99
-99
-99
-99
-99
-99
-99
-99
-99
-99
-99
-99
-99
-99
-99
-99
-99
-99
-99
-99
-99
-99
-99
-99
-99
-99
-99
-99
-99
-99
-99
-99
-99
-99
-99
-99
-99
-99
-99
-99
-99
-99
-99
-99
-99
-99
-99
-99
-99
-99
-99
-99
-99
-99
-99
-99
-99
-99
-99
-99
-99
-99
-99
-99
-99
-99
-99
-99
-99
-99
-99
-99
-99
-99
-99
-99
-99
-99
-99
-99
-99
-99
-99
-99
-99
-99
-99
-99
-99
-99
-99
-99
-99
-99
-99
-99
-99
-99
-99
-99
-99
-99
-99
-99
-99
-99
-99
-99
-99
-99
-99
-99
-99
-99
-99
-99
-99
-99
-99
-99
-99
-99
-99
-99
-99
-99
-99
-99
-99
-99
-99
-99
-99
-99
-99
-99
-99
-99
-99
-99
-99
-99
-99
-99
-99
-99
-99
-99
-99
-99
-99
-99
-99
-99
-99
-99
-99
-99
-99
-99
-99
-99
-99
-99
-99
-99
-99
-99
-99
-99
-99
-99
-99
-99
-99
-99
-99
-99
-99
-99
-99
-99
-99
-99
-99
-99
-99
-99
-99
-99
-99
-99
-99
-99
-99
-99
-99
-99
-99
-99
-99
-99
-99
-99
-99
-99
-99
-99
-99
-99
-99
-99
-99
-99
-99
-99
-99
-99
-99
-99
-99
-99
-99
-99
-99
-99
-99
-99
-99
-99
-99
-99
-99
-99
-99
-99
-99
-99
-99
-99
-99
-99
-99
-99
-99
-99
-99
-99
-99
-99
-99
-99
-99
-99
-99
-99
-99
-99
-99
-99
-99
-99
-99
-99
-99
-99
-99
-99
-99
-99
-99
-99
-99
-99
-99
-99
-99
-99
-99
-99
-99
-99
-99
-99
-99
-99
-99
-99
-99
-99
-99
-99
-99
-99
-99
-99
-99
-99
-99
-99
-99
-99
-99
-99
-99
-99
-99
-99
-99
-99
-99
-99
-99
-99
-99
-99
-99
-99
-99
-99
-99
-99
-99
-99
-99
-99
-99
-99
-99
-99
-99
-99
-99
-99
-99
-99
-99
-99
-99
-99
-99
-99
-99
-99
-99
-99
-99
-99
-99
-99
-99
-99
-99
-99
-99
-99
-99
-99
-99
-99
-99
-99
-99
-99
-99
-99
-99
-99
-99
-99
-99
-99
-99
-99
-99
-99
-99
-99
-99
-99
-99
-99
-99
-99
-99
-99
-99
-99
-99
-99
-99
-99
-99
-99
-99
-99
-99
-99
-99
-99
-99
-99
-99
-99
-99
-99
-99
-99
-99
-99
-99
-99
-99
-99
-99
-99
-99
-99
-99
-99
-99
-99
-99
-99
-99
-99
-99
-99
-99
-99
-99
-99
-99
-99
-99
-99
-99
-99
-99
-99
-99
-99
-99
-99
-99
-99
-99
-99
-99
-99
-99
-99
-99
-99
-99
-99
-99
-99
-99
-99
-99
-99
-99
-99
-99
-99
-99
-99
-99
-99
-99
-99
-99
-99
-99
-99
-99
-99
-99
-99
-99
-99
-99
-99
-99
-99
-99
-99
-99
-99
-99
-99
-99
-99
-99
-99
-99
-99
-99
-99
-99
-99
-99
-99
-99
-99
-99
-99
-99
-99
-99
-99
-99
-99
-99
-99
-99
-99
-99
-99
-99
-99
-99
-99
-99
-99
-99
-99
-99
-99
-99
-99
-99
-99
-99
-99
-99
-99
-99
-99
-99
-99
-99
-99
-99
-99
-99
-99
-99
-99
-99
-99
-99
-99
-99
-99
-99
-99
-99
-99
-99
-99
-99
-99
-99
-99
-99
-99
-99
-99
-99
-99
-99
-99
-99
-99
-99
-99
-99
-99
-99
-99
-99
-99
-99
-99
-99
-99
-99
-99
-99
-99
-99
-99
-99
-99
-99
-99
-99
-99
-99
-99
-99
-99
-99
-99
-99
-99
-99
-99
-99
-99
-99
-99
-99
-99
-99
-99
-99
-99
-99
-99
-99
-99
-99
-99
-99
-99
-99
-99
-99
-99
-99
-99
-99
-99
-99
-99
-99
-99
-99
-99
-99
-99
-99
-99
-99
-99
-99
-99
-99
-99
-99
-99
-99
-99
-99
-99
-99
-99
-99
-99
-99
-99
-99
-99
-99
-99
-99
-99
-99
-99
-99
-99
-99
-99
-99
-99
-99
-99
-99
-99
-99
-99
-99
-99
-99
-99
-99
-99
-99
-99
-99
-99
-99
-99
-99
-99
-99
-99
-99
-99
-99
-99
-99
-99
-99
-99
-99
-99
-99
-99
-99
-99
-99
-99
-99
-99
-99
-99
-99
-99
-99
-99
-99
-99
-99
-99
-99
-99
-99
-99
-99
-99
-99
-99
-99
-99
-99
-99
-99
-99
-99
-99
-99
-99
-99
-99
-99
-99
-99
-99
-99
-99
-99
-99
-99
-99
-99
-99
-99
-99
-99
-99
-99
-99
-99
-99
-99
-99
-99
-99
-99
-99
-99
-99
-99
-99
-99
-99
-99
-99
-99
-99
-99
-99
-99
-99
-99
-99
-99
-99
-99
-99
-99
-99
-99
-99
-99
-99
-99
-99
-99
-99
-99
-99
-99
-99
-99
-99
-99
-99
-99
-99
-99
-99
-99
-99
-99
-99
-99
-99
-99
-99
-99
-99
-99
-99
-99
-99
-99
-99
-99
-99
-99
-99
-99
-99
-99
-99
-99
-99
-99
-99
-99
-99
-99
-99
-99
-99
-99
-99
-99
-99
-99
-99
-99
-99
-99
-99
-99
-99
-99
-99
-99
-99
-99
-99
-99
-99
-99
-99
-99
-99
-99
-99
-99
-99
-99
-99
-99
-99
-99
-99
-99
-99
-99
-99
-99
-99
-99
-99
-99
-99
-99
-99
-99
-99
-99
-99
-99
-99
-99
-99
-99
-99
-99
-99
-99
-99
-99
-99
-99
-99
-99
-99
-99
-99
-99
-99
-99
0.5553
0.539
0.656
0.8285
0.7071
0.72
0.7177
0.6196
0.5842
0.7433
0.7546
0.9279
0.8698
0.9188
0.7954
0.6488
0.7315
0.6958
0.6588
0.6304
0.6958
0.5671
0.6352
0.7523
0.8223
0.7667
0.7408
0.7425
0.7875
0.9258
0.9002
0.7185
0.6477
0.7898
0.78
0.7306
0.6833
0.7429
0.8138
0.825
0.7906
0.7733
0.8731
0.811
0.7563
0.7438
0.5648
0.5677
0.6429
0.6902
0.6694
0.6413
0.5755
0.7825
0.736
0.76
0.7165
0.6385
0.6098
0.6
0.646
0.5394
0.6663
0.8154
0.6567
0.6546
0.7963
0.7965
0.8529
0.7331
0.6765
0.6692
0.7279
0.7521
0.7473
0.7463
0.6181
0.7106
0.7479
0.7292
0.6256
0.5438
0.5496
0.5288
0.5485
0.6319
0.7044
0.6002
0.5806
0.5608
0.5615
0.5963
0.694
0.6627
0.7092
0.7404
0.6865
0.599
0.6475
0.5173
0.5227
0.5077
0.651
0.5842
0.6556
0.6579
0.6483
0.5573
0.4846
0.6521
0.6298
0.4746
0.6792
0.7523
0.6735
0.6165
0.6633
0.5706
0.5152
0.6504
0.7238
0.6206
0.7602
0.6729
0.7033
0.7404
0.6275
0.614
0.686
0.7229
0.8002
0.7802
0.7608
0.771
0.8079
0.679
0.5827
0.579
0.5758
0.6081
0.4781
0.6444
0.5825
0.6619
0.8527
0.8646
0.7823
0.8481
0.8431
0.7763
0.7654
0.7358
0.8394
0.7652
0.7263
0.7558
0.7704
0.7021
0.7277
0.6273
0.7017
0.7546
0.8229
0.7938
0.6848
0.6852
0.6185
0.6665
0.7298
0.751
0.8554
0.9613
0.8417
0.8502
0.816
0.7652
0.7848
0.8371
0.8508
0.7481
0.7171
0.8167
0.7629
0.7354
0.7996
0.8698
0.8485
0.8106
0.801
0.7465
0.5902
0.6956
0.8148
0.8229
0.7333
0.5379
0.7579
0.6723
0.5152
0.5677
0.5919
0.7156
0.694
0.6763
0.7427
0.8246
0.7973
0.6783
0.6857
0.6408
0.4975
0.7196
0.696
0.544
0.6256
0.901
0.9006
0.7075
0.6242
0.5958
0.6033
0.7373
0.6965
0.7829
0.6675
0.6896
0.7121
0.7413
0.714
0.55
0.7442
0.559
0.5783
0.685
0.7767
0.7179
0.819
0.8733
0.8973
0.8146
0.8346
0.8704
0.7617
0.7675
0.821
0.8963
0.8
0.8465
0.7579
0.6735
0.7117
0.72
0.6563
0.5765
0.5492
0.7429
0.7367
0.8033
0.7806
0.7735
0.6854
0.6777
0.7925
0.749
0.7167
0.8163
0.884
0.8933
0.8744
0.8375
0.8598
0.8519
0.9258
0.8079
0.8696
0.7591
0.621
0.871
0.9383
0.8402
0.7719
0.8904
0.8775
0.7917
0.8677
0.8094
0.8842
0.6885
0.6996
0.8581
0.8513
0.9008
0.8298
0.7008
0.63
0.6617
0.6948
0.7592
0.5958
0.649
0.7792
0.6569
0.6
0.6463
0.6307
-99
-99
0.7325
0.739
0.7315
0.7825
0.8238
0.7975
0.7006
0.736
0.6442
0.7071
0.7579
0.7292
0.6538
0.7621
0.7819
0.4767
0.62
0.5521
0.6485
0.6463
0.5154
0.4935
0.621
0.6613
0.6938
0.6502
0.5685
0.4681
0.55
0.6054
0.7371
0.7527
0.7883
0.7819
0.744
0.6179
0.76
0.7577
0.7927
0.7598
0.7442
0.9458
0.8794
0.7673
0.8167
0.9479
0.6696
0.6727
0.6456
0.6983
0.7744
0.7104
0.6244
0.7435
0.775
0.7217
0.6638
0.6248
0.5346
0.7202
0.7325
0.6583
0.8525
0.8606
0.914
0.7465
0.6525
0.8146
0.6731
0.6902
0.7804
0.8058
0.7727
0.7577
0.7938
0.6158
0.6644
0.6161
0.6148
0.7129
0.6425
0.6371
0.7063
0.7308
0.7113
0.8758
0.64
0.5638
0.6306
0.6323
0.6615
0.6888
0.8267
0.9202
0.6529
0.5298
0.5613
0.6817
0.915
0.8388
0.8481
0.8775
0.811
0.6619
0.5471
0.6221
0.5469
0.6663
0.6829
0.7158
0.6117
0.564
0.4856
0.4844
0.5656
0.5513
0.6213
0.8669
0.7154
0.6479
0.7723
0.7677
0.7258
0.6323
0.6046
0.7388
0.7621
0.6606
0.7481
0.7846
0.7294
0.6152
0.7421
0.7485
0.7196
0.7352
0.6004
0.5892
0.5977
0.646
0.9175
0.7873
0.8785
0.7463
0.6754
0.7127
0.6881
0.775
0.7698
0.7309
0.6135
0.5746
0.6838
0.7546
0.6923
0.5767
0.5781
0.5831
0.7269
0.6902
0.7056
0.8352
0.8254
0.6363
0.6306
0.759
0.8456
0.7917
0.7656
0.7077
0.7688
0.7808
0.7123
0.7465
0.7473
0.681
0.695
0.6396
0.621
0.7183
0.6808
0.6848
0.7221
0.6888
0.6867
0.805
0.9277
0.8585
0.8106
0.806
0.7504
0.7302
0.7869
0.7744
0.7196
0.7552
0.7629
0.7779
0.666
0.8142
0.8663
0.8515
0.8117
0.7783
0.7775
0.7167
0.7256
0.7044
0.7046
0.8002
0.7819
0.8071
0.9315
0.8431
0.7852
0.7652
0.731
0.7983
0.8142
0.8015
0.7344
0.7446
0.7015
0.9629
0.8954
0.909
0.8171
0.7506
0.7442
0.8275
0.8529
0.8054
0.7292
0.7321
0.7869
0.826
0.7817
0.7419
0.724
0.8144
0.729
0.7415
0.7615
0.7738
0.8221
0.8554
0.7844
0.7185
0.7117
0.695
0.6965
0.7817
0.8323
0.8188
0.8292
0.8679
0.8431
0.8567
0.8242
0.8354
0.8573
0.8865
0.8208
0.7833
0.7881
0.8063
0.8738
0.855
0.7738
0.7923
0.8431
0.6298
0.5413
0.7263
0.7492
0.7808
0.8527
0.8669
0.8881
0.8644
0.9
0.9296
0.9504
0.91
0.8765
0.9644
0.9738
0.8615
0.8042
0.8338
0.9363
0.9109
0.8629
0.816
0.7896
0.3631
0.5563
0.7973
0.8317
0.7675
0.8758
0.9631
0.9173
0.9492
0.8258
0.894
0.8563
0.8667
0.8763
0.8573
0.8102
0.7906
0.8031
0.8858
0.7625
0.3971
0.3975
0.6692
0.701
0.7127
0.5873
0.6696
0.7992
0.8527
0.8444
0.8198
0.7756
0.705
0.8021
0.7365
0.7596
0.8244
0.656
0.8213
0.786
0.6744
0.955
0.7988
0.8169
0.7721
0.7173
0.6602
0.2252
0.6342
0.7677
0.7821
0.7102
0.7217
0.8256
0.5008
0.659
0.9202
0.7748
0.746
0.5944
0.7977
0.7598
0.626
0.7523
0.7058
0.7765
0.7079
0.7698
0.8113
0.6804
0.6431
0.6556
0.7102
0.7465
0.7927
0.4717
0.6325
0.6181
0.5457
0.8181
0.7044
0.6527
0.7475
0.7708
0.8058
0.8123
0.2271
0.4871
0.641
0.6865
0.6888
0.73
0.6473
0.6738
0.7342
0.9079
0.804
0.9019
0.8425
0.85
0.6908
0.731
0.9381
0.7831
0.8531
0.9304
0.8119
0.7075
0.7315
0.7023
0.7829
0.7613
0.7358
0.8013
0.7546
0.7621
0.8031
0.7815
0.5813
0.6517
0.5733
0.6515
0.6233
0.6763
0.6406
0.6288
0.5577
0.5044
0.7652
0.7642
0.7221
0.8608
0.7973
0.7048
0.6794
0.7
0.689
0.8013
0.8379
0.859
0.7275
0.8065
0.7673
0.7067
0.6971
0.719
0.7288
0.8013
0.6663
0.6581
0.6488
0.7023
0.7133
0.6652
0.6781
0.6823
0.6588
0.5379
0.451
0.5552
0.5677
0.8563
0.9227
0.7465
0.59
0.5573
0.555
0.5569
0.6344
0.7
0.6667
0.5873
0.6121
0.6408
0.6698
0.604
0.5735
0.5083
0.4171
0.4798
0.5183
0.6852
0.7508
0.6663
0.6277
0.726
0.7269
0.8279
0.7948
0.7983
0.6819
0.5944
0.6721
0.6304
0.6058
0.5475
0.6602
0.6563
0.5631
0.5535
0.5948
0.5894
0.5219
0.5094
0.5538
0.4479
0.4956
0.4417
0.4033
0.439
0.4756
0.6094
0.5469
0.6213
0.6685
0.6352
0.6744
0.6419
0.5294
0.6127
0.7029
0.675
0.6275
0.6069
0.5388
0.6513
0.6856
0.7273
0.66
0.6477
0.6531
0.6835
0.7221
0.6733
0.661
0.7554
0.721
0.7485
0.6996
0.6133
0.6792
0.6646
0.7731
0.8683
0.7715
0.6767
0.75
0.7977
0.8219
0.9038
0.8006
0.6619
0.7869
0.7458
0.736
0.744
0.78
0.7719
0.6683
0.6954
0.7529
0.7554
0.7202
0.7142
0.6531
0.7363
0.7696
0.8242
0.8313
0.8946
0.8015
0.7419
0.7498
0.6535
0.6792
0.8802
0.8475
0.8075
0.7317
0.6698
0.726
0.7117
0.5754
0.6965
0.7167
0.7429
0.7813
0.7738
0.7208
0.6969
0.6985
0.7494
0.6742
0.6664
0.8292
0.9217
0.6921
0.8748
0.8854
0.7827
0.7079
0.5602
0.8127
0.8008
0.7029
0.6842
0.8158
0.8731
0.8869
0.8492
0.7775
0.8235
0.826
0.8494
0.8283
0.789
0.8115
0.7208
0.7633
0.9044
0.8375
0.9356
0.9108
0.6633
0.7258
0.7979
0.7608
0.7525
0.9046
0.8292
0.8483
0.8656
0.8231
0.8285
0.9338
0.875
0.7965
0.8419
0.8319
0.8094
0.8219
0.6669
0.716
0.7638
0.75
0.7871
0.7925
0.6767
0.6338
0.6352
0.5167
0.6675
0.7531
0.6117
0.7819
0.7717
0.765
0.8177
0.851
0.8669
0.8569
0.8819
0.8879
0.9138
0.8844
0.8619
0.9071
0.8692
0.8698
0.8931
0.8815
0.8692
0.8252
0.8692
0.8894
0.8869
0.8554
0.8179
0.8604
0.8725
0.7538
0.8844
0.8263
0.8881
0.7946
0.7775
0.8127
0.8215
0.854
0.805
0.7673
0.8646
0.8844
0.6546
0.6077
0.5208
0.584
0.476
0.484
0.544
0.666
0.6279
0.7202
0.2817
0.5227
0.7442
0.7794
0.7765
0.8208
0.8342
0.8131
0.8744
0.825
0.8333
0.7583
0.7608
0.8313
0.791
0.7829
0.7615
0.7942
0.7171
0.5483
0.59
0.7023
0.8606
0.6819
0.5619
0.746
0.9331
0.6996
0.6596
0.8558
0.6413
0.5731
0.6125
0.6625
0.7242
0.7098
0.5971
0.6098
0.7798
0.7623
0.7523
0.7783
0.8277
0.7985
0.7529
0.6617
0.6771
0.5646
0.6483
0.6896
0.7358
0.7752
0.6588
0.7475
0.5852
0.5425
0.6567
0.671
0.6873
0.7077
0.87
0.881
0.8006
0.8423
0.8708
0.76
0.6463
0.5883
0.6371
0.7913
0.7533
0.734
0.5052
0.6656
0.7008
0.6744
0.6958
0.7948
0.7179
0.7648
0.975
0.7154
0.759
0.7944
0.6723
0.6804
0.641
0.6273
0.5944
0.5515
0.6002
0.581
0.5575
0.6696
0.4956
0.47
0.8735
0.8319
0.8485
0.7777
0.7227
0.7802
0.7713
0.8019
0.7535
0.9046
0.5423
0.489
0.6283
0.6569
0.6231
0.7029
0.7075
0.919
0.9733
0.8683
0.7498
0.8027
0.8833
0.8052
0.7963
0.805
0.7408
0.8094
0.8813
0.7667
0.6665
0.7729
0.714
0.6898
0.7433
0.7194
0.7069
0.8196
0.6769
0.7915
0.8504
0.8213
0.7279
0.6631
0.8067
0.7321
0.7102
0.6188
0.6554
0.5844
0.5804
0.7171
0.7533
0.78
0.7342
0.7202
0.634
0.7067
0.8713
0.6519
0.5923
0.5833
0.5652
0.5071
0.494
0.601
0.6727
0.6715
0.674
0.6279
0.6585
0.664
0.6498
0.6669
0.6156
0.5563
0.631
0.6381
0.6808
0.5748
0.5171
0.5488
0.6131
0.5583
0.6765
0.619
0.5804
0.5342
0.5571
0.4827
0.5523
0.6767
0.7581
0.5923
0.5163
0.5285
0.5842
0.6644
0.6506
0.6921
0.541
0.6471
0.699
0.7185
0.6521
0.531
0.6471
0.5894
0.4727
0.4821
0.6808
0.7298
0.6519
0.5983
0.5535
0.6369
0.6496
0.6719
0.7125
0.7321
0.7033
0.6413
0.6179
0.58
0.4613
0.4685
0.45
0.5442
0.641
0.7148
0.7381
0.7723
0.6504
0.5765
0.5677
0.6052
0.5483
0.5252
0.5904
0.6233
0.6206
0.686
0.7413
0.6119
0.63
0.6723
0.7617
0.5452
0.5165
0.7783
0.7792
0.6304
0.7925
0.7385
0.6881
0.7433
0.7031
0.8063
0.7629
0.6456
0.5638
0.6981
0.694
0.6977
0.7915
0.7552
0.7679
0.6042
0.8729
0.8146
0.739
0.7044
0.7308
0.5604
0.7869
0.9633
0.914
0.8015
0.7325
0.8075
0.7767
0.7931
0.7125
0.7427
0.9506
0.8708
0.9015
0.904
0.851
0.8433
0.8265
0.8175
0.8379
0.8519
0.7925
0.7938
0.8452
0.816
0.6977
0.8808
0.7858
0.7942
0.7167
0.7727
0.8019
0.8415
0.8088
0.7125
0.7146
0.7581
0.8477
0.8131
0.795
0.6756
0.8906
0.914
0.9292
0.8102
0.786
0.8819
0.8875
0.8781
0.9415
0.8373
0.8371
0.7406
0.7973
0.9652
0.9252
0.8111
0.783
0.8333
0.8233
0.8771
0.8229
0.766
0.8581
0.8319
0.8765
0.9515
0.8844
0.8244
0.821
0.6565
0.6525
0.7654
0.8042
0.8404
0.8231
0.756
0.739
0.6863
0.7565
0.8531
0.8235
0.8127
0.7998
0.8142
0.8244
0.7356
0.7469
0.74
0.6883
0.7606
0.795
0.6683
0.7854
0.7402
0.4892
0.494
0.644
0.3683
0.5396
0.575
0.9248
0.7844
0.8763
0.7921
0.7835
0.816
0.9002
0.9648
0.8829
0.8077
0.8352
0.8713
0.8954
0.7744
0.5485
0.6375
0.6135
0.3908
0.7233
0.7623
0.6833
0.7696
0.8644
0.9019
0.9433
0.8694
0.9188
0.8781
0.8096
0.8083
0.7223
0.73
0.715
0.795
0.7704
0.9021
0.761
0.7871
0.7244
0.858
-99
0.5794
0.7937
0.7042
0.6819
0.5452
0.5956
0.7902
0.7838
0.6344
0.6404
0.7808
0.7198
0.6377
0.6415
0.6675
0.6338
0.7335
0.6219
0.6483
0.7748
0.6831
0.6081
0.8642
0.7681
0.7479
0.7515
0.6708
0.6308
0.5967
0.6127
0.8669
0.7827
0.6421
0.6063
0.631
0.5269
0.6247
0.546
0.6027
0.6513
0.6973
0.6327
0.58
0.5975
0.7604
0.7988
0.7206
0.6977
0.3171
0.4321
0.5358
0.6292
0.6335
0.6542
0.6423
0.8944
0.91
0.6696
0.6573
0.7763
0.7123
0.761
0.8988
0.7954
0.7327
0.7113
0.6556
0.7021
0.7508
0.7696
0.8179
0.5648
0.5956
0.6492
0.5767
0.5956
0.5454
0.6996
0.7625
0.7515
0.6754
0.7031
0.6338
0.5754
0.5308
0.6854
0.686
0.5688
0.5063
0.6454
0.5767
0.6708
0.745
0.69
0.8083
0.7613
0.6563
0.6802
0.7371
0.7246
0.5652
0.4183
0.4754
0.5106
0.4281
0.4527
0.5485
0.52
0.4929
0.6454
0.585
0.6117
0.6181
0.5988
0.7068
-99
0.4864
0.6373
0.6781
0.614
0.7031
0.6817
0.5985
0.529
0.5538
0.6217
0.6313
0.479
0.5269
0.7608
0.7021
0.705
0.6727
0.7598
0.6863
0.574
0.4792
0.5206
0.5898
0.624
0.6096
0.7056
0.6844
0.7081
0.7654
0.7025
0.6935
0.6815
0.6465
0.6331
0.6127
0.649
0.7283
0.5383
0.5106
0.5202
0.5871
0.6429
0.5896
0.7194
0.6767
0.751
0.6969
0.6879
0.6588
0.6158
0.6723
0.6581
0.6363
0.5198
0.7179
0.6067
0.5942
0.6188
0.6098
0.5442
0.6008
0.6946
0.7356
0.6933
0.47
0.4452
0.8185
0.7054
0.7017
0.696
0.684
0.609
0.8206
0.7948
0.7019
0.8665
0.7483
0.6746
0.6956
0.686
0.665
0.9542
0.7794
0.6656
0.8129
0.7852
0.7163
0.7731
0.7998
0.8013
0.7702
0.7948
0.8346
0.774
0.7923
0.8152
0.8881
0.856
0.8363
0.7946
0.8048
0.7938
0.7006
0.591
0.7181
0.7498
0.805
0.7673
0.8496
0.851
0.8335
0.7825
0.7865
0.7723
0.7842
0.9821
0.8085
0.7692
0.6894
0.7963
0.7456
0.7904
0.8842
0.769
0.801
0.7444
0.7488
0.7356
0.8323
0.8175
0.8527
0.8723
0.8431
0.5031
0.596
0.7748
0.7954
0.7015
0.7913
0.7729
0.4329
0.4427
0.5981
0.6979
0.6338
0.7785
0.7504
0.7202
0.681
0.7513
0.7379
0.85
0.7185
0.6529
0.7108
0.7098
0.8777
0.7919
0.8446
0.7256
0.6067
0.5838
0.7531
0.8017
0.7502
0.705
0.7077
0.6433
0.6646
0.8327
0.7421
0.7275
0.82
-99
-99
0.8052
0.7558
0.7398
0.7325
0.7765
0.849
0.8881
0.8246
0.7785
0.5492
0.7027
0.849
0.6615
0.6819
0.5767
0.7227
0.7556
0.776
0.6798
0.8406
0.9481
0.9144
0.6519
0.601
0.8115
0.7142
0.7692
0.8633
0.746
0.6721
0.8183
0.7898
0.8115
0.7625
0.7577
0.785
0.8227
0.8304
0.8494
0.8635
0.7169
0.7127
0.829
0.8771
0.809
0.9056
0.7415
0.6279
0.8704
0.9556
0.83
0.7181
0.8352
0.7392
0.5423
0.5927
0.8429
0.7085
0.7746
0.7669
0.866
0.9479
0.8494
0.8235
0.8706
0.5919
0.656
0.7527
0.7475
0.7377
0.804
0.6208
0.9156
0.9377
0.5104
0.5725
0.8185
0.8719
0.6817
0.7398
0.7725
0.7835
0.7127
0.5283
0.6219
0.7848
0.75
0.5281
0.7067
0.664
0.7554
0.6969
0.6817
0.3996
0.4363
0.6323
0.9021
0.7285
0.8013
0.7773
0.7617
0.7631
0.5608
0.5442
0.6315
0.6621
0.7208
0.5352
0.7092
0.7298
0.7152
0.9077
0.7308
0.7681
0.8819
0.8213
0.9475
0.8663
0.6738
0.6773
0.6656
0.5827
0.6083
0.6731
0.6408
0.6027
0.6358
0.6554
0.6742
0.6175
0.6802
0.7031
0.8527
0.645
0.7683
0.6396
0.6044
0.7023
0.7471
0.8331
0.8098
0.85
0.885
0.8931
0.7692
0.8352
0.8923
0.8367
0.7317
0.7658
0.7202
0.7471
0.8004
0.6994
0.7333
0.7876
0.7285
0.6754
0.6235
0.7225
0.6571
0.7046
0.7279
0.806
0.7669
0.7406
0.7652
0.9179
0.7894
0.8244
0.8113
0.8588
0.7696
0.5779
0.705
0.7388
0.7429
0.649
0.6825
0.7104
0.5965
0.699
0.664
0.6119
0.5546
0.5638
0.6438
0.5598
0.5671
0.5673
0.5604
0.5298
0.7138
0.7298
0.5688
0.5952
0.7108
0.5967
0.5594
0.6608
0.7305
0.7371
0.6119
0.7265
0.6885
0.6883
0.6096
0.5629
0.4927
0.599
0.7702
0.6663
0.6213
0.641
0.6256
0.6965
0.8271
0.6952
0.7838
0.5931
0.5413
0.5292
0.6002
0.7219
0.7013
0.6048
0.5981
0.6148
0.5508
0.5467
0.5265
0.6417
0.6342
0.7025
0.8533
0.68
0.6477
0.6677
0.6892
0.7223
0.6783
0.6773
0.8444
0.6904
0.6152
0.5763
0.5848
0.6054
0.6635
0.7194
0.7225
0.7169
0.7058
0.6808
0.7573
0.755
0.861
0.8242
0.7283
0.8444
0.756
0.7667
0.8085
0.8429
0.8133
0.8277
0.78
0.6665
0.7681
0.7571
0.7504
0.7163
0.7763
0.7796
0.851
0.7842
0.6585
0.6521
0.7815
0.75
0.6679
0.6183
0.7054
0.6988
0.6529
0.665
0.7304
0.6167
0.4208
0.5006
0.6161
0.7179
0.7733
0.7313
0.7688
0.8058
0.936
0.8223
0.8392
0.9425
0.954
0.9479
0.8863
0.8871
0.8425
0.7035
0.7613
0.8075
0.7673
0.7721
0.641
0.7667
0.8735
0.9494
0.9394
0.8579
0.7306
0.9729
0.8513
0.8027
0.7229
0.8106
0.85
0.7469
0.7031
0.8329
0.9048
0.7381
0.7054
0.8935
0.8488
0.879
0.9648
0.9844
0.9419
0.9738
0.8679
0.9333
0.8927
0.8558
0.9235
0.8642
0.7825
0.9108
0.8071
0.8446
0.8375
0.9169
0.88
0.7898
0.8335
0.8792
0.915
0.8948
0.9115
0.881
0.8279
0.8694
0.8954
0.8954
0.9448
0.8617
0.8996
0.9467
0.8635
0.8063
0.691
0.8279
0.7819
0.8269
0.8535
0.8402
0.8371
0.8692
0.8888
0.9198
0.891
0.6983
0.5508
0.8335
0.7335
0.5779
0.6894
0.7425
0.5454
0.6921
0.7967
0.6885
0.4492
0.6054
0.6735
0.7496
0.8129
0.85
0.8625
0.8223
0.8975
0.8229
0.8992
0.8383
0.7144
0.696
0.2808
0.4644
0.7796
0.8327
0.7683
0.8104
0.7554
0.6331
0.6233
0.7238
0.4675
0.4398
0.5956
0.789
0.8656
0.775
0.7798
0.5796
0.7021
0.6525
0.7071
0.7142
0.6798
0.7221
0.7835
0.769
0.7143
0.775
0.7867
0.5594
0.5742
0.7119
0.7392
0.6771
0.6096
0.6448
0.7646
0.7381
0.6904
0.4963
0.6623
0.7527
0.6335
0.6165
0.6602
0.7052
0.7763
0.7004
0.9002
0.7546
0.6946
0.7544
0.6081
0.6202
0.57
0.4835
0.4815
0.3975
0.4279
0.4725
0.5783
0.2585
0.4105
0.5326
0.5719
0.6819
0.6794
0.6023
0.7954
0.9267
0.7473
0.8144
0.6565
0.7981
0.7654
0.8627
0.7425
0.6615
0.7083
0.725
0.6696
0.6385
0.78
0.834
0.7419
0.5556
0.5735
0.6081
0.65
0.8035
0.6106
0.6417
0.6458
0.7381
0.771
0.7754
0.7425
0.6708
0.7923
0.9477
0.7246
0.5342
0.6548
0.741
0.7435
0.6669
0.6373
0.7608
0.6935
0.5134
0.6669
0.6079
0.6319
0.8679
0.9423
0.881
0.7442
0.7004
0.6648
0.6879
0.9005
-99
-99
0.6636
0.8165
0.7715
0.6767
0.6096
0.5679
0.5635
0.4775
0.4871
0.645
0.7102
0.6235
0.4567
0.505
0.6108
0.9567
0.7446
0.5777
0.5996
0.7248
0.691
0.6123
0.4781
0.5844
0.6215
0.6679
0.7015
0.6244
0.5917
0.6054
0.4273
0.4304
0.406
0.4406
0.5594
0.714
0.659
0.6002
0.584
0.5348
0.6069
0.5888
0.5465
0.7892
0.6329
0.6148
0.645
0.5902
0.6606
0.6223
0.6119
0.6863
0.7525
0.7577
0.7058
0.6694
0.5654
0.6458
0.6475
0.7052
0.5833
0.8348
0.7329
0.7048
0.6729
0.6419
0.4856
0.5144
0.5571
0.5294
0.4694
0.6252
0.744
0.69
0.6021
0.6342
0.594
0.689
0.6585
0.6527
0.7579
0.7365
0.6567
0.6671
0.6702
0.5729
0.5927
0.46
0.5306
0.6521
0.6306
0.57
0.8002
0.65
0.6215
0.5617
0.5544
0.6848
0.8296
0.6606
0.6535
0.7973
0.7067
0.6827
0.7594
0.6796
0.8758
0.7048
0.5444
0.5688
0.5544
0.5954
0.6285
0.6594
0.6798
0.7125
0.7423
0.9383
0.7725
0.7233
0.6581
0.7277
0.81
0.7904
0.7115
0.7671
0.6902
0.8027
0.7777
0.7365
0.7519
0.804
0.7885
0.6579
0.7167
0.85
0.7908
0.7879
0.8327
0.8469
0.834
0.6998
0.6248
0.6496
0.7442
0.7506
0.7615
0.8894
0.9458
0.916
0.8079
0.7817
0.85
-99
0.8368
0.8533
0.8096
0.845
0.8904
0.7521
0.6619
0.564
0.7379
0.7583
0.811
0.7363
0.7271
0.8363
0.6917
0.7217
0.8248
0.8888
0.869
0.8052
0.806
0.779
0.8121
0.8119
0.7598
0.8865
0.735
0.7894
0.7842
0.7706
0.7754
0.7281
0.8165
0.836
0.8638
0.7979
0.7794
0.9558
0.8715
0.83
0.8442
0.8931
0.7919
0.7533
0.8485
0.7821
0.6706
0.8048
0.8283
0.9096
0.8792
0.881
0.8485
0.7308
0.6458
0.5338
0.7935
0.8246
0.8015
0.8796
0.8746
0.8546
0.8556
0.8677
0.831
0.8892
0.8767
0.8663
0.8067
0.7638
0.7852
0.7935
0.744
0.8098
0.9083
0.8225
0.7823
0.7848
0.6975
0.7338
0.8083
0.7346
0.8448
0.4735
0.6802
0.9442
0.976
0.9246
0.8658
0.9254
0.8746
0.7335
0.7477
0.8883
0.9329
0.8477
0.8229
0.8121
0.7163
0.7
0.7292
0.7581
0.81
0.8277
0.7742
0.7238
0.8908
0.979
0.8992
0.8763
0.9238
0.856
0.8104
0.7773
0.8019
0.8083
0.784
0.8367
0.711
0.684
0.8317
0.7825
0.7094
0.81
0.6625
0.5904
0.5704
0.5902
0.804
0.7494
0.7498
0.6235
0.7498
0.794
0.7613
0.7804
0.7523
0.7871
0.8488
0.8008
0.9388
0.8356
0.745
0.7883
0.7258
0.7808
0.8329
0.9244
0.7577
0.6352
0.8871
0.795
0.7169
0.7252
0.8713
0.8415
0.96
0.8231
0.78
0.719
0.6117
0.7152
0.7396
0.6817
0.7463
0.7183
0.6871
0.6219
0.8904
0.7756
0.8248
0.8323
0.8296
0.8808
0.985
0.9102
0.9858
0.9577
0.8171
0.7123
0.7365
0.7994
0.8
0.6875
0.6558
0.5913
0.5817
0.736
0.7319
0.6746
0.7117
0.6565
0.6956
0.6646
0.8515
0.955
0.7823
0.784
0.7194
0.9133
0.8354
0.746
0.7154
0.6215
0.5727
0.5448
0.6129
0.6444
0.635
0.6454
0.6273
0.5919
0.5883
0.6548
0.7463
0.7769
0.726
0.8025
0.7906
0.824
0.9719
0.7967
0.8004
0.9244
0.9423
0.86
0.8467
0.8621
0.6779
0.7058
0.7281
0.7544
0.8938
0.8088
0.8358
0.6971
0.8194
0.7723
0.7517
0.6725
0.7029
0.7171
0.5915
0.6894
0.6908
0.7375
0.8275
0.689
0.8258
0.8481
0.7363
0.6625
0.7013
0.7138
0.641
0.6338
0.7527
0.7063
0.6888
0.7221
0.7554
0.8819
0.8006
0.7415
0.7306
0.666
0.7085
0.6844
0.6477
0.6646
0.7506
0.716
0.6935
0.6494
0.6965
0.6765
0.6173
0.6073
0.594
0.6813
0.6617
0.7652
0.6946
0.6456
0.6413
0.7096
0.6808
0.626
0.6352
0.6471
0.7644
0.7881
0.6865
0.7042
0.6538
0.6913
0.6263
0.6323
0.7027
0.6404
0.7104
0.6994
0.7042
0.6904
0.751
0.7075
0.8546
0.841
0.6996
0.7602
0.7535
0.7171
0.7392
0.7838
0.7963
0.8435
0.6783
0.8348
0.7706
0.6879
0.6188
0.6088
0.6948
0.6971
0.7304
0.6608
0.7348
0.7158
0.7517
0.8869
0.8615
0.7408
0.669
0.5396
0.5856
0.6977
0.686
0.7929
0.8019
0.7835
0.854
0.6088
0.5842
0.7265
0.6746
0.771
0.7915
0.8619
0.8888
0.756
0.6019
0.7758
0.9385
0.8367
0.719
0.7677
0.796
0.7942
0.8281
0.8733
0.8767
0.7075
0.7325
0.5073
0.7835
0.7942
0.7356
0.83
0.7779
0.794
0.8544
0.8454
0.8502
0.8744
0.7742
0.8558
0.9446
0.8244
0.8217
0.8029
0.7985
0.8404
0.8575
0.8519
0.7704
0.8173
0.7758
0.8852
0.8392
0.8138
0.6602
0.7521
0.8306
0.7819
0.8504
0.9923
0.9735
0.9721
0.74
0.9152
0.9275
0.7779
0.746
0.6483
0.7913
0.7998
0.8079
0.84
0.7652
0.8194
0.8815
0.799
0.836
0.8652
0.8065
0.7964
0.8592
0.9783
0.9133
0.8938
0.8556
0.8531
0.8881
0.8348
0.5679
0.4665
0.6185
0.5006
0.6185
0.6523
0.6344
0.751666666666667
0.82
0.719166666666667
0.76375
0.775208333333333
0.81125
0.745208333333333
0.655
0.863958333333333
0.756458333333333
0.768333333333333
0.795416666666667
0.722708333333333
0.809375
0.82375
0.796041666666667
0.758958333333333
0.844583333333333
0.828125
0.782291666666667
0.578541666666667
0.659583333333333
0.567291666666667
0.739166666666667
0.711666666666667
0.767291666666667
0.768541666666667
0.8525
0.829375
0.85875
0.783958333333333
0.777083333333333
0.826666666666667
0.780833333333333
0.895
0.85125
0.822708333333333
0.958958333333333
0.897291666666667
0.737916666666667
0.717916666666667
0.807916666666667
0.886875
0.897916666666667
0.927916666666667
0.795416666666667
0.72125
0.840833333333333
0.879583333333333
0.875625
0.858125
0.838333333333333
0.9725
0.863541666666667
0.777916666666667
0.824375
0.807708333333333
0.837083333333333
0.784166666666667
0.823958333333333
0.844166666666667
0.83875
0.83625
0.8675
0.843333333333333
0.840416666666667
0.781875
0.795
0.8
0.718958333333333
0.860208333333333
0.771875
0.751041666666667
0.759791666666667
0.747291666666667
0.694166666666667
0.685625
0.721458333333333
0.454583333333333
0.615625
0.619375
0.761041666666667
0.715
0.700208333333333
0.791875
0.76125
0.76
0.688958333333333
0.71625
0.729166666666667
0.581875
0.549583333333333
0.6575
0.585416666666667
0.635416666666667
0.692708333333333
0.552083333333333
0.641875
0.735625
0.92875
0.844583333333333
0.7925
0.736875
0.6325
0.559583333333333
0.642708333333333
0.642291666666667
0.549375
0.641458333333333
0.825208333333333
0.931666666666667
0.776458333333333
0.625833333333333
0.63375
0.630416666666667
0.722916666666667
0.865833333333333
0.8875
0.859375
0.862708333333333
0.952916666666667
0.810833333333333
0.658541666666667
0.69
0.724791666666667
0.708125
0.750208333333333
0.681041666666667
0.770208333333333
0.853125
0.78625
0.6925
0.665
0.846666666666667
0.728541666666667
0.72375
0.766458333333333
0.758541666666667
0.7875
0.750833333333333
0.685
0.669166666666667
0.692291666666667
0.718541666666667
0.745
0.721458333333333
0.73375
0.704375
0.683333333333333
0.753333333333333
0.737291666666667
0.798125
0.785833333333333
0.765
0.704791666666667
0.658333333333333
0.721041666666667
0.766041666666667
0.661041666666667
0.62875
0.561875
0.58625
0.536666666666667
0.533125
0.528125
0.498958333333333
0.544166666666667
0.755833333333333
0.695833333333333
0.649791666666667
0.584375
0.47
0.627291666666667
0.6475
0.683958333333333
0.695833333333333
0.583541666666667
0.435416666666667
0.629375
0.683541666666667
0.696041666666667
0.704166666666667
0.582083333333333
0.619375
0.664375
0.612083333333333
0.680416666666667
0.667083333333333
0.666458333333333
0.682708333333333
0.591458333333333
0.610833333333333
0.558958333333333
0.590625
0.728541666666667
0.75375
0.660208333333333
0.6525
0.597708333333333
0.56375
0.52125
0.531041666666667
0.471458333333333
0.411041666666667
0.538958333333333
0.587708333333333
0.639375
0.613125
0.64125
0.607708333333333
0.637916666666667
0.668125
0.784791666666667
0.758333333333333
0.677291666666667
0.861458333333333
0.785208333333333
0.74875
0.721041666666667
0.623333333333333
0.627708333333333
0.630625
0.568541666666667
0.5275
0.5775
0.597916666666667
0.626041666666667
0.655
0.640416666666667
0.724166666666667
0.697083333333333
0.694791666666667
0.694791666666667
0.702291666666667
0.698541666666667
0.670416666666667
0.6725
0.697291666666667
0.723958333333333
0.623125
0.631875
0.720416666666667
0.733541666666667
0.67375
0.80125
0.833333333333333
0.820625
0.764375
0.782291666666667
0.778125
0.732083333333333
0.748958333333333
0.825833333333333
0.772708333333333
0.802083333333333
0.761666666666667
0.790416666666667
0.692083333333333
0.8625
0.795833333333333
0.803333333333333
0.75625
0.845
0.769583333333333
0.668333333333333
0.715833333333333
0.685833333333333
0.792916666666667
0.759791666666667
0.708958333333333
0.755833333333333
0.801041666666667
0.809166666666667
0.822083333333333
0.724583333333333
0.733541666666667
0.920833333333333
0.742083333333333
0.757916666666667
0.75125
0.750833333333333
0.738333333333333
0.736458333333333
0.717708333333333
0.773333333333333
0.689375
0.715833333333333
0.819791666666667
0.780208333333333
0.84375
0.858125
0.76375
0.721875
0.733541666666667
0.749375
0.644166666666667
0.720416666666667
0.804791666666667
0.760208333333333
0.729375
0.76125
0.802083333333333
0.862291666666667
0.874166666666667
0.865625
0.719166666666667
0.833333333333333
0.813541666666667
0.688541666666667
0.588333333333333
0.49
0.545
0.617916666666667
0.807916666666667
0.89875
0.743333333333333
0.68625
0.818541666666667
0.783125
0.8525
0.842291666666667
0.77875
0.847708333333333
0.838958333333333
0.809583333333333
0.925416666666667
0.851875
0.982291666666667
0.882916666666667
0.830833333333333
0.804583333333333
0.654375
0.584166666666667
0.805
0.789375
0.69375
0.625208333333333
0.743541666666667
0.6125
0.664791666666667
0.741041666666667
0.569583333333333
0.662083333333333
0.754166666666667
0.761875
0.804583333333333
0.881875
0.875208333333333
0.775416666666667
0.852291666666667
0.840833333333333
0.849791666666667
0.860625
0.808541666666667
0.849375
0.823125
0.83875
0.875625
0.835
0.831041666666667
0.715625
0.724583333333333
0.753125
0.750833333333333
0.8775
0.915
0.946875
0.879375
0.683541666666667
0.793958333333333
0.698333333333333
0.713958333333333
0.694791666666667
0.759375
0.829166666666667
0.691875
0.737083333333333
0.671875
0.711875
0.672291666666667
0.595
0.571041666666667
0.725416666666667
0.760208333333333
0.78375
0.74125
0.745
0.744166666666667
0.83875
0.854166666666667
0.705208333333333
0.703958333333333
0.529791666666667
0.535
0.55625
0.75125
0.743541666666667
0.745833333333333
0.775208333333333
0.824583333333333
0.807083333333333
0.788333333333333
0.718125
0.798125
0.764791666666667
0.801666666666667
0.764791666666667
0.749791666666667
0.766875
0.779166666666667
0.784375
0.707708333333333
0.697916666666667
0.72375
0.902708333333333
0.816666666666667
0.677708333333333
0.693333333333333
0.683333333333333
0.734375
0.7325
0.53125
0.569791666666667
0.7025
0.744166666666667
0.794791666666667
0.783541666666667
0.791666666666667
0.886041666666667
0.802708333333333
0.764791666666667
0.806041666666667
0.810625
0.82625
0.841458333333333
0.968125
0.839166666666667
0.879375
0.97125
0.914166666666667
0.773333333333333
0.686666666666667
0.852916666666667
0.934166666666667
0.934583333333333
0.799583333333333
0.773125
0.721458333333333
0.642083333333333
0.764791666666667
0.604583333333333
0.54875
0.692291666666667
0.840833333333333
0.936458333333333
0.575416666666667
0.529583333333333
0.672291666666667
0.614166666666667
0.538958333333333
0.643125
0.642083333333333
0.521875
0.812708333333333
0.754583333333333
0.697916666666667
0.901458333333333
0.932083333333333
0.560833333333333
0.579166666666667
0.611875
0.621041666666667
0.709583333333333
0.671458333333333
0.893541666666667
0.91625
0.664375
0.790625
0.672916666666667
0.720833333333333
0.6725
0.648125
0.590833333333333
0.691666666666667
0.83875
0.764375
0.797708333333333
0.827083333333333
0.798958333333333
0.578958333333333
0.51875
0.521666666666667
0.59875
0.741458333333333
0.662708333333333
0.573125
0.558333333333333
0.636041666666667
0.57375
0.570625
0.611875
0.7425
0.672083333333333
0.735833333333333
0.596666666666667
0.542708333333333
0.445625
0.591458333333333
0.899375
0.787708333333333
0.562083333333333
0.62125
0.58375
0.627291666666667
0.537708333333333
0.569583333333333
0.707083333333333
0.642916666666667
0.669583333333333
0.693333333333333
0.67625
0.601875
0.63125
0.766458333333333
0.745
0.67125
0.500208333333333
0.479583333333333
0.448125
0.45625
0.503541666666667
0.512916666666667
0.432083333333333
0.477708333333333
0.635208333333333
0.72125
0.612916666666667
0.77
0.593125
0.636666666666667
0.639166666666667
0.663333333333333
0.623125
0.643541666666667
0.543958333333333
0.572708333333333
0.590416666666667
0.563541666666667
0.4425
0.499791666666667
0.527916666666667
0.673333333333333
0.563333333333333
0.455625
0.491875
0.458958333333333
0.475833333333333
0.529166666666667
0.532083333333333
0.518958333333333
0.438541666666667
0.416875
0.350833333333333
0.5625
0.682291666666667
0.546875
0.585208333333333
0.515208333333333
0.7125
0.63
0.54625
0.641458333333333
0.608958333333333
0.719166666666667
0.646041666666667
0.627708333333333
0.556041666666667
0.4925
0.461666666666667
0.46875
0.567708333333333
0.63
0.590625
0.531041666666667
0.50875
0.482291666666667
0.525625
0.565625
0.598125
0.606875
0.575625
0.600833333333333
0.699583333333333
0.747916666666667
0.836041666666667
0.690416666666667
0.646875
0.67625
0.684583333333333
0.726875
0.626875
0.691041666666667
0.715
0.745
0.716458333333333
0.595
0.691458333333333
0.68
0.62375
0.762083333333333
0.757291666666667
0.731041666666667
0.735208333333333
0.6775
0.6925
0.589791666666667
0.584166666666667
0.706666666666667
0.750833333333333
0.782083333333333
0.580416666666667
0.665833333333333
0.618125
0.843125
0.616458333333333
0.583541666666667
0.653125
0.641875
0.636458333333333
0.644375
0.750625
0.840833333333333
0.740208333333333
0.717708333333333
0.741041666666667
0.70125
0.839583333333333
0.793958333333333
0.69375
0.662916666666667
0.73875
0.700625
0.776458333333333
0.729375
0.874583333333333
0.9275
0.835208333333333
0.838541666666667
0.850208333333333
0.743333333333333
0.777708333333333
0.798958333333333
0.79
0.796875
0.864166666666667
0.869166666666667
0.881875
0.853958333333333
0.673333333333333
0.673333333333333
0.735208333333333
0.620625
0.698125
0.794583333333333
0.811063829787234
0.83625
0.783958333333333
0.836458333333333
0.7875
0.712708333333333
0.748541666666667
0.742291666666667
0.629375
0.623333333333333
0.698541666666667
0.72125
0.780833333333333
0.728541666666667
0.804375
0.810416666666667
0.849375
0.897916666666667
0.76875
0.589583333333333
0.732916666666667
0.761458333333333
0.890833333333333
0.886458333333333
0.778333333333333
0.845416666666667
0.632916666666667
0.742708333333333
0.786041666666667
0.8325
0.8425
0.781041666666667
0.863541666666667
0.854375
0.837291666666667
0.747083333333333
0.715416666666667
0.790625
0.864583333333333
0.799583333333333
0.851875
0.887708333333333
0.935
0.768541666666667
0.800833333333333
0.791458333333333
0.875416666666667
0.974583333333333
0.961875
0.879166666666667
0.871666666666667
0.887916666666667
0.831458333333333
0.75375
0.7725
0.770833333333333
0.821041666666667
0.748125
0.741875
0.617083333333333
0.691875
0.80625
0.753333333333333
0.718333333333333
0.7625
0.781458333333333
