20000101
0.7242
0.7508
0.8031
0.7383
0.6515
0.6219
0.6392
0.6125
0.6148
0.6913
0.6465
0.6544
0.811
0.8319
0.8508
0.7275
0.746
0.4067
0.534
0.6891
0.5188
0.5435
0.4996
0.409
0.671
0.7073
0.7627
0.7183
0.6465
0.6702
0.611
0.4363
0.604
0.493
0.355
0.6281
0.9071
0.6644
0.6421
0.54
0.5129
0.5152
-99
-99
-99
-99
-99
-99
-99
-99
-99
-99
-99
-99
-99
-99
-99
-99
0.8728
0.8365
0.5698
0.4367
0.5319
0.6242
0.835
0.8885
0.9369
0.7558
0.4642
0.3485
0.3938
0.4096
0.6908
0.65
0.5165
0.7075
0.4996
0.4213
0.6467
0.7094
0.7488
0.7952
0.8804
0.7423
0.7338
0.6104
0.5811
0.884
0.6388
0.7204
0.7179
0.6206
0.8373
0.7004
0.5502
0.4983
0.5473
0.6571
0.7831
0.8215
0.9698
0.7515
0.5646
0.515
0.5885
0.4946
0.889
0.5021
0.5506
0.6138
0.6071
0.5481
0.641
0.5027
0.4927
0.6233
0.6442
0.716
0.795
0.8088
0.6415
0.3942
0.3831
0.46
0.5217
0.7313
0.7063
0.7725
0.7854
0.7063
0.8631
0.7585
0.5517
0.4158
0.3735
0.4006
0.5611
0.7152
0.7356
0.884
0.9572
0.9592
0.8333
0.8671
0.8794
0.7663
0.7413
0.7896
0.695
0.6517
0.7163
0.7754
0.7654
0.7006
0.6852
0.5094
0.5913
0.6025
0.5246
0.5671
0.7056
0.8227
0.5635
0.6148
0.6973
0.7408
0.6048
0.396
0.4529
0.5102
0.5133
0.6773
0.7785
0.7704
0.8706
0.7765
0.7694
0.8769
0.7183
0.6913
0.7242
0.7942
0.7963
0.6873
0.6023
0.4771
0.669
0.5052
0.5365
0.5504
0.5588
0.7273
0.4442
0.5365
0.674
0.6052
0.595
0.8015
0.6765
0.7104
0.6579
0.6413
0.4798
0.4798
0.676
0.5179
0.6419
0.7465
0.5718
0.7323
0.6902
0.8342
0.7694
0.6329
0.6277
0.6846
0.6113
0.6523
0.6238
0.5252
0.5317
0.7635
0.7544
0.7483
0.6021
0.5596
0.5904
0.4448
0.4558
0.6044
0.5458
0.6923
0.7363
0.5944
0.6529
0.7723
0.5381
0.445
0.4002
0.5458
0.7579
0.7906
0.7427
0.709
0.7804
0.7796
0.6817
0.7156
0.6077
0.7048
0.7006
0.7113
0.6467
0.6267
0.6756
0.7233
0.8227
0.8142
0.6423
0.7692
0.8483
0.8448
0.96
-99
-99
-99
-99
-99
-99
-99
-99
-99
-99
-99
-99
-99
-99
-99
-99
-99
-99
-99
-99
-99
-99
-99
-99
-99
0.71
0.7248
0.6631
0.6377
0.6515
0.8673
0.9392
0.9321
0.9475
0.8317
0.8381
0.886
0.8246
0.8796
0.8604
0.8394
0.6904
0.6231
0.7771
0.5898
0.5767
0.7254
0.6073
0.5358
0.5417
0.5681
0.6528
0.7685
0.8081
0.9113
0.5731
0.641
0.6383
0.614
0.7127
0.756
0.7331
0.6163
0.6483
0.7767
0.6406
0.7477
0.5956
0.7875
0.8408
0.9404
0.7904
0.9152
0.7942
0.631
0.6956
0.8992
0.9444
0.9879
0.6102
0.5929
0.6242
0.6246
0.5269
0.4906
0.5094
0.5931
0.6219
0.6113
0.6273
0.79
0.8667
0.9529
0.9444
0.9731
0.9856
0.7219
0.6685
0.6415
0.7044
0.6309
0.5969
0.4104
0.7642
0.6598
0.6183
0.6121
0.6663
0.7821
0.7265
0.6175
0.6763
0.6448
0.8489
0.8104
0.7688
0.9588
0.9629
0.8079
0.705
0.8571
0.7194
0.789
0.799
0.7156
0.6454
0.629
0.5806
0.6427
0.6436
0.7227
0.4767
0.3239
0.6594
0.5885
0.5902
0.6608
0.6288
0.5719
0.7238
0.8769
0.5383
0.5094
0.6665
0.7679
0.7698
0.8102
0.8674
0.6627
0.549
0.7196
0.6785
0.5081
0.5063
0.5075
0.4617
0.6158
0.8069
0.5354
0.4931
0.6044
0.4794
0.5498
0.8488
0.5915
0.6921
0.7385
0.7054
0.7196
0.6344
0.6444
0.716
0.7623
0.7213
0.5396
0.6085
0.6385
0.6688
0.5756
0.4996
0.5885
0.5725
0.5725
0.5375
0.3604
0.389
0.4606
0.5938
0.7479
0.5917
0.4817
0.516
0.6838
0.4221
0.6115
0.7204
0.6248
0.87
0.7263
0.426
0.4608
0.5002
0.4748
0.43
0.4819
0.5577
0.5169
0.6685
0.706
0.7779
0.7715
0.6146
0.6148
0.4483
0.5025
0.4796
0.5117
0.4877
0.5827
0.7185
0.6767
0.8888
0.8848
0.7648
0.7671
0.8027
0.7317
0.704
0.619
0.6329
0.6575
0.6225
0.7519
0.6129
0.5954
0.7188
0.7746
0.5167
0.6196
0.7758
0.8888
0.6269
0.44
0.6075
0.7433
0.7821
0.8063
0.7506
0.4671
0.4025
0.3792
0.2892
0.3552
0.3342
0.6785
0.7106
0.6772
0.7196
0.8283
0.7777
0.7
0.7483
0.7031
0.7302
0.6123
0.7127
0.7881
0.789
0.5733
0.3608
0.5027
0.5223
0.6175
0.5052
0.5671
0.5027
0.2738
0.3446
0.2831
0.4363
0.6842
0.5435
0.6042
0.3688
0.4319
0.7079
0.65
0.7506
0.7671
0.629
0.4231
0.7042
0.7554
0.6588
0.7615
0.7621
0.7492
0.8248
0.7275
0.8406
0.6469
0.6923
0.7913
0.5017
0.7533
0.573
0.4867
0.5594
0.5458
0.4796
0.5663
0.4815
0.5967
0.4738
0.3113
0.3823
0.4529
0.7313
0.7742
0.7267
0.6758
0.7294
0.7854
0.6419
0.6071
0.7702
0.8152
0.7273
0.6308
0.5625
0.5621
0.6063
0.7938
0.8327
0.7256
0.7806
0.776
0.7044
0.5629
0.5465
0.5227
0.4129
0.3867
0.4651
0.6473
0.605
0.5846
0.7408
0.8071
0.7717
0.61
0.7165
0.545
0.5321
0.6769
0.7523
0.8231
0.755
0.7738
0.7406
0.5883
0.5973
0.6615
0.7423
0.8017
0.8154
0.8038
0.935
0.7108
0.6621
0.614
0.7517
0.8211
0.9181
0.9204
0.8663
0.8121
0.8602
0.8402
0.804
0.8865
0.6419
0.545
0.5296
0.735
0.7858
0.685
0.5923
0.6642
0.7179
0.6146
0.6667
0.8519
0.7721
0.8734
-99
-99
0.6478
0.5775
0.5842
0.7273
0.8517
0.8823
0.8923
0.8233
0.7538
0.9156
0.679
0.5533
0.68
0.7296
0.7313
0.6923
0.6415
0.6373
0.4252
0.3585
0.5425
0.4417
0.509
0.4098
0.7898
0.9219
0.8306
0.761
0.7794
0.704
0.7215
0.6243
0.6904
0.6906
0.6304
0.7452
0.78
0.6206
0.8213
0.8058
0.7575
0.9092
0.7985
0.7652
0.645
0.6496
0.6694
0.7592
0.7283
0.7095
0.5977
0.555
0.611
0.904
0.8998
0.5619
0.7608
0.8746
0.76
0.6827
0.6835
0.5638
0.6873
0.4454
0.4163
0.5583
0.6996
0.6769
0.3442
0.6054
0.819
0.7523
0.8767
0.9819
0.9373
0.8908
0.8927
0.8173
0.8754
0.8408
0.8535
0.7594
0.6256
0.7058
0.774
0.7919
0.5973
0.5533
0.7923
0.775
0.7052
0.7038
0.6738
0.7177
0.5917
0.6546
0.569
0.4925
0.5923
0.5942
0.8142
0.7481
0.6163
0.7108
0.833
0.7088
0.6779
0.6275
0.4523
0.6777
0.6792
0.746
0.7829
0.6256
0.7408
0.729
0.679
0.8763
0.7744
0.6502
0.5096
0.5379
0.4423
0.4998
0.6177
0.6885
0.7088
0.4415
0.4633
0.7154
0.914
0.7581
0.7177
0.5604
0.894
0.7125
0.716
0.7408
0.6279
0.734
0.8229
0.911
0.7073
0.7304
0.6019
0.7938
0.8106
0.5823
0.5467
0.6438
0.6002
0.6427
0.7227
0.7654
0.7956
0.8347
0.789
0.6806
0.8763
0.7769
0.8071
0.7425
0.7848
0.8794
0.6438
0.5429
0.7742
0.8854
0.8654
0.7727
0.8475
0.914
0.9398
0.6742
0.779
0.7598
0.7781
0.7746
0.7377
0.8396
0.8144
0.6923
0.5026
0.4329
0.4546
0.465
0.566
0.8298
0.8775
0.7115
0.7171
0.9827
0.914
0.7831
0.5517
0.7338
0.7085
0.8396
0.9513
0.925
0.8927
0.9715
0.7035
0.6419
0.7144
0.6148
0.521
0.5677
0.6083
0.6017
0.5052
0.554
0.8654
0.6994
0.4848
0.6342
0.8169
0.6117
0.6419
0.6858
0.576
0.4721
0.4513
0.3869
0.395
0.7575
0.7
0.5592
0.6115
0.7794
0.5508
0.7431
0.7394
0.5942
0.3931
0.3492
0.4167
0.3954
0.4098
0.43
0.3906
0.4642
0.3794
0.3721
0.3652
0.5623
0.596
0.6263
0.5679
0.5952
0.8144
0.7358
0.7271
0.7242
0.781
0.7306
0.805
0.8671
0.7735
0.7506
0.7273
0.7196
0.5735
0.6675
0.7256
0.4475
0.4517
0.5663
0.616
0.684
0.7598
0.4317
0.3517
0.5263
0.5236
0.5271
0.7177
0.7165
0.7458
0.72
0.4848
0.5975
0.7298
0.8323
0.6608
0.704
0.7833
0.8538
0.6364
0.6552
0.7583
0.6071
0.77
0.4688
0.6254
0.7373
0.7933
0.7256
0.5906
0.6075
0.7046
0.665
0.689
0.7663
0.8788
0.7565
0.8923
0.6715
0.7296
0.8648
0.7773
0.7304
0.7344
0.7885
0.71
0.8415
0.8583
0.8092
0.7396
0.7675
0.8446
0.8546
0.6292
0.7585
0.889
0.8823
0.7352
0.6985
0.7517
0.9233
0.9456
0.8298
0.7948
0.8502
0.8081
0.6985
0.6129
0.4106
0.4325
0.4353
0.7563
0.8213
0.853
0.8481
0.8438
0.9031
0.8735
0.7631
0.7642
0.7356
0.8644
0.8917
0.9756
0.8177
0.631
0.6463
0.7188
0.7671
0.7269
0.7513
0.5677
0.6015
0.6988
0.8379
0.9044
0.5735
0.5579
0.6137
0.6563
0.7877
0.6813
0.8681
0.8563
0.8823
0.789
0.7217
0.7096
0.6871
0.6338
0.5871
0.7869
0.5067
0.634
0.585
0.6927
0.7102
0.8221
0.6823
0.8388
0.784
0.7044
0.709
0.6983
0.8031
0.9588
0.7377
0.6158
0.8556
0.9879
0.8519
0.6419
0.7126
0.6888
0.6254
0.6123
0.8406
0.6998
0.589
0.6954
0.4977
0.5142
0.7613
0.7298
0.7485
0.9865
0.9317
0.7279
0.6758
0.8533
0.6606
0.7148
0.7525
0.8146
0.94
0.8985
0.8269
0.891
0.8446
0.6077
0.6498
0.6669
0.8981
0.6751
0.6506
0.721
0.6692
0.6781
0.6621
0.5967
0.6123
0.7283
0.7979
0.6579
0.8669
0.8092
0.6673
0.4515
0.5802
0.5831
0.4896
0.5904
0.5583
0.6742
0.7265
0.7913
0.6613
0.6871
0.6219
0.5185
0.3556
0.286
0.4985
0.5806
0.4936
0.6098
0.6006
0.3653
0.4277
0.6954
0.6229
0.6302
0.6194
0.7913
0.8258
0.7863
0.7188
0.7763
0.6985
0.8508
0.9871
0.9521
0.8315
0.666
0.6152
0.6113
0.9442
0.926
0.7902
0.8898
0.9213
0.8933
0.9756
0.9979
0.8788
0.786
0.711
0.5996
0.7796
0.7213
0.9381
0.8142
0.5979
0.7731
0.796
0.7608
0.7481
0.7713
0.6652
0.7635
0.8519
0.6744
0.4127
0.379
0.5571
0.3932
0.4038
0.5517
0.5794
0.7269
0.741
0.8165
0.811
0.9783
0.8813
0.9415
0.7998
0.6317
0.6717
0.4169
0.4638
0.5504
0.4243
0.64
0.7581
0.8456
0.6583
0.6927
0.6706
0.6163
0.8477
0.7002
0.6179
0.5088
0.5167
0.6092
0.8038
0.6946
0.7077
0.6464
0.6096
0.7481
0.7844
0.7079
0.6548
0.7208
0.6035
0.5813
0.6573
0.6931
0.5563
0.845
0.7771
0.9196
0.7567
0.5575
0.6629
0.6921
0.7029
0.7867
0.7856
0.9015
0.9065
0.8696
0.8556
0.8774
0.6802
0.704
0.7419
0.6063
0.7175
0.8688
0.5585
0.5525
0.559
0.5454
0.4985
0.4948
0.5252
0.6152
0.7148
0.6469
0.7279
0.7094
0.5656
0.6244
0.5267
0.6198
0.5669
0.4185
0.4013
0.4108
0.4283
0.4735
0.5448
0.6996
0.4777
0.4181
0.2988
0.2879
0.3656
0.4531
0.6296
0.7194
0.7185
0.8244
0.8667
0.5758
0.356
0.6323
0.7652
0.7069
0.8308
0.6765
0.5742
0.6158
0.56
0.4481
0.4748
0.4025
0.3165
0.6508
0.7538
0.4856
0.7888
0.7713
0.7598
0.7083
0.5319
0.6785
0.6535
0.6027
0.7692
0.7754
0.7713
0.7017
0.706
0.741
0.7352
0.7904
0.5115
0.449
0.4281
0.419
0.3819
0.3056
0.3671
0.3756
0.3473
0.3248
0.2415
0.2325
0.2494
0.4833
0.7379
0.7681
0.6575
0.5567
0.7304
0.7523
0.7757
0.5413
0.6058
0.7292
0.7413
0.7971
0.816
0.3965
0.4281
0.7248
0.869
0.7463
0.6942
0.7581
0.7919
0.8044
0.9492
0.6883
0.609
0.5067
0.6644
0.7363
0.831
0.6419
0.4479
0.5227
0.5235
0.5771
0.7827
0.7535
0.8285
0.8754
0.7752
0.7948
0.815
0.8351
0.9415
0.8119
0.8406
0.9446
0.694
0.72
0.5308
0.5917
0.5756
0.5569
0.5592
0.6838
0.7358
0.7433
0.8358
0.9049
0.8873
0.7327
0.8175
0.7325
0.9194
0.799
0.8671
0.631
0.7444
0.8592
0.5442
0.6404
0.6406
0.8085
0.922
0.8971
0.661
0.6635
0.7656
0.659
0.6496
0.6173
0.5731
0.6998
0.8315
0.785
0.8985
0.9377
0.9202
0.8696
0.7944
0.775
0.7885
0.9035
0.9235
0.8017
0.6244
0.62
0.8063
0.8183
0.939
0.9221
0.7319
0.751
0.6396
0.6977
0.6794
0.7738
0.8257
0.8156
0.6842
0.6675
0.8115
0.8616
0.8165
0.734
0.7929
0.7825
0.6308
0.6767
0.7083
0.7902
0.7388
0.6883
0.6821
0.8623
0.825
0.774
0.8156
0.7467
0.4819
0.3244
0.6252
0.8098
0.7548
0.7544
0.6244
0.6102
0.6398
0.4848
0.516
0.5079
0.4206
0.6327
0.7256
0.649
0.8188
0.6623
0.6335
0.6535
0.7171
0.664
0.5585
0.5852
0.6321
0.6183
0.5844
0.5008
0.3227
0.4796
0.6069
0.7538
0.7387
0.9494
0.8638
0.7811
0.6555
0.5373
0.6211
0.7522
0.808
0.7265
0.8315
0.776
0.9249
0.9388
0.9234
0.8574
0.7302
0.6836
0.5102
0.42
0.4931
0.5872
0.798
0.7423
0.8059
0.7067
0.6519
0.7219
0.8856
0.946
0.5713
0.5533
0.8385
0.95
0.9379
0.6531
0.6183
0.6878
-99
0.3861
0.4981
0.4838
0.5683
0.5885
0.5567
0.7185
0.6552
0.8063
0.7163
0.9104
0.82
0.7979
0.7835
0.6042
0.7592
0.8264
0.6917
0.7102
0.8517
0.5478
0.5104
0.48
0.5775
0.7071
0.7906
0.6806
0.7563
0.8688
0.8617
0.7427
0.7319
0.5956
0.6098
0.6692
0.7063
0.6871
0.8888
0.7204
0.6346
0.5635
0.6719
0.5225
0.6669
0.6885
0.8331
0.7608
0.619
0.4417
0.5284
0.5594
0.8047
0.5946
0.584
0.6081
0.6144
0.5948
0.6498
0.8285
0.6355
0.6717
0.7621
0.8006
0.6038
0.5094
0.4858
0.4677
0.5409
0.5543
0.8171
0.8308
0.7279
0.5975
0.7404
0.6233
0.5385
0.5656
0.5294
0.4149
0.431
0.5765
0.5652
0.7198
0.6121
0.6471
0.6767
0.6115
0.7419
0.7383
0.7367
0.8117
0.7706
0.7121
0.6079
0.5873
0.6754
0.6588
0.5658
0.521
0.5463
0.5813
0.535
0.5623
0.7454
0.6854
0.7029
0.5975
0.4694
0.5585
0.734
0.629
0.7581
0.799
0.7447
0.664
0.5658
0.554
0.4842
0.4602
0.5483
0.5817
0.5963
0.621
0.7017
0.6679
0.6662
0.6058
0.5821
0.359
0.4277
0.6769
0.8908
0.6571
0.5377
0.6838
0.6442
0.5858
0.5873
0.4544
0.6627
0.7485
0.7807
0.6629
0.6835
0.6629
0.5873
0.6931
0.5585
0.6944
0.6927
0.5371
0.4556
0.4363
0.3888
0.4927
0.7469
0.714
0.7711
0.6467
0.6188
0.7667
0.5048
0.3635
0.3827
0.6163
0.7413
0.7696
0.7688
0.7775
0.4946
0.4994
0.3053
0.4098
0.7142
0.7483
0.7567
0.7046
0.5446
0.6617
0.7521
0.8144
0.7977
0.8744
0.8069
0.8841
0.6467
0.6379
0.6533
0.6894
0.7669
0.7274
0.7413
0.7848
0.7825
0.7296
0.7921
0.7546
0.704
0.6485
0.6638
0.7519
0.7377
0.7823
0.7238
0.6384
0.4885
0.6213
0.4608
0.4575
0.6613
0.7379
0.8135
0.7881
0.7621
0.7723
0.7329
0.4335
0.6579
0.7073
0.79
0.7854
0.5838
0.3774
0.4523
0.6746
0.6142
0.5421
0.4488
0.4675
0.5448
0.7831
0.6435
0.5617
0.6417
0.6004
0.5458
0.7225
0.5786
0.7021
0.7427
0.7196
0.5927
0.5573
0.694
0.7919
0.5942
0.535
0.5217
0.6155
0.6233
0.5081
0.5273
0.6521
0.5154
0.4858
0.4906
0.3372
0.254
0.3604
0.4413
0.6235
0.5156
0.6144
0.799
0.8313
0.7567
0.7427
0.6952
0.7573
0.7092
0.5738
0.7198
0.7804
0.7089
0.8238
0.614
0.5498
0.7115
0.748
0.7342
0.7638
0.7385
0.7848
0.5696
0.5531
0.743
0.7817
0.8173
0.7836
0.7469
0.6767
0.6049
0.5996
0.5623
0.6417
0.5817
0.5502
0.7736
0.7769
0.474
0.3265
0.5268
0.2798
0.526
0.6221
0.6694
0.7065
0.619
0.5354
0.5674
0.4965
0.4637
0.7467
0.6553
0.7647
0.7098
0.6336
0.6016
0.5067
0.7704
0.7831
0.7496
0.6313
0.5711
0.5948
0.494
0.6487
0.6787
0.4873
0.3043
0.2842
0.3344
0.311
0.414
0.2758
0.4111
0.4532
0.5581
0.5554
0.7254
0.7394
0.861
0.84
0.7843
0.7662
0.6106
0.5147
0.549
0.5325
0.349
0.32
0.3004
0.4417
0.5402
0.5396
0.5329
0.3642
0.6225
0.5467
0.6846
0.646
0.526
0.4592
0.6642
0.605
0.7146
0.5274
0.47
0.4488
0.3746
0.2521
0.4217
0.4969
0.6296
0.8533
0.7433
0.7406
0.7966
0.7943
0.7498
0.6475
0.3964
0.3773
0.5533
0.8948
0.8925
0.9094
0.8652
0.8802
0.7754
0.516
0.5563
0.5851
0.6194
0.6152
0.655
0.7443
0.7262
0.7202
0.7772
0.6963
0.7602
0.6588
0.3029
0.2887
0.4721
0.5223
0.5755
0.701
0.623
0.506
0.4827
0.4627
0.4109
0.4804
0.754
0.6902
0.7163
0.7377
0.4873
0.5911
0.4315
0.3046
0.2398
0.2472
0.294
0.5226
0.6069
0.5913
0.5407
0.4842
0.5059
0.4751
0.5508
0.6822
0.5868
0.6193
0.7617
0.5465
0.651
0.6763
0.8006
0.491
0.5681
0.411
0.493
0.6273
0.5609
0.7265
0.4068
0.2669
0.3052
0.463
0.4291
0.5071
0.635
0.5419
0.4502
0.5129
0.5717
0.6749
0.664
0.575
0.5454
0.6194
0.6508
0.7226
0.576
0.6796
0.7123
0.704
0.6272
0.5115
0.4021
0.3773
0.41
0.5238
0.4358
0.4671
0.4279
0.4722
0.4979
0.3844
0.4289
0.3954
0.6465
0.6798
0.6889
0.6921
0.7048
0.5168
0.6092
0.6402
0.7423
0.8275
0.7252
0.4862
0.5019
0.5309
0.4571
0.3143
0.3575
0.526
0.5233
0.5621
0.6777
0.6429
0.6198
0.6487
0.7263
0.7402
0.7044
0.726
0.6649
0.61
0.7471
0.6519
0.7214
0.6682
0.4981
0.5217
0.5769
0.5681
0.6796
0.7038
0.6621
0.7131
0.7483
0.6017
0.667
0.7423
0.7046
0.7842
0.76
0.8323
0.777
0.484
0.3388
0.4385
0.4834
0.4951
0.8273
0.6663
0.8019
0.7117
0.5983
0.6002
0.6779
0.68
0.5394
0.391
0.485
0.7523
0.7924
0.7836
0.8718
0.6906
0.5171
0.3825
0.5259
-99
-99
0.5742
0.624
0.8069
0.3885
0.43
0.5881
0.549
0.7565
0.8335
0.7833
0.8265
0.76
0.7638
0.7598
0.806
0.6681
0.7115
0.6002
0.4383
0.4771
0.7325
0.8202
0.7165
0.8129
0.8138
0.899
0.935
0.9129
0.9681
0.83
-99
-99
0.7319
0.8573
0.5825
0.7698
0.7298
0.6367
0.7856
0.6992
0.7488
0.8469
0.8581
0.8775
0.8704
0.8621
0.8471
0.5848
0.6594
0.7408
0.7688
0.6298
0.551
0.5558
0.769
0.9129
0.7015
0.7281
0.9106
0.99
0.8765
0.906
0.7448
0.7413
0.8346
0.8142
0.7788
0.8048
0.749
0.7958
0.6771
0.6573
0.6265
0.68
0.5571
0.569
0.5152
0.7567
0.8113
0.5702
0.649
0.6813
0.6323
0.5558
0.7577
0.6035
0.4902
0.6777
0.6315
0.5508
0.5798
0.62
0.5373
0.6658
0.8325
0.7285
0.6531
0.7025
0.6754
0.4733
0.8423
0.6548
0.7654
0.7173
0.5217
0.6133
0.7998
0.7475
0.6396
0.5285
0.4231
0.6056
0.909
0.8771
0.9596
0.966
0.8529
0.9515
0.8288
0.7598
0.7485
0.691
0.8902
0.9867
0.7958
0.7556
0.7783
0.7963
0.7748
0.7542
0.6581
0.7865
0.7467
0.6869
0.8913
0.8854
0.8677
0.8394
0.6144
0.6558
0.5681
0.7138
0.8202
0.6779
0.5758
0.5996
0.636
0.7246
0.7692
0.85
0.8225
0.709
0.8373
0.735
0.5521
0.4819
0.4956
0.58
0.529
0.6456
0.7625
0.6035
0.6994
0.525
0.8198
0.6298
0.5677
0.629
0.5202
0.5071
0.6108
0.4315
0.3796
0.5988
0.5573
0.5388
0.5108
0.4735
0.6752
0.9438
0.8688
0.8733
0.8004
0.7275
0.9069
0.9138
0.911
0.8713
0.585
0.5581
0.5367
0.686
0.5773
0.6644
0.4277
0.5308
0.5148
0.5844
0.5846
0.4998
0.7175
0.7394
0.6431
0.8431
0.8517
0.8044
0.779
0.5273
0.4796
0.5588
0.6379
0.5873
0.7219
0.6406
0.7642
0.6758
0.6533
0.7552
0.8823
0.6465
0.4923
0.4669
0.3465
0.4542
0.586
0.5583
0.4963
0.6354
0.764
0.6542
0.414
0.4829
0.5058
0.4481
0.7348
0.6571
0.6419
0.7994
0.7469
0.7065
0.5898
0.5898
0.4927
0.4404
0.4698
0.5952
0.706
0.7408
0.6617
0.5027
0.6304
0.5052
0.6027
0.4608
0.3763
0.2833
0.5113
0.639
0.8077
0.5338
0.6192
0.5892
0.5029
0.5952
0.4331
0.4506
0.4992
0.6479
0.5819
0.489
0.5125
0.5219
0.4781
0.4971
0.5619
0.6167
0.6733
0.504
0.5127
0.549
0.5254
0.5919
0.4388
0.6273
0.6148
0.5231
0.569
0.489
0.5102
0.409
0.434
0.5752
0.5831
0.6777
0.6792
0.62
0.7119
0.6596
0.4479
0.3871
0.3876
0.455
0.534
0.5254
0.5475
0.5148
0.5746
0.6348
0.4615
0.4138
0.5535
0.4442
0.564
0.4469
0.3263
0.5663
0.5235
0.5219
0.6898
0.6633
0.7429
0.5842
0.6188
0.5056
0.584
0.6658
0.5727
0.6663
0.51
0.6123
0.6313
0.6144
0.571
0.6265
0.879
0.8121
0.5829
0.5588
0.5058
0.606
0.655
0.7663
0.6621
0.711
0.5054
0.5794
0.5965
0.705
0.6581
0.6704
0.696
0.7813
0.8804
0.6548
0.4556
0.6485
0.7567
0.6902
0.675
0.6804
0.7171
0.711
0.8081
0.8658
0.8206
0.5942
0.6271
0.5588
0.6802
0.7829
0.7804
0.8285
0.8917
0.9546
0.7969
0.6131
0.5408
0.6613
0.8158
0.7823
0.8121
0.6529
0.73
0.5985
0.5767
0.6308
0.6498
0.6008
0.9794
0.9502
0.8808
0.9051
0.81
0.6838
0.6592
0.7692
0.8496
0.8604
0.9606
0.75
0.7188
0.6838
0.6952
0.7908
0.6275
0.8581
0.8015
0.6952
0.67
0.5581
0.68
0.7963
0.8102
0.815
0.6075
0.6908
0.7004
0.6802
0.8306
0.8021
0.7913
0.7806
0.8867
0.8054
0.6452
0.5471
0.8898
0.9483
0.75
0.6115
0.606
0.6427
0.6508
0.6723
0.6006
0.7583
0.9427
0.716
0.5627
0.6819
0.7044
0.715
0.8179
0.9344
0.7281
0.6698
0.7865
0.7829
0.6785
0.6892
0.6119
0.7531
0.7281
0.4669
0.5958
0.4767
0.7442
0.754
0.6894
0.7179
0.63
0.6208
0.4923
0.6846
0.5244
0.2852
0.3646
0.4123
0.6485
0.6675
0.5756
0.6327
0.7202
0.6617
0.55
0.6533
0.6148
0.6721
0.7565
0.5904
0.6215
0.6556
0.7842
0.7256
0.6429
0.5927
0.7867
0.8538
0.9135
0.699
0.6508
0.5746
0.631
0.7573
0.9052
0.6475
0.4963
0.714
0.5504
0.3944
0.3952
0.3581
0.8006
0.7642
0.7129
0.7327
0.7863
0.806
0.7667
0.7379
0.5798
0.7279
0.7158
0.4781
0.5615
0.475
0.5327
0.5571
0.199
0.2146
0.869
0.7694
0.7458
0.9004
0.9173
0.6956
0.6271
0.5881
0.5583
0.5231
0.6777
0.5948
0.5296
0.4779
0.511
0.5608
0.4444
0.5013
0.6873
0.4346
0.3727
0.2252
0.3779
0.4921
0.4206
0.3898
0.4623
0.5458
0.5021
0.5833
0.4785
0.4565
0.3463
0.3327
0.551
0.6313
0.5235
0.7173
0.8388
0.7538
0.5931
0.5438
0.849
0.9696
0.9781
0.8277
0.7696
0.7783
0.7181
0.7875
0.6406
0.6865
0.8298
0.774
0.8735
0.9798
0.79
0.5425
0.5252
0.55
0.5565
0.5567
0.7152
0.5529
0.4815
0.4315
0.4477
0.42
0.4573
0.609
0.755
0.8608
0.765
0.7819
0.665
0.8392
0.8017
0.5329
0.4121
0.3894
0.539
0.5735
0.566
0.5173
0.5581
0.584
0.5094
0.5666
0.6035
0.556
0.604
0.7165
0.6402
0.5265
0.4438
0.4415
0.4331
0.5552
0.5846
0.5683
0.47
0.5125
0.5954
0.4946
0.5677
0.4521
0.5069
0.5517
0.58
0.5142
0.6219
0.6263
0.4658
0.4833
0.5875
0.5819
0.6496
0.6569
0.5248
0.6404
0.6777
0.5746
0.535
0.5242
0.5643
0.6281
0.6363
0.5502
0.5365
0.5425
0.6106
0.7535
0.7602
0.6215
0.555
0.63
0.6979
0.6317
0.6473
0.5904
0.3535
0.4331
0.5645
0.4488
0.6627
0.6835
0.7106
0.6402
0.515
0.6279
0.6975
0.6615
0.5967
0.715
0.7196
0.7473
0.6615
0.5923
0.706
0.635
0.5181
0.5756
0.6546
0.6163
0.7379
0.7446
0.7331
0.5888
0.6004
0.676
0.7233
0.8546
0.8146
0.5688
0.6696
0.6515
0.8079
0.6331
0.7025
0.7917
0.7248
0.6238
0.8133
0.9206
0.626
0.5869
0.7806
0.7194
0.7556
0.5029
0.4446
0.4135
0.3644
0.4435
0.5421
0.4665
0.5273
0.6419
0.6702
0.6365
0.6669
0.71
0.7433
0.7402
0.7796
0.7717
0.6975
0.7515
0.6831
0.7063
0.5958
0.5948
0.7846
0.7046
0.6031
0.7804
0.8017
0.8302
0.7333
0.7235
0.7673
0.4606
0.3831
0.5006
0.8425
0.7885
0.8325
0.8044
0.8988
0.8896
0.7692
0.7415
0.6808
0.736
0.6692
0.6513
0.6842
0.5315
0.6369
0.7338
0.7323
0.7613
0.8502
0.7383
0.7523
0.7196
0.695
0.6669
0.6729
0.7846
0.6542
0.6213
0.7554
0.5335
0.5781
0.4275
0.3898
0.4156
0.7013
0.6158
0.7373
0.796
0.6154
0.4919
0.475
0.5192
0.5454
0.4846
0.7573
0.6415
0.5748
0.2879
0.2098
0.2469
0.1992
0.2715
0.8127
0.8113
0.61
0.69
0.5892
0.511
0.5
0.5444
0.495
0.5977
0.5302
0.6371
0.5671
0.5779
0.5877
0.5933
0.6163
0.616
0.5502
0.4615
0.5631
0.3752
0.3079
0.3783
0.3038
0.6196
0.5573
0.7819
0.81
0.7531
0.8131
0.8998
0.7881
0.7217
0.6779
0.6156
0.6388
0.6113
0.5706
0.5196
0.5081
0.4415
0.4928
0.7119
0.8645
0.6883
0.6817
0.6757
0.7006
0.8423
0.8213
0.9138
0.7866
0.6147
0.6664
0.6668
0.6068
0.6126
0.5562
0.693
0.7547
0.7998
0.714
0.5391
0.6432
0.843
0.7032
0.6449
0.384
0.2764
0.4415
0.4921
0.6306
0.5421
0.7062
0.8277
0.6187
0.5196
0.5096
0.5381
0.5234
0.7153
0.6666
0.7545
0.6374
0.7023
0.7851
0.7311
0.7717
0.7647
0.9019
0.9349
0.927
0.8155
0.6764
0.6172
0.7281
0.9049
0.8328
0.7866
0.8151
0.7896
0.6285
0.5989
0.6894
0.4713
0.3417
0.3179
0.4823
0.5836
0.7281
0.5836
0.5094
0.4894
0.6387
-99
-99
-99
-99
-99
0.8159
0.4906
0.4434
0.5879
0.417
0.5679
0.5298
0.5349
0.6391
0.8104
0.7343
0.6906
0.4887
0.3334
0.4136
0.4855
0.7449
0.7013
0.6628
0.764
0.6345
0.6738
0.5853
0.6921
0.6343
0.4964
0.6132
0.6194
0.704
0.6974
0.6819
0.5879
0.8589
0.5883
0.497
0.6234
0.6615
0.5964
0.5079
0.5528
0.8777
0.7176
0.5602
0.5687
0.3277
0.2511
0.2951
0.4228
0.6768
0.5589
0.4515
0.8721
0.9136
0.8028
0.6706
0.6511
0.8602
0.8434
0.7966
0.82
0.7751
0.7057
0.5511
0.5215
0.7257
0.7502
0.8151
0.8817
0.6162
0.7636
0.7919
0.6577
0.5851
0.7881
0.8494
0.766
0.7555
0.6996
0.7802
0.6779
0.6111
0.7121
0.6679
0.746
0.714
0.5417
0.6287
0.7891
0.8649
0.7911
0.6919
-99
-99
-99
-99
-99
0.3889
0.6
0.6028
0.4915
0.6619
0.5813
0.6247
0.5168
0.5196
0.7347
0.6934
0.6604
0.7077
0.7613
0.7247
0.6872
0.734
0.6477
0.7462
0.7715
0.5774
0.6132
0.6651
0.517
0.4681
0.6723
0.6191
0.5617
0.6889
0.6417
0.6853
0.6962
0.717
0.6057
0.6274
0.7387
0.7198
0.4585
0.3951
0.5736
0.5981
0.6213
0.5134
0.5079
0.3817
0.6115
0.5289
0.5034
0.7289
0.7685
0.5149
0.6453
0.6253
0.4409
0.6121
0.6585
0.74
0.6419
0.7585
0.756
0.8147
0.84
0.7415
0.8402
0.7868
0.6577
0.5234
0.4415
0.503
0.7609
0.6934
0.7317
0.7943
0.6083
0.5411
0.5743
0.6496
0.6804
0.5651
0.5943
0.6717
0.4849
0.4138
0.3943
0.5277
0.6123
0.7864
0.8181
0.7694
0.7502
0.7828
0.8874
0.7783
0.7353
0.6287
0.784
0.6081
0.6521
0.6487
0.6115
0.5819
0.5317
0.4285
0.384
0.4789
0.6406
0.6532
0.6849
0.5998
0.5945
0.7006
0.8734
0.8251
0.8266
0.7326
0.7745
0.7964
0.8983
0.7606
0.7981
0.8211
0.7687
0.7379
0.6911
0.6683
0.5877
0.6196
0.8787
0.8285
0.5932
0.8591
0.8015
0.8571
0.6857
0.5083
0.5928
0.7123
0.6494
0.7183
0.717
0.7577
0.7743
0.7231
0.4663
0.3273
0.4765
0.5688
0.6223
0.7277
0.6963
0.6923
0.6038
0.5925
0.7056
0.5623
0.4771
0.3317
0.5569
0.5956
0.5881
0.5163
0.5242
0.6094
0.5792
0.6785
0.4858
0.5927
0.8129
0.7983
0.8065
0.5217
0.4381
0.6089
0.7544
0.7408
0.6373
0.6933
0.6415
0.4892
0.5883
0.526
0.6102
0.4206
0.7217
0.6765
0.7075
0.8231
0.9333
0.8779
0.86
0.8969
0.8579
0.7735
0.8915
0.8606
0.7508
0.6444
0.7923
0.7038
0.6469
0.7673
0.8392
0.6971
0.5404
0.511
0.634
0.6965
0.7554
0.72
0.6121
0.6865
0.5419
0.5433
0.6356
0.6427
0.4892
0.5094
0.5979
0.5002
0.5417
0.8363
0.8608
0.8992
0.8908
0.896
0.6871
0.6231
0.7477
0.735
0.6127
0.5252
0.6092
0.4733
0.6604
0.7183
0.6779
0.6706
0.7298
0.8075
0.6079
0.454
0.6983
0.7488
0.7188
0.5508
0.5688
0.6867
0.7896
0.7525
0.579
0.7138
0.8171
0.8077
0.8106
0.79
0.6096
0.3556
0.3338
0.624
0.7029
0.6548
0.7123
0.7946
0.6563
0.4463
0.4115
0.4977
0.4371
0.4446
0.5365
0.546
0.6383
0.6831
0.4008
0.4633
0.4973
0.5333
0.6592
0.8725
0.7573
0.7733
0.7977
0.7127
0.775
0.7004
0.745
0.7329
0.7604
0.8727
0.7604
0.7052
0.8979
0.781
0.7015
0.5217
0.6369
0.7596
0.6304
0.5913
0.75
0.621
0.6231
0.491
0.3975
0.3219
0.456
0.7225
0.7156
0.4904
0.4219
0.5698
0.7569
0.6458
0.4358
0.4388
0.4925
0.535
0.4692
0.4438
0.5465
0.6794
0.7129
0.679
0.6146
0.7173
0.7963
0.5473
0.4717
0.5783
0.556
0.5367
0.4433
0.4556
0.605
0.5046
0.5842
0.7144
0.5575
0.4773
0.3481
0.4998
0.4319
0.4554
0.5525
0.4615
0.5135
0.5673
0.8069
0.5046
0.5333
0.7533
0.3929
0.5396
0.4952
0.6448
0.4575
0.3535
0.4065
0.6058
0.4565
0.3915
0.4956
0.686
0.5144
0.5842
0.7021
0.7423
0.6352
0.5227
0.5871
0.7015
0.4298
0.3577
0.2725
0.3685
0.546
0.4169
0.5908
0.5642
0.6719
0.8146
0.8794
0.7808
0.7431
0.7602
0.561
0.6931
0.729
0.656
0.5083
0.399
0.6215
0.6546
0.6483
0.6144
0.4181
0.3942
0.6302
0.6867
0.7035
0.6475
0.6985
0.5863
0.6988
0.8129
0.6767
0.7073
0.7244
0.7171
0.6725
0.5842
0.681
0.7342
0.7898
0.739
0.6392
0.5392
0.4963
0.5235
0.58
0.3571
0.3342
0.2708
0.3685
0.5444
0.7644
0.7052
0.7281
0.8483
0.7863
0.6729
0.6188
0.6523
0.7273
0.8304
0.8215
0.8131
0.7531
0.7731
0.5867
0.7804
0.7242
0.6442
0.5477
0.4608
0.5731
0.5956
0.759
0.7485
0.7623
0.626
0.6771
0.7181
0.5902
0.6681
0.5944
0.529
0.5715
0.5594
0.6379
0.6529
0.6583
0.6081
0.5229
0.686
0.6852
0.659
0.681
0.6388
0.7846
0.8038
0.7096
0.5852
0.7921
0.7669
0.7123
0.664
0.5823
0.616
0.5619
0.34
0.391
0.5206
0.7794
0.9227
0.7294
0.7242
0.5669
0.7596
0.7794
0.8915
0.8821
0.8994
0.839
0.7144
0.9063
0.8958
0.6352
0.5288
0.4879
0.5315
0.606
0.655
0.6198
0.4173
0.4635
0.7013
0.7123
0.711
0.7458
0.5567
0.3881
0.6067
0.7419
0.8177
0.8381
0.8727
0.6675
0.5717
0.6569
0.5988
0.6477
0.7158
0.6619
0.7292
0.6485
0.5752
0.6775
0.7017
0.6488
0.671
0.6027
0.6204
0.5658
0.6754
0.5819
0.5763
0.7806
0.8544
0.7529
0.6229
0.6033
0.7614
0.5583
0.4031
0.4367
0.8577
0.8825
0.7902
0.8565
0.6671
0.9235
0.675
0.58
0.744
0.6715
0.6469
0.5608
0.684
0.8404
0.8581
0.9308
0.5898
0.8129
0.7427
0.4438
0.5846
0.6785
0.7633
0.6238
0.814
0.5477
0.6348
0.8588
0.9581
0.9865
0.7506
0.6375
0.7069
0.8525
0.7665
0.8648
0.654
0.6219
0.55
0.7427
0.6348
0.7823
0.6685
0.679
0.6352
0.8933
0.6406
0.5694
0.5752
0.8829
0.7592
0.4723
0.3256
0.4419
0.5998
0.5873
0.7633
0.8783
0.8863
0.7813
0.7117
0.554
0.7556
0.7383
0.5867
0.5094
0.6
0.4704
0.826
0.5758
0.6052
0.566
0.8277
0.6942
0.6954
0.439
0.7523
0.8544
0.5723
0.4158
0.58
0.7325
0.546
0.4781
0.5935
0.7042
0.6485
0.7508
0.7475
0.5613
0.7046
0.9442
0.874
0.9217
0.9267
0.5183
0.4604
0.5802
0.7825
0.5069
0.519
0.6154
0.6475
0.6648
0.6504
0.6915
0.6177
0.83
0.6715
0.5035
0.4806
0.4265
0.829
0.8215
0.7073
0.5879
0.5706
0.5615
0.7206
0.8094
0.6785
0.6027
0.6613
0.6883
0.7206
0.6252
0.5488
0.6035
0.4658
0.6723
0.7694
0.8344
0.751
0.9313
0.7748
0.6933
0.7296
0.7688
0.7888
0.8548
0.6863
0.5852
0.8329
0.8156
0.7398
0.5433
0.5546
0.6244
0.685
0.7069
0.5873
0.4915
0.5756
0.566
0.4331
0.52
0.6269
0.6783
0.7296
0.6675
0.6269
0.5577
0.6981
0.7677
0.7377
0.686
0.6002
0.7733
0.7554
0.8073
0.9417
0.8098
0.8635
0.7194
0.6935
0.7575
0.7025
0.6463
0.6994
0.6975
0.6273
0.5219
0.5271
0.7433
0.7844
0.5885
0.4358
0.4531
0.4379
0.5258
0.5252
0.5342
0.4775
0.4963
0.5965
0.5863
0.6008
0.6038
0.7304
0.626
0.5602
0.6706
0.4369
0.4623
0.5729
0.7585
0.724
0.6679
0.646
0.6765
0.7356
0.6523
0.6813
0.76
0.6904
0.5617
0.6033
0.5667
0.6092
0.6521
0.7548
0.7602
0.7894
0.7613
0.7604
0.6879
0.6369
0.6444
0.695
0.7742
0.7056
0.621
0.7296
0.744
0.7342
0.7077
0.6865
0.601
0.7785
0.805
0.7946
0.8785
0.7825
0.6221
0.5446
0.8113
0.7775
0.7283
0.6454
0.5392
0.555
0.5908
0.6821
0.7569
0.8633
0.8304
0.7054
0.7265
0.7846
0.7613
0.7571
0.466
0.636
0.764
0.7096
0.734
0.6269
0.6888
0.7415
0.8325
0.9613
0.8642
0.6106
0.9021
0.9067
0.8525
0.8767
0.5804
0.5015
0.551
0.5925
0.796
0.676
0.7894
0.8448
0.8633
0.8844
0.6142
0.5715
0.7302
0.7648
0.8065
0.824
0.8754
0.8302
0.7983
0.7654
0.7158
0.6894
0.6496
0.4688
0.3925
0.4335
0.6188
0.8388
0.8365
0.8363
0.6946
0.3513
0.4054
0.4421
0.4229
0.7396
0.6846
0.7227
0.7419
0.4713
0.5963
0.6815
0.7631
0.78
0.685
0.6675
0.5783
0.5592
0.5385
0.6281
0.6667
0.8163
0.6296
0.5429
0.6944
0.649
0.7613
0.7873
0.6729
0.6648
0.6227
0.6683
0.6283
0.5629
0.4969
0.4963
0.6302
0.9192
0.7094
0.6238
0.5988
0.6163
0.801
0.6852
0.5975
0.67
0.8015
0.7765
0.5894
0.3688
0.8548
0.7725
0.3263
0.364
0.575
0.6346
0.6919
0.6371
0.9448
0.9858
0.8392
0.5385
0.3425
0.2681
0.5167
0.6115
0.7585
0.8488
0.9077
0.9073
0.7333
0.7031
0.7573
0.865
0.7442
0.6892
0.5292
0.7221
0.7158
0.6319
0.6656
0.7571
0.6542
0.629
0.8129
0.926
0.8052
0.7454
0.6913
0.2608
0.371
0.4408
0.4981
0.4471
0.6706
0.7348
0.7983
0.7619
0.8265
0.6925
0.5108
0.3283
0.3492
0.5452
0.5248
0.3444
0.6304
0.7785
0.8198
0.875
0.8648
0.8531
0.774
0.666
0.6998
0.6458
0.8431
0.6163
0.6608
0.7035
0.6052
0.6069
0.7802
0.7671
0.5817
0.7902
0.4194
0.5773
0.3744
0.5785
0.8985
0.7975
0.7113
0.5327
0.5654
0.7917
0.7638
0.7496
0.7654
0.9769
0.7719
0.9423
0.965
0.8129
0.5835
0.5402
0.6269
0.6621
0.6423
0.7242
0.5758
0.625
0.7704
0.8573
0.7013
0.6198
0.6773
0.7769
0.7104
0.6217
0.6442
0.7873
0.7844
0.7246
0.6517
0.6021
0.3863
0.4173
0.4867
0.5521
0.5946
0.7538
0.6923
0.5279
0.6721
0.5838
0.5813
0.7358
0.7744
0.6888
0.8071
0.859
0.8388
0.6675
0.65
0.6067
0.7417
0.8313
0.7192
0.7365
0.7769
0.7554
0.7938
0.7027
0.6996
0.8392
0.7715
0.7823
0.7788
0.639
0.605
0.6417
0.6904
0.6279
0.6863
0.6721
0.5771
0.6446
0.5077
0.4769
0.4231
0.409
0.3915
0.4938
0.506
0.7506
0.7944
0.8067
0.6931
0.8277
0.5304
0.7346
0.7644
0.8308
0.8592
0.7756
0.8938
0.8098
0.851
0.9333
0.8029
0.8527
0.8294
0.6306
0.6227
0.711
0.7506
0.8069
0.6906
0.8208
0.6831
0.569
0.7281
0.6756
0.7563
0.5073
0.5496
0.5219
0.5829
0.5844
0.6631
0.8102
0.7615
0.8008
0.7581
0.786
0.7277
0.6658
0.696
0.6335
0.5944
0.7319
0.6283
0.6794
0.7394
0.7694
0.764
0.6469
0.5938
0.5817
0.7454
0.8413
0.6233
0.6796
0.7454
0.6988
0.7848
0.6621
0.8638
0.8444
0.8204
0.8604
0.719
0.7775
0.7354
0.8377
0.8646
0.8144
0.7519
0.5427
0.7706
0.8079
0.7673
0.6748
0.681
0.6604
0.6023
0.7085
0.6423
0.5629
0.4992
0.3885
0.3358
0.5213
0.7919
0.8015
0.6306
0.4583
0.7675
0.809
0.7848
0.8369
0.7723
0.7167
0.779
0.6717
0.7842
0.7323
0.7298
0.7827
0.8063
0.7663
0.8325
0.8096
0.7696
0.6979
0.6469
0.7198
0.8006
0.5671
0.5206
0.6185
0.7602
0.7488
0.7725
0.8513
0.6938
0.5692
0.5167
0.4827
0.5173
0.611
0.6827
0.6204
0.3692
0.3665
0.4969
0.7335
0.4869
0.4638
0.5029
0.3919
0.389
0.3633
0.5556
0.7329
0.6904
0.7285
0.7788
0.6696
0.7004
0.5806
0.6294
0.7856
0.8835
0.9342
0.576
0.5367
0.9171
0.9246
0.8173
0.8254
0.9088
0.9117
0.9429
0.961
0.9752
0.8654
0.7758
0.7113
0.7794
0.775
0.8473
0.879
0.8775
0.9213
0.9181
0.9456
0.8419
0.8981
0.8573
0.8446
0.8863
0.7965
0.7929
0.6545
0.764
0.6683
0.6692
0.7913
0.7808
0.7123
0.6733
0.8263
0.781
0.6658
0.6598
0.6713
0.6463
0.6794
0.7423
0.7781
0.74
0.7352
0.6819
0.629
0.5806
0.5648
0.559
0.6271
0.4842
0.5613
0.7054
0.6856
0.6088
0.6575
0.6967
0.5221
0.6202
0.4938
0.5654
0.5415
0.5179
0.6402
0.7048
0.5258
0.6023
0.624
0.4769
0.545
0.6023
0.7319
0.7419
0.7763
0.7929
0.8273
0.5623
0.7146
0.7952
0.8108
0.7227
0.7313
0.6856
0.6663
0.5235
0.7029
0.6065
0.7094
0.7044
0.7077
0.7923
0.8117
0.4829
0.3375
0.5429
0.8933
0.825
0.4475
0.2231
0.5419
0.3802
0.165
0.2129
0.3915
0.3671
0.296
0.4271
0.2427
0.5644
0.4075
0.4181
0.6898
0.6567
0.691
0.3915
0.4898
0.2206
0.1738
0.304
0.3788
0.4329
0.7065
0.8017
0.6533
0.5831
0.6717
0.7515
0.5731
0.3675
0.3525
0.4979
0.5604
0.5579
0.4094
0.4098
0.4817
0.469
0.4563
0.5265
0.4367
0.6552
0.4758
0.5406
0.6215
0.9371
0.8565
0.7133
0.6113
0.4854
0.4727
0.436
0.3513
0.3683
0.3208
0.3998
0.48
0.6402
0.9052
0.961
0.9108
0.7733
0.5356
0.5294
0.7469
0.8202
0.5163
0.7273
0.6242
0.6381
0.595
0.3177
0.4275
0.5065
0.521
0.5052
0.6517
0.8365
0.815
0.406
0.7754
0.6694
0.6254
0.7654
0.6663
0.7598
0.7015
0.6054
0.7023
0.771
0.5675
0.7188
0.67
0.6008
0.6671
0.4523
0.4206
0.4892
0.7596
0.665
0.6231
0.6896
0.9104
0.7598
0.7996
0.8279
0.6124
0.4842
0.4763
0.4783
0.4221
0.7129
0.6496
0.5635
0.5598
0.5269
0.4798
0.491
0.4252
0.6631
0.761
0.7633
0.7892
0.7792
0.739
0.6471
0.6948
0.7481
0.4792
0.6146
0.6785
0.5921
0.5142
0.4875
0.5281
0.5594
0.5223
0.4621
0.6371
0.5231
0.5369
0.52
0.5394
0.4175
0.6198
0.7142
0.7283
0.7685
0.7042
0.7696
0.7748
0.7656
0.796
0.7671
0.7833
0.7204
0.7931
0.7406
0.6408
0.8025
0.7585
0.6323
0.741
0.6871
0.3469
0.4129
0.6228
0.7558
0.6517
0.6619
0.5942
0.6554
0.4954
0.4683
0.5608
0.7556
0.799
0.7554
0.7677
0.6423
0.5181
0.5823
0.7127
0.7569
0.6533
0.4954
0.3421
0.4402
0.486
0.6727
0.679
0.7902
0.6908
0.666
0.5646
0.4204
0.4627
0.426
0.4156
0.4354
0.4517
0.7196
0.759
0.5613
0.811
0.8235
0.7948
0.8581
0.4752
0.3335
0.3719
0.4188
0.5492
0.6042
0.5629
0.6183
0.6942
0.7448
0.7931
0.796
0.6096
0.4298
0.4127
0.4756
0.7925
0.8514
0.8496
0.8879
0.8963
0.8573
0.7975
0.8485
0.4721
0.4796
0.5638
0.6367
0.5613
0.8008
0.6635
0.569
0.5906
0.7331
0.8269
0.7842
0.7919
0.7442
0.7971
0.7354
0.884
0.7694
0.8281
0.7546
0.6135
0.594
0.6188
0.7842
0.8979
0.9127
0.924
0.915
0.7819
0.7504
0.8104
0.97
0.8271
0.5863
0.336
0.5081
0.8019
0.719
0.5644
0.5888
0.6679
0.7419
0.5421
0.6515
0.5335
0.7567
0.7929
0.775
0.739
0.5454
0.536
0.8192
0.8642
0.9
0.9429
0.8092
0.7708
0.7442
0.7673
0.7367
0.7404
0.8754
0.8483
0.8692
0.8421
0.6046
0.3742
0.4675
0.5396
0.4519
0.64
0.5456
0.5846
0.6573
0.641
0.4829
0.551
0.6188
0.7638
0.8706
0.8275
0.7129
0.5852
0.5883
0.584
0.6379
0.8125
0.6906
0.5823
0.7592
0.731
0.779
0.7821
0.6383
0.5554
0.7442
0.6717
0.6121
0.6798
0.711
0.6825
0.4463
0.3606
0.324
0.4196
0.3942
0.5646
0.5527
0.7081
0.5777
0.6152
0.6756
0.5708
0.6819
0.6704
0.5573
0.7869
0.8327
0.6725
0.5825
0.5198
0.6194
0.5781
0.3367
0.759
0.5948
0.5648
0.5363
0.5565
0.6646
0.5585
0.5429
0.2854
0.5458
0.6217
0.6071
0.439
0.6658
0.4542
0.5871
0.5504
0.5583
0.586
0.7583
0.7663
0.8623
0.8906
0.8944
0.8215
0.7917
0.8254
0.9469
0.7031
0.4923
0.4542
0.6469
0.5357
0.8528
0.7221
0.576
0.5819
0.7956
0.9877
0.8569
0.6731
0.549
0.5929
0.534
0.5608
0.5725
0.7381
0.3246
0.3883
0.801
0.9131
0.564
0.5438
0.606
0.4977
0.7842
0.7831
0.8342
0.6202
0.731
0.911
0.7294
0.7179
0.5702
0.5504
0.745
0.5608
0.6388
0.7538
0.7817
0.5844
0.5233
0.4958
0.4948
0.635
0.5181
0.4413
0.6079
0.4979
0.39
0.3821
0.3819
0.474
0.606
0.3846
0.6892
0.6519
0.5483
0.5083
0.7429
0.7985
0.9019
0.8825
0.9292
0.7733
0.659
0.6669
0.6698
0.6546
0.7125
0.619
0.5019
0.5969
0.7427
0.7167
0.7342
0.6583
0.7688
0.8927
0.9083
0.694
0.7046
0.6975
0.7344
0.8881
0.7825
0.5465
0.5623
0.5721
0.5723
0.775
0.781
0.659
0.4854
0.5533
0.5588
0.4056
0.5213
0.5579
0.6465
0.611
0.5377
0.5371
0.7665
0.684
0.7304
0.7404
0.6763
0.5467
0.649
0.52
0.496
0.6369
0.7956
0.6133
0.5458
0.7073
0.6504
0.7658
0.5881
0.6996
0.706
0.726
0.7144
0.669
0.7556
0.5369
0.6971
0.7564
0.7458
0.7181
0.5344
0.4358
0.4421
0.4981
0.5946
0.7338
0.6252
0.5765
0.5325
0.5415
0.5502
0.5846
0.759
0.7873
0.6019
0.6233
0.5898
0.6248
0.6333
0.6685
0.5602
0.7175
0.5002
0.5081
0.7075
0.6331
0.5513
0.6715
0.7802
0.5513
0.5919
0.6813
0.685
0.6077
0.5221
0.6533
0.6279
0.4717
0.5233
0.6927
0.7888
0.7546
0.7173
0.8133
0.6733
0.6931
0.7758
0.7771
0.7642
0.7173
0.6727
0.8706
0.6979
0.8458
0.6702
0.6633
0.6546
0.5756
0.6031
0.5771
0.6769
0.5196
0.74
0.9256
0.8531
0.8013
0.7708
0.8044
0.6208
0.7388
0.7833
0.8313
0.641
0.6283
0.6594
0.6977
0.5831
0.6531
0.7273
0.77
0.8356
0.8104
0.8179
0.6142
0.7267
0.5035
0.6013
0.5798
0.6673
0.8706
0.9035
0.6813
0.7398
0.7598
0.7608
0.7863
0.6569
0.7723
0.6706
0.7363
0.6473
0.6244
0.6152
0.8675
0.8633
0.8842
0.8567
0.8427
0.8496
0.6302
0.6788
0.8588
0.8115
0.4967
0.5013
0.5281
0.4658
0.3873
0.3702
0.4648
0.6567
0.6425
0.6392
0.5779
0.7033
0.5513
0.4427
0.5735
0.6969
0.6331
0.7163
0.5281
0.3573
0.8158
0.9281
0.92
0.6248
0.4388
0.6144
0.504
0.4071
0.4954
0.485
0.4708
0.5821
0.4954
0.6185
0.709
0.4133
0.43
0.4827
0.4063
0.5679
0.5929
0.5431
0.8417
0.8402
0.8235
0.7754
0.8075
0.8048
0.6644
0.5569
0.8244
0.8088
0.7702
0.8273
0.6363
0.544
0.5306
0.5975
0.8092
0.7485
0.56
0.6113
0.5546
0.5558
0.581
0.6325
0.7102
0.6608
0.6917
0.824
0.5844
0.6706
0.7119
0.814
0.7248
0.9565
0.8848
0.9077
0.7806
0.691
0.7897
0.7061
0.6802
0.9471
0.8352
0.6375
0.5342
0.7919
0.6765
0.65
0.776
0.56
0.5398
0.6408
0.7452
0.6654
0.7308
0.8229
0.5323
0.6148
0.6492
0.6833
0.671
0.575
0.6188
0.6235
0.7617
0.6048
0.5865
0.6117
0.7716
-99
-99
0.6922
0.624
0.6563
0.6777
0.5642
0.4877
0.6554
0.8335
0.7406
0.5246
0.6656
0.5994
0.6854
0.7835
0.5519
0.6288
0.745
0.7219
0.4477
0.5023
0.4767
0.4167
0.5308
0.6158
0.659
0.526
0.4071
0.3967
0.406
0.5256
0.7015
0.7869
0.8581
0.7773
0.4942
0.5196
0.5842
0.6242
0.6005
0.7415
0.6871
0.9588
0.9035
0.8042
0.7477
0.9396
0.571
0.5781
0.6565
0.7148
0.7292
0.6935
0.76
0.7271
0.6906
0.7013
0.604
0.6192
0.6265
0.6977
0.6892
0.704
0.8858
0.9625
0.8573
0.675
0.6427
0.5735
0.5746
0.439
0.5188
0.7283
0.7144
0.7475
0.5004
0.5213
0.6538
0.6181
0.7689
0.7775
0.6704
0.6019
0.6046
0.7075
0.8235
0.8083
0.5785
0.6696
0.6765
0.5996
0.6273
0.775
0.8717
0.8779
0.5031
0.5004
0.6617
0.6619
0.8071
0.6996
0.8292
0.7308
0.8069
0.6181
0.5321
0.5869
0.6925
0.6756
0.6419
0.6808
0.4917
0.4869
0.3833
0.3915
0.4033
0.3721
0.426
0.5372
0.7115
0.6063
0.6752
0.7102
0.6796
0.536
0.4329
0.7006
0.7394
0.7683
0.7473
0.6413
0.7523
0.7465
0.5723
0.6106
0.8013
0.7908
0.5829
0.6192
0.559
0.7963
0.8923
0.6842
0.6948
0.5663
0.5479
0.6608
0.7252
0.7779
0.8221
0.6906
0.6131
0.5454
0.5854
0.4027
0.5513
0.5467
0.5967
0.5902
0.665
0.711
0.7767
0.86
0.7427
0.5388
0.6333
0.7713
0.8085
0.7946
0.8244
0.7265
0.7802
0.7975
0.8156
0.7142
0.7735
0.7646
0.79
0.664
0.589
0.6702
0.7429
0.751
0.8035
0.729
0.7827
0.761
0.9329
0.7927
0.8544
0.8763
0.734
0.6906
0.7931
0.801
0.6813
0.6858
0.8473
0.8577
0.8075
0.8263
0.8669
0.861
0.855
0.7846
0.8352
0.789
0.8513
0.7963
0.8394
0.8877
0.7756
0.8313
0.8538
0.841
0.829
0.6879
0.674
0.8242
0.951
0.8569
0.8002
0.8135
0.7129
0.9238
0.8529
0.9315
0.8581
0.7317
0.7381
0.8577
0.8906
0.9004
0.7723
0.7198
0.8413
0.8456
0.7917
0.8719
0.7206
0.8173
0.65
0.6917
0.634
0.5879
0.6633
0.6163
0.3827
0.45
0.3923
0.3742
0.5156
0.7298
0.8481
0.8538
0.8648
0.8782
0.8798
0.8969
0.8823
0.924
0.7969
0.6917
0.5869
0.7183
0.8008
0.7383
0.7558
0.8454
0.6477
0.6619
0.8752
0.6513
0.617
0.6402
0.6327
0.7467
0.8544
0.8463
0.8877
0.7681
0.7592
0.9129
0.9058
0.9377
0.9283
0.9927
0.9108
0.7604
0.63
0.7665
0.8929
0.7733
0.636
0.4473
0.6081
0.3421
0.4525
0.7206
0.7748
0.7444
0.8013
0.8763
0.7467
0.8225
0.676
0.7958
0.8098
0.6688
0.675
0.7325
0.6421
0.5771
0.7621
0.7869
0.4827
0.271
0.3752
0.5246
0.7563
0.3598
0.3963
0.5785
0.7927
0.7885
0.8417
0.7408
0.6683
0.67
0.6931
0.681
0.8179
0.6496
0.7675
0.7563
0.6919
0.6594
0.9104
0.7492
0.7163
0.6727
0.4367
0.3979
0.295
0.5127
0.6452
0.6254
0.611
0.6456
0.6813
0.6769
0.6531
0.7475
0.7856
0.4144
0.44
0.605
0.5763
0.5385
0.359
0.516
0.6385
0.6517
0.6135
0.7527
0.5077
0.6454
0.6019
0.6769
0.7463
0.736
0.4465
0.6465
0.5869
0.5188
0.7521
0.5342
0.5608
0.7283
0.625
0.7585
0.6498
0.266
0.5133
0.5744
0.5933
0.6558
0.5465
0.5002
0.6033
0.7669
0.6902
0.6721
0.7588
0.749
0.8098
0.6248
0.6508
0.9492
0.8479
0.8535
0.9058
0.6706
0.4963
0.5935
0.5633
0.5404
0.4465
0.519
0.7115
0.7183
0.7896
0.7527
0.729
0.6856
0.6715
0.4819
0.5198
0.6173
0.7333
0.529
0.4373
0.364
0.4077
0.7731
0.7127
0.7019
0.7638
0.809
0.6617
0.5167
0.6194
0.7319
0.8769
0.8469
0.6433
0.55
0.7715
0.8008
0.6371
0.6302
0.4621
0.6021
0.5431
0.6777
0.6938
0.6306
0.6348
0.6198
0.5471
0.5167
0.5838
0.5231
0.4404
0.4525
0.4898
0.4953
0.7948
0.7227
0.5448
0.5398
0.5106
0.5321
0.4771
0.6096
0.6402
0.6079
0.5979
0.6035
0.6819
0.5146
0.6317
0.4683
0.36
0.3321
0.4202
0.4042
0.476
0.584
0.6408
0.5685
0.6044
0.7796
0.7279
0.7767
0.8252
0.6883
0.6006
0.6498
0.646
0.6308
0.6781
0.61
0.7225
0.6775
0.7229
0.7023
0.6171
0.5031
0.459
0.4463
0.4665
0.4269
0.4183
0.4438
0.4196
0.4873
0.6779
0.5888
0.6931
0.781
0.7523
0.7058
0.6756
0.5173
0.4802
0.69
0.5946
0.6071
0.781
0.6558
0.5931
0.7375
0.8044
0.8298
0.734
0.8452
0.7948
0.8719
0.7715
0.7577
0.8085
0.7983
0.7508
0.64
0.6842
0.6558
0.6929
0.8058
0.5913
0.6204
0.735
0.8375
0.6421
0.4508
0.6304
0.7696
0.8133
0.8806
0.7067
0.8571
0.8435
0.8773
0.7754
0.4563
0.7606
0.8119
0.8152
0.7877
0.7419
0.6294
0.6663
0.6808
0.8865
0.8344
0.8465
0.6627
0.7563
0.7719
0.746
0.7238
0.894
0.8698
0.8331
0.796
0.5463
0.82
0.7596
0.5565
0.6533
0.7406
0.7125
0.6992
0.7635
0.6798
0.6156
0.6638
0.8419
0.7548
0.6758
0.8435
0.8181
0.709
0.8369
0.8073
0.835
0.6088
0.4831
0.641
0.7523
0.8377
0.7465
0.7554
0.8479
0.8096
0.6213
0.6242
0.72
0.8235
0.8875
0.8942
0.854
0.6802
0.5198
0.694
0.844
0.79
0.8673
0.8835
0.5573
0.6396
0.7671
0.7781
0.6856
0.9356
0.8671
0.7479
0.7083
0.7785
0.7965
0.9102
0.8254
0.6169
0.711
0.8154
0.8636
0.7638
0.5054
0.4506
0.471
0.5075
0.5446
0.6194
0.565
0.6442
0.4179
0.3529
0.6721
0.6775
0.69
0.6277
0.636
0.6398
0.5538
0.495
0.8219
0.751
0.7856
0.8704
0.9571
0.8829
0.7808
0.8373
0.8915
0.8702
0.8304
0.7477
0.6577
0.5823
0.6685
0.7238
0.7706
0.914
0.7827
0.7635
0.889
0.871
0.8594
0.8096
0.7533
0.845
0.7863
0.6163
0.7013
0.8635
0.6485
0.6448
0.7642
0.6246
0.57
0.6433
0.5554
0.5913
0.6356
0.5973
0.5185
0.5438
0.6746
0.6131
0.3581
0.5135
0.6279
0.7102
0.6175
0.7123
0.8217
0.77
0.8398
0.8979
0.8769
0.8452
0.7817
0.7617
0.7021
0.666
0.7065
0.7581
0.6285
0.4319
0.4477
0.9179
0.6292
0.535
0.5783
0.6398
0.885
0.7429
0.7017
0.596
0.4356
0.3244
0.4338
0.5554
0.6279
0.5119
0.3485
0.5131
0.5435
0.6396
0.5721
0.7244
0.9167
0.7525
0.4452
0.3652
0.5079
0.5483
0.6888
0.5302
0.5421
0.6063
0.4635
0.6319
0.4731
0.5208
0.5781
0.6138
0.7446
0.7979
0.7823
0.8106
0.8383
0.9544
0.871
0.8452
0.606
0.4744
0.574
0.7146
0.7617
0.6733
0.5583
0.5998
0.5917
0.4956
0.7973
0.6842
0.7817
0.9027
0.935
0.6471
0.5708
0.6323
0.6171
0.8115
0.6992
0.6694
0.5104
0.4813
0.6842
0.5942
0.5277
0.7208
0.615
0.4719
0.9219
0.8333
0.7775
0.5429
0.6238
0.6756
0.8738
0.9498
0.7842
0.7185
0.3294
0.3971
0.5746
0.5719
0.581
0.764
0.7502
0.92
0.9673
0.8717
0.7392
0.6688
0.6185
0.6388
0.649
0.5881
0.7742
0.7844
0.6817
0.7519
0.7342
0.7631
0.5394
0.7463
0.7663
0.6813
0.6719
0.7738
0.5088
0.6256
0.7055
0.6121
0.6658
0.6375
0.5633
0.665
0.664
0.5998
0.6713
0.5694
0.5217
0.6496
0.6602
0.5833
0.4625
0.7029
0.512
0.5262
0.6379
0.5463
0.5667
0.4675
0.4046
0.3706
0.4777
0.5856
0.7006
0.7135
0.659
0.6394
0.6467
0.6188
0.6715
0.7583
0.6635
0.5488
0.5438
0.6498
0.5335
0.5579
0.5098
0.49
0.6792
0.484
0.5021
0.6179
0.6779
0.4213
0.511
0.5696
0.5923
0.6352
0.6744
0.6192
0.5813
0.6196
0.6985
0.7535
0.7277
0.6988
0.6973
0.7308
0.669
0.7388
0.7179
0.629
0.719
0.6504
0.611
0.3977
0.5971
0.704
0.5623
0.6831
0.5629
0.6796
0.5938
0.7471
0.7258
0.7846
0.776
0.7854
0.5804
0.7056
0.5346
0.3498
0.4635
0.5925
0.6988
0.8019
0.8038
0.7185
0.7175
0.5567
0.5915
0.6048
0.5654
0.544
0.6429
0.7081
0.7306
0.7585
0.7875
0.7492
0.7725
0.7854
0.6415
0.575
0.551
0.6417
0.5552
0.5117
0.6369
0.6644
0.7648
0.8185
0.7271
0.8281
0.8054
0.8058
0.6235
0.7788
0.8108
0.8613
0.8648
0.8429
0.8688
0.7977
0.9173
0.8663
0.8588
0.9254
0.9244
0.7798
0.7988
0.9531
0.8013
0.7413
0.8279
0.8642
0.8015
0.829
0.8779
0.875
0.9221
0.909
0.8717
0.8288
0.761
0.9031
0.914
0.821
0.8827
0.9121
0.811
0.7804
0.7896
0.8146
0.7965
0.6708
0.6735
0.6029
0.5971
0.6398
0.6575
0.7673
0.7142
0.7023
0.6925
0.7371
0.6402
0.7938
0.7735
0.7467
0.9373
0.9596
0.9265
0.7238
0.7338
0.8375
0.9173
0.8275
0.8265
0.7906
0.8098
0.6606
0.7798
0.9002
0.8581
0.7546
0.7804
0.6867
0.5983
0.744
0.6765
0.5358
0.7081
0.8765
0.8738
0.8921
0.8546
0.7406
0.7448
0.6663
0.5852
0.5485
0.6519
0.7544
0.7021
0.5129
0.5406
0.6048
0.5283
0.8104
0.7679
0.8529
0.8267
0.6629
0.721
0.7083
0.6569
0.565
0.3785
0.6429
0.7044
0.6513
0.7338
0.516
0.4558
0.4846
0.5888
0.3771
0.3177
0.495
0.8177
0.691
0.671
0.7367
0.5548
0.7921
0.8531
0.9433
0.8002
0.6883
0.7675
0.9042
0.9394
0.94
0.6477
0.6698
0.6585
0.6227
0.6263
0.4352
0.5008
0.8
0.8458
0.8848
0.9298
0.8385
0.8392
0.8715
0.8402
0.6979
0.7608
0.694
0.5283
0.4477
0.6004
0.905
0.7617
0.8585
0.7681
0.6407
-99
0.6488
0.9104
0.6731
0.5975
0.5271
0.5746
0.8675
0.6154
0.6508
0.6619
0.7577
0.715
0.6665
0.6763
0.5248
0.4479
0.56
0.6215
0.5058
0.7669
0.6788
0.6077
0.791
0.8258
0.7785
0.7635
0.7463
0.6027
0.5369
0.7715
0.7269
0.6019
0.4633
0.5192
0.7077
0.6079
0.6021
0.4146
0.5352
0.5352
0.5821
0.6808
0.6554
0.5671
0.6794
0.7231
0.8425
0.8071
0.6083
0.5715
0.4558
0.6398
0.571
0.4871
0.7894
0.9585
0.8985
0.5438
0.7838
0.8019
0.4802
0.6646
0.8577
0.8233
0.7056
0.52
0.6781
0.7304
0.6665
0.6856
0.8813
0.5575
0.5133
0.6496
0.5754
0.4719
0.4433
0.6156
0.5538
0.579
0.6688
0.6575
0.5775
0.4435
0.4209
0.5204
0.7285
0.555
0.4791
0.5702
0.5085
0.5169
0.6708
0.6863
0.785
0.7519
0.6613
0.7554
0.7913
0.7254
0.4965
0.3277
0.3181
0.4077
0.3644
0.3377
0.4763
0.6571
0.611
0.6475
0.6348
0.5902
0.5831
0.5567
0.6725
0.8248
0.5187
0.7679
0.5746
0.4579
0.451
0.4975
0.5025
0.5917
0.4958
0.5746
0.5156
0.3404
0.5263
0.6775
0.7458
0.7785
0.73
0.7915
0.8065
0.7438
0.7242
0.5763
0.7127
0.6054
0.6879
0.7802
0.759
0.8338
0.62
0.6683
0.6346
0.756
0.7654
0.665
0.5944
0.6475
0.7669
0.5479
0.4283
0.5425
0.6013
0.7198
0.7648
0.7835
0.7767
0.5181
0.5842
0.6548
0.6488
0.6779
0.6654
0.711
0.6504
0.5258
0.7823
0.7656
0.7992
0.7273
0.6663
0.5756
0.6904
0.735
0.7063
0.6485
0.5817
0.7423
0.8608
0.6406
0.4581
0.6756
0.7925
0.7242
0.7954
0.5896
0.694
0.8248
0.4842
0.5519
0.6231
0.6758
0.8029
0.9096
0.615
0.5863
0.7352
0.5583
0.6325
0.8256
0.82
0.8088
0.8263
0.8229
0.7133
0.7908
0.821
0.8017
0.7617
0.9221
0.8383
0.8302
0.839
0.8373
0.6871
0.6777
0.704
0.7906
0.8135
0.8233
0.854
0.8398
0.8533
0.8592
0.8067
0.7702
0.9115
0.9592
0.8113
0.7556
0.56
0.6156
0.5952
0.6667
0.8463
0.666
0.6719
0.5294
0.7175
0.7733
0.8735
0.8704
0.8742
0.8915
0.66
0.3746
0.3298
0.5446
0.6288
0.5398
0.5673
0.6348
0.3156
0.3725
0.5365
0.536
0.4129
0.5015
0.6133
0.5691
0.4481
0.7294
0.7125
0.4521
0.5825
0.4904
0.6375
0.5465
0.6854
0.4454
0.5556
0.3219
0.2613
0.414
0.6992
0.7021
0.6654
0.6165
0.6308
0.6952
0.7006
0.6617
0.6215
0.664
0.6148
0.5521
0.4002
0.6344
0.754
0.7071
0.6515
0.6219
0.705
0.7163
0.8573
0.67
0.6627
0.6663
0.7304
0.6202
0.6244
0.5267
0.6444
0.6306
0.5823
0.5748
0.8142
0.926
0.7875
0.629
0.6319
0.6017
0.6171
0.794
0.7992
0.7196
0.6204
0.5825
0.6496
0.7075
0.6379
0.63
0.6156
0.7342
0.7627
0.9081
0.9371
0.716
0.6569
0.7138
0.709
0.7402
0.8773
0.5888
0.5521
0.8863
0.9654
0.8467
0.5233
0.6352
0.6265
0.2977
0.5608
0.7931
0.7319
0.8065
0.8033
0.8004
0.8385
0.6131
0.8123
0.7123
0.6569
0.6448
0.7027
0.6529
0.4892
0.8496
0.879
0.9627
0.9633
0.6127
0.6879
0.8335
0.7783
0.6385
0.5067
0.7658
0.7323
0.769
0.5765
0.5102
0.6394
0.7771
0.6175
0.5217
0.6704
0.5579
0.6215
0.5952
0.3213
0.3204
0.4473
0.8935
0.7844
0.5948
0.6265
0.5
0.7229
0.6083
0.4871
0.4777
0.636
0.806
0.5842
0.6288
0.6571
0.7558
0.8219
0.7496
0.7738
0.8933
0.7902
0.9235
0.8565
0.5885
0.7306
0.6867
0.5398
0.5927
0.6254
0.5442
0.5425
0.5406
0.5436
0.556
0.6994
0.7885
0.8902
0.8302
0.5525
0.7671
0.5504
0.5831
0.6244
0.6577
0.7515
0.756
0.8765
0.8446
0.8175
0.8252
0.9342
0.5271
0.5681
0.6277
0.6481
0.6252
0.6871
0.691
0.7304
0.7017
0.7863
0.7981
0.6444
0.5813
0.8125
0.745
0.8429
0.8554
0.8402
0.7846
0.7656
0.7529
0.9163
0.8523
0.871
0.8975
0.8863
0.8123
0.6092
0.6635
0.646
0.6508
0.5754
0.6379
0.636
0.6983
0.669
0.5727
0.5823
0.5285
0.461
0.5506
0.7758
0.704
0.6792
0.6521
0.6742
0.789
0.7002
0.5315
0.6535
0.81
0.6465
0.5715
0.6744
0.6083
0.759
0.5467
0.6183
0.7219
0.739
0.6421
0.5021
0.4667
0.6648
0.6458
0.6206
0.604
0.6108
0.6075
0.6748
0.6921
0.7558
0.7779
0.5665
0.4817
0.6331
0.7592
0.7933
0.6827
0.506
0.5094
0.5171
0.4567
0.4467
0.4348
0.5835
0.7783
0.7635
0.8627
0.6794
0.794
0.7513
0.7223
0.8169
0.7048
0.781
0.83
0.6825
0.5879
0.5219
0.5129
0.5229
0.6265
0.5954
0.666
0.7529
0.8294
0.81
0.7098
0.7533
0.9431
0.86
0.7765
0.8446
0.8121
0.77
0.7785
0.7667
0.8331
0.7988
0.7481
0.6471
0.7629
0.8292
0.7892
0.8383
0.8431
0.8235
0.8892
0.8347
0.6219
0.6844
0.819
0.8404
0.7925
0.6838
0.6885
0.7806
0.635
0.5996
0.7431
0.4808
0.3263
0.4721
0.7094
0.7252
0.8581
0.5813
0.6467
0.8163
0.8681
0.8546
0.8848
0.9333
0.9179
0.801
0.7652
0.7773
0.8244
0.8506
0.8106
0.8306
0.7888
0.6781
0.4475
0.5765
0.7135
0.8931
0.8331
0.6465
0.6971
0.935
0.7658
0.7106
0.5602
0.6113
0.904
0.7423
0.6458
0.8385
0.775
0.7058
0.7573
0.9015
0.8229
0.8783
0.9476
0.8491
0.8669
0.8965
0.8498
0.9179
0.7288
0.6813
0.8292
0.7035
0.6973
0.7354
0.5856
0.6417
0.7971
0.7421
0.6938
0.7131
0.7081
0.7983
0.824
0.7765
0.7371
0.6956
0.5894
0.7792
0.8025
0.8196
0.8808
0.7592
0.7425
0.7108
0.6006
0.7698
0.6596
0.6656
0.7213
0.6281
0.7063
0.6198
0.76
0.8958
0.8304
0.854
0.714
0.5002
0.3667
0.5563
0.5073
0.5692
0.6623
0.465
0.2423
0.5046
0.56
0.4894
0.3521
0.4465
0.5817
0.6238
0.5942
0.76
0.8544
0.8025
0.8444
0.7492
0.8856
0.7454
0.6425
0.7133
0.324
0.4142
0.644
0.5831
0.6471
0.7498
0.5931
0.6917
0.6819
0.6146
0.2783
0.4063
0.6652
0.7669
0.791
0.7544
0.7085
0.581
0.5788
0.5948
0.6067
0.7788
0.4677
0.2967
0.4915
0.8323
0.7677
0.8169
0.8127
0.4492
0.491
0.6123
0.6525
0.5354
0.415
0.4367
0.6596
0.7429
0.5069
0.4883
0.7294
0.8913
0.4908
0.4829
0.5996
0.6413
0.726
0.8816
0.6244
0.5252
0.5446
0.66
0.4996
0.5273
0.6533
0.5554
0.451
0.3973
0.3294
0.3267
0.4194
0.4423
0.5379
0.4985
0.5292
0.7104
0.7042
0.5035
0.6794
0.7408
0.474
0.8271
0.6635
0.6904
0.6306
0.6877
0.6656
0.4421
0.5631
0.534
0.6296
0.6354
0.6579
0.789
0.7183
0.5623
0.5731
0.6071
0.6342
0.7752
0.6577
0.7773
0.4888
0.6127
0.7133
0.8229
0.8458
0.7315
0.639
0.9113
0.6331
0.3881
0.6742
0.8242
0.6942
0.4052
0.5971
0.7535
0.5015
0.576
0.5427
0.639
0.6056
0.9046
0.6463
0.7854
0.739
0.7117
0.6738
0.6946
0.9468
-99
0.7125
0.6069
0.7127
0.5796
0.6683
0.5181
0.4883
0.4031
0.4844
0.6325
0.6606
0.7498
0.5806
0.5294
0.4721
0.541
0.8571
0.7483
0.5417
0.5867
0.6525
0.6558
0.4938
0.5125
0.6925
0.6742
0.7169
0.6406
0.6781
0.4733
0.684
0.4125
0.365
0.2881
0.2665
0.5225
0.4475
0.6033
0.529
0.5135
0.5331
0.6702
0.6902
0.6831
0.6892
0.5702
0.5838
0.7444
0.6656
0.6465
0.6323
0.6258
0.7415
0.6663
0.7413
0.7088
0.5442
0.4185
0.3546
0.4715
0.5146
0.4992
0.6996
0.5458
0.7413
0.7877
0.8179
0.5363
0.4888
0.51
0.631
0.4602
0.6963
0.8444
0.6954
0.6271
0.6319
0.7183
0.7785
0.5735
0.6988
0.809
0.7954
0.8283
0.8592
0.7927
0.7181
0.7394
0.7433
0.6
0.6033
0.546
0.584
0.8204
0.6817
0.5658
0.5465
0.5002
0.6735
0.6525
0.5627
0.619
0.6765
0.505
0.549
0.6725
0.7811
0.8135
0.6715
0.4883
0.5033
0.4725
0.4654
0.4633
0.4742
0.5494
0.6408
0.69
0.8783
0.7508
0.759
0.4588
0.7208
0.6858
0.8638
0.775
0.8131
0.8038
0.8146
0.5904
0.5869
0.6923
0.7925
0.7685
0.5331
0.8121
0.9181
0.875
0.8725
0.8694
0.8458
0.8798
0.5256
0.4613
0.5465
0.6158
0.811
0.8408
0.7227
0.9108
0.8848
0.7242
0.7125
0.645
0.7733
0.8163
0.8063
0.5988
0.7413
0.7756
0.7125
0.5802
0.5779
0.5731
0.6367
0.5883
0.6213
0.6269
0.6492
0.5385
0.5654
0.7367
0.7429
0.6965
0.6942
0.6617
0.6927
0.6071
0.7675
0.7129
0.9142
0.6892
0.6219
0.7123
0.704
0.5596
0.6177
0.7158
0.8521
0.6854
0.8448
0.7546
0.8877
0.8571
0.8194
0.7673
0.78
0.6358
0.6252
0.6458
0.686
0.6696
0.5938
0.6335
0.8879
0.8804
0.7975
0.9302
0.8371
0.7435
0.5515
0.5817
0.6613
0.7735
0.669
0.695
0.7244
0.8504
0.8096
0.8729
0.776
0.8917
0.7802
0.6102
0.65
0.7785
0.7277
0.7054
0.8748
0.8413
0.7346
0.6523
0.6617
0.5865
0.7285
0.7873
0.5738
0.646
0.5817
0.5417
0.9369
0.93
0.8796
0.7725
0.8925
0.8396
0.669
0.6658
0.7988
0.7181
0.7098
0.7452
0.6952
0.5823
0.6021
0.5271
0.7096
0.8788
0.8665
0.8127
0.6527
0.7015
0.9494
0.8129
0.8381
0.94
0.9292
0.859
0.6423
0.7019
0.7515
0.6033
0.7133
0.601
0.5415
0.6044
0.4854
0.5506
0.8327
0.6738
0.4848
0.6031
0.5621
0.6756
0.6181
0.5338
0.5413
0.6869
0.5879
0.7025
0.6675
0.6458
0.7406
0.7502
0.8577
0.9631
0.7754
0.7127
0.7963
0.7567
0.6913
0.8515
0.9219
0.7919
0.6823
0.765
0.6429
0.6069
0.6073
0.7888
0.8588
0.9394
0.824
0.7396
0.6694
0.6213
0.7242
0.7417
0.5792
0.5979
0.5469
0.5815
0.4673
0.8944
0.7944
0.7504
0.7881
0.8583
0.8442
0.9792
0.9144
0.9779
0.8369
0.8304
0.7317
0.6838
0.8071
0.8681
0.6256
0.6456
0.51
0.5606
0.564
0.726
0.6788
0.7546
0.6235
0.6273
0.5915
0.8781
0.8958
0.6231
0.7513
0.7004
0.9325
0.8081
0.8071
0.719
0.64
0.535
0.5202
0.5163
0.571
0.546
0.7767
0.7748
0.5635
0.5296
0.7013
0.6458
0.7904
0.7542
0.8048
0.8646
0.851
0.6969
0.6175
0.7827
0.9306
0.8027
0.7867
0.7558
0.9031
0.6444
0.5165
0.7085
0.7515
0.9256
0.7019
0.8821
0.7733
0.8746
0.8354
0.7173
0.7281
0.7152
0.5769
0.5238
0.7183
0.7544
0.8508
0.8267
0.6194
0.7463
0.7096
0.605
0.6329
0.6315
0.6523
0.6665
0.6475
0.4623
0.636
0.7102
0.725
0.5771
0.6283
0.7608
0.7406
0.73
0.6994
0.7173
0.5908
0.4758
0.4702
0.5748
0.7215
0.721
0.6225
0.5027
0.641
0.4283
0.3838
0.4308
0.6319
0.5844
0.6713
0.7381
0.5983
0.4825
0.4746
0.4421
0.4754
0.494
0.6352
0.7325
0.7938
0.7925
0.7542
0.7898
0.7271
0.6413
0.6698
0.731
0.7833
0.7192
0.645
0.7738
0.7983
0.8177
0.8425
0.844
0.6029
0.6002
0.7165
0.7604
0.7744
0.736
0.7779
0.6525
0.674
0.5498
0.856
0.7933
0.639
0.5594
0.5296
0.5621
0.7392
0.725
0.6644
0.8879
0.855
0.6556
0.8727
0.8313
0.7054
0.6904
0.4823
0.5967
0.4854
0.5779
0.7233
0.7923
0.7308
0.8008
0.5398
0.4988
0.5175
0.536
0.7215
0.8335
0.8721
0.9031
0.5025
0.4208
0.5131
0.6425
0.5104
0.4925
0.4935
0.6054
0.846
0.8744
0.8654
0.8677
0.6688
0.5725
0.5719
0.5644
0.5377
0.6156
0.7548
0.644
0.5781
0.7292
0.8013
0.9138
0.8713
0.7721
0.9113
0.949
0.8004
0.6779
0.779
0.7985
0.8756
0.8658
0.8608
0.7502
0.8435
0.7325
0.9073
0.8006
0.5513
0.6377
0.791
0.8115
0.7935
0.9173
0.9165
0.9173
0.8765
0.7244
0.8202
0.829
0.5721
0.6585
0.6221
0.624
0.6485
0.7413
0.6665
0.6292
0.68
0.8148
0.5988
0.7585
0.8708
0.8035
0.6975
0.8142
0.9548
0.9285
0.8417
0.7348
0.7852
0.9163
0.795
0.501
0.3706
0.5846
0.5183
0.5517
0.6213
0.626
0.736666666666667
0.6025
0.529166666666667
0.653541666666667
0.721666666666667
0.670625
0.727291666666667
0.62875
0.906041666666667
0.863125
0.720625
0.543125
0.6775
0.7525
0.643541666666667
0.584791666666667
0.557083333333333
0.819583333333333
0.829375
0.892083333333333
0.699583333333333
0.6575
0.605625
0.622708333333333
0.736458333333333
0.7325
0.782083333333333
0.658333333333333
0.596041666666667
0.602916666666667
0.589583333333333
0.528541666666667
0.622916666666667
0.580416666666667
0.776875
0.823333333333333
0.716458333333333
0.626875
0.686458333333333
0.704791666666667
0.650208333333333
0.608333333333333
0.770833333333333
0.801875
0.975
0.951458333333333
0.872708333333333
0.85875
0.9275
0.944375
0.905208333333333
0.852291666666667
0.970208333333333
0.880416666666667
0.83875
0.87875
0.908333333333333
0.780833333333333
0.795208333333333
0.774791666666667
0.818958333333333
0.860625
0.856666666666667
0.816458333333333
0.766041666666667
0.826875
0.874166666666667
0.701666666666667
0.565208333333333
0.547083333333333
0.800833333333333
0.601875
0.652916666666667
0.584375
0.610208333333333
0.604791666666667
0.61125
0.830208333333333
0.528541666666667
0.424791666666667
0.489583333333333
0.679791666666667
0.626458333333333
0.682291666666667
0.855416666666667
0.820416666666667
0.628958333333333
0.500625
0.4225
0.439375
0.42625
0.437916666666667
0.518541666666667
0.727916666666667
0.655208333333333
0.653333333333333
0.739583333333333
0.712916666666667
0.8425
0.925625
0.936041666666667
0.672083333333333
0.754791666666667
0.806666666666667
0.580208333333333
0.685625
0.645833333333333
0.500416666666667
0.7425
0.81125
0.905208333333333
0.7675
0.541666666666667
0.575833333333333
0.570625
0.70375
0.783333333333333
0.892083333333333
0.868333333333333
0.89875
0.752083333333333
0.685
0.563541666666667
0.599583333333333
0.701666666666667
0.824166666666667
0.769791666666667
0.746041666666667
0.748541666666667
0.627708333333333
0.517083333333333
0.478958333333333
0.508125
0.5985
0.568958333333333
0.564166666666667
0.674166666666667
0.856041666666667
0.746875
0.738333333333333
0.726875
0.732916666666667
0.722708333333333
0.595416666666667
0.843958333333333
0.769375
0.719166666666667
0.539583333333333
0.432916666666667
0.507708333333333
0.582083333333333
0.642083333333333
0.681666666666667
0.748541666666667
0.6875
0.711666666666667
0.635833333333333
0.7075
0.720833333333333
0.463333333333333
0.420625
0.407083333333333
0.416458333333333
0.392291666666667
0.327708333333333
0.357708333333333
0.4825
0.772916666666667
0.714166666666667
0.749166666666667
0.656458333333333
0.469583333333333
0.559166666666667
0.755208333333333
0.563541666666667
0.725416666666667
0.705625
0.646875
0.739375
0.742291666666667
0.80375
0.790625
0.706458333333333
0.764791666666667
0.697083333333333
0.716458333333333
0.687083333333333
0.590416666666667
0.495833333333333
0.69875
0.578541666666667
0.622916666666667
0.694583333333333
0.411458333333333
0.535416666666667
0.63875
0.715
0.7075
0.625208333333333
0.482083333333333
0.55125
0.549375
0.386041666666667
0.516041666666667
0.71125
0.6175
0.663958333333333
0.590416666666667
0.723958333333333
0.712708333333333
0.794791666666667
0.726458333333333
0.644791666666667
0.723333333333333
0.74125
0.723125
0.717708333333333
0.829791666666667
0.670833333333333
0.717916666666667
0.5775
0.515833333333333
0.380625
0.390208333333333
0.475
0.417916666666667
0.541666666666667
0.713125
0.570625
0.55875
0.783333333333333
0.788125
0.740625
0.710625
0.776666666666667
0.802708333333333
0.707291666666667
0.788541666666667
0.690416666666667
0.756666666666667
0.740416666666667
0.899375
0.850625
0.745416666666667
0.7225
0.810416666666667
0.89
0.851875
0.863333333333333
0.857916666666667
0.78625
0.779375
0.807916666666667
0.807291666666667
0.879375
0.880833333333333
0.824583333333333
0.757708333333333
0.827291666666667
0.76125
0.889583333333333
0.626666666666667
0.671458333333333
0.635416666666667
0.6275
0.684375
0.624791666666667
0.764583333333333
0.6275
0.606041666666667
0.789375
0.853958333333333
0.764583333333333
0.762083333333333
0.838541666666667
0.854166666666667
0.824583333333333
0.591875
0.676458333333333
0.674791666666667
0.773958333333333
0.942083333333333
0.865625
0.726041666666667
0.576458333333333
0.650625
0.822916666666667
0.801666666666667
0.863333333333333
0.872291666666667
0.866458333333333
0.832291666666667
0.873125
0.84375
0.755416666666667
0.679583333333333
0.594166666666667
0.661041666666667
0.696458333333333
0.71
0.758958333333333
0.880833333333333
0.899166666666667
0.721875
0.565833333333333
0.550208333333333
0.611458333333333
0.640625
0.624583333333333
0.359583333333333
0.33875
0.5475
0.52625
0.714166666666667
0.781458333333333
0.652708333333333
0.645625
0.8
0.669791666666667
0.6225
0.648958333333333
0.62
0.699791666666667
0.727083333333333
0.6525
0.783541666666667
0.8925
0.923541666666667
0.806666666666667
0.677708333333333
0.661458333333333
0.674166666666667
0.640625
0.764166666666667
0.738333333333333
0.596875
0.610625
0.649166666666667
0.609583333333333
0.579791666666667
0.692708333333333
0.54125
0.69
0.648958333333333
0.743958333333333
0.817916666666667
0.837083333333333
0.695416666666667
0.527916666666667
0.816041666666667
0.872708333333333
0.777916666666667
0.822916666666667
0.691666666666667
0.741458333333333
0.952291666666667
0.921041666666667
0.941458333333333
0.727291666666667
0.6925
0.639375
0.585
0.609375
0.680833333333333
0.621041666666667
0.37375
0.558333333333333
0.59375
0.520625
0.578125
0.390833333333333
0.466458333333333
0.554583333333333
0.655833333333333
0.933333333333333
0.813125
0.85
0.645
0.563125
0.434166666666667
0.379791666666667
0.3325
0.52875
0.801458333333333
0.676875
0.744583333333333
0.540208333333333
0.677083333333333
0.775416666666667
0.740625
0.512916666666667
0.403125
0.289583333333333
0.298541666666667
0.303541666666667
0.4275
0.442083333333333
0.508333333333333
0.395625
0.672083333333333
0.724791666666667
0.539791666666667
0.562708333333333
0.771041666666667
0.788541666666667
0.777083333333333
0.534166666666667
0.893541666666667
0.927708333333333
0.632083333333333
0.51125
0.527291666666667
0.647291666666667
0.672708333333333
0.775
0.580208333333333
0.503958333333333
0.500208333333333
0.720833333333333
0.763333333333333
0.700416666666667
0.767708333333333
0.703125
0.706666666666667
0.734583333333333
0.865833333333333
0.751875
0.621458333333333
0.551041666666667
0.840208333333333
0.815416666666667
0.91625
0.845625
0.935
0.967291666666667
0.873541666666667
0.777083333333333
0.856875
0.891041666666667
0.850208333333333
0.759791666666667
0.688958333333333
0.789791666666667
0.833333333333333
0.841458333333333
0.765833333333333
0.744166666666667
0.664375
0.565833333333333
0.723125
0.545
0.446458333333333
0.633541666666667
0.84375
0.740833333333333
0.351666666666667
0.422916666666667
0.538958333333333
0.653125
0.4825
0.513333333333333
0.399166666666667
0.415
0.582291666666667
0.832291666666667
0.729375
0.862291666666667
0.92375
0.4375
0.461875
0.463333333333333
0.558958333333333
0.653125
0.699375
0.810416666666667
0.878333333333333
0.710833333333333
0.803541666666667
0.609583333333333
0.646041666666667
0.453333333333333
0.51375
0.507708333333333
0.56
0.650416666666667
0.689166666666667
0.712291666666667
0.758541666666667
0.710833333333333
0.654791666666667
0.44
0.468958333333333
0.479791666666667
0.466458333333333
0.443958333333333
0.540625
0.520416666666667
0.458958333333333
0.403125
0.443541666666667
0.5125
0.649791666666667
0.580208333333333
0.618333333333333
0.42625
0.35125
0.286041666666667
0.568541666666667
0.932916666666667
0.659166666666667
0.481875
0.531041666666667
0.474166666666667
0.56875
0.497083333333333
0.556458333333333
0.592916666666667
0.569166666666667
0.588958333333333
0.636666666666667
0.6875
0.681875
0.666875
0.748125
0.713125
0.744375
0.479375
0.403125
0.330625
0.34375
0.391875
0.320833333333333
0.3
0.387916666666667
0.630416666666667
0.740625
0.7375
0.784583333333333
0.672916666666667
0.497708333333333
0.662291666666667
0.733125
0.706875
0.574166666666667
0.692916666666667
0.690833333333333
0.698958333333333
0.605833333333333
0.395
0.385833333333333
0.584166666666667
0.680625
0.6
0.506458333333333
0.461041666666667
0.427083333333333
0.44125
0.431875
0.519375
0.575416666666667
0.312708333333333
0.354791666666667
0.3325
0.397708333333333
0.440416666666667
0.583958333333333
0.639583333333333
0.551666666666667
0.707916666666667
0.622083333333333
0.633541666666667
0.63
0.651041666666667
0.83875
0.82125
0.78375
0.695208333333333
0.599583333333333
0.539583333333333
0.523333333333333
0.505625
0.6275
0.521458333333333
0.513333333333333
0.544375
0.423958333333333
0.473541666666667
0.440833333333333
0.5975
0.527708333333333
0.484583333333333
0.636458333333333
0.788541666666667
0.775625
0.620625
0.530833333333333
0.643541666666667
0.73625
0.70625
0.703333333333333
0.69
0.614791666666667
0.59
0.707708333333333
0.756041666666667
0.709791666666667
0.783125
0.783125
0.638958333333333
0.805
0.796875
0.798333333333333
0.801458333333333
0.695416666666667
0.604791666666667
0.462083333333333
0.705625
0.772916666666667
0.823333333333333
0.757708333333333
0.669166666666667
0.767083333333333
0.60125
0.732708333333333
0.654166666666667
0.712083333333333
0.777708333333333
0.803541666666667
0.769583333333333
0.6425
0.820833333333333
0.830625
0.681875
0.564375
0.538333333333333
0.533125
0.531458333333333
0.503541666666667
0.492708333333333
0.610208333333333
0.705625
0.731458333333333
0.740208333333333
0.691041666666667
0.788541666666667
0.85
0.835416666666667
0.866041666666667
0.813125
0.692708333333333
0.662708333333333
0.6175
0.831041666666667
0.837708333333333
0.854583333333333
0.859375
0.869166666666667
0.718333333333333
0.671666666666667
0.579375
0.840625
0.546875
0.611666666666667
0.542916666666667
0.551041666666667
0.494583333333333
0.534791666666667
0.83375
0.871458333333333
0.731875
0.747291666666667
0.762708333333333
0.497708333333333
0.45125
0.427291666666667
0.7025
0.828541666666667
0.573541666666667
0.667916666666667
0.682291666666667
0.717708333333333
0.795208333333333
0.71
0.592916666666667
0.595833333333333
0.602291666666667
0.600208333333333
0.585208333333333
0.548333333333333
0.695
0.585833333333333
0.6175
0.652083333333333
0.624166666666667
0.398958333333333
0.687083333333333
0.729583333333333
0.675625
0.813541666666667
0.775
0.645625
0.642291666666667
0.661875
0.606458333333333
0.831875
0.856041666666667
0.927291666666667
0.730833333333333
0.614375
0.64
0.889166666666667
0.830416666666667
0.820416666666667
0.81
0.734791666666667
0.867083333333333
0.829791666666667
0.888125
0.879166666666667
0.707083333333333
0.693333333333333
0.635208333333333
0.577708333333333
0.406041666666667
0.431666666666667
0.678125
0.607708333333333
0.625833333333333
0.639791666666667
0.525416666666667
