20000101
0.8227
0.8729
0.8813
0.9119
0.8408
0.846
0.8242
0.7842
0.8715
0.9102
0.8783
0.8644
0.841
0.8429
0.91
0.84
0.8838
0.7334
0.41
0.8221
0.805
0.7896
0.5458
0.5229
0.73
0.7627
0.8033
0.8748
0.8723
0.8735
0.771
0.7375
0.8496
0.5652
0.5542
0.7535
0.8163
0.8056
0.8544
0.675
0.615
0.6648
0.7631
0.6292
0.6775
0.8006
0.6848
0.6744
0.8317
0.7085
0.7748
0.7879
0.8119
0.7819
0.7729
0.7619
0.6933
0.6685
0.765
0.8508
0.6731
0.3833
0.5921
0.664
0.766
0.8077
0.7777
0.7175
0.645
0.5925
0.5865
0.6248
0.7175
0.5765
0.4029
0.4988
0.4588
0.3238
0.6919
0.9069
0.749
0.669
0.88
0.8238
0.73
0.8596
0.8898
0.836
0.8021
0.8358
0.8813
0.6998
0.815
0.7633
0.7548
0.7833
0.6754
0.6492
0.764
0.796
0.9365
0.8652
0.6858
0.6488
0.759
0.6092
0.9527
0.8035
0.68
0.6313
0.7229
0.64
0.6371
0.6371
0.6435
0.6033
0.5663
0.7708
0.8458
0.6992
0.7531
0.6192
0.609
0.5573
0.6588
0.7523
0.694
0.7854
0.6875
0.7079
0.89
0.7721
0.6635
0.6323
0.6285
0.6898
0.6865
0.7688
0.7806
0.7167
0.7925
0.8273
0.9358
0.7538
0.7706
0.8304
0.7465
0.7883
0.749
0.7575
0.7217
0.7404
0.6938
0.6983
0.6221
0.5623
0.6863
0.5063
0.6204
0.6327
0.656
0.8921
0.6879
0.5002
0.8371
0.8033
0.4777
0.4027
0.5502
0.5802
0.6221
0.6856
0.7058
0.6842
0.8144
0.7077
0.715
0.7481
0.4923
0.7163
0.7171
0.7802
0.6631
0.5688
0.5148
0.5517
0.6433
0.5627
0.4881
0.65
0.5992
0.8317
0.6771
0.5704
0.6335
0.6685
0.6696
0.7254
0.7433
0.7719
0.7327
0.7644
0.6063
0.5579
0.8683
0.6569
0.7271
0.6827
0.6156
0.6596
0.6273
0.6398
0.7281
0.6077
0.5954
0.7215
0.67
0.6096
0.5473
0.5669
0.5833
0.6294
0.6063
0.6021
0.7194
0.7092
0.699
0.5933
0.5483
0.536
0.5179
0.4821
0.4842
0.4919
0.5488
0.5946
0.501
0.4692
0.4506
0.5963
0.6338
0.6788
0.8758
0.7254
0.6465
0.6546
0.7079
0.5867
0.5723
0.6173
0.6694
0.6583
0.6181
0.5725
0.5692
0.6396
0.7033
0.6621
0.5833
0.6221
0.7571
0.7952
0.9754
0.7369
0.6802
0.6806
0.7056
0.73
0.7771
0.7244
0.7935
0.8979
0.8317
0.8192
0.8629
0.6456
0.6885
0.8288
0.84
0.7792
0.7177
0.77
0.79
0.7779
0.8438
0.9379
0.9365
0.8135
0.9358
0.8975
0.8373
0.8356
0.791
0.8333
0.8671
0.9554
0.9077
0.8402
0.8552
0.8971
0.8752
0.8258
0.8958
0.7671
0.92
0.8583
0.8556
0.8438
0.8394
0.8708
0.7608
0.64
0.7817
0.8396
0.8363
0.881
0.9004
0.9583
0.8752
0.9071
0.87
0.7373
0.8192
0.8331
0.9323
0.8608
0.834
0.9838
0.9683
0.8938
0.8104
0.921
0.9163
0.9464
0.9296
0.8667
0.9288
0.9263
0.8758
0.9123
0.9365
0.87
0.8798
0.8381
0.8858
0.9338
0.9225
0.8577
0.7792
0.9054
0.8748
0.8804
0.8813
0.8792
0.8829
0.9608
0.974
0.9671
0.9792
0.9429
0.8467
0.9042
0.9302
0.7429
0.6338
0.5019
0.7777
0.7069
0.8254
0.8525
0.844
0.9292
0.9492
0.8592
0.8323
0.8946
0.9019
0.8923
0.8588
0.954
0.9531
0.9229
0.8448
0.876
0.8117
0.8794
0.8808
0.8108
0.8369
0.801
0.7817
0.8571
0.9315
0.971
0.4921
0.2852
0.5752
0.4819
0.6885
0.7985
0.8083
0.8115
0.7908
0.8302
0.7027
0.5777
0.7485
0.791
0.8215
0.8829
0.9288
0.7669
0.7402
0.7696
0.7106
0.769
0.6806
0.6567
0.7098
0.7317
0.7927
0.5277
0.5285
0.6702
0.6829
0.6696
0.9367
0.7302
0.8369
0.874
0.7825
0.8094
0.7356
0.7775
0.866
0.7906
0.8094
0.7446
0.7506
0.7585
0.894
0.746
0.7185
0.7165
0.7292
0.7292
0.6192
0.5594
0.5273
0.6065
0.7479
0.8665
0.6969
0.6604
0.4425
0.6275
0.6696
0.664
0.6983
0.7094
0.7523
0.6552
0.5933
0.3965
0.5154
0.5048
0.4196
0.2977
0.4908
0.4181
0.6477
0.724
0.7081
0.8117
0.8352
0.6125
0.6098
0.5665
0.6013
0.5898
0.5202
0.6
0.7863
0.7938
0.7515
0.9494
0.7498
0.76
0.9106
0.8135
0.8388
0.7798
0.7856
0.7246
0.6938
0.8185
0.7092
0.6758
0.7604
0.6192
0.4883
0.5729
0.8367
0.8775
0.6206
0.5894
0.7669
0.8304
0.8385
0.8815
0.7367
0.6421
0.6342
0.615
0.5663
0.6035
0.7727
0.776
0.7013
0.6817
0.6677
0.6944
0.7129
0.6556
0.6519
0.5785
0.8494
0.6819
0.7526
0.76
0.6921
0.6604
0.609
0.6871
0.5823
0.5948
0.6025
0.5808
0.5513
0.546
0.5146
0.4731
0.4927
0.6581
0.6285
0.5775
0.566
0.5646
0.5946
0.6944
0.759
0.8194
0.7425
0.651
0.729
0.8902
0.7137
0.7138
0.7138
0.7154
0.7023
0.8396
0.846
0.691
0.65
0.8806
0.6917
0.6773
0.603
0.6052
0.7027
0.8002
0.6617
0.6081
0.7008
0.6558
0.6402
0.6248
0.5808
0.5425
0.6546
0.6756
0.6631
0.7046
0.6673
0.7023
0.7617
0.6765
0.6698
0.739
0.7504
0.7202
0.7798
0.7885
0.7117
0.8621
0.8554
0.7458
0.7367
0.7408
0.7765
0.705
0.6796
0.964
0.5655
0.621
0.6398
0.8196
0.7694
0.7821
0.7117
0.7906
0.8225
0.7902
0.7538
0.7
0.7263
0.7665
0.7752
0.7717
0.8038
0.7223
0.7856
0.7635
0.7613
0.641
0.66
0.7783
0.906
0.8104
0.9117
0.8979
0.8948
0.8198
0.821
0.7798
0.9279
0.9265
0.8479
0.8113
0.8338
0.8046
0.8527
0.7185
0.6925
0.7471
0.8088
0.8792
0.9063
0.841
0.8085
0.8638
0.8285
0.815
0.7977
0.8086
0.8821
0.9108
0.8858
0.7813
0.8385
0.8423
0.8521
0.8573
0.8513
0.8723
0.8746
0.8171
0.8121
0.9119
0.5392
0.706
0.795
0.8144
0.841
0.9196
0.8935
0.8867
0.5838
0.471
0.5527
0.641
0.5652
0.4698
0.7054
0.9513
0.9719
0.9194
0.8648
0.9021
0.8765
0.8827
0.8802
0.8767
0.8671
0.9342
0.936
0.8552
0.9085
0.8981
0.8885
0.9365
0.8904
0.9277
0.8765
0.9044
0.8885
0.8973
0.9069
0.8919
0.8944
0.8567
0.829
0.9706
0.941
0.9427
0.9404
0.9335
0.9296
0.9471
0.9325
0.9083
0.8858
0.7773
0.8865
0.8063
0.8744
0.9154
0.9071
0.9002
0.9654
0.9642
0.9919
0.9825
0.9498
0.9406
0.9179
0.9285
0.92
0.9158
0.9329
0.8723
0.8954
0.8783
0.8752
0.9483
0.675
0.7581
0.8531
0.8706
0.865
0.8519
0.8627
0.9167
0.8656
0.8542
0.8563
0.8081
0.815
0.81
0.7788
0.8681
0.8527
0.7825
0.762
0.8538
0.8638
0.7075
0.4338
0.619
0.7892
0.8502
0.8208
0.7998
0.8714
0.7523
0.8002
0.9494
0.9221
0.8671
0.7638
0.7756
0.5317
0.4865
0.7831
0.7773
0.7679
0.8002
0.7663
0.7579
0.9696
0.9598
0.7823
0.691
0.6944
0.5735
0.6779
0.771
0.7717
0.7031
0.7204
0.7571
0.6752
0.7494
0.7619
0.7352
0.8
0.7315
0.7327
0.7677
0.6881
0.6604
0.6133
0.6906
0.7631
0.741
0.8331
0.7565
0.8867
0.8158
0.6904
0.6902
0.7275
0.9215
0.5906
0.7419
0.8331
0.8942
0.8829
0.8208
0.891
0.9033
0.8829
0.6942
0.8652
0.809
0.7044
0.725
0.759
0.8202
0.7742
0.644
0.6631
0.6038
0.5713
0.5283
0.6635
0.7606
0.7258
0.7133
0.7729
0.894
0.9758
0.6994
0.6552
0.8608
0.9033
0.781
0.8563
0.9008
0.9204
0.9627
0.8119
0.6719
0.739
0.7246
0.7217
0.6508
0.5358
0.6869
0.6556
0.6479
0.775
0.8427
0.6508
0.6771
0.7221
0.8419
0.7152
0.6967
0.6835
0.7283
0.6758
0.6033
0.6908
0.8202
0.9238
0.7294
0.7135
0.9096
0.735
0.7448
0.7302
0.7496
0.8106
0.661
0.6425
0.6302
0.6502
0.6319
0.6215
0.6304
0.5946
0.5825
0.5585
0.6196
0.6867
0.6892
0.6335
0.6973
0.8119
0.7992
0.8025
0.7563
0.6671
0.6827
0.6717
0.8021
0.6979
0.705
0.7234
0.6527
0.6881
0.7494
-99
-99
0.5006
0.6888
0.6644
0.6573
0.7002
0.6285
0.5898
0.6496
0.6996
0.6538
0.721
0.6817
0.6735
0.6829
0.7829
0.8925
0.7748
0.825
0.7746
0.7629
0.7717
0.8127
0.7854
0.7088
0.8904
0.8477
0.8219
0.6396
0.685
0.7152
0.7166
0.8658
0.8004
0.766
0.7123
0.7281
0.7494
0.7573
0.8796
0.8271
0.9152
0.8694
0.8473
0.9406
0.7944
0.7883
0.7747
-99
-99
-99
0.8316
0.8665
0.8396
0.768
0.7831
0.835
0.8169
0.7638
0.7958
0.8531
0.8575
0.7771
0.7898
0.8548
0.901
0.8729
0.7928
0.8298
0.9263
0.8629
0.5746
0.5308
0.6902
0.7073
0.7815
0.774
0.8265
0.7819
0.7852
0.8833
0.8256
0.7996
0.8085
0.7867
0.8138
0.8006
0.9748
0.9175
0.854
0.8217
0.8392
0.7969
0.8188
0.7954
0.7131
0.7804
0.8025
0.8133
0.9133
0.7367
0.9146
0.8463
0.8577
0.8638
0.8504
0.8938
0.8767
0.8802
0.9113
0.8704
0.8775
0.8479
0.8385
0.6054
0.8171
0.5154
0.6567
0.7563
0.825
0.8698
0.914
0.764
0.9164
0.9444
0.8879
0.9025
0.9202
0.909
0.99
0.945
0.865
0.9681
0.9873
0.9606
0.9031
0.886
0.8873
0.9069
0.7438
0.8671
0.8485
0.5723
0.7096
0.5771
0.5396
0.9288
0.9885
0.9005
0.9856
0.99
0.9554
0.945
0.9846
0.9738
0.9448
0.9344
0.9446
0.9425
0.8785
0.9396
0.9206
0.9173
0.931
0.9271
0.9029
0.9821
0.9202
0.9438
0.9552
0.9002
0.885
0.884
0.77
0.8696
0.9327
0.9494
0.9169
0.9425
0.9458
0.6948
0.5675
0.8556
0.8848
0.8406
0.9126
0.8771
0.8627
0.8875
0.9279
0.9165
0.8194
0.8938
0.6146
0.414
0.3406
0.4348
0.4375
0.6106
0.6091
0.6035
0.5288
0.501
0.8204
0.9322
0.6483
0.4892
0.779
0.8285
0.7881
0.7823
0.6923
0.8121
0.8963
0.9004
0.8927
0.9021
0.745
0.737
0.8425
0.97
0.9767
0.8773
0.9071
0.8804
0.961
0.9877
0.9631
0.8621
0.849
0.8383
0.7969
0.861
0.7719
0.8385
0.8356
0.7746
0.7894
0.7829
0.7285
0.7377
0.7427
0.7233
0.7785
0.8317
0.7254
0.66
0.6613
0.6469
0.5992
0.6327
0.6638
0.6267
0.7192
0.7263
0.7506
0.7702
0.9629
0.9229
0.8871
0.7844
0.761
0.7848
0.596
0.4433
0.6588
0.4642
0.6375
0.8265
0.835
0.7808
0.7598
0.7358
0.715
0.751
0.6235
0.5685
0.6944
0.6963
0.769
0.8573
0.7419
0.7619
0.6842
0.6546
0.674
0.7279
0.6906
0.6921
0.6496
0.674
0.6748
0.6577
0.7125
0.67
0.6913
0.6258
0.8044
0.8528
0.7104
0.8117
0.8321
0.771
0.7888
0.7333
0.7606
0.7738
0.8344
0.725
0.7771
0.7898
0.7633
0.6996
0.6027
0.7363
0.67
0.5306
0.64
0.6935
0.6851
0.6742
0.7569
0.7583
0.8238
0.7675
0.6777
0.8965
0.755
0.6915
0.8149
0.6881
0.6654
0.6373
0.5931
0.5576
0.5646
0.6938
0.8438
0.8398
0.8144
0.606
0.5804
0.5749
0.4963
0.4844
0.5113
0.5704
0.5698
0.881
0.8019
0.7379
0.636
0.5092
0.6204
0.6683
0.6292
0.7019
0.83
0.7146
0.7817
0.9069
0.702
0.6802
0.6443
0.5994
0.62
0.6567
0.6067
0.6729
0.6579
0.5896
0.6942
0.5969
0.6244
0.7465
0.6894
0.6506
0.6838
0.6392
0.6367
0.6325
0.7135
0.7171
0.6898
0.6008
0.5585
0.5488
0.5371
0.5495
0.7015
0.6306
0.6427
0.6421
0.5596
0.511
0.5358
0.5381
0.556
0.6615
0.8431
0.6765
0.6621
0.7252
0.8469
0.7362
0.7075
0.6644
0.7052
0.8315
0.7058
0.7317
0.584
0.6221
0.8065
0.8575
0.9398
0.7683
0.7842
0.7965
0.8152
0.961
0.8429
0.6758
0.5142
0.7477
0.7027
0.7665
0.6823
0.7257
0.7167
0.6835
0.716
0.715
0.7408
0.8465
0.8958
0.8179
0.8208
0.749
0.7885
0.9313
0.8863
0.8217
0.9283
0.8244
0.7867
0.7533
0.8871
0.7365
0.7652
0.7958
0.8827
0.8342
0.8427
0.8292
0.8713
0.9015
0.8815
0.8396
0.7483
0.9077
0.8825
0.9581
0.8544
0.8538
0.8642
0.8346
0.8365
0.8235
0.9717
0.9331
0.9527
0.8677
0.8546
0.9346
0.8685
0.8704
0.8513
0.8533
0.8504
0.8381
0.8025
0.8935
0.98
0.9246
0.9177
0.8513
0.8869
0.9
0.9508
0.9852
0.9315
0.8921
0.8756
0.91
0.8994
0.9281
0.9398
0.9096
0.8767
0.9046
0.7469
0.8406
0.8673
0.8842
0.9425
0.9008
0.939
0.8929
0.9044
0.9019
0.9033
0.8523
0.8042
0.8421
0.8681
0.8492
0.8983
0.8929
0.9146
0.8438
0.898
0.8435
0.9413
0.889
0.8835
0.5333
0.2913
0.6456
0.8434
0.8444
0.9047
0.7215
0.6525
0.839
0.5521
0.5854
0.5423
0.3869
0.7213
0.8183
0.7549
0.8219
0.6795
0.8177
0.8885
0.8938
0.9115
0.8713
0.9256
0.8348
0.8577
0.8154
0.4879
0.2942
0.595
0.6646
0.9096
0.8246
0.8954
0.8565
0.8223
0.8942
0.4613
0.7927
0.789
0.7833
0.816
0.8048
0.8154
0.7954
0.7379
0.7546
0.7742
0.8115
0.7514
0.5667
0.5981
0.6319
0.7263
0.81
0.8058
0.9208
0.8731
0.8258
0.7509
0.889
0.9342
0.9075
0.8427
0.8077
0.8973
0.91
0.841
0.6225
0.5352
0.369
0.4421
0.6475
0.6123
0.7438
0.6717
0.6802
0.5926
0.5729
0.7527
0.6948
0.7704
0.8777
0.8138
0.7313
0.619
0.5806
0.6204
0.7825
0.7775
0.7681
0.6179
0.5528
0.4892
0.5779
0.6921
0.8675
0.8142
0.7283
0.9304
0.9077
0.75
0.8394
0.7142
0.7219
0.7616
0.8498
0.7631
0.9069
0.6821
0.6602
0.5817
0.6827
0.5542
0.8613
0.694
0.644
0.7248
0.7527
0.6258
0.6842
0.6802
0.8883
0.5742
0.6435
0.66
0.6829
0.619
0.905
0.8975
0.8275
0.7942
0.8556
0.7529
0.5744
0.7454
0.6117
0.7275
0.6983
0.7181
0.8306
0.8804
0.72
0.4942
0.6854
0.7677
0.634
0.6415
0.8008
0.8252
0.7706
0.835
0.8802
0.8033
0.676
0.6596
0.7265
0.8004
0.7581
0.7527
0.88
0.8402
0.811
0.7517
0.536
0.6188
0.6125
0.6419
0.6452
0.6819
0.6694
0.6869
0.8023
0.8398
0.5448
0.563
0.7579
0.5792
0.5546
0.6304
0.8533
0.7502
0.7552
0.7617
0.6817
0.79
0.7696
0.7031
0.6417
0.6738
0.7429
0.6698
0.6738
0.6419
0.6694
0.6825
0.6688
0.7488
0.66
0.5898
0.6256
0.7969
0.7715
0.7133
0.6675
0.6971
0.6802
0.8138
0.7498
0.665
0.6858
0.7471
0.7004
0.6327
0.6558
0.6675
0.6742
0.5169
0.6417
0.661
0.8138
0.8092
0.689
0.7056
0.6396
0.5933
0.9435
0.8052
0.7521
0.7179
0.7002
0.8292
0.7385
0.666
0.6385
0.6544
0.7117
0.7356
0.7329
0.7415
0.6521
0.626
0.5825
0.656
0.7
0.7631
0.7373
0.6519
0.6944
0.6615
0.7627
0.8935
0.831
0.8885
0.8435
0.8269
0.8525
0.7369
0.7715
0.7329
0.8227
0.7665
0.7763
0.7914
0.8025
0.8752
0.8173
0.8806
0.9227
0.8156
0.7958
0.775
0.7846
0.8202
0.8119
0.8069
0.7365
0.7725
0.5577
0.4148
0.7342
0.764
0.7767
0.7865
0.7721
0.8225
0.8098
0.6815
0.7069
0.8085
0.8683
0.8394
0.7448
0.6306
0.7285
0.875
0.8277
0.7802
0.7671
0.7992
0.7983
0.819
0.7894
0.7388
0.7913
0.7931
0.7258
0.6869
0.7217
0.7546
0.881
0.8846
0.8375
0.8227
0.9048
0.9323
0.8592
0.854
0.8644
0.8402
0.8698
0.8488
0.8082
0.7708
0.6071
0.535
0.6958
0.2652
0.2594
0.4657
0.7282
0.8094
0.835
0.8892
0.9258
0.856
0.8996
0.8748
0.834
0.8875
0.8652
0.8315
0.8419
0.9419
0.8304
0.8817
0.8052
0.839
0.901
0.924
0.8965
0.95
0.9604
0.9573
0.9552
0.8892
0.8488
0.9179
0.9188
0.8892
0.9157
0.9406
0.8052
0.91
0.7688
0.7915
0.8108
0.7473
0.8731
0.9088
0.5363
0.31
0.4773
0.3063
0.4095
0.761
0.8838
0.8877
0.899
0.8629
0.8231
0.7621
0.7867
0.8285
0.8
0.8656
0.8044
0.7854
0.7781
0.7406
0.7346
0.846
0.8471
0.8198
0.74
0.6398
0.7117
0.94
0.8806
0.5808
0.3927
0.3671
0.4081
0.5204
0.9463
0.3054
0.5627
0.53
0.4788
0.6233
0.7596
0.78
0.805
0.9371
0.895
0.8754
0.8156
0.7796
0.7583
0.6479
0.5025
0.4625
0.3715
0.4713
0.6981
0.5775
0.4729
0.3567
0.6683
0.6613
0.7667
0.7208
0.7767
0.7027
0.3846
0.5563
0.6463
0.7521
0.5146
0.4758
0.5156
0.2888
0.4808
0.6375
0.6627
0.8352
0.6558
0.6877
0.7065
0.728
0.6829
0.6423
0.5969
0.5367
0.5494
0.8089
-99
-99
-99
-99
-99
-99
-99
-99
-99
-99
-99
-99
-99
-99
-99
-99
-99
-99
-99
-99
-99
-99
-99
-99
-99
-99
-99
-99
-99
-99
-99
-99
-99
-99
-99
-99
-99
-99
-99
-99
-99
-99
-99
-99
-99
-99
-99
-99
-99
-99
-99
-99
-99
-99
-99
-99
-99
-99
-99
-99
-99
-99
-99
-99
-99
-99
-99
-99
-99
-99
-99
-99
-99
-99
-99
-99
-99
-99
-99
-99
-99
-99
-99
-99
-99
-99
-99
-99
-99
-99
-99
-99
-99
-99
-99
-99
-99
-99
-99
-99
-99
-99
-99
-99
-99
-99
-99
-99
-99
-99
-99
-99
-99
-99
-99
-99
-99
-99
-99
-99
-99
-99
-99
-99
-99
-99
-99
-99
-99
-99
-99
-99
-99
-99
-99
-99
-99
-99
-99
-99
-99
-99
-99
-99
-99
-99
-99
-99
-99
-99
-99
-99
-99
-99
-99
-99
-99
-99
-99
-99
-99
-99
-99
-99
-99
-99
-99
-99
-99
-99
-99
-99
-99
-99
-99
-99
-99
-99
-99
-99
-99
-99
-99
-99
-99
-99
-99
-99
-99
-99
-99
-99
-99
-99
-99
-99
-99
-99
-99
-99
-99
-99
-99
-99
-99
-99
-99
-99
-99
-99
-99
-99
-99
-99
-99
-99
-99
-99
-99
-99
-99
-99
-99
-99
-99
-99
-99
-99
-99
-99
-99
-99
-99
-99
-99
-99
-99
-99
-99
-99
-99
-99
-99
-99
-99
-99
-99
-99
-99
-99
-99
0.879
0.7933
0.6575
0.8138
0.9779
0.9179
0.8375
0.82
0.8233
0.75
0.8033
0.5504
0.6371
0.8317
0.8079
0.8142
0.9167
0.8642
0.8613
0.86
0.8488
0.8704
0.8054
0.7808
0.7142
0.6004
0.7667
0.7679
0.8325
0.8367
0.715
0.7296
0.7275
0.8325
0.8938
0.6767
0.3483
0.5429
0.8696
0.8375
0.9842
0.9517
0.91
0.9204
0.9125
0.8133
0.8596
0.8108
0.8946
0.9246
0.8925
0.8383
0.8163
0.8767
0.8913
0.9083
0.8021
0.8021
0.8333
0.815
0.9446
0.9796
0.9867
0.8463
0.735
0.8221
0.7992
0.8029
0.8958
0.8104
0.7967
0.8021
0.7558
0.8354
0.8629
0.8392
0.8463
0.7846
0.7663
0.8629
0.7925
0.6896
0.5854
0.7067
0.7533
0.7879
0.87
0.8025
0.8021
0.7271
0.9083
0.4154
0.7283
0.7
0.7113
0.5929
0.6738
0.4421
0.2708
0.6888
0.775
0.7625
0.6108
0.5813
0.5313
0.8313
0.7838
0.7404
0.7104
0.6967
0.8829
0.9092
0.8996
0.7596
0.9021
0.7529
0.63
0.7546
0.6838
0.69
0.6592
0.6929
0.6508
0.7042
0.7363
0.7083
0.7171
0.7108
0.7408
0.8592
0.9092
0.8067
0.7675
0.7904
0.5771
0.6758
0.7204
0.6179
0.6425
0.6963
0.8158
0.6725
0.6842
0.8142
0.7946
0.6654
0.7121
0.615
0.5896
0.6129
0.6863
0.4671
0.4167
0.655
0.685
0.7067
0.6067
0.6425
0.7188
0.6917
0.7458
0.64
0.5996
0.7158
0.6975
0.6833
0.8321
0.6958
0.5975
0.5567
0.5963
0.5421
0.6238
0.5933
0.6163
0.5342
0.6004
0.6096
0.595
0.5683
0.5233
0.5367
0.5671
0.6613
0.5238
0.4658
0.3575
0.3183
0.4038
0.63
0.5588
0.54
0.5371
0.5638
0.5488
0.5513
0.52
0.4663
0.4263
0.4742
0.6775
0.645
0.5875
0.5204
0.5633
0.51
0.6738
0.6471
0.5208
0.5858
0.6129
0.5467
0.5938
0.6483
0.6821
0.7508
0.5154
0.49
0.5425
0.5338
0.6871
0.6521
0.7004
0.7108
0.6058
0.5771
0.5546
0.8046
0.8708
0.8325
0.6942
0.7033
0.6267
0.7454
0.5854
0.5013
0.5108
0.6375
0.7333
0.7121
0.4846
0.4479
0.5813
0.6096
0.5688
0.5529
0.6108
0.6383
0.6558
0.4083
0.4058
0.4921
0.5617
0.4529
0.3563
0.5583
0.6346
0.7233
0.57
0.6592
0.9242
0.7663
0.7313
0.6404
0.6163
0.6196
0.6633
0.6829
0.6663
0.8004
0.7821
0.7117
0.6508
0.7071
0.7108
0.7313
0.6671
0.685
0.81
0.6954
0.6567
0.6896
0.7488
0.7313
0.7942
0.7488
0.6579
0.6933
0.8317
0.9363
0.9292
0.7421
0.8263
0.7854
0.7608
0.7863
0.7388
0.7713
0.8796
0.9521
0.7996
0.7104
0.5104
0.7288
0.79
0.7804
0.8058
0.7792
0.7692
0.6329
0.8279
0.8025
0.7817
0.7638
0.8713
0.8604
0.8129
0.8688
0.8908
0.7683
0.7713
0.7921
0.8246
0.8967
0.9633
0.8346
0.845
0.83
0.7833
0.7925
0.7313
0.8279
0.8388
0.7533
0.7442
0.7767
0.7571
0.8408
0.8525
0.7621
0.6771
0.845
0.7971
0.7608
0.8333
0.8071
0.8433
0.8571
0.9171
0.9408
0.8358
0.7713
0.8383
0.9583
0.9063
0.8788
0.8754
0.9083
0.8629
0.8871
0.7646
0.8508
0.8733
0.8496
0.87
0.8254
0.885
0.885
0.8146
0.9058
0.8813
0.8608
0.8429
0.5888
0.7704
0.8654
0.8888
0.8892
0.8917
0.6871
0.8208
0.66
0.905
0.9233
0.9042
0.6867
0.7883
0.8746
0.7692
0.7992
0.5492
0.5433
0.6208
0.675
0.7358
0.8067
0.7925
0.8125
0.8208
0.9238
0.8863
0.8638
0.8158
0.8
0.845
0.8396
0.8679
0.8379
0.8842
0.8779
0.8454
0.7838
0.8433
0.9042
0.8304
0.89
0.8467
0.7633
0.8067
0.8917
0.9375
0.6879
0.39
0.7625
0.77
0.7521
0.7033
0.5667
0.5821
0.7858
0.9171
0.8263
0.8475
0.8458
0.7929
0.8846
0.8354
0.9304
0.7008
0.6517
0.7429
0.6746
0.6463
0.6358
0.3692
0.4038
0.8208
0.9204
0.8517
0.8133
0.835
0.8583
0.7908
0.7992
0.8613
0.6875
0.7833
0.7783
0.7379
0.7517
0.8013
0.6858
0.755
0.7083
0.7713
0.36
0.3142
0.2588
0.3488
0.5979
0.5942
0.5796
0.7521
0.8733
0.6408
0.6796
0.5846
0.755
0.31
0.3367
0.5113
0.575
0.5821
0.7504
0.8338
0.7029
0.5863
0.7754
0.8238
0.9421
0.9058
0.8942
0.8113
0.9325
0.7804
0.8088
0.6875
0.7504
0.8271
0.8158
0.9021
0.9196
0.8842
0.6242
0.6667
0.8108
0.7992
0.8054
0.7792
0.8179
0.6317
0.5792
0.5658
0.5688
0.6496
0.7304
0.8446
0.7892
0.6571
0.935
0.8021
0.8383
0.8163
0.5321
0.4788
0.4913
0.645
0.5392
0.5871
0.5471
0.6242
0.5388
0.6742
0.6625
0.7133
0.7542
0.5538
0.8158
0.625
0.6804
0.6283
0.6258
0.6163
0.6146
0.8675
0.7571
0.5396
0.5692
0.6442
0.7092
0.6513
0.4642
0.5575
0.7917
0.8546
0.7963
0.8279
0.7471
0.8279
0.7004
0.6354
0.6733
0.6363
0.6313
0.5538
0.6525
0.6283
0.8858
0.6217
0.5625
0.5067
0.51
0.6188
0.5613
0.4733
0.5446
0.6213
0.6283
0.6621
0.5875
0.6267
0.6563
0.5858
0.6542
0.5708
0.5646
0.4908
0.4983
0.7071
0.5929
0.6996
0.6217
0.6183
0.5904
0.4454
0.4563
0.5729
0.6179
0.5888
0.6713
0.7908
0.7646
0.5696
0.6042
0.6188
0.5875
0.5658
0.605
0.6454
0.6267
0.6258
0.6104
0.6217
0.5796
0.6175
0.6758
0.7054
0.9463
0.7688
0.6542
0.6488
0.6192
0.7692
0.7163
0.6621
0.6392
0.7479
0.6738
0.6783
0.8671
0.7208
0.8021
0.8854
0.8121
0.8063
0.7146
0.6429
0.5725
0.5104
0.6013
0.7125
0.4171
0.5713
0.6946
0.7963
0.7288
0.6804
0.5575
0.6583
0.7142
0.6946
0.7325
0.6675
0.6933
0.6696
0.7496
0.7229
0.7108
0.7879
0.805
0.7546
0.7738
0.8096
0.7967
0.8308
0.8079
0.7758
0.5958
0.5533
0.5825
0.7625
0.7954
0.7483
0.7179
0.9413
0.8646
0.8496
0.8188
0.7663
0.9204
0.7304
0.8575
0.7929
0.7683
0.8058
0.7671
0.7817
0.7688
0.8142
0.77
0.7754
0.6658
0.7692
0.7513
0.7642
0.8088
0.8238
0.8517
0.79
0.7733
0.81
0.3813
0.4408
0.7067
0.7875
0.7613
0.8196
0.8829
0.7596
0.6433
0.6596
0.7758
0.7975
0.7967
0.7633
0.8396
0.6617
0.3838
0.2588
0.4471
0.4863
0.5063
0.8696
0.9329
0.8979
0.9367
0.8917
0.68
0.3996
0.5229
0.8067
0.8738
0.8479
0.845
0.8813
0.9242
0.8596
0.8642
0.8196
0.93
0.8246
0.6508
0.6142
0.465
0.4429
0.6396
0.7075
0.7171
0.7342
0.7675
0.7746
0.8467
0.8733
0.9088
0.8892
0.8808
0.8604
0.8638
0.8338
0.7221
0.7654
0.7025
0.5892
0.4254
0.5992
0.7538
0.9788
0.9608
0.9379
0.9004
0.9358
0.9192
0.9229
0.9321
0.8154
0.8179
0.8083
0.9021
0.9021
0.6775
0.8021
0.8558
0.8942
0.8654
0.6508
0.6792
0.6292
0.8938
0.8833
0.7479
0.7108
0.5483
0.6338
0.7513
0.8613
0.8717
0.8625
0.8558
0.7588
0.7617
0.7788
0.7767
0.7475
0.6888
0.6954
0.7979
0.7558
0.7688
0.78
0.7658
0.7954
0.7371
0.845
0.8708
0.8967
0.8204
0.7908
0.8008
0.7946
0.9271
0.8283
0.8467
0.8042
0.8017
0.8721
0.7092
0.7633
0.6317
0.5654
0.3088
0.3458
0.5663
0.7675
0.7946
0.6642
0.7242
0.7508
0.6417
-99
0.6733
0.7271
0.8038
0.9096
0.3625
0.66
0.8104
0.3279
0.6446
0.6383
0.805
0.8521
0.7933
0.7404
0.8088
0.5588
0.2467
0.4071
0.4042
0.6171
0.6525
0.6296
0.7858
0.7317
0.8533
0.7913
0.8608
0.7433
0.6708
0.6171
0.6067
0.7017
0.8546
0.9138
0.7404
0.9238
0.7763
0.7042
0.7704
0.7154
0.6525
0.6058
0.6246
0.8171
0.7146
0.6579
0.6279
0.5425
0.495
0.6817
0.6821
0.7838
0.7792
0.6121
0.8783
0.8692
0.785
0.8221
0.7771
0.8571
0.8133
0.8775
0.9063
0.8063
0.7829
0.5675
0.6788
0.8808
0.8813
0.8275
0.935
0.7383
0.9129
0.8483
0.7533
0.7138
0.7996
0.8746
0.8358
0.8104
0.7883
0.8692
0.675
0.7529
0.7117
0.7813
0.7688
0.8546
0.5738
0.7492
0.7225
0.7367
0.8163
0.845
0.7058
0.6588
0.6417
0.5908
0.535
0.5725
0.5571
0.6329
0.6725
0.7588
0.6083
0.6796
0.8396
0.7467
0.7413
0.6988
0.6333
0.6033
0.705
0.6942
0.7054
0.7113
0.6854
0.6871
0.8546
0.8238
0.7392
0.6758
0.6888
0.7375
0.7288
0.6767
0.6583
0.7496
0.6029
0.6925
0.6825
0.6938
0.6804
0.6925
0.6792
0.6958
0.5633
0.5108
0.63
0.6675
0.6429
0.5904
0.5392
0.4483
0.5142
0.6138
0.6042
0.6175
0.7492
0.5758
0.5475
0.7742
0.5863
0.6879
0.6558
0.6846
0.6333
0.6838
0.7071
0.7783
0.92
0.6842
0.73
0.7917
0.8392
0.715
0.6654
0.6342
0.7283
0.7063
0.7254
0.7908
0.6892
0.6204
0.8583
0.7004
0.7058
0.6946
0.6958
0.8158
0.8442
0.6496
0.5346
0.6483
0.7354
0.7463
0.8421
0.8204
0.7671
0.7242
0.7938
0.8796
0.8558
0.7629
0.7767
0.6971
0.7133
0.69
0.7321
0.7375
0.7258
0.5267
0.5113
0.6533
0.6354
0.6317
0.885
0.7629
0.7271
0.7071
0.8729
0.8367
0.8067
0.7663
0.8379
0.8321
0.9317
0.8604
0.8063
0.8038
0.7454
0.8333
0.8567
0.8038
0.8188
0.8408
0.9333
0.8821
0.8671
0.9604
0.8858
0.9083
0.8371
0.8642
0.87
0.8871
0.8408
0.8917
0.8592
0.8583
0.9158
0.9275
0.4908
0.2858
0.6954
0.7204
0.8146
0.8883
0.8542
0.8963
0.8829
0.8471
0.8971
0.7979
0.4675
0.5896
0.8075
0.8896
0.9525
0.7775
0.8271
0.7213
0.7646
0.8954
0.7717
0.8325
0.8625
0.8425
0.9446
0.3288
0.3988
0.71
0.9263
0.9771
0.7633
0.6471
0.7163
0.3967
0.5504
0.7392
0.4833
0.52
0.6179
0.7346
0.7388
0.9083
0.9271
0.8617
0.9629
0.9467
0.9071
0.85
0.8992
0.84
0.8746
0.8571
0.9371
0.8875
0.8375
0.9313
0.9733
0.9242
0.8767
0.8563
0.7621
0.7988
0.8383
0.8583
0.8767
0.8804
0.9229
0.845
0.8363
0.9338
0.5004
0.6129
0.7429
0.4896
0.5208
0.8538
0.835
0.8763
0.9529
0.9533
0.9538
0.8096
0.92
0.9083
0.6242
0.4083
0.7888
0.71
0.8575
0.7704
0.8042
0.8221
0.8246
0.7917
0.7296
0.5021
0.7529
0.7867
0.7067
0.79
0.64
0.7996
0.7363
0.715
0.6163
0.6129
0.9196
0.8975
0.8704
0.8254
0.5879
0.3013
0.2688
0.6075
0.7596
0.7358
0.7908
0.7642
0.7008
0.6363
0.6321
0.4754
0.6325
0.6817
0.625
0.4021
0.5663
0.5338
0.5067
0.4854
0.5092
0.6321
0.6213
0.8683
0.6492
0.7521
0.9075
0.7904
0.8929
0.8071
0.7888
0.8167
0.7817
0.9175
0.7671
0.725
0.8696
0.8113
0.7533
0.7946
0.7371
0.8929
0.8517
0.855
0.7883
0.7063
0.6504
0.4892
0.4275
0.5071
0.5721
0.6904
0.8733
0.7175
0.7538
0.6946
0.8104
0.6067
0.4529
0.5642
0.6154
0.4392
0.5471
0.7296
0.6825
0.6471
0.7992
0.6888
0.6771
0.8679
0.9033
0.6579
0.6192
0.6608
0.6525
0.6396
0.6354
0.5738
0.5896
0.5971
0.6721
0.6263
0.7767
0.6092
0.4925
0.6075
0.7079
0.7942
0.7146
0.5954
0.6638
0.6833
0.8638
0.7117
0.7
0.7813
0.6763
0.6121
0.6404
0.6633
0.6071
0.5388
0.5554
0.6938
0.6292
0.5575
0.7138
0.7175
0.4967
0.6413
0.6554
0.7329
0.8554
0.7425
0.6942
0.6396
0.7346
0.8021
0.785
0.6817
0.6517
0.7283
0.8017
0.8925
0.8158
0.7483
0.7683
0.7196
0.7513
0.71
0.6204
0.6396
0.7608
0.6646
0.5529
0.4617
0.6708
0.6179
0.5908
0.6533
0.4558
0.485
0.5946
0.6358
0.6483
0.6529
0.5313
0.5688
0.6546
0.7204
0.6638
0.7442
0.6483
0.6104
0.5679
0.6863
0.8204
0.8608
0.8096
0.7463
0.7679
0.7117
0.6579
0.7558
0.6875
0.7263
0.7154
0.5617
0.5475
0.6221
0.7229
0.675
0.7283
0.7046
0.76
0.7004
0.7483
0.8004
0.7221
0.7521
0.7417
0.8238
0.7542
0.7254
0.6754
0.6679
0.6617
0.6533
0.6438
0.5988
0.635
0.8463
0.8342
0.8071
0.8488
0.7717
0.7817
0.8146
0.8192
0.8108
0.695
0.6588
0.7142
0.69
0.6854
0.7817
0.7471
0.7392
0.6792
0.7288
0.8638
0.8088
0.7913
0.7508
0.6921
0.7288
0.7183
0.7233
0.7788
0.7825
0.7733
0.515
0.3433
0.6167
0.7071
0.6496
0.6263
0.535
0.7558
0.9292
0.9096
0.7529
0.7167
0.8404
0.8375
0.8479
0.83
0.8179
0.7967
0.7892
0.8488
0.8654
0.7613
0.8371
0.9413
0.8379
0.8271
0.7967
0.7425
0.4888
0.6988
0.8633
0.8817
0.8638
0.8025
0.775
0.6571
0.7217
0.7929
0.7467
0.74
0.83
0.8679
0.8425
0.8738
0.7254
0.7675
0.8717
0.8404
0.9388
0.8975
0.565
0.735
0.8654
0.8867
0.8975
0.9279
0.8908
0.895
0.88
0.875
0.8008
0.8767
0.8383
0.7329
0.8204
0.8429
0.8629
0.84
0.4758
0.5538
0.9138
0.9792
0.9621
0.9767
0.9046
0.9508
0.9463
0.7683
0.9142
0.8367
0.8288
0.7071
0.8542
0.8971
0.9317
0.9363
0.9317
0.8958
0.4575
0.4292
0.7963
0.7729
0.8754
0.9175
0.8921
0.57
0.8238
0.8583
0.8733
0.9058
0.9425
0.8854
0.7938
0.8563
0.8308
0.9338
0.8358
0.6446
0.8608
0.8408
0.6925
0.8642
0.7796
0.8025
0.7454
0.8596
0.755
0.7358
0.6796
0.8821
0.8917
0.2917
0.3658
0.4454
0.7375
0.7921
0.7404
0.9708
0.9433
0.8504
0.6242
0.6846
0.8567
0.9138
0.7333
0.6042
0.6471
0.5063
0.9413
0.6783
0.7
0.6779
0.9754
0.8979
0.5213
0.4567
0.8075
0.8246
0.4958
0.4779
0.7292
0.7508
0.7229
0.6579
0.6642
0.7046
0.6563
0.6625
0.7396
0.6371
0.8133
0.9058
0.8254
0.82
0.8758
0.5896
0.5996
0.6629
0.7592
0.6275
0.635
0.7483
0.6479
0.6267
0.7046
0.6838
0.5842
0.7171
0.5596
0.6021
0.6117
0.6429
0.9038
0.8092
0.8338
0.7796
0.7579
0.6608
0.7325
0.7342
0.6713
0.6804
0.7379
0.8142
0.7675
0.7479
0.7808
0.7179
0.6354
0.6596
0.6667
0.7838
0.8433
0.83
0.6067
0.6442
0.6571
0.7288
0.7292
0.8438
0.7779
0.75
0.8604
0.8621
0.7913
0.5904
0.5704
0.6771
0.6583
0.5196
0.6071
0.6154
0.7458
0.7629
0.6275
0.6379
0.6125
0.7354
0.9125
0.795
0.7642
0.6417
0.6708
0.7542
0.6717
0.6521
0.6275
0.8746
0.7908
0.7233
0.9308
0.9213
0.8967
0.8321
0.8442
0.8833
0.8179
0.7504
0.7742
0.8371
0.7738
0.4771
0.5233
0.7242
0.7179
0.695
0.7317
0.8196
0.7746
0.8463
0.8508
0.775
0.78
0.6946
0.71
0.845
0.7321
0.7329
0.7371
0.7121
0.6842
0.7858
0.8146
0.675
0.6563
0.6783
0.6971
0.7292
0.7183
0.6821
0.7696
0.7696
0.6779
0.8108
0.7733
0.7433
0.6363
0.6446
0.6754
0.7375
0.835
0.7629
0.7642
0.7438
0.84
0.8338
0.7583
0.7138
0.6954
0.7071
0.7025
0.7583
0.7438
0.7813
0.84
0.7971
0.8683
0.7421
0.6867
0.73
0.845
0.8967
0.8108
0.7321
0.6729
0.6546
0.7221
0.7013
0.6808
0.5967
0.6963
0.6921
0.7363
0.6483
0.7746
0.8296
0.7533
0.7046
0.7588
0.805
0.8946
0.8383
0.7446
0.7342
0.7558
0.8263
0.7975
0.7629
0.735
0.8088
0.93
0.9404
0.8279
0.8779
0.9658
0.8296
0.8758
0.8283
0.6346
0.7392
0.7413
0.7904
0.79
0.8025
0.8538
0.8483
0.8346
0.7404
0.7767
0.7833
0.785
0.8054
0.7958
0.9613
0.9408
0.7746
0.8058
0.8504
0.8642
0.8279
0.5629
0.465
0.635
0.8117
0.8183
0.8533
0.8375
0.8392
0.4554
0.2975
0.6125
0.7092
0.8138
0.8429
0.8704
0.7646
0.5313
0.7238
0.7988
0.8642
0.8796
0.8996
0.8829
0.7254
0.7967
0.7654
0.8158
0.9033
0.8633
0.9467
0.5321
0.8079
0.9388
0.8996
0.9729
0.91
0.8917
0.8496
0.8504
0.8717
0.7567
0.7171
0.7633
0.7825
0.9658
0.9667
0.8913
0.7788
0.805
0.8263
0.8146
0.7967
0.8588
0.9192
0.8983
0.8221
0.7842
0.8479
0.8392
0.2613
0.4283
0.7808
0.8388
0.8463
0.8704
0.9825
0.9983
0.9479
0.3917
0.3017
0.2417
0.5496
0.6958
0.7529
0.8854
0.8863
0.8471
0.8563
0.8767
0.8508
0.8625
0.8904
0.7775
0.7854
0.9171
0.9033
0.8429
0.8621
0.8429
0.8171
0.8688
0.8308
0.8313
0.8021
0.8821
0.52
0.325
0.4483
0.6704
0.7321
0.7275
0.795
0.8338
0.9521
0.9108
0.8829
0.8796
0.6654
0.2463
0.3842
0.6979
0.6521
0.6125
0.7329
0.7196
0.7338
0.7271
0.7908
0.7921
0.7196
0.9063
0.9263
0.7558
0.8783
0.7608
0.7442
0.8292
0.8367
0.6417
0.7621
0.815
0.6554
0.7433
0.4863
0.4229
0.3692
0.5246
0.9067
0.7833
0.74
0.6883
0.6658
0.7867
0.7567
0.7579
0.7638
0.9713
0.8704
0.9375
0.9742
0.8742
0.6771
0.4938
0.6592
0.7071
0.7292
0.7788
0.6467
0.6783
0.7392
0.7817
0.7542
0.7638
0.9338
0.8075
0.7742
0.7313
0.7075
0.5942
0.735
0.7571
0.6963
0.6513
0.6358
0.6496
0.7713
0.8358
0.7442
0.7733
0.8208
0.7746
0.7004
0.6471
0.6296
0.6958
0.7196
0.7238
0.7992
0.9067
0.8696
0.7329
0.52
0.6121
0.8983
0.7892
0.7463
0.7813
0.7867
0.7808
0.7767
0.8633
0.7129
0.9071
0.8021
0.6863
0.7004
0.8025
0.8488
0.8108
0.8417
0.6333
0.7296
0.7604
0.6938
0.6463
0.7017
0.7383
0.6775
0.6438
0.6796
0.6546
0.7471
0.8221
0.6963
0.7563
0.8233
0.8604
0.3842
0.6608
0.8504
0.9196
0.8579
0.8858
0.8904
0.8642
0.7696
0.9113
0.7963
0.7683
0.8546
0.7663
0.7683
0.7738
0.7588
0.7263
0.7329
0.7633
0.735
0.6996
0.775
0.7313
0.7175
0.6667
0.6354
0.6029
0.6867
0.6838
0.6596
0.6983
0.7563
0.8788
0.6917
0.7217
0.6554
0.6021
0.7325
0.7225
0.6388
0.7413
0.7679
0.8167
0.7108
0.7625
0.7813
0.6908
0.6225
0.6738
0.7404
0.7913
0.6863
0.7113
0.8213
0.8892
0.8396
0.7625
0.8029
0.8638
0.7638
0.7833
0.7188
0.7613
0.8071
0.8679
0.7817
0.8896
0.7983
0.7354
0.7375
0.7288
0.7088
0.7475
0.8471
0.7571
0.72
0.6725
0.6925
0.6496
0.5892
0.5371
0.5146
0.5846
0.7429
0.7288
0.6671
0.5917
0.6896
0.7404
0.7413
0.8363
0.7404
0.6792
0.8146
0.9142
0.78
0.7213
0.6821
0.7138
0.6913
0.6667
0.6629
0.6904
0.7125
0.7088
0.7221
0.8154
0.7775
0.9713
0.6992
0.7304
0.7438
0.8204
0.7417
0.8758
0.7525
0.7488
0.72
0.6604
0.7079
0.6825
0.6854
0.6242
0.5925
0.62
0.5783
0.6763
0.6083
0.4529
0.5921
0.6129
0.6179
0.5113
0.5858
0.6804
0.7596
0.7096
0.7313
0.6996
0.775
0.7504
0.7538
0.8067
0.8817
0.9358
0.7613
0.7167
0.9608
0.99
0.9425
0.8983
0.8679
0.9063
0.9238
0.9688
0.9858
0.9058
0.7046
0.8029
0.8475
0.845
0.8913
0.8821
0.8854
0.8983
0.8946
0.985
0.9388
0.9333
0.8821
0.8363
0.9513
0.9238
0.9225
0.5971
0.8313
0.8667
0.8317
0.8479
0.8708
0.8588
0.8571
0.8667
0.8867
0.9108
0.9121
0.9346
0.9046
0.905
0.8971
0.8975
0.9163
0.8896
0.9321
0.9508
0.9008
0.9088
0.7496
0.7142
0.6071
0.6408
0.8367
0.7363
0.6717
0.8458
0.7183
0.5838
0.7433
0.7829
0.7971
0.4558
0.6425
0.8525
0.8725
0.8075
0.7813
0.8588
0.8429
0.4421
0.5746
0.7825
0.7463
0.8358
0.8008
0.7788
0.7058
0.7808
0.8621
0.7883
0.815
0.8458
0.745
0.7521
0.7279
0.8183
0.7588
0.7004
0.7904
0.765
0.8175
0.8904
0.3804
0.385
0.6542
0.7038
0.9158
0.4975
0.2454
0.525
0.3729
0.2167
0.3113
0.4958
0.1629
0.1746
0.3313
0.2813
0.4588
0.4258
0.4013
0.7046
0.7446
0.7371
0.2471
0.4788
0.4958
0.3513
0.5663
0.5821
0.3629
0.5946
0.7646
0.7117
0.6488
0.6488
0.6575
0.6821
0.3392
0.3488
0.4725
0.3946
0.3721
0.4533
0.48
0.5617
0.5842
0.6038
0.6033
0.5704
0.5892
0.5771
0.6679
0.5704
0.9267
0.9679
0.7583
0.6946
0.6254
0.7071
0.635
0.5933
0.6054
0.4888
0.5754
0.5979
0.7371
0.9183
0.9167
0.9321
0.8979
0.8329
0.6583
0.7504
0.7958
0.7321
0.8204
0.6779
0.7875
0.535
0.3588
0.4254
0.8563
0.8188
0.735
0.7667
0.76
0.6975
0.6663
0.7417
0.6663
0.6729
0.8717
0.705
0.9096
0.7183
0.7342
0.6733
0.7517
0.6417
0.8146
0.7117
0.7267
0.7108
0.6642
0.61
0.7029
0.9038
0.7463
0.7588
0.72
0.8454
0.7708
0.7638
0.9096
0.8321
0.7879
0.6217
0.71
0.8233
0.8704
0.8033
0.9108
0.8957
0.8383
0.8029
0.7363
0.6713
0.8246
0.7704
0.7171
0.7533
0.7292
0.7079
0.6646
0.6738
0.7388
0.7371
0.7433
0.705
0.6396
0.58
0.6492
0.6554
0.805
0.7013
0.6038
0.6525
0.6717
0.6563
0.6413
0.69
0.5879
0.5117
0.5446
0.5646
0.8646
0.7213
0.6488
0.62
0.7792
0.73
0.7242
0.7121
0.7183
0.6371
0.6658
0.6433
0.6229
0.7104
0.6188
0.6063
0.5558
0.4867
0.45
0.5458
0.6779
0.5846
0.5454
0.5504
0.5854
0.5425
0.4983
0.5271
0.6533
0.6463
0.6446
0.6042
0.6175
0.6088
0.6175
0.6679
0.7233
0.6375
0.5738
0.5104
0.5238
0.5146
0.6183
0.6338
0.6204
0.5504
0.5188
0.5521
0.4833
0.4908
0.6375
0.6363
0.56
0.4838
0.5538
0.6913
0.6625
0.695
0.7721
0.86
0.9196
0.4858
0.3871
0.4367
0.4346
0.5771
0.6354
0.6492
0.6871
0.7867
0.8179
0.8304
0.7642
0.8792
0.4908
0.3888
0.5854
0.7683
0.7967
0.8788
0.8313
0.8025
0.8463
0.8088
0.8467
0.6696
0.7204
0.8675
0.7254
0.835
0.9613
0.8829
0.8258
0.795
0.7908
0.7833
0.7779
0.77
0.7854
0.8454
0.8492
0.8421
0.9321
0.9242
0.8867
0.7863
0.7421
0.8192
0.8592
0.8675
0.9029
0.9346
0.9388
0.9171
0.8654
0.8529
0.9838
0.9588
0.6496
0.2492
0.5683
0.8263
0.9167
0.7813
0.8088
0.8517
0.9792
0.9213
0.7625
0.7433
0.7558
0.9471
0.9063
0.9421
0.8804
0.7625
0.9054
0.9054
0.9425
0.9621
0.9038
0.8963
0.8783
0.9142
0.9325
0.8833
0.8917
0.8796
0.9458
0.9633
0.49
0.4254
0.5159
0.735
0.6042
0.8513
0.745
0.7463
0.8275
0.8238
0.4183
0.575
0.7179
0.8521
0.8263
0.7929
0.8358
0.92
0.8271
0.9271
0.88
0.9229
0.9567
0.9188
0.9125
0.8396
0.7417
0.6788
0.8463
0.8367
0.8717
0.8467
0.8425
0.8788
0.9667
0.6258
0.4704
0.7133
0.4267
0.5063
0.675
0.6796
0.7971
0.8513
0.8096
0.8442
0.8971
0.6158
0.8142
0.7967
0.6308
0.7279
0.9929
0.7683
0.7675
0.7708
0.4892
0.5954
0.3083
0.7329
0.7721
0.4492
0.7842
0.7396
0.8363
0.9213
0.6113
0.2592
0.6313
0.7671
0.5983
0.6096
0.6504
0.5096
0.745
0.8017
0.5588
0.4638
0.6796
0.8813
0.8304
0.7896
0.8121
0.8829
0.7167
0.8533
0.9013
0.5142
0.3621
0.4517
0.5496
0.6925
0.7188
0.4846
0.4958
0.6925
0.8425
0.9317
0.9396
0.8183
0.7679
0.7896
0.6917
0.6917
0.8279
0.6942
0.3171
0.3354
0.705
0.965
0.6904
0.6888
0.6713
0.6613
0.7092
0.7763
0.8246
0.7342
0.8313
0.93
0.8367
0.7829
0.6067
0.6479
0.92
0.8054
0.7383
0.8063
0.9663
0.6017
0.6754
0.7439
0.615
0.6821
0.6271
0.6083
0.6383
0.5979
0.5696
0.6192
0.5996
0.5758
0.7163
0.3663
0.5988
0.6638
0.6383
0.6582
0.8929
0.8988
0.9283
0.97
0.9433
0.755
0.6875
0.7492
0.7967
0.8592
0.7392
0.735
0.7788
0.8454
0.8925
0.9121
0.7375
0.7263
0.7267
0.8792
0.9408
0.9242
0.8596
0.86
0.8742
0.9208
0.7921
0.6508
0.6204
0.6746
0.5346
0.6467
0.8521
0.8396
0.8146
0.7913
0.6542
0.4517
0.5017
0.6367
0.8263
0.8258
0.7683
0.6688
0.7942
0.825
0.7408
0.7333
0.7417
0.68
0.7117
0.6442
0.6071
0.6742
0.8433
0.7683
0.7613
0.8092
0.8108
0.7467
0.6875
0.6871
0.6775
0.7608
0.7396
0.6908
0.7575
0.8546
0.7721
0.7646
0.6175
0.5896
0.6529
0.6683
0.7825
0.7733
0.8283
0.8017
0.7375
0.8292
0.86
0.73
0.7804
0.8688
0.8733
0.8888
0.8575
0.8471
0.7863
0.8829
0.7467
0.715
0.635
0.6942
0.6817
0.7358
0.7488
0.6908
0.6613
0.6288
0.6729
0.6704
0.6571
0.6729
0.7546
0.7429
0.6721
0.7221
0.7238
0.6971
0.8596
0.8033
0.775
0.8871
0.8829
0.7933
0.8333
0.7704
0.7742
0.845
0.8426
0.8829
0.8017
0.8279
0.87
0.8117
0.8243
0.8096
0.7363
0.7229
0.7317
0.6288
0.6804
0.6779
0.7304
0.9646
0.8608
0.8113
0.8913
0.8404
0.8138
0.7933
0.7867
0.7975
0.7767
0.8413
0.8321
0.7883
0.7583
0.7354
0.7425
0.7725
0.8296
0.8042
0.7892
0.6842
0.7363
0.7846
0.8375
0.7858
0.7746
0.9038
0.9308
0.9075
0.8075
0.8
0.8054
0.8292
0.8738
0.755
0.7425
0.7229
0.77
0.7975
0.7888
0.8567
0.8535
0.8563
0.8692
0.8113
0.8013
0.7771
0.7625
0.8904
0.8158
0.7733
0.6
0.7667
0.5867
0.5579
0.6842
0.7058
0.8346
0.7679
0.5954
0.7775
0.8496
0.8842
0.8758
0.8657
0.5746
0.5608
0.7629
0.4858
0.5125
0.7013
0.9829
0.885
0.4904
0.4042
0.6675
0.5904
0.3417
0.4658
0.3863
0.4388
0.5467
0.7042
0.79
0.6942
0.5546
0.6213
0.7167
0.6671
0.6896
0.8025
0.6729
0.7858
0.7983
0.7104
0.9296
0.875
0.8638
0.8375
0.6867
0.6033
0.7825
0.8642
0.9808
0.4225
0.6104
0.7638
0.8033
0.9179
0.9592
0.6588
0.8196
0.8667
0.8458
0.7817
0.8392
0.8417
0.9138
0.9017
0.8946
0.7496
0.9083
0.9008
0.8921
0.8142
0.8279
0.8083
0.9008
0.9554
0.9
0.8942
0.8417
0.8692
0.9825
0.9346
0.855
0.6963
0.9358
0.7842
0.8675
0.7083
0.6917
0.6833
0.7704
0.8329
0.909
0.8154
0.9471
0.5638
0.7204
0.7325
0.7758
0.7913
0.845
0.6738
0.7992
0.7829
0.6963
0.7371
0.7071
0.7373
-99
-99
0.7789
0.825
0.8183
0.7679
0.8942
0.7367
0.7363
0.7883
0.8125
0.8629
0.8413
0.7108
0.6475
0.7979
0.63
0.7242
0.6467
0.5504
0.6988
0.6854
0.6279
0.6017
0.6458
0.6117
0.6221
0.6254
0.435
0.3296
0.4675
0.6142
0.7271
0.7517
0.8646
0.8658
0.5529
0.5917
0.7504
0.6279
0.6275
0.6975
0.6638
0.9038
0.8408
0.7558
0.7917
0.9475
0.5342
0.4725
0.6663
0.6733
0.7817
0.7496
0.7938
0.9192
0.8271
0.7333
0.725
0.7096
0.6983
0.6758
0.5783
0.7358
0.9317
0.8875
0.9217
0.7596
0.8067
0.6558
0.65
0.5083
0.6454
0.7921
0.7671
0.7608
0.5496
0.4129
0.61
0.647
0.7091
0.6196
0.6913
0.7713
0.7625
0.8
0.7333
0.6792
0.5038
0.4333
0.5679
0.6754
0.7396
0.7471
0.7979
0.8429
0.9675
0.691
0.7842
0.7892
0.9073
0.795
0.8563
0.8642
0.891
0.6938
0.6327
0.7617
0.7188
0.7517
0.725
0.671
0.5804
0.4892
0.5017
0.5081
0.6908
0.7123
0.7808
0.8534
0.5521
0.6744
0.7856
0.7988
0.7388
0.6817
0.6285
0.7296
0.7533
0.8915
0.9019
0.7931
0.7281
0.6723
0.8435
0.7208
0.7875
0.8394
0.8106
0.8033
0.691
0.8379
0.9381
0.7613
0.661
0.6677
0.7398
0.7629
0.7823
0.8017
0.7358
0.8338
0.7017
0.655
0.721
0.7742
0.6531
0.6042
0.6534
0.6963
0.8492
0.7738
0.7542
0.915
0.6002
0.6735
0.6821
0.8538
0.8827
0.7627
0.7758
0.815
0.7667
0.8315
0.784
0.7417
0.6448
0.7523
0.7723
0.7198
0.714
0.7148
0.6829
0.6856
0.7683
0.7865
0.8896
0.8746
0.9679
0.8608
0.7848
0.7696
0.7483
0.7925
0.7556
0.8654
0.9271
0.859
0.7469
0.7846
0.8035
0.8817
0.869
0.8254
0.7704
0.7819
0.8865
0.8073
0.8404
0.8481
0.8123
0.8558
0.8356
0.805
0.8758
0.8681
0.7927
0.769
0.8577
0.9021
0.8779
0.8804
0.7975
0.8229
0.7831
0.9296
0.9256
0.9102
0.8531
0.7931
0.8231
0.851
0.8929
0.8496
0.8575
0.7865
0.8208
0.8865
0.8617
0.8758
0.8385
0.9023
0.883
0.8571
0.845
0.7963
0.8177
0.7867
0.7342
0.4988
0.5881
0.5775
0.791
0.8469
0.8569
0.8463
0.8444
0.896
0.856
0.9269
0.8744
0.8767
0.9627
0.864
0.8081
0.8092
0.8265
0.9146
0.8858
0.899
0.9467
0.8808
0.9804
0.8569
0.8143
0.9021
0.891
0.8742
0.8748
0.9044
0.8731
0.884
0.941
0.9746
0.9979
0.9771
0.9121
0.9577
0.9813
0.7158
0.8292
0.9423
0.9504
0.9087
0.6321
0.4373
0.7073
0.4456
0.5694
0.8467
0.9029
0.9008
0.889
0.9883
0.9348
0.9544
0.8854
0.9377
0.9525
0.8688
0.7871
0.73
0.7592
0.8117
0.9144
0.9473
0.5783
0.2256
0.339
0.3183
0.7506
0.7169
0.7344
0.8475
0.7369
0.7871
0.8754
0.8669
0.8088
0.7715
0.7769
0.6381
0.7229
0.8406
0.7327
0.944
0.9085
0.685
0.9596
0.9633
0.8938
0.8138
0.3923
0.2358
0.1913
0.5215
0.6667
0.7088
0.8225
0.7733
0.7217
0.6242
0.7631
0.7244
0.4608
0.2425
0.501
0.7317
0.6427
0.6842
0.6177
0.5765
0.664
0.7146
0.8146
0.856
0.5719
0.5396
0.5923
0.7271
0.7377
0.7352
0.5273
0.6069
0.7373
0.6138
0.6458
0.505
0.4833
0.7154
0.7819
0.8583
0.7325
0.2571
0.4358
0.5448
0.6167
0.6696
0.6021
0.6269
0.6919
0.7492
0.8317
0.7163
0.849
0.7083
0.751
0.6804
0.5692
0.9071
0.9071
0.9204
0.8731
0.4513
0.5135
0.4975
0.4819
0.6873
0.7285
0.6121
0.69
0.7108
0.7281
0.7367
0.7644
0.7483
0.6673
0.5892
0.4971
0.5419
0.6648
0.6467
0.586
0.5242
0.4444
0.856
0.8452
0.7681
0.8748
0.7969
0.68
0.7248
0.7019
0.6627
0.7181
0.8992
0.7865
0.4896
0.8365
0.7552
0.7046
0.749
0.629
0.6104
0.5233
0.6215
0.6925
0.7079
0.6688
0.6619
0.5483
0.5515
0.529
0.3908
0.4719
0.3879
0.5296
0.6148
0.9585
0.8167
0.4663
0.36
0.4194
0.5952
0.586
0.46
0.5573
0.6413
0.6358
0.7694
0.8798
0.83
0.6752
0.7406
0.619
0.5248
0.5763
0.825
0.7133
0.8427
0.9288
0.8127
0.7613
0.8692
0.7844
0.8833
0.8023
0.6035
0.673
0.6623
0.5933
0.6719
0.72
0.9167
0.7727
0.7146
0.6692
0.6725
0.6731
0.6304
0.5642
0.5481
0.5602
0.5427
0.4754
0.4446
0.46
0.4773
0.6708
0.6067
0.589
0.6638
0.705
0.6415
0.6269
0.5694
0.5013
0.5444
0.5485
0.5765
0.7881
0.8169
0.8202
0.849
0.7977
0.755
0.66
0.7294
0.7148
0.7298
0.9258
0.8906
0.8315
0.7379
0.7108
0.6694
0.6742
0.645
0.6775
0.9171
0.8098
0.7054
0.7081
0.789
0.729
0.7906
0.786
0.7135
0.8119
0.9306
0.805
0.7871
0.8308
0.8917
0.8117
0.6927
0.6877
0.72
0.7521
0.7329
0.6898
0.6444
0.7244
0.7594
0.8527
0.9183
0.9554
0.8125
0.7654
0.7806
0.7746
0.9306
-99
-99
-99
-99
-99
-99
-99
-99
-99
-99
-99
-99
-99
-99
-99
-99
-99
-99
-99
-99
-99
-99
-99
-99
-99
-99
-99
0.7
0.81
0.7977
0.8142
0.7606
0.8577
0.9094
0.906
0.7856
0.8017
0.8381
0.875
0.87
0.901
0.8377
0.8035
0.8029
0.884
0.8028
0.9992
0.9627
0.789
0.8442
0.8467
0.7719
0.775
0.9238
0.9244
0.8929
0.8856
0.8533
0.8727
0.9002
0.8765
0.8579
0.8594
0.8552
0.9496
0.9027
0.8148
0.7756
0.8119
0.8044
0.7998
0.8746
0.6242
0.6048
0.451
0.5373
0.7185
0.6833
0.6079
0.8069
0.8363
0.8515
0.8115
0.7275
0.8167
0.8054
0.8423
0.8971
0.8967
0.9177
0.9131
0.8919
0.834
0.8813
0.8838
0.9167
0.915
0.8715
0.874
0.8346
0.8827
0.9606
0.9377
0.9438
0.8567
0.9025
0.8827
0.8442
0.7915
0.8867
0.8923
0.9325
0.8573
0.9294
0.9458
0.9006
0.97
0.9367
0.9335
0.935
0.8288
0.8563
0.671
0.5502
0.7379
0.8223
0.8917
0.6569
0.3554
0.4602
0.6975
0.8863
0.8673
0.8615
0.8585
0.8123
0.86
0.944
0.8904
0.8213
0.8829
0.87
0.9658
0.9988
0.8592
0.8248
0.7131
0.5521
0.6515
0.7925
0.6833
0.7771
0.7521
0.8029
0.9842
0.8288
0.7704
0.7781
0.3921
0.4079
0.7508
0.751
0.6983
0.7056
0.5969
0.7052
0.8017
0.8019
0.8058
0.8131
0.9779
0.7346
0.3027
0.3692
0.6265
0.4129
0.7354
0.7973
0.6535
0.6656
0.4456
0.6935
0.4094
0.4948
0.6702
0.7198
0.8448
0.8269
0.8775
0.9402
0.7971
0.9608
0.8546
0.8196
0.5994
0.3869
0.3746
0.6883
0.8006
0.691
0.6998
0.7569
0.644
0.5794
0.7598
0.8717
0.7842
0.9575
0.9998
0.844
0.7848
0.5027
0.5625
0.71
0.656
0.6375
0.6273
0.6529
0.6535
0.6225
0.5504
0.6988
0.6292
0.5456
0.935
0.8686
0.8952
0.5719
0.6569
0.749
0.8506
0.9454
0.7548
0.711
0.3567
0.3692
0.5792
0.6771
0.6294
0.6906
0.7831
0.9931
0.9958
0.9127
0.9075
0.8767
0.8842
0.7223
0.7333
0.7671
0.755
0.8775
0.8083
0.7452
0.711
0.6502
0.575
0.7144
0.7231
0.7081
0.7256
0.7908
0.8
0.845
0.8175
0.8196
0.7681
0.7865
0.8813
0.7467
0.8467
0.7642
0.7494
0.7092
0.7619
0.8421
0.7448
0.8025
0.695
0.8071
0.7483
0.7142
0.9071
0.5948
0.586
0.6133
0.6021
0.5756
0.5627
0.6129
0.7354
0.7029
0.6783
0.8725
0.8194
0.7288
0.7325
0.6629
0.6965
0.7296
0.7063
0.6896
0.7833
0.665
0.6342
0.6092
0.685
0.6469
0.5813
0.4556
0.6469
0.5781
0.5115
0.4815
0.4963
0.5788
0.8544
0.6233
0.5796
0.6646
0.674
0.7796
0.7413
0.686
0.6279
0.7442
0.6883
0.6529
0.6619
0.6192
0.6879
0.6367
0.6373
0.5875
0.7523
0.6704
0.6606
0.6673
0.6177
0.5648
0.5842
0.7567
0.79
0.7604
0.7283
0.7881
0.7381
0.6548
0.6108
0.534
0.5148
0.5658
0.5915
0.6485
0.8565
0.7696
0.6571
0.6323
0.6594
0.8088
0.7229
0.6821
0.6506
0.7651
0.7092
0.8535
0.8646
0.7867
0.7588
0.7304
0.8169
0.7498
0.7277
0.7856
0.6448
0.6931
0.7738
0.7538
0.7898
0.8575
0.8304
0.9083
0.8863
0.8563
0.7538
0.7808
0.8131
0.7975
0.8867
0.881
0.8871
0.9198
0.9821
0.8742
0.8292
0.8446
0.8221
0.7977
0.9446
0.9952
0.9873
0.8921
0.8477
0.9381
0.876
0.8656
0.8252
0.8635
0.9333
0.9421
0.899
0.971
0.8998
0.8671
0.8696
0.8121
0.8002
0.8681
0.8473
0.7994
0.8342
0.9367
0.975
0.9208
0.8917
0.739
0.8385
0.9085
0.8773
0.9152
0.8594
0.7269
0.8627
0.8648
0.871
0.9198
0.911
0.8463
0.9992
0.9979
0.9081
0.9185
0.91
0.9919
0.9569
0.9188
0.9129
0.9063
0.8594
0.8202
0.8294
0.9633
1
0.9358
0.9019
0.8856
0.8775
0.8977
0.8704
0.8254
0.8248
0.89
0.8965
0.999
0.9381
0.9196
0.8679
0.8583
0.9519
0.9167
0.8981
0.9123
0.8715
0.7685
0.8379
0.7821
0.6827
0.824
0.8833
0.8908
0.8225
0.791
0.8848
0.6929
0.5721
0.7179
0.5458
0.7967
0.6927
0.5913
0.9004
0.6073
0.4654
0.6013
0.6494
0.3315
0.5875
0.6675
0.7163
0.7894
0.6435
0.7025
0.5221
0.8494
0.9731
1
0.9756
0.9373
0.8741
0.8633
0.886
0.8752
0.7881
0.8019
0.7902
0.6565
0.8258
0.4679
0.5231
0.8258
0.8427
0.8285
0.8938
0.9215
0.8485
0.8721
0.7883
0.8031
0.7981
0.8077
0.7883
0.7527
0.7919
0.8538
0.7138
0.775
0.8663
1
-99
0.5763
0.7622
0.8433
0.7952
0.5767
0.4779
0.8708
0.66
0.6298
0.7023
0.9252
0.7223
0.7308
0.7423
0.6448
0.6527
0.6988
0.7077
0.6677
0.7667
0.6921
0.7446
0.8556
0.9625
0.7952
0.8954
0.779
0.7365
0.699
0.8225
0.9054
0.6213
0.5985
0.6098
0.5592
0.4767
0.6369
0.6208
0.6308
0.749
0.6744
0.6815
0.7585
0.7933
0.9031
0.7642
0.7619
0.7825
0.746
0.6338
0.6056
0.6383
0.6448
0.5965
0.726
0.9635
0.8479
0.6296
0.7433
0.8848
0.7575
0.8094
0.9069
0.7904
0.7854
0.6954
0.7108
0.7251
0.7231
0.6973
0.9081
0.6679
0.656
0.7335
0.6946
0.6796
0.6181
0.7835
0.8165
0.7223
0.6854
0.7575
0.7413
0.671
0.6388
0.6367
0.6454
0.5942
0.5831
0.834
0.8254
0.8881
0.8525
0.8119
0.9246
0.8506
0.7394
0.7065
0.7048
0.6977
0.6073
0.5346
0.5369
0.5327
0.5038
0.5856
0.656
0.5723
0.6042
0.5965
0.7642
0.779
0.766
0.7138
0.6923
0.8427
0.7796
0.7742
0.7821
0.6848
0.7385
0.769
0.6248
0.6102
0.5804
0.5333
0.5554
0.5156
0.6773
0.7575
0.8392
0.7083
0.6998
0.6983
0.719
0.6573
0.6094
0.5348
0.5864
0.5217
0.7783
0.8848
0.759
0.7665
0.6538
0.6219
0.6715
0.6394
0.6938
0.6425
0.7369
0.581
0.7142
0.6031
0.5652
0.5698
0.6208
0.7548
0.7217
0.6196
0.8602
0.7175
0.6898
0.6583
0.6648
0.6265
0.6431
0.6544
0.6644
0.6369
0.6585
0.6185
0.659
0.6235
0.564
0.5625
0.5365
0.5485
0.566
0.6869
0.6867
0.7169
0.9123
0.7388
0.6113
0.6835
0.7219
0.6688
0.7877
0.7631
0.751
0.9694
0.6167
0.6735
0.7604
0.6546
0.7454
0.9877
0.8531
0.7675
0.7977
0.6731
0.6654
0.7663
0.8985
0.8158
0.726
0.8581
0.8163
0.7931
0.8008
0.7781
0.9175
0.8885
0.8425
0.8194
0.8171
0.7354
0.6521
0.5833
0.7556
0.7875
0.791
0.7938
0.8002
0.72
0.8415
0.8602
0.8238
0.775
0.9323
0.9938
0.8719
0.8617
0.8869
0.8525
0.8154
0.826
0.8371
0.7777
0.7492
0.7763
0.8394
0.8679
0.8617
0.8863
0.9013
0.975
0.6873
0.3854
0.5804
0.814
0.7104
0.619
0.8269
0.8944
0.3944
0.38
0.5604
0.6769
0.6917
0.7781
0.7031
0.7506
0.7352
0.7808
0.7475
0.7077
0.8692
0.6238
0.709
0.7921
0.8994
0.5346
0.5106
0.3694
0.2381
0.5038
0.6625
0.7265
0.7731
0.7175
0.8738
0.8606
0.9096
0.94
0.9219
0.8913
0.7992
0.6258
0.5598
0.8579
0.9058
0.8365
0.8356
0.6892
0.8727
0.8421
0.891
0.9583
0.8225
0.7577
0.9258
0.8746
0.8898
0.6613
0.806
0.7973
0.8752
0.9183
0.8823
0.9635
0.9777
0.8929
0.884
0.7371
0.6617
0.8394
0.9798
0.951
0.8869
0.9104
0.8848
0.8519
0.8929
0.9029
0.914
0.8188
0.849
0.9673
0.7365
0.5915
0.8333
0.8513
0.8481
0.8421
0.9848
0.5463
0.4331
0.9235
1
0.9617
0.759
0.739
0.7633
0.4967
0.6767
0.6483
0.6402
0.8117
0.8542
0.9985
0.9585
0.8892
0.8877
0.7144
0.5081
0.6054
0.6635
0.7083
0.7248
0.8025
0.7679
0.9958
0.9863
0.6183
0.6642
0.7969
0.9402
0.8298
0.7638
0.8094
0.7477
0.8258
0.6908
0.7623
0.8175
0.7654
0.7504
0.845
0.8723
0.6898
0.7529
0.4198
0.2946
0.237
0.5315
0.949
0.9471
0.759
0.7342
0.7104
0.7163
0.6444
0.5385
0.5265
0.614
0.659
0.6288
0.6802
0.7529
0.7396
0.9804
0.8065
0.8738
0.9992
0.8573
0.9996
0.9944
0.7863
0.919
0.756
0.6429
0.695
0.6813
0.6619
0.6879
0.7104
0.7156
0.8108
0.7823
0.8285
0.841
0.9254
0.7438
0.8652
0.624
0.5313
0.4794
0.8206
0.87
0.9254
0.8548
0.8067
0.865
0.7577
0.9279
0.6738
0.624
0.6806
0.77
0.8096
0.8696
0.8585
0.9254
0.8765
0.869
0.7617
0.7242
0.7088
0.6998
0.6738
0.9085
0.965
0.9858
0.85
0.8348
0.8723
0.8829
0.9346
0.9165
0.9848
0.8804
0.8294
0.7098
0.9481
0.7465
0.754
0.6015
0.5802
0.7765
0.7594
0.7644
0.731
0.7283
0.6383
0.7715
0.69
0.7798
0.7733
0.7165
0.6583
0.706
0.8469
0.8163
0.6808
0.6892
0.7458
0.6721
0.5956
0.7636
0.6995
0.7983
0.7717
0.846
0.7783
0.8171
0.775
0.7085
0.6538
0.6663
0.7481
0.6688
0.6792
0.6996
0.6548
0.7744
0.9123
0.7313
0.8625
0.8563
0.75
0.6615
0.681
0.6752
0.7615
0.7398
0.7552
0.7188
0.679
0.6396
0.7358
0.7665
0.8465
0.8302
0.9148
0.8698
0.8315
0.8571
0.8119
0.7673
0.7252
0.8154
0.9648
0.8846
0.8171
0.8079
0.8202
0.836
0.8471
0.7985
0.7719
0.764
0.7804
0.7342
0.7269
0.8283
0.8573
0.825
0.7698
0.836
0.8492
0.8315
0.8306
0.8231
0.8346
0.8156
0.8569
0.7708
0.819
0.8356
0.834
0.8404
0.8527
0.8494
0.8992
0.8488
0.7773
0.7798
0.8046
0.7813
0.78
0.7715
0.7785
0.7469
0.7827
0.769
0.8071
0.6102
0.4279
0.5331
0.7317
0.7525
0.8269
0.8921
0.9142
0.8394
0.9506
0.8754
0.8671
0.8777
0.96
0.9571
0.8744
0.8663
0.9567
0.8892
0.8673
0.8702
0.8596
0.8042
0.7681
0.754
0.8671
0.9613
0.9538
0.7869
0.8258
0.9694
0.8821
0.8438
0.7577
0.86
0.8915
0.9029
0.8875
0.8948
0.9154
0.8929
0.8638
0.8585
0.8494
0.8469
0.9597
0.8929
0.945
0.909
0.9165
0.9619
0.9485
0.9069
0.9838
0.9129
0.9277
0.7442
0.6756
0.831
0.8896
0.8877
0.8646
0.8358
0.9063
0.9038
0.8944
0.9117
0.9729
0.9442
0.8925
0.9221
0.8825
0.8831
0.9608
0.9481
0.9138
0.9715
0.9131
0.9173
0.8892
0.8806
0.891
0.8727
0.899
0.8742
0.8767
0.9094
0.8938
0.891
0.8485
0.529
0.4798
0.7256
0.5077
0.5169
0.7435
0.4963
0.2021
0.4379
0.7117
0.4838
0.3185
0.3438
0.7
0.7169
0.6063
0.5777
0.794
0.8575
0.9067
0.8385
0.8642
0.6679
0.724
0.9227
0.4177
0.3333
0.694
0.6204
0.8152
0.8967
0.769
0.8356
0.8256
0.6731
0.2577
0.3813
0.7035
0.809
0.8096
0.8344
0.7748
0.7963
0.73
0.6452
0.709
0.6525
0.551
0.5208
0.536
0.707
0.6983
0.8079
0.7058
0.619
0.6135
0.7038
0.6994
0.6027
0.539
0.6256
0.7256
0.7175
0.7035
0.5206
0.7071
0.8517
0.7565
0.644
0.7335
0.7098
0.6815
0.6963
0.5856
0.6288
0.6992
0.6592
0.575
0.3688
0.4967
0.5067
0.5373
0.5813
0.5406
0.5088
0.4973
0.2015
0.456
0.6031
0.67
0.6871
0.7058
0.736
0.8852
0.9379
0.7115
0.8638
0.8525
0.7885
0.7785
0.8835
0.6765
0.5192
0.3617
0.3929
0.5796
0.7515
0.7979
0.7529
0.7148
0.5863
0.6371
0.7069
0.6529
0.8413
0.7142
0.9073
0.7263
0.7317
0.7542
0.7694
0.6994
0.7392
0.926
0.9356
0.7806
0.3227
0.5683
0.7585
0.7917
0.6106
0.6898
0.6063
0.3179
0.443
0.6221
0.7067
0.7254
0.8992
0.9052
0.8208
0.8358
0.8069
0.6908
0.6658
0.9329
-99
-99
0.6857
0.7748
0.4881
0.6527
0.6629
0.6185
0.7335
0.6221
0.566
0.6324
0.6779
0.5604
0.5333
0.5485
0.6148
0.9004
0.7413
0.6125
0.6963
0.6394
0.6396
0.584
0.5429
0.526
0.7792
0.8429
0.6746
0.6035
0.5496
0.5585
0.4898
0.4404
0.4242
0.4235
0.4817
0.4981
0.6448
0.8677
0.6715
0.5883
0.5346
0.586
0.746
0.935
0.7123
0.6831
0.6679
0.6756
0.7829
0.5552
0.6
0.839
0.7863
0.7504
0.6898
0.6367
0.5767
0.5129
0.5327
0.565
0.7329
0.926
0.5938
0.6577
0.6946
0.7019
0.634
0.6329
0.624
0.6369
0.6054
0.6144
0.7179
0.6088
0.5285
0.5558
0.6352
0.7108
0.6467
0.6354
0.705
0.6475
0.6831
0.6817
0.695
0.8748
0.6879
0.6777
0.6406
0.6919
0.6117
0.5856
0.7406
0.6923
0.7738
0.8002
0.7552
0.8329
0.804
0.6688
0.6427
0.6425
0.5329
0.5942
0.6752
0.6442
0.7994
0.571
0.6277
0.6463
0.6098
0.6694
0.6479
0.6373
0.7719
0.8402
0.844
0.8648
0.8279
0.7425
0.6819
0.7025
0.6931
0.7294
0.7775
0.6829
0.7663
0.6613
0.5925
0.6479
0.676
0.7625
0.7569
0.5906
0.6429
0.801
0.7335
0.7804
0.7765
0.7423
0.8146
0.8417
0.7935
0.7542
0.8065
0.7727
0.9442
0.8883
0.9342
0.9238
0.8823
0.8081
0.8021
0.834
0.8902
0.8
0.8433
0.901
0.8769
0.9002
0.7706
0.7846
0.8067
0.86
0.9398
0.8788
0.7856
0.6233
0.6192
0.5927
0.8575
0.9531
0.8629
0.8479
0.8642
0.7527
0.7588
0.8352
0.8358
0.9538
0.9448
0.6979
0.8254
0.8802
0.8173
0.8017
0.8621
0.8613
0.9154
0.8452
0.8223
0.8825
0.9533
0.901
0.8738
0.9
0.7323
0.5963
0.7894
0.8752
0.8783
0.9502
0.9529
0.9435
0.9813
0.9129
0.9277
0.8292
0.8779
0.7379
0.8665
0.894
0.8946
0.8527
0.8656
0.8065
0.9181
0.9019
0.92
0.8217
0.8081
0.8223
0.7683
0.5492
0.7702
0.8033
0.7696
0.8583
0.8973
0.896
0.7465
0.7646
0.8135
0.8569
0.825
0.7296
0.7329
0.4846
0.4373
0.8265
0.9823
0.9644
0.9092
0.9294
0.91
0.9098
0.89
0.8479
0.874
0.8573
0.8794
0.8171
0.7552
0.6446
0.5929
0.7023
0.8169
0.8094
0.816
0.8294
0.8977
0.8746
0.8471
0.9031
0.856
0.8546
0.8569
0.7433
0.7994
0.7532
0.7625
0.7329
0.7567
0.7227
0.8304
0.6085
0.6277
0.8042
0.7254
0.6556
0.6408
0.6763
0.6806
0.7498
0.6163
0.4206
0.711
0.621
0.7823
0.6792
0.6588
0.7425
0.7904
0.7904
0.954
0.9165
0.8235
0.7183
0.7142
0.7125
0.7879
0.8629
0.7877
0.8142
0.8375
0.715
0.7321
0.7794
0.9377
0.8898
0.9281
0.8525
0.7871
0.716
0.6638
0.6263
0.7281
0.6625
0.6494
0.6406
0.7115
0.6581
0.9252
0.8579
0.7296
0.7475
0.7129
0.7519
0.9335
0.9088
0.9267
0.8254
0.8483
0.7771
0.7865
0.8206
0.87
0.7535
0.6975
0.6398
0.7429
0.725
0.7373
0.6898
0.735
0.6806
0.719
0.6385
0.7658
0.9627
0.8131
0.8167
0.7788
0.9071
0.859
0.8879
0.699
0.6065
0.5217
0.5702
0.6563
0.6842
0.6956
0.7463
0.7629
0.7025
0.7575
0.7288
0.8181
0.885
0.8127
0.8644
0.835
0.884
0.9131
0.7956
0.8175
0.9429
0.879
0.8321
0.8104
0.9277
0.7298
0.689
0.7077
0.7177
0.9075
0.7454
0.7681
0.7877
0.7965
0.7377
0.6875
0.6985
0.7708
0.7948
0.6863
0.6773
0.759
0.7879
0.8248
0.6715
0.8219
0.8146
0.7313
0.6823
0.6823
0.7358
0.6944
0.7121
0.8058
0.7952
0.8365
0.9115
0.8288
0.851
0.7644
0.7298
0.7302
0.7238
0.7273
0.6913
0.6325
0.6548
0.7398
0.7165
0.701
0.6685
0.6002
0.6398
0.5881
0.5592
0.6033
0.6792
0.691
0.615
0.6604
0.6217
0.5965
0.6377
0.7702
0.6985
0.661
0.7731
0.6923
0.769
0.8035
0.739
0.6913
0.7706
0.6698
0.6256
0.6308
0.7065
0.6521
0.6877
0.6396
0.6898
0.7442
0.765
0.9031
0.8475
0.7648
0.7394
0.7346
0.7527
0.7244
0.7667
0.7765
0.5071
0.7046
0.916
0.7888
0.7242
0.7523
0.7344
0.6977
0.7258
0.8581
0.7546
0.9421
0.8675
0.806
0.9319
0.8344
0.7679
0.7844
0.5738
0.7438
0.5144
0.7152
0.779
0.7581
0.7663
0.904
0.8215
0.7771
0.8125
0.7973
0.8365
0.8531
0.8127
0.885
0.6435
0.4519
0.6965
0.8896
0.7681
0.7169
0.7879
0.809
0.8342
0.8631
0.8213
0.9673
0.8867
0.8646
0.7969
0.7294
0.8281
0.8181
0.884
0.7888
0.7958
0.8173
0.7935
0.9342
0.971
0.8533
0.8904
0.9479
0.9235
0.8625
0.8613
0.8673
0.8538
0.8767
0.8673
0.8979
0.9242
0.8288
0.8779
0.8729
0.3796
0.5829
0.7567
0.7771
0.8129
0.8967
0.9717
0.9629
0.9863
0.9242
0.909
0.9473
0.5463
0.7542
0.7906
0.8256
0.8715
0.8902
0.8665
0.7619
0.806
0.915
0.6875
0.7658
0.886
0.8921
0.8794
0.8892
0.9046
0.906
0.9152
0.8656
0.8625
0.916
0.9588
0.5579
0.3315
0.6875
0.6046
0.7771
0.829
0.8817
0.86875
0.779375
0.715833333333333
0.807083333333333
0.836458333333333
0.781875
0.817083333333333
0.71375
0.951041666666667
0.976041666666667
0.921041666666667
0.90375
0.881666666666667
0.887916666666667
0.624166666666667
0.725625
0.797916666666667
0.778541666666667
0.845833333333333
0.920625
0.838958333333333
0.773125
0.751875
0.719166666666667
0.829375
0.84875
0.839791666666667
0.895416666666667
0.889791666666667
0.878125
0.842916666666667
0.678125
0.819375
0.823958333333333
0.837916666666667
0.777708333333333
0.764583333333333
0.9625
0.93125
0.940208333333333
0.857916666666667
0.805416666666667
0.92375
0.850208333333333
0.928333333333333
0.910208333333333
0.841875
0.853958333333333
0.809791666666667
0.755208333333333
0.757083333333333
0.748958333333333
0.91875
0.899583333333333
0.84125
0.820208333333333
0.814166666666667
0.825208333333333
0.823541666666667
0.765416666666667
0.793333333333333
0.803958333333333
0.84375
0.861458333333333
0.945625
0.891875
0.849791666666667
0.81125
0.749166666666667
0.738958333333333
0.946666666666667
0.794375
0.69875
0.727708333333333
0.51375
0.418958333333333
0.368958333333333
0.451875
0.384791666666667
0.369166666666667
0.3425
0.546666666666667
0.656458333333333
0.66375
0.637291666666667
0.721041666666667
0.701041666666667
0.6275
0.594583333333333
0.617916666666667
0.56375
0.553333333333333
0.501666666666667
0.610416666666667
0.677916666666667
0.685416666666667
0.674166666666667
0.67125
0.84875
0.871458333333333
0.908958333333333
0.758958333333333
0.75375
0.820208333333333
0.841666666666667
0.891875
0.608958333333333
0.558541666666667
0.740416666666667
0.901875
0.859583333333333
0.74125
0.644791666666667
0.56125
0.675208333333333
0.862083333333333
0.858958333333333
0.914375
0.915
0.902083333333333
0.908541666666667
0.79125
0.715625
0.684791666666667
0.713958333333333
0.648541666666667
0.777916666666667
0.723125
0.749375
0.765
0.738958333333333
0.648541666666667
0.667916666666667
0.600625
0.648333333333333
0.69375
0.714791666666667
0.661041666666667
0.687916666666667
0.68375
0.71875
0.735416666666667
0.790208333333333
0.718125
0.672916666666667
0.705416666666667
0.703125
0.684375
0.850833333333333
0.855
0.773958333333333
0.834166666666667
0.845
0.754583333333333
0.765208333333333
0.804791666666667
0.880416666666667
0.80875
0.724375
0.771458333333333
0.81375
0.868958333333333
0.813125
0.69875
0.75125
0.674583333333333
0.67125
0.925208333333333
0.755
0.833958333333333
0.852291666666667
0.677291666666667
0.683541666666667
0.87125
0.731875
0.689583333333333
0.709583333333333
0.635416666666667
0.60375
0.66
0.74375
0.750208333333333
0.6825
0.706458333333333
0.766458333333333
0.683541666666667
0.65875
0.630833333333333
0.631666666666667
0.661666666666667
0.645833333333333
0.648541666666667
0.646666666666667
0.544791666666667
0.673541666666667
0.711458333333333
0.633125
0.63875
0.640208333333333
0.594583333333333
0.661041666666667
0.624791666666667
0.546041666666667
0.470833333333333
0.453333333333333
0.570833333333333
0.858125
0.692708333333333
0.685416666666667
0.668541666666667
0.641041666666667
0.815416666666667
0.766666666666667
0.750416666666667
0.729375
0.877708333333333
0.699583333333333
0.756875
0.700208333333333
0.679375
0.66875
0.612083333333333
0.54
0.385833333333333
0.555
0.558333333333333
0.517083333333333
0.640416666666667
0.59125
0.648333333333333
0.793541666666667
0.725625
0.67125
0.686875
0.750208333333333
0.704166666666667
0.806458333333333
0.742291666666667
0.73125
0.707916666666667
0.686666666666667
0.787291666666667
0.803125
0.824166666666667
0.824166666666667
0.872916666666667
0.806458333333333
0.72625
0.789583333333333
0.900833333333333
0.775208333333333
0.868541666666667
0.900833333333333
0.849791666666667
0.816666666666667
0.851458333333333
0.897916666666667
0.788958333333333
0.940416666666667
0.857291666666667
0.901875
0.842291666666667
0.895625
0.894375
0.80625
0.837708333333333
0.801458333333333
0.806041666666667
0.758333333333333
0.783958333333333
0.809375
0.81
0.788541666666667
0.790416666666667
0.802708333333333
0.914375
0.912916666666667
0.826875
0.827708333333333
0.811666666666667
0.797083333333333
0.822708333333333
0.808125
0.79375
0.817916666666667
0.682291666666667
0.797916666666667
0.813125
0.825208333333333
0.855833333333333
0.83
0.836458333333333
0.865208333333333
0.844791666666667
0.8025
0.773541666666667
0.803125
0.801666666666667
0.808333333333333
0.780625
0.793541666666667
0.818541666666667
0.940416666666667
0.895
0.873125
0.889583333333333
0.929375
0.879791666666667
0.667708333333333
0.491875
0.325416666666667
0.369583333333333
0.615416666666667
0.88625
0.979166666666667
0.820833333333333
0.775
0.924583333333333
0.612708333333333
0.838125
0.895208333333333
0.843333333333333
0.849791666666667
0.853125
0.783125
0.855
0.887708333333333
0.987708333333333
0.931041666666667
0.920208333333333
0.841041666666667
0.53125
0.700416666666667
0.854583333333333
0.887291666666667
0.653541666666667
0.618333333333333
0.880208333333333
0.783125
0.745
0.805625
0.666458333333333
0.712083333333333
0.730416666666667
0.675833333333333
0.846458333333333
0.8625
0.772291666666667
0.703125
0.79
0.80625
0.800833333333333
0.830625
0.830208333333333
0.801666666666667
0.805
0.90875
0.897291666666667
0.831666666666667
0.850208333333333
0.766041666666667
0.857083333333333
0.865208333333333
0.833958333333333
0.662291666666667
0.634375
0.71
0.811041666666667
0.828958333333333
0.332083333333333
0.338333333333333
0.507708333333333
0.695208333333333
0.747708333333333
0.963333333333333
0.465416666666667
0.791041666666667
0.649583333333333
0.590625
0.563958333333333
0.563541666666667
0.575625
0.573333333333333
0.761666666666667
0.821875
0.861875
0.795208333333333
0.758958333333333
0.751875
0.679583333333333
0.644583333333333
0.564791666666667
0.406041666666667
0.436041666666667
0.495208333333333
0.371041666666667
0.377291666666667
0.385833333333333
0.353958333333333
0.680208333333333
0.808333333333333
0.83875
0.748541666666667
0.73375
0.756875
0.633541666666667
0.681041666666667
0.858958333333333
0.93625
0.923333333333333
0.778333333333333
0.789791666666667
0.804583333333333
0.75875
0.954583333333333
0.820416666666667
0.585208333333333
0.599791666666667
0.703333333333333
0.710208333333333
0.833333333333333
0.735416666666667
0.670833333333333
0.750208333333333
0.697291666666667
0.835416666666667
0.784791666666667
0.760833333333333
0.779375
0.907916666666667
0.830208333333333
0.838333333333333
0.806041666666667
0.829375
0.918125
0.961666666666667
0.95
0.936041666666667
0.852708333333333
0.813958333333333
0.765416666666667
0.731458333333333
0.696458333333333
0.915625
0.941041666666667
0.786458333333333
0.76375
0.796041666666667
0.634375
0.641875
0.627708333333333
0.584791666666667
0.745
0.872083333333333
0.818958333333333
0.398125
0.365
0.5425
0.675208333333333
0.583333333333333
0.631875
0.577916666666667
0.587916666666667
0.654166666666667
0.727708333333333
0.658333333333333
0.734791666666667
0.783125
0.578541666666667
0.554791666666667
0.488958333333333
0.53375
0.678125
0.8425
0.805625
0.86375
0.69875
0.886041666666667
0.75
0.68375
0.643125
0.617291666666667
0.769583333333333
0.815833333333333
0.868541666666667
0.807708333333333
0.884791666666667
0.887291666666667
0.891875
0.5975
0.479166666666667
0.4725
0.612916666666667
0.692708333333333
0.639583333333333
0.613958333333333
0.569583333333333
0.581458333333333
0.599583333333333
0.569166666666667
0.537708333333333
0.591041666666667
0.704791666666667
0.647916666666667
0.551875
0.483333333333333
0.395416666666667
0.514375
0.835208333333333
0.620208333333333
0.489583333333333
0.676458333333333
0.6025
0.728958333333333
0.757916666666667
0.637083333333333
0.602916666666667
0.5675
0.528125
0.556666666666667
0.584166666666667
0.650208333333333
0.658333333333333
0.823958333333333
0.672291666666667
0.516041666666667
0.522083333333333
0.575
0.504375
0.611041666666667
0.597916666666667
0.515
0.563125
0.46625
0.481666666666667
0.636666666666667
0.740208333333333
0.765208333333333
0.609583333333333
0.542291666666667
0.729375
0.630625
0.764166666666667
0.668541666666667
0.636511627906977
0.6425
0.607291666666667
0.557083333333333
0.505416666666667
0.503125
0.566875
0.760416666666667
0.477083333333333
0.465
0.57375
0.514375
0.498541666666667
0.478541666666667
0.493333333333333
0.502916666666667
0.4525
0.444583333333333
0.428125
0.43375
0.428333333333333
0.482083333333333
0.58
0.496041666666667
0.55
0.5625
0.506875
0.580416666666667
0.541666666666667
0.727916666666667
0.732916666666667
0.681458333333333
0.781041666666667
0.765833333333333
0.770416666666667
0.703125
0.636041666666667
0.805208333333333
0.777291666666667
0.818958333333333
0.80625
0.818958333333333
0.747916666666667
0.80625
0.771458333333333
0.706666666666667
0.575625
0.673958333333333
0.746875
0.799375
0.795416666666667
0.66125
0.629791666666667
0.713541666666667
0.713541666666667
0.663125
0.64625
0.845
0.802708333333333
0.85875
0.735208333333333
0.755
0.716041666666667
0.896875
0.739375
0.794375
0.798958333333333
0.737291666666667
0.757083333333333
0.655625
0.590833333333333
0.610625
0.704583333333333
0.740833333333333
0.774166666666667
0.683541666666667
0.8225
0.8125
0.792916666666667
0.813541666666667
0.753125
0.759583333333333
0.756458333333333
0.696458333333333
0.6875
0.684375
0.805625
0.94375
0.825833333333333
0.771041666666667
0.792916666666667
0.786666666666667
0.907291666666667
0.740833333333333
0.741875
0.752916666666667
0.795625
0.788125
0.758958333333333
0.753125
0.920833333333333
0.871875
0.868541666666667
0.881041666666667
0.824791666666667
0.7775
0.81625
0.779375
0.764375
0.806041666666667
0.846041666666667
0.830208333333333
0.715416666666667
0.913958333333333
0.83875
0.815416666666667
0.946666666666667
0.794375
0.733541666666667
0.7025
0.712291666666667
0.619375
0.638333333333333
0.664166666666667
0.855
0.875833333333333
0.873333333333333
0.937916666666667
0.721458333333333
0.5075
0.766041666666667
0.792083333333333
0.805208333333333
0.812083333333333
0.807708333333333
0.80125
0.796666666666667
0.768333333333333
0.875833333333333
0.763958333333333
0.871875
0.833958333333333
0.956041666666667
0.796458333333333
0.708541666666667
0.929166666666667
0.802916666666667
0.880208333333333
0.887083333333333
0.77875
0.610208333333333
0.724375
0.815
0.83375
0.8375
0.85
0.83125
0.814375
0.895833333333333
0.799375
0.8675
0.8725
0.952291666666667
0.897291666666667
0.955625
0.880416666666667
0.943333333333333
0.995625
0.985625
0.949791666666667
0.934166666666667
0.893541666666667
0.896875
0.923541666666667
0.928125
0.936041666666667
0.8975
0.909166666666667
0.903333333333333
0.813125
0.756041666666667
0.894583333333333
0.840625
0.859583333333333
0.9025
0.861666666666667
