20000101
0.7406
0.8298
0.5569
0.3594
0.416
0.314
0.4698
0.7694
0.8896
0.7144
0.7956
0.7581
0.7202
0.7796
0.9546
0.8346
0.486
0.2517
0.2621
0.5498
0.2652
0.424
0.5227
0.5346
0.7342
0.7688
0.8227
0.5815
0.6779
0.4554
-99
0.3388
0.6752
0.301
0.3037
0.3529
0.4606
0.5704
0.5608
0.3629
0.2408
0.5333
0.6073
0.3344
0.5235
0.7023
0.7656
0.8117
0.6656
0.6796
0.7421
0.7794
0.7727
0.5938
0.5896
0.3881
0.411
0.5342
0.6235
0.8171
0.7279
0.426
0.3727
0.5383
0.5233
0.6179
0.5325
0.364
0.3179
0.2517
0.341
0.4494
0.6279
0.5298
0.4146
0.3367
0.2852
0.2906
0.509
0.834
0.8958
0.8502
0.8994
0.8483
0.8544
0.9783
0.9802
0.7416
0.6413
0.7117
0.879
-99
-99
-99
0.924
0.9368
0.6633
0.6031
0.6021
0.9454
1
0.8371
0.8223
0.7931
0.5575
0.63
0.9223
0.8371
0.646
0.5417
0.7458
0.6146
0.5023
0.7977
0.6958
0.535
0.5282
0.8611
0.8854
0.7192
0.6885
0.6273
0.5952
0.5396
0.5258
0.7642
0.9188
0.9088
0.8206
0.7908
0.9219
-99
-99
-99
-99
-99
-99
0.9095
0.9231
0.9665
0.9221
0.8721
0.9702
0.9133
0.8585
0.8475
0.8504
0.9227
0.6877
0.8842
0.8435
0.9135
0.7533
0.7852
0.6979
0.6504
0.7627
0.5602
0.6346
0.631
0.7417
0.8829
0.769
0.6858
0.7556
0.7377
0.4917
0.3383
0.5046
0.6765
0.7154
0.7856
0.8141
0.9325
0.9692
0.9565
0.9117
0.8606
0.6828
0.8402
0.9055
0.9013
0.7196
0.6129
0.5152
0.7429
0.8277
0.4676
0.625
0.7688
0.7954
0.8163
0.8444
0.6833
0.866
0.8517
0.79
0.7931
0.9554
0.8892
0.8969
0.9163
0.8223
0.6177
0.6942
0.8765
0.7419
0.8779
0.6967
0.9113
0.8727
0.8538
0.781
0.5933
0.7727
0.8752
0.5965
0.5831
0.5127
0.5831
0.7306
0.7769
0.6827
0.5881
0.7467
0.7131
0.704
0.6929
0.611
0.5123
0.4113
0.4369
0.3981
0.7065
0.5883
0.4402
0.4563
0.3556
0.4633
0.7167
0.8046
0.7171
0.8231
0.8854
0.8096
0.9596
0.9333
0.6092
0.3542
0.5721
0.674
0.5479
0.5219
0.4867
0.5544
0.7873
0.7929
0.6375
0.5785
0.6777
0.9429
0.8979
0.896
-99
-99
-99
-99
-99
-99
-99
-99
-99
-99
-99
-99
-99
0.5755
0.7196
0.8017
0.4588
0.4152
0.6242
0.7958
0.9119
0.8463
0.8627
0.8667
0.7765
0.9335
0.9429
0.8206
0.7465
0.6444
0.8238
0.9954
0.979
0.9708
0.8017
0.6708
0.8773
0.802
0.5898
0.92
0.7177
0.9191
0.9169
0.7169
0.8648
-99
-99
-99
-99
-99
0.7816
0.8119
0.7485
0.8558
0.8908
0.9715
0.7779
0.5777
0.4173
0.5365
0.6713
0.9594
0.629
0.6715
0.8942
0.8038
0.6306
0.819
0.8927
0.4569
0.7043
0.9625
0.75
0.7619
0.7833
0.331
0.6485
0.79
0.7573
0.6363
0.741
0.4752
0.5258
0.2646
0.4577
0.6096
0.7365
0.6608
0.6879
0.7585
0.7223
0.6923
0.9598
0.9869
0.9473
0.9873
0.9373
0.5956
0.7488
0.7594
0.6923
0.7527
0.4556
-99
-99
-99
-99
-99
-99
-99
-99
0.6876
0.6523
0.805
0.8777
0.8992
0.9917
0.9988
0.9533
0.8131
0.83
0.7669
0.7929
0.7344
0.5192
0.6525
0.7419
0.7285
0.8588
0.8181
0.9002
0.7821
-99
-99
-99
-99
-99
-99
-99
-99
-99
-99
0.6641
0.5792
0.6488
0.4379
0.6935
0.9585
0.7542
0.5392
0.3921
0.6792
0.5033
0.2423
0.3488
0.3271
0.6146
0.8798
0.5517
0.5435
0.6698
0.8042
0.6598
0.8429
0.6365
0.7742
0.8804
0.5004
0.6921
0.9469
0.8029
0.8208
0.7017
0.6783
0.7308
0.7656
0.7242
0.7133
0.736
0.7083
0.7744
0.749
0.749
0.7419
0.268
0.24
0.786
0.8394
0.8655
0.8669
0.6921
0.4867
0.4267
0.7021
0.6863
0.8267
0.7444
0.9194
0.7515
0.8185
0.4946
0.4231
0.6508
0.5944
0.495
0.3146
0.2694
0.5488
0.8231
0.7216
0.9357
0.9584
0.632
0.6426
0.5204
0.7396
0.6096
0.6931
0.7811
0.6817
0.7532
0.6395
0.9665
0.7946
0.8341
0.889
0.7724
0.854
0.7584
0.8888
0.8943
0.7265
0.7246
0.7332
0.8151
0.9244
0.9164
0.7966
0.5138
0.8104
0.8033
0.3352
0.4529
0.85
0.8306
0.8133
0.8583
0.4892
0.6377
0.6967
0.6517
0.5875
0.6392
0.6594
0.8794
0.8571
0.8966
0.8435
0.8088
0.9292
0.8554
0.6348
0.8265
0.8442
0.7017
0.7306
0.7366
0.8044
-99
-99
-99
-99
-99
-99
0.4048
0.4513
0.513
0.4819
0.3859
0.5723
0.7244
0.73
0.5848
0.575
0.7146
0.6913
0.7254
0.7688
0.8892
0.7563
0.814
0.8258
0.8604
0.794
0.9233
0.8802
0.8215
0.7763
0.8908
0.9004
0.739
0.8848
0.8408
0.7017
0.6046
0.6793
0.6925
0.7779
0.8183
0.7558
0.635
0.7931
0.7333
0.7125
0.6858
0.5939
0.5252
0.8248
0.8844
0.7923
0.8429
0.7708
0.84
0.8644
0.8623
0.6785
0.6644
0.6221
0.5663
0.4513
0.6717
0.7163
0.6402
0.7696
0.6875
0.6442
0.6183
0.6502
0.5496
0.5296
0.5733
0.6135
0.3813
0.5973
0.9106
0.8604
0.6873
0.5704
0.7777
0.8988
0.7371
0.5333
0.4775
0.5681
0.7133
0.7231
0.7783
0.6846
0.7442
0.87
0.804
0.806
0.5619
0.6435
0.8715
0.8481
0.7131
0.8231
0.836
0.9231
0.9219
0.7906
0.7294
0.9042
0.9206
0.8113
0.6321
0.8171
0.7898
0.8533
0.716
0.639
0.656
0.7088
0.7781
0.79
0.6379
0.551
0.5929
0.6846
0.5885
0.7402
0.6615
0.8467
0.8198
0.7717
0.6506
0.6371
0.7077
0.8721
0.661
0.6408
0.695
0.5788
0.4933
0.581
0.6715
0.429
0.6177
0.5327
0.5898
0.7735
0.7831
0.6254
0.8252
0.6138
0.5729
0.7163
0.5758
0.631
0.5496
0.8796
0.9469
0.8835
0.7254
0.7417
0.5304
0.4594
0.3798
0.3488
0.4204
0.6181
0.7281
0.7306
0.449
0.4977
0.5167
0.62
0.8075
0.7356
0.5151
0.5902
0.4429
0.5708
0.9125
0.8308
0.8333
0.5404
0.465
0.3971
0.8569
0.9013
0.5854
0.7606
0.7621
0.6935
0.85
0.7406
0.5927
0.5883
0.426
0.3952
0.5006
0.5508
0.5525
0.3835
0.4977
0.7744
0.8527
0.9944
0.9398
1
0.9788
0.6794
0.4842
0.9238
0.9496
0.8917
0.7004
0.4975
0.5346
0.8492
0.8785
0.5292
0.4915
0.5608
0.5631
0.476
0.3327
0.7267
0.6835
0.7302
0.5558
0.4131
0.2794
0.3921
0.2681
0.3342
0.589
0.4475
0.3002
0.4422
0.8071
0.6133
0.6402
0.4281
0.409
0.6585
0.8042
0.4965
0.4948
0.649
0.8683
0.8404
1
0.9783
0.7413
0.4652
0.6002
0.655
0.5548
0.715
0.8442
0.9752
0.5431
0.5873
0.9758
0.8467
0.9994
0.8669
0.5706
0.9406
0.6135
0.6325
0.6308
0.5665
0.4758
0.4927
0.6404
0.514
0.6569
0.6915
0.7602
0.7706
0.5773
0.5117
0.6998
0.3431
0.4296
0.4265
0.2627
0.469
0.4719
0.6558
0.7196
0.9431
0.8967
0.7263
0.7219
0.7581
0.946
0.7402
0.6917
0.6885
0.9683
0.9423
0.9217
0.9746
0.9775
0.8085
0.7329
0.969
0.9344
0.6977
0.66
0.699
0.9148
0.6171
0.431
0.4544
0.4285
0.5177
0.3971
0.6169
0.8913
0.7163
0.9098
0.7485
0.929
0.9608
0.715
0.7175
0.8771
0.8877
0.9191
0.9715
0.929
0.9344
0.9665
0.8392
0.5788
0.7663
0.666
0.6154
0.6144
0.5213
0.4896
0.59
0.52
0.6738
0.7373
0.6098
0.8838
0.8588
0.9167
0.8965
0.8852
0.726
0.7167
0.6008
0.6383
0.681
0.7908
0.9204
0.8365
0.8519
0.8248
0.7167
0.8383
0.7245
0.5719
0.5394
0.4673
0.5273
0.515
0.5019
0.5867
0.6692
0.6554
0.5398
0.6442
0.7048
0.7296
0.8458
0.8008
0.4875
0.8629
0.8671
0.9215
0.8792
0.9081
0.851
0.9127
0.865
0.9652
0.8544
0.8408
0.7421
0.9304
0.7923
0.7575
0.6596
0.6675
0.7023
0.6869
0.64
0.67
0.7077
0.5292
0.5246
0.7046
0.7583
0.6788
0.836
0.8352
0.8506
0.774
0.7406
0.6783
0.8413
0.9726
0.7768
0.8235
0.9033
0.7713
0.8358
0.819
0.8244
0.9098
0.8446
0.5535
0.7296
0.7988
0.7544
0.5456
0.599
0.6592
0.6221
0.76
0.7338
0.9115
0.8583
-99
-99
-99
0.8656
0.8329
0.7598
0.7208
0.8248
0.7634
0.7485
0.8883
0.78
0.803
0.7933
0.7894
0.8681
0.8115
-99
-99
-99
-99
-99
-99
-99
-99
-99
-99
0.9111
0.7169
0.7554
0.8219
0.491
0.4604
0.4038
0.5208
0.7179
0.8598
0.8569
0.9131
-99
0.9619
0.8892
0.6371
0.7758
0.5198
0.785
0.7508
0.9663
0.8904
0.6752
0.4815
0.4973
0.539
0.5908
0.6842
0.7333
0.6913
0.7981
0.5692
0.8018
-99
0.9496
0.8419
0.6298
0.7542
0.6181
0.7502
0.5406
0.595
0.771
0.744
0.6042
0.6435
0.6427
0.455
0.5345
0.6567
0.714
0.6
0.6777
0.9267
0.7806
0.6323
0.8346
0.7685
0.7096
0.7521
0.7477
0.7865
0.969
0.8406
0.7123
0.6992
0.95
0.7988
0.3969
0.3646
0.5652
0.8235
0.6396
0.7319
0.7298
0.5423
0.4794
0.7165
0.5896
0.7833
0.8896
0.9013
0.9635
0.8242
0.586
0.5875
0.6304
0.7473
0.5044
0.4833
0.7356
0.98
0.9246
0.8223
0.5298
0.4946
0.7519
0.6546
0.6725
0.6621
0.614
0.5396
0.5798
0.6958
0.5654
0.6098
0.7615
0.7713
0.7654
0.8208
0.4888
0.7479
0.9002
0.476
0.465
0.5302
0.4286
0.6156
0.6254
0.7473
0.7917
0.539
0.6919
0.6035
0.67
0.775
0.5938
0.5273
0.3391
0.57
0.5529
0.4356
0.6063
0.6777
0.6874
0.4985
0.6143
0.7592
0.8665
0.7047
0.6546
0.57
0.5615
0.6465
0.6323
0.6383
0.9077
0.9479
0.9244
0.8529
0.5131
0.6277
0.6967
0.9146
0.9802
0.9594
0.9021
0.9135
0.9617
0.9848
0.99
0.8071
0.79
0.644
0.8694
0.8927
0.556
0.5031
0.779
0.5198
0.801
0.4198
0.4415
0.425
0.3783
0.6079
0.8719
0.9371
0.6256
0.3346
0.4948
0.3346
0.2894
0.4463
0.6081
0.5988
0.6317
0.59
0.6315
0.7938
0.9429
0.9444
0.9438
0.7502
0.726
0.7881
0.664
0.409
0.3735
0.3363
0.5149
0.8927
0.7877
0.8613
0.8023
0.6921
0.7502
0.8204
0.7131
0.7369
0.6467
0.6438
0.7004
0.8698
0.881
0.7656
0.5623
0.6494
0.6169
0.816
0.746
0.5779
0.6266
0.7431
0.7508
0.6777
0.7052
0.561
0.6729
0.7996
0.8994
0.7827
0.6854
0.8573
0.8254
0.8179
0.955
0.9615
0.924
0.8919
0.9455
0.7504
0.7094
0.9121
0.7954
0.5021
0.4756
0.7248
0.7535
0.8002
0.6904
0.6623
0.6473
0.7025
0.7223
0.6423
0.7077
-99
0.6926
0.8406
0.8625
0.7963
0.8194
0.6902
0.6263
0.6571
0.5973
0.6221
0.5333
0.6608
0.6185
0.7933
0.741
0.3823
0.4194
0.4865
0.3981
0.4283
0.4815
0.5971
0.7102
0.79
0.8138
0.6204
0.5473
0.6754
0.8227
0.9269
0.8608
0.9071
0.8148
0.6985
0.7298
0.6891
-99
0.6093
0.6069
0.5648
0.6575
0.6319
0.6148
0.7996
0.6717
0.5719
0.6735
0.6267
0.7752
0.7315
0.7229
0.7402
0.6648
0.6746
0.8253
0.7675
0.6977
0.5954
0.4083
0.52
0.5488
0.4938
0.4294
0.4342
0.4935
0.5235
0.4888
0.47
0.4033
0.4079
0.3663
0.3881
0.5904
0.7267
0.7683
0.6072
0.5529
0.5931
0.7538
0.7194
0.5694
0.5881
0.6269
0.7546
0.6004
0.5121
0.6035
0.7475
0.9508
0.9423
0.9147
0.7488
0.8102
0.8917
0.8606
0.931
0.8048
0.7538
0.5558
0.5006
0.5275
0.6838
0.665
0.6283
0.5477
0.4681
0.5858
0.6129
0.7669
0.7365
0.8629
0.8852
0.9123
0.8617
0.7994
0.9254
0.9381
0.9523
0.9254
0.8093
0.7119
0.7185
0.9204
0.636
0.5417
0.6125
0.6213
0.7535
0.7525
0.7531
0.9304
0.95
0.8869
0.9763
0.7688
0.976
0.9415
0.9433
0.836
0.9463
0.8523
0.7888
0.8158
0.5327
0.9275
0.9773
0.98
0.9225
0.7925
0.8742
0.8083
0.5742
0.5081
0.6654
0.5073
0.2611
0.4923
0.8394
0.98
0.886
0.8069
0.9287
0.8308
0.6919
0.8969
0.9613
0.7717
0.4677
0.3804
0.645
0.9158
0.95
0.9596
0.9327
0.7502
0.5944
0.7246
0.5544
0.6696
0.8235
0.9752
0.9142
0.9529
0.8723
0.9329
0.8765
0.7875
0.8994
0.6611
0.8119
0.5077
0.6552
0.636
0.4956
0.2221
0.3165
0.6963
0.8075
0.8529
0.726
0.7094
0.6419
0.4977
0.634
0.3948
0.3285
0.4798
0.6635
0.4521
0.5508
0.5396
0.3573
0.7677
0.3421
0.2888
0.2296
0.2596
0.3829
0.3919
0.6946
0.7815
0.814
0.6221
0.5373
0.7571
0.8352
0.4065
0.6392
0.5504
0.3956
0.6313
0.5846
0.536
0.8033
0.7681
0.7485
0.7842
0.9383
0.489
0.5948
0.6735
0.6569
0.6763
0.5838
0.3902
0.2956
0.2894
0.3129
0.6813
0.8513
0.1221
0.3125
0.2513
0.3452
0.5765
0.68
0.6535
0.875
0.6352
0.6988
0.7067
0.9606
0.9975
0.9863
0.7427
0.7863
0.9933
0.8042
0.7269
0.4471
0.5096
0.5015
0.411
0.3637
0.3481
0.6456
0.7335
0.7177
0.5675
0.4656
0.9006
0.7746
0.8252
0.9964
0.8625
0.5125
0.3675
0.399
0.4813
0.6838
0.8713
0.9721
0.89
0.5677
0.405
0.6165
0.7815
0.945
0.7129
0.8204
0.9904
0.9773
0.7579
0.9425
0.7085
0.6938
0.8965
0.9996
0.9719
0.9348
0.614
0.6067
0.5683
0.6104
0.5098
0.8788
0.8865
0.9467
0.9042
0.9313
0.8079
0.7185
0.7529
0.8035
0.666
0.5738
0.5169
0.7535
0.7158
0.7988
0.986
0.8998
0.72
0.8846
0.8994
0.8586
0.9973
0.8992
0.8781
0.8058
0.9298
0.9825
0.9644
0.8188
0.4813
0.7223
0.6713
0.491
0.6675
0.6119
0.6365
0.5658
0.7508
0.8421
0.7854
0.71
0.689
0.7438
0.7213
0.8333
0.844
0.8485
0.9504
0.9371
0.8754
0.4731
0.4231
0.5835
0.715
0.7325
0.7398
0.7035
0.7158
0.7702
0.7869
0.5098
0.5852
0.7938
0.6221
0.5208
0.6513
0.8865
0.9625
0.8433
0.7071
0.7635
0.9885
0.941
0.7339
0.7373
0.7973
0.9069
0.8513
0.8217
0.9415
0.921
0.78
0.6498
0.771
0.7175
0.8147
0.8492
0.9229
0.9798
0.8558
0.8121
0.7904
0.8213
0.7471
0.7775
0.7635
0.8142
0.8696
0.7425
0.591
0.5465
0.7006
0.5635
0.4135
0.6419
0.8621
0.8135
0.6969
0.6235
0.5535
0.4744
0.6002
0.8002
0.8271
0.8625
0.6783
0.6569
0.796
0.8483
0.6898
0.6994
0.8754
0.7663
0.8175
0.7631
0.706
0.5888
0.5575
0.7244
0.7425
0.7652
0.5875
0.7785
0.874
0.8404
0.8152
0.9331
0.9345
0.9594
1
0.9419
0.8794
0.7804
0.5998
0.6192
0.781
0.7481
0.7505
0.6431
0.631
0.7929
0.9296
0.8296
0.9588
0.8881
0.7435
0.6783
0.7279
0.8217
0.9758
0.9052
0.49
0.5296
0.5788
0.4067
0.3617
0.464
0.6454
0.8669
0.8079
0.7946
0.814
0.7365
0.4065
0.5456
0.6944
0.8127
0.705
0.4871
0.5404
0.8481
0.9719
0.8677
0.8267
0.9477
0.8571
0.901
0.8398
0.7417
0.7463
0.7206
0.6652
0.5392
0.4748
0.6358
0.7781
0.6792
0.7406
0.7631
0.7854
0.9565
0.9525
0.8108
0.664
0.7117
0.5783
0.3267
0.3704
0.5246
0.7292
0.7533
0.7017
0.639
0.3469
0.3775
0.3479
0.3116
0.3879
0.3619
0.5515
0.5798
0.7058
0.5788
0.5817
0.4519
0.6669
0.5513
0.5721
0.444
0.9515
0.7359
0.7077
0.7098
0.6775
0.8667
0.686
0.6623
0.9952
0.9731
0.9908
0.6635
0.456
0.7848
0.8371
0.8265
0.7829
0.8617
0.6558
0.6833
0.6883
0.6118
0.4202
0.3657
0.6013
0.2531
0.6344
0.4794
0.3911
0.4314
0.7588
0.4469
0.3527
0.5946
0.59
0.4502
0.2869
0.3379
0.3038
0.3277
0.3073
0.2773
0.2235
0.1973
0.2958
0.4165
0.1763
0.2381
0.3217
0.5871
0.6181
0.7681
0.5167
0.2679
0.5842
0.806
0.6092
0.6135
0.5646
0.4727
0.6056
0.6788
0.2663
0.5071
0.4688
0.2838
0.5538
0.8379
0.8123
0.9365
0.9948
0.9858
0.9013
0.5923
0.424
0.6788
0.7085
0.8488
0.7556
0.5838
0.4566
0.505
0.6573
0.6058
0.4406
0.5546
0.5471
0.9198
0.8894
0.6583
0.5115
0.4685
0.7558
0.5508
0.7042
0.41
0.5865
0.6244
0.4846
0.4681
0.4804
0.52
0.9096
0.3979
0.6194
0.6004
0.5975
0.6385
0.4554
0.5442
0.3527
0.3363
0.5956
0.7621
0.9704
0.8771
0.9404
0.6813
0.8627
0.8717
0.8902
0.7056
0.5658
0.6983
0.9325
0.9983
0.9983
0.9552
0.7804
0.6646
0.9392
0.5823
0.6535
0.5719
0.5085
0.7494
0.6856
0.9581
0.6054
0.45
0.8104
0.9533
0.8773
0.9065
0.9879
0.8883
0.8683
0.9413
0.7119
0.6435
0.501
0.4504
0.265
0.3192
0.4735
0.8002
0.8929
0.6325
0.4838
0.6323
0.9052
0.8965
0.9244
0.9927
0.9508
0.9285
0.9469
0.7688
0.89
0.9098
0.6613
0.6717
0.5158
0.4485
0.7338
0.8049
0.6927
0.6046
0.4875
0.4527
0.681
0.6179
0.8733
0.7113
0.4821
0.6508
0.6775
0.886
0.8981
0.789
0.4463
0.4948
0.6115
0.7835
0.866
0.644
0.8419
0.9302
0.7665
0.659
0.6556
0.5756
0.695
0.7669
0.7585
0.7915
0.6148
0.609
0.5935
0.5698
0.4602
0.5119
0.7383
0.855
0.9704
0.7255
0.7779
0.8377
0.9533
0.8798
0.9471
0.9921
0.9935
0.6706
0.5002
0.5604
0.6196
0.6156
0.4587
0.5227
0.6194
0.7575
0.816
0.8065
0.7017
0.7875
0.9096
0.7871
0.9235
0.715
0.5477
0.5454
0.7073
0.924
0.8896
0.9296
0.7215
0.5335
0.4585
0.42
0.5169
0.7456
0.884
0.8213
0.6579
0.7494
0.5513
0.8183
0.8692
0.8692
0.839
0.7996
0.8588
0.8565
0.8191
0.6492
0.5808
0.7454
0.8881
0.6456
0.8435
0.9669
0.9052
0.8167
0.7479
0.6242
0.8379
0.8094
0.6342
0.5963
0.8981
0.9219
0.9198
0.9554
0.8625
0.8467
0.8842
0.8727
0.8561
0.729
0.6273
0.8415
0.655
0.3548
0.6492
0.6321
0.6877
0.746
0.7192
0.756
0.7267
0.7908
0.7904
0.8883
0.8485
0.5481
0.8056
0.6429
0.5646
0.6965
0.895
0.8115
0.6804
0.6483
0.6933
0.8467
0.9575
0.9719
0.975
0.9473
0.9238
0.8063
0.7244
0.9423
0.8135
0.7046
0.7598
0.7317
0.8683
0.7538
0.6052
0.6938
0.7742
0.7665
0.8304
0.7277
0.8058
0.83
0.4979
0.5808
0.8571
0.5138
0.3577
0.4184
0.4735
0.7879
0.8068
0.7238
0.8275
0.9604
0.9592
0.9313
0.81
0.786
0.8656
0.7398
0.8527
0.4533
0.604
0.5808
0.3817
0.7348
0.9604
0.659
0.6917
0.6298
0.4288
0.5813
0.8206
0.7781
0.6456
0.9104
0.6048
0.4948
0.4781
0.5429
0.4213
0.3321
0.3977
0.5479
0.3113
0.6025
0.3246
0.4948
0.5973
0.6298
0.4921
0.1523
0.1794
0.1473
0.319
0.3804
0.4498
0.5685
0.3035
0.3823
0.48
0.7869
0.7627
0.6504
0.4504
0.5152
0.7302
0.85
0.9588
0.9404
0.8679
0.859
0.6867
0.5631
0.8375
0.8569
0.8846
0.9438
0.735
0.6121
0.6169
0.7102
0.8458
0.3885
0.3554
0.7425
0.5667
0.7496
0.9023
0.961
0.9771
0.9292
0.7283
0.5129
0.4579
0.6992
0.7156
0.3767
0.4588
0.3888
0.3948
0.7794
0.8621
0.6692
0.6933
0.7156
0.6635
0.7558
0.7873
0.6798
0.4481
0.7213
0.8088
0.8252
0.826
0.6619
0.7421
0.47
0.8325
0.5183
0.5646
0.816
0.6823
0.5231
0.5779
0.5954
0.526
0.6844
0.636
0.7169
0.6442
0.6756
0.5631
0.7146
0.5729
0.72
0.8573
0.8398
0.9842
0.9869
0.919
0.8181
0.8946
0.7113
0.6648
0.7871
0.4979
0.4979
0.8971
0.8021
0.5298
0.7733
0.7267
0.8496
0.9069
0.7623
0.787
0.9388
0.8685
0.8998
0.7535
0.8817
0.4935
0.6602
0.7133
0.47
0.6304
0.889
0.7196
0.649
0.7877
0.8042
0.7815
0.7085
0.7302
0.5631
0.6146
0.5504
0.6156
0.4729
0.5554
0.8244
0.8608
0.8392
0.5792
0.6669
0.6663
0.7052
0.831
0.8219
0.6146
0.8531
0.8319
0.8588
0.8846
0.8356
0.6413
0.5852
0.5113
0.679
0.894
0.7706
0.6981
0.5954
0.7967
0.6823
0.6402
0.5577
0.4854
0.6529
0.769
0.7258
0.501
0.4333
0.4563
0.3319
0.3581
0.5985
0.584
0.611
0.7094
0.8338
0.6529
0.7669
0.6446
0.5069
0.4981
0.5027
0.6708
0.7721
0.6773
0.5858
0.5367
0.6896
0.7658
0.7513
0.6267
0.76
0.7256
0.6121
0.6698
0.6419
0.636
0.5444
0.4054
0.583
0.6767
0.6335
0.8098
0.7396
0.6463
0.62
0.6906
0.52
0.5694
0.7523
0.7529
0.7077
0.6504
0.5592
0.6554
0.6163
0.6172
0.4653
0.6196
0.8044
0.6633
0.491
0.4388
0.3533
0.7358
0.7719
0.6717
0.6673
0.8958
0.8833
0.77
0.4706
0.4796
0.5206
0.4546
0.6265
0.5065
0.7367
0.8513
0.8575
0.6413
0.8777
0.9277
0.7321
0.6533
0.6958
0.666
0.7771
0.7538
0.7481
0.784
0.829
0.874
0.7346
0.7396
0.8346
0.8044
0.7779
0.666
0.6758
0.815
0.7017
0.7235
0.7527
0.8006
0.7848
0.7481
0.764
0.67
0.845
0.8885
0.9704
0.8367
0.7869
0.8206
0.6983
0.8135
0.7492
0.6813
0.7725
0.9772
0.8408
0.844
0.6571
0.5085
0.5931
0.7731
0.799
0.7223
0.7488
0.714
0.7019
0.8938
0.7731
0.7142
0.7492
0.6838
0.8598
0.7585
0.8453
0.7771
0.7894
0.5888
0.7048
0.8596
0.7952
0.9581
0.7725
0.7279
0.8217
0.7606
0.8371
0.535
0.7363
0.5979
0.5383
0.4621
0.4223
0.5233
0.8154
0.9213
0.4869
0.5083
0.8429
0.7456
0.3625
0.6238
0.7835
0.6563
0.7033
0.7856
0.6919
0.3379
0.4617
0.5619
0.8825
0.9119
0.6238
0.656
0.9383
0.771
0.8133
0.6638
0.7354
0.6906
0.6485
0.5835
0.3892
0.7117
0.7735
0.3883
0.7288
0.6048
0.5048
0.7058
0.696
0.3802
0.805
0.7502
0.7598
0.7385
0.4954
0.5985
0.2423
0.855
0.7992
0.74
0.4702
0.6775
0.6717
0.514
0.7571
0.446
0.2763
0.2554
0.306
0.3946
0.401
0.2998
0.2942
0.4669
0.6119
0.7775
0.6029
0.4344
0.5223
0.524
0.6965
0.6169
0.5923
0.5852
0.7285
0.4473
0.3969
0.5256
0.7863
0.6542
0.6896
0.4702
0.3646
0.4788
0.8123
0.9727
0.7154
0.3954
0.7265
0.4567
0.259
0.3638
0.1788
0.3538
0.9254
0.6652
0.5829
0.4506
0.5665
0.8392
0.9438
0.8063
0.7767
0.6175
0.5763
0.629
0.6535
0.5979
0.4719
0.0833
0.1171
0.831
0.9325
0.7481
0.7873
0.9098
0.7931
0.735
0.794
0.7165
0.5592
0.5852
0.7423
0.8602
0.7069
0.6931
0.6
0.7813
0.5756
0.6296
0.5554
0.3417
0.4167
0.4058
0.5138
0.4706
0.4373
0.4829
0.5206
0.3735
0.5185
0.7065
0.7708
0.5502
0.5104
0.594
0.6292
0.7402
0.8967
0.9883
0.9313
0.7248
0.9052
0.9808
0.9815
0.9725
0.875
0.676
0.8713
0.7463
0.709
0.6665
0.6638
0.939
0.911
0.9577
0.9883
0.854
0.7533
0.5827
0.609
0.5615
0.6715
0.7221
0.6327
0.5381
0.3992
0.4173
0.5392
0.6588
0.7506
0.77
0.7008
0.666
0.9406
0.914
0.8377
0.7525
0.5558
0.5804
0.3738
0.5304
0.5104
0.5865
0.6115
0.701
0.4481
0.8529
0.6971
0.8798
0.6025
0.5019
0.8323
0.6527
0.5846
0.4954
0.5123
0.5698
0.5579
0.9146
0.9494
0.5083
0.6102
0.7748
0.8825
0.7877
0.5421
0.6356
0.7463
0.7606
0.7744
0.8354
0.7988
0.7046
0.6513
0.7773
0.7358
0.6423
0.635
0.8331
0.8042
0.6325
0.6727
0.6773
0.7369
0.7994
0.8035
0.84
0.5813
0.7217
0.8404
0.9242
0.8783
0.846
0.7056
0.5665
0.7944
0.7355
-99
-99
0.6805
0.5579
0.571
0.8444
0.704
0.8552
0.841
0.7454
0.7492
0.4692
0.5804
0.704
0.7502
0.7094
0.8808
0.8483
0.834
0.6381
0.8146
0.6925
0.6458
0.6258
0.7071
0.6317
0.65
0.7988
0.5019
0.8202
0.7296
0.6775
0.5515
0.7202
0.9177
0.89
0.7019
0.6783
0.755
0.7288
0.7165
0.5783
0.5063
0.8958
0.8446
0.8558
0.9267
0.875
0.8967
0.8129
0.8479
0.8667
0.5906
0.516
0.405
0.3358
0.5673
0.7492
0.3163
0.5079
0.5877
0.7865
0.6754
0.265
0.3102
0.6729
0.7727
0.6967
0.6173
0.5352
0.7469
0.6798
0.8194
0.7313
0.7458
0.5769
0.8708
0.814
0.7254
0.79
0.9104
0.9371
0.8654
0.9371
0.5685
0.5181
0.5358
0.6277
0.6835
0.6963
0.5929
0.7175
0.7983
0.825
0.7613
0.7502
0.8727
0.5621
0.7235
0.8121
0.7565
0.6554
0.7602
0.7992
0.8275
0.7948
0.5531
0.2835
0.2365
0.3252
0.5365
0.76
0.7515
0.8781
0.816
0.7254
0.5423
0.6406
0.4723
0.4623
0.5069
0.4854
0.5094
0.7029
0.6646
0.2281
0.219
0.3515
0.5181
0.3175
0.2592
0.5321
0.7248
0.5444
0.4721
0.2165
0.1277
0.1233
0.279
0.785
0.8527
0.7031
0.7642
0.4525
0.3277
0.334
0.4073
0.566
0.5654
0.456
0.5556
0.6998
0.6004
0.5744
0.4006
0.4923
0.5827
0.6748
0.6929
0.5635
0.4435
0.3204
0.3606
0.2296
0.5044
0.5679
0.751
0.8448
0.6375
0.7396
0.8888
0.9392
0.7952
0.665
0.4554
0.3742
0.38
0.329
0.336
0.421
0.1883
0.1702
0.4926
0.8366
0.7651
0.7055
0.6255
0.6568
0.9649
0.8677
0.8294
0.7398
0.5489
0.536
0.5749
0.614
0.7396
0.5477
0.6072
0.6887
0.176
0.1989
0.3289
0.4998
0.6781
0.5366
0.4189
0.2623
0.1555
0.3372
0.5387
0.6911
0.5385
0.7285
0.7032
0.8889
0.4666
0.4609
0.4177
0.5404
0.4485
0.5387
0.73
0.5815
0.5926
0.8266
0.7185
0.6553
0.8034
0.8236
0.97
0.9623
0.8055
0.6979
0.7449
0.7319
0.9389
0.893
0.8438
0.8751
0.8598
0.7398
0.4091
0.7247
0.6453
0.6415
0.4104
0.4285
0.6168
0.8085
0.7134
0.7521
0.7391
0.7272
0.5309
0.5234
0.8423
0.6964
0.7706
0.8545
0.2426
0.4162
0.743
0.4398
0.7
0.683
0.7923
0.7457
0.8681
0.7332
0.7417
0.6228
0.3753
0.3351
0.3717
0.3917
0.5491
0.8011
0.9579
0.7109
0.6453
0.5972
0.8249
0.7287
0.7115
0.597
0.6281
0.7547
0.8072
0.8081
0.6666
0.8679
0.7891
0.7543
0.7079
0.6666
0.5134
0.4666
0.6096
0.6936
0.8543
-99
-99
-99
-99
-99
-99
-99
-99
-99
-99
-99
-99
-99
-99
-99
0.7774
0.754
0.8483
0.8072
0.6198
0.4989
0.6426
0.8479
0.7564
0.7843
0.8891
0.5611
0.9077
0.7911
0.7496
0.7887
0.8145
0.8842
0.8751
0.8021
0.8113
0.8521
0.6096
0.7064
0.6511
0.7415
0.8298
0.7481
0.5077
0.8143
0.8774
-99
0.8228
0.8387
0.8191
0.6736
0.6968
0.6496
0.4479
0.5109
0.4623
0.6372
0.6664
0.6285
0.4832
0.7134
0.7802
0.5516
0.6266
0.8704
0.6851
0.6489
0.8126
0.9302
0.8664
0.7389
0.6789
0.6743
0.8587
0.876
0.743
0.6626
0.6426
0.8026
0.8338
0.6162
0.6719
0.7402
0.4406
0.6689
0.6996
0.8377
0.8168
0.8117
0.7383
0.7998
0.453
0.4264
0.7519
0.7885
0.6802
0.5621
0.5713
0.4247
0.5394
0.8098
0.7311
0.6968
0.7398
0.6251
0.8287
0.8334
0.6949
0.76
0.7215
0.6519
0.6904
0.9077
0.7638
0.8502
0.936
0.7943
0.8285
0.8585
0.7436
0.7389
0.7048
0.4994
0.6553
0.8134
0.7151
0.7502
0.7077
0.5262
0.7672
0.8613
0.6455
0.6285
0.6251
0.7526
0.8313
0.5868
0.5221
0.4834
0.6866
0.8326
0.6783
0.6745
0.6481
0.8217
0.8106
0.7838
0.8191
0.6802
0.7343
0.6726
0.7383
0.7279
0.8317
0.8183
0.8945
0.5379
0.464
0.4798
0.4528
0.5206
0.77
0.6347
0.7123
0.5849
0.8274
0.7634
0.7843
0.7766
0.8094
0.8979
0.9513
0.92
0.7468
0.6515
0.6704
0.7209
0.8681
0.6974
0.6417
0.6072
0.874
0.6685
0.6983
0.8385
0.8223
0.9479
0.7287
0.5679
0.8536
0.8755
0.7702
0.8404
0.7009
0.6385
0.5785
0.846
0.5221
0.306
0.4413
0.33
0.3554
0.8117
0.6813
0.6881
0.4298
0.5344
0.7423
0.7923
0.4929
0.4277
0.7917
0.7206
0.6892
0.4921
0.7028
0.5544
0.4813
0.6542
0.7238
0.7696
0.8002
0.9056
0.8173
0.4679
0.404
0.5377
0.6583
0.8519
0.6596
0.755
0.5285
0.446
0.4819
0.2773
0.0981
0.0848
0.2092
0.2467
0.4177
0.839
0.9585
0.949
0.9588
0.8252
0.7377
0.676
0.8229
0.6023
0.4148
0.5031
0.8563
0.6104
0.6306
0.8323
0.8854
0.5394
0.4744
0.4356
0.4979
0.6019
0.7771
0.6467
0.4146
0.7379
0.905
0.5515
0.5604
0.8429
0.549
0.5467
0.686
0.3973
0.3315
0.4075
0.5638
0.9248
0.9508
0.9258
0.9306
0.6767
0.6646
0.6969
0.4744
0.4785
0.5455
0.61
0.6798
0.5456
0.5077
0.5706
0.709
0.5938
0.4267
0.4633
0.4973
0.6623
0.2777
0.4463
0.3752
0.5452
0.6858
0.3856
0.3296
0.4585
0.8948
0.8923
0.9433
0.7892
0.4908
0.5242
0.3146
0.5294
0.8867
0.7063
0.5
0.3852
0.409
0.4921
0.4721
0.4229
0.47
0.55
0.3869
0.301
0.5119
0.331
0.2656
0.266
0.3615
0.5935
0.6588
0.7875
0.6548
0.665
0.8038
0.6804
0.7606
0.7188
0.7142
0.7523
0.7138
0.8935
0.8406
0.791
0.945
0.9154
0.7656
0.6852
0.7481
0.7904
0.6494
0.7898
0.7227
0.5877
0.606
0.6698
0.5435
0.2352
0.6185
0.7731
0.901
0.7219
0.9004
0.8646
0.8065
0.6208
0.4833
0.5023
0.5506
0.4729
0.4838
0.5725
0.5165
0.626
0.7917
0.6454
0.7098
0.6929
0.7646
0.66
0.5288
0.6015
0.8465
0.6815
0.5029
0.4644
0.3894
0.4544
0.4823
0.5648
0.764
0.2685
0.451
0.6677
0.7373
0.7556
0.635
0.5227
0.5406
0.6744
0.78
0.7615
0.8438
0.7354
0.6775
0.59
0.7723
0.7344
0.6096
0.5213
0.5863
0.8073
0.6958
0.6452
0.7367
0.7175
0.5531
0.6523
0.4133
0.72
0.6929
0.6544
0.7188
0.7098
0.5896
0.5933
0.6285
0.67
0.771
0.7158
0.7138
0.7981
0.8417
0.8742
0.916
0.8933
0.8381
0.7063
0.5163
0.6504
0.7433
0.6431
0.7406
0.5865
0.7942
0.5819
0.4858
0.5044
0.3954
0.7058
0.6865
0.5671
0.5977
0.7213
0.5883
0.7063
0.6835
0.6577
0.8133
0.91
0.726
0.6596
0.5973
0.7365
0.7348
0.8165
0.8233
0.7481
0.6513
0.4819
0.4438
0.5425
0.4438
0.4731
0.425
0.3194
0.4198
0.6054
0.7663
0.71
0.5719
0.6692
0.711
0.6515
0.6342
0.7892
0.631
0.7502
0.7015
0.7792
0.8433
0.85
0.7563
0.4221
0.5956
0.67
0.5802
0.4829
0.5921
0.7144
0.7435
0.7808
0.8342
0.675
0.7525
0.7517
0.7831
0.809
0.6554
0.6846
0.7025
0.4448
0.595
0.8098
0.7502
0.6796
0.646
0.6329
0.7117
0.644
0.7148
0.6125
0.5188
0.5004
0.4427
0.6894
0.8835
0.8356
0.6438
0.3369
0.129
0.31
0.1954
0.3206
0.2798
0.4508
0.6723
0.8192
0.9054
0.6917
0.6094
0.6244
0.7702
0.6921
0.415
0.395
0.4371
0.5608
0.6638
0.6948
0.7323
0.6654
0.8021
0.8658
0.6981
0.6077
0.5865
0.5413
0.4733
0.6148
0.634
0.5248
0.4402
0.5023
0.3675
0.4569
0.4908
0.3583
0.4092
0.4285
0.6804
0.8425
0.4971
0.2429
0.7092
0.8317
0.6923
0.6671
0.7931
0.3477
0.5971
0.5879
0.6177
0.6673
0.4019
0.6483
0.7817
0.7233
0.5245
0.2298
0.3688
0.6606
0.8096
0.5025
0.6894
0.5203
0.4335
0.4177
0.2325
0.5829
0.6556
0.7946
0.8048
0.8154
0.9383
0.5304
0.5773
0.6844
0.7544
0.6873
0.6625
0.6408
0.9144
0.8896
0.9458
0.9546
0.9033
0.645
0.5488
0.6975
0.7556
0.5075
0.6952
0.8404
0.556
0.3685
0.7331
0.816
0.8165
0.6696
0.5485
0.431
0.7775
0.9208
0.8167
0.5694
0.6154
0.3579
0.6806
0.5921
0.8104
0.4948
0.5629
0.2756
0.5523
0.7927
0.465
0.5354
0.8288
0.7831
0.3415
0.4331
0.5417
0.7402
0.7979
0.8258
0.9075
0.8325
0.869
0.6246
0.5985
0.6452
0.5777
0.5265
0.5421
0.5585
0.701
0.7404
0.7144
0.7135
0.6808
0.9202
0.79
0.4435
0.2944
0.7225
0.8875
0.4065
0.5713
0.6371
0.7396
0.4258
0.2942
0.3525
0.5067
0.3175
0.384
0.6019
0.5633
0.7542
0.8323
0.8554
0.8225
0.8431
0.531
0.5275
0.6202
0.5475
0.6785
0.7423
0.8067
0.6665
0.5188
0.6527
0.5831
0.4677
0.6031
0.5794
0.5379
0.5227
0.5656
0.8621
0.81
0.8206
0.671
0.7419
0.656
0.6802
0.6313
0.651
0.6504
0.6681
0.7165
0.8015
0.7042
0.6502
0.5388
0.546
0.5398
0.7325
0.7967
0.8773
0.8669
0.8923
0.7588
0.8327
0.9325
0.8188
0.7085
0.7019
0.7913
0.8925
0.9117
0.7079
0.529
0.5358
0.6604
0.5708
0.5369
0.4502
0.5052
0.6246
0.6144
0.4779
0.4842
0.6388
0.8831
0.89
0.7944
0.7658
0.5329
0.616
0.6865
0.6294
0.7027
0.6392
0.786
0.8115
0.6213
0.8183
0.8546
0.751
0.7406
0.7554
0.8423
0.8281
0.7277
0.8596
0.8883
0.7377
0.5025
0.5104
0.7381
0.7692
0.7352
0.7288
0.7075
0.6923
0.7171
0.6963
0.6921
0.7769
0.6913
0.7575
0.76
0.5813
0.6477
0.7265
0.6948
0.6588
0.8327
0.6133
0.5158
0.634
0.5644
0.834
0.6481
0.7844
0.7158
0.7077
0.6633
0.665
0.8415
0.9019
0.771
0.5727
0.5825
0.6063
0.7256
0.8429
0.7633
0.831
0.8023
0.845
0.7383
0.8027
0.6563
0.6446
0.5906
0.7473
0.809
0.6763
0.7448
0.839
0.7881
0.8213
0.8615
0.7967
0.7854
0.8423
0.8454
0.7723
0.5835
0.56
0.5475
0.801
0.7273
0.5333
0.5746
0.7246
0.769
0.7556
0.4008
0.7906
0.8629
0.6919
0.7894
0.6875
0.5713
0.7744
0.8694
0.6681
0.6738
0.7119
0.6842
0.6504
0.475
0.6146
0.814
0.9144
0.9335
0.8283
0.8354
0.9125
0.745
0.7852
0.755
0.5723
0.7073
0.804
0.854
0.714
0.7413
0.8798
0.7554
0.7308
0.8219
0.7867
0.6496
0.7704
0.8781
0.9185
0.9404
0.9283
0.9167
0.8633
0.8581
0.6435
0.5013
0.4644
0.3533
0.4177
0.7331
0.6752
0.5075
0.7423
0.8429
0.5665
0.1813
0.2479
0.3523
0.4852
0.7725
0.8463
0.7529
0.5025
0.4521
0.6363
0.7913
0.5475
0.8881
0.7292
0.6806
0.7413
0.5092
0.5877
0.4567
0.5008
0.7708
0.414
0.4563
0.8169
0.7381
0.6942
0.7125
0.6435
0.616
0.6188
0.5744
0.5777
0.47
0.7515
0.7642
0.8825
0.811
0.8379
0.6465
0.4292
0.5556
0.7154
0.6188
0.6083
0.716
0.2163
0.269
0.2506
0.4033
0.4575
0.3421
0.4763
0.5769
0.755
0.5981
0.6529
0.7492
0.8727
0.8783
0.4529
0.3688
0.135
0.1919
0.1933
0.4552
0.8
0.8883
0.8715
0.6531
0.5538
0.4663
0.5758
0.6785
0.6617
0.4385
0.7196
0.8429
0.4825
0.415
0.4496
0.316
0.461
0.4015
0.3531
0.5671
0.5729
0.2667
0.5192
0.4713
0.4365
0.4058
0.3963
0.5913
0.8631
0.9129
0.8894
0.8596
0.6871
0.4469
0.2654
0.3231
0.2829
0.1975
0.2294
0.3208
0.3266
0.4179
0.3992
0.3763
0.4935
0.5744
0.8235
0.6179
0.6694
0.7967
0.5852
0.5479
0.7669
0.7179
0.5254
0.5113
0.654
0.501
0.504
0.5419
0.4881
0.455
0.6563
0.9204
0.8956
0.6954
0.5983
0.6969
0.9246
0.8673
0.7619
0.7833
0.934
0.8713
0.915
0.9313
0.8396
0.571
0.3769
0.4329
0.5223
0.8479
0.8388
0.46
0.5833
0.5852
0.6577
0.7677
0.8452
0.8975
0.854
0.7483
0.7073
0.5133
0.456
0.8385
0.7056
0.5633
0.4483
0.4288
0.4788
0.3894
0.5229
0.4531
0.6075
0.6835
0.6838
0.6896
0.7204
0.6092
0.6948
0.7783
0.6617
0.8027
0.8935
0.8448
0.6875
0.4981
0.4929
0.7629
0.8038
0.791
0.7217
0.7467
0.6694
0.6675
0.8181
0.7254
0.7542
0.7856
0.7558
0.7173
0.6344
0.665
0.7448
0.7219
0.5198
0.7083
0.6854
0.5965
0.5304
0.5885
0.5798
0.5715
0.4879
0.4217
0.5298
0.6283
0.8908
0.8794
0.7513
0.7358
0.6906
0.5667
0.7169
0.8027
0.8646
0.8408
0.854
0.839
0.9131
0.9252
0.9208
0.9302
0.8483
0.7806
0.7104
0.7896
0.7996
0.8642
0.9242
0.7996
0.7292
0.6633
0.7054
0.8981
0.8717
0.5623
0.6856
0.5996
0.62
0.7423
0.8185
0.7338
0.7781
0.7154
0.7615
0.611
0.7496
0.871
0.7573
0.6594
0.6621
0.6854
0.6406
0.7669
0.7617
0.8329
0.8031
0.8821
0.8446
0.775
0.7367
0.886
0.915
0.8579
0.7854
0.8285
0.9144
0.8458
0.8413
0.8831
0.8106
0.7558
0.8285
0.6713
0.7483
0.7938
0.7615
0.6963
0.9363
0.9269
0.8188
0.6825
0.7896
0.7254
0.681
0.7285
0.7638
0.8088
0.6981
0.6413
0.4927
0.5044
0.3565
0.3469
0.5248
0.7496
0.8571
0.764
0.7706
0.7465
0.8488
0.8396
0.6588
0.736
0.655
0.7517
0.9075
0.9152
0.7596
0.7115
0.7715
0.7038
0.5308
0.6708
0.8056
0.6963
0.7402
0.7004
0.6748
0.7929
0.8546
0.6067
0.6763
0.7452
0.6863
0.7638
0.7873
0.7885
0.6996
0.6688
0.5325
0.5758
0.5217
0.5094
0.3575
0.4794
0.466
0.5415
0.7242
0.6752
0.4665
0.541
0.5354
0.359
0.305
0.3971
0.7233
0.9215
0.796
0.8446
0.7179
0.7425
0.619
0.6694
0.8348
0.8346
0.9673
0.8273
0.6992
0.9073
0.9421
0.8946
0.8688
0.9229
0.8604
0.8575
0.9044
0.854
0.8596
0.8685
0.7642
0.8146
0.8327
0.7804
0.7969
0.8769
0.9354
0.97
0.9688
0.9627
0.9367
0.945
0.784
0.9898
0.9677
0.9817
0.5904
0.6794
0.4792
0.4235
0.6473
0.6722
0.5973
0.555
0.3158
0.5921
0.7467
0.8129
0.8154
0.8533
0.7565
0.684
0.5727
0.8094
0.8158
0.8026
0.5685
0.7213
0.7248
0.47
0.6458
0.5767
0.5735
0.6179
0.5569
0.3767
0.285
0.2723
0.2994
0.4273
0.4413
0.315
0.4
0.4477
0.7135
0.7021
0.515
0.6356
0.5833
0.2958
0.2973
0.28
0.2515
0.3723
0.4679
0.3208
0.2796
0.2731
0.5029
0.5956
0.9027
0.961
0.6085
0.311
0.4581
0.4504
0.4073
0.1592
0.3406
0.5871
0.8302
0.9046
0.7773
0.6269
0.3877
0.4579
0.5042
0.7821
0.4773
0.2885
0.5575
0.5125
0.3775
0.4046
0.2881
0.161
0.2856
0.3008
0.3823
0.6988
0.4758
0.5217
0.734
0.6654
0.8463
0.179
0.349
0.1823
0.284
0.5321
0.5496
0.3215
0.5477
0.5998
0.461
0.494
0.2904
0.6408
0.611
0.3719
0.4404
0.5077
0.4567
0.3513
0.301
0.374
0.4725
0.4498
0.3885
0.3729
0.4477
0.5425
0.7771
0.7615
0.641
1
0.9502
0.7183
0.5744
0.4771
0.6208
0.471
0.4244
0.4202
0.3296
0.5069
0.6521
0.7994
0.8435
0.98
0.9322
0.7729
0.7127
0.6464
0.8088
0.7383
0.7479
0.7893
0.6046
0.6998
0.6633
0.5813
0.4052
0.8685
0.8528
0.8263
0.8246
0.9425
0.68
0.8012
0.7307
0.617
0.4883
0.6051
0.6917
0.8514
0.7529
0.6506
0.6802
0.62
0.6552
0.9448
0.8168
0.6618
0.724
0.6427
0.4877
0.583
0.6939
0.6367
0.7518
0.7882
0.7515
0.8615
0.7869
0.9543
0.8515
0.6319
0.6535
0.7744
0.7238
0.7022
0.9094
0.8788
0.6967
0.7266
0.7302
0.8065
0.7333
0.7652
0.9415
0.8204
0.7631
0.648
0.912
0.8493
0.8309
0.868
0.8967
0.8943
0.7293
0.5983
0.5152
0.7094
0.6123
0.7556
0.755
0.6229
0.7873
0.7346
0.7073
0.7042
0.646
0.6652
0.525
0.6196
0.6631
0.796
0.8085
0.7569
0.6735
0.8538
0.845
0.7488
0.9044
0.7708
0.8058
0.9058
0.8435
0.669
0.9083
0.8388
0.7317
0.3469
0.3944
0.5542
0.7023
0.8488
0.3762
0.4015
0.4569
0.576
0.5271
0.5242
0.6827
0.8748
0.795
0.6667
0.5604
0.7231
0.7324
0.6617
0.766
0.9131
0.6615
0.5685
0.5304
0.4825
0.5756
0.751
0.8171
0.6556
0.6019
0.7467
0.581
0.4454
0.4254
0.491
0.4929
0.551
0.3977
0.5288
0.8515
0.781
0.7098
0.8596
0.7929
0.8506
0.4321
0.3723
0.6373
0.5629
0.631
0.6498
0.6631
0.695
0.7627
0.7281
0.6517
0.725
0.845
0.53
0.2854
0.5181
0.7483
0.6767
0.9233
0.9235
0.8023
0.7754
0.7381
0.7108
0.7577
0.6123
0.7844
0.751
0.8063
0.8854
0.8202
0.875
0.7848
0.7219
0.7044
0.7071
0.5656
0.7183
0.725
0.8835
0.9025
0.8642
0.8956
0.9485
0.7819
0.7219
0.6858
0.7367
0.9658
0.9985
0.9985
0.9558
0.8531
0.8321
0.7998
0.9583
0.9331
0.681
0.3656
0.324
0.6929
0.9448
0.7942
0.785
0.656
0.8583
0.9088
0.73
0.4504
0.5135
0.7648
0.8494
0.8513
0.4879
0.579
0.8781
0.8004
0.8202
0.9677
0.9788
0.9202
0.6338
0.6783
0.8892
0.5496
0.5467
0.6931
0.8185
0.9519
0.7096
0.48
0.4171
0.3744
0.3821
0.6933
0.6352
0.649
0.6819
0.3885
0.415
0.2302
0.3755
0.5715
0.4992
0.5735
0.699
0.8215
0.6792
0.8331
0.7708
0.5881
0.7152
0.8148
0.6175
0.3083
0.2544
0.406
0.6521
0.3275
0.5533
0.4381
0.6535
0.5638
0.7121
0.4881
0.2669
0.4577
0.144
0.2302
0.201
0.261
0.3829
0.525
0.5613
0.6396
0.7202
0.4871
0.6654
0.76
0.3617
0.6683
0.9731
0.7369
0.7113
0.5073
0.5524
0.6023
0.2188
0.6365
0.3708
0.5442
0.4623
0.3175
0.6754
0.7758
0.7071
0.3888
0.4979
0.6902
0.6538
0.7235
0.7502
0.61
0.7419
0.7544
0.5877
0.4254
0.6938
0.7875
0.8742
0.8769
0.974
0.9675
0.5744
0.8556
0.9846
0.5438
0.4648
0.4913
0.5663
0.795
0.9296
0.8023
0.5144
0.6142
0.8171
0.9996
0.9835
0.7288
0.8513
0.8623
0.7913
0.8379
0.9081
0.7296
0.5713
0.4517
0.7106
0.8879
0.8781
0.7967
0.714
0.556
0.4533
0.8517
0.7598
0.7365
0.9571
0.9842
0.95
0.824
0.5908
0.8383
0.8823
0.8033
0.8175
0.886
0.969
0.6644
0.6577
0.8869
0.7942
0.8067
0.5975
0.811
0.7263
0.3921
0.4348
0.6179
0.5958
0.6888
0.7946
0.4506
0.7502
0.6656
0.6331
0.6948
0.8983
0.9504
0.9658
0.944
0.9898
0.7848
0.6494
0.7702
0.7681
0.7263
0.6579
0.5579
0.7044
0.8573
0.9052
0.9956
0.9235
0.9052
0.8729
0.8519
0.9292
0.96
0.8275
0.84
0.8969
0.9373
0.821
0.6362
0.7085
0.7275
0.8079
0.685
0.8944
0.8902
0.9246
0.8254
0.7123
0.581
0.5548
0.664
0.8833
0.7749
0.7285
0.6392
0.797
0.8231
0.8085
0.7794
0.8519
0.8419
0.7623
0.8373
0.519
0.5379
0.719
0.7592
0.8085
0.8988
0.8804
0.9563
0.8496
0.8427
0.6294
0.7529
0.7135
0.7556
0.8283
0.8588
0.7932
0.8877
0.5571
0.5356
0.7538
0.731
0.6881
0.7275
0.7227
0.7825
0.7313
0.7258
0.7908
0.724
0.8413
0.7696
0.7727
0.8521
0.7592
0.6517
0.6748
0.7198
0.7049
0.5604
0.4333
0.6965
0.6831
0.8363
0.8104
0.6498
0.5923
0.4619
0.6142
0.699
0.5423
0.6527
0.7757
0.7044
0.6498
0.6079
0.646
0.67
0.7494
0.7606
0.7952
0.8102
0.8617
0.8246
0.8902
0.5833
0.7474
0.7775
0.8563
0.9619
0.9435
0.9629
0.9081
0.883
0.7317
0.6971
0.6079
0.5483
0.4394
0.4988
0.5556
0.6579
0.7723
0.9513
0.9094
0.8985
0.8865
0.9738
0.929
0.8444
0.8604
0.9794
0.8308
0.9125
0.8231
0.8025
0.72
0.5531
0.6692
0.8044
0.7235
0.616
0.6046
0.4379
0.6513
0.8883
0.8546
0.836
0.8566
0.9933
0.9838
0.8635
0.681
0.7625
0.9127
0.9677
0.8758
0.899
0.7781
0.731
0.7808
0.7846
0.7517
0.8856
0.682
0.7425
0.7902
0.6833
0.7035
0.7845
0.7517
0.8108
0.7413
0.645
0.4802
0.8515
0.439
0.4681
0.5804
0.4902
0.9431
0.7644
0.6813
0.7092
0.8594
0.691
0.8481
0.6724
0.4381
0.5348
0.6473
0.4373
0.671
0.8967
0.9758
0.9517
0.7165
0.46
0.7108
0.5617
0.4669
0.57
0.2675
0.3398
0.4677
0.5808
0.4835
0.6617
0.4515
0.4077
0.4027
0.1644
0.3642
0.241
0.359
0.4304
0.3158
0.275
0.2188
0.2367
0.2598
0.5598
0.2121
0.2788
0.7469
0.7029
0.7838
0.4148
0.2938
0.274
0.3724
0.7421
0.7746
0.5423
0.54
0.7908
0.6613
0.4319
0.336
0.6419
0.7677
0.7029
0.8225
0.5421
0.5619
0.6417
0.5496
0.2842
0.354
0.6904
0.8231
0.8092
0.7896
0.6321
0.6504
0.5102
0.8223
0.8463
0.554
0.5248
0.6815
0.5536
0.5796
0.6275
0.5421
0.6585
0.6158
0.7179
0.7125
0.7294
0.6508
0.4752
0.5519
0.754
0.7635
0.6923
0.8775
0.7077
0.8092
0.6504
0.5063
0.2883
0.5275
0.7222
-99
-99
0.6794
0.6708
0.587
0.5446
0.8431
0.6104
0.6933
0.7638
0.724
0.8515
0.7188
0.5648
0.6677
0.6698
0.6358
0.6456
0.5963
0.3602
0.4317
0.381
0.4019
0.2819
0.7333
0.5677
0.6915
0.4744
0.3315
0.3517
0.3117
0.576
0.5508
0.6663
0.7354
0.8096
0.5088
0.5681
0.7852
0.6292
0.7265
0.6954
0.7156
0.9621
0.9644
0.67
0.5587
0.9346
0.6329
0.4098
0.6223
0.6479
0.9069
0.786
0.7352
0.746
0.7179
0.6883
0.7771
0.6019
0.4896
0.514
0.4585
0.9019
1
0.9844
0.9673
0.8483
0.7938
0.6544
0.5863
0.6875
0.7856
0.8579
0.9635
0.84
0.5575
0.4733
0.4438
0.636
0.5843
0.8452
0.8583
0.8067
0.8556
0.9833
0.9602
0.704
0.5125
0.3583
0.5813
0.6392
0.6729
0.8217
0.9065
0.9581
0.6083
0.6433
0.8263
0.7065
0.9279
0.8481
0.9119
0.8456
0.8738
0.6273
0.5602
0.7279
0.779
0.8604
0.8563
0.721
0.5527
0.3909
0.4146
0.5469
0.6819
0.634
0.6696
0.6576
0.5504
0.6273
0.7525
0.7869
0.7477
0.7611
0.7115
0.7979
0.8563
0.8506
0.8175
0.8319
0.7896
0.639
0.9479
0.8581
0.7905
0.8094
0.5756
0.8775
0.8696
0.6965
0.9267
0.904
0.7346
0.7331
0.7692
0.8263
0.8856
0.909
0.8921
0.7929
0.6375
0.4977
0.7023
0.6548
0.599
0.5796
0.7027
0.8523
0.8902
0.7473
0.861
0.9577
0.6238
0.7133
0.8306
0.8831
0.874
0.8913
0.8804
0.9408
0.8933
0.9152
0.8469
0.8008
0.7121
0.9148
0.9667
0.9469
0.8723
0.9104
0.8967
0.8629
0.8073
0.96
0.969
0.9985
0.9775
0.9644
0.9363
0.789
0.741
0.9475
0.7006
0.8254
0.9248
0.849
0.4233
0.6206
0.8819
0.9677
0.9127
0.8146
0.73
0.8383
0.8329
0.7948
0.8363
0.8721
0.9019
0.8913
0.8031
0.9075
0.8806
0.8273
0.7642
0.6881
0.795
0.8846
0.8627
0.9369
0.7852
0.845
0.7038
0.9408
0.9173
0.9644
0.8829
0.8217
0.8754
0.9017
0.9131
0.8185
0.7173
0.6371
0.7185
0.8217
0.8496
0.8379
0.7479
0.8263
0.7558
0.6477
0.6248
0.4623
0.5515
0.491
0.44
0.2719
0.4
0.4106
0.6506
0.7821
0.9527
0.9935
0.9019
0.5885
0.6623
0.6602
0.7246
0.9217
0.9431
0.631
0.5971
0.4817
0.7852
0.8271
0.88
0.6381
0.761
0.599
0.8165
0.79
0.7615
0.9054
0.8138
0.474
0.634
0.6404
0.625
0.5456
0.9158
0.9675
0.9727
0.8871
0.9776
0.9643
0.9794
0.6594
0.6492
0.839
0.936
0.7981
0.61
0.5242
0.6233
0.5304
0.3719
0.6106
0.3302
0.3723
0.66
0.8668
0.6663
0.6027
0.6696
0.7162
0.6242
0.2702
0.1777
0.1838
0.3413
0.4996
0.4994
0.78
0.6115
0.3356
0.381
0.12
0.3219
0.26
0.3925
0.2419
0.2479
0.3988
0.7821
0.5483
0.2567
0.4013
0.3517
0.1608
0.3421
0.6473
0.3502
0.8394
0.8269
0.6475
0.9056
0.889
0.816
0.706
0.4488
0.3552
0.2779
0.7048
0.4129
0.59
0.7269
0.9083
0.6663
0.6133
0.6333
0.7196
0.6581
0.4625
0.5498
0.8377
0.3896
0.4406
0.3379
0.3729
0.6027
0.6549
0.7821
0.804
0.5688
0.5573
0.5021
0.6131
0.5721
0.6096
0.5104
0.5998
0.7442
0.7288
0.7394
0.5365
0.4265
0.649
0.7921
0.9804
0.8421
0.3227
0.2652
0.1152
0.2835
0.294
0.4933
0.4252
0.5942
0.8906
0.8175
0.7571
0.8617
0.7848
0.8608
0.5496
0.6275
0.9892
0.9897
0.9961
0.9791
0.6244
0.5473
0.3967
0.4425
0.4313
0.4433
0.5808
0.7504
0.5079
0.5431
0.7612
0.7215
0.7431
0.675
0.4415
0.241
0.4206
0.6735
0.5623
0.5227
0.4485
0.3104
0.7769
0.8798
0.8254
0.9377
0.8281
0.7042
0.5346
0.815
0.736
0.7823
0.851
0.7752
0.5938
0.8935
0.7763
0.7112
0.8508
0.5675
0.6367
0.5613
0.7983
0.7296
0.7033
0.7296
0.7031
0.5842
0.4965
0.3479
0.5694
0.5883
0.4715
0.5856
0.755
0.946
0.8625
0.5165
0.4985
0.5771
0.6373
0.6094
0.5194
0.584
0.7538
0.7548
0.8731
0.89
0.85
0.7694
0.7608
0.65
0.5683
0.6431
0.6773
0.6731
0.799
0.879
0.7744
0.8667
0.8665
0.8725
0.8948
0.791
0.6108
0.504
0.6544
0.5367
0.6698
0.7872
0.7925
0.8323
0.7702
0.6902
0.7054
0.7544
0.7413
0.6366
0.5481
0.5135
0.4058
0.3556
0.3704
0.3992
0.4946
0.8477
0.6971
0.545
0.6979
0.7944
0.7283
0.5598
0.6073
0.6644
0.5888
0.579
0.7273
0.8008
0.6613
0.756
0.771
0.7815
0.8817
0.7546
0.9294
0.89
0.8923
0.9297
0.913
0.9304
0.8098
0.6742
0.7856
0.6331
0.6554
0.6654
0.9452
0.9123
0.6781
0.8094
0.7906
0.8333
0.9111
0.8808
0.8069
0.9073
0.9407
0.8519
0.7981
0.8358
0.8348
0.7193
0.7438
0.7858
0.6856
0.7453
0.68
0.7514
0.6917
0.732
0.8482
0.9381
0.9752
0.9638
0.9372
0.869
0.85
0.8609
0.8192
0.889
0.8367
0.8157
0.61
0.7915
0.8441
0.7704
0.7681
0.8681
0.8765
0.7541
0.7747
0.8683
0.7472
0.4715
0.4877
0.6477
0.8909
0.8294
0.9481
0.8475
0.8785
0.8576
0.8667
0.7856
0.7321
0.7511
0.8567
0.8683
0.8142
0.6602
0.6531
0.8778
0.94
0.7997
0.7785
0.8342
0.8063
0.7846
0.8844
0.7977
0.6452
0.6033
0.6135
0.5224
0.7547
0.8133
0.9491
0.8336
0.774
0.7443
0.6372
0.6844
0.9345
0.7885
0.7793
0.7639
0.7123
0.7746
0.7504
0.6792
0.5952
0.4794
0.4846
0.539
0.5079
0.3781
0.4979
0.5154
0.5079
0.5746
0.5627
0.6588
0.5225
0.4004
0.246
0.6558
0.8023
0.3717
0.5883
0.4275
0.3606
0.2919
0.1967
0.4088
0.5606
0.8593
0.7756
0.8421
0.7807
0.7831
0.3863
0.404
0.4513
0.6598
0.4846
0.4904
0.5431
0.5794
0.4104
0.5806
0.7044
0.7523
0.3523
0.3304
0.454
0.4513
0.3729
0.3244
0.6023
0.7622
0.6371
0.8144
0.8366
0.8015
0.669
0.909
0.9775
0.7496
0.6331
0.6929
0.8085
0.6292
0.8389
0.6773
0.6221
0.6825
0.5317
0.5221
0.364
0.7204
0.8425
0.835
0.8002
0.5806
0.734
0.6396
0.4688
0.5646
0.4881
0.6567
0.85
0.7254
0.6944
0.3521
0.3616
0.5721
0.2869
0.4208
0.5283
0.6733
0.5994
0.6113
0.9118
-99
0.7556
0.7531
0.844
0.5829
0.5331
0.6617
0.6417
0.604
0.474
0.3163
0.7033
0.781
0.7675
0.7594
0.8576
0.946
0.7406
0.4502
0.2979
0.5738
0.5702
0.6394
0.87
0.5929
0.7593
0.4521
0.6404
0.464
0.4488
0.656
0.6385
0.8398
0.7723
0.8688
0.9281
0.9017
0.8307
0.9215
0.8124
0.4958
0.3385
0.276
0.6413
0.6767
0.8377
0.5365
0.7285
0.5092
0.5152
0.6704
0.9315
0.6267
0.9174
0.851
0.5777
0.6673
0.6185
0.6198
0.6852
0.5235
0.5383
0.6927
0.5892
0.5542
0.586
0.7829
0.9161
0.446
0.409
0.915
0.8823
0.8655
0.5542
0.5876
0.9407
-99
-99
0.9003
0.7366
0.4906
0.3991
0.5279
0.5594
0.6079
0.6296
0.7024
0.9177
0.905
0.7044
0.8613
0.8439
0.889
0.5952
0.711
0.8442
0.9813
0.8504
0.8294
0.6477
0.5988
0.5423
0.724
0.822
0.7368
0.8051
0.7317
0.7715
0.8361
0.9279
0.9044
0.8666
0.9291
0.8391
0.7955
0.8074
0.8564
0.8112
0.8433
0.7327
0.8704
0.9181
0.9064
0.9145
0.8681
0.9381
0.8472
0.8089
0.8438
0.5852
0.6315
0.6927
0.7383
0.6017
0.6935
0.825
0.9321
0.8252
0.824
0.7917
0.9111
0.8238
0.8897
0.8394
0.7544
0.7688
0.8048
0.7926
0.7736
0.6538
0.7394
0.7625
0.8365
0.8467
0.7188
0.486
0.6156
0.73
0.5752
0.5
0.4163
0.7219
0.772
0.619
0.6194
0.6552
0.685
0.7863
0.795
0.7421
0.5615
0.8348
0.8523
0.7633
0.7838
0.6298
0.7681
0.5275
0.4944
0.5235
0.7192
0.551
0.5904
0.5931
0.666
0.6265
0.5806
0.6189
0.6584
0.7519
0.7263
0.8274
0.845
0.385
0.5371
0.4667
0.479
0.5396
0.5685
0.6011
0.9042
0.8185
0.7756
0.7342
0.6752
0.6327
0.5338
0.4944
0.5117
0.79
0.7987
0.8758
0.7673
0.6806
0.6529
0.6975
0.8858
0.7772
0.6931
0.7552
0.5742
0.6882
0.8506
0.84
0.8593
0.8111
0.7544
0.8321
0.7908
0.8017
0.6504
0.6808
0.7152
0.6453
0.9013
0.8974
0.7583
0.7948
0.8769
0.8078
0.8772
0.9102
0.883
0.8206
0.9221
0.965
0.966
0.7749
0.6933
0.7258
0.8028
0.92
0.9493
0.8788
0.8748
0.88
0.7891
0.6458
0.6908
0.6027
0.4927
0.2092
0.4058
0.4104
0.4467
0.555
0.5492
0.6123
0.8135
0.9702
0.8813
0.5758
0.7013
0.6952
0.7115
0.7125
0.656
0.6029
0.4731
0.6421
0.6585
0.7317
0.8358
0.6835
0.9983
0.9121
0.9708
0.8344
0.7356
0.7992
0.8577
0.8056
0.9256
0.8706
0.384
0.24
0.5508
0.9194
0.9583
0.9085
0.804
0.5073
0.2758
0.2996
0.4067
0.2473
0.4569
0.5204
0.7654
0.9163
0.864
0.6227
0.6733
0.7981
0.7692
0.7283
0.6806
0.7083
0.1967
0.3027
0.3369
0.2225
0.1788
0.5735
0.456
0.3669
0.3154
0.5027
0.341
0.1583
0.1419
0.2302
0.4573
0.4927
0.6058
0.6048
0.5992
0.6175
0.5569
0.711
0.7188
0.4446
0.4273
0.7363
0.9704
0.9031
0.9269
0.796
0.3219
0.8731
0.8344
0.9098
0.9125
0.7806
0.4513
0.6029
0.5338
0.6708
0.6335
0.8115
0.6829
0.5396
0.7588
0.555
0.5073
0.6425
0.7538
0.9944
0.984
0.9915
0.9133
0.8169
0.7175
0.7942
0.7723
0.575
0.5104
0.465
0.3665
0.5071
0.4842
0.5438
0.6733
0.856
-99
0.5825
0.7737
0.9215
0.746
0.499
0.6548
0.5242
0.2221
0.2829
0.4296
0.8208
0.6298
0.45
0.4706
0.4473
0.461
0.5963
0.6338
0.6575
0.846
0.7835
0.7277
0.7833
0.834
0.594
0.741
0.6423
0.6094
0.5538
0.5673
0.8046
0.5119
0.599
0.5156
0.5504
0.4148
0.4829
0.4994
0.5694
0.5981
0.5646
0.689
0.6354
0.6856
0.7042
0.6133
0.5642
0.6242
0.3688
0.3213
0.495
0.3929
0.5321
0.6
0.5781
0.9933
0.7413
0.5715
0.7896
0.894
0.8369
0.8402
1
0.8756
0.9256
0.8992
0.8258
0.7081
0.866
0.7788
0.7525
0.5985
0.769
0.8094
0.68
0.7144
0.6292
0.7608
0.9144
0.8969
0.7694
0.6927
0.6692
0.6406
0.6533
0.766
0.7581
0.5492
0.5565
0.8017
0.8096
0.7769
0.7433
0.7944
0.9177
0.8544
0.8315
0.8019
0.7627
0.8531
0.7596
0.6996
0.6902
0.6346
0.6754
0.7348
0.726
0.441
0.609
0.6408
0.7035
0.6917
0.7208
0.6696
0.74
0.8844
0.7736
0.7548
0.8871
0.8546
0.8479
0.8583
0.6752
0.7579
0.7327
0.5708
0.5748
0.5135
0.4767
0.8465
0.894
0.8444
0.8513
0.8988
0.8569
0.654
0.5223
0.6388
0.621
0.5788
0.846
0.8327
0.8773
0.8985
0.8175
0.7027
0.7852
0.7233
0.8492
0.6825
0.6358
0.5633
0.5425
0.5963
0.5744
0.6283
0.7325
0.8596
0.776
0.856
0.8019
0.7017
0.7523
0.765
0.7496
0.6833
0.5279
0.7398
0.7785
0.7085
0.884
0.7646
0.5156
0.6625
0.6035
0.4588
0.41
0.5679
0.5638
0.5198
0.4825
0.5538
0.951
0.9458
0.5883
0.8698
0.8363
0.7675
0.9352
0.7267
0.7675
0.7771
0.5456
0.7429
0.9227
0.7075
0.8481
0.9596
0.8344
0.7854
0.8585
0.5219
0.6623
0.6894
0.8469
0.8583
0.6527
0.8
0.8456
0.8944
0.8633
0.8067
0.8933
0.914
0.9413
0.8931
0.8792
0.6259
0.396
0.5758
0.5592
0.7152
0.7925
0.54
0.524
0.4877
0.5458
0.654
0.6458
0.6783
0.8269
0.9833
0.8883
0.7754
0.8517
0.5521
0.5683
0.5088
0.4352
0.5081
0.44
0.3425
0.7042
0.7263
0.7888
0.7704
0.6852
0.7735
0.5767
0.5365
0.4375
0.6323
0.6665
0.4871
0.5535
0.5448
0.5381
0.274
0.3073
0.3204
0.395
0.4783
0.3473
0.4802
0.4533
0.364
0.3865
0.546
0.6706
0.4196
0.464
0.506
0.7502
0.3458
0.6002
0.6056
0.2535
0.3654
0.2723
0.3421
0.3163
0.371
0.7085
0.6881
0.901
0.7406
0.3821
0.7038
0.7498
0.494
0.5002
0.6777
0.5585
0.6435
0.6013
0.4604
0.5938
0.3473
0.5317
0.7142
0.7033
0.6554
0.6267
0.559
0.4794
0.566
0.6608
0.5354
0.6608
0.6588
0.8827
0.9631
0.8479
0.4979
0.6715
0.554
0.5169
0.5815
0.88
0.7633
0.545
0.8046
0.6296
0.7081
0.7125
0.6171
0.4531
0.3544
0.5763
0.4898
0.8938
0.704
0.6938
0.6758
0.655
0.6213
0.751
0.5544
0.5335
0.8427
0.9683
0.8315
0.68
0.6494
0.5473
0.5415
0.7113
0.5729
0.4023
0.7821
0.7025
0.7192
0.7225
0.6198
0.9229
0.7471
0.603
0.6169
0.6494
0.6608
0.7031
0.6392
0.7063
0.9527
0.9471
0.7021
0.6804
0.7842
0.88
0.6794
0.804
0.6771
0.6175
0.6767
0.5698
0.7548
0.8179
0.7046
0.7592
0.8119
0.8131
0.6381
0.6377
0.5469
0.4142
0.2853
0.5202
0.8531
0.8952
0.5785
0.7044
0.7585
0.931
0.5715
0.4329
0.4306
0.4771
0.5752
0.576
0.724
0.5248
0.6277
0.9165
0.8233
0.8265
0.9667
0.8746
0.9254
0.9054
0.6775
0.8019
0.6127
0.5423
0.5885
0.566
0.6071
0.514
0.6519
0.724
0.7454
0.7671
0.7469
0.79
0.8446
0.7617
0.7213
0.4821
0.61
0.651
0.756
0.7494
0.7954
0.7719
0.7427
0.8263
0.8573
0.8621
0.75
0.6558
0.6621
0.6758
0.6927
0.7519
0.6956
0.7392
0.7858
0.8476
0.8192
0.719
0.6094
0.701
0.5663
0.8888
0.8273
0.845
0.894
0.8629
0.8365
0.8994
0.9098
0.9273
0.9529
0.8913
0.8065
0.6369
0.7171
0.8892
0.8656
0.594
0.5654
0.7665
0.8175
0.7738
0.6054
0.6381
0.6002
0.6943
0.789
0.76
0.7121
0.7792
0.7577
0.6825
0.8183
0.8521
0.6835
0.6596
0.8092
0.78
0.6106
0.768
0.8993
0.8006
0.7277
0.7869
0.7865
0.8752
0.7971
0.7252
0.6735
0.7206
0.7031
0.6771
0.771
0.6952
0.8008
0.8848
0.876
0.7079
0.7196
0.6777
0.744
0.6054
0.6925
0.7154
0.7927
0.7402
0.8165
0.7723
0.6315
0.5621
0.6615
0.7804
0.704
0.7142
0.8615
0.9244
0.8771
0.7315
0.8538
0.866
0.7248
0.8213
0.8396
0.7452
0.6788
0.5856
0.6952
0.7188
0.7608
0.7883
0.9423
0.8698
0.8031
0.7577
0.7981
0.8877
0.9331
0.8902
0.8477
0.894
0.8048
0.8331
0.9194
0.8694
0.9065
0.8435
0.7423
0.7279
0.7777
0.7785
0.9396
0.9602
0.8852
0.8923
0.8944
0.8365
0.6858
0.764
0.8694
0.7265
0.8621
0.8254
0.8054
0.4372
0.535
0.7852
0.9013
0.4858
0.3725
0.494
0.6167
0.7619
0.8615
0.9104
0.8194
0.9233
0.9692
0.7152
0.8671
0.956
0.9819
0.9669
0.8954
0.9021
0.9844
0.8838
0.7765
0.5633
0.4302
0.3479
0.2975
0.5319
0.78
0.8248
0.9304
0.7319
0.7525
0.9875
0.8975
0.7267
0.5617
0.8817
0.8956
0.8363
0.7206
0.8294
0.8742
0.6608
0.7119
0.8235
0.8248
0.9219
0.98
0.9503
0.9969
0.9656
0.9881
0.9681
0.8017
0.65
0.805
0.84
0.7348
0.6552
0.4329
0.5171
0.5365
0.5948
0.6333
0.5231
0.694
0.6806
0.4229
0.7327
0.7148
0.7196
0.6517
0.3577
0.5067
0.6779
0.8942
0.6638
0.5802
0.8185
0.6338
0.43
0.7098
0.7938
0.4238
0.5808
0.5604
0.4715
0.5794
0.4413
0.5098
0.6119
0.2279
0.1225
0.3627
0.32
0.0852
0.1492
0.281
0.2277
0.1475
0.1417
0.3365
0.3413
0.4544
0.3408
0.4546
0.4119
0.2871
0.2594
0.4633
0.8085
0.7165
0.715
0.6817
0.6073
0.3979
0.7663
0.5263
0.5408
0.399
0.5656
0.7579
0.7044
0.6496
0.5935
0.715
0.7471
0.4375
0.2177
0.716
0.7067
0.795
0.6798
0.4921
0.5348
0.4948
0.2877
0.4573
0.294
0.2127
0.166
0.426
0.432
0.7607
0.6196
0.4265
0.1823
0.514
0.6369
0.5733
0.2325
0.2002
0.349
0.3925
0.5396
0.3475
0.624
0.7838
0.7071
0.7744
0.6438
0.6933
0.6965
0.6138
0.7325
0.5173
0.5793
0.509
0.3225
0.4881
0.3415
0.631
0.4894
0.4292
0.4504
0.3433
0.3935
0.3538
0.2502
0.3027
0.6092
0.6954
0.6363
0.7433
0.6952
0.8646
0.9667
0.8446
0.7402
0.8296
0.6671
0.6975
0.8602
0.6406
0.6702
0.3273
0.2694
0.6225
0.8169
0.9496
0.9131
0.7315
0.5069
0.6656
0.8265
0.8048
0.8913
0.7379
0.8238
0.8331
0.9219
0.921
0.8558
0.7898
0.7946
0.9413
0.9152
0.6985
0.3713
0.4779
0.6727
0.6194
0.854
0.7723
0.7331
0.3777
0.2617
0.5775
0.6788
0.7477
0.9483
0.8994
0.8621
0.8079
0.7915
0.674
0.7538
0.8863
-99
0.6233
0.6575
0.8119
0.5298
0.709
0.7273
0.6233
0.5615
0.4973
0.4377
0.6431
0.7408
0.7219
0.6288
0.6142
0.7854
0.946
0.7854
0.6498
0.7865
0.8656
0.7867
0.7008
0.5083
0.5713
0.879
0.8506
0.8644
0.6706
0.6113
0.5706
0.4783
0.4367
0.3502
0.5392
0.6333
0.7431
0.7798
0.7569
0.6929
0.6008
0.5567
0.7746
0.6285
0.8623
0.7402
0.8096
0.7965
0.806
0.7971
0.4896
0.7363
0.7906
0.7946
0.8638
0.7625
0.8285
0.6958
0.5752
0.6713
0.6488
0.7
0.8854
0.6931
0.7623
0.8088
0.7981
0.6921
0.7225
0.7198
0.6894
0.6792
0.7317
0.9119
0.799
0.571
0.8223
0.8096
0.8025
0.809
0.7848
0.839
0.8171
0.7169
0.6738
0.9056
0.8108
0.51
0.5127
0.6854
0.806
0.5979
0.5563
0.7098
0.78
0.7115
0.6525
0.655
0.7504
0.8258
0.5235
0.6252
0.5465
0.5048
0.5506
0.8652
0.8331
0.8494
0.7883
0.542
0.4804
0.5642
0.591
0.6317
0.6115
0.6565
0.734
0.891
0.9794
0.9092
0.8633
0.6856
0.9321
0.8188
0.8094
0.8944
0.5579
0.7435
0.675
0.6352
0.5396
0.6619
0.8642
0.8083
0.326
0.6213
0.9391
0.9444
0.7027
0.8108
0.8671
0.8702
0.8749
0.7446
0.6467
0.7002
0.7596
0.8979
0.9233
0.964
0.9192
0.7733
0.5552
0.7315
0.7244
0.5963
0.6135
0.726
0.7285
0.6533
0.8642
0.7833
0.6967
0.9388
0.829
0.8256
0.8679
0.639
0.5579
0.3481
0.5258
0.8323
0.9133
0.8825
0.7746
0.7563
0.6946
0.5358
0.6088
0.5519
0.8531
0.7673
0.5271
0.5583
0.5465
0.9056
0.8277
0.8733
0.8008
0.8956
0.5835
0.7125
0.9873
0.9542
0.7956
0.6715
0.6931
0.5608
0.2765
0.4342
0.7854
0.8073
0.709
0.4752
0.6044
0.7056
0.785
0.8448
0.8152
0.8442
0.7942
0.649
0.6346
0.5306
0.4627
0.3033
0.4892
0.3948
0.3285
0.3583
0.3838
0.2804
0.384
0.3746
0.2131
0.4442
0.3233
0.6567
0.6563
0.5896
0.2781
0.2708
0.2881
0.2963
0.4213
0.6165
0.5302
0.7831
0.5638
0.7829
0.984
0.9985
0.9738
0.7352
0.7906
0.8048
0.6027
0.751
0.6446
0.6123
0.7875
0.5729
0.4902
0.4177
0.4535
0.2425
0.4615
0.4575
0.7775
0.7006
0.5692
0.805
0.986
0.6952
0.7663
0.6363
0.39
0.6442
0.9829
0.8213
0.5436
0.5119
0.4567
0.4346
0.4396
0.5492
0.7079
0.706
0.7681
0.721
0.7129
0.6342
0.6546
0.5875
0.6575
0.6008
0.5425
0.634
0.569
0.6706
0.444
0.4919
0.91
0.9367
0.8825
0.97
0.8369
0.7138
0.4602
0.6413
0.7904
0.9038
0.9425
0.9977
0.8142
0.8481
0.6275
0.6206
0.5794
0.9854
0.9313
0.9688
0.9094
0.7054
0.7504
0.6879
0.6908
0.74
0.7388
0.7677
0.6625
0.7288
0.6746
0.9206
0.6706
0.7188
0.8675
0.6148
0.7481
0.9773
0.89
0.9994
0.995
0.9148
0.8729
0.806
0.8071
0.8113
0.9171
0.8006
0.7933
0.7769
0.8621
0.7788
0.6165
0.696
0.7306
0.8429
0.661
0.7623
0.9881
0.9296
0.9402
0.8848
0.9435
0.9248
0.7927
0.5327
0.4531
0.4792
0.4554
0.6079
0.7285
0.7765
0.9202
0.8285
0.6875
0.7665
0.8419
0.7969
0.9088
0.8983
0.8875
0.8671
0.9238
0.954
0.8333
0.9713
0.9883
0.8319
0.7863
0.8177
0.9067
0.7229
0.8202
0.8577
0.9263
0.9
0.9275
0.9667
0.911
0.9002
0.71
0.721
0.8933
0.8133
0.6692
0.6602
0.761
0.919
0.984
0.9481
0.7229
0.9063
0.9352
0.815
0.5885
0.64
0.806
0.8388
0.7208
0.6942
0.8788
0.9127
0.7556
0.766
0.9179
0.9256
0.8779
0.7921
0.7881
0.6977
0.6419
0.6868
0.7915
0.8319
0.8956
0.8725
0.7052
0.7025
0.6846
0.5652
0.535
0.6425
0.8906
0.846
0.704
0.7367
0.6183
0.53
0.5471
0.5785
0.5615
0.6604
0.6681
0.7848
0.7817
0.7202
0.8358
0.8271
0.8798
0.701
0.5554
0.6354
0.8996
0.8523
0.8533
0.6848
0.7881
0.8725
0.8869
0.956
0.7738
0.7383
0.8423
0.8392
0.8142
0.6842
0.7685
0.8956
0.5802
0.7404
0.9233
0.7267
0.6556
0.6885
0.7048
0.6948
0.6465
0.7119
0.6121
0.7519
0.8077
0.9002
0.9279
0.929
0.795
0.8683
0.7015
0.8027
0.6158
0.7802
0.7546
0.7186
0.7835
0.9327
0.8221
0.7565
0.8948
0.6921
0.8602
0.7844
0.7923
0.909
0.6115
0.5429
0.7923
0.924
0.6238
0.6538
0.7717
0.7088
0.7331
0.77
0.8217
0.7946
0.8446
0.8035
0.6023
0.8746
0.7129
0.8229
0.799
0.4646
0.434
0.4538
0.6008
0.9029
0.9454
0.8425
0.9306
0.966
0.7638
0.6231
0.7813
0.7192
0.5152
0.6467
0.7931
0.5821
0.7433
0.505
0.6292
0.5508
0.1481
0.2819
0.2919
0.4215
0.5192
0.8348
0.995
0.9888
0.999
0.8
0.6915
0.5463
0.4744
0.4827
0.8492
0.7646
0.6481
0.675
0.619
0.4615
0.6552
0.8031
0.7442
0.5871
0.61
0.8713
0.4915
0.7744
0.9867
0.7692
0.9106
0.4873
0.5892
0.581
0.9692
0.6223
0.2881
0.3425
0.6017
0.7046
0.6225
0.6202
0.6825
0.378541666666667
0.656458333333333
0.78
0.864166666666667
0.611458333333333
0.634375
0.419166666666667
0.91875
0.924375
0.576875
0.34875
0.399583333333333
0.261666666666667
0.37625
0.361458333333333
0.486666666666667
0.4525
0.365833333333333
0.533958333333333
0.633333333333333
0.807916666666667
0.631666666666667
0.740416666666667
0.771875
0.805833333333333
0.665
0.63125
0.808125
0.751875
0.703958333333333
0.652916666666667
0.690416666666667
0.521041666666667
0.770833333333333
0.471458333333333
0.681458333333333
0.9775
0.865833333333333
0.754375
0.780208333333333
0.660208333333333
0.75625
0.733958333333333
1
0.896041666666667
0.341875
0.829375
0.477291666666667
0.545416666666667
0.393125
0.754583333333333
1
0.943958333333333
0.58375
0.380833333333333
0.462083333333333
0.582708333333333
0.844791666666667
0.710208333333333
0.667916666666667
0.712083333333333
0.738333333333333
0.885
0.997291666666667
0.986666666666667
0.74125
0.608333333333333
0.562916666666667
0.560416666666667
0.955625
0.789375
0.783541666666667
0.587291666666667
0.479583333333333
0.5025
0.540416666666667
0.666041666666667
0.47875
0.424375
0.390625
0.60125
0.611875
0.681875
0.590833333333333
0.901875
0.678958333333333
0.606458333333333
0.597083333333333
0.623541666666667
0.378541666666667
0.504375
0.454583333333333
0.595
0.646041666666667
0.875625
0.48625
0.70375
0.849375
0.949791666666667
0.880625
0.626458333333333
0.511666666666667
0.808333333333333
0.735416666666667
0.706458333333333
0.513125
0.52875
0.709791666666667
0.85375
0.975416666666667
0.892291666666667
0.654375
0.431666666666667
0.595208333333333
0.684166666666667
0.967916666666667
0.986041666666667
0.984375
0.978958333333333
0.975
0.965
0.842708333333333
0.747708333333333
0.867708333333333
0.833125
0.932291666666667
0.6225
0.704375
0.811666666666667
0.809583333333333
0.781458333333333
0.810625
0.779583333333333
0.748333333333333
0.900416666666667
0.995416666666667
0.887291666666667
0.963541666666667
0.87625
0.760833333333333
0.977708333333333
0.921875
0.873958333333333
0.940625
0.853541666666667
0.824166666666667
0.787291666666667
0.803125
0.861666666666667
0.88
0.87375
0.906875
0.955625
0.870208333333333
0.935833333333333
0.942291666666667
0.866458333333333
0.616666666666667
0.61875
0.693958333333333
0.826041666666667
0.687291666666667
0.680416666666667
0.734166666666667
0.674583333333333
0.735833333333333
0.85125
0.791041666666667
0.634791666666667
0.789375
0.653333333333333
0.846666666666667
0.883333333333333
0.886666666666667
0.878125
0.776041666666667
0.531875
0.734583333333333
0.902083333333333
0.956666666666667
0.91
0.763125
0.847083333333333
0.978958333333333
0.74
0.821666666666667
0.864583333333333
0.829791666666667
0.849583333333333
0.791875
0.776041666666667
0.741666666666667
0.745208333333333
0.839583333333333
0.883541666666667
0.750208333333333
0.683333333333333
0.607083333333333
0.602916666666667
0.704166666666667
0.656458333333333
0.525833333333333
0.347708333333333
0.666041666666667
0.79625
0.915
0.86
0.906041666666667
0.718333333333333
0.722083333333333
0.96625
0.858333333333333
0.900625
0.83
0.970833333333333
0.886666666666667
0.994375
0.882291666666667
0.928958333333333
0.805625
0.6925
0.628541666666667
0.511458333333333
0.556458333333333
0.471041666666667
0.640833333333333
0.809166666666667
0.796041666666667
0.729791666666667
0.807083333333333
0.789791666666667
0.754791666666667
0.906041666666667
0.985416666666667
0.923333333333333
0.908125
0.732291666666667
0.880625
0.870416666666667
0.811041666666667
0.93875
0.891666666666667
0.846458333333333
0.822083333333333
0.904375
0.869375
0.78125
0.800625
0.833541666666667
0.806458333333333
0.863333333333333
0.898125
0.87375
0.8775
0.794791666666667
0.754375
0.771666666666667
0.945833333333333
0.944583333333333
0.958333333333333
0.885625
0.895208333333333
0.76375
0.789375
0.775
0.7975
0.760833333333333
0.812083333333333
0.77625
0.889583333333333
0.918958333333333
0.886041666666667
0.845208333333333
0.876666666666667
0.9375
0.81625
0.734375
0.804166666666667
0.259166666666667
0.749791666666667
0.990625
0.833541666666667
0.493125
0.344583333333333
0.42125
0.713333333333333
0.655
0.790416666666667
0.84125
0.676875
0.770208333333333
0.804583333333333
0.942708333333333
0.764791666666667
0.574166666666667
0.813541666666667
0.8375
0.77
0.714166666666667
0.853541666666667
0.782708333333333
0.913333333333333
0.874583333333333
0.999791666666667
0.894791666666667
0.957708333333333
0.77
0.550625
0.338125
0.327916666666667
0.372916666666667
0.639583333333333
0.994791666666667
0.973333333333333
0.756458333333333
0.808958333333333
0.771458333333333
0.665833333333333
0.789791666666667
0.663541666666667
0.70125
0.650416666666667
0.619791666666667
0.80875
0.979583333333333
0.881041666666667
0.999791666666667
0.816875
0.773958333333333
0.586458333333333
0.508541666666667
0.5625
0.551041666666667
0.672083333333333
0.638125
0.496666666666667
0.636666666666667
0.563125
0.532916666666667
0.576875
0.83375
0.637291666666667
0.862916666666667
0.649375
0.6175
0.410833333333333
0.180416666666667
0.39
0.420625
0.475833333333333
0.502291666666667
0.447708333333333
0.399166666666667
0.359166666666667
0.6075
0.7175
0.666875
0.728333333333333
0.798333333333333
0.658333333333333
0.661458333333333
0.54125
0.331875
0.164583333333333
0.189583333333333
0.26
0.572083333333333
0.49125
0.4325
0.235208333333333
0.340208333333333
0.544583333333333
0.7075
0.822083333333333
0.331666666666667
0.320416666666667
0.174375
0.217083333333333
0.185833333333333
0.281666666666667
0.231875
0.251458333333333
0.717708333333333
0.682708333333333
0.736458333333333
0.681041666666667
0.425416666666667
0.30125
0.324791666666667
0.254375
0.215625
0.131458333333333
0.163541666666667
0.177916666666667
0.235625
0.409583333333333
0.131666666666667
0.226666666666667
0.661875
0.906041666666667
0.652291666666667
0.402916666666667
0.481875
0.455208333333333
0.427708333333333
0.646666666666667
0.954583333333333
0.877916666666667
0.937291666666667
0.596875
0.603541666666667
0.540208333333333
0.556666666666667
0.906041666666667
0.509375
0.360625
0.384166666666667
0.750208333333333
0.7225
0.886041666666667
0.771041666666667
0.761458333333333
0.852916666666667
0.66375
0.688125
0.817291666666667
0.648333333333333
0.882916666666667
0.96
0.999166666666667
0.884791666666667
0.933958333333333
0.884791666666667
0.973958333333333
1
0.982083333333333
0.955
1
0.891875
0.915
0.912291666666667
0.940416666666667
0.981458333333333
0.972083333333333
0.955833333333333
0.727083333333333
0.812291666666667
0.559583333333333
0.485625
0.638125
0.491041666666667
0.641458333333333
0.891666666666667
0.87125
0.480208333333333
0.49375
0.6475
0.692083333333333
0.440833333333333
0.704375
0.613958333333333
0.631875
0.777708333333333
0.85625
0.659583333333333
0.85125
0.901666666666667
0.517916666666667
0.520208333333333
0.348958333333333
0.54375
0.808125
0.97375
0.988958333333333
0.7925
0.683541666666667
0.834791666666667
0.804166666666667
0.897083333333333
0.780625
0.663958333333333
0.738541666666667
0.700833333333333
0.845208333333333
0.782083333333333
0.928958333333333
0.910416666666667
0.888958333333333
0.6575
0.580416666666667
0.530833333333333
0.588541666666667
0.717916666666667
0.64125
0.550416666666667
0.5525
0.804583333333333
0.670416666666667
0.482916666666667
0.648125
0.622083333333333
0.654791666666667
0.667083333333333
0.422083333333333
0.381875
0.256666666666667
0.654791666666667
0.979166666666667
0.641458333333333
0.544583333333333
0.590416666666667
0.503541666666667
0.747083333333333
0.812291666666667
0.7175
0.566875
0.673333333333333
0.636875
0.6375
0.795625
0.760208333333333
0.88625
0.90125
0.607291666666667
0.297916666666667
0.492083333333333
0.537083333333333
0.609791666666667
0.57125
0.414375
0.517708333333333
0.430625
0.499375
0.491041666666667
0.654375
0.585625
0.823333333333333
0.705416666666667
0.827291666666667
0.727083333333333
0.888541666666667
0.726875
0.755833333333333
0.753333333333333
0.761666666666667
0.85375
0.527291666666667
0.524166666666667
0.586041666666667
0.740625
0.700833333333333
0.43
0.322291666666667
0.476458333333333
0.444166666666667
0.556041666666667
0.531875
0.575416666666667
0.536666666666667
0.40875
0.471041666666667
0.438125
0.496041666666667
0.502083333333333
0.626875
0.699583333333333
0.64
0.758333333333333
0.708958333333333
0.617916666666667
0.841041666666667
0.745416666666667
0.82375
0.792708333333333
0.853333333333333
0.672708333333333
0.536041666666667
0.542708333333333
0.633125
0.5425
0.619583333333333
0.567916666666667
0.677708333333333
0.618541666666667
0.548958333333333
0.634583333333333
0.638541666666667
0.559375
0.692708333333333
0.676666666666667
0.907708333333333
0.791041666666667
0.872291666666667
0.721041666666667
0.630833333333333
0.66875
0.800416666666667
0.81125
0.82375
0.792291666666667
0.71125
0.725833333333333
0.838125
0.714375
0.543333333333333
0.694583333333333
0.740833333333333
0.672916666666667
0.85125
0.888125
0.79625
0.822083333333333
0.588958333333333
0.589375
0.683333333333333
0.848958333333333
0.848125
0.81375
0.621458333333333
0.558333333333333
0.708333333333333
0.730208333333333
0.8775
0.764166666666667
0.805833333333333
0.685625
0.744375
0.849583333333333
0.872708333333333
0.898958333333333
0.979583333333333
0.936041666666667
0.815416666666667
0.83375
0.822083333333333
0.98375
0.698541666666667
0.632083333333333
0.679791666666667
0.849583333333333
0.883125
0.922291666666667
0.905625
0.92
0.835
0.921666666666667
0.848958333333333
0.93875
0.8575
0.852083333333333
0.881666666666667
0.724166666666667
0.699583333333333
0.815
0.681666666666667
0.563958333333333
0.73
0.69625
0.643541666666667
0.5275
0.56
0.577916666666667
0.453541666666667
0.483541666666667
0.359166666666667
0.310833333333333
0.401041666666667
0.678125
0.869166666666667
0.866666666666667
0.7425
0.705208333333333
0.356666666666667
0.486041666666667
0.575
0.569791666666667
0.701041666666667
0.832916666666667
0.81
0.63375
0.659375
0.815416666666667
0.676666666666667
0.846041666666667
0.76625
0.942708333333333
0.60625
0.484583333333333
0.782291666666667
0.599166666666667
0.709375
0.832083333333333
0.672916666666667
-99
0.346666666666667
0.605
0.674583333333333
0.65
0.853333333333333
0.796875
0.72875
0.734166666666667
0.667291666666667
0.627291666666667
0.841458333333333
0.962916666666667
0.829375
0.905208333333333
0.793333333333333
0.872708333333333
0.806458333333333
0.872291666666667
0.920833333333333
0.995208333333333
0.846041666666667
0.685
0.595625
0.394791666666667
0.766666666666667
0.693333333333333
0.597291666666667
0.609583333333333
0.336875
0.536041666666667
0.838125
0.721041666666667
0.6125
0.605416666666667
0.494375
