20000101
-99
-99
-99
-99
-99
-99
-99
-99
-99
-99
-99
-99
-99
-99
-99
-99
-99
-99
-99
-99
-99
-99
-99
-99
-99
-99
-99
-99
-99
-99
-99
-99
-99
-99
-99
-99
-99
-99
-99
-99
-99
-99
-99
-99
-99
-99
-99
-99
-99
-99
-99
-99
-99
-99
-99
-99
-99
-99
-99
-99
-99
-99
-99
-99
-99
-99
-99
-99
-99
-99
-99
-99
-99
-99
-99
-99
-99
-99
-99
-99
-99
-99
-99
-99
-99
-99
-99
-99
-99
-99
-99
-99
-99
-99
-99
-99
-99
-99
-99
-99
-99
-99
-99
-99
-99
-99
-99
-99
-99
-99
-99
-99
-99
-99
-99
-99
-99
-99
-99
-99
-99
-99
-99
-99
-99
-99
-99
-99
-99
-99
-99
-99
-99
-99
-99
-99
-99
-99
-99
-99
-99
-99
-99
-99
-99
-99
-99
-99
-99
-99
-99
-99
-99
-99
-99
-99
-99
-99
-99
-99
-99
-99
-99
-99
-99
-99
-99
-99
-99
-99
-99
-99
-99
-99
-99
-99
-99
-99
-99
-99
-99
-99
-99
-99
-99
-99
-99
-99
-99
-99
-99
-99
-99
-99
-99
-99
-99
-99
-99
-99
-99
-99
-99
-99
-99
-99
-99
-99
-99
-99
-99
-99
-99
-99
-99
-99
-99
-99
-99
-99
-99
-99
-99
-99
-99
-99
-99
-99
-99
-99
-99
-99
-99
-99
-99
-99
-99
-99
-99
-99
-99
-99
-99
-99
-99
-99
-99
-99
-99
-99
-99
-99
-99
-99
-99
-99
-99
-99
-99
-99
-99
-99
-99
-99
-99
-99
-99
-99
-99
-99
-99
-99
-99
-99
-99
-99
-99
-99
-99
-99
-99
-99
-99
-99
-99
-99
-99
-99
-99
-99
-99
-99
-99
-99
-99
-99
-99
-99
-99
-99
-99
-99
-99
-99
-99
-99
-99
-99
-99
-99
-99
-99
-99
-99
-99
-99
-99
-99
-99
-99
-99
-99
-99
-99
-99
-99
-99
-99
-99
-99
-99
-99
-99
-99
-99
-99
-99
-99
-99
-99
-99
-99
-99
-99
-99
-99
-99
-99
-99
-99
-99
-99
-99
-99
-99
-99
-99
-99
-99
-99
-99
-99
-99
-99
-99
-99
-99
-99
-99
-99
-99
-99
-99
-99
-99
-99
-99
-99
-99
-99
-99
-99
-99
-99
-99
-99
-99
-99
-99
-99
-99
-99
-99
-99
-99
-99
-99
-99
-99
-99
-99
-99
-99
-99
-99
-99
-99
-99
-99
-99
-99
-99
-99
-99
-99
-99
-99
-99
-99
-99
-99
-99
-99
-99
-99
-99
-99
-99
-99
-99
-99
-99
-99
-99
-99
-99
-99
-99
-99
-99
-99
-99
-99
-99
-99
-99
-99
-99
-99
-99
-99
-99
-99
-99
-99
-99
-99
-99
-99
-99
-99
-99
-99
-99
-99
-99
-99
-99
-99
-99
-99
-99
-99
-99
-99
-99
-99
-99
-99
-99
-99
-99
-99
-99
-99
-99
-99
-99
-99
-99
-99
-99
-99
-99
-99
-99
-99
-99
-99
-99
-99
-99
-99
-99
-99
-99
-99
-99
-99
-99
-99
-99
-99
-99
-99
-99
-99
-99
-99
-99
-99
-99
-99
-99
-99
-99
-99
-99
-99
-99
-99
-99
-99
-99
-99
-99
-99
-99
-99
-99
-99
-99
-99
-99
-99
-99
-99
-99
-99
-99
-99
-99
-99
-99
-99
-99
-99
-99
-99
-99
-99
-99
-99
-99
-99
-99
-99
-99
-99
-99
-99
-99
-99
-99
-99
-99
-99
-99
-99
-99
-99
-99
-99
-99
-99
-99
-99
-99
-99
-99
-99
-99
-99
-99
-99
-99
-99
-99
-99
-99
-99
-99
-99
-99
-99
-99
-99
-99
-99
-99
-99
-99
-99
-99
-99
-99
-99
-99
-99
-99
-99
-99
-99
-99
-99
-99
-99
-99
-99
-99
-99
-99
-99
-99
-99
-99
-99
-99
-99
-99
-99
-99
-99
-99
-99
-99
-99
-99
-99
-99
-99
-99
-99
-99
-99
-99
-99
-99
-99
-99
-99
-99
-99
-99
-99
-99
-99
-99
-99
-99
-99
-99
-99
-99
-99
-99
-99
-99
-99
-99
-99
-99
-99
-99
-99
-99
-99
-99
-99
-99
-99
-99
-99
-99
-99
-99
-99
-99
-99
-99
-99
-99
-99
-99
-99
-99
-99
-99
-99
-99
-99
-99
-99
-99
-99
-99
-99
-99
-99
-99
-99
-99
-99
-99
-99
-99
-99
-99
-99
-99
-99
-99
-99
-99
-99
-99
-99
-99
-99
-99
-99
-99
-99
-99
-99
-99
-99
-99
-99
-99
-99
-99
-99
-99
-99
-99
-99
-99
-99
-99
-99
-99
-99
-99
-99
-99
-99
-99
-99
-99
-99
-99
-99
-99
-99
-99
-99
-99
-99
-99
-99
-99
-99
-99
-99
-99
-99
-99
-99
-99
-99
-99
-99
-99
-99
-99
-99
-99
-99
-99
-99
-99
-99
-99
-99
-99
-99
-99
-99
-99
-99
-99
-99
-99
-99
-99
-99
-99
-99
-99
-99
-99
-99
-99
-99
-99
-99
-99
-99
-99
-99
-99
-99
-99
-99
-99
-99
-99
-99
-99
-99
-99
-99
-99
-99
-99
-99
-99
-99
-99
-99
-99
-99
-99
-99
-99
-99
-99
-99
-99
-99
-99
-99
-99
-99
-99
-99
-99
-99
-99
-99
-99
-99
-99
-99
-99
-99
-99
-99
-99
-99
-99
-99
-99
-99
-99
-99
-99
-99
-99
-99
-99
-99
-99
-99
-99
-99
-99
-99
-99
-99
-99
-99
-99
-99
-99
-99
-99
-99
-99
-99
-99
-99
-99
-99
-99
-99
-99
-99
-99
-99
-99
-99
-99
-99
-99
-99
-99
-99
-99
-99
-99
-99
-99
-99
-99
-99
-99
-99
-99
-99
-99
-99
-99
-99
-99
-99
-99
-99
-99
-99
-99
-99
-99
-99
-99
-99
-99
-99
-99
-99
-99
-99
-99
-99
-99
-99
-99
-99
-99
-99
-99
-99
-99
-99
-99
-99
-99
-99
-99
-99
-99
-99
-99
-99
-99
-99
-99
-99
-99
-99
-99
-99
-99
-99
-99
-99
-99
-99
-99
-99
-99
-99
-99
-99
-99
-99
-99
-99
-99
-99
-99
-99
-99
-99
-99
-99
-99
-99
-99
-99
-99
-99
-99
-99
-99
-99
-99
-99
-99
-99
-99
-99
-99
-99
-99
-99
-99
-99
-99
-99
-99
-99
-99
-99
-99
-99
-99
-99
-99
-99
-99
-99
-99
-99
-99
-99
-99
-99
-99
-99
-99
-99
-99
-99
-99
-99
-99
-99
-99
-99
-99
-99
-99
-99
-99
-99
-99
-99
-99
-99
-99
-99
-99
-99
-99
-99
-99
-99
-99
-99
-99
-99
-99
-99
-99
-99
0.6941
0.6831
0.6194
0.7129
0.8085
0.568
0.8839
0.8032
0.6035
0.3824
0.5256
0.4834
0.3559
0.493
0.5003
0.6885
0.6243
0.7485
0.6105
0.755
0.6564
0.4474
0.2965
0.1692
0.3878
0.4547
0.4711
0.4065
0.4991
0.3038
0.3597
0.7524
0.6932
0.6385
0.4876
0.8549
0.8097
0.5981
0.5878
0.751
0.5908
0.9225
0.9915
0.9972
0.9424
0.7711
0.563
0.7297
0.9703
0.9994
0.8764
0.9671
0.9246
0.9669
0.99
0.9951
0.9218
0.7285
0.6711
0.6421
0.7708
0.6093
0.8617
0.8562
0.4589
0.7365
0.706
0.4573
0.296
0.2806
0.54
0.7532
0.9083
0.682
0.2838
0.3311
0.3392
0.282
0.3516
0.4967
0.5038
0.4738
0.4255
0.6045
0.7167
0.9959
0.9548
0.9795
0.7631
0.6631
0.7105
0.453
0.3808
0.4855
0.2972
0.6685
0.7744
0.8591
0.6482
0.6297
0.6498
0.6303
0.8229
0.6251
0.6346
0.5137
0.4631
0.5454
0.8521
0.6959
0.6671
0.5718
0.4818
0.574
0.6975
0.7019
0.562
0.5261
0.4978
0.5841
0.5518
0.5864
0.4967
0.7414
0.7754
0.9544
0.8171
0.5337
0.6397
0.5974
0.6652
0.8167
0.8387
0.9188
0.9154
0.9085
0.5984
0.6365
0.6861
0.8054
0.56
0.3788
0.6031
0.8242
0.5237
0.5446
0.5251
0.4584
0.3686
0.3031
0.3848
0.4743
0.5447
0.5447
0.6879
0.6808
0.5632
0.5086
0.4462
0.4458
0.3624
0.3667
0.3083
0.2968
0.379
0.4124
0.5771
0.7554
0.5051
0.335
0.2355
0.1681
0.2787
0.335
0.4318
0.625
0.7217
0.8453
0.7568
0.4467
0.3697
0.7188
0.7789
0.7078
0.8271
0.6933
0.4328
0.4847
0.4221
0.3703
0.3381
0.3084
0.2511
0.5046
0.7017
0.4373
0.7982
0.5543
0.3806
0.6086
0.4087
0.6103
0.5818
0.6613
0.7251
0.6037
0.7129
0.7494
0.7513
0.7609
0.789
0.7814
0.3622
0.35
0.3103
0.2776
0.2544
0.2058
0.3163
0.3055
0.3046
0.2444
0.162
0.1712
0.1516
0.4163
0.6741
0.69
0.5163
0.4608
0.6238
0.6394
0.6243
0.4841
0.4733
0.6614
0.7271
0.6146
0.663
0.4256
0.4271
0.7956
0.9103
0.8008
0.6389
0.8059
0.7705
0.8297
0.8911
0.7197
0.5567
0.4776
0.5926
0.625
0.7903
0.5873
0.4594
0.4846
0.3735
0.4433
0.6808
0.7675
0.8019
0.8886
0.7446
0.8418
0.8545
0.8153
0.9463
0.8346
0.9062
0.9529
0.7061
0.6797
0.5368
0.6784
0.6283
0.4726
0.57
0.6239
0.7962
0.7379
0.8903
0.9395
0.9114
0.7276
0.9363
0.7682
0.9783
0.881
0.9488
0.6951
0.8674
0.9027
0.5814
0.727
0.6938
0.8262
0.9691
0.9787
0.7335
0.7097
0.8513
0.71
0.6203
0.5173
0.5469
0.6464
0.5383
0.4818
0.975
0.9805
0.9898
0.9363
0.805
0.8218
0.7795
0.9158
0.9888
0.8306
0.4257
0.3795
0.8018
0.8817
0.9838
0.9893
0.7938
0.7535
0.6732
0.7606
0.6045
0.8122
0.8522
0.85
0.795
0.8876
0.8586
0.9654
0.7956
0.7197
0.9134
0.7097
0.7213
0.4494
0.5022
0.5513
0.5808
0.7833
0.5978
0.9182
0.84
0.8808
0.7726
0.84
0.4122
0.2678
0.6063
0.5441
0.4221
0.6636
0.6737
0.4128
0.5792
0.3884
0.3351
0.4574
0.337
0.5885
0.5413
0.4231
0.4747
0.6355
0.6829
0.6505
0.7143
0.6527
0.597
0.6517
0.5611
0.5397
0.6589
0.4142
0.2236
0.4529
0.5772
0.7931
0.746
0.9212
0.8742
0.8437
0.8135
0.4647
0.5725
0.8897
0.8735
0.6941
0.5655
0.5556
0.4905
0.4191
0.3485
0.6247
0.8844
0.5949
0.315
0.2536
0.3423
0.488
0.6698
0.6528
0.9047
0.7473
0.6778
0.703
0.9594
0.9813
0.5885
0.5924
0.8958
0.9786
0.99
0.7913
0.5603
0.7138
0.4236
0.3686
0.3861
0.3838
0.4944
0.6229
0.5461
0.8026
0.5476
0.8968
0.8197
0.9657
0.9449
0.8667
0.6641
0.4041
0.3694
0.5374
0.7895
0.7088
0.7406
0.6355
0.4516
0.4597
0.6583
0.8118
0.8431
0.7634
0.8183
0.98
0.956
0.7157
0.8244
0.5841
0.6119
0.6313
0.769
0.8574
0.9825
0.8262
0.6887
0.6242
0.6786
0.5032
0.8234
0.8049
0.9218
0.8215
0.7151
0.5182
0.5922
0.5744
0.8243
0.6334
0.5554
0.5676
0.5567
0.4332
0.6245
0.95
0.6797
0.6683
0.8003
0.8797
0.6665
0.6539
0.5236
0.5531
0.5959
0.4986
0.7889
0.8537
0.7563
0.6189
0.7492
0.674
0.5195
0.5375
0.4568
0.4474
0.4268
0.6164
0.6847
0.7549
0.6406
0.5926
0.6143
0.678
0.7227
0.6212
0.6634
0.8395
0.8186
0.8195
0.6652
0.515
0.5536
0.5079
0.5182
0.4109
0.3716
0.3879
0.4522
0.5488
0.7193
0.6886
0.6231
0.462
0.4341
0.4382
0.7225
0.7578
0.8191
0.7424
0.5556
0.752
0.6531
0.4776
0.3706
0.4626
0.6118
0.4983
0.5948
0.6908
0.7925
0.6812
0.5386
0.5497
0.5489
0.3541
0.545
0.7554
0.9234
0.7661
0.6019
0.6746
0.6116
0.4962
0.5138
0.4471
0.6037
0.6771
0.6884
0.4597
0.3506
0.6144
0.6626
0.6809
0.648
0.7024
0.635
0.5253
0.3949
0.3359
0.3341
0.3692
0.7561
0.7763
0.8384
0.557
0.5753
0.8364
0.591
0.3861
0.3915
0.715
0.7689
0.5839
0.6224
0.7321
0.4643
0.4443
0.3514
0.4962
0.7162
0.6543
0.7711
0.7526
0.66
0.7924
0.8739
0.8875
0.918
0.97
0.9322
0.891
0.712
0.4744
0.4282
0.6917
0.757
0.6897
0.5742
0.6616
0.7033
0.7276
0.783
0.8544
0.8594
0.6331
0.7513
0.7133
0.6486
0.9009
0.7518
0.6311
0.4353
0.6915
0.475
0.4641
0.7053
0.7156
0.8278
0.6579
0.5863
0.6554
0.387
0.2435
0.5313
0.5494
0.76
0.7663
0.4235
0.4486
0.5146
0.7251
0.6554
0.5766
0.5321
0.5685
0.6237
0.9254
0.7351
0.66
0.6474
0.5505
0.4603
0.434
0.5181
0.7582
0.8138
0.7124
0.6694
0.6265
0.7297
0.8857
0.6863
0.4231
0.4166
0.5895
0.5908
0.6267
0.577
0.6138
0.4616
0.5029
0.54
0.2459
0.1615
0.3314
0.4116
0.6033
0.3534
0.7041
0.7892
0.8285
0.8624
0.7856
0.6463
0.821
0.7331
0.4024
0.7065
0.8866
0.6387
0.8727
0.6397
0.5846
0.7987
0.777
0.8856
0.8954
0.8828
0.921
0.5379
0.49
0.8597
0.8109
0.8747
0.8156
0.7561
0.7511
0.5669
0.6544
0.5678
0.6868
0.4778
0.3847
0.6965
0.8345
0.5442
0.2481
0.3475
0.2776
0.4827
0.6155
0.7067
0.6942
0.6283
0.4021
0.3458
0.3083
0.3017
0.4242
0.3488
0.6829
0.2554
0.4363
0.5092
0.25
0.5467
0.9067
0.7475
0.6592
0.5113
0.4725
0.5246
0.8492
0.8008
0.5658
0.36
0.3213
0.345
0.3613
0.3867
0.2304
0.4225
0.4233
0.5725
0.4854
0.7625
0.8025
0.9433
0.9538
0.8892
0.8504
0.5242
0.4454
0.6296
0.5092
0.4033
0.3742
0.3538
0.4763
0.6313
0.5675
0.575
0.3796
0.6338
0.5342
0.87
0.7917
0.5296
0.5788
0.6088
0.7254
0.8529
0.6408
0.5454
0.4679
0.4654
0.2496
0.3963
0.4804
0.6021
0.9275
0.5196
0.6467
0.8271
0.7663
0.3617
0.3221
0.3225
0.1979
0.3075
0.6792
0.8488
0.9533
0.8679
0.8225
0.735
0.59
0.5725
0.6721
0.7038
0.6333
0.6875
0.8792
0.84
0.8242
0.8179
0.6704
0.6658
0.7425
0.3121
0.3229
0.3958
0.5218
0.6133
0.6113
0.7596
0.5542
0.4025
0.545
0.4717
0.575
0.8538
0.8096
0.6871
0.725
0.5633
0.5188
0.3354
0.2221
0.1875
0.1871
0.2917
0.5067
0.5108
0.6742
0.6863
0.4579
0.5058
0.4888
0.5625
0.6883
0.68
0.7242
0.7963
0.6529
0.4963
0.6992
0.8083
0.5575
0.5688
0.3371
0.2888
0.5354
0.6479
0.59
0.2933
0.2358
0.2929
0.4838
0.3946
0.5563
0.7375
0.5821
0.495
0.4779
0.6017
0.7017
0.7404
0.5313
0.5683
0.5571
0.6633
0.7183
0.5408
0.6729
0.7804
0.6592
0.6054
0.5242
0.3963
0.3013
0.3867
0.5246
0.4533
0.4454
0.4217
0.3629
0.4125
0.3104
0.4038
0.4092
0.7725
0.7988
0.6958
0.5413
0.6967
0.6229
0.7425
0.8638
0.8696
0.9292
0.8188
0.405
0.385
0.4433
0.39
0.2804
0.2592
0.4392
0.5946
0.6296
0.7163
0.5504
0.5492
0.5583
0.6867
0.865
0.6929
0.6663
0.5808
0.5571
0.8342
0.7496
0.8104
0.8046
0.5
0.5004
0.4888
0.4821
0.705
0.7879
0.7504
0.7588
0.7746
0.5221
0.7296
0.8442
0.8729
0.8938
0.83
0.8596
0.8317
0.6208
0.4088
0.5338
0.5967
0.6358
0.6333
0.7879
0.9275
0.8729
0.6829
0.6046
0.6458
0.7046
0.5225
0.3267
0.2779
0.7775
0.7729
0.8196
0.8992
0.7863
0.5329
0.4496
0.6742
0.7563
0.6283
0.5308
0.5333
0.8371
0.5163
0.4688
0.6217
0.4933
0.7063
0.8717
0.7904
0.8367
0.8592
0.6871
0.7154
0.8117
0.6192
0.7038
0.6946
0.4875
0.565
0.8317
0.9167
0.7217
0.8658
0.7358
0.9483
0.95
0.9571
0.9633
0.8521
0.9471
0.5367
0.5338
0.9263
0.5742
0.7017
0.7429
0.6138
0.7738
0.6838
0.6817
0.8121
0.9496
0.9483
0.9383
0.7888
0.7954
0.5879
0.5371
0.6729
0.8229
0.7529
0.4713
0.3392
0.6767
0.8667
0.6913
0.7696
0.9233
0.97
0.9071
0.9567
0.7621
0.8333
0.8979
0.8633
0.8825
0.7525
0.7029
0.8733
0.7283
0.7483
0.775
0.6954
0.6358
0.6138
0.4767
0.89
0.8442
0.6517
0.68
0.6896
0.5354
0.3917
0.7296
0.5004
0.4071
0.7125
0.5454
0.5413
0.5454
0.7483
0.4021
0.6604
0.8729
0.7163
0.6175
0.4154
0.5079
0.2083
0.6754
0.5196
0.7508
0.8571
0.4796
0.4371
0.8458
0.7129
0.6454
0.4683
0.33
0.5742
0.9283
0.8579
0.9629
0.9667
0.8721
0.945
0.8467
0.5575
0.7625
0.685
0.8771
0.9558
0.7875
0.7513
0.6042
0.7883
0.8883
0.8229
0.5925
0.8121
0.7725
0.7971
0.9629
0.9654
0.9575
0.8846
0.675
0.4783
0.3733
0.6125
0.9633
0.9188
0.6129
0.5054
0.4279
0.7654
0.8579
0.9004
0.8454
0.7617
0.7675
0.6029
0.6429
0.5733
0.5358
0.6779
0.6029
0.6758
0.8229
0.6954
0.6996
0.5079
0.875
0.6825
0.6338
0.7367
0.5433
0.5488
0.7146
0.5108
0.3283
0.6629
0.5129
0.6467
0.5454
0.5008
0.5913
0.9379
0.815
0.7175
0.6946
0.7425
0.9575
0.945
0.9671
0.8192
0.6733
0.6271
0.6192
0.6679
0.4913
0.4479
0.4633
0.4996
0.4913
0.5529
0.515
0.4958
0.7054
0.6792
0.6029
0.8783
0.8304
0.7175
0.6567
0.6392
0.4496
0.5613
0.6342
0.4788
0.5238
0.6867
0.7375
0.6592
0.6442
0.6913
0.9246
0.6892
0.5146
0.4092
0.3529
0.5075
0.6221
0.6875
0.5942
0.7804
0.8129
0.7333
0.3979
0.5729
0.5488
0.4904
0.7238
0.7608
0.6704
0.925
0.7867
0.6471
0.6063
0.5254
0.3304
0.4029
0.3917
0.4754
0.7746
0.7554
0.6108
0.5317
0.6717
0.5475
0.4767
0.3921
0.3629
0.2679
0.4858
0.7542
0.8754
0.5496
0.7338
0.6367
0.4721
0.4938
0.4133
0.4175
0.4892
0.6279
0.6167
0.4508
0.4013
0.4358
0.3571
0.4358
0.5517
0.6667
0.6204
0.4067
0.4617
0.53
0.5138
0.5321
0.4167
0.6021
0.6258
0.5371
0.5146
0.4533
0.4954
0.3633
0.2479
0.4517
0.5679
0.6363
0.7088
0.6863
0.7242
0.5079
0.495
0.3854
0.3504
0.4758
0.5592
0.5054
0.4921
0.5046
0.5129
0.5913
0.4083
0.2671
0.3642
0.4504
0.4163
0.3296
0.2283
0.4113
0.6204
0.5596
0.4392
0.5246
0.8217
0.7204
0.6971
0.5671
0.725
0.7146
0.6017
0.6604
0.5333
0.7546
0.7058
0.8288
0.6392
0.7488
0.9054
0.8196
0.625
0.5271
0.4883
0.6313
0.6458
0.7092
0.41
0.7233
0.6671
0.7479
0.7442
0.7792
0.7317
0.7075
0.8104
0.8296
0.8533
0.6117
0.4888
0.625
0.6583
0.6279
0.6813
0.6926
0.625
0.7188
0.8829
0.9429
0.8725
0.6446
0.6792
0.6458
0.7092
0.7883
0.5917
0.855
0.9342
0.8396
0.7767
0.6546
0.5521
0.7192
0.7842
0.7683
0.6725
0.5692
0.61
0.5638
0.6638
0.687
0.6833
0.6375
0.9524
0.9283
0.8504
0.9167
0.7879
0.7363
0.6825
0.7692
0.8495
-99
-99
0.6892
0.6813
0.6654
0.6933
0.8333
0.6263
0.8333
0.8
-99
-99
-99
0.5417
0.6729
0.8992
0.8542
0.6479
0.7746
0.69
0.5763
0.8721
0.8496
0.7021
0.7838
0.9433
0.8592
0.5027
0.3154
0.8617
0.9563
0.6596
0.6092
0.5971
0.7004
0.7204
0.72
0.6763
0.7892
0.8775
0.5863
0.5908
0.4975
0.6904
0.6371
0.7367
0.8867
0.67
0.7208
0.7358
0.6833
0.5975
0.7013
0.655
0.7425
0.4642
0.2829
0.5642
0.3408
0.8267
0.7892
0.6354
0.8263
0.6967
0.6492
0.3692
0.6621
0.5
0.2267
0.1679
0.2271
0.3013
0.4071
0.395
0.5892
0.5975
0.6404
0.5367
0.5938
0.3925
0.6042
0.6775
0.5963
0.6521
0.5588
0.5821
0.7371
0.5054
0.3592
0.6775
0.8138
0.8888
0.6558
0.5992
0.4525
0.4625
0.785
0.9163
0.6613
0.3238
0.755
0.5217
0.4538
0.2929
0.2063
0.4908
0.7954
0.9275
0.8204
0.7354
0.74
0.775
0.7988
0.5683
0.7963
0.6717
0.4908
0.5708
0.5858
0.4254
0.5783
0.08
0.1171
0.8204
0.8496
0.7375
0.7617
0.8421
0.715
0.6296
0.6854
0.6067
0.4525
0.63
0.6104
0.5271
0.5846
0.6038
0.4813
0.5208
0.4558
0.7654
0.4488
0.3429
0.2379
0.3517
0.4913
0.4046
0.3696
0.4396
0.5342
0.4963
0.5696
0.5167
0.4092
0.2867
0.2983
0.5529
0.7008
0.585
0.765
0.9079
0.8038
0.6633
0.6379
0.8925
0.9271
0.9313
0.8867
0.8188
0.77
0.7217
0.7588
0.5946
0.6358
0.8508
0.7679
0.8792
0.9458
0.7825
0.5588
0.515
0.56
0.5304
0.5446
0.5763
0.5625
0.3817
0.4033
0.3613
0.3704
0.4554
0.6871
0.8142
0.8358
0.6188
0.8642
0.6863
0.7733
0.8129
0.5221
0.42
0.4238
0.5171
0.4329
0.4242
0.4313
0.4567
0.4204
0.5446
0.6946
0.6654
0.5754
0.5208
0.7208
0.5146
0.4779
0.4267
0.5013
0.4229
0.5517
0.6921
0.6688
0.4625
0.5054
0.6221
0.5442
0.6388
0.4813
0.5042
0.5796
0.6279
0.6354
0.57
0.5008
0.4271
0.4721
0.5846
0.5083
0.4663
0.5421
0.5204
0.6567
0.6479
0.5642
0.4775
0.4492
0.5433
0.6013
0.6563
0.4525
0.47
0.595
0.7517
0.87
0.7858
0.5296
0.335
0.6225
0.6604
0.8583
0.7179
0.4517
0.2654
0.3854
0.6563
0.5663
0.8013
0.7388
0.6575
0.6192
0.4238
0.5992
0.6504
0.6363
0.605
0.8221
0.7975
0.7783
0.6433
0.6075
0.7146
0.5888
0.3992
0.5188
0.6471
0.6575
0.8033
0.7092
0.7933
0.6504
0.5767
0.5596
0.725
0.8663
0.8733
0.6992
0.7529
0.5913
0.8429
0.6425
0.4979
0.6017
0.8417
0.7375
0.9142
0.9454
0.7421
0.695
0.83
0.7546
0.8063
0.5013
0.4196
0.27
0.2425
0.3317
0.6158
0.4942
0.5396
0.5658
0.6833
0.7592
0.7033
0.5892
0.7525
0.7596
0.7033
0.8063
0.7267
0.7871
0.73
0.7463
0.6358
0.5488
0.7554
0.7283
0.6446
0.8579
0.8467
0.8554
0.655
0.6675
0.8729
0.5554
0.3513
0.4721
0.8704
0.7221
0.7892
0.8354
0.8883
0.9044
0.7892
0.7504
0.7133
0.7613
0.7235
0.7538
0.6925
0.6067
0.6975
0.6346
0.6796
0.8046
0.8875
0.6563
0.7954
0.8425
0.7008
0.6917
0.7829
0.9063
0.8054
0.7754
0.7838
0.4879
0.5546
0.4442
0.3796
0.4888
0.6288
0.5746
0.7233
0.8438
0.6896
0.4217
0.4742
0.7113
0.6463
0.4604
0.7808
0.7296
0.6625
0.3017
0.1738
0.2025
0.1446
0.2846
0.9554
0.8692
0.8071
0.7875
0.7396
0.6071
0.4479
0.5263
0.5354
0.6613
0.4588
0.5942
0.5979
0.615
0.5825
0.6383
0.6396
0.6954
0.5817
0.5638
0.5454
0.3296
0.2517
0.3246
0.2446
0.7467
0.6663
0.8179
0.8733
0.8467
0.9054
0.9404
0.9171
0.8758
0.6646
0.3246
0.5508
0.4963
0.4796
0.3358
0.4871
0.2196
0.355
0.6829
0.8413
0.7379
0.6654
0.7488
0.6942
0.8871
0.8917
0.965
0.9342
0.5463
0.5467
0.5975
0.6638
0.6717
0.5896
0.7496
0.8054
0.6521
0.3542
0.3642
0.5233
0.8033
0.7296
0.4767
0.3133
0.1821
0.3813
0.49
0.7729
0.545
0.8083
0.8758
0.6825
0.5158
0.5104
0.5304
0.405
0.5138
0.4288
0.775
0.7271
0.7533
0.9033
0.7313
0.775
0.8958
0.9638
0.9821
1
0.9021
0.6721
0.5846
0.7846
0.9858
0.8946
0.8758
0.7538
0.8454
0.7063
0.425
0.67
0.5683
0.4208
0.3104
0.4896
0.7083
0.8338
0.7375
0.5667
0.6383
0.7688
0.4829
0.4883
0.4521
0.5858
0.7671
0.8863
0.4625
0.4929
0.7396
0.4992
0.6321
0.5842
0.6829
0.6379
0.9308
0.8829
0.7796
0.5854
0.31
0.4063
0.5429
0.7796
0.5729
0.5363
0.9446
0.7046
0.7317
0.6333
0.8267
0.6971
0.5971
0.7246
0.8313
0.6721
0.7908
0.8038
0.6713
0.8867
0.7054
0.5733
0.6717
0.6988
0.5058
0.4758
0.5154
0.8446
0.7613
0.7129
0.5304
0.3192
0.2888
0.2354
0.4542
0.7992
0.63
0.485
0.8996
0.9433
0.925
0.7588
0.6817
0.8154
0.8304
0.8075
0.8125
0.8063
0.7233
0.6463
0.6204
0.7113
0.7296
0.9
0.87
0.5992
0.8063
0.8771
0.66
0.5854
0.83
0.9317
0.8817
0.8271
0.7388
0.8696
0.7933
0.7883
0.8133
0.7217
0.8033
0.7692
0.5579
0.7825
0.925
0.8783
0.7721
0.8588
0.6654
0.5683
0.4408
0.3488
0.3988
0.4363
0.5333
0.5521
0.5154
0.6888
0.5917
0.4704
0.4642
0.4988
0.7454
0.8258
0.6846
0.5854
0.8425
0.8775
0.8204
0.8333
0.5171
0.7621
0.9163
0.7588
0.7921
0.8
0.535
0.5179
0.7467
0.6071
0.525
0.8083
0.6938
0.6342
0.6158
0.6579
0.6888
0.7021
0.6317
0.7825
0.4275
0.3938
0.5904
0.635
0.605
0.44
0.4221
0.2838
0.505
0.6875
0.625
0.765
0.8771
0.5813
0.7433
0.6663
0.5438
0.6554
0.7146
0.7304
0.5904
0.8188
0.8425
0.8879
0.7967
0.8267
0.9275
0.9129
0.6442
0.5433
0.4163
0.3867
0.8533
0.7675
0.765
0.8675
0.7079
0.5329
0.6558
0.7563
0.7146
0.4917
0.5942
0.7267
0.6688
0.5192
0.4742
0.6033
0.7917
0.8825
0.8979
0.7988
0.8971
0.9133
0.9242
0.8538
0.8125
0.7254
0.8496
0.7208
0.6242
0.6225
0.5709
0.5217
-99
-99
-99
0.53
0.5925
0.6025
0.8
0.6279
0.6725
0.7167
0.9783
0.8804
0.8196
0.7221
0.7033
0.935
0.9863
0.9379
0.84
0.725
0.8883
0.8992
0.8158
0.7504
0.5888
0.5625
0.9729
0.9158
0.7179
0.9083
0.9071
0.9692
0.7838
0.5458
0.8063
0.7808
0.7717
0.7488
0.66
0.7767
0.8254
0.8883
0.4779
0.2554
0.3483
0.475
0.5483
0.9038
0.7908
0.7446
0.5921
0.5846
0.825
0.7279
0.6163
0.425
0.6854
0.7417
0.7813
0.6742
0.6983
0.6421
0.6692
0.7933
0.6488
0.6146
0.9713
0.9546
0.9075
0.6683
0.3942
0.6438
0.9413
0.9333
0.6571
0.7467
0.5629
0.4513
0.5692
0.35
0.1771
0.1363
0.3308
0.3563
0.4829
0.9371
1
0.98
0.9817
0.9575
0.8375
0.8133
0.8804
0.9913
0.8475
0.8342
0.9908
0.8921
0.7179
0.9154
0.9713
0.7188
0.4463
0.48
0.5163
0.6108
0.8688
0.7567
0.5317
0.7763
0.6879
0.6942
0.7408
0.8396
0.6242
0.6275
0.6779
0.465
0.4292
0.9308
0.995
0.9946
0.9996
0.9946
0.8742
0.7246
0.7788
0.8129
0.5721
0.4908
0.7313
0.6338
0.695
0.8238
0.7425
0.8017
0.9758
0.8925
0.6571
0.5308
0.7783
0.8929
0.7225
0.6313
0.6479
0.8175
0.8429
0.6313
0.3938
0.5908
0.9567
0.9104
0.9408
0.8788
0.5779
0.3246
0.385
0.6313
0.8746
0.7042
0.8117
0.7933
0.3283
0.435
0.4579
0.4692
0.48
0.455
0.4279
0.5813
0.7396
0.6813
0.3254
0.5363
0.4863
0.6
0.5058
0.7679
0.8475
0.9104
0.8892
0.8308
0.8421
0.7483
0.7221
0.6508
0.7313
0.9104
0.8254
0.8058
0.9904
0.9079
0.8096
0.6271
0.6608
0.9013
0.7163
0.7038
0.7667
0.6829
0.7033
0.5729
0.4796
0.3096
0.5233
0.7467
0.9063
0.7029
0.5804
0.6508
0.7804
0.7338
0.5071
0.5154
0.5946
0.6058
0.4288
0.3825
0.485
0.6475
0.7133
0.6604
0.6163
0.6804
0.8267
0.7517
0.4754
0.47
0.6029
0.4725
0.3904
0.4396
0.3496
0.4063
0.5279
0.6917
0.6629
0.5279
0.4304
0.5529
0.3979
0.5529
0.5792
0.4408
0.4933
0.475
0.8083
0.5675
0.6146
0.7654
0.4421
0.5425
0.6067
0.6263
0.3879
0.3488
0.4196
0.6658
0.5188
0.3396
0.6704
0.7821
0.64
0.6571
0.8104
0.8504
0.6458
0.5433
0.615
0.5213
0.3746
0.3992
0.3775
0.365
0.4792
0.5333
0.6521
0.6621
0.8383
0.91
0.9471
0.9196
0.8313
0.7221
0.4717
0.7108
0.7754
0.7067
0.5758
0.4417
0.6338
0.4796
0.4375
0.5675
0.3988
0.4088
0.5738
0.5858
0.5717
0.6054
0.5296
0.6129
0.6383
0.8383
0.7388
0.8017
0.7633
0.5292
0.4033
0.6025
0.7133
0.7467
0.7904
0.7308
0.6304
0.5338
0.4608
0.4896
0.4875
0.2821
0.2425
0.2458
0.2967
0.4096
0.6433
0.5217
0.495
0.7175
0.8075
0.5767
0.6121
0.7596
0.7571
0.8625
0.7963
0.8163
0.7933
0.8629
0.6254
0.7075
0.5533
0.4938
0.3588
0.4179
0.5679
0.5642
0.6892
0.8346
0.7396
0.6713
0.7396
0.8063
0.7171
0.7296
0.6479
0.5821
0.6258
0.4913
0.6513
0.6775
0.6871
0.6054
0.5204
0.6242
0.6325
0.6804
0.7092
0.5192
0.43
0.4629
0.4746
0.5967
0.8329
0.8321
0.63
0.6988
0.4658
0.5825
0.6358
0.4654
0.4179
0.565
0.8658
0.9667
0.8188
0.6875
0.5113
0.7996
0.8142
0.8975
0.8096
0.8488
0.5542
0.5825
0.805
0.8608
0.6604
0.5713
0.5871
0.6263
0.6658
0.6679
0.63
0.4188
0.3921
0.7879
0.6338
0.4992
0.4733
0.5029
0.3479
0.3296
0.5817
0.5067
0.6408
0.5821
0.6946
0.69
0.4742
0.2979
0.6638
0.8092
0.6863
0.7788
0.7025
0.4442
0.7408
0.7113
0.6304
0.7642
0.5558
0.6413
0.6713
0.7196
0.5129
0.4888
0.8808
0.9429
0.7942
0.7046
0.6725
0.91
0.6988
0.3267
0.335
0.8875
0.8154
0.79
0.8704
0.7954
0.9525
0.6521
0.5321
0.7563
0.6825
0.7079
0.6438
0.6813
0.9279
0.9513
0.9863
0.7692
0.8963
0.7667
0.4588
0.6888
0.8063
0.8488
0.6488
0.8479
0.4479
0.5408
0.9379
0.9729
0.9638
0.9458
0.545
0.4842
0.8983
0.9067
0.9504
0.7142
0.745
0.73
0.9554
0.6063
0.9258
0.7771
0.7354
0.4033
0.7813
0.705
0.5883
0.5221
0.8921
0.8904
0.4275
0.2875
0.4696
0.8113
0.7242
0.9008
0.9904
0.9271
0.86
0.8508
0.6692
0.7204
0.7608
0.6817
0.6333
0.6517
0.5375
0.795
0.6475
0.6354
0.5688
0.9196
0.8988
0.7242
0.2983
0.7521
0.9013
0.6061
0.4233
0.6442
0.7829
0.5696
0.5546
0.6217
0.5879
0.3029
0.3467
0.5775
0.5038
0.7063
0.9275
0.8575
0.9708
0.9717
0.5917
0.5433
0.6054
0.5808
0.5413
0.5642
0.7546
0.5696
0.5671
0.7663
0.7204
0.4354
0.8596
0.7546
0.5492
0.4825
0.4575
0.9021
0.8533
0.7696
0.6783
0.6179
0.57
0.7183
0.7517
0.5838
0.4921
0.5246
0.6988
0.6758
0.5838
0.5463
0.5729
0.4454
0.5129
0.5971
0.8208
0.8763
0.9696
0.7954
0.6983
0.8088
0.8538
0.8213
0.8392
0.6521
0.6325
0.8463
0.8813
0.8471
0.5196
0.5792
0.6138
0.6146
0.6646
0.5621
0.4896
0.5608
0.4875
0.3917
0.4688
0.4796
0.6892
0.7817
0.7188
0.6042
0.5321
0.6854
0.7904
0.6642
0.5142
0.4371
0.5913
0.7633
0.7579
0.9575
0.8704
0.7833
0.6363
0.6758
0.7833
0.8292
0.6654
0.7933
0.7175
0.7525
0.5879
0.52
0.7483
0.775
0.4879
0.3471
0.3708
0.4371
0.4817
0.5533
0.5546
0.4404
0.4313
0.53
0.5954
0.5583
0.5746
0.6033
0.47
0.4888
0.5513
0.4025
0.3396
0.4775
0.6038
0.755
0.5933
0.6388
0.7096
0.7792
0.5958
0.5071
0.8325
0.7529
0.6675
0.6958
0.6813
0.6363
0.5842
0.7375
0.8808
0.7892
0.6688
0.7533
0.7529
0.7404
0.7892
0.7008
0.7121
0.4758
0.5717
0.7679
0.7029
0.6429
0.7521
0.7767
0.6408
0.7742
0.8388
0.7438
0.7904
0.7904
0.5688
0.4142
0.4879
0.7663
0.5833
0.4146
0.3021
0.6275
0.6992
0.8271
0.8671
0.905
0.855
0.7379
0.6058
0.6617
0.6421
0.78
0.5725
0.7725
0.8292
0.6525
0.6654
0.6775
0.7621
0.5383
0.7558
0.9417
0.8942
0.6429
0.9275
0.9125
0.8138
0.9029
0.6983
0.5746
0.6571
0.7092
0.8758
0.65
0.7667
0.8767
0.9296
0.8938
0.7021
0.6058
0.6633
0.8242
0.9213
0.9108
0.9258
0.9279
0.875
0.7988
0.885
0.8396
0.8042
0.5533
0.3917
0.405
0.6888
0.8829
0.8713
0.8471
0.6692
0.3563
0.3283
0.3025
0.2988
0.5958
0.7779
0.8288
0.6846
0.4179
0.4904
0.5888
0.7683
0.6763
0.7675
0.7963
0.7304
0.6929
0.5208
0.6788
0.4758
0.7017
0.6958
0.4575
0.6388
0.8646
0.7079
0.7525
0.7442
0.7088
0.5363
0.6292
0.6371
0.5038
0.5554
0.6113
0.6913
0.9575
0.8342
0.6871
0.5842
0.5921
0.8354
0.6838
0.6046
0.6754
0.8092
0.9025
0.3229
0.2208
0.8796
0.9129
0.2746
0.3554
0.7192
0.685
0.695
0.5679
0.9471
0.9117
0.9392
0.415
0.2504
0.2075
0.5592
0.4067
0.5608
0.9671
0.9825
0.8808
0.8375
0.8367
0.8221
0.8617
0.6813
0.5988
0.5933
0.6783
0.7492
0.7304
0.5863
0.505
0.3008
0.5788
0.3904
0.4167
0.5313
0.7204
0.8029
0.3025
0.4188
0.5058
0.5054
0.4746
0.6921
0.855
0.9196
0.815
0.9488
0.8342
0.5429
0.2454
0.2492
0.3858
0.2621
0.2488
0.3038
0.2988
0.2775
0.3358
0.5133
0.5875
0.5979
0.7179
0.7275
0.7454
0.9029
0.5492
0.6229
0.8117
0.7188
0.6029
0.7113
0.8296
0.5271
0.7813
0.4625
0.5263
0.3967
0.7721
0.9929
0.9046
0.7408
0.5075
0.5021
0.9608
0.7783
0.6046
0.7017
0.9858
0.8675
0.9642
0.9846
0.9325
0.5875
0.4925
0.6942
0.7267
0.6538
0.7833
0.6392
0.6858
0.6913
0.6463
0.7538
0.7504
0.7754
0.8004
0.6833
0.5904
0.5296
0.545
0.73
0.6479
0.4758
0.3146
0.2683
0.3713
0.52
0.5925
0.6471
0.8079
0.7429
0.6058
0.6492
0.5163
0.5092
0.7204
0.7825
0.6979
0.8304
0.9292
0.8588
0.6863
0.5575
0.5254
0.7396
0.8329
0.7854
0.63
0.7404
0.7129
0.7096
0.6279
0.6354
0.9133
0.7992
0.6383
0.6167
0.4958
0.5142
0.5933
0.69
0.6763
0.665
0.5004
0.5396
0.6
0.5079
0.48
0.3913
0.3942
0.365
0.3908
0.4579
0.81
0.7558
0.7125
0.6567
0.7857
-99
-99
-99
-99
-99
-99
-99
-99
-99
-99
-99
-99
-99
-99
-99
0.6154
0.6846
0.8371
0.7358
0.7858
0.4096
0.5054
0.7758
0.7346
0.7275
0.3908
0.4108
0.3538
0.6038
0.6063
0.6258
0.8679
0.7354
0.74
0.58
0.7133
0.7554
0.6121
0.5463
0.5388
0.485
0.6808
0.7183
0.7958
0.7717
0.7279
0.8804
0.7258
0.7292
0.7092
0.8621
0.8838
0.6808
0.7825
0.7325
0.8013
0.8508
0.7296
0.9129
0.8038
0.8813
0.8229
0.6429
0.7479
0.6892
0.7063
0.8017
0.7754
0.8213
0.6129
0.7846
0.6683
0.4667
0.5188
0.6
0.5658
0.5508
0.4929
0.5796
0.3796
0.2875
0.2679
0.2679
0.5392
0.8367
0.8421
0.6379
0.5075
0.8146
0.8383
0.775
0.8883
0.7167
0.5604
0.7383
0.7288
0.8946
0.7158
0.5913
0.7558
0.56
0.4767
0.5713
0.8054
0.6746
0.6663
0.57
0.5367
0.7288
0.6321
0.5713
0.6788
0.6292
0.5533
0.6342
0.8842
0.7142
0.6125
0.5071
0.5025
0.5167
0.5646
0.64
0.5
0.3196
0.2954
0.3604
0.5721
0.6425
0.4446
0.505
0.3679
0.3463
0.2517
0.5546
0.7521
0.7938
0.7713
0.7888
0.6021
0.6958
0.6329
0.6454
0.9183
0.8963
0.9404
0.5521
0.5375
0.9358
0.9379
0.8588
0.9529
0.9154
0.97
0.97
0.9558
0.9283
0.9542
0.8058
0.7075
0.8871
0.7321
0.7171
0.6646
0.9292
0.9675
0.9775
0.98
0.9692
0.8575
0.7979
0.8275
0.9646
0.8708
0.9067
0.5196
0.6529
0.5058
0.5117
0.74
0.8504
0.6833
0.6513
0.6663
0.7654
0.6771
0.7933
0.8517
0.7171
0.7
0.7717
0.6338
0.6613
0.6929
0.7679
0.6654
0.6904
0.5963
0.6979
0.5879
0.4408
0.5029
0.6833
0.6567
0.6167
0.3721
0.7238
0.3854
0.495
0.4579
0.4113
0.4229
0.4654
0.6154
0.5967
0.5408
0.5525
0.6571
0.3546
0.465
0.4104
0.7225
0.4629
0.5904
0.6538
0.5579
0.2613
0.7138
0.8904
0.8729
0.8379
0.6575
0.4225
0.555
0.4088
0.6292
0.375
0.6996
0.5663
0.6896
0.7996
0.875
0.4313
0.2992
0.4996
0.945
0.9775
0.6358
0.2721
0.5421
0.36
0.1767
0.2517
0.4092
0.2921
0.3379
0.4658
0.2508
0.6371
0.4113
0.425
0.8358
0.6067
0.7946
0.4346
0.5767
0.2275
0.145
0.2538
0.2721
0.3825
0.7308
0.75
0.4954
0.3558
0.4279
0.61
0.5383
0.3863
0.4092
0.4938
0.5567
0.5075
0.3738
0.3854
0.4567
0.375
0.4233
0.3283
0.4163
0.5096
0.4163
0.6104
0.6188
0.9613
0.8792
0.6454
0.5088
0.4363
0.4838
0.4108
0.3425
0.3288
0.2738
0.3746
0.3533
0.5046
0.9396
0.9658
0.9721
0.8388
0.5692
0.635
0.7917
0.7054
0.5171
0.7713
0.7433
0.6567
0.6146
0.3767
0.3979
0.6454
0.5967
0.5563
0.6829
0.8817
0.9225
0.4192
0.8158
0.7121
0.5229
0.7908
0.6571
0.8513
0.6192
0.4904
0.44
0.5875
0.5633
0.7238
0.5617
0.5413
0.6075
0.4079
0.3575
0.4179
0.7158
0.7029
0.7238
0.805
0.94
0.8196
0.8621
0.8692
0.6383
0.4671
0.4496
0.4367
0.4367
0.5563
0.6158
0.6017
0.5142
0.451
0.4092
0.4342
0.3663
0.7629
0.9075
0.8182
0.8308
0.6158
0.8017
0.7033
0.6475
0.9083
0.5692
0.795
0.6783
0.4483
0.3654
0.4938
0.5604
0.5725
0.5292
0.4283
0.6183
0.5146
0.505
0.4796
0.4417
0.3933
0.4225
0.5621
0.6825
0.7942
0.6683
0.5213
0.5996
0.7858
0.8413
0.8108
0.8575
0.6946
0.7896
0.7917
0.7167
0.7804
0.8192
0.7379
0.7475
0.5217
0.3221
0.3342
0.5471
0.8329
0.8204
0.6742
0.4708
0.4821
0.4075
0.4933
0.5563
0.7496
0.8208
0.6733
0.6763
0.6521
0.5392
0.555
0.6988
0.8358
0.6396
0.4083
0.3458
0.3821
0.405
0.7117
0.7221
0.7688
0.7346
0.6242
0.4163
0.4013
0.3771
0.3179
0.3854
0.3133
0.3542
0.5146
0.8329
0.6563
0.8892
0.9271
0.7671
0.8713
0.5388
0.3908
0.4304
0.46
0.6325
0.6096
0.5429
0.5396
0.61
0.6671
0.7913
0.7954
0.6833
0.5138
0.3167
0.4871
0.8513
0.8742
0.9292
0.9463
0.955
0.8592
0.8221
0.9442
0.5871
0.5504
0.63
0.7046
0.5996
0.8538
0.81
0.6017
0.6142
0.655
0.8295
0.6254
0.46
0.6038
0.6454
0.6363
0.8063
0.715
0.8875
0.7167
0.6354
0.6813
0.5871
0.9063
0.9908
0.9875
0.9646
0.9808
0.855
0.7729
0.7971
0.97
0.935
0.7267
0.2438
0.4035
0.8929
0.7929
0.6525
0.6629
0.6533
0.7946
0.6642
0.755
0.5338
0.6533
0.6792
0.7933
0.8071
0.5575
0.5892
0.8863
0.8221
0.8896
0.9858
0.8908
0.9208
0.6746
0.7154
0.7363
0.6263
0.8904
0.7983
0.9479
0.96
0.5717
0.3467
0.3508
0.5054
0.3604
0.7483
0.6408
0.5988
0.5921
0.7292
0.3788
0.3467
0.6208
0.8538
0.9633
0.7588
0.8063
0.7229
0.6842
0.6333
0.5867
0.8446
0.7183
0.6617
0.7596
0.3658
0.2658
0.3583
0.7067
0.5538
0.6046
0.4542
0.6138
0.6638
0.8025
0.6475
0.3129
0.3513
0.2208
0.2454
0.2075
0.2729
0.4029
0.5845
0.5133
0.6633
0.8163
0.5083
0.6504
0.8288
0.6683
0.8383
0.8829
0.6892
0.6961
0.6129
0.5733
0.7546
0.2529
0.6629
0.4958
0.5517
0.5658
0.5563
0.6754
0.5783
0.5221
0.2504
0.5638
0.6533
0.5621
0.3958
0.6833
0.4621
0.6113
0.6142
0.605
0.5275
0.7975
0.8429
0.9796
0.9575
0.9646
0.8813
0.7317
0.8386
0.9813
0.6713
0.4575
0.4833
0.6833
0.5888
0.8948
0.7317
0.4796
0.4908
0.8471
1
0.9271
0.7458
0.6571
0.6733
0.5942
0.6571
0.6958
0.7671
0.3438
0.3717
0.8679
0.9679
0.6246
0.5388
0.7188
0.4879
0.5758
0.79
0.8646
0.7129
0.8896
0.9542
0.75
0.7971
0.6517
0.5717
0.8854
0.7075
0.7396
0.8396
0.8958
0.7158
0.6008
0.5721
0.5721
0.6738
0.6058
0.4783
0.5658
0.4617
0.3696
0.4175
0.3896
0.3083
0.6921
0.4063
0.755
0.6492
0.6009
0.5671
0.8196
0.8879
0.9863
0.995
0.9908
0.7967
0.5867
0.6954
0.7488
0.7008
0.5954
0.5158
0.5404
0.6083
0.7458
0.84
0.8058
0.8138
0.7254
0.8071
0.9779
0.8558
0.7268
0.8192
0.8463
0.8938
0.74
0.5827
0.59
0.7433
0.7375
0.8717
0.8638
0.7313
0.5933
0.6725
0.5425
0.4204
0.5317
0.6971
0.5908
0.5721
0.5592
0.4713
0.8
0.7442
0.7733
0.5792
0.6471
0.4879
0.5963
0.45
0.435
0.5942
0.8313
0.7
0.6
0.7163
0.6967
0.8025
0.7125
0.7554
0.7621
0.6917
0.7658
0.7004
0.7858
0.6113
0.6271
0.7167
0.7667
0.6208
0.5188
0.445
0.4892
0.495
0.5525
0.5904
0.5167
0.5475
0.5108
0.4554
0.4917
0.6117
0.7613
0.7263
0.5917
0.5667
0.4971
0.515
0.4275
0.3567
0.3825
0.6479
0.5
0.545
0.7363
0.5067
0.4271
0.4221
0.5913
0.4954
0.4096
0.6375
0.6679
0.6779
0.5279
0.7396
0.5667
0.4225
0.5521
0.7063
0.8329
0.7117
0.7496
0.7954
0.7004
0.7246
0.7592
0.7442
0.7233
0.7296
0.7358
0.9442
0.7788
0.9167
0.7342
0.6592
0.7017
0.5954
0.5979
0.465
0.6204
0.475
0.7325
0.9483
0.8413
0.8129
0.7642
0.8704
0.7554
0.8029
0.7929
0.9604
0.6542
0.7683
0.6604
0.6154
0.6071
0.6683
0.6904
0.6696
0.8588
0.6996
0.64
0.3671
0.7513
0.6217
0.6329
0.5933
0.6904
0.9679
0.8783
0.7904
0.8492
0.84
0.8067
0.8671
0.73
0.9704
0.6967
0.685
0.5833
0.6258
0.6642
0.8517
0.694
0.9388
0.8167
0.8542
0.8896
0.6679
0.6923
0.9417
0.8063
0.4663
0.3929
0.6275
0.4717
0.4475
0.3238
0.565
0.7946
0.7275
0.5638
0.5638
0.6646
0.6158
0.5979
0.5635
0.6383
0.595
0.8208
0.4933
0.4225
0.8267
0.9696
0.9367
0.5413
0.3154
0.7013
0.5013
0.3954
0.5554
0.5267
0.5021
0.6421
0.5371
0.5617
0.7142
0.4804
0.4108
0.4933
0.2175
0.3608
0.4821
0.3579
0.8442
0.6588
0.5754
0.9067
0.865
0.7363
0.5321
0.2563
0.7638
0.8225
0.7383
0.8454
0.5842
0.3154
0.4296
0.5429
0.7646
0.8625
0.6046
0.6913
0.5825
0.5758
0.4883
0.5758
0.7129
0.7288
0.7913
0.8167
0.5713
0.5192
0.6038
0.3763
0.2296
0.2746
0.8688
0.8904
0.7513
0.7233
0.7821
0.68
0.7388
0.985
0.9183
0.6604
0.4646
0.8308
0.6663
0.6029
0.7413
0.5708
0.6188
0.6733
0.8113
0.8179
0.7688
0.9475
0.4729
0.5567
0.7267
0.7779
0.6746
0.6533
0.7067
0.6925
0.7371
0.6313
0.5367
0.6963
0.7533
-99
-99
0.6342
0.6308
0.6529
0.6025
0.6517
0.5808
0.6042
0.8358
0.7621
0.655
0.7196
0.6204
0.6433
0.8579
0.6913
0.5721
0.6996
0.6346
0.4367
0.4858
0.4688
0.3433
0.5429
0.6192
0.6967
0.5383
0.3558
0.4096
0.3558
0.4117
0.6913
0.7658
0.8363
0.7429
0.4971
0.5723
0.6717
0.7613
0.6742
0.7833
0.7513
0.9933
0.955
0.6221
0.6567
0.9554
0.6004
0.5033
0.6329
0.5742
0.7
0.7042
0.6721
0.6504
0.6725
0.6621
0.6342
0.5913
0.5704
0.6213
0.5308
0.7954
0.9554
0.9704
0.9925
0.6338
0.64
0.6975
0.6479
0.5721
0.6617
0.7975
0.8054
0.8258
0.6233
0.5517
0.7371
0.5422
0.5358
0.475
0.6271
0.5765
0.5613
0.7638
0.9383
0.9529
0.6502
0.6063
0.7406
0.6223
0.726
0.8313
0.9788
0.9421
0.5113
0.5592
0.6617
0.6348
0.8823
0.749
0.8758
0.795
0.7817
0.6335
0.5773
0.639
0.6646
0.6556
0.6073
0.6271
0.4542
0.4375
0.3425
0.364
0.4231
0.4048
0.4492
0.6047
0.7683
0.6725
0.7138
0.6358
0.6454
0.4935
0.3769
0.7629
0.7785
0.801
0.8079
0.6277
0.6685
0.59
0.7275
0.7198
0.8673
0.886
0.6102
0.7152
0.5858
0.6683
0.9385
0.7767
0.8635
0.6244
0.6171
0.7729
0.7075
0.9429
0.8296
0.631
0.5419
0.4567
0.5371
0.4513
0.5758
0.505
0.4988
0.529
0.6985
0.6617
0.7706
0.9681
0.8092
0.5777
0.5506
0.7723
0.8294
0.7575
0.874
0.7454
0.8119
0.8365
0.8102
0.7548
0.6363
0.8415
0.8729
0.8317
0.6802
0.7813
0.8402
0.8102
0.8154
0.8338
0.9433
0.8894
0.979
0.8506
0.9554
0.8121
0.5596
0.771
0.7275
0.7717
0.7471
0.7408
0.8208
0.8652
0.8165
0.984
0.9423
0.8627
0.8471
0.7985
0.8093
0.6248
0.7667
0.815
0.9079
0.9233
0.7492
0.8629
0.8585
0.8406
0.8325
0.6122
-99
-99
-99
-99
0.8404
0.7698
0.657
0.96
0.8853
0.9657
0.9077
0.7173
0.7667
0.808
0.8526
0.9167
0.6848
0.6102
0.6527
0.7354
0.7318
0.9109
0.7194
0.8371
0.6906
0.6994
0.6117
0.4213
0.3754
0.3121
0.3085
0.3279
0.33
0.2777
0.4275
0.7193
0.881
0.9395
0.879
0.8636
0.7271
0.9213
0.9095
-99
0.7532
0.7628
0.5902
0.7507
0.6583
0.7835
0.9103
0.8368
0.7204
0.6631
0.7405
0.7613
0.684
0.7313
0.6257
0.5921
0.9158
0.9438
0.8094
0.6085
0.7848
0.9675
0.9181
0.9253
1
1
0.9383
0.8102
0.6269
0.9077
0.9958
0.9036
0.6306
0.4792
0.604
0.3927
0.3029
0.659
0.67
0.5042
0.814
0.9029
0.8179
0.6179
0.6069
0.7806
0.8579
0.3919
0.3444
0.1738
0.3825
0.5402
0.7373
0.7208
0.5333
0.2308
0.3323
0.38
0.6908
0.2363
0.2694
0.496
0.5285
0.7156
0.9138
0.68
0.3731
0.3981
0.6092
0.3898
0.645
0.6367
0.5821
0.7092
0.8081
0.7083
0.9896
0.9575
0.7996
0.7052
0.3955
0.3402
0.2248
0.5077
0.575
0.6142
0.6431
0.7552
0.7617
0.6031
0.5967
0.8431
0.7313
0.3327
0.4423
0.696
0.6498
0.5294
0.2756
0.419
0.4727
0.6594
0.6938
0.841
0.4631
0.5977
0.6119
0.7015
0.7608
0.7815
0.4408
0.7027
0.5571
0.4723
0.6867
0.6838
0.5381
0.7738
0.7481
0.8327
0.7385
0.2733
0.4159
0.4004
0.4775
0.569
0.6075
0.4652
0.601
0.6644
0.7127
0.6429
0.7931
0.7894
0.8642
0.5974
0.6317
0.9794
0.9323
0.9802
0.955
0.7694
0.5738
0.5721
0.5785
0.5677
0.4448
0.5517
0.7106
0.639
0.7513
0.7902
0.816
0.7696
0.6435
0.3677
0.3471
0.4927
0.6331
0.5367
0.4125
0.3492
0.3617
0.7692
0.7742
0.6442
0.8819
0.8548
0.5608
0.4533
0.6098
0.5683
0.7996
0.799
0.6992
0.61
0.6802
0.7488
0.6227
0.6719
0.4258
0.5123
0.48
0.666
0.6417
0.6098
0.6523
0.5688
0.2917
0.3431
0.3006
0.3098
0.4231
0.4475
0.5392
0.4763
0.816
0.8935
0.6721
0.5223
0.5521
0.5292
0.5306
0.7204
0.6923
0.5575
0.4192
0.5742
0.6596
0.4996
0.4792
0.4313
0.3708
0.3165
0.3498
0.4729
0.5321
0.639
0.6921
0.6402
0.6621
0.8573
0.6731
0.8038
0.764
0.6935
0.5906
0.7077
0.6348
0.5806
0.5408
0.594
0.7215
0.6163
0.5517
0.5273
0.57
0.4877
0.3967
0.4235
0.4508
0.4669
0.4138
0.395
0.3348
0.3283
0.7981
0.5944
0.5192
0.7096
0.7533
0.6796
0.5765
0.4456
0.411
0.5208
0.5465
0.5921
0.7025
0.58
0.609
0.7173
0.7892
0.9292
0.6988
0.9147
0.8727
0.9438
0.7773
0.7902
0.9094
0.7646
0.5994
0.5733
0.4423
0.507
0.6048
0.8281
0.749
0.671
0.6088
0.9044
0.706
0.6167
0.7244
0.779
0.8281
0.8619
0.739
0.8542
0.8369
0.835
0.8344
0.551
0.7835
0.7417
0.7642
0.5688
0.5335
0.5892
0.6752
0.7629
0.9408
0.9038
0.8823
0.7952
0.8188
0.8023
0.7675
0.6785
0.8921
0.94
0.8527
0.6335
0.5942
0.8879
0.7908
0.6633
0.7046
0.7438
0.8121
0.5877
0.7048
0.7669
0.5883
0.6921
0.8817
0.82
0.7292
0.8823
0.9035
0.7692
0.8896
0.8173
0.8298
0.6269
0.566
0.7129
0.8129
0.8225
0.6377
0.5808
0.8363
0.904
0.7688
0.7004
0.8579
0.8804
0.9442
0.91
0.9617
0.829
0.5735
0.6127
0.58
0.8642
0.9583
0.9906
0.62
0.6731
0.7996
0.7519
0.7594
0.9758
0.9081
0.6781
0.7156
0.6402
0.6621
0.671
0.5758
0.4465
0.5248
0.601
0.974
0.661
0.315
0.3521
0.3792
0.3746
0.4771
0.5277
0.5367
0.5442
0.411
0.2515
0.7567
0.7127
0.5827
0.5954
0.6256
0.4929
0.3854
0.2679
0.6131
0.5444
0.7719
0.9435
0.9892
0.9406
0.7902
0.7444
0.746
0.7704
0.7913
0.7021
0.6531
0.4915
0.4908
0.4585
0.5
0.9298
0.9104
0.5921
0.8058
0.8438
0.446
0.3452
0.3467
0.8631
0.8492
0.6065
0.7875
0.8631
0.6867
0.6804
0.8994
0.7763
0.694
0.7592
0.6988
0.6869
0.6948
0.7125
0.5817
0.5219
0.6879
0.7119
0.2975
0.3817
0.7075
0.8638
0.6981
0.7646
0.8152
0.7104
0.7771
0.9042
0.614
0.5567
0.7035
0.8602
0.7485
0.7315
0.7656
0.7156
0.8131
0.3792
0.2965
0.8794
0.6902
0.6396
0.7394
0.7783
0.9398
0.8767
0.8065
0.7081
0.5017
0.3804
0.4827
0.5652
0.5783
0.475
0.2613
0.5038
0.6563
0.6858
0.6733
0.7958
0.9844
0.8215
0.3785
0.3208
0.5396
0.5117
0.7179
0.6202
0.6556
0.6948
0.5358
0.679
0.4638
0.5077
0.6521
0.7465
0.7965
0.7913
0.8067
0.9171
0.8138
0.9925
0.9098
0.889
0.6819
0.4944
0.4983
0.6871
0.8213
0.736
0.5808
0.6248
0.5096
0.53
0.8598
0.7146
0.77
0.9125
0.9527
0.7283
0.7502
0.7152
0.536
0.7488
0.7294
0.6081
0.5529
0.4694
0.5644
0.5833
0.5738
0.7721
0.6231
0.4565
0.8831
0.7919
0.7756
0.6529
0.6425
0.7381
0.9927
0.9846
0.8277
0.8642
0.3848
0.3752
0.5707
0.5488
0.5544
0.7525
0.8213
0.9763
0.995
0.7773
0.7733
0.6538
0.71
0.6817
0.771
0.6829
0.8213
0.769
0.8071
0.7738
0.5627
0.6844
0.5231
0.7088
0.6419
0.6567
0.569
0.715
0.5863
0.7242
0.7758
0.7056
0.7019
0.505
0.5819
0.6756
0.5896
0.5498
0.5498
0.5602
0.5792
0.7604
0.6575
0.6758
0.5325
0.7596
0.55
0.6651
0.71
0.5354
0.5656
0.4529
0.4071
0.3873
0.3581
0.5927
0.7635
0.7215
0.5842
0.5506
0.676
0.5481
0.6715
0.7596
0.5838
0.6042
0.5702
0.5748
0.5538
0.584
0.4304
0.4181
0.771
0.651
0.6592
0.6471
0.6094
0.3927
0.3713
0.2481
0.3431
0.5575
0.6302
0.6121
0.5827
0.5454
0.5367
0.704
0.6935
0.6148
0.5096
0.745
0.7696
0.8181
0.5694
0.5819
0.8479
0.6748
0.5921
0.4535
0.6035
0.7944
0.7223
0.7375
0.4973
0.4723
0.4283
0.625
0.6094
0.7998
0.7592
0.7796
0.6833
0.7252
0.4554
0.3458
0.4096
0.4854
0.4952
0.6879
0.9008
0.8019
0.6973
0.5463
0.5192
0.5069
0.4338
0.5021
0.561
0.7298
0.7377
0.7596
0.7363
0.621
0.7056
0.8054
0.7404
0.5694
0.6023
0.8019
0.6565
0.5669
0.7792
0.7115
0.854
0.8346
0.7888
0.8096
0.8129
0.8213
0.6519
0.6483
0.7473
0.8688
0.9835
0.9229
0.9204
0.7752
0.7973
0.8598
0.9042
0.9973
0.9829
0.9007
0.8821
0.999
0.8525
0.6748
0.7577
0.7938
0.8375
0.895
0.9369
0.8685
0.9854
0.9644
0.8381
0.6992
0.6608
0.9048
0.7513
0.4721
0.5129
0.8598
0.8525
0.6877
0.5846
0.6013
0.894
0.825
0.8215
0.596
0.685
0.7
0.7295
0.8438
0.7269
0.78
0.6619
0.6431
0.6179
0.6877
0.8163
0.796
1
0.9871
1
0.7646
0.7217
0.9365
0.9577
0.8758
0.9104
0.8483
0.6306
0.3273
0.75
0.9877
0.9449
0.8654
0.757
0.6106
0.5244
0.701
0.6008
0.3669
0.4558
0.8438
0.8551
0.9271
0.8569
0.736
0.8065
0.7392
0.7131
0.565
0.5048
0.6963
0.25
0.3152
0.4215
0.1819
0.276
0.8535
0.7923
0.7125
0.7029
0.7475
0.6865
0.5185
0.5281
0.4563
0.3219
0.7713
0.6446
0.6771
0.8206
0.4917
0.404
0.4842
0.5977
0.3731
0.3913
0.5979
0.8971
0.8454
0.8454
0.8096
0.4542
0.8696
0.9681
0.986
0.9127
0.7279
0.7807
0.7842
0.5977
0.7002
0.6479
0.7663
0.7106
0.5158
0.7585
0.5823
0.4675
0.8817
0.9598
0.9981
0.994
0.9258
0.9081
0.8894
0.6525
0.7044
0.8427
0.7838
0.5402
0.42
0.3854
0.899
0.6667
0.754
0.7077
0.706
-99
0.6425
0.9985
0.7698
0.6315
0.5515
0.5794
0.7938
0.3342
0.5065
0.5294
0.804
0.7509
0.6329
0.6398
0.4569
0.3646
0.4417
0.4927
0.4658
0.7908
0.7315
0.7033
0.8571
0.9669
0.6902
0.6921
0.6565
0.6071
0.5263
0.6998
0.854
0.6252
0.461
0.5306
0.7065
0.5846
0.5119
0.4285
0.4719
0.4725
0.5335
0.6048
0.5652
0.5504
0.651
0.634
0.7483
0.8404
0.7735
0.5821
0.3729
0.4363
0.4231
0.3644
0.6927
0.9669
0.9713
0.586
0.8567
0.9369
0.56
0.6885
0.9002
0.8367
0.7075
0.6038
0.7171
0.7292
0.6346
0.7531
0.8829
0.5627
0.5708
0.6271
0.5604
0.4531
0.4281
0.6602
0.6785
0.7148
0.6231
0.6048
0.6254
0.4604
0.374
0.4733
0.634
0.5052
0.4719
0.6775
0.6121
0.5406
0.601
0.679
0.8925
0.8052
0.7035
0.8956
0.8069
0.6108
0.4619
0.2633
0.3471
0.4129
0.3844
0.2621
0.5488
0.5938
0.5273
0.5667
0.5946
0.5454
0.435
0.421
0.5548
0.7656
0.4591
0.6708
0.5935
0.4766
0.5521
0.6419
0.5617
0.5408
0.4644
0.4796
0.4085
0.3092
0.5131
0.7633
0.6398
0.8296
0.7238
0.8348
0.9298
0.7813
0.6892
0.5517
0.5477
0.5906
0.7442
0.7435
0.7681
0.8717
0.6942
0.7954
0.7419
0.6854
0.7667
0.6069
0.5027
0.6035
0.661
0.5502
0.4715
0.4798
0.5635
0.7442
0.7831
0.9217
0.8108
0.6617
0.756
0.7417
0.5579
0.4738
0.4875
0.6806
0.6533
0.5308
0.8921
0.8521
0.8154
0.5427
0.4
0.4108
0.4898
0.5802
0.6267
0.5475
0.5569
0.7079
0.9513
0.7638
0.6152
0.7848
0.8215
0.6969
0.8454
0.7129
0.8217
0.8915
0.5329
0.6302
0.7402
0.7323
0.9144
0.9863
0.8013
0.5963
0.8996
0.7138
0.7529
0.8929
0.8748
0.8494
0.7102
0.6938
0.7996
0.8844
0.8888
0.7771
0.6915
0.9023
0.9044
0.8863
0.9383
0.7519
0.8135
0.77
0.6496
0.7913
0.8242
0.8013
0.8008
0.6077
0.8246
0.9158
0.8904
0.8838
0.9781
0.9927
0.8656
0.7319
0.7048
0.6573
0.4996
0.5475
0.4729
0.6704
0.6323
0.5071
0.834
0.8559
0.8558
0.9006
0.8785
0.889
0.7004
0.3596
0.3598
0.5946
0.6406
0.5142
0.5292
0.7356
0.3748
0.3465
0.3935
0.516
0.3381
0.5994
0.5015
0.4808
0.3748
0.4973
0.44
0.4542
0.6817
0.59
0.6765
0.45
0.7954
0.4038
0.645
0.371
0.2335
0.39
0.601
0.6908
0.6992
0.6977
0.7108
0.8063
0.8285
0.7927
0.6171
0.8108
0.698
0.4681
0.3813
0.626
0.801
0.7335
0.659
0.5071
0.6998
0.5252
0.8596
0.7467
0.7952
0.6938
0.7329
0.6973
0.5867
0.5777
0.6627
0.6479
0.639
0.6525
0.9113
0.954
0.7798
0.5894
0.7356
0.6621
0.5713
0.8694
0.9285
0.8515
0.7696
0.6644
0.7325
0.706
0.6777
0.6294
0.651
0.5273
0.6825
0.8858
0.9288
0.7048
0.7202
0.6385
0.5881
0.639
0.8181
0.5783
0.5402
0.9906
0.9998
0.9292
0.6031
0.7277
0.5963
0.3942
0.5598
0.9188
0.6267
0.7896
0.7607
0.6929
0.8454
0.6942
0.9252
0.7317
0.6377
0.7091
0.6822
0.5975
0.5169
0.9183
0.9433
0.9727
0.9429
0.6852
0.7046
0.754
0.8823
0.7171
0.5602
0.7623
0.7204
0.7279
0.6371
0.584
0.6442
0.7763
0.6963
0.5769
0.6715
0.6333
0.594
0.5994
0.2898
0.2953
0.4606
0.9158
0.8585
0.6706
0.6225
0.4877
0.7335
0.5813
0.5521
0.4044
0.4925
0.6623
0.5638
0.6363
0.6177
0.759
0.9515
0.7575
0.8334
0.9629
0.8248
0.9365
0.9106
0.5909
0.7333
0.6378
0.491
0.5881
0.6023
0.499
0.4456
0.4388
0.5523
0.4965
0.6292
0.6542
0.8494
0.8725
0.574
0.7394
0.5123
0.5763
0.6292
0.695
0.7563
0.7631
0.7392
0.8304
0.8983
0.7871
0.931
0.6654
0.5654
0.6052
0.6456
0.6517
0.7129
0.6406
0.6654
0.6681
0.7415
0.6192
0.5585
0.5223
0.8502
0.7448
0.8708
0.8929
0.884
0.7675
0.725
0.7073
0.8713
0.7683
0.8154
0.8948
0.8329
0.6992
0.4735
0.5971
0.6623
0.6794
0.579
0.6379
0.685
0.71
0.6902
0.6683
0.609
0.4923
0.4255
0.5279
0.7429
0.6471
0.6238
0.5642
0.4592
0.7148
0.7669
0.5165
0.6106
0.7025
0.5373
0.4277
0.7344
0.6993
0.674
0.4704
0.6071
0.6444
0.7558
0.64
0.5373
0.4171
0.5156
0.669
0.6525
0.5325
0.5267
0.4713
0.7817
0.7317
0.6769
0.6717
0.44
0.3694
0.3292
0.6185
0.6808
0.6579
0.5204
0.4729
0.4723
0.4406
0.4554
0.4923
0.5238
0.684
0.7808
0.8838
0.7574
0.7775
0.8013
0.7631
0.8425
0.7763
0.7885
0.7408
0.731
0.5708
0.5508
0.4973
0.4994
0.524
0.7338
0.8294
0.8579
0.829
0.6404
0.6294
0.8127
0.9985
0.9865
0.7863
0.9442
0.8208
0.7658
0.8398
0.8598
0.8373
0.8456
0.749
0.6156
0.7017
0.7044
0.7006
0.8842
0.8342
0.7754
0.9002
0.8329
0.5454
0.6223
0.6875
0.6535
0.8631
0.744
0.7488
0.769
0.5363
0.6577
0.814
0.6577
0.4021
0.5065
0.645
0.8121
0.9598
0.7521
0.7844
0.9242
0.9817
0.7542
0.7942
0.9938
0.9992
0.9596
0.875
0.9235
0.9343
0.8031
0.7623
0.7079
0.7975
0.7013
0.321
0.4706
0.4842
0.9192
0.946
0.6977
0.726
0.989
0.8385
0.7233
0.5375
0.7152
0.955
0.7967
0.6863
0.9179
0.8744
0.6992
0.73
0.9025
0.8588
0.9346
0.9762
0.9221
0.9415
0.9479
0.9392
0.931
0.7044
0.6352
0.8348
0.711
0.7817
0.6458
0.4442
0.4983
0.4523
0.6685
0.6413
0.6671
0.6827
0.7513
0.5219
0.8448
0.9406
0.8321
0.4429
0.8552
0.7725
0.9056
0.8942
0.8027
0.8383
0.8108
0.5323
0.65
0.59
0.6002
0.6935
0.5885
0.6277
0.5065
0.7748
0.8846
0.9146
0.7506
0.5223
0.1627
0.2425
0.4729
0.206
0.4125
0.7227
0.2996
0.1985
0.3794
0.401
0.4733
0.315
0.3554
0.5675
0.4748
0.6094
0.4521
0.8054
0.9221
0.86
0.8142
0.9148
0.6733
0.5867
0.7758
0.3598
0.3408
0.6158
0.5425
0.591
0.7652
0.5721
0.805
0.7515
0.6
0.2467
0.3202
0.6131
0.7385
0.7575
0.6267
0.5679
0.6054
0.7144
0.4325
0.3006
0.2281
0.2256
0.2329
0.3544
0.5053
0.8577
0.8738
0.6133
0.3235
0.4285
0.4433
0.4844
0.3275
0.2421
0.4706
0.5904
0.7023
0.3838
0.5725
0.706
0.8548
0.5602
0.4915
0.5865
0.6881
0.7713
0.8056
0.7015
0.5904
0.5554
0.4021
0.5656
0.665
0.7804
0.6408
0.4869
0.4344
0.3442
0.3981
0.476
0.4585
0.4892
0.4648
0.5567
0.8365
0.7817
0.5473
0.7483
0.861
0.5695
0.8865
0.7606
0.7319
0.6092
0.7638
0.671
0.491
0.6265
0.4954
0.5342
0.6079
0.6915
0.8308
0.6835
0.561
0.6152
0.6954
0.7363
0.8898
0.7542
0.8688
0.5731
0.661
0.8167
0.915
0.8729
0.721
0.6783
0.8992
0.6744
0.441
0.7194
0.8117
0.694
0.4523
0.6002
0.7135
0.484
0.47
0.4675
0.6123
0.6644
0.965
0.7852
0.8156
0.715
0.5981
0.5696
0.5125
0.8808
-99
-99
0.6762
0.8398
0.6646
0.6469
0.4775
0.4406
0.3735
0.4032
0.4129
0.6117
0.8227
0.6554
0.4894
0.3963
0.5527
0.8923
0.7485
0.4702
0.6354
0.7292
0.6415
0.4121
0.4135
0.4804
0.7135
0.7927
0.6323
0.5094
0.4375
0.6827
0.396
0.3379
0.2456
0.2596
0.3729
0.4283
0.6081
0.5527
0.5167
0.469
0.4102
0.5452
0.5613
0.7352
0.5813
0.5133
0.57
0.5869
0.6579
0.701
0.6254
0.7067
0.6981
0.6842
0.5879
0.485
0.3115
0.2702
0.401
0.5063
0.564
0.8104
0.6419
0.5917
0.8023
0.8244
0.4973
0.5119
0.515
0.5356
0.4596
0.5731
0.9129
0.5896
0.4229
0.6956
0.7275
0.845
0.5538
0.7144
0.8788
0.8913
0.6898
0.6956
0.8869
0.7892
0.796
0.7421
0.585
0.5621
0.4488
0.4954
0.7308
0.6815
0.5904
0.5296
0.486
0.6642
0.7896
0.6479
0.54
0.7754
0.6044
0.71
0.841
0.9238
0.9133
0.7021
0.4329
0.4435
0.4163
0.416
0.464
0.529
0.546
0.6773
0.7592
0.9556
0.8023
0.7446
0.4479
0.7821
0.7375
0.8317
0.8248
0.5927
0.7175
0.5431
0.7088
0.5525
0.6983
0.8715
0.8771
0.5746
0.7973
0.9633
0.945
0.9665
0.9694
0.9542
0.9681
0.5677
0.4667
0.4604
0.6638
0.8081
0.8985
0.8333
0.9619
0.9492
0.7927
0.5875
0.6044
0.6769
0.6173
0.5519
0.6081
0.7485
0.775
0.7792
0.6488
0.6542
0.6723
0.6342
0.6533
0.5981
0.6021
0.6673
0.3892
0.445
0.7575
0.766
0.7869
0.769
0.7244
0.8292
0.5706
0.7835
0.6858
0.9385
0.6871
0.5031
0.7438
0.6892
0.6333
0.71
0.8027
0.7733
0.7794
0.6971
0.8648
0.9769
0.9448
0.8085
0.7077
0.7304
0.5115
0.3506
0.5842
0.7556
0.846
0.67
0.5933
0.9015
0.9
0.7785
0.9542
0.8954
0.8029
0.7006
0.5552
0.5952
0.5613
0.5238
0.4875
0.6663
0.9567
0.9063
0.8771
0.6323
0.6702
0.4538
0.4433
0.3365
0.5915
0.4688
0.631
0.6304
0.8352
0.7396
0.4165
0.3219
0.3865
0.5294
0.6735
0.5615
0.6554
0.5977
0.6673
0.9888
0.991
0.915
0.6588
0.89
0.846
0.6738
0.6835
0.7744
0.7756
0.7488
0.7469
0.6533
-99
0.681
0.4454
0.6468
0.9202
0.8577
0.7713
0.7452
0.7304
0.9431
0.805
0.8556
0.7421
0.4423
0.6535
0.7475
0.716
0.5743
0.5727
0.5983
0.4506
0.4408
0.5706
0.5779
0.7177
0.8704
0.7538
0.6425
0.8238
-99
-99
-99
-99
-99
-99
0.7979
0.6813
0.5142
0.4923
0.8163
0.8996
0.8673
0.9998
0.8806
0.7296
0.7198
0.6977
0.7631
0.9606
1
0.9525
0.816
0.8788
0.6765
0.6592
0.6098
0.9817
0.9604
0.9996
0.9035
0.814
0.674
0.5513
0.4931
0.6921
0.591
0.5198
0.5077
0.6079
0.4888
0.8879
0.8348
0.8092
0.856
0.7404
0.8554
0.9944
0.9938
0.9952
0.9521
0.9102
0.6283
0.5985
0.715
0.815
0.6183
0.5708
0.6004
0.6725
0.5858
0.7448
0.5648
0.5654
0.6371
0.6158
0.499
0.8708
0.9981
0.7698
0.8567
0.7635
0.9721
0.8952
0.866
0.7354
0.6427
0.4817
0.5085
0.5377
0.429
0.5015
0.8342
0.7623
0.5565
0.5956
0.6175
0.6577
0.906
0.7438
0.841
0.8396
0.8294
0.7985
0.6763
0.7923
0.9996
0.915
0.8923
0.8902
0.9871
0.7015
0.5623
0.691
0.776
0.8744
0.8142
0.9452
0.8098
0.9108
0.8288
0.731
0.6279
0.5888
0.546
0.4673
0.6246
0.6169
0.801
0.799
0.5442
0.7706
0.864
0.6933
0.4806
0.6279
0.8225
0.5831
0.5323
0.4779
0.6302
0.6971
0.7181
0.6367
0.7146
0.9215
0.8542
0.7706
0.5519
0.5469
0.4271
0.3558
0.4923
0.6096
0.7065
0.6246
0.4719
0.4044
0.5223
0.3338
0.3142
0.4
0.7494
0.719
0.8454
0.8013
0.5508
0.4133
0.4658
0.5052
0.389
0.4475
0.6996
0.761
0.8888
0.7933
0.8444
0.8148
0.7092
0.5779
0.5552
0.6467
0.8742
0.8558
0.8142
0.8317
0.7165
0.8363
0.9035
0.9713
0.7946
0.5998
0.7438
0.8115
0.8581
0.7481
0.7075
0.781
0.7302
0.601
0.9546
0.6992
0.5852
0.5348
0.4558
0.4435
0.5417
0.5792
0.495
0.7781
0.8467
0.6871
0.8775
0.8377
0.6056
0.6352
0.5833
0.6465
0.4652
0.6244
0.7488
0.6581
0.8317
0.8969
0.689
0.61
0.6854
0.6281
0.8381
0.9402
0.9096
0.9823
0.5808
0.4673
0.6863
0.8025
0.5425
0.5594
0.5115
0.6994
0.8535
0.9811
0.8956
0.8613
0.746
0.6469
0.649
0.7052
0.6598
0.715
0.8038
0.531
0.3358
0.4377
0.5077
0.9821
0.8769
0.8852
1
0.9575
0.7781
0.6681
0.8529
0.7767
0.6867
0.7223
0.844
0.7967
0.9542
0.7371
0.6873
0.62
0.4525
0.6233
0.6525
0.7854
0.7669
0.9971
1
0.9892
0.9938
0.8063
0.6683
0.8652
0.5763
0.6581
0.7004
0.7606
0.7883
0.8808
0.6594
0.5552
0.815
0.87
0.6527
0.7435
0.8185
0.8427
0.6977
0.939
1
0.8681
0.9435
0.7669
0.5827
0.6756
0.8727
0.6054
0.3052
0.471
0.7423
0.7065
0.6498
0.7433
0.851041666666667
0.740833333333333
0.628333333333333
0.749583333333333
0.856875
0.739375
0.908125
0.725833333333333
0.980208333333333
0.962916666666667
0.963958333333333
0.556458333333333
0.574583333333333
0.770416666666667
0.544375
0.496875
0.502083333333333
0.940208333333333
0.772291666666667
0.92375
0.754375
0.757291666666667
0.751041666666667
0.68
0.838125
0.786875
0.688333333333333
0.68
0.652
0.673125
0.706458333333333
0.628958333333333
0.69375
0.582708333333333
0.625208333333333
0.499791666666667
0.757916666666667
0.873333333333333
0.847708333333333
0.84625
0.783958333333333
0.707916666666667
0.855833333333333
0.823958333333333
1
1
0.788541666666667
0.76875
0.4525
0.455625
0.562083333333333
0.9375
1
0.983541666666667
0.881458333333333
0.902083333333333
0.861041666666667
0.836666666666667
0.930625
0.925
0.903125
0.81
0.803125
0.887291666666667
0.883958333333333
0.952083333333333
0.91625
0.834375
0.713125
0.552708333333333
0.945625
0.676041666666667
0.743333333333333
0.642708333333333
0.548541666666667
0.697291666666667
0.787916666666667
0.855416666666667
0.593333333333333
0.454791666666667
0.505833333333333
0.605416666666667
0.515416666666667
0.514791666666667
0.593125
0.789791666666667
0.606458333333333
0.433541666666667
0.3925
0.401666666666667
0.248958333333333
0.425416666666667
0.503333333333333
0.735208333333333
0.555833333333333
0.741041666666667
0.929583333333333
0.832708333333333
0.957291666666667
0.991875
0.994375
0.777291666666667
0.865416666666667
0.852083333333333
0.657916666666667
0.876458333333333
0.725833333333333
0.518958333333333
0.7925
0.760625
0.999166666666667
0.8675
0.561875
0.52375
0.597083333333333
0.711458333333333
0.88
0.99
0.972083333333333
0.9775
0.863333333333333
0.819583333333333
0.595833333333333
0.561041666666667
0.671875
0.739583333333333
0.761875
0.678958333333333
0.727291666666667
0.714791666666667
0.590833333333333
0.530625
0.572708333333333
0.723541666666667
0.558541666666667
0.694375
0.791458333333333
0.947291666666667
0.825625
0.775
0.659375
0.81875
0.808333333333333
0.689375
0.967916666666667
0.831041666666667
0.777708333333333
0.565208333333333
0.441875
0.666875
0.653333333333333
0.740625
0.830625
0.869791666666667
0.81875
0.800208333333333
0.77375
0.68125
0.593125
0.553958333333333
0.512083333333333
0.497291666666667
0.466875
0.429375
0.318958333333333
0.362708333333333
0.444375
0.818333333333333
0.747291666666667
0.720208333333333
0.69625
0.561666666666667
0.627708333333333
0.817291666666667
0.705208333333333
0.720833333333333
0.610833333333333
0.5175
0.698541666666667
0.868125
0.939583333333333
0.799375
0.524375
0.682708333333333
0.749583333333333
0.695
0.822708333333333
0.629583333333333
0.658958333333333
0.825208333333333
0.621041666666667
0.597708333333333
0.686458333333333
0.518541666666667
0.720833333333333
0.783541666666667
0.749583333333333
0.662916666666667
0.603958333333333
0.510416666666667
0.443333333333333
0.404583333333333
0.342708333333333
0.342291666666667
0.614583333333333
0.703958333333333
0.743333333333333
0.577916666666667
0.805625
0.653958333333333
0.761666666666667
0.836458333333333
0.770833333333333
0.860625
0.805208333333333
0.845625
0.731666666666667
0.951875
0.827916666666667
0.843958333333333
0.621666666666667
0.476666666666667
0.424791666666667
0.307083333333333
0.417916666666667
0.319375
0.399375
0.786041666666667
0.651666666666667
0.7125
0.730416666666667
0.833333333333333
0.67875
0.759791666666667
0.910208333333333
0.97625
0.716875
0.786666666666667
0.840625
0.914166666666667
0.875
0.911458333333333
0.899166666666667
0.73
0.780416666666667
0.848125
0.9425
0.795833333333333
0.815625
0.849791666666667
0.8375
0.87125
0.845833333333333
0.877916666666667
0.927708333333333
0.907291666666667
0.900208333333333
0.781875
0.922916666666667
0.755
0.888333333333333
0.689166666666667
0.800208333333333
0.647291666666667
0.650833333333333
0.645625
0.585416666666667
0.788333333333333
0.589583333333333
0.606458333333333
0.83375
0.912708333333333
0.778541666666667
0.767708333333333
0.831041666666667
0.943541666666667
0.923958333333333
0.670625
0.7625
0.771041666666667
0.887083333333333
0.995
0.956458333333333
0.775416666666667
0.644375
0.744166666666667
0.949166666666667
0.897083333333333
0.972916666666667
0.970416666666667
0.928333333333333
0.935625
0.98875
0.958125
0.866666666666667
0.696041666666667
0.680208333333333
0.661875
0.704791666666667
0.780625
0.808333333333333
0.98375
0.911458333333333
0.78625
0.690833333333333
0.66375
0.801458333333333
0.829583333333333
0.669791666666667
0.351666666666667
0.355833333333333
0.536458333333333
0.636666666666667
0.925208333333333
0.935
0.77125
0.747083333333333
0.960625
0.71
0.744166666666667
0.765
0.75
0.680208333333333
0.729583333333333
0.705833333333333
0.971458333333333
0.89875
0.999166666666667
0.903541666666667
0.865208333333333
0.7375
0.560416666666667
0.672916666666667
0.916875
0.872708333333333
0.673863636363636
0.508958333333333
0.670833333333333
0.568541666666667
0.527083333333333
0.615416666666667
0.611875
0.608541666666667
0.762708333333333
0.79375
0.753541666666667
0.646041666666667
0.328541666666667
0.292083333333333
0.373541666666667
0.537916666666667
0.513125
0.588125
0.502083333333333
0.594791666666667
0.890833333333333
0.9625
0.895
0.664375
0.684791666666667
0.722916666666667
0.62625
0.576041666666667
0.496458333333333
0.242708333333333
0.15375
0.238125
0.506458333333333
0.435833333333333
0.485833333333333
0.348333333333333
0.412291666666667
0.478125
0.655416666666667
0.952708333333333
0.548541666666667
0.89125
0.282291666666667
0.491041666666667
0.266458333333333
0.257708333333333
0.183333333333333
0.370208333333333
0.668125
0.72125
0.826666666666667
0.6225
0.64375
0.700833333333333
0.538541666666667
0.216458333333333
0.252708333333333
0.152083333333333
0.168333333333333
0.214791666666667
0.363541666666667
0.437291666666667
0.233958333333333
0.236041666666667
0.565
0.820208333333333
0.6775
0.562708333333333
0.705
0.361875
0.462708333333333
0.5625
0.932708333333333
0.990416666666667
0.741041666666667
0.506666666666667
0.620833333333333
0.701666666666667
0.588541666666667
0.929375
0.697916666666667
0.56625
0.3775
0.598541666666667
0.687291666666667
0.7525
0.792291666666667
0.605
0.783541666666667
0.76125
0.929791666666667
0.795208333333333
0.696458333333333
0.675416666666667
0.926875
0.863125
0.934791666666667
0.89
0.975416666666667
0.99
0.966458333333333
0.8875
0.934375
0.9925
0.911666666666667
0.7475
0.756875
0.838958333333333
0.934583333333333
0.955625
0.856458333333333
0.84375
0.721041666666667
0.527916666666667
0.642083333333333
0.56125
0.365208333333333
0.6125
0.931666666666667
0.829791666666667
0.336666666666667
0.404791666666667
0.656875
0.703958333333333
0.4925
0.481666666666667
0.426041666666667
0.480625
0.79
0.90875
0.645208333333333
0.983541666666667
0.915208333333333
0.434583333333333
0.469375
0.449166666666667
0.54125
0.607291666666667
0.72
0.848541666666667
0.903541666666667
0.650625
0.896458333333333
0.679375
0.5825
0.436875
0.494791666666667
0.506041666666667
0.5875
0.727916666666667
0.784375
0.776458333333333
0.82625
0.789166666666667
0.674166666666667
0.436875
0.478958333333333
0.482291666666667
0.526875
0.458125
0.443125
0.406458333333333
0.445833333333333
0.34375
0.3925
0.417083333333333
0.455833333333333
0.488125
0.523125
0.396666666666667
0.309166666666667
0.162916666666667
0.604583333333333
0.975833333333333
0.711666666666667
0.490833333333333
0.498958333333333
0.420208333333333
0.579791666666667
0.478125
0.478333333333333
0.422291666666667
0.447083333333333
0.484166666666667
0.496041666666667
0.565208333333333
0.616041666666667
0.694166666666667
0.800416666666667
0.770208333333333
0.5125
0.356458333333333
0.30875
0.268333333333333
0.272083333333333
0.315625
0.239583333333333
0.274583333333333
0.313958333333333
0.674583333333333
0.757083333333333
0.617291666666667
0.770625
0.671875
0.543958333333333
0.660208333333333
0.729791666666667
0.795416666666667
0.487435897435897
0.479583333333333
0.623333333333333
0.703541666666667
0.538958333333333
0.375
0.39
0.577291666666667
0.620833333333333
0.658958333333333
0.51625
0.506458333333333
0.391875
0.381458333333333
0.365625
0.402083333333333
0.385416666666667
0.364375
0.33
0.318541666666667
0.346041666666667
0.387916666666667
0.483125
0.53875
0.411041666666667
0.618125
0.428958333333333
0.59
0.704166666666667
0.756666666666667
0.869583333333333
0.858125
0.8675
0.687708333333333
0.536875
0.463541666666667
0.421041666666667
0.409166666666667
0.507083333333333
0.474791666666667
0.480208333333333
0.437708333333333
0.390208333333333
0.425208333333333
0.359375
0.399166666666667
0.397708333333333
0.4725
0.690208333333333
0.805416666666667
0.859375
0.670625
0.596875
0.553125
0.700208333333333
0.870416666666667
0.723958333333333
0.613958333333333
0.63375
0.624583333333333
0.755416666666667
0.65375
0.558958333333333
0.740416666666667
0.692083333333333
0.587916666666667
0.829583333333333
0.853333333333333
0.897291666666667
0.871666666666667
0.678125
0.55
0.471666666666667
0.707083333333333
0.895416666666667
0.85625
0.644583333333333
0.637708333333333
0.707708333333333
0.615833333333333
0.810625
0.782291666666667
0.786875
0.800416666666667
0.869791666666667
0.829583333333333
0.7125
0.880416666666667
0.867916666666667
0.819166666666667
0.605
0.589791666666667
0.624583333333333
0.672916666666667
0.665833333333333
0.460416666666667
0.518125
0.614583333333333
0.669791666666667
0.694791666666667
0.805416666666667
0.885208333333333
0.940625
0.917708333333333
0.954583333333333
0.889791666666667
0.737083333333333
0.642708333333333
0.609583333333333
0.584791666666667
0.751458333333333
0.967916666666667
0.875833333333333
0.624375
0.7225
0.655208333333333
0.609583333333333
0.645
0.557291666666667
0.492083333333333
0.346666666666667
0.30125
0.239375
0.431458333333333
0.717083333333333
0.960833333333333
0.739375
0.721041666666667
0.861041666666667
0.470416666666667
0.355208333333333
0.36625
0.623958333333333
0.708541666666667
0.624791666666667
0.79875
0.771875
0.765416666666667
0.708125
0.812083333333333
0.731875
0.702291666666667
0.773125
0.766041666666667
0.718541666666667
0.50125
0.756666666666667
0.620625
0.712083333333333
0.738333333333333
0.665833333333333
0.30695652173913
0.685208333333333
0.716041666666667
0.690416666666667
0.803541666666667
0.892708333333333
0.71125
0.718958333333333
0.657291666666667
0.650625
0.835
0.832291666666667
0.948541666666667
0.814583333333333
0.776875
0.766666666666667
0.925625
0.830416666666667
0.851458333333333
0.874166666666667
0.894583333333333
0.954583333333333
0.763125
0.984583333333333
0.81875
0.823541666666667
0.752291666666667
0.602291666666667
0.424166666666667
0.35
0.438333333333333
0.639791666666667
0.542291666666667
0.622708333333333
0.748125
0.347291666666667
