20000101
0.9665
0.9863
0.9796
0.8894
0.7126
0.7466
0.8953
0.8581
0.9511
0.9261
0.8616
0.8609
0.9393
1
1
0.9839
0.945
0.7955
0.8011
0.8857
0.8791
0.8444
0.8625
0.8439
0.938
0.9444
0.9929
0.9285
0.8814
0.9266
0.6978
0.6382
0.9224
0.8181
0.5421
0.5078
0.6473
0.8077
0.8309
0.7867
0.7659
0.8803
0.7665
0.5871
0.9435
0.8755
0.7997
0.8956
0.7963
0.8515
0.8742
0.8521
0.8096
0.8038
0.855
0.8522
0.6866
0.5438
0.6985
0.9336
0.818
0.7642
0.6445
0.7022
0.8596
0.9952
0.9484
0.8363
0.5517
0.5694
0.6063
0.5715
0.6731
0.8093
0.757
0.752
0.5922
0.74
0.8624
0.903
0.9981
0.9854
0.9893
0.8888
0.8255
0.8132
0.8469
0.8886
0.8368
0.9854
0.8459
0.7855
0.945
0.8726
0.8649
0.7847
0.7708
0.7139
0.9362
0.9515
1
0.9281
0.7572
0.7792
0.8609
0.6854
0.9877
0.777
0.8247
0.8342
0.7903
0.7023
0.7197
0.7806
0.7503
0.6676
0.6244
0.9797
0.8879
0.8577
0.6224
0.6015
0.5228
0.4921
0.6758
0.8591
0.9065
0.9207
0.9423
0.9362
0.9925
0.8478
0.7068
0.6
0.5848
0.6181
0.6946
0.8474
0.7887
0.85
0.99
1
0.9316
0.8478
0.9228
0.9181
0.9337
0.8877
0.8409
0.8078
0.8259
0.8273
0.8186
0.835
0.6597
0.7324
0.8486
0.8013
0.7412
0.6847
0.9024
1
0.9086
0.8574
0.8625
0.8926
0.7453
0.6476
0.6946
0.6268
0.6942
0.8209
0.9267
0.8966
0.9647
0.7922
0.8163
0.9847
0.7591
0.7951
0.932
0.947
0.7098
0.6163
0.6209
0.6536
0.8217
0.5889
0.5203
0.7021
0.6914
0.8337
0.6803
0.691
0.6888
0.8067
0.7874
0.941
0.9161
0.8911
0.8239
0.8444
0.6619
0.6372
0.8046
0.7306
0.777
0.7234
0.7332
0.8527
0.7804
0.9083
0.886
0.6867
0.7764
0.9332
0.7162
0.741
0.6573
0.7076
0.6794
0.6462
0.6338
0.7783
0.863
0.8187
0.7264
0.6337
0.5772
0.6024
0.5703
0.5038
0.527
0.64
0.7787
0.7553
0.5406
0.3673
0.4888
0.7429
0.9066
0.8129
0.9123
0.7797
0.74
0.7532
0.7812
0.79
0.7057
0.5891
0.6123
0.8978
0.838
0.6008
0.5246
0.8141
0.8381
0.6422
0.5241
0.5711
0.9775
0.9053
0.9334
0.8064
0.6638
0.6506
0.7136
0.806
0.9493
0.9126
0.9431
0.9719
0.8171
0.7756
0.8287
0.8586
0.8012
0.6869
0.8673
0.837
0.7447
0.6803
0.8125
0.8064
0.8045
0.9946
0.9948
0.8697
0.9489
0.9558
0.8493
0.797
0.78
0.9452
1
1
1
0.988
1
0.9915
0.9624
0.9004
0.9255
0.9577
0.9134
0.8868
0.9992
0.8759
0.8885
0.9238
0.8018
0.804
0.8021
0.8686
0.8643
0.9936
0.9761
0.9988
0.904
0.897
0.9386
0.9174
1
0.9927
0.99
0.9461
0.9033
0.9532
0.937
0.9904
0.9359
0.9597
0.791
0.9988
0.9781
0.9675
0.9473
0.9344
0.9345
0.8606
0.9716
0.8906
0.8797
0.9195
0.8992
0.8414
0.6022
0.6197
0.6891
0.8988
0.9692
0.8409
0.8744
0.8197
0.9223
1
0.9992
0.9924
1
0.9612
0.9153
0.9797
0.9589
0.9314
0.8328
0.7672
0.853
0.8864
0.9234
0.8858
0.8934
0.9728
0.9794
0.9639
0.8865
0.892
0.9234
0.9617
0.9948
1
1
0.961
0.9693
0.9956
0.9958
0.9765
0.8935
0.6924
0.9409
0.9229
0.8866
0.927
0.9194
0.9828
0.8531
0.7853
0.9059
0.8827
0.8432
0.9179
0.8714
0.8456
0.8466
0.8303
0.8341
0.8071
0.9107
0.9048
0.8636
0.9141
1
0.91
0.8389
0.9507
0.925
0.8573
0.8436
0.7414
0.6358
0.6581
0.9567
0.7241
0.7016
0.8826
0.7959
0.8222
0.9714
0.8529
0.8751
0.8445
0.7703
0.8303
0.8775
0.9306
0.9555
0.9289
0.8671
0.8415
0.8378
0.739
0.7238
0.8
0.8393
0.8374
0.835
0.7591
0.7731
0.4461
0.4538
0.7188
0.8506
0.8977
0.7878
0.7669
0.7942
0.8526
0.65
0.5925
0.9316
0.7524
0.8
0.8013
0.6994
0.753
0.6368
0.7559
0.7068
0.6785
0.6765
0.6741
0.5981
0.6708
0.8897
0.9353
0.7341
0.6308
0.7423
0.8382
0.7769
0.7468
0.5868
0.751
0.7873
0.6939
0.9627
0.9996
0.8886
0.9126
0.9617
0.8813
0.9081
0.861
0.8391
0.8344
0.906
0.9985
0.8584
0.7332
0.6586
0.7908
0.7718
0.7118
0.8947
0.9032
0.8229
0.7726
0.8803
0.942
0.9804
0.947
0.8581
0.6983
0.698
0.6382
0.6246
0.6376
0.5967
0.8339
0.7722
0.725
0.9228
0.9242
0.787
0.8115
0.8107
0.7309
0.9233
0.844
0.8023
0.7949
0.6794
0.6127
0.5674
0.6144
0.6553
0.6554
0.6867
0.6141
0.5314
0.425
0.3628
0.2669
0.4358
0.6706
0.65
0.5992
0.5418
0.625
0.6988
0.7726
0.8735
0.9045
0.7871
0.6097
0.8417
0.994
0.8181
0.8053
0.8658
0.9434
0.9087
0.8053
0.9882
0.7164
0.7045
0.8812
0.7576
0.6556
0.4211
0.4924
0.7081
0.7429
0.5597
0.45
0.6472
0.7465
0.6036
0.5106
0.5275
0.5206
0.7771
0.7812
0.7513
0.7403
0.7657
0.8472
0.8874
0.7788
0.7841
0.9687
0.706
0.7016
0.6334
0.8109
0.8073
0.9224
0.9417
0.8233
0.7691
0.824
0.7657
0.6689
0.7081
0.6248
0.5564
0.495
0.6028
0.7019
0.7009
0.7094
0.8881
0.9513
0.8255
0.7883
0.7248
0.7419
0.7094
0.8013
0.7956
0.8156
0.8115
0.7269
0.7289
0.7561
0.7294
0.7284
0.766
0.9203
0.9925
0.9223
1
0.9232
0.8889
0.7877
0.831
0.9281
1
0.96
0.8896
0.8587
0.9489
0.873
0.9996
0.8725
0.8512
0.8169
0.8397
0.9117
0.9789
0.84
0.7459
0.8776
0.9107
0.8694
0.7958
0.9541
0.8988
0.9969
0.9083
0.8965
0.8423
0.8729
0.8484
0.8688
0.9721
0.9963
0.9427
0.7928
0.8773
0.9476
0.8725
0.8747
0.8
0.8858
0.9514
0.911
0.9064
0.8815
0.6892
0.4765
0.7979
0.7746
0.9343
0.7513
0.9983
1
0.9914
0.992
0.9988
0.7335
0.9593
0.9521
0.9441
0.926
0.879
0.9675
0.977
0.917
0.9759
0.9162
0.7831
0.9933
0.97
0.8637
0.933
0.9667
0.9004
0.992
0.9369
0.9604
0.9276
0.8268
0.8765
0.9792
0.9915
0.982
0.9315
1
0.9737
1
0.9393
0.7543
0.8966
0.7797
0.7015
0.7948
0.9825
0.8573
0.5165
0.7314
0.9641
0.9946
1
1
1
1
0.993
0.9596
1
0.9676
1
0.9182
0.7795
0.91
0.9984
1
0.9141
0.8819
0.9876
1
0.9115
0.8274
0.9087
0.9152
0.8876
0.89
0.8806
0.7935
0.9073
0.6476
0.5994
0.8775
0.7446
0.6143
0.9258
0.9071
0.9059
0.9511
0.8723
0.8477
0.9019
0.8973
0.8203
0.8753
0.842
0.8676
0.9056
0.9874
0.9803
0.904
0.7693
0.8387
0.7323
0.8187
0.909
0.9007
0.8653
0.6445
0.7517
0.8844
0.9941
0.9097
0.8616
0.6721
1
0.9503
0.8933
0.9177
0.9093
0.8831
0.9542
0.8773
0.7594
0.915
0.8433
0.9381
0.9819
0.9037
0.872
0.8235
0.5662
0.5871
0.765
0.9752
0.9525
0.859
0.9748
0.9345
0.9858
0.9431
0.9126
0.7289
0.8268
1
0.9239
0.743
0.8888
0.9697
0.9719
0.8459
0.9031
0.9978
1
0.9148
0.8997
0.8971
0.8427
0.7115
0.8389
0.9327
0.743
0.7863
0.6855
0.6884
0.6775
0.6503
0.6521
0.7556
0.9103
0.8497
0.9249
0.9988
0.8916
0.8243
0.707
0.9077
0.8722
0.9996
1
0.9973
1
0.9719
0.8206
0.7484
0.8262
0.7288
0.6673
0.6639
0.7985
0.6768
0.6876
0.6572
0.8876
0.7918
0.6985
0.7597
0.8003
0.6909
0.6892
0.7433
0.6203
0.6097
0.5446
0.5074
0.4555
0.8468
0.9813
0.8357
0.7967
0.9796
0.8059
0.7805
0.7527
0.66
0.5424
0.5422
0.5271
0.4859
0.4737
0.5061
0.4889
0.5092
0.4703
0.4383
0.4773
0.7827
0.8336
0.7728
0.7083
0.7638
0.9469
0.9819
0.9783
0.8909
0.745
0.8414
0.9221
0.9124
0.9158
0.917
0.8082
0.8824
0.8352
0.9238
0.7728
0.658
0.6682
0.7503
0.7216
0.6945
0.7566
0.5153
0.4327
0.6617
0.7069
0.7019
0.8415
0.8179
0.8679
0.8132
0.6726
0.7906
0.8441
0.823
0.9407
0.8791
0.8782
0.9216
0.7416
0.7487
0.9043
0.857
0.8052
0.7206
0.8023
0.688
0.7465
0.7485
0.7984
0.7936
0.7756
0.7585
0.6739
0.8741
0.9822
0.9585
0.9629
0.9373
0.9077
0.9293
0.8619
0.8453
0.839
0.863
0.8497
0.9403
0.9476
0.9348
0.8091
0.7963
0.9015
0.9169
0.8403
0.8963
0.8287
0.8439
0.9096
0.8573
0.9224
0.9923
0.9669
0.9668
0.9142
0.8818
0.9279
0.925
0.8548
0.7709
0.7558
0.7089
0.8957
0.9321
0.9919
0.9748
0.9956
1
0.9841
0.9397
0.8858
0.8047
0.8413
0.9307
1
0.9932
0.9441
0.9074
0.8612
0.8623
0.8615
0.8737
0.8709
0.7485
0.9486
0.9332
0.9819
0.8117
0.8368
0.8482
0.8823
0.9185
0.8733
0.9937
0.9077
0.9378
0.9781
0.9314
0.9428
0.8742
0.8694
0.841
0.8713
0.855
0.9019
0.8541
0.925
0.9467
0.9493
0.8624
0.9663
0.9692
0.9282
0.943
0.9559
0.8977
1
0.9339
0.8922
0.9527
1
1
0.9604
0.9347
0.9559
0.9448
0.959
1
0.976
0.9936
0.9942
0.8779
0.899
0.9988
1
0.9775
1
0.9565
0.9464
0.8886
1
0.9531
0.8778
0.9363
0.9761
1
0.9931
1
0.9634
0.7135
0.9306
0.9445
0.9276
0.973
0.9816
0.9383
0.9146
0.9428
0.9842
0.9471
0.8579
0.9346
0.9707
0.9996
0.9941
1
0.9793
0.9904
0.8035
0.9711
0.8878
0.6929
0.8075
0.8525
0.9866
0.9859
0.9985
0.9581
0.9157
0.9518
0.8359
0.7045
0.5877
0.9081
0.8417
0.9238
0.9657
0.9548
0.665
0.8825
0.9692
0.9263
0.9581
0.9333
0.8876
0.9792
0.9589
0.8787
0.7648
0.8222
0.9972
0.9973
1
0.9985
0.8277
0.7812
0.8603
1
1
0.989
1
1
1
1
1
1
0.926
0.9373
0.8887
0.9679
0.8988
0.9711
0.9543
0.8183
0.9114
0.8465
0.8131
0.4723
0.6074
0.8381
0.9148
0.9877
0.8416
0.6158
0.5546
0.643
0.6366
0.6789
0.7581
0.7324
0.7226
0.7534
0.8318
0.8281
1
0.9843
1
0.9583
0.9271
0.858
0.6323
0.6144
0.7783
0.5869
0.87
0.9288
0.9733
0.8755
0.8474
0.8324
0.8206
0.93
0.8785
0.8639
0.8177
0.8203
0.8227
0.9652
0.9316
0.8758
0.8431
0.7903
0.7544
0.8081
0.8671
0.7505
0.6594
0.7311
0.785
0.7056
0.8009
0.7259
0.9388
1
1
0.9738
0.9032
0.7968
0.8872
0.9067
0.8511
0.7539
0.8944
1
0.9589
0.7824
0.8297
0.8061
0.7926
0.7561
0.6908
0.6734
0.9069
0.7267
0.8181
0.8076
0.7606
0.6738
0.6055
0.7965
0.6883
0.7264
0.8339
0.9347
0.9209
0.7906
0.8597
0.7703
0.6786
0.5931
0.6171
0.6042
0.5674
0.6508
0.7084
0.8721
0.8603
0.7542
0.6947
0.472
0.3936
0.5013
0.5169
0.6919
0.8159
0.9316
0.9981
0.9332
0.6629
0.6195
0.7868
0.8006
0.7919
1
0.9381
0.8285
0.7157
0.7095
0.6548
0.6478
0.5754
0.5033
0.7361
0.893
0.6187
0.9128
0.8191
0.5053
0.77
0.6665
0.8079
0.9157
0.8516
0.9467
0.8671
0.7445
0.8467
0.7038
0.7667
0.6791
0.8627
0.6354
0.6003
0.5695
0.5274
0.5167
0.4228
0.5582
0.5212
0.5017
0.5313
0.393
0.3664
0.3787
0.5423
0.8519
0.9319
0.813
0.682
0.8752
0.9447
0.8859
0.7577
0.7903
0.6938
0.8653
0.785
0.8503
0.6474
0.733
0.9184
0.9647
0.9552
0.9389
0.9634
0.9255
0.943
0.9867
0.8785
0.9636
0.839
0.8313
0.8074
0.83
0.8113
0.7171
0.8167
0.7203
0.7909
0.9026
0.8976
0.9561
0.9767
0.9541
0.8811
0.9655
0.96
1
0.9475
0.9341
1
0.8615
0.9035
0.8046
0.9057
0.8547
0.8414
0.8631
0.9038
0.9146
0.8613
0.9744
0.9964
0.9963
0.9439
0.9992
0.8957
1
1
1
0.9622
0.9544
0.972
0.8737
0.93
0.9942
0.9716
1
0.9996
0.9838
0.9267
0.97
0.9924
0.9136
0.8682
0.8339
0.8593
0.9466
0.7962
0.9497
1
1
1
0.9932
0.9515
0.9896
1
1
1
0.9419
0.8889
0.9832
0.9796
1
1
0.9739
0.9996
0.9638
0.9752
0.9946
0.9904
0.97
1
0.9885
0.9814
0.9892
0.9967
0.9778
0.9948
0.9952
0.94
0.9468
0.9907
1
0.9888
0.9976
0.9723
0.8112
0.9985
1
1
0.998
0.945
0.7597
0.7697
0.9841
0.9904
0.8573
0.9793
0.9797
0.9878
0.9904
0.806
0.9022
0.9523
0.9173
0.8742
0.9411
0.7669
0.8286
0.9576
0.9807
0.9833
0.9935
0.9871
0.9217
0.9448
0.9222
0.8483
0.9472
0.8412
0.6047
0.9587
0.9727
0.8757
0.909
0.9925
0.9312
0.961
0.9589
0.904
0.9369
0.9985
0.9719
0.9512
0.9368
0.9068
0.8811
0.8493
0.7797
0.8863
0.953
0.8963
0.7246
0.6249
0.7224
0.8652
0.8741
0.9622
0.9111
0.8877
0.9586
0.8388
1
1
0.8181
0.9403
0.9827
1
1
0.9992
0.9573
0.9696
0.7238
0.7528
0.7538
0.7555
0.7461
0.8351
0.8577
0.7861
0.7894
0.9286
0.8203
0.9796
1
0.9654
0.8713
0.7152
0.6054
0.7342
0.921
0.8764
0.8032
0.8647
0.8597
0.7145
0.7173
0.7994
1
0.9463
0.97
1
0.98
0.9234
0.8835
0.8543
0.8532
0.7958
0.8106
0.9139
1
0.9222
0.7994
0.7582
0.9315
0.8494
0.9283
0.9493
1
0.9639
0.9685
0.8154
0.879
0.7759
0.9516
0.9148
0.8334
0.8666
0.7983
0.6597
0.8806
1
0.89
0.8944
0.9147
1
0.9244
0.8859
0.8413
0.8219
0.7928
0.707
0.9834
1
0.941
0.8354
0.8906
0.8836
0.8006
0.7967
0.7118
0.6828
0.7017
0.7429
0.6266
0.9503
0.8688
0.8548
0.9225
0.9257
0.8137
0.891
0.9478
0.8842
0.8571
0.8006
0.7822
0.7346
0.7439
0.8303
0.7945
0.6551
0.6612
0.8679
0.8238
0.8624
0.9579
0.8746
0.8912
0.7171
0.6883
0.6781
0.9026
0.8165
0.9506
0.8403
0.7263
0.9272
0.8818
0.7955
0.6147
0.672
0.8354
0.7671
0.8823
0.7845
0.9169
0.9035
0.8526
0.843
0.8379
0.6814
0.7271
0.9583
0.9355
0.8329
0.7831
0.8721
0.8621
0.8176
0.7568
0.7403
0.8029
0.8923
0.9063
0.6971
0.6955
0.6808
0.7787
0.691
0.8117
0.895
0.9666
0.92
0.7227
0.6741
0.5947
0.6677
0.8209
0.7744
0.8993
0.7745
0.7289
0.8888
0.8177
0.653
0.6871
0.83
0.8574
0.7685
0.873
0.9231
0.7974
0.7495
0.64
0.7056
0.9503
0.9091
0.823
0.7276
0.8049
0.8831
0.9842
0.9904
0.975
0.9882
0.993
0.9804
0.887
0.7358
0.6574
0.917
0.9666
0.9604
0.9115
0.9748
0.9419
0.9769
0.9641
0.9487
0.9071
0.8707
0.7271
0.9134
0.911
0.9503
0.7655
0.8415
0.704
0.8427
0.708
0.72
0.8037
0.835
0.9283
0.85
0.8858
0.8767
0.6092
0.4492
0.7469
0.7963
0.9614
0.9204
0.7884
0.6929
0.7855
0.879
0.7556
0.7809
0.8159
0.8331
0.8668
0.9563
0.8711
0.835
0.8966
0.8686
0.8417
0.7673
0.7987
0.9618
1
0.9352
0.941
0.9038
0.9014
0.9696
0.9189
0.9326
0.8448
0.9374
0.9688
0.8867
0.8862
0.9378
0.9165
0.9039
0.8856
0.8044
0.6671
0.7066
0.8442
0.8943
0.8197
0.959
0.93
0.9604
0.965
0.96
0.8933
0.9193
0.9024
0.879
0.965
0.996
0.9523
0.9832
0.9136
0.9064
1
1
1
1
1
1
0.971
0.8646
1
0.9896
0.9965
0.9819
1
0.9965
0.9597
0.9524
0.9385
0.9564
0.9533
0.9255
0.952
1
0.7939
0.8344
0.9652
0.8171
0.8928
0.9962
0.9808
0.9975
0.98
0.8946
0.9325
0.9571
0.8313
0.8163
0.5925
0.9288
0.6233
0.9333
0.9154
0.9938
0.9583
0.9929
0.945
0.9629
0.9579
0.9454
0.9717
0.97
0.9904
0.7954
0.6071
0.6158
0.7125
0.7463
0.7479
0.6029
0.8729
0.93
0.8775
0.9079
0.9242
0.9733
1
1
1
0.9946
0.93
0.8142
0.8942
0.9321
0.725
0.7138
0.6921
0.8425
0.8846
0.9125
0.8804
0.7117
0.9804
0.8933
0.9025
0.8875
0.8621
0.78
0.8933
0.9779
0.9929
0.8896
0.7854
0.9079
0.7267
0.6558
0.7729
0.7592
0.8196
0.9467
0.7783
0.83
0.945
0.9571
0.7163
0.6475
0.5571
0.4563
0.6408
0.875
0.9
1
0.9425
0.9792
0.9233
0.8492
0.8517
0.8617
0.8221
0.8238
0.9354
0.9996
0.9888
0.9954
0.9946
0.9358
0.8738
0.8667
0.6979
0.6342
0.7313
0.76
0.8917
0.8846
0.8304
0.9125
0.8921
0.8058
0.7892
0.8313
0.9554
0.985
0.8579
0.8771
0.7754
0.7029
0.61
0.5033
0.445
0.4104
0.4242
0.7938
0.7071
0.84
0.7792
0.7238
0.6933
0.7975
0.8
0.8971
0.9504
0.9379
0.9575
0.8717
0.8288
0.9725
0.9958
0.89
0.76
0.6075
0.445
0.7633
0.7838
0.8629
0.5708
0.3529
0.4913
0.6863
0.6363
0.9375
0.925
0.8904
0.8042
0.7156
0.8529
0.7813
0.6754
0.6679
0.7225
0.6475
0.855
0.8167
0.6579
0.7958
0.7838
0.5825
0.6204
0.6229
0.4804
0.4071
0.5429
0.6821
0.6604
0.5421
0.6442
0.4946
0.4379
0.4067
0.6173
-99
-99
-99
-99
-99
0.774
0.6679
0.5938
0.6525
0.7596
0.8129
0.755
0.5625
0.5454
0.5692
0.4808
0.295
0.3258
0.3979
0.4483
0.5875
0.6688
0.6413
0.7171
0.5813
0.6946
0.8013
0.7425
0.7688
0.6429
0.6458
0.7071
0.8442
0.9175
0.8392
0.6388
0.6221
0.5192
0.5221
0.5933
0.86
0.8954
0.8321
0.8913
0.755
0.6008
0.6296
0.7221
0.8775
0.8313
0.8671
0.7029
0.6304
0.5158
0.59
0.5892
0.5342
0.6733
0.8083
0.83
0.8783
0.7438
0.7108
0.8971
0.8242
0.6221
0.4492
0.47
0.7221
0.7521
0.9375
0.8829
0.7117
0.6367
0.6158
0.785
0.8321
0.8129
0.7071
0.59
0.7417
0.5438
0.6275
0.6754
0.6813
0.8125
0.8625
0.8763
0.8725
0.8804
0.8604
0.8588
0.8196
0.7346
0.7479
0.6717
0.6954
0.7358
0.8046
0.9504
0.8896
0.8788
0.8558
0.9079
0.9388
0.9425
0.9725
0.95
0.9513
0.8054
0.7729
0.9292
0.8513
0.8354
0.8629
0.7979
0.9492
0.8517
0.8358
0.9133
0.885
0.9121
0.895
0.8083
0.8763
0.8133
0.8092
0.7733
0.8804
0.8617
0.6763
0.605
0.8463
0.9696
0.8721
0.8792
0.9408
0.9617
0.9379
0.9208
0.9275
0.9217
0.8788
0.9233
0.9592
0.9229
0.9254
0.9013
0.8521
0.8692
0.8663
0.8238
0.7842
0.8154
0.8692
0.8388
0.8996
0.7896
0.7421
0.8517
0.8229
0.8625
0.8696
0.6933
0.6471
0.7883
0.8142
0.7721
0.8858
0.8746
0.8663
0.9029
0.8696
0.8408
0.8746
0.8158
0.5846
0.3288
0.6533
0.6992
0.7546
0.7888
0.8196
0.885
0.9296
0.8404
0.8392
0.8613
0.8046
0.8233
0.9233
0.9517
0.9575
0.9621
0.9379
0.9642
0.9787
0.8738
0.9171
0.8921
0.9655
-99
0.869
0.915
0.8671
0.8775
0.9317
0.9163
0.8317
0.8854
0.8746
0.8867
0.8988
0.8967
0.9438
0.9529
0.93
0.8321
0.7504
0.7904
0.9808
0.8421
0.7446
0.6625
0.5446
0.6933
0.8371
0.8658
0.81
0.6975
0.7267
0.7092
0.6896
0.6142
0.6163
0.74
0.7508
0.8904
0.9433
0.8546
0.7838
0.6121
0.9108
0.8563
0.8338
0.81
0.6788
0.66
0.7304
0.6871
0.7571
0.8225
0.7421
0.7196
0.6821
0.715
0.7483
0.9488
0.8629
0.7192
0.8071
0.8433
0.985
0.99
0.9271
0.8179
0.7275
0.7592
0.6921
0.6833
0.5696
0.4808
0.6046
0.6054
0.6471
0.6117
0.6496
0.6167
0.685
0.7175
0.6246
0.8746
0.8983
0.7629
0.6921
0.6633
0.575
0.5846
0.6938
0.5958
0.6783
0.7583
0.8933
0.8375
0.7154
0.8183
0.89
0.6913
0.5271
0.4438
0.4758
0.665
0.7088
0.7221
0.6283
0.7279
0.7938
0.6425
0.5113
0.5829
0.6883
0.6283
0.8575
0.6758
0.6346
0.8558
0.8183
0.6758
0.5979
0.5196
0.4071
0.4954
0.5104
0.5646
0.6975
0.595
0.7129
0.5488
0.6229
0.5371
0.5888
0.5696
0.5042
0.3821
0.5138
0.7283
0.7954
0.6254
0.6783
0.6475
0.5888
0.4933
0.5296
0.5942
0.4688
0.6392
0.7563
0.5704
0.4517
0.465
0.3367
0.5067
0.645
0.7204
0.7283
0.5067
0.5525
0.5963
0.5738
0.5992
0.4838
0.7425
0.72
0.5842
0.6125
0.6208
0.6367
0.4429
0.37
0.56
0.5704
0.7013
0.5992
0.6975
0.7133
0.5463
0.4729
0.3846
0.4692
0.6996
0.7446
0.7454
0.7283
0.6696
0.7017
0.7008
0.5275
0.3925
0.4813
0.6042
0.57
0.4217
0.34
0.5533
0.5992
0.5442
0.5088
0.5296
0.4779
0.6167
0.54
0.5508
0.5571
0.5946
0.59
0.635
0.5379
0.5592
0.5579
0.5017
0.5892
0.7196
0.9367
0.8208
0.7104
0.6896
0.605
0.6825
0.6542
0.6517
0.5492
0.7442
0.5867
0.605
0.6192
0.5829
0.4908
0.7717
0.8279
0.8321
0.8783
0.5896
0.5325
0.6492
0.6133
0.6275
0.77
0.7246
0.6946
0.8138
0.8925
0.9204
0.9354
0.8083
0.8975
0.7738
0.7363
0.7188
0.7517
0.8633
0.9125
0.9275
0.8033
0.7792
0.7338
0.7196
0.8438
0.8025
0.7642
0.7683
0.7767
0.6088
0.6863
0.7592
0.7213
0.77
0.9179
0.9208
0.9067
0.8683
0.9013
0.8504
0.8196
0.8771
0.9483
0.9158
0.95
0.8546
0.8396
0.8946
0.8008
0.8854
0.7896
0.8404
0.8242
0.6267
0.5975
0.6633
0.7446
0.7417
0.8863
0.8308
0.7875
0.8683
0.8396
0.8592
0.9388
0.9063
0.8646
0.8788
0.8758
0.9413
0.7871
0.6242
0.9025
0.925
0.8533
0.8008
0.8154
0.8054
0.8313
0.8475
0.7788
0.7938
0.7583
0.8529
0.8208
0.7667
0.8642
0.8388
0.8775
0.9188
0.8488
0.8313
0.8138
0.9204
0.8671
0.8358
0.7817
0.9333
0.7954
0.6433
0.8321
0.6567
0.85
0.9192
0.8746
0.8367
0.8558
0.7921
0.7671
0.8729
0.7908
0.51
0.6229
0.6017
0.6158
0.6783
0.7442
0.8142
0.8292
0.8471
0.7304
0.7508
0.6333
0.8696
0.9263
0.8904
0.8438
0.7417
0.6775
0.8263
0.8771
0.7033
0.8263
0.9154
0.8817
0.8383
0.8196
0.7846
0.7308
0.7629
0.9525
0.8471
0.7708
0.875
0.8704
0.595
0.6738
0.4942
0.7704
0.9679
0.9633
0.8313
0.8208
0.82
0.8829
0.8892
0.7496
0.8679
0.8254
0.6675
0.7379
0.7079
0.6363
0.7758
0.4529
0.2079
0.8525
0.9029
0.8667
0.8625
0.8988
0.8071
0.7579
0.7821
0.7563
0.7529
0.785
0.7038
0.6313
0.6583
0.6913
0.5713
0.565
0.5983
0.8592
0.6325
0.705
0.4013
0.5246
0.7042
0.645
0.6263
0.6208
0.6763
0.7358
0.7142
0.6658
0.7792
0.5742
0.5538
0.775
0.6867
0.7596
0.8808
0.9208
0.8633
0.785
0.7088
0.8525
0.9513
0.9542
0.9738
0.9567
0.9592
0.9333
0.8825
0.8042
0.7646
0.8804
0.8613
0.9296
0.9629
0.945
0.7944
0.7973
0.7279
0.6738
0.7108
0.6971
0.6267
0.5854
0.5713
0.5754
0.5233
0.625
0.7067
0.8596
0.8933
0.8263
0.9492
0.7863
0.9075
0.8496
0.775
0.6683
0.6825
0.6025
0.4729
0.525
0.4688
0.575
0.5608
0.63
0.6492
0.6483
0.7521
0.6992
0.8083
0.5813
0.6
0.5308
0.5396
0.5488
0.6333
0.8246
0.69
0.6563
0.6038
0.6854
0.6279
0.5763
0.5983
0.6858
0.7383
0.8571
0.7633
0.6775
0.5921
0.555
0.6321
0.6892
0.5829
0.4917
0.6079
0.7004
0.7413
0.7529
0.785
0.5867
0.525
0.5996
0.5721
0.7367
0.515
0.5346
0.5321
0.6333
0.8288
0.7708
0.4942
0.5754
0.7725
0.6313
0.5496
0.5388
0.5121
0.3704
0.4163
0.5758
0.5671
0.6863
0.7154
0.7625
0.6308
0.5871
0.6708
0.6971
0.6342
0.6629
0.7817
0.8579
0.8988
0.6067
0.5471
0.7329
0.6379
0.5438
0.6629
0.6171
0.5933
0.7058
0.8208
0.8004
0.6883
0.6871
0.7021
0.7508
0.9221
0.7179
0.6221
0.6483
0.6146
0.7983
0.7
0.5488
0.5217
0.7063
0.6825
0.8575
0.7442
0.6108
0.5854
0.7742
0.7721
0.8463
0.5754
0.4888
0.4129
0.3204
0.3558
0.6158
0.5342
0.5708
0.6213
0.6338
0.6717
0.7654
0.585
0.7058
0.7696
0.7346
0.7554
0.6279
0.8125
0.7883
0.8008
0.8017
0.6963
0.8242
0.7142
0.6492
0.8429
0.9042
0.9321
0.7829
0.7896
0.7271
0.6567
0.5842
0.7238
0.8858
0.7808
0.855
0.8604
0.9321
0.9125
0.8846
0.8783
0.8421
0.8496
0.7729
0.8046
0.8496
0.8021
0.7854
0.8475
0.8429
0.8271
0.9
0.8408
0.8129
0.7975
0.7325
0.6567
0.7821
0.8929
0.8629
0.8204
0.83
0.7296
0.7529
0.57
0.5696
0.6542
0.7621
0.7263
0.7796
0.8533
0.7621
0.6738
0.4813
0.6975
0.7142
0.4996
0.5529
0.7854
0.735
0.5108
0.3967
0.3196
0.2321
0.3088
0.89
0.9046
0.8058
0.9025
0.8308
0.7513
0.7446
0.82
0.8092
0.8175
0.8008
0.8154
0.8192
0.7646
0.8729
0.7542
0.8046
0.7592
0.7263
0.7021
0.7796
0.7013
0.6021
0.5
0.5017
0.6854
0.685
0.9371
0.97
0.9313
0.9504
0.9667
0.9129
0.9137
0.8231
0.7642
0.8121
0.8125
0.7175
0.6854
0.9104
0.7571
0.6225
0.8508
0.9496
0.9425
0.8267
0.8496
0.8829
0.9042
0.9038
0.9583
0.8775
0.8283
0.7492
0.8613
0.7721
0.7571
0.7583
0.8846
0.8808
0.8279
0.7538
0.7613
0.8392
0.9442
0.8313
0.765
0.6383
0.5008
0.5475
0.6029
0.8379
0.635
0.8658
0.9317
0.75
0.6696
0.6754
0.7163
0.5838
0.6996
0.5488
0.8096
0.7625
0.8683
0.8858
0.7867
0.8658
0.8854
0.9558
0.9783
0.98
0.9288
0.8283
0.7546
0.9063
0.9738
0.9079
0.8483
0.8621
0.8596
0.8154
0.6833
0.7083
0.7213
0.5758
0.4221
0.6796
0.7396
0.8096
0.7096
0.6883
0.655
0.7354
0.5821
0.5671
0.5104
0.6196
0.7558
0.8125
0.5446
0.6938
0.6196
0.5938
0.7671
0.6875
0.7654
0.8754
0.7696
0.8029
0.8583
0.7338
0.6042
0.6354
0.5688
0.8333
0.6638
0.4183
0.91
0.7775
0.7521
0.8429
0.8771
0.7521
0.66
0.7
0.5829
0.7613
0.8004
0.7792
0.6938
0.9271
0.7883
0.6304
0.7088
0.5967
0.5758
0.5442
0.4596
0.8363
0.7046
0.6104
0.6221
0.3604
0.4008
0.3942
0.6067
0.7333
0.6596
0.6217
0.935
0.9588
0.9179
0.8942
0.8104
0.9608
0.8808
0.8617
0.9204
0.8575
0.9554
0.8154
0.6821
0.7896
0.7617
0.8825
0.9392
0.8163
0.8983
0.8679
0.7825
0.934
0.8633
0.8788
0.8538
0.8263
0.7071
0.7633
0.7588
0.725
0.7467
0.7588
0.8888
0.8838
0.7054
0.6583
0.7283
0.8371
0.87
0.8383
0.6975
0.7075
0.6196
0.4842
0.545
0.48
0.6346
0.7104
0.6692
0.8108
0.6821
0.65
0.6196
0.6113
0.7717
0.6238
0.7342
0.5713
0.6725
0.7138
0.8521
0.8596
0.5925
0.7408
0.9113
0.7675
0.7646
0.7788
0.735
0.6483
0.7275
0.6979
0.6383
0.7004
0.7067
0.7921
0.7317
0.7388
0.8278
0.7479
0.8463
0.7888
0.4696
0.4075
0.7217
0.6867
0.6854
0.5863
0.5588
0.4308
0.5238
0.6308
0.6563
0.7779
0.8308
0.5871
0.6779
0.8454
0.6108
0.6292
0.7417
0.7958
0.6579
0.76
0.9038
0.8375
0.9244
0.7271
0.8221
0.86
0.7817
0.5958
0.5438
0.5338
0.8346
0.795
0.8408
0.7446
0.6267
0.6304
0.8146
0.8342
0.775
0.5892
0.7554
0.7817
0.7396
0.7079
0.6713
0.7263
0.7504
0.8825
0.8804
0.8375
0.77
0.8858
0.9529
0.9454
0.875
0.8029
0.8925
0.7667
0.7954
0.7517
0.7783
0.7563
0.7025
0.6379
0.7313
0.6442
0.67
0.6075
0.8729
0.7667
0.7763
0.8296
0.9692
0.9075
0.9225
0.9142
0.815
0.8446
0.9667
0.9483
0.8733
0.8575
0.9679
0.955
0.875
0.8213
0.8121
0.7592
0.9546
0.9608
0.7921
0.9304
0.8933
0.97
0.885
0.7779
0.8704
0.8746
0.8558
0.9125
0.8529
0.8838
0.8375
0.9183
0.7183
0.6454
0.6713
0.8192
0.8317
0.9592
0.8867
0.8946
0.9096
0.8304
0.8383
0.8171
0.7067
0.63
0.7842
0.7358
0.7438
0.6783
0.7792
0.8704
0.8475
0.8908
0.7338
0.7888
0.9208
0.9667
0.9663
0.7317
0.8213
0.9117
0.8896
0.955
0.9258
0.905
0.8788
0.8683
0.8929
0.8142
0.6167
0.5088
0.4438
0.54
0.5958
0.9225
0.9638
0.9696
0.9688
0.9704
0.9063
0.9088
0.9588
0.9738
0.98
0.935
0.9167
0.8181
0.7821
0.9175
0.9558
0.9733
0.8696
0.7917
0.9571
0.7354
0.8821
0.905
0.7892
0.7775
0.7896
0.7992
0.8908
0.8308
0.6979
0.7296
0.8225
0.8921
0.8942
0.8888
0.9254
0.9654
0.9533
0.9546
0.9188
0.7929
0.8583
0.8671
0.8638
0.8667
0.8021
0.7113
0.8746
0.7875
0.7608
0.7558
0.9783
0.9233
0.725
0.76
0.7929
0.8942
0.8504
0.8046
0.8067
0.8521
0.8904
0.8188
0.7417
0.595
0.9642
0.9079
0.9533
0.9329
0.8917
0.6296
0.7083
0.7821
0.7575
0.6008
0.6567
0.7917
0.5713
0.6696
0.6663
0.7067
0.6421
0.5238
0.4583
0.6504
0.7896
0.6838
0.5279
0.5821
0.5425
0.5254
0.5088
0.7888
0.915
0.9021
0.9279
0.8996
0.8825
0.8708
0.8192
0.7542
0.89
0.96
0.8746
0.8317
0.9629
0.9167
0.8875
0.7992
0.6746
0.8892
0.835
0.7767
0.8058
0.8713
0.7683
0.6863
0.6358
0.5408
0.5504
0.73
0.9196
0.7217
0.6258
0.6817
0.7663
0.7883
0.6663
0.6617
0.6663
0.6404
0.5763
0.515
0.4446
0.5804
0.7067
0.6242
0.6946
0.7446
0.7288
0.6579
0.5146
0.5354
0.5792
0.4717
0.4142
0.4288
0.3863
0.4229
0.5775
0.7121
0.6404
0.64
0.54
0.6304
0.5296
0.5617
0.6163
0.6267
0.6163
0.5821
0.88
0.6663
0.6917
0.6967
0.5988
0.5583
0.6275
0.6167
0.4529
0.3475
0.4533
0.7271
0.5592
0.5129
0.6546
0.6475
0.5925
0.6488
0.7979
0.76
0.7592
0.7733
0.7367
0.5275
0.4321
0.3571
0.3742
0.4417
0.5617
0.5179
0.6883
0.7983
0.7575
0.8163
0.9358
0.77
0.8596
0.6904
0.44
0.6642
0.7263
0.6263
0.5871
0.5342
0.6242
0.6133
0.5679
0.6463
0.4663
0.4654
0.5658
0.6613
0.5892
0.6338
0.5033
0.5817
0.7104
0.8438
0.7146
0.8488
0.8204
0.6646
0.6392
0.6821
0.8588
0.8296
0.805
0.7746
0.6683
0.6733
0.6042
0.5467
0.4217
0.3475
0.2913
0.2967
0.3683
0.5129
0.6542
0.6183
0.5779
0.8183
0.7692
0.785
0.7221
0.6875
0.6746
0.8538
0.8046
0.8538
0.8013
0.6683
0.7029
0.8338
0.7408
0.5742
0.5283
0.5471
0.6429
0.745
0.8458
0.7796
0.8375
0.7879
0.8104
0.8625
0.7346
0.7829
0.7196
0.7
0.7333
0.7471
0.7775
0.7542
0.7888
0.7442
0.6646
0.8554
0.8471
0.7479
0.7554
0.6604
0.5971
0.4821
0.6013
0.7733
0.7808
0.765
0.7488
0.7867
0.6792
0.6238
0.6954
0.455
0.4554
0.7408
0.8975
0.9121
0.8375
0.8888
0.7988
0.8025
0.8804
0.8388
0.7938
0.8721
0.7621
0.7542
0.8483
0.8604
0.7479
0.6717
0.6979
0.7379
0.8329
0.8621
0.8629
0.7638
0.7713
0.8067
0.7746
0.7108
0.64
0.6958
0.6396
0.5117
0.6858
0.6146
0.7938
0.7888
0.7508
0.7392
0.6442
0.51
0.7571
0.8171
0.7971
0.8267
0.8638
0.8179
0.8083
0.9221
0.8546
0.8013
0.7263
0.8146
0.7488
0.8088
0.7996
0.6942
0.8688
0.9508
0.9417
0.9321
0.8588
0.95
0.8263
0.7775
0.8342
0.9021
0.9583
0.8554
0.8846
0.8363
0.9667
0.8083
0.6525
0.8479
0.7533
0.765
0.7592
0.8304
0.8592
0.9233
0.9663
0.7771
0.8946
0.9408
0.8338
0.8904
0.8567
0.8854
0.8021
0.9229
0.8546
0.7771
0.9138
0.9542
0.9654
0.8421
0.8042
0.8175
0.7992
0.8679
0.9521
0.9508
0.8704
0.8617
0.8879
0.8283
0.8004
0.7771
0.7458
0.5771
0.8596
0.7746
0.7563
0.8008
0.9063
0.895
0.695
0.6567
0.71
0.8088
0.86
0.8646
0.9596
0.9279
0.8617
0.8613
0.7008
0.8517
0.805
0.6996
0.6521
0.6342
0.6658
0.8842
0.7338
0.6892
0.6883
0.8763
0.8171
0.7917
0.5242
0.7992
0.9258
0.7838
0.6763
0.8188
0.7967
0.7533
0.6538
0.6821
0.6871
0.3925
0.455
0.7346
0.6325
0.7725
0.9042
0.8488
0.9408
0.9529
0.6658
0.5996
0.5646
0.645
0.6692
0.6738
0.7071
0.6625
0.6392
0.6704
0.6646
0.4346
0.9346
0.7754
0.7067
0.6292
0.5196
0.8925
0.8358
0.8358
0.6183
0.6129
0.5513
0.8567
0.7775
0.7242
0.6171
0.5367
0.8004
0.8342
0.7142
0.6608
0.6904
0.5542
0.5738
0.6488
0.7983
0.7263
0.9458
0.8171
0.7608
0.7417
0.8046
0.7438
0.8275
0.785
0.7221
0.8425
0.8508
0.8208
0.7183
0.6496
0.6613
0.6208
0.6592
0.6654
0.6138
0.5988
0.5488
0.5217
0.52
0.5996
0.7667
0.8596
0.6563
0.625
0.6467
0.5125
0.6758
0.6313
0.65
0.49
0.8017
0.8046
0.8329
0.9108
0.8475
0.8088
0.7929
0.8179
0.8608
0.8083
0.8171
0.8425
0.7754
0.7013
0.5742
0.5992
0.7317
0.7621
0.7054
0.6004
0.6413
0.54
0.6892
0.6829
0.6629
0.5713
0.5688
0.6425
0.7146
0.67
0.6192
0.6417
0.4875
0.5238
0.5846
0.5304
0.4279
0.5375
0.6021
0.7463
0.6733
0.6933
0.7217
0.7913
0.7046
0.7842
0.8533
0.6596
0.5675
0.59
0.6233
0.7188
0.6983
0.6654
0.7225
0.8071
0.8058
0.85
0.7321
0.705
0.6338
0.6896
0.6992
0.6217
0.6442
0.6504
0.6321
0.7533
0.78
0.7158
0.6804
0.755
0.8246
0.7492
0.8625
0.8096
0.6979
0.5058
0.5454
0.6996
0.6167
0.4946
0.3838
0.5871
0.6817
0.7038
0.8071
0.9071
0.7983
0.7925
0.6025
0.7138
0.6713
0.7725
0.5617
0.6117
0.7563
0.7854
0.7513
0.6192
0.7167
0.6163
0.75
0.9033
0.8588
0.67
0.8996
0.8913
0.86
0.8688
0.7454
0.7342
0.7271
0.7263
0.7146
0.6871
0.7596
0.865
0.865
0.8171
0.6871
0.6538
0.7417
0.8488
0.89
0.9088
0.9554
0.9008
0.9004
0.8833
0.8296
0.8304
0.8375
0.7233
0.6442
0.7038
0.7808
0.8521
0.8621
0.855
0.765
0.5508
0.6413
0.5333
0.5571
0.6967
0.7592
0.8204
0.8121
0.7492
0.8367
0.8308
0.8179
0.8217
0.8158
0.8638
0.7158
0.7292
0.7221
0.7929
0.7838
0.7842
0.8038
0.7479
0.8333
0.7617
0.8213
0.88
0.8821
0.8596
0.8383
0.8483
0.8033
0.7917
0.6838
0.6917
0.6633
0.9396
0.8821
0.7842
0.7975
0.7638
0.8796
0.7242
0.6954
0.8033
0.915
0.7596
0.5854
0.5154
0.8646
0.8554
0.525
0.6096
0.7192
0.7546
0.9054
0.7942
0.9463
0.9621
0.9625
0.8175
0.6642
0.4804
0.6417
0.4646
0.5663
0.9254
0.9071
0.9192
0.8729
0.8542
0.8442
0.8938
0.8283
0.8125
0.7121
0.8413
0.8317
0.8142
0.8329
0.8121
0.6721
0.7513
0.6658
0.7321
0.7975
0.8033
0.8721
0.4071
0.5721
0.6613
0.6967
0.6617
0.7829
0.9083
0.9088
0.9292
0.9517
0.8958
0.7858
0.655
0.6708
0.7608
0.6467
0.5367
0.4929
0.4488
0.4783
0.5488
0.7375
0.7329
0.7592
0.7958
0.8558
0.7871
0.8983
0.7604
0.7696
0.7408
0.7921
0.765
0.8342
0.8008
0.7488
0.6629
0.6221
0.8625
0.6546
0.7413
0.8775
0.9121
0.8492
0.825
0.6704
0.8721
0.8408
0.7517
0.7271
0.9617
0.8483
0.9363
0.9746
0.98
0.8333
0.7646
0.7713
0.8238
0.6588
0.8417
0.7263
0.7925
0.77
0.7321
0.7308
0.7608
0.7013
0.7758
0.7496
0.6579
0.5446
0.5567
0.7346
0.7254
0.6108
0.4096
0.4417
0.4508
0.6742
0.7063
0.7321
0.8158
0.7208
0.7288
0.7083
0.6004
0.6104
0.7608
0.785
0.7879
0.9275
0.9238
0.8925
0.8113
0.7783
0.6783
0.7813
0.8929
0.7871
0.7663
0.8038
0.7208
0.6629
0.6788
0.6508
0.9071
0.8367
0.7621
0.7358
0.6629
0.68
0.7204
0.7417
0.6938
0.7325
0.6808
0.5796
0.73
0.64
0.6421
0.5458
0.6008
0.5808
0.4917
0.5879
0.8463
0.7563
0.7875
0.8013
0.8379
0.56
0.7204
0.8821
0.8938
0.8838
0.8488
0.8863
0.7375
0.7804
0.8633
0.7529
0.7321
0.8129
0.7042
0.645
0.71
0.7963
0.63
0.6879
0.8292
0.5475
0.5429
0.7988
0.7217
0.6408
0.5004
0.535
0.4883
0.6846
0.6488
0.6858
0.6558
0.8008
0.7279
0.5967
0.6658
0.6725
0.6225
0.6725
0.5629
0.5504
0.7142
0.7283
0.7146
0.6938
0.7113
0.6696
0.6525
0.64
0.6392
0.7517
0.7775
0.5542
0.6754
0.7067
0.6983
0.7467
0.7217
0.8746
0.7842
0.8038
0.8592
0.7304
0.8079
0.6796
0.7913
0.7233
0.775
0.6617
0.6204
0.6846
0.8679
0.75
0.6688
0.6083
0.6533
0.5579
0.5646
0.5875
0.4154
0.35
0.3546
0.375
0.5825
0.8025
0.7917
0.5525
0.5079
0.8113
0.7646
0.7471
0.8004
0.7188
0.6775
0.7963
0.6604
0.7371
0.6383
0.5075
0.5967
0.5604
0.535
0.4742
0.6683
0.7292
0.7017
0.6788
0.7342
0.8338
0.6904
0.6525
0.7008
0.7938
0.7333
0.7988
0.8358
0.7779
0.6938
0.6075
0.6042
0.6521
0.7063
0.7379
0.6458
0.5429
0.4854
0.4829
0.5433
0.6533
0.6813
0.6808
0.5667
0.5133
0.4538
0.5521
0.8425
0.8604
0.8354
0.8496
0.7733
0.7071
0.6838
0.7663
0.8483
0.9104
0.9063
0.7788
0.7667
0.9238
0.9425
0.925
0.8988
0.8892
0.8825
0.9058
0.9275
0.9363
0.9433
0.9229
0.8954
0.8946
0.8113
0.8542
0.83
0.8883
0.9021
0.9179
0.9515
-99
0.9104
0.8996
0.9004
0.9192
0.8767
0.9188
0.85
0.835
0.8433
0.8025
0.7813
0.8638
0.8608
0.8271
0.8525
0.8942
0.875
0.7863
0.795
0.7817
0.7838
0.8267
0.8408
0.8508
0.875
0.8325
0.7842
0.7283
0.7271
0.7071
0.8083
0.8675
0.8817
0.8646
0.8458
0.8696
0.7529
0.78
0.6575
0.7417
0.6738
0.7517
0.7721
0.8688
0.8408
0.86
0.7221
0.7642
0.74
0.6796
0.7025
0.8238
0.8821
0.8363
0.7379
0.7258
0.8071
0.6179
0.6908
0.8221
0.8613
0.8658
0.7925
0.8338
0.8713
0.8192
0.8613
0.8375
0.8242
0.755
0.7771
0.9225
0.8833
0.5867
0.5471
0.7183
0.9004
0.8267
0.5683
0.3888
0.7975
0.6188
0.3242
0.4183
0.7313
0.6217
0.3771
0.5283
0.3988
0.6429
0.6996
0.6004
0.7533
0.7283
0.7138
0.5638
0.5829
0.38
0.2621
0.3433
0.435
0.6121
0.7513
0.8071
0.605
0.4821
0.6696
0.7633
0.8196
0.5979
0.5938
0.5771
0.5638
0.64
0.5604
0.5967
0.6529
0.5842
0.5546
0.3633
0.4738
0.6125
0.4704
0.65
0.7146
0.9621
0.8892
0.7929
0.6463
0.5971
0.5804
0.6279
0.5383
0.5429
0.47
0.5079
0.5088
0.6908
0.9046
0.9396
0.9229
0.9021
0.7608
0.7558
0.6975
0.7108
0.6996
0.8279
0.7296
0.8017
0.6858
0.4792
0.5675
0.6496
0.7013
0.6833
0.7433
0.7108
0.7979
0.5429
0.8025
0.5296
0.5171
0.7771
0.7558
0.8742
0.7396
0.6642
0.5471
0.7404
0.7675
0.7508
0.6933
0.7058
0.7088
0.5
0.4942
0.5292
0.6529
0.7829
0.4929
0.7246
0.9629
0.8396
0.895
0.9154
0.7838
0.6992
0.6108
0.6129
0.5367
0.6404
0.7388
0.6538
0.6604
0.5938
0.5417
0.5375
0.4667
0.7813
0.6217
0.6692
0.6317
0.6258
0.5967
0.7058
0.6454
0.7154
0.5404
0.6129
0.66
0.4646
0.4017
0.5238
0.5925
0.69
0.6517
0.5367
0.64
0.5804
0.6488
0.4963
0.5267
0.5042
0.4275
0.3896
0.47
0.8992
0.7071
0.6471
0.765
0.8708
0.8192
0.8629
0.8613
0.7842
0.7829
0.8167
0.7192
0.6913
0.7833
0.6225
0.6708
0.5996
0.4179
0.41
0.4708
0.7125
0.6625
0.7413
0.7038
0.7233
0.5567
0.5329
0.6271
0.7233
0.8233
0.7283
0.5258
0.6954
0.6354
0.6683
0.8325
0.6871
0.6425
0.4267
0.3833
0.4117
0.3983
0.6142
0.7733
0.7733
0.6033
0.5888
0.3758
0.3013
0.4188
0.3679
0.3917
0.3333
0.3833
0.5975
0.5083
0.625
0.8396
0.7979
0.8232
0.8483
0.5858
0.6283
0.4938
0.6008
0.6242
0.68
0.6583
0.6192
0.6625
0.7942
0.83
0.8125
0.6592
0.6071
0.5417
0.5292
0.6621
0.8233
0.8379
0.8525
0.9175
0.875
0.7963
0.8538
0.6146
0.605
0.7138
0.7396
0.6654
0.9021
0.8104
0.7308
0.6363
0.7667
0.7192
0.6725
0.5746
0.6921
0.7358
0.7004
0.775
0.8871
0.8825
0.7704
0.7713
0.8083
0.7142
0.8458
0.8604
0.9138
0.9296
0.9404
0.87
0.8771
0.8533
0.9454
0.9325
0.8067
0.6342
0.7358
0.8954
0.8342
0.7083
0.7475
0.8254
0.9404
0.7258
0.7636
0.8258
0.7904
0.9058
0.8942
0.8971
0.8392
0.8004
0.8783
0.895
0.8838
0.9438
0.9342
0.8479
0.8092
0.8638
0.8292
0.8229
0.8613
0.8196
0.905
0.9463
0.885
0.7179
0.8325
0.7392
0.7175
0.8233
0.7488
0.7958
0.8417
0.7954
0.7692
0.7708
0.72
0.8538
0.9254
0.7958
0.8096
0.7796
0.76
0.725
0.7654
0.8133
0.7858
0.7442
0.8088
0.6717
0.4975
0.5504
0.8171
0.7167
0.8283
0.6833
0.7921
0.8467
0.8904
0.8504
0.6646
0.5279
0.6658
0.4575
0.5421
0.6183
0.7225
0.8496
0.7163
0.785
0.9404
0.8788
0.9121
0.8525
0.6879
0.9013
0.8633
0.8746
0.7538
0.7504
0.8463
0.9054
0.6425
0.8392
0.6346
0.8058
0.6175
0.6963
0.7942
0.9313
-99
-99
-99
-99
-99
-99
-99
-99
-99
0.716
0.7696
0.7733
0.8458
0.8063
0.8813
0.8867
0.9142
0.9233
0.8488
0.7908
0.8652
0.82
0.6883
0.7057
0.7996
0.7342
0.8929
0.9175
0.785
0.6858
0.8767
0.9513
0.9046
0.7492
0.7275
0.7871
0.7096
0.7008
0.755
0.8125
0.6421
0.6196
0.8108
0.8883
0.6883
0.6517
0.7471
0.6708
0.6617
0.8067
0.7363
0.7379
0.8163
0.8529
0.7888
0.8296
0.6863
0.6396
0.7533
0.6642
0.6658
0.8292
0.8529
0.7183
0.7317
0.6579
0.6258
0.6492
0.6571
0.5854
0.6229
0.3871
0.3542
0.54
0.3879
0.4142
0.7579
0.545
0.6217
0.6646
0.6588
0.5825
0.8175
0.8879
0.8383
0.9388
0.9583
0.8342
0.7888
0.7904
0.7854
0.7596
0.7442
0.6175
0.6333
0.6867
0.7788
0.7367
0.6342
0.685
0.6617
0.9004
0.9317
0.7525
0.7738
0.8567
0.8021
0.8908
0.7846
0.7679
0.7429
0.5696
0.5938
0.7438
0.8188
0.6829
0.5983
0.7471
0.6846
0.6613
0.6913
0.6754
0.6658
0.61
0.6663
0.5892
0.8346
0.8625
0.7733
0.6925
0.6913
0.5625
0.6792
0.5004
0.3871
0.5738
0.8854
0.8046
0.7342
0.7663
0.6596
0.6588
0.6596
0.6592
0.7038
0.6854
0.6517
0.6363
0.6379
0.6338
0.6529
0.7171
0.7242
0.6792
0.5246
0.5067
0.5233
0.565
0.7263
0.7133
0.6217
0.6167
0.6725
0.6329
0.5654
0.6438
0.7833
0.8029
0.7058
0.6854
0.6971
0.6733
0.6467
0.4438
0.4375
0.6954
0.5225
0.5
0.6446
0.5275
0.5196
0.5713
0.6679
0.5404
0.5146
0.6871
0.7021
0.6567
0.6233
0.6296
0.6363
0.5279
0.6913
0.7617
0.77
0.7746
0.7975
0.8008
0.6858
0.6742
0.7758
0.8254
0.7904
0.7304
0.6467
0.8046
0.75
0.7879
0.7708
0.77
0.6846
0.6704
0.6988
0.6025
0.6846
0.6288
0.81
0.9029
0.8471
0.6879
0.7108
0.695
0.7004
0.7508
0.8196
0.6429
0.5379
0.6463
0.705
0.6758
0.73
0.7013
0.745
0.8383
0.8413
0.8075
0.6746
0.4696
0.7063
0.6738
0.7338
0.7346
0.7113
0.905
0.9192
0.7933
0.82
0.8438
0.8163
0.8042
0.7308
0.6496
0.6771
0.7733
0.7363
0.75
0.7079
0.7746
0.7925
0.8633
0.835
0.8033
0.8492
0.7975
0.8046
0.8425
0.8113
0.7383
0.6738
0.6596
0.6813
0.6913
0.5679
0.6496
0.7496
0.8275
0.7963
0.7642
0.7846
0.7438
0.6154
0.7548
0.7504
0.8192
0.85
0.7258
0.6075
0.8467
0.9042
0.9504
0.8658
0.7825
0.8042
0.7292
0.73
0.7867
0.8054
0.8046
0.8163
0.7246
0.7838
0.8767
0.675
0.7767
0.7117
0.7888
0.9242
0.8296
0.8029
0.8513
0.8754
0.7425
0.8833
0.8221
0.7767
0.7275
0.7358
0.755
0.8608
0.8588
0.8533
0.8779
0.8063
0.7754
0.7521
0.7983
0.8713
0.7463
0.7779
0.7275
0.7658
0.7304
0.7558
0.7608
0.7592
0.8142
0.8067
0.7671
0.8075
0.8188
0.6038
0.6608
0.56
0.8713
0.8833
0.8679
0.8463
0.9058
0.8758
0.7908
0.9442
0.945
0.83
0.805
0.8892
0.8671
0.8579
0.7854
0.8021
0.7292
0.7883
0.8496
0.8783
0.8617
0.8538
0.7608
0.7196
0.7421
0.7433
0.7479
0.6896
0.675
0.7413
0.8567
0.805
0.8004
0.7183
0.7086
-99
-99
0.6889
0.7108
0.7871
0.7667
0.6833
0.6325
0.7375
0.8383
0.7729
0.7279
0.8333
0.7538
0.8608
0.8404
0.7083
0.8158
0.8054
0.835
0.6558
0.5817
0.5171
0.6292
0.6613
0.6738
0.7792
0.71
0.6429
0.5929
0.5946
0.6517
0.7796
0.7821
0.7938
0.7346
0.6421
0.6821
0.8058
0.761
0.6954
0.7258
0.8104
0.9308
0.8463
0.64
0.6817
0.9358
0.7538
0.7246
0.7371
0.6492
0.7479
0.7567
0.7054
0.6313
0.7263
0.7225
0.6754
0.6863
0.6758
0.5554
0.5333
0.5617
0.8746
0.9179
0.8308
0.7063
0.7629
0.6938
0.695
0.5579
0.6154
0.8413
0.5815
0.6004
0.614
0.6106
0.6371
0.6649
0.6198
0.61
0.6338
0.6683
0.6067
0.6906
0.8404
0.6227
0.5829
0.631
0.6975
0.6602
0.6888
0.7644
0.8002
0.835
0.6429
0.7254
0.7983
0.7231
0.7342
0.684
0.8729
0.7977
0.8754
0.7665
0.6913
0.6944
0.6396
0.6106
0.6402
0.641
0.4731
0.4544
0.4027
0.3906
0.4925
0.621
0.6071
0.6066
0.6523
0.6392
0.7206
0.7815
0.7654
0.5538
0.3885
0.6956
0.6763
0.8567
0.8223
0.6975
0.7044
0.5335
0.5277
0.6083
0.785
0.8277
0.706
0.7583
0.591
0.6263
0.7342
0.5308
0.5785
0.6058
0.5954
0.6658
0.6098
0.699
0.7281
0.6431
0.5644
0.4356
0.534
0.4877
0.5644
0.5933
0.6117
0.6223
0.5896
0.6452
0.6608
0.6702
0.5542
0.5996
0.596
0.7633
0.8229
0.7608
0.7904
0.8021
0.7638
0.6996
0.7727
0.7329
0.5519
0.7604
0.9002
0.5933
0.656
0.6448
0.7283
0.7154
0.7823
0.7985
0.8404
0.8994
0.8819
0.7288
0.8313
0.7294
0.5919
0.7552
0.6925
0.8575
0.7581
0.7613
0.6777
0.66
0.8092
0.8658
0.8265
0.8192
0.8242
0.7927
0.786
0.7763
0.7242
0.7163
0.7035
0.8338
0.8223
0.8177
0.7933
0.779
0.7996
0.7477
0.7819
0.8646
0.8713
0.7769
0.7396
0.7596
0.7469
0.9192
0.8665
0.9356
0.8775
0.8248
0.8425
0.8067
0.8406
0.8221
0.7748
0.7146
0.7606
0.8492
0.801
0.826
0.7877
0.8533
0.77
0.7442
0.7294
0.6594
0.5925
0.631
0.5856
0.6363
0.534
0.5863
0.7075
0.8175
0.876
0.8625
0.8642
0.8702
0.8585
0.8569
0.8744
0.836
0.8783
0.8527
0.779
0.7913
0.8285
0.9115
0.8471
0.9142
0.8079
0.779
0.9008
0.741
0.7138
0.7479
0.7488
0.8002
0.8669
0.87
0.7304
0.6238
0.774
0.9083
0.9352
0.9238
0.881
0.9288
0.8975
0.8446
0.8646
0.8842
0.955
0.8957
0.8431
0.7304
0.8967
0.5527
0.7394
0.8623
0.7988
0.7617
0.8723
0.9085
0.9329
0.9
0.879
0.865
0.945
0.8863
0.8073
0.671
0.7394
0.7638
0.8831
0.8552
0.6883
0.4838
0.565
0.6154
0.6102
0.4144
0.4565
0.7596
0.8075
0.891
0.9515
0.9202
0.8569
0.6825
0.8473
0.7271
0.7298
0.7575
0.7017
0.8213
0.8204
0.7854
0.9483
0.8977
0.9019
0.8911
0.7081
0.7615
0.56
0.739
0.8227
0.8363
0.7406
0.8223
0.8575
0.8579
0.854
0.7794
0.8938
0.6258
0.709
0.7752
0.8054
0.8044
0.6006
0.6673
0.7554
0.809
0.7735
0.8654
0.7321
0.8304
0.8158
0.8138
0.7985
0.8535
0.7075
0.7854
0.7617
0.8517
0.7777
0.5769
0.7471
0.7788
0.7302
0.8071
0.6806
0.4971
0.581
0.6071
0.6131
0.6327
0.6083
0.6435
0.6758
0.7167
0.7473
0.775
0.8104
0.7479
0.8513
0.6444
0.6773
0.9071
0.9248
0.9274
0.9294
0.7865
0.7102
0.6779
0.7283
0.6748
0.5271
0.6133
0.6631
0.5838
0.6742
0.7006
0.8025
0.7456
0.6383
0.5527
0.484
0.4875
0.546
0.4517
0.4904
0.4113
0.3775
0.7667
0.7783
0.6554
0.7625
0.7404
0.5767
0.4777
0.6396
0.5802
0.699
0.7965
0.7725
0.68
0.7094
0.7321
0.6694
0.6385
0.5567
0.4752
0.5681
0.6223
0.6918
0.4988
0.6052
0.5648
0.2619
0.3306
0.4373
0.4283
0.5456
0.5733
0.6098
0.515
0.8406
0.685
0.5723
0.5588
0.5821
0.6385
0.5848
0.6275
0.6304
0.5956
0.5252
0.6631
0.6894
0.4708
0.5977
0.4313
0.3935
0.4196
0.4067
0.3883
0.6563
0.7533
0.744
0.6754
0.704
0.85
0.7713
0.8619
0.8225
0.6944
0.6281
0.6327
0.6327
0.6583
0.5775
0.7594
0.7306
0.7265
0.5683
0.5423
0.6042
0.5333
0.3996
0.3938
0.4923
0.4777
0.3817
0.3538
0.3496
0.3319
0.5215
0.5296
0.7215
0.7563
0.6817
0.5663
0.5731
0.5325
0.4779
0.5515
0.5267
0.5515
0.7377
0.7035
0.6433
0.6798
0.7329
0.724
0.6515
0.6975
0.7317
0.7927
0.8071
0.8769
0.8277
0.7683
0.6571
0.6042
0.5583
0.6117
0.5402
0.8652
0.7033
0.6698
0.7267
0.8079
0.5621
0.5506
0.6448
0.6454
0.8323
0.9081
0.7581
0.7727
0.8254
0.829
0.709
0.5117
0.7629
0.8152
0.6454
0.5304
0.5767
0.6108
0.6435
0.7738
0.8906
0.92
0.9042
0.7767
0.7302
0.7496
0.8577
0.7713
0.8742
0.8971
0.8179
0.7658
0.7088
0.7885
0.6458
0.6413
0.6748
0.6821
0.6413
0.5771
0.6135
0.6381
0.6744
0.6356
0.8117
0.8463
0.7748
0.8679
0.8531
0.8625
0.83
0.8142
0.8592
0.6892
0.6115
0.68
0.7919
0.7504
0.7585
0.705
0.7873
0.8652
0.7083
0.6992
0.6852
0.8948
0.8577
0.9219
0.914
0.7144
0.7183
0.7469
0.6724
0.7964
0.8429
0.874
0.7472
0.79
0.8285
0.7613
0.8058
0.9431
0.8325
0.8244
0.8471
0.8346
0.81
0.7663
0.8292
0.8129
0.7627
0.7021
0.9477
0.8954
0.8033
0.7581
0.759
0.7863
0.8556
0.7158
0.7192
0.8479
0.7281
0.7517
0.8706
0.7179
0.7938
0.8321
0.814
0.7058
0.6558
0.6317
0.7725
0.7919
0.8354
0.9165
0.9165
0.855
0.9029
0.89
0.8863
0.8881
0.8746
0.8454
0.7463
0.6648
0.6915
0.6115
0.7346
0.9429
0.9208
0.8488
0.8875
0.8615
0.7729
0.6585
0.6504
0.8869
0.9129
0.7994
0.846
0.9148
0.7894
0.764
0.9027
0.8131
0.7285
0.7517
0.6896
0.7308
0.6831
0.646
0.6529
0.7285
0.795
0.8035
0.674
0.7323
0.7669
0.8223
0.8175
0.8438
0.8671
0.8771
0.8327
0.8475
0.8994
0.8492
0.8473
0.8763
0.8494
0.8198
0.8546
0.8425
0.81
0.736
0.5933
0.8813
0.7333
0.6902
0.7108
0.7856
0.9325
0.8558
0.8435
0.7719
0.6917
0.5829
0.6679
0.7558
0.824
0.6763
0.5021
0.6204
0.6569
0.6965
0.7215
0.7646
0.9454
0.8685
0.7371
0.7198
0.6356
0.7354
0.7354
0.7263
0.744
0.8163
0.6329
0.8581
0.7421
0.7292
0.716
0.7373
0.8496
0.9256
0.8631
0.8065
0.8515
0.9344
0.8938
0.9142
0.8358
0.6485
0.6556
0.6656
0.7308
0.6219
0.6977
0.7075
0.5765
0.5994
0.8204
0.5948
0.7117
0.9158
0.9458
0.8354
0.7392
0.625
0.7231
0.6992
0.7048
0.6335
0.6865
0.6119
0.6173
0.619
0.6671
0.7773
0.6083
0.559
0.785
0.8727
0.719
0.6217
0.6315
0.5994
0.7617
0.9394
0.8079
0.7433
0.4958
0.5598
0.5833
0.589
0.5481
0.8013
0.8148
0.9444
0.9183
0.8683
0.8252
0.7902
0.7148
0.7177
0.6588
0.6654
0.6779
0.755
0.6592
0.7033
0.6556
0.711
0.5998
0.7256
0.6481
0.6433
0.6221
0.6304
0.6127
0.6098
0.6235
0.5906
0.6396
0.5798
0.7773
0.7531
0.6827
0.6525
0.6308
0.6415
0.6163
0.7431
0.564
0.5225
0.5335
0.7371
0.6327
0.639
0.6702
0.5835
0.5677
0.5004
0.4206
0.3775
0.4079
0.6977
0.7296
0.6792
0.5992
0.5838
0.6277
0.5888
0.6706
0.6508
0.5538
0.5963
0.6088
0.5854
0.6338
0.6079
0.5081
0.4202
0.6671
0.479
0.5567
0.6102
0.6046
0.4029
0.4
0.2992
0.3021
0.4208
0.6602
0.6996
0.6644
0.631
0.6033
0.6502
0.649
0.6231
0.4467
0.5827
0.6369
0.6373
0.5569
0.6419
0.6417
0.6081
0.6727
0.511
0.5813
0.646
0.6029
0.6517
0.5252
0.5035
0.5373
0.6729
0.6438
0.7817
0.7063
0.7535
0.6017
0.6377
0.4454
0.4017
0.3725
0.4985
0.6308
0.7265
0.8619
0.7994
0.8577
0.6427
0.6783
0.5435
0.4613
0.4452
0.5758
0.751
0.8708
0.8069
0.7854
0.6952
0.7613
0.8081
0.8035
0.7465
0.7219
0.7756
0.674
0.7181
0.7806
0.6923
0.8296
0.8585
0.836
0.8335
0.8606
0.8081
0.7252
0.7554
0.7848
0.7025
0.8427
0.8656
0.781
0.8385
0.905
0.8469
0.7021
0.801
0.7885
0.6863
0.9017
0.9106
0.9248
0.8123
0.8465
0.8823
0.8608
0.8052
0.8227
0.8558
0.934
0.87
0.8483
0.8429
0.8598
0.8638
0.8454
0.7679
0.776
0.8806
0.8265
0.8031
0.8025
0.8671
0.8796
0.8154
0.784
0.8081
0.7492
0.7606
0.7888
0.8429
0.8973
0.8038
0.8031
0.8042
0.7617
0.7692
0.7846
0.7902
0.9352
0.9185
0.9121
0.9185
0.8969
0.905
0.8946
0.9113
0.9073
0.8544
0.8833
0.8804
0.8865
0.9288
0.8763
0.8857
0.894
0.8602
0.8198
0.8713
0.861
0.8204
0.7742
0.8292
0.944
0.9219
0.8363
0.744
0.8473
0.864
0.8119
0.8596
0.9565
0.9408
0.875
0.7506
0.7585
0.6217
0.5594
0.8046
0.8775
0.8281
0.7875
0.661
0.6688
0.4494
0.7394
0.5913
0.5371
0.8179
0.8473
0.811
0.8179
0.7215
0.7779
0.7492
0.7629
0.464
0.6198
0.6127
0.8569
0.7567
0.714
0.8702
0.7408
0.8252
0.8948
0.9231
0.899
0.7565
0.8206
0.8563
0.7992
0.8442
0.7458
0.7667
0.7558
0.8073
0.7933
0.6671
0.7244
0.8404
0.9015
0.8838
0.9144
0.884
0.8617
0.851
0.864
0.7665
0.8531
0.8554
0.7323
0.6325
0.5392
0.8475
0.7617
0.8065
0.7742
0.72
-99
0.6506
0.9522
0.7702
0.7077
0.6581
0.6569
0.7875
0.5058
0.4263
0.6533
0.7183
0.831
0.7754
0.7679
0.4488
0.5823
0.6421
0.6285
0.6969
0.7026
0.6985
0.6663
0.8346
0.8754
0.7125
0.7906
0.7925
0.7315
0.6294
0.6952
0.709
0.7073
0.6767
0.7035
0.7948
0.6904
0.6996
0.5563
0.5292
0.6246
0.5958
0.6135
0.5808
0.3615
0.6335
0.6629
0.6652
0.7202
0.7963
0.7013
0.4721
0.6069
0.4881
0.3794
0.735
0.8788
0.8971
0.6765
0.8558
0.8715
0.5415
0.6833
0.7769
0.6596
0.5867
0.5983
0.5792
0.6119
0.6498
0.7415
0.8098
0.6658
0.6688
0.7619
0.655
0.531
0.5275
0.7392
0.6527
0.6231
0.6535
0.5404
0.5756
0.5548
0.4498
0.4635
0.569
0.4833
0.5319
0.6185
0.5627
0.5735
0.6825
0.8119
0.9329
0.8846
0.6748
0.7031
0.806
0.5827
0.4217
0.4025
0.4767
0.4704
0.369
0.4398
0.5854
0.5954
0.4652
0.5675
0.646
0.7469
0.5473
0.4783
0.6102
0.7154
0.6089
0.7325
0.644
0.5702
0.6065
0.611
0.6254
0.6163
0.5838
0.4921
0.4619
0.3456
0.5744
0.764
0.6379
0.6919
0.6144
0.7246
0.6981
0.6665
0.7315
0.5888
0.6535
0.5183
0.7788
0.8017
0.8081
0.8615
0.6365
0.6538
0.626
0.5458
0.7054
0.6169
0.4819
0.4883
0.6948
0.6188
0.4729
0.524
0.5446
0.731
0.8229
0.6127
0.7063
0.6521
0.6127
0.6088
0.6567
0.569
0.615
0.6788
0.6131
0.58
0.7065
0.6215
0.7452
0.5288
0.5873
0.5131
0.5323
0.5531
0.5927
0.6029
0.7275
0.7973
0.8508
0.5698
0.6131
0.5942
0.8556
0.7942
0.7369
0.6754
0.6621
0.8256
0.6281
0.6165
0.5833
0.6077
0.6527
0.8975
0.7471
0.6994
0.7538
0.6567
0.6625
0.8263
0.8619
0.8438
0.7056
0.7273
0.8013
0.8419
0.851
0.8258
0.8225
0.8208
0.8734
0.8869
0.8738
0.755
0.7444
0.8285
0.719
0.7144
0.7477
0.8548
0.8733
0.806
0.8744
0.8769
0.8446
0.8394
0.9588
0.9731
0.9042
0.826
0.7706
0.8035
0.6992
0.7858
0.7769
0.7831
0.8396
0.7606
0.8663
0.8663
0.9056
0.9129
0.9035
0.9344
0.8346
0.6831
0.6042
0.7877
0.8429
0.7769
0.8825
0.829
0.5854
0.7021
0.7077
0.7398
0.7069
0.8135
0.8129
0.7483
0.7427
0.7419
0.691
0.6904
0.706
0.7863
0.8231
0.6902
0.8019
0.731
0.8275
0.606
0.5929
0.8263
0.849
0.8425
0.7406
0.7354
0.7835
0.7904
0.8227
0.8271
0.8013
0.8504
0.7679
0.8506
0.78
0.9458
0.906
0.8063
0.8327
0.875
0.9013
0.8698
0.9277
0.8429
0.8165
0.871
0.8408
0.7923
0.8092
0.6704
0.7763
0.8194
0.7515
0.7567
0.9292
0.9321
0.955
0.7935
0.8273
0.8206
0.9215
0.914
0.974
0.9015
0.769
0.7608
0.7935
0.8263
0.7727
0.834
0.8502
0.9158
0.8556
0.9542
0.9721
0.8635
0.8281
0.865
0.8229
0.826
0.914
0.7404
0.8402
0.9602
0.9819
0.964
0.8283
0.881
0.8177
0.6292
0.8833
0.7638
0.7888
0.8779
0.8702
0.8817
0.8483
0.8054
0.8627
0.846
0.706
0.749
0.69
0.7865
0.6577
0.8723
0.8673
0.9683
0.931
0.7629
0.7631
0.8248
0.8765
0.8071
0.6933
0.7929
0.7806
0.7604
0.6913
0.7179
0.8092
0.8394
0.7425
0.6804
0.8479
0.7885
0.8088
0.7638
0.4929
0.5874
0.5635
0.9529
0.8575
0.7925
0.7865
0.5648
0.7196
0.6706
0.6108
0.59
0.4638
0.636
0.561
0.675
0.6488
0.7731
0.9517
0.809
0.8427
0.9496
0.901
0.9102
0.9248
0.7694
0.9204
0.7658
0.6423
0.6575
0.7333
0.6813
0.5883
0.5433
0.5692
0.5321
0.7446
0.8452
0.9533
0.8848
0.7042
0.8063
0.6523
0.7304
0.7085
0.7779
0.8406
0.881
0.8842
0.8269
0.7981
0.7752
0.9538
0.6473
0.6825
0.7073
0.7346
0.7342
0.7967
0.836
0.8715
0.8763
0.8159
0.771
0.6267
0.6271
0.9246
0.8785
0.9604
0.8696
0.9683
0.8698
0.7721
0.785
0.8633
0.8104
0.8408
0.9438
0.8627
0.7588
0.689
0.8458
0.7121
0.771
0.7275
0.5806
0.6662
0.7585
0.6383
0.6319
0.7027
0.6217
0.5498
0.6206
0.7823
0.8254
0.8021
0.7442
0.7148
0.775
0.7258
0.6006
0.6569
0.7388
0.6319
0.589
0.778
0.6559
0.6627
0.6271
0.6881
0.6969
0.735
0.7902
0.584
0.5235
0.5965
0.6973
0.6696
0.6713
0.6896
0.8033
0.7613
0.6798
0.7348
0.7227
0.6525
0.4963
0.5067
0.6302
0.7102
0.6458
0.4542
0.4681
0.5092
0.5417
0.5658
0.5958
0.6821
0.8173
0.8104
0.8744
0.8198
0.8563
0.8404
0.7038
0.7077
0.7379
0.8344
0.8579
0.8
0.729
0.6671
0.6642
0.6823
0.7179
0.6963
0.6808
0.6838
0.7765
0.8308
0.7704
0.8375
0.8115
0.7769
0.844
0.8569
0.7835
0.8763
0.8175
0.7775
0.8463
0.8544
0.8915
0.7875
0.8777
0.8477
0.7904
0.9338
0.8971
0.8565
0.9283
0.8463
0.7821
0.7417
0.7415
0.7354
0.7183
0.7619
0.7713
0.8281
0.715
0.7548
0.7242
0.6369
0.6177
0.66
0.7188
0.8638
0.8829
0.6802
0.9194
0.9025
0.9206
0.8452
0.8663
0.9096
0.959
0.9323
0.9246
0.9298
0.9196
0.936
0.9019
0.9123
0.8904
0.8521
0.7542
0.7654
0.8227
0.9656
0.9119
0.8742
0.7771
0.9592
0.9377
0.9202
0.8698
0.8063
0.9004
0.9144
0.8679
0.919
0.9383
0.7896
0.8121
0.8777
0.9146
0.9225
0.97
0.9465
0.9306
0.9569
0.9354
0.905
0.881
0.8698
0.9517
0.8663
0.8956
0.9371
0.8363
0.715
0.7952
0.8702
0.8271
0.7613
0.8158
0.9198
0.7669
0.8508
0.8554
0.7777
0.7521
0.8723
0.7142
0.871
0.9452
0.955
0.8638
0.8238
0.824
0.846
0.7644
0.8656
0.8723
0.911
0.9181
0.8548
0.8842
0.9365
0.9688
0.9879
0.9429
0.7671
0.77
0.7885
0.8083
0.8206
0.7667
0.6169
0.5044
0.7027
0.8331
0.8271
0.6527
0.7544
0.8594
0.8963
0.9058
0.8681
0.9
0.99
0.9246
0.8948
0.9848
0.8933
0.9123
0.9504
0.5379
0.776
0.8635
0.744
0.8321
0.9071
0.7715
0.8479
0.8063
0.8606
0.5192
0.6346
0.8688
0.8848
0.8148
0.7883
0.7758
0.7004
0.7819
0.8031
0.7279
0.5525
0.514
0.4733
0.4523
0.647
0.7943
0.8754
0.8254
0.6698
0.5806
0.6079
0.7569
0.686
0.5479
0.6423
0.7075
0.6479
0.5542
0.5365
0.7271
0.9106
0.7179
0.7792
0.7196
0.7158
0.6888
0.7283
0.6779
0.7273
0.6796
0.4302
0.4844
0.559
0.7495
0.7656
0.7235
0.5956
0.5738
0.5804
0.6233
0.6563
0.6265
0.5608
0.6256
0.7567
0.7623
0.626
0.6975
0.8344
0.6171
0.835
0.8246
0.7998
0.816
0.7429
0.7831
0.6773
0.6413
0.5469
0.4942
0.7231
0.8144
0.7725
0.7271
0.6006
0.644
0.7608
0.829
0.8283
0.7456
0.8283
0.6171
0.6138
0.7088
0.8085
0.8252
0.7496
0.7625
0.9127
0.7152
0.5363
0.5998
0.7654
0.6113
0.4525
0.6646
0.6415
0.5785
0.6321
0.5871
0.7
0.775
0.9285
0.6833
0.7577
0.6858
0.6998
0.6402
0.6331
0.9618
-99
-99
0.7214
0.6675
0.6429
0.6763
0.6006
0.5415
0.4394
0.4517
0.4702
0.7463
0.7073
0.6281
0.5988
0.394
0.5952
0.791
0.6006
0.5515
0.6008
0.5706
0.655
0.5444
0.4042
0.4996
0.6813
0.8329
0.6967
0.4583
0.4319
0.6983
0.4225
0.36
0.449
0.3994
0.3773
0.4092
0.5873
0.5833
0.5958
0.56
0.4775
0.5677
0.6579
0.7833
0.6829
0.64
0.6006
0.6896
0.744
0.6663
0.696
0.7131
0.7273
0.6769
0.6488
0.5246
0.4458
0.4194
0.4696
0.4331
0.595
0.7227
0.6227
0.5525
0.6702
0.7875
0.5296
0.5706
0.5398
0.5415
0.5098
0.6521
0.8383
0.6188
0.4577
0.6204
0.7252
0.5715
0.5548
0.5985
0.7417
0.704
0.7731
0.679
0.8417
0.9281
0.8519
0.7525
0.7179
0.6885
0.654
0.691
0.8781
0.7617
0.7467
0.7094
0.7756
0.8071
0.7444
0.7052
0.7323
0.6702
0.6871
0.7023
0.7481
0.7792
0.7488
0.8244
0.759
0.5858
0.504
0.5494
0.5896
0.725
0.7644
0.8471
0.7758
0.9288
0.766
0.8195
0.715
0.7167
0.7394
0.8358
0.9188
0.7477
0.8477
0.6431
0.6942
0.7802
0.7375
0.7831
0.741
0.705
0.7881
0.8581
0.7588
0.9279
0.8796
0.8663
0.9063
0.7344
0.7379
0.7675
0.8446
0.816
0.9325
0.9238
0.98
0.9294
0.889
0.8408
0.8192
0.8456
0.9146
0.8717
0.8467
0.794
0.8402
0.8479
0.7188
0.7015
0.8
0.8013
0.8088
0.8316
0.8327
0.8948
0.8815
0.8481
0.915
0.9142
0.8879
0.8973
0.8404
0.939
0.8723
0.9175
0.8963
0.9504
0.8965
0.8492
0.8656
0.8604
0.6879
0.7471
0.8204
0.8898
0.8477
0.9198
0.8898
0.9265
0.9527
0.9648
0.9394
0.9008
0.8188
0.7867
0.6829
0.8548
0.8744
0.7635
0.824
0.9154
0.92
0.945
0.924
0.9033
0.7688
0.731
0.686
0.8065
0.7833
0.8169
0.8192
0.8229
0.904
0.9179
0.9331
0.8063
0.8415
0.7935
0.8965
0.8515
0.8454
0.814
0.7996
0.74
0.9665
0.861
0.7492
0.6708
0.669
0.844
0.8708
0.7296
0.7723
0.765
0.68
0.9471
0.9588
0.9465
0.886
0.9308
0.969
0.8144
0.8569
0.896
0.8373
0.8704
0.859
0.869
0.7385
0.6933
0.8056
0.7748
0.8613
0.9158
0.8442
0.7756
0.7452
0.9002
0.8775
0.8513
0.8488
0.795
0.7856
0.7621
0.8354
0.7534
0.8054
0.7585
0.7383
0.7073
0.6083
0.6398
0.6865
0.8452
0.6563
0.5835
0.715
0.7381
0.7233
0.7156
0.7377
0.7748
0.6806
0.6719
0.6654
0.534
0.5644
0.8242
0.7696
0.9083
0.9606
0.9202
0.8533
0.7913
0.8102
0.7367
0.885
0.9598
0.8938
0.8792
0.8931
0.8048
0.7677
0.6521
0.8917
0.9738
0.9581
0.9546
0.8758
0.7471
0.7629
0.775
0.8073
0.6758
0.5825
0.6146
0.5931
0.565
0.8452
0.804
0.8356
0.8092
0.7527
0.8135
0.9194
0.9808
0.9779
0.9196
0.935
0.7794
0.7194
0.7915
0.8835
0.7854
0.7188
0.6213
0.6898
0.6871
0.6569
0.5865
0.6277
0.7483
0.6498
0.5596
0.81
0.9715
0.8033
0.8381
0.816
0.98
0.9335
0.9313
0.8258
0.7423
0.7138
0.694
0.676
0.5931
0.5702
0.81
0.856
0.6654
0.634
0.6713
0.6635
0.7465
0.8627
0.8235
0.8742
0.8685
0.8365
0.7277
0.784
0.9121
0.8604
0.776
0.7525
0.8173
0.7206
0.6792
0.7344
0.7392
0.9277
0.8354
0.871
0.866
0.859
0.6975
0.7317
0.7171
0.6738
0.6442
0.6088
0.6942
0.7194
0.8138
0.7604
0.5844
0.8283
0.6888
0.5994
0.6469
0.7013
0.6494
0.7558
0.6604
0.591
0.74
0.7792
0.849
0.6948
0.7002
0.6852
0.7275
0.7263
0.7333
0.6567
0.601
0.5429
0.5327
0.5942
0.6635
0.7242
0.535
0.4579
0.5679
0.4852
0.4469
0.546
0.6427
0.6473
0.6773
0.7269
0.6092
0.5365
0.6158
0.5552
0.5544
0.4838
0.8152
0.7946
0.8644
0.8467
0.6944
0.75
0.6813
0.625
0.5454
0.675
0.7521
0.7371
0.6979
0.7629
0.7596
0.8327
0.8871
0.7185
0.7358
0.699
0.7688
0.7775
0.7602
0.7121
0.7392
0.6994
0.71
0.7419
0.8458
0.7569
0.6796
0.6627
0.6527
0.6233
0.6742
0.8352
0.6954
0.9169
0.8025
0.7933
0.8654
0.8331
0.7885
0.7919
0.6444
0.7419
0.6302
0.7688
0.744
0.771
0.766
0.9067
0.7404
0.7629
0.7027
0.7035
0.7777
0.8752
0.9365
0.809
0.695
0.7073
0.7146
0.7921
0.7629
0.8058
0.7892
0.756
0.9027
0.9273
0.8555
-99
0.6828
0.7708
0.7192
0.7685
0.7277
0.8017
0.874
0.8123
0.7525
0.8029
0.7621
0.9756
0.9648
0.9473
1
0.9885
0.8969
0.8898
0.9294
0.9013
0.8883
0.8985
0.9346
0.8525
0.841
0.8181
0.8831
0.9188
0.8242
0.8169
0.8894
0.8906
0.9398
0.9256
0.9529
0.9467
0.9771
0.923
0.9323
0.9369
0.7583
0.8475
0.749
0.8438
0.8425
0.9531
0.9119
0.9025
0.8946
0.9627
0.8123
0.9035
0.9065
0.9025
0.9002
0.9567
0.9804
0.9421
0.9981
0.9079
0.9321
0.9077
0.9067
0.7463
0.7383
0.7354
0.7292
0.7677
0.838
0.8515
0.95875
0.860833333333333
0.779166666666667
0.871041666666667
0.948958333333333
0.891041666666667
0.912916666666667
0.818958333333333
0.975416666666667
0.996666666666667
0.941666666666667
0.963125
0.988333333333333
0.986875
0.913958333333333
0.845208333333333
0.728333333333333
0.927083333333333
0.869583333333333
0.915625
0.80875
0.817291666666667
0.785625
0.801458333333333
0.942083333333333
0.78375
0.959166666666667
0.860625
0.813958333333333
0.791875
0.765833333333333
0.706875
0.841666666666667
0.847083333333333
0.8025
0.673541666666667
0.798125
0.862291666666667
0.91375
0.867708333333333
0.87125
0.778541666666667
0.960416666666667
0.903125
1
1
0.891458333333333
0.803333333333333
0.733125
0.637083333333333
0.57625
0.922708333333333
0.996041666666667
0.937916666666667
0.911041666666667
0.911666666666667
0.896041666666667
0.931666666666667
0.903541666666667
0.903541666666667
0.926666666666667
0.8825
0.882916666666667
0.938125
0.929166666666667
0.846458333333333
0.985833333333333
0.884375
0.821458333333333
0.746875
0.72125
0.613958333333333
0.683333333333333
0.785416666666667
0.723125
0.681458333333333
0.61875
0.829375
0.706666666666667
0.6175
0.689375
0.695208333333333
0.729583333333333
0.680416666666667
0.622083333333333
0.807916666666667
0.67125
0.541666666666667
0.495208333333333
0.424166666666667
0.357916666666667
0.539166666666667
0.674375
0.727291666666667
0.645416666666667
0.592916666666667
0.715
0.865833333333333
0.965
0.987291666666667
0.953958333333333
0.79
0.814583333333333
0.973958333333333
0.83
0.74375
0.697083333333333
0.641458333333333
0.695208333333333
0.788541666666667
0.994791666666667
0.929583333333333
0.699166666666667
0.651041666666667
0.663958333333333
0.880208333333333
0.921875
0.962916666666667
0.914375
0.945625
0.814791666666667
0.798958333333333
0.671041666666667
0.732708333333333
0.722708333333333
0.715833333333333
0.71375
0.649166666666667
0.752916666666667
0.784583333333333
0.647708333333333
0.6775
0.724166666666667
0.73625
0.69
0.659583333333333
0.664791666666667
0.879375
0.618541666666667
0.6825
0.773125
0.755833333333333
0.91
0.709166666666667
0.812916666666667
0.876875
0.759375
0.618541666666667
0.568125
0.617708333333333
0.617083333333333
0.765833333333333
0.8175
0.823541666666667
0.878125
0.770625
0.8375
0.697291666666667
0.711041666666667
0.671875
0.656875
0.595833333333333
0.618333333333333
0.609375
0.456875
0.590833333333333
0.578958333333333
0.907708333333333
0.772291666666667
0.843958333333333
0.824375
0.789375
0.732916666666667
0.861666666666667
0.752916666666667
0.739166666666667
0.743125
0.6375
0.682916666666667
0.750625
0.97125
0.812291666666667
0.629583333333333
0.662708333333333
0.733333333333333
0.765833333333333
0.639791666666667
0.733333333333333
0.592083333333333
0.751666666666667
0.713958333333333
0.622083333333333
0.637083333333333
0.62125
0.705208333333333
0.701458333333333
0.6475
0.678541666666667
0.664375
0.631875
0.513541666666667
0.513541666666667
0.390833333333333
0.393333333333333
0.522916666666667
0.729791666666667
0.910625
0.730625
0.8425
0.783958333333333
0.7825
0.920625
0.764375
0.758333333333333
0.808333333333333
0.726458333333333
0.654583333333333
0.824166666666667
0.713541666666667
0.835208333333333
0.693958333333333
0.6025
0.407083333333333
0.447083333333333
0.475208333333333
0.35875
0.504166666666667
0.598541666666667
0.665625
0.689375
0.943958333333333
0.837708333333333
0.649583333333333
0.674583333333333
0.802916666666667
0.826875
0.839583333333333
0.781041666666667
0.557291666666667
0.68
0.861458333333333
0.946458333333333
0.90125
0.893541666666667
0.868958333333333
0.849791666666667
0.866875
0.8575
0.866666666666667
0.852708333333333
0.869583333333333
0.924583333333333
0.842916666666667
0.904791666666667
0.877708333333333
0.891875
0.787916666666667
0.817083333333333
0.891458333333333
0.80375
0.861666666666667
0.717291666666667
0.750833333333333
0.858958333333333
0.830416666666667
0.851458333333333
0.85375
0.836041666666667
0.783333333333333
0.773541666666667
0.891875
0.8275
0.81375
0.828333333333333
0.894166666666667
0.910416666666667
0.912708333333333
0.741041666666667
0.710208333333333
0.804791666666667
0.913958333333333
0.9
0.864791666666667
0.826666666666667
0.7725
0.799583333333333
0.906875
0.871458333333333
0.904166666666667
0.916458333333333
0.912916666666667
0.911041666666667
0.9425
0.86125
0.874375
0.826666666666667
0.799791666666667
0.8075
0.832708333333333
0.893333333333333
0.907708333333333
0.897083333333333
0.962916666666667
0.87875
0.782291666666667
0.739583333333333
0.820208333333333
0.889375
0.865833333333333
0.705625
0.746458333333333
0.819375
0.791041666666667
0.838541666666667
0.953333333333333
0.923125
0.909583333333333
0.89375
0.783958333333333
0.889375
0.8975
0.869166666666667
0.865208333333333
0.906041666666667
0.905416666666667
0.901041666666667
0.989166666666667
1
1
0.943125
0.883333333333333
0.94875
0.89875
0.921458333333333
0.885416666666667
0.839767441860465
0.85
0.809375
0.92
0.87125
0.836458333333333
0.829791666666667
0.969375
0.848541666666667
0.8875
0.952916666666667
0.933541666666667
0.850416666666667
0.807291666666667
0.868333333333333
0.850416666666667
0.9125
0.880625
0.865625
0.884583333333333
0.943333333333333
0.985416666666667
0.950833333333333
0.881041666666667
0.904791666666667
0.798958333333333
0.780208333333333
0.815208333333333
0.905625
0.736458333333333
0.627916666666667
0.659791666666667
0.807708333333333
0.641666666666667
0.893333333333333
0.788125
0.790416666666667
0.805625
0.846666666666667
0.86625
0.832291666666667
0.819583333333333
0.813958333333333
0.829166666666667
0.792083333333333
0.783541666666667
0.764166666666667
0.719375
0.835208333333333
0.9075
0.876666666666667
0.787916666666667
0.855625
0.891666666666667
0.84375
0.742083333333333
0.722916666666667
0.695625
0.657291666666667
0.505
0.730625
0.790625
0.751875
0.566875
0.649583333333333
0.872291666666667
0.757083333333333
0.822916666666667
0.821875
0.656666666666667
0.853541666666667
0.823541666666667
0.9225
0.980625
0.761875
0.720416666666667
0.688333333333333
0.84
0.725833333333333
0.935833333333333
0.78375
0.683541666666667
0.659791666666667
0.68625
0.78125
0.860625
0.906041666666667
0.784791666666667
0.82125
0.835208333333333
0.868333333333333
0.893333333333333
0.860416666666667
0.807916666666667
0.943958333333333
0.97625
0.973541666666667
0.909791666666667
0.934791666666667
0.998333333333333
0.97375
0.904166666666667
0.969166666666667
0.9525
0.888541666666667
0.884375
0.912291666666667
0.882708333333333
0.950416666666667
0.944791666666667
0.928333333333333
0.914583333333333
0.867083333333333
0.635625
0.803125
0.685208333333333
0.521666666666667
0.607708333333333
0.90625
0.826875
0.586041666666667
0.604166666666667
0.735625
0.777291666666667
0.69625
0.601041666666667
0.504166666666667
0.516041666666667
0.592916666666667
0.996458333333333
0.704166666666667
0.965416666666667
0.982291666666667
0.792916666666667
0.756666666666667
0.699375
0.7175
0.787083333333333
0.9375
0.972083333333333
0.956666666666667
0.75
0.833958333333333
0.767291666666667
0.700416666666667
0.509791666666667
0.590625
0.707291666666667
0.799375
0.764583333333333
0.852916666666667
0.789583333333333
0.832708333333333
0.833541666666667
0.805208333333333
0.647916666666667
0.696875
0.741041666666667
0.7375
0.641041666666667
0.574791666666667
0.570208333333333
0.657916666666667
0.571041666666667
0.54375
0.608333333333333
0.68
0.625625
0.569583333333333
0.456666666666667
0.357916666666667
0.258958333333333
0.58875
0.919375
0.892708333333333
0.7225
0.746666666666667
0.662916666666667
0.726666666666667
0.635833333333333
0.62125
0.500208333333333
0.502083333333333
0.485
0.545833333333333
0.679375
0.636875
0.757916666666667
0.680416666666667
0.652083333333333
0.615625
0.505
0.487083333333333
0.367916666666667
0.444583333333333
0.397083333333333
0.405625
0.472291666666667
0.434166666666667
0.63625
0.823333333333333
0.80875
0.695208333333333
0.708125
0.553125
0.73375
0.801041666666667
0.881041666666667
0.736875
0.753333333333333
0.77375
0.6425
0.639166666666667
0.501875
0.524583333333333
0.718125
0.902916666666667
0.743333333333333
0.731458333333333
0.636666666666667
0.554375
0.486041666666667
0.496458333333333
0.527916666666667
0.550416666666667
0.445208333333333
0.459583333333333
0.456458333333333
0.470833333333333
0.518541666666667
0.71625
0.607708333333333
0.489583333333333
0.685416666666667
0.52125
0.583958333333333
0.707083333333333
0.684166666666667
0.913958333333333
0.875833333333333
0.834166666666667
0.828125
0.781875
0.673958333333333
0.564791666666667
0.56375
0.709791666666667
0.626458333333333
0.692916666666667
0.728541666666667
0.56125
0.534166666666667
0.45375
0.445833333333333
0.428541666666667
0.567916666666667
0.723125
0.822083333333333
0.667291666666667
0.666875
0.672291666666667
0.64125
0.663541666666667
0.649166666666667
0.751666666666667
0.803958333333333
0.753333333333333
0.757916666666667
0.819166666666667
0.82125
0.772916666666667
0.778541666666667
0.863125
0.844375
0.876875
0.85875
0.8375
0.848958333333333
0.677916666666667
0.629375
0.639166666666667
0.752083333333333
0.873125
0.808333333333333
0.703958333333333
0.851041666666667
0.864583333333333
0.773541666666667
0.740208333333333
0.821458333333333
0.89375
0.8625
0.728125
0.861666666666667
0.879583333333333
0.945
0.935208333333333
0.828541666666667
0.7175
0.72375
0.717708333333333
0.692291666666667
0.691041666666667
0.743125
0.73
0.777708333333333
0.806458333333333
0.790625
0.791666666666667
0.804583333333333
0.982708333333333
0.928958333333333
0.927916666666667
0.910208333333333
0.886041666666667
0.815208333333333
0.762291666666667
0.773333333333333
0.795416666666667
0.906041666666667
0.911458333333333
0.79625
0.97375
0.849791666666667
0.81125
0.827291666666667
0.865416666666667
0.65125
0.660833333333333
0.515833333333333
0.365
0.585833333333333
0.919583333333333
0.934166666666667
0.841875
0.932708333333333
0.910208333333333
0.702916666666667
0.796875
0.713541666666667
0.816666666666667
0.831875
0.81
0.879375
0.815833333333333
0.831875
0.858958333333333
0.881041666666667
0.838125
0.770416666666667
0.803541666666667
0.824166666666667
0.844166666666667
0.84875
0.876458333333333
0.808125
0.819791666666667
0.799166666666667
0.870416666666667
0.832083333333333
0.835833333333333
0.929166666666667
0.942916666666667
0.92
0.989791666666667
0.934166666666667
0.887708333333333
0.8475
0.943958333333333
0.935
0.920833333333333
0.992916666666667
0.899583333333333
0.783958333333333
0.854583333333333
0.975208333333333
0.944375
0.912708333333333
0.936666666666667
0.909791666666667
0.927916666666667
0.911041666666667
0.966875
0.933333333333333
0.916666666666667
0.888541666666667
0.82875
0.787708333333333
0.792708333333333
0.792708333333333
0.888125
0.822916666666667
0.728125
0.796041666666667
0.750625
