20000101
0.6379
0.656
0.794
0.8131
0.7517
0.7523
0.71
0.7258
0.7613
0.476
0.4665
0.6785
0.8
0.8988
0.8835
0.7394
0.6371
0.4146
0.3419
0.4943
0.6246
0.5056
0.4198
0.3871
0.5602
0.8346
0.8063
0.761
0.7456
0.7167
0.7681
0.8458
0.7248
0.2469
0.3202
0.7529
0.7646
0.7273
0.7775
0.4277
0.6044
0.601
0.3792
0.5367
0.5538
0.5706
0.6317
0.6521
0.6679
0.6538
0.344
0.4396
0.5306
0.3913
0.6381
0.6804
0.7304
0.8192
0.7671
0.7171
0.6323
0.3888
0.5446
0.5296
0.4048
0.674
0.7231
-99
-99
0.219
0.4744
0.536
0.7006
0.4475
0.3573
0.2527
0.3919
0.3444
0.4075
0.5742
0.666
0.7575
0.8835
0.7281
0.7383
0.7656
0.7998
0.619
0.6615
0.6958
0.6665
0.6935
0.7779
0.6558
0.641
0.6594
0.5135
0.5954
0.7704
0.8252
0.8338
0.7135
0.6802
0.6119
0.5927
0.5773
0.7425
0.54
0.6144
0.6185
0.6967
0.6669
0.7065
0.7585
0.7133
0.6385
0.7469
0.8017
0.6169
0.6854
0.6763
0.5263
0.4917
0.5649
0.6854
0.6929
0.7565
0.8027
0.7504
0.8508
0.8725
0.7863
0.8971
-99
-99
-99
-99
-99
0.629
0.5669
0.5177
0.6446
0.7013
0.65
0.5508
0.5315
0.5556
0.6538
0.6775
0.636
0.6456
0.6674
0.6125
0.67
0.7083
0.5663
0.5713
0.4298
0.3742
0.5615
0.7256
0.8006
0.5731
0.4717
0.5638
0.6856
0.3804
0.2923
0.3975
0.6738
0.6498
0.7367
0.7198
0.6675
0.5179
0.499
0.5296
0.6002
0.6819
0.5823
0.496
0.5848
0.6715
0.6629
0.6779
0.439
0.496
0.5556
0.4785
0.3548
0.4942
0.6452
0.5515
0.4596
0.4771
0.6073
0.4642
0.4077
0.519
0.6529
0.5444
0.4429
0.4327
0.6635
0.745
0.6283
0.6525
0.4869
0.5288
0.5246
0.3956
0.4263
0.4665
0.6
0.6163
0.491
0.37
0.3598
0.3408
0.3929
0.5121
0.4835
0.5296
0.6206
0.6083
0.5358
0.4856
0.4267
0.5192
0.5123
0.6167
0.7125
0.7358
0.5844
0.4906
0.7006
0.69
0.6583
0.64
0.3781
0.4519
0.5854
0.7198
0.5688
0.6123
0.505
0.4625
0.3573
0.4069
0.5742
0.4185
0.3938
0.5031
0.5138
0.6115
0.679
0.659
0.7031
0.729
0.6775
0.6194
0.6377
0.7923
0.6917
0.6248
0.5471
0.7194
0.7331
0.7302
0.7708
0.7575
0.7333
0.679
0.5413
0.686
0.4765
0.4467
0.5365
0.5985
0.374
0.301
0.4688
0.6123
0.7017
0.6652
0.8252
0.7192
0.5642
0.8463
0.7256
0.6223
0.7554
0.7698
0.8219
0.7621
0.7948
0.8035
0.8144
0.8138
0.7642
0.7219
0.8302
0.6113
0.6783
0.7668
0.746
0.6355
0.6251
0.7131
0.6942
0.6358
0.656
0.5971
0.6531
0.6542
0.7369
0.7038
0.7115
0.6419
0.6971
0.4571
0.3796
0.4529
0.6313
0.8208
0.699
0.6608
0.6833
0.6015
0.6917
0.6285
0.8558
0.8163
0.8215
0.7838
0.7488
0.671
0.5081
0.7604
0.771
0.7404
0.7706
0.6025
0.7488
0.7658
0.7542
0.8385
0.8029
0.7398
0.701
0.7173
0.7421
0.7844
0.8196
0.8085
0.7854
0.8633
0.9167
0.8377
0.8127
0.5546
0.6675
0.5244
0.5535
0.6198
0.3415
0.681
0.5946
0.6669
0.6592
0.6604
0.6881
0.6588
0.614
0.7227
0.7659
0.8598
0.8404
0.8583
0.8044
0.8475
0.8927
0.7671
0.7883
0.7271
0.6888
0.7971
0.7819
0.7656
0.7919
0.7169
0.6981
0.5902
0.8279
0.6181
0.3308
0.506
0.3965
0.5167
0.67
0.7352
0.7244
0.7133
0.6748
0.5467
0.4233
0.571
0.7188
0.8302
0.6417
0.7352
0.5969
0.579
0.4552
0.48
0.5854
0.3925
0.5563
0.3919
0.5352
0.4629
0.3215
0.3638
0.5019
0.6421
0.6071
0.6558
0.5167
0.6177
0.7002
0.8
0.7994
0.9067
0.6965
0.75
0.7213
0.7233
0.5688
0.7033
0.689
0.8167
0.7131
0.7152
0.7367
0.6965
0.6965
0.6438
0.6633
0.5896
0.691
0.7402
0.7256
0.7767
0.7962
0.4179
0.3825
0.6385
0.7156
0.6481
0.6167
0.6019
0.7298
0.6279
0.4667
0.4563
0.5485
0.389
0.3525
0.3354
0.2529
0.4281
0.5575
0.3981
0.5081
0.6452
0.396
0.511
0.4154
0.6154
0.7267
0.4913
0.4767
0.6329
0.6248
0.6679
0.7825
0.6338
0.8281
0.7304
0.611
0.6531
0.58
0.51
0.5817
0.6038
0.6573
0.4758
0.5575
0.6438
0.6783
0.3844
0.52
0.784
0.4383
0.2856
0.3769
0.6331
0.69
0.6823
0.6133
0.4265
0.4254
0.509
0.4665
0.4352
0.4194
0.4615
0.3873
0.3119
-99
0.4419
0.5783
0.4279
0.5056
0.5371
0.715
0.6831
0.3517
0.5052
0.5404
0.5767
0.604
0.4731
0.3402
0.2979
0.3031
0.3408
0.3329
0.3143
0.3394
0.4525
0.5788
0.6371
0.5469
0.3281
0.3369
0.3606
0.3717
0.3552
0.581
0.7148
0.7567
0.6238
0.5138
0.6052
0.6263
0.521
0.5315
0.5658
0.5931
0.6169
0.6004
0.5819
0.6144
0.4567
0.6569
0.4119
0.5121
0.5368
0.5708
0.514
0.4419
0.4965
0.499
0.5858
0.5135
0.4573
0.4008
0.3654
0.5342
0.4452
0.3981
0.4446
0.5492
0.6254
0.5777
0.4219
0.3908
0.3277
0.4379
0.4515
0.6358
0.7067
0.6729
0.4894
0.6977
0.7225
0.5323
0.5354
0.4669
0.4723
0.489
0.6644
0.7271
0.6473
0.4817
0.4994
0.5432
0.5873
0.3335
0.375
0.6819
0.6627
0.4004
0.3519
0.3583
0.4727
0.4771
0.319
0.2854
0.4165
0.6313
0.4796
0.4217
0.376
0.351
0.4184
0.6102
0.7181
0.7492
0.82
0.7373
0.8244
0.6581
0.7069
0.7375
0.7731
0.8935
0.7744
0.7802
0.8144
0.7654
0.5081
0.7935
0.7942
0.6473
0.619
0.7127
0.5904
0.6523
0.7442
0.8435
0.7408
0.7525
0.7087
0.7692
0.8358
0.8208
0.8179
0.5725
0.6865
0.7454
0.6088
0.72
0.8094
0.825
0.799
0.8242
0.741
0.7915
0.2752
0.4165
0.7002
0.7738
0.6925
0.5342
0.5613
0.6667
0.394
0.3169
0.4554
0.3481
0.4878
0.4142
0.8031
0.8498
0.8596
-99
0.5231
0.574
0.6577
0.7102
0.4858
0.39
0.4285
0.6677
0.5294
0.4779
0.5485
0.7388
0.7306
0.8235
0.8125
0.8175
0.7631
0.6194
0.4715
0.6696
0.7352
0.6965
0.759
0.7743
0.6335
0.6844
0.455
0.311
0.6025
0.6952
0.7906
0.7085
0.5706
0.525
0.5194
0.2148
0.5065
0.484
0.4652
0.5948
0.6742
0.7048
0.3898
0.5163
0.7921
0.9348
0.871
0.9246
0.7983
0.8127
0.7581
0.7827
0.8133
0.804
0.7715
0.8248
-99
-99
-99
-99
-99
-99
-99
-99
-99
-99
-99
-99
-99
-99
-99
-99
-99
-99
-99
-99
-99
-99
-99
-99
-99
-99
-99
-99
-99
-99
-99
-99
-99
-99
-99
-99
-99
-99
-99
-99
-99
-99
-99
-99
-99
-99
-99
-99
-99
-99
-99
-99
-99
-99
-99
-99
-99
-99
-99
-99
-99
-99
-99
-99
-99
-99
-99
-99
-99
-99
-99
-99
0.7825
0.6563
0.6696
0.7863
0.7623
0.7673
0.7673
0.919
0.5591
0.6129
0.7448
0.8791
0.8181
0.7485
0.912
0.9127
0.7694
0.4852
0.6029
0.5992
0.4575
0.5615
0.5877
0.6615
0.4158
0.3594
0.5008
0.4588
0.3696
0.3917
0.5704
0.5417
0.6594
0.5973
0.5685
0.6983
0.6831
0.5448
0.4594
0.5233
0.6065
0.7176
-99
-99
0.85
0.7908
0.7383
0.6913
0.5448
0.6474
0.6177
0.7092
0.4758
0.4813
0.629
0.62
0.7894
0.5177
0.5254
0.5506
0.5798
0.7225
0.6952
0.6829
0.621
0.514
0.6065
0.6994
0.6169
0.7646
0.7471
0.6742
0.6025
0.7427
0.5469
0.606
0.5831
0.6933
0.7048
0.5419
0.5071
0.5083
0.4871
0.5292
0.5494
0.6048
0.61
0.6035
0.5865
0.5606
0.4898
0.5142
0.6235
0.4285
0.5281
0.641
0.6473
0.6215
0.5873
0.5092
0.6427
0.6171
0.561
0.7365
0.7527
0.5677
0.4121
0.6631
0.536
0.5025
0.518
0.5417
0.409
0.4313
0.5206
0.5885
0.5794
0.534
0.4392
0.435
0.5479
0.5113
0.6298
0.6229
0.5988
0.5954
0.5044
0.6403
0.5981
0.5898
0.6213
0.6567
0.5671
0.4098
0.589
0.6731
0.5788
0.3921
0.5217
0.5169
0.6506
0.6542
0.5258
0.5475
0.699
0.7625
0.7583
0.6117
0.5425
0.6142
0.7663
0.7313
0.74
0.745
0.5808
0.5602
0.6467
0.5635
0.4396
0.6588
0.7763
0.7944
0.6346
0.5154
0.7096
0.8281
0.6473
0.4879
0.5183
0.7427
0.8038
0.6615
0.6979
0.6965
0.9169
0.8575
0.7585
0.7908
0.8394
0.691
0.3831
0.3479
0.2527
0.3142
0.4158
0.4848
0.6885
0.7365
-99
-99
0.7574
0.6119
0.6108
0.4967
0.5013
0.7723
0.9223
0.7821
0.595
0.4477
0.62
0.7963
0.8042
0.716
0.6796
0.7346
0.7135
0.79
0.7833
0.576
0.7148
0.7883
0.7052
0.7602
0.7785
0.5925
0.755
0.8377
0.7138
0.776
0.7765
0.645
0.4663
0.4772
0.5829
0.4823
0.5188
0.6163
0.6071
0.6885
0.7288
0.69
0.7467
0.7908
0.7106
0.7388
0.64
0.8015
0.8852
0.7281
0.69
0.7517
0.866
0.7563
0.4163
0.7792
0.74
0.7131
0.5294
0.74
0.4915
0.4919
0.4958
0.5708
0.509
0.6177
0.7125
0.7656
0.88
0.8517
0.8067
0.7942
0.7881
0.759
0.821
0.8983
0.7493
0.7706
0.785
0.8454
0.8733
0.8915
0.8465
0.8223
0.8773
0.8015
0.5265
0.6421
0.871
0.6906
0.8027
0.7798
0.7248
0.7554
0.5029
0.785
0.6742
0.8171
0.8092
0.4569
0.4238
0.6292
0.4623
0.6456
0.8192
0.7117
0.6865
0.7535
0.7246
0.6794
0.6212
0.7271
0.4548
0.4002
0.156
0.4238
0.4546
0.419
0.4344
0.4917
0.3902
0.3904
0.6117
0.7473
0.5913
0.4492
0.471
0.6538
0.7215
0.7281
0.5388
0.6458
0.6469
0.6388
0.6246
0.5358
0.4671
0.525
0.4581
0.8369
0.8706
0.8606
0.834
0.8602
0.7698
0.7188
0.8515
0.854
0.7777
0.855
0.8031
0.7538
0.7477
0.834
0.6367
0.6179
0.6888
0.7585
0.6648
0.7779
0.8004
0.6033
0.645
0.6894
0.655
0.696
0.715
0.57
0.4596
0.605
0.7408
0.7971
0.7881
0.7633
0.7619
0.8127
0.8715
0.8602
0.8879
0.7728
0.6569
0.6788
0.4125
0.32
0.374
0.3093
0.4821
0.8285
0.764
0.701
0.751
0.7192
0.7963
0.7902
0.6047
0.5621
0.5692
0.6423
0.6283
0.6875
0.7308
0.7077
0.6167
0.6194
0.709
0.7406
0.605
0.5963
0.7988
0.7083
0.4452
0.6221
0.3946
0.5331
0.7931
0.565
0.7
0.6775
0.5304
0.4958
0.614
0.6323
0.5573
0.4081
0.433
0.7383
0.73
0.6827
0.7292
0.5208
0.4867
0.534
0.5615
0.6552
0.5919
0.6335
0.4917
0.4915
0.557
0.5629
0.5933
0.5675
0.7046
0.6056
0.6946
0.8152
0.6517
0.5956
0.5483
0.5967
0.5896
0.585
0.5354
0.5007
0.5227
0.4967
0.5279
0.549
0.464
0.3146
0.3463
0.3898
0.3631
0.5783
0.7442
0.6954
0.5781
0.5404
0.6027
0.6879
0.5508
0.405
0.46
0.5917
0.51
0.4985
0.569
0.4952
0.4823
0.498
0.4227
0.4063
0.4015
0.4356
0.5829
0.7506
0.54
0.4652
0.5698
0.7156
0.7135
0.6673
0.5423
0.465
0.48
0.5594
0.6496
0.5925
0.4269
0.4058
0.4544
0.4521
0.3613
0.4019
0.4831
0.446
0.4025
0.3583
0.4365
0.4185
0.6173
0.5538
0.4008
0.3065
0.2846
0.3794
0.5796
0.6902
0.8204
0.7483
0.5877
0.6675
0.634
0.6033
0.6017
0.7104
0.6265
0.5673
0.6104
0.6788
0.5346
0.5958
0.5771
0.73
0.5658
0.425
0.6969
0.8235
0.75
0.7998
0.7542
0.6388
0.434
0.5583
0.4613
0.4471
0.5694
0.5985
0.591
0.6058
0.7196
0.7954
0.8281
0.825
0.7721
0.6813
0.484
0.6802
0.7802
0.9575
0.8573
0.7515
0.8985
0.785
0.7635
0.6604
0.7294
0.4508
0.5194
0.6635
0.6165
0.5856
0.6927
0.7992
0.845
0.8443
0.8296
0.8023
0.6796
0.8163
0.8621
0.8838
0.7504
0.5856
0.7448
0.6394
0.5802
0.4167
0.8385
0.761
0.9004
0.7646
0.6798
0.7169
0.681
0.6779
0.8579
0.7533
0.7938
0.8685
0.9004
0.8794
0.9163
0.9075
0.8313
0.8469
0.634
0.8883
0.9029
0.8696
0.5794
0.4844
0.7138
0.8575
0.9083
0.9348
0.8985
0.8617
0.6258
0.7349
0.6375
0.5485
0.8271
0.8304
0.8788
0.8719
0.864
0.7906
0.8856
0.9048
0.8635
0.6767
0.826
0.8354
0.8694
0.7315
0.839
0.7485
0.4383
0.4931
0.8288
0.8383
0.8594
0.8685
0.7731
0.4956
0.4369
0.5658
0.8154
0.9188
0.8248
0.6
0.5981
0.6841
0.4548
0.5673
0.5556
0.4898
0.4996
0.6335
0.9121
0.9188
0.9235
0.8296
0.8229
0.8921
0.9356
0.8879
0.7969
0.5679
0.791
0.724
0.5829
0.3067
0.5265
0.5552
0.6625
0.9269
0.9594
0.6246
0.8767
0.8069
0.4973
0.55
0.6704
0.7758
0.854
0.9225
0.9633
0.9554
0.895
0.9446
0.7877
0.5821
0.5223
0.5558
0.5833
0.4733
0.6069
0.7985
0.7427
0.7
0.4679
0.516
0.5229
0.761
0.8696
0.8296
0.7002
0.4535
0.7029
0.5613
0.5904
0.451
0.4746
0.424
0.3604
0.4617
0.4473
0.719
0.6954
0.4415
0.3908
0.514
0.6523
0.4958
0.8566
0.8206
0.7265
0.7531
0.711
0.8113
0.8321
0.776
0.7046
0.7292
0.5944
0.4288
0.3506
0.4065
0.476
0.6129
0.691
0.721
0.8519
0.781
0.7102
0.7517
0.6271
0.6398
0.7063
0.7265
0.6227
0.736
0.4608
0.3829
0.3904
0.4681
0.3398
0.6715
0.7683
0.8344
0.7345
0.7131
0.7075
0.6346
0.6398
0.6535
0.4983
0.4452
0.4806
0.604
0.6442
0.6885
0.8342
0.7106
0.7344
0.7781
0.8223
0.6267
0.8485
0.7277
0.766
0.7031
0.7075
0.731
0.7738
0.6506
0.4246
0.4994
0.529
0.5902
0.5948
0.6646
0.6415
0.606
0.7206
0.7644
0.6104
0.6029
0.6404
0.7069
0.6994
0.6579
0.5985
0.7533
0.7375
0.7042
0.4923
0.39
0.3638
0.4121
0.4775
0.6602
0.62
0.5775
0.6571
0.7023
0.6684
-99
0.5722
0.6017
0.4856
0.4092
0.5079
0.661
0.7483
0.7204
0.7485
0.6581
0.6663
0.6615
0.6588
0.6642
0.5933
0.5021
0.5756
0.5221
0.4367
0.5158
0.649
0.676
0.6054
0.6675
0.5372
0.5229
0.7123
0.7488
0.4667
0.4277
0.4306
0.5756
0.6902
0.7696
0.7104
0.7073
0.7379
0.791
0.7915
0.75
0.4863
0.3154
0.315
0.4798
0.6117
0.6298
0.5381
0.5121
0.489
0.5513
0.5173
0.696
0.6722
0.639
0.6938
0.7752
0.805
0.7213
0.6598
0.4931
0.4869
0.6217
0.6135
0.7621
0.7533
0.599
0.6385
0.4585
0.4225
0.6019
0.7171
0.6429
0.5565
0.4077
0.4933
0.5731
0.7054
0.7313
0.7056
0.6754
0.8198
0.8363
0.7327
0.7063
0.7438
0.7419
0.754
0.7681
0.7217
0.7535
0.715
0.7825
0.8296
0.5677
0.4269
0.5108
0.7583
0.6969
0.6165
0.5344
0.3538
0.5077
0.5469
0.3738
0.3923
0.5092
0.7138
0.7935
0.7669
0.7835
0.804
0.8127
0.8358
0.8917
0.8763
0.8044
0.8335
0.6869
0.4758
0.6898
0.6823
0.6014
0.7513
0.7035
0.6725
0.6477
0.769
0.6435
0.5673
0.5765
0.7535
0.8665
0.8808
0.8404
0.61
0.6804
0.7008
0.6038
0.7917
0.806
0.8823
0.711
0.7088
0.8
0.4948
0.4519
0.3919
0.4273
0.6921
0.6006
0.5198
0.4475
0.3054
0.3469
0.3622
0.4773
0.6719
0.8231
0.7088
0.5779
0.7998
0.9058
0.8671
0.8273
0.8535
0.8548
0.844
0.8454
0.8465
0.8152
0.9321
0.699
0.6806
0.526
0.6219
0.589
0.7806
0.8473
0.7854
0.7058
0.7667
0.8958
0.9323
0.93
0.9479
0.8794
0.6356
0.5633
0.809
0.6578
0.5242
0.4238
0.6271
0.8275
0.7775
0.4992
0.3613
0.4675
0.4567
0.4067
0.616
0.571
0.6608
0.4531
0.79
0.8588
0.7956
0.8625
0.9013
0.8931
0.8219
0.8421
0.8881
0.795
0.8585
0.9083
0.8948
0.9031
0.7358
0.5796
0.51
0.5002
0.6231
0.7865
0.4883
0.4244
0.3969
0.3592
0.4038
0.4675
0.266
0.4304
0.4933
0.4123
0.4305
0.5502
0.7454
0.8727
0.8467
0.936
0.8344
0.7965
0.7767
0.7133
0.6696
0.4913
0.459
0.4813
0.4763
0.4831
0.5281
0.4854
0.3708
0.591
0.501
0.5944
0.6188
0.7023
0.429
0.3869
0.4688
0.706
0.7142
0.4171
0.4798
0.4481
0.3908
0.3798
0.4475
0.6304
0.579
0.6829
0.6967
0.821
0.8021
0.8525
0.8481
0.671
0.7735
0.8579
0.9548
0.9106
0.8694
0.8888
0.8694
0.819
0.8452
0.7758
0.8408
0.6883
0.4577
0.7075
0.8156
0.8327
0.7902
0.7946
0.8004
0.7631
0.6733
0.4354
0.4421
0.3944
0.3979
0.5381
0.7025
0.6531
0.6313
0.4921
0.6488
0.6275
0.5702
0.5313
0.61
0.8242
0.9104
0.6669
0.6398
0.6758
0.594
0.599
0.5019
0.5408
0.7542
0.709
0.5294
0.456
0.376
0.5404
0.5985
0.6323
0.7577
0.6021
0.7588
0.8533
0.7233
0.6977
0.6892
0.856
0.4231
0.614
0.651
0.7075
0.725
0.5056
0.6046
0.5542
0.4981
0.6554
0.7169
0.6048
0.5946
0.4175
0.3667
0.5508
0.6817
0.5794
0.5021
0.3927
0.3971
0.4777
0.5625
0.6252
0.7775
0.7469
0.8721
0.7429
0.6133
0.4358
0.4715
0.525
0.4858
0.6021
0.6633
0.6644
0.6967
0.7069
0.676
0.7281
0.8147
0.6094
0.5348
0.5221
0.4323
0.456
0.5556
0.5779
0.3956
0.5883
0.4848
0.5329
0.7892
0.5267
0.3158
0.3904
0.4727
0.5169
0.4826
0.7167
0.7617
0.5842
0.5113
0.5433
0.445
0.5158
0.6371
0.764
0.7567
0.7554
0.8104
0.8242
0.6973
0.4592
0.4656
0.5265
0.4985
0.3498
0.3113
0.3238
0.3392
0.4804
0.3935
0.6113
0.7856
0.6773
0.4175
0.5488
0.516
0.4544
0.4183
0.6373
0.7677
0.6179
0.5021
0.4606
0.3583
0.501
0.5096
0.6533
0.6765
0.7377
0.576
0.6396
0.6375
0.6846
0.7194
0.7238
0.7192
0.7702
0.8254
0.8046
0.7773
0.8569
0.8142
0.755
0.7204
0.6829
0.6865
0.7135
0.6673
0.7133
0.5277
0.3158
0.4627
0.4985
0.5385
0.7398
0.7929
0.8008
0.8483
0.6085
0.8506
0.7744
0.6333
0.4363
0.6742
0.5142
0.474
0.481
0.8129
0.7263
0.7867
0.7775
0.8548
0.8923
0.8985
0.951
0.9567
0.9415
0.92
0.9269
0.9281
0.9725
0.9065
0.9202
0.8227
0.8667
0.7425
0.75
0.8781
0.9038
0.9219
0.9221
0.9346
0.9606
0.9242
0.7769
0.8085
0.9046
0.7631
0.4685
0.6575
0.859
0.8146
0.7423
0.5592
0.6552
0.8556
0.8942
0.85
0.856
0.8121
0.5867
0.5685
0.6663
0.7708
0.8346
0.6675
0.5575
0.4933
0.7756
0.7444
0.7856
0.8223
0.6731
0.4942
0.7883
0.7485
0.8015
0.7694
0.7742
0.6656
0.6017
0.7283
0.4865
0.541
0.6396
0.5921
0.5356
0.4508
0.499
0.666
0.6221
0.3654
0.6308
0.7781
0.7858
0.8319
0.9119
0.9323
0.9254
0.7029
0.5065
0.3154
0.5998
0.8065
0.7919
0.7888
0.5585
0.4498
0.4981
0.8846
0.9239
-99
-99
-99
0.8938
0.8746
0.8071
0.8475
0.9675
0.8594
0.8992
0.9533
0.8738
0.6031
0.8475
0.6727
0.5425
0.6948
0.7304
0.7948
0.8019
0.8156
0.8852
0.9685
0.816
0.5996
0.8581
0.9523
0.9021
0.6752
0.5802
0.4827
0.7333
0.766
0.6613
0.5273
0.5171
0.6085
0.7223
0.8154
0.84
0.8204
0.7569
0.5904
0.6179
0.7723
0.7752
0.7542
0.5746
0.5396
0.6785
0.7802
0.5579
0.4817
0.6992
0.7756
0.5679
0.5992
0.4473
0.4844
0.6542
0.8738
0.7773
0.6525
0.5725
0.511
0.4313
0.7715
0.8448
0.6229
0.8138
0.8008
0.9169
0.9308
0.7963
0.8256
0.8215
0.8002
0.7648
0.7404
0.7835
0.7365
0.6669
0.7575
0.6956
0.7977
0.6625
0.7058
0.7165
0.7946
0.7769
0.6858
0.84
0.9042
0.5917
0.3892
0.5048
0.6006
0.6554
0.7173
0.7194
0.5998
0.4346
0.6579
0.7265
0.8927
0.794
0.7606
0.6183
0.4863
0.4727
0.4781
0.4281
0.3567
0.4525
0.7783
0.8277
0.7306
0.6188
0.5519
0.6535
0.7196
0.6383
0.5815
0.7044
0.6567
0.8775
0.8985
0.7231
0.6831
0.7683
0.8065
0.7608
0.5158
0.5954
0.7194
0.6275
0.5069
0.4598
0.529
0.595
0.5096
0.4906
0.5531
0.3808
0.2921
0.3177
0.3431
0.2665
0.3281
0.5198
0.4773
0.5488
0.766
0.8029
0.7871
0.7535
0.7065
0.7892
0.7396
0.7
0.7585
0.7823
0.7419
0.7558
0.7225
0.5644
0.551
0.5933
0.6581
0.6098
0.594
0.6523
0.4719
-99
-99
-99
-99
-99
0.4584
0.6592
0.5808
0.4923
0.5692
0.641
0.5142
0.526
0.5075
0.5288
0.6244
0.6765
0.606
0.5388
0.6992
0.745
0.6745
0.5779
0.5675
0.5183
0.5256
0.609
0.5431
0.5169
0.5025
0.5092
0.6321
0.6135
-99
-99
-99
0.2989
-99
-99
0.0971
0.091
0.3271
0.4096
0.4375
0.5044
0.4652
0.5646
0.796
0.8148
0.6785
0.6429
0.606
0.4388
0.5627
0.6123
0.6921
0.7006
0.7433
0.5538
0.5342
0.7075
0.649
0.4227
0.3917
0.7125
0.8344
0.7067
0.6358
0.7375
0.8596
0.8427
0.7502
0.6821
0.7513
0.8094
0.8881
0.9281
0.9033
0.7
0.8579
0.7315
0.6127
0.604
0.8321
0.8442
0.9117
0.9629
0.8908
0.5604
0.4815
0.5708
0.8321
0.9135
0.8771
0.74
0.879
0.6394
0.6627
0.5269
0.7404
0.7038
0.6802
0.8531
0.8475
0.8138
0.7194
0.6892
0.7788
0.8629
0.8669
0.8865
0.8979
0.805
0.7773
0.8738
0.7817
0.7588
0.6827
0.8808
0.9238
0.9065
0.9358
0.7017
0.6467
0.8969
0.7204
0.3246
0.5223
0.6879
0.7865
0.9006
0.8808
0.884
0.9108
0.805
0.9085
0.635
0.6192
0.8842
0.8629
0.8992
0.8869
0.899
0.8508
0.8365
0.8723
0.6658
0.8325
0.8394
0.8563
0.9817
0.8052
0.6685
0.5206
0.7481
0.835
0.8121
0.816
0.8079
0.8271
0.6448
0.6619
0.7583
0.7148
0.5875
0.7858
0.7542
0.6598
0.6169
0.89
0.8919
0.7635
0.3831
0.5569
0.4608
0.5135
0.6108
0.5056
0.2854
0.4519
0.821
0.9425
0.934
0.8992
0.8346
0.8754
0.9173
0.4948
0.6358
0.7575
0.7077
0.8373
0.8269
0.8188
0.8004
0.7748
0.836
0.824
0.8654
0.8869
0.8042
0.7781
0.8521
0.8294
0.7135
0.8565
0.7958
0.7867
0.6804
0.3321
0.6298
0.4881
0.296
0.6146
0.8019
0.7504
0.7504
0.704
0.7975
0.7556
0.8619
0.8246
0.8538
0.8602
0.8392
0.701
0.6479
0.756
0.7494
0.7469
0.7127
0.3475
0.619
0.909
0.8673
0.7827
0.8898
0.8671
0.8477
0.8723
0.8663
0.844
0.5494
0.6804
0.8298
0.7617
0.6792
0.709
0.7296
0.5506
0.6719
0.6323
0.5229
0.3883
0.3548
0.3665
0.586
0.6238
0.559
0.6156
0.7448
0.3727
0.6785
0.6175
0.496
0.4235
0.4294
0.5154
0.4971
0.6317
0.8802
0.8223
0.7715
0.6046
0.7244
0.8671
0.8844
0.8123
0.804
0.4948
0.5806
0.5646
0.7306
0.776
0.8319
0.8004
0.8606
0.8785
0.9546
0.6954
0.5838
0.6994
0.7085
0.7185
0.6493
0.876
0.8544
0.7327
0.6431
0.5756
0.569
0.6419
0.6869
0.8019
0.7971
0.7065
0.8525
0.7654
0.8685
0.7192
0.4598
0.4617
0.415
0.5806
0.735
0.5954
0.616
0.6275
0.611
0.7465
0.6015
0.6342
0.6288
0.6071
0.7383
0.7506
0.6081
0.541
0.5785
0.5838
0.7781
0.7613
0.704
0.536
0.5048
0.7553
0.7081
0.486
0.4204
0.5023
0.5648
0.5683
0.7019
0.9673
0.5248
0.6448
0.6415
0.6608
0.6663
0.6802
0.7558
0.65
0.6448
0.7313
0.7315
0.7444
0.6702
0.5334
0.5231
0.5192
0.6027
0.5883
0.4869
0.52
0.5942
0.5969
0.711
0.6863
0.5363
0.5585
0.5396
0.4477
0.594
0.5754
0.5494
0.5006
0.44
0.5165
0.6581
0.7577
0.8063
0.6921
0.7109
0.6946
0.6446
0.6792
0.5831
0.4846
0.6006
0.6171
0.4346
0.5496
0.6244
0.5694
0.51
0.53
0.5241
0.56
0.7819
0.5742
0.4119
0.5023
0.6942
0.8215
0.6725
0.5463
0.4175
0.4646
0.6854
0.725
0.6
0.6867
0.7358
0.489
0.4356
0.5588
0.745
0.5598
0.79
0.6435
0.7913
0.7017
0.5798
0.5925
0.6985
0.7923
0.6579
0.4331
0.3215
0.4817
0.5944
0.5569
0.3956
0.2563
0.2758
0.3765
0.641
0.6321
0.514
0.5552
0.5058
0.7798
0.8463
0.604
0.6923
0.8381
0.5004
0.3883
0.544
0.8185
0.8404
0.7944
0.7129
0.5265
0.4006
0.3515
0.5248
0.7054
0.9135
0.9167
0.8602
0.9263
0.8219
0.8644
0.7333
0.634
0.6433
0.4788
0.7496
0.5798
0.6275
0.6373
0.779
0.8592
0.9477
0.8981
0.6631
0.4544
0.4365
0.3275
0.4102
0.6181
0.5631
0.6244
0.7052
0.6344
0.7046
0.6894
0.4271
0.3902
0.4108
0.5369
0.6804
0.6998
0.6777
0.5977
0.2152
0.5406
0.3965
0.4285
0.5604
0.4627
0.5285
0.5121
0.3833
0.3244
0.5225
0.7165
0.8163
0.9652
0.9158
0.9879
0.6446
0.4708
0.4227
0.3646
0.3817
0.5567
0.6504
0.7063
0.8254
0.8388
0.6752
0.6285
0.8404
0.7865
0.8904
0.6081
0.7131
0.5288
0.4442
0.3608
0.5027
0.6015
0.7083
0.7981
0.846
0.891
0.8723
0.8758
0.789
0.909
0.8079
0.6633
0.8767
0.735
0.5935
0.8681
0.874
0.624
0.4631
0.8036
0.8309
0.9311
0.8394
0.9354
0.8704
0.7574
0.7351
0.8961
0.8653
0.7662
0.6043
0.7206
0.7087
0.6774
0.6615
0.6174
0.6655
0.6253
0.7536
0.8357
0.6015
0.4926
0.7617
0.5877
0.5581
0.5885
0.4306
0.6717
0.7077
0.6955
0.8285
0.5196
0.7243
0.7072
0.746
0.7189
0.6
0.6385
0.7643
0.7983
0.7706
0.7313
0.7289
0.7934
0.8132
0.7572
0.723
0.7777
0.8111
0.8511
0.7977
0.7319
0.7351
0.8517
0.9115
0.8881
0.8298
0.8474
0.7711
0.766
0.7345
0.7455
0.4109
0.3311
0.2911
0.4185
0.4372
0.703
0.7223
0.6774
0.7609
0.7587
0.7628
0.7683
0.6981
0.7657
0.6674
0.5287
0.2785
0.4991
0.5674
0.4226
0.5802
0.6
0.7255
0.5809
0.6366
0.6832
0.6864
0.5228
0.3428
0.3828
0.4074
0.4119
0.5836
0.6353
0.4853
0.7649
0.6887
0.6817
0.6936
0.5274
0.64
0.4683
0.4885
0.7345
0.8072
0.7851
0.6749
0.7781
0.7943
0.7317
0.6555
0.5238
0.5166
0.5896
0.7698
0.7162
0.6057
0.6666
0.6611
0.6366
0.4747
0.4828
0.6451
0.7534
0.6168
0.6485
0.834
0.7747
0.763
0.7336
0.6774
0.7191
0.7719
0.8389
0.6998
0.6849
0.5111
0.3587
0.4813
0.6249
0.7757
0.7085
0.8466
0.744
0.8506
0.8034
0.7179
0.6819
0.77
0.8828
0.8094
0.6643
0.5783
0.5368
0.4281
0.3515
0.4394
0.6283
0.6898
0.6428
0.4002
0.6891
0.5348
0.7589
0.8319
0.68
0.6187
0.5619
0.5655
0.5449
0.4715
0.523
0.6626
0.454
0.483
0.4455
0.3532
0.4787
0.5109
0.5868
0.6785
0.5247
0.4955
0.5783
0.5823
0.5202
0.4821
0.6298
0.6238
0.7149
0.706
0.5357
0.3677
0.3813
0.5421
0.5157
0.5115
0.606
0.6264
0.3821
0.2989
0.4045
0.6034
0.6891
0.6113
0.5479
0.6994
0.6736
0.594
0.5719
0.5245
0.45
0.5328
0.6104
0.6628
0.5721
0.5745
0.4366
0.5087
0.7174
0.7385
0.6151
0.4636
0.5189
0.4787
0.547
0.6343
0.786
0.7391
0.5664
0.6513
0.7762
0.6337
0.556
0.6047
0.5162
0.5604
0.5036
0.5474
0.5657
0.6223
0.5502
0.7149
0.7355
0.6794
0.6919
0.623
0.5368
0.6872
0.7417
0.5264
0.6538
0.5045
0.4028
0.4013
0.4496
0.4862
0.7002
0.8019
0.5623
0.5709
0.6402
0.6168
0.5645
0.5834
0.3655
0.604
0.6219
0.7055
0.6417
0.5217
0.5845
0.6262
0.3581
0.4032
0.5947
0.763
0.7694
0.6187
0.4736
0.6111
0.7938
0.8515
0.8677
0.7834
0.7702
0.8004
0.7832
0.8168
0.8526
0.8564
0.8464
0.54
0.4213
0.677
0.4464
0.5955
0.7085
0.7062
0.4081
0.6421
0.7145
0.8072
0.826
0.6574
0.7653
0.7917
0.8119
0.8357
0.8494
0.8662
0.7917
0.7402
0.6792
0.5065
0.3448
0.4535
0.4904
0.4373
0.5933
0.5515
0.7006
0.7431
0.4946
0.6513
0.6767
0.4669
0.3783
0.5906
0.5471
0.7135
0.5333
0.6333
0.4896
0.6142
0.7158
0.7929
0.8021
0.6804
0.7279
0.7771
0.4475
0.4133
0.6402
0.7835
0.7917
0.5965
0.6938
0.5813
0.4356
0.5098
0.4375
0.4721
0.7575
0.8123
0.8517
0.7927
0.7858
0.7927
0.6575
0.8388
0.8642
0.8235
0.8158
0.7571
0.7833
0.6681
0.7229
0.6471
0.5594
0.6835
0.8431
0.8663
0.6785
0.7569
0.7346
0.5046
0.7508
0.8579
0.8265
0.8313
0.7027
0.6513
0.6246
0.7623
0.8473
0.5727
0.5646
0.5723
0.4588
0.6817
0.8233
0.9229
0.86
0.8498
0.8471
0.8323
0.7046
0.7213
0.7494
0.4413
0.419
0.7358
0.6198
0.5379
0.4729
0.4469
0.5765
0.4154
0.5754
0.3792
0.4775
0.5135
0.5113
0.541
0.479
0.4358
0.4681
0.6375
0.725
0.5413
0.7221
0.8825
0.8196
0.624
0.7015
0.546
0.415
0.411
0.6398
0.5513
0.586
0.5527
0.4296
0.591
0.6235
0.5167
0.4319
0.5915
0.6598
0.4967
0.4533
0.6117
0.444
0.3904
0.4394
0.4435
0.5892
0.7938
0.7942
0.4833
0.3283
0.6708
0.6346
0.6379
0.6506
0.6908
0.6102
0.7788
0.785
0.691
0.7898
0.8765
0.7996
0.6892
0.5575
0.7596
0.7063
0.6729
0.7681
0.7063
0.6258
0.6638
0.5533
0.3954
0.3433
0.6644
0.8029
0.7915
0.5946
0.791
0.7827
0.7515
0.5077
0.3773
0.411
0.4238
0.3492
0.4192
0.6127
0.6513
0.7985
0.85
0.8054
0.7832
0.836
0.7896
0.4531
0.5569
0.6096
0.6129
0.6498
0.6669
0.7465
0.6971
0.7648
0.7265
0.7581
0.5671
0.2785
0.3304
0.4842
0.5867
0.7744
0.6488
0.4615
0.514
0.5748
0.7192
0.7277
0.6533
0.7067
0.5992
0.625
0.6281
0.5742
0.6175
0.6858
0.7298
0.5471
0.389
0.521
0.6138
0.3658
0.3396
0.3265
0.3217
0.5615
0.5988
0.6265
0.5908
0.64
0.5071
0.5423
0.5681
0.6127
0.5479
0.659
0.6738
0.6492
0.5869
0.5021
0.5519
0.4556
0.54
0.7283
0.7879
0.7315
0.6721
0.7702
0.45
0.3888
0.6248
0.5527
0.6585
0.6906
0.5508
0.3746
0.4204
0.6371
0.5898
0.3894
0.6017
0.4119
0.5869
0.6415
0.4954
0.5025
0.5283
0.5131
0.6496
0.6944
0.525
0.6269
0.526
0.4542
0.4121
0.4015
0.3835
0.581
0.6869
0.5842
0.5058
0.4675
0.5296
0.6033
0.5063
0.529
0.7846
0.7169
0.5263
0.6331
0.5346
0.3606
0.3102
0.6313
0.7492
0.7885
0.6269
0.5285
0.334
0.3673
0.6371
0.6352
0.6294
0.6665
0.554
0.5723
0.6098
0.624
0.4496
0.5394
0.7071
0.6604
0.6467
0.6096
0.4819
0.4983
0.5654
0.485
0.3967
0.5717
0.7027
0.6577
0.6192
0.7235
0.5742
0.3504
0.4779
0.7448
0.7548
0.6273
0.7867
0.7702
0.6592
0.5652
0.4963
0.4971
0.2273
0.2838
0.2956
0.1748
0.3048
0.3058
0.5565
0.7388
0.8304
0.6794
0.5548
0.7273
0.6125
0.6102
0.7381
0.8165
0.889
0.7579
0.8513
0.841
0.6065
0.6331
0.851
0.7315
0.5713
0.6675
0.569
0.4733
0.3927
0.7077
0.7863
0.8756
0.6013
0.7219
0.7348
0.8621
0.6819
0.8275
0.8265
0.8383
0.726
0.7425
0.7563
0.7319
0.7202
0.6758
0.6273
0.6794
0.6302
0.4842
0.755
0.6427
0.6175
0.7765
0.7365
0.8452
0.7931
0.7233
0.7456
0.6683
0.4471
0.4485
0.5135
0.3983
0.6119
0.4794
0.4792
0.3725
0.4715
0.6798
0.6973
0.7642
0.7254
0.5421
0.7971
0.6613
0.7135
0.84
0.6221
0.5863
0.6681
0.559
0.6658
0.8175
0.8335
0.6535
0.8558
0.4823
0.4202
0.5163
0.6792
0.7842
0.6896
0.7248
0.5983
0.831
0.7144
0.6021
0.8335
0.8146
0.6408
0.7706
0.774
0.8058
0.4842
0.484
0.4423
0.6038
0.6575
-99
-99
0.4132
0.6133
0.6977
0.8846
0.7429
0.5944
0.4675
0.7915
0.6306
0.3804
0.3817
0.4246
0.5429
0.4965
0.6719
0.9171
0.805
0.7546
0.5288
0.6392
0.7623
0.6983
0.7521
0.7725
0.5935
0.6002
0.8494
0.6288
0.6973
0.7344
0.8731
0.6952
0.3433
0.3248
0.629
0.8521
0.4702
0.4208
0.5554
0.5131
0.4508
0.4283
0.3802
0.4823
0.659
0.7748
0.8304
0.8502
0.8742
0.9398
0.8788
0.8588
0.8119
0.6144
0.5267
0.6827
0.6431
0.5817
0.6969
0.6185
0.7692
0.7535
0.551
0.6119
0.816
0.8071
0.4692
0.4231
0.5802
0.5908
0.7827
0.6733
0.6892
0.6298
0.7013
0.7073
0.7069
0.7038
0.5654
0.5823
0.6102
0.7185
0.6852
0.6263
0.5033
0.3558
0.5588
0.6892
0.8008
0.7944
0.745
0.7702
0.7988
0.6954
0.6756
0.7908
0.7579
0.8185
0.7771
0.7731
0.7925
0.854
0.5325
0.3438
0.339
0.3496
0.4594
0.3238
0.3042
0.4163
0.6025
0.5627
0.4529
0.3821
0.6288
0.5677
0.6069
0.4675
0.6008
0.4773
0.5171
0.3969
0.404
0.4748
0.5148
0.6969
0.6988
0.746
0.8704
0.7977
0.7894
0.7479
0.7363
0.6902
0.5569
0.6002
0.6263
0.6765
0.6533
0.3629
0.3256
0.3738
0.5546
0.5473
0.4942
0.454
0.5171
0.5394
0.544
0.4392
0.5298
0.665
0.655
0.595
0.3446
0.3696
0.4467
0.5506
0.7802
0.7306
0.6363
0.5271
0.6277
0.7071
0.4333
0.6521
0.4769
0.3217
0.4071
0.5135
0.706
0.5377
0.4669
0.3658
0.331
0.3933
0.3446
0.4969
0.5298
0.4192
0.5352
0.6917
0.7306
0.4163
0.4956
0.3529
0.3544
0.4365
0.5981
0.6425
0.7306
0.6327
0.7188
0.3973
0.436
0.6244
0.5146
0.6773
0.6542
0.7279
0.7375
0.6065
0.4927
0.5904
0.5377
0.4669
0.5077
0.5373
0.3731
0.336
0.2792
0.2763
0.5667
0.6583
0.6829
0.5906
0.614
0.6681
0.7508
0.5252
0.4846
0.451
0.596
0.5333
0.3131
0.3546
0.5471
0.5827
0.7875
0.5646
0.516
0.7696
0.9196
0.7879
0.8398
0.6902
0.431
0.4031
0.4431
0.4585
0.599
0.6513
0.5667
0.8398
0.7852
0.5881
0.6521
0.7471
0.824
0.8377
0.856
0.9083
0.8344
0.7448
0.7825
0.6644
0.6029
0.6073
0.4129
0.3981
0.366
0.6098
0.5119
0.7431
0.8096
0.7533
0.3938
0.2094
0.5117
0.6623
0.7877
0.6688
0.6885
0.6427
0.4319
0.4563
0.5565
0.7752
0.901
0.7733
0.6792
0.7063
0.6415
0.5675
0.7056
0.761
0.7742
0.7242
0.3904
0.6473
0.7638
0.8056
0.7038
0.7902
0.4854
0.4938
0.4246
0.6754
0.4581
0.7398
0.6346
0.7917
0.881
0.7356
0.6575
0.649
0.655
0.6292
0.6896
0.6952
0.5765
0.5402
0.2852
0.5958
0.5921
0.3979
0.2335
0.3283
0.4129
0.5344
0.659
0.7294
0.8265
0.9179
0.9038
0.7944
0.3663
0.3323
0.144
0.5098
0.8365
0.875
0.8567
0.871
0.8285
0.7129
0.5406
0.719
0.8356
0.8765
0.7831
0.6248
0.6619
0.6746
0.7533
0.5681
0.7763
0.8392
0.7479
0.8804
0.85
0.8185
0.685
0.2663
0.3685
0.3398
0.404
0.4625
0.5565
0.6838
0.8273
0.7638
0.8156
0.8019
0.5402
0.451
0.2429
0.3348
0.5408
0.7488
0.7273
0.8371
0.8408
0.841
0.8223
0.8113
0.7746
0.8029
0.6808
0.6198
0.689
0.7669
0.5004
0.6869
0.6002
0.659
0.6265
0.5246
0.6152
0.516
0.7073
0.43
0.3854
0.3569
0.4713
0.5546
0.8169
0.7565
0.6856
0.7538
0.6192
0.7665
0.744
0.7644
0.8794
0.8363
0.9019
0.9075
0.8829
0.6067
0.4002
0.4065
0.5229
0.7023
0.7167
0.6717
0.7044
0.8321
0.8515
0.8163
0.7281
0.8013
0.7056
0.7702
0.7515
0.7419
0.7823
0.565
0.4117
0.595
0.7363
0.5252
0.5042
0.4183
0.4038
0.3904
0.3744
0.521
0.53
0.6508
0.704
0.7046
0.7427
0.7421
0.7054
0.8279
0.8615
0.7729
0.5381
0.3821
0.4442
0.7806
0.7704
0.7377
0.825
0.8038
0.6338
0.4763
0.6185
0.8169
0.8163
0.7783
0.771
0.5981
0.634
0.7317
0.7177
0.7529
0.3502
0.4171
0.5563
0.6779
0.5946
0.5163
0.5863
0.5244
0.429
0.3365
0.4033
0.5271
0.5273
0.4613
0.6208
0.7804
0.4975
0.3498
0.5473
0.5931
0.8558
0.7604
0.7627
0.8204
0.7646
0.6906
0.7633
0.5767
0.7063
0.7746
0.5046
0.5173
0.5948
0.7294
0.4819
0.4783
0.6125
0.616
0.6302
0.4688
0.3923
0.3242
0.4665
0.6094
0.5744
0.4346
0.315
0.2969
0.4698
0.4758
0.4975
0.4548
0.5333
0.591
0.4148
0.5975
0.6869
0.5898
0.7735
0.5556
0.4492
0.5517
0.6835
0.6042
0.5258
0.6173
0.54
0.6842
0.4606
0.4133
0.4942
0.701
0.871
0.7463
0.6308
0.6177
0.5617
0.5142
0.6656
0.7792
0.6921
0.6254
0.6935
0.7085
0.5948
0.5492
0.4183
0.3631
0.5527
0.5613
0.574
0.7046
0.6381
0.604
0.7552
0.7875
0.6719
0.6321
0.6046
0.5815
0.7573
0.7848
0.829
0.7098
0.4931
0.6169
0.571
0.6319
0.8146
0.8165
0.8004
0.7519
0.804
0.5398
0.5835
0.665
0.6708
0.7227
0.8083
0.7575
0.5115
0.511
0.4908
0.6319
0.7742
0.7365
0.6194
0.5002
0.5631
0.7156
0.7146
0.7421
0.8475
0.7254
0.7231
0.6444
0.6623
0.6802
0.7198
0.7138
0.6779
0.6102
0.3131
0.564
0.6988
0.4921
0.4065
0.4225
0.4735
0.3758
0.42
0.4469
0.5021
0.7144
0.765
0.8354
0.8317
0.7538
0.374
0.4615
0.7225
0.8285
0.8767
0.7498
0.6996
0.8263
0.9442
0.8631
0.8131
0.8577
0.8246
0.8113
0.8825
0.9231
0.8181
0.8477
0.7398
0.8065
0.8788
0.9175
0.9148
0.9223
0.8069
0.8769
0.8294
0.8352
0.8085
0.8908
0.9013
0.8856
0.8954
0.7552
0.5055
0.684
0.8481
0.5402
0.7965
0.8377
0.9023
0.8596
0.8308
0.6529
0.6131
0.7873
0.7196
0.7527
0.8317
0.8227
0.8933
0.8985
0.9027
0.7725
0.8735
0.7888
0.7927
0.5427
0.4442
0.4779
0.5402
0.6925
0.5981
0.526
0.7663
0.4277
0.2696
0.6894
0.8381
0.8075
0.4938
0.4583
0.61
0.7806
0.6419
0.6642
0.69
0.7167
0.474
0.414
0.6654
0.5213
0.6802
0.8402
0.8723
0.8063
0.6213
0.78
0.8525
0.8083
0.7677
0.8492
0.6198
0.6427
0.7542
0.7192
0.5152
0.6856
0.8492
0.676
0.5071
0.6325
0.4817
0.6148
0.5371
0.5292
0.3471
0.2752
0.384
0.4194
0.2238
0.3321
0.3773
0.1754
0.3156
0.3419
0.2933
0.4942
0.4427
0.4238
0.5344
0.7673
0.6792
0.3269
0.3708
0.2827
0.2492
0.5735
0.8229
0.3988
0.5871
0.6183
0.6244
0.645
0.7319
0.7363
0.5527
0.3123
0.3729
0.404
0.446
0.2863
0.2956
0.3225
0.5569
0.6329
0.6635
0.8729
0.8715
0.8175
0.6554
0.4842
0.5606
0.8702
0.8825
0.8227
0.7408
0.6377
0.6215
0.6158
0.6033
0.571
0.2727
0.499
0.626
0.7602
0.9281
0.7215
0.7165
0.7963
0.6219
0.4535
0.6546
0.7588
0.6775
0.736
0.4079
0.6177
0.4892
0.5158
0.418
0.814
0.7904
0.8004
0.744
0.605
0.6041
0.7646
0.7523
0.9079
0.8927
0.8344
0.6948
0.7027
0.754
0.7006
0.7275
0.7317
0.6531
0.6625
0.7446
0.769
0.8213
0.6344
0.6563
0.7029
0.5554
0.5073
0.4692
0.3963
0.7075
0.8335
0.8981
0.9104
0.8906
0.7919
0.5425
0.5565
0.651
0.7515
0.7183
0.6769
0.6415
0.6571
0.6254
0.6048
0.6919
0.8123
0.736
0.6435
0.7617
0.7835
0.4967
0.5963
0.7175
0.7123
0.7033
0.6538
0.7706
0.7494
0.6658
0.719
0.6698
0.6921
0.5127
0.564
0.4254
0.4396
0.5179
0.4763
0.5083
0.5685
0.7117
0.7921
0.7163
0.524
0.5363
0.6381
0.6846
0.7906
0.6135
0.6902
0.5371
0.5904
0.6777
0.5427
0.5644
0.7279
0.5071
0.4585
0.425
0.2963
0.3408
0.4969
0.6175
0.3809
0.274
0.3575
0.586
0.5267
0.625
0.6998
0.5229
0.5733
0.664
0.626
0.7602
0.6129
0.4587
0.539
0.6367
0.5273
0.4106
0.4844
0.5031
0.3946
0.4546
0.5613
0.4333
0.6688
0.6852
0.5029
0.739
0.7515
0.74
0.7529
0.6502
0.6281
0.7396
0.7454
0.5171
0.471
0.6596
0.7046
0.8425
0.685
0.3715
0.2946
0.3835
0.3588
0.409
0.526
0.5437
0.5169
0.7377
0.8335
0.8273
0.7725
0.7494
0.4448
0.3235
0.5229
0.7227
0.8085
0.886
0.4933
0.4521
0.7763
0.8025
0.8223
0.564
0.5919
0.7219
0.7694
0.5883
0.7367
0.6098
0.6794
0.7748
0.7917
0.8392
0.8758
0.8423
0.7629
0.7667
0.8023
0.7585
0.8431
0.6379
0.5492
0.6508
0.4602
0.6077
0.7375
0.8898
0.9131
0.941
0.8779
0.8631
0.8488
0.849
0.9258
0.8867
0.6221
0.3781
0.4443
0.8096
0.8921
0.745
0.7583
0.725
0.8075
0.6281
0.6998
0.5121
0.7421
0.815
0.81
0.5581
0.3715
0.3988
0.7571
0.8104
0.9173
0.8806
0.8408
0.7067
0.8763
0.7515
0.7169
0.8404
0.7538
0.8473
0.7619
0.7423
0.611
0.4775
0.4131
0.4702
0.4408
0.7344
0.6896
0.6427
0.4042
0.69
0.4479
0.5623
0.6604
0.4779
0.6958
0.7654
0.6683
0.7594
0.7525
0.7335
0.8204
0.8973
0.7667
0.7792
0.775
0.8296
0.919
0.8279
0.5148
0.7713
0.6933
0.7798
0.5454
0.7569
0.8223
0.494
0.4079
0.5698
0.2269
0.5067
0.7269
0.8838
0.9552
0.8256
0.464
0.7854
0.7623
0.489
0.6633
0.7388
0.4246
0.684
0.864
0.5938
0.6947
0.615
0.5085
0.6244
0.3227
0.7081
0.8394
0.51
0.7635
0.7794
0.7567
0.831
0.579
0.3317
0.5079
0.7223
0.4677
0.4442
0.5315
0.4481
0.6758
0.5483
0.509
0.4648
0.6606
0.5583
0.4858
0.7319
0.8327
0.8375
0.8158
0.7998
0.7669
0.4435
0.4127
0.4681
0.5144
0.6204
0.7421
0.7567
0.646
0.7946
0.8163
0.9056
0.929
0.876
0.7038
0.7633
0.7573
0.7417
0.8031
0.6065
0.444
0.384
0.7417
0.7804
0.7815
0.8281
0.6775
0.7753
0.805
0.8492
0.8975
0.7833
0.6965
0.9158
0.8927
0.8238
0.6508
0.7702
0.8988
0.7804
0.8098
0.8467
0.629
0.5252
0.635
0.769
0.7054
0.7571
0.744
0.7169
0.6898
0.689
0.6985
0.6665
0.6
0.7158
0.5854
0.3619
0.4588
0.3248
0.464
0.6648
0.7277
0.7717
0.6913
0.6346
0.7548
0.8519
0.7123
0.6969
0.6183
0.5277
0.5525
0.6135
0.5792
0.6658
0.7152
0.5477
0.5006
0.4746
0.5779
0.804
0.7431
0.724
0.7225
0.6613
0.7838
0.734
0.6271
0.531
0.4704
0.5598
0.6381
0.6335
0.8229
0.7827
0.7644
0.7838
0.5967
0.4573
0.4435
0.4142
0.6671
0.7248
0.6965
0.6321
0.8108
0.7777
0.6975
0.6954
0.6017
0.6548
0.6677
0.655
0.6548
0.7525
0.7492
0.7521
0.686
0.7902
0.7708
0.6869
0.4148
0.3954
0.3498
0.3465
0.4181
0.5275
0.5146
0.6181
0.8021
0.7917
0.5163
0.4885
0.4844
0.4602
0.4769
0.5285
0.6017
0.646
0.6277
0.6646
0.5408
0.5496
0.5444
0.5954
0.6488
0.804
0.7823
0.6875
0.6521
0.7225
0.6063
0.5852
0.7
0.8054
0.7144
0.5188
0.5315
0.5217
0.6433
0.6321
0.6667
0.6871
0.6327
0.7735
0.7094
0.4679
0.4244
0.4331
0.4158
0.5506
0.5498
0.3815
0.4971
0.7483
0.6952
0.7273
0.6675
0.334
0.4804
0.7858
0.7277
0.7925
0.6215
0.7208
0.665
0.6035
0.4733
0.3129
0.3135
0.3498
0.3177
0.4631
0.7817
0.6375
0.7269
0.8692
0.7067
0.6344
0.8108
0.5227
0.4831
0.695
0.7327
0.67
0.6738
0.5654
0.7175
0.5165
0.5196
0.5171
0.6398
0.7369
0.7815
0.8094
0.8315
0.8075
0.8163
0.7638
0.7702
0.769
0.8623
0.8558
0.8785
0.6119
0.451
0.5758
0.6379
0.5344
0.5929
0.6627
0.7188
0.7398
0.7604
0.8373
0.7225
0.7242
0.8435
0.8929
0.821
0.8608
0.8171
0.7177
0.8077
0.889
0.9035
0.8192
0.5725
0.5069
0.3463
0.2971
0.5517
0.7065
0.6623
0.7744
0.6004
0.7075
0.8214
0.8277
0.5277
0.6322
0.2038
0.3794
0.5673
0.4446
0.4958
0.6815
0.9069
0.8898
0.621
0.4175
0.6129
0.5283
0.5006
0.514
0.409
0.4031
0.4656
0.4646
0.436
0.6579
0.385
0.4385
0.5527
0.6225
0.554
0.5027
0.5473
0.7088
0.8888
0.8838
0.7867
0.8519
0.8969
0.7904
0.7975
0.8617
0.8771
0.8477
0.8023
0.466
0.6181
0.6871
0.7765
0.739
0.634
0.4677
0.6621
0.6658
0.5727
0.776
0.7967
0.7377
0.7196
0.8854
0.7029
0.6031
0.825
0.9156
0.9217
0.9285
0.8415
0.8269
0.9046
0.9115
0.7367
0.7431
0.7565
0.6471
0.8371
0.7996
0.499
0.5598
0.8742
0.54
0.6271
0.7206
0.6127
0.5575
0.6579
0.7385
0.6425
0.7721
0.7631
0.4575
0.7148
0.651
0.6965
0.7463
0.7588
0.6481
0.6517
0.6535
0.561
0.5379
0.6567
0.7096
-99
-99
0.7592
0.7406
0.4894
0.7231
0.5985
0.6998
0.7723
0.7392
0.7117
0.7385
0.8113
0.6313
0.4783
0.5921
0.6031
0.4852
0.4308
0.4271
0.6144
0.6315
0.6004
0.5067
0.6044
0.6863
0.7313
0.6638
0.4371
0.274
0.3883
0.6767
0.6185
0.7821
0.7921
0.7098
0.4963
0.5258
0.7613
0.6177
0.55
0.7481
0.7642
0.8329
0.8696
0.7619
0.881
0.9181
0.5352
0.4079
0.5877
0.7177
0.7033
0.5246
0.5885
0.8252
0.8081
0.6038
0.6223
0.466
0.5275
0.7654
0.5683
0.5827
0.8181
0.8398
0.8823
0.7173
0.6431
0.5019
0.6044
0.4821
0.5825
0.6513
0.6569
0.6696
0.495
0.4348
0.3727
0.6102
0.6328
0.75
0.5785
0.6356
0.6896
0.7271
0.5808
0.4583
0.3519
0.2808
0.4052
0.3771
0.6908
0.7604
0.8629
0.9169
0.73
0.5838
0.5354
0.6529
0.885
0.7869
0.7819
0.5979
0.505
0.431
0.3888
0.4202
0.4725
0.5177
0.5985
0.8227
0.7473
0.6223
0.414
0.4817
0.5294
0.4869
0.4275
0.3744
0.394
0.3813
0.5554
0.6565
0.6344
0.56
0.4919
0.7765
0.7596
0.6688
0.7758
0.6169
0.7144
0.6415
0.5579
0.5723
0.7863
0.7748
0.6585
0.6923
0.7244
0.5598
0.6856
0.5592
0.416
0.3854
0.3827
0.4496
0.641
0.7321
0.5892
0.5954
0.6027
0.6617
0.7354
0.6596
0.4942
0.3548
0.5544
0.6073
0.6727
0.6215
0.4946
0.796
0.4748
0.5038
0.554
0.7644
0.824
0.7738
0.7081
0.5242
0.5323
0.6658
0.7208
0.7327
0.8269
0.5406
0.5498
0.569
0.4856
0.5163
0.386
0.5731
0.7596
0.6054
0.5296
0.5177
0.8665
0.7158
0.6356
0.7715
0.7075
0.6769
0.7513
0.7585
0.6017
0.6188
0.4173
0.4817
0.5102
0.734
0.746
0.7644
0.8258
0.8315
0.8144
0.7321
0.6325
0.6171
0.6456
0.7308
0.8054
0.859
0.7788
0.8571
0.7838
0.7552
0.7433
0.6252
0.561
0.6106
0.3877
0.4981
0.7173
0.8719
0.916
0.8458
0.7344
0.6304
0.696
0.8081
0.7681
0.7827
0.8104
0.7671
0.7506
0.8202
0.7554
0.7504
0.7133
0.7633
0.769
0.7863
0.7602
0.8365
0.8704
0.8756
0.7452
0.3621
0.2581
0.3102
0.6313
0.6738
0.7902
0.7498
0.8
0.8479
0.8435
0.8188
0.8547
0.7508
0.7985
0.5304
0.5223
0.6823
0.6613
0.7319
0.6235
0.7125
0.7931
0.824
0.8608
0.7808
0.741
0.7477
0.8338
0.8577
0.9006
0.8869
0.9213
0.9444
0.93
0.8794
0.987
0.8503
0.8888
0.8983
0.9098
0.7194
0.571
0.591
0.6969
0.5753
0.5363
0.3896
0.5525
0.4025
0.3442
0.5688
0.8515
0.8323
0.8954
0.8902
0.5192
0.7919
0.6054
0.7775
0.7377
0.7504
0.8767
0.8944
0.8832
0.7152
0.5579
0.7881
0.5692
0.3008
0.3194
0.2892
0.6163
0.6627
0.5663
0.6846
0.7475
0.8535
0.8171
0.7913
0.7792
0.731
0.6542
0.6867
0.73
0.83
0.6796
0.8233
0.6238
0.7246
0.7938
0.4294
0.5505
0.6502
0.3602
0.285
0.3227
0.4335
0.4913
0.55
0.789
0.621
0.5613
0.4733
0.525
0.7369
0.5185
0.4125
0.4392
0.6673
0.4585
0.4573
0.7283
0.82
0.8263
0.8188
0.8671
0.7323
0.4569
0.524
0.5604
0.7117
0.7984
0.6906
0.4069
0.5619
0.4798
0.5313
0.655
0.5104
0.5352
0.8167
0.7196
0.7492
0.6165
0.2954
0.4188
0.7281
0.7465
0.7713
0.7046
0.5627
0.601
0.7288
0.6248
0.754
0.905
0.9258
0.8385
0.7604
0.8025
0.9031
0.8333
0.834
0.8754
0.4625
0.4583
0.3871
0.4954
0.636
0.696
0.6963
0.459
0.59
0.6321
0.5027
0.4263
0.5248
0.6221
0.6215
0.7321
0.7594
0.7275
0.6392
0.629
0.5013
0.5856
0.8329
0.8427
0.8362
0.8231
0.7975
0.6946
0.7779
0.8175
0.7163
0.7992
0.9117
0.7744
0.41
0.7231
0.7063
0.7663
0.6944
0.8633
0.7746
0.7381
0.5379
0.5431
0.636
0.5554
0.6256
0.7398
0.8029
0.7963
0.6369
0.3856
0.4029
0.4165
0.6025
0.6752
0.46
0.3765
0.3398
0.3873
0.3925
0.4215
0.4023
0.3519
0.5383
0.5879
0.62
0.6144
0.6194
0.6085
0.57
0.4783
0.3898
0.4656
0.4879
0.5498
0.6321
0.7275
0.741
0.8338
0.7571
0.7094
0.7004
0.599
0.3863
0.3309
0.3894
0.3233
0.4385
0.5335
0.6185
0.4258
0.5223
0.4629
0.5465
0.519
0.4331
0.6373
0.8135
0.6338
0.4988
0.4529
0.4681
0.5715
0.6719
0.5023
0.319
0.414
0.594
0.5642
0.4856
0.3771
0.4723
0.659
0.7885
0.715
0.6106
0.546
0.5219
0.5952
0.4935
0.7858
0.5279
0.5379
0.5281
0.576
0.6733
0.6335
0.5052
0.639
0.634
0.7465
0.6275
0.6948
0.7188
0.7354
0.7696
0.6117
0.5646
0.6919
0.7838
0.796
0.5406
0.5529
0.5983
0.6006
0.8281
0.6002
0.5677
0.559
0.8292
0.7977
0.6104
0.5679
0.7565
0.8119
0.8221
0.7892
0.8354
0.8635
0.5863
0.5735
0.6919
0.6702
0.4648
0.3513
0.4935
0.4971
0.6102
0.8129
0.82
0.865
0.7244
0.5981
0.6788
0.6869
0.5573
0.4702
0.4838
0.4538
0.6681
0.6788
0.4663
0.3696
0.4944
0.5513
0.5927
0.6517
0.8605
0.7913
0.7073
0.824
0.7985
0.8004
0.7771
0.8042
0.54
0.5338
0.5427
0.7325
0.7935
0.8229
0.7713
0.4885
0.4371
0.6479
0.7292
0.8598
0.7944
0.6058
0.4565
0.4358
0.7485
0.9576
0.7961
0.9169
0.904
0.7688
0.8326
0.8256
0.8117
0.774
0.8625
0.8155
0.8273
0.886
0.8281
0.8729
0.9171
0.8883
0.8017
0.8843
0.8659
0.8215
0.6558
0.6777
0.7558
0.7635
0.7331
0.8223
0.8623
0.5429
0.4
0.3535
0.3038
0.709
0.5317
0.4013
0.5917
0.6135
0.7565
0.7979
0.886
0.9025
0.903
0.9421
0.8957
0.9358
0.8595
0.634
0.8119
0.8837
0.9079
0.9374
0.8931
0.8955
0.847
0.9181
0.9144
0.9181
0.8506
0.8163
0.89
0.904
0.8106
0.9308
0.9311
0.9063
0.7804
0.7567
0.8456
0.8596
0.8375
0.7598
0.789
0.8998
0.9544
0.8306
0.7358
0.845
0.8417
0.6146
0.644
0.7371
0.5942
0.7148
0.4996
0.3952
0.4306
0.7908
0.8479
0.8533
0.8421
0.8652
0.886
0.8471
0.8223
0.8515
0.8102
0.8185
0.8567
0.8765
0.8583
0.7298
0.8473
0.6283
0.3806
0.6308
0.6842
0.6565
0.6956
0.6613
0.651
0.8748
0.7433
0.7135
0.73
0.446
0.4248
0.6381
0.7431
0.53
0.7425
0.6381
0.645
0.7167
0.799
0.7269
0.725
0.7819
0.7788
0.4444
0.2665
0.615
0.4283
0.6548
0.6929
0.525
0.6883
0.3935
0.5367
0.399
0.4004
0.3723
0.4169
0.7056
0.7404
0.6354
0.8985
0.8746
0.861
0.8717
0.6958
0.5144
0.3429
0.4842
0.7229
0.7225
0.6263
0.7194
0.8238
0.8344
0.7475
0.544
0.8823
0.7119
0.8185
0.7606
0.459
0.4835
0.4504
0.5452
0.7144
0.7588
0.6592
0.6702
0.6381
0.6263
0.6652
0.6531
0.5144
0.4085
0.5873
0.8446
0.8277
0.7227
0.4071
0.5292
0.6365
0.6829
0.6013
0.5281
0.676
0.3483
0.3144
0.3683
0.3775
0.6044
0.7898
0.739
0.9606
0.9474
0.8048
0.8381
0.8152
0.7421
0.5696
0.511
0.56
0.631
0.8444
0.6544
0.5619
0.6542
0.6654
0.514
0.6629
0.8169
0.7281
0.6413
0.8523
0.7981
0.8554
0.8335
0.8223
0.7658
0.7421
0.8402
0.731
0.7619
0.6583
0.5348
0.3519
0.5165
0.6204
0.5742
0.6613
0.5629
0.6671
0.6729
0.7039
0.5983
0.4067
0.4535
0.5348
0.6029
0.51
0.524
0.511
0.4321
0.4777
0.6138
0.619
0.6506
0.671
0.5965
0.5083
0.5119
0.4667
0.4979
0.549
0.5725
0.4667
0.4802
0.5842
0.5379
0.3938
0.3733
0.2871
0.3265
0.509
0.6265
0.6038
0.6688
0.6346
0.6294
0.414
0.3792
0.3708
0.4177
0.451
0.5004
0.6752
0.6181
0.5977
0.4646
0.5008
0.6179
0.5977
0.4625
0.3175
0.3585
0.4523
0.5023
0.3246
0.3029
0.3733
0.5646
0.7358
0.6865
0.6854
0.6983
0.624
0.745
0.6427
0.411
0.3392
0.466
0.5606
0.4983
0.5677
0.7523
0.7585
0.6115
0.4523
0.5598
0.506
0.5133
0.5394
0.4852
0.375
0.4304
0.6033
0.6458
0.6242
0.6302
0.5348
0.7048
0.8017
0.799
0.6292
0.5054
0.4498
0.391
0.4013
0.5206
0.6081
0.6854
0.7215
0.7808
0.8483
0.6854
0.505
0.5046
0.7392
0.7719
0.7156
0.7529
0.6335
0.5471
0.5852
0.84
0.7663
0.526
0.4233
0.3692
0.4185
0.7054
0.9283
0.8708
0.8242
0.8123
0.8307
0.6077
0.515
0.4935
0.4742
0.8948
0.8417
0.9308
0.8815
0.7042
0.6629
0.7121
0.8219
0.8202
0.826
0.7992
0.8177
0.8083
0.8642
0.6944
0.7175
0.624
0.4063
0.5902
0.7323
0.7067
0.6985
0.855
0.526
0.5535
0.6723
0.8329
0.8046
0.6544
0.6815
0.7983
0.8827
0.8771
0.7642
0.7967
0.8746
0.8596
0.82
0.7379
0.7273
0.8152
0.7585
0.7885
0.8863
0.8371
0.7681
0.8048
0.8698
0.8696
0.8977
0.7635
0.7148
0.8067
0.8363
0.8994
0.8656
0.7496
0.7719
0.831
0.704
0.4588
0.689
0.8088
0.8246
0.82
0.7879
0.5696
0.7323
0.7813
0.846
0.8752
0.87
0.8354
0.6746
0.6408
0.376
0.436
0.6517
0.4581
0.5352
0.6958
0.59
0.7604
0.5221
0.4094
0.4667
0.5415
0.3542
0.3831
0.4967
0.79
0.66
0.866
0.6665
0.3415
0.6254
0.8225
0.8823
0.7665
0.746
0.8533
0.8323
0.8492
0.771
0.6235
0.6546
0.6427
0.4008
0.6233
0.4885
0.4904
0.7156
0.8438
0.8352
0.8321
0.885
0.875
0.8915
0.8306
0.724
0.7771
0.7321
0.7156
0.7779
0.8354
0.5913
0.4558
0.7271
0.8029
0.8367
-99
0.6481
0.7937
0.7581
0.6992
0.5821
0.5619
0.7946
0.8059
0.5996
0.6467
0.6771
0.5331
0.4825
0.5742
0.659
0.6898
0.7335
0.5273
0.6492
0.7221
0.6671
0.6948
0.8006
0.6923
0.7219
0.8154
0.7198
0.585
0.5892
0.6173
0.6638
0.4902
0.4865
0.4229
0.4238
0.3513
0.4735
0.5525
0.5902
0.6156
0.5821
0.5392
0.5458
0.5479
0.5481
0.5654
0.5538
0.419
0.2817
0.3715
0.5594
0.6083
0.5569
0.7279
0.7048
0.6613
0.4052
0.3827
0.5879
0.726
0.6331
0.7449
0.8429
0.7735
0.7598
0.6885
0.5765
0.4617
0.6302
0.7998
0.7658
0.6665
0.7098
0.5681
0.5004
0.5067
0.5498
0.7019
0.6477
0.6644
0.6265
0.7517
0.6652
0.5469
0.5183
0.7148
0.6975
0.6133
0.4913
0.5629
0.5304
0.5917
0.7427
0.7254
0.6242
0.4785
0.5321
0.4775
0.6975
0.7279
0.6121
0.4994
0.534
0.5492
0.5319
0.611
0.4254
0.3363
0.5154
0.8119
0.6646
0.6769
0.6931
0.6385
0.6031
0.6327
0.6898
0.7031
0.7383
0.7031
0.7154
0.6275
0.4502
0.5242
0.6425
0.779
0.7192
0.5844
0.5898
0.6725
0.7394
0.6769
0.6363
0.5648
0.4204
0.3192
0.3846
0.6306
0.7729
0.7679
0.6477
0.5952
0.6835
0.5925
0.6479
0.405
0.4456
0.5625
0.6179
0.7044
0.7513
0.74
0.7225
0.6888
0.7013
0.5448
0.5248
0.4431
0.5173
0.5279
0.4746
0.4654
0.3871
0.4742
0.5556
0.6992
0.8008
0.6898
0.5754
0.5665
0.4925
0.2681
0.3325
0.5983
0.6931
0.7321
0.7848
0.8177
0.7667
0.7302
0.6975
0.5485
0.681
0.4352
0.381
0.4563
0.5571
0.5852
0.5552
0.4421
0.5454
0.734
0.4298
0.5767
0.531
0.689
0.6079
0.7794
0.7521
0.721
0.6802
0.3985
0.5019
0.6694
0.7344
0.7652
0.7523
0.7204
0.5573
0.7667
0.769
0.7873
0.846
0.6358
0.8638
0.7071
0.6344
0.6735
0.4869
0.4338
0.5808
0.5331
0.6342
0.7723
0.8421
0.8563
0.8727
0.8069
0.7648
0.7938
0.7748
0.8785
0.7579
0.7277
0.4454
0.5044
0.5633
0.7406
0.8617
0.6656
0.384
0.4344
0.5248
0.5704
0.7738
0.816
0.805
0.8529
0.4998
0.415
0.3475
0.4806
0.5379
0.474
0.5594
0.7258
0.4044
0.3763
0.5252
0.7258
0.7596
0.5252
0.5775
0.5519
0.7067
0.7661
0.821
0.8773
0.6673
0.4179
0.4992
0.6979
0.625
0.3825
0.481
0.4685
0.2223
0.4415
0.6352
0.8346
0.8442
0.71
0.4771
0.7133
0.635
0.6742
0.6619
0.6888
0.7492
0.4315
0.4317
0.7227
0.6
0.6502
0.6619
0.6019
0.6517
0.8688
0.805
0.699
0.5688
0.5131
0.7717
0.7017
0.7031
0.4994
0.706
0.6833
0.7367
0.779
0.8873
0.8446
0.8665
0.6558
0.6415
0.4894
0.4865
0.7388
0.8171
0.6942
0.6923
0.579
0.7746
0.7744
0.6683
0.595
0.7544
0.601
0.8377
0.7565
0.5821
0.5463
0.5623
0.7483
0.8179
0.8071
0.7563
0.4002
0.4602
0.7829
0.8488
0.559
0.4173
0.4777
0.5771
0.3606
0.5571
0.4329
0.4888
0.6088
0.759
0.864
0.7394
0.4817
0.6842
0.6273
0.455
0.4681
0.4931
0.6138
0.5771
0.4398
0.3707
0.7952
0.9348
0.5913
0.6683
0.7875
0.8413
0.6406
0.6873
0.7531
0.8313
0.761
0.5769
0.734
0.8292
0.7825
0.5694
0.746
0.6888
0.5196
0.5994
0.4523
0.3213
0.264
0.4129
0.83
0.7121
0.5256
0.5775
0.7763
0.6777
0.6646
0.4875
0.5575
0.7598
0.7904
0.6102
0.6458
0.8096
0.7323
0.8779
0.7185
0.6988
0.7715
0.7769
0.9044
0.849
0.6223
0.6417
0.5877
0.6321
0.6448
0.7142
0.6121
0.615
0.721
0.6602
0.6719
0.4696
0.5658
0.7313
0.7775
0.6756
0.4765
0.3669
0.4788
0.4492
0.5625
0.7344
0.7506
0.7152
0.6456
0.5338
0.6417
0.8038
0.6227
0.6617
0.6269
0.6629
0.6563
0.7088
0.6781
0.6225
0.7004
0.7156
0.7277
0.7038
0.6469
0.709
0.729
0.7331
0.7821
0.8073
0.7656
0.7533
0.7723
0.814
0.8075
0.829
0.7373
0.7229
0.7156
0.564
0.6492
0.7979
0.7038
0.4629
0.4063
0.4935
0.4946
0.4498
0.4229
0.4456
0.521
0.5358
0.4858
0.4098
0.5481
0.4635
0.5073
0.511
0.6304
0.6631
0.5635
0.6279
0.711
0.6304
0.6456
0.5
0.5078
0.5763
0.5042
0.4356
0.5619
0.5771
0.5698
0.5202
0.4723
0.6429
0.6167
0.5244
0.6373
0.5794
0.6308
0.4881
0.5113
0.4465
0.6225
0.5206
0.5173
0.5192
0.6825
0.7444
0.6588
0.5721
0.5127
0.5142
0.4688
0.4342
0.3783
0.6731
0.7504
0.7398
0.7125
0.546
0.5988
0.6785
0.6169
0.47
0.4444
0.6433
0.6802
0.4677
0.3846
0.351
0.4919
0.5748
0.6013
0.4767
0.4723
0.54
0.5808
0.6654
0.6892
0.5719
0.5273
0.489
0.4742
0.7177
0.7004
0.766
0.7215
0.65
0.7006
0.7552
0.6679
0.6069
0.7819
0.6096
0.634
0.5421
0.7131
0.8104
0.8029
0.7469
0.629
0.5881
0.6229
0.605
0.4694
0.5171
0.6483
0.7098
0.6046
0.59
0.6823
0.3848
0.2777
0.374
0.5217
0.7571
0.7913
0.6006
0.6958
0.8194
0.8908
0.8233
0.8965
0.8844
0.8458
0.8244
0.8421
0.7835
0.7892
0.6644
0.6838
0.7967
0.5308
0.4338
0.236
0.6654
0.8277
0.6854
0.6667
0.61
0.6742
0.8948
0.8044
0.6731
0.4785
0.6954
0.8052
0.7227
0.705
0.6785
0.7477
0.7738
0.7869
0.8571
0.8231
0.8669
0.8548
0.7856
0.7094
0.7285
0.714
0.8242
0.7865
0.7858
0.824
0.8158
0.7881
0.6373
0.5167
0.7202
0.8373
0.6767
0.6494
0.7513
0.7948
0.8431
0.8963
0.7367
0.8425
0.5981
0.7579
0.5188
0.7467
0.8023
0.8715
0.7302
0.8446
0.8642
0.545
0.7665
0.7577
0.7848
0.7967
0.8138
0.824
0.669
0.5915
0.8269
0.8683
0.845
0.8029
0.4973
0.2944
0.7388
0.4804
0.2096
0.4413
0.3427
0.195
0.4369
0.6067
0.4465
0.4144
0.3644
0.4715
0.566
0.5025
0.6967
0.8519
0.6721
0.5833
0.7423
0.8046
0.506
0.5325
0.6619
0.3975
0.4281
0.6381
0.6573
0.6375
0.6746
0.6146
0.7458
0.6621
0.6196
0.3898
0.3281
0.8042
0.835
0.8167
0.6771
0.7581
0.6502
0.4021
0.5219
0.6606
0.7923
0.8073
0.8008
0.8065
0.8263
0.7104
0.7275
0.7963
0.491
0.5548
0.7913
0.7685
0.7231
0.7031
0.6142
0.6571
0.6306
0.7079
0.5294
0.6006
0.7817
0.6754
0.6956
0.6744
0.7558
0.4235
0.6304
0.4779
0.5417
0.6388
0.6717
0.5773
0.3356
0.4381
0.3396
0.365
0.3921
0.4302
0.4096
0.3204
0.2098
0.3592
0.5171
0.6235
0.754
0.7935
0.7658
0.8535
0.885
0.6638
0.775
0.6858
0.6971
0.7448
0.8185
0.545
0.4465
0.3419
0.425
0.6031
0.596
0.8731
0.8873
0.7565
0.6288
0.6231
0.6279
0.6758
0.9363
0.6577
0.6998
0.6575
0.6579
0.4981
0.5617
0.5935
0.5977
0.769
0.7244
0.48
0.3348
0.4271
0.741
0.7038
0.6471
0.5763
0.6025
0.3923
0.2753
0.4548
0.5177
0.6367
0.8367
0.824
0.7163
0.6563
0.5958
0.5423
0.5538
0.7163
-99
0.43
0.4729
0.4669
0.3783
0.4631
0.5067
0.5408
0.5094
0.5575
0.549
0.6221
0.6406
0.6946
0.329
0.4777
0.4494
0.7385
0.7369
0.6319
0.5413
0.6065
0.44
0.521
0.4817
0.5627
0.6696
0.5908
0.5488
0.6177
0.6298
0.601
0.51
0.4744
0.399
0.5327
0.6431
0.7004
0.5758
0.5844
0.5727
0.7113
0.6913
0.669
0.5615
0.5785
0.536
0.5798
0.5892
0.4648
0.4196
0.2815
0.4365
0.5548
0.509
0.6419
0.7767
0.684
0.5818
0.6694
0.6823
0.7563
0.6808
0.6627
0.4348
0.6296
0.535
0.4856
0.4338
0.4479
0.4863
0.4883
0.6442
0.7181
0.6892
0.6865
0.7527
0.5325
0.501
0.446
0.4315
0.4627
0.5763
0.6085
0.7079
0.7898
0.5917
0.4838
0.3506
0.3446
0.4869
0.6154
0.664
0.6583
0.7827
0.6117
0.5796
0.5183
0.6498
0.6825
0.4425
0.3485
0.4167
0.3317
0.3279
0.3927
0.4683
0.4852
0.7202
0.5113
0.3854
0.5304
0.5854
0.6204
0.634
0.609
0.5598
0.634
0.7165
0.9114
-99
0.6641
0.7492
0.5885
0.7506
0.7802
0.6131
0.7685
0.7142
0.7723
0.5044
0.5773
0.7576
0.6223
0.6396
0.3846
0.651
0.6765
0.5792
0.8288
0.8296
0.8715
0.8888
0.6352
0.6921
0.7373
0.7917
0.7902
0.7356
0.7594
0.8754
0.8752
0.7488
0.685
0.8352
0.8863
0.9098
0.8833
0.8148
0.7381
0.8219
0.8417
0.7217
0.7071
0.7883
0.7179
0.8023
0.7485
0.5783
0.489
0.4406
0.4971
0.5985
0.7783
0.841
0.7244
0.7985
0.6365
0.5581
0.7517
0.746
0.8617
0.6492
0.4896
0.7865
0.8302
0.7544
0.786
0.7715
0.8608
0.7488
0.5004
0.6173
0.834
0.7027
0.686
0.8313
0.8718
0.5024
0.5135
0.731
0.7517
0.7158
0.8771
0.8542
0.9006
0.8531
0.8823
0.849
0.7269
0.735
0.5925
0.6013
0.7723
0.7804
0.7235
0.6592
0.7317
0.7998
0.8202
0.821
0.8858
0.8619
0.8613
0.5848
0.4879
0.756
0.7679
0.7252
0.7942
0.659
0.5404
0.774
0.8277
0.766
0.7119
0.8398
0.7
0.6642
0.4602
0.6773
0.7421
0.8517
0.861
0.8898
0.9113
0.8533
0.8433
0.8404
0.8406
0.8981
0.8085
0.8246
0.8085
0.736
0.6013
0.4079
0.6854
0.756
0.8127
0.8494
0.7875
0.8698
0.8294
0.8825
0.7756
0.8715
0.8006
0.7215
0.4963
0.6135
0.7864
0.5888
0.7733
0.7579
0.6158
0.7581
0.6348
0.6506
0.6998
0.6831
0.6044
0.5427
0.6115
0.72
0.7856
0.5185
0.4642
0.7075
0.5373
0.634
0.6823
0.7931
0.5808
0.6115
0.8213
0.849
0.8135
0.7627
0.8025
0.7973
0.8242
0.7983
0.7521
0.5835
0.5727
0.7846
0.6031
0.5544
0.5125
0.6208
0.676
0.7848
0.7367
0.5613
0.6921
0.6583
0.7808
0.8002
0.621
0.6685
0.7148
0.8023
0.736
0.8977
0.7173
0.7623
0.8256
0.8475
0.8456
0.9258
0.9152
0.9044
0.8863
0.7883
0.7135
0.7721
0.8398
0.8027
0.761
0.7221
0.7479
0.7298
0.7617
0.67
0.6992
0.7321
0.5458
0.6573
0.8
0.8788
0.8748
0.8435
0.7744
0.7902
0.8433
0.791
0.6435
0.4502
0.3815
0.374
0.3898
0.5594
0.5904
0.6138
0.354
0.4571
0.5504
0.6523
0.6994
0.6413
0.7608
0.7956
0.8319
0.7894
0.83
0.8288
0.5802
0.7385
0.7325
0.6329
0.484
0.6138
0.8381
0.676
0.6875
0.5913
0.586
0.7554
0.7721
0.8063
0.669
0.6731
0.5417
0.4533
0.5794
0.7069
0.725
0.6965
0.7348
0.7015
0.6775
0.7115
0.7202
0.6719
0.5119
0.479
0.5331
0.4719
0.3635
0.4275
0.5313
0.6742
0.5121
0.5185
0.5023
0.4306
0.5067
0.5117
0.4463
0.4754
0.6248
0.6629
0.7092
0.6529
0.6569
0.5742
0.6223
0.5471
0.669
0.6894
0.5902
0.5888
0.6106
0.6
0.4798
0.3829
0.4148
0.3531
0.4658
0.6375
0.6492
0.7179
0.745
0.7002
0.7271
0.6631
0.6129
0.7038
0.5988
0.5829
0.5531
0.6785
0.7665
0.811
0.5044
0.4402
0.474
0.5813
0.6194
0.6746
0.6602
0.7004
-99
0.4403
0.6411
0.4256
0.5206
0.6188
0.7038
0.6444
0.4064
0.5148
0.7729
0.6813
0.5654
0.5635
0.5298
0.6915
0.7931
0.7719
0.641
0.6965
0.7869
0.6817
0.8742
0.8421
0.8158
0.7302
0.5152
0.5846
0.4527
0.6894
0.7596
0.844
0.7492
0.8115
0.759
0.7048
0.7177
0.6867
0.6381
0.7479
0.8873
0.7502
0.494
0.4215
0.6965
0.7515
0.4698
0.4663
0.7152
0.8092
0.8133
0.7954
0.8852
0.9388
0.6854
0.7338
0.7421
0.5856
0.759
0.7623
0.7554
0.819
0.8863
0.9085
0.895
0.7123
0.4563
0.6981
0.8583
0.8842
0.8119
0.8731
0.7804
0.7981
0.8692
0.9235
0.9065
0.8017
0.5483
0.6121
0.8204
0.6942
0.3456
0.505
0.7827
0.8463
0.859
0.8656
0.9021
0.8675
0.8342
0.7192
0.9025
0.7338
0.4488
0.601
0.6456
0.704
0.7673
0.8065
0.6435
0.509
0.7617
0.865
0.6248
0.6929
0.8792
0.8131
0.7879
0.8442
0.9208
0.8433
0.7856
0.8346
0.8327
0.9033
0.835
0.4977
0.391
0.6538
0.6231
0.7348
0.7033
0.7527
0.588333333333333
0.519166666666667
0.484375
0.775625
0.645
0.695625
0.492916666666667
0.431875
0.814791666666667
0.76125
0.549375
0.625833333333333
0.655833333333333
0.674791666666667
0.457916666666667
0.370625
0.632291666666667
0.607708333333333
0.832083333333333
0.788541666666667
0.683125
0.655416666666667
0.666666666666667
0.66875
0.730208333333333
0.606666666666667
0.7625
0.868125
0.809583333333333
0.81
0.757083333333333
0.779791666666667
0.799583333333333
0.746041666666667
0.915833333333333
0.861458333333333
0.834166666666667
0.730625
0.912916666666667
0.784583333333333
0.686041666666667
0.795833333333333
0.862916666666667
0.676666666666667
0.705833333333333
0.723333333333333
0.7925
0.854583333333333
0.855833333333333
0.859583333333333
0.825833333333333
0.839791666666667
0.903958333333333
0.917083333333333
0.83375
0.873333333333333
0.828958333333333
0.619791666666667
0.723333333333333
0.839791666666667
0.856458333333333
0.866666666666667
0.841875
0.866875
0.687291666666667
0.836875
0.691041666666667
0.439583333333333
0.624583333333333
0.683958333333333
0.7625
0.770416666666667
0.557708333333333
0.450833333333333
0.458958333333333
0.448333333333333
0.445833333333333
0.539583333333333
0.410416666666667
0.346458333333333
0.373958333333333
0.544375
0.704791666666667
0.73625
0.777083333333333
0.555625
0.640208333333333
0.720625
0.729583333333333
0.80375
0.644375
0.634375
0.545625
0.455208333333333
0.564791666666667
0.45875
0.311875
0.626666666666667
0.745625
0.928125
0.801458333333333
0.4125
0.41
0.465833333333333
0.466666666666667
0.439375
0.379375
0.366458333333333
0.566041666666667
0.8075
0.842916666666667
0.709791666666667
0.633333333333333
0.659791666666667
0.708541666666667
0.717291666666667
0.794791666666667
0.841666666666667
0.812083333333333
0.76125
0.77625
0.71625
0.622291666666667
0.661041666666667
0.735208333333333
0.661458333333333
0.708541666666667
0.679166666666667
0.816875
0.856041666666667
0.700625
0.675416666666667
0.58375
0.581666666666667
0.637708333333333
0.658958333333333
0.615208333333333
0.705208333333333
0.535625
0.52375
0.660625
0.530416666666667
0.535833333333333
0.624166666666667
0.515208333333333
0.64125
0.605833333333333
0.614166666666667
0.690416666666667
0.75125
0.796041666666667
0.864583333333333
0.820833333333333
0.751041666666667
0.711041666666667
0.485833333333333
0.4675
0.510416666666667
0.478333333333333
0.460625
0.400833333333333
0.543333333333333
0.509583333333333
0.476041666666667
0.431666666666667
0.45375
0.635833333333333
0.812291666666667
0.749375
0.721666666666667
0.605416666666667
0.493958333333333
0.518958333333333
0.611875
0.630416666666667
0.571041666666667
0.615208333333333
0.585833333333333
0.584791666666667
0.52
0.583958333333333
0.687083333333333
0.573541666666667
0.584375
0.704375
0.652708333333333
0.61875
0.525833333333333
0.435416666666667
0.541041666666667
0.677083333333333
0.615416666666667
0.553541666666667
0.512708333333333
0.575833333333333
0.480833333333333
0.42125
0.452708333333333
0.429375
0.523958333333333
0.524375
0.535625
0.531458333333333
0.549583333333333
0.56
0.476458333333333
0.501041666666667
0.586041666666667
0.609375
0.602291666666667
0.637083333333333
0.525
0.600416666666667
0.697083333333333
0.723958333333333
0.840416666666667
0.787916666666667
0.625833333333333
0.617083333333333
0.526458333333333
0.551041666666667
0.566041666666667
0.471041666666667
0.521875
0.630833333333333
0.68375
0.665416666666667
0.503958333333333
0.44875
0.5025
0.642291666666667
0.692916666666667
0.768125
0.645416666666667
0.461041666666667
0.43375
0.62625
0.658541666666667
0.5725
0.397916666666667
0.418333333333333
0.634166666666667
0.663958333333333
0.601875
0.8125
0.852708333333333
0.813958333333333
0.798125
0.833333333333333
0.867708333333333
0.83625
0.76125
0.731458333333333
0.724375
0.740625
0.795625
0.815625
0.75125
0.821041666666667
0.815833333333333
0.800833333333333
0.582916666666667
0.619375
0.511666666666667
0.608958333333333
0.717291666666667
0.734791666666667
0.841458333333333
0.769166666666667
0.68125
0.61875
0.545416666666667
0.603333333333333
0.688541666666667
0.781875
0.754166666666667
0.629583333333333
0.719375
0.434791666666667
0.382916666666667
0.528541666666667
0.568958333333333
0.579166666666667
0.55
0.501666666666667
0.391458333333333
0.578958333333333
0.789375
0.6125
0.717083333333333
0.799791666666667
0.826875
0.714166666666667
0.612083333333333
0.523333333333333
0.477083333333333
0.728958333333333
0.810416666666667
0.621666666666667
0.709375
0.83125
0.830833333333333
0.840208333333333
0.925833333333333
0.699166666666667
0.709375
0.621041666666667
0.553958333333333
0.439791666666667
0.399791666666667
0.311875
0.443958333333333
0.495
0.757708333333333
0.84
0.664583333333333
0.56875
0.603125
0.545833333333333
0.575416666666667
0.536875
0.561666666666667
0.798541666666667
0.874791666666667
0.890833333333333
0.703125
0.795416666666667
0.9625
0.824791666666667
0.66125
0.700625
0.423333333333333
0.475416666666667
0.722291666666667
0.781875
0.596458333333333
0.501875
0.628125
0.492916666666667
0.511666666666667
0.760833333333333
0.610208333333333
0.532291666666667
0.699791666666667
0.48875
0.671041666666667
0.8975
0.909375
0.826458333333333
0.797916666666667
0.876875
0.881666666666667
0.895833333333333
0.909375
0.858958333333333
0.838541666666667
0.857291666666667
0.900208333333333
0.92375
0.845833333333333
0.798333333333333
0.80625
0.652708333333333
0.78375
0.889166666666667
0.964791666666667
0.970833333333333
0.86875
0.887291666666667
0.423333333333333
0.322916666666667
0.477083333333333
0.576458333333333
0.713958333333333
0.72
0.351041666666667
0.555
0.689791666666667
0.787916666666667
0.825833333333333
0.7
0.594166666666667
0.7775
0.717708333333333
0.692916666666667
0.433333333333333
0.5875
0.785
0.869583333333333
0.87875
0.796875
0.7675
0.415833333333333
0.376041666666667
0.5675
0.591458333333333
0.406666666666667
0.665625
0.839375
0.872291666666667
0.588541666666667
0.54875
0.5875
0.687291666666667
0.796458333333333
0.840416666666667
0.73
0.594791666666667
0.786458333333333
0.787291666666667
0.576041666666667
0.768125
0.725
0.835416666666667
0.529166666666667
0.653333333333333
0.589375
0.399583333333333
0.605208333333333
0.787083333333333
0.430416666666667
0.442708333333333
0.629791666666667
0.738958333333333
0.774583333333333
0.812708333333333
0.757291666666667
0.608333333333333
0.489791666666667
0.58875
0.669166666666667
0.690208333333333
0.7425
0.788125
0.843958333333333
0.949375
0.866875
0.850833333333333
0.877291666666667
0.809166666666667
0.752916666666667
0.707083333333333
0.772708333333333
0.946041666666667
0.785625
0.62625
0.7475
0.786458333333333
0.780416666666667
0.817708333333333
0.614166666666667
0.622291666666667
0.723958333333333
0.7625
0.687083333333333
0.4075
0.409791666666667
0.419583333333333
0.399791666666667
0.440208333333333
0.636666666666667
0.669791666666667
0.693958333333333
0.481458333333333
0.575416666666667
0.787916666666667
0.852291666666667
0.87375
0.499166666666667
0.48
0.39
0.530208333333333
0.67625
0.663333333333333
0.800833333333333
0.775208333333333
0.689375
0.763333333333333
0.676041666666667
0.771458333333333
0.735625
0.677083333333333
0.601458333333333
0.660833333333333
0.78125
0.649583333333333
0.753541666666667
0.734791666666667
0.726666666666667
0.445208333333333
0.411875
0.384375
0.459791666666667
0.617916666666667
0.620833333333333
0.529791666666667
0.623958333333333
0.695416666666667
0.59375
0.552291666666667
0.622708333333333
0.696041666666667
0.654166666666667
0.802083333333333
0.567083333333333
0.763541666666667
0.776041666666667
0.607291666666667
0.658541666666667
0.517708333333333
0.400416666666667
0.432083333333333
0.452708333333333
0.444166666666667
0.553333333333333
0.617916666666667
0.649166666666667
0.732291666666667
0.748541666666667
0.729791666666667
0.657291666666667
0.556041666666667
0.577708333333333
0.602083333333333
0.461458333333333
0.464166666666667
0.404583333333333
0.448125
0.484375
0.4525
0.620625
0.557083333333333
0.391041666666667
0.612708333333333
0.823958333333333
0.853541666666667
0.725416666666667
0.815
0.695833333333333
0.605625
0.702708333333333
0.645416666666667
0.484791666666667
0.500833333333333
0.615
0.59125
0.492916666666667
0.5
0.52125
0.542083333333333
0.500208333333333
0.407916666666667
0.316875
0.325
0.3875
0.363125
0.462083333333333
0.577083333333333
0.564791666666667
0.663958333333333
0.437083333333333
0.382291666666667
0.466666666666667
0.723125
0.835416666666667
0.605
0.508958333333333
0.646458333333333
0.635416666666667
0.66625
0.57125
0.492916666666667
0.471458333333333
0.619166666666667
0.616666666666667
0.466875
0.428541666666667
0.457916666666667
0.435
0.647291666666667
0.750833333333333
0.674791666666667
0.535625
0.537916666666667
0.410208333333333
0.423333333333333
0.629166666666667
0.723541666666667
0.641041666666667
0.718958333333333
0.682083333333333
0.566875
0.726041666666667
0.667291666666667
0.505416666666667
0.415625
0.552708333333333
0.542291666666667
0.466041666666667
0.501041666666667
0.626666666666667
0.682708333333333
0.492708333333333
0.658541666666667
0.671666666666667
0.69875
0.703125
0.742291666666667
0.674583333333333
0.722916666666667
0.789166666666667
0.816041666666667
0.8675
0.795208333333333
0.735208333333333
0.472708333333333
0.606666666666667
0.629791666666667
0.690833333333333
0.849583333333333
0.725
0.693958333333333
0.650833333333333
0.625416666666667
0.376458333333333
0.400833333333333
0.55375
0.559583333333333
0.53875
0.672291666666667
0.806458333333333
0.781875
0.57125
0.579791666666667
0.621041666666667
0.774791666666667
0.883333333333333
0.497708333333333
0.675
0.699791666666667
0.752083333333333
0.718333333333333
0.870416666666667
0.752708333333333
0.887291666666667
0.89375
0.749583333333333
0.875625
0.86875
0.733333333333333
0.815208333333333
0.772083333333333
0.87875
0.895208333333333
0.920208333333333
0.904791666666667
0.9275
0.940416666666667
0.734375
0.623541666666667
0.786458333333333
0.646875
0.80375
0.879375
0.90375
0.90875
0.929791666666667
0.929791666666667
0.861041666666667
0.714166666666667
0.785416666666667
0.75125
0.494166666666667
0.454166666666667
0.798541666666667
0.829166666666667
0.798541666666667
0.706458333333333
0.52
0.860625
0.928125
0.934583333333333
0.864583333333333
0.807083333333333
0.723333333333333
0.783333333333333
0.760833333333333
0.525
0.581875
0.766458333333333
0.5625
0.650416666666667
0.71
0.626875
0.507708333333333
0.806666666666667
0.637916666666667
0.557291666666667
0.58625
0.655833333333333
0.663541666666667
0.69625
0.798958333333333
0.834375
0.835208333333333
0.8925
0.904791666666667
0.821458333333333
0.58375
0.631458333333333
0.867708333333333
0.959166666666667
0.974375
0.959583333333333
0.897708333333333
0.862916666666667
0.869583333333333
0.775416666666667
0.782916666666667
0.848333333333333
0.854166666666667
0.817083333333333
0.870833333333333
0.919166666666667
0.929583333333333
0.878333333333333
0.9125
0.925208333333333
0.94125
0.911666666666667
