20000101
0.7668
0.8518
0.8447
0.8322
0.7789
0.7539
0.6966
0.6945
0.7063
0.8051
0.7334
0.7674
0.8303
0.862
0.9703
0.8543
0.8071
0.5829
0.5916
0.7619
0.6815
0.6338
0.5594
0.4829
0.8394
0.8523
0.8782
0.8577
0.7335
0.7251
0.7644
0.6857
0.769
0.6331
0.4969
0.79
0.9225
0.7963
0.7256
0.6464
0.5979
0.632
0.9707
0.648
0.7648
0.7985
0.6146
0.6758
0.7046
0.5632
0.7791
0.8953
0.8259
0.7988
0.8338
0.8418
0.6897
0.7176
0.865
0.8958
0.5961
0.58
0.785
0.8121
0.9288
0.961
0.9596
0.8413
0.615
0.4207
0.4936
0.465
0.7331
0.7234
0.6297
0.7689
0.6473
0.5603
0.7379
0.7621
0.8091
0.8622
0.9721
0.7988
0.8089
0.8025
0.6233
0.9029
0.7078
0.7087
0.6872
0.5989
0.862
0.8172
0.6609
0.5517
0.6092
0.7481
0.8558
0.8682
0.9803
0.9087
0.6226
0.5842
0.7615
0.5584
0.9038
0.5392
0.5638
0.6653
0.6945
0.6438
0.7729
0.5162
0.605
0.7425
0.6803
0.7576
0.8226
0.8631
0.6553
0.5077
0.5718
0.4979
0.5243
0.8073
0.8
0.8474
0.82
0.7415
0.9306
0.8133
0.6244
0.4894
0.4189
0.477
0.6639
0.79
0.7881
0.9979
0.9725
0.9411
0.8807
0.8813
0.8697
0.7439
0.7318
0.8861
0.7847
0.6573
0.7935
0.8416
0.8069
0.7591
0.7367
0.4903
0.6232
0.7123
0.5776
0.6592
0.7859
0.8837
0.6542
0.7251
0.7765
0.7734
0.6459
0.4839
0.4914
0.5949
0.5694
0.7426
0.7674
0.7831
0.8934
0.8329
0.7623
0.8503
0.8419
0.8087
0.8024
0.8006
0.83
0.7933
0.7921
0.578
0.6932
0.6248
0.7197
0.6212
0.6323
0.8482
0.4997
0.6013
0.7059
0.6726
0.7038
0.7445
0.6868
0.7865
0.7664
0.7184
0.5486
0.5639
0.6532
0.61
0.7829
0.7906
0.6712
0.8191
0.7942
0.8783
0.806
0.7397
0.7314
0.6754
0.6491
0.7619
0.6635
0.7534
0.7591
0.8303
0.8369
0.8509
0.6506
0.68
0.6994
0.554
0.5152
0.7109
0.6419
0.81
0.8024
0.8177
0.733
0.8828
0.5545
0.5749
0.5695
0.6481
0.7825
0.8353
0.8269
0.7851
0.8552
0.8433
0.8026
0.7861
0.7452
0.8063
0.7923
0.7672
0.72
0.7397
0.8231
0.8622
0.88
0.897
0.7853
0.8663
0.8786
0.9235
0.7794
0.518
0.5341
0.5795
0.7188
0.8
0.8648
0.859
0.8917
0.9113
0.6581
0.6008
0.7522
0.6103
0.7141
0.8161
0.8269
0.8094
0.6317
0.8115
0.7772
0.7638
0.8403
0.9384
0.9927
0.806
0.7609
0.7743
0.7728
0.7448
0.8984
0.8869
0.9303
0.9634
0.955
0.8883
0.8994
0.9685
0.8939
0.9171
0.8735
0.9332
0.8268
0.6426
0.8125
0.6075
0.5963
0.7373
0.586
0.5155
0.53
0.605
0.7203
0.8197
0.8815
1
0.7259
0.7846
0.7312
0.7336
0.7895
0.7819
0.7922
0.6641
0.7565
0.8184
0.7285
0.8516
0.6306
0.8388
0.9267
0.9528
0.9003
0.963
0.919
0.7137
0.7248
0.9585
0.9661
0.997
0.7142
0.6224
0.6651
0.8177
0.7626
0.6226
0.6026
0.6267
0.6931
0.7332
0.67
0.8829
0.8997
0.9654
0.9793
0.947
1
0.7876
0.8077
0.7305
0.7412
0.635
0.6317
0.4378
0.8534
0.7034
0.6053
0.5982
0.8156
0.8958
0.8078
0.6858
0.7897
0.7603
0.9458
0.8974
0.9075
1
0.9988
0.9179
0.82
0.9733
0.8559
0.8529
0.8503
0.9379
0.7146
0.7488
0.6406
0.6585
0.692
0.7475
0.5214
0.3761
0.7533
0.7689
0.728
0.7924
0.7628
0.5783
0.7671
0.9014
0.6864
0.5627
0.7194
0.8509
0.9
0.869
0.9241
0.7433
0.666
0.7789
0.7881
0.6382
0.6535
0.6397
0.6034
0.7229
0.8856
0.6222
0.5874
0.6289
0.4827
0.6073
0.9306
0.7615
0.7773
0.8606
0.8461
0.8281
0.7025
0.7179
0.81
0.8547
0.8688
0.5682
0.7003
0.7719
0.7436
0.5872
0.5908
0.7086
0.6246
0.606
0.5946
0.5394
0.5569
0.4597
0.6518
0.7773
0.7521
0.5376
0.4997
0.7909
0.6582
0.7408
0.8007
0.8207
0.9227
0.8082
0.4688
0.5146
0.5978
0.7082
0.6126
0.5895
0.6897
0.6733
0.7855
0.8236
0.7652
0.8235
0.6806
0.7957
0.4817
0.6327
0.5466
0.6686
0.6139
0.7839
0.8355
0.722
0.9334
0.9438
0.8058
0.8328
0.8914
0.7906
0.7945
0.7418
0.7166
0.7722
0.6869
0.8288
0.7224
0.6972
0.8359
0.8945
0.6244
0.7339
0.8541
0.9432
0.694
0.4578
0.6426
0.8327
0.7813
0.805
0.778
0.5271
0.5119
0.5232
0.3754
0.3816
0.4211
0.756
0.7953
0.7397
0.7463
0.8606
0.8332
0.8034
0.8353
0.8015
0.8672
0.6465
0.7533
0.8291
0.8236
0.5239
0.4449
0.7092
0.6533
0.737
0.6762
0.6846
0.5321
0.2709
0.3391
0.2705
0.4418
0.7133
0.5907
0.673
0.4297
0.4303
0.7103
0.6897
0.7647
0.7269
0.5928
0.4164
0.6497
0.7068
0.7159
0.7318
0.7344
0.7194
0.7942
0.7522
0.8706
0.7416
0.7003
0.7121
0.5176
0.6806
0.7016
0.6156
0.5603
0.5432
0.537
0.6294
0.5232
0.6057
0.4705
0.4494
0.3543
0.4743
0.6891
0.7331
0.7271
0.673
0.7654
0.7205
0.6003
0.5975
0.7278
0.74
0.7276
0.7256
0.6764
0.5275
0.5612
0.7611
0.7941
0.7187
0.7794
0.793
0.7686
0.7349
0.6538
0.5442
0.4724
0.4652
0.7158
0.6819
0.7186
0.5961
0.6852
0.7803
0.7447
0.6653
0.7524
0.6246
0.5809
0.7189
0.6903
0.705
0.6921
0.8303
0.7317
0.5731
0.6983
0.6219
0.7112
0.7653
0.6935
0.7505
0.8653
0.7117
0.6455
0.5811
0.6815
0.7517
0.8403
0.8658
0.8414
0.8245
0.8609
0.8385
0.7822
0.8522
0.7893
0.5213
0.5532
0.7941
0.8224
0.6818
0.5483
0.7335
0.7674
0.6839
0.7529
0.8892
0.8074
0.8681
0.7319
0.5495
0.6427
0.6158
0.6316
0.7297
0.8162
0.8545
0.8897
0.8588
0.8416
0.8555
0.6932
0.578
0.7079
0.7709
0.7374
0.6961
0.5957
0.5892
0.3655
0.363
0.5759
0.4789
0.5257
0.6221
0.8192
0.925
0.8703
0.8261
0.7831
0.7712
0.7589
0.7029
0.689
0.6766
0.6389
0.7168
0.7997
0.6508
0.7762
0.7755
0.7336
0.8732
0.7613
0.7828
0.7028
0.6961
0.645
0.7511
0.735
0.6797
0.5961
0.6043
0.6225
0.8981
0.9729
0.6964
0.7603
0.9588
0.7735
0.7066
0.7154
0.5768
0.7094
0.57
0.4346
0.5517
0.6435
0.6557
0.3918
0.5618
0.7206
0.6605
0.8512
0.9686
0.9426
0.8649
0.8512
0.8085
0.8326
0.8587
0.8269
0.8035
0.6862
0.7167
0.7995
0.8463
0.8089
0.6541
0.7532
0.7768
0.7661
0.7676
0.6672
0.7206
0.525
0.6686
0.6
0.5283
0.6473
0.6457
0.855
0.7694
0.6377
0.7609
0.8261
0.8357
0.8247
0.5779
0.5088
0.7042
0.72
0.7455
0.847
0.6868
0.8062
0.7966
0.6894
0.92
0.7809
0.7184
0.6394
0.507
0.4194
0.4894
0.6516
0.72
0.7709
0.7111
0.4406
0.7076
0.9145
0.913
0.7967
0.6597
0.9797
0.7982
0.7597
0.6888
0.6871
0.7393
0.7869
0.9006
0.7208
0.7303
0.6362
0.7916
0.905
0.6226
0.5145
0.6468
0.665
0.6884
0.7237
0.6828
0.7137
0.7519
0.7226
0.6453
0.9132
0.8144
0.7977
0.8334
0.8065
0.9587
0.6611
0.5761
0.8397
0.8793
0.8921
0.78
0.8797
0.8669
0.8794
0.6637
0.7516
0.72
0.7575
0.7969
0.7871
0.8389
0.7317
0.6551
0.4947
0.4597
0.4411
0.4827
0.5918
0.8271
0.8947
0.7719
0.7758
0.9372
0.9273
0.8358
0.6109
0.7117
0.7554
0.8776
0.9426
0.8742
0.8903
0.9721
0.7403
0.7553
0.7116
0.6542
0.5346
0.5326
0.5871
0.6211
0.6087
0.5449
0.8959
0.6676
0.4966
0.6518
0.8546
0.6155
0.6797
0.7
0.6453
0.55
0.5538
0.4603
0.4317
0.7954
0.6405
0.4973
0.6163
0.8455
0.5486
0.7453
0.7271
0.6498
0.4835
0.4266
0.4262
0.3876
0.422
0.4265
0.4008
0.4378
0.3621
0.3897
0.4043
0.6051
0.5978
0.7041
0.5442
0.6674
0.7446
0.7523
0.6724
0.7005
0.7548
0.7309
0.8178
0.8097
0.7636
0.7517
0.7791
0.7013
0.5167
0.6476
0.6946
0.5147
0.4706
0.5665
0.6465
0.7472
0.8034
0.5836
0.4125
0.5006
0.4909
0.515
0.7317
0.7219
0.7488
0.7629
0.6016
0.6577
0.7356
0.8929
0.69
0.7157
0.7649
0.8367
0.7194
0.6848
0.7935
0.6914
0.8387
0.5303
0.6353
0.7436
0.857
0.7891
0.6126
0.7103
0.8074
0.7043
0.7142
0.7557
0.8081
0.7539
0.96
0.7869
0.742
0.8247
0.7206
0.7332
0.7645
0.8485
0.7173
0.8432
0.8169
0.8189
0.7028
0.7452
0.8378
0.83
0.6567
0.7044
0.8556
0.8423
0.6743
0.7288
0.7837
0.9536
0.9103
0.805
0.84
0.8906
0.8328
0.767
0.7141
0.5559
0.5245
0.5419
0.7349
0.7273
0.808
0.7995
0.8014
0.8761
0.8331
0.7545
0.7814
0.7838
0.8363
0.8688
0.9936
0.8947
0.6984
0.675
0.7262
0.8588
0.8969
0.8588
0.5918
0.6243
0.7059
0.7924
0.9062
0.5505
0.5194
0.6664
0.6485
0.7406
0.7543
0.9026
0.9028
0.8913
0.8239
0.7757
0.8094
0.7694
0.7129
0.6961
0.8306
0.5541
0.6921
0.6071
0.743
0.7308
0.9153
0.7497
0.8578
0.8687
0.7126
0.8097
0.7139
0.7741
0.9572
0.7586
0.6435
0.8669
0.9954
0.9173
0.7173
0.7209
0.6885
0.6011
0.6097
0.8626
0.7354
0.6886
0.7465
0.5359
0.6042
0.7691
0.7368
0.73
0.9631
0.9073
0.7485
0.7341
0.9151
0.6519
0.7469
0.8722
0.82
0.837
0.925
0.8594
0.8836
0.8693
0.6437
0.6277
0.644
0.9608
0.6389
0.6894
0.7874
0.6417
0.7182
0.6607
0.5367
0.6066
0.7206
0.8194
0.6657
0.851
0.816
0.7772
0.5327
0.6671
0.6727
0.5213
0.6972
0.6829
0.7453
0.7917
0.8355
0.7559
0.6394
0.5994
0.5343
0.3858
0.3973
0.6397
0.6871
0.6386
0.5778
0.5858
0.3364
0.4421
0.7588
0.6162
0.5575
0.5952
0.8484
0.8159
0.8219
0.7595
0.8043
0.7624
0.8561
0.9752
0.9647
0.8718
0.7279
0.6578
0.6675
0.9358
0.9984
0.823
0.8805
0.8544
0.8368
0.9596
0.9797
0.9428
0.8461
0.8356
0.6693
0.8163
0.7768
0.9284
0.8507
0.7795
0.8636
0.8755
0.8524
0.8422
0.8634
0.7641
0.7663
0.8016
0.6824
0.6039
0.4869
0.6997
0.4388
0.5076
0.5755
0.7329
0.8522
0.8223
0.8177
0.8129
0.9416
0.8742
0.9006
0.8708
0.6778
0.7536
0.4255
0.5235
0.6179
0.4978
0.6708
0.7283
0.8638
0.7182
0.7143
0.7182
0.5787
0.8233
0.6722
0.6068
0.5237
0.5233
0.6641
0.7767
0.6874
0.7389
0.728
0.7706
0.8091
0.8147
0.7955
0.6873
0.7697
0.7748
0.5464
0.58
0.7481
0.6616
0.8606
0.7577
0.8853
0.7642
0.6314
0.6789
0.79
0.7728
0.787
0.774
0.9055
0.8737
0.8303
0.8409
0.8752
0.7088
0.7834
0.7764
0.7394
0.7561
0.9433
0.7503
0.5943
0.5519
0.5897
0.5979
0.58
0.6782
0.6928
0.7823
0.6559
0.7438
0.6803
0.5508
0.681
0.5684
0.6615
0.7194
0.4064
0.4079
0.4306
0.4669
0.5295
0.588
0.7846
0.6115
0.4476
0.4524
0.3578
0.4175
0.5644
0.7497
0.7633
0.7594
0.8539
0.8644
0.6639
0.3342
0.5814
0.6295
0.7166
0.7447
0.6382
0.5913
0.7256
0.5931
0.4958
0.519
0.3982
0.3403
0.6856
0.6908
0.5676
0.7276
0.747
0.7965
0.7197
0.5494
0.7472
0.7228
0.6406
0.7356
0.7744
0.7481
0.7154
0.6927
0.7594
0.7603
0.7762
0.6749
0.6132
0.5823
0.5195
0.5255
0.4184
0.3966
0.4222
0.4176
0.4194
0.3788
0.2876
0.3655
0.5284
0.7776
0.7803
0.6975
0.6709
0.7714
0.73
0.7888
0.6224
0.6353
0.7809
0.6994
0.7712
0.819
0.4266
0.4889
0.7275
0.7603
0.6375
0.7106
0.7286
0.8693
0.796
0.9581
0.7447
0.6167
0.5282
0.7032
0.7746
0.793
0.667
0.5211
0.5721
0.6627
0.7474
0.7348
0.8351
0.8425
0.8778
0.7285
0.8383
0.7859
0.8553
0.9923
0.8481
0.8367
0.9719
0.8019
0.8385
0.6419
0.6863
0.7121
0.6269
0.6158
0.7347
0.7951
0.8429
0.8755
0.9094
0.9503
0.8058
0.91
0.8178
0.9996
0.8821
0.9497
0.7037
0.7762
0.9341
0.5595
0.6923
0.6549
0.8397
0.9511
0.9309
0.7103
0.7067
0.8219
0.679
0.7103
0.6802
0.6734
0.7726
0.863
0.834
0.9259
0.9394
0.9226
0.9277
0.8647
0.8575
0.8775
0.926
0.9497
0.9303
0.7533
0.7831
0.9129
0.8882
0.9174
0.88
0.8403
0.8317
0.7082
0.6766
0.7149
0.8133
0.8508
0.9393
0.815
0.7838
0.8941
0.8906
0.906
0.8569
0.7641
0.8615
0.7794
0.7606
0.8068
0.8459
0.813
0.8281
0.76
0.8573
0.9126
0.87
0.8724
0.8482
0.5828
0.4244
0.6558
0.8361
0.8385
0.8011
0.885
0.6571
0.6956
0.5855
0.612
0.5912
0.5293
0.6768
0.7932
0.7749
0.8619
0.7037
0.6968
0.7189
0.7806
0.7462
0.617
0.5874
0.6649
0.6297
0.6134
0.5108
0.5349
0.5559
0.6906
0.8068
0.8119
0.9583
0.8415
0.7763
0.6903
0.605
0.6341
0.7961
0.929
0.852
0.9293
0.985
0.9662
0.9845
0.9896
0.9568
0.7716
0.7617
0.6761
0.6216
0.5661
0.6424
0.8803
0.8064
0.8509
0.7683
0.68
0.7794
0.9053
0.959
0.6241
0.5743
0.8375
1
1
0.7082
0.5911
0.7909
0.6079
0.5191
0.5537
0.5773
0.712
0.6489
0.6876
0.7879
0.7806
0.9455
0.7969
0.9648
0.961
0.8858
0.8359
0.7213
0.8896
0.8236
0.7745
0.8166
0.8741
0.5935
0.5174
0.5745
0.7251
0.7921
0.8914
0.7224
0.8177
0.9621
0.8726
0.8093
0.7782
0.6317
0.6646
0.6892
0.8255
0.7657
0.9732
0.8068
0.7638
0.6543
0.8112
0.6466
0.7988
0.7591
0.977
0.8391
0.7179
0.4705
0.5785
0.6711
0.9379
0.7439
0.7279
0.6525
0.7174
0.7197
0.6742
0.9607
0.7829
0.8038
0.8292
0.9407
0.6858
0.5578
0.4763
0.4663
0.6961
0.6808
0.7956
0.8945
0.87
0.7034
0.8063
0.68
0.6162
0.6706
0.6635
0.5134
0.5577
0.6939
0.7029
0.7845
0.6776
0.7435
0.7624
0.6866
0.8383
0.8395
0.86
0.8712
0.8286
0.8146
0.6779
0.7394
0.8073
0.6934
0.5995
0.5922
0.6203
0.6373
0.6454
0.65
0.7397
0.6862
0.8182
0.6845
0.5797
0.7191
0.8647
0.674
0.7905
0.8465
0.8055
0.6764
0.5878
0.6297
0.5532
0.4978
0.671
0.6686
0.6381
0.6669
0.7149
0.7194
0.6424
0.5492
0.6628
0.4378
0.4962
0.7126
0.9227
0.7511
0.6326
0.6918
0.8006
0.7623
0.7112
0.5178
0.7524
0.7738
0.7938
0.7512
0.7846
0.7632
0.687
0.7481
0.6585
0.7713
0.7419
0.6038
0.6431
0.7072
0.6212
0.6519
0.8571
0.7458
0.8132
0.75
0.7549
0.8056
0.6103
0.5953
0.5117
0.689
0.804
0.8064
0.8179
0.87
0.612
0.5628
0.4336
0.5369
0.731
0.8085
0.7877
0.7716
0.6365
0.7469
0.7508
0.7997
0.8003
0.8234
0.8145
0.8967
0.7571
0.695
0.7069
0.7746
0.8018
0.8008
0.8279
0.8033
0.8211
0.7608
0.8683
0.8419
0.7721
0.745
0.7614
0.7797
0.8253
0.8356
0.792
0.7577
0.632
0.7044
0.6016
0.5611
0.7437
0.7983
0.8229
0.854
0.85
0.8562
0.826
0.6422
0.7512
0.8072
0.857
0.8745
0.7522
0.376
0.4433
0.8512
0.7466
0.6109
0.4808
0.5176
0.595
0.8317
0.8497
0.7621
0.7088
0.7533
0.6903
0.8686
0.714
0.8773
0.795
0.7416
0.6341
0.6477
0.743
0.9804
0.7506
0.6652
0.692
0.7615
0.74
0.628
0.6446
0.7208
0.6116
0.6053
0.623
0.4242
0.3149
0.4641
0.5103
0.685
0.6515
0.6988
0.8869
0.8787
0.8423
0.8059
0.8458
0.8337
0.8182
0.7284
0.8679
0.8483
0.7891
0.8752
0.7479
0.6616
0.8294
0.921
0.8531
0.9056
0.8342
0.9639
0.7731
0.6921
0.8617
0.8581
0.9127
0.8887
0.8409
0.763
0.7131
0.67
0.6756
0.7084
0.6992
0.6165
0.8374
0.9097
0.6535
0.4285
0.6287
0.4077
0.64
0.7469
0.7679
0.8033
0.7588
0.7108
0.7054
0.7229
0.6796
0.915
0.8146
0.8192
0.7863
0.7767
0.7396
0.6779
0.9058
0.8763
0.8296
0.7054
0.6388
0.7058
0.6529
0.7875
0.76
0.5742
0.3242
0.3533
0.4421
0.4004
0.5738
0.4
0.5504
0.5633
0.7417
0.6821
0.8133
0.8804
0.9646
0.9642
0.8313
0.8929
0.7704
0.6929
0.6646
0.5938
0.36
0.3617
0.3708
0.5675
0.6254
0.7279
0.7017
0.5333
0.7363
0.6313
0.7642
0.7283
0.6813
0.5667
0.9079
0.7713
0.8625
0.6538
0.7158
0.515
0.6221
0.3367
0.5371
0.6692
0.7846
0.9304
0.8458
0.8658
0.8842
0.9088
0.9229
0.8904
0.6196
0.6008
0.765
0.9633
0.995
0.9363
0.9546
0.9696
0.9554
0.6475
0.7288
0.7342
0.775
0.7742
0.7646
0.8379
0.7579
0.7783
0.8392
0.8763
0.8688
0.7954
0.3742
0.2892
0.5667
0.7004
0.7208
0.8396
0.8158
0.52
0.5233
0.6071
0.6046
0.5375
0.8158
0.6992
0.7783
0.8667
0.6038
0.7454
0.565
0.455
0.3938
0.3688
0.3538
0.7358
0.8163
0.7483
0.7167
0.6146
0.69
0.5838
0.6579
0.7863
0.6958
0.6908
0.8467
0.7233
0.8104
0.6958
0.9533
0.6729
0.7421
0.6233
0.6196
0.6963
0.7517
0.8113
0.5429
0.5388
0.3988
0.6075
0.6021
0.6425
0.7942
0.7129
0.5713
0.7342
0.7746
0.7938
0.7704
0.7229
0.7517
0.7275
0.7117
0.7804
0.67
0.8442
0.7888
0.8013
0.7929
0.6796
0.595
0.6596
0.6038
0.6742
0.6246
0.7192
0.6075
0.6367
0.7433
0.7383
0.5367
0.5654
0.7413
0.8692
0.8088
0.8229
0.79
0.5992
0.7046
0.8046
0.8238
0.9058
0.7713
0.7096
0.7413
0.6996
0.6029
0.415
0.55
0.6875
0.7075
0.605
0.8238
0.8104
0.7913
0.7742
0.8121
0.8325
0.7925
0.8146
0.7983
0.775
0.7738
0.6908
0.775
0.8758
0.6233
0.6663
0.7596
0.7775
0.7863
0.7058
0.7463
0.8571
0.8496
0.7546
0.78
0.8329
0.7575
0.8342
0.8454
0.8483
0.7858
0.7254
0.5004
0.5396
0.6488
0.6508
0.8563
0.8333
0.8596
0.775
0.7033
0.7913
0.8242
0.8338
0.7946
0.6242
0.675
0.8504
0.8333
0.9583
0.9254
0.8488
0.6504
0.5154
0.7117
0.7754
0.8229
0.7892
0.8113
0.9942
0.5629
0.5454
0.7363
0.7542
0.8521
0.8896
0.8833
0.9196
0.8813
0.8729
0.8896
0.8954
0.7571
0.845
0.8113
0.6271
0.6058
0.7854
0.8983
0.8388
0.8833
0.8917
0.9492
0.9963
0.9196
0.9917
0.9538
0.9408
0.8146
0.8421
0.9663
0.7833
0.9025
0.8821
0.7829
0.9133
0.7933
0.8963
0.8875
0.9283
0.905
0.9179
0.8921
0.9346
0.7671
0.82
0.9058
0.8713
0.7646
0.6967
0.7225
0.8333
0.9721
0.8492
0.8692
0.9471
0.9846
0.9308
0.9383
0.8888
0.8588
0.9158
0.8567
0.8721
0.8783
0.8258
0.83
0.7554
0.7033
0.7071
0.7079
0.6779
0.6817
0.6571
0.83
0.9138
0.6429
0.6621
0.7092
0.7146
0.6896
0.7888
0.6796
0.6238
0.74
0.7417
0.6925
0.7117
0.7554
0.7188
0.79
0.8763
0.8958
0.7996
0.8004
0.8013
0.6817
0.8813
0.7496
0.8879
0.8588
0.6617
0.69
0.8254
0.7933
0.6513
0.6121
0.5683
0.7188
0.97
0.9271
0.9867
0.9563
0.9363
0.9413
0.8913
0.8771
0.8513
0.8367
0.98
0.9992
0.8971
0.8667
0.8525
0.8792
0.8663
0.9125
0.8283
0.8554
0.8221
0.7229
0.9692
0.9996
0.9508
0.955
0.7963
0.7958
0.81
0.8596
0.8908
0.8213
0.6746
0.7275
0.7767
0.8358
0.8604
0.8654
0.8267
0.8296
0.8975
0.9258
0.6638
0.5863
0.6142
0.6975
0.605
0.7629
0.8692
0.8213
0.8346
0.6696
0.8863
0.7942
0.6958
0.7333
0.6546
0.5713
0.7433
0.6129
0.4513
0.7275
0.7325
0.6854
0.5363
0.6192
0.78
0.8808
0.9071
0.9379
0.8108
0.8379
0.8996
0.9396
0.9133
0.9421
0.7496
0.6933
0.5996
0.8167
0.7875
0.8571
0.545
0.7296
0.7096
0.7029
0.7654
0.7071
0.7954
0.7971
0.7479
0.885
0.8813
0.8808
0.8613
0.7579
0.58
0.7579
0.7908
0.8658
0.9104
0.7558
0.8471
0.7925
0.7988
0.8771
0.9167
0.67
0.5425
0.4767
0.4142
0.5263
0.6971
0.7479
0.6679
0.785
0.855
0.7517
0.515
0.63
0.6475
0.6471
0.8596
0.8679
0.8058
0.8788
0.7913
0.7871
0.725
0.7125
0.5975
0.5438
0.6471
0.7688
0.8396
0.8808
0.7754
0.6375
0.7408
0.6788
0.7946
0.6483
0.5467
0.4442
0.665
0.7338
0.8433
0.6838
0.7279
0.7575
0.7138
0.7846
0.6138
0.5946
0.6638
0.7504
0.7142
0.6071
0.5958
0.6638
0.6692
0.6796
0.6633
0.7317
0.835
0.6808
0.6654
0.6867
0.6542
0.7508
0.645
0.7654
0.7058
0.6829
0.7733
0.665
0.7704
0.6592
0.6513
0.7858
0.7396
0.7779
0.7275
0.7629
0.8496
0.7854
0.5858
0.5717
0.5296
0.5529
0.5942
0.6242
0.6796
0.7167
0.7338
0.7367
0.6733
0.6104
0.8029
0.6971
0.7504
0.745
0.5708
0.7796
0.6567
0.71
0.8004
0.7996
0.7888
0.6558
0.7096
0.6129
0.775
0.7758
0.6996
0.815
0.7046
0.7708
0.7117
0.7525
0.75
0.7671
0.9404
0.8413
0.7325
0.6533
0.6375
0.6758
0.7442
0.8579
0.8138
0.8104
0.7917
0.7529
0.7754
0.7967
0.8108
0.7417
0.76
0.8492
0.9275
0.7446
0.6046
0.7667
0.87
0.8375
0.825
0.8033
0.8196
0.835
0.8908
0.9163
0.9479
0.6913
0.7083
0.7363
0.78
0.8658
0.8558
0.8792
0.9075
1
0.9163
0.7188
0.7279
0.7954
0.8725
0.8657
0.9167
0.9025
0.9163
0.6583
0.6358
0.7617
0.7858
0.7471
0.9396
0.9429
0.91
0.9463
0.9829
0.8733
0.8254
0.8642
0.8825
0.8892
0.9558
0.8646
0.7921
0.8488
0.8029
0.925
0.7492
0.8946
0.8904
0.8954
0.9242
0.7375
0.7871
0.9304
0.8625
0.7321
0.6533
0.7592
0.7329
0.7913
0.9192
0.8842
0.9113
0.9038
0.9129
0.8667
0.7863
0.7775
0.9221
0.9333
0.8617
0.6817
0.6675
0.7171
0.6675
0.7371
0.6658
0.8279
0.9313
0.8829
0.7433
0.8346
0.8254
0.8371
0.8904
0.9679
0.7654
0.7575
0.8638
0.9858
0.8133
0.7583
0.6775
0.8333
0.8167
0.6725
0.7733
0.6667
0.9213
0.9288
0.8133
0.9288
0.8308
0.8083
0.6867
0.8104
0.7088
0.5242
0.5208
0.6333
0.8471
0.9021
0.8367
0.8375
0.8658
0.8283
0.6754
0.7567
0.7525
0.7825
0.8988
0.8254
0.7583
0.8192
0.9267
0.8208
0.79
0.8125
0.8988
0.9213
0.9542
0.8208
0.7217
0.7367
0.7858
0.8883
0.9675
0.6917
0.5058
0.7229
0.6683
0.5383
0.5025
0.5233
0.7996
0.8396
0.7938
0.8192
0.8754
0.8788
0.8883
0.8721
0.6246
0.7721
0.8138
0.5333
0.6183
0.5942
0.62
0.6817
0.3813
0.4133
0.9454
0.8783
0.8504
0.9046
0.9692
0.8296
0.7083
0.6846
0.6142
0.5679
0.7567
0.585
0.5371
0.4608
0.4867
0.6058
0.6613
0.7725
0.7471
0.4883
0.4904
0.2433
0.4383
0.565
0.5208
0.4075
0.5742
0.6675
0.55
0.6404
0.4758
0.3854
0.3242
0.3129
0.5971
0.6475
0.5413
0.6988
0.7367
0.8333
0.7163
0.6675
0.8179
0.8275
0.9021
0.9192
0.8313
0.9258
0.8029
0.8221
0.7417
0.7425
0.7579
0.7417
0.8358
0.9275
0.8183
0.6858
0.5975
0.5771
0.6079
0.5925
0.7667
0.7529
0.5817
0.4504
0.4529
0.4908
0.4663
0.5775
0.7133
0.8829
0.8129
0.8321
0.6763
0.8713
0.7975
0.6196
0.4454
0.4992
0.6117
0.7179
0.6042
0.6175
0.5746
0.67
0.5825
0.685
0.6729
0.5896
0.6817
0.6975
0.5975
0.5258
0.4271
0.4363
0.4392
0.6254
0.695
0.6283
0.3908
0.5196
0.6796
0.5863
0.6767
0.5704
0.5679
0.5492
0.5704
0.5938
0.6329
0.6967
0.5613
0.5821
0.6738
0.7288
0.7492
0.7879
0.5438
0.665
0.7746
0.5963
0.6263
0.7167
0.6496
0.7142
0.6429
0.6146
0.7192
0.5825
0.6829
0.7929
0.7688
0.6908
0.59
0.6446
0.7425
0.7538
0.6342
0.7233
0.4338
0.4996
0.6083
0.505
0.6896
0.6983
0.7667
0.6954
0.5517
0.7138
0.7654
0.7688
0.6967
0.6975
0.7108
0.7075
0.7225
0.6992
0.7363
0.745
0.6554
0.6571
0.7075
0.7296
0.775
0.7829
0.6942
0.6129
0.645
0.7267
0.7204
0.7679
0.8417
0.6188
0.7021
0.7521
0.8013
0.7258
0.7721
0.8583
0.7975
0.6463
0.8125
0.8971
0.6804
0.5879
0.7683
0.7054
0.7404
0.4629
0.4808
0.5613
0.4763
0.6783
0.6
0.5854
0.6675
0.7517
0.7929
0.6875
0.6321
0.7046
0.7596
0.7638
0.8021
0.76
0.7483
0.7429
0.7238
0.6733
0.6367
0.6667
0.8304
0.7508
0.6554
0.7546
0.8038
0.8317
0.7267
0.7754
0.7746
0.4704
0.3771
0.5404
0.8233
0.8067
0.8338
0.8025
0.8421
0.8983
0.8254
0.7767
0.7396
0.7613
0.7375
0.6658
0.7538
0.6079
0.6754
0.7688
0.7867
0.7863
0.8279
0.765
0.7475
0.6692
0.6458
0.7288
0.6717
0.7525
0.7646
0.6746
0.8167
0.6079
0.6542
0.585
0.4983
0.535
0.7321
0.7154
0.7988
0.8033
0.6688
0.5946
0.5739
0.5883
0.5804
0.5863
0.7621
0.5979
0.67
0.3779
0.2813
0.3129
0.37
0.4417
0.8088
0.8683
0.6771
0.71
0.6708
0.5979
0.5325
0.5992
0.5971
0.6254
0.5992
0.6817
0.5996
0.5604
0.6721
0.6404
0.6688
0.6417
0.5496
0.4238
0.495
0.4363
0.4263
0.5117
0.4267
0.625
0.6471
0.7913
0.8321
0.7567
0.8075
0.8863
0.8596
0.7771
0.7529
0.6479
0.6658
0.685
0.7308
0.6313
0.6342
0.5258
0.6263
0.7646
0.9325
0.8025
0.6996
0.6913
0.7192
0.8288
0.8188
0.9271
0.8475
0.5983
0.7075
0.7679
0.6863
0.5792
0.5696
0.6938
0.8004
0.8521
0.7975
0.6154
0.7542
0.8417
0.7596
0.7533
0.5579
0.4825
0.6158
0.6717
0.6396
0.6267
0.7496
0.9025
0.5917
0.5738
0.5567
0.6063
0.6333
0.7808
0.7683
0.72
0.6821
0.7017
0.7492
0.7483
0.7871
0.7133
0.9088
0.8967
0.8833
0.8433
0.7446
0.7458
0.8108
0.9213
0.8767
0.8763
0.9058
0.8038
0.6458
0.6525
0.7971
0.4767
0.3138
0.3546
0.5479
0.6125
0.7804
0.6675
0.4933
0.5833
0.7575
0.8046
0.8683
0.6083
0.6125
0.7675
0.7475
0.6996
0.5067
0.5613
0.5238
0.4938
0.5463
0.5633
0.5988
0.7638
0.8046
0.7792
0.6279
0.3633
0.56
0.6446
0.7567
0.7829
0.7217
0.7079
0.6913
0.8004
0.6308
0.685
0.7258
0.6233
0.6654
0.7467
0.7038
0.7571
0.6992
0.6
0.8633
0.5621
0.5292
0.6267
0.6338
0.6204
0.5779
0.6279
0.8604
0.8079
0.6371
0.6363
0.4383
0.2933
0.3833
0.4921
0.6754
0.5529
0.58
0.9125
0.9321
0.7679
0.7025
0.6783
0.8454
0.8646
0.8058
0.845
0.7642
0.8388
0.6725
0.6725
0.7242
0.7675
0.8458
0.885
0.6696
0.8021
0.7888
0.6958
0.6221
0.7896
0.8754
0.7863
0.7867
0.7379
0.7708
0.7838
0.6683
0.7783
0.6875
0.8267
0.7621
0.6688
0.6854
0.7683
0.8829
0.8196
0.77
0.7229
0.8025
0.5246
0.4242
0.3963
0.4063
0.6463
0.6838
0.5504
0.7038
0.6717
0.7621
0.6179
0.6408
0.8213
0.7313
0.7292
0.8233
0.7917
0.6983
0.6833
0.7633
0.795
0.8083
0.7925
0.6858
0.6796
0.7138
0.5988
0.5738
0.7304
0.7738
0.7517
0.7525
0.7829
0.8029
0.7704
0.7004
0.6771
0.6938
0.7942
0.7588
0.6629
0.5892
0.6488
0.6567
0.7204
0.7471
0.7013
0.6025
0.7104
0.645
0.58
0.7813
0.8133
0.675
0.6342
0.6529
0.4421
0.6688
0.7558
0.7883
0.7404
0.7579
0.7963
0.8346
0.9267
0.8504
0.8646
0.7729
0.6888
0.5929
0.5638
0.735
0.8079
0.6808
0.7871
0.8429
0.7304
0.7288
0.5413
0.6288
0.6858
0.6263
0.6183
0.7538
0.5271
0.4279
0.4467
0.5833
0.6567
0.7658
0.8329
0.7821
0.7783
0.7546
0.9358
0.8446
0.7821
0.65
0.8233
0.6771
0.6879
0.6742
0.7083
0.6367
0.6758
0.5908
0.4221
0.5346
0.7796
0.8354
0.7296
0.7483
0.5946
0.7417
0.8721
0.8975
0.8967
0.8513
0.8821
0.8388
0.9108
0.77
0.8575
0.8575
0.8338
0.8121
0.7604
0.7192
0.6758
0.7033
0.9858
0.9958
0.6317
0.8458
0.8138
0.9096
0.7325
0.6208
0.6633
0.7483
0.7088
0.7842
0.7854
0.8504
0.8667
0.8325
0.5704
0.4329
0.6046
0.665
0.6946
0.7821
0.7533
0.7667
0.7067
0.7042
0.75
0.5571
0.5867
0.4475
0.6388
0.6975
0.6058
0.4896
0.5392
0.6896
0.6246
0.6908
0.4863
0.6233
0.7829
0.7038
0.9188
0.8483
0.5504
0.735
0.8121
0.7992
0.8433
0.9379
0.7475
0.6596
0.6717
0.7075
0.6796
0.6933
0.8667
0.8375
0.7004
0.8875
0.9796
0.9067
0.9242
0.9246
0.9575
0.8867
0.9875
0.9473
0.7919
0.7429
0.8635
0.7436
0.7408
0.8617
1
0.8575
0.72
0.5833
0.6892
0.7717
0.8654
0.8071
0.7483
0.7867
0.5846
0.6008
0.6717
0.7038
0.4754
0.5125
0.5867
0.5275
0.6325
0.8946
0.8596
0.9821
0.9788
0.9875
0.8321
0.7513
0.9425
0.8329
0.6188
0.5208
0.6404
0.4725
0.6617
0.7917
0.7721
0.7267
0.665
0.8288
0.7008
0.5317
0.7854
0.7196
0.7779
0.6571
0.6954
0.8092
0.8213
0.8654
0.7754
0.8775
0.9579
0.8833
0.8417
0.9404
0.5958
0.3892
0.405
0.6704
0.8429
0.8213
0.8158
0.87
0.8263
0.6858
0.5283
0.545
0.555
0.6617
0.8171
0.6417
0.6592
0.7613
0.6333
0.585
0.6121
0.7263
0.8063
0.9496
0.8779
0.8488
0.9821
0.9404
0.9863
0.9067
0.8533
0.8842
0.8854
0.9554
0.915
0.7988
0.9463
0.8513
0.9029
0.6963
0.7817
0.8167
0.7621
0.6667
0.8213
0.7142
0.685
0.6354
0.4433
0.4796
0.4854
0.7263
0.8013
0.6646
0.5583
0.7092
0.8238
0.8829
0.6425
0.5388
0.6088
0.6608
0.5663
0.545
0.6313
0.7758
0.7863
0.6992
0.7188
0.8288
0.9646
0.6579
0.7129
0.7521
0.67
0.6254
0.5304
0.5313
0.7254
0.5513
0.7513
0.8592
0.7254
0.61
0.4629
0.5954
0.5254
0.5358
0.6679
0.5379
0.7358
0.7508
0.9679
0.69
0.6921
0.9013
0.565
0.7492
0.6888
0.7546
0.6113
0.4646
0.5408
0.6483
0.5317
0.4792
0.575
0.8079
0.6508
0.6654
0.7317
0.865
0.7954
0.6846
0.7138
0.8175
0.7242
0.5225
0.4138
0.4558
0.6088
0.5896
0.6896
0.6371
0.6608
0.6888
0.9275
0.8021
0.8192
0.8788
0.6446
0.7325
0.7463
0.7779
0.5996
0.4308
0.6713
0.7908
0.7171
0.6496
0.5471
0.4888
0.6942
0.7633
0.6996
0.7013
0.8071
0.7671
0.7525
0.81
0.6829
0.6125
0.6945
0.7433
0.7375
0.6663
0.705
0.6267
0.7167
0.6654
0.6125
0.5346
0.4954
0.565
0.6629
0.5633
0.4571
0.2883
0.3838
0.5788
0.7642
0.6917
0.7142
0.73
0.7092
0.6629
0.6163
0.6896
0.7196
0.7525
0.7663
0.7533
0.7225
0.7038
0.5538
0.7175
0.6963
0.6846
0.6267
0.6392
0.5563
0.5925
0.6821
0.6946
0.8629
0.595
0.6804
0.7121
0.6092
0.6825
0.6267
0.6083
0.5775
0.6096
0.6654
0.6825
0.6683
0.6071
0.5521
0.7154
0.6867
0.6658
0.6883
0.7821
0.8346
0.84
0.6996
0.6563
0.7988
0.7479
0.7288
0.6817
0.5992
0.5679
0.4963
0.3308
0.4142
0.4892
0.7
0.7667
0.6904
0.8008
0.6163
0.7558
0.7438
0.8308
0.8504
0.8717
0.8217
0.7546
0.8125
0.8842
0.6158
0.4821
0.4738
0.5008
0.6258
0.5938
0.55
0.4533
0.4979
0.6721
0.7154
0.765
0.7858
0.6158
0.5529
0.6971
0.7738
0.8317
0.8413
0.8367
0.69
0.6088
0.7071
0.7942
0.6333
0.7304
0.6075
0.8217
0.635
0.5608
0.6683
0.7742
0.6117
0.7167
0.7888
0.6342
0.5796
0.7079
0.6938
0.6821
0.7108
0.8779
0.8742
0.8021
0.6725
0.7321
0.6217
0.5275
0.4829
0.8638
0.9363
0.8196
0.9192
0.6571
0.8754
0.7246
0.6775
0.7483
0.7742
0.7386
-99
-99
0.8108
0.8342
0.9542
0.6604
0.85
0.8717
0.5296
0.6308
0.6625
0.7625
0.6333
0.8204
0.655
0.7217
0.9308
0.9454
0.9475
0.8104
0.7025
0.755
0.8313
0.8046
0.9433
0.8058
0.7371
0.6421
0.7625
0.5742
0.7721
0.7592
0.7167
0.7296
0.9067
0.645
0.5383
0.6667
0.9038
0.9238
0.6092
0.3638
0.495
0.6488
0.5992
0.7842
0.8588
0.8979
0.7492
0.8346
0.59
0.7663
0.8125
0.5279
0.4492
0.5925
0.4454
0.7792
0.5492
0.5925
0.5492
0.845
0.8021
0.7433
0.4638
0.7775
0.9625
0.6892
0.5929
0.6108
0.8138
0.6196
0.5921
0.6117
0.7529
0.7917
0.8175
0.8367
0.7913
0.7792
0.9321
0.9013
0.8679
0.8854
0.4992
0.4213
0.6288
0.8571
0.5254
0.5425
0.6363
0.7254
0.8208
0.7329
0.7642
0.6463
0.8458
0.7371
0.5304
0.4921
0.4446
0.7754
0.7467
0.7129
0.6154
0.6225
0.6442
0.6775
0.8
0.7083
0.6875
0.7196
0.7079
0.7513
0.6675
0.6083
0.5588
0.5033
0.7621
0.7846
0.82
0.7283
0.94
0.8942
0.6925
0.6992
0.7433
0.7171
0.8404
0.7021
0.6392
0.8796
0.7638
0.8183
0.5646
0.615
0.6604
0.6938
0.7225
0.6829
0.5296
0.5621
0.685
0.6246
0.6896
0.7217
0.6242
0.7213
0.6575
0.6608
0.5633
0.7171
0.7929
0.7388
0.7542
0.7029
0.8117
0.7713
0.8175
0.89
0.8063
0.8279
0.7479
0.7725
0.7921
0.7492
0.665
0.6992
0.6921
0.7054
0.5575
0.5458
0.6917
0.7858
0.6342
0.5442
0.4967
0.4721
0.4971
0.5325
0.6213
0.5638
0.5742
0.6321
0.6179
0.5996
0.6229
0.7417
0.6525
0.6421
0.69
0.4825
0.5767
0.5554
0.7275
0.6821
0.6913
0.69
0.6846
0.7488
0.7154
0.6692
0.6988
0.6783
0.5417
0.6513
0.6171
0.6463
0.7213
0.7396
0.7246
0.7479
0.7308
0.7525
0.6783
0.6525
0.6458
0.5729
0.7404
0.7463
0.7163
0.7558
0.6804
0.6983
0.7288
0.7133
0.5925
0.7317
0.7713
0.7871
0.85
0.7863
0.6288
0.6371
0.825
0.7467
0.7408
0.8063
0.6525
0.5871
0.5904
0.6908
0.6771
0.7746
0.7046
0.6729
0.7517
0.7738
0.7942
0.6904
0.4379
0.6154
0.6975
0.6879
0.7071
0.6421
0.7029
0.7667
0.8192
0.8708
0.8613
0.5971
0.8638
0.8833
0.8075
0.8175
0.6138
0.5375
0.6304
0.5779
0.7217
0.6604
0.72
0.7471
0.7842
0.8213
0.535
0.5754
0.7417
0.7342
0.7733
0.7629
0.93
0.8529
0.835
0.7683
0.7121
0.7075
0.6683
0.5363
0.4883
0.5579
0.6371
0.7683
0.7925
0.7863
0.7333
0.3988
0.4479
0.4738
0.5371
0.8096
0.6867
0.6708
0.7525
0.5263
0.6279
0.6896
0.7454
0.7725
0.6679
0.6217
0.5208
0.5083
0.535
0.6096
0.7004
0.8517
0.6042
0.4896
0.6396
0.5992
0.7067
0.7942
0.6667
0.6613
0.6158
0.6617
0.6063
0.5929
0.5513
0.4725
0.6833
0.9204
0.6838
0.5788
0.5588
0.6513
0.7521
0.7592
0.6708
0.7592
0.8429
0.7913
0.6729
0.4588
0.795
0.7113
0.4346
0.3792
0.4946
0.5933
0.6554
0.5829
0.9054
0.9529
0.8171
0.5421
0.4229
0.3688
0.5529
0.7321
0.7917
0.8229
0.8925
0.8613
0.8213
0.7092
0.7433
0.8738
0.855
0.8121
0.6258
0.7608
0.7738
0.5983
0.705
0.7746
0.7525
0.7171
0.8713
0.8475
0.7683
0.7683
0.7754
0.3721
0.4463
0.4967
0.545
0.5296
0.6633
0.8746
0.8379
0.7988
0.8571
0.8733
0.6608
0.4317
0.47
0.6221
0.6204
0.4329
0.7246
0.8438
0.7938
0.8154
0.7592
0.8033
0.8308
0.7804
0.7225
0.6967
0.9204
0.6925
0.6942
0.8379
0.6192
0.565
0.7908
0.7863
0.6725
0.7396
0.4796
0.5988
0.53
0.6121
0.9254
0.7792
0.7658
0.6529
0.6408
0.6967
0.7567
0.7946
0.8025
0.9392
0.8096
0.8663
0.9296
0.8508
0.6104
0.5696
0.6667
0.6683
0.6133
0.6963
0.5913
0.6725
0.7588
0.8746
0.7888
0.6633
0.6367
0.7558
0.6821
0.6504
0.6238
0.7317
0.7854
0.6946
0.7192
0.6871
0.4663
0.4275
0.4779
0.6088
0.6292
0.7521
0.7092
0.555
0.6833
0.7183
0.6667
0.7317
0.7429
0.6625
0.8063
0.8138
0.8179
0.7229
0.6938
0.6313
0.7171
0.8013
0.7154
0.7533
0.7525
0.7392
0.7963
0.7404
0.6529
0.7871
0.7988
0.8175
0.7504
0.7192
0.6746
0.6288
0.715
0.73
0.6971
0.7363
0.6121
0.6254
0.5296
0.5025
0.4508
0.3921
0.3846
0.5113
0.5404
0.6963
0.7642
0.7738
0.7175
0.8417
0.6067
0.7813
0.7821
0.7788
0.7904
0.7304
0.7592
0.8183
0.7425
0.8729
0.7779
0.7996
0.7438
0.6063
0.6217
0.7117
0.6629
0.7317
0.6817
0.7963
0.7417
0.5892
0.695
0.6742
0.7383
0.5554
0.6592
0.5525
0.6217
0.5879
0.6633
0.7854
0.7029
0.6821
0.7521
0.7438
0.6242
0.6133
0.6583
0.5763
0.5742
0.7396
0.6592
0.7738
0.7258
0.7971
0.7142
0.6917
0.6038
0.6104
0.6996
0.7617
0.6563
0.665
0.7088
0.6858
0.7425
0.6454
0.7933
0.8363
0.7733
0.7704
0.6742
0.7108
0.7054
0.7933
0.845
0.7263
0.6346
0.5246
0.7229
0.7488
0.75
0.6854
0.6429
0.61
0.5713
0.7013
0.6033
0.5792
0.4971
0.3863
0.2979
0.5367
0.745
0.7513
0.6621
0.5496
0.7125
0.7517
0.7329
0.8092
0.72
0.6958
0.7129
0.6367
0.7692
0.7171
0.7654
0.7383
0.7608
0.7642
0.7879
0.7475
0.7404
0.6929
0.6746
0.7713
0.7788
0.5867
0.4863
0.6321
0.7113
0.7567
0.7567
0.7846
0.7046
0.6458
0.5925
0.5238
0.5867
0.6696
0.7246
0.6833
0.47
0.4771
0.5442
0.7458
0.6213
0.4525
0.5771
0.505
0.3983
0.3971
0.5908
0.6608
0.6333
0.6271
0.7038
0.6242
0.7
0.5467
0.5921
0.7429
0.8963
0.8975
0.6
0.48
0.8271
0.8817
0.8033
0.7992
0.8458
0.8279
0.8542
0.8483
0.8979
0.825
0.9404
0.7821
0.7725
0.7483
0.8033
0.8354
0.8096
0.8083
0.8329
0.8871
0.8946
0.8088
0.8438
0.8175
0.8221
0.7858
0.7904
0.6913
0.7621
0.7729
0.7242
0.8029
0.8017
0.7
0.7008
0.8029
0.7546
0.6783
0.6133
0.6588
0.6646
0.6796
0.7524
-99
-99
0.7071
0.6942
0.5825
0.5508
0.5063
0.4942
0.5696
0.5488
0.5629
0.7013
0.7179
0.6638
0.6938
0.7208
0.6038
0.6633
0.6046
0.6317
0.5875
0.5079
0.6496
0.7288
0.5296
0.6071
0.6858
0.5425
0.6771
0.6342
0.7329
0.7267
0.7713
0.7858
0.7888
0.6263
0.7342
0.77
0.7779
0.7254
0.7208
0.6942
0.7021
0.605
0.7242
0.6625
0.6988
0.7433
0.7563
0.8717
0.8758
0.7188
0.4471
0.5238
0.8733
0.8379
0.5029
0.2538
0.4946
0.4221
0.1704
0.2279
0.4342
0.44
0.3188
0.4988
0.3683
0.5471
0.4792
0.48
0.7638
0.7313
0.7754
0.4175
0.5504
0.33
0.2188
0.31
0.4704
0.4929
0.7408
0.8079
0.7438
0.7463
0.7967
0.7779
0.5992
0.4654
0.4383
0.5075
0.5508
0.5404
0.4763
0.5275
0.5163
0.5129
0.5688
0.6583
0.5183
0.7
0.5379
0.5763
0.5713
0.8525
0.83
0.7183
0.6863
0.5538
0.5063
0.4942
0.4354
0.495
0.3933
0.5004
0.5525
0.6704
0.845
0.9013
0.8342
0.765
0.5521
0.5513
0.7092
0.7463
0.4938
0.6988
0.7125
0.6283
0.7088
0.4638
0.5008
0.6008
0.4833
0.4742
0.6142
0.745
0.8108
0.3992
0.7938
0.6546
0.5771
0.7379
0.6517
0.715
0.7046
0.7196
0.7729
0.8025
0.6333
0.7246
0.6967
0.7254
0.6588
0.4221
0.3929
0.5067
0.7208
0.6695
0.6129
0.6604
0.8029
0.7113
0.7479
0.8008
0.6163
0.4554
0.4904
0.4925
0.5054
0.7325
0.6233
0.5479
0.5583
0.5333
0.5008
0.475
0.4475
0.6133
0.7429
0.7679
0.7942
0.7421
0.7421
0.7075
0.7154
0.7058
0.5063
0.6563
0.6842
0.6458
0.5458
0.6038
0.5475
0.5304
0.5608
0.5521
0.62
0.5388
0.4692
0.4817
0.5479
0.4204
0.6821
0.6596
0.6783
0.7925
0.6967
0.7458
0.7433
0.7125
0.7038
0.7246
0.6725
0.6654
0.7525
0.6796
0.6429
0.7942
0.6767
0.5904
0.6654
0.7
0.4104
0.5379
0.6288
0.6829
0.6021
0.5946
0.5696
0.6354
0.5654
0.4858
0.645
0.7229
0.7404
0.7138
0.7404
0.6088
0.4979
0.5354
0.6575
0.7142
0.6192
0.5492
0.3967
0.4004
0.5079
0.6508
0.6542
0.7113
0.7117
0.6467
0.5654
0.4954
0.52
0.5367
0.5425
0.5133
0.4554
0.6996
0.7321
0.6029
0.7625
0.7571
0.7054
0.8021
0.545
0.365
0.4333
0.4329
0.5033
0.5921
0.6254
0.6638
0.7596
0.7342
0.7517
0.735
0.7196
0.4617
0.5004
0.4904
0.7417
0.7617
0.7817
0.8521
0.8358
0.7879
0.7542
0.8046
0.5021
0.5225
0.6174
0.6692
0.4929
0.7863
0.7221
0.6054
0.6317
0.7613
0.7929
0.7721
0.8171
0.7421
0.7888
0.8096
0.8408
0.8508
0.8213
0.805
0.6742
0.6196
0.5825
0.7346
0.8
0.8558
0.8371
0.8142
0.815
0.7375
0.8008
0.8546
0.8979
0.6058
0.3508
0.5142
0.7671
0.7229
0.5267
0.5688
0.6867
0.8033
0.5213
0.6771
0.68
0.7075
0.7496
0.8004
0.7767
0.6563
0.6363
0.7708
0.7971
0.8413
0.8388
0.7954
0.7542
0.7329
0.8013
0.7354
0.7717
0.8438
0.825
0.8358
0.8563
0.7633
0.4283
0.5896
0.6088
0.5088
0.6821
0.505
0.5146
0.6296
0.5729
0.5342
0.6058
0.6779
0.7225
0.775
0.8679
0.7221
0.5692
0.5329
0.5638
0.6563
0.7604
0.7063
0.5579
0.7229
0.7763
0.9458
0.9046
0.705
0.5863
0.7396
0.7679
0.6633
0.7133
0.69
0.705
0.5967
0.4471
0.4367
0.4608
0.5033
0.61
0.6458
0.7425
0.6129
0.6813
0.7704
0.6267
0.645
0.6117
0.5679
0.7671
0.8658
0.6888
0.5387
0.5946
0.655
0.5895
0.4013
0.745
0.6433
0.6846
0.6154
0.6346
0.6654
0.5317
0.4529
0.2742
0.5696
0.6179
0.5275
0.4025
0.6138
0.5204
0.6321
0.4771
0.4883
0.62
0.72
0.7229
0.8238
0.8263
0.8096
0.7329
0.7563
0.7796
0.8221
0.7225
0.5317
0.4675
0.6367
0.5592
0.8658
0.7983
0.6388
0.64
0.7513
0.9208
0.8896
0.7246
0.5813
0.6175
0.5338
0.5179
0.5717
0.8942
0.3804
0.4742
0.7408
0.8575
0.5371
0.5133
0.6867
0.6533
0.7988
0.7946
0.8188
0.6188
0.7138
0.8175
0.7429
0.6896
0.5229
0.5746
0.7138
0.5517
0.6275
0.7917
0.8238
0.7442
0.6179
0.5492
0.4871
0.6117
0.6283
0.455
0.5854
0.5433
0.4625
0.4038
0.3958
0.5658
0.6392
0.545
0.7192
0.6438
0.5642
0.5004
0.6983
0.7471
0.9188
0.8763
0.9308
0.7996
0.6992
0.6558
0.6696
0.6279
0.7058
0.6921
0.5425
0.6188
0.7233
0.7454
0.7279
0.675
0.7404
0.8567
0.845
0.7504
0.68
0.7108
0.6938
0.7875
0.7233
0.52
0.5421
0.5713
0.5704
0.7558
0.7633
0.7396
0.4471
0.505
0.6008
0.3829
0.525
0.6279
0.6796
0.5917
0.5854
0.6708
0.7408
0.7296
0.6846
0.6979
0.5958
0.4867
0.6438
0.4708
0.4179
0.6088
0.7754
0.5958
0.5863
0.6742
0.7192
0.7454
0.5963
0.6538
0.6492
0.7017
0.6596
0.6738
0.7292
0.5463
0.6867
0.7388
0.7621
0.7213
0.5663
0.4704
0.4008
0.5029
0.6546
0.6925
0.6717
0.6579
0.525
0.5433
0.625
0.6175
0.7196
0.7504
0.6142
0.6071
0.6163
0.6854
0.6104
0.7125
0.5625
0.6846
0.5692
0.5479
0.6471
0.6929
0.6796
0.6738
0.6938
0.6025
0.6471
0.62
0.6842
0.5563
0.5413
0.6404
0.6642
0.5533
0.577
0.6667
0.6788
0.7388
0.6583
0.7158
0.7029
0.6279
0.7113
0.7158
0.6871
0.71
0.6983
0.8067
0.6913
0.7846
0.7025
0.5292
0.5742
0.5763
0.6425
0.61
0.6771
0.6088
0.7204
0.8692
0.8083
0.7733
0.6933
0.8408
0.6808
0.6913
0.7658
0.7804
0.6513
0.6808
0.6696
0.7138
0.6321
0.6558
0.7104
0.7313
0.785
0.75
0.7783
0.6875
0.7504
0.5113
0.5879
0.5717
0.6138
0.7596
0.8767
0.7292
0.6888
0.765
0.7367
0.81
0.7188
0.7296
0.7058
0.7083
0.6796
0.6442
0.6388
0.8217
0.8635
0.8221
0.8025
0.8192
0.8204
0.6417
0.6742
0.7804
0.795
0.5417
0.7683
0.7642
0.6171
0.4892
0.4475
0.4788
0.6788
0.62
0.5642
0.5904
0.7396
0.5888
0.4183
0.5035
0.705
0.6571
0.7
0.5467
0.3717
0.82
0.9142
0.9292
0.75
0.4775
0.5583
0.5075
0.4925
0.5683
0.5596
0.57
0.5808
0.5496
0.6092
0.7233
0.5275
0.5042
0.5517
0.515
0.6475
0.6392
0.6138
0.7817
0.8008
0.7817
0.7463
0.7433
0.7567
0.6821
0.5992
0.7879
0.8171
0.7896
0.8821
0.8067
0.645
0.6525
0.6683
0.8496
0.8138
0.4925
0.6492
0.5742
0.5983
0.6204
0.6117
0.6996
0.6917
0.6613
0.8021
0.5479
0.6925
0.7575
0.8525
0.87
0.8304
0.8029
0.8575
0.8575
0.6567
0.7379
0.8975
0.6721
0.8875
0.8283
0.6071
0.5875
0.7671
0.7871
0.6283
0.8433
0.5983
0.4621
0.5588
0.6808
0.7292
0.7275
0.8588
0.5833
0.635
0.6454
0.645
0.64
0.5521
0.6146
0.5946
0.7167
0.5679
0.6633
0.5558
0.7359
-99
-99
0.7189
0.7221
0.6504
0.6617
0.6092
0.6033
0.6892
0.7871
0.7871
0.5075
0.6417
0.553
0.6104
0.7592
0.4771
0.515
0.6646
0.7083
0.56
0.5825
0.5854
0.4879
0.5458
0.6308
0.6496
0.595
0.4133
0.4779
0.4238
0.6529
0.6767
0.7754
0.8175
0.7933
0.4196
0.5088
0.5225
0.6233
0.6688
0.6942
0.6638
0.9042
0.8692
0.7663
0.6471
0.8825
0.6179
0.5933
0.6363
0.704
0.7752
0.6898
0.6954
0.74
0.7148
0.6629
0.5733
0.5744
0.6229
0.7102
0.7063
0.6994
0.8398
0.8044
0.8013
0.709
0.6406
0.5192
0.5042
0.4352
0.4548
0.6729
0.6652
0.6975
0.6298
0.5169
0.664
0.6398
0.766
0.6875
0.6008
0.6346
0.5906
0.7021
0.7596
0.8115
0.6617
0.656
0.669
0.6229
0.6256
0.7256
0.7685
0.794
0.5392
0.4804
0.6058
0.6596
0.8081
0.6423
0.7927
0.7029
0.8506
0.6773
0.555
0.5575
0.6635
0.6833
0.6613
0.6752
0.4746
0.5252
0.3844
0.4335
0.3938
0.3706
0.4298
0.5022
0.6698
0.5813
0.6596
0.6579
0.6319
0.6196
0.5075
0.6935
0.6975
0.7633
0.6723
0.605
0.7431
0.7092
0.5544
0.6127
0.7396
0.6658
0.509
0.6481
0.6208
0.7719
0.8269
0.7013
0.6552
0.5896
0.5667
0.6431
0.6944
0.7394
0.7888
0.6827
0.6094
0.4963
0.645
0.3475
0.5154
0.5567
0.6454
0.6425
0.5679
0.6983
0.7156
0.8089
0.7006
0.5735
0.6902
0.6767
0.7073
0.7492
0.7196
0.6321
0.691
0.7554
0.7469
0.6358
0.7544
0.709
0.7175
0.64
0.5783
0.6567
0.7217
0.6938
0.7388
0.6942
0.6502
0.7127
0.8679
0.7458
0.7677
0.829
0.7525
0.6423
0.7288
0.7363
0.6465
0.6433
0.7842
0.791
0.7083
0.7417
0.7925
0.8048
0.8058
0.7904
0.7196
0.7065
0.7919
0.6879
0.756
0.7894
0.7742
0.7785
0.8192
0.7998
0.7948
0.7442
0.6831
0.8742
0.8654
0.7627
0.7419
0.7565
0.6585
0.8633
0.8158
0.8665
0.8023
0.6935
0.7023
0.8033
0.7994
0.8365
0.7777
0.8067
0.829
0.811
0.7469
0.7994
0.72
0.7827
0.6477
0.6454
0.6333
0.5996
0.685
0.6625
0.49
0.5973
0.4467
0.3827
0.486
0.7285
0.8025
0.7585
0.7875
0.824
0.7777
0.8102
0.8102
0.8102
0.7277
0.7048
0.5913
0.6219
0.8067
0.7571
0.7202
0.8
0.649
0.6306
0.8465
0.5652
0.4762
0.5198
0.581
0.7248
0.7788
0.7853
0.8092
0.6958
0.6963
0.8392
0.8829
0.8438
0.8323
0.9123
0.8706
0.8346
0.616
0.7846
0.8781
0.7779
0.67
0.5127
0.6431
0.3681
0.4846
0.6717
0.7448
0.8356
0.7996
0.933
0.7392
0.7656
0.6665
0.774
0.7469
0.7131
0.776
0.8246
0.6979
0.5894
0.7271
0.701
0.441
0.3389
0.3975
0.5504
0.6617
0.3715
0.3883
0.554
0.7787
0.7377
0.8
0.7421
0.6806
0.64
0.6863
0.6708
0.8423
0.6933
0.837
0.751
0.6617
0.6363
0.9238
0.774
0.7285
0.7062
0.5156
0.4333
0.305
0.5167
0.6704
0.5998
0.5777
0.5492
0.5915
0.5606
0.6283
0.7026
0.8165
0.4335
0.4119
0.57
0.5427
0.6025
0.456
0.5219
0.7333
0.6992
0.6088
0.6904
0.5623
0.6394
0.5827
0.6838
0.7952
0.7154
0.3965
0.575
0.4694
0.4594
0.7098
0.5813
0.5438
0.7013
0.561
0.7004
0.7744
0.3071
0.5154
0.6379
0.7017
0.746
0.5898
0.5775
0.6156
0.7627
0.6573
0.6969
0.7615
0.7383
0.719
0.5146
0.6071
0.8627
0.7188
0.7356
0.8329
0.7446
0.5373
0.59
0.6042
0.5481
0.4331
0.5952
0.7248
0.7083
0.8192
0.7567
0.6763
0.605
0.6446
0.5658
0.6463
0.6215
0.6881
0.5131
0.5104
0.4567
0.406
0.7535
0.6819
0.6915
0.7521
0.7783
0.6473
0.5492
0.596
0.7313
0.8496
0.8317
0.6004
0.5304
0.7492
0.8017
0.7554
0.6029
0.5533
0.7073
0.5831
0.635
0.6238
0.6769
0.6317
0.6435
0.6088
0.5506
0.6658
0.6706
0.4019
0.4458
0.5502
0.544
0.7644
0.7906
0.6588
0.5977
0.5781
0.6052
0.4952
0.6317
0.68
0.7413
0.7038
0.6627
0.6763
0.5715
0.7048
0.5258
0.3848
0.3396
0.4417
0.3679
0.4473
0.5538
0.5558
0.5963
0.6656
0.7379
0.6931
0.7638
0.7777
0.6492
0.6631
0.6402
0.6423
0.684
0.7119
0.5456
0.6104
0.6396
0.729
0.6967
0.5758
0.4415
0.4431
0.3748
0.4338
0.365
0.4165
0.4106
0.4306
0.5123
0.6325
0.5742
0.7248
0.7423
0.706
0.6975
0.7152
0.6513
0.5242
0.6692
0.6135
0.6081
0.7317
0.7115
0.604
0.6998
0.7679
0.8117
0.7256
0.7391
0.7971
0.786
0.6558
0.7071
0.7292
0.7138
0.7283
0.68
0.6971
0.6979
0.6956
0.7542
0.6221
0.6502
0.6988
0.7923
0.7258
0.5777
0.6394
0.6873
0.726
0.7588
0.6194
0.7704
0.794
0.7898
0.7413
0.4431
0.6431
0.7521
0.7627
0.7583
0.6979
0.6071
0.6933
0.6227
0.7823
0.7025
0.8125
0.6327
0.6777
0.691
0.6329
0.63
0.8029
0.7381
0.7933
0.7948
0.5133
0.7646
0.7352
0.4873
0.606
0.7056
0.6883
0.714
0.7621
0.6631
0.6021
0.6638
0.7592
0.7615
0.6742
0.8354
0.8565
0.6427
0.7823
0.8027
0.7935
0.7054
0.4438
0.6402
0.7319
0.7581
0.7598
0.8121
0.8123
0.8531
0.7096
0.616
0.74
0.7517
0.7904
0.836
0.7548
0.6583
0.5535
0.665
0.8088
0.7414
0.776
0.8465
0.6013
0.6058
0.7452
0.7485
0.6527
0.8667
0.8479
0.816
0.7571
0.801
0.8054
0.8958
0.7948
0.6677
0.7775
0.8271
0.7817
0.7463
0.6375
0.5363
0.5908
0.5813
0.59
0.5763
0.4492
0.579
0.5
0.3948
0.6725
0.6935
0.6594
0.6602
0.6204
0.6554
0.6533
0.6483
0.8313
0.8304
0.7915
0.8133
0.9233
0.9056
0.7858
0.8063
0.8371
0.8473
0.7919
0.7673
0.696
0.6546
0.6794
0.8115
0.8538
0.8
0.7421
0.7727
0.7877
0.811
0.8265
0.8492
0.8431
0.7638
0.7915
0.7296
0.6921
0.8448
0.6502
0.5573
0.725
0.5985
0.4777
0.5381
0.5865
0.5542
0.5806
0.4669
0.4052
0.5646
0.6288
0.6285
0.3385
0.5025
0.5844
0.6785
0.6271
0.7354
0.8417
0.7433
0.809
0.8081
0.7996
0.7731
0.7675
0.7442
0.6279
0.5988
0.7017
0.7156
0.6925
0.5344
0.5577
0.8185
0.5756
0.5248
0.5033
0.56
0.8925
0.7352
0.6058
0.5258
0.6263
0.379
0.4644
0.4294
0.635
0.6052
0.4375
0.4325
0.5507
0.6488
0.5521
0.6377
0.8525
0.8219
0.5113
0.4092
0.4275
0.4431
0.7121
0.4285
0.496
0.571
0.6185
0.6704
0.5048
0.5663
0.5994
0.6098
0.686
0.9021
0.7758
0.7617
0.7933
0.8396
0.8025
0.8019
0.6677
0.49
0.5979
0.7729
0.7819
0.7181
0.5975
0.5402
0.6879
0.5329
0.8148
0.6967
0.8069
0.859
0.9092
0.6685
0.626
0.65
0.5919
0.7577
0.6838
0.7227
0.496
0.5246
0.7523
0.6554
0.53
0.6998
0.5813
0.45
0.8346
0.8581
0.7327
0.7081
0.6125
0.6967
0.76
0.865
0.6879
0.7429
0.385
0.4048
0.5913
0.5919
0.5923
0.6931
0.6744
0.8098
0.8677
0.8029
0.7527
0.6563
0.5992
0.6073
0.6188
0.5867
0.6969
0.7835
0.6448
0.7131
0.7673
0.8313
0.5429
0.7063
0.7138
0.6452
0.7169
0.809
0.5342
0.6181
0.6273
0.5825
0.639
0.6185
0.6188
0.6573
0.6683
0.594
0.656
0.496
0.4473
0.6073
0.68
0.715
0.4883
0.6638
0.4802
0.5358
0.676
0.555
0.6031
0.5654
0.4548
0.4396
0.5821
0.5771
0.6806
0.7019
0.6783
0.6496
0.5985
0.6342
0.6844
0.7421
0.6754
0.5873
0.5383
0.7146
0.5638
0.545
0.5206
0.5269
0.5925
0.5646
0.4863
0.585
0.6565
0.5948
0.6723
0.6519
0.7267
0.6235
0.6425
0.6469
0.6046
0.6196
0.6983
0.7235
0.6831
0.7231
0.7367
0.7231
0.6063
0.684
0.7015
0.5371
0.6885
0.5765
0.6152
0.479
0.6655
0.7021
0.6042
0.649
0.6131
0.7042
0.6748
0.746
0.7523
0.7379
0.7277
0.684
0.5398
0.6598
0.5842
0.4317
0.4485
0.6531
0.7113
0.746
0.7208
0.7079
0.6527
0.5719
0.715
0.7506
0.6881
0.5533
0.6317
0.6183
0.6723
0.7204
0.6767
0.7067
0.7396
0.7106
0.6742
0.5263
0.5375
0.6235
0.5867
0.546
0.6246
0.6692
0.6977
0.755
0.6927
0.7225
0.6869
0.6654
0.6217
0.7421
0.7496
0.7742
0.7606
0.7346
0.7927
0.681
0.8556
0.7842
0.8004
0.7796
0.8338
0.7
0.7767
0.8963
0.7856
0.7729
0.7829
0.7948
0.7419
0.7598
0.8254
0.8173
0.855
0.8275
0.8031
0.885
0.829
0.854
0.855
0.8142
0.8217
0.831
0.7638
0.7498
0.7827
0.7954
0.7427
0.5977
0.6279
0.5829
0.5098
0.5923
0.66
0.7806
0.6958
0.6688
0.6575
0.6975
0.656
0.7967
0.7075
0.7008
0.9258
0.8727
0.8154
0.7279
0.7052
0.806
0.9069
0.8427
0.7738
0.7085
0.7765
0.7204
0.7406
0.7946
0.8035
0.7998
0.7528
0.7535
0.6523
0.7008
0.6725
0.5717
0.7308
0.8156
0.8069
0.8419
0.7696
0.6646
0.7992
0.7267
0.6821
0.6252
0.6721
0.7473
0.6523
0.6331
0.6473
0.6935
0.5754
0.764
0.7808
0.7531
0.7663
0.6938
0.7104
0.6858
0.7123
0.5948
0.4333
0.5954
0.6729
0.6598
0.7656
0.4465
0.4592
0.4906
0.6504
0.3877
0.3685
0.4825
0.7821
0.679
0.7577
0.7892
0.6156
0.7398
0.7813
0.8646
0.8496
0.7225
0.7827
0.8581
0.8529
0.8423
0.5767
0.6331
0.5413
0.5154
0.66
0.5108
0.5054
0.7215
0.7804
0.7615
0.8452
0.8289
0.8119
0.8229
0.8521
0.7488
0.7567
0.69
0.5856
0.496
0.4846
0.876
0.7571
0.8077
0.7423
0.5773
-99
0.6481
0.8104
0.5904
0.5623
0.4463
0.4973
0.7821
0.6704
0.6354
0.6075
0.7438
0.6392
0.636
0.6517
0.559
0.524
0.566
0.6038
0.5163
0.7323
0.6885
0.5852
0.7471
0.745
0.7083
0.7306
0.7429
0.5835
0.5883
0.7606
0.8192
0.6898
0.5363
0.5052
0.681
0.6479
0.6613
0.5888
0.6804
0.5956
0.5704
0.7013
0.6915
0.6119
0.6638
0.7035
0.7819
0.7717
0.475
0.5208
0.5656
0.6319
0.6423
0.6488
0.8163
0.9152
0.8848
0.6104
0.6717
0.8115
0.5013
0.6894
0.7867
0.789
0.5935
0.4819
0.6735
0.716
0.6475
0.709
0.7869
0.5635
0.5317
0.5638
0.5388
0.4646
0.4585
0.6485
0.585
0.5944
0.7004
0.6781
0.6167
0.455
0.4671
0.5825
0.6306
0.5098
0.404
0.5844
0.5173
0.5608
0.7169
0.6848
0.7715
0.7377
0.6748
0.7435
0.7798
0.7225
0.5827
0.4269
0.3768
0.4565
0.36
0.399
0.4596
0.6531
0.6492
0.6542
0.6556
0.5917
0.5348
0.6315
0.6763
0.7575
0.5874
0.7254
0.595
0.4488
0.4158
0.4704
0.48
0.5613
0.6135
0.6329
0.6021
0.3421
0.51
0.6569
0.6563
0.7175
0.7021
0.761
0.7563
0.7138
0.7071
0.5748
0.6765
0.6463
0.5988
0.6738
0.7102
0.7344
0.6448
0.615
0.6054
0.7235
0.6915
0.635
0.5733
0.5946
0.7627
0.5181
0.4185
0.5727
0.574
0.6633
0.686
0.6802
0.6688
0.5944
0.54
0.574
0.6471
0.6583
0.679
0.6473
0.5846
0.575
0.7242
0.7317
0.755
0.751
0.7248
0.6758
0.6775
0.7102
0.7481
0.7486
0.7085
0.7808
0.8454
0.7121
0.5165
0.7179
0.7569
0.7485
0.8225
0.6838
0.6715
0.8502
0.5258
0.5358
0.7431
0.7338
0.8125
0.9473
0.684
0.5892
0.7346
0.6352
0.6583
0.7565
0.8144
0.8108
0.8458
0.8308
0.6965
0.7542
0.7969
0.7927
0.8485
0.9456
0.8363
0.8277
0.861
0.8454
0.7521
0.6577
0.7269
0.8217
0.8346
0.8388
0.8154
0.8248
0.8092
0.834
0.7894
0.7621
0.861
0.9833
0.8665
0.8021
0.5802
0.6669
0.6415
0.7842
0.8844
0.7602
0.7217
0.5775
0.7267
0.859
0.8383
0.8831
0.865
0.8758
0.7031
0.4392
0.3942
0.5756
0.6652
0.6327
0.6742
0.6748
0.3806
0.4302
0.5846
0.6902
0.5354
0.5958
0.6713
0.6135
0.5556
0.8469
0.8852
0.5973
0.5975
0.5402
0.634
0.5756
0.6513
0.494
0.5896
0.3796
0.3333
0.4865
0.6908
0.7423
0.7448
0.6125
0.6835
0.731
0.7217
0.6808
0.6052
0.6329
0.5552
0.5894
0.455
0.6579
0.7025
0.6814
0.6531
0.6531
0.7246
0.7731
0.8358
0.6619
0.6492
0.6456
0.7377
0.6023
0.6152
0.465
0.5813
0.5781
0.5279
0.5275
0.8221
0.9071
0.8198
0.6465
0.5763
0.5788
0.6469
0.7771
0.8279
0.7383
0.551
0.5817
0.7008
0.734
0.6423
0.5815
0.601
0.7623
0.8302
0.8721
0.971
0.779
0.6783
0.7344
0.7502
0.7494
0.8671
0.6979
0.5554
0.8923
0.9813
0.9375
0.6519
0.7279
0.6508
0.395
0.6163
0.8348
0.726
0.7658
0.7931
0.83
0.9292
0.7848
0.8373
0.8494
0.8306
0.8354
0.8221
0.82
0.76
0.9129
0.9221
0.9373
0.9206
0.7854
0.7785
0.8854
0.8456
0.749
0.7348
0.8767
0.8519
0.8473
0.8158
0.6869
0.8252
0.8704
0.7719
0.7623
0.8669
0.7756
0.8223
0.81
0.6109
0.3671
0.4681
0.9446
0.8546
0.641
0.6606
0.6235
0.7454
0.6575
0.4546
0.6023
0.7179
0.836
0.6033
0.6494
0.725
0.7119
0.8325
0.759
0.7656
0.8683
0.8146
0.9263
0.969
0.7219
0.7365
0.704
0.5767
0.599
0.6583
0.6156
0.5992
0.5713
0.5948
0.6171
0.7556
0.8179
0.8677
0.7763
0.5906
0.8298
0.6917
0.6627
0.6548
0.7706
0.8219
0.8423
0.9054
0.8285
0.8152
0.8469
0.9527
0.6138
0.5796
0.6356
0.6504
0.6046
0.6748
0.6727
0.694
0.711
0.77
0.8163
0.6685
0.5856
0.78
0.7123
0.8206
0.8165
0.8127
0.7638
0.7763
0.7569
0.9346
0.8583
0.8279
0.9177
0.9038
0.8465
0.7173
0.6542
0.7108
0.6181
0.6208
0.706
0.6479
0.7231
0.6965
0.6502
0.6085
0.664
0.5863
0.6342
0.69
0.6842
0.6423
0.719
0.756
0.7833
0.6969
0.5581
0.7069
0.8256
0.7683
0.6673
0.718
0.6785
0.789
0.6365
0.6808
0.7367
0.7554
0.636
0.5196
0.5442
0.7679
0.7421
0.69
0.7283
0.7615
0.664
0.7002
0.7773
0.784
0.8102
0.59
0.5419
0.774
0.8115
0.8025
0.7569
0.6788
0.5781
0.5731
0.5415
0.5017
0.4783
0.6535
0.8125
0.7675
0.879
0.735
0.7215
0.7744
0.7173
0.8219
0.7435
0.785
0.8829
0.7135
0.6023
0.5596
0.5756
0.5669
0.6894
0.6458
0.6877
0.7913
0.8313
0.8492
0.7754
0.7592
0.95
0.8102
0.7575
0.8931
0.8623
0.8273
0.8422
0.8583
0.8742
0.8475
0.8288
0.7467
0.8369
0.874
0.8265
0.8175
0.8635
0.8402
0.9135
0.8725
0.8067
0.774
0.8608
0.8633
0.8327
0.6775
0.6813
0.7783
0.6938
0.6296
0.7988
0.6663
0.4194
0.5198
0.7231
0.7421
0.8383
0.6552
0.6917
0.8565
0.855
0.9006
0.9042
0.9588
0.9108
0.8171
0.7975
0.8344
0.8544
0.8752
0.84
0.8285
0.8085
0.765
0.626
0.6677
0.8477
0.9731
0.916
0.6521
0.6975
0.8931
0.8331
0.7479
0.7229
0.6975
0.8825
0.7479
0.6879
0.8773
0.8558
0.7417
0.8031
0.8777
0.8433
0.8669
0.9262
0.8744
0.8519
0.8633
0.8585
0.936
0.7756
0.7542
0.9344
0.7735
0.7052
0.7938
0.6648
0.6631
0.8454
0.8144
0.7435
0.7163
0.7675
0.8085
0.8879
0.8083
0.7977
0.7481
0.6485
0.7733
0.8342
0.849
0.9173
0.8748
0.7921
0.7415
0.6642
0.8031
0.6769
0.7
0.7429
0.7383
0.766
0.7265
0.8208
0.9115
0.8088
0.8327
0.7913
0.6017
0.5288
0.68
0.6173
0.6598
0.7315
0.5867
0.3821
0.549
0.6494
0.7044
0.496
0.5042
0.5971
0.6713
0.6917
0.7921
0.8419
0.7815
0.8544
0.8146
0.9819
0.8215
0.7175
0.6935
0.396
0.5152
0.7598
0.5867
0.6302
0.7419
0.5488
0.654
0.7654
0.6348
0.3063
0.4821
0.7264
0.8119
0.8848
0.8538
0.8727
0.6465
0.6623
0.7127
0.7421
0.8279
0.7792
0.4977
0.6983
0.8517
0.769
0.7815
0.8694
0.6402
0.5619
0.7694
0.8085
0.6392
0.7194
0.5852
0.7394
0.8052
0.7383
0.5225
0.7325
0.8744
0.5723
0.629
0.6694
0.7244
0.8048
0.865
0.7592
0.5606
0.626
0.7648
0.7063
0.5788
0.7198
0.6871
0.5433
0.4367
0.3623
0.3846
0.4925
0.5398
0.6048
0.5898
0.6254
0.7277
0.7344
0.6144
0.8058
0.8635
0.5365
0.819
0.7406
0.7744
0.7923
0.7442
0.7204
0.5194
0.6342
0.6715
0.7173
0.6404
0.7127
0.8023
0.6613
0.53
0.5594
0.595
0.6098
0.7719
0.7073
0.7942
0.5081
0.6485
0.7606
0.8121
0.8654
0.8281
0.7813
0.9102
0.731
0.48
0.666
0.9223
0.8477
0.5244
0.6269
0.7565
0.6435
0.6477
0.7006
0.631
0.6623
0.9006
0.7417
0.8402
0.7673
0.7113
0.7798
0.7988
0.9487
-99
-99
0.6643
0.7558
0.686
0.7506
0.5352
0.5581
0.5163
0.6256
0.7267
0.6483
0.8188
0.7094
0.5331
0.5377
0.5915
0.9227
0.7746
0.5965
0.604
0.7558
0.7167
0.7027
0.6506
0.7746
0.7463
0.7142
0.701
0.7456
0.5304
0.6885
0.4146
0.3969
0.411
0.3542
0.6513
0.6235
0.6304
0.6302
0.6365
0.6956
0.8254
0.7635
0.7423
0.6781
0.6265
0.6988
0.7563
0.6365
0.6133
0.6833
0.6765
0.7221
0.6854
0.7877
0.7104
0.5879
0.5023
0.5365
0.6454
0.6687
0.655
0.7775
0.5615
0.7696
0.7429
0.6892
0.5221
0.535
0.6075
0.6773
0.5444
0.7288
0.8048
0.7879
0.754
0.6819
0.7388
0.7608
0.6252
0.7583
0.7908
0.8669
0.8508
0.8425
0.7583
0.6925
0.7367
0.7448
0.6646
0.6479
0.7317
0.6833
0.8119
0.7335
0.6592
0.6442
0.6
0.6871
0.7194
0.635
0.6804
0.6802
0.6285
0.6673
0.6746
0.7344
0.8983
0.7413
0.5646
0.5723
0.4933
0.5413
0.529
0.6308
0.7035
0.701
0.714
0.8156
0.8442
0.8033
0.7467
0.7381
0.7954
0.9177
0.7546
0.8604
0.8333
0.8335
0.7196
0.6538
0.7694
0.8421
0.8104
0.6235
0.8127
0.8813
0.8731
0.8721
0.8585
0.8304
0.8577
0.5035
0.5356
0.6483
0.645
0.8533
0.7758
0.7765
0.9021
0.851
0.7379
0.7506
0.7281
0.831
0.8852
0.8465
0.7319
0.8185
0.8238
0.7965
0.5721
0.5935
0.5388
0.5965
0.5719
0.5715
0.5869
0.7444
0.6181
0.595
0.8019
0.8446
0.7069
0.7042
0.6767
0.7625
0.6694
0.779
0.776
0.9225
0.7156
0.6575
0.7377
0.7583
0.56
0.585
0.7444
0.8967
0.7533
0.8498
0.7831
0.9246
0.9298
0.8296
0.8315
0.8233
0.6594
0.6817
0.7079
0.6448
0.6131
0.575
0.719
0.9083
0.845
0.8106
0.9156
0.9238
0.7902
0.4898
0.5648
0.7092
0.7577
0.754
0.7625
0.8135
0.8606
0.8179
0.8165
0.8444
0.8481
0.7592
0.655
0.704
0.8163
0.7079
0.7427
0.8854
0.9508
0.7973
0.7383
0.6983
0.7654
0.7963
0.7973
0.659
0.6646
0.6208
0.6069
0.9869
0.9792
0.9002
0.8248
0.9219
0.8279
0.6748
0.6633
0.7677
0.7431
0.7481
0.7246
0.7606
0.7038
0.6423
0.6585
0.7479
0.8225
0.8788
0.8731
0.7077
0.7804
0.9221
0.9133
0.8744
0.8979
0.8863
0.8958
0.7635
0.7392
0.8389
0.7002
0.8008
0.7571
0.6496
0.7442
0.5275
0.5894
0.8085
0.826
0.5408
0.5713
0.5273
0.6746
0.6648
0.4992
0.5738
0.7535
0.6554
0.7298
0.7665
0.7408
0.8454
0.7798
0.8475
0.926
0.7721
0.7773
0.7992
0.7813
0.7546
0.8452
0.8369
0.7067
0.6663
0.7381
0.6713
0.6594
0.6085
0.9215
0.8204
0.8919
0.7706
0.7469
0.769
0.7694
0.7444
0.7698
0.644
0.664
0.6363
0.7754
0.5402
0.886
0.7971
0.7746
0.7752
0.8627
0.8169
0.7425
0.2296
0.4281
0.7592
0.7523
0.7542
0.7817
0.851
0.8854
0.7088
0.699
0.5113
0.5517
0.5975
0.7221
0.7013
0.7713
0.6569
0.6035
0.6644
0.8369
0.9052
0.6763
0.7002
0.7081
0.901
0.7758
0.8488
0.7567
0.7258
0.5985
0.5979
0.5188
0.5967
0.6121
0.7942
0.7408
0.6013
0.5323
0.7427
0.7821
0.7985
0.7706
0.7985
0.809
0.8502
0.8052
0.6258
0.7883
0.8813
0.8165
0.7746
0.7631
0.8235
0.6806
0.574
0.7394
0.7696
0.8433
0.7102
0.8042
0.7388
0.851
0.831
0.7413
0.7965
0.7683
0.625
0.5213
0.721
0.7998
0.8173
0.8344
0.6981
0.764
0.7956
0.6965
0.7096
0.7069
0.7002
0.6944
0.6548
0.5273
0.6963
0.7098
0.6973
0.6138
0.6313
0.8217
0.736
0.7617
0.766
0.7883
0.685
0.5433
0.5608
0.6215
0.7508
0.7848
0.6823
0.5233
0.656
0.4442
0.4771
0.5163
0.6663
0.6706
0.7417
0.7348
0.7227
0.6617
0.6854
0.5821
0.6696
0.5471
0.6775
0.7888
0.7527
0.7871
0.7523
0.7644
0.71
0.7492
0.7008
0.7688
0.74
0.7152
0.7029
0.776
0.7754
0.7898
0.7923
0.8425
0.6535
0.6229
0.6908
0.6985
0.7219
0.7417
0.7469
0.6935
0.8229
0.716
0.8979
0.8077
0.6819
0.6315
0.5763
0.709
0.8177
0.8342
0.7623
0.8546
0.8046
0.6621
0.7865
0.7698
0.7746
0.6588
0.431
0.5244
0.4754
0.61
0.7217
0.7981
0.7717
0.8004
0.5138
0.4879
0.5146
0.5652
0.6983
0.8519
0.864
0.8904
0.6483
0.4829
0.5921
0.6967
0.5915
0.5892
0.5892
0.7081
0.8158
0.8244
0.8077
0.8615
0.6692
0.6296
0.6169
0.5356
0.5346
0.6517
0.79
0.7331
0.7502
0.8883
0.8685
0.8677
0.9194
0.7665
0.8593
0.9096
0.8196
0.7731
0.7852
0.8156
0.8652
0.819
0.8623
0.781
0.8108
0.8267
0.8733
0.7723
0.6354
0.5821
0.779
0.7858
0.78
0.8604
0.8798
0.8646
0.9167
0.695
0.8421
0.8263
0.6227
0.6606
0.5817
0.6408
0.6352
0.7115
0.6731
0.6398
0.6417
0.8848
0.5933
0.7302
0.9052
0.7902
0.7104
0.8094
0.9765
0.9171
0.8185
0.7927
0.8048
0.905
0.7858
0.539
0.439
0.6346
0.4717
0.5151
0.5902
0.6338
0.777708333333333
0.696041666666667
0.540625
0.61875
0.7175
0.686875
0.7475
0.69
0.856458333333333
0.92125
0.753125
0.63875
0.743958333333333
0.763541666666667
0.757916666666667
0.659166666666667
0.565625
0.810625
0.852083333333333
0.851458333333333
0.7125
0.662291666666667
0.546041666666667
0.541666666666667
0.688125
0.818333333333333
0.805208333333333
0.75
0.628125
0.584583333333333
0.54
0.47875
0.655416666666667
0.62625
0.83125
0.766666666666667
0.758333333333333
0.638958333333333
0.7225
0.727291666666667
0.622708333333333
0.57
0.762916666666667
0.8175
0.887708333333333
0.860833333333333
0.879166666666667
0.882708333333333
0.863958333333333
0.902708333333333
0.833958333333333
0.807083333333333
0.921458333333333
0.870416666666667
0.825
0.854583333333333
0.845833333333333
0.806666666666667
0.752083333333333
0.728333333333333
0.775208333333333
0.838125
0.851666666666667
0.848541666666667
0.736666666666667
0.820416666666667
0.903958333333333
0.730625
0.652291666666667
0.774791666666667
0.741041666666667
0.749375
0.670625
0.66
0.665208333333333
0.673333333333333
0.67375
0.894166666666667
0.615
0.575416666666667
0.608333333333333
0.735416666666667
0.767916666666667
0.784166666666667
0.806458333333333
0.788125
0.653125
0.496041666666667
0.480833333333333
0.480208333333333
0.480625
0.466458333333333
0.549791666666667
0.741041666666667
0.698958333333333
0.718541666666667
0.623125
0.616875
0.795
0.912708333333333
0.916041666666667
0.723333333333333
0.767708333333333
0.731041666666667
0.5775
0.602708333333333
0.671875
0.577291666666667
0.75625
0.754375
0.840208333333333
0.748958333333333
0.645208333333333
0.602916666666667
0.541458333333333
0.74125
0.775416666666667
0.815208333333333
0.786041666666667
0.800625
0.8075
0.68
0.580208333333333
0.6475
0.759375
0.828541666666667
0.738125
0.685208333333333
0.700208333333333
0.749166666666667
0.582291666666667
0.5925
0.5775
0.685625
0.655
0.58
0.745625
0.838333333333333
0.805833333333333
0.711666666666667
0.792916666666667
0.72625
0.717708333333333
0.664375
0.720208333333333
0.734166666666667
0.736041666666667
0.61125
0.5075
0.528333333333333
0.615416666666667
0.633958333333333
0.700416666666667
0.712916666666667
0.68875
0.74625
0.668958333333333
0.7275
0.762708333333333
0.582916666666667
0.455416666666667
0.434583333333333
0.440625
0.440416666666667
0.405416666666667
0.469583333333333
0.4725
0.738958333333333
0.740833333333333
0.756458333333333
0.654791666666667
0.62
0.592916666666667
0.771875
0.587083333333333
0.73375
0.770833333333333
0.74875
0.732291666666667
0.757083333333333
0.715416666666667
0.777916666666667
0.714791666666667
0.771458333333333
0.72875
0.727708333333333
0.730208333333333
0.585625
0.561458333333333
0.67375
0.677916666666667
0.658958333333333
0.70375
0.412708333333333
0.566458333333333
0.685
0.722916666666667
0.745416666666667
0.70375
0.522083333333333
0.678333333333333
0.682291666666667
0.548958333333333
0.605
0.654375
0.636666666666667
0.613541666666667
0.652291666666667
0.707708333333333
0.725208333333333
0.798541666666667
0.732291666666667
0.652083333333333
0.689375
0.75625
0.752916666666667
0.713541666666667
0.747916666666667
0.738958333333333
0.652291666666667
0.598333333333333
0.543541666666667
0.436875
0.533958333333333
0.5775
0.540208333333333
0.64375
0.729791666666667
0.578958333333333
0.620833333333333
0.796666666666667
0.792291666666667
0.795625
0.725
0.76875
0.789583333333333
0.693541666666667
0.789375
0.755625
0.6875
0.693958333333333
0.876458333333333
0.799791666666667
0.775
0.7325
0.753541666666667
0.797916666666667
0.833958333333333
0.852916666666667
0.837083333333333
0.754583333333333
0.792708333333333
0.835
0.744791666666667
0.815208333333333
0.83625
0.781666666666667
0.755416666666667
0.764791666666667
0.699375
0.808125
0.630208333333333
0.6525
0.639791666666667
0.625833333333333
0.7075
0.675
0.806666666666667
0.686875
0.669375
0.760833333333333
0.826458333333333
0.791458333333333
0.775416666666667
0.8225
0.801458333333333
0.846458333333333
0.577083333333333
0.700625
0.70125
0.722916666666667
0.890625
0.793333333333333
0.75125
0.671875
0.72
0.728958333333333
0.769375
0.802291666666667
0.822083333333333
0.883125
0.833125
0.783125
0.827083333333333
0.807708333333333
0.723125
0.694583333333333
0.745
0.748125
0.752291666666667
0.776041666666667
0.845833333333333
0.928541666666667
0.79875
0.625208333333333
0.54625
0.600833333333333
0.692291666666667
0.701666666666667
0.494583333333333
0.4425
0.610416666666667
0.696041666666667
0.836041666666667
0.878958333333333
0.762291666666667
0.716041666666667
0.792291666666667
0.80125
0.812083333333333
0.714375
0.702083333333333
0.770625
0.827916666666667
0.765
0.7825
0.831666666666667
0.931458333333333
0.850833333333333
0.727916666666667
0.645416666666667
0.643125
0.67875
0.735208333333333
0.706041666666667
0.615833333333333
0.635208333333333
0.617708333333333
0.55875
0.589166666666667
0.773958333333333
0.51875
0.634375
0.58375
0.7125
0.786458333333333
0.835416666666667
0.801666666666667
0.670208333333333
0.830833333333333
0.825
0.826875
0.856458333333333
0.739583333333333
0.745625
0.88375
0.944375
0.91875
0.822083333333333
0.696041666666667
0.589791666666667
0.567083333333333
0.622291666666667
0.706875
0.73
0.77625
0.931041666666667
0.900625
0.72
0.688125
0.510833333333333
0.538958333333333
0.594166666666667
0.58875
0.857083333333333
0.84125
0.767291666666667
0.71625
0.642916666666667
0.541458333333333
0.53875
0.492708333333333
0.658125
0.8325
0.711041666666667
0.7525
0.580833333333333
0.698958333333333
0.794583333333333
0.804166666666667
0.6775
0.5325
0.433541666666667
0.423541666666667
0.448541666666667
0.533125
0.506875
0.587291666666667
0.625625
0.739583333333333
0.788958333333333
0.562916666666667
0.595833333333333
0.7625
0.809375
0.828958333333333
0.671458333333333
0.87875
0.854583333333333
0.622708333333333
0.519791666666667
0.564166666666667
0.656458333333333
0.760833333333333
0.779583333333333
0.690833333333333
0.5525
0.62
0.794583333333333
0.816041666666667
0.759375
0.788958333333333
0.710416666666667
0.711875
0.736458333333333
0.863125
0.766875
0.709583333333333
0.556666666666667
0.804791666666667
0.726875
0.916041666666667
0.869791666666667
0.880208333333333
0.898541666666667
0.880833333333333
0.800833333333333
0.779375
0.819583333333333
0.761041666666667
0.702291666666667
0.62
0.756041666666667
0.805625
0.778541666666667
0.6975
0.731875
0.666875
0.605416666666667
0.74375
0.528333333333333
0.509166666666667
0.630625
0.856041666666667
0.788333333333333
0.387916666666667
0.418333333333333
0.587083333333333
0.63625
0.554791666666667
0.554166666666667
0.5525
0.41
0.575416666666667
0.72875
0.731041666666667
0.798958333333333
0.905416666666667
0.506041666666667
0.470208333333333
0.529166666666667
0.600416666666667
0.6575
0.688333333333333
0.768541666666667
0.954791666666667
0.743333333333333
0.765625
0.583541666666667
0.680416666666667
0.530208333333333
0.543333333333333
0.525
0.564375
0.612916666666667
0.645208333333333
0.604375
0.696041666666667
0.704166666666667
0.65625
0.567291666666667
0.542916666666667
0.494375
0.498541666666667
0.472291666666667
0.705416666666667
0.609791666666667
0.55875
0.4775
0.452083333333333
0.513958333333333
0.625625
0.684791666666667
0.606458333333333
0.493125
0.430208333333333
0.451875
0.592708333333333
0.87125
0.720208333333333
0.529166666666667
0.572708333333333
0.487291666666667
0.618958333333333
0.493333333333333
0.57625
0.733125
0.67875
0.71875
0.749791666666667
0.713541666666667
0.713541666666667
0.705416666666667
0.725
0.713541666666667
0.768125
0.61375
0.499375
0.411041666666667
0.398333333333333
0.495625
0.412291666666667
0.310833333333333
0.46
0.656458333333333
0.735
0.767291666666667
0.812083333333333
0.711875
0.593541666666667
0.696041666666667
0.730833333333333
0.715208333333333
0.615
0.752291666666667
0.715833333333333
0.6425
0.632291666666667
0.43875
0.4825
0.639166666666667
0.711041666666667
0.625208333333333
0.655833333333333
0.518333333333333
0.54875
0.501458333333333
0.472916666666667
0.540208333333333
0.605625
0.4425
0.38875
0.401666666666667
0.549166666666667
0.692916666666667
0.700625
0.673125
0.735
0.733125
0.727708333333333
0.685416666666667
0.676458333333333
0.7575
0.80875
0.75625
0.677708333333333
0.644791666666667
0.633541666666667
0.641875
0.63
0.693125
0.741041666666667
0.601666666666667
0.531875
0.556041666666667
0.543541666666667
0.588541666666667
0.622916666666667
0.7425
0.71625
0.554375
0.611458333333333
0.758541666666667
0.773958333333333
0.7775
0.623541666666667
0.730208333333333
0.787291666666667
0.739583333333333
0.725
0.759583333333333
0.690208333333333
0.640416666666667
0.747916666666667
0.747708333333333
0.767708333333333
0.779791666666667
0.834375
0.684583333333333
0.782083333333333
0.748958333333333
0.8
0.81
0.806041666666667
0.803541666666667
0.6325
0.739166666666667
0.7425
0.807291666666667
0.825416666666667
0.658958333333333
0.794791666666667
0.696666666666667
0.784583333333333
0.675208333333333
0.634791666666667
0.767708333333333
0.739375
0.704791666666667
0.626458333333333
0.811875
0.809375
0.684166666666667
0.559375
0.561666666666667
0.540416666666667
0.531875
0.596666666666667
0.598333333333333
0.683541666666667
0.784166666666667
0.784583333333333
0.780208333333333
0.70625
0.874791666666667
0.84
0.840833333333333
0.845833333333333
0.835
0.748333333333333
0.74
0.674375
0.851666666666667
0.8475
0.837291666666667
0.846458333333333
0.856875
0.772916666666667
0.792083333333333
0.613333333333333
0.856458333333333
0.68375
0.717916666666667
0.819375
0.716875
0.733958333333333
0.712916666666667
0.8225
0.855625
0.789375
0.734375
0.752291666666667
0.459375
0.478125
0.560625
0.758541666666667
0.868333333333333
0.675208333333333
0.804791666666667
0.738125
0.804375
0.850625
0.859375
0.694375
0.546041666666667
0.59875
0.588541666666667
0.588958333333333
0.603333333333333
0.675208333333333
0.51375
0.590625
0.650208333333333
0.665416666666667
0.529791666666667
0.70125
0.7675
0.708958333333333
0.775833333333333
0.726041666666667
0.642083333333333
0.655208333333333
0.723333333333333
0.666875
0.821875
0.83625
0.911875
0.763958333333333
0.6575
0.688333333333333
0.881875
0.859166666666667
0.859583333333333
0.790416666666667
0.706875
0.871875
0.889166666666667
0.90375
0.893333333333333
0.791875
0.689166666666667
0.609791666666667
0.644791666666667
0.5975
0.525416666666667
0.738541666666667
0.833125
0.732291666666667
0.615
0.619166666666667
