20000101
0.7974
0.9058
0.8492
0.6889
0.5423
0.3831
0.7106
0.7324
0.9178
0.9846
0.9356
0.8947
0.8684
0.9076
0.9514
0.8943
0.761
0.2544
0.5713
0.8422
0.2905
0.4936
0.5803
0.5021
0.885
0.8402
0.904
0.735
0.7051
0.6784
0.3511
0.3994
0.8584
0.5418
0.3268
0.3124
0.5572
0.7168
0.7779
0.7395
0.3206
0.5791
0.9232
0.419
0.5091
0.8017
0.8819
0.8244
0.8325
0.7262
0.9396
0.9892
0.9532
0.887
0.7483
0.6615
0.557
0.567
0.7025
0.972
0.7469
0.5144
0.4392
0.6282
0.9596
0.9231
0.9376
0.7222
0.426
0.3858
0.3939
0.4359
0.6413
0.7105
0.7009
0.7584
0.4924
0.5146
0.8253
0.8442
0.923
0.8121
0.9438
0.8667
0.8274
0.9736
0.9453
0.9883
0.7691
0.7403
0.9319
0.7911
0.8733
0.8527
0.7631
0.9418
0.8525
0.7306
0.6695
0.972
1
0.9789
0.7697
0.7631
0.7527
0.6264
0.9196
0.8362
0.7538
0.7708
0.8081
0.6754
0.5992
0.7689
0.6681
0.6475
0.53
0.9026
0.9964
0.8923
0.6969
0.6261
0.5261
0.4466
0.4944
0.7753
0.8923
0.9377
0.8844
0.8064
0.9939
0.8532
0.6851
0.6112
0.6703
0.7066
0.6995
0.7331
0.9619
0.997
1
0.9992
1
0.9785
0.9047
0.867
0.8531
0.9954
0.8329
0.8921
0.9197
0.9363
0.82
0.831
0.6611
0.6119
0.7133
0.8587
0.8003
0.6032
0.7547
0.9993
0.9063
0.8061
0.9164
0.9292
0.5445
0.4524
0.4908
0.5519
0.6284
0.7421
0.8668
0.8323
0.9635
0.9714
0.9945
0.9827
0.7457
0.8358
0.9112
0.9176
0.6532
0.4726
0.6268
0.789
0.7509
0.5179
0.6664
0.7781
0.8594
0.9732
0.9258
0.8594
0.9128
0.8397
0.8957
0.9463
0.9433
0.8776
0.7636
0.6483
0.5858
0.4585
0.5794
0.6763
0.7109
0.8129
0.6524
0.8078
0.8718
0.9006
0.8106
0.6
0.6344
0.7403
0.899
0.8469
0.7644
0.7248
0.6489
0.6613
0.6072
0.5438
0.6273
0.6879
0.6281
0.6376
0.4944
0.5031
0.4358
0.4249
0.5161
0.5189
0.6763
0.5321
0.4031
0.2446
0.4505
0.7944
0.9647
0.7439
0.7705
0.8306
0.8185
0.9852
0.963
0.9284
0.7803
0.7292
0.8866
0.7098
0.63
0.4097
0.3165
0.6261
0.8454
0.6463
0.4342
0.5938
0.9931
0.9153
0.8714
0.8154
0.7378
0.5195
0.6914
0.7678
0.9548
0.8903
0.9441
0.9956
0.9048
0.7903
0.9476
0.8097
0.8141
0.89
0.8548
0.9619
0.7079
0.8997
0.8573
0.9177
0.9082
0.8786
0.9519
0.8656
0.9725
0.9614
0.8745
0.7765
0.6538
0.8981
0.9992
0.9919
0.9954
0.8613
0.9511
0.9896
0.8346
0.7261
0.9415
0.9946
0.99
0.8292
0.916
0.8725
0.8295
0.8812
0.8839
0.8367
0.8353
0.7579
0.8236
0.9633
0.9659
1
0.8106
0.755
0.7279
0.7222
0.6638
0.6923
0.9876
0.8528
0.8338
0.9519
0.9332
0.8624
0.855
0.9567
0.6872
0.9428
0.9835
0.9664
0.9904
0.9088
0.8497
0.8706
0.9019
0.8245
0.788
0.8518
0.7633
0.6711
0.368
0.5069
0.6471
0.9264
0.7246
0.5374
0.6814
0.6041
0.6997
0.9924
1
1
1
0.9813
0.8797
0.8973
0.887
0.8321
0.6943
0.3753
0.832
0.8674
0.8647
0.8794
0.8627
0.9353
0.9971
0.8521
0.7052
0.8594
0.8589
0.7344
0.9341
1
1
1
0.9318
0.9643
0.8547
0.935
0.8663
0.6283
0.8909
0.8613
0.8473
0.8713
0.9295
0.9996
0.6818
0.3822
0.6703
0.7218
0.6318
0.5932
0.7979
0.8009
0.8214
0.7575
0.7728
0.7276
0.719
0.7363
0.73
0.8322
1
0.7109
0.6088
0.8079
0.9287
0.6995
0.5287
0.4469
0.4133
0.6868
1
0.7824
0.5525
0.8587
0.7906
0.7345
0.9885
0.8785
0.9317
0.91
0.675
0.8
0.8745
0.8836
0.9275
0.9258
0.8742
0.7947
0.7961
0.7697
0.7013
0.8256
0.7211
0.826
0.7938
0.8194
0.7633
0.4243
0.3993
0.6694
0.8386
0.8926
0.8089
0.8546
0.6598
0.7584
0.6589
0.515
0.7155
0.7258
0.9629
0.8273
0.8009
0.6028
0.5054
0.7931
0.6958
0.5333
0.8706
0.7413
0.8113
0.9658
0.98
0.9814
0.8733
0.8419
0.7193
0.5864
0.7278
0.6948
0.7197
0.8359
0.7561
0.8318
0.8616
0.9854
0.8133
0.9755
0.9837
0.9538
0.9843
0.9488
0.9631
0.9114
0.6718
0.8195
0.8375
0.7622
0.6532
0.7658
0.6722
0.7019
0.8194
0.9969
0.6636
0.5643
0.86
0.8725
0.8746
0.9106
0.8143
0.6938
0.606
0.4871
0.4587
0.4181
0.5671
0.8241
0.8869
0.9174
0.8886
0.8312
0.9645
0.8145
0.6487
0.7697
0.9435
0.8948
0.8674
0.7352
0.6934
0.5277
0.649
0.8553
0.8194
0.6485
0.5543
0.393
0.4
0.324
0.3571
0.2604
0.3735
0.6726
0.8209
0.5757
0.4881
0.5611
0.6155
0.5855
0.678
0.8198
0.5529
0.6079
0.6872
0.7444
0.742
0.8681
0.9735
0.8611
0.9141
0.9927
0.9838
0.7707
0.8245
0.9245
0.8386
0.7721
0.5215
0.4743
0.7282
0.6983
0.5704
0.4562
0.6928
0.7236
0.5973
0.5567
0.507
0.3942
0.8758
0.9652
0.9954
0.9336
0.8271
0.9178
0.8614
0.8781
0.922
0.855
0.6453
0.5873
0.5689
0.523
0.714
0.7815
0.94
0.7726
0.8078
0.6816
0.5905
0.5016
0.4964
0.4995
0.4309
0.3639
0.6458
0.88
0.9569
0.7961
0.8066
0.9139
0.8957
0.893
0.9322
1
-99
-99
-99
-99
-99
0.819
0.9138
0.8182
0.941
0.9893
0.8921
0.9394
0.9958
0.8763
0.958
0.9019
0.9583
0.9293
0.9443
0.9485
0.9879
0.9793
0.9875
0.9128
0.946
0.9037
0.9907
0.9228
0.7874
0.7247
0.6846
0.9148
0.871
0.7161
0.6035
0.6803
0.7788
0.7903
0.8183
0.8094
0.8761
0.9143
0.9153
0.8142
0.7939
0.7975
0.8189
0.778
0.8625
0.9974
0.9719
0.6153
0.6258
0.8833
0.6547
0.6625
0.6459
0.6048
0.7411
0.9009
0.8125
0.8609
0.5158
0.5314
0.8221
0.7893
0.6735
0.7241
0.9104
0.9832
0.9406
0.8909
0.9252
0.9478
0.8458
0.5772
0.5419
0.7411
0.7137
0.7837
1
0.6015
0.7306
0.6037
0.7327
1
0.9224
0.73
0.6731
0.6529
0.6353
0.9117
0.8651
0.7846
0.7949
0.3711
0.4622
0.9366
0.9746
0.5907
0.9867
0.9771
0.9007
0.7929
0.8834
0.6686
0.8019
0.6115
0.2459
0.3847
0.6816
0.6203
0.3433
0.7431
0.9475
0.9824
0.9638
1
0.9563
0.9948
0.9497
0.5842
0.9916
0.9816
1
0.8223
0.5494
0.5797
0.9009
0.9593
0.8027
0.7156
0.6252
0.7057
0.5934
0.5336
0.9163
0.7891
0.8792
0.7895
0.6031
0.3447
0.5568
0.4717
0.3232
0.7803
0.6186
0.415
0.7938
0.8666
0.8208
0.81
0.453
0.4268
0.6614
0.8676
0.6668
0.5574
0.7474
0.9114
0.987
1
0.9915
0.7971
0.8553
0.7935
0.6088
0.5688
0.8456
0.8473
0.9333
0.5945
0.6423
0.955
0.9787
0.9841
0.8949
0.4909
0.9969
0.8943
0.903
0.8039
0.8205
0.8513
0.6831
0.8274
0.5924
0.8863
0.7691
0.8203
0.9403
0.8313
0.7118
0.8178
0.6587
0.7289
0.8597
0.8853
0.945
0.9452
0.8642
0.8264
0.989
0.9803
0.7583
0.5985
0.7
0.9992
0.8058
0.6442
0.7894
0.9579
0.956
0.8942
0.9996
0.9621
0.995
0.9293
1
0.9765
0.961
0.8553
0.6877
0.9076
0.9012
0.708
0.62
0.5192
0.5984
0.5638
0.6203
0.8868
0.9565
0.9324
0.9038
0.9904
1
0.9743
0.7229
0.9447
0.8629
0.9466
1
0.9996
1
1
0.8278
0.6893
0.8179
0.7329
0.5745
0.5411
0.9173
0.799
0.6288
0.646
0.8743
0.9228
0.6359
0.8266
0.9929
0.9267
0.8748
0.718
0.6654
0.6064
0.4785
0.4837
0.4147
0.6836
0.9547
0.8966
0.8541
0.9925
0.8521
0.9534
0.9414
0.6952
0.4542
0.46
0.5223
0.4744
0.4505
0.5089
0.4983
0.5439
0.3992
0.5108
0.3903
0.6982
0.8053
0.7961
0.5816
0.8431
0.9861
0.9707
0.9697
0.9123
0.9168
0.9508
0.9654
1
0.906
0.7406
0.6197
0.7636
0.6035
0.6761
0.8586
0.522
0.5567
0.6517
0.6619
0.6526
0.5958
0.4281
0.3522
0.5121
0.5608
0.6362
0.8065
0.8807
0.7776
0.6718
0.5382
0.6505
0.8537
0.9434
0.7057
0.7416
0.815
0.8923
0.815
0.8263
0.7627
0.8447
0.924
0.6113
0.7351
0.8993
0.7189
0.5539
0.5429
0.5434
0.4835
0.5603
0.5679
0.7078
0.8136
0.7621
0.8622
0.855
0.8481
0.9109
0.79
0.761
0.7657
0.8119
0.8085
0.9056
0.9603
0.8624
0.8744
0.8944
0.8817
0.9474
0.7273
0.7976
0.9638
0.9351
0.8565
0.72
0.7188
0.8054
0.9379
0.8305
0.7258
0.7479
0.7783
0.8824
0.9248
0.569
0.6503
0.4722
0.8415
0.9183
0.8615
0.9609
0.9641
0.9455
0.9664
0.7711
0.8876
0.7954
0.9474
0.8485
0.9938
0.9629
0.7937
0.8232
0.6805
0.7539
0.7076
0.7591
0.768
0.6039
0.7351
0.7778
0.9893
0.8063
0.8257
0.8648
0.7727
0.8779
0.7208
0.8591
0.8074
0.8511
0.8964
0.7723
0.7132
0.7151
0.8932
0.7741
0.881
0.5813
0.7033
0.7528
0.7218
0.9062
0.9894
0.8491
0.9631
0.8772
0.7706
0.8066
0.8247
0.8874
1
0.96
0.7765
0.9507
1
0.888
0.6469
0.5811
0.8113
0.8785
0.57
0.8141
0.8719
0.63
0.5654
0.5639
0.6003
0.8758
0.8791
0.985
0.9992
1
0.7729
0.7182
0.9355
0.8568
0.6249
0.6653
0.9384
0.9915
0.9359
0.9063
0.5845
0.5156
0.7642
0.7742
0.8206
0.8859
0.8035
0.6408
0.715
0.8109
0.7217
0.8522
0.8273
0.8084
0.915
0.9716
0.5803
0.9585
0.9491
0.777
0.5306
0.6006
0.4694
0.4472
0.6168
0.7541
0.7971
0.6295
0.877
0.7728
0.8868
0.7885
0.5994
0.3485
0.277
0.4519
0.5437
0.5037
0.6524
0.5733
0.3389
0.3997
0.7441
0.8014
0.7056
0.5708
0.8728
0.8789
0.4967
0.7297
0.7414
0.7222
0.9084
0.9961
1
0.8664
0.8159
0.6033
0.8147
0.982
0.9993
0.9444
0.9339
0.9206
0.9789
0.998
1
0.9196
0.797
0.7817
0.8128
0.9168
0.7061
0.8935
0.9996
0.7073
0.7305
0.74
0.532
0.4295
0.3087
0.5753
0.7761
0.7639
0.7456
0.3709
0.3785
0.3868
0.3857
0.4405
0.4531
0.4779
0.5632
0.4859
0.5514
0.6144
0.9685
0.9792
0.9597
0.9003
0.7718
0.9178
0.4956
0.4389
0.5982
0.4095
0.725
0.8259
0.8735
0.9082
0.7389
0.8431
0.711
0.8035
0.6809
0.68
0.6325
0.5394
0.683
0.9144
0.8103
0.7736
0.6763
0.5906
0.6753
0.7921
0.8124
0.5786
0.5837
0.5728
0.6362
0.6608
0.7439
0.5505
0.7365
0.7986
0.9625
0.788
0.6326
0.763
0.7337
0.746
0.8844
0.9358
0.9768
0.965
0.9978
0.7713
0.7665
0.8532
0.9281
0.6826
0.4478
0.6095
0.9485
0.8027
0.7297
0.6949
0.6205
0.5411
0.5294
0.4663
0.6029
0.6291
0.6044
0.7592
0.76
0.6231
0.6129
0.5559
0.5342
0.4261
0.4245
0.3711
0.3822
0.4619
0.5069
0.6808
0.8628
0.5912
0.3795
0.2976
0.1846
0.2466
0.3282
0.4432
0.6671
0.7782
0.8929
0.7629
0.4457
0.4454
0.7343
0.8479
0.86
0.8042
0.6672
0.4756
0.521
0.5453
0.4754
0.4333
0.3825
0.3046
0.5263
0.6103
0.4908
0.8303
0.5843
0.4061
0.53
0.4226
0.6405
0.6683
0.8123
0.8082
0.6335
0.6765
0.8231
0.8793
0.7877
0.8406
0.7718
0.4956
0.4469
0.3721
0.3814
0.3313
0.3041
0.3961
0.3992
0.4
0.304
0.2221
0.2432
0.2115
0.3973
0.6911
0.7617
0.6314
0.5481
0.6105
0.6481
0.6413
0.5336
0.5734
0.7385
0.7471
0.6836
0.7281
0.5227
0.5537
0.8731
0.9333
0.8851
0.703
0.7717
0.8534
0.8461
0.9303
0.8182
0.8326
0.5661
0.6953
0.8094
0.83
0.6457
0.5528
0.5853
0.49
0.5662
0.82
0.8097
0.8059
0.9806
0.887
0.9781
0.9377
0.9419
0.9831
0.9707
0.9739
0.9943
0.8323
0.7758
0.6946
0.8863
0.8367
0.6095
0.6436
0.7531
0.8449
0.8771
0.9693
0.9915
0.9585
0.8074
0.9689
0.8223
0.9926
0.9518
0.9823
0.8762
0.9739
0.9873
0.8247
0.8394
0.7753
0.9367
1
0.9921
0.9138
0.8679
0.9594
0.8903
0.8022
0.6436
0.6714
0.6736
0.6121
0.5868
0.9989
0.9961
0.9778
0.973
0.9536
0.9522
0.8382
0.907
0.9971
0.7781
0.4678
0.49
0.7929
0.9274
0.9935
0.9763
0.965
0.8078
0.8686
0.901
0.6817
0.7903
0.8752
1
0.9428
0.98
0.9414
0.9034
0.8706
0.7997
0.9292
0.4251
0.8392
0.6197
0.5076
0.638
0.6589
0.8715
0.6086
0.9776
0.946
0.9483
0.8603
0.8832
0.6584
0.3606
0.64
0.606
0.5392
0.7741
0.8372
0.5149
0.7859
0.6058
0.2842
0.5372
0.499
0.8082
0.5295
0.3971
0.55
0.5474
0.8351
0.8378
0.8563
0.8631
0.8443
0.8741
0.7489
0.6608
0.79
0.5897
0.28
0.5627
0.662
0.8386
0.7983
0.9992
0.9763
0.9353
0.9756
0.7579
0.73
0.9513
0.9037
0.8181
0.6591
0.6544
0.5955
0.4411
0.4673
0.7009
1
0.6783
0.4
0.3874
0.4033
0.5969
0.6987
0.6656
0.9563
0.8992
0.7941
0.9059
0.9588
1
0.8558
0.6738
0.9706
0.9968
1
0.94
0.8221
0.805
0.5939
0.5403
0.4417
0.4106
0.5589
0.6679
0.8341
0.905
0.72
0.9588
0.9443
0.9896
0.9771
0.9639
0.5218
0.3794
0.3622
0.4603
0.8933
0.8294
0.8479
0.8753
0.5319
0.6349
0.7385
0.9148
0.9642
0.7721
0.9016
0.9988
0.9971
0.8777
0.8959
0.714
0.7045
0.7872
0.9268
0.9897
0.9988
0.8752
0.7748
0.7138
0.8242
0.62
0.8603
0.7773
0.9695
0.9369
0.9
0.7281
0.6963
0.6923
0.8044
0.708
0.6684
0.6318
0.6207
0.5466
0.6489
0.9894
0.8247
0.7591
0.8273
0.9218
0.7497
0.9717
0.7348
0.8243
0.8109
0.6832
0.8132
0.8784
0.845
0.75
0.9069
0.7853
0.6529
0.6762
0.5633
0.6292
0.6086
0.7131
0.8003
0.9019
0.6764
0.6766
0.7409
0.7511
0.8406
0.7332
0.7087
0.9427
0.9344
0.9453
0.848
0.6456
0.5714
0.6158
0.5714
0.5638
0.4788
0.493
0.5603
0.6892
0.7914
0.6511
0.8011
0.632
0.5928
0.5772
0.7697
0.9618
0.9084
0.802
0.6539
0.84
0.767
0.6333
0.4968
0.6213
0.713
0.6806
0.68
0.8206
0.92
0.7489
0.5882
0.5941
0.6095
0.5832
0.8025
0.8497
0.9918
0.9034
0.8273
0.8034
0.6833
0.7003
0.5444
0.4944
0.5638
0.7195
0.6356
0.5188
0.5
0.6732
0.748
0.7197
0.8417
0.724
0.65
0.6053
0.5031
0.4195
0.4238
0.4259
0.8234
0.853
0.8497
0.6703
0.5681
0.7663
0.7181
0.5464
0.496
0.8109
0.8344
0.6519
0.6531
0.8314
0.5591
0.5618
0.56
0.763
0.776
0.5994
0.734
0.8819
0.8297
0.9014
0.9074
0.9288
0.9855
1
0.9383
0.8394
0.7494
0.5752
0.4883
0.6546
0.7266
0.7246
0.6533
0.5365
0.7726
0.7888
0.8266
0.9435
0.8647
0.8745
0.89
0.8011
0.818
0.987
0.9718
0.7766
0.6877
0.8032
0.5728
0.6018
0.8666
0.8094
0.9233
0.8067
0.7021
0.8157
0.4972
0.2847
0.5062
0.5824
0.7781
0.6365
0.5264
0.5425
0.6791
0.8406
0.8453
0.7473
0.665
0.7056
0.7028
0.9759
0.807
0.7467
0.7351
0.6909
0.5803
0.5494
0.5773
0.9992
0.9013
0.8441
0.8066
0.754
0.8855
0.9332
0.8055
0.6872
0.5961
0.7003
0.597
0.8697
0.6374
0.812
0.8003
0.6424
0.6354
0.2975
0.2061
0.4958
0.4594
0.6877
0.4075
0.7888
0.846
0.8979
0.9661
0.7126
0.6424
0.921
0.7236
0.578
0.8169
0.9688
0.7737
0.9266
0.8311
0.6822
0.8974
0.7779
0.8663
0.98
0.9471
0.9836
0.6736
0.53
0.8747
0.8797
0.9548
0.9115
0.8103
0.8048
0.8141
0.8816
0.8546
0.7703
0.5946
0.4595
0.5354
0.9212
0.816
0.4906
0.4254
0.4534
0.5456
0.6054
0.7433
0.7429
0.8417
0.5229
0.3892
0.3496
0.4483
0.4633
0.3958
0.7046
0.3846
0.4792
0.5913
0.28
0.5488
0.9238
0.7204
0.6779
0.6475
0.6508
0.4642
0.7692
0.81
0.7042
0.4275
0.4
0.5129
0.4633
0.5054
0.3442
0.4913
0.5329
0.7383
0.7429
0.8725
0.9246
0.9663
0.9896
0.9742
0.9296
0.7117
0.5742
0.6738
0.74
0.6196
0.46
0.5663
0.7983
0.6863
0.7438
0.9038
0.5463
0.7908
0.5813
0.9263
0.9171
0.6379
0.7192
0.8113
0.7283
0.9404
0.8125
0.7817
0.6208
0.5158
0.3192
0.4221
0.6483
0.8025
0.9879
0.5929
0.7479
0.8425
0.7788
0.4971
0.5117
0.4438
0.2675
0.4229
0.68
0.8713
0.9767
0.9067
0.8638
0.8358
0.7738
0.7233
0.7708
0.8929
0.8463
0.7408
0.9058
0.8946
0.8938
0.9238
0.8583
0.7588
0.8583
0.5804
0.4508
0.5233
0.6079
0.6488
0.7396
0.9796
0.8238
0.5233
0.7075
0.6971
0.8629
0.9229
0.8338
0.7167
0.8188
0.775
0.6479
0.4608
0.4113
0.3063
0.2721
0.36
0.5663
0.7196
0.7946
0.8679
0.5838
0.6179
0.6254
0.6971
0.8229
0.7854
0.8088
0.8654
0.8608
0.7063
0.7621
0.9592
0.7733
0.7096
0.4879
0.3583
0.6367
0.8579
0.6546
0.4254
0.3471
0.3842
0.6083
0.4875
0.6979
0.8988
0.6854
0.59
0.5804
0.7508
0.8488
0.8758
0.68
0.625
0.6933
0.6979
0.8213
0.6533
0.7733
0.9083
0.7971
0.6883
0.6746
0.5433
0.4288
0.5708
0.6904
0.6058
0.5875
0.5275
0.4629
0.3413
0.4208
0.4929
0.5738
0.8758
0.9513
0.8533
0.63
0.7058
0.7792
0.8083
0.95
0.9692
0.9367
0.9221
0.5083
0.5438
0.5571
0.4933
0.3396
0.2692
0.4871
0.7454
0.8292
0.8088
0.6896
0.6892
0.755
0.64
0.9063
0.7171
0.6521
0.5038
0.6817
0.9096
0.8354
0.9125
0.8725
0.5608
0.5617
0.6575
0.6263
0.7929
0.8546
0.8092
0.8463
0.9204
0.6621
0.7938
0.9021
0.9896
0.9208
0.8658
0.8913
0.9208
0.8629
0.5496
0.7033
0.7583
0.8833
0.6625
0.8425
0.9979
0.9204
0.7467
0.7313
0.7375
0.7883
0.6388
0.4883
0.4025
0.6521
0.8492
0.8892
0.9883
0.8979
0.7613
0.6067
0.8
0.8833
0.8017
0.7179
0.7429
0.9942
0.8725
0.6892
0.8392
0.8029
0.8283
0.9671
0.9429
0.9179
0.9275
0.8988
0.8508
0.9583
0.8129
0.8317
0.9308
0.659
0.7271
0.9246
0.9579
0.8254
0.9525
0.8625
0.9775
1
0.9996
0.9988
0.9388
1
0.845
0.73
0.9996
0.7871
0.8592
0.91
0.8213
0.8963
0.8679
0.8467
0.9029
0.9825
0.9488
0.9233
0.7017
0.8821
0.7721
0.7558
0.7879
0.9708
0.8967
0.5333
0.3883
0.6596
0.9233
0.8329
0.8242
0.97
0.9879
0.9454
0.9163
0.8858
0.98
0.9929
0.9521
0.9683
0.9088
0.7496
0.9342
0.8638
0.8829
0.9092
0.865
0.7863
0.8521
0.6642
0.8792
0.9671
0.905
0.8213
0.8763
0.7933
0.5646
0.8604
0.6675
0.5746
0.7492
0.6571
0.6892
0.6779
0.7333
0.5558
0.7667
0.9229
0.805
0.6921
0.4271
0.3817
0.2733
0.7446
0.6183
0.8408
0.975
0.6354
0.6504
0.7571
0.8233
0.89
0.6213
0.5446
0.6817
0.9913
0.9679
0.9921
0.9825
0.9392
1
0.8942
0.6933
0.8921
0.9304
0.9733
0.9767
0.9021
0.6588
0.6438
0.7721
0.8908
0.78
0.7488
0.9013
0.8958
0.8829
0.9933
0.9979
0.9208
0.9021
0.7746
0.6471
0.6029
0.6704
0.9719
-99
0.6667
0.5746
0.5829
0.9646
1
1
0.9617
0.8738
0.8058
0.835
0.7979
0.6825
0.6704
0.8183
0.7096
0.8188
0.9192
0.8121
0.9233
0.6929
0.9379
0.8671
0.7508
0.8979
0.7683
0.6658
0.8325
0.7121
0.4663
0.9129
0.7642
0.805
0.745
0.7363
0.9354
1
0.8929
0.7438
0.7279
0.7529
0.9608
0.9983
0.9929
0.9525
0.9446
0.8142
0.7825
0.8121
0.6463
0.5967
0.605
0.665
0.6275
0.7017
0.6592
0.6208
0.8463
0.7933
0.7183
0.95
0.8829
0.8488
0.7554
0.8983
0.6308
0.7763
0.8346
0.5404
0.6238
0.8029
0.8938
0.8742
0.8079
0.8488
0.9725
0.6938
0.5433
0.4379
0.4304
0.6567
0.7683
0.7804
0.6663
0.8946
0.8979
0.7367
0.4667
0.6667
0.63
0.655
0.8475
0.9833
0.8433
0.9646
0.7813
0.81
0.7417
0.6988
0.4067
0.5129
0.5175
0.5879
0.9233
0.8113
0.6754
0.6104
0.7975
0.9071
0.6779
0.5229
0.5163
0.4213
0.5454
0.9254
0.9771
0.7063
0.855
-99
0.5542
0.5621
0.5325
0.5308
0.6175
0.6413
0.5738
0.6117
0.4875
0.4942
0.3496
0.4792
0.6517
0.7521
0.6592
0.4867
0.4163
0.6358
0.6371
0.6796
0.4688
0.7058
0.6996
0.645
0.6779
0.6383
0.6263
0.4942
0.3446
0.5258
0.6146
0.6729
0.9029
0.8521
0.8075
0.6421
0.6521
0.575
0.5433
0.6588
0.7075
0.6717
0.6813
0.6783
0.6471
0.6313
0.5588
0.3613
0.4104
0.6483
0.5246
0.4321
0.3658
0.4492
0.715
0.6854
0.5896
0.6175
0.8871
0.9554
0.88
0.7263
0.8392
0.9763
-99
0.7425
0.6421
0.9008
0.8808
0.9121
0.8283
0.9146
0.9629
0.9121
0.8313
0.6663
0.5721
0.7071
0.9713
0.87
0.5854
0.8238
0.8629
0.9146
0.95
0.9242
0.9658
0.8996
0.8983
0.93
0.945
0.8071
0.7304
0.7942
0.8567
0.7058
0.9108
0.7879
0.6817
0.7679
0.9008
0.9988
0.9829
0.935
0.8754
0.8038
0.8846
0.9163
0.7083
0.8463
0.9592
0.9267
0.9442
0.8271
0.8054
0.9429
0.9163
0.9583
0.8358
0.7525
0.7896
0.7838
0.8758
0.925
0.9146
0.7688
1
1
0.9908
0.9988
0.9913
0.8217
0.7258
0.8025
0.9408
0.9633
1
0.9063
0.8763
0.865
0.8688
0.9446
0.7846
0.7967
0.6708
0.5054
0.4388
0.5725
0.6633
0.8375
0.9771
0.9729
0.7008
0.9063
0.8738
0.7783
0.9542
0.9433
0.8633
0.8921
0.9538
0.9621
0.7296
0.4796
0.9083
0.9996
0.9692
0.7983
0.8358
0.9396
0.9233
0.9458
0.8633
0.9088
0.8442
0.6867
0.7692
0.6163
0.8863
0.83
0.85
0.9679
0.9313
0.8067
0.905
0.8721
0.6675
0.8771
0.8446
0.9058
0.7454
0.3996
0.6917
0.3538
0.9438
0.9329
0.8538
0.955
0.9163
0.7363
0.4858
0.8325
0.6354
0.3638
0.3075
0.3067
0.42
0.5738
0.5175
0.7429
0.6925
0.8063
0.9067
0.7192
0.5238
0.745
0.7996
0.7858
0.7533
0.6429
0.6621
0.8521
0.4854
0.3963
0.725
0.925
0.9917
0.8463
0.7071
0.6258
0.5621
0.8788
0.9888
0.9479
0.5117
0.7788
0.6679
0.4367
0.4125
0.2767
0.5442
0.9325
0.9917
0.9283
0.8171
0.8621
0.9454
0.9513
0.8429
0.8967
0.9138
0.7096
0.7254
0.8167
0.5729
0.8088
0.3325
0.1642
0.8842
0.9654
0.8542
0.8775
0.9763
0.9575
0.7946
0.8138
0.88
0.6854
0.7742
0.8183
0.7725
0.7167
0.7696
0.6558
0.7508
0.6213
0.8921
0.5933
0.4708
0.3317
0.4421
0.5779
0.5146
0.5063
0.6075
0.7004
0.5904
0.6579
0.66
0.6463
0.4154
0.45
0.6846
0.8908
0.7563
0.9308
0.9463
0.9363
0.8088
0.8308
0.9621
0.9054
0.9558
1
0.915
0.91
0.7775
0.8392
0.7296
0.7258
0.965
0.9088
0.9467
0.9929
0.8979
0.6725
0.7
0.7175
0.7075
0.7208
0.7971
0.6233
0.4796
0.5375
0.4954
0.4725
0.6025
0.7529
0.8088
0.9008
0.765
0.9633
0.8938
0.9125
0.9575
0.7713
0.5413
0.4642
0.6854
0.7013
0.5863
0.6413
0.5979
0.5754
0.8579
0.9017
0.9121
0.7629
0.7238
0.8392
0.5558
0.5163
0.5521
0.6371
0.5088
0.5863
0.89
0.9408
0.6342
0.5971
0.7713
0.7363
0.9271
0.68
0.7263
0.7692
0.8179
0.8196
0.7392
0.645
0.6067
0.6267
0.735
0.6683
0.5825
0.6608
0.6521
0.7858
0.8067
0.6721
0.6196
0.6767
0.7388
0.7429
0.7579
0.5621
0.6396
0.8192
0.9263
0.9604
0.9192
0.6463
0.4379
0.7538
0.8308
0.9475
0.9092
0.6488
0.4063
0.4742
0.8067
0.8204
0.9404
0.9208
0.7954
0.6771
0.3646
0.5829
0.6283
0.7021
0.6758
0.8758
0.8946
0.8908
0.7446
0.8763
0.8633
0.7046
0.5788
0.715
0.7375
0.8188
0.9158
0.7363
0.7642
0.8346
0.7208
0.7125
0.8621
0.9896
0.9788
0.8767
0.9163
0.8175
0.9183
0.8063
0.7017
0.7392
0.9017
0.8983
1
0.9979
0.9158
0.9092
0.9771
0.9158
0.8871
0.6438
0.5517
0.4108
0.3929
0.4967
0.8388
0.7638
0.7463
0.7704
0.7592
0.9775
0.8275
0.7358
0.8921
0.9025
0.8288
0.8429
0.8571
0.8371
0.7633
0.8508
0.8071
0.7138
0.8358
0.9208
0.8638
0.9767
0.9738
0.9683
0.9029
0.8433
0.9763
0.7779
0.7075
0.6992
0.9938
0.9108
0.8563
0.8263
0.9113
0.9183
0.9783
0.9242
0.85
0.9
0.955
0.9588
0.7733
0.6813
0.8758
0.7775
0.8338
0.8804
0.9096
0.7958
0.8433
0.8338
0.8121
0.8558
0.9525
0.9588
0.8904
0.9329
0.9475
0.6371
0.7321
0.8046
0.5696
0.6383
0.7942
0.7446
0.8579
0.9796
0.8575
0.555
0.4742
0.8413
0.7854
0.6758
0.9196
0.9467
0.8404
0.4429
0.3313
0.3517
0.2363
0.3633
0.9667
0.9725
0.96
0.9317
0.8446
0.6763
0.5592
0.6471
0.6263
0.81
0.5467
0.6921
0.8463
0.7758
0.7667
0.77
0.7708
0.825
0.7946
0.75
0.7279
0.4508
0.3721
0.5363
0.3017
0.8338
0.7383
0.8613
0.9404
0.8967
0.9338
0.9742
0.9946
0.9408
0.7729
0.5196
0.6396
0.7608
0.5904
0.3958
0.5579
0.3883
0.4554
0.7538
0.9846
0.9104
0.8738
0.8558
0.8325
0.9983
0.9779
1
1
0.86
0.6967
0.7854
0.8792
0.8946
0.7367
0.7738
0.9129
0.7433
0.3754
0.42
0.6496
0.7475
0.6675
0.4938
0.4392
0.2133
0.4658
0.7358
0.8821
0.7538
0.9317
0.9729
0.9321
0.6642
0.65
0.6654
0.5083
0.4946
0.5933
0.8775
0.7538
0.7871
0.935
0.8333
0.8875
0.9308
0.9917
1
1
0.9913
0.8271
0.7717
0.8775
1
0.9563
0.9679
0.9217
0.9196
0.8713
0.4804
0.7629
0.7188
0.4504
0.4488
0.6796
0.8879
0.9763
0.9325
0.7533
0.8183
0.8925
0.6408
0.6471
0.6871
0.8029
0.8854
0.9992
0.8029
0.6913
0.9538
0.7654
0.7617
0.7704
0.8683
0.7983
0.9775
0.9808
0.9163
0.8129
0.4371
0.5179
0.6829
0.8596
0.7288
0.7521
0.9933
0.8475
0.8204
0.8029
0.955
0.9058
0.7425
0.9179
0.9333
0.8163
0.9154
0.9288
0.79
0.9529
0.8808
0.8196
0.8029
0.8796
0.7067
0.5721
0.5929
0.94
0.9475
0.8808
0.6554
0.4175
0.3967
0.3758
0.5346
0.9075
0.7208
0.5846
0.9254
0.9308
0.9275
0.8917
0.8588
0.9238
0.9604
0.8646
0.9408
0.9492
0.8988
0.7763
0.7896
0.8617
0.8513
0.9675
0.9908
0.7046
0.9825
0.9446
0.8625
0.7467
0.8404
0.9963
0.9917
0.9675
0.92
0.9642
0.9204
0.9813
0.9104
0.8354
0.8788
0.9333
0.7275
0.9463
0.9979
0.9988
0.96
0.97
0.8375
0.7454
0.6329
0.5013
0.4992
0.5108
0.5758
0.6704
0.6171
0.7817
0.6988
0.58
0.5933
0.5129
0.7442
0.8542
0.7267
0.6417
0.7217
0.9171
0.8783
0.8654
0.6571
0.7692
0.8667
0.8983
0.9042
0.8225
0.5208
0.6192
0.8288
0.6454
0.5942
0.9029
0.7817
0.7367
0.6304
0.7438
0.7596
0.7263
0.6125
0.6779
0.4592
0.4242
0.5392
0.72
0.6279
0.4533
0.4092
0.3117
0.5
0.8046
0.7692
0.7613
0.9233
0.6283
0.7404
0.7363
0.7704
0.6658
0.7121
0.7671
0.6246
0.9004
0.86
0.9017
0.9433
0.8646
0.9038
0.8963
0.6696
0.5875
0.4871
0.4008
0.8042
0.8008
0.7821
0.8775
0.7367
0.5525
0.7788
0.8117
0.775
0.4783
0.5254
0.7517
0.8267
0.7108
0.6179
0.7525
0.9204
0.9029
0.8958
0.7729
0.9467
0.9004
0.89
0.8388
0.785
0.8113
0.8663
0.5938
0.6888
0.7021
0.8629
0.8092
0.8329
0.8125
0.4467
0.5692
0.5867
0.685
0.8938
0.6996
0.6413
0.6304
0.9329
0.8867
0.8288
0.7558
0.7846
0.9554
0.9783
0.9417
0.8433
0.7383
0.8508
0.9433
0.855
0.7621
0.6096
0.6533
0.9404
0.9983
0.8783
0.9192
0.9417
0.9771
0.825
0.6671
0.8225
0.8554
0.8267
0.8496
0.7146
0.8125
0.8688
0.9492
0.6442
0.4188
0.4471
0.4671
0.5421
0.8775
0.8663
0.7779
0.5746
0.7542
0.9658
0.8838
0.8058
0.6746
0.8113
0.8867
0.8879
0.7796
0.8058
0.6929
0.6967
0.835
0.7892
0.7029
0.9458
0.9738
0.895
0.8596
0.4867
0.7183
0.9546
0.9825
0.8558
0.8967
0.695
0.5713
0.6558
0.3546
0.1821
0.1325
0.3467
0.3388
0.4846
0.9188
0.9867
0.9479
0.9808
0.995
0.8821
0.8158
0.9321
0.9929
0.8846
0.7275
0.9908
0.9829
0.8279
0.8771
0.9483
0.7433
0.5133
0.5217
0.6338
0.6879
0.7983
0.8608
0.6571
0.8575
0.8617
0.7771
0.7992
0.9204
0.7513
0.7292
0.8304
0.6346
0.4296
0.9221
0.9283
0.9983
0.9996
0.9996
0.9929
0.8004
0.87
0.9013
0.7442
0.5321
0.7542
0.7342
0.7229
0.7217
0.8463
0.8446
0.9638
0.9271
0.7438
0.5571
0.8738
0.8904
0.8317
0.6888
0.7329
0.8608
0.8617
0.5829
0.2563
0.4467
0.9146
0.9688
0.9854
1
0.7554
0.4433
0.4583
0.6238
0.9717
0.8013
0.8708
0.8313
0.4221
0.3933
0.5008
0.3867
0.5292
0.5588
0.5438
0.6133
0.7504
0.7321
0.445
0.5975
0.5904
0.705
0.5892
0.7879
0.9429
0.94
0.8804
0.8667
0.9708
0.8158
0.7875
0.7313
0.7425
0.8242
0.8013
0.8396
0.9842
0.9133
0.8983
0.6863
0.6763
0.85
0.8408
0.8167
0.7825
0.7358
0.7317
0.6183
0.5104
0.3917
0.49
0.6396
0.8717
0.7858
0.7938
0.7871
0.8158
0.7846
0.5221
0.5546
0.6129
0.7267
0.5492
0.4592
0.4517
0.5496
0.6533
0.5333
0.5813
0.6471
0.8388
0.8413
0.5158
0.5333
0.5483
0.4233
0.4429
0.3529
0.3663
0.3183
0.415
0.5221
0.7138
0.6571
0.4613
0.5983
0.5188
0.5963
0.6996
0.5571
0.4879
0.4575
0.7821
0.715
0.7692
0.8021
0.5588
0.6233
0.6421
0.7008
0.4242
0.4033
0.4275
0.6517
0.6196
0.4033
0.6938
0.8963
0.8113
0.7846
0.8342
0.8696
0.5721
0.5608
0.6863
0.5442
0.3875
0.5104
0.4708
0.4133
0.5292
0.5763
0.6608
0.7046
0.8925
0.905
0.9346
0.9029
0.8492
0.7304
0.3733
0.6313
0.7146
0.5183
0.8475
0.5683
0.6088
0.4542
0.3454
0.4983
0.3938
0.4267
0.7079
0.6183
0.5538
0.65
0.5392
0.7192
0.7075
0.7163
0.8392
0.7796
0.7404
0.5542
0.4558
0.5996
0.6892
0.8321
0.8296
0.6792
0.6163
0.5475
0.4658
0.5088
0.5317
0.3038
0.2633
0.2475
0.29
0.4338
0.6496
0.5163
0.4267
0.5558
0.7508
0.6263
0.6004
0.8121
0.8146
0.865
0.8679
0.8758
0.7867
0.8417
0.6663
0.6633
0.4733
0.5108
0.4038
0.4779
0.5508
0.6067
0.7175
0.8696
0.8338
0.7063
0.7129
0.8617
0.7796
0.8258
0.7208
0.6325
0.6008
0.5071
0.6875
0.7192
0.6117
0.5992
0.525
0.6488
0.7525
0.7933
0.8525
0.5938
0.5454
0.5096
0.4288
0.6163
0.8925
0.9063
0.7838
0.6971
0.5
0.6863
0.6558
0.5058
0.5496
0.535
0.8879
0.9813
0.9479
0.8617
0.6129
0.7321
0.7946
0.9413
0.8829
0.8017
0.6213
0.5979
0.7396
0.8392
0.86
0.7304
0.7204
0.7146
0.7896
0.7396
0.8071
0.5321
0.4638
0.8146
0.7221
0.5971
0.5275
0.5629
0.4254
0.3288
0.4675
0.4083
0.4738
0.5663
0.87
0.8063
0.5546
0.2908
0.6804
0.9479
0.75
0.8892
0.8937
0.6388
0.6304
0.8771
0.7908
0.8279
0.6542
0.7417
0.8513
0.7613
0.5571
0.4979
0.8929
0.9348
0.8096
0.8317
0.6996
0.8421
0.7833
0.4013
0.3613
0.8985
0.895
0.9025
0.9467
0.9082
0.8867
0.6573
0.6346
0.8254
0.7258
0.7583
-99
-99
0.9533
0.9817
0.9915
0.9331
0.8371
0.7292
0.7375
0.6513
0.7429
0.8143
0.7721
0.9674
0.6829
0.6342
0.9483
1
1
1
0.731
0.6163
0.8167
0.9192
0.945
0.7233
0.7833
0.555
0.8108
0.7383
0.9825
0.835
0.8896
0.5092
0.6838
0.8329
0.6563
0.6021
0.915
0.9967
0.795
0.4442
0.5517
0.9683
0.8508
0.9467
0.9733
0.9988
0.8908
0.9954
0.8533
0.7704
0.8717
0.7846
0.6954
0.7038
0.6313
0.7888
0.7004
0.6946
0.5692
0.8996
0.9821
0.7342
0.3
0.7721
1
0.6558
0.6025
0.7304
0.8671
0.6421
0.5529
0.6713
0.5992
0.4025
0.3504
0.6142
0.5738
0.7442
0.9954
0.9338
0.9629
1
0.6796
0.6063
0.7321
0.6575
0.6954
0.6471
0.9529
0.7013
0.7033
0.9271
0.8804
0.3271
0.7825
0.8833
0.59
0.5904
0.5029
0.9721
0.9688
0.7546
0.7179
0.7563
0.57
0.7583
0.75
0.6296
0.575
0.5938
0.7692
0.7
0.6513
0.6033
0.5946
0.5113
0.5533
0.4638
0.8054
0.9767
0.9933
0.9992
0.9042
0.9563
0.9667
0.91
0.8596
0.7471
0.7038
0.9271
0.9858
0.9958
0.7571
0.6779
0.7529
0.6725
0.6579
0.6338
0.6058
0.6721
0.5188
0.4121
0.4775
0.5533
0.7096
0.8646
0.8138
0.6996
0.6442
0.8108
0.8871
0.7196
0.5375
0.4921
0.6246
0.865
0.7458
0.9621
0.9446
0.91
0.6571
0.7075
0.7679
0.9392
0.6988
0.8538
0.7704
0.9063
0.7688
0.6475
0.815
0.8038
0.6138
0.4813
0.4504
0.5404
0.5642
0.5592
0.5917
0.4892
0.4879
0.5713
0.6658
0.6392
0.76
0.69
0.5779
0.5238
0.5829
0.5292
0.4
0.4758
0.5742
0.8083
0.5488
0.6596
0.7842
0.6671
0.5367
0.5192
0.7913
0.87
0.7588
0.8429
0.7808
0.6325
0.6113
0.82
0.9754
0.8283
0.7138
0.8108
0.8688
0.9104
0.9013
0.8908
0.7592
0.5675
0.6758
0.7742
0.6863
0.6467
0.8308
0.8967
0.7471
0.8104
0.8992
0.8038
0.8229
0.8521
0.5871
0.4504
0.535
0.7375
0.6575
0.4296
0.4008
0.7296
0.8613
0.8758
0.8629
0.9458
0.9433
0.7558
0.7171
0.7092
0.6142
0.8963
0.7071
0.8375
0.8979
0.7258
0.6738
0.7625
0.8938
0.5704
0.7613
0.9871
0.9621
0.7858
0.9417
0.9758
0.8783
0.9738
0.965
0.7567
0.8575
0.8567
0.9283
0.8283
0.7883
0.9354
0.9192
0.9108
0.7946
0.8383
0.7221
0.7575
0.8896
0.8946
0.9992
0.965
0.9379
0.9063
0.96
0.835
0.8417
0.6042
0.5358
0.4296
0.7604
0.9525
0.9379
0.8908
0.8463
0.3767
0.2925
0.3079
0.3346
0.6375
0.8767
0.97
0.8367
0.55
0.5313
0.6363
0.8633
0.8188
0.9375
0.9742
0.8313
0.8292
0.7146
0.6221
0.6017
0.7429
0.8938
0.5829
0.5667
0.9596
0.8063
0.8683
0.8817
0.8042
0.7258
0.8154
0.7379
0.6096
0.7625
0.7683
0.7713
0.9917
0.9163
0.845
0.6892
0.6342
0.9471
0.7917
0.6967
0.7229
0.8779
0.8917
0.2408
0.2275
0.8238
0.9504
0.3867
0.4346
0.7921
0.8867
0.7829
0.6908
0.96
0.995
1
0.8592
0.4429
0.2942
0.6246
0.4671
0.6471
0.9729
1
0.9904
0.9621
0.945
0.887
0.9446
0.825
0.7004
0.6796
0.7488
0.9408
0.7071
0.5783
0.4779
0.3396
0.5596
0.45
0.48
0.5667
0.7675
0.8396
0.3904
0.5946
0.5771
0.6142
0.4296
0.6979
0.8483
0.9283
0.9725
0.9825
0.8571
0.6238
0.3046
0.2829
0.3792
0.2558
0.2704
0.3533
0.3404
0.4121
0.4396
0.6496
0.6913
0.6958
0.87
0.785
0.7958
0.9817
0.6821
0.6425
0.9088
0.8204
0.7371
0.8204
0.9104
0.6171
0.7938
0.5479
0.5983
0.5158
0.9729
1
0.9754
0.8679
0.6038
0.5663
0.9729
0.8838
0.7596
0.7933
1
0.9446
0.94
0.9979
1
0.775
0.5308
0.7375
0.7733
0.7425
0.8063
0.6058
0.5904
0.6371
0.7496
0.8142
0.845
0.8708
0.9083
0.6621
0.6471
0.5188
0.5479
0.8138
0.7479
0.5067
0.3733
0.32
0.4204
0.5321
0.66
0.7033
0.9188
0.7425
0.7379
0.7108
0.5942
0.5454
0.7071
0.6417
0.6013
0.8208
0.9438
0.8175
0.7396
0.6663
0.5925
0.7758
0.7629
0.73
0.7079
0.655
0.7192
0.8138
0.6479
0.5342
0.7496
0.8992
0.6858
0.5646
0.5529
0.5863
0.6946
0.7596
0.7988
0.7492
0.5704
0.4896
0.4479
0.4988
0.6013
0.4825
0.4767
0.3554
0.4375
0.4733
0.8858
0.8763
0.7571
0.6363
0.9454
0.6304
0.7042
0.7792
0.9579
0.9871
0.8742
0.9575
0.9983
0.9863
0.9829
0.9454
0.8942
0.7296
0.6688
0.5825
0.6271
0.6717
0.8342
0.885
0.8308
0.4671
0.4833
0.7829
0.8513
0.7213
0.5013
0.415
0.4258
0.6575
0.7817
0.7317
0.8404
0.6867
0.8421
0.6417
0.6829
0.7721
0.7613
0.5163
0.5463
0.4908
0.6158
0.8617
0.9583
0.9017
0.8317
0.9108
0.8879
0.8796
0.8121
0.9146
0.9421
0.835
0.9371
0.8379
0.925
0.9317
0.8479
0.9483
0.8592
0.9375
0.88
0.5546
0.7358
0.7525
0.6367
0.8542
0.7825
0.8208
0.7642
0.8558
0.6933
0.4792
0.5038
0.5833
0.5554
0.6083
0.4913
0.5179
0.4175
0.2704
0.2683
0.2817
0.5242
0.8396
0.8683
0.7938
0.7892
0.8454
0.8354
0.8071
0.8708
0.5888
0.6192
0.745
0.8558
0.89
0.8383
0.6104
0.745
0.6792
0.455
0.6213
0.8504
0.7113
0.7371
0.6804
0.5375
0.6846
0.965
0.6213
0.7358
0.6617
0.5654
0.6554
0.9071
0.7671
0.6717
0.5133
0.4625
0.4625
0.5313
0.6
0.4975
0.3683
0.3613
0.4063
0.6425
0.8717
0.5171
0.5263
0.4088
0.3771
0.27
0.5788
0.6879
0.8125
0.8367
0.8567
0.7288
0.7738
0.8279
0.7583
0.9271
0.9238
0.9692
0.765
0.575
0.9779
0.9533
0.8829
0.8692
0.9625
1
1
1
1
0.9996
0.99
0.7483
0.84
0.8154
0.81
0.8233
0.9229
0.9642
0.9904
0.9908
0.9938
0.9442
0.9192
0.7392
0.9421
0.8725
0.9617
0.5871
0.7579
0.6538
0.5896
0.7558
0.8721
0.7888
0.6483
0.7317
0.7792
0.7754
0.8342
0.9008
0.8567
0.7808
0.8405
-99
-99
0.7914
0.8139
-99
0.795
0.7442
0.8496
0.6758
0.4683
0.4983
0.7042
0.7588
0.7267
0.4538
0.8283
0.4167
0.495
0.535
0.5042
0.5146
0.4546
0.6408
0.6254
0.7367
0.6017
0.7275
0.5096
0.7571
0.4596
0.5863
0.4975
0.6008
0.6504
0.4696
0.2842
0.685
0.9446
0.8904
0.9375
0.7563
0.3738
0.5042
0.4675
0.5967
0.3608
0.6608
0.5929
0.6758
0.8892
0.9438
0.7529
0.4354
0.5258
0.9821
1
0.8904
0.415
0.5633
0.4363
0.2304
0.3475
0.3342
0.4017
0.4271
0.5404
0.365
0.7675
0.5229
0.4671
0.9746
0.7096
0.8846
0.5258
0.6588
0.3417
0.1958
0.33
0.3538
0.45
0.7629
0.8229
0.5267
0.3779
0.3683
0.7663
0.6058
0.6996
0.4963
0.6475
0.5658
0.5579
0.3842
0.4108
0.4763
0.4283
0.4658
0.4129
0.3996
0.6125
0.5279
0.8117
0.6288
0.8608
0.9654
0.7892
0.5629
0.4513
0.4692
0.4225
0.3575
0.3921
0.3217
0.435
0.42
0.4908
0.8464
0.9575
0.964
0.9246
0.665
0.6658
0.8869
0.7435
0.6788
0.8
0.8613
0.7421
0.7346
0.4679
0.4308
0.8556
0.7617
0.5979
0.7513
0.98
0.9186
0.6288
0.795
0.4556
0.3404
0.4775
0.7278
0.8727
0.7267
0.56
0.51
0.6592
0.5967
0.8091
0.6913
0.5833
0.68
0.4463
0.4129
0.4767
0.8588
0.8235
0.895
0.8975
0.9044
0.6688
0.9474
0.9682
0.74
0.6029
0.5096
0.48
0.5254
0.6292
0.6863
0.7229
0.605
0.5146
0.4725
0.5004
0.3933
0.7538
0.9721
0.8608
0.7463
0.5396
0.7558
0.7463
0.7617
0.9821
0.7067
0.8875
0.7038
0.48
0.3454
0.4525
0.5196
0.5517
0.5963
0.4321
0.6613
0.57
0.4821
0.5363
0.4904
0.395
0.3654
0.4283
0.3508
0.8308
0.7283
0.5558
0.3717
0.6638
0.8296
0.8046
0.8325
0.6929
0.7113
0.7692
0.8275
0.8113
0.7571
0.8367
0.7992
0.5183
0.3054
0.3617
0.5183
0.8021
0.8638
0.5604
0.4092
0.4542
0.3213
0.4025
0.6013
0.8229
0.8046
0.5529
0.5988
0.5917
0.5454
0.5492
0.6683
0.7971
0.6471
0.3454
0.3458
0.295
0.3013
0.6638
0.7183
0.6863
0.7254
0.5954
0.3338
0.2838
0.3179
0.3067
0.2642
0.3279
0.2696
0.4529
0.75
0.7508
0.8763
0.8696
0.5833
0.8071
0.5179
0.3792
0.4413
0.4146
0.615
0.5529
0.4958
0.555
0.6621
0.6242
0.7746
0.645
0.7513
0.5925
0.3483
0.4904
0.7833
0.8354
0.9229
0.9821
0.9879
0.8825
0.7871
0.9438
0.6233
0.5163
0.66
0.6292
0.5575
0.8808
0.8358
0.6508
0.71
0.6717
0.8163
0.5558
0.4538
0.5767
0.6267
0.7971
0.8908
0.8613
0.9513
0.9358
0.665
0.7705
0.6217
0.8821
0.9079
0.8992
0.8892
0.9558
0.8429
0.7721
0.8567
0.9329
0.9908
0.7638
0.2967
0.3496
0.8213
0.9383
0.7154
0.7054
0.6842
0.8767
0.8179
0.9411
0.6092
0.5833
0.6646
0.9421
0.8413
0.4529
0.5633
0.9446
0.8175
0.9321
0.9647
0.8713
0.9383
0.6867
0.7254
0.8279
0.6367
0.9404
0.7314
1
1
0.7129
0.3754
0.4463
0.5683
0.3967
0.7204
0.8045
0.7258
0.7829
0.7925
0.5408
0.3508
0.6391
0.9011
0.9564
0.8287
0.8617
0.8163
0.7079
0.8575
0.7329
0.8642
0.8595
0.785
0.7867
0.3304
0.2463
0.3458
0.8283
0.5696
0.5858
0.4929
0.7667
0.7271
0.8704
0.8029
0.3871
0.3883
0.2388
0.2354
0.1958
0.2529
0.4438
0.6671
0.6758
0.7346
0.985
0.6683
0.6767
0.8686
0.9013
0.8041
0.8982
0.6455
0.7683
0.6678
0.8656
0.7425
0.3975
0.6453
0.5929
0.705
0.56
0.4575
0.6604
0.705
0.6567
0.2579
0.4904
0.6357
0.6154
0.4196
0.6183
0.4983
0.7113
0.785
0.5963
0.69
0.7563
0.8825
-99
-99
0.941
0.9505
0.7667
0.9167
1
0.6791
0.5238
0.5933
0.7475
0.6921
0.9223
0.8283
0.4729
0.5054
0.6167
0.9867
1
0.8546
0.7025
0.7408
0.6279
0.6938
0.84
0.81
0.4129
0.4967
0.7792
0.91
0.6768
0.5992
0.8533
0.5754
0.5596
0.8458
0.9157
0.7208
0.9122
0.94
0.7608
0.8346
0.7627
0.6554
0.9167
0.7094
0.77
0.7871
1
0.9264
0.6396
0.6263
0.61
0.6804
0.6258
0.52
0.5788
0.3833
0.3717
0.48
0.4063
0.3775
0.7896
0.47
0.7825
0.7133
0.6008
0.5392
0.8071
0.8125
1
0.9565
0.9304
0.8154
0.6129
0.7192
0.7413
0.7088
0.6025
0.5154
0.5208
0.6808
0.7588
0.9838
0.9695
0.8956
0.7939
0.7917
0.9625
0.9873
0.7992
0.7947
0.8554
0.8921
0.7792
0.6333
0.6417
0.8033
0.8843
0.9075
0.9083
0.7979
0.7257
0.7192
0.7208
0.4304
0.5075
0.6583
0.605
0.5742
0.5392
0.4821
0.8071
0.7942
0.8104
0.6608
0.6208
0.5021
0.5546
0.3983
0.3671
0.3396
0.6967
0.7333
0.5917
0.7429
0.7954
0.8296
0.8504
0.8833
0.7917
0.7629
0.8125
0.6913
0.82
0.6483
0.5725
0.7013
0.7175
0.6621
0.4867
0.4842
0.4983
0.48
0.4979
0.615
0.4996
0.4983
0.5154
0.4729
0.5025
0.5921
0.6813
0.6617
0.5738
0.5704
0.51
0.5242
0.4738
0.3725
0.2804
0.4671
0.52
0.6983
0.7329
0.5267
0.4079
0.3958
0.3588
0.4383
0.35
0.4358
0.5654
0.7171
0.5621
0.7704
0.5275
0.3726
0.5567
0.7329
0.7275
0.7217
0.7408
0.6913
0.6808
0.7246
0.7246
0.7692
0.7429
0.8079
0.7842
0.8479
0.805
0.8471
0.7192
0.5888
0.6092
0.6033
0.5375
0.3533
0.4738
0.4354
0.6467
0.9225
0.8796
0.9346
0.7592
0.9258
0.915
0.8763
0.8329
0.9775
0.68
0.8742
0.7083
0.7838
0.6758
0.7404
0.7338
0.6246
0.8813
0.8088
0.5654
0.3313
0.7621
0.6283
0.6358
0.6025
0.6108
0.8646
0.9154
0.8525
0.8892
0.8513
0.8721
0.9346
0.8883
0.9964
0.8178
0.6146
0.6533
0.6396
0.6671
0.9071
0.7424
0.9254
0.8508
0.8329
0.8092
0.7404
0.7125
0.8054
0.6275
0.5629
0.3863
0.7321
0.4679
0.3942
0.3146
0.495
0.8533
0.8754
0.6
0.6288
0.7046
0.6496
0.6471
0.6309
0.6913
0.3958
0.7575
0.6817
0.4508
0.8338
0.935
0.9725
0.7617
0.3321
0.7779
0.5825
0.5238
0.5696
0.5921
0.7321
0.6071
0.5754
0.6475
0.6129
0.5313
0.4108
0.5471
0.1571
0.2046
0.3538
0.2329
0.6558
0.5113
0.4862
0.882
0.9
0.7508
0.5679
0.2217
0.5571
0.8825
0.7942
0.9054
0.7367
0.3183
0.4183
0.5133
0.73
0.9646
0.75
0.6992
0.7154
0.765
0.5063
0.5817
0.6721
0.8046
0.8554
0.9108
0.7292
0.5783
0.57
0.3775
0.2504
0.23
0.7463
0.9125
0.8992
0.8192
0.7311
0.7975
0.7863
0.9708
-99
0.8427
0.5963
0.7963
0.8004
0.705
0.7763
0.5683
0.7763
0.7704
0.7575
0.8811
0.8373
-99
0.67
0.6175
0.7236
0.6791
0.7238
0.7204
0.7163
0.628
0.7788
0.7142
0.5438
0.72
0.7247
-99
-99
0.6633
0.5875
0.7438
0.6775
0.8155
0.7105
0.6013
0.8446
0.7796
0.7383
0.8071
0.6529
0.68
0.8258
0.8129
0.6146
0.6175
0.6463
0.4708
0.4575
0.4213
0.3721
0.5746
0.5425
0.7183
0.5475
0.3996
0.3783
0.3454
0.3975
0.55
0.745
0.9121
0.8292
0.6052
0.5142
0.7564
0.7454
0.76
0.715
0.6392
0.9842
0.9613
0.6363
0.415
0.8418
0.7325
0.4821
0.5846
0.555
0.6621
0.685
0.5838
0.6521
0.7271
0.6688
0.635
0.5479
0.6054
0.565
0.5746
0.7758
0.925
0.9583
0.9471
0.895
0.6575
0.7683
0.6288
0.6462
0.7421
0.805
0.8544
0.8079
0.8192
0.5417
0.7648
0.5428
0.4379
0.5471
0.6319
0.5965
0.5856
0.7002
0.9321
0.9983
0.6149
0.6288
0.7135
0.6917
0.7033
0.8677
0.7867
0.8125
0.5627
0.5677
0.6
0.6944
0.8779
0.7935
0.8335
0.789
0.8075
0.59
0.6125
0.6335
0.5829
0.5925
0.5819
0.5404
0.3181
0.2938
0.2908
0.3119
0.4183
0.4815
0.4806
0.6575
0.7071
0.724
0.6858
0.7219
0.6356
0.5376
0.3877
0.7333
0.6781
0.801
0.8777
0.764
0.6942
0.4567
0.7535
0.836
0.7829
0.6775
0.5246
0.6638
0.5933
0.6777
0.8827
0.8506
0.941
0.7204
0.6585
0.715
0.6831
0.8627
0.8608
0.6554
0.5502
0.3769
0.4346
0.5056
0.584
0.4469
0.4598
0.5221
0.6769
0.7048
0.7167
0.8235
0.87
0.5852
0.5748
0.6527
0.8094
0.7465
0.709
0.7688
0.7835
0.8627
0.715
0.6052
0.5446
0.7492
0.8406
0.8835
0.7648
0.861
0.7848
0.8044
0.8377
0.8046
0.8744
0.8927
0.9846
0.9219
0.9746
0.864
0.5852
0.7008
0.6992
0.6985
0.8027
0.7729
0.8148
0.83
0.7435
0.9633
0.9379
0.8613
0.7096
0.8665
0.7577
0.5617
0.6975
0.729
0.7927
0.8371
0.7271
0.7998
0.8802
0.851
0.8113
0.5727
0.6198
0.8029
0.9408
0.93
0.8092
0.7952
0.6521
0.9435
0.9021
0.9479
0.886
0.7398
0.73
0.8077
0.9119
0.9696
0.6944
0.624
0.6585
0.7998
0.7733
0.8879
0.7631
0.7221
0.6848
0.6869
0.6846
0.4663
0.4192
0.3542
0.4435
0.6302
0.4981
0.3202
0.4279
0.6917
0.9104
0.8585
0.8902
0.8392
0.761
0.9481
0.9092
0.9902
0.9807
0.8629
0.72
0.5875
0.7215
0.7479
0.955
0.8705
0.7869
0.6621
0.883
0.82
0.7713
0.8148
0.6925
0.5648
0.7227
0.7606
0.4542
0.396
0.6808
0.9338
0.9826
0.96
0.9842
0.9938
0.9275
0.8594
0.6577
0.8971
0.9943
0.9771
0.7433
0.6117
0.6288
0.364
0.2663
0.6852
0.7104
0.579
0.685
0.9091
0.6958
0.6442
0.556
0.6348
0.791
0.3756
0.291
0.1646
0.5177
0.5656
0.7454
0.7878
0.4537
0.2321
0.3244
0.3844
0.6388
0.1898
0.2494
0.4379
0.4444
0.6142
0.85
0.5783
0.2794
0.3308
0.7458
0.2871
0.6248
0.6558
0.6079
0.8544
0.9015
0.774
1
0.9943
0.82
0.6662
0.5063
0.3663
0.2146
0.5652
0.6698
0.7055
0.7315
0.8273
0.8138
0.6669
0.6292
0.9557
0.7988
0.5246
0.4942
0.7463
0.6963
0.4767
0.3396
0.3658
0.4333
0.6665
0.7667
0.8131
0.5438
0.5131
0.5135
0.744
0.8544
0.8867
0.3754
0.5621
0.6535
0.465
0.7813
0.7294
0.5888
0.7285
0.76
0.891
0.8569
0.3194
0.5154
0.4558
0.5898
0.5769
0.5325
0.4031
0.5663
0.7576
0.9558
0.7704
0.8998
0.7785
0.7579
0.4665
0.576
0.9646
0.8929
0.8814
0.921
0.9615
0.6269
0.6606
0.6563
0.6356
0.516
0.5848
0.8928
0.6995
0.7142
0.8959
0.9223
0.7619
0.4971
0.4206
0.3198
0.38
0.4879
0.4431
0.421
0.291
0.2652
0.7606
0.7798
0.6992
0.9079
0.9104
0.6273
0.4146
0.6144
0.5763
0.7992
0.7973
0.8558
0.7108
0.7173
0.796
0.5996
0.6956
0.4292
0.3777
0.5254
0.6967
0.6154
0.5421
0.6452
0.5667
0.2383
0.2779
0.2715
0.3396
0.5347
0.4165
0.4904
0.4271
0.8333
0.9533
0.6158
0.5683
0.5075
0.5375
0.5294
0.7073
0.7121
0.5458
0.4052
0.5169
0.6042
0.4831
0.461
0.43
0.3844
0.2594
0.4033
0.5156
0.574
0.5727
0.6188
0.6063
0.675
0.8027
0.6854
0.8302
0.8194
0.6696
0.5602
0.6719
0.5731
0.5321
0.4606
0.5838
0.6783
0.4908
0.4698
0.4223
0.4677
0.4238
0.3408
0.3138
0.3381
0.366
0.3221
0.2979
0.2296
0.281
0.7102
0.6504
0.4963
0.61
0.6402
0.6883
0.5656
0.4302
0.3721
0.5429
0.5323
0.5121
0.6852
0.4871
0.616
0.7702
0.6627
0.8798
0.6667
0.784
0.9123
0.8921
0.7335
0.6929
0.871
0.7523
0.5188
0.6075
0.4371
0.3915
0.4779
0.7369
0.7979
0.7452
0.5408
0.8606
0.8165
0.7998
0.8471
0.7565
0.6931
0.886
0.7985
0.839
0.7977
0.7292
0.8483
0.5915
0.7308
0.7621
0.7894
0.5665
0.4327
0.5215
0.679
0.7454
0.9498
0.9025
0.8544
0.8852
0.8738
0.8902
0.7427
0.6121
0.864
0.9148
0.7785
0.619
0.5967
0.919
0.825
0.675
0.7769
0.8035
0.8585
0.6773
0.7823
0.8469
0.6231
0.6456
0.8404
0.766
0.6615
0.8023
0.8702
0.7481
0.8977
0.8529
0.79
0.631
0.5781
0.8719
0.9252
0.7883
0.6406
0.5906
0.8406
0.93
0.9367
0.8319
0.9188
0.8902
0.9779
0.9658
0.9567
0.9573
0.6319
0.5735
0.5757
0.8642
0.9304
0.9883
0.7211
0.6083
0.6931
0.5217
0.6954
0.9188
0.9632
0.7825
0.7531
0.5833
0.6327
0.6492
0.5392
0.4325
0.3958
0.5085
0.8135
0.5983
0.2023
0.3833
0.3906
0.3013
0.4998
0.5385
0.5919
0.5798
0.4133
0.2615
0.6379
0.7106
0.5588
0.5831
0.5735
0.4015
0.3423
0.2058
0.6877
0.5248
0.7633
0.9046
0.9967
0.9679
0.8071
0.779
0.7444
0.7754
0.8265
0.7444
0.6798
0.4975
0.541
0.4579
0.52
0.8425
0.8183
0.6294
0.7783
0.8115
0.4273
0.3748
0.3221
0.7904
0.8725
0.7069
0.7317
0.9298
0.8362
0.716
0.9952
0.866
0.7802
0.7719
0.7269
0.73
0.6852
0.646
0.6477
0.6546
0.7246
0.8272
0.321
0.3117
0.6615
0.8378
0.7656
0.8148
0.7621
0.6694
0.6721
0.7525
0.5229
0.5056
0.6492
0.7983
0.8192
0.7342
0.5235
0.61
0.7775
0.3102
0.2975
0.7088
0.7335
0.6419
0.7519
0.7418
-99
0.9792
0.846
0.8465
0.5678
0.4938
0.5464
0.6302
0.7283
0.5773
0.2446
0.5454
0.7202
0.7035
0.6954
0.8303
0.99
0.8679
0.5244
0.3079
0.5792
0.4969
0.7123
0.7192
0.7652
0.743
0.7478
0.7626
0.5196
0.5502
0.6842
0.7146
0.7631
0.8542
0.8595
0.9776
0.8611
0.9856
0.9223
0.923
0.6196
0.5223
0.6075
0.7477
0.794
0.8108
0.6156
0.6158
0.4898
0.4856
0.8824
0.8077
0.6941
0.8985
0.7531
0.7046
0.8162
0.9208
0.5531
0.6752
0.7123
0.6252
0.574
0.5071
0.5665
0.5738
0.5179
0.7698
0.6044
0.3594
0.92
0.8327
0.8273
0.785
0.7362
0.7742
0.9359
-99
0.9279
0.8825
0.3742
0.365
0.5979
0.6219
0.5252
0.556
0.7008
0.9443
0.958
0.8032
0.7733
0.7115
0.8375
0.7777
0.7775
0.8513
0.8938
0.7996
0.8865
0.7546
0.5125
0.702
0.5483
0.6052
0.5617
0.5331
0.5021
0.6933
0.6975
0.8363
0.8392
0.7983
0.6917
0.5444
0.6352
0.6735
0.574
0.5679
0.5625
0.5763
0.5073
0.724
0.6958
0.7665
0.7326
0.7756
0.5623
0.7315
0.7931
0.545
0.5192
0.4485
0.4179
0.3419
0.3069
0.5306
0.7983
0.806
0.5931
0.5065
0.6342
0.5283
0.5902
0.7765
0.6198
0.5738
0.6071
0.544
0.5156
0.5233
0.3692
0.3271
0.6435
0.68
0.754
0.6854
0.6102
0.3654
0.325
0.2373
0.2356
0.4321
0.4671
0.509
0.509
0.4723
0.4675
0.6931
0.7167
0.5885
0.419
0.6646
0.7871
0.7631
0.5042
0.4383
0.8367
0.7219
0.4933
0.4323
0.5754
0.8527
0.7071
0.6794
0.4156
0.369
0.43
0.5208
0.5327
0.7525
0.6631
0.5735
0.7346
0.6663
0.3246
0.2442
0.3371
0.4067
0.4475
0.5756
0.8167
0.821
0.6275
0.5375
0.4735
0.4479
0.3742
0.4296
0.561
0.6
0.5308
0.7888
0.7208
0.5679
0.6183
0.6763
0.7404
0.5538
0.5488
0.8313
0.7283
0.5244
0.8056
0.7477
0.7244
0.7329
0.7294
0.736
0.7644
0.7435
0.4833
0.6954
0.721
0.6996
0.8669
0.9002
0.8942
0.651
0.8163
0.8158
0.9469
0.9721
0.9758
0.85
0.8156
0.9767
0.9246
0.8306
0.7148
0.6533
0.7617
0.9796
0.9785
0.8768
0.9883
0.9756
0.7198
0.619
0.65
0.8158
0.6592
0.4031
0.5365
0.8356
0.8754
0.6567
0.5525
0.5927
0.9235
0.9077
0.8766
0.6558
0.7423
0.7421
0.7758
0.9171
0.6954
0.7671
0.7071
0.6265
0.5804
0.6802
0.8376
0.8389
1
0.9386
0.9365
0.7731
0.7385
0.9227
0.8142
0.7922
0.8891
0.9073
0.6946
0.2308
0.5875
0.9602
0.8373
0.794
0.7638
0.6327
0.495
0.6965
0.5529
0.3863
0.5238
0.7594
0.8121
0.9088
0.7754
0.7398
0.7025
0.8326
0.7627
0.6113
0.4806
0.659
0.1815
0.254
0.3454
0.1548
0.2238
0.8063
0.7775
0.6777
0.6613
0.7213
0.6554
0.7396
0.5296
0.4385
0.3248
0.7948
0.581
0.655
0.8175
0.6121
0.3633
0.474
0.574
0.3665
0.425
0.646
0.9733
0.9008
0.964
0.8369
0.5333
0.9473
0.9488
0.9268
0.9655
0.7532
0.6742
0.7979
0.6352
0.7433
0.7038
0.7271
0.7471
0.5313
0.7233
0.6465
0.521
0.8497
0.874
0.8455
0.8743
0.963
0.8698
0.9134
0.676
0.7308
0.7983
0.6579
0.4213
0.3975
0.3581
0.8324
0.8051
0.6798
0.6998
0.7627
-99
0.5606
0.9708
0.7188
0.7504
0.5935
0.5552
0.7567
0.3785
0.4588
0.4588
0.8031
0.6456
0.5719
0.5729
0.4706
0.3725
0.4567
0.4373
0.4042
0.8879
0.6919
0.7426
0.8597
0.9323
0.6651
0.5721
0.5996
0.5642
0.4815
0.6642
0.9266
0.7713
0.5375
0.5027
0.6375
0.566
0.4927
0.4504
0.4675
0.4558
0.49
0.5623
0.5619
0.5069
0.6838
0.7256
0.7506
0.7908
0.6591
0.511
0.3419
0.4633
0.4531
0.2652
0.6721
0.9558
0.8633
0.6102
0.833
0.95
0.7215
0.691
0.8925
0.6367
0.5792
0.6627
0.6585
0.7056
0.6119
0.589
0.8823
0.5667
0.5513
0.6158
0.5431
0.4842
0.4004
0.6875
0.7983
0.7775
0.6004
0.5906
0.6448
0.5073
0.3873
0.4523
0.5458
0.4335
0.4256
0.5917
0.5896
0.6175
0.5958
0.6331
0.8515
0.7719
0.7038
0.8913
0.6844
0.5725
0.4056
0.2652
0.4302
0.3777
0.3188
0.339
0.5467
0.5248
0.4546
0.5042
0.531
0.4906
0.4181
0.3883
0.4833
0.7763
0.3919
0.6489
0.6752
0.5292
0.6008
0.6483
0.5683
0.4965
0.4565
0.4154
0.3081
0.2454
0.3346
0.7119
0.6148
0.6463
0.6438
0.7963
0.9056
0.6888
0.5685
0.3965
0.48
0.3833
0.536
0.6577
0.6985
0.7725
0.7381
0.8317
0.8092
0.6002
0.6067
0.5188
0.3052
0.3331
0.39
0.4231
0.3296
0.404
0.501
0.6956
0.7065
0.8835
0.7702
0.754
0.7931
0.799
0.5758
0.3531
0.4015
0.5223
0.5844
0.44
0.8602
0.8548
0.7279
0.489
0.3919
0.304
0.319
0.4677
0.5669
0.3963
0.4342
0.5588
0.8977
0.835
0.7813
0.7667
0.7835
0.6381
0.8498
0.87
0.8844
0.9733
0.6904
0.6363
0.9196
0.7542
0.8638
0.9931
0.7119
0.6204
0.9433
0.8783
0.7756
0.8435
0.836
0.8319
0.7019
0.6971
0.805
0.8971
0.8694
0.8285
0.7017
0.9798
0.9448
0.8608
0.921
0.8148
0.914
0.8327
0.7315
0.776
0.9038
0.7656
0.7102
0.5696
0.6842
0.8344
0.8923
0.8642
0.8729
0.9583
0.8896
0.7579
0.7994
0.7083
0.5579
0.5346
0.5385
0.6308
0.7431
0.5381
0.7485
0.8931
0.8327
0.9281
0.9146
0.9081
0.8106
0.3827
0.4308
0.6908
0.7735
0.534
0.565
0.685
0.3923
0.3529
0.3029
0.4621
0.3165
0.6883
0.5079
0.4721
0.3669
0.5373
0.4498
0.4433
0.7751
0.575
0.6621
0.4892
0.8504
0.4585
0.6173
0.4848
0.296
0.3088
0.5092
0.6546
0.6671
0.572
0.8303
0.8279
0.887
0.8702
0.7163
0.8485
0.84
0.425
0.4021
0.6088
0.6633
0.7783
0.665
0.4115
0.6396
0.4881
0.84
0.8413
0.7943
0.7365
0.8452
0.776
0.6633
0.6835
0.66
0.7506
0.7188
0.7031
0.8196
0.9563
0.8002
0.554
0.7115
0.7983
0.5496
0.8463
1
0.8671
0.7894
0.8424
0.7083
0.7096
0.7685
0.6477
0.6131
0.561
0.721
0.8737
-99
0.8118
0.7446
0.6694
0.5779
0.6467
0.8448
0.6874
0.5438
0.9271
0.9933
0.967
0.7983
0.9295
0.5706
0.4215
0.4506
0.9162
0.8964
0.8542
0.679
0.7146
0.8153
0.8004
0.8929
0.804
0.6105
0.8006
0.7703
0.6783
0.5988
0.8883
0.9545
0.9987
0.8418
0.6614
0.6565
0.811
0.9273
0.7254
0.6833
0.7795
0.7345
0.7253
0.6797
0.6558
0.736
0.7607
0.6355
0.6002
0.7348
0.7541
0.6196
0.7329
0.3567
0.3771
0.4985
0.9325
0.9678
0.7069
0.686
0.5904
0.7592
0.6217
0.5208
0.4442
0.4054
0.6385
0.5921
0.6998
0.5108
0.5431
0.942
0.7766
0.8441
-99
0.8497
0.9
0.7467
0.5823
0.6721
0.6742
0.435
0.5594
0.6365
0.5692
0.464
0.4606
0.5783
0.5575
0.6656
0.684
0.7317
0.9178
0.6469
0.8617
0.5825
0.6525
0.6963
0.7877
0.8152
0.726
0.7629
0.7838
0.9346
0.7981
0.874
0.89
0.73
0.6544
0.6723
0.685
0.7969
0.7146
0.7569
0.7013
0.73
0.6125
0.5375
0.3971
0.6158
0.5925
0.8388
0.8279
0.8602
0.8017
0.7917
0.7229
0.8196
0.8625
0.794
0.9165
0.9569
0.7817
0.4827
0.5733
0.7344
0.7827
0.5483
0.6888
0.7377
0.6673
0.7819
0.7156
0.6277
0.4394
0.4588
0.5875
0.6738
0.5817
0.59
0.536
0.4898
0.6367
0.6998
0.42
0.5706
0.7152
0.5352
0.3825
0.6872
0.7902
0.6067
0.4435
0.5567
0.5975
0.691
0.6108
0.4567
0.3506
0.406
0.6538
0.6981
0.5379
0.5235
0.4629
0.7479
0.8829
0.6856
0.595
0.4342
0.3829
0.2938
0.5373
0.6506
0.6015
0.5279
0.5071
0.5479
0.4981
0.4577
0.4273
0.4927
0.7221
0.8081
0.9102
0.7092
0.7031
0.8025
0.7244
0.7896
0.8342
0.7927
0.7238
0.7415
0.6123
0.5573
0.5296
0.4967
0.5771
0.7202
0.8998
0.9042
0.8467
0.6506
0.6292
0.8477
1
0.9073
0.6779
0.9348
0.7863
0.7017
0.8573
0.8569
0.921
0.8254
0.7017
0.5727
0.7358
0.7615
0.7515
0.8181
0.8667
0.7273
0.7881
0.8229
0.5096
0.5685
0.7785
0.6448
0.7913
0.64
0.6556
0.6025
0.5058
0.6373
0.7998
0.7504
0.3267
0.4883
0.4913
0.7148
0.789
0.7772
0.7215
0.7977
0.9119
0.7635
0.8341
0.993
-99
0.9075
0.8002
0.8729
0.9088
0.7979
0.6956
0.6348
0.6815
0.7336
0.2894
0.4788
0.5894
0.9798
0.9821
0.9077
0.7713
0.9894
0.9477
0.8715
0.7125
0.859
0.9135
0.9406
0.7892
0.9113
0.9894
0.836
0.846
0.7752
0.7175
0.8313
0.9755
0.9503
0.9306
0.9577
0.9229
0.9858
0.8723
0.7383
0.9035
0.8131
0.8833
0.8352
0.5456
0.614
0.5265
0.8321
0.741
0.5738
0.664
0.7813
0.5929
0.8675
0.8698
0.8815
0.6844
0.8131
0.8006
0.8577
0.934
0.9117
0.7842
0.9279
0.7048
0.7394
0.7233
0.7273
0.7594
0.6702
0.6621
0.4744
0.7277
0.8871
0.8054
0.7617
0.4906
0.199
0.2969
0.5144
0.2113
0.5683
0.7917
0.3792
0.2156
0.4433
0.3538
0.5619
0.4177
0.4033
0.561
0.5294
0.5788
0.4119
0.8481
0.906
0.926
0.8746
0.8921
0.8502
0.6463
0.8621
0.3825
0.3929
0.6279
0.6979
0.6992
0.8906
0.73
0.8429
0.7988
0.8102
0.3242
0.3192
0.5073
0.7271
0.7313
0.7292
0.6196
0.7175
0.8569
0.4652
0.3975
0.2248
0.2598
0.2148
0.4838
0.4927
0.8757
0.9398
0.6798
0.3844
0.4594
0.5056
0.5446
0.3923
0.2706
0.4373
0.6942
0.7463
0.4221
0.5752
0.7394
0.8931
0.6452
0.541
0.615
0.706
0.8596
0.7919
0.8975
0.6998
0.5835
0.4467
0.5675
0.7313
0.7406
0.6408
0.4094
0.4098
0.3448
0.4048
0.5058
0.349
0.47
0.5629
0.5575
0.7956
0.6123
0.5515
0.7342
0.9748
0.7798
0.9017
0.8517
0.8267
0.7063
0.8738
0.6996
0.5819
0.666
0.5638
0.5367
0.5544
0.7921
0.7898
0.5896
0.5642
0.6317
0.6885
0.7844
0.9252
0.8092
0.9469
0.664
0.7796
0.8817
0.9252
0.8777
0.6867
0.784
0.9369
0.7533
0.4977
0.7279
0.7921
0.7363
0.6106
0.641
0.8227
0.7725
0.5853
0.5706
0.6379
0.7269
0.9013
0.9135
0.9246
0.784
0.6329
0.6108
0.564
0.7545
-99
-99
0.6412
0.8696
0.7719
0.6071
0.5746
0.4996
0.4163
0.3408
0.3867
0.5242
0.8113
0.6456
0.4796
0.4677
0.625
0.9821
0.8379
0.4683
0.645
0.74
0.7156
0.4671
0.3852
0.4565
0.6002
0.7498
0.6763
0.481
0.3594
0.4275
0.2838
0.2806
0.2675
0.2719
0.4479
0.445
0.579
0.5506
0.5233
0.4121
0.4398
0.5356
0.5175
0.8273
0.6542
0.5492
0.6194
0.6088
0.7435
0.7854
0.6504
0.6519
0.7298
0.7644
0.5473
0.521
0.374
0.3252
0.4127
0.4777
0.5165
0.9013
0.694
0.6763
0.8267
0.8185
0.4744
0.4931
0.5273
0.4742
0.436
0.5585
0.855
0.6427
0.4448
0.6417
0.686
0.8623
0.6565
0.7827
0.8075
0.9173
0.6713
0.6015
0.6633
0.7506
0.7352
0.5529
0.6135
0.5869
0.5144
0.4638
0.7371
0.734
0.6794
0.5885
0.5465
0.6933
0.9106
0.8077
0.626
0.8363
0.6658
0.8148
0.8706
0.8852
0.9644
0.7794
0.4156
0.4571
0.4119
0.4225
0.496
0.5654
0.5473
0.6215
0.7288
0.9279
0.8627
0.7635
0.5388
0.8033
0.8046
0.8156
0.8081
0.6292
0.745
0.6579
0.8294
0.7708
0.8198
0.9371
0.9852
0.7054
0.8421
0.9163
0.9488
0.9644
0.9406
0.8758
0.8479
0.7856
0.5988
0.6077
0.751
0.8698
0.9658
0.8906
0.9258
0.9898
0.8894
0.6146
0.6785
0.8044
0.6777
0.7121
0.7573
0.8485
0.8923
0.8256
0.7523
0.711
0.7965
0.7831
0.8223
0.805
0.7258
0.8538
0.4694
0.579
0.895
0.9423
0.8233
0.8515
0.8258
0.8288
0.7473
0.8319
0.7827
0.9452
0.9142
0.6946
0.6248
0.8173
0.7556
0.7848
0.886
0.8565
0.8425
0.6869
0.8233
0.984
0.9877
0.9265
0.7577
0.7952
0.6783
0.3792
0.6498
0.8619
0.914
0.8565
0.7063
0.8177
0.7302
0.7894
0.9748
0.9373
0.8419
0.7952
0.7129
0.6352
0.6017
0.5644
0.5635
0.7279
0.9452
0.8825
0.7796
0.4658
0.576
0.6115
0.5373
0.4033
0.6494
0.5123
0.6648
0.7625
0.8758
0.7775
0.4025
0.3913
0.5488
0.6952
0.7469
0.7398
0.89
0.539
0.7863
0.9917
0.9939
-99
0.764
0.8267
0.8965
0.8454
0.8246
0.7756
0.8896
0.8317
0.8715
0.6923
0.5379
0.7177
0.5806
0.7371
0.9352
0.8827
0.7713
0.7773
0.87
0.9992
0.9019
0.9558
0.81
0.6454
0.7448
0.905
0.816
0.6248
0.6019
0.4938
0.3829
0.3681
0.6415
0.7244
0.7748
0.8867
0.7917
0.6844
0.7769
0.7763
0.718
0.8038
0.6619
0.524
0.6648
0.8885
0.7198
0.5773
0.5194
0.7592
0.9492
0.8906
0.9238
0.8438
0.7438
0.6477
0.6563
0.7671
0.8381
0.9542
0.8869
0.8165
0.825
0.7448
0.7288
0.7035
0.9708
0.8931
0.9442
0.8196
0.8021
0.741
0.5515
0.475
0.5621
0.5688
0.5644
0.5423
0.6642
0.5008
0.9017
0.7946
0.7419
0.7779
0.7327
0.8042
0.9881
0.9842
0.9888
0.9646
0.909
0.705
0.6227
0.7806
0.8283
0.7654
0.7871
0.6519
0.7102
0.7323
0.7794
0.5627
0.6279
0.6798
0.636
0.4785
0.7727
0.9992
0.8388
0.8067
0.7956
0.9444
0.8977
0.9106
0.7669
0.6713
0.4631
0.5002
0.5508
0.519
0.5417
0.8235
0.7033
0.5754
0.5852
0.5754
0.7127
0.879
0.7381
0.8735
0.8179
0.8073
0.9469
0.806
0.7956
0.9506
0.9704
0.9179
0.8658
0.965
0.7615
0.6435
0.7708
0.7821
0.9373
0.9125
0.9146
0.8108
0.8813
0.8342
0.8017
0.7344
0.6688
0.639
0.5288
0.6469
0.7221
0.7919
0.8654
0.5787
0.8223
0.9725
0.8802
0.5485
0.7123
0.8942
0.6952
0.6277
0.5842
0.7054
0.7631
0.809
0.7754
0.8781
0.9629
0.9296
0.8775
0.691
0.6408
0.515
0.4
0.5821
0.7394
0.8019
0.7415
0.5331
0.4238
0.5031
0.3563
0.3331
0.5158
0.7515
0.7977
0.9325
0.854
0.6892
0.5367
0.525
0.4567
0.4025
0.4365
0.6219
0.7742
0.8419
0.6815
0.8296
0.8635
0.736
0.6244
0.4579
0.575
0.8542
0.8904
0.9123
0.78
0.6815
0.7535
0.744
0.98
0.8325
0.6892
0.7788
0.7994
0.8798
0.7898
0.7296
0.8581
0.856
0.6438
0.9277
0.8375
0.6273
0.6319
0.574
0.5498
0.6338
0.6008
0.5313
0.6773
0.8544
0.7375
0.9035
0.8817
0.68
0.7223
0.6008
0.665
0.5517
0.6923
0.8598
0.7031
0.8117
0.9802
0.7525
0.6792
0.7185
0.6646
0.8427
0.9375
0.8646
0.9827
0.7156
0.5535
0.8598
0.8981
0.7565
0.735
0.6252
0.7433
0.9277
0.9454
0.7765
0.7729
0.805
0.695
0.7004
0.81
0.7017
0.6598
0.8308
0.5465
0.4021
0.5688
0.6081
0.9935
0.9344
0.771
0.889
0.9338
0.8685
0.775
0.8063
0.8475
0.7658
0.8165
0.8894
0.8431
0.9535
0.8515
0.7623
0.6613
0.5963
0.6044
0.5919
0.6763
0.6021
0.9708
0.9802
0.9556
0.98
0.826
0.7973
0.7848
0.5804
0.62
0.7604
0.7965
0.8427
0.884
0.7779
0.5682
0.8329
0.9573
0.804
0.7942
0.816
0.8892
0.7402
0.8752
1
0.9617
0.9233
0.8148
0.6144
0.735
0.925
0.6169
0.399
0.4794
0.775
0.7904
0.7896
0.8073
0.91375
0.8075
0.6375
0.805625
0.832708333333333
0.792083333333333
0.907916666666667
0.770208333333333
0.895833333333333
0.916458333333333
0.890208333333333
0.503958333333333
0.523541666666667
0.605416666666667
0.71125
0.689583333333333
0.5775
0.918958333333333
0.898958333333333
0.989791666666667
0.836666666666667
0.879791666666667
0.805625
0.795
0.883958333333333
0.872708333333333
0.68375
0.8175
0.817708333333333
0.807916666666667
0.799583333333333
0.775625
0.749791666666667
0.710833333333333
0.654375
0.443958333333333
0.689166666666667
0.983541666666667
0.929583333333333
0.868958333333333
0.854791666666667
0.71875
0.889583333333333
0.905625
1
1
0.859791666666667
0.74125
0.514375
0.547916666666667
0.46875
0.583958333333333
0.928333333333333
0.914375
0.747916666666667
0.854791666666667
0.741458333333333
0.710833333333333
0.851041666666667
0.893541666666667
0.76875
0.766041666666667
0.843333333333333
0.933958333333333
0.919166666666667
0.910625
0.920208333333333
0.850416666666667
0.801041666666667
0.623541666666667
0.941875
0.717083333333333
0.807916666666667
0.708541666666667
0.755
0.680625
0.756041666666667
0.890208333333333
0.599375
0.56
0.522291666666667
0.695
0.635833333333333
0.548541666666667
0.627291666666667
0.851875
0.707083333333333
0.509791666666667
0.49125
0.463333333333333
0.2425
0.435416666666667
0.5875
0.737083333333333
0.641666666666667
0.84
0.932708333333333
0.837916666666667
0.930625
0.988333333333333
0.974583333333333
0.88
0.86125
0.749583333333333
0.688333333333333
0.850416666666667
0.753541666666667
0.553958333333333
0.653958333333333
0.678125
0.958958333333333
0.789583333333333
0.574375
0.479791666666667
0.5875
0.74875
0.958541666666667
0.987083333333333
0.978958333333333
0.945833333333333
0.986875
0.913333333333333
0.696666666666667
0.67
0.734166666666667
0.772083333333333
0.801458333333333
0.726666666666667
0.665208333333333
0.847916666666667
0.778333333333333
0.565833333333333
0.717291666666667
0.91125
0.622291666666667
0.736458333333333
0.935
0.952708333333333
0.86375
0.834583333333333
0.705833333333333
0.848125
0.794791666666667
0.735208333333333
0.901041666666667
0.771041666666667
0.74625
0.565208333333333
0.562916666666667
0.725833333333333
0.6875
0.714166666666667
0.773125
0.76875
0.76375
0.79125
0.825833333333333
0.782708333333333
0.61625
0.568333333333333
0.545208333333333
0.568333333333333
0.550208333333333
0.5425
0.4375
0.432708333333333
0.470625
0.718541666666667
0.663541666666667
0.592916666666667
0.631458333333333
0.58
0.646875
0.755208333333333
0.765
0.77
0.55125
0.400625
0.629375
0.879583333333333
0.899166666666667
0.803125
0.501041666666667
0.57625
0.749375
0.676041666666667
0.69375
0.663125
0.733333333333333
0.784166666666667
0.575
0.580208333333333
0.647708333333333
0.601666666666667
0.7525
0.83375
0.784166666666667
0.649375
0.624791666666667
0.584583333333333
0.484791666666667
0.437708333333333
0.344791666666667
0.31625
0.563541666666667
0.717291666666667
0.754375
0.678958333333333
0.709583333333333
0.654166666666667
0.645416666666667
0.803125
0.848125
0.873125
0.757083333333333
0.814583333333333
0.778125
0.820416666666667
0.805416666666667
0.806875
0.601666666666667
0.4975
0.385416666666667
0.298958333333333
0.404583333333333
0.302708333333333
0.41375
0.766458333333333
0.701875
0.766458333333333
0.737291666666667
0.825
0.622708333333333
0.665833333333333
0.885208333333333
0.842916666666667
0.701666666666667
0.687291666666667
0.820208333333333
0.824166666666667
0.839583333333333
0.795833333333333
0.7725
0.608958333333333
0.762916666666667
0.855208333333333
0.884166666666667
0.684166666666667
0.749166666666667
0.858541666666667
0.638541666666667
0.702916666666667
0.765416666666667
0.857291666666667
0.919375
0.876875
0.781458333333333
0.726041666666667
0.889583333333333
0.793125
0.872291666666667
0.78875
0.782291666666667
0.729791666666667
0.585
0.630208333333333
0.660833333333333
0.818958333333333
0.696875
0.676666666666667
0.805416666666667
0.911666666666667
0.89125
0.825416666666667
0.843333333333333
1
0.999791666666667
0.75875
0.917708333333333
0.800208333333333
0.860625
0.968541666666667
0.953541666666667
0.728333333333333
0.738958333333333
0.783125
0.883958333333333
0.891041666666667
0.939791666666667
0.918541666666667
0.941666666666667
0.927083333333333
1
0.97875
0.891666666666667
0.726875
0.795625
0.798333333333333
0.778125
0.73625
0.79625
0.989375
0.99875
0.887916666666667
0.862083333333333
0.739166666666667
0.892291666666667
0.921458333333333
0.7775
0.365625
0.364375
0.574791666666667
0.742291666666667
0.94875
0.952916666666667
0.775833333333333
0.803125
0.957708333333333
0.849791666666667
0.829583333333333
0.7825
0.780625
0.733333333333333
0.726875
0.771666666666667
0.9625
0.840833333333333
0.975208333333333
0.959791666666667
0.873125
0.83
0.594583333333333
0.635416666666667
0.912916666666667
0.898125
0.758333333333333
0.54375
0.817916666666667
0.695208333333333
0.598333333333333
0.712708333333333
0.751041666666667
0.744791666666667
0.873541666666667
0.875
0.713958333333333
0.609583333333333
0.351666666666667
0.422291666666667
0.469375
0.547083333333333
0.5375
0.681666666666667
0.48625
0.596666666666667
0.889583333333333
0.993958333333333
0.988125
0.841041666666667
0.793333333333333
0.850208333333333
0.784375
0.61
0.473333333333333
0.292291666666667
0.226458333333333
0.3
0.604166666666667
0.559166666666667
0.883958333333333
0.411041666666667
0.425416666666667
0.635208333333333
0.758958333333333
0.933958333333333
0.58875
0.906666666666667
0.377708333333333
0.496458333333333
0.379375
0.341666666666667
0.179791666666667
0.481666666666667
0.811875
0.801041666666667
0.866458333333333
0.700208333333333
0.734166666666667
0.818125
0.568958333333333
0.293125
0.307291666666667
0.203541666666667
0.224583333333333
0.222916666666667
0.43625
0.592916666666667
0.316666666666667
0.2225
0.647083333333333
0.906666666666667
0.796458333333333
0.587083333333333
0.729791666666667
0.43125
0.399166666666667
0.6225
0.970625
1
0.923958333333333
0.649583333333333
0.665833333333333
0.674375
0.671666666666667
0.955208333333333
0.691041666666667
0.648541666666667
0.55125
0.654375
0.765208333333333
0.875833333333333
0.784583333333333
0.659583333333333
0.861041666666667
0.789791666666667
0.986875
0.82
0.790833333333333
0.796041666666667
0.937916666666667
0.91
1
0.963958333333333
1
1
1
0.968541666666667
0.907083333333333
0.935208333333333
0.807291666666667
0.788958333333333
0.793333333333333
0.922708333333333
0.945416666666667
0.970625
0.868333333333333
0.787083333333333
0.824791666666667
0.470625
0.65875
0.569583333333333
0.396875
0.562708333333333
0.951666666666667
0.988333333333333
0.506458333333333
0.601458333333333
0.671875
0.725833333333333
0.552083333333333
0.619375
0.51875
0.53
0.906666666666667
0.928958333333333
0.524791666666667
0.873958333333333
0.8575
0.443125
0.590208333333333
0.51625
0.576875
0.642083333333333
0.747083333333333
0.831875
0.997708333333333
0.784583333333333
0.972291666666667
0.820208333333333
0.7375
0.515208333333333
0.51125
0.509166666666667
0.654791666666667
0.788541666666667
0.794375
0.816666666666667
0.848125
0.806458333333333
0.708125
0.520625
0.534375
0.562291666666667
0.651666666666667
0.573125
0.497083333333333
0.441666666666667
0.492916666666667
0.442708333333333
0.424791666666667
0.444166666666667
0.519791666666667
0.518125
0.492708333333333
0.449166666666667
0.30625
0.185833333333333
0.596458333333333
0.983958333333333
0.87625
0.516875
0.55
0.525208333333333
0.601041666666667
0.560625
0.523541666666667
0.448958333333333
0.483333333333333
0.520208333333333
0.500208333333333
0.622708333333333
0.640833333333333
0.727291666666667
0.82
0.872708333333333
0.6225
0.424791666666667
0.325
0.337708333333333
0.359583333333333
0.3775
0.354166666666667
0.301041666666667
0.297916666666667
0.470208333333333
0.579791666666667
0.517708333333333
0.842291666666667
0.642708333333333
0.593333333333333
0.58125
0.661875
0.739166666666667
0.611666666666667
0.560625
0.579791666666667
0.731666666666667
0.474791666666667
0.369166666666667
0.462708333333333
0.576458333333333
0.667708333333333
0.590625
0.543125
0.534375
0.455
0.424583333333333
0.438125
0.409583333333333
0.403333333333333
0.439583333333333
0.357708333333333
0.30875
0.414166666666667
0.40125
0.52
0.553125
0.386458333333333
0.689583333333333
0.423541666666667
0.534166666666667
0.820833333333333
0.884583333333333
0.878125
0.846666666666667
0.765625
0.649791666666667
0.508125
0.483125
0.446458333333333
0.442083333333333
0.518333333333333
0.469791666666667
0.499375
0.476875
0.391875
0.469791666666667
0.429583333333333
0.387083333333333
0.451041666666667
0.4975
0.6625
0.716041666666667
0.773333333333333
0.761041666666667
0.618125
0.622708333333333
0.727708333333333
0.840208333333333
0.830833333333333
0.720416666666667
0.671041666666667
0.632916666666667
0.847291666666667
0.73125
0.519791666666667
0.701458333333333
0.634583333333333
0.621875
0.851458333333333
0.81125
0.77375
0.749166666666667
0.724791666666667
0.605208333333333
0.591041666666667
0.672291666666667
0.889166666666667
0.875208333333333
0.553958333333333
0.565
0.762916666666667
0.647916666666667
0.90375
0.857083333333333
0.758125
0.728333333333333
0.811666666666667
0.754375
0.691666666666667
0.882708333333333
0.950625
0.852708333333333
0.686875
0.718333333333333
0.668125
0.867291666666667
0.831041666666667
0.527916666666667
0.588125
0.67375
0.687708333333333
0.710416666666667
0.772083333333333
0.875
0.954375
0.940833333333333
0.948333333333333
0.8975
0.735833333333333
0.711875
0.727083333333333
0.6675
0.67125
0.82
0.769375
0.594375
0.658958333333333
0.625416666666667
0.606666666666667
0.600208333333333
0.574166666666667
0.477916666666667
0.369375
0.288125
0.274583333333333
0.363125
0.491458333333333
0.90625
0.813333333333333
0.752916666666667
0.9475
0.675
0.415208333333333
0.412708333333333
0.622708333333333
0.815625
0.710833333333333
0.8475
0.701041666666667
0.79875
0.745208333333333
0.857708333333333
0.815
0.814375
0.817083333333333
0.96
0.880833333333333
0.561041666666667
0.877291666666667
0.78125
0.84375
0.8725
0.7875
0.292291666666667
0.667083333333333
0.884166666666667
0.70625
0.856666666666667
0.812083333333333
0.687291666666667
0.737291666666667
0.707916666666667
0.655416666666667
0.809166666666667
0.759166666666667
0.928958333333333
0.924791666666667
0.989375
0.881041666666667
0.935416666666667
0.923958333333333
0.972083333333333
0.970208333333333
0.951666666666667
0.995416666666667
0.879375
0.967083333333333
0.86125
0.867708333333333
0.74625
0.80625
0.558333333333333
0.435416666666667
0.539583333333333
0.739375
0.703125
0.710208333333333
0.82125
0.444791666666667
