20000101
0.8416
0.8408
0.9145
0.9396
0.8273
0.884
0.821
0.9274
0.9326
0.8161
0.8644
0.9062
0.92
0.9738
0.9923
0.9596
0.8655
0.5643
0.4903
0.7865
0.885
0.7866
0.5729
0.5362
0.7831
0.8853
0.9152
0.9368
0.9023
0.8558
0.89
0.9596
0.9197
0.4945
0.6859
0.929
0.9217
0.9011
0.9166
0.6597
0.7988
0.74
0.7311
0.8694
0.7506
0.835
0.9168
0.8315
0.8714
0.8184
0.5254
0.6832
0.8086
0.7078
0.8259
0.8641
0.903
0.9531
0.909
0.8596
0.7697
0.5037
0.8255
0.7413
0.6109
0.8869
0.8629
0.8
0.6378
0.5572
0.7519
0.8028
0.869
0.6052
0.4639
0.4105
0.7964
0.5942
0.5385
0.7319
0.8065
0.9241
0.993
0.8789
0.8953
0.8741
0.8871
0.7955
0.824
0.8082
0.8891
0.8628
0.9165
0.7603
0.7661
0.8432
0.7561
0.7759
0.9562
0.9503
0.9912
0.8685
0.8344
0.7694
0.6569
0.745
0.8231
0.7918
0.7071
0.8048
0.8325
0.8755
0.7116
0.9421
0.8331
0.6974
0.8455
0.8782
0.8427
0.7941
0.7406
0.7141
0.7189
0.7191
0.8465
0.893
0.8723
0.95
0.9049
0.955
0.987
0.7703
0.891
0.7834
0.7409
0.6982
0.7285
0.8497
0.8538
0.7638
0.7431
0.7941
0.9039
0.8453
0.726
0.6972
0.6709
0.8073
0.8395
0.7897
0.7831
0.8553
0.8019
0.8697
0.7571
0.7197
0.7343
0.5461
0.5731
0.6483
0.8029
0.9185
0.7608
0.6108
0.7611
0.9312
0.5763
0.4923
0.7048
0.8521
0.7519
0.7667
0.8066
0.8314
0.7197
0.7023
0.8097
0.8183
0.874
0.7477
0.7326
0.7535
0.7659
0.8913
0.8853
0.6954
0.7357
0.6356
0.6736
0.5597
0.6812
0.9365
0.7824
0.6292
0.7449
0.8724
0.6886
0.6053
0.7933
0.8772
0.7709
0.714
0.7571
0.7179
0.946
0.8286
0.8194
0.7903
0.6745
0.7712
0.6589
0.6843
0.7119
0.7213
0.8029
0.6697
0.5594
0.6887
0.5735
0.6258
0.76
0.7334
0.7277
0.7931
0.8209
0.806
0.7114
0.6878
0.681
0.6469
0.7126
0.8644
0.8414
0.786
0.71
0.8263
0.8929
0.8638
0.7787
0.5306
0.6464
0.7806
0.8662
0.8079
0.8455
0.7842
0.7406
0.6166
0.7213
0.859
0.6407
0.6414
0.74
0.6983
0.7893
0.8636
0.8179
0.8716
0.9189
0.9026
0.848
0.878
0.9316
0.8778
0.8314
0.734
0.9032
0.9155
0.9248
0.8952
0.9248
0.8623
0.8492
0.8137
0.8582
0.6542
0.6192
0.8153
0.7585
0.549
0.4489
0.7342
0.8763
0.9761
0.8055
0.975
0.9488
0.8381
0.96
0.9097
0.8479
0.9139
0.9396
0.9116
0.9453
0.9977
0.9776
0.9614
0.9689
0.9233
0.9369
0.9658
0.8727
0.8536
0.9091
0.8848
0.7441
0.8333
0.8511
0.7745
0.6531
0.7051
0.7294
0.803
0.816
0.8617
0.843
0.8536
0.9154
0.8981
0.7521
0.6909
0.7949
0.8366
0.9459
0.9062
0.7853
0.8655
0.9072
0.8712
0.8861
0.9627
0.9623
0.97
0.9377
0.9088
0.8322
0.845
0.9271
0.9038
0.8871
0.8797
0.7038
0.835
0.8803
0.9259
0.9815
0.9656
0.792
0.9404
0.9215
0.8789
0.9078
0.9276
0.9507
0.9618
0.98
0.9797
0.9529
0.8843
0.61
0.8663
0.8179
0.7932
0.7569
0.468
0.8295
0.6641
0.7974
0.7576
0.6923
0.8903
0.8832
0.9208
0.8479
0.8488
0.9779
0.9936
0.9737
0.9552
1
0.957
0.9304
0.9037
0.9119
0.8827
0.9168
0.8455
0.96
0.8617
0.8568
0.7524
0.8123
0.9568
0.6794
0.4316
0.7147
0.6256
0.7852
0.8123
0.8347
0.8559
0.7828
0.8316
0.6538
0.7106
0.8724
0.9047
0.9852
0.8373
0.8923
0.8547
0.8497
0.679
0.6391
0.825
0.7039
0.7835
0.65
0.7422
0.7673
0.5085
0.5237
0.6737
0.7923
0.6242
0.7784
0.5719
0.6614
0.8835
0.969
0.9281
0.9348
0.8555
0.8911
0.8216
0.9203
0.8273
0.8457
0.7544
0.9674
0.83
0.8175
0.8639
0.8635
0.7978
0.7906
0.8306
0.6715
0.8357
0.8757
0.8143
0.8857
0.8541
0.6547
0.6106
0.8052
0.6759
0.8418
0.7667
0.7633
0.8615
0.7916
0.6494
0.7183
0.7462
0.5539
0.4663
0.6125
0.4651
0.7565
0.8147
0.722
0.77
0.9066
0.6474
0.6997
0.5665
0.7591
0.8641
0.7021
0.75
0.8116
0.8422
0.7928
0.9067
0.833
0.9127
0.9159
0.8455
0.8719
0.7947
0.8317
0.8152
0.7997
0.8515
0.6576
0.7388
0.7734
0.7321
0.4803
0.6192
0.9134
0.5965
0.4223
0.4922
0.8017
0.9194
0.8542
0.8197
0.6009
0.6317
0.6839
0.66
0.5908
0.5847
0.6931
0.5325
0.612
0.6611
0.6506
0.777
0.6642
0.7977
0.6079
0.8691
0.9429
0.5375
0.7239
0.6942
0.7278
0.6652
0.6391
0.6522
0.4381
0.6003
0.6297
0.5728
0.5994
0.6054
0.7628
0.8777
0.853
0.71
0.5991
0.6494
0.6542
0.6177
0.6805
0.7938
0.8343
0.8965
0.7875
0.8117
0.8277
0.812
0.6983
0.798
0.8708
0.8079
0.7481
0.7774
0.8247
0.8335
0.69
0.9425
0.7267
0.7993
0.8314
0.829
0.79
0.7621
0.7366
0.7005
0.8272
0.7506
0.724
0.737
0.7464
0.7341
0.6668
0.6634
0.6646
0.7888
0.86
0.7928
0.6874
0.5257
0.5409
0.7554
0.709
0.7612
0.7745
0.8661
0.7244
0.808
0.8705
0.699
0.8153
0.7692
0.731
0.7994
0.7306
0.8174
0.8593
0.6063
0.7314
0.8221
0.8625
0.5529
0.6115
0.8706
0.8297
0.6221
0.701
0.5981
0.7952
0.79
0.5006
0.4929
0.7057
0.842
0.7053
0.6443
0.6347
0.5035
0.7447
0.9397
0.8406
0.8833
0.9171
0.8606
0.9637
0.9003
0.8655
0.9097
0.8967
0.9808
0.9534
0.9319
0.8823
0.9314
0.7781
0.9437
0.9116
0.7654
0.8553
0.9543
0.8781
0.8879
0.9552
0.9815
0.9389
0.9227
0.8913
0.901
0.9222
0.9341
0.8397
0.707
0.791
0.9087
0.8735
0.8896
0.9211
0.9245
0.9361
0.9504
0.8662
0.9454
0.3997
0.59
0.8985
0.9204
0.8925
0.8451
0.8352
0.8637
0.5467
0.4629
0.5632
0.5242
0.5951
0.5654
0.8442
0.9667
0.709
0.739
0.8806
0.6393
0.9163
0.9315
0.8159
0.7288
0.7712
0.9342
0.8341
0.8973
0.8944
0.877
0.9064
0.9664
0.9492
0.9708
0.8972
0.8297
0.7435
0.8488
0.9104
0.8721
0.8872
0.9044
0.8756
0.8303
0.6764
0.5976
0.9194
0.9171
0.9487
0.8393
0.8583
0.77
0.7845
0.4508
0.8307
0.6788
0.8256
0.84
0.8474
0.9037
0.5924
0.6448
0.9988
0.9973
0.9143
0.9738
0.9544
0.9373
0.9318
0.9583
0.965
0.9533
0.9196
0.9641
0.7703
0.9248
0.6609
0.853
0.8563
0.8693
0.8843
0.8177
0.7923
0.7753
0.8577
0.9011
0.7374
0.9061
0.7862
0.8852
0.9632
0.9252
0.8947
0.8126
0.9344
0.8385
0.8458
0.6956
0.5108
0.7884
0.7985
0.8636
0.8142
0.6751
0.7124
0.6324
0.2621
0.4471
0.4731
0.5791
0.5814
0.791
0.5568
0.4928
0.823
0.8426
0.9026
0.8992
0.8003
0.8055
0.8077
0.81
0.8091
0.8326
0.84
0.6574
0.5978
0.6484
0.7371
0.75
0.8455
0.8081
0.8932
0.7003
0.7392
0.8628
0.8515
0.7918
0.7203
0.7744
0.6644
0.5881
0.4856
0.4774
0.715
0.7442
0.7044
0.7034
0.7712
0.8958
0.8761
0.8353
0.9014
0.9618
0.6475
0.7897
0.802
0.9353
0.9188
0.8731
0.9347
0.9489
0.8508
0.6806
0.8052
0.7682
0.7484
0.7369
0.7235
0.7494
0.6411
0.4769
0.6748
0.5958
0.6378
0.5697
0.7388
0.7221
0.8366
0.7368
0.6224
0.7409
0.8031
0.6133
0.6339
0.72
0.7912
0.8414
0.9658
0.9403
0.9271
0.8877
0.8439
0.73
0.7491
0.7747
0.6655
0.7724
0.5518
0.6486
0.7511
0.6893
0.8059
0.8153
0.7485
0.6989
0.791
0.8475
0.8066
0.8082
0.7323
0.6134
0.7233
0.8179
0.7927
0.8662
0.8543
0.8371
0.7924
0.8988
0.7457
0.7672
0.7697
0.7897
0.8009
0.6458
0.6543
0.6389
0.6147
0.6112
0.7079
0.7116
0.7878
0.7433
0.7409
0.6211
0.5908
0.729
0.751
0.4908
0.617
0.8058
0.8016
0.776
0.7159
0.6206
0.821
0.7532
0.701
0.8715
0.8576
0.7468
0.681
0.7917
0.7703
0.4708
0.5585
0.8442
0.6411
0.6431
0.721
0.7503
0.8159
0.7592
0.6791
0.6545
0.7325
0.6463
0.7717
0.7994
0.8284
0.8097
0.6965
0.8217
0.7325
0.7842
0.7958
0.7738
0.7111
0.6078
0.8459
0.8494
0.8879
0.6682
0.7147
0.7203
0.8465
0.8717
0.7
0.7279
0.8429
0.8571
0.8703
0.7693
0.7439
0.782
0.891
0.811
0.8618
0.9372
0.7707
0.7384
0.835
0.7388
0.6018
0.8126
0.8564
0.9031
0.8413
0.7006
0.841
0.8475
0.7531
0.6743
0.6826
0.8597
0.8985
0.8208
0.819
0.8668
0.8208
0.8497
0.8654
0.8951
0.9209
0.7931
0.4335
0.3806
0.4819
0.5597
0.5089
0.5917
0.8231
0.8216
0.8074
0.8929
0.8382
0.7253
0.8019
0.6715
0.6438
0.8965
0.9818
0.9434
0.7273
0.7289
0.779
0.8488
0.9006
0.7391
0.7344
0.855
0.8645
0.8113
0.8294
0.5132
0.8429
0.8476
0.8222
0.897
0.9065
0.7646
0.9138
0.8953
0.8824
0.8992
0.884
0.8343
0.5735
0.5222
0.7497
0.5319
0.6014
0.7684
0.7876
0.8597
0.813
0.6756
0.8023
0.8194
0.7197
0.8597
0.8403
0.8639
0.951
0.831
0.7263
0.7857
0.9359
0.8788
0.6737
0.8982
0.8854
0.909
0.6794
0.8818
0.7084
0.5558
0.6884
0.625
0.5877
0.8677
0.8975
0.9256
0.9635
0.9333
0.9186
0.9142
0.8471
0.901
0.8663
0.9557
0.9168
0.8811
0.924
0.9358
0.9891
1
1
1
1
1
1
1
1
1
1
1
1
1
1
1
1
1
1
0.9896
0.9229
0.9992
0.9644
0.9854
1
1
1
1
1
0.9914
0.9197
1
0.8259
0.7556
0.4021
0.726
0.8318
0.81
0.8377
0.87
0.6618
0.7017
0.943
0.9988
0.9024
0.7717
0.839
0.9888
0.9854
0.9958
0.918
0.9968
1
1
1
0.9981
0.9057
0.942
0.867
1
1
1
1
1
1
1
1
1
1
1
1
1
1
1
1
1
1
1
0.7648
0.7631
0.8369
0.7341
0.7479
0.717
0.6661
0.74
0.7578
0.6521
0.5842
0.6913
0.7816
0.8034
0.7594
0.7239
0.7693
0.8141
0.9083
0.9023
0.9322
0.788
0.7865
0.7333
0.4282
0.3663
0.5411
0.4532
0.6082
0.8437
0.757
0.7554
0.773
0.7233
0.837
0.8606
0.7585
0.6945
0.617
0.6855
0.6772
0.6594
0.7553
0.7915
0.6542
0.6707
0.6141
0.7547
0.6483
0.5394
0.8447
0.7868
0.6303
0.751
0.4797
0.717
0.8359
0.6065
0.6926
0.6969
0.5794
0.57
0.711
0.6873
0.6816
0.4806
0.5258
0.7497
0.8058
0.7154
0.7503
0.6618
0.5791
0.6956
0.7045
0.6621
0.6417
0.6569
0.5471
0.6253
0.6397
0.7034
0.7194
0.6581
0.7778
0.6591
0.6982
0.875
0.7147
0.6932
0.6616
0.609
0.5668
0.6434
0.5815
0.585
0.65
0.6859
0.6227
0.6808
0.5657
0.4514
0.537
0.5942
0.5371
0.6623
0.8476
0.8296
0.7226
0.7369
0.7294
0.7268
0.5571
0.4529
0.6894
0.7362
0.7038
0.677
0.7223
0.6463
0.66
0.6776
0.5878
0.5653
0.5372
0.5765
0.7312
0.7494
0.62
0.6294
0.69
0.7647
0.7738
0.8094
0.6884
0.6335
0.6384
0.707
0.714
0.6866
0.5305
0.5279
0.626
0.6468
0.5365
0.5714
0.6572
0.5703
0.5791
0.5384
0.6344
0.5976
0.7476
0.6348
0.5059
0.4264
0.4191
0.5212
0.6974
0.7417
0.8621
0.7994
0.679
0.7306
0.7655
0.7306
0.6781
0.8151
0.7056
0.727
0.6324
0.6803
0.5694
0.7241
0.6191
0.7479
0.7459
0.7082
0.7976
0.8668
0.7961
0.8626
0.8621
0.6583
0.4992
0.733
0.5027
0.5481
0.6486
0.7087
0.6791
0.6976
0.6696
0.7521
0.7963
0.7918
0.7713
0.7307
0.5861
0.7746
0.8413
0.9375
0.9188
0.8494
0.8972
0.7557
0.7526
0.6589
0.8593
0.554
0.6329
0.765
0.748
0.706
0.7656
0.8014
0.8155
0.9257
0.8792
0.8606
0.7528
0.8743
0.9043
0.8916
0.7785
0.6852
0.8424
0.7576
0.6753
0.6327
0.8834
0.8493
0.8874
0.7817
0.7252
0.7155
0.7674
0.8476
0.8384
0.7983
0.8494
0.828
0.8945
0.9231
0.9443
0.941
0.9166
0.9438
0.8715
0.9059
0.9164
0.939
0.7543
0.7636
0.8475
0.8881
0.9083
0.9273
0.8823
0.8703
0.7736
0.7738
0.7772
0.7284
0.8265
0.8319
0.8756
0.9313
0.9228
0.8357
0.9121
0.909
0.9126
0.6942
0.8638
0.8791
0.8584
0.7959
0.8552
0.8233
0.5894
0.783
0.8671
0.8435
0.8785
0.8668
0.7848
0.5476
0.4019
0.6261
0.8324
0.8467
0.753
0.6391
0.6776
0.7918
0.5621
0.6863
0.55
0.6076
0.6876
0.7432
0.8704
0.8972
0.8865
0.8863
0.859
0.8839
0.9243
0.9091
0.8688
0.7321
0.8107
0.8103
0.6254
0.319
0.6194
0.5987
0.7677
0.9023
0.9382
0.741
0.871
0.8845
0.5993
0.6462
0.6866
0.7644
0.8825
0.8797
0.9079
0.8859
0.8461
0.9117
0.8168
0.6791
0.703
0.68
0.599
0.7194
0.7562
0.8146
0.8077
0.8616
0.6285
0.6852
0.7255
0.8184
0.9011
0.8671
0.7856
0.5631
0.8252
0.7185
0.655
0.6483
0.5719
0.4892
0.4391
0.5766
0.6118
0.7664
0.7319
0.6003
0.4627
0.6338
0.7547
0.543
0.8544
0.8877
0.8075
0.8255
0.8076
0.84
0.8279
0.7769
0.7668
0.7873
0.7106
0.5538
0.5168
0.5739
0.5706
0.7356
0.7544
0.7891
0.8483
0.7406
0.68
0.7468
0.69
0.7068
0.7731
0.779
0.8223
0.7732
0.5655
0.6148
0.5464
0.5506
0.5411
0.77
0.7893
0.9083
0.8091
0.7118
0.7113
0.6706
0.6347
0.731
0.5262
0.5338
0.6369
0.6216
0.6177
0.6734
0.8942
0.7587
0.7296
0.8057
0.8767
0.7067
0.8886
0.7843
0.8019
0.7316
0.7521
0.8297
0.8879
0.7297
0.6147
0.5657
0.6123
0.6643
0.7433
0.6655
0.6919
0.6442
0.7552
0.7821
0.7029
0.7007
0.7416
0.7345
0.7268
0.6772
0.6416
0.7765
0.801
0.7591
0.5674
0.4349
0.4934
0.5588
0.6211
0.7186
0.6646
0.6447
0.6736
0.7668
0.7747
0.4257
0.4433
0.6556
0.56
0.525
0.6019
0.7836
0.8224
0.7468
0.7194
0.6976
0.6944
0.6947
0.7221
0.7479
0.6908
0.6573
0.6603
0.6174
0.5346
0.6118
0.6647
0.7133
0.7342
0.7052
0.6751
0.6972
0.7193
0.7866
0.6165
0.5935
0.5183
0.6394
0.675
0.71
0.7945
0.7778
0.7683
0.7988
0.7867
0.8306
0.6574
0.4151
0.3781
0.5529
0.6763
0.7037
0.6053
0.623
0.6285
0.6383
0.6469
0.7364
0.717
0.7028
0.7133
0.7097
0.8079
0.7744
0.6559
0.5324
0.5923
0.6955
0.6961
0.747
0.7289
0.5434
0.6594
0.5434
0.6097
0.7103
0.657
0.6674
0.6654
0.4845
0.5718
0.7035
0.781
0.78
0.8069
0.7603
0.8237
0.8872
0.8017
0.829
0.8088
0.8231
0.7819
0.7497
0.7058
0.7183
0.7725
0.7827
0.8156
0.6214
0.5236
0.6183
0.7888
0.7466
0.7487
0.6906
0.5717
0.6461
0.6366
0.3694
0.3983
0.588
0.7513
0.8384
0.8141
0.7807
0.8055
0.7706
0.7783
0.8347
0.8603
0.8417
0.8097
0.611
0.3835
0.6961
0.7745
0.6684
0.7867
0.7523
0.711
0.7359
0.7717
0.5952
0.5831
0.5888
0.8057
0.8735
0.857
0.8757
0.7374
0.6844
0.6606
0.6009
0.7648
0.8197
0.9
0.7931
0.7914
0.8619
0.6991
0.7421
0.5239
0.5886
0.6925
0.6184
0.5258
0.4681
0.33
0.2897
0.3634
0.5983
0.7437
0.8155
0.7555
0.7271
0.7919
0.8863
0.8458
0.8255
0.8353
0.8386
0.819
0.7862
0.8806
0.8568
0.9145
0.6455
0.7371
0.7706
0.7349
0.73
0.8258
0.8782
0.8327
0.8385
0.7866
0.8235
0.8773
0.8707
0.9143
0.8712
0.793
0.6686
0.8268
0.7097
0.6969
0.6634
0.7184
0.8021
0.8374
0.5074
0.555
0.5519
0.4775
0.4809
0.6483
0.7325
0.7096
0.5533
0.7921
0.8042
0.7617
0.8204
0.865
0.8617
0.8038
0.8279
0.8433
0.7692
0.8304
0.8588
0.8296
0.8671
0.6892
0.5821
0.6479
0.7675
0.8042
0.8204
0.575
0.3933
0.3863
0.4433
0.5917
0.5079
0.3125
0.4921
0.5813
0.4413
0.5246
0.6183
0.7788
0.8979
0.8517
0.9096
0.8473
0.7833
0.7942
0.7679
0.7738
0.4804
0.4579
0.4679
0.4913
0.6238
0.6354
0.555
0.4188
0.6779
0.6588
0.745
0.7271
0.6621
0.5758
0.4129
0.5242
0.7171
0.7579
0.585
0.6175
0.5008
0.3767
0.3725
0.5946
0.6946
0.7308
0.7638
0.7429
0.8092
0.7992
0.8338
0.8346
0.7429
0.8317
0.8463
0.8842
0.8542
0.8342
0.8525
0.8454
0.8008
0.8233
0.7875
0.82
0.8421
0.6596
0.7517
0.8296
0.8758
0.8221
0.8217
0.7296
0.7008
0.7983
0.5017
0.4079
0.4633
0.635
0.6425
0.7021
0.7521
0.78
0.6888
0.7158
0.6963
0.7129
0.6792
0.6858
0.7808
0.8571
0.73
0.6346
0.7129
0.6921
0.6775
0.5133
0.5733
0.7713
0.7667
0.6888
0.5304
0.485
0.7229
0.7171
0.6983
0.7996
0.6896
0.7929
0.8288
0.7017
0.6546
0.7742
0.8858
0.6067
0.7233
0.6425
0.7079
0.7504
0.6142
0.7214
0.5765
-99
-99
-99
-99
0.595
0.4775
0.5154
0.675
0.765
0.6454
0.6379
0.6433
0.4863
0.6133
0.6563
0.6625
0.7658
0.7704
0.8413
0.8604
0.7508
0.5108
0.5704
0.6288
0.6588
0.7292
0.7467
0.6904
0.7483
0.7046
0.7254
0.77
0.8325
0.6983
0.6483
0.5963
0.5292
0.5846
0.6729
0.6208
0.5308
0.7304
0.57
0.595
0.8108
0.7167
0.5188
0.5688
0.6129
0.6071
0.5292
0.8321
0.8317
0.7158
0.6658
0.7179
0.6358
0.67
0.7621
0.7921
0.8325
0.7775
0.8155
0.775
0.7929
0.5396
0.5625
0.6979
0.7513
0.5488
0.45
0.625
0.6429
0.6721
0.5883
0.7363
0.8388
0.8179
0.6913
0.7325
0.7483
0.5921
0.6333
0.7854
0.8592
0.8025
0.7017
0.5867
0.6079
0.6779
0.6179
0.8
0.8221
0.8642
0.7413
0.7763
0.7563
0.6971
0.7963
0.7975
0.8296
0.8729
0.8704
0.8583
0.8492
0.9292
0.8513
0.8846
0.8204
0.8138
0.85
0.7983
0.8063
0.8171
0.6329
0.3821
0.7192
0.7429
0.7533
0.8217
0.8483
0.8513
0.8792
0.7942
0.8746
0.8629
0.7983
0.665
0.8121
0.585
0.4621
0.7288
0.8746
0.82
0.7946
0.8258
0.8821
0.8913
0.9242
0.9379
0.9554
0.9771
-99
-99
0.9408
0.95
0.945
0.955
0.8713
0.9413
0.9125
0.8442
0.8683
0.9163
0.9325
0.9275
0.8979
0.9288
0.9125
0.8196
0.8213
0.9075
0.785
0.5946
0.8121
0.8392
0.7867
0.7613
0.6608
0.8108
0.8396
0.9013
0.8288
0.7917
0.7733
0.7358
0.7088
0.7967
0.8404
0.8867
0.8075
0.6692
0.6904
0.8154
0.8392
0.8363
0.825
0.7204
0.6858
0.7963
0.7508
0.7425
0.7263
0.8333
0.7604
0.8025
0.8388
0.6446
0.5796
0.7504
0.7558
0.6804
0.7479
0.76
0.8088
0.6779
0.4729
0.7088
0.8079
0.8275
0.8642
0.8629
0.8692
0.8779
0.8713
0.6663
0.4708
0.6983
0.8167
0.8246
0.845
0.7029
0.5342
0.5554
0.8608
0.9008
0.9054
0.8292
0.8975
0.8725
0.8875
0.8587
0.8671
0.9383
0.8821
0.9233
0.9446
0.925
0.785
0.8642
0.8167
0.7129
0.7454
0.7663
0.8063
0.8096
0.8433
0.8783
0.9008
0.8683
0.7058
0.8733
0.9325
0.9271
0.775
0.7708
0.6392
0.8071
0.8083
0.7304
0.665
0.7383
0.7446
0.7863
0.8413
0.8417
0.8333
0.6667
0.5871
0.5763
0.7404
0.835
0.8138
0.6008
0.6783
0.7183
0.8271
0.6329
0.6658
0.7733
0.7946
0.6063
0.5304
0.5042
0.4533
0.6388
0.8671
0.8117
0.7929
0.5721
0.5729
0.5217
0.8029
0.855
0.7442
0.8171
0.85
0.9067
0.8763
0.8188
0.8654
0.8146
0.755
0.7617
0.7779
0.775
0.7696
0.7454
0.8038
0.7479
0.8425
0.7567
0.7971
0.7588
0.8063
0.8463
0.7667
0.8254
0.8304
0.6488
0.4833
0.6354
0.7021
0.6475
0.6871
0.8008
0.6375
0.4863
0.7483
0.7971
0.8108
0.7975
0.8179
0.7658
0.59
0.5529
0.5179
0.4321
0.4346
0.5717
0.7617
0.7867
0.7367
0.7342
0.6946
0.7096
0.6933
0.7471
0.745
0.7813
0.7388
0.85
0.885
0.7588
0.6958
0.7379
0.83
0.7871
0.5958
0.6675
0.745
0.6525
0.525
0.5654
0.6542
0.7054
0.6775
0.6238
0.6392
0.4604
0.345
0.4688
0.36
0.33
0.5692
0.6704
0.6108
0.6871
0.8225
0.8025
0.7229
0.7508
0.7375
0.7117
0.7054
0.7358
0.8283
0.8129
0.8204
0.8425
0.8175
0.7004
0.6729
0.7254
0.7917
0.7338
0.6825
0.7796
0.7096
0.5808
0.6908
0.6875
0.5592
0.7317
0.8008
0.7796
0.6654
0.6571
0.7292
0.7833
0.6554
0.7217
0.6617
0.6938
0.7458
0.7629
0.7196
0.7038
0.7392
0.7292
0.6538
0.8788
-99
0.6592
0.6338
0.7217
0.6538
0.6133
0.64
0.6667
0.7254
0.7317
0.7183
0.64
0.6467
0.4379
0.4325
0.4067
0.5104
0.6017
0.48
0.6488
0.6608
0.7596
0.7704
0.7354
0.8854
0.825
0.6846
0.6963
0.7742
0.6271
0.7313
0.7629
0.7571
0.7921
0.8492
0.7683
0.6796
0.8167
0.8133
0.4988
0.5213
0.8075
0.889
0.7833
0.7617
0.8088
0.8858
0.8454
0.7958
0.8346
0.8113
0.8275
0.8858
0.9154
0.9129
0.8538
0.8913
0.83
0.8317
0.7925
0.8588
0.8513
0.8983
0.9025
0.9033
0.7229
0.5242
0.7388
0.8617
0.8917
0.84
0.8313
0.8417
0.7058
0.8071
0.7292
0.8283
0.8213
0.8088
0.8867
0.8671
0.8271
0.8633
0.7717
0.8296
0.8783
0.8671
0.875
0.905
0.8196
0.7696
0.8608
0.7613
0.7642
0.7517
0.8496
0.8683
0.8842
0.8904
0.8075
0.8121
0.8758
0.7692
0.4488
0.6275
0.7842
0.8104
0.8754
0.8667
0.8967
0.895
0.875
0.9175
0.8238
0.7208
0.8721
0.8479
0.8713
0.8442
0.8229
0.8683
0.8825
0.8586
0.7733
0.7742
0.7854
0.8183
0.8779
0.7825
0.7338
0.5833
0.8013
0.7954
0.7988
0.7721
0.8275
0.8008
0.6929
0.7592
0.8242
0.8113
0.7263
0.8342
0.8417
0.7771
0.7579
0.8713
0.8817
0.8004
0.5038
0.6771
0.6713
0.5696
0.7408
0.5596
0.5908
0.7321
0.8321
0.8888
0.8896
0.8746
0.81
0.87
0.9033
0.715
0.8175
0.8354
0.8229
0.86
0.8517
0.8717
0.8346
0.7192
0.84
0.8288
0.8775
0.8913
0.875
0.7913
0.8621
0.8342
0.7738
0.8746
0.8563
0.8696
0.7167
0.5371
0.7779
0.62
0.5196
0.7308
0.82
0.8242
0.8063
0.8471
0.8808
0.8679
0.8933
0.8329
0.8504
0.8583
0.8021
0.8146
0.7946
0.82
0.8408
0.865
0.8046
0.69
0.7446
0.9179
0.9225
0.8292
0.8754
0.8654
0.8417
0.8846
0.8683
0.9154
0.7888
0.7821
0.855
0.8325
0.7538
0.8117
0.7067
0.6421
0.7017
0.7883
0.5171
0.4338
0.3446
0.4188
0.6896
0.7063
0.6675
0.7713
0.82
0.6408
0.7983
0.7133
0.5321
0.3942
0.4196
0.5883
0.6179
0.7188
0.8838
0.8417
0.8425
0.6742
0.8408
0.8579
0.8708
0.8546
0.9267
0.6967
0.7792
0.7138
0.7754
0.7783
0.8717
0.8496
0.8546
0.8975
0.9542
0.7996
0.7263
0.7775
0.7579
0.7279
0.7888
0.9017
0.8783
0.8229
0.7596
0.6425
0.72
0.7546
0.7958
0.8417
0.8217
0.7346
0.925
0.7542
0.8854
0.8138
0.7017
0.5404
0.4758
0.7246
0.8004
0.6963
0.7338
0.7029
0.6183
0.7546
0.7688
0.7971
0.7675
0.7446
0.7921
0.745
0.7329
0.65
0.6529
0.6921
0.7804
0.8367
0.8138
0.6088
0.5713
0.7575
0.8017
0.6975
0.4654
0.585
0.7263
0.6896
0.7317
0.7283
0.7075
0.725
0.62
0.7188
0.6858
0.6467
0.7221
0.715
0.7588
0.7121
0.8125
0.8213
0.75
0.6375
0.6342
0.6313
0.6392
0.6429
0.5567
0.6796
0.7138
0.7654
0.6979
0.6729
0.6108
0.6508
0.7021
0.5371
0.7021
0.69
0.7379
0.5454
0.5413
0.6946
0.7438
0.7363
0.7633
0.6454
0.7263
0.7742
0.7058
0.7513
0.6604
0.6283
0.6788
0.645
0.5796
0.655
0.7158
0.6992
0.6317
0.6796
0.6383
0.6896
0.73
0.6425
0.4713
0.6658
0.7192
0.82
0.7117
0.7492
0.6254
0.5883
0.7808
0.8129
0.7033
0.6946
0.7146
0.5171
0.5329
0.675
0.9092
0.7171
0.8392
0.8467
0.8354
0.8271
0.7413
0.7333
0.805
0.8733
0.7888
0.6396
0.585
0.6925
0.7629
0.6763
0.4913
0.325
0.4058
0.5483
0.7854
0.7913
0.6821
0.7204
0.6542
0.8013
0.86
0.7408
0.7271
0.7813
0.6008
0.4821
0.7129
0.8246
0.8588
0.8292
0.7575
0.6004
0.5042
0.4046
0.615
0.7258
0.7921
0.8342
0.8658
0.9117
0.8096
0.8283
0.8079
0.7475
0.8621
0.7088
0.8454
0.7488
0.7675
0.7817
0.8604
0.8729
0.895
0.8863
0.7013
0.6429
0.6442
0.5904
0.6908
0.8167
0.7975
0.6804
0.7471
0.7638
0.7825
0.7383
0.4258
0.3967
0.6279
0.7529
0.7925
0.7992
0.7396
0.6458
0.4879
0.7725
0.5883
0.6021
0.7392
0.6129
0.6408
0.6242
0.3929
0.3875
0.7192
0.7396
0.7779
0.8592
0.8471
0.9313
0.705
0.5513
0.5058
0.3963
0.3667
0.6596
0.7533
0.7804
0.8338
0.8083
0.7775
0.7621
0.8504
0.8579
0.8988
0.6838
0.7983
0.6717
0.4438
0.4304
0.6954
0.7171
0.8279
0.8279
0.8496
0.8621
0.8708
0.885
0.8508
0.8938
0.8567
0.7963
0.8933
0.8546
0.755
0.8613
0.8758
0.6992
0.6438
0.86
0.8604
0.8946
0.8738
0.8833
0.835
0.8183
0.8321
0.9213
0.8804
0.7588
0.7771
0.79
0.7546
0.69
0.7317
0.7483
0.7646
0.7325
0.8433
0.8892
0.7246
0.6879
0.8388
0.7221
0.7458
0.7621
0.6913
0.7883
0.7875
0.8129
0.8183
0.6108
0.7954
0.8275
0.8529
0.8033
0.7717
0.8096
0.8038
0.8263
0.8296
0.8129
0.8096
0.8113
0.8446
0.8408
0.8292
0.8263
0.8963
0.9042
0.8629
0.8238
0.8013
0.8558
0.8854
0.8938
0.8642
0.9221
0.8175
0.8433
0.8363
0.8304
0.6025
0.3842
0.3192
0.4917
0.7067
0.8108
0.7521
0.7896
0.8304
0.8254
0.8454
0.8383
0.8133
0.7958
0.8067
0.6758
0.3558
0.6229
0.7454
0.6092
0.6875
0.7471
0.8429
0.7821
0.7329
0.7554
0.69
0.6442
0.3821
0.4783
0.4583
0.5017
0.7308
0.8313
0.6146
0.7558
0.6775
0.6188
0.805
0.7267
0.6529
0.7871
0.7017
0.7733
0.8225
0.7958
0.6708
0.7908
0.8179
0.8204
0.7442
0.7554
0.7396
0.7604
0.7383
0.7842
0.6704
0.7908
0.6879
0.7192
0.6383
0.6317
0.6929
0.7883
0.7425
0.7713
0.9158
0.8925
0.805
0.8688
0.7363
0.7029
0.7563
0.855
0.8033
0.8242
0.6008
0.56
0.6821
0.7938
0.7517
0.6996
0.8892
0.8
0.8608
0.7996
0.7671
0.7471
0.8313
0.9079
0.8354
0.7921
0.7713
0.7792
0.6825
0.5438
0.6804
0.7208
0.7821
0.7608
0.5746
0.7983
0.7504
0.8354
0.8496
0.8246
0.7567
0.6596
0.6871
0.6654
0.5846
0.685
0.7358
0.5958
0.6563
0.56
0.5742
0.635
0.6621
0.6733
0.6213
0.6054
0.64
0.7225
0.6925
0.5683
0.6154
0.7042
0.6688
0.7879
0.7667
0.6842
0.5071
0.5392
0.6954
0.6688
0.7117
0.6746
0.7217
0.4813
0.4188
0.6346
0.7413
0.7183
0.7408
0.685
0.7004
0.7333
0.6104
0.6108
0.6379
0.6567
0.6696
0.7308
0.6788
0.5596
0.6663
0.4542
0.5958
0.7533
0.74
0.6588
0.5158
0.5917
0.6038
0.7304
0.7475
0.7529
0.7304
0.6079
0.7317
0.8467
0.8322
0.7263
0.7321
0.7225
0.7425
0.6975
0.6842
0.6396
0.7421
0.7192
0.7433
0.7333
0.7538
0.6933
0.7188
0.6863
0.7288
0.7908
0.6838
0.7438
0.5688
0.6183
0.5975
0.6458
0.6438
0.7679
0.8221
0.7404
0.7258
0.7496
0.7658
0.6583
0.7317
0.6629
0.7563
0.7404
0.7621
0.7679
0.6821
0.7383
0.7308
0.4475
0.4325
0.7117
0.8021
0.8013
0.7325
0.5388
0.75
0.8525
0.8808
0.8654
0.8288
0.8125
0.8121
0.8383
0.895
0.885
0.8283
0.8096
0.6096
0.5004
0.7579
0.6675
0.7767
0.8283
0.82
0.57
0.6758
0.7708
0.8138
0.8696
0.7229
0.8738
0.8488
0.8833
0.8892
0.9108
0.8779
0.7988
0.7658
0.8325
0.565
0.3788
0.6267
0.745
0.6158
0.8142
0.6742
0.8304
0.8363
0.6588
0.6767
0.8554
0.5429
0.4658
0.6721
0.6738
0.7054
0.5125
0.6817
0.5725
0.7179
0.7367
0.8188
0.8696
0.77
0.7467
0.7992
0.4733
0.5146
0.7908
0.8
0.8846
0.6958
0.7575
0.6992
0.5496
0.6054
0.6617
0.7567
0.8467
0.8713
0.89
0.8321
0.8096
0.7967
0.7013
0.9192
0.85
0.8263
0.8483
0.8242
0.8504
0.7775
0.8492
0.8083
0.6575
0.7129
0.8642
0.9275
0.8413
0.8467
0.8471
0.7088
0.8358
0.8683
0.8813
0.8621
0.7096
0.7083
0.8117
0.8267
0.8908
0.5279
0.6383
0.7446
0.7463
0.8108
0.8592
0.9363
0.905
0.8633
0.8863
0.8771
0.6538
0.7225
0.7546
0.6508
0.5079
0.7667
0.8058
0.7583
0.5792
0.5396
0.6938
0.5192
0.7329
0.6588
0.6183
0.6575
0.65
0.6179
0.6933
0.5313
0.5125
0.7579
0.7979
0.6983
0.8213
0.9192
0.8963
0.7642
0.7613
0.685
0.4071
0.4733
0.7604
0.7575
0.7221
0.7267
0.5688
0.7708
0.7325
0.6358
0.5717
0.6908
0.7829
0.68
0.6671
0.7279
0.5642
0.6438
0.5429
0.5625
0.7496
0.8196
0.8813
0.5996
0.4221
0.7225
0.6758
0.8163
0.7858
0.7408
0.7633
0.7396
0.8388
0.7321
0.8233
0.8725
0.8129
0.7879
0.7283
0.7813
0.7075
0.6908
0.8492
0.7733
0.7758
0.8213
0.6629
0.4438
0.5896
0.7896
0.835
0.8642
0.7617
0.8875
0.83
0.8071
0.6146
0.4833
0.6263
0.6075
0.4408
0.5875
0.6929
0.6538
0.8075
0.8342
0.8283
0.8508
0.8825
0.9038
0.6475
0.64
0.5565
-99
0.6933
0.7079
0.8275
0.7613
0.8375
0.7833
0.8267
0.6133
0.3258
0.4071
0.6263
0.725
0.7867
0.6946
0.5775
0.6329
0.6742
0.7725
0.785
0.725
0.7108
0.7054
0.6421
0.705
0.7158
0.6946
0.7713
0.7838
0.6321
0.635
0.6742
0.7438
0.485
0.3754
0.3963
0.4808
0.7104
0.6879
0.7013
0.6696
0.7238
0.59
0.6496
0.6683
0.6808
0.6296
0.7158
0.7688
0.7179
0.6513
0.6075
0.6913
0.6154
0.6496
0.7738
0.7808
-99
0.7567
0.8013
0.5038
0.5475
0.6829
0.5667
0.5717
0.6796
0.6113
0.525
0.4883
0.6788
0.5629
0.4858
0.6721
0.4804
0.7267
0.6446
0.6113
0.6171
0.6567
0.7108
0.6754
0.835
0.7079
0.7375
0.6517
0.6154
0.5804
0.5783
0.5921
0.7567
0.7846
0.7258
0.59
0.5858
0.6104
0.6463
0.66
0.6496
0.7358
0.7892
0.7088
0.7658
0.6046
0.4129
0.4633
0.6917
0.7296
0.7488
0.7171
0.6925
0.4196
0.5967
0.7679
0.7771
0.7208
0.7633
0.685
0.6875
0.7288
0.8154
0.65
0.6267
0.7975
0.6883
0.7325
0.7804
0.6233
0.5546
0.6992
0.7138
0.6325
0.7479
0.7954
0.7654
0.7617
0.7771
0.8117
0.6296
0.6154
0.7954
0.7783
0.565
0.7896
0.8408
0.7954
0.7883
0.7746
0.6167
0.2729
0.3225
0.2958
0.3417
0.3475
0.315
0.6404
0.7592
0.8713
0.7688
0.7063
0.7983
0.7488
0.7792
0.8329
0.8796
0.905
0.8588
0.8704
0.8546
0.7338
0.755
0.905
0.8763
0.8242
0.8904
0.8133
0.5167
0.5079
0.8104
0.8358
0.8983
0.6558
0.7246
0.8779
0.9513
0.8883
0.8929
0.8733
0.8425
0.7896
0.8313
0.84
0.7813
0.7917
0.8263
0.6867
0.6983
0.7658
0.73
0.8188
0.7417
0.7875
0.8496
0.7783
0.9021
0.8746
0.8488
0.8125
0.8192
0.6979
0.5567
0.5629
0.4954
0.8108
0.6383
0.6971
0.4204
0.5825
0.6975
0.7213
0.7567
0.7454
0.6892
0.855
0.8629
0.7113
0.9075
0.6492
0.5558
0.7175
0.7663
0.7675
0.8575
0.9079
0.7833
0.9017
0.54
0.5563
0.6888
0.8042
0.8229
0.8267
0.7546
0.6396
0.8833
0.8242
0.7792
0.8629
0.9138
0.8388
0.8554
0.8675
0.8654
0.5979
0.5429
0.5608
0.7817
0.8046
0.6104
0.5838
0.7529
0.7696
0.7517
0.9163
0.8171
0.7938
0.6617
0.8763
0.7446
0.4875
0.4533
0.4808
0.6313
0.5775
0.7588
0.945
0.8025
0.8358
0.7158
0.7717
0.7929
0.7046
0.7704
0.8163
0.5779
0.5983
0.8283
0.7083
0.7513
0.7917
0.9042
0.82
0.5608
0.4983
0.7542
0.9221
0.5538
0.5367
0.6983
0.6333
0.7238
0.7283
0.6104
0.6729
0.7108
0.7654
0.8379
0.8729
0.9
0.9208
0.8708
0.84
0.7858
0.5904
0.5675
0.7383
0.5696
0.6421
0.7154
0.7196
0.7604
0.7242
0.785
0.7888
0.7996
0.8146
0.5088
0.5613
0.665
0.6683
0.8667
0.7396
0.7496
0.7421
0.7721
0.7088
0.6863
0.7492
0.625
0.68
0.7625
0.8167
0.7417
0.7025
0.6458
0.6025
0.6375
0.5825
0.8042
0.8154
0.8321
0.8871
0.8608
0.8313
0.8538
0.8188
0.7217
0.7463
0.8275
0.7867
0.8667
0.8746
0.6642
0.5754
0.605
0.5417
0.6358
0.445
0.5125
0.6533
0.7025
0.7063
0.5142
0.3838
0.7142
0.7033
0.7117
0.6063
0.6696
0.7113
0.7542
0.5554
0.5738
0.5938
0.5896
0.7563
0.7158
0.6938
0.8354
0.7154
0.8183
0.7975
0.7446
0.7363
0.6783
0.5946
0.6704
0.7808
0.8225
0.4317
0.4067
0.5525
0.6996
0.6683
0.6333
0.6529
0.6513
0.6679
0.6442
0.5896
0.6558
0.6883
0.7671
0.7567
0.5717
0.4971
0.6675
0.7258
0.7279
0.7592
0.6992
0.5554
0.6483
0.6392
0.5275
0.7096
0.5342
0.4996
0.6433
0.6817
0.6958
0.6738
0.5271
0.44
0.4442
0.4338
0.5179
0.6213
0.7446
0.6221
0.7308
0.7513
0.7842
0.6479
0.6629
0.515
0.4821
0.6675
0.6967
0.7792
0.7846
0.6942
0.7696
0.5508
0.6063
0.7329
0.7092
0.755
0.76
0.7713
0.7938
0.7004
0.5592
0.6725
0.6625
0.6925
0.5638
0.6571
0.4483
0.4567
0.3775
0.4133
0.7163
0.7571
0.7258
0.7342
0.7138
0.6517
0.7446
0.7446
0.6467
0.5679
0.7679
0.7308
0.4517
0.5292
0.7317
0.7342
0.8708
0.7417
0.7258
0.8408
0.9313
0.8425
0.8571
0.8263
0.6375
0.4754
0.6271
0.6617
0.76
0.7592
0.7754
0.8504
0.8004
0.66
0.7733
0.7875
0.8679
0.875
0.8783
0.9183
0.87
0.7996
0.8458
0.8138
0.7971
0.7283
0.5458
0.5063
0.6138
0.6858
0.6833
0.8246
0.8813
0.7638
0.3971
0.3363
0.725
0.7938
0.7821
0.7029
0.6963
0.7229
0.4663
0.7196
0.7583
0.8575
0.9117
0.8546
0.7475
0.6663
0.7133
0.7675
0.7775
0.7846
0.7525
0.8629
0.7054
0.8158
0.8258
0.7996
0.7413
0.8583
0.8046
0.77
0.7075
0.7583
0.5925
0.7871
0.7254
0.8638
0.94
0.8075
0.8404
0.7929
0.7588
0.6454
0.6458
0.7292
0.5471
0.745
0.5675
0.8046
0.7458
0.6508
0.4596
0.3879
0.495
0.6946
0.7633
0.8238
0.825
0.9179
0.8854
0.8967
0.6525
0.5463
0.2463
0.6096
0.845
0.8775
0.8783
0.8992
0.885
0.8271
0.6692
0.8242
0.8513
0.8517
0.7775
0.5621
0.7417
0.8258
0.8296
0.7846
0.81
0.8725
0.8475
0.8754
0.8596
0.845
0.8638
0.4458
0.43
0.5004
0.6729
0.6383
0.7063
0.8058
0.8871
0.8658
0.8425
0.8021
0.6758
0.7046
0.4875
0.4054
0.6588
0.8342
0.8179
0.8717
0.8567
0.8954
0.8971
0.8392
0.8292
0.7842
0.8146
0.66
0.6892
0.8063
0.6683
0.8142
0.8275
0.8121
0.7058
0.6529
0.7038
0.6121
0.7875
0.4692
0.4833
0.4038
0.5721
0.7304
0.8742
0.7671
0.7413
0.7954
0.7329
0.8392
0.7942
0.7929
0.8913
0.8488
0.9183
0.9058
0.9092
0.7829
0.6442
0.5346
0.6658
0.79
0.7958
0.7283
0.7475
0.8142
0.8438
0.7688
0.78
0.8325
0.7717
0.7792
0.8
0.7442
0.805
0.6183
0.6325
0.7329
0.825
0.6713
0.6771
0.5696
0.5383
0.5179
0.465
0.6496
0.6938
0.6563
0.6721
0.6417
0.7521
0.74
0.7629
0.8696
0.8325
0.8146
0.7158
0.5842
0.6196
0.8075
0.8083
0.8017
0.7867
0.8625
0.76
0.6883
0.7071
0.7713
0.84
0.8113
0.82
0.6913
0.6863
0.7742
0.7138
0.805
0.4358
0.5613
0.7158
0.78
0.6992
0.635
0.7
0.6242
0.5746
0.4688
0.5463
0.6888
0.6025
0.575
0.6625
0.7246
0.6517
0.3542
0.6029
0.7521
0.8338
0.7763
0.7779
0.8229
0.8458
0.7325
0.8121
0.6654
0.7646
0.8488
0.6558
0.6013
0.6658
0.7342
0.6117
0.5913
0.7038
0.6233
0.6946
0.5833
0.5325
0.47
0.5908
0.6042
0.7242
0.5417
0.415
0.4771
0.6479
0.6642
0.6183
0.6417
0.6871
0.6833
0.545
0.6783
0.7417
0.7079
0.8213
0.6275
0.5396
0.7088
0.7021
0.6438
0.6346
0.7808
0.7163
0.7204
0.5425
0.5479
0.5867
0.7375
0.8829
0.7729
0.6921
0.72
0.7492
0.725
0.7421
0.7433
0.7483
0.7258
0.7454
0.7033
0.6871
0.5904
0.4467
0.4621
0.7075
0.6621
0.6675
0.7604
0.7329
0.7046
0.6829
0.7671
0.7567
0.7158
0.6925
0.6563
0.7883
0.8292
0.825
0.7592
0.6258
0.7271
0.7263
0.7475
0.7729
0.7946
0.8021
0.7708
0.8013
0.6438
0.6588
0.7596
0.7663
0.7242
0.7088
0.7254
0.6833
0.6683
0.6304
0.73
0.7725
0.7538
0.8363
0.6554
0.6713
0.8079
0.7804
0.8008
0.855
0.7867
0.7796
0.7254
0.7638
0.7979
0.8046
0.7896
0.7554
0.7117
0.5742
0.6825
0.7854
0.5338
0.3963
0.5638
0.61
0.5438
0.5658
0.6221
0.6242
0.7713
0.7779
0.8346
0.8546
0.8158
0.44
0.6092
0.7804
0.8313
0.8771
0.7125
0.6771
0.8367
0.9221
0.8775
0.8238
0.8396
0.8192
0.7938
0.7896
0.8888
0.8563
0.845
0.7321
0.7825
0.8367
0.8779
0.8875
0.9004
0.8654
0.8904
0.8738
0.8988
0.8533
0.8721
0.8929
0.8913
0.8958
0.7883
0.5529
0.8075
0.8546
0.7829
0.84
0.8713
0.8775
0.8258
0.7708
0.7088
0.7254
0.8088
0.7733
0.825
0.8292
0.8479
0.8871
0.8783
0.8821
0.8375
0.8388
0.8354
0.8504
0.4988
0.69
0.5929
0.7338
0.7513
0.8025
0.7146
0.8188
0.4967
0.435
0.755
0.8129
0.8283
0.5154
0.6417
0.7525
0.8067
0.83
0.8546
0.7796
0.86
0.4988
0.6192
0.7742
0.7475
0.765
0.8392
0.8608
0.8529
0.7954
0.8458
0.8613
0.8379
0.8617
0.8154
0.7658
0.8225
0.8225
0.815
0.6954
0.7808
0.8592
0.745
0.5808
0.575
0.5292
0.6675
0.7138
0.5371
0.3313
0.2404
0.4404
0.4963
0.2108
0.3575
0.5538
0.1888
0.3517
0.3892
0.3079
0.5129
0.4817
0.4075
0.5721
0.7638
0.7238
0.3196
0.4538
0.5758
0.43
0.5983
0.8288
0.5504
0.6725
0.7217
0.6967
0.7175
0.6363
0.8042
0.7083
0.3125
0.4233
0.4617
0.4721
0.2975
0.4071
0.4508
0.6404
0.7021
0.7404
0.8542
0.7938
0.7308
0.6704
0.5479
0.5733
0.8688
0.8792
0.8071
0.7546
0.7317
0.6975
0.7083
0.6767
0.6033
0.4975
0.6283
0.6783
0.7621
0.8808
0.8033
0.7608
0.7463
0.6388
0.64
0.6713
0.7221
0.7446
0.7679
0.5592
0.775
0.5604
0.4242
0.4642
0.8308
0.8163
0.7908
0.7604
0.7496
0.7033
0.7442
0.7079
0.8033
0.8708
0.845
0.6113
0.6988
0.7154
0.6475
0.6486
0.6459
0.5996
0.7308
0.7383
0.8033
0.7904
0.7258
0.7229
0.7021
0.7075
0.6567
0.6967
0.4654
0.7308
0.8025
0.8571
0.905
0.85
0.8704
0.68
0.6738
0.6929
0.8196
0.745
0.7771
0.6521
0.6725
0.6791
0.6583
0.7067
0.8117
0.7879
0.7221
0.7875
0.6604
0.5204
0.62
0.7504
0.7279
0.7325
0.7129
0.6479
0.5942
0.595
0.7046
0.6817
0.7075
0.5883
0.5954
0.4408
0.5608
0.5971
0.6067
0.63
0.6529
0.7092
0.7708
0.7938
0.55
0.6338
0.6896
0.6246
0.7692
0.6988
0.675
0.6346
0.665
0.7246
0.5988
0.6392
0.7592
0.5404
0.4771
0.5288
0.5608
0.5746
0.67
0.6913
0.3933
0.3013
0.4296
0.5733
0.5946
0.6463
0.7475
0.6563
0.6979
0.715
0.6663
0.7354
0.6463
0.5671
0.5946
0.6613
0.585
0.5371
0.6246
0.6338
0.5454
0.5783
0.5767
0.56
0.6325
0.6217
0.625
0.7375
0.7058
0.6238
0.8033
0.7142
0.5692
0.6321
0.7038
0.585
0.4917
0.6871
0.7342
0.7833
0.7425
0.4246
0.2725
0.3646
0.3621
0.4871
0.6221
0.6508
0.695
0.7704
0.8446
0.78
0.7529
0.8004
0.4354
0.3258
0.6704
0.7733
0.8446
0.895
0.6168
0.5983
0.7996
0.8188
0.7579
0.6208
0.5721
0.6929
0.7738
0.6346
0.7425
0.6863
0.7517
0.7875
0.7638
0.8354
0.8579
0.8367
0.7692
0.7942
0.8288
0.8117
0.8479
0.7688
0.6913
0.6704
0.6429
0.6404
0.7067
0.8738
0.8846
0.8979
0.8292
0.8363
0.8392
0.8475
0.9004
0.8388
0.6613
0.2954
0.5475
0.8163
0.8771
0.7454
0.7563
0.6313
0.8163
0.6671
0.825
0.7471
0.7571
0.8046
0.8038
0.6458
0.4679
0.5217
0.7458
0.8296
0.8875
0.8658
0.89
0.8346
0.9148
0.8008
0.8321
0.8496
0.7438
0.8575
0.7888
0.8688
0.6279
0.4729
0.5808
0.7058
0.7025
0.7671
0.8496
0.8133
0.7146
0.7621
0.5321
0.7696
0.7196
0.6579
0.8183
0.7613
0.6313
0.8204
0.8008
0.8392
0.9063
0.9225
0.7688
0.8246
0.8546
0.8633
0.9367
0.8942
0.6758
0.8638
0.8479
0.8242
0.7879
0.7738
0.8033
0.5746
0.5342
0.7954
0.5558
0.6863
0.8688
0.9354
0.9496
0.8358
0.7679
0.8704
0.8067
0.6925
0.7496
0.7633
0.5963
0.7913
0.8554
0.7475
0.8217
0.6913
0.6546
0.6908
0.4429
0.8538
0.8721
0.6171
0.8575
0.7988
0.815
0.8629
0.6008
0.3054
0.61
0.7808
0.6738
0.4358
0.6192
0.4833
0.67
0.6946
0.5604
0.5871
0.7417
0.6575
0.6008
0.76
0.8542
0.8496
0.8392
0.855
0.8829
0.4983
0.4883
0.5158
0.6504
0.6683
0.8096
0.7863
0.7108
0.8617
0.8664
0.9075
0.9146
0.8796
0.7992
0.84
0.7896
0.7458
0.8642
0.6933
0.4442
0.4867
0.7738
0.7546
0.815
0.8446
0.7796
0.7888
0.7871
0.89
0.8975
0.7946
0.7738
0.9575
0.9275
0.8467
0.8588
0.855
0.9371
0.8538
0.8583
0.8854
0.7929
0.6213
0.7204
0.8488
0.7425
0.7871
0.7663
0.7858
0.7696
0.6583
0.6826
0.7104
0.6946
0.7858
0.6421
0.4788
0.6746
0.5092
0.6192
0.7158
0.82
0.8229
0.7779
0.7313
0.8563
0.8425
0.7092
0.7225
0.6929
0.7096
0.6763
0.7104
0.6846
0.7275
0.7871
0.6208
0.6208
0.6108
0.6717
0.8046
0.7971
0.8029
0.735
0.6629
0.8388
0.8117
0.7196
0.5954
0.5642
0.6675
0.83
0.8017
0.8171
0.8758
0.8671
0.8154
0.7433
0.4896
0.4508
0.5667
0.7796
0.7196
0.6925
0.6867
0.8154
0.7658
0.7846
0.7483
0.6975
0.6658
0.6867
0.7596
0.6658
0.7925
0.8158
0.715
0.785
0.8279
0.8413
0.7821
0.4946
0.4692
0.4875
0.5763
0.5629
0.7467
0.6533
0.7392
0.7733
0.8063
0.7292
0.6588
0.6588
0.6246
0.6579
0.6454
0.7125
0.76
0.6938
0.79
0.6754
0.6317
0.69
0.7346
0.7692
0.8542
0.8746
0.8038
0.765
0.7721
0.6967
0.635
0.6842
0.8008
0.7042
0.6321
0.7013
0.7029
0.6479
0.6079
0.7713
0.7596
0.6525
0.7783
0.7842
0.64
0.6321
0.5796
0.6275
0.7325
0.7071
0.6663
0.6638
0.8021
0.765
0.7667
0.7713
0.4625
0.7088
0.7538
0.7954
0.8604
0.73
0.8519
0.7975
0.7458
0.7233
0.5267
0.49
0.5367
0.5717
0.6867
0.7717
0.7271
0.7883
0.8888
0.8604
0.7992
0.86
0.6692
0.6396
0.7804
0.8121
0.7958
0.8096
0.69
0.8033
0.6208
0.6775
0.7392
0.7717
0.7875
0.7892
0.8475
0.8383
0.8225
0.7879
0.8096
0.8304
0.8621
0.9308
0.8883
0.925
0.7942
0.6692
0.7825
0.7633
0.6255
0.7538
0.73
0.7663
0.8075
0.8475
0.8846
0.825
0.8258
0.9155
0.89
0.835
0.8233
0.8079
0.7454
0.795
0.8817
0.9133
0.8583
0.6254
0.5575
0.4229
0.4533
0.6679
0.7813
0.7758
0.8425
0.7971
0.8163
0.8504
0.8767
0.5971
0.683
0.2804
0.4675
0.5829
0.5792
0.4679
0.6854
0.9213
0.9046
0.6704
0.5646
0.71
0.5783
0.5188
0.5
0.4596
0.4492
0.5838
0.7258
0.7275
0.7754
0.4538
0.6842
0.7729
0.765
0.7404
0.7021
0.71
0.8446
0.9225
0.9342
0.8117
0.8867
0.9083
0.8579
0.8733
0.89
0.9
0.8217
0.8096
0.4854
0.6346
0.6946
0.7546
0.7213
0.6496
0.6496
0.7754
0.6963
0.765
0.8758
0.8371
0.7458
0.7233
0.9013
0.7746
0.725
0.8675
0.9267
0.9258
0.9421
0.865
0.8971
0.9258
0.9175
0.8363
0.8633
0.7408
0.6292
0.8367
0.8908
0.7992
0.8475
0.9158
0.7754
0.7917
0.8429
0.8279
0.8396
0.7804
0.7838
0.7367
0.8388
0.8263
0.7121
0.7504
0.7163
0.7188
0.7608
0.8146
0.6167
0.7142
0.7925
0.7254
0.6517
0.7321
0.6986
-99
-99
0.7583
0.7671
0.6021
0.8329
0.8692
0.8254
0.7913
0.8067
0.74
0.7554
0.8642
0.7588
0.7363
0.7621
0.7646
0.5554
0.5258
0.5883
0.7713
0.7658
0.7571
0.6713
0.7338
0.7667
0.7742
0.7967
0.5588
0.3354
0.6025
0.8088
0.7629
0.8613
0.8117
0.7629
0.745
0.725
0.8096
0.7071
0.6896
0.7913
0.8233
0.8775
0.8729
0.7421
0.8996
0.9433
0.6142
0.6413
0.7675
0.7775
0.7367
0.6359
0.7208
0.8992
0.8767
0.7333
0.725
0.7208
0.7046
0.7921
0.7775
0.6713
0.8763
0.9071
0.9063
0.7796
0.71
0.615
0.7054
0.7471
0.8067
0.8017
0.7821
0.7663
0.5933
0.4604
0.5146
0.6448
0.5857
0.8092
0.6821
0.7442
0.7592
0.7417
0.6717
0.6413
0.4213
0.3
0.4946
0.6125
0.7738
0.7321
0.8354
0.8942
0.7221
0.6033
0.7263
0.7171
0.9075
0.8767
0.8692
0.7633
0.7938
0.6271
0.4704
0.5829
0.6029
0.6463
0.6858
0.86
0.8475
0.7204
0.6038
0.7113
0.6988
0.6383
0.5517
0.7188
0.4875
0.5382
0.7577
0.7548
0.6792
0.6413
0.6123
0.7956
0.8008
0.7019
0.8229
0.7867
0.7483
0.5888
0.6315
0.7015
0.7669
0.8248
0.7156
0.7567
0.7606
0.6321
0.8817
0.7481
0.7671
0.6544
0.5702
0.6756
0.7767
0.8019
0.7431
0.6996
0.6492
0.6435
0.8088
0.7904
0.7242
0.5817
0.7104
0.7046
0.8208
0.7577
0.676
0.8698
0.7171
0.6179
0.7275
0.8429
0.8642
0.806
0.8098
0.695
0.7106
0.8192
0.7277
0.8265
0.8523
0.6771
0.6867
0.6138
0.6288
0.7123
0.5167
0.7346
0.7885
0.7081
0.6819
0.7844
0.941
0.7715
0.8073
0.8496
0.7773
0.8071
0.8104
0.8377
0.775
0.8171
0.6925
0.7288
0.7258
0.8375
0.826
0.8375
0.8621
0.8446
0.8229
0.7696
0.7688
0.7977
0.7742
0.841
0.8683
0.866
0.885
0.8888
0.8206
0.8323
0.8394
0.8473
0.7021
0.7579
0.4952
0.7117
0.8096
0.9519
0.9308
0.9084
0.8444
0.7879
0.8342
0.8742
0.8175
0.7902
0.8165
0.8008
0.7992
0.8631
0.83
0.7594
0.7129
0.8573
0.7946
0.7648
0.7906
0.871
0.9063
0.9004
0.8542
0.4181
0.4648
0.6738
0.7781
0.8392
0.8631
0.8677
0.8738
0.884
0.8835
0.8665
0.8442
0.7533
0.7627
0.6602
0.7648
0.8017
0.7856
0.734
0.8585
0.7792
0.814
0.8369
0.8519
0.7123
0.6798
0.7881
0.845
0.8725
0.9025
0.8717
0.9123
0.9358
0.9473
0.9308
0.9708
0.9304
0.8675
0.926
0.9323
0.725
0.6485
0.7046
0.861
0.6955
0.7333
0.6129
0.7535
0.4342
0.4544
0.7831
0.8719
0.8175
0.8679
0.9108
0.6804
0.9204
0.8127
0.889
0.8652
0.9138
0.9085
0.9181
0.8985
0.8156
0.7013
0.9092
0.6385
0.3581
0.3965
0.5902
0.715
0.8177
0.775
0.8156
0.8413
0.8717
0.8677
0.8742
0.8256
0.8167
0.774
0.7225
0.7433
0.8627
0.6508
0.7898
0.7883
0.7148
0.9335
0.6556
0.7254
0.7335
0.559
0.3792
0.3171
0.4704
0.6285
0.6108
0.8302
0.7719
0.7763
0.685
0.736
0.7846
0.5427
0.3633
0.496
0.7508
0.615
0.5306
0.8015
0.8142
0.8658
0.7683
0.8585
0.7665
0.5154
0.5596
0.6419
0.8298
0.7929
0.7127
0.4381
0.636
0.5942
0.5467
0.7563
0.594
0.571
0.8458
0.7717
0.8131
0.7006
0.2979
0.4829
0.7865
0.8052
0.8319
0.8044
0.6498
0.7206
0.7731
0.8204
0.8165
0.9231
0.9204
0.9098
0.8156
0.8625
0.9135
0.8644
0.8862
0.9263
0.5319
0.5567
0.5906
0.646
0.8035
0.7798
0.776
0.5623
0.7002
0.7825
0.7019
0.5413
0.6046
0.716
0.6194
0.6948
0.6946
0.7985
0.7627
0.74
0.6438
0.6552
0.804
0.8227
0.7929
0.8729
0.8246
0.7719
0.7848
0.7954
0.7242
0.8102
0.8181
0.8944
0.5771
0.8302
0.7302
0.8194
0.7325
0.8675
0.8713
0.8296
0.6433
0.69
0.6783
0.7244
0.7306
0.865
0.755
0.8129
0.6996
0.4146
0.3988
0.459
0.6788
0.7742
0.7079
0.4125
0.3481
0.4
0.5242
0.5765
0.5156
0.5304
0.6675
0.6704
0.6733
0.656
0.6385
0.6048
0.6958
0.6185
0.544
0.6158
0.6363
0.6388
0.7008
0.7373
0.825
0.8198
0.8135
0.7477
0.7277
0.7156
0.4473
0.5354
0.5744
0.4213
0.6279
0.6329
0.7267
0.6417
0.6877
0.5902
0.6752
0.6652
0.5985
0.6413
0.7173
0.6415
0.5621
0.4873
0.4827
0.5963
0.7588
0.5758
0.4604
0.6006
0.7369
0.6921
0.6121
0.6379
0.6717
0.7508
0.8017
0.715
0.7092
0.6638
0.6052
0.7229
0.6704
0.8025
0.5985
0.6294
0.6981
0.6765
0.8146
0.7198
0.721
0.7327
0.7327
0.823
0.7431
0.7017
0.7435
0.8283
0.836
0.7829
0.7881
0.7815
0.8008
0.7883
0.7367
0.8227
0.7863
0.7375
0.8029
0.7425
0.7271
0.7267
0.8329
0.7981
0.6935
0.7113
0.7727
0.7517
0.8065
0.8263
0.8235
0.8348
0.6473
0.7106
0.7781
0.8794
0.6567
0.5379
0.6935
0.7325
0.7679
0.9002
0.8367
0.841
0.7429
0.7096
0.7221
0.6869
0.5877
0.669
0.6352
0.5875
0.7902
0.7806
0.5038
0.584
0.6931
0.6933
0.7633
0.7946
0.889
0.8723
0.7335
0.8752
0.8292
0.8463
0.804
0.8263
0.6131
0.6473
0.6429
0.7567
0.87
0.8529
0.8396
0.7527
0.6346
0.8392
0.8844
0.88
0.8433
0.7077
0.5608
0.6825
0.8269
0.9412
0.8486
0.9325
0.884
0.7596
0.8346
0.8704
0.8496
0.8408
0.9133
0.8263
0.8715
0.9081
0.8883
0.9102
0.8948
0.9054
0.8598
0.9167
0.9306
0.8527
0.7825
0.8015
0.8302
0.8579
0.8198
0.8398
0.88
0.7021
0.4604
0.4092
0.605
0.7279
0.6194
0.5396
0.7254
0.7979
0.8346
0.8735
0.9173
0.9138
0.9098
0.929
0.9325
0.9567
0.9377
0.8275
0.9065
0.9029
0.9035
0.9458
0.9154
0.9088
0.8856
0.9304
0.9075
0.9304
0.8946
0.8813
0.8938
0.911
0.7975
0.9329
0.9208
0.9519
0.7921
0.7733
0.8833
0.889
0.8677
0.8438
0.8271
0.9367
0.9763
0.8338
0.836
0.8315
0.8631
0.5219
0.6429
0.789
0.7769
0.7927
0.5252
0.3733
0.5679
0.8029
0.8515
0.8677
0.8827
0.8848
0.8717
0.9044
0.8444
0.8467
0.8848
0.8454
0.9056
0.9033
0.8852
0.806
0.8881
0.6817
0.465
0.6973
0.6506
0.8206
0.7748
0.6479
0.741
0.9196
0.7638
0.8227
0.8225
0.5177
0.4923
0.6933
0.764
0.754
0.7923
0.6373
0.7133
0.8179
0.8319
0.8185
0.8538
0.8246
0.8096
0.5938
0.6129
0.7117
0.6381
0.7204
0.7775
0.6681
0.7804
0.4125
0.621
0.4296
0.4394
0.4917
0.6179
0.7823
0.8267
0.8281
0.9
0.8752
0.8575
0.9346
0.7998
0.5881
0.4794
0.5565
0.8181
0.7665
0.6944
0.7517
0.884
0.7896
0.7813
0.5673
0.8708
0.6565
0.7679
0.8075
0.5465
0.571
0.5473
0.6673
0.7408
0.6823
0.645
0.7069
0.5933
0.6223
0.6333
0.7008
0.6338
0.5558
0.7073
0.8935
0.8477
0.8683
0.6373
0.5994
0.7863
0.7654
0.7415
0.7267
0.8271
0.3613
0.3425
0.4804
0.5525
0.7092
0.8085
0.8202
0.9442
0.9425
0.8288
0.8594
0.836
0.8635
0.7569
0.7427
0.7129
0.7021
0.8446
0.8377
0.7075
0.6454
0.7206
0.7279
0.7298
0.7521
0.824
0.7798
0.8279
0.7827
0.8485
0.89
0.8919
0.7748
0.7223
0.8594
0.7808
0.749
0.7121
0.6621
0.614
0.6842
0.724
0.7256
0.7848
0.7577
0.7825
0.7088
0.7292
0.8206
0.5396
0.546
0.6529
0.6435
0.4846
0.585
0.5877
0.4919
0.5879
0.7069
0.6598
0.7173
0.7196
0.6598
0.6044
0.6319
0.5919
0.645
0.6604
0.6625
0.595
0.616
0.6935
0.6238
0.4504
0.461
0.3433
0.5117
0.6446
0.6108
0.5838
0.7423
0.7433
0.7394
0.4531
0.4783
0.5625
0.6306
0.6108
0.6795
0.7546
0.6538
0.7106
0.5552
0.7115
0.729
0.6365
0.4996
0.41
0.4713
0.5965
0.7333
0.4331
0.4165
0.6148
0.6698
0.7258
0.7046
0.7604
0.7619
0.73
0.7748
0.6981
0.475
0.541
0.6173
0.6667
0.6575
0.7202
0.7583
0.8304
0.671
0.6381
0.7623
0.6419
0.6333
0.7331
0.6929
0.5558
0.5479
0.6929
0.7596
0.7473
0.7223
0.6565
0.7035
0.774
0.924
0.6629
0.646
0.7983
0.7152
0.614
0.714
0.7983
0.8115
0.8573
0.7835
0.8892
0.8146
0.6638
0.6756
0.8
0.7692
0.8185
0.8479
0.7942
0.7775
0.7596
0.914
0.8538
0.7152
0.5181
0.466
0.5325
0.8215
0.9717
0.9315
0.8604
0.8329
0.9048
0.7715
0.75
0.5819
0.5896
0.9456
0.8615
0.9479
0.936
0.9017
0.8556
0.8556
0.8894
0.8983
0.879
0.8406
0.8721
0.88
0.8933
0.7206
0.8119
0.796
0.7423
0.7804
0.8781
0.7654
0.8154
0.8877
0.6123
0.7221
0.8463
0.8915
0.8915
0.7848
0.6742
0.8356
0.9206
0.9354
0.8146
0.8385
0.8727
0.9183
0.8985
0.9185
0.8858
0.8915
0.8573
0.8954
0.9525
0.8928
0.8711
0.8913
0.9173
0.9079
0.9273
0.8733
0.8454
0.8748
0.8815
0.9121
0.9229
0.8198
0.876
0.8885
0.7617
0.6219
0.8575
0.8535
0.8871
0.8815
0.8775
0.8248
0.8488
0.8658
0.9013
0.9033
0.9092
0.9033
0.8525
0.8709
0.5433
0.6117
0.7858
0.6546
0.7625
0.7765
0.6325
0.805
0.6363
0.5413
0.5444
0.6138
0.4
0.5144
0.6527
0.845
0.7473
0.9213
0.7838
0.6342
0.7919
0.8965
0.9048
0.8671
0.8208
0.8938
0.9263
0.9263
0.8015
0.6842
0.7094
0.8154
0.4438
0.7279
0.5898
0.5529
0.7898
0.8667
0.8596
0.8829
0.8752
0.9454
0.9098
0.8998
0.874
0.8567
0.831
0.8127
0.8719
0.9217
0.7513
0.5929
0.8188
0.824
0.968
-99
0.7138
0.7841
0.7483
0.7719
0.6875
0.6502
0.8369
0.854
0.7638
0.7727
0.8248
0.7063
0.7279
0.7556
0.7808
0.8
0.8329
0.6723
0.771
0.8571
0.7438
0.6908
0.8954
0.749
0.7844
0.865
0.7848
0.6827
0.644
0.5902
0.8098
0.6585
0.5546
0.5944
0.4708
0.404
0.6052
0.6671
0.6994
0.7123
0.7356
0.6829
0.6183
0.6835
0.7725
0.7565
0.7256
0.6021
0.3046
0.4888
0.6202
0.6621
0.6729
0.7427
0.6527
0.7965
0.6671
0.6546
0.67
0.7565
0.7356
0.7692
0.8596
0.8374
0.8277
0.7377
0.685
0.6606
0.7694
0.7906
0.8008
0.6606
0.7879
0.6633
0.6248
0.6831
0.594
0.7231
0.7521
0.7885
0.7738
0.7515
0.7319
0.6331
0.645
0.8002
0.7577
0.6881
0.5738
0.7131
0.6958
0.6915
0.789
0.7873
0.7333
0.5667
0.6073
0.566
0.771
0.8085
0.6992
0.6633
0.6748
0.6038
0.7231
0.665
0.524
0.4994
0.6508
0.75
0.6863
0.7898
0.8019
0.7692
0.6708
0.7848
0.7457
0.7392
0.8392
0.8058
0.8279
0.7996
0.671
0.7094
0.6965
0.7858
0.8125
0.7892
0.7973
0.804
0.7813
0.8173
0.7738
0.7127
0.5125
0.4313
0.5706
0.6592
0.7185
0.7338
0.7413
0.8023
0.7681
0.7148
0.7419
0.5265
0.5715
0.754
0.7646
0.7298
0.8529
0.8483
0.8571
0.8002
0.8225
0.665
0.6523
0.5427
0.615
0.6198
0.5723
0.7096
0.6844
0.6492
0.7271
0.7315
0.8213
0.8069
0.7106
0.6483
0.5433
0.4192
0.5373
0.6965
0.7167
0.7048
0.7417
0.8271
0.8558
0.8394
0.8321
0.5679
0.834
0.5867
0.5208
0.6581
0.7338
0.7106
0.6981
0.5638
0.6269
0.8965
0.6677
0.7127
0.7165
0.7775
0.6894
0.8998
0.865
0.8198
0.8708
0.6158
0.6304
0.8271
0.8469
0.8598
0.8308
0.8729
0.7502
0.8033
0.8513
0.834
0.9181
0.8081
0.9117
0.8142
0.7969
0.8121
0.6448
0.5725
0.7648
0.7202
0.7652
0.8323
0.8985
0.9302
0.9319
0.8196
0.8123
0.8181
0.8135
0.9502
0.8796
0.7894
0.5904
0.5788
0.7669
0.8552
0.9146
0.7115
0.6454
0.7063
0.6554
0.7548
0.8483
0.8865
0.8619
0.9146
0.646
0.3813
0.5085
0.6556
0.6756
0.6642
0.719
0.8065
0.3981
0.4177
0.6729
0.8242
0.7948
0.7944
0.6756
0.7817
0.8335
0.8154
0.8605
0.8635
0.7321
0.4496
0.6158
0.8085
0.8075
0.6469
0.6077
0.4485
0.27
0.5896
0.7675
0.8833
0.8854
0.7635
0.5579
0.7035
0.6817
0.7917
0.7452
0.7483
0.8804
0.6494
0.5025
0.7765
0.6758
0.7238
0.7231
0.7208
0.8248
0.8898
0.8273
0.7427
0.5725
0.6865
0.8569
0.8069
0.7735
0.7031
0.8083
0.7938
0.8194
0.8331
0.9206
0.8933
0.9085
0.6583
0.7131
0.7135
0.6513
0.7913
0.8504
0.7367
0.7392
0.7613
0.8515
0.8875
0.8413
0.766
0.8927
0.8192
0.8658
0.78
0.7163
0.6015
0.7754
0.8771
0.9115
0.9129
0.9115
0.5115
0.6123
0.8667
0.9417
0.6563
0.5446
0.6419
0.7621
0.4635
0.6863
0.5877
0.6929
0.7717
0.8021
0.931
0.916
0.7169
0.8154
0.7827
0.5194
0.5383
0.589
0.7821
0.7204
0.54
0.4273
0.8388
0.925
0.5765
0.7171
0.8454
0.8919
0.7679
0.815
0.8075
0.8444
0.7538
0.5613
0.7831
0.8894
0.7994
0.5929
0.861
0.7631
0.7631
0.7738
0.5217
0.346
0.3391
0.6088
0.8631
0.8113
0.6835
0.7154
0.8423
0.7885
0.7356
0.6529
0.7475
0.7296
0.7802
0.5856
0.7454
0.7688
0.8042
0.9415
0.7571
0.7281
0.824
0.7929
0.916
0.8965
0.739
0.7431
0.7167
0.7327
0.7665
0.7633
0.7196
0.7073
0.8144
0.7392
0.7779
0.5133
0.751
0.7738
0.7958
0.6635
0.6219
0.566
0.5242
0.5358
0.6329
0.8308
0.8073
0.814
0.8252
0.6838
0.7388
0.8194
0.7744
0.8575
0.771
0.7804
0.7588
0.7779
0.7706
0.7442
0.8029
0.7793
0.784
0.7148
0.7429
0.77
0.7615
0.7613
0.767
0.8323
0.785
0.7846
0.7804
0.8806
0.7946
0.795
0.8202
0.8377
0.7656
0.5994
0.7675
0.8144
0.7563
0.5598
0.4913
0.6217
0.6127
0.5752
0.5275
0.5454
0.6467
0.659
0.6529
0.5129
0.6356
0.6329
0.6829
0.6073
0.7721
0.7344
0.6331
0.73
0.7735
0.6446
0.6594
0.6056
0.6305
0.7131
0.6394
0.6577
0.6765
0.711
0.6825
0.6785
0.6606
0.6913
0.7883
0.7506
0.7048
0.7206
0.765
0.7008
0.7367
0.6733
0.8421
0.6765
0.6656
0.589
0.7821
0.8044
0.7598
0.7498
0.6956
0.6533
0.6527
0.6248
0.6038
0.7142
0.7554
0.7792
0.8117
0.6648
0.7054
0.7458
0.7215
0.5398
0.54
0.7298
0.8029
0.5456
0.5606
0.5446
0.6208
0.7056
0.7115
0.6125
0.5942
0.676
0.7169
0.7431
0.8013
0.74
0.7248
0.7204
0.6938
0.7946
0.8073
0.8419
0.8525
0.7817
0.8102
0.8446
0.8144
0.735
0.8583
0.7485
0.7035
0.6602
0.7919
0.839
0.884
0.8269
0.7354
0.7608
0.7877
0.7854
0.6133
0.5883
0.7381
0.7752
0.7327
0.7148
0.7379
0.4677
0.2806
0.3946
0.645
0.8013
0.8335
0.7096
0.7713
0.8725
0.9415
0.8183
0.8996
0.8906
0.8558
0.8615
0.8796
0.894
0.8792
0.7835
0.874
0.876
0.7683
0.7673
0.6013
0.8008
0.9073
0.8019
0.7848
0.7921
0.7417
0.929
0.8746
0.7576
0.6631
0.8323
0.8392
0.7879
0.6435
0.8194
0.8435
0.7723
0.7798
0.8869
0.9015
0.9069
0.93
0.9138
0.941
0.8467
0.8698
0.9077
0.9116
0.8271
0.9085
0.88
0.8029
0.7683
0.7283
0.8485
0.8863
0.8683
0.8804
0.8471
0.8888
0.9
0.9365
0.8975
0.9267
0.7896
0.8798
0.864
0.8831
0.8933
0.9256
0.806
0.8981
0.9519
0.8669
0.805
0.7988
0.8865
0.9081
0.8604
0.8798
0.8277
0.8183
0.8863
0.9183
0.9375
0.9017
0.6273
0.5531
0.8477
0.6169
0.3898
0.751
0.5406
0.2915
0.7027
0.7815
0.6694
0.4646
0.3788
0.6652
0.7602
0.7779
0.8535
0.9098
0.7533
0.7944
0.8473
0.8763
0.6548
0.6998
0.7802
0.4129
0.4508
0.7113
0.8092
0.7638
0.7823
0.8098
0.7985
0.6775
0.691
0.3348
0.3992
0.7752
0.8535
0.8579
0.8073
0.8713
0.6304
0.4923
0.6731
0.7927
0.8017
0.8179
0.845
0.8604
0.8507
0.7333
0.7713
0.8279
0.6419
0.7404
0.8052
0.7948
0.816
0.7748
0.7144
0.7431
0.7394
0.721
0.5423
0.6692
0.7671
0.694
0.771
0.7617
0.7671
0.5131
0.7075
0.7729
0.7919
0.7604
0.8081
0.6685
0.405
0.4906
0.506
0.6421
0.535
0.555
0.6023
0.5363
0.235
0.4934
0.657
0.6829
0.7713
0.8054
0.7681
0.8254
0.9029
0.7867
0.7877
0.6571
0.7735
0.7813
0.8644
0.6256
0.5502
0.4927
0.7469
0.769
0.6971
0.8429
0.8363
0.8415
0.73
0.7369
0.7019
0.7456
0.8685
0.6558
0.7044
0.7831
0.779
0.6592
0.7448
0.7646
0.7088
0.7606
0.8752
0.685
0.35
0.4992
0.7721
0.74
0.7438
0.6963
0.7838
0.4204
0.3281
0.6683
0.6929
0.635
0.8696
0.9248
0.8208
0.741
0.7121
0.6877
0.7038
0.8663
-99
-99
0.6383
0.6527
0.4371
0.5598
0.6496
0.665
0.6188
0.6571
0.5525
0.6829
0.709
0.6977
0.4406
0.6358
0.4885
0.8794
0.7946
0.7206
0.6608
0.6725
0.5933
0.6908
0.5152
0.6181
0.7496
0.6373
0.6696
0.7104
0.7479
0.7415
0.6865
0.6679
0.5917
0.7094
0.7698
0.78
0.7019
0.7035
0.7129
0.6969
0.7775
0.7081
0.6283
0.7531
0.7194
0.7123
0.701
0.6256
0.6104
0.3419
0.5683
0.6723
0.6783
0.7658
0.7667
0.795
0.6763
0.7396
0.7673
0.761
0.7685
0.8396
0.7088
0.7508
0.6115
0.5852
0.6335
0.6115
0.6492
0.6454
0.7198
0.8083
0.7706
0.7479
0.7452
0.6452
0.6367
0.5421
0.5175
0.5765
0.765
0.7388
0.7392
0.7392
0.6808
0.5719
0.5244
0.5035
0.6625
0.7213
0.7873
0.7413
0.8933
0.7471
0.7113
0.6881
0.7881
0.7569
0.6263
0.6572
0.6608
0.4283
0.38
0.5494
0.6477
0.7056
0.804
0.6723
0.585
0.7379
0.7425
0.8148
0.7994
0.7392
0.7421
0.7929
0.8423
0.9469
0.8192
0.7148
0.8275
0.7467
0.8225
0.859
0.7908
0.8492
0.8217
0.8202
0.5988
0.6458
0.811
0.776
0.7363
0.4688
0.7669
0.7702
0.6717
0.8396
0.8119
0.8765
0.8952
0.7506
0.7279
0.7933
0.86
0.7994
0.7415
0.9056
0.94
0.9113
0.8496
0.8167
0.8721
0.9038
0.9273
0.916
0.8548
0.914
0.9065
0.8519
0.7669
0.7938
0.8277
0.8302
0.8446
0.8229
0.8169
0.5846
0.5419
0.6027
0.7815
0.8515
0.8975
0.8442
0.8808
0.7202
0.7892
0.81
0.7767
0.8925
0.7771
0.7892
0.8621
0.8371
0.8213
0.8665
0.8748
0.889
0.8906
0.6942
0.7308
0.8563
0.8919
0.865
0.896
0.9306
0.7808
0.6349
0.8692
0.7788
0.7685
0.9079
0.8773
0.9256
0.9069
0.9235
0.8583
0.7006
0.7581
0.6744
0.8544
0.8613
0.8571
0.8331
0.8144
0.8485
0.891
0.8942
0.8538
0.9119
0.8771
0.919
0.8477
0.8052
0.8525
0.829
0.8175
0.8175
0.779
0.74
0.8415
0.8744
0.7885
0.7621
0.8671
0.7929
0.85
0.5408
0.7448
0.8208
0.8885
0.8731
0.9163
0.9235
0.9142
0.8581
0.8888
0.8967
0.9242
0.8702
0.9017
0.8748
0.8123
0.7148
0.5054
0.7783
0.8023
0.8848
0.8442
0.8319
0.9231
0.9354
0.921
0.8835
0.9369
0.8238
0.7844
0.591
0.7685
0.8391
0.7958
0.8675
0.8308
0.8258
0.8656
0.7771
0.7665
0.8119
0.7075
0.7104
0.6946
0.7288
0.7885
0.8208
0.7646
0.5104
0.7919
0.5992
0.7223
0.804
0.8579
0.7269
0.7569
0.7967
0.9054
0.8783
0.8465
0.8644
0.834
0.8719
0.8488
0.8873
0.6738
0.6608
0.8877
0.7713
0.7425
0.6763
0.735
0.7748
0.851
0.8167
0.7415
0.7581
0.7104
0.8123
0.79
0.721
0.7742
0.7838
0.7633
0.725
0.9473
0.7888
0.8815
0.8779
0.8558
0.9088
0.9583
0.9421
0.9685
0.9333
0.8402
0.7581
0.819
0.8838
0.8229
0.7588
0.741
0.7031
0.7467
0.7898
0.7535
0.6933
0.8023
0.6919
0.7767
0.7498
0.9185
0.8781
0.8023
0.8263
0.7744
0.9106
0.816
0.6919
0.5588
0.5665
0.5606
0.581
0.6367
0.6885
0.6892
0.4196
0.6058
0.6517
0.7148
0.6985
0.7429
0.8096
0.7431
0.8081
0.8133
0.8442
0.8919
0.7623
0.8383
0.8619
0.8031
0.7865
0.8027
0.8544
0.6831
0.7896
0.7606
0.7554
0.8754
0.8469
0.8492
0.7565
0.7783
0.6581
0.6413
0.7215
0.7371
0.8077
0.6858
0.751
0.7421
0.8006
0.8546
0.7729
0.776
0.631
0.6254
0.7377
0.6329
0.5344
0.6344
0.6967
0.816
0.6044
0.6744
0.684
0.6608
0.7025
0.574
0.571
0.6294
0.7013
0.7481
0.7175
0.7019
0.6923
0.6952
0.7458
0.7098
0.7063
0.815
0.719
0.715
0.7017
0.6719
0.5306
0.4479
0.5321
0.5638
0.6427
0.7469
0.7758
0.8396
0.7783
0.7285
0.749
0.8285
0.7573
0.7227
0.7404
0.7121
0.7444
0.6646
0.7156
0.8038
0.5608
0.5098
0.5575
0.7538
0.7669
0.7527
0.7369
0.7598
0.7477
0.6942
0.754
0.6854
0.6894
0.779
0.8044
0.7823
0.524
0.6373
0.8363
0.7854
0.7104
0.675
0.7288
0.7754
0.8208
0.8408
0.751
0.7448
0.7592
0.7465
0.8702
0.8431
0.813
0.8054
0.561
0.6052
0.5735
0.7754
0.8202
0.8723
0.849
0.8588
0.7271
0.7229
0.7794
0.7508
0.73
0.7988
0.8908
0.8394
0.5394
0.4733
0.7717
0.91
0.7025
0.704
0.8158
0.8531
0.8123
0.796
0.8673
0.9592
0.7171
0.7654
0.6742
0.7477
0.821
0.8058
0.8415
0.8654
0.9221
0.9267
0.9177
0.7631
0.609
0.8065
0.9235
0.9229
0.8058
0.8713
0.8852
0.7965
0.8852
0.9383
0.8994
0.8429
0.6819
0.7377
0.8723
0.7546
0.4233
0.7283
0.8338
0.8683
0.8704
0.896
0.9608
0.901
0.9
0.8144
0.949
0.8073
0.5173
0.7375
0.7165
0.8583
0.8365
0.8669
0.8331
0.7313
0.8627
0.9106
0.7894
0.8602
0.8877
0.8683
0.8056
0.8681
0.9266
0.8644
0.8546
0.884
0.88
0.9331
0.8656
0.549
0.4533
0.6479
0.5827
0.7967
0.7942
0.7115
0.674375
0.753333333333333
0.672083333333333
0.839375
0.813541666666667
0.79375
0.63875
0.506875
0.904166666666667
0.781458333333333
0.700625
0.792916666666667
0.74375
0.790416666666667
0.695833333333333
0.719166666666667
0.722291666666667
0.74875
0.841041666666667
0.745208333333333
0.61375
0.71875
0.701875
0.742083333333333
0.792291666666667
0.681041666666667
0.810833333333333
0.869791666666667
0.85625
0.872708333333333
0.816875
0.832708333333333
0.861458333333333
0.772708333333333
0.938958333333333
0.892708333333333
0.863958333333333
0.887083333333333
0.933541666666667
0.799375
0.79875
0.834166666666667
0.91625
0.859791666666667
0.750625
0.791666666666667
0.8
0.863958333333333
0.864166666666667
0.87625
0.861458333333333
0.867708333333333
0.92125
0.926041666666667
0.823333333333333
0.88125
0.859791666666667
0.77125
0.838125
0.859375
0.914583333333333
0.887916666666667
0.866666666666667
0.89125
0.808125
0.878541666666667
0.7775
0.5975
0.745416666666667
0.770208333333333
0.894166666666667
0.844583333333333
0.693333333333333
0.68875
0.560208333333333
0.596041666666667
0.47
0.553333333333333
0.43375
0.391041666666667
0.39875
0.725833333333333
0.787708333333333
0.737083333333333
0.804791666666667
0.656666666666667
0.747916666666667
0.79875
0.83375
0.795208333333333
0.665416666666667
0.713125
0.625416666666667
0.537083333333333
0.692708333333333
0.584166666666667
0.362708333333333
0.636666666666667
0.742083333333333
0.952916666666667
0.847708333333333
0.515
0.549375
0.63625
0.620416666666667
0.508958333333333
0.482708333333333
0.452708333333333
0.64375
0.875
0.882291666666667
0.819166666666667
0.716666666666667
0.693541666666667
0.727083333333333
0.829583333333333
0.83375
0.859791666666667
0.873541666666667
0.845416666666667
0.881458333333333
0.802708333333333
0.708541666666667
0.685416666666667
0.744375
0.739791666666667
0.81625
0.679791666666667
0.828125
0.846875
0.811666666666667
0.760208333333333
0.699166666666667
0.72875
0.726041666666667
0.734375
0.711666666666667
0.731875
0.67625
0.647916666666667
0.682083333333333
0.648333333333333
-99
-99
0.639791666666667
0.720625
0.715416666666667
0.754791666666667
0.750833333333333
0.801041666666667
0.835416666666667
0.7975
0.859791666666667
0.793333333333333
0.782708333333333
0.551041666666667
0.622291666666667
0.684166666666667
0.628958333333333
0.611041666666667
0.555833333333333
0.604166666666667
0.580625
0.56875
0.568333333333333
0.589791666666667
0.755833333333333
0.859583333333333
0.801458333333333
0.705833333333333
0.647083333333333
0.501458333333333
0.60375
0.751458333333333
0.712916666666667
0.720625
0.627916666666667
0.544583333333333
0.695416666666667
0.603958333333333
0.666875
0.724583333333333
0.659583333333333
0.695208333333333
0.756666666666667
0.647916666666667
0.702083333333333
0.68125
0.466875
0.644791666666667
0.734583333333333
0.694375
0.574583333333333
0.612916666666667
0.758125
0.655
0.59875
0.612083333333333
0.627083333333333
0.685208333333333
0.668125
0.668958333333333
0.625208333333333
0.5875
0.61625
0.533541666666667
0.574791666666667
0.6575
0.702083333333333
0.693541666666667
0.725416666666667
0.591875
0.8075
0.819791666666667
0.7875
0.913333333333333
0.858333333333333
0.783125
0.679166666666667
0.630625
0.716875
0.736666666666667
0.673541666666667
0.693958333333333
0.761875
0.722916666666667
0.7675
0.55875
0.506458333333333
0.68125
0.79
0.779375
0.8
0.699166666666667
0.551875
0.58625
0.751875
0.748125
0.748333333333333
0.565208333333333
0.50625
0.757291666666667
0.762708333333333
0.798541666666667
0.903125
0.886041666666667
0.836458333333333
0.861666666666667
0.898333333333333
0.8275
0.813333333333333
0.853958333333333
0.8075
0.773125
0.831666666666667
0.789583333333333
0.774166666666667
0.740833333333333
0.84375
0.869375
0.819375
0.727291666666667
0.827916666666667
0.742708333333333
0.7875
0.846041666666667
0.844583333333333
0.842708333333333
0.837708333333333
0.806458333333333
0.767083333333333
0.734375
0.753333333333333
0.804791666666667
0.780416666666667
0.739583333333333
0.762916666666667
0.762083333333333
0.492291666666667
0.411666666666667
0.668958333333333
0.694791666666667
0.695208333333333
0.701458333333333
0.691041666666667
0.517291666666667
0.708333333333333
0.844791666666667
0.786666666666667
0.821041666666667
0.864166666666667
0.812708333333333
0.704583333333333
0.677916666666667
0.550625
0.595625
0.8
0.850208333333333
0.7
0.799583333333333
0.845
0.835625
0.860833333333333
0.935
0.833541666666667
0.745
0.837083333333333
0.733333333333333
0.510833333333333
0.428541666666667
0.31125
0.459791666666667
0.544583333333333
0.835208333333333
0.9125
0.788125
0.656875
0.720208333333333
0.608125
0.718125
0.710833333333333
0.7475
0.85625
0.895208333333333
0.896458333333333
0.928333333333333
0.8775
0.976458333333333
0.9075
0.788958333333333
0.866458333333333
0.666041666666667
0.57875
0.813541666666667
0.856041666666667
0.678958333333333
0.582708333333333
0.794166666666667
0.683333333333333
0.638333333333333
0.770208333333333
0.75375
0.803333333333333
0.772916666666667
0.548541666666667
0.786875
0.910625
0.88625
0.870833333333333
0.905416666666667
0.907708333333333
0.910416666666667
0.92
0.908958333333333
0.895833333333333
0.848333333333333
0.817291666666667
0.84
0.951875
0.887916666666667
0.812291666666667
0.866041666666667
0.82375
0.834375
0.907916666666667
0.98125
0.965833333333333
0.9075
0.936875
0.466041666666667
0.412083333333333
0.664791666666667
0.702291666666667
0.797291666666667
0.80625
0.584791666666667
0.764791666666667
0.806666666666667
0.825208333333333
0.833541666666667
0.771041666666667
0.66875
0.822083333333333
0.798958333333333
0.7525
0.539375
0.677916666666667
0.818333333333333
0.8675
0.900208333333333
0.835208333333333
0.8425
0.581458333333333
0.684791666666667
0.643125
0.671041666666667
0.451041666666667
0.797291666666667
0.871041666666667
0.911458333333333
0.73
0.7375
0.663333333333333
0.78625
0.809583333333333
0.8475
0.740625
0.7275
0.781458333333333
0.83125
0.83625
0.811666666666667
0.785208333333333
0.875416666666667
0.662083333333333
0.8025
0.718958333333333
0.673958333333333
0.724375
0.814583333333333
0.485833333333333
0.522708333333333
0.640833333333333
0.749583333333333
0.810416666666667
0.838333333333333
0.801458333333333
0.672083333333333
0.769166666666667
0.767708333333333
0.7575
0.759791666666667
0.798333333333333
0.795833333333333
0.82875
0.9575
0.876666666666667
0.894375
0.909375
0.899375
0.798333333333333
0.756666666666667
0.882291666666667
0.939375
0.824791666666667
0.780208333333333
0.787083333333333
0.817916666666667
0.819583333333333
0.816458333333333
0.722083333333333
0.728125
0.792083333333333
0.82875
0.869791666666667
0.527708333333333
0.495416666666667
0.51375
0.509583333333333
0.603541666666667
0.725
0.755833333333333
0.720625
0.638333333333333
0.67125
0.765833333333333
0.881041666666667
0.899583333333333
0.654583333333333
0.698333333333333
0.589583333333333
0.6475
0.724166666666667
0.695416666666667
0.868125
0.838541666666667
0.701041666666667
0.754791666666667
0.722916666666667
0.817708333333333
0.8125
0.759791666666667
0.713333333333333
0.730625
0.842916666666667
0.765833333333333
0.768541666666667
0.785625
0.804375
0.486875
0.423958333333333
0.44125
0.67125
0.727916666666667
0.655
0.570208333333333
0.6075
0.747708333333333
0.652083333333333
0.5525
0.699791666666667
0.803333333333333
0.721666666666667
0.786458333333333
0.6175
0.775416666666667
0.823958333333333
0.67125
0.741458333333333
0.554791666666667
0.446875
0.474375
0.6275
0.65125
0.6025
0.691458333333333
0.68
0.810625
0.788958333333333
0.811041666666667
0.700208333333333
0.630625
0.648333333333333
0.695
0.495625
0.57625
0.570833333333333
0.616666666666667
0.607916666666667
0.597708333333333
0.656875
0.657708333333333
0.57
0.685
0.748958333333333
0.790208333333333
0.740208333333333
0.809166666666667
0.66875
0.709166666666667
0.705625
0.767708333333333
0.570416666666667
0.569583333333333
0.642916666666667
0.689166666666667
0.535
0.637291666666667
0.575416666666667
0.600416666666667
0.546458333333333
0.582916666666667
0.377083333333333
0.399166666666667
0.510833333333333
0.541041666666667
0.651041666666667
0.716458333333333
0.715208333333333
0.788541666666667
0.586875
0.555
0.642291666666667
0.783541666666667
0.770416666666667
0.70375
0.617291666666667
0.668541666666667
0.735
0.725625
0.650833333333333
0.577708333333333
0.533125
0.74125
0.753958333333333
0.622916666666667
0.572708333333333
0.553958333333333
0.5675
0.756458333333333
0.734791666666667
0.709583333333333
0.591041666666667
0.624791666666667
0.596041666666667
0.612708333333333
0.728958333333333
0.742291666666667
0.705625
0.746666666666667
0.756458333333333
0.721458333333333
0.746041666666667
0.748125
0.686458333333333
0.649583333333333
0.689166666666667
0.635625
0.546666666666667
0.632916666666667
0.700625
0.73
0.635625
0.767916666666667
0.750416666666667
0.725625
0.785208333333333
0.839583333333333
0.72125
0.838125
0.82875
0.817708333333333
0.809166666666667
0.736666666666667
0.731875
0.633958333333333
0.665625
0.726875
0.753333333333333
0.811041666666667
0.680833333333333
0.710208333333333
0.687708333333333
0.791666666666667
0.429166666666667
0.534375
0.737083333333333
0.720625
0.685
0.746875
0.779791666666667
0.846875
0.658333333333333
0.732083333333333
0.796458333333333
0.809375
0.924166666666667
0.663333333333333
0.782916666666667
0.815
0.825
0.83625
0.86625
0.815833333333333
0.926458333333333
0.947083333333333
0.849791666666667
0.886875
0.905
0.843333333333333
0.866458333333333
0.835208333333333
0.831041666666667
0.817083333333333
0.902291666666667
0.896666666666667
0.903958333333333
0.887083333333333
0.773541666666667
0.73125
0.8275
0.7025
0.7925
0.902708333333333
0.91625
0.943125
0.920416666666667
0.905625
0.832708333333333
0.790833333333333
0.824583333333333
0.768958333333333
0.6475
0.587083333333333
0.85
0.804583333333333
0.77
0.750208333333333
0.718125
0.854791666666667
0.906875
0.955625
0.883541666666667
0.776458333333333
0.830416666666667
0.835625
0.831666666666667
0.665
0.8
0.860625
0.823125
0.8075
0.782708333333333
0.719791666666667
0.682083333333333
0.819166666666667
0.738333333333333
0.790416666666667
0.814166666666667
0.762083333333333
0.7775
0.842083333333333
0.88625
0.885416666666667
0.895208333333333
0.909583333333333
0.921041666666667
0.855
0.691666666666667
0.805833333333333
0.847916666666667
0.929583333333333
0.946458333333333
0.93125
0.934583333333333
0.902083333333333
0.882708333333333
0.782708333333333
0.778333333333333
0.828333333333333
0.879375
0.868125
0.887291666666667
0.925
0.987916666666667
0.89125
0.897083333333333
0.943125
0.907083333333333
0.875416666666667
