20000101
-99
-99
-99
-99
-99
-99
-99
-99
-99
-99
-99
-99
-99
-99
-99
-99
-99
-99
-99
-99
-99
-99
-99
-99
-99
-99
-99
-99
-99
-99
-99
-99
-99
-99
-99
-99
-99
-99
-99
-99
-99
-99
-99
-99
-99
-99
-99
-99
-99
-99
-99
-99
-99
-99
-99
-99
-99
-99
-99
-99
-99
-99
-99
-99
-99
-99
-99
-99
-99
-99
-99
-99
-99
-99
-99
-99
-99
-99
-99
-99
-99
-99
-99
-99
-99
-99
-99
-99
-99
-99
-99
-99
-99
-99
-99
-99
-99
-99
-99
-99
-99
-99
-99
-99
-99
-99
-99
-99
-99
-99
-99
-99
-99
-99
-99
-99
-99
-99
-99
-99
-99
-99
-99
-99
-99
-99
-99
-99
-99
-99
-99
-99
-99
-99
-99
-99
-99
-99
-99
-99
-99
-99
-99
-99
-99
-99
-99
-99
-99
-99
-99
-99
-99
-99
-99
-99
-99
-99
-99
-99
-99
-99
-99
-99
-99
-99
-99
-99
-99
-99
-99
-99
-99
-99
-99
-99
-99
-99
-99
-99
-99
-99
-99
-99
-99
-99
0.5189
0.5497
0.6783
0.615
0.6315
0.8271
0.7003
0.6739
0.7113
0.7106
0.7209
0.6474
0.6447
0.6873
0.6719
0.6169
0.5672
0.5219
0.7129
0.6033
0.6908
0.6723
0.6363
0.6552
0.7122
0.7024
0.7221
0.5863
0.6725
0.6283
0.7666
0.7286
0.7047
0.7253
0.7233
0.7457
0.7558
0.7322
0.6187
0.6176
0.6064
0.5669
0.5609
0.6106
0.6124
0.7408
0.78
0.7103
0.6453
0.8048
0.5831
0.5694
0.6745
0.6722
0.7672
0.7503
0.7835
0.7525
0.7657
0.7614
0.7569
0.7307
0.7414
0.7174
0.7278
0.6728
0.6718
0.7042
0.778
0.8144
0.8243
0.8451
0.8172
0.8086
0.8391
0.83
0.8368
0.639
0.7227
0.6294
0.7881
0.7859
0.8424
0.8332
0.8956
0.8489
0.7618
0.7095
0.8763
0.7553
0.8032
0.8246
0.858
0.7906
0.69
0.8358
0.8105
0.8891
0.8035
0.8646
0.94
0.8072
0.7597
0.7721
0.7807
0.8222
0.8334
0.8433
0.8392
0.8622
0.8118
0.7668
0.8611
0.7684
0.8009
0.8853
0.8646
0.8132
0.8679
0.7432
0.7771
0.6921
0.7169
0.7974
0.6169
0.4806
0.5271
0.6686
0.7863
0.8639
0.8479
0.8997
0.7883
0.8879
0.8131
0.8335
0.8209
0.8103
0.8078
0.7418
0.74
0.8454
0.7538
0.8061
0.7547
0.8378
0.9055
0.8876
0.8803
0.9416
0.9056
0.8666
0.8274
0.9368
0.9279
0.9656
0.6129
0.5609
0.6822
0.8121
0.7266
0.7563
0.6986
0.8365
0.85
0.7925
0.7621
0.8877
0.8897
0.94
0.8838
0.907
-99
0.7396
0.715
0.8413
0.7744
0.6129
0.7997
0.5275
0.8533
0.7406
0.6497
0.645
0.7912
0.8076
0.8142
0.7913
0.8425
0.7811
0.9053
0.8226
0.8472
0.9445
0.97
0.6419
0.7583
1
0.74
0.7352
0.8617
0.8727
0.6218
0.6265
0.6611
0.716
0.7528
0.8414
0.8331
0.6394
0.7509
0.8694
0.7615
0.7595
0.6916
0.5826
0.6411
0.855
0.6772
0.5888
0.807
0.835
0.8624
0.9406
0.883
0.6489
0.7833
0.8347
0.7994
0.75
0.7754
0.7497
0.6882
0.8589
0.9108
0.8675
0.6981
0.6791
0.5278
0.5547
0.8288
0.5981
0.6845
0.8794
0.8238
0.8622
0.6718
0.7961
0.7968
0.8083
0.8122
0.658
0.7217
0.8033
0.8205
0.6439
0.6916
0.6987
0.6403
0.6429
0.5473
0.5891
0.602
0.4981
0.7522
0.7606
0.7606
0.709
0.7059
0.7454
0.7078
0.6995
0.7853
0.7617
0.8261
0.7847
0.6984
0.6173
0.7012
0.7232
0.719
0.6021
0.7703
0.7308
0.7328
0.8034
0.6772
0.7618
0.6549
0.7141
0.6851
0.6156
0.6169
0.6057
0.6781
0.7382
0.7618
0.703
0.7767
0.8106
0.7709
0.8281
0.8718
0.7965
0.8514
0.7397
0.767
0.7653
0.7143
0.7283
0.8048
0.7119
0.7934
0.773
0.5403
0.6348
0.8403
0.8732
0.5938
0.4843
0.6557
0.6997
0.6966
0.6882
0.6403
0.5211
0.5527
0.4794
0.4
0.4234
0.3826
0.6517
0.6811
0.6776
0.6441
0.7337
0.7106
0.6606
0.6585
0.7189
0.7853
0.6031
0.6748
0.7143
0.7342
0.5387
0.5082
0.6797
0.5941
0.6271
0.6012
0.5813
0.5664
0.5038
0.4215
0.408
0.56
0.7203
0.6548
0.6837
0.4947
0.54
0.6503
0.6656
0.6636
0.6906
0.5694
0.4855
0.6752
0.6438
0.6418
0.7019
0.7003
0.6937
0.74
0.7817
0.7138
0.6703
0.6337
0.7976
0.6809
0.6991
0.6643
0.6064
0.6129
0.595
0.5128
0.609
0.6414
0.5897
0.5794
0.5482
0.5444
0.5622
0.7044
0.6906
0.6959
0.7135
0.7155
0.6682
0.5934
0.6
0.6841
0.6803
0.6976
0.7056
0.694
0.5321
0.5856
0.7091
0.7466
0.7559
0.7434
0.7094
0.667
0.66
0.6183
0.6165
0.5953
0.5174
0.6566
0.7395
0.7797
0.6326
0.6835
0.717
0.6684
0.6513
0.743
0.6462
0.6561
0.7151
0.7403
0.6758
0.7194
0.7954
0.7672
0.6115
0.7922
0.7636
0.7413
0.8142
0.7739
0.7689
0.8718
0.7751
0.7643
0.823
0.8251
0.8117
0.9075
-99
-99
-99
-99
-99
-99
-99
-99
-99
-99
-99
-99
0.6664
0.7166
0.8391
0.8714
0.7921
0.8158
0.8444
0.795
0.8643
0.7811
0.6681
0.7159
0.7438
0.7605
0.7671
0.8686
0.9027
0.8942
0.8786
0.8691
0.8597
0.725
0.6531
0.8346
0.876
0.9115
0.8271
0.7939
0.8094
0.6232
0.4789
0.6755
0.749
0.6922
0.7628
0.7635
0.435
-99
0.6847
0.8475
0.895
0.8894
0.8563
0.8097
0.8419
0.827
0.8715
0.8967
0.8144
0.8176
0.8521
0.8758
0.8954
0.8272
0.8836
0.8764
0.8845
0.8606
0.927
0.86
0.8611
0.7997
0.8371
0.8651
0.8944
0.99
0.7127
0.8744
0.936
0.8523
0.9031
0.9028
0.8541
0.8806
0.7207
0.7327
0.7697
0.8244
0.7927
0.6911
0.7775
0.96
-99
-99
0.9639
0.8669
0.9039
0.98
0.8785
0.9547
0.9383
0.8919
0.9767
0.8605
0.8989
0.8667
0.8737
0.8476
0.8509
0.8235
0.8831
0.8456
0.8241
0.8354
0.8306
0.7523
0.8083
0.7705
0.7157
0.743
0.8365
0.9071
0.8406
0.7808
0.8682
0.8915
0.8519
0.7856
0.6182
0.6137
0.7541
0.7315
0.8381
0.8775
0.8058
0.8267
0.8711
0.7781
0.9371
0.8553
0.7856
0.8392
0.7392
0.8489
-99
-99
-99
-99
-99
-99
0.7453
0.8406
0.8866
0.8192
0.7014
0.8831
0.8217
0.8097
0.7916
0.7782
0.8139
0.8207
0.8508
0.7431
0.7597
0.6812
0.8147
0.8414
0.6609
0.5551
0.7137
0.7451
0.7341
0.7733
0.712
0.7722
0.769
0.7264
0.6333
0.8433
0.833
0.8318
0.8306
0.7928
0.8788
0.7418
0.6905
0.8321
0.8429
0.8382
0.8274
0.924
0.8446
0.828
0.7556
0.7897
0.8039
0.7916
0.8
0.7983
0.8069
0.7726
0.7136
0.6851
0.6866
0.6424
0.6569
0.695
0.8294
0.8309
0.805
0.7278
0.8908
0.9026
0.8581
0.7116
0.7608
0.7663
0.7792
0.8672
0.8461
0.8693
0.9435
0.7435
0.7183
0.7026
0.6654
0.6576
0.6749
0.7206
0.715
0.6876
0.6474
0.7906
0.7446
0.6929
0.7138
0.8027
0.7782
0.7456
0.7345
0.7112
0.6546
0.653
0.6159
0.5721
0.7811
0.7194
0.6924
0.6235
0.9338
0.7181
0.7734
0.7321
0.6928
0.6508
0.5673
0.6019
0.5376
0.5159
0.5391
0.5045
0.5862
0.49
0.4803
0.4946
0.6017
0.6194
0.6614
0.5732
0.655
0.7263
0.7182
0.7094
0.6723
0.6843
0.6921
0.6903
0.7639
0.6672
0.7206
0.6774
0.6431
0.5322
0.5839
0.738
0.6044
0.5158
0.5974
0.5958
0.7197
0.7045
0.5244
0.3747
0.5378
0.5516
0.5506
0.7276
0.6762
0.6883
0.6532
0.5225
0.5911
0.7733
0.8634
0.6651
0.6923
0.7509
0.79
0.737
0.6873
0.8068
0.7876
0.8374
0.6719
0.6958
0.7412
0.7866
0.7618
0.6428
0.5966
0.7469
0.6463
0.7347
0.7312
0.818
0.7657
0.915
0.7568
0.8244
0.8882
0.7263
0.7184
0.7433
0.7921
0.8042
0.8681
0.8508
0.8009
0.8073
0.7716
0.8173
0.8111
0.6969
0.7053
0.7859
0.7292
0.6429
0.7363
0.7668
0.8458
0.8387
0.8118
0.7965
0.8389
0.8094
0.79
0.7497
0.685
0.7666
0.7203
0.7672
0.7656
0.8062
0.7779
0.7981
0.8424
0.792
0.7611
0.8218
0.8059
0.8423
0.8394
0.9576
0.8689
0.7695
0.824
0.8172
0.8408
0.8073
0.7592
0.6454
0.6944
0.7824
0.8206
0.8531
0.5678
0.6162
0.7289
0.6891
0.8018
0.8011
0.8511
0.8629
0.8726
0.8669
0.8584
0.7985
0.754
0.7312
0.7806
0.7909
0.6843
0.774
0.6985
0.8026
0.8397
0.8806
0.7054
0.8094
0.9166
0.8244
0.8762
0.8426
0.8528
0.9305
0.809
0.6706
0.896
0.9768
0.9359
0.8208
0.8179
0.8171
0.8114
0.7094
0.8979
0.7518
0.7841
0.847
0.807
0.8255
0.845
0.8594
0.8819
0.9492
0.9219
0.912
0.8837
0.9484
0.7826
0.8789
0.8697
0.9103
0.7333
-99
0.8843
0.817
-99
0.7729
0.7372
0.755
0.9595
0.8049
0.7887
0.8703
0.8403
0.8876
0.7008
0.5694
0.705
0.8008
0.9213
0.8097
0.9197
0.8624
0.859
0.7964
0.7773
0.8008
0.7968
0.8224
0.8728
0.816
0.8558
0.9218
0.83
0.6891
0.6538
0.7774
0.636
0.6909
0.82
0.781
0.7991
0.6615
0.6208
0.3603
0.5409
0.7806
0.7003
0.6003
0.6984
0.7838
0.8689
0.8361
0.7976
0.7458
0.7421
0.8493
0.8771
0.8618
0.7095
0.8129
0.7791
0.7714
0.96
0.9021
0.8012
0.8969
0.8576
0.8288
0.8684
0.913
0.7956
0.7442
0.7656
0.7967
0.8578
0.8053
0.8725
0.8453
0.7291
0.8327
0.8247
0.8066
0.827
0.8052
0.7803
0.7939
0.7786
0.6964
0.7705
0.7031
0.6338
0.6509
0.6414
0.6979
0.7542
0.7924
0.78
0.8132
0.77
0.8994
0.8569
0.8845
0.8797
0.769
0.7787
0.4063
0.5762
0.6871
0.6076
0.6914
0.7358
0.8063
0.7338
0.6821
0.7913
0.6741
0.7812
0.6156
0.6042
0.5833
0.6191
0.6691
0.8013
0.746
0.798
0.6617
0.6809
0.7421
0.8057
0.7247
0.6803
0.7163
0.6123
0.6212
0.6638
0.7442
0.632
0.7622
0.5818
0.7795
0.6708
0.7044
0.6881
0.6963
0.6942
0.7389
0.6918
0.735
0.7543
0.7916
0.7782
0.7697
0.6731
0.7333
0.7539
0.64
0.6673
0.8489
0.7833
0.6851
0.5478
0.6003
0.5503
0.5114
0.5977
0.6171
0.6776
0.6338
0.6789
0.6009
0.5054
0.5408
0.5374
0.5991
0.5772
0.4594
0.4629
0.4859
0.4659
0.4897
0.6159
0.6992
0.5003
0.4947
0.4456
0.4541
0.4334
0.5719
0.6489
0.6797
0.7184
0.7247
0.7394
0.5693
0.2841
0.5964
0.5906
0.6676
0.6203
0.5489
0.5149
0.6538
0.6161
0.5197
0.5294
0.4673
0.4231
0.6156
0.6444
0.5147
0.692
0.6842
0.7431
0.6494
0.5731
0.6658
0.6676
0.6931
0.6332
0.6845
0.6826
0.6628
0.6726
0.6871
0.7197
0.6982
0.5317
0.5606
0.5154
0.5289
0.474
0.3765
0.4397
0.5344
0.5023
0.4516
0.3792
0.357
0.3951
0.5878
0.7284
0.7906
0.7111
0.625
0.7391
0.6703
0.666
0.6606
0.6713
0.7227
0.6959
0.7306
0.7523
0.355
0.5589
0.6847
0.7511
0.6233
0.6694
0.6945
0.8103
0.7944
0.8891
0.688
0.6553
0.6655
0.7039
0.7943
0.7778
0.58
0.5669
0.6411
0.6832
0.7373
0.7703
0.7697
0.7689
0.7783
0.7662
0.7814
0.7469
0.8051
0.9193
0.8514
0.8314
0.9119
0.7668
0.8258
0.6923
0.8159
0.7847
0.763
0.6422
0.7469
0.7897
0.8263
0.8141
0.8638
0.8964
0.7738
0.8241
0.7758
0.8644
0.7512
0.8984
0.7542
0.8314
0.8997
0.64
0.7517
0.7597
0.9075
0.9031
0.8424
0.6683
0.7066
0.802
0.8433
0.7916
0.7983
0.7811
0.8644
0.8406
0.8648
0.8947
0.906
0.8983
0.8627
0.8533
0.856
0.8564
0.8994
0.85
0.8909
0.8158
0.8466
0.8897
0.8937
0.8766
0.8411
0.8144
0.8479
0.7518
0.7197
0.8215
0.8623
0.8542
0.9538
0.9192
0.9494
0.8354
0.8587
0.8792
0.8749
0.7897
0.8822
0.8408
0.89
0.8843
0.8773
0.8991
0.8728
0.8846
0.905
0.9039
0.8886
0.9125
0.8552
0.5684
0.6564
0.7831
0.8906
0.8691
0.8671
0.9419
0.8518
0.838
0.8271
0.7387
0.6311
0.7236
0.8374
0.8347
0.8832
0.9039
0.8224
0.8433
0.8556
0.8821
0.8388
0.6438
0.7433
0.7707
0.7814
0.6429
0.6311
0.6931
0.6456
0.75
0.8132
0.8239
0.8955
0.8415
0.7513
0.8888
0.7387
0.7508
0.7559
0.8309
0.8414
0.8569
0.8449
0.8831
0.8686
0.8653
0.8408
0.8061
0.8
0.8119
0.7243
0.7476
0.7652
0.8659
0.8157
0.9131
0.7995
0.7974
0.8074
0.8693
0.9237
0.6561
0.71
0.8029
0.9431
0.9438
0.778
0.6232
0.7763
0.7406
0.6865
0.6612
0.6439
0.758
0.7176
0.7956
0.8185
0.76
0.8747
0.7594
0.87
0.8797
0.8197
0.8113
0.7559
0.8361
0.7982
0.7363
0.7584
0.8172
0.7058
0.6268
0.7019
0.7906
0.8324
0.9133
0.6041
0.7748
0.8943
0.8067
0.8189
0.7761
0.6966
0.6803
0.7041
0.8046
0.7791
0.9005
0.8158
0.7824
0.7024
0.7521
0.6984
0.8129
0.7547
0.8975
0.8365
0.7081
0.58
0.5533
0.6886
0.8509
0.7708
0.6729
0.6442
0.7122
0.6859
0.7074
0.9014
0.7389
0.7731
0.7651
0.7234
0.6787
0.8018
0.5378
0.7315
0.7291
0.7359
0.8672
0.8083
0.6807
0.7722
0.7963
0.6858
0.6372
0.7153
0.6245
0.6251
0.5977
0.6754
0.6894
0.7688
0.6889
0.7235
0.6697
0.698
0.7619
0.6521
0.7806
0.8215
0.7454
0.7786
0.6164
0.6609
0.7035
0.6413
0.6006
0.631
0.5908
0.6117
0.638
0.6988
0.7691
0.6891
0.6891
0.6539
0.6169
0.6295
0.7778
0.7674
0.7166
0.7834
0.771
0.6514
0.6151
0.5912
0.5568
0.5673
0.6492
0.6011
0.6379
0.6611
0.6916
0.6615
0.6273
0.5924
0.6062
0.4954
0.6303
0.6819
0.8584
0.7077
0.6787
0.6865
0.7208
0.6775
0.6156
0.5787
0.7081
0.7328
0.751
0.7565
0.7431
0.7238
0.7091
0.6447
0.7112
0.7053
0.68
0.58
0.5615
0.5484
0.4921
0.5927
0.77
0.7673
0.7429
0.6945
0.7023
0.7751
0.7295
0.6338
0.5022
0.6637
0.725
0.7318
0.7959
0.7865
0.6154
0.6219
0.5813
0.6177
0.6863
0.7255
0.7112
0.6967
0.6611
0.7349
0.7224
0.8162
0.8074
0.7742
0.7914
0.8709
0.8542
0.7455
0.7781
0.6824
0.7383
0.7925
0.7388
0.739
0.7459
0.7613
0.7788
0.7919
0.7159
0.71
0.7241
0.7637
0.7533
0.825
0.93
-99
-99
-99
-99
-99
-99
-99
0.7148
0.8424
0.8323
0.8331
0.7959
0.6747
0.8003
0.7644
0.7869
0.7931
0.7242
0.3679
0.5871
0.8206
0.7121
0.6965
0.6461
0.5056
0.6547
0.7922
0.7
0.6625
0.7446
0.7169
0.6936
0.7755
0.8385
0.9188
0.8807
0.747
0.7221
0.7949
0.8011
0.9417
0.7989
0.7903
0.8576
0.9113
0.8188
0.8056
0.7792
0.8222
0.8482
0.8327
0.7027
0.5957
0.4464
0.6912
0.6815
0.782
0.7511
0.8005
0.8689
0.8483
0.8358
0.8464
0.87
0.8354
0.8339
0.8234
0.8417
0.9106
0.8648
0.9168
0.7985
0.7531
0.8253
0.8694
0.881
0.785
0.7606
0.6117
0.7446
0.7061
0.8324
0.873
0.8803
0.8882
0.8582
0.8589
0.8638
0.8005
0.7716
0.757
0.8179
0.721
0.8639
0.9418
0.888
0.8124
0.7754
0.3905
0.754
0.8028
0.825
0.8667
0.8538
0.8275
0.82
0.8425
0.8608
0.8975
0.8892
0.9171
0.8513
0.825
0.8121
0.8354
0.8504
0.8604
0.8758
0.7571
0.6304
0.8054
0.7692
0.8163
0.825
0.6471
0.2967
0.4288
0.5938
0.6025
0.5571
0.605
0.6988
0.6696
0.7558
0.8025
0.8492
0.8679
0.9196
0.8813
0.8567
0.8671
0.8267
0.7233
0.6796
0.7767
0.4629
0.4554
0.4896
0.6975
0.7196
0.7229
0.8296
0.6813
0.7596
0.6696
0.7813
0.7767
0.7083
0.6963
0.7367
0.6108
0.7808
0.7033
0.8004
0.6617
0.6446
0.5308
0.5442
0.6996
0.7775
0.865
0.8121
0.8221
0.8292
0.8233
0.8525
0.8208
0.7058
0.6625
0.7408
0.9058
0.8708
0.8196
0.8775
0.8571
0.8304
0.6808
0.7079
0.7213
0.8529
0.8017
0.725
0.8158
0.765
0.7325
0.7888
0.8004
0.8067
0.8717
0.6913
0.3604
0.5971
0.7188
0.7121
0.8083
0.8613
0.6896
0.5508
0.6417
0.5663
0.7238
0.7854
0.6846
0.7163
0.8075
0.7554
0.6767
0.5638
0.5004
0.4338
0.5092
0.4396
0.7571
0.7775
0.7521
0.7283
0.6367
0.7021
0.6833
0.6479
0.7292
0.655
0.6754
0.7621
0.7221
0.7475
0.6554
0.9196
0.7188
0.7008
0.6288
0.5896
0.7192
0.7046
0.6917
0.5329
0.4675
0.5325
0.6233
0.5917
0.6879
0.7871
0.705
0.6138
0.6442
0.6842
0.755
0.7408
0.6254
0.6433
0.6413
0.6504
0.7379
0.63
0.7792
0.8383
0.7783
0.6879
0.6229
0.5533
0.5558
0.6267
0.6829
0.5854
0.6317
0.5529
0.6613
0.6425
0.6742
0.5479
0.5808
0.7
0.7367
0.7083
0.73
0.6558
0.5904
0.6438
0.73
0.7029
0.7358
0.7358
0.6133
0.5921
0.6188
0.5396
0.4588
0.47
0.6221
0.6913
0.6733
0.7404
0.6692
0.6658
0.6954
0.7271
0.7542
0.6808
0.7233
0.6908
0.6946
0.6604
0.61
0.7142
0.8208
0.6496
0.6325
0.7021
0.6817
0.7225
0.5963
0.6821
0.7788
0.8079
0.6388
0.7042
0.7325
0.7288
0.6646
0.7596
0.7917
0.7713
0.7413
0.6375
0.65
0.6633
0.6663
0.7683
0.7583
0.8613
0.7871
0.7108
0.7379
0.7583
0.74
0.7338
0.6658
0.6771
0.7425
0.7817
0.8208
0.9008
0.7996
0.8113
0.6517
0.7129
0.7858
0.7467
0.7367
0.7246
0.9046
0.7329
0.6921
0.7671
0.7538
0.7883
0.8313
0.8213
0.8625
0.83
0.8317
0.8421
0.8621
0.7917
0.8225
0.7663
0.7329
0.7317
0.8179
0.805
0.7913
0.8233
0.8329
0.9013
0.9275
0.9204
0.9413
0.9571
0.9333
0.8433
0.8663
0.9358
0.8563
0.8479
0.8113
0.7821
0.8463
0.8171
0.8646
0.8679
0.8875
0.9029
0.8858
0.885
0.8829
0.8242
0.7992
0.8458
0.8892
0.8163
0.7808
0.8058
0.8583
0.9354
0.7038
0.8829
0.8983
0.8692
0.835
0.8967
0.8875
0.8458
0.8821
0.8667
0.8875
0.8946
0.7879
0.7821
0.8013
0.8
0.7575
0.8517
0.8154
0.8254
0.8217
0.8525
0.9513
0.7754
0.7963
0.7454
0.8321
0.8171
0.8783
0.7925
0.795
0.8442
0.8783
0.8413
0.8313
0.8617
0.7971
0.8121
0.8383
0.8563
0.8471
0.85
0.8533
0.8725
0.8979
0.8921
0.9242
0.9108
0.8017
0.8167
0.8117
0.8692
0.7817
0.7883
0.7413
0.8408
0.9696
0.9471
0.9125
0.8596
0.9088
0.9004
0.8654
0.8858
0.8675
0.8642
0.9525
0.9642
0.8508
0.9211
0.9133
0.8683
0.8429
0.8608
0.8279
0.8875
0.86
0.8088
0.9475
0.9871
0.99
0.8083
0.748
0.8454
0.8504
0.8733
0.8388
0.8188
0.7704
0.7725
0.825
0.8333
0.8821
0.8367
0.8275
0.8242
0.8429
0.8083
0.6613
0.5488
0.5708
0.6133
0.5842
0.8663
0.8592
0.8329
0.8629
0.7363
0.8779
0.7117
0.7146
0.8029
0.6492
0.4892
0.5783
0.7875
0.6829
0.7892
0.815
0.7329
0.5254
0.6092
0.8042
0.8321
0.8042
0.8608
0.7229
0.7917
0.7954
0.8746
0.8471
0.8646
0.8108
0.6575
0.5738
0.7454
0.7179
0.7379
0.6113
0.7525
0.6746
0.6792
0.735
0.7263
0.7671
0.7425
0.7167
0.8213
0.7454
0.8
0.7879
0.7654
0.5917
0.7608
0.745
0.6908
0.7146
0.7092
0.7942
0.76
0.7646
0.8138
0.8238
0.7079
0.6167
0.5088
0.4417
0.5463
0.7092
0.7196
0.7154
0.7379
0.7663
0.7242
0.4938
0.5263
0.54
0.6358
0.7558
0.7758
0.7104
0.7904
0.7367
0.7792
0.7258
0.6663
0.5429
0.5375
0.5646
0.6688
0.7129
0.6704
0.685
0.5946
0.6675
0.72
0.7121
0.6238
0.5396
0.4742
0.5875
0.6408
0.7838
0.6833
0.6304
0.7017
0.6454
0.7229
0.5888
0.5608
0.6663
0.7271
0.6804
0.5896
0.5654
0.6533
0.5942
0.5979
0.6267
0.6263
0.6846
0.6213
0.6279
0.6079
0.585
0.6413
0.5725
0.6621
0.5958
0.5996
0.6025
0.5933
0.6275
0.5333
0.5033
0.6142
0.6796
0.6883
0.7038
0.6696
0.7321
0.6721
0.5496
0.4871
0.4308
0.5546
0.6696
0.6596
0.6025
0.6308
0.6846
0.6692
0.6492
0.5879
0.6708
0.5758
0.5917
0.6375
0.5404
0.6129
0.6129
0.6342
0.6854
0.6575
0.6942
0.6846
0.7329
0.6417
0.75
0.7275
0.6729
0.7267
0.6542
0.6867
0.6938
0.6992
0.6763
0.6813
0.8604
0.815
0.6858
0.6508
0.6258
0.6538
0.6988
0.7621
0.7179
0.7408
0.7296
0.7146
0.745
0.7629
0.7929
0.7058
0.7033
0.7663
0.8296
0.6958
0.6517
0.7338
0.7688
0.7475
0.7979
0.7796
0.7696
0.7608
0.7867
0.895
0.9117
0.7921
0.7838
0.7433
0.8354
0.8188
0.83
0.8042
0.8413
0.9333
0.8463
0.735
0.7633
0.8088
0.8304
0.8417
0.8496
0.7321
0.8217
0.6796
0.7796
0.8204
0.8083
0.7629
0.8229
0.8804
0.8354
0.8867
0.9279
0.7888
0.7896
0.835
0.8525
0.8533
0.8813
0.885
0.7508
0.8279
0.8008
0.8333
0.7708
0.8583
0.8521
0.8696
0.8513
0.8263
0.7871
0.8638
0.8525
0.7508
0.6054
0.7675
0.7921
0.825
0.8879
0.8854
0.8779
0.8521
0.8758
0.8675
0.845
0.8304
0.8867
0.8929
0.8904
0.7738
0.8013
0.8746
0.7954
0.8371
0.7442
0.8063
0.8642
0.8975
0.8283
0.8646
0.8421
0.8667
0.8879
0.9204
0.7904
0.7767
0.8496
0.9483
0.8579
0.8479
0.7279
0.8613
0.87
0.8233
0.8579
0.7229
0.8217
0.8788
0.8883
0.8825
0.9715
0.7788
0.7574
0.8338
0.5133
0.2757
0.7133
0.8421
0.8842
0.9008
0.8538
0.8546
0.8567
0.9025
0.8442
0.825
0.8138
0.8346
0.865
0.865
0.8546
0.8246
0.8821
0.8625
0.8513
0.8379
0.8825
0.9063
0.8792
0.94
0.8133
0.7521
0.8096
0.855
0.9188
0.6996
0.5133
0.7383
0.7146
0.7213
0.7079
0.6896
0.8308
0.7979
0.8388
0.8233
0.8679
0.8646
0.85
0.8367
0.7796
0.8254
0.8504
0.7213
0.7833
0.635
0.6788
0.6788
0.5971
0.5896
0.8946
0.8258
0.7921
0.8483
0.87
0.8092
0.8121
0.7079
0.7642
0.7358
0.8004
0.7888
0.6688
0.6171
0.6433
0.7054
0.7304
0.7
0.8138
0.7604
0.7221
0.3571
0.52
0.6229
0.6333
0.6192
0.6988
0.7654
0.7088
0.7146
0.6179
0.4258
0.47
0.4775
0.6033
0.6679
0.6838
0.7542
0.7821
0.7829
0.6175
0.675
0.8233
0.8263
0.855
0.9558
0.8554
0.95
0.7338
0.8104
0.78
0.8117
0.8021
0.7521
0.7692
0.8642
0.6654
0.7038
0.7021
0.7075
0.7092
0.7088
0.8063
0.8067
0.6646
0.6113
0.6004
0.6242
0.6271
0.7271
0.7867
0.8354
0.7458
0.9042
0.7575
0.8933
0.84
0.7708
0.6667
0.5742
0.7208
0.8246
0.7038
0.6804
0.6579
0.6992
0.7308
0.7446
0.725
0.6896
0.7442
0.7588
0.6433
0.4879
0.4246
0.6079
0.5229
0.6958
0.76
0.7358
0.5008
0.5792
0.7054
0.6654
0.7592
0.5971
0.6675
0.6821
0.6558
0.6292
0.6788
0.6879
0.6058
0.5846
0.6688
0.6613
0.7
0.7629
0.4925
0.6546
0.725
0.6296
0.6475
0.7329
0.6925
0.6608
0.6671
0.5946
0.6517
0.6146
0.7304
0.7492
0.7579
0.6983
0.5671
0.6654
0.7008
0.6704
0.6692
0.6738
0.4408
0.4942
0.6342
0.5346
0.705
0.7117
0.7371
0.7563
0.54
0.6538
0.6946
0.7042
0.6921
0.7033
0.675
0.6775
0.6888
0.6608
0.6867
0.7092
0.6133
0.6583
0.7096
0.7483
0.7558
0.7442
0.7029
0.6817
0.6779
0.7088
0.7771
0.8254
0.8408
0.7492
0.745
0.7963
0.8329
0.7863
0.7938
0.8413
0.8063
0.7404
0.8204
0.9125
0.765
0.7613
0.8567
0.7629
0.7746
0.4896
0.6175
0.6683
0.6408
0.6396
0.7088
0.7358
0.7921
0.8013
0.8071
0.7525
0.5867
0.6988
0.7929
0.7629
0.8033
0.7529
0.7671
0.7196
0.7617
0.7033
0.7125
0.7271
0.8321
0.8004
0.7221
0.7629
0.8196
0.8588
0.7796
0.7863
0.8613
0.7121
0.6554
0.6683
0.8267
0.84
0.825
0.8425
0.8804
0.8596
0.8475
0.83
0.8154
0.8629
0.8875
0.8317
0.7596
0.7575
0.8271
0.8475
0.8571
0.865
0.8404
0.825
0.8471
0.6996
0.7429
0.8125
0.7946
0.7983
0.7442
0.8575
0.8646
0.8313
0.8258
0.8504
0.8446
0.7675
0.845
0.8504
0.8742
0.875
0.8483
0.805
0.8175
0.8242
0.8096
0.8029
0.8567
0.8346
0.8325
0.6583
0.6417
0.6771
0.6629
0.6375
0.8554
0.8967
0.8846
0.8279
0.8383
0.8513
0.8008
0.7871
0.83
0.8204
0.8125
0.8192
0.7804
0.6929
0.825
0.8292
0.8617
0.8625
0.8167
0.5363
0.5963
0.6104
0.6675
0.7442
0.7279
0.7179
0.7333
0.8038
0.7613
0.8642
0.8429
0.8017
0.8325
0.7588
0.875
0.8283
0.8379
0.8642
0.865
0.8263
0.8338
0.8288
0.8096
0.8646
0.9625
0.9288
0.8313
0.7933
0.8788
0.8863
0.8692
0.9258
0.8233
0.7483
0.81
0.8692
0.75
0.7229
0.69
0.7838
0.8683
0.8821
0.9038
0.8763
0.8438
0.8829
0.845
0.8175
0.7758
0.6875
0.7896
0.8642
0.8213
0.7154
0.8017
0.8913
0.7596
0.77
0.7275
0.7838
0.7608
0.7858
0.8408
0.8158
0.8304
0.8
0.8804
0.8392
0.8317
0.8121
0.9263
0.9254
0.9133
0.8667
0.8158
0.8188
0.8829
0.9183
0.8325
0.8771
0.8908
0.8008
0.8221
0.7492
0.8246
0.5338
0.2883
0.4708
0.6671
0.7717
0.845
0.7129
0.6738
0.7963
0.8738
0.8283
0.8492
0.64
0.765
0.83
0.8417
0.74
0.5958
0.7979
0.7713
0.6167
0.745
0.6933
0.6879
0.7921
0.8583
0.8033
0.7967
0.6092
0.6575
0.7229
0.7321
0.7679
0.7854
0.7475
0.6254
0.7213
0.6529
0.8342
0.7658
0.6642
0.7213
0.7621
0.7463
0.8483
0.7638
0.6533
0.83
0.7092
0.735
0.7308
0.74
0.7096
0.6879
0.685
0.85
0.7721
0.7283
0.6429
0.5133
0.4475
0.4396
0.5983
0.75
0.6208
0.5908
0.8563
0.8492
0.7983
0.7746
0.7571
0.8379
0.8521
0.8367
0.8471
0.8071
0.8263
0.7246
0.7492
0.8417
0.8233
0.8642
0.9233
0.7479
0.8154
0.8313
0.7242
0.6883
0.8004
0.8813
0.8313
0.8738
0.8038
0.8513
0.8079
0.7763
0.7838
0.7213
0.7992
0.7921
0.7658
0.7913
0.7717
0.8338
0.7667
0.8583
0.7283
0.7596
0.5979
0.5371
0.5408
0.5433
0.6275
0.6671
0.6288
0.6875
0.7096
0.69
0.6296
0.6633
0.7575
0.7308
0.7083
0.7721
0.7883
0.7242
0.6983
0.7408
0.7496
0.7708
0.77
0.7779
0.7413
0.7263
0.6525
0.6317
0.7358
0.6938
0.6971
0.7533
0.7038
0.7538
0.7092
0.7113
0.6908
0.6975
0.7517
0.7471
0.6033
0.5796
0.6829
0.7008
0.7142
0.6975
0.5746
0.5592
0.6583
0.7263
0.6963
0.7579
0.7892
0.6625
0.6263
0.6217
0.6367
0.6579
0.7354
0.7708
0.7108
0.7354
0.7592
0.7758
0.92
0.7917
0.7708
0.7417
0.6567
0.6
0.6167
0.665
0.7508
0.6879
0.7471
0.7833
0.7513
0.6979
0.6875
0.6592
0.7088
0.6717
0.6529
0.7429
0.7775
0.6792
0.6554
0.7129
0.7658
0.785
0.8379
0.785
0.8458
0.7679
0.8771
0.7929
0.7833
0.7417
0.8263
0.7271
0.75
0.73
0.7729
0.8192
0.8125
0.8146
0.7
0.7004
0.8292
0.8663
0.8688
0.7338
0.6763
0.7979
0.8375
0.8692
0.8458
0.8346
0.8733
0.9158
0.9113
0.8496
0.8683
0.8708
0.9017
0.91
0.8467
0.8096
0.8225
0.7938
0.9225
0.9521
0.7846
0.8858
0.8421
0.895
0.8291
0.8646
0.84
0.8567
0.8529
0.8779
0.8708
0.8567
0.8829
0.9488
0.8654
0.7775
0.8129
0.8304
0.8471
0.8925
0.8496
0.8396
0.8254
0.8254
0.7842
0.6679
0.7742
0.8438
0.8258
0.8321
0.8488
0.6517
0.6017
0.8154
0.7621
0.7817
0.7133
0.8146
0.8292
0.7929
0.8658
0.9221
0.7705
0.8596
0.85
0.8658
0.8742
0.94
0.8644
0.85
0.86
0.8646
0.8771
0.8883
0.9071
0.9013
0.8183
0.9058
0.89
0.8263
0.9225
0.95
-99
-99
-99
-99
-99
0.7815
0.9354
0.9567
0.9271
0.8496
0.8946
0.885
0.8808
0.8375
0.7992
0.8696
0.885
0.8808
0.8192
0.8292
0.7813
0.8083
0.8092
0.7658
0.5275
0.6625
0.7483
0.7404
0.7475
0.8588
0.8413
0.9271
0.9275
0.9317
0.9163
0.8033
0.8846
0.8654
0.7513
0.6417
0.7258
0.6525
0.7675
0.7558
0.7617
0.7938
0.6388
0.7608
0.7725
0.735
0.8242
0.6625
0.8275
0.7354
0.7404
0.8075
0.8113
0.8021
0.7613
0.84
0.8775
0.8746
0.8488
0.8725
0.6517
0.5792
0.645
0.7879
0.8242
0.7221
0.8304
0.84
0.7504
0.6617
0.6992
0.6458
0.6433
0.7288
0.7175
0.6604
0.6879
0.7367
0.6404
0.68
0.6008
0.79
0.8054
0.9038
0.8321
0.7825
0.8921
0.7929
0.9188
0.8083
0.7771
0.8092
0.8113
0.8538
0.6483
0.7867
0.8917
0.7629
0.8913
0.7292
0.7967
0.8
0.7421
0.8042
0.8379
0.8225
0.8008
0.77
0.5933
0.5996
0.6971
0.7404
0.845
0.7279
0.82
0.7508
0.7938
0.815
0.655
0.6454
0.6563
0.7204
0.63
0.6175
0.6717
0.7779
0.7817
0.8088
0.7621
0.8092
0.86
0.7517
0.6808
0.7083
0.7038
0.6525
0.585
0.6233
0.7063
0.6929
0.7167
0.79
0.7342
0.6321
0.5142
0.6429
0.5992
0.7183
0.7108
0.5758
0.6388
0.6867
0.8283
0.6346
0.7271
0.7742
0.5358
0.68
0.6613
0.7163
0.5929
0.5104
0.6296
0.6229
0.5583
0.5288
0.6483
0.7308
0.6729
0.7104
0.7017
0.7838
0.7129
0.6213
0.6496
0.7642
0.5713
0.5775
0.5658
0.59
0.6046
0.5917
0.6825
0.7171
0.7096
0.7342
0.8704
0.78
0.7825
0.7963
0.6475
0.7163
0.6946
0.7317
0.6992
0.5717
0.68
0.6642
0.6483
0.6983
0.5067
0.5475
0.6892
0.7271
0.6713
0.6513
0.74
0.7563
0.7021
0.7388
0.7233
0.6463
0.7075
0.7217
0.6346
0.6813
0.6967
0.7879
0.8104
0.7125
0.6517
0.6242
0.5842
0.6583
0.7104
0.5625
0.5125
0.4275
0.4917
0.6792
0.7471
0.6925
0.7338
0.7483
0.7346
0.7346
0.7025
0.6867
0.6796
0.7763
0.7638
0.8063
0.7425
0.7196
0.6467
0.7083
0.7008
0.7321
0.6613
0.6904
0.6367
0.6508
0.7133
0.8783
0.9142
0.7488
0.7463
0.7967
0.7688
0.8346
0.7821
0.6438
0.6367
0.7117
0.7825
0.7829
0.7554
0.7258
0.6892
0.7358
0.7879
0.8288
0.7833
0.8008
0.8471
0.8263
0.7321
0.7338
0.8304
0.8438
0.8288
0.835
0.7579
0.7192
0.5729
0.6058
0.6996
0.6192
0.7467
0.8392
0.8746
0.9371
0.8204
0.8221
0.8554
0.8954
0.8804
0.8617
0.8438
0.8167
0.8763
0.8571
0.7854
0.7046
0.7346
0.7283
0.8033
0.8617
0.7354
0.7279
0.7054
0.8188
0.8613
0.8758
0.8908
0.8121
0.7
0.8379
0.8571
0.9004
0.8892
0.9042
0.8388
0.835
0.8413
0.8579
0.79
0.8792
0.8067
0.9038
0.7871
0.7367
0.8104
0.8663
0.8683
0.8738
0.7783
0.7508
0.8142
0.8788
0.8654
0.8571
0.835
0.7967
0.6204
0.7792
0.7375
0.8054
0.7817
0.7071
0.6654
0.9167
0.9475
0.8871
0.9404
0.8333
0.8996
0.8433
0.7063
0.79
0.8221
0.7757
-99
-99
0.86
0.8908
0.9263
0.8175
0.8542
0.7583
0.7029
0.7633
0.8013
0.8433
0.8238
0.8654
0.8167
0.8338
0.9304
0.9404
0.9463
0.9096
0.8538
0.8538
0.8817
0.8488
0.9054
0.7025
0.8213
0.7804
0.8117
0.69
0.8546
0.8225
0.8304
0.8163
0.9396
0.7583
0.7413
0.8183
0.9296
0.9225
0.8271
0.5946
0.6733
0.8258
0.7329
0.8375
0.8413
0.8992
0.8221
0.8404
0.7675
0.8596
0.8408
0.65
0.53
0.6654
0.5646
0.8554
0.6433
0.6792
0.7363
0.8225
0.8238
0.8271
0.5229
0.7888
0.9213
0.7908
0.7254
0.7729
0.8775
0.7688
0.7104
0.7625
0.7792
0.8079
0.8025
0.8308
0.7379
0.8225
0.9179
0.8379
0.8467
0.8742
0.5021
0.5146
0.7438
0.8154
0.6121
0.6133
0.7946
0.7463
0.8033
0.855
0.8304
0.76
0.7346
0.8008
0.695
0.6892
0.6179
0.8238
0.815
0.7713
0.7442
0.7658
0.7213
0.7479
0.8192
0.7054
0.7192
0.7679
0.81
0.7217
0.71
0.7079
0.6829
0.6538
0.7604
0.7988
0.8458
0.7992
0.9163
0.8929
0.7838
0.7946
0.7842
0.8029
0.8396
0.7546
0.7338
0.8638
0.8671
0.8654
0.7642
0.7104
0.7579
0.7246
0.7167
0.7283
0.7004
0.735
0.6883
0.6588
0.6825
0.7171
0.6929
0.8192
0.7525
0.7292
0.69
0.8067
0.805
0.7633
0.6779
0.6725
0.8354
0.8225
0.8046
0.8883
0.8342
0.85
0.7583
0.7208
0.7663
0.7792
0.6583
0.7188
0.6742
0.7863
0.7467
0.6604
0.7271
0.7638
0.6096
0.5667
0.5533
0.5467
0.5629
0.5904
0.6058
0.5858
0.5783
0.6783
0.7158
0.6767
0.7221
0.7308
0.6658
0.6617
0.6442
0.5363
0.5317
0.6021
0.7029
0.6808
0.6917
0.6858
0.7321
0.7358
0.6758
0.6333
0.6967
0.6867
0.6321
0.7104
0.7042
0.6296
0.7125
0.8075
0.7929
0.7442
0.7267
0.7704
0.7529
0.7192
0.7133
0.7288
0.7508
0.7104
0.7363
0.7813
0.7063
0.7063
0.7683
0.7629
0.6988
0.7096
0.7588
0.7679
0.8242
0.7725
0.6583
0.6408
0.7888
0.7592
0.7492
0.7296
0.595
0.6692
0.6988
0.6383
0.6696
0.76
0.7296
0.7104
0.7579
0.7638
0.7504
0.8204
0.7163
0.7279
0.75
0.7308
0.74
0.7392
0.7621
0.7375
0.7721
0.9083
0.9092
0.7692
0.8675
0.915
0.835
0.8479
0.7975
0.7204
0.7613
0.7388
0.7767
0.8175
0.8046
0.8108
0.8492
0.8454
0.6342
0.7904
0.8233
0.7833
0.8158
0.8121
0.9129
0.8479
0.7788
0.7904
0.8579
0.8367
0.8421
0.7813
0.7117
0.7217
0.7846
0.8475
0.8558
0.8425
0.785
0.5492
0.5492
0.6958
0.7596
0.8575
0.7654
0.7733
0.8308
0.7913
0.7967
0.8113
0.8529
0.8571
0.8138
0.7692
0.6579
0.6117
0.7517
0.7458
0.785
0.8754
0.8042
0.6442
0.81
0.8158
0.8696
0.9292
0.8475
0.8121
0.815
0.8604
0.8117
0.7804
0.7738
0.7267
0.8696
0.9158
0.8029
0.8129
0.7829
0.8208
0.8246
0.8667
0.7958
0.7875
0.8688
0.8642
0.8746
0.8554
0.8433
0.7508
0.7333
0.6096
0.7154
0.86
0.8408
0.8117
0.9392
0.9488
0.8792
0.7996
0.7442
0.68
0.775
0.8729
0.8817
0.8796
0.945
0.9271
0.875
0.8254
0.8404
0.8638
0.865
0.8733
0.7329
0.81
0.8017
0.7896
0.8354
0.8479
0.8521
0.8433
0.88
0.8775
0.8567
0.8625
0.7742
0.4921
0.7058
0.6996
0.7221
0.7125
0.78
0.8129
0.7708
0.8671
0.87
0.8338
0.7738
0.7017
0.72
0.7725
0.7879
0.6804
0.8325
0.8929
0.8508
0.8546
0.8313
0.84
0.8558
0.8825
0.8346
0.7313
0.8988
0.775
0.7821
0.8833
0.7146
0.7508
0.8379
0.8379
0.7767
0.82
0.6688
0.6713
0.6942
0.7633
0.8858
0.7438
0.8054
0.7321
0.7042
0.7304
0.7938
0.7963
0.81
0.9017
0.8279
0.8946
0.91
0.9125
0.8083
0.7217
0.7746
0.7408
0.7442
0.735
0.6188
0.7079
0.8075
0.8429
0.7317
0.7458
0.7975
0.8363
0.7504
0.7354
0.6717
0.7429
0.805
0.7642
0.7008
0.6988
0.5963
0.5867
0.6571
0.6754
0.7413
0.7621
0.6563
0.6767
0.7154
0.7363
0.7183
0.7796
0.7958
0.6804
0.7421
0.7813
0.7067
0.7117
0.7725
0.6917
0.7479
0.8171
0.7517
0.8004
0.8038
0.8004
0.8317
0.7504
0.6946
0.7733
0.8338
0.7638
0.73
0.7071
0.6688
0.6863
0.7729
0.7554
0.7304
0.7225
0.7188
0.6704
0.6025
0.6246
0.5746
0.5629
0.5421
0.5975
0.6283
0.6913
0.6946
0.76
0.7154
0.8538
0.6863
0.7233
0.8042
0.7721
0.8217
0.7417
0.8546
0.8958
0.7871
0.8967
0.815
0.8
0.7546
0.6613
0.61
0.7163
0.7021
0.7517
0.7338
0.7767
0.7213
0.6288
0.7025
0.7188
0.6725
0.5671
0.6075
0.5713
0.6471
0.6538
0.7179
0.7746
0.7263
0.7225
0.7067
0.7283
0.6842
0.6667
0.6625
0.6267
0.6388
0.7817
0.7204
0.8338
0.7571
0.7638
0.8158
0.7667
0.735
0.7271
0.725
0.73
0.6625
0.7042
0.7238
0.8304
0.8163
0.7233
0.7954
0.8646
0.8288
0.7925
0.7463
0.7383
0.7629
0.7946
0.83
0.7463
0.7288
0.7192
0.7463
0.7567
0.7704
0.6804
0.6821
0.6738
0.6621
0.7188
0.7608
0.6717
0.6217
0.5692
0.5021
0.6988
0.7833
0.7804
0.8063
0.74
0.7479
0.7867
0.7917
0.8092
0.7767
0.7783
0.7792
0.7358
0.7596
0.7692
0.7992
0.785
0.7904
0.7875
0.7917
0.7817
0.7542
0.7313
0.7429
0.7679
0.7979
0.8021
0.6808
0.7479
0.7879
0.7458
0.8
0.9004
0.8108
0.7808
0.7313
0.7171
0.7304
0.7758
0.795
0.76
0.6533
0.64
0.7229
0.7971
0.8258
0.7021
0.7092
0.6271
0.6213
0.5875
0.7633
0.7025
0.7479
0.7417
0.8071
0.7421
0.7842
0.8121
0.7708
0.8
0.8508
0.9021
0.7246
0.7008
0.8771
0.9013
0.8263
0.8346
0.8813
0.8721
0.8696
0.8708
0.9233
0.9038
0.8971
0.8296
0.8238
0.8446
0.8738
0.8829
0.8804
0.9242
0.9071
0.9246
0.8671
0.8504
0.9138
0.8992
0.8779
0.85
0.7825
0.8154
0.8671
0.8642
0.8696
0.8971
0.9075
0.8642
0.8675
0.8633
0.8283
0.8292
0.8125
0.8188
0.8388
0.8446
0.8858
0.8975
0.8808
0.885
0.8392
0.7821
0.7104
0.7308
0.6129
0.7096
0.6983
0.69
0.8108
0.8896
0.7325
0.8633
0.8508
0.84
0.815
0.8008
0.84
0.8221
0.7267
0.7521
0.8358
0.8196
0.8225
0.8125
0.8367
0.8129
0.815
0.83
0.8442
0.865
0.87
0.89
0.8421
0.8863
0.8817
0.8283
0.7625
0.8417
0.8083
0.8063
0.8329
0.8179
0.8088
0.8246
0.8058
0.8408
0.8463
0.8963
0.8333
0.7446
0.7054
0.9079
0.9175
0.77
0.6058
0.7458
0.5188
0.3117
0.5342
0.5538
0.6925
0.6233
0.6379
0.6292
0.6996
0.6663
0.7221
0.7867
0.8004
0.8363
0.7083
0.6996
0.6333
0.5204
0.5954
0.7571
0.6713
0.8088
0.8292
0.7546
0.7213
0.7917
0.8454
0.7546
0.6913
0.5875
0.6804
0.7054
0.5592
0.6154
0.6554
0.6454
0.64
0.6421
0.7233
0.6842
0.7879
0.605
0.6742
0.6104
0.825
0.8442
0.7929
0.7796
0.6704
0.6646
0.645
0.5767
0.5588
0.55
0.6417
0.5925
0.7108
0.8917
0.8854
0.8596
0.83
0.6504
0.6904
0.7908
0.8083
0.6383
0.7529
0.7888
0.73
0.8242
0.6363
0.6154
0.7967
0.5979
0.6138
0.7263
0.7813
0.7375
0.5492
0.8171
0.6883
0.7129
0.7504
0.7079
0.7125
0.7379
0.7254
0.7671
0.7908
0.6258
0.7617
0.7375
0.6354
0.725
0.5454
0.5142
0.6033
0.7679
0.6779
0.7367
0.6938
0.8017
0.7542
0.7513
0.8733
0.7204
0.6592
0.6371
0.6029
0.5817
0.7283
0.665
0.7225
0.6633
0.5892
0.5742
0.5971
0.5475
0.7417
0.7921
0.7625
0.7829
0.7167
0.7096
0.6888
0.7308
0.7421
0.5788
0.7421
0.735
0.6483
0.535
0.6433
0.6467
0.6079
0.6292
0.5513
0.6258
0.6029
0.5513
0.6083
0.5658
0.5179
0.58
0.6729
0.6879
0.8242
0.7121
0.7296
0.7354
0.7625
0.7
0.6988
0.705
0.6771
0.7538
0.6963
0.7088
0.7421
0.6858
0.6754
0.6675
0.6379
0.4742
0.6104
0.6858
0.735
0.6213
0.5721
0.5738
0.6054
0.5325
0.5817
0.6492
0.7271
0.7496
0.7071
0.7467
0.5958
0.545
0.5888
0.6838
0.6508
0.5929
0.5658
0.5375
0.4954
0.5017
0.6746
0.6871
0.7167
0.7363
0.655
0.6163
0.5767
0.5221
0.5246
0.53
0.4392
0.4963
0.6471
0.6854
0.6308
0.7121
0.7442
0.7113
0.8121
0.7054
0.5621
0.5804
0.5471
0.5838
0.6388
0.6596
0.6767
0.7608
0.6863
0.7463
0.7367
0.7558
0.6346
0.6488
0.7292
0.7975
0.8296
0.8221
0.7958
0.7633
0.8125
0.78
0.7625
0.505
0.58
0.6738
0.69
0.4992
0.7842
0.8154
0.7179
0.7875
0.8088
0.8179
0.8175
0.8121
0.7417
0.7946
0.8117
0.8408
0.8667
0.8729
0.8508
0.7463
0.7742
0.715
0.7996
0.8638
0.8658
0.865
0.8608
0.8683
0.8288
0.8396
0.9108
0.8354
0.7058
0.5071
0.6421
0.8175
0.8825
0.7288
0.7196
0.7921
0.8267
0.7208
0.8188
0.8121
0.8021
0.8229
0.8538
0.7983
0.7975
0.7271
0.7592
0.8317
0.88
0.9117
0.7842
0.8263
0.8617
0.8758
0.8579
0.8488
0.8671
0.8704
0.8788
0.9129
0.9263
0.8
0.7863
0.8363
0.7704
0.8067
0.7796
0.6967
0.8308
0.8188
0.7758
0.81
0.8429
0.885
0.8683
0.8871
0.7554
0.7125
0.6992
0.8146
0.8267
0.8717
0.8529
0.7992
0.8621
0.8492
0.8875
0.8879
0.8538
0.8229
0.8508
0.8367
0.8463
0.8233
0.8633
0.8778
0.8383
0.7963
0.81
0.8108
0.83
0.8633
0.8725
0.8458
0.8238
0.8333
0.9267
0.8483
0.7225
0.8058
0.8213
0.8038
0.8963
0.7767
0.7671
0.7021
0.8158
0.8004
0.7029
0.8121
0.7846
0.7729
0.7821
0.7825
0.8004
0.6954
0.5275
0.3388
0.6421
0.6475
0.6404
0.4642
0.6279
0.6946
0.6996
0.5417
0.5592
0.7475
0.7875
0.8033
0.855
0.83
0.8121
0.7954
0.8142
0.8471
0.8629
0.7938
0.7058
0.7439
0.7375
0.7221
0.7971
0.7142
0.7129
0.735
0.8292
0.8925
0.8946
0.7975
0.5742
0.6367
0.6058
0.63
0.6888
0.9042
0.5854
0.6433
0.7854
0.8625
0.6008
0.705
0.7913
0.7154
0.8133
0.8383
0.8421
0.6608
0.8063
0.8583
0.7417
0.7221
0.6963
0.7621
0.8838
0.7171
0.8242
0.8471
0.845
0.7746
0.7025
0.6983
0.6442
0.6908
0.6379
0.5558
0.6921
0.65
0.5892
0.5871
0.5713
0.68
0.7817
0.6517
0.7454
0.7391
0.6683
0.5892
0.6596
0.7488
0.9179
0.8242
0.8063
0.7775
0.7279
0.7579
0.7158
0.7321
0.7538
0.6946
0.5692
0.64
0.7354
0.8146
0.7892
0.7596
0.7642
0.85
0.8358
0.8508
0.7571
0.7192
0.7833
0.795
0.7575
0.6771
0.7108
0.7038
0.7321
0.7571
0.7846
0.8146
0.7025
0.7379
0.7033
0.5433
0.6008
0.7229
0.7329
0.6783
0.6304
0.6592
0.8229
0.7488
0.7346
0.7288
0.6783
0.6013
0.6638
0.5671
0.5604
0.6808
0.7725
0.6546
0.6233
0.685
0.7167
0.7679
0.6308
0.7158
0.7508
0.7413
0.7263
0.7279
0.7496
0.5796
0.6842
0.7375
0.7392
0.7071
0.5896
0.5983
0.5654
0.5483
0.6488
0.7529
0.6504
0.6463
0.5225
0.5704
0.6596
0.6817
0.7683
0.7421
0.7275
0.7192
0.6417
0.7229
0.6579
0.7146
0.6108
0.7538
0.6279
0.7104
0.71
0.6922
0.6929
0.665
0.7333
0.6729
0.6292
0.72
0.7792
0.7333
0.6667
0.7004
0.6504
0.6192
0.5896
0.6988
0.6696
0.7329
0.6838
0.7192
0.7179
0.6692
0.7038
0.7429
0.7367
0.73
0.7154
0.8388
0.7717
0.8192
0.7646
0.7042
0.6792
0.7258
0.7671
0.6838
0.7554
0.7013
0.8008
0.895
0.8792
0.8413
0.7992
0.9054
0.8175
0.7942
0.7842
0.8392
0.7204
0.785
0.7421
0.8096
0.7425
0.7892
0.7825
0.7813
0.8146
0.8154
0.8233
0.7504
0.7942
0.6783
0.7046
0.7083
0.8042
0.8213
0.9046
0.8204
0.87
0.8175
0.8125
0.8317
0.8067
0.8933
0.8054
0.805
0.8233
0.7467
0.7829
0.8613
0.8865
0.8638
0.8658
0.8613
0.8646
0.7596
0.8146
0.8454
0.8754
0.7096
0.7413
0.9167
0.8321
0.7267
0.7271
0.6796
0.8083
0.7333
0.7546
0.7817
0.8475
0.7629
0.6888
0.723
0.8204
0.7846
0.8021
0.8113
0.6513
0.7063
0.8621
0.8983
0.7363
0.6942
0.6646
0.6696
0.7779
0.8129
0.8046
0.8025
0.7229
0.7817
0.8167
0.8229
0.7742
0.7892
0.7825
0.8238
0.8104
0.8367
0.8438
0.8654
0.8696
0.8838
0.8513
0.8708
0.9
0.8517
0.8542
0.8717
0.8779
0.8592
0.9179
0.9125
0.8779
0.8567
0.8496
0.8717
0.7846
0.6983
0.8104
0.7567
0.8171
0.8267
0.8054
0.7988
0.8275
0.8258
0.8258
0.6888
0.7921
0.8167
0.8958
0.8846
0.8413
0.8554
0.89
0.8888
0.8283
0.8337
0.8142
0.7821
0.8888
0.8975
0.8067
0.7621
0.8992
0.8638
0.8354
0.8808
0.7979
0.7871
0.6638
0.7838
0.8196
0.8408
0.9329
0.7558
0.7571
0.7221
0.7063
0.7821
0.6521
0.6208
0.6354
0.79
0.6996
0.655
0.6567
0.73
-99
-99
0.7844
0.7563
0.7575
0.7771
0.8383
0.7763
0.7896
0.8258
0.7663
0.6146
0.76
0.6221
0.68
0.7808
0.6425
0.5117
0.6933
0.74
0.6863
0.7229
0.7321
0.6258
0.7246
0.7179
0.6954
0.7375
0.6329
0.5629
0.6471
0.6921
0.8017
0.795
0.8108
0.8142
0.6592
0.5954
0.645
0.7179
0.7508
0.7408
0.5758
0.8508
0.8496
0.8664
0.7642
0.85
0.7129
0.701
0.6825
0.7285
0.7544
0.7634
0.7217
0.7469
0.8173
0.7413
0.685
0.6438
0.6746
0.7652
0.7469
0.7475
0.8435
0.855
0.8692
0.7723
0.6942
0.6783
0.6358
0.5985
0.7252
0.7731
0.7785
0.7406
0.7794
0.6454
0.7238
0.7345
0.7336
0.7198
0.6521
0.6804
0.6688
0.75
0.7444
0.8254
0.7358
0.7192
0.7013
0.7088
0.7331
0.7485
0.8485
0.8202
0.6542
0.5671
0.6181
0.6969
0.8673
0.7577
0.834
0.7779
0.8698
0.7654
0.6533
0.6427
0.6458
0.724
0.6744
0.7379
0.6215
0.591
0.5517
0.5654
0.5808
0.5915
0.5788
0.7231
0.7967
0.6775
0.7685
0.7063
0.7
0.6785
0.5648
0.7835
0.755
0.7369
0.7777
0.7108
0.7498
0.7077
0.7248
0.7371
0.7163
0.7308
0.5277
0.5994
0.6483
0.725
0.845
0.7658
0.766
0.6363
0.6229
0.731
0.715
0.7846
0.7625
0.639
0.6306
0.5738
0.6871
0.5606
0.6335
0.5654
0.6131
0.5825
0.7119
0.7081
0.6823
0.8517
0.7844
0.6733
0.7069
0.7556
0.7525
0.7465
0.75
0.69
0.7154
0.7833
0.7598
0.6533
0.7456
0.7296
0.7158
0.6406
0.6308
0.7194
0.6371
0.7021
0.7521
0.6742
0.6615
0.6425
0.8238
0.7963
0.7838
0.8121
0.7246
0.7138
0.7417
0.7567
0.6944
0.7156
0.7747
0.8019
0.6815
0.7673
0.7873
0.8367
0.8079
0.8
0.7673
0.7675
0.7638
0.7542
0.769
0.8169
0.7983
0.7927
0.8329
0.8142
0.7815
0.7331
0.7288
0.8442
0.8702
0.8263
0.7694
0.7771
0.7323
0.9075
0.8454
0.8717
0.8346
0.7842
0.791
0.83
0.8427
0.8333
0.7935
0.7985
0.834
0.8529
0.8071
0.7946
0.7723
0.8496
0.735
0.7444
0.7819
0.7504
0.82
0.7917
0.7844
0.7856
0.7038
0.7225
0.7521
0.8167
0.8483
0.8442
0.8327
0.8538
0.8325
0.8346
0.8554
0.8546
0.8264
0.8298
0.799
0.7794
0.8763
0.8475
0.861
0.9131
0.8098
0.8054
0.8875
0.7171
0.7015
0.7819
0.7888
0.8134
0.8662
0.8553
0.8894
0.8556
0.8473
0.8925
0.9175
0.9188
0.8498
0.8808
0.8698
0.8075
0.8115
0.8775
0.8867
0.8968
0.8546
0.8244
0.8271
0.5173
0.7073
0.8208
0.8585
0.8823
0.8725
0.9115
0.876
0.9117
0.8258
0.8646
0.85
0.8706
0.8852
0.8858
0.899
0.8671
0.8669
0.8623
0.7644
0.6079
0.6531
0.7783
0.8304
0.8094
0.7606
0.8067
0.8496
0.8833
0.8938
0.8763
0.8258
0.8248
0.8665
0.819
0.8538
0.8294
0.8196
0.8671
0.8335
0.7927
0.9175
0.8598
0.8296
0.8272
0.7585
0.6781
0.3967
0.7381
0.7815
0.806
0.6723
0.6027
0.6965
0.5594
0.721
0.8979
0.7781
0.7056
0.6338
0.7381
0.7313
0.7496
0.7321
0.7527
0.8144
0.7052
0.7146
0.7373
0.7296
0.69
0.6633
0.7754
0.8229
0.83
0.5194
0.6979
0.5948
0.5263
0.8256
0.7648
0.6917
0.7308
0.7163
0.7685
0.8315
0.3404
0.7048
0.7642
0.7417
0.6706
0.7102
0.661
0.7571
0.7683
0.7702
0.7673
0.7825
0.7779
0.7042
0.539
0.5775
0.8542
0.7198
0.7477
0.8013
0.8423
0.715
0.7321
0.6885
0.7529
0.721
0.7254
0.8081
0.7198
0.7863
0.826
0.7513
0.6479
0.7175
0.6613
0.7113
0.7056
0.7421
0.5804
0.6125
0.5552
0.5227
0.8227
0.7542
0.7346
0.8342
0.7908
0.7102
0.6819
0.7033
0.7381
0.8252
0.8379
0.7494
0.7369
0.7679
0.8052
0.6692
0.6719
0.5813
0.6525
0.6929
0.6956
0.6725
0.7088
0.6996
0.6821
0.6338
0.611
0.6056
0.6446
0.5053
0.53
0.6169
0.5783
0.784
0.8167
0.7083
0.6538
0.6085
0.5733
0.6006
0.6696
0.7315
0.7223
0.675
0.671
0.664
0.5946
0.6431
0.5223
0.4883
0.4727
0.4963
0.5494
0.6096
0.6081
0.6035
0.6456
0.7085
0.7269
0.6694
0.7304
0.7604
0.6794
0.636
0.6896
0.6488
0.6465
0.6125
0.5669
0.6048
0.6075
0.6696
0.6542
0.5688
0.4883
0.4998
0.494
0.4815
0.4738
0.456
0.4544
0.4408
0.5
0.605
0.5944
0.6554
0.6685
0.6917
0.6754
0.6388
0.5242
0.5921
0.661
0.66
0.5931
0.6758
0.6156
0.6656
0.6842
0.7188
0.7665
0.6935
0.7346
0.7402
0.7283
0.665
0.649
0.7469
0.7292
0.73
0.6433
0.6713
0.6783
0.676
0.7469
0.7123
0.7133
0.7002
0.7825
0.8629
0.7688
0.7988
0.744
0.6913
0.7827
0.7492
0.7781
0.7929
0.8294
0.7925
0.6375
0.7256
0.7744
0.7715
0.7502
0.7223
0.6758
0.7394
0.6888
0.8196
0.7233
0.8123
0.7675
0.7327
0.7398
0.6863
0.7027
0.8827
0.8348
0.8158
0.8438
0.7294
0.7994
0.739
0.5835
0.6981
0.7533
0.7654
0.7721
0.766
0.6956
0.6708
0.7483
0.7694
0.7071
0.7129
0.7254
0.776
0.7494
0.8142
0.8504
0.8135
0.7252
0.619
0.8143
0.7838
0.7731
0.7846
0.8185
0.8458
0.8806
0.826
0.7938
0.8185
0.8152
0.8171
0.834
0.77
0.7673
0.6715
0.7475
0.8928
0.8322
0.9133
0.8979
0.739
0.78
0.8119
0.774
0.6667
0.8275
0.8667
0.8475
0.8488
0.819
0.835
0.9002
0.8667
0.8427
0.8433
0.8729
0.831
0.8354
0.8221
0.8096
0.8285
0.8148
0.8296
0.786
0.5177
0.6238
0.7123
0.7176
0.7644
0.8085
0.8225
0.8131
0.814
0.8296
0.8413
0.86
0.8842
0.8544
0.8979
0.8813
0.8925
0.8852
0.859
0.8858
0.8848
0.8902
0.8619
0.8773
0.8298
0.8173
0.845
0.8779
0.9106
0.8671
0.8138
0.8496
0.8517
0.845
0.884
0.8942
0.8925
0.8883
0.8265
0.8158
0.8238
0.8996
0.809
0.716
0.8223
0.7856
0.6708
0.5965
0.5806
0.6196
0.5815
0.5046
0.495
0.7154
0.6315
0.7938
0.3683
0.59
0.6756
0.7865
0.7923
0.8438
0.8829
0.824
0.8819
0.8583
0.8523
0.8229
0.8198
0.826
0.8104
0.7819
0.7702
0.825
0.7744
0.7315
0.6663
0.8375
0.8646
0.7579
0.5823
0.615
0.8992
0.8004
0.6606
0.7585
0.8156
0.7046
0.6742
0.7052
0.7892
0.769
0.6385
0.6385
0.7821
0.7717
0.7271
0.7565
0.8123
0.7248
0.7367
0.6365
0.6323
0.5729
0.7217
0.5631
0.745
0.6948
0.7123
0.8302
0.6835
0.7117
0.7219
0.6927
0.7419
0.8769
0.8388
0.7802
0.8042
0.8569
0.8535
0.8385
0.7704
0.6223
0.7327
0.8063
0.7721
0.7865
0.6508
0.6523
0.6588
0.6444
0.8402
0.7823
0.8025
0.8471
0.8888
0.7663
0.7381
0.8108
0.7175
0.7863
0.725
0.7438
0.5827
0.6338
0.7469
0.6119
0.5635
0.7292
0.6571
0.5073
0.8438
0.8242
0.8165
0.7798
0.7154
0.751
0.776
0.8435
0.791
0.8517
0.5927
0.5856
0.7308
0.7158
0.7098
0.7573
0.8113
0.8783
0.8902
0.8233
0.7656
0.7644
0.81
0.7629
0.7729
0.7577
0.7492
0.7771
0.7644
0.7304
0.714
0.8179
0.6558
0.7396
0.705
0.6854
0.6792
0.801
0.6104
0.724
0.7069
0.7033
0.6844
0.695
0.646
0.6671
0.6752
0.585
0.6531
0.5746
0.5542
0.7077
0.6677
0.7379
0.6563
0.7081
0.5196
0.6746
0.8035
0.636
0.6556
0.6069
0.5267
0.4881
0.5571
0.5835
0.6781
0.6904
0.7094
0.6294
0.6479
0.6431
0.6798
0.7173
0.6654
0.5979
0.6407
0.6731
0.5813
0.5825
0.5725
0.6058
0.6402
0.5429
0.5365
0.6308
0.6719
0.571
0.6529
0.6471
0.5969
0.6379
0.7108
0.6894
0.6429
0.6175
0.6604
0.7335
0.705
0.7235
0.6933
0.6913
0.6504
0.7208
0.695
0.5469
0.656
0.6308
0.5544
0.5621
0.631
0.7702
0.6873
0.69
0.6315
0.709
0.7013
0.676
0.7044
0.7125
0.7265
0.664
0.6229
0.664
0.5835
0.5117
0.5129
0.6277
0.7098
0.744
0.7433
0.691
0.6688
0.579
0.6475
0.6985
0.629
0.5804
0.6294
0.6731
0.6779
0.6965
0.7573
0.6679
0.7538
0.7129
0.7285
0.6388
0.609
0.7194
0.7344
0.6154
0.7133
0.7196
0.7458
0.7894
0.804
0.7917
0.8156
0.7308
0.7358
0.7863
0.7879
0.801
0.8188
0.7685
0.8006
0.69
0.8577
0.8273
0.8071
0.7121
0.8154
0.6988
0.8035
0.9313
0.8181
0.8246
0.8238
0.8656
0.8063
0.8165
0.7873
0.8231
0.8952
0.8708
0.8627
0.9279
0.8944
0.8625
0.8542
0.8327
0.851
0.8565
0.8415
0.8227
0.861
0.8375
0.8129
0.8044
0.8373
0.7556
0.6744
0.7592
0.8052
0.8467
0.8427
0.7592
0.7994
0.8238
0.8296
0.8471
0.8613
0.7806
0.8517
0.87
0.8446
0.8563
0.8517
0.8917
0.8127
0.8769
0.8602
0.8483
0.8619
0.8483
0.8877
0.8631
0.7694
0.8438
0.8549
0.8465
0.816
0.8365
0.8698
0.869
0.8785
0.8887
0.9046
0.884
0.7806
0.8144
0.8013
0.8288
0.8358
0.8625
0.8656
0.8771
0.8677
0.8569
0.864
0.8485
0.8544
0.9085
0.8767
0.8521
0.8707
0.8646
0.8294
0.835
0.8369
0.8556
0.8256
0.8235
0.8369
0.7929
0.8179
0.7496
0.611
0.5983
0.7581
0.424
0.6531
0.6552
0.7913
0.7002
0.7238
0.8094
0.8206
0.8338
0.8696
0.905
0.834
0.809
0.8421
0.8756
0.8733
0.8367
0.7315
0.6652
0.5952
0.545
0.7713
0.7521
0.7752
0.8083
0.8429
0.7856
0.8271
0.825
0.82
0.8417
0.8185
0.8171
0.7938
0.7823
0.7731
0.7198
0.741
0.9031
0.8058
0.8302
0.7819
0.8487
-99
0.6519
0.7652
0.6813
0.725
0.5896
0.6596
0.7829
0.7858
0.7354
0.7167
0.8135
0.7238
0.7425
0.7508
0.675
0.6352
0.7017
0.6815
0.626
0.7921
0.7125
0.6479
0.8613
0.8115
0.7802
0.8152
0.7738
0.694
0.6998
0.7702
0.8773
0.8242
0.7285
0.6392
0.7369
0.7198
0.7308
0.6677
0.7077
0.7027
0.7429
0.6969
0.6902
0.6575
0.7396
0.7496
0.7708
0.7956
0.5402
0.6038
0.639
0.7033
0.6779
0.6935
0.7738
0.8754
0.8806
0.7121
0.7017
0.834
0.7302
0.7242
0.8638
0.8119
0.7013
0.6154
0.734
0.7415
0.7379
0.76
0.8123
0.6225
0.5875
0.6506
0.6275
0.5927
0.5719
0.7085
0.6277
0.6715
0.6919
0.6683
0.6596
0.5819
0.5308
0.6758
0.6463
0.5544
0.5042
0.679
0.6367
0.6267
0.6835
0.6217
0.7817
0.7904
0.6798
0.7388
0.7277
0.7206
0.5842
0.4348
0.4515
0.5035
0.4592
0.3875
0.4998
0.6013
0.5981
0.6796
0.6421
0.6263
0.6065
0.5702
0.6298
0.7365
0.5798
0.7113
0.585
0.5327
0.5302
0.5433
0.5471
0.5673
0.5344
0.6369
0.5835
0.4471
0.459
0.671
0.6777
0.7013
0.6765
0.7192
0.7285
0.6921
0.6171
0.5652
0.646
0.6654
0.6054
0.6802
0.7019
0.7235
0.7048
0.6858
0.711
0.7106
0.6923
0.6525
0.6027
0.644
0.7746
0.6
0.509
0.5635
0.5842
0.6617
0.6702
0.7279
0.6602
0.6627
0.6273
0.7023
0.6679
0.6717
0.7102
0.65
0.6267
0.6408
0.7283
0.6967
0.696
0.7002
0.6675
0.6813
0.6819
0.726
0.7256
0.6994
0.5963
0.6073
0.8246
0.7135
0.6754
0.7246
0.7546
0.7285
0.8008
0.7292
0.7721
0.84
0.7094
0.6838
0.7492
0.7127
0.8121
0.9058
0.765
0.6867
0.7413
0.7485
0.7213
0.7731
0.8283
0.7846
0.7958
0.7627
0.7475
0.7542
0.7827
0.7838
0.8371
0.8438
0.81
0.7748
0.8042
0.7763
0.8073
0.6138
0.735
0.7754
0.816
0.8052
0.8277
0.8202
0.8369
0.8017
0.781
0.7723
0.8152
0.9108
0.8388
0.764
0.7267
0.794
0.7898
0.8081
0.8677
0.8527
0.8413
0.7444
0.7835
0.779
0.8033
0.829
0.8563
0.8413
0.7956
0.5992
0.6308
0.7804
0.8
0.7748
0.8367
0.7856
0.5404
0.6152
0.739
0.8017
0.7681
0.8133
0.834
0.804
0.8004
0.8548
0.8721
0.7406
0.8035
0.8094
0.8169
0.7765
0.839
0.746
0.8194
0.6425
0.5785
0.666
0.7858
0.8323
0.8521
0.7796
0.8052
0.7298
0.7475
0.8494
0.7175
0.7498
0.8231
0.7071
0.6817
0.7885
0.8156
0.74
0.7273
0.8065
0.8373
0.8317
0.864
0.7702
0.679
0.7571
0.8408
0.7617
0.7294
0.6108
0.7577
0.6925
0.7196
0.6808
0.8085
0.874
0.8771
0.7033
0.7065
0.7565
0.8131
0.8533
0.8625
0.7925
0.7173
0.7558
0.7746
0.8488
0.7594
0.7327
0.7685
0.8263
0.845
0.8646
0.8965
0.7306
0.7365
0.8246
0.841
0.8229
0.8867
0.8504
0.7223
0.8098
0.9094
0.8048
0.7694
0.8875
0.7431
0.654
0.7052
0.8417
0.7729
0.7938
0.7898
0.8492
0.8806
0.8244
0.8398
0.8235
0.6606
0.7225
0.7725
0.7452
0.7138
0.7788
0.6675
0.8979
0.8875
0.54
0.6588
0.7852
0.7994
0.6698
0.649
0.7619
0.7954
0.7535
0.6202
0.5215
0.7385
0.8013
0.6381
0.6121
0.6925
0.6896
0.7088
0.76
0.5544
0.5392
0.6092
0.8808
0.8248
0.741
0.761
0.7277
0.7825
0.6054
0.5071
0.6671
0.686
0.8015
0.5579
0.739
0.7335
0.6481
0.831
0.769
0.764
0.7942
0.7798
0.8773
0.8779
0.7017
0.7523
0.6965
0.6413
0.6548
0.676
0.6577
0.655
0.6325
0.6756
0.6898
0.7717
0.7671
0.7171
0.8171
0.6554
0.8256
0.7104
0.7675
0.7098
0.816
0.8363
0.7604
0.7763
0.844
0.8173
0.7573
0.8596
0.8298
0.7008
0.6985
0.7531
0.6969
0.7446
0.731
0.7088
0.7388
0.7617
0.7538
0.6785
0.6144
0.7365
0.6538
0.7096
0.7498
0.7583
0.735
0.7506
0.771
0.8573
0.7831
0.8169
0.8323
0.8081
0.7658
0.6517
0.6746
0.6406
0.656
0.6418
0.7192
0.714
0.7065
0.741
0.6283
0.6177
0.5625
0.5508
0.6021
0.6231
0.5673
0.5756
0.5598
0.6233
0.7138
0.6856
0.5427
0.6692
0.7302
0.6565
0.6342
0.6284
0.6712
0.6638
0.5294
0.6454
0.6806
0.6825
0.5294
0.5335
0.466
0.6254
0.7769
0.6831
0.6515
0.6898
0.6275
0.6696
0.7527
0.7223
0.7192
0.516
0.5048
0.6092
0.6708
0.7221
0.6523
0.595
0.5521
0.5348
0.5085
0.4963
0.4681
0.6231
0.7198
0.706
0.8379
0.6971
0.646
0.6835
0.6629
0.7348
0.7056
0.6994
0.8102
0.7294
0.6369
0.6229
0.5917
0.5925
0.6254
0.6723
0.6333
0.6871
0.7417
0.7125
0.6729
0.6694
0.7488
0.6929
0.6515
0.7731
0.7258
0.7425
0.786
0.7756
0.8056
0.7998
0.7865
0.7063
0.7825
0.7956
0.7681
0.7321
0.7658
0.7727
0.8296
0.7858
0.664
0.6969
0.7602
0.7581
0.7127
0.56
0.6217
0.7202
0.6604
0.6454
0.6927
0.6519
0.5292
0.61
0.6656
0.7281
0.7852
0.7246
0.8444
0.765
0.8431
0.8292
0.8531
0.9048
0.8813
0.8852
0.8529
0.8081
0.7852
0.6035
0.7581
0.8104
0.8021
0.8031
0.7402
0.7702
0.8188
0.9152
0.8902
0.7671
0.764
0.885
0.8565
0.8527
0.7988
0.8148
0.8329
0.8071
0.7638
0.851
0.9025
0.8079
0.8131
0.8681
0.804
0.8621
0.9014
0.9182
0.8513
0.854
0.7892
0.8952
0.8556
0.8713
0.9173
0.8781
0.8473
0.889
0.829
0.854
0.8881
0.9031
0.8938
0.8269
0.8554
0.8685
0.8871
0.879
0.8725
0.8583
0.8283
0.849
0.8785
0.8715
0.9169
0.8598
0.8433
0.8671
0.8129
0.9033
0.8298
0.8677
0.8583
0.889
0.9083
0.9148
0.9298
0.9644
0.9173
0.9306
0.9198
0.9033
0.8785
0.9304
0.8871
0.8902
0.8871
0.8542
0.786
0.8106
0.8183
0.7835
0.5925
0.7496
0.7892
0.824
0.8365
0.8748
0.905
0.8763
0.8923
0.8935
0.9175
0.8815
0.8219
0.775
0.479
0.6765
0.8404
0.759
0.7631
0.8671
0.6631
0.7367
0.7471
0.8333
0.5869
0.6013
0.7565
0.855
0.8779
0.8613
0.8633
0.7121
0.7683
0.785
0.8131
0.8398
0.8015
0.736
0.8413
0.851
0.751
0.8021
0.8663
0.735
0.7421
0.8181
0.8248
0.7496
0.7248
0.7473
0.8708
0.8267
0.7602
0.7088
0.781
0.8794
0.6263
0.751
0.766
0.7594
0.8323
0.7685
0.8925
0.7475
0.6988
0.794
0.7838
0.7029
0.7713
0.7188
0.6815
0.5848
0.5483
0.5738
0.6908
0.6115
0.6644
0.6956
0.6871
0.7852
0.7521
0.6521
0.7946
0.9225
0.7608
0.8952
0.7535
0.8208
0.8002
0.9142
0.855
0.7331
0.7575
0.7644
0.7865
0.7547
0.8383
0.8202
0.6935
0.5463
0.505
0.5471
0.6142
0.8535
0.6785
0.8033
0.6415
0.7379
0.8269
0.8102
0.8319
0.78
0.7754
0.9352
0.7969
0.6571
0.7383
0.8492
0.7565
0.7135
0.655
0.7946
0.7856
0.7128
0.7854
0.7275
0.7425
0.8715
0.8121
0.8931
0.7838
0.7658
0.7733
0.781
0.9339
-99
-99
0.7036
0.7971
0.7735
0.7525
0.6533
0.6123
0.581
0.6038
0.6698
0.6873
0.8019
0.6506
0.5017
0.5902
0.6575
0.9548
0.8023
0.6413
0.6288
0.7785
0.7394
0.6888
0.635
0.7498
0.7685
0.7306
0.7015
0.6935
0.5748
0.695
0.5204
0.4813
0.4371
0.4806
0.6531
0.7167
0.6742
0.5892
0.6631
0.6719
0.7398
0.7371
0.7573
0.8142
0.6771
0.6721
0.7373
0.6877
0.7738
0.7592
0.7035
0.7965
0.7981
0.8069
0.7704
0.6731
0.621
0.6606
0.636
0.6765
0.6298
0.8735
0.7477
0.8092
0.8052
0.7456
0.5865
0.6075
0.6738
0.6292
0.5685
0.7035
0.7894
0.7904
0.7633
0.7575
0.7188
0.8031
0.6963
0.7483
0.7975
0.795
0.7915
0.8038
0.7446
0.6204
0.7163
0.6927
0.6808
0.6944
0.7169
0.7458
0.9269
0.8175
0.7844
0.7221
0.7485
0.7719
0.8277
0.7723
0.7665
0.8302
0.7454
0.7656
0.7954
0.7642
0.9233
0.6935
0.6613
0.7083
0.6792
0.6335
0.6833
0.7438
0.7579
0.7717
0.8029
0.955
0.8685
0.8217
0.7413
0.8238
0.824
0.871
0.7877
0.8392
0.834
0.8492
0.7817
0.7913
0.8117
0.8469
0.8729
0.7465
0.8015
0.889
0.8471
0.8565
0.8835
0.8721
0.9002
0.7698
0.725
0.7871
0.811
0.8802
0.8008
0.9342
0.8775
0.8996
0.8404
0.8375
0.8248
0.8844
0.9185
0.8879
0.8456
0.8652
0.9098
0.8367
0.6831
0.62
0.6233
0.7908
0.7981
0.6813
0.7358
0.8623
0.7863
0.7819
0.8742
0.9608
0.8571
0.811
0.8254
0.8413
0.8373
0.8877
0.8325
0.9475
0.8206
0.8292
0.8638
0.8746
0.755
0.7652
0.835
0.9165
0.9004
0.914
0.8273
0.905
0.8635
0.9135
0.9138
0.929
0.8321
0.8827
0.9094
0.84
0.7306
0.825
0.8377
0.9471
0.9388
0.9215
0.9421
0.8623
0.8152
0.6113
0.8331
0.88
0.9081
0.9202
0.9171
0.9315
0.8785
0.8902
0.8996
0.9121
0.9308
0.9104
0.8831
0.8827
0.9046
0.9163
0.8998
0.9269
0.9708
0.9265
0.8956
0.8771
0.8454
0.8713
0.8942
0.8204
0.8523
0.5023
0.6146
0.8931
0.9388
0.9063
0.901
0.934
0.9423
0.8025
0.7821
0.91
0.8842
0.85
0.8585
0.8529
0.8388
0.8408
0.8046
0.8648
0.8917
0.8704
0.8313
0.7438
0.9023
0.9217
0.8492
0.9229
0.9085
0.8533
0.8267
0.836
0.8452
0.8487
0.8067
0.8583
0.8167
0.8013
0.8823
0.7246
0.7498
0.8852
0.7835
0.6408
0.6248
0.71
0.844
0.7113
0.6654
0.6952
0.8013
0.8396
0.7731
0.824
0.7898
0.8627
0.894
0.871
0.8521
0.7856
0.8044
0.8481
0.8288
0.8396
0.845
0.87
0.7323
0.6823
0.8171
0.7885
0.7575
0.7952
0.8856
0.8258
0.8625
0.7392
0.776
0.7792
0.7333
0.7706
0.7467
0.6908
0.7702
0.7592
0.7908
0.6838
0.8913
0.8231
0.8277
0.8329
0.86
0.871
0.9565
0.9413
0.949
0.8558
0.7883
0.7829
0.7823
0.8263
0.89
0.7056
0.7333
0.6735
0.6613
0.7575
0.7831
0.7279
0.7673
0.7465
0.7465
0.7288
0.8746
0.9048
0.6588
0.791
0.7475
0.9044
0.8025
0.884
0.8098
0.7368
0.6815
0.6829
0.6756
0.666
0.7202
0.7813
0.7319
0.6769
0.7038
0.7223
0.8002
0.8294
0.8031
0.8104
0.8338
0.8444
0.865
0.7565
0.7967
0.8719
0.8571
0.8856
0.8515
0.8713
0.7131
0.6658
0.7875
0.7942
0.9308
0.8254
0.864
0.79
0.8454
0.816
0.7821
0.7706
0.7477
0.6735
0.6196
0.779
0.7752
0.7929
0.8442
0.7363
0.7519
0.8335
0.7781
0.7071
0.7579
0.8127
0.7283
0.675
0.669
0.7221
0.7223
0.789
0.7256
0.7181
0.8298
0.7531
0.7827
0.7367
0.7773
0.7133
0.6475
0.5998
0.7415
0.7613
0.7565
0.691
0.6742
0.6971
0.5788
0.5963
0.5769
0.7158
0.7404
0.7671
0.76
0.7429
0.6644
0.6154
0.5742
0.6098
0.6283
0.696
0.794
0.7563
0.7596
0.8046
0.7935
0.7354
0.7588
0.7365
0.7954
0.7213
0.7721
0.761
0.7646
0.7771
0.8044
0.7715
0.9169
0.8202
0.7638
0.8171
0.7788
0.8063
0.8175
0.8052
0.8106
0.869
0.8073
0.9313
0.8885
0.7644
0.7327
0.749
0.7946
0.859
0.8277
0.7852
0.8642
0.8981
0.7988
0.9383
0.8902
0.8335
0.7629
0.48
0.6619
0.6948
0.7294
0.8185
0.8492
0.8492
0.9494
0.6963
0.6713
0.7702
0.7244
0.8225
0.8635
0.895
0.9513
0.8717
0.7706
0.8644
0.9063
0.865
0.836
0.8102
0.8692
0.8996
0.8915
0.8975
0.9352
0.8131
0.769
0.6865
0.8206
0.8156
0.8319
0.9025
0.8621
0.8735
0.8879
0.8948
0.8994
0.9567
0.839
0.8463
0.911
0.9206
0.9179
0.8985
0.8891
0.9167
0.9163
0.906
0.8325
0.92
0.9
0.9238
0.8946
0.8817
0.8233
0.8556
0.89
0.905
0.9019
0.9398
0.8942
0.9177
0.9006
0.9314
0.8778
0.8319
0.88
0.8156
0.8365
0.8325
0.8946
0.8335
0.7788
0.8271
0.9575
0.8531
0.9015
0.9425
0.9094
0.9071
0.9365
0.9877
0.9546
0.9181
0.9079
0.9194
0.95
0.9298
0.6963
0.694
0.8029
0.516
0.3824
0.7733
0.7783
0.892083333333333
0.850625
0.758958333333333
0.803541666666667
0.854791666666667
0.87625
0.886666666666667
0.755416666666667
0.774166666666667
0.745
0.844791666666667
0.790833333333333
0.82375
0.845625
0.862916666666667
0.848958333333333
0.8
0.894166666666667
0.88875
0.885625
0.80625
0.765625
0.713541666666667
0.662083333333333
0.707291666666667
0.8375
0.80375
0.865625
0.798541666666667
0.77125
0.686875
0.730208333333333
0.780416666666667
0.727083333333333
0.865625
0.819375
0.845833333333333
0.921875
0.863125
0.790416666666667
0.76375
0.817083333333333
0.875416666666667
0.867916666666667
0.873125
0.87375
0.836458333333333
0.868541666666667
0.895208333333333
0.893958333333333
0.878125
0.802083333333333
0.908958333333333
0.875833333333333
0.823958333333333
0.862708333333333
0.856458333333333
0.875625
0.814375
0.790416666666667
0.791875
0.875208333333333
0.876041666666667
0.873333333333333
0.8225
0.854583333333333
0.87875
0.81
0.777083333333333
0.71875
0.833125
0.726041666666667
0.769166666666667
0.743333333333333
0.819166666666667
0.797916666666667
0.78
0.883541666666667
0.596875
0.686458333333333
0.749375
0.823333333333333
0.787291666666667
0.831458333333333
0.864791666666667
0.789166666666667
0.754375
0.686041666666667
0.676666666666667
0.672291666666667
0.627291666666667
0.605
0.653958333333333
0.749166666666667
0.719375
0.777916666666667
0.749791666666667
0.705833333333333
0.806458333333333
0.915416666666667
0.889583333333333
0.802291666666667
0.783958333333333
0.729166666666667
0.607083333333333
0.695625
0.750208333333333
0.675625
0.768541666666667
0.844166666666667
0.904583333333333
0.805416666666667
0.709791666666667
0.688333333333333
0.6575
0.737916666666667
0.853333333333333
0.877291666666667
0.868541666666667
0.854375
0.879583333333333
0.800208333333333
0.710625
0.72125
0.784166666666667
0.808541666666667
0.811041666666667
0.730208333333333
0.797708333333333
0.856666666666667
0.760625
0.630208333333333
0.609791666666667
0.777916666666667
0.682916666666667
0.71
0.765625
0.7725
0.728333333333333
0.75
0.768958333333333
0.738125
0.745833333333333
0.72625
0.769375
0.758333333333333
0.752083333333333
0.694791666666667
0.577291666666667
0.651041666666667
0.667708333333333
0.779166666666667
0.777083333333333
0.78625
0.715208333333333
0.690416666666667
0.741666666666667
0.760208333333333
0.686458333333333
0.630625
0.549791666666667
0.55625
0.545625
0.543958333333333
0.530833333333333
0.527916666666667
0.565
0.747708333333333
0.724166666666667
0.722083333333333
0.672083333333333
0.612916666666667
0.673958333333333
0.725833333333333
0.708333333333333
0.754166666666667
0.664583333333333
0.619166666666667
0.686875
0.711875
0.701666666666667
0.736666666666667
0.662083333333333
0.725208333333333
0.704583333333333
0.714375
0.761875
0.675833333333333
0.66625
0.692291666666667
0.646041666666667
0.69625
0.681666666666667
0.532291666666667
0.651041666666667
0.684583333333333
0.72
0.743541666666667
0.7075
0.581875
0.633541666666667
0.621666666666667
0.578333333333333
0.559166666666667
0.6175
0.669583333333333
0.703958333333333
0.696458333333333
0.715208333333333
0.698125
0.744375
0.7225
0.766666666666667
0.773958333333333
0.752708333333333
0.832916666666667
0.795416666666667
0.776458333333333
0.748958333333333
0.672916666666667
0.620208333333333
0.630416666666667
0.545625
0.516875
0.63875
0.622916666666667
0.670833333333333
0.732916666666667
0.62
0.714375
0.819375
0.790416666666667
0.769375
0.725
0.767083333333333
0.731041666666667
0.717083333333333
0.782916666666667
0.775208333333333
0.68625
0.697916666666667
0.813541666666667
0.752083333333333
0.6875
0.725416666666667
0.765625
0.794791666666667
0.812916666666667
0.809375
0.81125
0.7875
0.759375
0.844791666666667
0.813541666666667
0.854375
0.832291666666667
0.816666666666667
0.779583333333333
0.795
0.736666666666667
0.87875
0.734166666666667
0.829166666666667
0.849166666666667
0.655208333333333
0.763125
0.771875
0.834791666666667
0.810208333333333
0.756458333333333
0.813958333333333
0.8425
0.835833333333333
0.85125
0.82125
0.842083333333333
0.972083333333333
0.771041666666667
0.817083333333333
0.8425
0.837708333333333
0.834375
0.849791666666667
0.84125
0.82875
0.81125
0.795625
0.881875
0.856875
0.89
0.911041666666667
0.891875
0.881458333333333
0.91875
0.867916666666667
0.847083333333333
0.835416666666667
0.897083333333333
0.86625
0.877708333333333
0.86375
0.899166666666667
0.983333333333333
0.89625
0.913333333333333
0.777083333333333
0.861458333333333
0.8875
0.883541666666667
0.76875
0.74
0.837708333333333
0.778958333333333
0.841041666666667
0.823333333333333
0.83
0.859166666666667
0.902916666666667
0.949791666666667
0.973958333333333
0.913958333333333
0.905208333333333
0.918958333333333
0.937708333333333
0.929166666666667
0.92125
0.852916666666667
0.966458333333333
0.909791666666667
0.880625
0.890208333333333
0.809791666666667
0.845208333333333
0.930625
0.902083333333333
0.856875
0.823333333333333
0.88125
0.719166666666667
0.792916666666667
0.863541666666667
0.639583333333333
0.754375
0.81625
0.915833333333333
0.902083333333333
0.938125
0.949791666666667
0.919583333333333
0.940416666666667
0.945416666666667
0.941666666666667
0.9475
0.901875
0.943541666666667
0.973333333333333
0.982916666666667
0.9775
0.888333333333333
0.894166666666667
0.735625
0.741875
0.845416666666667
0.915833333333333
0.9225
0.916458333333333
0.958541666666667
0.9225
0.777708333333333
0.931666666666667
0.865
0.839791666666667
0.886458333333333
0.86875
0.991666666666667
0.926875
0.873958333333333
0.886458333333333
0.853125
0.83
0.779375
0.7775
0.87375
0.90125
0.89125
0.870416666666667
0.82625
0.871458333333333
0.903125
0.90125
0.857291666666667
0.851041666666667
0.783541666666667
0.740208333333333
0.726666666666667
0.859583333333333
0.784375
0.777291666666667
0.813541666666667
0.921875
0.944583333333333
0.80125
0.759791666666667
0.88875
0.892916666666667
0.891666666666667
0.851666666666667
0.87875
0.869375
0.76375
0.734375
0.736666666666667
0.772291666666667
0.790833333333333
0.921666666666667
0.775416666666667
0.733541666666667
0.767916666666667
0.85125
0.875416666666667
0.879375
0.652291666666667
0.776666666666667
0.799583333333333
0.834791666666667
0.943333333333333
0.837291666666667
0.851458333333333
0.743541666666667
0.917083333333333
0.802708333333333
0.961666666666667
0.895
0.948125
0.905833333333333
0.991875
0.91
0.774375
0.860416666666667
0.800625
0.725833333333333
0.643125
0.8225
0.912708333333333
0.86
0.767916666666667
0.816875
0.768541666666667
0.655416666666667
0.718333333333333
0.659583333333333
0.670833333333333
0.760208333333333
0.864791666666667
0.949583333333333
0.517083333333333
0.54875
0.8125
0.712916666666667
0.698958333333333
0.715
0.614583333333333
0.54625
0.754166666666667
0.823541666666667
0.809791666666667
0.850833333333333
0.834375
0.593541666666667
0.668541666666667
0.716666666666667
0.682708333333333
0.75875
0.818125
0.835833333333333
0.98625
0.789375
0.8675
0.737916666666667
0.804375
0.730833333333333
0.7125
0.637708333333333
0.763958333333333
0.811875
0.800625
0.749375
0.8975
0.853125
0.845416666666667
0.690416666666667
0.674583333333333
0.6575
0.722291666666667
0.713541666666667
0.741875
0.72375
0.701666666666667
0.628333333333333
0.615208333333333
0.5975
0.750208333333333
0.69875
0.753125
0.64875
0.561041666666667
0.466458333333333
0.706458333333333
0.906875
0.891458333333333
0.621875
0.69375
0.69
0.726041666666667
0.590208333333333
0.63625
0.72375
0.715833333333333
0.746458333333333
0.714791666666667
0.747291666666667
0.711875
0.72375
0.753541666666667
0.773958333333333
0.751458333333333
0.601041666666667
0.535833333333333
0.4575
0.455208333333333
0.476875
0.50375
0.442708333333333
0.566041666666667
0.736875
0.746458333333333
0.725833333333333
0.897708333333333
0.736666666666667
0.70125
0.704375
0.763958333333333
0.7375
0.635833333333333
0.75125
0.718125
0.665625
0.587291666666667
0.430208333333333
0.492916666666667
0.636666666666667
0.79375
0.661666666666667
0.625833333333333
0.616458333333333
0.573125
0.541666666666667
0.575
0.585625
0.589166666666667
0.469166666666667
0.427708333333333
0.409583333333333
0.596875
0.657291666666667
0.651666666666667
0.69625
0.693125
0.76375
0.728541666666667
0.685
0.768958333333333
0.841875
0.817291666666667
0.8425
0.770625
0.683333333333333
0.604166666666667
0.596458333333333
0.628125
0.6525
0.8075
0.756041666666667
0.692916666666667
0.63125
0.635208333333333
0.6625
0.688333333333333
0.733541666666667
0.6925
0.658541666666667
0.696041666666667
0.791666666666667
0.781458333333333
0.885416666666667
0.727083333333333
0.734166666666667
0.869375
0.853958333333333
0.826041666666667
0.7825
0.794166666666667
0.7725
0.825416666666667
0.811458333333333
0.774583333333333
0.816666666666667
0.904791666666667
0.806041666666667
0.878333333333333
0.849583333333333
0.856041666666667
0.860833333333333
0.824375
0.84375
0.746875
0.7125
0.780416666666667
0.865416666666667
0.861041666666667
0.687083333333333
0.832291666666667
0.786458333333333
0.874166666666667
0.777916666666667
0.705625
0.798541666666667
0.804583333333333
0.754166666666667
0.73375
0.821458333333333
0.882083333333333
0.816666666666667
0.704375
0.756875
0.732083333333333
0.798541666666667
0.762708333333333
0.728541666666667
0.74375
0.864375
0.821041666666667
0.868125
0.825625
0.960833333333333
0.935
0.88625
0.901458333333333
0.905
0.853958333333333
0.769166666666667
0.873125
0.915
0.905833333333333
0.91875
0.915625
0.933541666666667
0.894583333333333
0.802708333333333
0.75375
0.865208333333333
0.721041666666667
0.805
0.826666666666667
0.828958333333333
0.789375
0.8225
0.891875
0.899166666666667
0.867291666666667
0.832291666666667
0.878333333333333
0.654583333333333
0.695625
0.806875
0.882083333333333
0.922291666666667
0.810625
0.895833333333333
0.8475
0.914791666666667
0.905208333333333
0.870416666666667
0.742291666666667
0.714375
0.698541666666667
0.924375
0.896666666666667
0.834583333333333
0.9025
0.6775
0.802708333333333
0.8675
0.859583333333333
0.807916666666667
0.894583333333333
0.952916666666667
0.877291666666667
0.914166666666667
0.817083333333333
0.805208333333333
0.815208333333333
0.95125
0.903125
0.932916666666667
0.924166666666667
0.979166666666667
0.926041666666667
0.868541666666667
0.84
0.944791666666667
0.999583333333333
0.977708333333333
0.939583333333333
0.92875
0.97625
0.953958333333333
0.962916666666667
0.952083333333333
0.924583333333333
0.928958333333333
0.869166666666667
0.832916666666667
0.860833333333333
0.863125
0.913125
0.933958333333333
0.845625
0.8925
0.812916666666667
