20000101
0.6967
0.8141
0.8419
0.8354
0.8133
0.7955
0.7085
0.7491
0.753
0.7843
0.744
0.8197
0.7975
0.805
0.8558
0.8358
0.7627
0.6388
0.6534
0.7203
0.656
0.6209
0.5886
0.5188
0.794
0.7527
0.8446
0.8526
0.7824
0.7512
0.8469
0.9218
0.9289
0.757
0.7006
0.81
0.8906
0.8531
0.7889
0.7631
0.6708
0.7129
0.894
0.6839
0.7489
0.81
0.6633
0.6512
0.7956
0.7015
0.7863
0.8121
0.7942
0.7862
0.7715
0.8361
0.8159
0.7888
0.8445
0.8651
0.6033
0.5418
0.7866
0.8156
0.8627
0.9069
0.9005
0.8532
0.7764
0.6117
0.7134
0.6675
0.8131
0.7846
0.7648
0.7535
0.6764
0.6649
0.6578
0.7319
0.7832
0.8209
0.9279
0.8637
0.8258
0.7857
0.6409
0.8321
0.6988
0.7515
0.7321
0.7082
0.837
0.8122
0.6698
0.6185
0.642
0.7522
0.8045
0.8031
0.9211
0.8491
0.7176
0.7163
0.7769
0.5591
0.8151
0.615
0.6449
0.7486
0.734
0.7783
0.8756
0.5822
0.7109
0.8327
0.7994
0.7742
0.8268
0.86
0.8049
0.6313
0.7069
0.6308
0.6409
0.7882
0.8077
0.8114
0.8509
0.7623
0.9091
0.8818
0.8335
0.66
0.6197
0.6347
0.6978
0.81
0.8083
0.9174
0.9
0.9152
0.9006
0.8733
0.8732
0.7809
0.7613
0.8635
0.7884
0.7534
0.8139
0.8824
0.8577
0.8132
0.8303
0.6991
0.7211
0.719
0.6551
0.6882
0.8084
0.7909
0.646
0.7253
0.777
0.825
0.7271
0.5979
0.6
0.8152
0.7174
0.7778
0.7733
0.7818
0.8418
0.8079
0.7614
0.8047
0.8291
0.8363
0.7741
0.7825
0.82
0.8475
0.8355
0.6555
0.6978
0.7045
0.7495
0.6394
0.6244
0.7981
0.5709
0.5742
0.6436
0.6813
0.7215
0.6542
0.6559
0.7291
0.7584
0.7452
0.7192
0.6788
0.8151
0.6568
0.7723
0.7626
0.6806
0.7773
0.7664
0.8022
0.8153
0.7636
0.8203
0.6678
0.6494
0.7071
0.6746
0.7072
0.755
0.7927
0.817
0.8334
0.7076
0.6923
0.7713
0.6747
0.6356
0.7381
0.7397
0.8103
0.86
0.8612
0.6731
0.8561
0.7048
0.7424
0.7646
0.6587
0.7509
0.7991
0.7732
0.735
0.8224
0.8071
0.8479
0.7554
0.7797
0.8184
0.7903
0.7327
0.7291
0.7147
0.7975
0.8416
0.8459
0.8597
0.8797
0.8503
0.8391
0.8952
0.7437
0.5345
0.6072
0.6695
0.7677
0.8276
0.8633
0.8512
0.8606
0.8692
0.7134
0.6571
0.7583
0.6774
0.6929
0.8174
0.8236
0.7527
0.6288
0.7814
0.8005
0.8675
0.7965
0.8567
0.8797
0.7864
0.7441
0.7679
0.7771
0.7969
0.8403
0.8763
0.9097
0.9003
0.9119
0.8523
0.8449
0.9269
0.8706
0.8989
0.8776
0.8774
0.7986
0.6768
0.7495
0.5742
0.6106
0.7503
0.5667
0.4783
0.5053
0.6377
0.7209
0.7511
0.8317
0.9317
0.6869
0.7222
0.7122
0.7217
0.7024
0.7409
0.7749
0.6842
0.7673
0.7803
0.6849
0.796
0.6662
0.839
0.9261
0.9031
0.883
0.9078
0.8686
0.7057
0.7922
0.8709
0.9357
0.9713
0.8247
0.6959
0.6614
0.8203
0.8374
0.7986
0.7565
0.5988
0.662
0.7526
0.7325
0.8538
0.8619
0.9086
0.9121
0.9278
0.9342
0.7311
0.8183
0.6932
0.675
0.62
0.5612
0.4134
0.8183
0.7383
0.6068
0.6079
0.8272
0.7894
0.7328
0.6438
0.7457
0.8083
0.9006
0.8832
0.8485
0.9541
0.9527
0.8669
0.8394
0.8836
0.83
0.8332
0.8344
0.8869
0.7483
0.7748
0.63
0.6461
0.7265
0.7539
0.6103
0.3943
0.7224
0.7755
0.7358
0.7914
0.8068
0.5835
0.8092
0.9178
0.7566
0.4913
0.7272
0.8508
0.9271
0.8803
0.8551
0.69
0.7356
0.8247
0.76
0.6412
0.6641
0.6758
0.6834
0.7769
0.875
0.8132
0.5395
0.6078
0.4538
0.5865
0.8367
0.7368
0.7643
0.8749
0.9144
0.9341
0.6961
0.795
0.7986
0.8465
0.9487
0.6086
0.6742
0.8094
0.8208
0.5843
0.6549
0.6882
0.7346
0.7787
0.6887
0.8071
0.7076
0.5688
0.7553
0.7703
0.7574
0.6858
0.4917
0.7661
0.7703
0.7128
0.7866
0.825
0.8561
0.8584
0.4844
0.527
0.6079
0.7756
0.6558
0.6051
0.6711
0.67
0.7139
0.81
0.6819
0.7469
0.6703
0.7911
0.5282
0.5787
0.6014
0.7129
0.6653
0.7751
0.8203
0.7403
0.8432
0.8495
0.783
0.821
0.847
0.7939
0.7753
0.7032
0.6664
0.7827
0.733
0.7948
0.7097
0.7441
0.8271
0.8224
0.6341
0.7975
0.8733
0.8962
0.6406
0.4967
0.6639
0.8229
0.7977
0.7544
0.7948
0.6664
0.5886
0.6091
0.5291
0.5003
0.627
0.8029
0.7569
0.7851
0.712
0.8048
0.7812
0.7665
0.803
0.7959
0.7797
0.6161
0.6992
0.77
0.8069
0.6489
0.5372
0.7712
0.6115
0.7056
0.7137
0.7129
0.7015
0.5543
0.6157
0.6974
0.7376
0.8112
0.6679
0.7589
0.5724
0.5833
0.7577
0.7774
0.8051
0.8106
0.6678
0.5231
0.8083
0.8011
0.7177
0.8106
0.8015
0.7755
0.8112
0.8053
0.8447
0.8532
0.7623
0.7279
0.6306
0.7679
0.7733
0.757
0.661
0.6747
0.6694
0.7406
0.7163
0.689
0.5943
0.6591
0.5962
0.6467
0.7777
0.7603
0.7368
0.7766
0.8206
0.7885
0.6647
0.7019
0.7489
0.7869
0.7836
0.8131
0.8342
0.7331
0.6862
0.8097
0.8439
0.8132
0.8124
0.8375
0.8351
0.801
0.7535
0.6872
0.6436
0.6441
0.7621
0.8212
0.8338
0.7297
0.7592
0.7968
0.7797
0.7047
0.7957
0.7078
0.685
0.7453
0.6876
0.7205
0.7283
0.8544
0.7834
0.6706
0.7647
0.7124
0.7476
0.8189
0.7732
0.8206
0.8859
0.7829
0.7286
0.7412
0.7824
0.7943
0.832
0.8846
0.8786
0.9103
0.8884
0.8594
0.8188
0.8739
0.8947
0.6103
0.6409
0.8291
0.7642
0.76
0.8048
0.8383
0.8631
0.84
0.8317
0.8648
0.882
0.8873
0.786
0.6324
0.7403
0.7544
0.7422
0.7975
0.8497
0.8789
0.9034
0.9184
0.8974
0.9041
0.795
0.6633
0.7391
0.8373
0.7653
0.73
0.6997
0.6386
0.4064
0.3965
0.6174
0.5081
0.6023
0.6668
0.7129
0.8149
0.8772
0.855
0.7745
0.8068
0.84
0.7671
0.7055
0.7268
0.7469
0.7679
0.7731
0.689
0.7777
0.7883
0.8264
0.8888
0.8045
0.7816
0.7629
0.7688
0.7239
0.7565
0.7982
0.6657
0.6466
0.6889
0.6863
0.8535
0.8605
0.6829
0.7506
0.8762
0.8028
0.7616
0.7489
0.6849
0.7192
0.633
0.5568
0.5938
0.7111
0.7076
0.6042
0.6274
0.7794
0.6409
0.8183
0.9172
0.8663
0.8453
0.8713
0.804
0.8657
0.8683
0.841
0.8679
0.7883
0.7725
0.8131
0.8041
0.768
0.7154
0.7243
0.8215
0.8168
0.8427
0.755
0.8239
0.5469
0.7027
0.7569
0.6959
0.7874
0.8242
0.8692
0.8408
0.793
0.8394
0.8908
0.8792
0.8397
0.5502
0.4549
0.7269
0.7606
0.8005
0.9203
0.8862
0.9144
0.852
0.7386
0.8781
0.78
0.7769
0.7632
0.6505
0.4153
0.5605
0.7683
0.7687
0.7887
0.8637
0.6092
0.8044
0.9022
0.883
0.7979
0.6842
0.8938
0.8278
0.8079
0.7957
0.7632
0.8125
0.8574
0.9105
0.8761
0.8135
0.7418
0.8278
0.8768
0.7523
0.6589
0.7674
0.813
0.82
0.7816
0.7259
0.7394
0.7655
0.7031
0.6624
0.8617
0.8137
0.8297
0.8685
0.7974
0.8636
0.6492
0.61
0.8478
0.8973
0.88
0.8813
0.8815
0.9156
0.8954
0.7513
0.7514
0.7506
0.7891
0.8469
0.8419
0.8524
0.7867
0.7088
0.7044
0.6113
0.5619
0.6064
0.7489
0.8509
0.8916
0.7957
0.8246
0.8989
0.91
0.8344
0.65
0.7291
0.7231
0.7952
0.8812
0.9
0.8714
0.9527
0.7931
0.7871
0.7697
0.7436
0.7026
0.7017
0.6765
0.6894
0.7219
0.7122
0.8535
0.6597
0.5957
0.747
0.824
0.7459
0.7364
0.7736
0.7603
0.6761
0.7021
0.7203
0.6288
0.8578
0.6869
0.5646
0.6288
0.8681
0.6488
0.7954
0.7757
0.7905
0.6958
0.6535
0.6113
0.5889
0.5565
0.59
0.5737
0.6319
0.5445
0.5359
0.5783
0.7353
0.6626
0.7847
0.6711
0.7279
0.7711
0.6771
0.7227
0.7263
0.8149
0.7782
0.8253
0.8391
0.7844
0.7991
0.8212
0.7665
0.6085
0.6786
0.7751
0.5739
0.5657
0.6023
0.6861
0.8041
0.8256
0.7194
0.5453
0.6608
0.6063
0.5906
0.7749
0.7909
0.7971
0.7983
0.6483
0.6738
0.7588
0.8762
0.7078
0.788
0.821
0.8671
0.7667
0.7037
0.813
0.7087
0.8775
0.6068
0.6806
0.7846
0.8624
0.8249
0.707
0.7691
0.8408
0.8153
0.8365
0.7994
0.7811
0.7968
0.8998
0.7792
0.8051
0.8219
0.7487
0.7638
0.7754
0.8364
0.7706
0.8341
0.8437
0.8283
0.7631
0.73
0.82
0.8569
0.656
0.7092
0.8137
0.8203
0.6985
0.74
0.7882
0.9209
0.8994
0.8545
0.8918
0.8903
0.8517
0.7978
0.7341
0.5906
0.5811
0.629
0.7003
0.7339
0.8183
0.8009
0.7673
0.8709
0.7972
0.7894
0.8076
0.8073
0.7968
0.8483
0.9506
0.8816
0.656
0.6838
0.7424
0.8876
0.9094
0.8948
0.6017
0.6049
0.7324
0.8324
0.8755
0.5891
0.5517
0.6947
0.7341
0.8159
0.8614
0.8751
0.9019
0.8692
0.8092
0.831
0.8411
0.8356
0.7033
0.7095
0.7939
0.5753
0.6982
0.6817
0.8267
0.8359
0.889
0.7584
0.8189
0.7929
0.8145
0.8149
0.7441
0.8225
0.91
0.713
0.6494
0.8752
0.9638
0.88
0.7283
0.8088
0.8031
0.6232
0.5835
0.8069
0.6555
0.6517
0.7745
0.5797
0.6472
0.7605
0.7326
0.7663
0.9131
0.9021
0.8121
0.815
0.8561
0.7294
0.85
0.8789
0.8494
0.7928
0.8468
0.835
0.8937
0.9245
0.754
0.6992
0.7765
0.9438
0.628
0.706
0.816
0.65
0.7732
0.7349
0.5868
0.5968
0.7109
0.8321
0.671
0.8233
0.8281
0.7324
0.5803
0.6624
0.6839
0.6576
0.7288
0.7426
0.7461
0.7828
0.8332
0.7281
0.6577
0.5989
0.5553
0.4549
0.5338
0.6729
0.8238
0.7662
0.5315
0.526
0.2757
0.4032
0.7446
0.6772
0.5324
0.5519
0.7714
0.8103
0.7943
0.7531
0.7723
0.795
0.807
0.9021
0.8722
0.7608
0.7232
0.6983
0.7058
0.8947
0.8969
0.7657
0.8744
0.8894
0.8028
0.8934
0.9292
0.8769
0.8339
0.8462
0.7808
0.8572
0.8394
0.9123
0.8887
0.8073
0.8268
0.8685
0.8797
0.8807
0.8774
0.8273
0.8085
0.7961
0.651
0.7392
0.6783
0.6894
0.5924
0.6408
0.7418
0.7986
0.8291
0.8142
0.817
0.8436
0.9265
0.8606
0.8797
0.8242
0.7258
0.8013
0.4289
0.5421
0.6626
0.6874
0.665
0.7329
0.8597
0.7285
0.7646
0.8154
0.7517
0.8366
0.697
0.6677
0.6361
0.6364
0.7656
0.8172
0.7615
0.8443
0.7751
0.8597
0.8806
0.872
0.8032
0.7856
0.8153
0.8521
0.62
0.6373
0.8278
0.7383
0.8712
0.7697
0.85
0.7771
0.7231
0.7257
0.7682
0.8073
0.8194
0.7494
0.8132
0.8103
0.8071
0.8364
0.8324
0.7635
0.7456
0.8224
0.8428
0.78
0.8575
0.7224
0.6623
0.5629
0.6606
0.7232
0.6778
0.7363
0.8122
0.8064
0.7579
0.7823
0.7077
0.599
0.7006
0.6364
0.7337
0.7358
0.5672
0.565
0.6115
0.6132
0.6314
0.6926
0.7782
0.6489
0.5723
0.6063
0.6426
0.6556
0.8
0.8506
0.8324
0.7685
0.7554
0.8174
0.7458
0.3762
0.6609
0.6432
0.7206
0.7075
0.6616
0.6403
0.7697
0.6597
0.584
0.7
0.519
0.5103
0.7214
0.7879
0.5554
0.7366
0.7769
0.8179
0.8072
0.7163
0.7643
0.758
0.7069
0.761
0.8006
0.7953
0.7141
0.719
0.7697
0.7524
0.7091
0.7597
0.7241
0.69
0.6516
0.6582
0.5738
0.5882
0.6005
0.5749
0.6005
0.5591
0.5209
0.5256
0.6692
0.794
0.812
0.7662
0.7353
0.7532
0.7194
0.7506
0.6606
0.728
0.7986
0.7478
0.7958
0.8024
0.4994
0.5609
0.7281
0.7591
0.6343
0.662
0.7411
0.8703
0.7921
0.8803
0.76
0.6059
0.6211
0.7217
0.8276
0.8017
0.6639
0.5182
0.5928
0.6967
0.7232
0.7641
0.7935
0.8076
0.8505
0.7815
0.8351
0.7737
0.8321
0.9648
0.8788
0.8176
0.9176
0.8564
0.8378
0.6467
0.8139
0.7397
0.6774
0.6686
0.7469
0.7806
0.8271
0.8832
0.8978
0.8824
0.79
0.8579
0.7611
0.9023
0.8021
0.875
0.6927
0.7541
0.8972
0.5278
0.6746
0.6376
0.8078
0.9039
0.8841
0.7148
0.6828
0.7908
0.7806
0.7358
0.8031
0.7378
0.8125
0.8488
0.8486
0.8689
0.937
0.9253
0.8857
0.8844
0.8303
0.8484
0.891
0.9024
0.8694
0.7638
0.7979
0.8369
0.8556
0.9373
0.8994
0.8018
0.7733
0.647
0.6056
0.7046
0.8297
0.8585
0.8676
0.7576
0.7647
0.7995
0.8397
0.8878
0.8597
0.7681
0.7959
0.735
0.8091
0.7842
0.8376
0.8132
0.796
0.817
0.8456
0.8468
0.842
0.8606
0.8403
0.5146
0.4689
0.6562
0.8266
0.8671
0.82
0.8431
0.6339
0.7433
0.5941
0.5646
0.6075
0.5763
0.7232
0.7856
0.7944
0.8414
0.7688
0.7491
0.817
0.8042
0.7443
0.6672
0.6178
0.6817
0.7287
0.6092
0.4721
0.5595
0.5151
0.7371
0.7541
0.78
0.9168
0.8422
0.8863
0.8697
0.5694
0.5892
0.7654
0.8755
0.8608
0.9132
0.9433
0.9051
0.9115
0.9215
0.8997
0.7619
0.7789
0.7624
0.7491
0.6343
0.6997
0.8442
0.8041
0.8116
0.7388
0.7277
0.7382
0.8579
0.9347
0.6047
0.6545
0.7631
0.9418
0.9397
0.6697
0.52
0.7274
0.6856
0.6
0.6314
0.6608
0.7085
0.7315
0.7795
0.7572
0.7581
0.8421
0.7449
0.8851
0.9085
0.8544
0.8308
0.8231
0.8481
0.7958
0.7889
0.819
0.8711
0.6794
0.4918
0.5684
0.7206
0.7472
0.8486
0.7205
0.7782
0.9197
0.8715
0.8653
0.8317
0.6678
0.7424
0.7972
0.8378
0.7342
0.8845
0.8024
0.785
0.6987
0.7587
0.7118
0.7597
0.7684
0.8749
0.835
0.78
0.5432
0.6252
0.7622
0.8718
0.7361
0.7628
0.74
0.7679
0.7743
0.7847
0.8885
0.7305
0.7813
0.8379
0.7667
0.7403
0.82
0.5037
0.6191
0.7095
0.7858
0.8632
0.8589
0.7997
0.7634
0.7647
0.7062
0.6723
0.7574
0.7789
0.6264
0.6164
0.7267
0.7219
0.7828
0.7238
0.7594
0.7635
0.6812
0.8232
0.8081
0.8371
0.8388
0.7885
0.8
0.6876
0.7175
0.7994
0.7366
0.7122
0.7343
0.7171
0.6878
0.7174
0.7085
0.77
0.7024
0.7376
0.6785
0.6829
0.7589
0.8133
0.6863
0.7735
0.8238
0.827
0.7206
0.6312
0.6745
0.6533
0.5954
0.7088
0.7382
0.7432
0.6934
0.6871
0.7265
0.6776
0.6403
0.6871
0.4458
0.4979
0.7075
0.85
0.6986
0.6386
0.662
0.7876
0.7743
0.727
0.6673
0.7897
0.7536
0.8255
0.8369
0.8264
0.8124
0.7226
0.7048
0.707
0.7566
0.7597
0.6308
0.7153
0.75
0.6659
0.7328
0.8209
0.7719
0.7894
0.7888
0.7808
0.8419
0.7274
0.6505
0.6105
0.6906
0.7628
0.8003
0.8135
0.8294
0.732
0.6603
0.51
0.6241
0.7587
0.8247
0.8051
0.7435
0.6564
0.8206
0.7741
0.8074
0.8358
0.8318
0.8458
0.8785
0.7806
0.7855
0.8288
0.7923
0.8442
0.8322
0.8265
0.8151
0.806
0.8318
0.839
0.8389
0.7281
0.7332
0.73
0.7909
0.8314
0.8364
0.8356
0.7768
0.6778
0.7422
0.6144
0.5378
0.6985
0.8008
0.8228
0.8416
0.8408
0.8542
0.8444
0.7644
0.8381
0.8529
0.8424
0.8516
0.8148
0.3998
0.5077
0.7763
0.7076
0.5819
0.5224
0.5082
0.6006
0.8
0.8225
0.732
0.7232
0.7871
0.7559
0.8526
0.8611
0.8118
0.8152
0.7853
0.6994
0.7312
0.7882
0.9106
0.7062
0.7584
0.7397
0.7833
0.7117
0.6827
0.647
0.7291
0.6536
0.6091
0.6222
0.435
0.2674
0.4508
0.5414
0.6925
0.6945
0.7233
0.8365
0.8576
0.8228
0.7994
0.7954
0.7697
0.7622
0.792
0.8511
0.8139
0.7767
0.8415
0.7835
0.7232
0.7931
0.8141
0.7894
0.8189
0.8258
0.8249
0.7545
0.7128
0.7941
0.8376
0.8554
0.8548
0.8119
0.7077
0.7788
0.6795
0.7138
0.6854
0.6689
0.655
0.8191
0.8617
0.6783
0.4994
0.6461
0.5171
0.6803
0.7497
0.7671
0.7871
0.7704
0.7875
0.7458
0.7346
0.76
0.8758
0.8288
0.8042
0.7642
0.7471
0.7708
0.7096
0.7863
0.8125
0.8054
0.6533
0.6046
0.8404
0.7517
0.7608
0.7529
0.5838
0.2988
0.3304
0.4279
0.4546
0.5679
0.4583
0.5433
0.6108
0.7146
0.6746
0.77
0.8192
0.8908
0.875
0.8171
0.8333
0.8088
0.7421
0.705
0.64
0.3363
0.3183
0.4063
0.5354
0.6017
0.7021
0.7229
0.6321
0.675
0.6346
0.7467
0.6904
0.7117
0.6158
0.7746
0.6863
0.7975
0.6792
0.7004
0.6229
0.6258
0.4454
0.495
0.6325
0.7238
0.8613
0.8454
0.8071
0.855
0.8621
0.8792
0.8813
0.7788
0.7142
0.7867
0.9317
0.9117
0.8592
0.9154
0.8925
0.8779
0.6942
0.7475
0.7696
0.8296
0.7833
0.7917
0.8296
0.8183
0.7888
0.7958
0.8454
0.8242
0.8388
0.6121
0.3025
0.5617
0.7171
0.7425
0.8192
0.8304
0.5225
0.5375
0.6933
0.675
0.6688
0.7967
0.7525
0.7921
0.8533
0.7025
0.775
0.7129
0.6079
0.615
0.6175
0.5804
0.7967
0.8688
0.8129
0.7254
0.7046
0.7338
0.725
0.6992
0.815
0.7621
0.7513
0.8329
0.7575
0.8213
0.7221
0.8792
0.7208
0.755
0.7821
0.7308
0.8008
0.7513
0.7988
0.7067
0.7508
0.6675
0.6863
0.6983
0.7258
0.8046
0.7396
0.6454
0.7704
0.8196
0.7808
0.8163
0.7263
0.7417
0.7204
0.7025
0.7742
0.7308
0.8604
0.845
0.8483
0.7942
0.745
0.6767
0.7446
0.74
0.7563
0.6967
0.7696
0.7004
0.7921
0.8188
0.8404
0.7038
0.685
0.7375
0.8117
0.8092
0.8346
0.7871
0.645
0.7233
0.8225
0.8146
0.7946
0.7563
0.7588
0.7846
0.7421
0.6596
0.6258
0.7308
0.7842
0.81
0.6383
0.82
0.7883
0.7679
0.7763
0.805
0.8283
0.8058
0.7938
0.7996
0.79
0.7442
0.6979
0.7342
0.84
0.6721
0.6767
0.7433
0.7642
0.7829
0.6904
0.7504
0.84
0.8146
0.7583
0.7721
0.8154
0.7558
0.7754
0.8313
0.8192
0.7663
0.745
0.6079
0.5908
0.6717
0.6463
0.8233
0.8338
0.8521
0.7696
0.7396
0.7854
0.8054
0.8046
0.7946
0.7379
0.7638
0.8496
0.8075
0.8679
0.9063
0.8475
0.7833
0.6283
0.7496
0.7792
0.8367
0.8075
0.7733
0.9371
0.6004
0.5829
0.7292
0.7404
0.8125
0.8542
0.8438
0.8825
0.8096
0.8479
0.8579
0.8613
0.7488
0.8233
0.8571
0.6283
0.6075
0.7642
0.79
0.8104
0.8446
0.8646
0.8825
0.9138
0.87
0.9175
0.9083
0.8933
0.8183
0.8371
0.9363
0.8279
0.8792
0.8708
0.8075
0.8604
0.8233
0.8825
0.8883
0.8908
0.9175
0.9175
0.9221
0.9108
0.8008
0.8033
0.8758
0.7867
0.7208
0.7188
0.7767
0.8179
0.9046
0.7121
0.7742
0.8904
0.9196
0.8796
0.885
0.8321
0.8188
0.8775
0.8013
0.8038
0.8371
0.7679
0.7175
0.7196
0.6738
0.6142
0.6588
0.7258
0.6921
0.6613
0.79
0.8425
0.6546
0.7429
0.6613
0.6675
0.6642
0.7692
0.6846
0.6425
0.7133
0.7088
0.6413
0.6946
0.6742
0.6733
0.7529
0.775
0.84
0.7629
0.7775
0.7892
0.7763
0.8317
0.7554
0.7979
0.75
0.6363
0.6842
0.7458
0.7792
0.5917
0.5725
0.5367
0.7179
0.8938
0.8629
0.9075
0.8613
0.8613
0.8608
0.8075
0.8263
0.7992
0.8063
0.9071
0.9529
0.8779
0.8196
0.8217
0.8571
0.8071
0.7933
0.8046
0.7779
0.7879
0.7321
0.8746
0.8958
0.8883
0.8217
0.6867
0.7988
0.8142
0.8288
0.8021
0.7333
0.6913
0.7421
0.7817
0.8079
0.8067
0.8163
0.7808
0.7833
0.8354
0.8871
0.7125
0.5579
0.6575
0.6504
0.5767
0.75
0.8
0.7854
0.7888
0.7046
0.8275
0.7246
0.6475
0.7171
0.6908
0.5758
0.6946
0.6708
0.5117
0.7296
0.805
0.7775
0.5588
0.6792
0.795
0.7746
0.8229
0.8717
0.8054
0.7829
0.8625
0.8871
0.8975
0.9133
0.8196
0.7542
0.7358
0.8538
0.8625
0.8804
0.6063
0.7958
0.7313
0.7633
0.8129
0.7775
0.7938
0.8288
0.7888
0.82
0.8371
0.8458
0.8492
0.7733
0.545
0.7363
0.7529
0.8346
0.8596
0.8163
0.725
0.7096
0.7792
0.8292
0.8575
0.7863
0.63
0.5921
0.5375
0.6017
0.7796
0.7733
0.6625
0.7213
0.8246
0.8167
0.5683
0.6304
0.6871
0.7179
0.8275
0.8204
0.7508
0.7992
0.8038
0.8204
0.7875
0.7317
0.6738
0.7275
0.8179
0.8621
0.8079
0.8392
0.7854
0.755
0.7021
0.6392
0.7554
0.7388
0.6483
0.6179
0.7321
0.72
0.7204
0.6821
0.6263
0.7175
0.7254
0.7938
0.6825
0.6704
0.7988
0.8104
0.7738
0.6833
0.6908
0.7571
0.7392
0.6921
0.7958
0.7908
0.8004
0.7688
0.7817
0.7504
0.6817
0.7579
0.7775
0.7717
0.75
0.7267
0.7796
0.72
0.7938
0.7446
0.6946
0.7729
0.8038
0.8
0.7017
0.6896
0.8096
0.7867
0.6429
0.7067
0.7021
0.63
0.635
0.6829
0.6908
0.7221
0.7421
0.7954
0.7333
0.7067
0.7725
0.7317
0.7558
0.7396
0.6646
0.7546
0.72
0.705
0.8054
0.7675
0.7729
0.6446
0.7113
0.6192
0.7383
0.7383
0.6879
0.7658
0.7079
0.7417
0.7025
0.7704
0.7383
0.7379
0.8421
0.8125
0.71
0.6758
0.6713
0.6904
0.725
0.805
0.795
0.7971
0.7879
0.7075
0.7721
0.8013
0.7854
0.7288
0.7304
0.8146
0.8692
0.7788
0.6854
0.8325
0.8546
0.8242
0.8096
0.805
0.815
0.8292
0.8563
0.8813
0.8788
0.7438
0.6533
0.7104
0.7958
0.8308
0.8554
0.825
0.8808
0.9167
0.8654
0.6917
0.7013
0.7946
0.8217
0.8658
0.89
0.8963
0.8633
0.6471
0.6579
0.7708
0.7663
0.7275
0.8213
0.8729
0.8704
0.91
0.895
0.8196
0.7883
0.8213
0.83
0.8275
0.8742
0.8583
0.7671
0.8158
0.8171
0.8758
0.7096
0.8454
0.8825
0.8888
0.9167
0.8746
0.8367
0.8954
0.8429
0.6483
0.5867
0.6788
0.7463
0.7888
0.8117
0.82
0.8758
0.8504
0.8463
0.7663
-99
0.8021
0.8579
0.8908
0.8063
0.7008
0.7738
0.8108
0.7058
0.7433
0.7175
0.8338
0.9121
0.8554
0.795
0.8425
-99
0.7971
0.8533
0.9183
0.7629
0.7567
0.8758
0.865
0.745
0.7167
0.5979
0.7658
0.7875
0.6808
0.7429
0.6883
0.8142
0.8704
0.7763
0.7763
0.7508
0.6804
0.6492
0.7217
0.5763
0.5017
0.5954
0.7504
0.7988
0.8375
0.7921
0.8042
0.8204
0.8413
0.7433
0.7288
0.7175
0.7658
0.82
0.8188
0.7617
0.8058
0.8763
0.7833
0.7867
0.8263
0.8333
0.8246
0.8613
0.8013
0.7558
0.82
-99
-99
-99
-99
-99
-99
0.5969
0.5113
0.54
0.5954
0.7129
0.7654
0.7367
0.7513
0.8217
0.805
0.7929
0.7604
0.66
0.7629
0.8125
0.5513
0.725
0.5942
0.5946
0.68
0.4629
0.6054
0.8717
0.8146
0.8083
0.8546
0.8942
0.7988
0.79
0.7179
0.6604
0.6196
0.7675
0.7796
0.6883
0.6046
0.6217
0.7775
0.775
0.7875
0.7708
0.6408
0.6458
0.3963
0.5158
0.5658
0.6
0.5875
0.6621
0.7488
0.7358
0.6929
0.5067
0.3546
0.3763
0.3633
0.6154
0.6913
0.5579
0.7154
0.7638
0.8042
0.6463
0.6779
0.8188
0.8492
0.9008
0.8629
0.7933
0.8583
0.8463
0.8563
0.8225
0.8483
0.7954
0.7617
0.8254
0.9167
0.7458
0.7783
0.6988
0.7104
0.705
0.6825
0.8646
0.8671
0.8008
0.6421
0.6525
0.6746
0.6729
0.7196
0.8192
0.9013
0.8554
0.8158
0.725
0.8579
0.8133
0.7079
0.68
0.6171
0.7121
0.8392
0.7488
0.765
0.6988
0.805
0.6963
0.6933
0.6883
0.7004
0.7654
0.7767
0.7442
0.6133
0.5308
0.5446
0.545
0.7188
0.7171
0.6829
0.3992
0.5313
0.7121
0.7629
0.7529
0.6242
0.63
0.6275
0.6613
0.7113
0.7508
0.7908
0.7429
0.7183
0.7742
0.8138
0.81
0.81
0.555
0.6975
0.8163
0.6721
0.7288
0.8183
0.7504
0.775
0.7167
0.7121
0.7875
0.645
0.73
0.7804
0.8221
0.7821
0.66
0.7171
0.7758
0.7975
0.7054
0.7925
0.66
0.6383
0.6842
0.5371
0.7171
0.7458
0.7958
0.7979
0.7008
0.7688
0.8146
0.7979
0.7671
0.7717
0.76
0.7588
0.8038
0.7279
0.775
0.8117
0.7588
0.7492
0.7625
0.7508
0.8
0.8117
0.78
0.7075
0.7038
0.7963
0.7746
0.8054
0.8613
0.6788
0.7321
0.81
0.8413
0.7696
0.8175
0.875
0.8392
0.6954
0.8292
0.9179
0.6846
0.67
0.8013
0.7492
0.7975
0.61
0.6121
0.7171
0.7133
0.7621
0.69
0.6717
0.7521
0.7975
0.8417
0.7504
0.6408
0.7333
0.7958
0.8004
0.8279
0.7642
0.7983
0.7458
0.7621
0.7454
0.6925
0.7438
0.8488
0.7325
0.7096
0.7646
0.8213
0.8025
0.7671
0.7971
0.8058
0.5683
0.3696
0.5608
0.7879
0.8621
0.8546
0.835
0.8988
0.88
0.8567
0.8271
0.8079
0.8413
0.8071
0.7388
0.7121
0.6821
0.7604
0.8196
0.8221
0.8383
0.8496
0.7929
0.7688
0.6888
0.6838
0.7258
0.7404
0.7658
0.7483
0.7133
0.8508
0.7667
0.7408
0.7021
0.6296
0.6354
0.7596
0.7988
0.8175
0.8142
0.7413
0.6817
0.7092
0.6846
0.6738
0.67
0.7417
0.6596
0.6908
0.53
0.4433
0.455
0.4667
0.5288
0.8192
0.9275
0.7388
0.7213
0.6775
0.6992
0.6792
0.6867
0.68
0.6913
0.7158
0.7546
0.7083
0.6883
0.78
0.7583
0.7767
0.7463
0.7138
0.4829
0.495
0.4071
0.4721
0.5971
0.5296
0.6263
0.6438
0.7746
0.8088
0.7529
0.7696
0.8217
0.8642
0.7996
0.8154
0.7925
0.74
0.765
0.7638
0.7183
0.7171
0.6763
0.7333
0.7717
0.9329
0.8046
0.7558
0.7571
0.7913
0.8592
0.8688
0.9413
0.8696
0.6133
0.7629
0.8221
0.7788
0.6129
0.6279
0.7517
0.8463
0.8658
0.8267
0.7454
0.8288
0.825
0.7663
0.7638
0.6796
0.6271
0.6938
0.7521
0.6771
0.7008
0.7196
0.8696
0.6558
0.6746
0.6838
0.7167
0.7454
0.7588
0.7638
0.715
0.6446
0.6763
0.7496
0.7413
0.8063
0.7092
0.8383
0.8746
0.8604
0.8371
0.8071
0.8417
0.8442
0.8817
0.8883
0.9163
0.8992
0.8392
0.8071
0.6875
0.8425
0.5038
0.2733
0.3513
0.5513
0.655
0.8054
0.7046
0.5763
0.7746
0.8333
0.885
0.8554
0.6842
0.6829
0.7767
0.7483
0.6571
0.5288
0.6
0.6704
0.4867
0.6208
0.6596
0.57
0.7333
0.815
0.7717
0.7113
0.4529
0.6496
0.7233
0.7179
0.7754
0.7746
0.6763
0.7042
0.7883
0.7067
0.7329
0.7004
0.6717
0.6604
0.7146
0.7283
0.785
0.7304
0.6438
0.7954
0.6142
0.6521
0.6971
0.6963
0.6613
0.6883
0.7579
0.8267
0.7588
0.6892
0.6779
0.6563
0.4579
0.5433
0.6496
0.7383
0.6642
0.6683
0.8479
0.8771
0.7758
0.7083
0.715
0.8229
0.8321
0.8192
0.7854
0.7571
0.7183
0.6275
0.695
0.7246
0.7733
0.8296
0.8554
0.7275
0.8025
0.7942
0.6917
0.675
0.8308
0.8575
0.7817
0.7438
0.7108
0.7492
0.7729
0.6192
0.7021
0.68
0.7996
0.7508
0.6729
0.7242
0.7029
0.8467
0.7267
0.7388
0.6575
0.7454
0.6483
0.5967
0.4504
0.4883
0.6563
0.6471
0.5946
0.6496
0.7104
0.7442
0.5813
0.6675
0.7467
0.7117
0.6683
0.7683
0.7425
0.6096
0.6375
0.6975
0.7558
0.7433
0.7633
0.6442
0.61
0.6621
0.5904
0.5375
0.6558
0.7367
0.7313
0.7121
0.6783
0.7196
0.7283
0.7163
0.6429
0.6538
0.7317
0.7392
0.7083
0.6808
0.6788
0.64
0.7046
0.7183
0.6454
0.6079
0.6808
0.6446
0.5875
0.7046
0.74
0.6804
0.5546
0.6175
0.4692
0.6163
0.7121
0.7377
-99
-99
0.6819
0.7442
0.91
-99
-99
0.6671
0.6533
0.6329
0.5492
-99
-99
-99
-99
-99
0.695
0.6871
0.5471
0.6083
0.63
0.6704
0.6192
0.7392
0.4942
0.4429
0.4721
0.5621
0.6454
0.7058
0.7596
0.7208
0.7754
0.77
0.8104
0.7158
0.6617
0.6358
0.8071
0.6438
0.675
0.6658
0.7004
0.6354
0.6708
0.6579
0.4517
0.6079
0.7188
0.7775
0.7296
0.6704
0.6367
0.7513
0.8175
0.8233
0.8225
0.7983
0.8138
0.8033
0.7917
0.7563
0.8092
0.81
0.78
0.7308
0.7225
0.6846
0.7063
0.7213
0.8683
0.8617
0.6238
0.8029
0.7546
0.7692
0.6967
0.6721
0.6675
0.7313
0.7092
0.7658
0.7621
0.7904
0.8054
0.8004
0.5892
0.4871
0.6292
0.675
0.6813
0.7079
0.7204
0.6883
0.6883
0.6775
0.6879
0.5225
0.605
0.5075
0.6046
0.6767
0.62
0.4767
0.4879
0.6367
0.5963
0.6492
0.4975
0.6225
0.7038
0.6546
0.8154
0.7938
0.5321
0.7179
0.7583
0.7008
0.7517
0.8167
0.7508
0.7063
0.6763
0.7063
0.7258
0.7383
0.8046
0.7638
0.6896
0.8113
0.8317
0.7383
0.7842
0.8458
0.8896
0.8379
0.8738
0.8213
0.7104
0.6829
0.7958
0.7642
0.6646
0.7588
0.8429
0.7483
0.7021
0.6171
0.6713
0.7463
0.7588
0.7875
0.7658
0.7946
0.5925
0.5921
0.6642
0.6863
0.4517
0.5021
0.5242
0.4929
0.6538
0.7863
0.7983
0.8796
0.8721
0.8675
0.7913
0.7688
0.8525
0.7729
0.54
0.435
0.6879
0.4563
0.5688
0.7138
0.6675
0.6592
0.5742
0.7192
0.7017
0.6333
0.7425
0.6488
0.7371
0.7083
0.6571
0.7379
0.7492
0.8083
0.7596
0.8129
0.8171
0.8158
0.7646
0.7863
0.5167
0.3
0.5358
0.6992
0.7063
0.74
0.7621
0.7933
0.7688
0.6929
0.6421
0.5992
0.5725
0.6829
0.7554
0.64
0.6038
0.6758
0.6121
0.6146
0.5967
0.6971
0.7646
0.8567
0.7958
0.7533
0.7975
0.81
0.8083
0.7813
0.8046
0.8217
0.8154
0.8346
0.7392
0.7375
0.8492
0.7333
0.7525
0.6163
0.7888
0.7725
0.7192
0.6738
0.7671
0.6983
0.6592
0.6967
0.5504
0.5946
0.6321
0.7238
0.7854
0.6442
0.6208
0.6746
0.7517
0.7692
0.6233
0.6496
0.705
0.6317
0.6717
0.7358
0.7217
0.7817
0.7825
0.7988
0.7767
0.7983
0.8758
0.6521
0.74
0.7475
0.715
0.6858
0.6025
0.6708
0.7179
0.725
0.7571
0.8196
0.7088
0.5792
0.515
0.6117
0.6525
0.6446
0.6846
0.6025
0.6488
0.7579
0.7913
0.6417
0.6671
0.7763
0.5396
0.6546
0.6521
0.7067
0.6279
0.6038
0.6613
0.6246
0.5767
0.5958
0.6217
0.7275
0.5904
0.6479
0.6379
0.7242
0.6804
0.6138
0.6246
0.74
0.7129
0.56
0.5263
0.5771
0.6288
0.5933
0.6233
0.6033
0.6238
0.6113
0.8021
0.715
0.7379
0.7933
0.72
0.7092
0.7213
0.7396
0.6692
0.41
0.6313
0.7154
0.69
0.7058
0.6092
0.5783
0.6554
0.6996
0.6721
0.6338
0.7158
0.7117
0.665
0.6967
0.62
0.5779
0.6479
0.7208
0.6871
0.6608
0.6292
0.6133
0.6875
0.6296
0.5867
0.5388
0.5046
0.5717
0.6946
0.6438
0.5929
0.4321
0.5058
0.6433
0.6888
0.6879
0.6933
0.7213
0.6563
0.6713
0.6083
0.6421
0.6708
0.7358
0.7396
0.7275
0.6971
0.6692
0.5821
0.6654
0.7
0.6929
0.6396
0.6029
0.5863
0.5888
0.6983
0.7146
0.7058
0.635
0.6679
0.6738
0.6454
0.6963
0.6813
0.5863
0.6238
0.6238
0.6792
0.6871
0.6779
0.6383
0.6133
0.6867
0.7004
0.7167
0.6583
0.7254
0.7933
0.8021
0.7008
0.6525
0.7613
0.7742
0.7363
0.6975
0.6104
0.5254
0.4804
0.37
0.4621
0.4892
0.6304
0.6929
0.7196
0.7867
0.6479
0.7554
0.7738
0.8308
0.8038
0.8317
0.8313
0.77
0.8229
0.8433
0.5825
0.4908
0.52
0.4717
0.6163
0.5646
0.4938
0.39
0.4888
0.6758
0.7633
0.7933
0.8517
0.7838
0.7742
0.8004
0.7725
0.8033
0.7888
0.8179
0.7038
0.6542
0.7221
0.7817
0.6854
0.7088
0.6875
0.7633
0.585
0.5096
0.6942
0.7375
0.665
0.7046
0.775
0.7067
0.6529
0.7217
0.7438
0.7404
0.6983
0.6992
0.67
0.6621
0.6038
0.6646
0.5867
0.4508
0.5108
0.8188
0.88
0.7625
0.86
0.6029
0.8317
0.7367
0.7383
0.7758
0.7479
0.731
-99
-99
0.7608
0.8454
0.8742
0.6288
0.745
0.7013
0.43
0.61
0.63
0.7579
0.6771
0.7388
0.6288
0.7763
0.8746
0.9121
0.9196
0.8421
0.7371
0.7629
0.7704
0.7588
0.8708
0.6667
0.6346
0.5771
0.7175
0.54
0.7204
0.7463
0.6704
0.7504
0.8513
0.6067
0.5008
0.6788
0.8421
0.8283
0.6317
0.3146
0.4567
0.6313
0.57
0.7546
0.8263
0.8579
0.7463
0.75
0.6217
0.7679
0.8133
0.5821
0.4621
0.6517
0.4871
0.7563
0.6017
0.6367
0.6613
0.7296
0.7479
0.705
0.4675
0.7104
0.8154
0.6063
0.5579
0.5825
0.7229
0.6617
0.6438
0.6179
0.7425
0.7729
0.7796
0.8033
0.8217
0.8154
0.885
0.8558
0.8288
0.87
0.5246
0.4496
0.6896
0.7921
0.5204
0.5946
0.6254
0.715
0.7279
0.7496
0.7217
0.715
0.7088
0.7096
0.5692
0.5658
0.5775
0.75
0.6808
0.6638
0.6408
0.6458
0.6779
0.6575
0.7708
0.7621
0.7967
0.7571
0.6758
0.7342
0.7308
0.7396
0.5975
0.5642
0.7354
0.7525
0.7671
0.7104
0.8692
0.8163
0.6313
0.6683
0.7208
0.7388
0.8
0.7213
0.5975
0.7504
0.7113
0.7638
0.6008
0.6092
0.6479
0.6383
0.6742
0.6879
0.6213
0.5542
0.7329
0.6708
0.6858
0.7083
0.6513
0.6638
0.6417
0.6763
0.6125
0.7413
0.7971
0.7529
0.7596
0.7196
0.79
0.8125
0.7992
0.8954
0.8442
0.8133
0.7742
0.7675
0.7783
0.7596
0.6233
0.6529
0.6704
0.6821
0.6042
0.5271
0.6754
0.7613
0.6671
0.6196
0.6304
0.5842
0.5954
0.5971
0.6092
0.6925
0.67
0.7125
0.6775
0.6821
0.6792
0.7279
0.6925
0.6925
0.7283
0.5888
0.665
0.6467
0.7079
0.6846
0.6929
0.7075
0.7075
0.7413
0.7108
0.6667
0.7146
0.6829
0.5667
0.6546
0.6579
0.6638
0.7413
0.7467
0.7242
0.7483
0.7488
0.7788
0.7
0.6854
0.6546
0.6696
0.7492
0.7625
0.7525
0.7888
0.7438
0.7263
0.745
0.78
0.62
0.7075
0.7654
0.7883
0.8258
0.7788
0.7425
0.755
0.8438
0.7638
0.7725
0.8271
0.7979
0.6388
0.6296
0.6704
0.6633
0.7654
0.7021
0.7092
0.7779
0.7783
0.7963
0.7496
0.51
0.675
0.7075
0.73
0.7525
0.6767
0.7158
0.7933
0.7983
0.8788
0.8446
0.6838
0.8358
0.9108
0.83
0.8433
0.7117
0.5896
0.6646
0.6171
0.7083
0.7075
0.7504
0.7592
0.8117
0.8438
0.5746
0.5938
0.75
0.7725
0.8092
0.8042
0.86
0.8171
0.7696
0.7683
0.7708
0.7179
0.6988
0.6763
0.5375
0.5746
0.7038
0.7788
0.8246
0.8371
0.7763
0.4213
0.4433
0.5825
0.6571
0.7713
0.6904
0.6796
0.7413
0.6817
0.7221
0.78
0.8113
0.8375
0.7175
0.655
0.5738
0.51
0.5829
0.7271
0.7942
0.8329
0.6429
0.4883
0.6938
0.6733
0.7692
0.8446
0.7379
0.6604
0.7104
0.7029
0.6363
0.6458
0.6263
0.4979
0.6829
0.905
0.6908
0.6638
0.5679
0.6771
0.7483
0.8208
0.8071
0.7804
0.8746
0.8388
0.7842
0.6808
0.74
0.6267
0.4817
0.3646
0.5871
0.6675
0.6875
0.6821
0.9079
0.9588
0.8175
0.5296
0.3742
0.4288
0.6454
0.7733
0.7896
0.8321
0.9146
0.8967
0.8588
0.7292
0.7596
0.8167
0.9188
0.9246
0.8179
0.8104
0.8063
0.7258
0.8171
0.8313
0.8663
0.825
0.8767
0.8583
0.8454
0.8221
0.7588
0.3954
0.5417
0.5446
0.5871
0.5792
0.7067
0.7596
0.7938
0.8
0.8004
0.7817
0.6429
0.5217
0.5888
0.7046
0.7792
0.7063
0.8067
0.8633
0.8467
0.8367
0.7783
0.8467
0.8608
0.8438
0.7967
0.7413
0.8692
0.7496
0.7525
0.8467
0.6767
0.6896
0.8688
0.8317
0.8038
0.8046
0.7038
0.6063
0.6529
0.6321
0.8938
0.7396
0.7625
0.7592
0.7304
0.6988
0.7379
0.8138
0.7958
0.9538
0.8517
0.91
0.9342
0.87
0.7871
0.7396
0.7546
0.7188
0.7142
0.7063
0.6329
0.7175
0.7629
0.8554
0.8425
0.6904
0.7729
0.7967
0.7896
0.7583
0.7171
0.7433
0.8313
0.7742
0.8296
0.835
0.6346
0.6383
0.69
0.7046
0.6917
0.7063
0.7329
0.6342
0.7146
0.7558
0.7133
0.7425
0.7838
0.7088
0.7671
0.82
0.8004
0.7842
0.7054
0.6808
0.7354
0.8142
0.73
0.7863
0.8338
0.7771
0.8104
0.8092
0.7804
0.8104
0.8042
0.8579
0.7938
0.7604
0.7204
0.665
0.775
0.7267
0.7196
0.7629
0.7571
0.7196
0.6025
0.6113
0.5596
0.5292
0.5092
0.6508
0.6925
0.735
0.7425
0.7975
0.7592
0.8283
0.69
0.7458
0.7563
0.7521
0.8083
0.7396
0.7842
0.8242
0.7583
0.8725
0.7954
0.8242
0.7921
0.6629
0.695
0.7558
0.7679
0.7667
0.7263
0.8283
0.8267
0.6867
0.7367
0.7142
0.7858
0.6783
0.7229
0.68
0.6954
0.6492
0.6796
0.7938
0.7767
0.69
0.7929
0.8013
0.6979
0.6633
0.7358
0.7183
0.6871
0.8183
0.6871
0.7796
0.7975
0.8263
0.7758
0.725
0.6754
0.6188
0.7175
0.7346
0.6592
0.6575
0.7388
0.7596
0.7658
0.68
0.8013
0.8504
0.8021
0.7917
0.755
0.7263
0.7508
0.8263
0.8646
0.7508
0.6867
0.5783
0.7104
0.7667
0.7842
0.7033
0.7533
0.7167
0.6471
0.7654
0.7725
0.7604
0.665
0.5883
0.5367
0.7158
0.8008
0.795
0.765
0.6708
0.7375
0.7592
0.7833
0.8033
0.8017
0.79
0.7733
0.7133
0.7742
0.7729
0.8192
0.7971
0.8071
0.8029
0.8133
0.7813
0.7896
0.7217
0.7263
0.81
0.7925
0.8446
0.5871
0.6842
0.7733
0.8108
0.8133
0.8488
0.7692
0.7804
0.7133
0.6804
0.6767
0.7425
0.7725
0.7679
0.645
0.6438
0.6538
0.8008
0.7096
0.5771
0.6183
0.6167
0.6275
0.6279
0.7317
0.68
0.6592
0.6938
0.7629
0.7429
0.7654
0.6513
0.645
0.7654
0.8817
0.915
0.625
0.6171
0.8654
0.8983
0.825
0.8217
0.8646
0.8942
0.8579
0.8958
0.8992
0.8338
0.8779
0.7671
0.8033
0.8313
0.8483
0.88
0.8813
0.8679
0.8667
0.9129
0.86
0.7892
0.8583
0.8617
0.8692
0.8171
0.7596
0.7454
0.8117
0.8283
0.7575
0.8221
0.8113
0.7713
0.7929
0.8346
0.7638
0.7263
0.685
0.7454
0.7175
0.7204
0.8079
0.8296
0.7967
0.79
0.7429
0.6775
0.6954
0.5446
0.5292
0.5221
0.5583
0.6167
0.7333
0.8217
0.7092
0.7429
0.7288
0.6908
0.7075
0.6704
0.7142
0.6288
0.555
0.6813
0.7683
0.6163
0.6738
0.76
0.6288
0.6988
0.7033
0.7438
0.7608
0.8004
0.8163
0.84
0.6842
0.7354
0.7654
0.7813
0.7646
0.7721
0.7708
0.7563
0.7067
0.7621
0.7342
0.765
0.7796
0.7904
0.7792
0.8825
0.7829
0.5988
0.6025
0.87
0.8013
0.5413
0.2833
0.5396
0.5275
0.2892
0.2933
0.4617
0.5017
0.3558
0.5308
0.48
0.5758
0.5913
0.6358
0.7329
0.7717
0.7608
0.54
0.6083
0.5454
0.4317
0.5258
0.6388
0.6729
0.8063
0.8388
0.8263
0.8313
0.8142
0.8058
0.7033
0.5496
0.505
0.5542
0.6146
0.5313
0.5967
0.665
0.6117
0.725
0.7621
0.8746
0.715
0.765
0.5733
0.6292
0.6058
0.8621
0.8554
0.8
0.7475
0.7258
0.7021
0.5938
0.5775
0.6488
0.6438
0.7254
0.7113
0.7654
0.89
0.8821
0.8192
0.7913
0.6104
0.66
0.7458
0.7825
0.5529
0.7217
0.7096
0.6317
0.6779
0.4908
0.475
0.6958
0.6104
0.62
0.7175
0.7479
0.8042
0.4788
0.8179
0.7925
0.7571
0.8058
0.7154
0.7504
0.7463
0.7571
0.7875
0.8117
0.715
0.7467
0.71
0.7775
0.8025
0.6163
0.5559
0.6642
0.7708
0.6871
0.665
0.6858
0.8008
0.8054
0.77
0.8154
0.5933
0.5725
0.6346
0.67
0.6308
0.8146
0.7404
0.6404
0.6488
0.6571
0.6629
0.6208
0.6813
0.7421
0.8396
0.8263
0.8267
0.8033
0.7758
0.68
0.7354
0.7213
0.5638
0.7054
0.7496
0.7004
0.6283
0.6929
0.6954
0.6317
0.6542
0.6779
0.6842
0.6021
0.5888
0.6488
0.6429
0.6083
0.7704
0.7858
0.8125
0.7896
0.7246
0.7983
0.7858
0.7846
0.6846
0.7446
0.7442
0.7038
0.7821
0.7438
0.6867
0.8129
0.7329
0.6504
0.6783
0.7429
0.6
0.6913
0.7675
0.7258
0.6671
0.6263
0.6183
0.705
0.6821
0.6596
0.7383
0.7442
0.7746
0.7738
0.7917
0.6746
0.5892
0.62
0.7296
0.7163
0.6646
0.6713
0.6233
0.5733
0.6683
0.7417
0.7054
0.7638
0.7813
0.6838
0.7288
0.7117
0.6858
0.6779
0.6663
0.6546
0.6142
0.7604
0.7388
0.66
0.7563
0.7758
0.7717
0.8146
0.6004
0.3908
0.5279
0.5254
0.5796
0.6696
0.7033
0.6858
0.8046
0.7617
0.7642
0.775
0.7771
0.5475
0.5913
0.6279
0.7846
0.7958
0.8358
0.8308
0.8163
0.8204
0.7817
0.8288
0.5642
0.58
0.6665
0.6817
0.5217
0.8363
0.7504
0.6638
0.7267
0.7967
0.8513
0.8258
0.8433
0.825
0.8371
0.8496
0.8758
0.8942
0.9083
0.8417
0.7454
0.6288
0.6775
0.7592
0.8775
0.9213
0.9208
0.82
0.8071
0.8138
0.8479
0.8979
0.8596
0.6492
0.2946
0.5538
0.7338
0.7963
0.6446
0.6788
0.7717
0.8475
0.6058
0.6946
0.7417
0.7579
0.8158
0.9054
0.8
0.6913
0.6588
0.7679
0.8292
0.8846
0.8896
0.7833
0.7888
0.825
0.8479
0.79
0.8525
0.8854
0.885
0.8567
0.8742
0.6596
0.3771
0.6
0.6538
0.6346
0.7625
0.5817
0.5508
0.7025
0.7279
0.6163
0.6583
0.7371
0.7279
0.7754
0.89
0.7804
0.6396
0.6396
0.6188
0.6925
0.7767
0.8188
0.6988
0.8408
0.8683
0.9175
0.8896
0.7813
0.6933
0.76
0.8358
0.7163
0.7783
0.7921
0.7883
0.6688
0.6063
0.6121
0.6533
0.6996
0.7879
0.7254
0.7642
0.7079
0.7746
0.8333
0.65
0.6588
0.7025
0.6633
0.7458
0.8679
0.6575
0.5817
0.6663
0.6433
0.6821
0.4079
0.7621
0.775
0.7017
0.7504
0.7863
0.78
0.7383
0.4525
0.2667
0.6271
0.625
0.4958
0.37
0.5733
0.5746
0.685
0.4763
0.48
0.6775
0.7488
0.7671
0.8546
0.8746
0.8408
0.7617
0.8038
0.8188
0.8417
0.7092
0.5013
0.5635
0.6888
0.6163
0.8133
0.7375
0.7275
0.7758
0.8467
0.9338
0.9375
0.8158
0.6683
0.7471
0.6746
0.6
0.6283
0.8175
0.3533
0.4858
0.7467
0.8683
0.5929
0.6896
0.7563
0.785
0.8363
0.8438
0.8788
0.7267
0.7729
0.8417
0.8346
0.785
0.6113
0.6588
0.7938
0.6496
0.7746
0.8221
0.8125
0.6929
0.6275
0.7133
0.6846
0.6842
0.745
0.6138
0.7129
0.6858
0.6917
0.6708
0.6196
0.7413
0.7171
0.5938
0.7017
0.7088
0.6563
0.5958
0.6975
0.7504
0.8971
0.87
0.8925
0.8517
0.7746
0.7571
0.7213
0.755
0.8117
0.8371
0.7838
0.7208
0.7821
0.7963
0.7675
0.735
0.7617
0.8779
0.8642
0.7592
0.7425
0.6963
0.7333
0.7904
0.7517
0.6538
0.6246
0.6229
0.6313
0.7654
0.78
0.7758
0.5692
0.5725
0.6342
0.4742
0.6054
0.7392
0.7221
0.7088
0.7167
0.7617
0.7825
0.7429
0.7233
0.7888
0.7117
0.6538
0.7238
0.6496
0.5758
0.7246
0.8192
0.6175
0.5821
0.7342
0.725
0.7483
0.6121
0.6754
0.6804
0.7271
0.7013
0.7213
0.7683
0.6521
0.7554
0.7729
0.7833
0.7758
0.6838
0.6313
0.5563
0.6179
0.7121
0.7729
0.7329
0.6854
0.575
0.6046
0.6929
0.6996
0.7383
0.7467
0.6958
0.7
0.6804
0.7333
0.6908
0.7692
0.6704
0.7771
0.645
0.5774
0.6646
0.7429
0.7118
0.6917
0.7663
0.7317
0.7075
0.7613
0.7979
0.5875
0.6017
0.67
0.6771
0.7096
0.6246
0.6975
0.6892
0.7396
0.6896
0.7563
0.7288
0.6554
0.7325
0.7383
0.7321
0.7583
0.6971
0.8742
0.7304
0.7913
0.7329
0.6408
0.6571
0.6554
0.6921
0.6779
0.735
0.7013
0.7354
0.8163
0.8196
0.7946
0.7821
0.8854
0.7325
0.7488
0.7992
0.8367
0.7254
0.7321
0.7138
0.7454
0.6654
0.7446
0.7613
0.7733
0.8117
0.8104
0.8263
0.8179
0.8075
0.6313
0.7163
0.7246
0.7858
0.8438
0.9042
0.7763
0.7746
0.7979
0.7708
0.8475
0.7667
0.8096
0.7404
0.7438
0.7838
0.735
0.7583
0.8396
0.902
0.8721
0.8804
0.8771
0.8713
0.7792
0.7633
0.8554
0.8558
0.7038
0.8221
0.8021
0.6658
0.5779
0.6075
0.6046
0.7554
0.6692
0.6696
0.7892
0.8508
0.75
0.5658
0.553
0.7675
0.7908
0.7533
0.7038
0.4146
0.7721
0.8913
0.9125
0.6996
0.4742
0.5963
0.56
0.5896
0.6471
0.6275
0.6171
0.5829
0.5892
0.6404
0.6979
0.55
0.5492
0.6196
0.6833
0.6608
0.6792
0.7175
0.7967
0.8408
0.8192
0.7758
0.8333
0.7846
0.7563
0.7475
0.7825
0.8004
0.8429
0.9054
0.8525
0.7608
0.7692
0.765
0.8729
0.7658
0.4875
0.7446
0.6913
0.6292
0.7225
0.7183
0.765
0.8433
0.8448
0.8583
0.5438
0.7888
0.8538
0.8988
0.9075
0.8221
0.8229
0.8813
0.8458
0.6858
0.7679
0.905
0.7354
0.8725
0.8646
0.6288
0.6275
0.8363
0.8183
0.685
0.8933
0.7525
0.5229
0.5567
0.7238
0.7379
0.7721
0.8792
0.5804
0.7004
0.6779
0.6608
0.7583
0.6033
0.6467
0.6125
0.6929
0.5354
0.6629
0.6508
0.8177
-99
-99
0.7983
0.6908
0.6996
0.7579
0.7471
0.6608
0.7567
0.8146
0.8142
0.5508
0.6842
0.5892
0.5554
0.7513
0.5788
0.4908
0.6608
0.7067
0.62
0.72
0.6783
0.6025
0.66
0.6942
0.7154
0.6646
0.6788
0.5938
0.6683
0.7792
0.7813
0.8029
0.8204
0.8271
0.4475
0.5375
0.5346
0.6292
0.7113
0.7346
0.7158
0.9158
0.8908
0.9009
0.8154
0.9033
0.6348
0.7254
0.7123
0.8533
0.8138
0.7888
0.7775
0.8088
0.8083
0.7538
0.7015
0.6825
0.7175
0.7429
0.7483
0.7219
0.8194
0.8983
0.8431
0.7675
0.7113
0.5925
0.5696
0.5671
0.6117
0.7421
0.7627
0.7527
0.7073
0.6371
0.6858
0.6953
0.7877
0.7654
0.6538
0.714
0.7171
0.756
0.7479
0.7433
0.6996
0.7125
0.6675
0.681
0.6902
0.751
0.8802
0.8454
0.5785
0.5944
0.6627
0.6958
0.8454
0.7246
0.8035
0.7721
0.8488
0.7604
0.6327
0.6206
0.6946
0.7415
0.7077
0.8135
0.7454
0.6894
0.6102
0.6915
0.6517
0.5567
0.6373
0.6459
0.6331
0.6025
0.7094
0.7142
0.694
0.6994
0.6608
0.7575
0.7825
0.7525
0.665
0.6569
0.7527
0.7498
0.6623
0.6475
0.7163
0.7631
0.5746
0.7079
0.7321
0.8042
0.8369
0.7023
0.6856
0.6233
0.5675
0.706
0.7027
0.8117
0.7825
0.7144
0.7198
0.6583
0.7444
0.5375
0.6077
0.6269
0.7048
0.684
0.6994
0.7154
0.7219
0.8221
0.7415
0.6142
0.7167
0.7354
0.7346
0.7567
0.7925
0.689
0.7179
0.7835
0.7606
0.7248
0.774
0.7573
0.7208
0.6792
0.5944
0.756
0.6533
0.704
0.7421
0.7113
0.6817
0.705
0.8617
0.7783
0.7838
0.836
0.8206
0.7423
0.7746
0.8115
0.7088
0.6948
0.8106
0.8348
0.7338
0.7765
0.8323
0.8213
0.8231
0.8213
0.7156
0.7215
0.8325
0.7365
0.7725
0.8348
0.8042
0.8044
0.8463
0.8383
0.8256
0.801
0.7229
0.88
0.8788
0.8275
0.7688
0.7833
0.7227
0.8902
0.865
0.9048
0.8635
0.7983
0.7863
0.8542
0.8385
0.8713
0.8623
0.8525
0.8702
0.8844
0.8163
0.8467
0.8023
0.8075
0.7263
0.7794
0.7896
0.831
0.8388
0.8117
0.7865
0.7196
0.626
0.6094
0.7413
0.8121
0.8579
0.7954
0.825
0.8715
0.825
0.8425
0.844
0.8381
0.7196
0.7352
0.6867
0.7298
0.8827
0.7596
0.8021
0.892
0.7675
0.7808
0.8606
0.6648
0.5413
0.6181
0.7329
0.7844
0.779
0.8038
0.8388
0.8229
0.7848
0.8875
0.9398
0.8985
0.8823
0.9138
0.8783
0.86
0.7075
0.7846
0.8906
0.7364
0.6958
0.596
0.7158
0.426
0.5277
0.734
0.8377
0.8631
0.8313
0.8875
0.7202
0.8042
0.7594
0.7877
0.77
0.7588
0.8363
0.846
0.731
0.6681
0.7133
0.7052
0.4783
0.4088
0.4631
0.6083
0.7215
0.6054
0.5142
0.639
0.8275
0.8073
0.8067
0.7654
0.7317
0.7727
0.7431
0.7658
0.8458
0.8131
0.8769
0.766
0.7079
0.7281
0.9085
0.7435
0.7113
0.7188
0.5544
0.4221
0.3485
0.546
0.6985
0.7104
0.664
0.5429
0.6296
0.5254
0.6154
0.8094
0.7535
0.4344
0.4238
0.5865
0.5483
0.6556
0.6527
0.6325
0.7663
0.7623
0.6748
0.7621
0.6892
0.6446
0.6344
0.7267
0.815
0.7963
0.4283
0.6929
0.5204
0.5519
0.8198
0.6704
0.6177
0.7206
0.7198
0.7765
0.8331
0.3946
0.5854
0.7417
0.7783
0.7765
0.7531
0.8246
0.7665
0.8029
0.7225
0.7429
0.7692
0.7548
0.7767
0.6229
0.6848
0.9077
0.7231
0.7927
0.8438
0.7975
0.6338
0.7244
0.7569
0.7535
0.6967
0.7642
0.7927
0.7233
0.8138
0.8058
0.6731
0.6133
0.695
0.6596
0.7004
0.725
0.7571
0.6354
0.6581
0.6706
0.5694
0.8131
0.7919
0.8056
0.809
0.809
0.7183
0.7002
0.715
0.7946
0.8681
0.8758
0.676
0.6408
0.8056
0.8006
0.84
0.7223
0.7423
0.8233
0.7531
0.7158
0.6923
0.784
0.7142
0.7615
0.7242
0.6979
0.7996
0.7806
0.5367
0.4908
0.634
0.6952
0.8044
0.8325
0.7721
0.6604
0.659
0.6448
0.646
0.6681
0.7333
0.7767
0.7721
0.7056
0.7292
0.6767
0.7419
0.681
0.5952
0.5042
0.5994
0.551
0.5823
0.6221
0.6479
0.709
0.7335
0.7827
0.6802
0.7402
0.7181
0.6552
0.6946
0.6975
0.7052
0.7327
0.7371
0.6094
0.6542
0.7015
0.7696
0.7525
0.7048
0.5754
0.591
0.6273
0.6375
0.5565
0.5813
0.5456
0.5281
0.6352
0.7298
0.6133
0.7323
0.7425
0.7369
0.734
0.7173
0.6894
0.6488
0.7338
0.7044
0.6935
0.761
0.7283
0.6319
0.6894
0.7583
0.7323
0.7117
0.7469
0.784
0.7623
0.7156
0.7052
0.7415
0.7325
0.7804
0.756
0.725
0.7669
0.7708
0.7877
0.6706
0.7004
0.7096
0.7869
0.7763
0.6752
0.7023
0.6944
0.6933
0.7788
0.6988
0.77
0.795
0.7975
0.7477
0.5527
0.674
0.7732
0.7621
0.7763
0.7752
0.765
0.7348
0.6813
0.7844
0.7221
0.7977
0.6638
0.7283
0.7302
0.6667
0.6683
0.859
0.8163
0.8513
0.8244
0.5985
0.7827
0.7471
0.5519
0.6625
0.7223
0.7363
0.7735
0.7713
0.6752
0.7202
0.7469
0.805
0.7583
0.7319
0.765
0.8088
0.7017
0.8027
0.8502
0.7885
0.8277
0.6544
0.7633
0.785
0.7846
0.7863
0.8333
0.854
0.8919
0.7369
0.6342
0.7763
0.804
0.8133
0.8733
0.8148
0.684
0.6185
0.7152
0.828
0.8025
0.8696
0.9167
0.6615
0.7438
0.7892
0.7721
0.704
0.8754
0.8771
0.8602
0.8533
0.8854
0.9131
0.8931
0.8815
0.8246
0.8467
0.8469
0.7738
0.7748
0.8058
0.6615
0.6683
0.7138
0.7394
0.7192
0.4685
0.5525
0.5221
0.4985
0.7229
0.7865
0.7552
0.7625
0.6719
0.7377
0.7719
0.7725
0.8198
0.8604
0.8179
0.8581
0.9038
0.9135
0.854
0.8602
0.8583
0.8633
0.8344
0.8146
0.8156
0.8079
0.8456
0.8663
0.8825
0.8069
0.7563
0.8373
0.8177
0.8027
0.8708
0.8802
0.8913
0.8296
0.8385
0.8085
0.7904
0.8735
0.6829
0.645
0.7906
0.7227
0.5327
0.6121
0.7454
0.7204
0.64
0.5175
0.4258
0.6229
0.6813
0.6771
0.3298
0.5488
0.6319
0.7467
0.7198
0.7683
0.8404
0.795
0.8383
0.845
0.8498
0.8315
0.844
0.776
0.7394
0.7563
0.7552
0.8406
0.7579
0.6315
0.6417
0.8021
0.6673
0.6625
0.5681
0.6023
0.9283
0.8315
0.7002
0.6171
0.6327
0.4779
0.5106
0.5544
0.7092
0.6606
0.5852
0.6331
0.7146
0.7492
0.6452
0.6554
0.8054
0.7077
0.4958
0.5035
0.4696
0.4644
0.734
0.4625
0.5652
0.5963
0.7002
0.7415
0.5773
0.63
0.6221
0.6281
0.7588
0.8146
0.7685
0.7627
0.8102
0.8492
0.8573
0.8273
0.7994
0.6038
0.6823
0.789
0.7923
0.7721
0.7179
0.6708
0.8296
0.6569
0.8477
0.7388
0.8183
0.8683
0.89
0.7663
0.6877
0.7404
0.6102
0.8117
0.7656
0.7285
0.6608
0.6498
0.7965
0.7029
0.6367
0.7406
0.6677
0.5406
0.8477
0.8631
0.7588
0.721
0.63
0.7046
0.7548
0.8075
0.7558
0.8371
0.4592
0.5271
0.7144
0.7131
0.6904
0.7598
0.8246
0.8975
0.931
0.8604
0.789
0.7213
0.6988
0.6981
0.6979
0.6446
0.731
0.7944
0.7075
0.7325
0.7794
0.8133
0.5598
0.7188
0.7438
0.7594
0.751
0.8033
0.6092
0.664
0.6473
0.6204
0.695
0.7108
0.66
0.6842
0.7173
0.6713
0.7117
0.6035
0.5723
0.671
0.7225
0.7646
0.5613
0.7213
0.5127
0.6054
0.734
0.649
0.6667
0.6746
0.6454
0.5496
0.6608
0.7004
0.71
0.7238
0.7496
0.6994
0.7265
0.7254
0.7175
0.7508
0.7148
0.649
0.665
0.7679
0.6856
0.6275
0.6608
0.7181
0.6906
0.6463
0.5879
0.6442
0.6881
0.6773
0.69
0.7102
0.7715
0.7681
0.7488
0.6779
0.6846
0.7133
0.736
0.7504
0.7363
0.7606
0.7704
0.7421
0.6577
0.7269
0.7588
0.6554
0.6925
0.6354
0.6263
0.5713
0.6148
0.6883
0.6117
0.674
0.6994
0.7315
0.7127
0.7613
0.7594
0.7256
0.7694
0.7173
0.6142
0.6981
0.6717
0.5929
0.5883
0.7183
0.7233
0.7621
0.7869
0.7873
0.72
0.6471
0.7446
0.7833
0.7471
0.6883
0.67
0.6723
0.7256
0.736
0.7183
0.7396
0.765
0.7392
0.7031
0.5877
0.63
0.6548
0.6963
0.6235
0.7038
0.7348
0.741
0.7973
0.7677
0.7625
0.7708
0.6902
0.6969
0.7717
0.7827
0.8119
0.8133
0.7885
0.8229
0.7252
0.8527
0.8044
0.7977
0.7094
0.7931
0.7023
0.7721
0.9271
0.8033
0.8175
0.8113
0.8338
0.8013
0.8229
0.8175
0.7765
0.865
0.8719
0.9004
0.9017
0.8929
0.8606
0.8892
0.8502
0.8485
0.8798
0.8288
0.7856
0.8252
0.8346
0.7844
0.6075
0.671
0.5856
0.5623
0.6308
0.7354
0.8275
0.7633
0.6681
0.6975
0.7531
0.7688
0.8417
0.7683
0.7738
0.9121
0.9063
0.8675
0.7367
0.7546
0.8123
0.9029
0.8379
0.8033
0.7367
0.8242
0.7865
0.7863
0.8275
0.8427
0.8151
0.8111
0.7935
0.7858
0.8102
0.7802
0.736
0.79
0.8554
0.7989
0.855
0.7692
0.7304
0.7992
0.716
0.6983
0.7085
0.7552
0.7944
0.735
0.7913
0.7948
0.7944
0.711
0.7871
0.8102
0.8004
0.7546
0.7315
0.6969
0.6875
0.72
0.6877
0.5842
0.6588
0.7348
0.7265
0.8035
0.5142
0.4473
0.4823
0.6863
0.4629
0.44
0.5117
0.7723
0.6896
0.7213
0.8148
0.7142
0.7569
0.7702
0.8906
0.8846
0.7979
0.8285
0.8954
0.9098
0.8671
0.6815
0.7333
0.5613
0.5079
0.7694
0.7244
0.6533
0.7373
0.8052
0.8542
0.89
0.845
0.8283
0.8758
0.8683
0.8648
0.8085
0.7583
0.7515
0.6854
0.7229
0.9371
0.7635
0.839
0.7975
0.6927
-99
0.7121
0.8225
0.6621
0.7102
0.5533
0.5606
0.8285
0.8702
0.7783
0.7744
0.811
0.7238
0.7021
0.7263
0.7527
0.6277
0.7348
0.7677
0.7283
0.8042
0.7613
0.6117
0.8067
0.7765
0.7677
0.8292
0.8079
0.7432
0.7764
0.8115
0.8448
0.7273
0.6658
0.6408
0.7579
0.761
0.725
0.7488
0.7631
0.6938
0.759
0.7729
0.8094
0.7258
0.7533
0.7242
0.7898
0.7858
0.4827
0.5683
0.5935
0.6938
0.704
0.7642
0.8073
0.9058
0.8931
0.6888
0.6829
0.7815
0.6246
0.7417
0.806
0.8167
0.7027
0.5896
0.7408
0.7585
0.7842
0.8048
0.8269
0.6752
0.6369
0.6583
0.6502
0.6804
0.6229
0.6994
0.6113
0.6475
0.7569
0.751
0.7077
0.59
0.6085
0.7552
0.7513
0.6885
0.5815
0.6825
0.6254
0.6544
0.7344
0.726
0.7948
0.7769
0.715
0.8052
0.7773
0.7777
0.6863
0.6346
0.5765
0.6181
0.5823
0.5694
0.6071
0.7081
0.7115
0.785
0.7092
0.6571
0.6688
0.6802
0.7158
0.7808
0.664
0.7756
0.6348
0.549
0.5327
0.5306
0.5344
0.6525
0.6471
0.6879
0.7394
0.6792
0.6485
0.7085
0.7765
0.7446
0.7744
0.7731
0.7763
0.7317
0.6985
0.675
0.7138
0.7418
0.6692
0.694
0.7442
0.759
0.7104
0.6708
0.6152
0.7527
0.7569
0.7598
0.7044
0.7669
0.819
0.7046
0.7117
0.6758
0.6679
0.7175
0.6944
0.7296
0.6548
0.6258
0.571
0.6435
0.6796
0.714
0.7592
0.7131
0.6425
0.7152
0.7556
0.7781
0.7533
0.7685
0.7463
0.7592
0.7529
0.7729
0.7892
0.7615
0.6869
0.6685
0.8277
0.711
0.524
0.7008
0.7542
0.7415
0.7852
0.7063
0.7035
0.7919
0.5829
0.6367
0.7985
0.7269
0.7646
0.875
0.6779
0.6429
0.6865
0.6565
0.684
0.7219
0.8163
0.7848
0.8246
0.7852
0.7063
0.7367
0.7617
0.7977
0.8167
0.8504
0.7883
0.8083
0.8348
0.8217
0.7725
0.6371
0.7154
0.7494
0.7885
0.8067
0.8092
0.8148
0.8198
0.8113
0.7688
0.755
0.8394
0.9423
0.8683
0.8265
0.5944
0.6729
0.6704
0.7813
0.8556
0.8367
0.7552
0.5877
0.6892
0.796
0.8019
0.8367
0.8454
0.8346
0.6419
0.3227
0.4519
0.5846
0.6398
0.6731
0.7127
0.6979
0.4144
0.4402
0.594
0.7092
0.619
0.6783
0.6944
0.6717
0.6694
0.794
0.8533
0.774
0.7569
0.571
0.6529
0.6015
0.6575
0.5333
0.6821
0.3796
0.3152
0.5006
0.6856
0.7483
0.7398
0.6438
0.7283
0.7554
0.7208
0.6929
0.6402
0.6844
0.679
0.54
0.5154
0.661
0.6883
0.6617
0.6721
0.6585
0.7448
0.7854
0.7888
0.739
0.5867
0.6606
0.7888
0.6719
0.6975
0.4417
0.639
0.6171
0.5283
0.5996
0.7852
0.8279
0.7581
0.6694
0.6038
0.5469
0.6469
0.7567
0.755
0.704
0.5871
0.6364
0.7146
0.7629
0.6519
0.5458
0.6244
0.7981
0.8329
0.8502
0.9246
0.7194
0.7083
0.7798
0.8033
0.789
0.8204
0.6531
0.4898
0.846
0.9377
0.8129
0.5885
0.7198
0.6792
0.4502
0.6548
0.8817
0.6981
0.7463
0.8269
0.8856
0.8894
0.7277
0.7948
0.8129
0.6777
0.6502
0.7277
0.6948
0.6858
0.731
0.7208
0.9002
0.9008
0.5904
0.7221
0.8335
0.8119
0.6235
0.5729
0.7627
0.8717
0.8596
0.7754
0.5313
0.7513
0.8383
0.6994
0.6252
0.7006
0.7083
0.6444
0.7215
0.3842
0.45
0.5271
0.8738
0.7315
0.736
0.7229
0.7185
0.7829
0.7075
0.4583
0.604
0.7104
0.8121
0.6423
0.7175
0.7756
0.6956
0.8302
0.7938
0.7638
0.7915
0.7669
0.8858
0.8502
0.7077
0.8281
0.741
0.619
0.6869
0.7083
0.6877
0.73
0.699
0.6642
0.6969
0.7804
0.7685
0.7902
0.7373
0.6123
0.7981
0.7156
0.7365
0.6552
0.7633
0.8354
0.8577
0.8823
0.8477
0.8125
0.8165
0.8723
0.6583
0.6269
0.6517
0.6842
0.6288
0.6669
0.6592
0.6819
0.6906
0.72
0.7754
0.7102
0.6169
0.7506
0.6863
0.7671
0.7529
0.7208
0.7129
0.7422
0.7663
0.9029
0.8315
0.8121
0.8235
0.8081
0.811
0.7048
0.6442
0.6823
0.5785
0.6081
0.679
0.6271
0.6896
0.7002
0.6598
0.606
0.6394
0.6148
0.6385
0.6544
0.624
0.6327
0.6748
0.6915
0.7348
0.7238
0.6525
0.7225
0.7808
0.7352
0.7032
0.6248
0.6454
0.7117
0.5767
0.6438
0.676
0.6846
0.6258
0.5406
0.5321
0.6952
0.7467
0.6713
0.7115
0.674
0.6565
0.6433
0.716
0.7352
0.736
0.5565
0.5602
0.7067
0.7371
0.7521
0.72
0.6754
0.5994
0.5746
0.5302
0.5748
0.5446
0.6715
0.7525
0.7254
0.801
0.6646
0.6602
0.7204
0.6981
0.7358
0.6729
0.7163
0.7335
0.6417
0.5954
0.6152
0.5992
0.5983
0.6521
0.6381
0.6385
0.7065
0.769
0.7763
0.7513
0.6856
0.8467
0.779
0.6981
0.8038
0.8219
0.7785
0.8152
0.79
0.801
0.7923
0.7933
0.7323
0.791
0.7908
0.7758
0.756
0.8192
0.7865
0.8633
0.8288
0.7744
0.7833
0.7996
0.8019
0.7965
0.616
0.6358
0.7194
0.6765
0.6677
0.7392
0.6156
0.45
0.5448
0.6519
0.7058
0.7846
0.7063
0.7377
0.7948
0.8398
0.8508
0.87
0.9031
0.8579
0.7671
0.7563
0.7583
0.7925
0.7838
0.8067
0.8271
0.794
0.7544
0.6456
0.7117
0.819
0.8994
0.8304
0.5848
0.7254
0.8517
0.7952
0.7756
0.7073
0.7223
0.819
0.7065
0.7381
0.8175
0.8206
0.8079
0.8696
0.8956
0.8027
0.8435
0.9028
0.8697
0.7746
0.8192
0.7785
0.8702
0.8077
0.7919
0.8727
0.7848
0.7896
0.751
0.7035
0.7438
0.8425
0.8175
0.7548
0.741
0.7594
0.7988
0.8796
0.7792
0.7708
0.7733
0.7213
0.7342
0.819
0.8173
0.8835
0.831
0.7881
0.7458
0.6244
0.8119
0.6806
0.7346
0.7788
0.7469
0.811
0.7796
0.8248
0.8767
0.7908
0.8056
0.7498
0.6629
0.6779
0.7504
0.6423
0.7098
0.7296
0.6335
0.4473
0.5531
0.6315
0.6958
0.5398
0.5346
0.6233
0.6969
0.7196
0.7923
0.8304
0.763
0.7798
0.7681
0.9031
0.8092
0.6802
0.6931
0.3596
0.6083
0.775
0.6215
0.5658
0.7106
0.525
0.7296
0.7575
0.5267
0.2521
0.481
0.7035
0.8135
0.8598
0.8413
0.8498
0.7119
0.6754
0.7204
0.7404
0.7952
0.7904
0.6898
0.736
0.7863
0.7333
0.7421
0.8198
0.7335
0.6798
0.775
0.7971
0.7156
0.8019
0.7825
0.7892
0.7927
0.7517
0.6142
0.7335
0.8492
0.579
0.6352
0.6804
0.7529
0.7883
0.7973
0.8233
0.6117
0.6171
0.7904
0.796
0.5885
0.6188
0.6271
0.5785
0.4869
0.4598
0.4648
0.5896
0.5554
0.619
0.6371
0.6467
0.6854
0.7177
0.6429
0.7769
0.8283
0.5842
0.7646
0.6635
0.704
0.7685
0.8206
0.7533
0.5683
0.6094
0.6919
0.7356
0.6565
0.6956
0.7833
0.6852
0.5585
0.4875
0.5556
0.6113
0.8371
0.7098
0.786
0.5752
0.6865
0.7588
0.7769
0.8167
0.7927
0.7533
0.876
0.7463
0.5229
0.6325
0.8263
0.8658
0.7177
0.7285
0.7683
0.6746
0.6506
0.7467
0.6719
0.6919
0.8625
0.754
0.7396
0.7338
0.7563
0.7767
0.7806
0.9074
-99
-99
0.666
0.7496
0.6992
0.7413
0.5904
0.6546
0.6254
0.7019
0.7319
0.6669
0.7571
0.729
0.5175
0.5592
0.6106
0.8815
0.7738
0.6396
0.5823
0.76
0.6958
0.7194
0.6951
0.7469
0.7681
0.6988
0.6923
0.7556
0.6429
0.6908
0.5154
0.5533
0.5185
0.595
0.765
0.764
0.7231
0.6854
0.6485
0.6852
0.7575
0.7602
0.709
0.6292
0.6198
0.6852
0.7625
0.6646
0.6402
0.6623
0.6548
0.7194
0.6713
0.7296
0.7446
0.7194
0.6508
0.665
0.7208
0.7156
0.6079
0.7998
0.5967
0.7427
0.7054
0.6527
0.56
0.5398
0.621
0.7167
0.581
0.7475
0.7794
0.7579
0.7475
0.7408
0.7115
0.725
0.5929
0.6854
0.7535
0.8688
0.8069
0.8123
0.7323
0.629
0.6908
0.6894
0.6838
0.6642
0.7183
0.7021
0.7902
0.6963
0.6723
0.6473
0.6344
0.6867
0.6792
0.6979
0.7229
0.6531
0.5388
0.6581
0.7344
0.7175
0.9019
0.6765
0.6144
0.6498
0.601
0.6452
0.6117
0.6927
0.7423
0.7398
0.7504
0.8417
0.8148
0.7392
0.7842
0.754
0.7633
0.841
0.7673
0.825
0.7879
0.8146
0.6738
0.6348
0.706
0.7796
0.8165
0.6133
0.7369
0.834
0.815
0.8185
0.8488
0.8408
0.8654
0.5719
0.6774
0.7154
0.7588
0.8131
0.7481
0.7398
0.8673
0.8058
0.7248
0.7558
0.7429
0.8273
0.8785
0.8648
0.8058
0.8117
0.8127
0.8256
0.5519
0.625
0.5185
0.594
0.6594
0.529
0.6204
0.706
0.5963
0.5977
0.81
0.8619
0.7142
0.6867
0.7106
0.7219
0.6725
0.7646
0.7552
0.8513
0.6488
0.6627
0.766
0.816
0.6388
0.6921
0.8023
0.8779
0.7963
0.8229
0.7048
0.8767
0.8463
0.8298
0.8379
0.8131
0.6498
0.7483
0.7517
0.6054
0.5958
0.6002
0.7935
0.8477
0.8854
0.8335
0.876
0.9015
0.775
0.4713
0.5867
0.7458
0.8154
0.7871
0.7529
0.8215
0.8335
0.7827
0.7804
0.8129
0.8302
0.774
0.6869
0.7148
0.8002
0.7652
0.7867
0.8635
0.9002
0.7613
0.7713
0.7644
0.7938
0.7898
0.8094
0.6896
0.6813
0.5133
0.5677
0.9308
0.8915
0.8756
0.8542
0.8527
0.8263
0.7594
0.7075
0.84
0.8619
0.8177
0.8535
0.8427
0.8169
0.7771
0.684
0.7933
0.8408
0.8725
0.8538
0.7931
0.8619
0.8908
0.8965
0.8898
0.8788
0.8381
0.8675
0.7354
0.7331
0.813
0.7265
0.8075
0.8294
0.7533
0.8625
0.6119
0.6079
0.7721
0.8775
0.71
0.5433
0.5435
0.7258
0.6727
0.4688
0.5683
0.7308
0.6896
0.7075
0.8158
0.8685
0.8685
0.7971
0.8281
0.8867
0.7663
0.8313
0.8177
0.789
0.765
0.8569
0.8519
0.6688
0.6146
0.7056
0.6585
0.6325
0.7077
0.8167
0.7571
0.8885
0.7277
0.7683
0.785
0.7652
0.7679
0.7671
0.6823
0.771
0.7065
0.7779
0.6756
0.8917
0.8058
0.8298
0.7698
0.8763
0.8531
0.9715
0.959
0.9769
0.7781
0.7592
0.8188
0.7838
0.8338
0.8558
0.7246
0.6906
0.6465
0.6375
0.7363
0.7806
0.7806
0.8163
0.7317
0.6731
0.7208
0.8248
0.8948
0.7283
0.7608
0.7344
0.8923
0.7738
0.8123
0.7585
0.7496
0.6831
0.7285
0.6565
0.725
0.6996
0.751
0.6881
0.6288
0.6379
0.7292
0.7258
0.755
0.7183
0.7467
0.7652
0.7948
0.7725
0.6442
0.7871
0.81
0.6906
0.7538
0.7508
0.8158
0.6698
0.5867
0.7333
0.749
0.7438
0.6873
0.7902
0.7227
0.7844
0.7825
0.7465
0.7604
0.73
0.6471
0.5985
0.7306
0.75
0.749
0.7658
0.7158
0.7246
0.7467
0.7133
0.7338
0.7267
0.7275
0.6975
0.666
0.6038
0.6867
0.6798
0.6867
0.6498
0.6383
0.8156
0.7635
0.7588
0.7656
0.7785
0.7469
0.6771
0.6283
0.6758
0.7271
0.7731
0.7369
0.7015
0.7179
0.6004
0.6821
0.6694
0.6844
0.6535
0.7408
0.7148
0.7333
0.7175
0.6715
0.6458
0.676
0.6935
0.7119
0.7771
0.721
0.7548
0.7517
0.7115
0.7152
0.7475
0.7656
0.7823
0.7231
0.7667
0.7465
0.7454
0.786
0.7856
0.7563
0.8335
0.6708
0.6358
0.6748
0.669
0.7092
0.7402
0.7425
0.7077
0.8004
0.6615
0.8931
0.8271
0.7406
0.6942
0.674
0.7646
0.8294
0.8246
0.7963
0.8288
0.8217
0.6954
0.8371
0.809
0.786
0.7198
0.4196
0.516
0.5315
0.6021
0.7244
0.7956
0.7877
0.7675
0.5131
0.5627
0.6413
0.6842
0.7585
0.8896
0.8877
0.9456
0.72
0.495
0.6215
0.7258
0.6673
0.6135
0.6473
0.7392
0.7981
0.8352
0.8725
0.8723
0.734
0.6921
0.7156
0.5581
0.6035
0.7077
0.8383
0.8267
0.8469
0.8883
0.8704
0.86
0.8475
0.7135
0.8531
0.9139
0.8712
0.851
0.8314
0.8285
0.8769
0.8544
0.8383
0.8525
0.8219
0.8325
0.879
0.801
0.6879
0.6521
0.7758
0.7906
0.8185
0.8465
0.8525
0.895
0.8919
0.7933
0.8671
0.8065
0.6504
0.67
0.6875
0.6533
0.6569
0.7031
0.706
0.5685
0.7179
0.9027
0.6098
0.7438
0.8692
0.8767
0.8342
0.8267
0.9725
0.9319
0.8508
0.8548
0.8525
0.9094
0.8331
0.4858
0.4427
0.6508
0.4802
0.5117
0.5594
0.6858
0.81125
0.699375
0.596875
0.690416666666667
0.742083333333333
0.717291666666667
0.718333333333333
0.655208333333333
0.812291666666667
0.834583333333333
0.696666666666667
0.630833333333333
0.69375
0.732083333333333
0.770625
0.725833333333333
0.7075
0.841458333333333
0.86
0.843541666666667
0.843333333333333
0.635625
0.585208333333333
0.570833333333333
0.662708333333333
0.821041666666667
0.741041666666667
0.863125
0.801875
0.66375
0.531875
0.5175
0.690416666666667
0.84125
0.869791666666667
0.840416666666667
0.811041666666667
0.684791666666667
0.724375
0.718333333333333
0.589791666666667
0.718958333333333
0.83
0.863333333333333
0.822291666666667
0.828333333333333
0.851041666666667
0.88125
0.876458333333333
0.899166666666667
0.846875
0.814166666666667
0.929583333333333
0.871041666666667
0.873125
0.859375
0.849166666666667
0.85375
0.776875
0.742083333333333
0.787708333333333
0.850833333333333
0.866666666666667
0.8775
0.794166666666667
0.842708333333333
0.864583333333333
0.76375
0.654583333333333
0.81875
0.799791666666667
0.786666666666667
0.707916666666667
0.683541666666667
0.744791666666667
0.720416666666667
0.760416666666667
0.879375
0.517708333333333
0.6425
0.700416666666667
0.764791666666667
0.809583333333333
0.841875
0.809791666666667
0.817291666666667
0.768333333333333
0.604583333333333
0.709791666666667
0.72
0.580833333333333
0.563125
0.654166666666667
0.713958333333333
0.738125
0.713541666666667
0.646875
0.635833333333333
0.753333333333333
0.859166666666667
0.919791666666667
0.783333333333333
0.76875
0.710416666666667
0.624583333333333
0.597708333333333
0.663333333333333
0.604583333333333
0.754791666666667
0.786458333333333
0.835208333333333
0.758958333333333
0.683958333333333
0.728125
0.630833333333333
0.674375
0.7925
0.8225
0.836666666666667
0.816041666666667
0.832083333333333
0.754375
0.683125
0.706666666666667
0.8075
0.835625
0.8075
0.777291666666667
0.7975
0.873125
0.641875
0.681041666666667
0.650833333333333
0.747083333333333
0.784166666666667
0.723541666666667
0.783333333333333
0.849375
0.817291666666667
0.74375
0.834583333333333
0.737916666666667
0.733125
0.738541666666667
0.72
0.748958333333333
0.784375
0.707291666666667
0.621875
0.65625
0.685625
0.783125
0.771666666666667
0.761041666666667
0.762083333333333
0.719791666666667
0.629791666666667
0.707708333333333
0.747083333333333
0.641041666666667
0.5125
0.483333333333333
0.499166666666667
0.520208333333333
0.555833333333333
0.524166666666667
0.582291666666667
0.779791666666667
0.723541666666667
0.782916666666667
0.669791666666667
0.622916666666667
0.624166666666667
0.695625
0.569791666666667
0.721666666666667
0.749166666666667
0.724583333333333
0.732916666666667
0.7
0.660208333333333
0.737083333333333
0.718333333333333
0.741666666666667
0.752916666666667
0.707916666666667
0.749791666666667
0.6025
0.564791666666667
0.649791666666667
0.686041666666667
0.68625
0.725833333333333
0.472708333333333
0.563333333333333
0.671041666666667
0.718541666666667
0.73875
0.705416666666667
0.624375
0.728333333333333
0.727916666666667
0.69875
0.685833333333333
0.699583333333333
0.664791666666667
0.621458333333333
0.68375
0.714583333333333
0.702916666666667
0.749375
0.706875
0.625416666666667
0.700625
0.72375
0.740833333333333
0.741458333333333
0.782291666666667
0.729583333333333
0.63
0.631666666666667
0.5825
0.536041666666667
0.67125
0.664791666666667
0.668958333333333
0.79
0.734375
0.573333333333333
0.603333333333333
0.786041666666667
0.761458333333333
0.790625
0.757291666666667
0.762291666666667
0.766041666666667
0.671875
0.750208333333333
0.774791666666667
0.651458333333333
0.65125
0.863958333333333
0.810625
0.708333333333333
0.726458333333333
0.72625
0.785208333333333
0.830208333333333
0.840416666666667
0.814166666666667
0.811041666666667
0.747083333333333
0.80375
0.785625
0.845
0.860625
0.836041666666667
0.78875
0.762916666666667
0.753958333333333
0.845208333333333
0.59625
0.690416666666667
0.651666666666667
0.623125
0.73
0.736458333333333
0.823125
0.732083333333333
0.777083333333333
0.802083333333333
0.803125
0.791041666666667
0.801875
0.800416666666667
0.768125
0.897291666666667
0.735208333333333
0.78875
0.755208333333333
0.746666666666667
0.866666666666667
0.772083333333333
0.7725
0.729166666666667
0.71
0.739583333333333
0.810416666666667
0.811875
0.838541666666667
0.858541666666667
0.836666666666667
0.793125
0.845625
0.814791666666667
0.740416666666667
0.699791666666667
0.792708333333333
0.78125
0.741666666666667
0.798125
0.884166666666667
0.952291666666667
0.901666666666667
0.72
0.63
0.669791666666667
0.76
0.762916666666667
0.553541666666667
0.59125
0.704791666666667
0.656458333333333
0.812291666666667
0.819375
0.78
0.7625
0.801875
0.86125
0.785416666666667
0.769375
0.758125
0.812708333333333
0.855833333333333
0.826875
0.773125
0.852708333333333
0.897083333333333
0.838958333333333
0.729375
0.686041666666667
0.605
0.686666666666667
0.810833333333333
0.822708333333333
0.57625
0.686875
0.692291666666667
0.57125
0.679166666666667
0.854375
0.541458333333333
0.605833333333333
0.588958333333333
0.829166666666667
0.82875
0.9075
0.870416666666667
0.806875
0.854791666666667
0.830416666666667
0.868541666666667
0.883541666666667
0.744583333333333
0.819166666666667
0.902291666666667
0.979791666666667
0.9675
0.946041666666667
0.846041666666667
0.670416666666667
0.575208333333333
0.642291666666667
0.79875
0.870625
0.948958333333333
0.904375
0.944375
0.894166666666667
0.796041666666667
0.561875
0.652708333333333
0.759166666666667
0.606041666666667
0.901666666666667
0.926458333333333
0.84875
0.780625
0.735625
0.64
0.593541666666667
0.591875
0.737291666666667
0.844791666666667
0.744166666666667
0.717916666666667
0.640416666666667
0.758333333333333
0.829791666666667
0.841875
0.7975
0.723333333333333
0.541875
0.626666666666667
0.647083333333333
0.681875
0.687708333333333
0.710625
0.798958333333333
0.868958333333333
0.877916666666667
0.640625
0.676875
0.791458333333333
0.864166666666667
0.869791666666667
0.784166666666667
0.89875
0.881041666666667
0.719166666666667
0.627708333333333
0.739166666666667
0.764791666666667
0.900625
0.852916666666667
0.7125
0.703541666666667
0.711875
0.831458333333333
0.885
0.828541666666667
0.77
0.771041666666667
0.707708333333333
0.784375
0.916458333333333
0.824791666666667
0.792291666666667
0.568541666666667
0.866666666666667
0.783125
0.95125
0.89125
0.915416666666667
0.922291666666667
0.938333333333333
0.889375
0.809166666666667
0.89125
0.815833333333333
0.709166666666667
0.600625
0.751875
0.8225
0.771875
0.672291666666667
0.699791666666667
0.668333333333333
0.657291666666667
0.68375
0.603125
0.66
0.725833333333333
0.850208333333333
0.81625
0.397708333333333
0.43875
0.646666666666667
0.623333333333333
0.60375
0.637291666666667
0.661041666666667
0.616041666666667
0.617083333333333
0.75875
0.806666666666667
0.83125
0.955625
0.625
0.5975
0.674375
0.712083333333333
0.810416666666667
0.821875
0.811875
0.978541666666667
0.853958333333333
0.78375
0.646875
0.790208333333333
0.742083333333333
0.67625
0.634791666666667
0.659791666666667
0.707083333333333
0.707291666666667
0.657291666666667
0.783333333333333
0.785208333333333
0.784791666666667
0.680625
0.693333333333333
0.715625
0.663958333333333
0.677291666666667
0.777291666666667
0.74875
0.728541666666667
0.647916666666667
0.680208333333333
0.697708333333333
0.780625
0.794166666666667
0.795416666666667
0.702083333333333
0.594583333333333
0.682708333333333
0.764166666666667
0.866041666666667
0.741875
0.558541666666667
0.638541666666667
0.631875
0.685416666666667
0.581875
0.62125
0.803541666666667
0.759375
0.831666666666667
0.813125
0.750833333333333
0.741666666666667
0.723125
0.732916666666667
0.719791666666667
0.788541666666667
0.718541666666667
0.678125
0.592708333333333
0.573958333333333
0.605416666666667
0.635416666666667
0.436041666666667
0.616458333333333
0.753541666666667
0.761458333333333
0.808541666666667
0.857916666666667
0.735
0.642708333333333
0.756875
0.820625
0.689791666666667
0.5925
0.724166666666667
0.704791666666667
0.609166666666667
0.618958333333333
0.5975
0.535625
0.635416666666667
0.709166666666667
0.576666666666667
0.62375
0.619791666666667
0.644166666666667
0.643958333333333
0.6
0.662708333333333
0.66375
0.596041666666667
0.505625
0.559791666666667
0.720833333333333
0.750208333333333
0.692083333333333
0.688125
0.758958333333333
0.777916666666667
0.768125
0.717291666666667
0.667916666666667
0.739583333333333
0.754791666666667
0.743125
0.626875
0.612291666666667
0.624583333333333
0.645833333333333
0.644791666666667
0.673958333333333
0.730208333333333
0.667291666666667
0.6
0.607916666666667
0.611458333333333
0.623125
0.66
0.728333333333333
0.724375
0.65875
0.665416666666667
0.777083333333333
0.771666666666667
0.776041666666667
0.666041666666667
0.740208333333333
0.808541666666667
0.7925
0.750208333333333
0.762291666666667
0.671875
0.678125
0.716458333333333
0.74625
0.772083333333333
0.738333333333333
0.851041666666667
0.716041666666667
0.744375
0.74375
0.790625
0.814791666666667
0.806041666666667
0.772916666666667
0.621875
0.663125
0.702708333333333
0.785833333333333
0.805
0.648541666666667
0.752916666666667
0.724375
0.744583333333333
0.592708333333333
0.611666666666667
0.747291666666667
0.728125
0.67
0.609791666666667
0.762291666666667
0.791666666666667
0.669375
0.568958333333333
0.587916666666667
0.540833333333333
0.61
0.603958333333333
0.641875
0.711041666666667
0.776458333333333
0.769583333333333
0.79125
0.719375
0.860625
0.838125
0.841458333333333
0.844375
0.820208333333333
0.768958333333333
0.785
0.75625
0.842708333333333
0.860416666666667
0.860208333333333
0.869375
0.86875
0.819583333333333
0.807708333333333
0.723333333333333
0.807708333333333
0.801458333333333
0.78375
0.873541666666667
0.846666666666667
0.846458333333333
0.849375
0.848958333333333
0.864166666666667
0.829791666666667
0.7625
0.778541666666667
0.491458333333333
0.52875
0.657916666666667
0.734166666666667
0.856041666666667
0.743125
0.840833333333333
0.755416666666667
0.833541666666667
0.859166666666667
0.884791666666667
0.798541666666667
0.622708333333333
0.654375
0.660208333333333
0.567291666666667
0.669375
0.699375
0.50625
0.754375
0.735
0.751458333333333
0.6525
0.749166666666667
0.817083333333333
0.751041666666667
0.79625
0.687916666666667
0.650625
0.707708333333333
0.775625
0.738541666666667
0.83
0.851875
0.891875
0.832916666666667
0.667708333333333
0.636875
0.819166666666667
0.9225
0.89625
0.869375
0.786458333333333
0.88125
0.873958333333333
0.902291666666667
0.891875
0.850416666666667
0.805
0.758958333333333
0.734375
0.889166666666667
0.834791666666667
0.832291666666667
0.8875
0.799583333333333
0.784166666666667
0.800625
