20000101
-99
-99
-99
-99
-99
-99
-99
-99
-99
-99
-99
-99
-99
-99
-99
-99
-99
-99
-99
-99
-99
-99
-99
-99
-99
-99
-99
-99
-99
-99
-99
-99
-99
-99
-99
-99
-99
-99
-99
-99
-99
-99
-99
-99
-99
-99
-99
-99
-99
-99
-99
-99
-99
-99
-99
-99
-99
-99
-99
-99
-99
-99
-99
-99
-99
-99
-99
-99
-99
-99
-99
-99
-99
-99
-99
-99
-99
-99
-99
-99
-99
-99
-99
-99
-99
-99
-99
-99
-99
-99
-99
-99
-99
-99
-99
-99
-99
-99
-99
-99
-99
-99
-99
-99
-99
-99
-99
-99
-99
-99
-99
-99
-99
-99
-99
-99
-99
-99
-99
-99
-99
-99
-99
-99
-99
-99
-99
-99
-99
-99
-99
-99
-99
-99
-99
-99
-99
-99
-99
-99
-99
-99
-99
-99
-99
-99
-99
-99
-99
-99
-99
-99
-99
-99
-99
-99
-99
-99
-99
-99
-99
-99
-99
-99
-99
-99
-99
-99
-99
-99
-99
-99
-99
-99
-99
-99
-99
-99
-99
-99
-99
-99
-99
-99
-99
-99
-99
-99
-99
-99
-99
-99
-99
-99
-99
-99
-99
-99
-99
-99
-99
-99
-99
-99
-99
-99
-99
-99
-99
-99
-99
-99
-99
-99
-99
-99
-99
-99
-99
-99
-99
-99
-99
-99
-99
-99
-99
-99
-99
-99
-99
-99
-99
-99
-99
-99
-99
-99
-99
-99
-99
-99
-99
-99
-99
-99
-99
-99
-99
-99
-99
-99
-99
-99
-99
-99
-99
-99
-99
-99
-99
-99
-99
-99
-99
-99
-99
-99
-99
-99
-99
-99
-99
-99
-99
-99
-99
-99
-99
-99
-99
-99
-99
-99
-99
-99
-99
-99
-99
-99
-99
-99
-99
-99
-99
-99
-99
-99
-99
-99
-99
-99
-99
-99
-99
-99
-99
-99
-99
-99
-99
-99
-99
-99
-99
-99
-99
-99
-99
-99
-99
-99
-99
-99
-99
-99
-99
-99
-99
-99
-99
-99
-99
-99
-99
-99
-99
-99
-99
-99
-99
-99
-99
-99
-99
-99
-99
-99
-99
-99
-99
-99
-99
-99
-99
-99
-99
-99
-99
-99
-99
-99
-99
-99
-99
-99
-99
-99
-99
-99
-99
-99
-99
-99
-99
-99
-99
-99
-99
-99
-99
-99
-99
-99
-99
-99
-99
-99
-99
-99
-99
-99
-99
-99
-99
-99
-99
-99
-99
-99
-99
-99
-99
-99
-99
-99
-99
-99
-99
-99
-99
-99
-99
-99
-99
-99
-99
-99
-99
-99
-99
-99
-99
-99
-99
-99
-99
-99
-99
-99
-99
-99
-99
-99
-99
-99
-99
-99
-99
-99
-99
-99
-99
-99
-99
-99
-99
-99
-99
-99
-99
-99
-99
-99
-99
-99
-99
-99
-99
-99
-99
-99
-99
-99
-99
-99
0.4
0.4485
0.7632
0.6791
0.7276
0.8314
0.8917
0.8492
0.9023
0.8315
0.6807
0.6553
0.7249
0.723
0.7267
0.7622
0.7876
0.821
0.7711
0.9106
0.8118
0.9083
0.8642
0.881
0.9204
0.8
0.8484
0.8003
0.7367
0.8074
0.7036
0.7103
0.7397
0.784
0.5
0.6711
0.8977
0.7118
0.4697
0.4743
0.7837
0.8251
0.8273
0.8276
0.6711
0.6319
0.6443
0.5851
0.5102
0.5088
0.6728
0.7252
0.728
0.7435
0.6284
0.7235
0.7769
0.7703
0.683
0.8286
0.9561
0.6775
0.7311
0.7378
0.7189
0.6224
0.6367
0.7649
0.6031
0.6667
0.7121
0.5651
0.6497
0.5381
0.6097
0.6495
0.64
0.6981
0.6866
0.6683
0.5415
0.6284
0.6209
0.7537
0.7543
0.776
0.6561
0.7333
0.744
0.7517
0.6854
0.7785
0.8454
0.7618
0.7067
0.8546
0.8053
0.7062
0.6654
0.8728
0.7547
0.7238
0.7258
0.695
0.7383
0.6889
0.6378
0.6029
0.727
0.6294
0.6323
0.6044
0.5723
0.6503
0.6953
0.7435
0.7722
0.7748
0.7803
0.7336
0.6827
0.6356
0.6426
0.6539
0.6619
0.7168
0.694
0.7603
0.6958
0.7784
0.8464
0.6647
0.7878
0.7266
0.6626
0.7155
0.6961
0.7503
0.6433
0.5479
0.6462
0.8767
0.8071
0.7132
0.7227
0.8017
0.8166
0.7556
0.7565
0.7394
0.7618
0.795
0.62
0.615
0.7453
0.8016
0.7267
0.6633
0.6836
0.7327
0.8278
0.8581
0.828
0.7934
0.9419
0.7772
0.9543
0.8789
0.8689
0.85
0.9518
0.9313
0.905
0.85
0.8607
0.8329
0.8142
0.9197
0.8864
0.6903
0.6235
0.9216
0.8377
0.83
0.7903
0.8955
0.8447
0.8563
0.8189
0.89
0.8964
0.8767
0.8465
0.6454
0.7548
0.8113
0.8248
0.8557
0.8948
0.8981
0.8827
0.9052
0.8329
0.9096
0.5185
0.5881
0.8462
0.8923
0.8783
0.817
0.8126
0.8318
0.5294
0.3821
0.6186
0.8364
0.8038
0.5418
0.8183
0.974
0.9578
0.909
0.8674
0.7356
0.8863
0.8897
0.8509
0.8839
0.8644
0.876
0.8545
0.843
0.8719
0.8623
0.8552
0.9269
0.902
0.9311
0.8342
0.8543
0.7719
0.8785
0.8833
0.8288
0.8544
0.8928
0.8854
0.9421
0.7338
0.7356
0.9049
0.9229
0.926
0.8478
0.89
0.8604
0.8025
0.7092
0.6753
0.8114
0.8624
0.7003
0.7432
0.8082
0.6603
0.6374
0.975
1
0.9832
0.9604
0.9315
0.899
0.9688
0.8989
0.9311
0.8719
0.8689
0.9282
0.852
0.9503
0.703
0.8774
0.7748
0.8327
0.859
0.7968
0.8167
0.6991
0.7897
0.8657
0.7238
0.7082
0.74
0.8207
0.9354
0.9312
0.8478
0.8318
0.9207
0.89
0.8352
0.7316
0.7029
0.7324
0.7594
0.8443
0.8186
0.7706
0.8496
0.9741
0.9086
0.9585
0.9453
0.8355
0.7809
0.7617
0.4888
0.7483
0.81
0.8297
0.8914
0.8474
0.6736
0.8254
0.8974
0.9231
0.7867
0.7966
0.9156
0.8862
0.7674
0.7816
0.7776
0.7804
0.8556
0.8796
0.8921
0.7672
0.7145
0.8314
0.8443
0.6858
0.675
0.7468
0.6764
0.7535
0.6362
0.6294
0.8043
0.7763
0.7197
0.7944
0.9055
0.8584
0.8573
0.7848
0.8968
0.9936
0.6995
0.7871
0.8579
0.9431
0.9859
0.8487
0.9821
1
0.9147
0.8816
0.9448
0.9038
0.8012
0.7833
0.7247
0.7903
0.7525
0.6414
0.6514
0.6306
0.6774
0.6906
0.7873
0.8217
0.8042
0.7794
0.7044
0.8369
0.94
0.7859
0.8294
0.859
0.8014
0.8807
1
0.954
0.923
1
0.8364
0.7326
0.7506
0.6851
0.6738
0.7525
0.7871
0.6945
0.7168
0.6639
0.8167
0.9017
0.7134
0.7563
0.7947
0.8164
0.8097
0.78
0.763
0.6383
0.6774
0.6913
0.6197
0.8748
0.865
0.8757
0.7711
0.9928
0.7386
0.8114
0.7215
0.7297
0.7248
0.5714
0.589
0.5986
0.6032
0.5865
0.5959
0.7112
0.6536
0.6888
0.6497
0.6567
0.7306
0.7528
0.7075
0.6909
0.7316
0.848
0.8
0.7619
0.7197
0.7654
0.8153
0.8623
0.7583
0.827
0.7625
0.7673
0.65
0.755
0.8781
0.9086
0.7759
0.8915
0.6909
0.7261
0.7403
0.6844
0.6138
0.6656
0.65
0.7315
0.788
0.7847
0.752
0.7347
0.6819
0.8681
0.8983
0.8552
0.7426
0.7471
0.8161
0.7847
0.8
0.7563
0.9093
0.8504
0.9165
0.7216
0.7633
0.7967
0.82
0.8297
0.6797
0.7456
0.7912
0.8138
0.8167
0.7725
0.8315
0.7497
0.9094
0.8768
0.8972
0.9616
0.773
0.7894
0.8176
0.8181
0.7809
0.8766
0.8826
0.8482
0.8875
0.8556
0.8706
0.897
0.7776
0.7914
0.8144
0.8741
0.8616
0.806
0.7916
0.8738
0.8603
0.8596
0.8314
0.8741
0.9122
0.9148
0.6823
0.6159
0.7597
0.7542
0.7559
0.7416
0.835
0.8617
0.8523
0.9227
0.8454
0.7726
0.8493
0.831
0.8283
0.8648
1
0.9641
0.8507
0.9107
0.8577
0.8703
0.7904
0.757
0.7521
0.831
0.8552
0.8557
0.8741
0.5322
0.7853
0.835
0.7791
0.8537
0.8704
0.8866
0.9245
0.8907
0.9739
0.9196
0.8957
0.8648
0.7803
0.7656
0.8254
0.6687
0.7222
0.8089
0.8179
0.8631
0.9197
0.6942
0.8679
0.9626
0.769
0.8944
0.8374
0.8807
0.996
0.7956
0.6993
0.8766
1
0.9117
0.8276
0.9008
0.8687
0.8865
0.8227
0.9383
0.9007
0.8524
0.8975
0.6459
0.7986
0.9207
0.9262
0.9803
0.9988
0.9715
0.8717
0.9273
0.877
0.806
0.8739
0.9438
0.9571
0.9178
0.9208
0.9109
0.95
0.9515
0.9489
0.8939
0.919
0.8963
0.8344
0.855
0.9144
0.8931
0.9272
0.7119
0.6557
0.8398
0.9022
0.914
0.89
0.9748
0.9593
0.8624
0.8094
0.8297
0.8338
0.8021
0.8232
0.8668
0.8525
0.8997
0.8864
0.843
0.6994
0.8533
0.6378
0.3603
0.5581
0.7586
0.5339
0.7921
0.6865
0.7245
0.3482
0.486
0.7681
0.7931
0.6534
0.5972
0.7097
0.8706
0.715
0.8494
0.7485
0.811
0.8644
0.8081
0.7945
0.7378
0.7011
0.7607
0.7268
0.9907
0.9862
0.9629
0.9552
0.8814
0.9348
0.9744
0.9954
0.9335
0.8797
0.8427
0.8779
0.8927
0.8716
0.9023
0.9441
0.8721
0.8735
0.877
0.7593
0.8414
0.8541
0.772
0.7613
0.9014
0.7442
0.7731
0.7277
0.6644
0.687
0.7327
0.7572
0.8071
0.7764
0.7986
0.8583
0.8748
0.993
0.9579
0.9963
0.8409
0.8407
0.8688
0.4067
0.5177
0.7139
0.6169
0.6914
0.8824
0.8319
0.8493
0.7819
0.8277
0.81
0.9528
0.7529
0.7254
0.7051
0.7431
0.7597
0.7769
0.8259
0.8057
0.7052
0.7215
0.7585
0.8754
0.7148
0.6461
0.8403
0.7824
0.657
0.8113
0.7429
0.7121
0.8654
0.659
0.8381
0.7284
0.7018
0.7659
0.8103
0.7622
0.8161
0.7162
0.7627
0.7794
0.8579
0.7664
0.7713
0.7966
0.765
0.7642
0.6941
0.7072
0.9007
0.8639
0.6881
0.6845
0.6658
0.6555
0.6694
0.6341
0.7839
0.6958
0.7131
0.8491
0.7777
0.6421
0.6386
0.65
0.6145
0.6016
0.5638
0.5103
0.5751
0.6436
0.6523
0.7868
0.7648
0.5348
0.5945
0.5297
0.4088
0.5519
0.7691
0.7762
0.712
0.8377
0.8117
0.754
0.5585
0.4159
0.6618
0.7682
0.7842
0.7111
0.7539
0.5839
0.7153
0.7082
0.592
0.5175
0.5198
0.4965
0.6268
0.7067
0.6613
0.676
0.6932
0.7239
0.7681
0.7233
0.7183
0.6641
0.8219
0.7497
0.7635
0.7655
0.726
0.7233
0.7518
0.8175
0.707
0.6069
0.6237
0.5911
0.5503
0.5203
0.4772
0.4967
0.6639
0.5849
0.4575
0.3563
0.3676
0.416
0.6328
0.7565
0.9059
0.7733
0.6791
0.7881
0.7083
0.7291
0.6679
0.8035
0.802
0.75
0.7515
0.7712
0.528
0.731
0.7326
0.7756
0.8309
0.697
0.8286
0.8991
0.8432
0.959
0.8752
0.8188
0.7314
0.7653
0.7439
0.7365
0.7031
0.7361
0.7042
0.7087
0.7352
0.8003
0.8378
0.7936
0.8367
0.8715
0.8206
0.8204
0.8393
0.9904
0.9041
0.9117
0.9475
0.8248
0.8682
0.67
0.9286
0.908
0.7719
0.7903
0.8442
0.7952
0.8473
0.8637
0.9023
0.9668
0.9017
0.9774
0.8793
1
0.9776
0.9625
0.7381
0.7997
0.953
0.8119
0.8186
0.715
0.98
0.9303
0.9429
0.8347
0.806
0.8359
0.8472
0.9061
0.8103
0.8357
0.8565
0.8742
0.9304
0.9846
0.9904
0.9775
0.9239
0.9459
0.9293
0.9343
0.9523
0.9912
0.8214
0.7254
0.8711
0.9672
0.9554
0.9984
0.9872
0.9093
0.8671
0.7972
0.7985
0.8956
0.9093
0.9106
0.9958
0.9944
0.9969
0.895
0.949
0.9286
0.9703
0.8804
0.9097
0.9568
0.9031
0.88
0.9174
0.9603
0.9141
0.9036
0.95
0.9256
0.9533
0.9434
0.9013
0.6016
0.5492
0.7869
0.8854
0.8797
0.8608
0.8845
0.8478
0.8807
0.7778
0.8536
0.6484
0.7995
0.8787
0.9035
0.9446
0.9788
0.9326
0.9083
0.9152
0.91
0.8568
0.709
0.8569
0.9003
0.8216
0.785
0.7649
0.5144
0.7125
0.7987
0.8759
0.9361
0.9959
0.8828
0.9273
1
0.843
0.7524
0.7728
0.8441
0.9254
0.9359
0.9623
0.9615
0.9189
0.9915
0.8639
0.8109
0.7924
0.73
0.7222
0.7626
0.8161
0.8631
0.8389
0.9797
0.7735
0.8637
0.9019
0.9093
1
0.8986
0.8794
0.8143
0.9507
0.995
0.8578
0.7533
0.85
0.6324
0.6203
0.6594
0.69
0.8167
0.8841
0.8161
0.6947
0.7986
0.8603
0.7339
0.9481
0.9992
0.9077
0.871
0.8577
0.8261
0.8657
0.8652
0.8266
0.9152
0.9065
0.673
0.7508
0.8213
0.8016
0.9529
0.8384
0.8783
0.96
0.8783
0.7803
0.8662
0.7447
0.7658
0.8183
0.9361
0.9603
0.9406
0.7872
0.7757
0.6497
0.7811
0.71
0.8954
0.8427
0.9972
0.8883
0.7881
0.7906
0.757
0.7161
0.9168
0.7169
0.7224
0.7097
0.7237
0.7221
0.7363
0.9988
0.7893
0.791
0.8578
0.998
0.8157
0.9827
0.8711
0.852
0.8016
0.8317
0.9113
0.9896
0.843
0.8344
0.768
0.7578
0.6832
0.7567
0.6745
0.7224
0.6503
0.7962
0.8623
0.7929
0.7638
0.6977
0.7994
0.7935
0.7336
0.7435
0.8524
0.8757
0.8371
0.8165
0.7522
0.6339
0.6655
0.6594
0.6617
0.6369
0.6288
0.67
0.8058
0.8983
0.5929
0.5339
0.78
0.6346
0.6274
0.6803
0.9131
0.889
0.8285
0.8062
0.7403
0.7838
0.74
0.7376
0.6839
0.7371
0.7365
0.7068
0.6618
0.7297
0.7814
0.7432
0.7614
0.7163
0.6972
0.7185
0.7724
0.8008
0.8646
0.8058
0.805
0.6976
0.7159
0.7269
0.6982
0.6161
0.7274
0.7796
0.8041
0.7816
0.8266
0.7913
0.7756
0.6844
0.7405
0.7512
0.6909
0.62
0.7025
0.6426
0.6277
0.6387
0.819
0.8819
0.785
0.7596
0.7868
0.8362
0.8176
0.6632
0.6027
0.6984
0.7916
0.85
0.8206
0.8128
0.6387
0.7155
0.6817
0.7621
0.8072
0.7536
0.7925
0.7922
0.7309
0.7665
0.7497
0.868
0.8274
0.936
0.8371
0.8619
0.9496
0.8281
0.8497
0.8052
0.8661
0.8259
0.8
0.7906
0.8093
0.792
0.8186
0.8756
0.8472
0.7591
0.7797
0.7947
0.7897
0.8726
0.8658
0.7994
0.795
0.7725
0.5578
0.6579
0.7503
0.831
0.845
0.8389
0.8421
0.847
0.8363
0.747
0.8848
0.8564
0.8435
0.878
0.6219
0.4008
0.6729
0.8503
0.8552
0.8191
0.7551
0.7113
0.8324
0.8776
0.6749
0.6965
0.6976
0.7655
0.856
0.8577
0.877
0.9831
0.7697
0.75
0.7231
0.7859
0.9042
0.9626
0.8257
0.8289
0.9207
0.877
0.8684
0.795
0.8467
0.8447
0.8335
0.7336
0.6743
0.3576
0.2503
0.6679
0.7274
0.8297
0.8381
0.8003
0.8857
0.8279
0.9393
0.9165
0.9155
0.868
0.8497
0.8304
0.8803
0.9996
0.8729
0.9812
0.8342
0.8135
0.9419
0.872
0.9092
0.958
0.9841
0.9796
0.88
0.7944
0.9114
0.9104
0.9138
0.9629
0.889
0.8484
0.8261
0.8676
0.8366
0.8497
0.8153
0.7533
0.7968
0.9294
0.861
0.9145
0.7371
0.4534
0.5208
0.8329
0.8775
0.89
0.83
0.8763
0.9004
0.8554
0.8958
0.9529
0.9242
0.9083
0.8954
0.9217
0.855
0.8967
0.9396
0.9058
0.93
0.7758
0.6788
0.8538
0.9054
0.8875
0.8971
0.6796
0.3367
0.4346
0.6783
0.7675
0.6108
0.5717
0.695
0.7229
0.8142
0.8008
0.8129
0.9025
0.9875
1
0.9908
0.9254
0.8654
0.8579
0.8154
0.8875
0.5333
0.5263
0.475
0.7221
0.7963
0.7746
0.8904
0.7258
0.8196
0.8025
0.8483
0.8042
0.7725
0.7608
0.5575
0.6254
0.8188
0.8425
0.8208
0.7817
0.6283
0.5033
0.5513
0.7279
0.8454
0.9533
0.8308
0.8475
0.9033
0.8658
0.8717
0.8779
0.7479
0.7271
0.8363
0.9713
0.9571
0.905
0.9438
0.9267
0.9104
0.8917
0.8571
0.8833
0.9233
0.8479
0.8275
0.9529
0.9483
0.8967
0.8925
0.8408
0.8229
0.9429
0.7125
0.3521
0.5688
0.7683
0.7654
0.835
0.9642
0.8646
0.7279
0.8471
0.8321
0.8696
0.8425
0.8196
0.8292
0.9371
0.8325
0.7296
0.7267
0.6488
0.6213
0.5496
0.5529
0.8842
0.8625
0.8563
0.8008
0.7421
0.7958
0.785
0.7671
0.8554
0.7575
0.8246
0.8771
0.7946
0.7767
0.8538
0.9846
0.8183
0.7846
0.6929
0.7263
0.8208
0.8288
0.7667
0.6379
0.6138
0.6879
0.72
0.67
0.8217
0.7629
0.71
0.6846
0.6792
0.7563
0.7954
0.8204
0.7054
0.7113
0.715
0.7163
0.8275
0.8033
0.8933
0.9763
0.8179
0.7671
0.6871
0.6854
0.69
0.7204
0.8058
0.7654
0.78
0.7279
0.7208
0.7438
0.7888
0.6992
0.7325
0.805
0.8213
0.7683
0.7629
0.7629
0.7246
0.8213
0.7975
0.7958
0.9083
0.8283
0.6704
0.7129
0.6679
0.6317
0.5558
0.7313
0.7892
0.8204
0.8004
0.8146
0.7725
0.7508
0.7963
0.8188
0.8771
0.8054
0.8321
0.7771
0.825
0.7671
0.7563
0.8367
0.9238
0.6833
0.6908
0.7638
0.7379
0.8171
0.6658
0.7383
0.8938
0.8788
0.7625
0.8392
0.8767
0.8325
0.8033
0.8238
0.9325
0.9083
0.9196
0.8279
0.7842
0.7858
0.7913
0.8421
0.8683
0.9608
0.86
0.8033
0.7988
0.8138
0.8417
0.8325
0.7821
0.8179
0.8892
0.8946
0.935
0.9783
0.8621
0.925
0.8208
0.8408
0.9138
0.8333
0.8396
0.8521
0.8896
0.7646
0.8204
0.8283
0.835
0.8675
0.8929
0.8592
0.9233
0.875
0.9013
0.8946
0.9375
0.8263
0.8838
0.8283
0.7583
0.9246
0.955
0.8621
0.8492
0.8708
0.9038
0.9696
0.9908
0.992
0.9824
0.9993
1
0.9146
0.9129
1
0.9194
0.9338
0.91
0.8433
0.9404
0.8883
0.9163
0.9329
0.9483
0.9721
0.9533
0.9421
0.9529
0.8796
0.8788
0.915
0.967
0.8424
0.8813
0.8675
0.88
0.9917
0.8525
0.9867
0.93
0.9983
1
1
0.9038
0.9371
0.9092
0.8779
0.9467
0.9179
0.8954
0.8087
0.8736
1
0.9693
0.9522
-99
-99
-99
-99
-99
-99
-99
-99
-99
-99
-99
0.5493
0.7892
0.8738
0.9593
0.9518
0.8638
0.8877
0.8393
0.8663
0.7396
0.88
-99
-99
-99
-99
-99
-99
-99
-99
0.666
0.85
0.8896
0.86
0.8727
0.84
0.8442
1
0.9
1
-99
0.9573
0.9772
0.949
0.9288
0.8979
0.9113
0.9375
0.9388
0.9863
0.8813
0.9379
0.8488
0.9117
0.8829
0.8075
0.8225
0.8875
0.8988
0.8846
0.9867
1
-99
-99
0.9925
0.8771
0.9521
0.9346
0.8496
0.8513
0.78
0.875
0.8725
0.8471
0.8629
0.81
0.86
0.8538
0.8758
0.9079
0.7775
0.6613
0.4933
0.6283
0.7033
0.8842
0.8583
0.7621
0.8329
0.7946
0.9683
0.7842
0.8017
0.8408
0.7888
0.5146
0.6063
0.8283
0.7617
0.8388
0.9179
0.8683
0.87
0.6217
0.8354
0.7596
0.8521
0.8871
0.8167
0.8867
0.9542
1
0.9983
0.8888
0.92
0.8338
0.7383
0.8471
0.8075
0.8846
0.8617
0.8375
0.8183
0.7829
0.8521
0.8258
0.8642
0.8583
0.8438
0.915
0.8283
0.8746
0.8817
0.8433
0.972
0.7783
0.8171
0.6988
0.7913
0.8125
0.7763
0.7538
0.8308
0.8383
0.8679
0.7775
0.8158
0.7175
0.61
0.7146
0.7563
0.7025
0.7738
0.7883
0.8213
0.8067
0.7138
0.7483
0.7088
0.7208
0.7883
0.88
0.8375
0.8742
0.7933
0.9004
0.9042
0.7704
0.6992
0.7296
0.8054
0.8071
0.7442
0.7313
0.7733
0.7192
0.71
0.7796
0.7229
0.6975
0.6696
0.6488
0.6746
0.7708
0.6429
0.695
0.5588
0.545
0.6708
0.7388
0.6646
0.6842
0.8021
0.767
0.719
0.9475
0.625
0.7057
0.6443
0.7873
0.7935
0.7895
0.7595
0.759
0.819
0.6981
0.7048
0.762
0.6886
0.7414
0.7059
0.7314
0.6895
0.8967
0.9092
0.62
0.7455
0.7039
0.8571
0.907
0.9764
0.9467
0.8014
0.725
1
-99
-99
0.718
0.8721
0.8846
0.7446
0.7183
0.7642
0.7683
0.7258
0.685
0.7183
0.7688
0.7208
0.7325
0.6388
0.6358
0.7833
0.7304
0.7467
0.7633
0.8046
0.7883
0.9183
0.7654
0.7917
0.7592
0.7938
0.8371
0.7671
0.8325
0.8521
0.9042
0.8613
0.8308
0.9613
0.8679
0.7696
0.7558
0.7642
0.7758
0.82
0.8567
0.8221
0.9058
0.8617
0.8546
0.8425
0.8517
0.8867
0.7
0.7213
0.8542
0.9096
0.8296
0.7933
0.8258
0.9463
0.8908
0.865
0.8238
0.8175
0.8358
0.9592
1
1
0.9208
0.9092
0.8646
0.8892
0.8717
0.895
0.8883
0.9879
0.9929
0.9338
0.8729
0.8017
0.8483
0.9017
0.9092
0.8904
0.8688
0.8775
0.7654
0.8692
0.8508
0.88
0.835
0.8754
0.9658
0.9354
0.9208
0.9996
0.8846
0.8692
0.9067
0.9025
0.9288
0.995
0.8583
0.7696
0.8854
0.8458
0.84
0.8379
0.9071
0.9263
0.9383
0.9158
0.8988
0.8542
0.9279
0.8942
0.6517
0.7292
0.9063
0.8567
0.8829
0.9354
0.9158
0.9113
0.9013
0.9392
0.9163
0.9113
0.8933
0.9088
0.9421
0.915
0.8367
0.8442
0.9379
0.9
0.9129
0.84
0.8583
0.9521
0.9567
0.8925
0.9042
0.8921
0.93
0.8896
0.9346
0.8346
0.9017
0.8721
0.96
0.9158
0.9463
0.8575
0.8954
0.9133
0.8888
0.9221
0.7821
0.9658
0.9446
0.9121
0.9163
0.9008
0.8292
0.7779
0.8538
0.5929
0.5929
0.8117
0.8829
0.9679
0.9438
0.9033
0.8313
0.9042
0.955
0.9254
0.9
0.8813
0.8913
0.9092
0.9021
0.9167
0.8838
0.8863
0.89
0.8867
0.8717
0.9154
0.9621
0.8979
0.9158
0.7908
0.8258
0.8992
0.9221
0.9638
0.7471
0.7046
0.8638
0.7813
0.7258
0.8421
0.8167
0.8542
0.9525
0.8983
0.9229
0.9238
0.9496
0.89
0.8875
0.8629
0.8121
0.8942
0.8738
0.8371
0.895
0.9054
0.7729
0.7258
0.8029
0.9988
0.9829
0.8804
0.9192
0.8508
0.8563
0.905
0.8813
0.9317
0.8654
0.8554
0.9042
0.8558
0.7404
0.845
0.7867
0.7483
0.7238
0.8442
0.6092
0.7379
0.3883
0.5542
0.7321
0.7167
0.7029
0.7929
0.8425
0.7792
0.8179
0.8542
0.5942
0.6079
0.4833
0.76
0.7708
0.8233
0.9221
0.8817
0.9438
0.7517
0.9167
0.8992
0.9588
0.9746
0.9925
0.8704
0.8475
0.6896
0.7679
0.7692
0.815
0.8346
0.8421
0.8871
0.9646
0.7979
0.6871
0.7054
0.7375
0.7233
0.7346
0.8713
0.7958
0.7096
0.6821
0.6508
0.6675
0.7233
0.7767
0.7979
0.8454
0.7579
0.9142
0.7604
0.8838
0.8763
0.7575
0.6283
0.6075
0.74
0.7867
0.7058
0.7213
0.6833
0.67
0.7783
0.8079
0.8021
0.7483
0.7596
0.7733
0.6892
0.6404
0.6008
0.6271
0.65
0.7458
0.865
0.7963
0.6717
0.7
0.7471
0.7942
0.8338
0.6588
0.6725
0.8338
0.7279
0.7933
0.7458
0.6917
0.6863
0.6333
0.695
0.6992
0.7021
0.76
0.6758
0.7417
0.7408
0.7333
0.7529
0.7608
0.7375
0.6758
0.7054
0.6513
0.6975
0.6979
0.7046
0.7338
0.8088
0.7388
0.6442
0.665
0.6733
0.7167
0.6942
0.67
0.5996
0.5746
0.7413
0.6921
0.7758
0.7775
0.7638
0.7592
0.6054
0.6833
0.7258
0.7088
0.74
0.7421
0.6929
0.7129
0.7054
0.6708
0.7525
0.7363
0.6729
0.6629
0.7867
0.8075
0.7975
0.7571
0.7321
0.6692
0.715
0.7408
0.8371
0.9063
0.8467
0.7504
0.7513
0.7904
0.7996
0.755
0.7371
0.7729
0.7038
0.7083
0.7992
0.9429
0.8038
0.8488
0.8771
0.815
0.8242
0.7104
0.6938
0.7183
0.6729
0.6625
0.7746
0.7563
0.7592
0.7988
0.7896
0.6929
0.47
0.6029
0.7363
0.8017
0.7563
0.7138
0.7529
0.6808
0.7583
0.8554
0.7138
0.7163
0.785
0.68
0.6142
0.7504
0.8388
0.9129
0.8263
0.7821
0.7646
0.8083
0.6217
0.6646
0.77
0.7938
0.8304
0.8554
0.895
0.8633
0.8258
0.7996
0.7896
0.9204
0.8438
0.8896
0.7929
0.7725
0.7979
0.8275
0.8554
0.8821
0.9229
0.8096
0.7842
0.6713
0.7288
0.7404
0.8133
0.8379
0.8029
0.81
0.7971
0.7792
0.7979
0.6021
0.5638
0.7238
0.78
0.7842
0.8063
0.8154
0.7704
0.7504
0.8038
0.7758
0.7596
0.8142
0.7917
0.8042
0.7792
0.5371
0.575
0.6963
0.6717
0.6738
0.7883
0.8667
0.8963
0.8188
0.8342
0.6379
0.5742
0.495
0.7338
0.8138
0.7654
0.8167
0.76
0.6746
0.8129
0.8271
0.8475
0.8767
0.8296
0.7079
0.7342
0.6004
0.4733
0.7263
0.745
0.8067
0.8317
0.8313
0.835
0.8642
0.8604
0.8963
0.9571
0.8888
0.8346
0.8721
0.8767
0.7896
0.84
0.8692
0.8183
0.7738
0.8525
0.8467
0.9096
0.8446
0.8446
0.7321
0.835
0.8596
0.8925
0.8942
0.7842
0.7758
0.765
0.7279
0.685
0.7267
0.7246
0.7717
0.8275
0.8808
0.8588
0.8017
0.7579
0.8475
0.7758
0.7271
0.7717
0.6663
0.7704
0.7771
0.7846
0.7567
0.6875
0.8433
0.8229
0.8379
0.77
0.7596
0.76
0.7571
0.8233
0.8442
0.8292
0.7983
0.8108
0.8096
0.8325
0.8296
0.8804
0.9442
0.9629
0.8629
0.8221
0.8071
0.8308
0.8821
0.8471
0.8813
0.9004
0.8213
0.8525
0.8196
0.8242
0.6621
0.2838
0.3925
0.6608
0.7742
0.8363
0.7346
0.7458
0.8429
0.8454
0.8071
0.7633
0.8325
0.8079
0.8317
0.9017
0.5763
0.6663
0.8492
0.8167
0.6267
0.7538
0.8383
0.7871
0.7738
0.8092
0.7475
0.705
0.505
0.635
0.665
0.5988
0.7383
0.8429
0.6938
0.6825
0.6654
0.5971
0.8529
0.7738
0.6692
0.805
0.7738
0.8038
0.8854
0.8271
0.6838
0.8117
0.8058
0.8417
0.7763
0.7517
0.7646
0.7167
0.7288
0.8325
0.7579
0.8267
0.7188
0.6371
0.5683
0.5888
0.6796
0.8104
0.6813
0.7
0.8671
0.8917
0.8313
0.8583
0.755
0.7767
0.8104
0.8638
0.8567
0.8704
0.6733
0.6267
0.7433
0.8567
0.7908
0.8096
0.9096
0.7196
0.8729
0.8079
0.76
0.7358
0.8079
0.9196
0.8429
0.8254
0.8421
0.8338
0.8163
0.8208
0.7421
0.7329
0.8042
0.7825
0.6933
0.8483
0.8254
0.8446
0.8367
0.8813
0.7875
0.7167
0.6771
0.6483
0.5996
0.6467
0.7046
0.6804
0.6838
0.6929
0.705
0.6767
0.7108
0.6771
0.7054
0.7321
0.7208
0.7525
0.7158
0.6446
0.7158
0.7342
0.7283
0.7842
0.8096
0.8017
0.7283
0.6796
0.715
0.6833
0.77
0.7113
0.6808
0.7192
0.6179
0.7238
0.7579
0.7338
0.73
0.7183
0.7238
0.75
0.6392
0.6396
0.6808
0.7346
0.7225
0.6758
0.6521
0.61
0.7304
0.6625
0.7267
0.7733
0.7679
0.6525
0.5558
0.6496
0.7038
0.7017
0.7213
0.775
0.6892
0.7125
0.7704
0.89
0.9144
0.7638
0.8067
0.8017
0.7008
0.6754
0.6538
0.5492
0.7321
0.8208
0.7604
0.7621
0.7813
0.6763
0.7667
0.7263
0.7396
0.7863
0.6988
0.7575
0.7742
0.7517
0.7125
0.7375
0.7217
0.7683
0.8138
0.8104
0.7683
0.7188
0.7813
0.7408
0.7813
0.7704
0.7717
0.72
0.7567
0.7604
0.7588
0.7942
0.7883
0.6871
0.5975
0.7046
0.7758
0.8046
0.9246
0.7313
0.7354
0.8025
0.8704
0.8733
0.8288
0.8188
0.8208
0.8742
0.915
0.8604
0.8446
0.8329
0.7233
0.7846
0.8475
0.7363
0.7708
0.8038
0.9275
0.8621
0.6954
0.8583
0.8146
0.9246
0.7721
0.8879
0.8654
0.8692
0.8608
0.8988
0.8704
0.8129
0.7958
0.9258
0.8904
0.7446
0.7933
0.8196
0.8225
0.9071
0.8254
0.8667
0.7804
0.8254
0.825
0.8621
0.7229
0.7279
0.7638
0.6883
0.6854
0.5058
0.6213
0.8204
0.6992
0.7263
0.7108
0.8788
0.7958
0.7358
0.8396
0.8179
0.7863
0.8583
0.8142
0.9354
0.7933
0.8092
0.9129
0.9021
0.8667
0.8954
0.8921
0.8813
0.8717
0.9
0.86
0.9225
0.8942
0.9196
0.9483
0.8708
0.8429
0.8529
0.8796
0.8792
0.8571
0.8258
0.9058
0.8775
0.8096
0.8913
0.9554
0.8658
0.84
0.8583
0.8554
0.8663
0.8613
0.8629
0.8146
0.7125
0.7433
0.8258
0.7783
0.8654
0.49
0.6596
0.83
0.8183
0.8075
0.8763
0.9067
0.9396
0.9096
0.9196
0.9113
0.66
0.765
0.8475
0.8321
0.7625
0.7421
0.7863
0.815
0.6979
0.7042
0.7433
0.5688
0.7813
0.7725
0.7129
0.7604
0.63
0.7063
0.77
0.7683
0.7629
0.7333
0.7875
0.7088
0.8221
0.8829
0.8733
0.8325
0.8267
0.7421
0.6142
0.6733
0.78
0.7754
0.7379
0.8358
0.7363
0.7483
0.7075
0.7283
0.6542
0.6704
0.7467
0.7196
0.6663
0.7367
0.6588
0.6383
0.5988
0.6292
0.7758
0.8079
0.9238
0.7979
0.6767
0.7429
0.7588
0.9008
0.8217
0.7479
0.7742
0.7654
0.88
0.7367
0.7971
0.8954
0.79
0.92
0.7896
0.79
0.7621
0.7625
0.8342
0.7925
0.7646
0.8067
0.7108
0.5054
0.6296
0.7317
0.8283
0.8921
0.82
0.8738
0.8113
0.8346
0.6754
0.5921
0.6688
0.6921
0.6433
0.6613
0.5879
0.6742
0.8021
0.8133
0.8033
0.815
0.8454
0.9021
0.7683
0.6713
0.6596
0.7058
0.6975
0.6713
0.7379
0.7267
0.7629
0.7408
0.8092
0.7538
0.5513
0.5858
0.6733
0.6863
0.7846
0.7296
0.6471
0.6575
0.6808
0.8163
0.7588
0.7242
0.7292
0.6692
0.6813
0.7021
0.7029
0.6433
0.6854
0.7192
0.6488
0.6167
0.6008
0.7754
0.8408
0.6171
0.6271
0.6621
0.775
0.6913
0.6942
0.6838
0.7042
0.645
0.7013
0.7042
0.7188
0.6683
0.7079
0.7721
0.8375
0.7721
0.7271
0.7429
0.71
0.7296
0.7625
0.6925
0.7588
0.7246
0.7358
0.6858
0.6613
0.7075
0.63
0.6275
0.6979
0.5592
0.5746
0.6475
0.7217
0.6325
0.6425
0.7071
0.7204
0.7363
0.7063
0.7179
0.6713
0.6967
0.7163
0.6667
0.8204
0.7463
0.7683
0.7517
0.695
0.6488
0.6717
0.6292
0.655
0.6904
0.615
0.5667
0.5171
0.5963
0.6996
0.7192
0.6771
0.7104
0.7613
0.7188
0.7096
0.6783
0.5879
0.6042
0.7446
0.7525
0.7875
0.7546
0.7967
0.6858
0.6663
0.6808
0.7246
0.6625
0.7142
0.6725
0.7708
0.7767
0.8
0.8425
0.7146
0.7917
0.7071
0.6946
0.8279
0.72
0.6417
0.7088
0.6971
0.7363
0.7538
0.7946
0.755
0.7071
0.7817
0.7513
0.7704
0.7583
0.7846
0.7921
0.6788
0.7629
0.7892
0.8225
0.8213
0.7808
0.6975
0.555
0.5358
0.4104
0.5704
0.5983
0.5038
0.7092
0.8479
0.9079
0.9138
0.8133
0.7979
0.8088
0.83
0.8483
0.8746
0.8754
0.82
0.8596
0.8654
0.805
0.6758
0.8733
0.8217
0.8438
0.8688
0.7475
0.7113
0.7958
0.8375
0.8588
0.8979
0.7133
0.7671
0.7775
0.8896
0.8496
0.8996
0.8683
0.8542
0.815
0.8346
0.8442
0.7433
0.8175
0.8121
0.705
0.7342
0.8288
0.77
0.8104
0.8467
0.8533
0.8871
0.8038
0.8933
0.885
0.8763
0.8592
0.8596
0.7521
0.6929
0.5617
0.5529
0.8404
0.8263
0.8108
0.6829
0.6808
0.7433
0.7596
0.7929
0.7933
0.6846
0.8679
0.8542
0.5458
0.8383
0.5613
0.53
0.5692
0.7833
0.7729
0.8763
0.9404
0.8304
0.9392
0.5533
0.6808
0.7896
0.8379
0.8279
0.8383
0.7838
0.7321
0.8846
0.8854
0.8346
0.8817
0.8979
0.8767
0.8546
0.8696
0.8671
0.6908
0.6029
0.6475
0.74
0.8025
0.7354
0.7775
0.8346
0.8233
0.8004
0.9421
0.8442
0.7958
0.7708
0.9179
0.8688
0.8254
0.5496
0.6604
0.7029
0.6688
0.7792
0.9538
0.8221
0.8113
0.8521
0.7646
0.8079
0.7129
0.5454
0.5513
0.5325
0.5717
0.855
0.6725
0.7525
0.7671
0.9042
0.8467
0.5825
0.4575
0.7821
0.8988
0.5625
0.6417
0.7454
0.7446
0.7542
0.7254
0.6754
0.7354
0.7558
0.775
0.8004
0.8392
0.8471
0.9096
0.8375
0.8371
0.8367
0.4296
0.4829
0.7371
0.6508
0.6475
0.6858
0.7983
0.7325
0.7208
0.8283
0.8183
0.7888
0.8229
0.7408
0.6783
0.6825
0.6633
0.9067
0.7713
0.7467
0.7496
0.7975
0.7367
0.7317
0.7704
0.6604
0.7096
0.6742
0.7696
0.7496
0.7292
0.7121
0.6975
0.6425
0.6521
0.7638
0.8413
0.8929
0.925
0.9071
0.8429
0.85
0.7992
0.7817
0.7942
0.7417
0.7571
0.8875
0.9271
0.8258
0.7483
0.7242
0.7104
0.6871
0.5938
0.6763
0.6788
0.71
0.6413
0.5217
0.4625
0.635
0.68
0.8425
0.7125
0.6896
0.7196
0.7763
0.7804
0.6946
0.6304
0.6104
0.7892
0.7592
0.7142
0.8363
0.7292
0.8538
0.7346
0.7442
0.7471
0.7442
0.5908
0.6442
0.7633
0.82
0.6358
0.6121
0.6908
0.7333
0.6733
0.62
0.6175
0.6083
0.6438
0.6879
0.6317
0.6579
0.6421
0.6746
0.7554
0.6613
0.6913
0.6904
0.6929
0.6917
0.6804
0.6183
0.5313
0.6542
0.6592
0.6183
0.6713
0.6133
0.6292
0.6817
0.6704
0.6758
0.6867
0.6983
0.6433
0.6725
0.6667
0.6108
0.6563
0.7842
0.7404
0.7483
0.7079
0.8146
0.8113
0.7408
0.7708
0.6967
0.7263
0.6983
0.8071
0.8204
0.7438
0.7983
0.7304
0.7692
0.7517
0.7288
0.7775
0.7571
0.795
0.7492
0.6983
0.5758
0.6533
0.7192
0.7129
0.6042
0.6646
0.6546
0.5833
0.6646
0.5754
0.7338
0.7633
0.7329
0.745
0.7663
0.6954
0.7883
0.7688
0.7175
0.7296
0.7404
0.7358
0.7325
0.6921
0.7521
0.7354
0.8904
0.8283
0.7763
0.8463
0.9221
0.8242
0.8575
0.8596
0.745
0.6871
0.7592
0.7583
0.795
0.7921
0.7858
0.8379
0.8017
0.7146
0.815
0.7775
0.8258
0.8433
0.8538
0.9079
0.8988
0.8575
0.8779
0.855
0.8075
0.8054
0.6875
0.7354
0.72
0.7721
0.7642
0.8242
0.8342
0.7688
0.4058
0.4558
0.7542
0.8171
0.8033
0.6913
0.7604
0.8404
0.7921
0.7838
0.8008
0.8329
0.8792
0.8692
0.7638
0.5233
0.6608
0.7771
0.7696
0.7604
0.78
0.9104
0.7971
0.8129
0.8417
0.8583
0.7367
0.79
0.8317
0.8546
0.8654
0.7929
0.7767
0.7617
0.7033
0.8717
0.9533
0.8342
0.8613
0.8296
0.7896
0.6717
0.6558
0.6629
0.5575
0.76
0.7908
0.8554
0.8179
0.7667
0.5213
0.4125
0.5125
0.6142
0.8463
0.785
0.8125
0.9413
0.9433
0.9167
0.8525
0.81
0.5929
0.7446
0.8654
0.8813
0.8863
0.885
0.9021
0.8579
0.7679
0.8671
0.8683
0.7579
0.83
0.5746
0.7696
0.7683
0.7946
0.8354
0.8296
0.8604
0.8554
0.8917
0.8546
0.8508
0.88
0.5763
0.3383
0.6308
0.7379
0.7138
0.7417
0.8175
0.8792
0.9388
0.8808
0.8492
0.7625
0.7417
0.6325
0.5396
0.7513
0.7908
0.7638
0.8883
0.835
0.9108
0.8958
0.825
0.8413
0.7992
0.8825
0.6425
0.6867
0.8754
0.7433
0.7808
0.86
0.8067
0.7817
0.8083
0.8233
0.7771
0.835
0.585
0.5571
0.5938
0.7404
0.8563
0.8817
0.7817
0.7421
0.7575
0.8154
0.8263
0.795
0.8042
0.91
0.8033
0.9263
0.9179
0.9096
0.8167
0.7138
0.7417
0.7196
0.7667
0.8108
0.6971
0.7192
0.815
0.8583
0.7896
0.7613
0.8633
0.7583
0.73
0.7554
0.6408
0.7475
0.7158
0.65
0.7063
0.7338
0.6417
0.6279
0.6729
0.6592
0.7238
0.67
0.6588
0.6779
0.6579
0.69
0.6342
0.7192
0.7204
0.7379
0.8596
0.795
0.8088
0.7238
0.6742
0.6883
0.8196
0.8167
0.7854
0.7921
0.8325
0.7967
0.7679
0.72
0.7221
0.8571
0.7683
0.7408
0.6213
0.6771
0.7746
0.7383
0.8192
0.7571
0.7017
0.6742
0.6925
0.6275
0.6183
0.6617
0.6829
0.6404
0.5713
0.605
0.6242
0.6675
0.6675
0.71
0.7458
0.8092
0.5946
0.7171
0.7783
0.8013
0.7754
0.7446
0.8367
0.9283
0.7804
0.8746
0.7854
0.7892
0.8175
0.68
0.6175
0.6496
0.7238
0.6996
0.7238
0.7367
0.6321
0.6688
0.6642
0.6521
0.6121
0.5917
0.6038
0.6171
0.6504
0.6363
0.6929
0.7567
0.64
0.6529
0.6192
0.7058
0.6613
0.6217
0.6354
0.6788
0.6517
0.8121
0.7413
0.7879
0.7679
0.7133
0.7625
0.7571
0.7979
0.7463
0.7908
0.7342
0.6871
0.7083
0.7688
0.8771
0.8458
0.7938
0.7946
0.8254
0.7854
0.7721
0.7129
0.7671
0.7417
0.7379
0.7521
0.7296
0.7579
0.6721
0.6563
0.6963
0.68
0.6479
0.7283
0.7225
0.6825
0.6788
0.7333
0.7063
0.6608
0.6446
0.6067
0.7
0.7913
0.7821
0.7575
0.675
0.7317
0.7567
0.745
0.7638
0.7104
0.7617
0.7463
0.8108
0.7179
0.74
0.7575
0.7367
0.7379
0.6992
0.7513
0.7275
0.7279
0.6842
0.7358
0.7475
0.7525
0.8479
0.7283
0.7242
0.7746
0.7392
0.7758
0.8254
0.7367
0.7167
0.7
0.6921
0.735
0.7679
0.7504
0.6829
0.6563
0.6363
0.6771
0.7871
0.5967
0.5604
0.665
0.6458
0.6088
0.6129
0.6954
0.6317
0.7517
0.755
0.8079
0.7663
0.7771
0.6721
0.6971
0.7717
0.855
0.8792
0.6954
0.6575
0.905
0.9358
0.9083
0.8154
0.8454
0.8483
0.8129
0.8858
0.9375
0.9408
0.9167
0.7321
0.7275
0.8313
0.8633
0.875
0.8742
0.95
0.9221
0.9471
0.95
0.865
0.8821
0.9
0.9208
0.9333
0.8567
0.6971
0.8238
0.8371
0.8367
0.845
0.8813
0.8254
0.8454
0.7667
0.7796
0.7688
0.7654
0.7904
0.8442
0.8567
0.8825
0.9167
0.88
0.8967
0.8017
0.7958
0.6925
0.8333
0.5425
0.7696
0.6638
0.7571
0.7163
0.8725
0.8263
0.8288
0.7704
0.8183
0.8038
0.8233
0.8338
0.7163
0.7533
0.69
0.8021
0.7646
0.8675
0.8513
0.8729
0.6658
0.7808
0.8333
0.84
0.825
0.8467
0.8754
0.8325
0.7842
0.8463
0.9117
0.8538
0.8992
0.85
0.8075
0.8654
0.8158
0.8088
0.8329
0.7863
0.8442
0.7654
0.7938
0.7904
0.7242
0.7871
0.8492
0.7192
0.4679
0.2288
0.5883
0.4804
0.1825
0.4542
0.6046
0.4746
0.4458
0.47
0.5125
0.5163
0.6408
0.6404
0.7013
0.7708
0.78
0.5654
0.5558
0.5888
0.4983
0.585
0.7733
0.6342
0.7554
0.7525
0.6788
0.6592
0.695
0.8542
0.74
0.5138
0.6071
0.6004
0.4375
0.29
0.4896
0.5754
0.63
0.6379
0.6608
0.7925
0.7092
0.6883
0.7071
0.6767
0.6446
0.9029
0.8675
0.7829
0.7317
0.6571
0.63
0.5946
0.5671
0.5675
0.5367
0.6338
0.6292
0.6783
0.8963
0.8558
0.8063
0.7867
0.5746
0.7029
0.7921
0.7496
0.7379
0.7879
0.8113
0.8163
0.735
0.4996
0.6583
0.8308
0.7533
0.7742
0.7496
0.7858
0.7129
0.6908
0.7271
0.695
0.8583
0.8504
0.6217
0.7475
0.7108
0.6592
0.6838
0.71
0.59
0.7688
0.7329
0.7009
0.7958
0.6092
0.5729
0.6479
0.8388
0.7579
0.8079
0.6213
0.7638
0.7513
0.7946
0.9063
0.8554
0.8483
0.6933
0.66
0.675
0.7129
0.6967
0.7996
0.705
0.7371
0.6804
0.6338
0.6054
0.8117
0.8571
0.7667
0.7825
0.6992
0.6192
0.6938
0.7054
0.6929
0.7008
0.7313
0.675
0.575
0.5204
0.6283
0.6296
0.5846
0.54
0.4908
0.5142
0.5329
0.5133
0.55
0.5429
0.5313
0.5525
0.6592
0.6504
0.7108
0.6313
0.5971
0.6146
0.7013
0.6896
0.6575
0.6729
0.6275
0.6396
0.5704
0.6342
0.7225
0.5633
0.5754
0.6029
0.535
0.4625
0.595
0.6588
0.5904
0.4525
0.4925
0.5158
0.495
0.5383
0.6279
0.6208
0.6913
0.6975
0.6613
0.6958
0.5467
0.4908
0.5421
0.5792
0.6154
0.545
0.5338
0.5408
0.4708
0.4813
0.6008
0.6179
0.6396
0.6333
0.5942
0.6413
0.6429
0.5671
0.6679
0.5679
0.4958
0.5367
0.6654
0.7138
0.6504
0.6825
0.7
0.7288
0.8713
0.6338
0.4138
0.4217
0.4996
0.4879
0.5663
0.6296
0.5763
0.7004
0.7604
0.7213
0.6904
0.8038
0.655
0.5996
0.715
0.7842
0.7775
0.8388
0.81
0.6913
0.785
0.7904
0.7129
0.5425
0.54
0.6458
0.7063
0.6183
0.8567
0.7917
0.7704
0.7875
0.7571
0.7988
0.8258
0.7708
0.7338
0.7858
0.7992
0.8171
0.8321
0.8442
0.7992
0.6808
0.76
0.6571
0.6867
0.885
0.8892
0.8896
0.8529
0.8658
0.8058
0.8233
0.9096
0.8275
0.7296
0.4858
0.6679
0.8379
0.8908
0.6638
0.6958
0.6238
0.75
0.6979
0.845
0.8192
0.7379
0.7513
0.8225
0.7379
0.6292
0.5771
0.7483
0.7883
0.885
0.9117
0.9358
0.8496
0.8821
0.835
0.85
0.8083
0.7354
0.8375
0.7975
0.8779
0.88
0.7178
0.735
0.8204
0.7433
0.6888
0.8233
0.7463
0.8017
0.8071
0.7683
0.8304
0.79
0.7763
0.8042
0.7242
0.555
0.6296
0.6133
0.8042
0.825
0.8838
0.7454
0.7775
0.8608
0.8304
0.9092
0.8729
0.8367
0.8313
0.8167
0.8117
0.8404
0.7504
0.8196
0.8338
0.6517
0.79
0.7679
0.7896
0.8317
0.8842
0.9008
0.76
0.8421
0.8396
0.9058
0.8658
0.6779
0.7754
0.7146
0.7983
0.8567
0.7929
0.8422
0.6617
0.7371
0.8079
0.6929
0.7608
0.8279
0.7983
0.8408
0.7909
0.7954
0.715
0.595
0.3
0.6233
0.775
0.7213
0.5454
0.6283
0.5779
0.6329
0.6233
0.58
0.7463
0.7492
0.7008
0.7225
0.7442
0.8579
0.8208
0.8054
0.8446
0.9433
0.6513
0.6838
0.7475
0.7604
0.71
0.8957
0.7875
0.6871
0.7804
0.83
0.8925
0.9117
0.8579
0.7071
0.7063
0.6463
0.6654
0.7608
0.8413
0.5979
0.6625
0.7863
0.7454
0.7692
0.7742
0.8417
0.7688
0.7838
0.8279
0.8308
0.7863
0.7683
0.9292
0.8683
0.7533
0.8125
0.8313
0.93
0.8333
0.8642
0.8713
0.8833
0.78
0.7738
0.8188
0.7108
0.7783
0.63
0.7242
0.7363
0.695
0.6588
0.7108
0.6254
0.7221
0.825
0.7233
0.7392
0.7271
0.6817
0.6392
0.7813
0.7817
0.9113
0.8304
0.9183
0.8163
0.7167
0.7642
0.7404
0.7146
0.6996
0.7167
0.66
0.7104
0.7796
0.7946
0.7617
0.7363
0.7554
0.8092
0.905
0.8858
0.7488
0.6758
0.8167
0.8404
0.7575
0.6933
0.7471
0.7913
0.8225
0.7938
0.7883
0.8596
0.8517
0.7804
0.7717
0.6033
0.6679
0.6863
0.7092
0.6929
0.6704
0.6246
0.825
0.7471
0.7696
0.7308
0.6729
0.6604
0.6717
0.6517
0.6042
0.7088
0.7858
0.6638
0.6908
0.8113
0.7746
0.8408
0.6504
0.5908
0.645
0.6879
0.7146
0.6946
0.6863
0.6225
0.6858
0.7
0.66
0.6092
0.565
0.5683
0.5542
0.5517
0.6163
0.7767
0.6167
0.6338
0.5508
0.5854
0.5913
0.6979
0.6925
0.7483
0.8
0.6758
0.6392
0.6946
0.5863
0.6013
0.5867
0.6925
0.6133
0.65
0.665
0.6408
0.6008
0.5421
0.6908
0.6558
0.5504
0.6548
0.7629
0.7371
0.6008
0.6663
0.6063
0.585
0.6854
0.7146
0.6333
0.7677
0.7283
0.7158
0.78
0.6208
0.64
0.6967
0.7346
0.7958
0.7808
0.8617
0.8058
0.8008
0.7508
0.6171
0.6242
0.5942
0.6838
0.6146
0.7167
0.6529
0.6921
0.8392
0.8788
0.785
0.8246
0.7783
0.7671
0.74
0.7583
0.8208
0.77
0.7346
0.7542
0.7429
0.6642
0.73
0.6971
0.7275
0.7658
0.7892
0.7908
0.7375
0.7254
0.6921
0.7225
0.7388
0.7733
0.805
0.9025
0.8038
0.8125
0.7879
0.7396
0.7346
0.7788
0.7871
0.75
0.7263
0.7883
0.805
0.7371
0.7808
0.8405
0.8333
0.7971
0.7967
0.7679
0.6379
0.7304
0.7908
0.8067
0.705
0.5883
0.6667
0.5558
0.5054
0.5883
0.58
0.6883
0.7296
0.7008
0.7325
0.7975
0.7821
0.6788
0.653
0.4054
0.5313
0.6575
0.6233
0.5054
0.6279
0.9125
0.9254
0.6958
0.5796
0.6379
0.6683
0.7463
0.6683
0.8167
0.6463
0.7329
0.6983
0.7525
0.7354
0.5467
0.7517
0.6521
0.7308
0.7675
0.8029
0.7638
0.8192
0.8992
0.9229
0.8308
0.8517
0.8992
0.8046
0.8508
0.8729
0.9313
0.8467
0.8529
0.6163
0.6571
0.6881
0.6473
0.7142
0.5992
0.5808
0.7883
0.7313
0.7621
0.7333
0.718
0.6113
0.6629
0.8113
0.6727
0.64
0.7613
0.8013
0.8817
0.9304
0.8538
0.875
0.8921
0.91
0.8642
0.8705
0.7767
0.6596
0.8729
0.9496
0.8708
0.8254
0.9113
0.8817
0.8425
0.91
0.8542
0.8921
0.7546
0.7213
0.8175
0.8617
0.9013
0.855
0.7675
0.6996
0.74
0.7646
0.8442
0.6383
0.7292
0.8217
0.6854
0.6467
0.685
0.6686
-99
-99
0.7878
0.7933
0.73
0.8354
0.8921
0.8483
0.7992
0.8225
0.725
0.7783
0.8258
0.8271
0.74
0.8063
0.8404
0.5517
0.6967
0.6608
0.7392
0.7696
0.7033
0.6696
0.7658
0.7467
0.7646
0.7692
0.7129
0.5621
0.6908
0.7638
0.8108
0.8604
0.8417
0.8038
0.7996
0.7313
0.8204
0.7863
0.7958
0.8196
0.8217
0.9154
0.8892
0.8329
0.9033
0.9713
0.7521
0.7721
0.7583
0.7892
0.8388
0.7821
0.7708
0.85
0.8633
0.7954
0.7829
0.7471
0.6717
0.8146
0.7996
0.81
0.9279
0.9075
0.9392
0.8158
0.7567
0.8554
0.7596
0.7883
0.8308
0.8475
0.8308
0.8296
0.8333
0.7204
0.71
0.7143
0.6787
0.805
0.7292
0.7129
0.7742
0.7829
0.7546
0.9029
0.7083
0.5938
0.6338
0.7063
0.7433
0.7417
0.8446
0.9292
0.7221
0.5913
0.6471
0.7108
0.9442
0.8779
0.8888
0.8779
0.8788
0.72
0.6033
0.6996
0.6179
0.6721
0.6538
0.7633
0.6883
0.635
0.5696
0.5796
0.6238
0.6083
0.6025
0.8575
0.6625
0.764
0.7596
0.7779
0.7008
0.6533
0.5804
0.7585
0.7402
0.6581
0.7279
0.7813
0.7635
0.6048
0.7129
0.7846
0.7583
0.7631
0.6681
0.6275
0.6379
0.6419
0.9265
0.8
0.8806
0.7371
0.7004
0.7844
0.7615
0.8319
0.7996
0.7464
0.6558
0.6325
0.7471
0.8096
0.769
0.6352
0.6617
0.6477
0.8044
0.7517
0.7288
0.8771
0.8367
0.6771
0.7035
0.8319
0.8717
0.8067
0.824
0.7538
0.7725
0.8579
0.8029
0.7683
0.8058
0.7338
0.7233
0.674
0.6992
0.7477
0.7342
0.751
0.7856
0.7379
0.7288
0.8392
0.944
0.859
0.8338
0.8517
0.7854
0.7881
0.8123
0.8204
0.8113
0.8321
0.8004
0.8165
0.7006
0.824
0.8542
0.844
0.8133
0.8048
0.8075
0.7463
0.7558
0.7831
0.7677
0.8242
0.8738
0.8513
0.9088
0.8771
0.8352
0.766
0.7942
0.8396
0.8002
0.8227
0.7402
0.7388
0.7554
0.9646
0.9077
0.9365
0.8508
0.7842
0.8083
0.845
0.8542
0.8417
0.771
0.7879
0.8219
0.8592
0.8202
0.7658
0.7377
0.8273
0.7235
0.7238
0.7665
0.8079
0.8506
0.8742
0.8167
0.6319
0.7269
0.7454
0.7565
0.8071
0.8365
0.8463
0.8392
0.8738
0.8544
0.8719
0.8417
0.8381
0.8558
0.8731
0.8473
0.8188
0.836
0.7663
0.8721
0.8427
0.8002
0.8356
0.8835
0.721
0.5913
0.7667
0.8054
0.8483
0.8935
0.8692
0.8998
0.914
0.9342
0.9365
0.9579
0.9333
0.8773
0.9185
0.9846
0.9031
0.8017
0.8179
0.9169
0.9453
0.8744
0.8558
0.8431
0.4402
0.6692
0.845
0.845
0.8515
0.9302
0.9854
0.9306
0.944
0.8327
0.9067
0.869
0.921
0.9258
0.9163
0.8954
0.8852
0.8625
0.9152
0.761
0.4348
0.4135
0.7519
0.7985
0.8446
0.7919
0.8119
0.856
0.9102
0.9017
0.8783
0.8467
0.8306
0.8538
0.7869
0.8185
0.8731
0.7488
0.8731
0.8244
0.7352
0.9577
0.8154
0.8744
0.821
0.8057
0.6929
0.2246
0.66
0.7856
0.8271
0.7704
0.7383
0.8552
0.591
0.7371
0.9183
0.664
0.6379
0.6058
0.8254
0.784
0.6013
0.7775
0.7621
0.8394
0.7988
0.8325
0.8427
0.7127
0.639
0.6675
0.7846
0.8231
0.8373
0.5608
0.6677
0.6923
0.6479
0.8296
0.731
0.74
0.7881
0.8073
0.8598
0.8738
0.2544
0.4644
0.7527
0.7856
0.7583
0.7829
0.7154
0.7581
0.8029
0.9065
0.8583
0.9502
0.9075
0.8892
0.7806
0.8342
0.9302
0.8427
0.8904
0.9625
0.7785
0.7692
0.7935
0.7681
0.8427
0.8242
0.7973
0.8269
0.7765
0.8246
0.8335
0.7885
0.6438
0.7358
0.7
0.7429
0.7381
0.7946
0.7506
0.736
0.685
0.674
0.8577
0.8296
0.8181
0.9025
0.8446
0.7908
0.8121
0.8033
0.7781
0.8671
0.8783
0.9146
0.7994
0.8444
0.821
0.8302
0.8083
0.841
0.8131
0.8533
0.7613
0.7723
0.765
0.7669
0.7683
0.7329
0.7606
0.7658
0.735
0.6331
0.5885
0.6754
0.69
0.9327
0.9427
0.7769
0.6698
0.7048
0.7194
0.6885
0.7167
0.744
0.7292
0.6758
0.696
0.6954
0.7548
0.6802
0.6627
0.6152
0.5685
0.6244
0.6479
0.7625
0.7283
0.6969
0.7085
0.786
0.7377
0.8065
0.7527
0.4345
-99
-99
-99
-99
-99
-99
-99
-99
-99
-99
-99
-99
-99
-99
0.47
0.5335
0.5325
0.4619
0.4588
0.4948
0.5706
0.6002
0.4931
0.6338
0.6783
0.6621
0.6852
0.654
0.6196
0.6456
0.7131
0.6913
0.6688
0.654
0.5929
0.7429
0.7308
0.8038
0.7129
0.7006
0.7319
0.7177
0.814
0.7513
0.7219
0.7581
0.7477
0.7494
0.7092
0.6617
0.7077
0.74
0.826
0.854
0.7825
0.7198
0.7829
0.796
0.849
0.871
0.7935
0.7192
0.8125
0.7715
0.7594
0.7535
0.8006
0.7735
0.6929
0.7333
0.7702
0.7585
0.7744
0.7275
0.7304
0.7819
0.765
0.8206
0.8206
0.9123
0.7917
0.7321
0.7773
0.7277
0.715
0.8919
0.8438
0.801
0.8046
0.7204
0.7329
0.7142
0.5817
0.704
0.72
0.6729
0.7633
0.7867
0.6227
0.6538
0.7065
0.7204
0.7098
0.7171
0.8669
0.9406
0.7979
-99
-99
-99
-99
-99
-99
-99
-99
-99
-99
-99
-99
-99
-99
-99
-99
-99
-99
-99
-99
-99
-99
-99
-99
-99
-99
-99
-99
-99
-99
-99
-99
-99
-99
-99
-99
-99
-99
-99
-99
-99
-99
-99
-99
-99
-99
-99
-99
-99
-99
-99
-99
-99
-99
-99
-99
-99
-99
-99
-99
-99
-99
-99
-99
-99
-99
-99
-99
-99
-99
-99
-99
-99
-99
-99
-99
-99
-99
-99
-99
-99
-99
-99
-99
-99
-99
-99
-99
-99
-99
-99
-99
-99
-99
-99
-99
-99
-99
-99
-99
-99
-99
-99
-99
-99
-99
-99
-99
-99
-99
-99
-99
-99
-99
-99
-99
-99
-99
-99
-99
-99
-99
-99
-99
-99
-99
-99
-99
-99
-99
-99
-99
-99
-99
-99
-99
-99
-99
-99
-99
-99
-99
-99
-99
-99
-99
-99
-99
-99
-99
-99
-99
-99
-99
-99
-99
-99
-99
-99
-99
-99
-99
-99
-99
-99
-99
-99
-99
-99
-99
-99
-99
-99
-99
-99
-99
-99
-99
-99
-99
-99
-99
-99
-99
-99
-99
-99
-99
-99
-99
-99
-99
-99
-99
-99
-99
-99
-99
-99
-99
-99
-99
-99
-99
-99
-99
-99
-99
-99
-99
-99
-99
-99
-99
-99
-99
-99
-99
-99
-99
-99
-99
-99
-99
-99
-99
-99
-99
-99
-99
-99
-99
-99
-99
-99
-99
-99
-99
-99
-99
-99
-99
-99
-99
-99
-99
-99
-99
-99
-99
-99
-99
-99
-99
-99
-99
-99
-99
-99
-99
-99
-99
-99
-99
-99
-99
-99
-99
-99
-99
-99
-99
-99
-99
-99
-99
-99
-99
-99
-99
-99
-99
-99
-99
-99
-99
-99
-99
-99
-99
-99
-99
-99
-99
-99
-99
-99
-99
-99
-99
-99
-99
-99
-99
-99
-99
-99
-99
-99
-99
-99
-99
-99
-99
-99
-99
-99
-99
-99
-99
-99
-99
-99
-99
-99
-99
-99
-99
-99
-99
-99
-99
-99
-99
-99
-99
-99
-99
-99
-99
-99
-99
-99
-99
-99
-99
-99
-99
-99
-99
-99
-99
-99
-99
-99
-99
-99
-99
-99
-99
-99
-99
-99
-99
-99
-99
-99
-99
-99
-99
-99
-99
-99
-99
-99
-99
-99
-99
-99
-99
-99
-99
-99
-99
-99
-99
-99
-99
-99
-99
-99
-99
-99
-99
-99
-99
-99
-99
-99
-99
-99
-99
-99
-99
-99
-99
-99
-99
-99
-99
-99
-99
-99
-99
-99
-99
-99
-99
-99
-99
-99
-99
-99
-99
-99
-99
-99
-99
-99
-99
-99
-99
-99
-99
-99
-99
-99
-99
-99
-99
-99
-99
-99
-99
-99
-99
-99
-99
-99
-99
-99
-99
-99
-99
-99
-99
-99
-99
-99
-99
-99
-99
-99
-99
-99
-99
-99
-99
-99
-99
-99
-99
-99
-99
-99
-99
-99
-99
-99
-99
-99
-99
-99
-99
-99
-99
-99
-99
-99
-99
-99
-99
-99
-99
-99
-99
-99
-99
-99
-99
-99
-99
-99
-99
-99
-99
-99
-99
-99
-99
-99
-99
-99
-99
-99
-99
-99
-99
-99
-99
-99
-99
-99
-99
-99
-99
-99
-99
-99
-99
-99
-99
-99
-99
-99
-99
-99
-99
-99
-99
-99
-99
-99
-99
-99
-99
-99
-99
-99
-99
-99
-99
-99
-99
-99
-99
-99
-99
-99
-99
-99
-99
-99
-99
-99
-99
-99
-99
-99
-99
-99
-99
-99
-99
-99
-99
-99
-99
-99
-99
-99
-99
-99
-99
-99
-99
-99
-99
-99
-99
-99
-99
-99
-99
-99
-99
-99
-99
-99
-99
-99
-99
-99
-99
-99
-99
-99
-99
-99
-99
-99
-99
-99
-99
-99
-99
-99
-99
-99
-99
-99
-99
-99
-99
-99
-99
-99
-99
-99
-99
-99
-99
-99
-99
-99
-99
-99
-99
-99
-99
-99
-99
-99
-99
-99
-99
-99
-99
-99
-99
-99
-99
-99
-99
-99
-99
-99
-99
-99
-99
-99
-99
-99
-99
-99
-99
-99
-99
-99
-99
-99
-99
-99
-99
-99
-99
-99
-99
-99
-99
-99
-99
-99
-99
-99
-99
-99
-99
-99
-99
-99
-99
-99
-99
-99
-99
-99
-99
-99
-99
-99
-99
-99
-99
-99
-99
-99
-99
-99
-99
-99
-99
-99
-99
-99
-99
-99
-99
-99
-99
-99
-99
-99
-99
-99
-99
-99
-99
-99
-99
-99
-99
-99
-99
-99
-99
-99
-99
-99
-99
-99
-99
-99
-99
-99
-99
-99
-99
-99
-99
-99
-99
-99
-99
-99
-99
-99
-99
-99
-99
-99
-99
-99
-99
-99
-99
-99
-99
-99
-99
-99
-99
-99
-99
-99
-99
-99
-99
-99
-99
-99
-99
-99
-99
-99
-99
-99
-99
-99
-99
-99
-99
-99
-99
-99
-99
-99
-99
-99
-99
-99
-99
-99
-99
-99
-99
-99
-99
-99
-99
-99
-99
-99
-99
-99
-99
-99
-99
-99
-99
-99
-99
-99
-99
-99
-99
-99
-99
-99
-99
-99
-99
-99
-99
-99
-99
-99
-99
-99
-99
-99
-99
-99
-99
-99
-99
-99
-99
-99
-99
-99
-99
-99
-99
-99
-99
-99
-99
-99
-99
-99
-99
-99
-99
-99
-99
-99
-99
-99
-99
-99
-99
-99
-99
-99
-99
-99
-99
-99
-99
-99
-99
-99
-99
-99
-99
-99
-99
-99
-99
-99
-99
-99
-99
-99
-99
-99
-99
-99
-99
-99
-99
-99
-99
-99
-99
-99
-99
-99
-99
-99
-99
-99
-99
-99
-99
-99
-99
-99
-99
-99
-99
-99
-99
-99
-99
-99
-99
-99
-99
-99
-99
-99
-99
-99
-99
-99
-99
-99
-99
-99
-99
-99
-99
-99
-99
-99
-99
-99
-99
-99
-99
-99
-99
-99
-99
-99
-99
-99
-99
-99
-99
-99
-99
-99
-99
-99
-99
-99
-99
-99
-99
-99
-99
-99
-99
-99
-99
-99
-99
-99
-99
-99
-99
-99
-99
-99
-99
-99
-99
-99
-99
-99
-99
-99
-99
-99
-99
-99
-99
-99
-99
-99
-99
-99
-99
-99
-99
-99
-99
-99
-99
-99
-99
-99
-99
-99
-99
-99
-99
-99
-99
-99
-99
-99
-99
-99
-99
-99
-99
-99
-99
-99
-99
-99
-99
-99
-99
-99
-99
-99
-99
-99
-99
-99
-99
-99
-99
-99
-99
-99
-99
-99
-99
-99
-99
-99
-99
-99
-99
-99
-99
-99
-99
-99
-99
-99
-99
-99
-99
-99
-99
-99
-99
-99
-99
-99
-99
-99
-99
-99
-99
-99
-99
-99
-99
-99
-99
-99
-99
-99
-99
-99
-99
-99
-99
-99
-99
-99
-99
-99
-99
-99
-99
-99
-99
-99
-99
-99
-99
-99
-99
-99
-99
-99
-99
-99
-99
-99
-99
-99
-99
-99
-99
-99
-99
-99
-99
-99
-99
-99
-99
-99
-99
-99
-99
-99
-99
-99
-99
-99
-99
-99
-99
-99
-99
-99
-99
-99
-99
-99
-99
-99
-99
-99
-99
-99
-99
-99
-99
-99
-99
-99
-99
-99
-99
-99
-99
-99
-99
-99
-99
-99
-99
-99
-99
-99
-99
-99
-99
-99
-99
-99
-99
-99
-99
-99
-99
-99
-99
-99
-99
-99
-99
-99
-99
-99
-99
-99
-99
-99
-99
-99
-99
-99
-99
-99
-99
-99
-99
-99
-99
-99
-99
-99
-99
-99
-99
-99
-99
-99
-99
-99
-99
-99
-99
-99
-99
-99
-99
-99
-99
-99
-99
-99
-99
-99
-99
-99
-99
-99
-99
-99
-99
-99
-99
-99
-99
-99
-99
-99
-99
-99
-99
-99
-99
-99
-99
-99
-99
-99
-99
-99
-99
-99
-99
-99
-99
-99
-99
-99
-99
-99
-99
-99
-99
-99
-99
-99
-99
-99
-99
-99
-99
-99
-99
-99
-99
-99
-99
-99
-99
-99
-99
-99
-99
-99
-99
-99
-99
-99
-99
-99
-99
-99
-99
-99
-99
-99
-99
-99
-99
-99
-99
-99
-99
-99
-99
-99
-99
-99
-99
-99
-99
-99
-99
-99
-99
-99
-99
-99
-99
-99
-99
-99
-99
-99
-99
-99
-99
-99
-99
-99
-99
-99
-99
-99
-99
-99
-99
-99
-99
-99
-99
-99
-99
-99
-99
-99
-99
-99
-99
-99
-99
-99
-99
-99
-99
-99
-99
-99
-99
-99
-99
-99
-99
-99
-99
-99
-99
-99
-99
-99
-99
-99
-99
-99
-99
-99
-99
-99
-99
-99
-99
-99
-99
-99
-99
-99
-99
-99
-99
-99
-99
-99
-99
-99
-99
-99
-99
-99
-99
-99
-99
-99
-99
-99
-99
-99
-99
-99
-99
-99
-99
-99
-99
-99
-99
-99
-99
-99
-99
-99
-99
-99
-99
-99
-99
-99
-99
-99
-99
-99
-99
-99
-99
-99
-99
-99
-99
-99
-99
-99
-99
-99
-99
-99
-99
-99
-99
-99
-99
-99
-99
-99
-99
-99
-99
-99
-99
-99
-99
-99
-99
-99
-99
-99
-99
-99
-99
-99
-99
-99
-99
-99
-99
-99
-99
-99
-99
-99
-99
-99
-99
-99
-99
-99
-99
-99
-99
-99
-99
-99
-99
-99
-99
-99
-99
-99
-99
-99
-99
-99
-99
-99
-99
-99
-99
-99
-99
-99
-99
-99
-99
-99
-99
-99
-99
-99
-99
-99
-99
-99
-99
-99
-99
-99
-99
-99
-99
-99
-99
-99
-99
-99
-99
-99
-99
-99
-99
-99
-99
-99
-99
-99
-99
-99
-99
-99
-99
-99
-99
-99
-99
-99
-99
-99
-99
-99
-99
-99
-99
-99
-99
-99
-99
-99
-99
-99
-99
-99
-99
-99
-99
-99
-99
-99
-99
-99
-99
-99
-99
-99
-99
-99
-99
-99
-99
-99
-99
-99
-99
-99
-99
-99
-99
-99
-99
-99
-99
-99
-99
-99
-99
-99
-99
-99
-99
-99
-99
-99
-99
-99
-99
-99
-99
-99
-99
-99
-99
-99
-99
-99
-99
-99
-99
-99
-99
-99
-99
-99
-99
-99
-99
-99
-99
-99
-99
-99
-99
-99
-99
-99
-99
-99
-99
-99
-99
-99
-99
-99
-99
-99
-99
-99
-99
-99
-99
-99
-99
-99
-99
-99
-99
-99
-99
-99
-99
-99
-99
-99
-99
-99
-99
-99
-99
-99
-99
-99
-99
-99
-99
-99
-99
-99
-99
-99
-99
-99
-99
-99
-99
-99
-99
-99
-99
-99
-99
-99
-99
-99
-99
-99
-99
-99
-99
-99
-99
-99
-99
-99
-99
-99
-99
-99
-99
-99
-99
-99
-99
-99
-99
-99
-99
-99
-99
-99
-99
-99
-99
-99
-99
-99
-99
-99
-99
-99
-99
-99
-99
-99
-99
-99
-99
-99
-99
-99
-99
-99
-99
-99
-99
-99
-99
-99
-99
-99
-99
-99
-99
-99
-99
-99
-99
-99
-99
-99
-99
-99
-99
-99
-99
-99
-99
-99
-99
-99
-99
-99
-99
-99
-99
-99
-99
-99
-99
-99
-99
-99
-99
-99
-99
-99
-99
-99
-99
-99
-99
-99
-99
-99
-99
-99
-99
-99
-99
-99
-99
-99
-99
-99
-99
-99
-99
-99
-99
-99
-99
-99
-99
-99
-99
-99
-99
-99
-99
-99
-99
-99
-99
-99
-99
-99
-99
-99
-99
-99
-99
-99
-99
-99
-99
-99
-99
-99
-99
-99
-99
-99
-99
-99
-99
-99
-99
-99
-99
-99
-99
-99
-99
-99
-99
-99
-99
-99
-99
-99
-99
-99
-99
-99
-99
-99
-99
-99
-99
-99
-99
-99
-99
-99
-99
-99
-99
-99
-99
-99
-99
-99
-99
-99
-99
-99
-99
-99
-99
-99
-99
-99
-99
-99
-99
-99
-99
-99
-99
-99
-99
-99
-99
-99
-99
-99
-99
-99
-99
-99
-99
-99
-99
-99
-99
-99
-99
-99
-99
-99
-99
-99
-99
-99
-99
-99
-99
-99
-99
-99
-99
-99
-99
-99
-99
-99
-99
-99
-99
-99
-99
-99
-99
-99
-99
-99
-99
-99
-99
-99
-99
-99
-99
-99
-99
-99
-99
-99
-99
-99
-99
-99
-99
-99
-99
-99
-99
-99
-99
-99
-99
-99
-99
-99
-99
-99
-99
-99
-99
-99
-99
-99
-99
-99
-99
-99
-99
-99
-99
-99
-99
-99
-99
-99
-99
-99
-99
-99
-99
-99
-99
-99
-99
-99
-99
-99
-99
-99
-99
-99
-99
-99
-99
-99
-99
-99
-99
-99
-99
-99
-99
-99
-99
-99
-99
-99
-99
-99
-99
-99
-99
-99
-99
-99
-99
-99
-99
-99
-99
-99
-99
-99
-99
-99
-99
-99
-99
-99
-99
-99
-99
-99
-99
-99
-99
-99
-99
-99
-99
-99
-99
-99
-99
-99
-99
-99
-99
-99
-99
-99
-99
-99
-99
-99
-99
-99
-99
-99
-99
-99
-99
-99
-99
-99
-99
-99
-99
-99
-99
-99
-99
-99
-99
-99
-99
-99
-99
-99
-99
-99
-99
-99
-99
-99
-99
-99
-99
-99
-99
-99
-99
-99
-99
-99
-99
-99
-99
-99
-99
-99
-99
-99
-99
-99
-99
-99
-99
-99
-99
-99
-99
-99
-99
-99
-99
-99
-99
-99
-99
-99
-99
-99
-99
-99
-99
-99
-99
-99
-99
-99
-99
-99
-99
-99
-99
-99
-99
-99
-99
-99
-99
-99
-99
-99
-99
-99
-99
-99
-99
-99
-99
-99
-99
-99
-99
-99
-99
-99
-99
-99
-99
-99
-99
-99
-99
-99
-99
-99
-99
-99
-99
-99
-99
-99
-99
-99
-99
-99
-99
-99
-99
-99
-99
-99
-99
-99
-99
-99
-99
-99
-99
-99
-99
-99
-99
-99
-99
-99
-99
-99
-99
-99
-99
-99
-99
-99
-99
-99
-99
-99
-99
-99
-99
-99
-99
-99
-99
-99
-99
-99
-99
-99
-99
-99
-99
-99
-99
-99
-99
-99
-99
-99
-99
-99
-99
-99
-99
-99
-99
-99
-99
-99
-99
-99
-99
-99
-99
-99
-99
-99
-99
-99
-99
-99
-99
-99
-99
-99
-99
-99
-99
-99
-99
-99
-99
-99
-99
-99
-99
-99
-99
-99
-99
-99
-99
-99
-99
-99
-99
-99
-99
-99
-99
-99
-99
-99
-99
-99
-99
-99
-99
-99
-99
-99
-99
-99
-99
-99
-99
-99
-99
-99
-99
-99
-99
-99
-99
-99
-99
-99
-99
-99
-99
-99
-99
-99
-99
-99
-99
-99
-99
-99
-99
-99
-99
-99
-99
-99
-99
-99
-99
-99
-99
-99
-99
-99
-99
-99
-99
-99
-99
-99
-99
-99
-99
-99
-99
-99
-99
-99
-99
-99
-99
-99
-99
-99
-99
-99
-99
-99
-99
-99
-99
-99
-99
-99
-99
-99
-99
-99
-99
-99
-99
-99
-99
-99
-99
-99
-99
-99
-99
-99
-99
-99
-99
-99
-99
-99
-99
-99
-99
-99
-99
-99
-99
-99
-99
-99
-99
-99
-99
-99
-99
-99
-99
-99
-99
-99
-99
-99
-99
-99
-99
-99
-99
-99
-99
-99
-99
-99
-99
-99
-99
-99
-99
-99
-99
-99
-99
-99
-99
-99
-99
-99
-99
-99
-99
-99
-99
-99
-99
-99
-99
-99
-99
-99
-99
-99
-99
-99
-99
-99
-99
-99
-99
-99
-99
-99
-99
-99
-99
-99
-99
-99
-99
-99
-99
-99
-99
-99
-99
-99
-99
-99
-99
-99
-99
-99
-99
-99
-99
-99
-99
-99
-99
-99
-99
-99
-99
-99
-99
-99
-99
-99
-99
-99
-99
-99
-99
-99
-99
-99
-99
-99
-99
-99
-99
-99
-99
-99
-99
-99
-99
-99
-99
-99
-99
-99
-99
-99
-99
-99
-99
-99
-99
-99
-99
-99
-99
-99
-99
-99
-99
-99
-99
-99
-99
-99
-99
-99
-99
-99
-99
-99
-99
-99
-99
-99
-99
-99
-99
-99
-99
-99
-99
-99
-99
-99
-99
-99
-99
-99
-99
-99
-99
-99
-99
-99
-99
-99
-99
-99
-99
-99
-99
-99
-99
-99
-99
-99
-99
-99
-99
-99
-99
-99
-99
-99
-99
-99
-99
-99
-99
-99
-99
-99
-99
-99
-99
-99
-99
-99
-99
-99
-99
-99
-99
-99
-99
-99
-99
