20000101
0.609
0.7558
0.7971
0.6604
0.6925
0.6888
0.6225
0.6617
0.7752
0.7944
0.724
0.7146
0.7596
0.7573
0.7279
0.7594
0.681
0.4367
0.559
0.6181
0.5398
0.5665
0.5513
0.4154
0.7929
0.6827
0.8035
0.8825
0.6513
0.6581
0.7969
0.8717
0.9138
0.6858
0.6196
0.8248
0.8665
0.8285
0.7098
0.785
0.6415
0.634
0.8654
0.5604
0.6554
0.8206
0.7875
0.6773
0.7846
0.7438
0.6879
0.715
0.7
0.7142
0.7008
0.7306
0.7796
0.7931
0.8025
0.7721
0.6381
0.5594
0.6942
0.8208
0.7623
0.8046
0.8535
0.7975
0.6823
0.5158
0.6148
0.5754
0.8121
0.7265
0.6958
0.6785
0.6811
0.6138
0.5869
0.6442
0.7629
0.7796
0.8869
0.7681
0.764
0.8481
0.7463
0.8029
0.6133
0.6867
0.8098
0.7608
0.8135
0.7585
0.682
0.6713
0.655
0.696
0.7329
0.7204
0.8948
0.8566
0.6496
0.6115
0.7063
0.5419
0.7681
0.7285
0.561
0.6908
0.7813
0.8046
0.7965
0.6475
0.6117
0.73
0.7615
0.724
0.7889
0.7902
0.7898
0.5027
0.6219
0.6238
0.6242
0.7525
0.9588
0.8346
0.8602
0.6675
0.9096
0.8671
0.8
0.5758
0.6196
0.6694
0.6773
0.7854
0.7654
0.8638
0.8167
0.8219
0.9592
0.8717
0.8502
0.7538
0.7173
0.8558
0.7758
0.7163
0.8071
0.885
0.8275
0.8338
0.789
0.6127
0.7018
0.7148
0.7031
0.6548
0.79
0.8438
0.7248
0.726
0.735
0.8288
0.6738
0.4792
0.5573
0.8306
0.7127
0.781
0.781
0.79
0.8046
0.7631
0.8562
0.8127
0.8217
0.8019
0.77
0.7748
0.7656
0.8315
0.8515
0.7125
0.6563
0.666
0.6965
0.6127
0.671
0.8352
0.7117
0.677
0.68
0.7206
0.73
0.6548
0.6552
0.6806
0.7358
0.6421
0.5994
0.6196
0.8058
0.689
0.799
0.754
0.6333
0.6867
0.7015
0.735
0.7763
0.746
0.7944
0.6208
0.6513
0.7472
0.6833
0.7365
0.7565
0.7806
0.7019
0.7583
0.765
0.644
0.706
0.5885
0.5933
0.6642
0.7488
0.8315
0.8483
0.859
0.6498
0.7969
0.661
0.7113
0.7623
0.635
0.6994
0.7456
0.7281
0.6621
0.7463
0.7052
0.7569
0.7091
0.7319
0.7533
0.7063
0.6796
0.7108
0.6342
0.7315
0.7846
0.819
0.8058
0.8725
0.8013
0.7942
0.8123
0.7175
0.6468
0.5892
0.5382
0.7826
0.8188
0.8602
0.7993
0.8606
0.8438
0.7852
0.6013
0.824
0.6896
0.6998
0.8177
0.859
0.7904
0.614
0.721
0.916
0.8183
0.7104
0.8448
0.8888
0.73
0.7158
0.7446
0.7558
0.7465
0.8144
0.9067
0.9208
0.8827
0.8794
0.7973
0.8429
0.9104
0.7838
0.9035
0.854
0.8271
0.8718
0.6325
0.6444
0.5973
0.5683
0.6592
0.5904
0.4654
0.4944
0.5625
0.674
0.751
0.8094
0.9275
0.7481
0.6615
0.5913
0.6621
0.6425
0.6931
0.7663
0.6738
0.6731
0.8348
0.6
0.6548
0.65
0.7975
0.8163
0.8808
0.8717
0.9013
0.8492
0.6669
0.654
0.8598
0.9133
0.9346
0.6267
0.5627
0.5929
0.6552
0.615
0.7077
0.5575
0.6579
0.6115
0.5527
0.5792
0.7648
0.7879
0.94
0.9494
0.9704
0.9421
0.6881
0.6096
0.6467
0.6225
0.5452
0.5735
0.34
0.7056
0.6581
0.5313
0.5235
0.6994
0.8306
0.7135
0.5815
0.6056
0.6513
0.8531
0.8373
0.7675
0.9283
0.967
0.8852
0.825
0.8319
0.7508
0.769
0.7533
0.7823
0.595
0.5917
0.504
0.5731
0.6546
0.77
0.7135
0.435
0.5783
0.7244
0.6244
0.6088
0.6685
0.5167
0.7171
0.924
0.5565
0.5363
0.7198
0.7788
0.9267
0.9844
0.8648
0.6127
0.6471
0.7615
0.7063
0.631
0.6125
0.7029
0.5929
0.7448
0.9327
0.7883
0.4867
0.5408
0.4527
0.4956
0.7804
0.5546
0.6054
0.8423
0.8515
0.9365
0.6758
0.7927
0.8077
0.7706
0.984
0.656
0.669
0.7796
0.8548
0.6277
0.5646
0.6688
0.6735
0.6735
0.6085
0.7983
0.5138
0.4496
0.7454
0.751
0.7496
0.6838
0.5783
0.725
0.759
0.6735
0.7535
0.8175
0.8429
0.9052
0.7285
0.5713
0.6542
0.7783
0.6494
0.5875
0.6888
0.7102
0.666
0.7763
0.6308
0.6733
0.6835
0.6865
0.6108
0.4581
0.634
0.6938
0.7985
0.7079
0.7179
0.7831
0.8096
0.8565
0.771
0.8635
0.8381
0.775
0.7929
0.7638
0.78
0.851
0.7548
0.6852
0.6619
0.7502
0.8144
0.8313
0.5581
0.7956
0.9179
0.8835
0.5944
0.471
0.6358
0.8681
0.8102
0.7483
0.7563
0.5856
0.6323
0.6056
0.5329
0.5385
0.5871
0.7144
0.7829
0.7713
0.681
0.796
0.7296
0.7398
0.7929
0.8133
0.8685
0.604
0.6954
0.7708
0.8021
0.7233
0.7177
0.6879
0.6208
0.676
0.6108
0.641
0.6535
0.5483
0.5465
0.6873
0.7181
0.7973
0.6702
0.754
0.4967
0.6113
0.6706
0.7681
0.7996
0.8375
0.641
0.5585
0.8225
0.7621
0.6883
0.7688
0.8198
0.809
0.82
0.8077
0.7385
0.7623
0.7133
0.7352
0.6702
0.7285
0.7066
0.7192
0.64
0.61
0.5613
0.6452
0.7371
0.6556
0.5221
0.5529
0.4963
0.6304
0.751
0.7075
0.7142
0.8129
0.829
0.7919
0.6208
0.6471
0.7196
0.7175
0.7593
0.7796
0.7942
0.7335
0.6175
0.7935
0.8263
0.7517
0.7873
0.8358
0.7544
0.7656
0.7204
0.736
0.6569
0.5256
0.7471
0.7661
0.8206
0.6894
0.691
0.7383
0.6817
0.6698
0.7713
0.6996
0.6792
0.7252
0.7463
0.6452
0.6819
0.8283
0.741
0.6656
0.7344
0.8325
0.7223
0.7952
0.7435
0.7929
0.8948
0.7604
0.7365
0.7898
0.8263
0.741
0.8498
0.899
0.8852
0.8877
0.8954
0.86
0.7952
0.9004
0.9271
0.5621
0.4979
0.8648
0.7108
0.7117
0.8183
0.7617
0.8831
0.7956
0.8015
0.8769
0.8615
0.8683
0.7183
0.5156
0.6083
0.7311
0.6915
0.7498
0.7902
0.8783
0.9275
0.9344
0.8788
0.8921
0.7383
0.5323
0.7054
0.7798
0.7231
0.716
0.616
0.601
0.4335
0.341
0.5521
0.57
0.5806
0.5992
0.7204
0.8281
0.851
0.7775
0.74
0.7935
0.8646
0.7146
0.6758
0.6375
0.6544
0.6458
0.745
0.5944
0.6615
0.6598
0.7817
0.7819
0.7229
0.7429
0.6669
0.691
0.6048
0.7177
0.6852
0.5781
0.5244
0.6477
0.6081
0.7296
0.6833
0.4996
0.7292
0.7833
0.865
0.7121
0.6806
0.7042
0.7298
0.5485
0.3925
0.4967
0.649
0.5792
0.4338
0.5608
0.6556
0.5023
0.8294
0.9585
0.89
0.7738
0.8385
0.7331
0.8356
0.8658
0.9245
0.7888
0.7256
0.716
0.6963
0.8081
0.7727
0.7254
0.6025
0.7044
0.7219
0.6777
0.6592
0.7202
0.5973
0.7102
0.5831
0.5604
0.5923
0.7179
0.8892
0.7538
0.6652
0.7767
0.9143
0.7965
0.7129
0.6435
0.5181
0.6219
0.6354
0.7627
0.9113
0.7892
0.8421
0.9333
0.7892
0.9548
0.8042
0.7706
0.7758
0.5706
0.3865
0.5354
0.7073
0.7977
0.8504
0.7458
0.5023
0.776
0.9279
0.9552
0.7954
0.6323
0.9381
0.8142
0.8102
0.7217
0.7227
0.829
0.8585
0.9315
0.8558
0.7971
0.6475
0.8835
0.8813
0.5483
0.6222
0.6588
0.7802
0.7813
0.7404
0.664
0.6905
0.6721
0.6375
0.6408
0.8125
0.7631
0.8069
0.8069
0.7431
0.86
0.6031
0.6047
0.8085
0.9169
0.8348
0.8719
0.9042
0.9048
0.8713
0.7838
0.7692
0.7942
0.7521
0.8146
0.7948
0.8277
0.7523
0.6458
0.6223
0.5406
0.5171
0.5377
0.6781
0.8146
0.8475
0.7571
0.7142
0.8681
0.8573
0.7704
0.6406
0.6798
0.6931
0.7556
0.9021
0.8996
0.8635
0.975
0.7788
0.7573
0.7654
0.6792
0.6738
0.6977
0.7369
0.6906
0.6631
0.6035
0.7869
0.7665
0.6735
0.7225
0.8106
0.8165
0.7721
0.761
0.7658
0.7165
0.6825
0.7252
0.5767
0.8371
0.7427
0.7217
0.6321
0.9456
0.7281
0.7683
0.8046
0.8125
0.7463
0.6129
0.5073
0.5521
0.5233
0.5748
0.5819
0.631
0.6046
0.566
0.5908
0.7473
0.7467
0.7969
0.66
0.6981
0.7583
0.7156
0.7106
0.7293
0.8321
0.7742
0.8185
0.8344
0.764
0.8221
0.8094
0.7269
0.6073
0.6367
0.7456
0.6052
0.6081
0.7079
0.6819
0.8062
0.8213
0.725
0.6085
0.7094
0.6273
0.6529
0.7685
0.8058
0.7819
0.781
0.6235
0.6785
0.8431
0.8794
0.666
0.7892
0.8325
0.8763
0.7913
0.7613
0.8248
0.824
0.8863
0.6679
0.7106
0.8329
0.8208
0.8108
0.6469
0.6954
0.7913
0.7992
0.836
0.7763
0.8346
0.7492
0.876
0.8085
0.8333
0.7823
0.7185
0.7366
0.7623
0.764
0.7408
0.8621
0.8394
0.8323
0.8219
0.7492
0.8152
0.856
0.7004
0.6773
0.7731
0.7465
0.6663
0.7175
0.7715
0.8773
0.8992
0.8681
0.8275
0.9221
0.7892
0.8242
0.7915
0.7038
0.6746
0.6577
0.6913
0.735
0.8094
0.8112
0.7729
0.8573
0.8021
0.7558
0.8452
0.8433
0.8008
0.8483
0.9898
0.8538
0.6877
0.8531
0.7419
0.8565
0.875
0.8606
0.6494
0.6017
0.6921
0.789
0.8769
0.502
0.6719
0.6981
0.6456
0.8027
0.8221
0.8698
0.8665
0.8681
0.8435
0.7883
0.7442
0.775
0.7275
0.7327
0.7704
0.5592
0.6583
0.696
0.8263
0.8552
0.8648
0.6979
0.8304
0.7827
0.6577
0.7506
0.6713
0.7752
0.8969
0.7256
0.5842
0.8431
0.9704
0.8221
0.6777
0.7031
0.7158
0.6888
0.5796
0.7717
0.679
0.6304
0.7481
0.6133
0.6171
0.7142
0.7642
0.8242
0.9058
0.8958
0.7223
0.7581
0.785
0.6804
0.6871
0.6971
0.8498
0.7569
0.7806
0.7677
0.8517
0.8826
0.7508
0.6481
0.7279
0.8935
0.6663
0.6279
0.6975
0.705
0.6744
0.6231
0.5338
0.6373
0.7131
0.8856
0.7015
0.8894
0.7698
0.7231
0.6108
0.5575
0.5665
0.5556
0.6638
0.6931
0.6891
0.744
0.7763
0.6723
0.6281
0.5873
0.759
0.4079
0.4604
0.5998
0.7483
0.7396
0.5431
0.4994
0.3127
0.4027
0.6585
0.5973
0.6138
0.5194
0.69
0.7948
0.7369
0.7021
0.644
0.6923
0.7565
0.7444
0.8063
0.6023
0.6329
0.6127
0.5988
0.8967
0.9183
0.7504
0.8379
0.8769
0.7877
0.9035
0.9627
0.8404
0.7604
0.7944
0.7788
0.8735
0.8623
0.8738
0.8994
0.7796
0.8258
0.8425
0.8265
0.864
0.8396
0.814
0.7675
0.7631
0.5921
0.6948
0.5871
0.6079
0.4844
0.5952
0.6875
0.7702
0.8352
0.7888
0.7785
0.8379
0.9544
0.8988
0.8671
0.8388
0.76
0.7827
0.4208
0.5048
0.6071
0.5722
0.6838
0.739
0.8571
0.7346
0.6833
0.7942
0.7771
0.8019
0.6785
0.63
0.5317
0.6104
0.6656
0.8333
0.7788
0.8631
0.7052
0.7817
0.8633
0.8427
0.7638
0.7216
0.8738
0.8123
0.6473
0.7175
0.8131
0.7515
0.8708
0.681
0.8606
0.8127
0.7238
0.7296
0.7723
0.829
0.8275
0.7142
0.7733
0.8494
0.8415
0.8235
0.876
0.7979
0.7681
0.8365
0.8758
0.7773
0.8919
0.7935
0.6485
0.6375
0.6785
0.7381
0.615
0.7581
0.8215
0.8
0.7583
0.8085
0.6965
0.5523
0.6831
0.6558
0.7615
0.6665
0.5035
0.5306
0.5767
0.5333
0.5898
0.7635
0.7931
0.7077
0.5579
0.6088
0.5377
0.7344
0.8633
0.8796
0.8231
0.7888
0.7863
0.8298
0.7588
0.3866
0.6492
0.6719
0.7292
0.6744
0.6692
0.6388
0.7554
0.6292
0.5435
0.6106
0.5167
0.4867
0.7927
0.8029
0.6163
0.7285
0.8042
0.8444
0.8115
0.8052
0.7885
0.7633
0.767
0.7046
0.7669
0.7292
0.7046
0.7475
0.7452
0.7619
0.7133
0.666
0.6898
0.6342
0.6058
0.5802
0.4919
0.6144
0.6492
0.5931
0.491
0.4002
0.3848
0.455
0.645
0.7396
0.8172
0.7865
0.7031
0.7258
0.7096
0.685
0.6498
0.7717
0.7936
0.729
0.7763
0.77
0.3652
0.5996
0.689
0.7385
0.6319
0.5915
0.6923
0.8532
0.7988
0.8627
0.6873
0.6531
0.6338
0.7038
0.7963
0.7744
0.5808
0.4671
0.5304
0.6931
0.711
0.7658
0.7796
0.7506
0.8331
0.83
0.8465
0.7777
0.8238
0.9445
0.8533
0.8006
0.914
0.79
0.8413
0.58
0.8365
0.7198
0.604
0.5785
0.7317
0.7656
0.8158
0.8571
0.8925
0.8554
0.7263
0.8719
0.7746
0.9015
0.8031
0.8602
0.6521
0.7529
0.874
0.5825
0.6577
0.6271
0.7713
0.8677
0.8383
0.6507
0.6481
0.7619
0.74
0.6865
0.7234
0.6931
0.7479
0.809
0.7938
0.9035
0.956
0.9306
0.861
0.7996
0.7988
0.7865
0.8433
0.8952
0.825
0.6496
0.7079
0.8023
0.8521
0.9273
0.8752
0.7802
0.7075
0.6177
0.6296
0.664
0.7079
0.7956
0.9317
0.8408
0.9122
0.8742
0.7674
0.8446
0.7627
0.7348
0.7213
0.6815
0.6952
0.6246
0.7848
0.7806
0.7283
0.7523
0.7835
0.8021
0.795
0.8325
0.7754
0.5692
0.3794
0.539
0.7306
0.709
0.6702
0.7944
0.616
0.7246
0.6277
0.4454
0.5063
0.5646
0.766
0.7127
0.7846
0.8325
0.6919
0.7875
0.7938
0.7848
0.7138
0.5912
0.6515
0.6679
0.6029
0.5488
0.4602
0.5233
0.4835
0.6494
0.7085
0.7385
0.8696
0.7404
0.7852
0.899
0.6725
0.6358
0.6683
0.8455
0.811
0.8854
0.8877
0.8962
0.9004
0.9026
0.8608
0.7615
0.7031
0.664
0.6865
0.6456
0.6567
0.8169
0.7496
0.8619
0.6856
0.6413
0.7494
0.8288
0.9588
0.6358
0.6023
0.7115
0.945
0.92
0.6808
0.5306
0.6502
0.6021
0.5185
0.5135
0.5542
0.7319
0.7025
0.7871
0.6988
0.734
0.8046
0.7054
0.8925
0.8992
0.8306
0.809
0.7673
0.8588
0.7821
0.7294
0.7802
0.8567
0.7486
0.5106
0.6098
0.7238
0.7613
0.8556
0.6329
0.7683
0.9302
0.8604
0.8329
0.8373
0.6277
0.7229
0.7763
0.8246
0.7658
0.8952
0.7883
0.7265
0.6215
0.6631
0.6465
0.7954
0.7167
0.854
0.7923
0.6808
0.5569
0.6238
0.7321
0.785
0.6625
0.6877
0.6642
0.7023
0.6754
0.7515
0.8881
0.7192
0.7592
0.8042
0.7248
0.7042
0.8367
0.6296
0.6742
0.6927
0.7596
0.8594
0.7842
0.6729
0.7804
0.7542
0.6581
0.6127
0.7556
0.709
0.638
0.615
0.7517
0.7108
0.7448
0.7067
0.7119
0.7438
0.6785
0.7969
0.761
0.82
0.8392
0.8388
0.81
0.6829
0.7052
0.7694
0.7156
0.6921
0.6856
0.6688
0.7246
0.6696
0.7196
0.7442
0.6752
0.7377
0.6202
0.6873
0.7402
0.8465
0.7856
0.7935
0.8283
0.8417
0.7381
0.6515
0.6573
0.6277
0.624
0.7073
0.6913
0.6806
0.6302
0.71
0.719
0.6565
0.6483
0.674
0.6223
0.6042
0.6575
0.8479
0.7077
0.7113
0.6577
0.7085
0.7048
0.7113
0.6585
0.7604
0.7804
0.8192
0.8081
0.8158
0.7577
0.7367
0.6481
0.6983
0.7569
0.6402
0.5567
0.6577
0.6417
0.609
0.6419
0.8008
0.7863
0.7769
0.741
0.771
0.8229
0.7758
0.6473
0.4979
0.664
0.761
0.7417
0.7946
0.8117
0.7247
0.6671
0.6323
0.6113
0.7442
0.7688
0.7306
0.7204
0.6773
0.7321
0.7185
0.804
0.8185
0.8135
0.8204
0.839
0.746
0.769
0.7871
0.6902
0.82
0.7935
0.7733
0.7675
0.7569
0.7763
0.7723
0.8058
0.7183
0.7144
0.6842
0.7475
0.7819
0.8502
0.814
0.7602
0.7919
0.7675
0.5492
0.555
0.7098
0.7517
0.7888
0.8485
0.8048
0.8279
0.7892
0.655
0.8885
0.8527
0.8283
0.8485
0.7165
0.3531
0.5544
0.71
0.6369
0.6229
0.5471
0.4931
0.5767
0.7867
0.774
0.6915
0.6991
0.6781
0.7356
0.8223
0.8648
0.8702
0.75
0.6898
0.5881
0.6433
0.7398
0.8821
0.7109
0.6927
0.729
0.7819
0.7088
0.7523
0.6358
0.7548
0.7121
0.5848
0.5115
0.4054
0.3173
0.5267
0.4833
0.6165
0.619
0.7015
0.7894
0.8619
0.7906
0.7783
0.8414
0.7494
0.7044
0.7225
0.744
0.8254
0.686
0.829
0.6744
0.6135
0.6494
0.6671
0.6717
0.7515
0.7565
0.751
0.551
0.5817
0.7338
0.8148
0.8502
0.8548
0.7379
0.7023
0.7794
0.72
0.7006
0.6773
0.5248
0.5051
0.6583
0.8108
0.741
0.5065
0.4783
0.3558
0.5375
0.6481
0.6396
0.7104
0.6896
0.6183
0.5748
0.6638
0.7421
0.7958
0.7698
0.714
0.6192
0.5683
0.6142
0.671
0.7458
0.7577
0.7306
0.6069
0.5329
0.7567
0.7498
0.694
0.6638
0.5536
0.2704
0.3177
0.421
0.384
0.4925
0.4158
0.4929
0.4781
0.7031
0.6854
0.7469
0.7727
0.8317
0.8733
0.8564
0.7996
0.7217
0.5865
0.6192
0.7013
0.3788
0.3181
0.3954
0.5471
0.5581
0.6475
0.7781
0.6144
0.5656
0.5238
0.7108
0.6354
0.5858
0.6038
0.6819
0.5565
0.6735
0.5942
0.6802
0.5238
0.6169
0.4175
0.4115
0.5898
0.7175
0.7979
0.7375
0.7458
0.7898
0.8213
0.8617
0.8494
0.7396
0.6354
0.6956
0.9181
0.9292
0.8688
0.9252
0.8931
0.8425
0.6977
0.6867
0.6973
0.8321
0.7508
0.7448
0.7677
0.7746
0.7544
0.7754
0.791
0.8006
0.8798
0.5979
0.2917
0.5294
0.7027
0.7313
0.8183
0.8723
0.6671
0.5956
0.704
0.5938
0.6965
0.7429
0.6996
0.7602
0.851
0.7848
0.7506
0.6204
0.5336
0.5165
0.4942
0.5346
0.8385
0.8419
0.7256
0.7194
0.6527
0.7177
0.701
0.6092
0.8138
0.7521
0.7158
0.806
0.7285
0.8208
0.6735
0.8883
0.7148
0.7148
0.6925
0.6771
0.7933
0.73
0.7665
0.5769
0.6521
0.5931
0.6306
0.6477
0.7098
0.8185
0.7633
0.649
0.7725
0.7927
0.7835
0.8054
0.7017
0.6648
0.6427
0.6581
0.7183
0.5998
0.8552
0.8254
0.7808
0.7304
0.6221
0.5769
0.6348
0.634
0.6625
0.6554
0.7188
0.62
0.8006
0.7752
0.824
0.709
0.6752
0.7354
0.7594
0.7619
0.7633
0.7054
0.6444
0.6965
0.7498
0.7
0.6885
0.6917
0.6223
0.6721
0.6346
0.5473
0.527
0.7552
0.7898
0.7592
0.6944
0.7775
0.6769
0.6919
0.7279
0.7631
0.7992
0.751
0.7569
0.771
0.7752
0.6888
0.5844
0.664
0.7952
0.5958
0.5927
0.6971
0.711
0.7396
0.606
0.6871
0.7725
0.7185
0.6121
0.7031
0.754
0.7154
0.6642
0.8006
0.7915
0.7094
0.7383
0.5569
0.5892
0.6385
0.6348
0.7571
0.7802
0.8565
0.754
0.7031
0.7371
0.7419
0.7675
0.7617
0.686
0.6571
0.8081
0.7406
0.8119
0.9328
0.7846
0.8181
0.6288
0.6623
0.6998
0.7131
0.7275
0.7231
0.9388
0.6806
0.5983
0.6954
0.6923
0.7313
0.7938
0.8042
0.8358
0.7804
0.8258
0.8188
0.8167
0.7319
0.7925
0.7519
0.6017
0.5835
0.7627
0.7458
0.6933
0.7481
0.8054
0.8408
0.9078
0.924
0.9575
0.9033
0.8906
0.8031
0.8685
0.9592
0.8467
0.8383
0.7983
0.7308
0.8273
0.7844
0.8135
0.8585
0.915
0.9506
0.9335
0.9458
0.8885
0.6779
0.686
0.8302
0.8421
0.7054
0.6163
0.6867
0.7433
0.8729
0.576
0.5743
-99
-99
-99
-99
-99
0.6145
0.605
0.5944
0.6021
0.6019
0.5513
0.5723
0.581
0.6202
0.6644
0.6594
0.5923
0.6263
0.5708
0.731
0.779
0.5898
0.5865
0.6198
0.626
0.565
0.6783
0.61
0.5604
0.616
0.6083
0.5994
0.5794
0.6521
0.5327
0.6673
0.6727
0.7069
0.6885
0.6606
0.7006
0.7765
0.8046
0.7235
0.844
0.7406
0.5627
0.6129
0.6704
0.7171
0.624
0.6163
0.5077
0.6742
0.8817
0.8575
0.8933
0.8475
0.8213
0.8129
0.7852
0.7719
0.6971
0.755
0.8779
0.9213
0.7529
0.7652
0.7631
0.7963
0.821
0.684
0.6342
0.731
0.7185
0.6498
0.8242
0.8994
0.9165
0.8254
0.6213
0.7521
0.7902
0.7992
0.791
0.6921
0.6129
0.6196
0.7202
0.7221
0.8131
0.7092
0.6858
0.7229
0.79
0.7706
0.524
0.4817
0.461
0.5431
0.4867
0.6725
0.7183
0.6481
0.7352
0.6035
0.7825
0.6477
0.5856
0.6685
0.5856
0.4567
0.5594
0.6715
0.4813
0.6896
0.7946
0.7331
0.4904
0.6138
0.7227
0.7556
0.7613
0.8223
0.6848
0.7725
0.809
0.8735
0.8519
0.8656
0.8127
0.6635
0.5448
0.8129
0.7394
0.7942
0.7421
0.7269
0.7306
0.7029
0.7767
0.7346
0.7523
0.7594
0.7088
0.7869
0.745
0.8225
0.8119
0.7227
0.5252
0.7083
0.7263
0.7604
0.7913
0.8221
0.6479
0.6908
0.7675
0.7759
0.8004
0.7088
0.5813
0.5479
0.4971
0.526
0.6752
0.6906
0.6938
0.6433
0.7779
0.7358
0.4602
0.5604
0.6115
0.6985
0.8013
0.7744
0.6738
0.79
0.7521
0.7892
0.759
0.6679
0.6127
0.7356
0.7704
0.8519
0.7475
0.7323
0.7444
0.6642
0.6142
0.6744
0.701
0.6952
0.6194
0.5829
0.6377
0.6198
0.7215
0.6398
0.5813
0.6673
0.6525
0.7344
0.5877
0.6379
0.7742
0.7842
0.7073
0.6594
0.6831
0.7596
0.6498
0.6142
0.7079
0.7213
0.7492
0.7592
0.7613
0.6948
0.6177
0.7181
0.7556
0.7281
0.6363
0.6944
0.6848
0.6496
0.7394
0.6596
0.591
0.6475
0.7442
0.75
0.6813
0.6615
0.7667
0.7448
0.564
0.596
0.5494
0.5535
0.6238
0.6869
0.6592
0.6678
0.6596
0.7302
0.7074
0.6615
0.7267
0.596
0.6402
0.6981
0.657
0.6619
0.665
0.6454
0.7581
0.699
0.7373
0.7367
0.7252
0.5846
0.7015
0.6896
0.6533
0.6775
0.5867
0.6648
0.651
0.6577
0.6194
0.6148
0.7888
0.7785
0.6335
0.604
0.6077
0.5952
0.6544
0.7238
0.706
0.7042
0.7283
0.6577
0.7127
0.7115
0.7706
0.6373
0.6506
0.7342
0.794
0.7225
0.665
0.7852
0.7921
0.7983
0.7765
0.7644
0.7658
0.7569
0.7617
0.8683
0.8556
0.735
0.636
0.6688
0.7846
0.7438
0.7879
0.7715
0.8726
0.8583
0.7725
0.6469
0.6606
0.7485
0.765
0.8031
0.824
0.7927
0.8513
0.6271
0.7413
0.7304
0.7227
0.6706
0.7419
0.8644
0.8208
0.8343
0.8906
0.6588
0.659
0.794
0.7825
0.7563
0.8527
0.7613
0.6744
0.7615
0.7435
0.7902
0.6671
0.8073
0.8081
0.8835
0.8794
0.745
0.7588
0.8717
0.8342
0.6273
0.4715
0.5842
0.6202
0.6725
0.7604
0.7844
0.8508
0.7954
0.846
0.7492
0.759
0.7179
0.7958
0.8779
0.7492
0.5825
0.5935
0.826
0.6629
0.7421
0.6154
0.7296
0.8646
0.8608
0.7065
0.6321
0.6656
0.7023
0.7248
0.8348
0.6754
0.646
0.7744
0.8575
0.6279
0.669
0.5544
0.6831
0.6354
0.4933
0.5848
0.4983
0.7294
0.7854
0.7117
0.7344
0.6863
0.5113
0.4656
0.5994
0.4831
0.3429
0.5123
0.7508
0.8377
0.7529
0.6104
0.6531
0.7317
0.6921
0.6592
0.6079
0.591
0.6419
0.706
0.7421
0.6083
0.6942
0.795
0.7038
0.6598
0.7254
0.7929
0.7838
0.7631
0.6904
0.5967
0.5988
0.7713
0.77
0.8198
0.5781
0.34
0.5915
0.5654
0.4956
0.4119
0.5304
0.7269
0.6898
0.6975
0.6967
0.784
0.7233
0.7331
0.6798
0.594
0.691
0.7633
0.6269
0.6929
0.7442
0.59
0.6098
0.4044
0.5717
0.8325
0.7371
0.6906
0.7944
0.8369
0.6742
0.7638
0.6565
0.7177
0.6138
0.6942
0.6877
0.6125
0.6002
0.5448
0.6967
0.734
0.6727
0.7056
0.6606
0.585
0.2838
0.4275
0.4815
0.5094
0.5265
0.6256
0.7308
0.6235
0.6102
0.58
0.3685
0.3515
0.3456
0.5073
0.5913
0.566
0.7444
0.7896
0.754
0.5994
0.6131
0.7948
0.8031
0.8665
0.8902
0.6638
0.6525
0.6915
0.8142
0.7638
0.8477
0.7608
0.7396
0.7513
0.8492
0.6098
0.7608
0.5965
0.6327
0.6646
0.6587
0.865
0.884
0.7329
0.5571
0.5531
0.575
0.6102
0.7152
0.7729
0.7715
0.7542
0.8404
0.6885
0.8246
0.7456
0.6573
0.5919
0.514
0.739
0.8092
0.7492
0.6346
0.62
0.7479
0.6921
0.6527
0.6579
0.5946
0.6894
0.6758
0.6346
0.4979
0.4948
0.5213
0.4475
0.6577
0.7217
0.7263
0.4525
0.4769
0.7038
0.7173
0.6927
0.5713
0.5819
0.5758
0.6485
0.6263
0.7135
0.7392
0.665
0.6544
0.7708
0.725
0.7635
0.794
0.4965
0.6596
0.7844
0.6235
0.6877
0.815
0.7185
0.6552
0.6408
0.6867
0.6975
0.6242
0.7523
0.7588
0.8167
0.78
0.676
0.6608
0.745
0.7017
0.6379
0.736
0.469
0.5496
0.6506
0.5323
0.6729
0.7129
0.7473
0.7654
0.5873
0.7035
0.7667
0.7379
0.6906
0.7221
0.654
0.6869
0.7544
0.6569
0.7156
0.7471
0.6517
0.6488
0.711
0.7394
0.7558
0.746
0.6871
0.636
0.6444
0.715
0.7621
0.7719
0.8017
0.6585
0.6742
0.7706
0.8154
0.7121
0.724
0.7879
0.7446
0.6244
0.7554
0.8279
0.6235
0.6519
0.7069
0.6598
0.7115
0.4667
0.5821
0.6396
0.5942
0.644
0.616
0.6998
0.7048
0.7408
0.7448
0.6648
0.5069
0.6377
0.7138
0.7158
0.7425
0.6242
0.6983
0.6233
0.7046
0.6556
0.6335
0.6685
0.7679
0.6833
0.6223
0.6765
0.774
0.7758
0.7258
0.7056
0.7142
0.5952
0.5381
0.5004
0.7333
0.7915
0.7794
0.7731
0.8108
0.8081
0.7425
0.715
0.7315
0.7513
0.7846
0.7235
0.5894
0.58
0.684
0.7898
0.769
0.7727
0.7846
0.7054
0.7002
0.6121
0.6
0.6702
0.659
0.67
0.6313
0.7002
0.7775
0.6604
0.6623
0.695
0.5671
0.6006
0.7102
0.7419
0.7398
0.7292
0.7483
0.5669
0.6465
0.6573
0.6502
0.6388
0.755
0.649
0.6271
0.4531
0.4033
0.3906
0.3446
0.3721
0.845
0.856
0.7998
0.6817
0.6669
0.5971
0.5142
0.51
0.5392
0.5596
0.5058
0.6117
0.646
0.6269
0.6823
0.6881
0.735
0.6331
0.6996
0.4213
0.4496
0.3277
0.3896
0.5263
0.4238
0.5698
0.5198
0.6181
0.6715
0.651
0.6963
0.7556
0.7863
0.6771
0.7165
0.6113
0.6531
0.676
0.6725
0.6344
0.645
0.5121
0.5868
0.7843
0.86
0.7215
0.6572
0.6828
0.7349
0.8034
0.7913
0.8832
0.7985
0.5991
0.63
0.6664
0.5749
0.5487
0.5249
0.6636
0.7766
0.8185
0.8151
0.7543
0.7289
0.8213
0.7538
0.6577
0.5777
0.4502
0.6749
0.8098
0.6889
0.5602
0.6389
0.8004
0.673
0.6106
0.5783
0.6615
0.6557
0.7723
0.7691
0.6774
0.6062
0.6547
0.7468
0.724
0.7523
0.6964
0.7817
0.8498
0.8632
0.813
0.7506
0.7845
0.8283
0.8721
0.8489
0.9053
0.8868
0.7955
0.7951
0.7002
0.7796
0.4596
0.23
0.314
0.5057
0.6738
0.8068
0.6098
0.6189
0.7783
0.7964
0.87
0.8313
0.7074
0.6736
0.783
0.7553
0.6404
0.4513
0.7215
0.6832
0.5713
0.6445
0.623
0.5809
0.7226
0.8238
0.8045
0.7449
0.4747
0.6077
0.6389
0.633
0.7379
0.7753
0.66
0.623
0.7281
0.6415
0.7698
0.6679
0.6445
0.6657
0.6777
0.6936
0.776
0.684
0.6298
0.7819
0.6102
0.68
0.6747
0.7009
0.6809
0.6872
0.7432
0.8128
0.7236
0.6843
0.5796
0.5745
0.3779
0.4566
0.6532
0.7477
0.6564
0.6304
0.8032
0.8345
0.7989
0.6272
0.6343
0.7811
0.8304
0.8153
0.7704
0.7394
0.6502
0.6323
0.714
0.7453
0.7553
0.8202
0.8409
0.5987
0.7083
0.7904
0.6494
0.6632
0.8245
0.8617
0.7943
0.8309
0.7566
0.7685
0.7691
0.7119
0.7428
0.6732
0.7619
0.7387
0.6277
-99
-99
0.8053
0.7298
0.806
0.6945
0.7653
0.5821
0.5204
0.4374
0.4778
-99
0.6377
0.6126
0.6006
0.7036
0.7253
0.6126
0.6689
0.7051
0.6787
0.646
0.7532
0.7634
0.6104
0.6151
0.7004
0.7253
0.7719
0.7396
0.6998
0.6636
0.63
0.5287
0.5415
0.676
0.6909
0.7117
0.7089
0.6523
0.6734
0.7087
0.727
0.71
0.6677
0.7213
0.7274
0.6111
0.6379
0.6913
0.6391
0.673
0.6428
0.6787
0.5934
0.6449
0.6587
0.6426
0.7134
0.7326
0.6894
0.5606
0.5657
0.5709
0.6021
0.6713
0.7366
0.7279
0.619
0.7011
0.7338
0.8085
0.7547
0.7074
0.6902
0.6389
0.5798
0.5821
0.5994
0.717
0.6293
0.7066
0.7247
0.6985
0.6883
0.5504
0.5551
0.6272
0.6734
0.553
0.6989
0.7062
0.5285
0.4783
0.5785
0.6832
0.6934
0.7457
0.7009
0.7113
0.6651
0.7255
0.647
0.5926
0.6415
0.687
0.5919
0.5821
0.5685
0.6262
0.7187
0.7036
0.716
0.3957
0.5072
0.6689
0.7317
0.6945
0.5645
0.5972
0.713
0.8026
0.8523
0.817
0.7785
0.7821
0.8345
0.7811
0.7419
0.8151
0.8045
0.7847
0.7651
0.6991
0.6413
0.6517
0.6436
0.7936
0.823
0.5438
0.7272
0.7128
0.7823
0.6249
0.5538
0.5977
0.7187
0.7317
0.7647
0.6817
0.6653
0.7091
0.8108
0.6644
0.444
0.5302
0.5848
0.5908
0.651
0.6346
0.5808
0.5652
0.6708
0.6613
0.5731
0.6927
0.5335
0.5367
0.5983
0.5806
0.4477
0.4508
0.5675
0.4933
0.5552
0.4854
0.5356
0.7369
0.6406
0.7048
0.774
0.4138
0.6725
0.6971
0.7252
0.6477
0.7573
0.7225
0.6125
0.6242
0.5817
0.676
0.7417
0.8031
0.769
0.6677
0.774
0.8613
0.7573
0.7829
0.8283
0.8456
0.7848
0.8054
0.7917
0.6283
0.6175
0.7952
0.7606
0.6681
0.675
0.7494
0.6592
0.5485
0.514
0.5425
0.6696
0.7206
0.7252
0.5623
0.711
0.679
0.5608
0.5785
0.6317
0.4365
0.489
0.5588
0.5104
0.6083
0.7721
0.7929
0.9121
0.8563
0.8902
0.8221
0.6175
0.7952
0.739
0.6046
0.3888
0.6004
0.5777
0.5271
0.5944
0.6331
0.669
0.5188
0.6294
0.6031
0.5558
0.7233
0.5304
0.68
0.5942
0.6702
0.7244
0.7063
0.7338
0.6773
0.7648
0.7917
0.7927
0.7248
0.7867
0.5185
0.4521
0.4354
0.6904
0.741
0.7048
0.7031
0.7646
0.7435
0.5804
0.5813
0.515
0.4233
0.6094
0.6425
0.571
0.5635
0.5698
0.5833
0.5396
0.519
0.6444
0.7033
0.8025
0.7988
0.6625
0.7225
0.7083
0.8475
0.6625
0.7342
0.77
0.7254
0.7719
0.5806
0.7088
0.8813
0.7467
0.731
0.5329
0.734
0.7588
0.6742
0.6633
0.7338
0.6621
0.6623
0.5854
0.4144
0.5219
0.63
0.706
0.7746
0.6579
0.7167
0.6771
0.7371
0.645
0.4488
0.4746
0.5769
0.6715
0.6102
0.566
0.6633
0.7794
0.8123
0.8171
0.7854
0.8092
0.8413
0.6504
0.6863
0.6725
0.6663
0.6158
0.5752
0.6688
0.725
0.7606
0.7675
0.8242
0.7379
0.601
0.4179
0.5992
0.5729
0.7358
0.7358
0.5275
0.6248
0.6981
0.7644
0.6081
0.6448
0.7494
0.5119
0.6333
0.6383
0.6769
0.6048
0.6146
0.6217
0.5992
0.579
0.5873
0.5927
0.7279
0.6306
0.6288
0.6094
0.7277
0.7046
0.579
0.6063
0.7427
0.6546
0.4967
0.4458
0.5408
0.5842
0.5554
0.6215
0.6258
0.625
0.6035
0.7246
0.6792
0.6717
0.7713
0.735
0.7367
0.7292
0.7648
0.6654
0.4829
0.6313
0.6708
0.6594
0.7285
0.5021
0.5135
0.6044
0.6908
0.6733
0.579
0.6988
0.7579
0.664
0.6727
0.6663
0.5467
0.6265
0.6888
0.6308
0.6869
0.6667
0.6879
0.7104
0.6313
0.5508
0.5188
0.4598
0.6229
0.7306
0.6033
0.5104
0.3285
0.4748
0.644
0.6719
0.6183
0.6613
0.7144
0.6448
0.719
0.6113
0.6215
0.5535
0.6944
0.7165
0.7669
0.6965
0.646
0.5521
0.6035
0.6696
0.6806
0.5763
0.5888
0.4981
0.5392
0.6008
0.7146
0.636
0.5235
0.6071
0.6219
0.6175
0.7067
0.631
0.4879
0.5908
0.4967
0.6346
0.6369
0.659
0.5802
0.5477
0.5873
0.6283
0.6598
0.6121
0.6715
0.7594
0.7129
0.6652
0.7719
0.769
0.7858
0.7217
0.7156
0.5754
0.5223
0.3738
0.3765
0.4338
0.3569
0.5752
0.6977
0.7131
0.7431
0.6667
0.6946
0.7304
0.816
0.795
0.8125
0.8088
0.7375
0.8129
0.8056
0.6644
0.5431
0.6292
0.5056
0.6023
0.6154
0.4869
0.4381
0.4231
0.6625
0.6956
0.7469
0.7877
0.6402
0.5117
0.809
0.7646
0.7971
0.7513
0.7746
0.6775
0.65
0.6277
0.6579
0.6048
0.6608
0.5369
0.6673
0.5977
0.4694
0.5704
0.6817
0.6515
0.6425
0.6233
0.5967
0.6681
0.6956
0.6581
0.6358
0.5973
0.5554
0.4704
0.5415
0.5044
0.5653
0.5331
0.3429
0.2983
0.7079
0.7844
0.7077
0.7996
0.5977
0.7292
0.6538
0.4694
0.6285
0.6977
0.5927
0.4221
0.6444
0.74
0.8079
0.7929
0.5929
0.6738
0.554
0.5535
0.4552
0.5408
0.6617
0.6171
0.7556
0.631
0.691
0.8756
0.8973
0.9252
0.8613
0.7083
0.6973
0.7425
0.7306
0.714
0.4613
0.5108
0.4973
0.6173
0.4927
0.6873
0.6521
0.5723
0.6127
0.8321
0.6427
0.5246
0.699
0.8363
0.8252
0.6575
0.3104
0.411
0.6788
0.589
0.711
0.7471
0.8321
0.6844
0.7648
0.5881
0.6519
0.7033
0.4444
0.3902
0.4879
0.4577
0.7456
0.5525
0.5256
0.6342
0.7
0.7219
0.5702
0.3313
0.6121
0.7654
0.4858
0.4569
0.566
0.7467
0.5917
0.539
0.535
0.6
0.7046
0.7321
0.77
0.7865
0.7754
0.9013
0.8127
0.8308
0.8517
0.4113
0.3529
0.615
0.6992
0.5342
0.55
0.6396
0.6831
0.7173
0.7804
0.7138
0.7223
0.6379
0.679
0.581
0.5206
0.4379
0.7625
0.651
0.6265
0.5981
0.7023
0.6227
0.6221
0.71
0.7144
0.7323
0.7304
0.6106
0.6856
0.7006
0.6408
0.53
0.5663
0.6965
0.7304
0.7621
0.7508
0.8354
0.8242
0.6688
0.6827
0.7035
0.7698
0.7677
0.6625
0.6388
0.7096
0.8277
0.7392
0.6385
0.5842
0.65
0.6254
0.6346
0.6596
0.6213
0.5656
0.6921
0.575
0.5921
0.6646
0.6456
0.6002
0.62
0.6808
0.6604
0.6938
0.7415
0.7275
0.6692
0.64
0.6965
0.7544
0.7402
0.8025
0.7858
0.7608
0.7188
0.6856
0.7142
0.6696
0.5133
0.5863
0.5942
0.6827
0.6206
0.54
0.6165
0.7033
0.5846
0.4665
0.5069
0.5177
0.4788
0.5598
0.5992
0.5608
0.5629
0.7148
0.6102
0.6254
0.6546
0.6798
0.6579
0.6835
0.7508
0.5788
0.6192
0.6548
0.7288
0.6883
0.7304
0.7521
0.7506
0.7577
0.726
0.706
0.724
0.6738
0.6283
0.6775
0.7029
0.6469
0.7208
0.8115
0.7602
0.7608
0.7485
0.7952
0.7148
0.6902
0.6963
0.7148
0.7329
0.7223
0.7581
0.791
0.7498
0.6502
0.6754
0.739
0.6667
0.6381
0.7513
0.759
0.7933
0.7719
0.686
0.6329
0.8065
0.7831
0.7244
0.7744
0.7865
0.6231
0.6617
0.565
0.6113
0.7171
0.6983
0.6879
0.7148
0.7321
0.7292
0.7738
0.6108
0.6665
0.7479
0.7171
0.7342
0.7015
0.7198
0.7238
0.7677
0.9052
0.8281
0.6875
0.825
0.8938
0.805
0.8219
0.8017
0.626
0.6844
0.6435
0.6585
0.7613
0.7173
0.7421
0.8294
0.7996
0.5896
0.7163
0.7252
0.761
0.8154
0.8188
0.9031
0.8579
0.8096
0.7994
0.831
0.7881
0.7381
0.6375
0.5356
0.5198
0.6367
0.751
0.8031
0.7594
0.7304
0.396
0.3567
0.456
0.5954
0.7471
0.6419
0.6846
0.6806
0.6883
0.6515
0.7446
0.8142
0.8008
0.764
0.6504
0.5377
0.5729
0.6531
0.6123
0.7327
0.8623
0.7029
0.4635
0.619
0.6863
0.7121
0.7402
0.661
0.6467
0.6023
0.661
0.5913
0.5475
0.6819
0.5592
0.6742
0.8448
0.6631
0.6315
0.579
0.5848
0.6652
0.7817
0.675
0.6552
0.8529
0.8325
0.6804
0.6594
0.7004
0.5435
0.4415
0.3277
0.5863
0.7113
0.6777
0.6027
0.8729
0.9542
0.8633
0.6958
0.4392
0.369
0.5573
0.7423
0.8167
0.834
0.891
0.8294
0.8025
0.6619
0.6477
0.8175
0.8433
0.9117
0.664
0.8258
0.7348
0.6652
0.7135
0.7873
0.8344
0.7798
0.8208
0.8406
0.8075
0.7929
0.7017
0.3165
0.5406
0.5698
0.5971
0.4663
0.6565
0.7
0.7525
0.7977
0.7821
0.664
0.5856
0.4179
0.465
0.6506
0.764
0.6323
0.8152
0.855
0.8108
0.8206
0.7821
0.8279
0.8346
0.776
0.6419
0.6683
0.8313
0.6642
0.6775
0.8515
0.6731
0.6883
0.8408
0.8333
0.7644
0.8052
0.669
0.5256
0.5929
0.6838
0.8083
0.7044
0.684
0.6548
0.6973
0.7135
0.7135
0.7815
0.7788
0.9571
0.8452
0.9008
0.9592
0.9292
0.7688
0.6996
0.7165
0.6729
0.694
0.6635
0.6073
0.6742
0.8008
0.8333
0.8435
0.7258
0.7623
0.7804
0.7671
0.7796
0.6485
0.6829
0.8017
0.8063
0.8192
0.845
0.6375
0.5219
0.6779
0.6277
0.6898
0.7198
0.61
0.5942
0.6963
0.7206
0.6896
0.754
0.77
0.6535
0.7352
0.8156
0.8083
0.756
0.6673
0.5619
0.6735
0.7733
0.7115
0.8233
0.82
0.7588
0.7877
0.775
0.7656
0.7852
0.8304
0.876
0.7806
0.76
0.7035
0.6496
0.7467
0.7406
0.7019
0.716
0.7217
0.6773
0.5363
0.5679
0.534
0.5235
0.4729
0.5923
0.6813
0.7113
0.7048
0.7879
0.7846
0.8338
0.7056
0.6788
0.7552
0.7781
0.8081
0.7371
0.7967
0.9077
0.7396
0.876
0.794
0.8344
0.7927
0.6163
0.6054
0.7279
0.786
0.7781
0.7285
0.8152
0.775
0.7
0.7277
0.6773
0.7433
0.6475
0.7023
0.6883
0.6775
0.6813
0.729
0.8098
0.7304
0.7329
0.7794
0.7369
0.719
0.6633
0.741
0.7646
0.6938
0.8033
0.6806
0.8377
0.7454
0.7733
0.7819
0.7152
0.7306
0.6563
0.6902
0.7008
0.7056
0.6902
0.7106
0.8415
0.7948
0.6917
0.801
0.8496
0.8054
0.7904
0.7623
0.7294
0.7169
0.8058
0.8392
0.7756
0.6492
0.6473
0.7192
0.7252
0.7496
0.6665
0.7373
0.6638
0.6373
0.7154
0.7808
0.7385
0.6202
0.5181
0.6142
0.7663
0.8092
0.7908
0.7802
0.6869
0.711
0.7498
0.7779
0.8002
0.8169
0.785
0.7592
0.6631
0.7115
0.701
0.7985
0.8202
0.7785
0.7963
0.765
0.7748
0.7448
0.6948
0.7181
0.7721
0.7796
0.7735
0.5869
0.6496
0.7265
0.7554
0.7656
0.819
0.7417
0.72
0.6494
0.6525
0.6177
0.6798
0.7354
0.6698
0.5827
0.4802
0.6094
0.7802
0.7163
0.561
0.5808
0.546
0.541
0.545
0.6944
0.5806
0.6585
0.6523
0.7304
0.6406
0.7073
0.6925
0.6163
0.7385
0.7954
0.9017
0.6169
0.5458
0.8238
0.8485
0.7813
0.7663
0.8525
0.8652
0.9027
0.854
0.9092
0.8656
0.8317
0.6663
0.7394
0.7863
0.829
0.8644
0.8658
0.8498
0.8317
0.9094
0.8296
0.7756
0.8606
0.8423
0.8471
0.8329
0.769
0.6279
0.7727
0.794
0.7313
0.7419
0.8052
0.7483
0.7335
0.7256
0.6892
0.6452
0.6417
0.6992
0.7569
0.6552
0.7769
0.746
0.7494
0.7525
0.6548
0.6069
0.6152
0.5775
0.5419
0.5452
0.4348
0.4042
0.6363
0.766
0.6388
0.7269
0.6963
0.6296
0.5273
0.5642
0.6494
0.6408
0.4683
0.5685
0.6738
0.6615
0.6229
0.6983
0.5629
0.6981
0.581
0.5933
0.6538
0.6977
0.7717
0.7421
0.5858
0.7677
0.7633
0.756
0.7481
0.7131
0.629
0.655
0.6985
0.6877
0.6742
0.7265
0.6788
0.7633
0.6623
0.7954
0.6873
0.5383
0.4942
0.8123
0.8256
0.6071
0.3015
0.4631
0.4215
0.2435
0.3815
0.3694
0.4965
0.4252
0.521
0.4298
0.574
0.5581
0.5948
0.6981
0.7081
0.7433
0.6385
0.5404
0.4473
0.3683
0.5544
0.7142
0.67
0.7406
0.7821
0.7454
0.7208
0.7463
0.8148
0.6915
0.5998
0.4565
0.5608
0.5606
0.4135
0.5006
0.6198
0.6235
0.6123
0.7183
0.8529
0.7567
0.7931
0.589
0.595
0.5185
0.8385
0.8202
0.7567
0.7138
0.6394
0.6271
0.5531
0.4633
0.5619
0.5269
0.6465
0.5319
0.7483
0.8929
0.8769
0.8271
0.7823
0.5444
0.6604
0.7165
0.7896
0.6173
0.7085
0.7265
0.6198
0.6667
0.4785
0.4731
0.7494
0.584
0.5717
0.6915
0.7402
0.7927
0.5842
0.786
0.7483
0.7523
0.7779
0.704
0.6988
0.6954
0.736
0.7558
0.7806
0.6758
0.7448
0.749
0.7606
0.8202
0.55
0.5096
0.6265
0.8138
0.7156
0.7475
0.664
0.7719
0.7996
0.7633
0.8467
0.7179
0.6715
0.6233
0.6346
0.5775
0.7663
0.7167
0.6402
0.6073
0.6125
0.5919
0.5717
0.6152
0.7619
0.8079
0.8092
0.8356
0.7854
0.7021
0.7148
0.7769
0.7373
0.5463
0.716
0.7588
0.68
0.5213
0.7331
0.7356
0.6583
0.69
0.7054
0.6431
0.5835
0.5602
0.6702
0.6177
0.5894
0.7169
0.7681
0.8385
0.846
0.6869
0.7242
0.7517
0.8125
0.6819
0.6504
0.7356
0.6446
0.8104
0.7648
0.7235
0.811
0.7271
0.664
0.6654
0.6902
0.5354
0.6569
0.7681
0.7158
0.5981
0.5615
0.5658
0.6402
0.6263
0.6981
0.6994
0.7285
0.7854
0.754
0.7831
0.684
0.56
0.6052
0.7252
0.6538
0.5775
0.5963
0.6296
0.511
0.5829
0.6848
0.6427
0.725
0.7642
0.6735
0.744
0.724
0.724
0.6927
0.5844
0.5573
0.6358
0.7331
0.7142
0.6252
0.7563
0.7879
0.796
0.8079
0.6265
0.4102
0.4319
0.461
0.5579
0.614
0.6558
0.666
0.7752
0.6785
0.7365
0.7402
0.7658
0.5683
0.5869
0.7106
0.8194
0.8327
0.8619
0.7973
0.7169
0.7798
0.7775
0.7823
0.4979
0.5248
0.5773
0.6629
0.4431
0.8106
0.7894
0.6448
0.739
0.7529
0.8025
0.8333
0.8281
0.7275
0.8029
0.8213
0.8694
0.8396
0.845
0.8123
0.635
0.6979
0.6144
0.7165
0.8921
0.9177
0.9121
0.8406
0.79
0.7321
0.8177
0.8996
0.816
0.64
0.2717
0.4102
0.6927
0.8688
0.5688
0.5717
0.6623
0.7973
0.639
0.76
0.7567
0.6798
0.6825
0.7833
0.6475
0.5873
0.5094
0.7371
0.786
0.8392
0.891
0.776
0.7531
0.8075
0.7977
0.7629
0.7546
0.8194
0.8342
0.826
0.8885
0.667
0.5029
0.5042
0.5833
0.4892
0.6442
0.6388
0.5683
0.6467
0.6177
0.6067
0.5435
0.6658
0.7156
0.7648
0.8229
0.669
0.554
0.5752
0.7104
0.6746
0.8077
0.7348
0.659
0.7385
0.749
0.8977
0.865
0.7565
0.5946
0.6794
0.7175
0.6933
0.6719
0.6823
0.7575
0.585
0.5015
0.444
0.5542
0.6171
0.7938
0.775
0.6915
0.674
0.6427
0.7825
0.6115
0.5785
0.6763
0.7715
0.7515
0.8567
0.6529
0.6174
0.5298
0.7032
0.6388
0.3423
0.6519
0.6319
0.7065
0.6642
0.6358
0.6971
0.5954
0.5204
0.2275
0.4921
0.5881
0.4796
0.3265
0.5129
0.5198
0.6077
0.4954
0.4823
0.6325
0.7079
0.7046
0.8504
0.8215
0.8015
0.7238
0.7452
0.8094
0.8423
0.7342
0.5258
0.6021
0.63
0.5913
0.8038
0.6908
0.6094
0.7327
0.7881
0.9471
0.9508
0.8721
0.5675
0.6088
0.4921
0.5165
0.6883
0.845
0.4219
0.5127
0.7271
0.8206
0.5458
0.6802
0.769
0.7381
0.7921
0.8483
0.8304
0.601
0.784
0.8485
0.8215
0.6735
0.7285
0.7033
0.8788
0.6944
0.754
0.836
0.8527
0.7402
0.6013
0.6258
0.6044
0.6596
0.7579
0.6185
0.6527
0.6279
0.6567
0.6725
0.5504
0.6842
0.7363
0.6075
0.6371
0.7325
0.6071
0.5767
0.6681
0.7571
0.9085
0.7235
0.7813
0.8013
0.6944
0.7373
0.705
0.7196
0.7413
0.795
0.6519
0.644
0.7809
0.8394
0.8067
0.7188
0.7469
0.864
0.8185
0.8277
0.7427
0.6569
0.7185
0.745
0.7006
0.6535
0.6535
0.6765
0.7
0.7338
0.7673
0.7885
0.6319
0.7127
0.6346
0.4717
0.54
0.7279
0.7392
0.679
0.6756
0.7183
0.7556
0.7127
0.7198
0.771
0.6648
0.6521
0.7271
0.7129
0.4979
0.7138
0.8188
0.6829
0.5965
0.7035
0.7252
0.7977
0.6129
0.7323
0.7285
0.7567
0.7308
0.7692
0.79
0.6613
0.7619
0.7794
0.7785
0.7779
0.6577
0.5733
0.5881
0.5771
0.6975
0.76
0.6888
0.6633
0.5042
0.5683
0.7221
0.7725
0.6956
0.7623
0.7652
0.7825
0.7058
0.7433
0.6715
0.7529
0.6915
0.7867
0.6773
0.6583
0.6926
0.7131
0.7129
0.6488
0.7081
0.6819
0.6302
0.7269
0.7783
0.6325
0.5954
0.6879
0.6594
0.614
0.5848
0.6606
0.6335
0.7173
0.6783
0.7223
0.7052
0.6573
0.6858
0.7085
0.7308
0.7088
0.6756
0.7827
0.7173
0.7492
0.6642
0.6075
0.5871
0.6398
0.6979
0.5871
0.7538
0.675
0.6992
0.8058
0.8308
0.7977
0.7754
0.8431
0.7381
0.7492
0.7594
0.8225
0.6908
0.7152
0.6765
0.7367
0.6773
0.729
0.7273
0.7242
0.7513
0.7608
0.7985
0.771
0.8017
0.5656
0.6165
0.7273
0.8225
0.8598
0.9008
0.7663
0.8171
0.77
0.7344
0.7779
0.816
0.7733
0.6685
0.6835
0.7471
0.7008
0.7679
0.8315
0.8535
0.856
0.8458
0.8404
0.8377
0.6663
0.7163
0.8354
0.8321
0.5856
0.6985
0.8658
0.6563
0.5438
0.5304
0.5033
0.7071
0.6267
0.6058
0.7569
0.7965
0.6715
0.6252
0.5628
0.7217
0.7183
0.7429
0.6885
0.3802
0.6885
0.841
0.8694
0.6163
0.381
0.5625
0.4815
0.5592
0.5252
0.5817
0.5729
0.5069
0.5683
0.5796
0.5977
0.4488
0.5258
0.5227
0.5288
0.5308
0.6256
0.6485
0.7754
0.7704
0.8381
0.6871
0.7125
0.7635
0.6554
0.7108
0.7613
0.8367
0.7962
0.8148
0.8679
0.609
0.6258
0.6063
0.8058
0.7529
0.5373
0.6692
0.6525
0.6163
0.5888
0.5552
0.6596
0.6792
0.7594
0.8373
0.5608
0.7029
0.7488
0.8535
0.8221
0.7952
0.8065
0.8029
0.7865
0.6613
0.6833
0.7696
0.6321
0.8521
0.8533
0.67
0.5204
0.7129
0.746
0.6688
0.8675
0.7272
-99
-99
0.612
0.7435
0.7127
0.8365
0.6735
0.6044
0.5625
0.6219
0.6573
0.5696
0.5596
0.5875
0.7575
0.5242
0.5548
0.575
0.7491
-99
-99
0.7336
0.6919
0.6373
0.669
0.7869
0.7165
0.7
0.7577
0.7346
0.5598
0.5973
0.5563
0.5435
0.705
0.6646
0.4398
0.6358
0.6198
0.5506
0.6552
0.5919
0.4365
0.6606
0.6144
0.6767
0.6052
0.6346
0.5367
0.6367
0.7321
0.7923
0.7908
0.8019
0.8113
0.5829
0.4875
0.5983
0.6302
0.6908
0.706
0.6202
0.91
0.8529
0.7954
0.7815
0.8692
0.6152
0.6698
0.6233
0.8104
0.7965
0.7685
0.71
0.7839
0.8079
0.7727
0.6704
0.6077
0.5948
0.75
0.7788
0.7138
0.7842
0.8754
0.839
0.7571
0.6475
0.6692
0.5956
0.6323
0.6894
0.7371
0.7465
0.7356
0.7719
0.6663
0.6721
0.6868
0.7457
0.7569
0.6219
0.6733
0.7444
0.7652
0.73
0.7906
0.7275
0.666
0.6444
0.6563
0.6817
0.7527
0.8675
0.8652
0.5808
0.5588
0.6469
0.6885
0.8588
0.7519
0.8369
0.7552
0.8048
0.6473
0.564
0.5719
0.6223
0.7256
0.6933
0.814
0.7588
0.6619
0.5613
0.6248
0.5998
0.5685
0.515
0.6525
0.7323
0.6448
0.6798
0.6138
0.6275
0.6356
0.54
0.8058
0.8015
0.6829
0.6925
0.6825
0.7477
0.7131
0.7108
0.6608
0.7296
0.7781
0.5333
0.6398
0.7385
0.7448
0.8025
0.7402
0.7275
0.6167
0.5771
0.6735
0.6854
0.81
0.7817
0.6763
0.6467
0.6025
0.7238
0.6246
0.6079
0.5808
0.6946
0.6288
0.6575
0.6913
0.6988
0.8344
0.7885
0.6708
0.7242
0.7817
0.7483
0.7671
0.7973
0.6492
0.6758
0.7981
0.7688
0.7198
0.8171
0.7635
0.6825
0.6796
0.5958
0.7515
0.6154
0.6913
0.7538
0.6983
0.664
0.6369
0.8352
0.7919
0.786
0.8429
0.775
0.6758
0.7535
0.7969
0.6654
0.6585
0.7835
0.8004
0.6546
0.7704
0.8227
0.8371
0.829
0.8063
0.7321
0.7002
0.7642
0.7538
0.7233
0.8135
0.7506
0.7802
0.8367
0.8358
0.8096
0.7508
0.7233
0.8046
0.8402
0.7663
0.6888
0.714
0.6873
0.8673
0.8721
0.8773
0.8183
0.735
0.7223
0.7775
0.8115
0.83
0.7879
0.8048
0.8098
0.8219
0.774
0.7988
0.7029
0.7656
0.5742
0.6992
0.7358
0.7015
0.8131
0.8019
0.7983
0.7173
0.5852
0.5817
0.6642
0.7315
0.7748
0.7502
0.7694
0.8185
0.7954
0.759
0.7842
0.8169
0.7456
0.7115
0.6106
0.6388
0.7417
0.5835
0.7423
0.7644
0.6629
0.6417
0.8177
0.5856
0.5273
0.5923
0.5842
0.6329
0.7719
0.8079
0.8452
0.739
0.7252
0.8802
0.889
0.8375
0.8683
0.9098
0.8304
0.7402
0.6408
0.7815
0.8302
0.7628
0.7058
0.5702
0.5748
0.3154
0.3233
0.5825
0.6931
0.7765
0.789
0.8094
0.7129
0.7208
0.6446
0.7402
0.6998
0.73
0.8125
0.7433
0.775
0.5571
0.6221
0.7069
0.5494
0.274
0.3198
0.5146
0.6154
0.5473
0.4617
0.6569
0.7529
0.755
0.805
0.6913
0.575
0.6392
0.7825
0.5927
0.7813
0.6829
0.7381
0.8963
-99
-99
-99
-99
-99
-99
-99
-99
-99
-99
-99
-99
-99
-99
-99
-99
-99
-99
-99
-99
-99
-99
-99
-99
-99
-99
-99
-99
-99
-99
-99
-99
-99
-99
-99
-99
-99
-99
-99
-99
-99
-99
-99
-99
-99
-99
-99
-99
-99
-99
-99
-99
-99
-99
-99
-99
-99
-99
-99
-99
-99
-99
-99
-99
-99
-99
-99
-99
-99
-99
-99
-99
-99
-99
-99
-99
-99
-99
-99
-99
-99
-99
-99
-99
-99
-99
-99
-99
-99
-99
-99
-99
-99
-99
-99
-99
-99
-99
-99
-99
-99
-99
-99
-99
-99
-99
-99
-99
-99
-99
-99
-99
-99
-99
-99
-99
-99
-99
-99
-99
-99
-99
-99
-99
-99
-99
-99
-99
-99
-99
-99
-99
-99
-99
-99
-99
-99
-99
-99
-99
-99
-99
-99
-99
-99
-99
-99
-99
-99
-99
-99
-99
-99
-99
-99
-99
-99
-99
-99
-99
-99
-99
-99
-99
-99
-99
-99
-99
-99
-99
-99
-99
-99
-99
-99
-99
-99
-99
-99
-99
-99
-99
-99
-99
-99
-99
-99
-99
-99
-99
-99
-99
-99
-99
-99
-99
-99
-99
-99
-99
-99
-99
-99
-99
-99
-99
-99
-99
-99
-99
-99
-99
-99
-99
-99
-99
-99
-99
-99
-99
-99
-99
-99
-99
-99
-99
-99
-99
-99
-99
-99
-99
-99
-99
-99
-99
-99
-99
-99
-99
-99
-99
-99
-99
-99
-99
-99
-99
-99
-99
-99
-99
-99
-99
-99
-99
-99
-99
-99
-99
-99
-99
-99
-99
-99
-99
-99
-99
-99
-99
-99
-99
-99
-99
-99
-99
-99
-99
-99
-99
-99
-99
-99
-99
-99
-99
-99
-99
-99
-99
-99
-99
-99
-99
-99
-99
-99
-99
-99
-99
-99
-99
-99
-99
-99
-99
-99
-99
-99
-99
-99
-99
-99
-99
-99
-99
-99
-99
-99
-99
-99
-99
-99
-99
-99
-99
-99
-99
-99
-99
-99
-99
-99
-99
-99
-99
-99
-99
-99
-99
-99
-99
-99
-99
-99
-99
-99
-99
-99
-99
-99
-99
-99
-99
-99
-99
-99
-99
-99
-99
-99
-99
-99
-99
-99
-99
-99
-99
-99
-99
-99
-99
-99
-99
-99
-99
-99
-99
-99
-99
-99
-99
-99
-99
-99
-99
-99
-99
-99
-99
-99
-99
-99
-99
-99
-99
-99
-99
-99
-99
-99
-99
-99
-99
-99
-99
-99
-99
-99
-99
-99
-99
-99
-99
-99
-99
-99
-99
-99
-99
-99
-99
-99
-99
-99
-99
-99
-99
-99
-99
-99
-99
-99
-99
-99
-99
-99
-99
-99
-99
-99
-99
-99
-99
-99
-99
-99
-99
-99
-99
-99
-99
-99
-99
-99
-99
-99
-99
-99
-99
-99
-99
-99
-99
-99
-99
-99
-99
-99
-99
-99
-99
-99
-99
-99
-99
-99
-99
-99
-99
-99
-99
-99
-99
-99
-99
-99
-99
-99
-99
-99
-99
-99
-99
-99
-99
-99
-99
-99
-99
-99
-99
-99
-99
-99
-99
-99
-99
-99
-99
-99
-99
-99
-99
-99
-99
-99
-99
-99
-99
-99
-99
-99
-99
-99
-99
-99
-99
-99
-99
-99
-99
-99
-99
-99
-99
-99
-99
-99
-99
-99
-99
-99
-99
-99
-99
-99
-99
-99
-99
-99
-99
-99
-99
-99
-99
-99
-99
-99
-99
-99
-99
-99
-99
-99
-99
-99
-99
-99
-99
-99
-99
-99
-99
-99
-99
-99
-99
-99
-99
-99
-99
-99
-99
-99
-99
-99
-99
-99
-99
-99
-99
-99
-99
-99
-99
-99
-99
-99
-99
-99
-99
-99
-99
-99
-99
-99
-99
-99
-99
-99
-99
-99
-99
-99
-99
-99
-99
-99
-99
-99
-99
-99
-99
-99
-99
-99
-99
-99
-99
-99
-99
-99
-99
-99
-99
-99
-99
-99
-99
-99
-99
-99
-99
-99
-99
-99
-99
-99
-99
-99
-99
-99
-99
-99
-99
-99
-99
-99
-99
-99
-99
-99
-99
-99
-99
-99
-99
-99
-99
-99
-99
-99
-99
-99
-99
-99
-99
-99
-99
-99
-99
-99
-99
-99
-99
-99
-99
-99
-99
-99
-99
-99
-99
-99
-99
-99
-99
-99
-99
-99
-99
-99
-99
-99
-99
-99
-99
-99
-99
-99
-99
-99
-99
-99
-99
-99
-99
-99
-99
-99
-99
-99
-99
-99
-99
-99
-99
-99
-99
-99
-99
-99
-99
-99
-99
-99
-99
-99
-99
-99
-99
-99
-99
-99
-99
-99
-99
-99
-99
-99
-99
-99
-99
-99
-99
-99
-99
-99
-99
-99
-99
-99
-99
-99
-99
-99
-99
-99
-99
-99
-99
-99
-99
-99
-99
-99
-99
-99
-99
-99
-99
-99
-99
-99
-99
-99
-99
-99
-99
-99
-99
-99
-99
-99
-99
-99
-99
-99
-99
-99
-99
-99
-99
-99
-99
-99
-99
-99
-99
-99
-99
-99
-99
-99
-99
-99
-99
-99
-99
-99
-99
-99
-99
-99
-99
-99
-99
-99
-99
-99
-99
-99
-99
-99
-99
-99
-99
-99
-99
-99
-99
-99
-99
-99
-99
-99
-99
-99
-99
-99
-99
-99
-99
-99
-99
-99
-99
-99
-99
-99
-99
-99
-99
-99
-99
-99
-99
-99
-99
-99
-99
-99
-99
-99
-99
-99
-99
-99
-99
-99
-99
-99
-99
-99
-99
-99
-99
-99
-99
-99
-99
-99
-99
-99
-99
-99
-99
-99
-99
-99
-99
-99
-99
-99
-99
-99
-99
-99
-99
-99
-99
-99
-99
-99
-99
-99
-99
-99
-99
-99
-99
-99
-99
-99
-99
-99
-99
-99
-99
-99
-99
-99
-99
-99
-99
-99
-99
-99
-99
-99
-99
-99
-99
-99
-99
-99
-99
-99
-99
-99
-99
-99
-99
-99
-99
-99
-99
-99
-99
-99
-99
-99
-99
-99
-99
-99
-99
-99
-99
-99
-99
-99
-99
-99
-99
-99
-99
-99
-99
-99
-99
-99
-99
-99
-99
-99
-99
-99
-99
-99
-99
-99
-99
-99
-99
-99
-99
-99
-99
-99
-99
-99
-99
-99
-99
-99
-99
-99
-99
-99
-99
-99
-99
-99
-99
-99
-99
-99
-99
-99
-99
-99
-99
-99
-99
-99
-99
-99
-99
-99
-99
-99
-99
-99
-99
-99
-99
-99
-99
-99
-99
-99
-99
-99
-99
-99
-99
-99
-99
-99
-99
-99
-99
-99
-99
-99
-99
-99
-99
-99
-99
-99
-99
-99
-99
-99
-99
-99
-99
-99
-99
-99
-99
-99
-99
-99
-99
-99
-99
-99
-99
-99
-99
-99
-99
-99
-99
-99
-99
-99
-99
-99
-99
-99
-99
-99
-99
-99
-99
-99
-99
-99
-99
-99
-99
-99
-99
-99
-99
-99
-99
-99
-99
-99
-99
-99
-99
-99
-99
-99
-99
-99
-99
-99
-99
-99
-99
-99
-99
-99
-99
-99
-99
-99
-99
-99
-99
-99
-99
-99
-99
-99
-99
-99
-99
-99
-99
-99
-99
-99
-99
-99
-99
-99
-99
-99
-99
-99
-99
-99
-99
-99
-99
-99
-99
-99
-99
-99
-99
-99
-99
-99
-99
-99
-99
-99
-99
-99
-99
-99
-99
-99
-99
-99
-99
-99
-99
-99
-99
-99
-99
-99
-99
-99
-99
-99
-99
-99
-99
-99
-99
-99
-99
-99
-99
-99
-99
-99
-99
-99
-99
-99
-99
-99
-99
-99
-99
-99
-99
-99
-99
-99
-99
-99
-99
-99
-99
-99
-99
-99
-99
-99
-99
-99
-99
-99
-99
-99
-99
-99
-99
-99
-99
-99
-99
-99
-99
-99
-99
-99
-99
-99
-99
-99
-99
-99
-99
-99
-99
-99
-99
-99
-99
-99
-99
-99
-99
-99
-99
-99
-99
-99
-99
-99
-99
-99
-99
-99
-99
-99
-99
-99
-99
-99
-99
-99
-99
-99
-99
-99
-99
-99
-99
-99
-99
-99
-99
-99
-99
-99
-99
-99
-99
-99
-99
-99
-99
-99
-99
-99
-99
-99
-99
-99
-99
-99
-99
-99
-99
-99
-99
-99
-99
-99
-99
-99
-99
-99
-99
-99
-99
-99
-99
-99
-99
-99
-99
-99
-99
-99
-99
-99
-99
-99
-99
-99
-99
-99
-99
-99
-99
-99
-99
-99
-99
-99
-99
-99
-99
-99
-99
-99
-99
-99
-99
-99
-99
-99
-99
-99
-99
-99
-99
-99
-99
-99
-99
-99
-99
-99
-99
-99
-99
-99
-99
-99
-99
-99
-99
-99
-99
-99
-99
-99
-99
-99
-99
-99
-99
-99
-99
-99
-99
-99
-99
-99
-99
-99
-99
-99
-99
-99
-99
-99
-99
-99
-99
-99
-99
-99
-99
-99
-99
-99
-99
-99
-99
-99
-99
-99
-99
-99
-99
-99
-99
-99
-99
-99
-99
-99
-99
-99
-99
-99
-99
-99
-99
-99
-99
-99
-99
-99
-99
-99
-99
-99
-99
-99
-99
-99
-99
-99
-99
-99
-99
-99
-99
-99
-99
-99
-99
-99
-99
-99
-99
-99
-99
-99
-99
-99
-99
-99
-99
-99
-99
-99
-99
-99
-99
-99
-99
-99
-99
-99
-99
-99
-99
-99
-99
-99
-99
-99
-99
-99
-99
-99
-99
-99
-99
-99
-99
-99
-99
-99
-99
-99
-99
-99
-99
-99
-99
-99
-99
-99
-99
-99
-99
-99
-99
-99
-99
-99
-99
-99
-99
-99
-99
-99
-99
-99
-99
-99
-99
-99
-99
-99
-99
-99
-99
-99
-99
-99
-99
-99
-99
-99
-99
-99
-99
-99
-99
-99
-99
-99
-99
-99
-99
-99
-99
-99
-99
-99
-99
-99
-99
-99
-99
-99
-99
-99
-99
-99
-99
-99
-99
-99
-99
-99
-99
-99
-99
-99
-99
-99
-99
-99
-99
-99
-99
-99
-99
-99
-99
-99
-99
-99
-99
-99
-99
-99
-99
-99
-99
-99
-99
-99
-99
-99
-99
-99
-99
-99
-99
-99
-99
-99
-99
-99
-99
-99
-99
-99
-99
-99
-99
-99
-99
-99
-99
-99
-99
-99
-99
-99
-99
-99
-99
-99
-99
-99
-99
-99
-99
-99
-99
-99
-99
-99
-99
-99
-99
-99
-99
-99
-99
-99
-99
-99
-99
-99
-99
-99
-99
-99
-99
-99
-99
-99
-99
-99
-99
-99
-99
-99
-99
-99
-99
-99
-99
-99
-99
-99
-99
-99
-99
-99
-99
-99
-99
-99
-99
-99
-99
-99
-99
-99
-99
-99
-99
-99
-99
-99
-99
-99
-99
-99
-99
-99
-99
-99
-99
-99
-99
-99
-99
-99
-99
-99
-99
-99
-99
-99
-99
-99
-99
-99
-99
-99
-99
-99
-99
-99
-99
-99
-99
-99
-99
-99
-99
-99
-99
-99
-99
-99
-99
-99
-99
-99
-99
-99
-99
-99
-99
-99
-99
-99
-99
-99
-99
-99
-99
-99
-99
-99
-99
-99
-99
-99
-99
-99
-99
-99
-99
-99
-99
-99
-99
-99
-99
-99
-99
-99
-99
-99
-99
-99
-99
-99
-99
-99
-99
-99
-99
-99
-99
-99
-99
-99
-99
-99
-99
-99
-99
-99
-99
-99
-99
-99
-99
-99
-99
-99
-99
-99
-99
-99
-99
-99
-99
-99
-99
-99
-99
-99
-99
-99
-99
-99
-99
-99
-99
-99
-99
-99
-99
-99
-99
-99
-99
-99
-99
-99
-99
-99
-99
-99
-99
-99
-99
-99
-99
-99
-99
-99
-99
-99
-99
-99
-99
-99
-99
-99
-99
-99
-99
-99
-99
-99
-99
-99
-99
-99
-99
-99
-99
-99
-99
-99
-99
-99
-99
-99
-99
-99
-99
-99
-99
-99
-99
-99
-99
-99
-99
-99
-99
-99
-99
-99
-99
-99
-99
-99
-99
-99
-99
-99
-99
-99
-99
-99
-99
-99
-99
-99
-99
-99
-99
-99
-99
-99
-99
-99
-99
-99
-99
-99
-99
-99
-99
-99
-99
-99
-99
-99
-99
-99
-99
-99
-99
-99
-99
-99
-99
-99
-99
-99
-99
-99
-99
-99
-99
-99
-99
-99
-99
-99
-99
-99
-99
-99
-99
-99
-99
-99
-99
-99
-99
-99
-99
-99
-99
-99
-99
-99
-99
-99
-99
-99
-99
-99
-99
-99
-99
-99
-99
-99
-99
-99
-99
-99
-99
-99
-99
-99
-99
-99
-99
-99
-99
-99
-99
-99
-99
-99
-99
-99
-99
-99
-99
-99
-99
-99
-99
-99
-99
-99
-99
-99
-99
-99
-99
-99
-99
-99
-99
-99
-99
-99
-99
-99
-99
-99
-99
-99
-99
-99
-99
-99
-99
-99
-99
-99
-99
-99
-99
-99
-99
-99
-99
-99
-99
-99
-99
-99
-99
-99
-99
-99
-99
-99
-99
-99
-99
-99
-99
-99
-99
-99
-99
-99
-99
-99
-99
-99
-99
-99
-99
-99
-99
-99
-99
-99
-99
-99
-99
-99
-99
-99
-99
-99
-99
-99
-99
-99
-99
-99
-99
-99
-99
-99
-99
-99
-99
-99
-99
-99
-99
-99
-99
-99
-99
-99
-99
-99
-99
-99
-99
-99
-99
-99
-99
-99
-99
-99
-99
-99
-99
-99
-99
-99
-99
-99
-99
-99
-99
-99
-99
-99
-99
-99
-99
-99
-99
-99
-99
-99
-99
-99
-99
-99
-99
-99
-99
-99
-99
-99
-99
-99
-99
-99
-99
-99
-99
-99
-99
-99
-99
-99
-99
-99
-99
-99
-99
-99
-99
-99
-99
-99
-99
-99
-99
-99
-99
-99
-99
-99
-99
-99
-99
-99
-99
-99
-99
-99
-99
-99
-99
-99
-99
-99
-99
-99
-99
-99
-99
-99
-99
-99
-99
-99
-99
-99
-99
-99
-99
-99
-99
-99
-99
-99
-99
-99
-99
-99
-99
-99
-99
-99
-99
-99
-99
-99
-99
-99
-99
-99
-99
-99
-99
-99
-99
-99
-99
-99
-99
-99
-99
-99
-99
-99
-99
-99
-99
-99
-99
-99
-99
-99
-99
-99
-99
-99
-99
-99
-99
-99
-99
-99
-99
-99
-99
-99
-99
-99
-99
-99
-99
-99
-99
-99
-99
-99
-99
-99
-99
-99
-99
-99
-99
-99
-99
-99
-99
-99
-99
-99
-99
-99
-99
-99
-99
-99
-99
-99
-99
-99
-99
-99
-99
-99
-99
-99
-99
-99
-99
-99
-99
-99
-99
-99
-99
-99
-99
-99
-99
-99
-99
-99
-99
-99
-99
-99
-99
-99
-99
-99
-99
-99
-99
-99
-99
-99
-99
-99
-99
-99
-99
-99
-99
-99
-99
-99
-99
-99
-99
-99
-99
-99
-99
-99
-99
-99
-99
-99
-99
-99
-99
-99
-99
-99
-99
-99
-99
-99
-99
-99
-99
-99
-99
-99
-99
-99
-99
-99
-99
-99
-99
-99
-99
-99
-99
-99
-99
-99
-99
-99
-99
-99
-99
-99
-99
-99
-99
-99
-99
-99
-99
-99
-99
-99
-99
-99
-99
-99
-99
-99
-99
-99
-99
-99
-99
-99
-99
-99
-99
-99
-99
-99
-99
-99
-99
-99
-99
-99
-99
-99
-99
-99
-99
-99
-99
-99
-99
-99
-99
-99
-99
-99
-99
-99
-99
-99
-99
-99
-99
-99
-99
-99
-99
-99
-99
-99
-99
-99
-99
-99
-99
-99
-99
-99
-99
-99
-99
-99
-99
-99
-99
-99
-99
-99
-99
-99
-99
-99
-99
-99
-99
-99
-99
-99
-99
-99
-99
-99
-99
-99
-99
-99
-99
-99
-99
-99
-99
-99
-99
-99
-99
-99
-99
-99
-99
-99
-99
-99
-99
-99
-99
-99
-99
-99
-99
-99
-99
-99
-99
-99
-99
-99
-99
-99
-99
-99
-99
-99
-99
-99
-99
-99
-99
-99
-99
-99
-99
-99
-99
-99
-99
-99
-99
-99
-99
-99
-99
-99
-99
-99
-99
-99
-99
-99
-99
-99
-99
-99
-99
-99
-99
-99
-99
-99
-99
-99
-99
-99
-99
-99
-99
-99
-99
-99
-99
-99
-99
-99
-99
-99
-99
-99
-99
-99
-99
-99
-99
-99
-99
-99
-99
-99
-99
-99
-99
-99
-99
-99
-99
-99
-99
-99
-99
-99
-99
-99
-99
-99
-99
-99
-99
-99
-99
-99
-99
-99
-99
-99
-99
-99
-99
-99
-99
-99
-99
-99
-99
-99
-99
-99
-99
-99
-99
-99
-99
-99
-99
-99
-99
-99
-99
-99
-99
-99
-99
-99
-99
-99
-99
-99
-99
-99
-99
-99
-99
-99
-99
-99
-99
-99
-99
-99
-99
-99
-99
-99
-99
-99
-99
-99
-99
-99
-99
-99
-99
-99
-99
-99
-99
-99
-99
-99
-99
-99
-99
-99
-99
-99
-99
-99
-99
-99
-99
-99
-99
-99
-99
-99
-99
-99
-99
-99
-99
-99
-99
-99
-99
-99
-99
-99
-99
-99
-99
-99
-99
-99
-99
-99
-99
-99
-99
-99
-99
-99
-99
-99
-99
-99
-99
-99
-99
-99
-99
-99
-99
-99
-99
-99
-99
-99
-99
-99
-99
-99
-99
-99
-99
-99
-99
-99
-99
-99
-99
-99
-99
-99
-99
-99
-99
-99
-99
-99
-99
-99
-99
-99
-99
-99
-99
-99
-99
-99
-99
-99
-99
-99
-99
-99
-99
-99
-99
-99
-99
-99
-99
-99
-99
-99
-99
-99
-99
-99
-99
-99
-99
-99
-99
-99
-99
-99
-99
-99
-99
-99
-99
-99
-99
-99
-99
-99
-99
-99
-99
-99
-99
-99
-99
-99
-99
-99
-99
-99
-99
-99
-99
-99
-99
-99
-99
-99
-99
-99
-99
-99
-99
-99
-99
-99
-99
-99
-99
-99
-99
-99
-99
-99
-99
-99
-99
-99
-99
-99
-99
-99
-99
-99
-99
-99
-99
-99
-99
-99
-99
-99
-99
-99
-99
-99
-99
-99
-99
-99
-99
-99
-99
-99
-99
-99
-99
-99
-99
-99
-99
-99
-99
-99
-99
-99
-99
