20000101
0
0.1
0.1
0
0.1
0.1
0.1
0
1.3
0
0.1
0.1
0.1
0.42
1.48
0.1
0
0.1
0
0.1
0.1
0
0.1
0
0.1
0
0
0.1
0.1
0
0.1
0
1.4
0.1
0
0
0
0
0
0
0.1
0
0
0
0
0
0
1.3
0
0
0
0
0
0
0
0
0.1
0
0
0
0
0
0
0
0
0
0
0
0
0
0
0
0
0
0
0
0
0
0
1.5
0.1
0
6.9
0.5
3.4
0.8
17.29
37.62
4.16
1
6.6
0.2
0.8
0
0
0
0
0
0
0.1
6.1
6.6
0
0
1.87
0.03
0
0.8
0
0
0
0
0
2.2
0.1
0
0
2.2
7.6
0
0
0
0
0
0
5.2
0.1
0
0
0.1
35.19
0.3
0
0
0
0
0
25.8
0.1
0
0
1.5
7.3
4.7
6.2
8.6
2.4
8.39
0
0
0
0
0
0
0
0.04
39.55
0.1
0
0
0
42.88
1.3
0
2.5
10.39
0.2
0
0
0
0
0
0
0
0.05
0.15
0
0
0
1.5
31.79
0.1
0
0
0
0
0
0
0
0
0
5.3
0.1
0
0
0
0
0.38
1.43
3.4
2.7
1.7
0
0
12.89
0.1
3.7
0
0
0
0
0
0
0
0
2.5
0
0
0
0
0
0
0
1.1
0.6
0.1
0
0
0
1.4
0
0
0
0
0
0
0
0
0
0
0
0
10.98
10.71
0
0
14.29
0.1
0
0
0
0
0
0
0
1.8
0
0.1
0
0
0
4.8
11.7
1
0
0
0
0
0
0
4
26.49
6.9
10.89
1
0
0
0
2.8
0
0
0
0
0.2
6.4
0.2
8.7
0.1
12.39
0.1
0
0
0
0
13.19
3.1
4.9
0.1
0
1
0
0.1
0
0
12.3
0
0.2
0
0
0
12.19
0
0.1
0
0.1
0.2
0
1.6
0.3
0
0
0.1
0
0.3
0
0
0.6
15.79
0
0
0.58
0.23
0.2
2.4
5.5
0
0.1
0
0
0.1
2
11.69
0.2
0.1
0.1
0
0.1
0
0
0
0
0.1
0.1
0.1
0.5
22.82
27.21
31.43
31.79
0
0
0
0.2
0
0.1
0
0
0
0.1
0.4
0
3.3
3.3
10
0
0.1
2.2
1.6
0.5
16.64
13.65
9.1
0
0.1
0.1
0
0.1
0
0
0
0
0
0
8
0.2
0
0
0
0
0
0.1
0
0
0
0
0
0.1
0.1
0.1
3.3
11.62
0.67
0.1
0.1
0
0
0.1
0
0.1
0
0.6
0
0
0
0
0.1
10.9
1
0.1
0.9
0
4.8
14.89
0
0.7
0
11.6
0
0
0
0.8
1.3
0
0
0
0
0
0
0
0
12.99
0.4
0.9
2.9
0
0
0
0
0
0
0
0
0.8
0.1
0
0
0
0
0
0
0
1.1
1.7
2.5
19.29
2.5
0.6
2.1
0
0
0
0
0.3
0
0
13.49
5.3
0.3
4
0.2
0.7
0
0.4
0.9
0.1
4.8
1.9
0.1
0
0
0
0
1.36
3.44
0
0
10.1
8.2
4.7
2
0
0
0
0
0
0
13.2
0.1
0
0
0
0
0
0
0
0.05
10.05
0
0
5.1
0
0
0
0
0
0
0
0
0
0
0
0
0
9.8
0
0
0
0
0
17.69
0.3
0
2.3
0
3.8
4.9
0.1
0
0
0
21.21
34.37
2.5
0.1
0
15.89
0.1
0
0
0
0
0
0
0
0.7
0
0
0
0
0
0
1.2
0
0
0
0
0
0
0
0
0
5.6
0
0.4
0
7.1
0.1
0
0
0
0
0
0
0
0
0
0
18.79
0.1
0
0
36.58
1.4
0
0
0
0
0
0
0
0
0
0
0
0
0
0
0
0.1
2.6
17.39
0.7
0
2.3
0
0
2.8
1.5
0
0
0
0
0
0
0
0
0.1
0.68
2.91
0
0
0
0
0
0
0
15.19
4.74
20.64
0
0
0.1
0.1
0
0.1
0
0
0
0
0
0
0
0
0.1
0
0
0
0
0
0
7.99
0.4
0
0
19.79
17.99
14.39
0
0.1
0
0.2
0.1
0.1
0.1
0
0
0
0
0.2
0
0.1
0
0
0
0
0.1
0.2
0.1
0
0
0.1
0.1
0.1
0
6.6
5.79
0.2
0.2
0.1
0.1
0.1
0.1
0
0.1
0
0
0.1
0
0.1
0.1
0.7
0.1
0
4.05
5.45
0.1
0
0
0.1
0
0.1
0.3
0.1
0
0
0.1
0
0
0.1
0
0.1
0.1
0
0.1
0.1
0
0.1
0
0.2
0.1
0
0
0
0.1
0
0
3.18
1.22
0
0
0
0
0
0.1
0
4.7
0
6.7
2.1
0
0
0.1
0.1
0
0
0
0
0
0
0.4
0.8
6.3
0
0.2
12.19
0.1
0
0
0
0
0
0
2.2
1.6
0
0
0
0
0
0
0
0
0
0
0
0
0.1
1.3
5.1
1
0.1
0
1.1
22.69
0.4
0
0.3
30.88
0
5.8
14.29
12.49
0.8
14.79
7.15
1.65
0
0
1.9
3.3
0
0
0
0
0
0
0
0
0
0
0
15.79
38.28
3.1
6
4.4
1.3
26.69
48.35
10.61
9.2
25.28
0
0
0
0
0
0.04
4.56
0
0
0
0
20.89
0
0
11.79
12.99
0
0
0
0.4
0
0
0.9
9.1
30.38
2.5
0
19.19
0
0
0
0.2
0.3
0
0
0
0
0
0
0
0
0
0
0
0
0
0
0
10.1
0
0.1
0
0
0
0
6.3
0
2.4
0
0
0
11.4
9.79
0
0
0
0
0
0.1
0
0
0
0
0
0
0
0
0
0.1
49.28
23.19
10.69
0
0
0
16.5
0.2
0
9.39
7.2
0
0
0
0
0
0
0
0
0
0
0
0
0
0.2
15.7
1.5
1.9
5.9
0
0
0
0.9
0
0
58.79
12.59
13
0
0
7.1
2.2
0
0
18.09
3.5
0
0.1
0
12.1
0.1
0
0.18
4.02
0
0
0
0
0
0
0
0.1
0
0
0.3
0
0
0
0
0
0.01
30.87
4.8
0.1
0
0
0.1
0
0
0
0
0
0
4
0.2
0
0
0
0
0
0
0.1
0
0.7
0
0.1
0.1
0
0
0.77
0.13
0
0
0
0.6
0
0.1
18.59
0
0
0.1
0
0.02
13.27
3.8
0.2
2.1
21.66
0.22
0
0.1
0
0.1
1.1
0
1.5
0
0
0.1
0
0.1
0
0.5
30.28
2.9
0.2
0.1
0.1
0
0.1
0
0
0
0
0
0
0
0
0.1
0
0.9
0
0
1.1
0
0.1
0
0
0
0
11.3
0.3
2
2.9
0
0.1
0
0.1
0
0.1
0.1
0
0.1
4.39
0.3
2.3
0.1
0
0
0
0.9
0.2
0
0.4
0
0
0
0
0
0.9
0
0
0
0
0
0.5
0
0
1.7
0.6
6.49
0.1
0
4.3
9.62
34
0.66
0.4
0.3
1.1
12.99
42.07
0.1
0.1
0
0
0.4
0.1
0
0.7
0
0
0
0
0
0
0
0
2.1
0
0
0.1
0
0
0
0
0
0
0
0
0
33.53
3.15
0.5
0
3.7
1.58
0.52
0
0
0
0
0
14.09
2.9
0
0
0
0.4
0.1
0
0
0.1
2.1
0.1
0
0
0
0
0
0.5
0
0
0
1.7
1.1
0
0
0
0
0.4
11.1
2.2
0
0
16.49
0
0
0
0.2
10.39
6.1
0
15.9
0
0
0
0
6.8
17.49
0
0
0
0
0.2
0
0
28.19
0.1
0
0.9
0.7
0
0
0
0
0
0
0
0
16.59
0.45
8.65
0
0
0
0
0
0
0
0
0
10.19
6.1
0
0
0
0.9
0.6
0
0.2
15.34
0.25
6.3
3.1
0
0
0
0
0
0
0
0
0
0
1.6
0
0
3.5
0.1
0
0
0
0
0
7.4
0.1
0
0
0
0
0
0
1.6
0
2
0
0
0
0
0
0
7.1
8.4
0.3
0
16.19
3.6
0.8
1.6
11.2
0
25.5
0.1
0
0
0
14.45
13.05
14.8
0
0
0.8
19.1
8.5
0.2
0
0
0
0
0
0
0
0
0
0
0
0
0
6.24
0.06
0
0
0
16.4
25.7
0.3
11.41
32.49
0
0
4.5
0.1
0.1
0
0
0
0
0
0
22.4
0.1
13.03
1.51
62.16
4.7
14.1
0.2
0
0.2
0
0
0
18.76
1.67
9.73
1.13
0.1
4.7
0.9
0.1
0
0
0.1
0.1
0.3
0
6.3
0
0
0.2
0
0
0.61
8.99
0.1
0
0
0
0
0
17.9
8.4
0
0
1
0
0.1
0
15.67
0.63
28.2
45.99
4.41
0.14
4.56
1.5
0.1
0
0.1
0
0
0
0
0
0.1
0
1.8
0
0
0
0
0
0.1
0.1
0
2
0
0.1
0.2
0.1
0.1
0
0
0.1
0.1
0
0.3
0.1
0.2
0
0.1
0
1.2
0.1
0
0.9
0
0
0.2
0
0
0.2
0.9
0
0
2
0
0
0
0
0
0
0.1
0
0
0.1
0
0
0
0
0
0.1
0
0
0
12.3
5.7
0.3
0.2
28.8
6.2
0.5
5.1
0
1.8
11.6
0
0.1
0
0
0
0
0
0
0
0
0
0
0
0
0
3.8
0.2
0
0.1
0
0
0
0
0
0
0
0
0.1
0.8
4.7
2.2
26
37.2
7.8
0
15.3
0
0
0
0
14.6
10.3
0
0.5
0
0.9
0.1
14.3
0.1
19.9
0.1
6
0
0
0
24.8
0
0
0
0
0.58
6.32
21
0.5
0.3
0.4
5.7
0.06
12.84
0
2.4
0.3
0
3.3
7.52
0.28
0
0
35
0.1
0
0.9
0.3
0.8
3
16.9
0.1
0
0
0
7.6
0
0.1
4.1
0.5
0
0
0
0
0
0
0
0
0
0
10.3
30.2
0
1.69
9.35
0.07
0
0
26.19
0.11
0
0.2
0
3.7
0
2.2
0.1
0
0
0
0
0
0
0
0.1
6.51
0.99
0
0
5.9
5.2
0
0
0
0
8.5
0
0
0
0
0
0
0
5.9
0
0
0
0
1
0.2
0
10.8
0.1
0
7.5
0
0
0
0
0
0.2
0
0
0
0
0
0
0.2
0
0
0
0
0
1.8
0.6
0
0
0
0
15.4
47.6
2.3
6.9
0.2
0.9
0
0
0
0
0
0
0
5.1
0.9
0
0.7
54
0
0
0
0
0.1
0
0
0
0.2
0
0
0
0
0
0
0
0
0
0
0
0.5
0
0
0.1
0
1.2
0.1
0
0.1
0
0
0
1.37
0.03
0
0.6
0
0
0
6.1
2.2
3.5
0.6
0.1
0.4
4.9
3.1
0
0
0
0
0.1
0
0
0
0.5
0
0
0.1
0
0
0
0.1
0.1
0
0
0.1
0
0.1
0.1
0
0
0.1
0
5.3
0
6.3
0
0.3
3.2
0.2
0.1
18.3
12.9
14.7
0.1
0.2
0.1
0
0
0
0.1
0
0
0
0
0.3
0.1
0
0.2
0.9
0.1
0
0
0
0
0
0.1
0.1
0.1
0.1
0.1
0.3
0.1
0.1
0.1
0.1
0.1
0.1
0.1
0.1
0.1
0
0
0.1
4.5
0
0
0.1
0
0
0.3
0
0
0
0
0
0
0
0
0.1
0
0.2
0.5
13.85
4.33
1.55
0
0.1
0.1
0
1.1
0
0
0
0
0
0
0
0
0
0.9
0.7
0
1.5
0
0
0
0.1
3.2
0
0.1
0
0
0
0
2.1
0
0
0
0
0
0
0
0
0
0.3
0.6
4.5
0
0
0
12
0.1
5.6
0.1
0.1
0
2.9
1.3
0
0
0
0
11.5
0
0
0
0
0
0
3.1
0.2
0
0.5
0.1
0
0
0
0
0.2
0
0
0
0
0
0
0
0
0
10.3
0
0
0
0
1.2
5.4
12
1
12.3
0.5
0.05
2.6
20.25
0.1
0
0
0
12.3
0.1
0
0
0
0
0
0
0
0
0
0
0
0
0
24
0
0
0
0
15.6
0.7
6.2
21.2
0
0
0
0
0
0.8
11.5
4.3
14.2
0.3
0
0
0
0.3
0
0
0
0
0
18.69
0.01
0
1.15
17.05
19.8
0
0
0
0
0
0
0
0
0
0
0
2.8
13.3
0
0
12.6
6.3
0.1
0
0
22.7
0.4
13.43
6.47
0
0.1
0
0
0
0
2.3
2.5
7.1
0
0
0
0
0
0.7
4.8
6
24.1
0.1
0
0
0
0
0
5.1
0
0
0
0
0.1
0
0
0
5.1
10.3
12
20.7
0
0.1
1.5
0
14
0
0
0.3
1.2
0
0
0
0
0
0
3.2
21.4
0.2
0.1
0
0.1
0
5.26
2.54
0
0
0
1.1
0
0
0.1
0.1
2.3
14.5
25.2
14.75
11.55
0.1
0.1
32.2
0.1
0.1
0
0
0.3
0.1
0
0.1
0
0
0
0
1.1
0
0
0
0.2
0.1
0
0.1
0.1
1.5
2.4
0
4.5
14
29.6
10.6
0.1
0
0
0
0
0.1
0.1
0.1
0.1
0.4
0
0.1
0.2
0
0
0.1
12.5
1.4
0.3
0
0.1
0.1
0
0.1
0
0.1
0
0
0.2
0.1
0.1
0.2
0.1
0.1
0.1
0.2
0.1
0
0.1
0.1
0.1
0.1
0
0
0.1
0
0.1
0.1
0
0
0.1
0.16
11.01
6.73
0.1
0
0
0.1
0.1
0
0.3
0
0
0
0.1
0.2
0
0.1
0.1
0.1
0
1.1
3.7
18.8
63.5
29.1
0.6
0.2
0.2
0.2
0
0
0.1
0.1
0.1
0
0
0
0
0
0
0
0
0
0
4.3
0
0.7
0
0.1
1.2
0
3
0.4
0
0.1
0
0
0
0.4
0
0.6
0.3
4.4
0.1
7.2
0
0
0
0
0
0
10.4
6
4.9
20.3
10.9
0
0
0
0
0
0
0
0
0
0
0.1
0
0
33.7
32.3
0.6
0.2
0
0.6
0
0
0
0
0.2
0.3
0.5
0
0
4.3
0
0
0
0
0
0.1
0
0
0
0
0
0
0
0
0.1
0.5
0.9
0.5
0
0
0
0
18
0
0
0
0
0
0
0
0
0
7.3
0.1
0
0
0
0
0
8.63
0.18
0
0
0
0
0.2
0
0
0
0
0
0
0
0
0
0.4
0.2
0
0
0
0
0
0.3
0
0
0.4
0
0
8.9
0.1
0
8.4
0
0
0
25.8
13.6
0
5.1
0
0
0
0
0.5
8.5
2.4
0
1.6
0.4
0
0
0
0
3.7
0.3
0
0
0
3.9
0.1
0
0
0
0
0.1
0
0
0
0
0.1
0
0
0
6
0
0
28
0.1
0
0
0
0
0
0
2.6
14.67
5.63
0
0
0
0
0.2
0.1
0
0
0
0
0
0
0
17.7
0.1
0
5.7
5.8
37.6
12.8
0.1
0
0
0
0
0
0.1
0.71
26.59
1.5
0.2
0
0
0
0
0
0
0
0
2.9
0
0
0
0
0
0
17.31
5.59
0.1
0.1
0
0
0
11.5
0
0
0
0
0
0
0
0
0
0
0
0
0
0
0
0
0
0
0
0
0
0.1
0.1
0
0
0
0.1
0
5.8
3
0.1
0.1
0
0
0
0
0
0
0
0.1
0
0
0
0
0
0
0
0
5.5
0.1
1.7
0.1
0.1
0
1
0
0.1
10.45
0.23
0.23
0.1
0.1
0.1
0.1
0.2
0
0
0
0.1
0.1
0.1
0.1
0.1
0.1
0.1
0.1
0.1
0
0
0.1
0.1
0.1
0.1
0
0.1
0.1
0.1
0
0
0
0
0.1
0
0
0
6.9
0.6
0
0
0
0.1
0
0
0
1
0.1
0
0
0
2
1.2
0
5.9
0
0
0.1
1.2
0.3
0
0
0
13
1.3
0
0
4.4
0.1
0.3
0.3
1
0
0
0
0
0
0
0
0
0
1.85
0.05
0
0
0
0
0
0
0
0.1
0
0
0.5
1.3
0
0
0
0
0
1.8
0.6
0.7
0
4.3
9.1
1.6
26.43
16.57
1
3.6
0.2
0
0.1
0.12
4.98
0.7
16.2
17.8
16.1
7.2
0.1
1.6
0.1
1.6
0.8
0.1
0
0
0
0
0
0.6
8.9
0
0.5
28.5
4.3
0.1
0.3
1.7
0
0
0
0
0
0
0
0
15.1
0
0
0
0
2.9
0
1.7
0
0
0
0
0
0
0
0
0
0
0
0
0
0
0
0
0
0
0
0
0
0
0
0
0
0
0
0
0
0
0
0
0
0
0
0
0
0
0.1
0
1.1
0.1
0
0
0
0
0
0.1
0
0.6
1.6
0
0
0
0
0
0
1.1
0
0
0
8.7
0
0
0
0
0
0
0.4
0
0
0
0
0
0
0.6
20.9
8.1
0.9
0
0
0
12.2
0
0
0
1.9
0
0
32
0
2.7
0.9
7.7
0.5
0.3
0
0
0
0.8
0
0
0
0
8.4
0
0
0
0
0
0
0
0
0
0
4.6
0
0
10.1
0.3
0.1
0
0
1.7
0
5.6
0
0
0
0
0
0
0
0
1
6.1
24.5
0.1
6.9
12.2
0
24.4
1
0
0.1
0
0
0.1
1.6
0.1
0
0
0.1
0
0
0
2.4
0.6
0
0.1
0
0
0
0
0.1
0
0.1
0
0.1
0.1
0.2
0.1
0.1
0.1
0.1
0
0
0
0
0
0
0
13.6
2.2
0.2
2.8
0
0.1
0.1
0
0
0.1
0.2
0.2
0.1
0
0
0.1
0.2
0
0.83
0.18
0.1
0
0
0.1
0.1
0.1
4.8
0.1
0.6
0
1.3
1.02
2.08
0
0
0
0.1
0.1
0.1
0.1
0
0.2
0.3
0.2
23.4
0
0
0
0.1
0
1.6
0
6.3
0.5
0.3
0.1
0.2
1
0
0
0.1
0
0.1
0
0.1
0.1
0
0.1
0.2
0.1
0.1
0.1
0
1.6
0
7.3
11.2
0
0.1
0.3
0.1
0.1
0.1
0
0.1
0.1
0
0
0.1
0
0.1
2.8
0.9
1.55
0.05
0
0.1
1
0.2
0
0
0
11
0
0
0
0
0
0
0
4.6
0
0
0
0
0
0
0
0
5.5
7.5
0.1
0
5.3
2.5
1.9
0
5.7
0
0
0
26.6
5.2
0
0
0
0
0
0
0.1
0.5
1.2
6.76
13.34
2.1
0
0.2
0
0
5
20.22
0.18
19.7
18.1
0
4.6
0
9.6
0
0
4.3
0
0
0
0
0
0
0
0.1
0
0
27.35
40.85
4.9
0.3
7.6
2.3
0.3
2.4
32.3
2.1
0
0.4
0.1
7.2
0.9
7.3
42.1
0.9
13.9
0.1
0.1
0.4
0.4
13.8
23.54
4.66
0.1
9.6
0.2
0.2
0
0
2.7
8.9
0.1
18.7
0.3
13.7
8.8
17.8
0
0
0
0
0
0
0
0
4.1
9.9
0
0
0
2
0
0
0
1.9
21.9
2.8
0
0
0
4.6
41.9
3.2
0
0.1
0
0
0
0
0.5
0
0
0
0
15.7
0
6.6
0
0
0
0
0
0
0
2.9
0
0
0.1
0
0
0
2
0.1
0
1.3
6.6
0
0
0
0
0
0
91.6
0
0
11.9
0
0
0
0
0
0.1
0
0
0
0
0
0.2
0
0
0
0
37.53
1.47
0
0
0
0
0
1.7
0.6
0
0
0
0.1
0
0
0
0
0
0
0
0
0
0
0
0
0
0
-99
0
0
0
0.2
0
0.1
0
4.5
3.1
3.8
0
0
0
0
4.6
0
0
0
0.1
14.72
13.37
0
22.7
22.7
57.6
0
0
0.1
0
0
0
0
0
0
10.7
0
0.1
0.1
0.3
0.1
0.1
0
0
0.1
0
0
0
0.1
0.1
0
0.1
5.7
0
0
0
0
0
0
0.1
0
0
2.8
0
0
0
2.02
8.48
2.4
0
0
0.1
0.1
0.3
0.2
0.3
0.2
0.1
0.3
26.3
47
35.1
4.25
0.97
0
0
0
0
0
0.1
1
11.5
0.1
2.7
6.4
0
0
0.2
0
0.3
0.1
0
0.1
1.3
0.3
2.2
0.71
2.39
0.7
1.9
0.1
0.2
0.2
0
0.1
10.1
15.45
10.35
11.8
0.2
4.2
0.1
0
0
0
0.3
0.2
0
0
0.1
0
0
0
0.1
0
0
0
0.1
0
0
0
0
0
0.1
4.3
6.6
2
3.3
0.1
0
0
0
0
0
0
0
0
0
0
0
0
0.1
0
0
0
0
0
0
0
0
0
26.4
8.5
0.3
15.3
1.1
3.7
0
0
5.1
0.1
22.6
3.8
0.1
2.7
15.8
5.9
0.1
0.1
9.8
1.9
4.4
2.2
32.7
0.1
0.1
0
0
0
0
9.6
1
2.6
0.3
19.93
0.47
0
0
0
0
0
0.5
0.1
0
0.4
0
0.3
0.6
9
0.1
0
0
0
0
0
0
0
0
0
0
1.8
0
0
0
0
7.2
0
0
0
0
10.53
0.17
0
10.6
0.1
0
0
0
0
0
0
1.8
0
0
15.1
0.1
0
0
0
23.3
16
26
0
8.1
0.1
5.8
5
0
0
2.5
9.63
5.77
4.43
3.87
0.31
1.29
0
0
0
6.4
0.1
0.2
0
0
0
0
1.99
0.31
0
0
0
0
0
0
0
0.1
0
0.07
2.83
0
0
0
0
13.9
0.7
20.8
5.3
0
0
0
0
0.3
0.5
1.4
0.1
0
0
0
3.5
0
0
1
3.8
0
0.6
0
0
0
3.89
0.01
0
0
0
0
0
0
0
0
0
4.8
7
5.3
3.2
0
4.3
0.7
1.4
0.1
0.9
0
0
0
0
25.1
0
0.1
0
0
2.6
0
0
0.1
0
0
0
0.8
0
0
0
0
0
0
0
0
0.1
0.1
0
25.43
25.17
4.2
0.1
0
0
0
0.1
0
0
0
0
0.1
1.4
0
3.5
1.3
0.1
3.4
0.2
0.2
0.1
0.3
0
0.1
0
0
0
0
0
0
0
0
0.3
0
0
0.2
0
0
0
4.9
0.1
0
0
0
0
0
0
0
0
0
0
0.3
0.1
0.1
0.3
0
0.1
0
0
0.1
0
6.7
6.3
15.47
24.83
0.7
3.5
0
0.2
0.6
0.7
0
0.7
0.1
0
0.01
13.29
0
2.8
1.7
0
0
0
0.5
0.18
8.92
0
0
0
0
0
6.5
0
0
0.1
0.5
0
0
0.1
0
0
0
0.3
5.7
0.1
0.2
4.1
0.2
0
0
10
8.7
0.1
0
0
0
0
0
8.8
2.6
2.7
7.6
0.1
0.4
0.1
0.1
0
0
0
0.7
0
0
1.4
23.9
0.2
0
0
0.3
0.2
9.8
0
0
0
0
0.1
0.1
0
0
0
0
0
7.5
7.5
0
0
2.2
0.9
0
0
0
1.1
0.4
1.1
0.1
0.5
5.5
0
0
1.1
0
0
0
0.5
16.7
7.6
0.1
0.6
1.1
0.1
0
0
0
0
0
1.2
0.1
0.1
0.1
0
0
0
0.5
28.6
14.9
37.1
14.3
2.72
1.57
0
0.4
2.3
0.3
0
21.9
19.54
3.06
0
0
0
0
0
0
0
4.2
0.1
0
0
0
1
2.1
0
0
0
0
0
0
0
0
5.5
0
0
20.5
21.5
4.5
0.1
28.9
20.1
0.5
0.2
8.25
19.95
0
0
0
0
0
0
0
0.1
17.6
0.4
0.3
5.5
0
0
0
10.92
0
0
0
0
0
0
9.42
0
0
0
0
0.08
0
0
0
0
24.67
8.33
30.08
0
0
0
0
0
0
0
0
0
5.8
0.1
0.2
0
0
0
0
9.1
0.1
3.1
9.5
0.8
12.2
0.1
0
0
1.4
5.1
0.2
0
0
0
0
0
0
0
0
0
0
0
0
0.1
0
0
0
0.7
12
0
0
0
0
11.7
0
0
0
35.5
24.6
2.3
0
0.1
2.5
0.1
0
0.9
0.1
0
0
0
0
0
0
0
0
2.7
0
0.1
0
0
0.4
63.2
47.3
8.2
0.7
0
0
0.6
0
0
0.1
0.1
0
0
0
0
0
0
0.1
0
0
1
5
0
0
0
0
0
0.1
6.9
0
0
0.1
0
0
0
0.1
2.5
0.1
0.9
0.1
0
3.2
0
0
0.2
0.1
0.1
0
0.1
0
0.1
21.6
0.1
0
0.1
0.3
0
0
0
0.7
0
0
0.1
0.3
0.3
0
0
0
0
0.1
0.1
0.2
6.4
16.5
4.6
0
0.5
0
0.1
0.1
0
0.1
0.3
0
0
0
0.1
0
0
0.1
0
0
0
0
0.1
0
0.1
0.5
0.1
0.3
0.1
0
0
0
0
0
0
0
0.1
1.9
7.3
13.8
4.2
7.6
0.1
0.5
0
0.1
0.2
0.3
0.1
0.2
0.2
0.3
0.1
0
0.1
2.6
0
0
0.4
0.1
0.2
0
1.8
0.1
0.1
0
0
0
0
0
0
0
2.8
0.6
0.5
0.1
0
3.4
0
0
0
47.7
1.9
18
82.9
1.6
0.1
0.1
0
0
2.7
5.4
0.1
0
0.1
0
0.3
0.2
13.3
0.4
0
0
0
0
0
0
0
0
0
0
2.5
0
0
0
0
1.1
0
0
0
0
0
0.2
0.5
20.3
1.7
1.9
0.1
3.8
13.5
0.4
0
0
0
3.2
0
10.2
0
2.1
0.9
0
0
0.2
14.4
0.6
40.5
0.6
0
0
0
0
0
0
0.4
0
0
0
0.4
1.3
0.2
0
10
2.6
0
0
11.5
18.5
10.2
16.3
2.6
6.6
0.4
37.8
4.2
0.8
12.2
0.2
0.1
2
3.9
0
0
0
0.5
0.1
0.1
0
0
0
0
0
0
0
0
0
3.5
32.3
0.1
1.4
0
0
0
0
0
5.3
8.8
1.6
0
0
2.8
0
9.8
0
0
0
0
0
1.6
58.8
28.8
0.1
0
0.5
0
0
0
41.1
1.8
33.9
0.1
1.6
0
0
0
0
0
0
25.9
0.2
0
0
0
0
0
0
0
0
13.8
0
0
0
0
3
0.2
9.4
0.1
0
0.9
7.2
0.2
0
0
0
0
0
0
0
0
0
0
0
0
83.7
0.1
0
0
0.1
0.1
5.5
0
0.1
0
0
0
0
0
0
0
0
0
0
0
0
0
0
0
0
0
0
0
0
0
0
10.6
0
0
0
6.1
12.6
0.1
0.1
30.8
8
0
7.9
0
0
2.7
59
34.8
3.8
3
0
0.1
0
0
0.1
0
0.7
6.2
33.1
7.7
0
0
1.6
4.3
31
13.1
0.2
0.1
0.1
0.1
0.5
0
0.2
0.1
0.2
0
0.3
0.7
0
0
0
0.1
0.1
0
0
0.1
0
0
0
0.2
0
0.1
0
0
0
0
0.1
0.1
0
0.2
0.1
0.2
0.4
0
0
0
0.1
0
0.1
0.1
0
0
0.1
0.1
0
0.1
0.3
0.1
0.1
0.1
1.5
0.5
0
0.1
0
0.1
0.2
0.1
0.2
0.1
0.1
2.8
0.2
0.1
0
0
0
0.2
0
0
0.1
0.3
0
0
0
0
0
0
0
0
0
0
0
0
0
0
0
0
0
0
0
0
0
0
0
0
0
1
0.1
0
0
0
0
0
0
0
0
0
0
0
0
0
0
0
2.4
16.4
33.5
0
0.1
0
0
0
0
0
0
0
0
0
6.7
20.5
4.1
2.2
0.6
0
0
3.6
0
5.3
0.5
3.6
0
0
0.1
3.5
3
0.4
0
0.8
0
2.2
0
0
0
15.9
0.6
19.1
0
3.7
0.1
0
0
20.1
0.1
0
0
0
0
0
4.1
11
0.1
0
0
0
0.1
17.3
0.1
0
0
3.1
0
0
3
19.5
0.7
2.7
0.4
0.2
0.1
0.1
0.1
0.1
0.1
0
0.1
0
0
0.2
2.5
1
0.1
0.1
0.1
0
0
0.1
0
0
0
0
0
0
0
0
0
0
0
1.3
0.7
0
0
0.7
5.3
0
0
0
0
0
0
0
0
0
0
0
0
0
0
0
0
0
0
0
0
0
0
0
0
0
0
0
0
0
2.3
5.9
0.4
0.3
0.2
0.2
0.1
0.1
0.1
0.1
0
0
0
0
0
0.3
0.1
0
0
0
0.1
0
0
0.2
0
0.6
0.2
0.3
0.1
0
0.1
0
0.1
0.1
0.1
0
0
0.1
0
0
0
0
0
0
0.3
0.6
0
0
0
0
0
0
0.8
0
0.2
0.7
0.1
0.2
0.1
0
0.1
0
0.1
0.1
0
0.1
0
0.1
0
0
0.1
0
0.1
0
0.1
0
0
0.1
0
0
0.1
0.1
0
0
0
28.3
38.2
15.7
0
0
0
0.5
0
0
0
0
5.1
2.5
0
0
0.1
0
0
0
7.6
0
0
0
0
0
0
0
0
5.9
4.6
0
0
0
0
0
0
0
0
0.1
0
0
0
0
0
0
0
0
0
0
0
0
0
0
0
0
0
0
0
0
0
0
0.1
0
0
3.3
0
0.1
0
0.1
0
0
0
0.1
0
0
0.1
0
0
0.5
0
0
0
21.1
0.4
0.1
0.1
0
0
0
0.5
0.1
1
0
0
0
0
0.5
0
0
0
0
0
0
0
0.1
0.5
0
0
0
0
0
0
0.7
0.1
0
0
1.7
1.7
0
0
0
0
8.2
1.9
0
0
2.1
32.3
29.4
9
2.6
0.7
0.4
1.3
0.2
0.6
6.3
0
0.5
3.5
2.6
0
2.7
0
0
8.8
0.1
0.1
7.4
5.5
7.3
0.1
0
0.5
11
4.4
3.4
2.5
9.5
7.2
2.6
0
0
0
0
0
0
0
0
0
0
0
5.6
0.1
0
0
0
0
14.2
5
21.5
13.9
6.3
2
1.8
0.8
0.5
0.6
0.6
0.6
0.4
0.5
0.5
0.3
0.3
0.2
0.2
0.2
0.2
-99
-99
-99
-99
-99
-99
-99
-99
-99
-99
-99
-99
-99
-99
-99
-99
-99
-99
-99
-99
-99
-99
-99
-99
-99
-99
-99
-99
-99
-99
-99
-99
-99
-99
-99
-99
-99
-99
-99
-99
-99
-99
-99
-99
-99
-99
-99
-99
-99
-99
-99
-99
-99
-99
-99
-99
-99
-99
-99
-99
-99
-99
-99
-99
-99
-99
-99
-99
-99
-99
-99
-99
-99
-99
-99
-99
-99
-99
-99
-99
-99
-99
-99
-99
-99
-99
-99
-99
-99
-99
-99
-99
-99
-99
-99
-99
-99
-99
-99
-99
-99
-99
-99
-99
-99
-99
-99
-99
-99
-99
-99
-99
-99
-99
-99
-99
-99
-99
-99
-99
-99
-99
-99
-99
-99
-99
-99
-99
-99
-99
-99
-99
-99
-99
-99
-99
-99
-99
-99
-99
-99
-99
-99
-99
-99
-99
-99
-99
-99
-99
-99
-99
-99
-99
-99
-99
-99
-99
-99
-99
-99
-99
-99
-99
-99
-99
-99
-99
-99
-99
-99
-99
-99
-99
-99
-99
-99
-99
-99
-99
-99
-99
-99
-99
-99
-99
-99
0
0
0
0
0
0
0.1
0.1
0.3
0
0.1
0
0
0
0
0.3
0.1
0.2
0.3
0.1
0.3
0.3
0
0
0
0
0.3
0.1
0
0
5.8
0
0.3
0
0.1
1.8
3.7
0
0
0.1
0
0.1
0.1
0.1
0
0
9.6
0
0
0.1
0.1
0
0.1
0
0
0.7
0
0
0
0.1
28.8
0.2
0
0.1
3.6
0
0
0
0
0
0
3.8
1.4
0
6.5
0.2
0.1
0
6
0.1
6.5
0.1
7
4.8
0.1
0
0
0
0.1
22
0
0
0
0
10.7
0.1
0
0
2.3
1.4
0
0.4
0
0
5.8
9.4
0
0.1
0
0.1
0.1
0.1
0
0
0
0
0
0
0
0
0
0
0.1
4.2
0.5
0
12.3
1.3
0.1
0
0
3.4
0
0
0.4
41.7
0.1
0
0
0
2.8
0
0.4
16.6
0.1
0
0
0
0
0
0
0.5
5.7
11.4
3.6
0.4
1.2
0
6.1
0.1
0
13.7
0.6
11
0
0
0
0
0
0
0.1
0
0.3
2.8
3.1
13.8
0
0
0
0
0
0
3.4
1.7
0
0
0
0
22.7
4.8
6.9
2.8
8.3
0.6
0
0.3
0
0.7
0.4
0
0
0
0
0
0
1.8
1.3
6.2
0
0
13.9
18
0
0
0
0
0
45.5
4.2
0.6
0
0
19.7
0
0
0
4.6
1.4
0
10
8.3
0.1
0
0
0
0
7.4
0
0.1
0
0
0.4
2.7
4.8
0
0
0
0
4
0
0
0.2
0
0
0
0.1
0
0
0
0
0
0.1
0
0
0.1
0
0
23.4
0.1
0
0
0
0.5
8.1
4.2
5.7
56.2
1.6
0
0
0
10
0.3
5.6
9.7
0
0
0
0
10.7
72.3
53.4
0.1
27.5
8.4
0.5
0.1
0
0
5.6
0.1
0.1
0.1
0
0.2
0
0
0
0
0.4
0
0
0
20.9
9.9
0.2
2.6
0
0
31.2
2.2
0
0
0.1
0
6.1
0.1
7.6
0.2
0
0
0
0
0.1
0
0
0
0
0
0
0
0
0
0
0
0
0
0
0
10.6
10.4
0
0
0
0.2
0
2.6
3
0
0
11.2
0.1
0.1
0.3
0
0
0.1
0.2
0
0
3.9
4.5
4.6
3.2
18.6
86.8
39.2
0.1
0
0.2
1.3
0.1
0.1
0
0.1
0.1
0
0
0.1
0.2
0.1
5.5
0.1
0.4
0
0.1
0.1
0.1
0.2
0.3
0.2
0.5
0.1
0
0
0
0
0
0.1
0.1
0.1
0
0.3
0.2
0.1
0.1
0.1
0.1
0.1
0
0
0.1
0
4
0
0
12.9
0.9
0
0
0.5
0
0
0
0
0.1
3
2.3
0
0
0
0.3
0.2
0
0
0
0.3
0.1
0.1
0
0
0
0
1.3
0.1
0
0
0.1
0
0
0
15.4
0.6
0.5
0
0
0
0
0
0
6.7
0.1
0
0
0
0
0
0
0
5.6
6.3
4.9
0
1.1
1.3
0
0
36.9
0
1.8
0.1
3
0
0
0
0
0
0
0
0
0
0
0
0
0
0
0
0
0
0
0
0
0
22.6
7.4
0
0.1
0
0
0
0.1
0
0
0.1
0
0
0.1
0
0
0
0
0
0
0
0
0.1
0
0
0
0
0
0
0
0
0
0
7
0
0
0
0
0
0
0
0
0
0
0
0.1
0
0
0
0.1
0
0
0
0.1
0
0
15.8
0
9
0.1
7.5
7.7
0
0
0
0
0
24.5
10.3
0
0
0
0
0
0
0
0
0
-99
-99
-99
-99
-99
-99
-99
-99
-99
-99
-99
-99
-99
-99
-99
-99
-99
-99
-99
-99
-99
-99
-99
-99
-99
-99
-99
-99
-99
-99
-99
-99
-99
-99
-99
-99
-99
-99
-99
-99
-99
-99
-99
-99
-99
-99
-99
-99
-99
-99
-99
-99
-99
-99
-99
-99
-99
-99
-99
-99
-99
-99
-99
-99
-99
-99
-99
-99
-99
-99
-99
-99
-99
-99
-99
-99
-99
-99
-99
-99
-99
-99
-99
-99
-99
-99
-99
-99
-99
-99
-99
-99
-99
-99
-99
-99
-99
-99
-99
-99
-99
-99
-99
-99
-99
-99
-99
-99
-99
-99
-99
-99
-99
-99
-99
-99
-99
-99
-99
-99
-99
-99
-99
-99
-99
-99
-99
-99
-99
-99
-99
-99
-99
-99
-99
-99
-99
-99
-99
-99
-99
-99
-99
-99
-99
-99
-99
-99
-99
-99
-99
-99
-99
-99
-99
-99
-99
-99
-99
-99
-99
-99
-99
-99
-99
-99
-99
-99
-99
-99
-99
-99
-99
-99
-99
-99
-99
-99
-99
-99
-99
-99
-99
-99
-99
-99
-99
-99
-99
-99
-99
-99
-99
-99
-99
-99
-99
-99
-99
-99
-99
-99
-99
-99
-99
-99
-99
-99
-99
-99
-99
-99
-99
-99
-99
-99
-99
-99
-99
-99
-99
-99
-99
-99
-99
-99
-99
-99
-99
-99
-99
-99
-99
-99
-99
-99
-99
-99
-99
-99
-99
-99
-99
-99
-99
-99
-99
-99
-99
-99
-99
-99
-99
-99
-99
-99
-99
-99
-99
-99
-99
-99
-99
-99
-99
-99
-99
-99
-99
-99
-99
-99
-99
-99
-99
-99
-99
-99
-99
-99
-99
-99
-99
-99
-99
-99
-99
-99
-99
-99
-99
-99
-99
-99
-99
-99
-99
-99
-99
-99
-99
-99
-99
-99
-99
-99
-99
-99
-99
-99
-99
-99
-99
-99
-99
-99
-99
-99
-99
-99
-99
-99
-99
-99
-99
-99
-99
-99
-99
-99
-99
-99
-99
-99
-99
-99
-99
-99
-99
-99
-99
-99
-99
-99
-99
-99
-99
-99
-99
-99
-99
-99
-99
-99
-99
-99
0
0
0
0
0
0
0.8
15.3
0
0
0
0
0
0
0
4.1
0.1
0
0
0
3.3
0
0
0
0
0
0
0
0
13.9
0.2
0
0
0
6.4
0
0
0
8
0
0
0
0
0
0
0
0
5
0.1
0
0
0
0
0
1
16.8
0
0.5
0.5
0
0
0
0
0
0
0
0
10
0.5
0
0
0
4.3
1
0
0
0
0
0.5
25.6
0.1
0
10.5
6.5
0
0
0
0
0
0.1
0
0
5.8
7
5
0
0
0
0
0
0
0.3
0
0.7
4
8.3
0
0
0
0
0
26.7
33.2
9.5
0.1
0.1
0
0
0
0
0
0
0
0
2.5
0
0.1
0
0
0
0
0
22.4
0
0.5
14.7
4.2
2.1
0
0.1
0
0.1
0
0.1
0
0.1
0.1
0
0.1
0
0.9
21.4
9.8
37.7
0.9
0.1
13
0.6
0.1
2.1
0.1
0
0.3
0.2
1.6
11.1
0.1
0.1
0.1
0.3
0.1
0.1
0.1
0.3
0.2
0.3
18
2.7
0.1
0.3
3.3
2.6
0.1
0.1
0.1
0.1
0.1
0.1
0.1
0.3
0.2
0.1
0.3
0.1
0.1
0
0.5
0.1
0.1
0.1
0.1
0
0.1
0.1
0.3
0
0.4
0.3
0
0
0.3
3.8
1.5
0.9
1.5
0.1
1.6
17.8
14.5
14.9
0.9
0
0.1
0.1
0.4
1
2.3
1.1
0.1
12.8
12.7
0.1
0
1.6
0.3
21.6
10
0.4
0
0
0.1
0
0
0
0.1
0
0.1
0.1
0
0
0.1
0
0
3.1
17.3
0.1
0
0
0
0
0
0
0.1
0
0
0
0
0
0
0
0
0
0
0.8
51.5
43.2
0.1
1.4
0.1
0
0
0
0.8
0
0
0
0
0
0
0
0
2.8
0.1
0
0
1.3
13.2
0.1
0
0
0
0
0
0
0
0
7.6
21.5
17.8
0.1
0
2.1
0
0.5
4.3
0
0
0.7
0
0
0
0
4.3
0.1
0
3.2
0
0
0
8.3
0.1
0
0
1.5
0.1
0
0
0
0
0
0
4.7
0.2
11.2
2.1
1.7
2
0.9
0.1
0
0
0
0
0
0
0
0
0
0
0
0
0
29.9
0.1
0.1
0
0
0.2
0.6
7
3.3
0
7.5
6.5
0.1
0
0
0
0
0
0.4
0
5.7
0
0
0
0
0
0
0
0
0
0.2
2.5
0
4.3
0
0
0
0
0
0
0
0
1.1
0
0
0
1
1.9
0
0
7
1.3
0
0
0
0
1.6
0
0
0
0
0
0
0
0
0.2
0
0
0
0
0
0.1
43.2
0.7
0
0
0
0
31.8
0
0
7.5
0
0
0
0
3.5
29.5
2
0
1
0.1
0
0.1
1.7
0.1
0
5.4
0.1
0
0
0
2.6
0
0
0
0
0
0
0
0
0.1
0
0
0
0.1
0.1
0
0
0
25.7
23.3
0.1
0.2
0
0
0.1
0.1
0.2
0.1
0.1
0.1
0
0
0.1
0
0.1
3.5
0
0
0
0.1
0.1
0.1
0.1
0.1
0.1
0
0
0.1
0.1
0
0.1
0.1
0.1
0.1
0.1
0
0
0.1
0
0.1
0.8
0
0.1
0
0
0
0
0.1
0.1
0
0
0.1
3.1
2.5
1.8
0.4
1.3
0.1
0
0.5
1.1
0
0
0.1
0.1
0.1
0.1
0
0.3
1
1.6
0.1
0.2
0.4
0.1
0.1
0
0.1
4.7
32.9
0
0
0.1
0.5
0.3
0.8
4.3
0
0
0
10.5
0.2
0
0.2
0.1
0.2
0.1
0.1
16.9
0
0.1
0
0.1
0.1
4.7
1.3
0
9.1
35.9
11.5
0.1
0
0.1
0
0
0
0
0
0
0.9
17
0.1
0
0.1
0
0
0
0
0
1.1
7
13.6
31
0.2
0
3.9
3.6
0
1.2
0
0.2
0.7
0.4
0
0
0.9
4.6
1.4
0.7
0
2.3
0.8
0
0
0
10.8
1
0
0
0
0
0
0
0
0
0
0
0
0.2
0.1
31.9
0.5
7.7
36.4
3.9
4.3
10.3
0
0
0
0
0
0
0
0
0
0
5.5
0.1
1.4
0
6.8
0.1
4.6
0
0
0
0
1
18
4.1
0.4
15.2
0.1
20.5
6
0
0
0
13
0
3.5
0.3
1.5
1.5
3.7
0.1
0
9.3
0
1.1
6.8
22.2
3.1
8.8
1.5
2.8
13.5
11.1
14.9
4.7
0
0
1.2
0
0
0
0
31.3
0
0
0
0
0
0.1
0
0
0
0
0
0
14
0
0
0
0
0
0
7.1
0.1
63
16.3
12.1
1.2
48.3
0.1
0
0
0
1
0
0
0
0
0.1
0.6
0
2.7
0.1
0
0
0
0
0.9
0.1
8.3
1.4
0
0
0
0
1.7
1.3
12.7
9.4
16.8
35.6
32.1
0
0
0.9
24.5
0.1
0.1
0
0.1
0.1
23
0.2
0.3
0
0
0
4.6
0.2
6.7
0.1
0
14.8
6.7
5.6
23.9
0.1
0
3.3
0.1
0
8.7
0.1
0
0.1
5.4
0.1
0
0
0.1
0
0
0
0
0
0
0
0
18.6
0.1
0
0
0
0
0
0.3
53
2.2
39.4
9.4
0.1
0.1
0.1
58
39.5
1.3
0.6
8.2
0
0.3
0.1
0
0.1
0.1
0
2.4
20.8
4.7
0
1.3
33.5
2.5
0
0.3
0
21.1
0.1
0.1
10.8
15.4
0
0
0
0
0
13.7
0
11.3
8.8
3.6
7.6
0.1
0
8.8
0.1
0
0
0
0
0.1
1
0.1
0
0
0
0.1
0
0.1
0
0
0
0.1
0
2.3
0
0
2.6
0.1
0.1
0
0
0.1
0
0
0
0
0.1
0
0
0.1
0.1
0
0
0.1
0
0
0.1
0
0
0
0
0
0
0
0
0
0
0.1
0.5
0
0
0.1
0
0
0.2
0
0
0
0
2.6
1.8
0
0
5.4
0.5
0
0
0
0
0
0
0
0
0
0
0
0
0
0
0
0
0
0
0
0
0
0
0
0
0
0
0
0
0
0
0
5.3
0
0
0
0
0.1
0
0
0
0
0
0
0
0
0
0
0
0
0
0
0
0
0
0
0
0
0
9.4
4.9
0
10.8
2
0
0.3
12.1
0
0
0
0
0
2.9
1.2
0
0
0
7.2
0.6
0.3
1.5
4.7
10.9
0.5
0
0
0
0
15.2
13.3
6
11.5
0
11.8
0
0.4
0
2.6
0.9
0
0
0
0
0.4
6.8
0.4
3.4
1.5
0.5
0
0
11.7
0.3
0
0
1.5
0
0
0
0
0
0
0
0
0
0
0
0
0
29.6
0
0
3.7
0
0
0
0
0
10.4
1.7
0
0
0
0
0
0
0
0
0
0
10.7
5.5
0.1
0
0
0.5
6.1
28.5
0
0
0
0
0
0
0
1.8
3.1
0
0
0
0
0
0
0
0
36.3
0.1
0
0.4
0
0
0
0
0
0
0
0
0
0
0
0
5.3
0
0
0
0
0
0
0
4.8
0
0
0
0
0
0
0.2
0
0
0.1
5.1
11.9
0.1
0
0
0
0
0
0.3
0.5
16.4
0.7
0
0.1
0.8
12.2
0
0
3.3
15
0.1
0.4
0.6
0
0
0
0
0
0
0
0
3
0.1
0
0
0
0
0
0
0.3
0
0
0
0
2.9
0.3
0
0
0
0
17.9
3.6
65
28.9
0.1
0
0
0.1
10.5
0
0
1.2
7.2
0.3
8.9
1.7
0.2
0
1.1
0.8
0
0.5
0.1
0
0
6.1
0
0
0
0
0
0
0
33.4
1.9
0
0
0.1
0
0
0
0
1.8
0.1
0
38.2
8
0.1
0
0
0
0
0
0
1.5
0.1
0
0
0.7
0
0.6
48.5
12.6
0.4
0.2
0
0.1
0
0.1
0.2
0.1
0.1
0
0
0.1
0
0
0.1
0
0
0.1
0
2.8
0
0.1
0
0
0
0
1.2
0
0
0
111.1
120.5
35.7
0.2
0.4
1.1
0.1
0
0
0
0
0
0
0
0
0
0
0
0
0
0
0
0.1
0
0
0
0
0
0
0
0
0
0
0
0
0
0
0
0
0
0
14.5
0.7
0
2.8
0.1
0
0
0
0
0
0
0
0
0
6.6
0.1
0
0
0
0
0
0.8
1.2
1.1
1.7
0.1
0
1.7
2.3
3.3
12.5
0.5
0
0
0
0
0
0
0
0
0
0
9.9
0.2
0
0
0
1.9
9
1.2
36.8
3.5
6.7
0
2.9
3.7
0.5
0.9
0
0
2.6
0.1
0
0
0
0
0
0
0
35.4
0.2
2.2
7.7
19.8
4.3
0.3
0
0
0
0
0
0
0.1
0
0
0
0
0
3.4
0.5
43.5
29.9
4.3
22.7
22
0
3.4
56.5
5.5
1.2
13.4
3.2
9.7
0
0
0.1
12.2
1.9
1
4.5
16.2
0
0
0
0
7.8
0
0.7
0
0.1
0.1
1.1
13.2
2.6
0
0
0
0
0
0
0
2.6
0.1
20.5
11.9
0.5
0.5
0.1
0
0.1
0
0
0
0
29.3
0
0
0
0
0
0
0
0
0
0
0
0
0
0
0
4.3
0
0
5.3
0
13.2
0.1
0
0
0
0
0
0
0
0
0
0
0
0
120.2
64.8
1.1
0
0
0
0
0
0
3.7
0.6
4
13.5
1
10.2
0.1
0
0
0
1.9
0
4.5
3.9
0
11.8
0
0
0
1.5
2.5
0
0
0
0
0
13.4
0
0.1
0
0
0
0
0
51.3
0.1
0
3.1
6.6
0.1
0.1
0
0
0.1
0
0
7.9
0
0
0.1
0.6
0
0
0
0
0
0.1
0
27.8
14.4
0.1
0.9
17.7
0.1
0.1
0.1
0.1
0
0
0.1
0
0
0
0
0
0.1
0
0.1
0
0.1
0.6
9.2
28.2
56.1
0.2
0.1
0.3
0.1
0
0
0.1
0
2.2
0
0
0
1
0.7
0
0
0
0
0
7.9
0.2
0.5
0
0.1
0
0.1
0
0
0
0
0
0.1
0
1.5
0
0
0
0
0
0
0.1
13.2
4.6
0
0
0.1
0.1
0.2
0
0
0
0.1
0
0
12.3
0.3
0.2
0
0
0.2
0.1
0
0.2
0.1
0
0
0.1
0
0
0
3.4
6.9
0.8
0
0.1
5.8
0
0.7
0
0
0
0
0
0
0.4
12.4
0.3
0.1
0
0
0
0
0
0
0
0
8
4.5
1.6
0.4
0.6
0
0
8.9
0
0
0
0
0
0.2
0.1
0
0
0
0
0
0
0
0
0
0
0
0
0
0
0
0
0
1.7
0
0
0.2
0
11.1
0
0
0.1
0.1
3.2
0
0
0
0.6
0
0
0
0
0.4
14.1
0
18.5
32
4.9
17.6
0
0
0
0
0
0
0
3.5
0.6
7.5
0.5
0
0
0
3.4
0
0
3.7
0.8
0
0.1
0.2
0
0
0.7
0
0
6.6
16.8
0.1
10.9
5.9
0
0.4
0
1.1
21.4
0
2.7
0.5
1.5
0
0
0.1
0
0
15.3
0
1.5
12.2
0
0.1
0.4
0
0
0
0
2.6
0
0
0
0
0
0
0
1.1
0.1
0
0
0
0.9
0
0
0.5
0.2
0
0
0
0
0.3
0.1
0
0
0
0
5.3
0.1
0
0
1.7
18.6
0
2
0
15.1
0
0
0
0
0
0
0
0
0
0
0
0
0
0
4.5
0.1
0
0
1.3
1.4
9.6
0
0
0
0
0.3
16.9
0.5
0.1
31.9
0
0
5.9
0
0
0.1
9.5
1.8
0.4
0
9.4
0
14.6
0
31.6
0.2
23
0
0
0
0
0.1
0
0
0
0
0
0
0.1
26.4
11
0.5
0
0
0
0.1
0
0
0
0
0
0
0
0
0
0
0
0
0
0
0
0.1
0
0
0
2.1
2.3
0
4.4
0
2
0
0
0.1
0.1
0
0
9.1
24.2
1.5
0.1
0
0
1
0
0.1
0.1
0
0
0
30.3
15
1.5
0
0.2
0
0
0
0.1
0
0
0
0.1
0.1
0
0
0
3.7
0
0
0
0.1
0.2
0
0.1
0
0.1
0.2
0.1
0
0
0
0
0
0
0
0
0
0.1
0.1
0
0
0.2
0.1
0
0
0
0
1.5
0.2
0
0.1
0
0
0.1
0
0
0
0
0
0
0.1
0.1
0
0.1
0
0
0
0
0
0.1
0
0
0
0
0
0
0.1
0
0
0
0.1
6.3
2.6
0
0
0
0
9.6
0
0.1
0
0.1
0
0
0
0
0
0
2.9
0
0
0.8
2.8
0.4
0
0.9
0.9
8.2
30.3
2.2
7.1
1.1
0
0.1
2.5
0.1
5.6
10.1
0.3
0
0
0
0
0
0
0.5
14.1
0.3
0
0
1.4
0
0
0
0
0
0
0
0
0
0
0
0
0
0
0
6
6.6
3.5
0
13.1
6.9
0
0
0
0
0.1
16.1
16.5
8.7
0.1
5.1
0
0
0
1.2
0.5
0
0
0
0
0
0
0
0
0
0
0
0
0
0
33.5
3
0
0
0
2.7
0
0
0
0
0
0
0
0
0
1.7
0
0
0
2.2
0
1.1
0.3
0
0
0
0
0
9.6
16.3
0
0
1.9
0
16.6
0.1
0
0
0.2
0
0.3
0
0
3.5
0
0
0
0
0
0
0
0
0
0
0
0
0
0
0
0
0
0
0
0
0
0.6
0
0
19.4
13.8
0
0.8
2.6
4.2
6.2
19.8
0
2.3
3.3
0
6.8
0.1
0
0
0
5.7
1.4
0
0
8.4
0
0
0
26.7
0
13.7
7.7
0.5
0
10.8
0.1
3.2
6.3
0
0
0
0
0
0
0
0
0
1.9
4.9
7.8
0.2
0
0
0
0
0
0
32.7
19.2
0.6
0
0
0.3
32.3
0
0
0
0
0
0.1
0
0.6
7.8
0.1
0
0
0
0.1
0
0
0
0
0
0.1
3.4
0
0.1
0.2
0
0
0
0
0
0
0
2.8
0.1
0.1
0
0.8
0
0
0
0
7.4
2.3
0
0.1
0
0
0
0
3
2.8
0.1
0
15.2
0.1
0
0
6.8
0.1
0.1
0.2
0
0.1
0
0.1
0.6
0.2
0
0.1
0
5.1
5.6
0.1
0
6.7
0.4
2.8
10.6
0
0.7
0
0
0
0
0
0.1
0.1
0
0
0.1
0.1
0.1
0
0
