20000101
-99
-99
-99
-99
-99
-99
-99
-99
-99
-99
-99
-99
-99
-99
-99
-99
-99
-99
-99
-99
-99
-99
-99
-99
-99
-99
-99
-99
-99
-99
-99
-99
-99
-99
-99
-99
-99
-99
-99
-99
-99
-99
-99
-99
-99
-99
-99
-99
-99
-99
-99
-99
-99
-99
-99
-99
-99
-99
-99
-99
-99
-99
-99
-99
-99
-99
-99
-99
-99
-99
-99
-99
-99
-99
-99
-99
-99
-99
-99
-99
-99
-99
-99
-99
-99
-99
-99
-99
-99
-99
-99
-99
-99
-99
-99
-99
-99
-99
-99
-99
-99
-99
-99
-99
-99
-99
-99
-99
-99
-99
-99
-99
-99
-99
-99
-99
-99
-99
-99
-99
-99
-99
-99
-99
-99
-99
-99
-99
-99
-99
-99
-99
-99
-99
-99
-99
-99
-99
-99
-99
-99
-99
-99
-99
-99
-99
-99
-99
-99
-99
-99
-99
-99
-99
-99
-99
-99
-99
-99
-99
-99
-99
-99
-99
-99
-99
-99
-99
-99
-99
-99
-99
-99
-99
-99
-99
-99
-99
-99
-99
-99
-99
-99
-99
-99
-99
-99
-99
-99
-99
-99
-99
-99
-99
-99
-99
-99
-99
-99
-99
-99
-99
-99
-99
-99
-99
-99
-99
-99
-99
-99
-99
-99
-99
-99
-99
-99
-99
-99
-99
-99
-99
-99
-99
-99
-99
-99
-99
-99
-99
-99
-99
-99
-99
-99
-99
-99
-99
-99
-99
-99
-99
-99
-99
-99
-99
-99
-99
-99
-99
-99
-99
-99
-99
-99
-99
-99
-99
-99
-99
-99
-99
-99
-99
-99
-99
-99
-99
-99
-99
-99
-99
-99
-99
-99
-99
-99
-99
-99
-99
-99
-99
-99
-99
-99
-99
-99
-99
-99
-99
-99
-99
-99
-99
-99
-99
-99
-99
-99
-99
-99
-99
-99
-99
-99
-99
-99
-99
-99
-99
-99
-99
-99
-99
-99
-99
-99
-99
-99
-99
-99
-99
-99
-99
-99
-99
-99
-99
-99
-99
-99
-99
-99
-99
-99
-99
-99
-99
-99
-99
-99
-99
-99
-99
-99
-99
-99
-99
-99
-99
-99
-99
-99
-99
-99
-99
-99
-99
-99
-99
-99
-99
-99
-99
-99
-99
-99
-99
-99
-99
-99
-99
-99
-99
-99
-99
-99
-99
-99
-99
-99
-99
-99
-99
-99
-99
-99
-99
-99
-99
-99
-99
-99
-99
-99
-99
-99
-99
-99
-99
-99
-99
-99
-99
-99
-99
-99
-99
-99
-99
-99
-99
-99
-99
-99
-99
-99
-99
-99
-99
-99
-99
-99
-99
-99
-99
-99
-99
-99
-99
-99
-99
-99
-99
-99
-99
-99
-99
-99
-99
-99
-99
-99
-99
-99
-99
-99
-99
-99
-99
-99
-99
-99
-99
-99
-99
-99
-99
-99
-99
-99
-99
-99
-99
-99
-99
-99
-99
-99
-99
-99
-99
-99
-99
-99
-99
-99
-99
0
-99
-99
-99
-99
-99
-99
-99
-99
-99
-99
-99
-99
-99
-99
-99
-99
0
2
0
0
0
-99
-99
0
2.2
0
0
0
3.2
1.2
9.4
0
0
0
0
0
0
1.6
0
0
0
0
0
0
0
0
0
11.2
1
0
0
0
0
0
0.8
0
0
0
0
0
0
0
0
0
0
0
0
0
0
0
5.4
0
0
0
0
0
1
0
0
0
0
0.4
25.2
3.6
0
0.2
20.2
0
0
0
0
0
0
0
0
0
0
0
0
0
0
0
0
0
0
0
0
0
0
0
0
0
0
0
0
0
0
0
0
0
-99
-99
-99
-99
-99
-99
-99
-99
-99
-99
0.2
0
8.6
0
0
0
0
0
0
0
0
0
0
0
0
0
6.2
0
0
0
0
25.6
0
9.8
0.4
0
0
6.8
2.2
0
0
0
0
0.4
0
0
0
0
3.6
3.4
0
0
0
0
0
0
0
0
0
0
0
0
0
0
0
0
0
0
0
0
0
0
0
0
0
0
0
0
0
0
0
0
0.2
0
0.2
22.4
12
2.2
0
0
0
0
0
0
0
0
0
0
0
0
0
0
0
0
0
0
0
0
0
0
0
0
0
0
0
5.2
0
0
0
0
0
0
0
0
0
0
0
0
0
0
0
0
0
0.4
9.4
9.2
0.2
0
0
0.2
0
0
0
0
1.6
0
0
0
0
0
0
0
0
0
0.4
0
0
0
0
0
0
0
0
0
0
0
0
0.8
3.4
0
0
0
0
0
0
0
13
0.4
6.6
3.8
0
0
0
0
0
0
0
0
0
0
0
0
5.4
0
1.8
12
0.2
0
0
0
0
0
0
2
1.6
0
0
0
0
0
0
0
0
0
0
0
0
0
1
10
0
0
0
3.8
44.3
1.1
0
0
21.6
0.2
10.2
12
50.5
1.3
7.4
2.8
1.6
0.6
0
0
0.6
0
0
0
0
0
0
0
0
0
0
0
5
12.8
1.8
2.2
0.4
2
22.4
32
15.8
17.8
13.6
0.2
0
0
0
0
0
7
0
0
0
0
10.4
0
0
4.4
2.4
0
0
0
0
0
0
0
1.6
33.6
5.8
0
20
0
0
0
0
0
0
0
0
0
0
0
0
0
0
0
0
0
0
0
-99
-99
-99
0
0
0
0
0
0
0
0
0
0
0
9.6
9.6
0
0.2
0.2
0
0
0
0
0
0
0
0
0
0
0
0
0
4
2
8.4
0
0
0
0
0
0
1
5.2
4
0
0
0
0
0.4
0
0
0
0
0
0
2
0
7.4
5.4
13
2.8
0
0
2.8
0.2
6
0.4
0
0
16.2
1.4
0
0
0
0
0
4.3
2.3
0
0
0
0
0
0
0
0.6
5.4
0.2
0
0
0
0
0
0
0
0
0
0
0
0
0
0
0
77.2
4
0.6
0
0
0
0
0
0
0
0
0
0.4
0
0.2
0
0
0
0
0
0
0
0.6
0
0
0
0
0
1.2
3.8
0
0
0
0
0
0
6
0
0.2
0
0
0
6.2
0.2
0
0.2
19
0.2
0
0
0
0
0
0
0
0
0
0.2
0
0
0
1
65.2
0.2
0
0
0
0
0
0
0.2
0.4
0
0
0
0
0
0
0
0
0
0
5
4.8
0
0
0
0
2
36.4
0
2.8
0
0
0
0
0
0
0
0
0
0
6.8
0.2
0.2
0
0
0
0
0
0
0
0
0.2
0
0
0
0
2.4
0
0
0
0
0
0.8
0
0
0
0
0
0
0.6
0.2
13.4
44
4
1.4
0
2.2
31.2
70.8
2
0
0
0
0
0
0
12.8
0
0
0
0
0
0
0
0
5.8
0
0
0
0
0
0
0
0
0
0
0
0
16.6
2.6
5.4
6.8
2.8
7.8
0
0
0
0
0
0
16.4
5
0
0
0
6.8
0.2
0
0
0
0
0
0
0
0
0
0
0.8
0
0
0
0
0
0.2
0
0
0
2.4
15.2
0
0
0
2.6
0
0
0
0
1.4
3.6
0
3.6
0
0
0
0
2.8
14.4
5.2
0
0
0
0
0
0
0
0
0
0.2
6
0
0
0
0
0
0
0
0
4.4
0
4
0
0
0
0
0
0
0
0
0
4
0.4
0
0
0
0
1.2
0.2
0
23.6
0
0
0.2
0
0
0
0
0
0
0
0
0
0
0
0
0
0
0
0
0
0
0
0
17
0
0
0
0
0
0
0
0
0
0
0
0
0
0
0
0
0
16.6
0
0
0
0
0
0
0
0
0
0
0
0
0
10.6
2.8
6.6
0
0
2
8.6
6.8
0.2
1
0
0
0
0
0
0
0
0
0
0
0
0
9.4
4.2
0.2
0
0
7
16.2
7.4
3.4
4.4
0
0
0
2.6
-99
-99
-99
-99
-99
-99
-99
-99
0
20
12.8
105.2
17.8
11.2
0.2
0
3.8
0.2
0
0
24.4
1.6
2
0.2
0
5.8
0
0
0
0
0
0
0
0
3
0
0
0.4
0
0
0.6
14.4
0
0
0
0
1
3.6
11.4
9.2
0
0.1
1.3
0
0
0
7.4
4.7
39.1
28.2
3.6
0
11
8
0.2
2.6
0
0
0
0
0
0
0
0.6
0.6
0.2
0
0
0
0
0
0
0
3.4
0.2
0
0
0
0
0
0
0
0
0
0
0
0
0
0
0
0
0
0
0.4
0
0
0
0
0
0
0.2
0
0
6.2
0.8
0
0
0
0
0
0
0
0
0
0
0
0
0
0
0
0
0
0
23.2
0
1.8
0.2
79
14.8
0.2
3.6
0
1
33.2
0.2
0.4
0
0
0
0
0
0
12.2
0
0
0
0.6
0.2
0
2.8
0
0
0
0
0
0
0
0
4.4
0
0
1.6
0.2
5.8
0
43.6
25.8
1.8
0
1.8
0
0
0
0
5
7.4
0
0.4
0
0.2
0.2
5.4
0.4
68
0
10.6
1.2
0
0
3.2
0
0
0
0
0
6.5
32.3
3.4
0
0.6
15.6
0.4
34.6
0.8
4.4
0.8
0
0.8
17.8
3.6
1.6
0.2
0
0
0
0
0
0
0
16.8
0
0
0
0
3.2
0
0
2.8
1
0
0
0
0
0
0
0
0
0
0
0.8
12.8
0
0.8
0.6
0
0
0
14.8
0.2
0.2
0
0
0
0
0
0
0
0
0
0
0
0
0
0.2
0.6
0
0
0
9.8
7.2
4.4
2
0
0
0
0
0
0
0
0
0
0
0
0.2
0
0
0
0
0
0
0
0
0
1.4
0
0
0
0
0
0
0
0
0
0
0
0
2.2
0
0
0
0
0
0
0
0
0
0
0
22.8
0
1.2
0
7.4
11.2
0
0
0
0
0
0
0
0.2
0
0
3.8
13
0
0
0
0
0
0
0
0
1.2
0
0
0
0
0
0
0
0
0
0
0
0
0
0
0
0
0
12.4
0
0
0
0
0
0
0
0
0
0
0
0
1.8
13.8
0
0
0
7.6
3.2
1.6
0
0
0
0
0
0
0
0
0
0
0
0
0
0
0
0
0
0
0
0
0
0
0
0
0
0
0
3.6
0.2
34.6
0.2
0
19.2
1.4
0
31.4
31.8
10
0
0
0
0
0
0
0
0
0
0
0
0
0
0
0
4.4
0.2
0
0
0
0
0
0
0
0
0
0
0
0
0
0
0.2
0
0
0
0
0
0
0
0.4
0
0
0
0
0
0
0
0
0
0
0
0
0
0
0
0
0
0
13.8
46.8
23.4
2.6
0
0
0
0.8
0.6
0
0
0
0
0
3.4
0
0
0
0.2
0
0.4
0
1.2
0
0
6
0.2
0
0
0
0
0
0
1.8
0
0
0
0
0
0
0
0
0
0
0
0.8
0.4
0.2
0
4.1
0.1
20
2.8
0
0
0.6
9.2
0
0
0
0
5.4
0.2
0
0
0
0
0
2
2
0.2
1
0.2
0.6
0
0
0
1
0
0
0.2
0
0
0
0
1
0
6.4
3.6
0
0
0
0
0.8
0.4
0
0.4
0.6
0
4.4
35.8
0
0
0
0
0.2
0.2
0
0
0
0
0
0
0
0
0
0
0
0
0
1.2
0
0
0
0
2.4
0
0
20
0
0
0
0
0.2
0
1
0
0
0
0
0
0
0.6
0
0
0
-99
-99
-99
-99
-99
-99
-99
-99
-99
-99
0
0
0
0
0
0
0
0
0
0
0.4
0
0
0
0
0
0
0
0.2
0
10.6
9.4
0
0
0
0
0
0
0
1
6.4
0
0
0
0
0
0
5.2
14.6
28.4
0.2
0
0
0
0
0
12.2
0
0
0
0
0
0
0
0
0.2
44.8
31.6
15.8
0
0
0
0.4
5.4
0
0
0
3.4
0
0
0
0
0
0
0
27.4
0.4
0
0
1.8
0.2
0
0.8
0.2
0
0
0
0
0
0
0.4
1.2
20.4
63.6
28.6
6.2
0
0.2
83.8
0
0.2
0
0
0
0
0
0
0
0
0
0
0
0
0
0
0.4
0
0
0
0
14.2
1
0
10.8
29.8
67.8
2.8
1.6
0
0
0
0
0
0
0
0
0.1
1.3
0
0
0
0
0
1.8
0
0
0
0
0
0
0
0
0
0
0
0
0
0
0
0
0
0
0
0
0
0
0
0
0
0
0
0
0
0
0
0
0
0.8
3.2
42.2
5.4
0
0.8
0
0
0
0.2
0
0
0.4
0
0
0
0
0
0
0
0
3.4
16.2
48.2
42.2
26.2
1.4
0
0
0
0
0
0
0
0
0.4
0
0
0
0
0
0
0
0
0
2
0
0
0
0
0
0
7.6
4
0
3.4
0.4
0
0
4
0.4
0
0
1.6
0.2
1
0
0
0
0
0
0
5
12.6
0
0
5.2
0
0
0
0
0
0
0
0
0
0
0
0
0
0
4.6
0
0
0
0
0
0
0
0
0
0
0
0
0
5.2
0
0
0
0
0
0
0
0
0
0
0
0
0
0
0
0
0
1
0
0
0
1.4
0.4
0
0
0
0
0
0
0
0
0
1
0.4
0
0
0
0
0
11.4
5.4
0
0
0
0
0
0
0
0
0
0
0
0
0
0
0.4
0.4
0
0
0
0
0
0
0
0
0
0
0
0
0
0
0
0
0
0
0
0.8
0.8
0.2
0.4
0
0
0
0
0
0
0.4
0.4
0
0
0
0
0
0
0
0.6
0
0
2.6
0
0
0
0
0
38.4
0
0
0
0
0.8
0
14.2
0
15.8
0.2
0
46
0
0
0
0
0
0
0
1.8
0.8
2.8
0.4
0
0
0
0
0
0
0
0
0
0
0
0
13
0
0
0
0
78.4
10.4
3
0
0
0
0
0
0
4.2
7.2
3.2
0
0
0
0
0
0
0
0
0
5.6
0
0.4
0
0
0
0
7.6
15.6
0.6
0
0
0
0
33.4
0.4
0
0
0
0
0
0
0
0
0
0
0
0
0
0
0
0
0
0
0
0
0
0
0
0
0
0
0
0
0.4
0
0
0
0
0
0
0
0
0
0
0
0
0
0
0
0
0
0
10.6
0.4
0.4
0
0
0
0
0
0.4
18.2
1
0.4
0
0
0
0
0.4
0
0
0
0
0
0
0
0
0
0
0
0
0
0
0
0
0
0
0
0
0
0
0
0
0
0
0
0
0
0
0.3
0
0
0
0
0
0
0
0
0.5
0.1
0
0
0
0.1
0
0
3.9
0.1
0
0
2.6
0.2
0
0
0
12.1
1
0.1
0
0
0
0
0
4.9
0
0
0
0
0
0
0
0
0
5
0
0
0
0
-99
0
0
0
0
0
0
5
0
0
0
0
0.6
0
0.2
0
3.8
0.8
2.4
0.6
0.8
0.4
21
7.6
1.6
0
-99
-99
0.6
6.8
2.6
2
0.6
1
0.2
0
0
0
0
0
0
0
0
0
0
0
0
0
0
0
0.2
0.2
6.8
1.5
0.9
0.2
0
6.4
0
0
0
0
0
17.4
0
0
0
0
0
0
0.6
0
0
0
0
10.6
8.2
0
0
0
0
1.2
0.2
0
31.6
0
8.8
0
0
0
0
0
0
0
0
0
0
0
0
0
0
0
0
0
0
0
8.4
0
0
0
0
0.2
0
0
0
0
0
0
0
0
0
0
0
19.4
0
0
0
0
0
0
0
0
0
0
0
0
0
0
0
15
0
0
0
0
0
0
0
49
1
9.8
0
0
0
1.5
0.1
0
0
0
0
0
8.8
0
6.6
5.6
0
0
0
0
0
5.8
0
9.2
0.2
0
0
2.2
0.6
0
0
0
0
0
0
0
0
0
0
0
0
0
0
0
0
0
0
0
1
0.2
0.2
0
0
0
0
0
0
0
3.6
0.2
0
7.6
5.8
0.4
19.4
0.2
0
0
0
0
6
5.6
0
0
0
0
0
0
0
0.4
0
0.2
0
0
0
0
0
0
0
0
0
0
0
0
0
0
0
0
0
0
0
0
0
0
0
0.2
0.2
1.8
0.2
0
0
0
0
0
0
0
0
0
0
0
0
0
0
0
0
0
0
0
0
0
0.8
0.2
0
0
0
1.2
4
36.4
6.4
0.4
0
0
0
0
0
0
0
0
0
37.2
0.3
0
0
0
0
0
0
0
2.2
0
0
0
0
0
0
0
0
0
0
0
0
0
0
0
0
0
0
0
0
0
2.4
4.6
0
0
0
0
0
0
0
0.4
0
0
0
0
0
0.2
3
2.7
0.4
0
0
0
0.4
0
0
0
3.6
0.2
0
0
0
17.2
0
0.4
0
13.2
0.2
0
0
0
0
0
0
0
0.2
6.6
0.4
0
25.6
0.4
0
0
2.6
0
0
0
19.6
8.7
0
0
0
0
0
0
0
0
0
9
4.2
0.2
0
2.6
0
0
7
1
0
0
18.2
2.2
3.6
0.2
0
0
0
9.2
0
0
0
0
0
0
0
0
0
0
24
29.5
3.4
1.2
1.4
0
0
1.8
4.6
0
0
0
1.8
4
0
1.8
25.6
0.2
3.6
0
0
24.4
0
19
0.2
4.8
0
32.2
1.5
12.6
0
0
1.6
0
0.8
25.6
0.2
0
1
4.2
0
0
0
0
0
0
0
0
1
7.9
0
0
0.2
3.4
0
0
0
0
0
0
0
0
0
4
21.7
3.2
0.2
0
0
0
0
0
0.6
0
0
0
0
0
0
0
0
0
0
0
0
0
0
0
0
0
0
0
0
0
0
0
0
0
0
0
0
0
0
0
0
1.4
0
0
0.2
0
0
0
0
0
0
7.4
0.2
0
0
0
1.8
0
0
0
0
0.2
0.6
5.6
0
0
0
0
5.6
0.2
0
0
0
2
0.2
0
0
0
0
0
0
0
0
0
0
0
0
0
8
0
0
0
1
0
0
0.2
6.2
0.2
5.8
0
0
0
0
1.6
1.6
0.2
0
0
21.2
1
0
0
2.2
35
0
0.8
0
0
0
0
0
0
0
8.6
0
0
0
0
0
0
0
0
0
0
0
0.8
0
0
0
0
0.4
0
0.8
0
0
0
0
0
0
0
8.2
5
0
0
0.8
7.4
0.2
4.2
0
0
0
0
0
0
0.2
0
0.2
69.6
41.2
23.4
2.8
0.4
0
0.1
0.1
0
0
0
6.3
4.4
0
3.8
13.5
0
0
0
0
0
0
0
0
0.2
0
0
0
0.5
0.4
3.1
2.6
0
0
0
0
28.1
11.5
3.3
21.2
0
0
0
0.3
0.1
0
4.8
0
0
0
0
0
0
0
0
0
0
0
0
0
0
0
0
0
0.1
0.3
14.3
0
3.6
0.1
0
0
0
0
0
0
0
0
0
0
0
0
0
0
0
0
0
0
0
0
0
0
18.9
4.8
2.1
22.8
3.8
6.6
0
0
0
0
22.8
1.2
0
8.6
7.1
6.9
0
0
1.2
0.8
7.7
0.2
1.1
1.4
0.1
0
0
0
0.2
46.3
1
4.7
0.7
31.5
5.7
0
0
0
0
0
0
0
0
0.2
0
0
0
30.6
0.1
0
0
0
0
0
0
0
0
0
0
0
0
0
0
0
4.3
0.1
0
0
0
4.4
0
0.1
0
0
0
0
0
0
0
0
0
0
0
19.2
0
0
0
0
0.6
0.7
10
0
0
0
1
0.6
0
0
0.1
5
5.6
6
0.3
0
0
0
0
0
0.3
0
0
0
0
0
0
0.5
0.1
0
0
0
0
0.7
0
0
0
0
0
4
0
0.6
0
0
32
0.4
2.9
3.3
0.1
0
0
0
0
0
0
0
0
0
0
0.1
0
0
0
0
0
0
0
0
0
0
0
0
6.3
0
0
0
0
0
0
0
4.9
0.3
22.5
0.5
0
15.2
0.6
0
0.7
0.2
0
0
0
0
0
0
0
0
0
0
0
0
0
0
0
0
0
0.1
1.2
0.1
0
0
0
0
0
0
0
0
16.7
26.8
13.1
0.2
0
0
0
0
0.1
0
0
0
0
1.1
0
0
0.9
0
4.3
0.1
0
0
0
0
0
0
0
0
0
0
0
0
0
0
0
0
0
0
0
0
2.6
0.3
0.1
0
0
0
0
0
0
0
0
0
0
0.1
0
0
0
0
0
0
0
0
0.6
9.8
2.1
7.1
0
2.8
0.1
0.1
0
0.1
0
0
0
0
2.6
7.1
0
18.1
0
0
0
0
1.2
0.1
1.1
0
0.3
0
0.1
0.2
3.3
0.2
0
0
0.3
0
0
0
0
0
0
2.7
1
0.1
0
6.3
0
0
0
21.9
16.3
0.1
0
0
0
0
5.6
13.6
0.1
9
8.6
0
0
0
0
0
0
0
0
0
0
3
20
2
0.2
0
5.4
40.2
5.2
0
0
0
0
0
0
0
0
0
0
0
3.8
11.7
0
0
0.1
0
0
0
0
2.5
0
5.7
0
0
19.3
0.1
0
1.6
0
0
0
0
15.5
0.2
0
1.1
0.4
0
0
0.2
0
0
0
0.2
0.3
0.1
3
0
0
0
0
11.3
9.6
44.4
30.1
16.1
1.9
0
0.2
2.5
0
0
9.9
17.9
0.7
0
0
0
0
0
0
0
0
0
0
0
0
0.1
12.9
-99
-99
-99
-99
-99
0
0
0
2
0
0
2.8
1
2.1
0
10.6
8.6
1.8
0
0.2
7.6
9.3
2
0
0
0
0
0
0
0
0
0.5
0
0
0
0
2.1
0
0
0
0
0
0
0
0
0
0
0
0
0
0
0
0
0
0
1.4
0
0
0
0
0.1
0
0.7
0
0
22.3
0
0
2.4
0.7
0
0
37.9
0
0
10.6
0
4
0
0
0
0
6.4
0
0
0
0
0
0
0
0
0
0
0
0
0
0
0
0
0
0.2
7.6
0
2.5
0
0
1.4
0
0
0
0
33.8
0.6
0
0.1
4.6
0
0
20.7
0
0
0
0
0
0
0
0
0
0.8
0
0
0
0.2
0.9
21.5
24.7
30.3
1.2
0
0
0
0
0
0
0
0
0
0
0
0
0
0
0
0
0
1.8
0.1
0
0
0
0
0
5
0
0
0.1
0
0
0
0
1.6
0
0.2
0.3
0
0.3
0
0
0
0
0
0
0.3
0
0.3
17.5
0.1
0
0
0.1
0
0
0
0
0
0
0
0
0
0
0
0
0
0
0
0
0.8
16.2
10.9
0.2
0.1
0
0
0
0
0.9
0.4
0.1
0
0
0
0
0
0
0
2.7
0.1
0
0
0
0
0
0
0
0
0
0
0
0
0
0
0
0
2.6
18.7
8.8
5.4
1.4
0
0
0
0
0
0
0
0
0.1
0
0
0
0
1
0.1
0
7
0
0.1
0.4
0
0
0
0
0
0
0.5
0
0
2.4
5.7
2.5
0.1
0
0
2.1
0
0
0.1
113.3
0.2
44.7
40.6
5.6
0.1
0
0
0
0
0.4
0.1
0
0
0
2.1
1.3
9.8
0
0
0
0
0
0
0
0
0
0
0
0.5
0
0
0
0
0
0
0
0
0
0
0
2.8
8.9
0.1
0.3
0.3
2.4
22.6
25
0
0
0
1.2
0
3.8
0.1
0.7
0.2
0
0
0
8.6
0.1
42.7
2.2
0
0
0
0
0
0
0
0
0
0
0
0
0
0
0.1
21.3
0
0.8
0
32.4
6.4
0.1
1.6
14.6
0
10.4
1
0
6.5
0
0
0
0
0
0
0
0
0
0
0
0
0
0
0
0
0
0
0
0
0.3
0
0
0
0
0
0
0
2.5
7.4
1.5
0.2
0
0.1
0
1.7
0
0.5
0.1
0
0
0.2
104.2
6
1.2
0
1.3
0
0
0
2.6
0
0
0
0
0
0
0
0
0
0
1.3
0
0
0
0
0
0
0
0
0
0
0
16.7
0
0
0
0
0
0
0
0
5.6
0.9
0
0
0
0
0
0
0
0
0
0
0
0
18
0.1
0
0
0
0
1.6
0
0
0
0
0
0
0
0
0
0
0
0
0
0
0
0
0
0
0
0
0
0
0
0
7.5
0
0
0
0
19.6
0.1
0
52.7
24.7
0.4
0
0
0
1.9
25.8
44.5
15.6
20.7
0.1
0
0
0
0
0
11
1.2
69.4
11
0.1
0
10.6
15.8
44.2
9.7
0.1
0
0.1
0
0.1
0.1
0
0
0
0
0
0
0
0
0
0
0.1
0
0
0
0
0
0
0
0
0
0
0
0
0
0
0
0
0
0
0
0
0
0
0
0
0
0
0
0
0
0
0
0
0
0.1
0.1
0
0
6.5
4.7
0
0.1
0
0
0
0
0
0.1
0
0
13.7
0.1
0.1
0
0.7
2.2
0
0
0
0
0
0
0
0
0
0
0
0
0
0
0
0
0
0
0
0
0
0
0
0
0
0
0
0
0
1.8
0
0
0
0
0
0
0
0
0
0
0
0
0
0
0
0
4.9
15.7
16.7
0
0
0
0
0
0
0
0
0
0
0
9.1
8.2
1.6
0.1
0.6
0
0
1
0
11.5
2.5
0.3
2.4
0
0
1.5
3.3
0.5
0.2
0
0
0
0
0
0
5.4
0.1
4.1
0
0
0
4.2
0
16.5
0
0
0
0
0
0
7.9
1.1
0
0
0
0.4
0
45.9
24.4
0.2
0
0
0
0
0
18.1
0
15.3
0
0
0
19.1
1
0
0
0
0
0
0.2
0.1
1.1
0
0
0
0
0
0
0
0
0
0
0
0
0
0
0
0
0
0
3.5
0
0
0.1
15.3
0.1
0
0
0
0
0
0.3
0
0.1
0
0
0
0
0
0
0
0
0
0
0
0
0.5
0
0.1
0
0
0
0
0
0
0
9.2
0
0
0
0
0
0
0
0
0
0
0
0
0
0
0
0
0
0
2.8
0.1
0
0.2
0
19.8
0.1
0
0
0
0
0
0
0
0
2.6
0
0
9.6
0
0
0
0
0
14.6
9.4
0
0
0
0
0
0
0.1
0
0.2
59.8
0.2
0
0
0
0
0
0
0
0
0
1.7
0.5
6.7
0.1
8
0
0.1
0
1.7
2.7
9.3
28.5
0
0
0
6.9
20.5
6.9
0
0
16.8
48.6
0.1
0
0
0
0
5.8
0.2
0
0.5
0.1
0
0.1
0.1
0
0
0
0.9
18.6
0
0.2
0.1
0
0.1
0.1
0
8.5
10.6
0.8
0
0
0.1
0.1
0
0
0
0
0.1
0.1
0.2
0
0.1
0.1
0
0
0
0
0
0
0
0
0
0
0
0.3
0
0.2
0.1
0
0
0
0.1
0.6
0.2
0.1
0
0
0
0
0
0.2
0
0
1.8
0.3
0
0.3
0
0
0
6.6
0.1
3
0
0
0
0
0
3.5
0.5
0
0
0
0
4.1
0
0
0
1.2
0
0
0
0
0
0
0
0
0
0
0
0
0
0.1
1.8
11.4
0.6
0.2
0
0
3.2
12.2
11.3
0
0
8.3
102.9
71.3
0
0
0
0
0
5.3
10.9
0.1
0
1
2.6
0.8
0
7.3
0
0
0
3.4
0.1
7.9
0.4
0.7
0
1.2
0.1
19.7
7.8
0.1
8.5
9
0.9
0.1
0.1
0
0
0
0
0
0
0
0
0
0
4.5
0
0
0
0
0
19.9
0.1
21.9
3.3
20.1
4.2
0
0
0
0
0
0
0
0.8
0
0
0
0
0
0.5
24
9.3
0.9
22.1
15.7
0
0
0
2
0
9.2
0.1
0
4.1
9.8
0.2
0
0
0
0
0.3
0
0
0
38.3
0.3
0.1
0
0
0
0
0
0
0
1.3
0.4
0
8.9
0
1.6
0
0
0
0
0
0
0
0
0
0
0
0
0
0
0
0
0.6
0.9
0
0
0.8
0
0
19.4
9.8
9.7
1.8
0
0
19
0.1
0
0
0
0
4.1
0
0
0
0
0
0
0
0
1.6
13.1
0
0
0
0
37.2
0
0
0
9.3
0
1.9
0
0
0
0
13.8
0
1.4
6.2
6
0
0
0
0
0
0
0
0
0
12.5
4.1
0
1.3
3.2
0
0
0
1.1
0
0
0
0
0
0
0
0
0
0
0
0.1
0
0.4
0
0
0
3.1
25.6
7.9
2.8
0
0.2
0
0.2
1
0
0
0
0
0
0
0
0
0
0
0.1
0
0
0
0
0
0
0
0
0
0
0
0
0.2
0.1
0
0
0.1
0
0
0
0
0
0
0
7
53.4
56.8
6.6
0.1
0
0
0
0
0.1
0.1
0.5
0
0.1
0.2
0
0
0
0
0
0
0
0
0.2
0.1
0.1
0.2
0.1
0
0
0.1
0
0
11.4
3.1
0
0.1
0
0
0
0
0
0
0
0
0
0
0
0
4.9
0.1
0
0
0
0
0
0
0
0.2
0.1
0
0
0
5.8
1.4
0
0.2
4.2
0
0
0
0
2.8
0.1
0
1.5
0.1
9.2
0.2
0.1
0
0.1
0
6
0
5.3
1.3
0.1
0
0
0
0
7.6
0.1
0
0
0
0
0
0
0.1
0
1
0.1
0
0
0
8
0.3
1.5
0
0
0
0
0
0
0
0
0
0
0
0
0
0
0
0
2.7
1.3
0.1
18.7
0
0
0
0
11.4
0.1
0
0.6
44.8
2.5
0
0
0
0
0
0
2.5
0
0
0
0
0
0
0
0
3.2
1
8.8
0
0
3.5
5.5
1.1
0.1
0
0
4.9
0
0
0
0
0
0
0
0
0
0.2
0.3
8.5
0
0
0
0
0
0
4.3
2.1
0.1
0
0
0.5
35.5
20.1
6.7
1.8
4.7
0.7
0
0.1
0
0
0
0
0
0
0
0
0
0
0
22.2
0.3
0
9.1
15.2
0
0
0
0
0
0
0
5.8
0
0
7.2
0
0
0.3
0
0
0
0
30
0.2
9.2
0
0
1.6
2.1
0
0
0
0
0.8
0
26.3
0.1
0
0
0
19.3
0
0
21.4
8
0
0
3.3
5.4
0
0.1
0
0.4
10.8
1.6
0.2
0
0
0
0
0.5
1.7
0
0
0.1
0
5
7.5
51.1
0.8
0
0
0
0
0
0.1
7.7
0
0
0
0
0.1
28
0.9
0
0
5.9
0
5.3
0.2
0
12.6
0
1.4
0.1
0.1
0
0
0
0
0.4
1.7
0.1
0
0
87
4.5
0.6
0
0
0
6.7
13
0
0
0.1
0
0
0.1
4.3
0
0
0.1
0
0
0.1
0
0
0.1
0
0
0
0
0
0
0.1
0
0
0
0
0.1
3.2
6.2
0.1
0.1
0.1
0
1.2
0.6
0.6
0.1
0
0.4
0.1
0
0
0
0
0
0
0
0
6.1
0.2
2.2
0.6
0.3
65.4
64
2.4
0
0.5
7.7
0.1
0.1
0.2
0
0
0
0
0.1
0
9.6
25.9
0
0.3
0
0
0
0.1
0.1
0.4
0.1
0.1
0
0
0.1
0
0
0
0.1
0.1
0
0
0
0.1
0.2
0
0
0
0
0
0
0
0
0
0.1
0.1
11.1
0.1
0
0
0
0
0
0
0
0
0
0
0.2
0
0
4.5
0
6.4
0
0.1
0
0
0
0.1
0
0
0
0.2
0.1
0
0
0
0
0.9
0
12.7
0.2
0
0.6
0.1
0
0
0
0
28.8
0
0
0
0
0
0
0
0
15.6
12.6
1
5.1
2.2
0.1
0
0
49.5
0.3
3.4
13.8
4.4
0
0
0
0
0
0.1
0
0
0
0
0
0
0
0
0
0
0
0
0
0
0
1.5
3.7
0.1
8.3
0
0
0
0
0
0.1
3.2
0
0.1
2.4
0
0
0
0
0
0
0
0
0
0
0
0
0
0
0
0
0
0
0
17.6
11.2
0.1
0
0
0
0
0
0
0
0
0.4
0
3.6
0
0
0
0
0
0
0.9
2.5
0
0.4
0
0
8.5
0.3
16.1
0
0
0
0
0
18.6
3.4
0
0
0
0
0
0
0
0
0
0
0
0
0
0
0
0
0
0
0
0
0
0
0
0
0
0
0
0
3
0
12.4
0.1
0
0
0
0
5.4
8.7
14.8
0
0
0
0
0
0
73.7
0.6
0.1
0
0
0.8
1.6
9.5
0.2
0.9
8.9
0
0
0
0
0
0
0
0
0
0
0
0
0
3.6
4.1
14.1
7.7
0
0
0
0
0
3.3
0
0.1
0.2
0
0
0
0
0
0
0
0
0
1.3
0
0.1
0
0
0
20.4
51.8
3
0.7
1.1
0
0
0
0
0
0
0
0
0.1
4
0.4
0
0.2
0
0
0
0
0
0
0
0
0.1
5.5
0.4
0.2
0
0
0
0
60.3
12.1
0
0
0
0
0.1
0
0.1
0.1
0.1
0
0
0
0
0.1
0
0
0.1
0.3
0
0.1
0
0
0
0
0
0.1
0
0.1
0.1
0.1
0
0.2
0.1
0.1
0
0.2
0.2
0.1
0.1
0.1
0.1
0
0.1
0
0
0
0
0
0
0.2
0.1
0.1
0.2
0.1
0.1
0
0
0
0
0
0
0.4
3.7
0
0
0
0
0
0
0
0
0
0
0
0
0
0
0
0
0.1
0
0
0
0
0
0
0
0.1
0
0
0
0
0.1
0
0
2.8
0
0
0
0.9
0
2
16.7
0
0.1
0
0
0
0
0
0.1
0
0
0.2
0
35
5.2
0
0.1
0
0
0
0.2
0
6.1
0
0
0
0
0
0
0.3
0.7
10.3
7.1
0.1
0
1.5
0.1
0
0
0
0
0
0
0
0
0
0
7.1
0.1
0
0.5
49.1
0.1
0.6
10.9
0
0
0
0
0
0
0
0
0
0
0
2.4
18.8
2.6
13.4
0.1
0
0
0.8
2.3
0
4.9
0.1
0
0
0
0
0
0.4
8.5
21
5.8
0.3
5.2
19.6
1.4
1.8
0
0
27.4
0.1
0
0
6
0.1
0
0
0
0
1.3
0.3
2.1
1.9
3.2
0
0
8.6
0
0
0
1.2
0
0
2.1
0.2
0
0.7
0
0
0
9.4
0
0
0
0
0
0
0
0
0
0
0
0
0
0
0
0
0
0
0
1.6
0
0
0
0
0
0.2
0
0
0
0
0
0
0
1.5
0
0
0
0
0
0
0
0
0
0
0
0
0
1.6
0
0
0
73.4
0
0
0
0
0
0
2.4
8
0
0
0
0
0
0
0
0
0
0
0
4.4
1.3
0
0
0
0.1
0
0
0
0
0
0
7.1
0
0
0.8
3.5
0
0
10.4
0.1
0
0
0
0
0.9
0
6.4
0
0
0
0
0
8.7
0.6
0
0
0
9.6
0
0
1.3
0.2
0
43.2
33.2
7.3
0.1
0.1
0.4
0.2
0
0
0
3.5
0.1
0.1
2.1
0
0.1
0.1
0.2
0.1
0
0
0.1
0.1
0
1.6
0.3
0.4
0.1
0
0
0
0
0
0
0
0
0
0.1
0.1
0
9.3
7.7
12.6
0
0
6.1
0.3
0.1
6.7
0.1
0.1
0
0
5.9
0.3
0
0.2
0
0.1
0.1
0.1
0
0
0.1
0.1
23.3
2.7
0
2.9
0
0.1
0
0
0.1
0
0
0
0
0
0
0.1
0.1
0.2
0.1
0.1
0.2
0.1
0.1
0
0.1
0
0
0
0
0
0
0
0
0
0
22
6.4
14.7
3.1
0.1
1.8
1.4
19.2
9.3
0.1
0.1
0.1
0
0.5
0
0.3
0
0
2.5
5.6
0.1
0
3.4
1.4
34.3
1.8
2.3
0.2
0
0
0
0
0
0
0
4.6
0.1
0
0.1
0
0
0
8.3
8.4
0
0
0
0
0
0
0
0
0
0
0
0
0
0.1
0
0
0
0
0
25
22.5
0
0
0.1
0
0
0
4.2
0
0
0
0
0
0
0
0
0
0
0
0
0.5
6.2
0.1
0
0
0
0
0
0
0
0
0.2
11.1
15.1
0
0
1
0
3.9
0.8
0
0
0
0
0
0
0
3.7
0.1
0
0.2
0
0
0
2.8
0.2
0
0
0.1
0
0
0
0
0
0
0
0.3
0
0.1
2.3
1.8
12.3
0.1
0
0
0
0.1
0
0
0
0
0
0
0
0
0
0
0
0
0
0
0
1.8
0
0
2.1
0
3.1
0.1
0
0
0
0
0
0
1
21.8
0
0
0
0
0
0
0
0
0
0
1.9
3
0
2.3
8.4
4
0
0
0
0
0
0
0
0
0
0
0
0.5
0
3.4
4.4
27.2
0
0
0
0
0.6
0
0
0
0.5
0
0
0
0.1
0
0
0
0
0
0
0
8.8
0
0.4
0
0.1
0
11.9
0.1
0
14.4
0.1
0
0
0
1.9
20.5
0.1
0
8.6
0.1
0
0
0.2
0
0
13.4
0.1
0
0
0
2.1
0.3
0.4
0
0
0
0
0
0
0
0
0
0
0
0
0
0
0
8
33.4
0
0
0.6
0
0
0
0.1
0
0
0
0
0
0
0
0.1
2.9
0.2
0
0
0
0
0.1
0
0
0
0
0
0
0
0
0.1
0
0
0
0.1
0
0
0
0
0
3.9
0.1
5.9
0.1
0
0
0
0.1
0.1
0
0
0
0
1.6
0.1
0
0
0
0
1.7
0.2
0.2
0
0
0
0.1
0
0
0.2
0
0.1
0
0
0
0
0
0
0
0.9
13
0.1
0
0
1.8
0
3.2
2.2
0
0
0
0.1
0
0
0
0
0
0
0
11
0
0
0
0.1
0
13.5
0
0
19.1
53.5
5.4
0
0
0.1
0
0
5.3
0
0
0
0.1
11.7
0.1
0
0.4
0.2
0.5
0
0.1
0
8.7
0
15.1
9.1
1
0
2.3
1.8
0
0
0
0
0.3
0
3
0
0.1
0
0.5
0.2
2.7
5.6
0.2
0
0
0
21.8
0.6
1.4
0.1
0
0
0
0
0
0
0
0
0
0.6
0
34.9
1.7
13.7
46.7
3.4
13.9
11
0
0
0
0
0
0
0
0
0
0
0
0
0
0
17
0
3
0
0
0
0.2
6.6
1.2
7.4
12.1
7.2
0
29.9
32.2
1.6
0
0
0
0
8.5
0
0
9.8
0
0
0
5.7
0
0.1
14
23.7
0
3.7
0.1
32.3
10.1
4
3.4
5
0
0
0.5
11.5
0.3
0
0
0
0
0
0
0
0
0
0
0
0
0
0
0
5.1
0
0
0
0
0
0
5.8
0
27.7
0
0.3
0
12.1
0
0
0
0
18.9
0
0
0
0
0.3
7.9
0
7.2
0
0
0
0
0
0
0
0
0
0
0
0
0
0
2.5
23.6
0
0
7.3
5.1
0.1
0
0
17.3
0
0
0
0
0
0.8
0
0.4
0.1
0
0
3.7
0.8
8.3
0.8
0
0.5
0.2
0
27.4
0
0
0.2
0
0
4
0
0
0
0
0
0
0
0
0.1
0
0.1
0
0
0
0
0.1
0
0
0
0
0
0
0
0.2
7.1
3.4
22.9
4.9
0
0
0
70.3
87.8
2.6
2.9
41
0
0.1
0
0.1
0.1
0
0
2
19
6.2
0
0.6
38
3.8
0
0.1
0
13.6
0.6
0
0
34
0
0
0
0
0
79.7
4.5
15.2
28.1
1.7
0.9
0.2
0.2
2.2
0
0
1.8
0.1
0.1
0
1.1
0.1
0
0
0
0
0.1
0.1
0
0
0
0.1
0
4.5
0.4
0.1
2.6
0
0.1
0
0
0
0
0
0
0
0.1
0
0.1
0
0
0
0
0
0.1
0
0
0
0
0.1
0.1
0
0
0
0
0
0.1
0.1
1.6
0.1
0
5.5
0
0.1
0
0
0
0
0.7
1.3
0
0
0
0.4
0.4
0
0
0
0
0
0
0
0
0.2
0
0
0.1
0
0.1
0
0
0
0
0.1
0
0
0
0
0
0
0
0
0
0
0
0
1.6
0
0
0
0
0.9
0
4.7
0
0
0.1
0
0
0
0
0
0
0
0
0
0
0
0
0
0
0
0
18.5
10.5
0
8.6
0.1
1.1
1.6
8.6
0.4
0
0
0
0
1.5
0.1
0
0
0
5.3
0.2
1.1
1.9
0
0.3
0.7
0.1
0
0.7
0
0
3.8
19.5
0
0
0
0
2.8
0
0
0.9
0
0
0
0
0.3
20.3
1.2
13.5
0.3
0.9
0
0
6.2
0.4
0
0.1
1.3
0
0.1
0
0
0
0
0
0
0
0
0
0
0
22.3
0.1
0
0.6
0
0
0
0
0
0
0
0
0
0
0
0
0
0
0
0
0
0
0
0
0
0
0
0.5
3.9
0
0
0
0
0.9
0
0
2.6
3
0
0
0.1
0
0
0
0
0
10.7
0.1
0
0
0.1
0
0
0
0
0
0
5.5
0
0
0
0
1.8
0
0
1.3
0
0
0
0
0
0
0
0
0.3
0
0
1.5
0
0
0
0
10
0
0
0
4.8
0
7.8
0.1
1.1
29.1
3.5
0
0
2.6
0.1
0
0
2.5
2.4
0
24.8
0
0
0
0
0
0.1
0
0
0
0
0
0
0.2
0
0
0
0
0.1
0
0
0
0
0.6
0.8
0
0
0
0
32.8
1.1
56.1
17.1
0.1
0
0
0
0
0
0.1
0.7
2.9
1.9
1.8
0.2
2.5
0
0
0
0
4.3
0.1
0
0
2.9
0
0
0
2.7
0.2
0
0
13.7
0.3
0
0
0
0
0
0
0
0.3
0
0.2
57.7
9.9
0
0
0.2
0
0.1
0.2
0
0
0
0
0.1
0
0
0
2.4
0.8
0
0
0
0
0
0
0
0
0
0
0
0.1
0
0.1
0
0
0.1
0
0
10.9
0.1
0
0
0.1
0
0
0
0
0.6
34.4
73.9
107.4
52.2
0.1
0
0
0.1
0
0.1
0
0
0
0
0
0
0.1
0
0
0
0
0
1.1
3.2
0.1
0
0
0
0.2
0
0
0.1
0
0
0
0
0
0.1
0
0
0
0
0.5
0
0
0
3.9
0.1
0
0
0
0
0
0
0
0
42.6
0
0
0
0.1
0
1.8
7.2
0
0
12
0
0
1.7
1.3
5.7
17.2
1.1
0
0.1
0
0
0
0
0
0
0
0
27.2
0.1
0.7
0
0
10.4
17.2
5
96
23.1
0
0.1
0
1.8
0.1
0.1
0
0
0
0
0
0
0
0
0.1
0
3.2
13.4
0
0.1
1.4
35.4
0.2
0.3
0
0
0
0
0
0
0
0
0
0
0
0
27.8
0
0
9.5
0.2
27.6
10.8
0
0.1
31.6
11.2
2
4.1
0
0.2
0.2
4.5
0.7
7.2
3.3
5
0
5.5
0.1
0
0
0
0
0
0
0
0.1
0
0
6.7
7.8
0
0
0
0
0
0
0
0
0.1
1.3
6.9
0
0
0
0
0
0.1
0
0
2.7
20
0.1
0
0.1
0
0
0
0
0
0
0
0
0
0
0
0
5.1
0
0
0
25.2
0.5
0
0
0
0
0
0
0
0
0
0
0
0
0
1.4
20.6
1.6
0
14.8
0.1
0
0
0
0.9
1.6
3.6
1.8
7.5
0
0
0
0
0
0
0
1.1
0
0
4.4
0.4
0
0
0
1.2
0.5
0
0
0
0
7.6
0.1
0
0
0
0
0
0.5
19.7
0.1
0
2.1
20.2
0.2
0
0
0
0
0.1
0
1.4
0
0
0
1.1
0
0
0
0
0
0.1
0
3.8
2
0
0.3
14.7
0.1
0.1
0.1
0.1
0
0
0.1
0
0
0
0
0.1
0
0
0
0
0.1
1.8
36.1
54.4
49
0
0.1
0.2
0
0.1
0
0
0
0.9
0
0
0.1
0.2
0
0
0
0
0.1
11.9
6.9
0.2
0.2
0
0
0.1
0
0
0
0
0
0
0
0
0.1
0.1
0
0
0
0
0
0
17.7
0.4
0
0
0
0
0
0
0
0
0.1
0.1
0
2.9
0
0
0
0
0
0
0
2.4
0.1
0
0
0
0
0
0.1
8.4
3.1
0
0
0.1
3.7
0.8
6
0
0.1
0
0.1
0
0
2.8
11.5
0.1
0
0
0
0
0
0.1
0
0
0
4.9
2.8
0.1
0.4
0.8
0.1
0
6.8
0.1
0
0
0
0
7.4
0.2
0
0
0
0
0
0
0
0
0
0
0
0
0
0
0
0
0
0.9
0.2
0.1
0
0.6
17.2
3.8
0
0
0
0.1
0
0
0
1.5
8.1
0.1
0
0
0
5.5
2.7
2.5
5
3.9
29.4
1
0.1
0
0
0
0.2
0
0.5
3.3
2.8
0
0
1.1
0
0.2
0
0
0
0
0
0
0
0
0
0
0
0
1.1
9
0
0.4
0.1
0
0.1
0
0.6
17
0
0.3
0
0.7
0
0
0
0
0
0.8
0
0
0.6
0
0
0
0
0
0
0
0
0
0
0
0
0
0
0
0
0.4
0.9
0
0
0
0
0.2
9.6
3
0
0
0
0
0
0
0
0
0
0
0
0
0
0
4
21.8
0.1
1.1
0
32.6
0.1
0
0
0
0
0
0
0
0
0
0
0
0
0
0.4
0
0
0
0
0.7
2.9
0
0
0
0
0
19.8
0.3
5.7
26.2
0.1
0
0
0
0
0
13.7
0
0
0
0
0
14.7
0
2.9
0
29.8
0.1
0
0.1
0
0.1
0.2
0
0
0
0
0
0
0
16.2
0.1
0
0.1
0
0
0
0
0.1
0
0
0
0
0
0
0.1
0
0
0
0
0
0
0
0.1
0
0
0.3
0
0.5
0
5.1
0.1
0.1
0.1
0
0
0.4
10.2
18.7
2.1
0
0
0.3
0.9
0.1
0
0
0
0
1.7
35.7
21
3.6
0.4
0
0
0
0
0.5
0
0
0
0
0
0
0
0
0
0
0
0.1
0
0.1
0
0.1
0.1
0
0.1
0
0
0
0.3
0
0
0
0
0
0
0
0.2
0.2
0.1
0
2.7
0.1
0
0
0
1.2
0.1
0
0.1
0
0
0
0
0
0
0
0
0.1
0
0.1
0
0
0
0
0
0
0
0
0
0
0
0
0
0
0
0.1
0
0
0
0
1
0
0
0
0
2.1
0
0
0
0
0
0
0
0
0
0
5.5
0
2.9
0.9
0
0
0
0
0
0.7
61
2.4
4.9
2
0.1
0
0.2
3.9
23.6
12.4
1.7
0
0.3
0
0.8
0
0
0.4
11.6
12.2
0
0
0.2
0
0
0
0
0
12.6
0
0
1.7
3.9
0
0
0
0
0
0.8
29
14.3
0
3.4
0.3
0
0
0.1
0
0
10.8
2.1
2.2
2
0
0
0
0
2
27
0
0
0
0
0
0
0
0
0
0.1
0
0
0
0
12.3
3.2
0
0
0
0
0
0
0
0
0
0
0
0
0
2
0
0
0
0
0
0
0
0
0
0
0
0
3.6
1.6
0
0
0
0
0.6
0
0
0.1
0
0
0
0
0
1.9
0
0
0
0
0
0
0
0
0
0
0
0
0
0
0
0
0
0
3.6
0.1
0
0
0
0
0
0
0
0
0
7.5
0.2
3.9
0
0
0
0
7.2
10.8
0.5
0
0
44.1
8.1
0
0
0
0
0
0
3.3
0
16.7
0.3
0
0
1.1
0
2.4
10.7
0
0
0.1
0
0
0
0
0
0
0
0.6
20
0
0
0
0
0
0.1
0
5.1
8.3
0.1
0
0
0
13.7
0.1
0.1
0
0
0.1
0
0
19
23.5
0.1
0
0
0.1
0
0
0.1
0
0
0
0.1
0
0
0
0
0
0
0
0
0.1
0
0
0
0
0
1.7
0.2
0
0.1
0
0
1.1
1.1
0
0
0
0
0
0
0
2.8
11
0.1
13.4
0
0
0
9.9
0.1
0.1
0.4
0.2
0.2
0
0
0
1.2
0
0
0
0.9
0.9
0.2
0
2.3
1.6
3.6
4.9
0
0
0
0.1
0
0
0
0
0
0
0
0.1
0
0
0
0
