20000101
0
0
0
0
0
0
0
0
0.6
0
0
0
0
1
0
0
0
0
0
0
0
0
0
0
11.6
0
0.2
0
0
0
0
0
0
0
0
0
0
0
0
0
0
0
0.6
0
0
0
0
0
0
0
0
0
0
0
0
0
0
0
0
0
0
0
0
0
0
0
0
0
0
0
0
0
0
0
0
0
0
0
0
0
0
0
0.2
0
0.4
2.2
0.8
-99
-99
-99
4
0
0
3
0
0
0
0
0
0
11
10
0
0
0
0
3.8
19
0
0
0
0
0
0
0
0
0
0
35.2
0
0
0
0
0
0
0
0
0
0
0
11.8
0
-99
-99
-99
-99
-99
-99
0
0
0
0
0
3.6
0
0
0.2
3.2
0
0
0
0
0
0
0
0
2.8
0
0
0
0
15.6
0.8
0.4
17.4
0.4
0
0
0
0
0
0
0
0
1.6
0.2
0
0
0
0
0
0
0
0
0
0
0
0
0
0
0
1
1.2
0
0
0
0
0
0
0
0
0
0
0
1.6
0
0
0
0
0
0
0
0
0
0
0.4
18
3.4
0
0
0
0
0
0.4
0.2
0
0
0
0
0
0
0
0
1.4
0
0
0
0
0
0
0
0
4.2
0
0
0
3
0.4
0
0
0
0
0
0
0
0
0
0
0
0
0
0.8
33.8
1.2
0
0
0
0
0
0
3.4
23.6
1.8
0
5.8
0
0
0
0
0
0
0
0
2.8
0
1.8
21
0.2
0
0
0
0
0
0
0.8
6
0.4
0
0
0
0
0
0
0
2
0
0.2
0.2
0
0
4.8
0
0
0
0
0
0
0.2
1.4
0
0
0
0
0
0
0
0
4.2
0
0
0
0
0
3.6
0
0
0
0
0
0
0.2
1.4
0
0
0
0
0
0
0
0
0
0
0
0
0
10.8
3.6
27
10.2
0
0
0
0
0
0
0
0
0
0
0
0
0
0
0
0
0
0
0
3.2
8.4
76.8
0
0
0
0
0
0
0
0
0
0
0
0
1.2
0.2
0
0
0
0
0
0
0
0
0
0
0
0
0
0
2.8
14.4
0
0
0
0
0
0
0
0
0
5.8
7.4
0
0
0
0
4
0.2
0
1.4
0
1.2
5
0
0.2
0
2.6
0
0
0
0
0
0
0
0
0
0
0
0
0
0
0
0
4
0
0
0
0
0
0
0
0
0
0
0
0
0
0
0
0
0
0
0
0
0
25
0
0
0
0
0
0
0
0
0
6.4
5.2
0.2
5.4
4
13.4
0
0
0
0.4
2.8
2.6
0
0
0
0
0
3
6.4
0
0
0
0
0
0
0
0
0
0
0
0
0
0
0
0
0
0
0
0
0
0
1.4
0.2
0
0
0
0
0
0
0
0
0
0
0
0
0
0
0
0
0
0
0
0
0
0
0.2
0
0
0
0
0
0
0
0
0
0
43.6
0.6
0
0
31.8
0
0
0
0
0
0
0
0
0
0
0
0
0
0
0
0
0
0
-99
0
0
0
0
0
0
0
0
0
0
0
0
0
0
0
0
0
0
0
0
0
0
34.6
4.6
0.4
0
0
0
0
0
0.2
0
0
8.2
0
0
0
0
0
0.2
19.4
0.4
0
0
0
25.2
0
0
0
0
0
22.6
3.4
0
0
0
0
9.8
0
0
0
0
5.2
1.2
0
0
0.6
0
0
0
0
11
0
1.2
0
0
0
0
0
0
0
0
0
0
0
0.2
0.2
0
0
0
0
0
0
0
0
18.8
0.2
0
1.4
25.2
41.4
0.2
0
2.6
0
0
0
0
0
0
0
0
0
0
0
0
0
0
0
0
0
0
0
0
0
0
0
0
13
10.4
0
0
0.4
0
0
0
0
0
0
0
0
0
0
0
0
0
0
6.6
14.2
4.8
0.2
0
0
3.2
4
1.4
0
0
0.1
0.3
0
0
0
0
0
0
0
0
5.8
0
0
0
0
0
0
0
0
0
0
0
0
1.2
3.6
0
0
0
0
0
0
0
13.8
0
12.2
0
0
0
0
0
0
0
0
0
0
0
0
0
13.4
0
3.6
27.4
0
0
0
0
0
0
0
1.2
0
0
0
2.4
0
0
0
0
0
0
0
0
0
0
0
17.8
0
0
0
0.6
38.8
1.4
0
2
27.4
0
0
10.2
1.8
9
0
14
0
0.4
0
0
0.8
0
0
0
0
0
-99
-99
-99
-99
-99
-99
0
5.8
0.6
0
0
3.4
11.6
7.2
0.8
1.4
26.2
0.2
0
0
0
0
0.2
0
0
0
0
0
1.4
0
0
8.2
2.2
0
0
0
0
0
0
0
2.2
0.8
2.2
0.1
53.5
0
0
0
0
0
0
0
0
0
0
0
0
0
0
0
0
0
0
0
0
2
1.6
0
0
0
0
0
0.2
0
0
0
0
0
0
2.2
0
0
0
0
0
0
0
0
0
0
0
0
0
0
0
0
0.2
181.8
27.8
0
0
0
0
0
0
4.8
1.2
43
0
0
0
0
3.2
0
0
0
0.4
0
0
14.2
0.4
24.4
7.4
9.2
0.2
0
0
0
0.6
0
-99
0.2
0.4
1.2
0.4
0
0
1.6
0
0
0.4
0
0
0
0
13.8
0.2
0
0
4.6
0
0
65.2
0
0
0
0
0
0
0
3.8
0
0
0
0
0
18.8
73
23.8
0
0
0
0
0
0
0
0
0
0
0.2
0
0
10.6
0
0
0
0
0
0
0
0
0
0
0
0
0.2
4.4
0
0
0
0
0
0.2
12.2
1.4
0
0
0
0.2
2.8
0.2
0
5.4
26.2
0.2
0
0
0
0
0
0
0
0
0
0
0
0
1.2
3.8
49
0.2
0
0
0.6
0
0
0
0
0
0.8
0
0
0
0
0
0
0
0.2
0
0.2
0
0
0
0
0
7.2
12
0
0.4
0
0
0
0
0
0
0
0
0
0
4.8
0.2
1.2
0
0
0
0
0
0
0
0
0
0
0
0
0
0
0
0
0
0
0
0
0
0
8.2
11.6
0.2
0.6
0
0.6
18.9
25.4
0.1
2
0
0
32.2
9.4
38.6
0
0
0
0
0
0
0
0
0
0
0
0
0
0
0
0.6
0
0
0
0
0
0
0
0
0
0
0
0
7.8
0
1.2
1.8
0
0.6
0
0
0
0
0
0
7
1
0
0
0
1.4
0
0
0
0
0.9
5.5
0
0
0
0
0
0
0
0
0
0
0
0
0
0
0
2
10.8
0.4
0
0
0
0
0
0
0
2.4
1.2
0
-99
0.4
0.2
0
0
7.2
12.2
0.6
0
0
0
0
0
0
0
0
0
0
0
0
0
0
0
0
0
0
0
0
0
0
0
0
0
0
0
0
0
0
0
0
0
0
0
0
0
0.6
0
0
0
0
0
0
0
0
0
0
0
0
0
0
0
0
0
0
0
0
0
0
0
0
0
0
0
0
0
0
0
0
0
0
0
0
0
0
0
0
0
0
0
0
7.8
-99
-99
-99
-99
-99
-99
-99
-99
-99
-99
-99
-99
-99
-99
0
0
0
0
36.6
0
33
0.2
0
0
0
0
0
0
0
0
0
0
0
0
0
2
0
6.6
0
0
56.6
2.6
0
15.4
0
0
0
0
0
0
0
0
0
0
0
0
0
0
12.2
17.4
30.2
8.4
12.4
0
1.1
12.5
0
0
0
8.4
5.2
0.6
0
0
14.8
2.2
0
0
0
0
0
0
0
2.4
0.2
0.2
0
0
0
0.2
4.2
0.4
0
0
0
0
0
4
5
0
0.1
1.3
0
0
0
9.2
0
15.4
16.4
0.2
0
1.6
0.4
0
0
0
0
0
0
0
0
0
0.2
0
0
0.7
0.1
0
0
0
0
0
1.6
0
0
0
0
0
0
0
0
0
0
0
0
0
0
0
0
0
0
0
0
0
0
0
0
0
0
0
0
0
0
0
0
0
0
0
0
0
0
0
0
0
0
0
0
0
0
0
0
0
5.4
9
0
19.6
20.4
2.8
0.4
0
0
9.2
30.8
0
0
0.6
0
0
0
0
0
5.2
0
0.4
0
0
0
0
0
0.2
0
0
0
0
0
0
0
0.8
0
0
8.8
3.8
13.2
0.2
36.8
12.6
0.4
0
2.8
0
0
0
0
0.2
19.4
2.4
1.6
0
2.8
0
1.2
0
35.2
0
0.2
0
0
0
2
1
0.6
0
0
0
-99
-99
0
0
0
1.8
0.4
1.4
0
0
0
0
3.8
12.8
0.8
5.6
0
0
0
0
0
0
0
0
0
0
0
0
0
0
0
0
0.2
0
0
0
0
0
0
0
0
0
0
0
0
0.2
6.2
0.6
0.6
0
0
0
8
0
0
0
0
0
0
0
0
0
0
0
0
0
0
0
1.6
0.8
0
0
0
0
30.6
1
0
0
0
0
0
0
0
0
0
0
0
0
0
0
0
0
0
0
0
0
0
0
0.8
0
0
0
0
0
0
0
0
0
0
0
0
0
0
0
0
3.3
0.1
0
0
0
0
0
0
12.4
6.6
0
0
10.2
31.4
0
0
0.4
7.2
0
0
0
5.2
0
4.5
11.9
4.4
3.6
0
0
0
0
0
0
0
0
0
0
0
0
0
0
0
0
0
0
0
0
0
0
0
0
0
0
0
0
0
0
0
0
0.2
0
0.2
0
0
0
1.2
9.8
3.6
0.4
0
15.2
7.2
6.6
0
0
0
1.6
0
0
0
0
0
0
0
0
0
0
0
0
0
0
0
0
0
0
0
0
0
0
0
3.4
0
17
0
0.4
4.8
3
0
1.4
9
0.8
0
0
0
0
0
0
0
0
0
0
3.2
0
0
0
0
10
2
0
0
0
0
0
0
0
0
0
0
0
0
0
0
0
0
0
0
0
0
0
0
0
0
0.8
0
0
0
0
0
0
0.2
0
0
0
0
0
0
0
0
0
13.2
12
22
0.4
0
0
0
0
0
0
0
0
0
0
2.3
0.1
0
0
0
0
0
0
7.2
0
0
0
0
0
0
0
0
0
0
3.8
0
0
0
0
0
0
0
0
0
0
0.2
0
2.6
0
0
0
0
9.2
0.2
0
0
0
0
0
0
0
0
15
0
0
0
0
0
0
0
0
0
0
0
0
0
0
0
0
0
0
0
0
0
0
0
1.8
3.4
0
0.4
0
0
0
0
0
0
0
0.2
0.4
0
0.4
0.2
0.2
0.6
0
0
1.8
0
0
0
0
0
0
0
0
0
0
0
0
0
0
0
0
0
0
0
0
0
1.8
11.2
0
0
0
0
0
0.2
0
0
0
0
0
0
0
0
0
0
0
-99
-99
-99
0
0
0
0
0.8
1.4
0
0
0
0
0
0
0
0
0
0
0
0
0
0
0
0
0
0
0
0
0
16.2
20.4
0
0
0
0
0
0
0.2
0.6
0.4
0
0
0
0
0
0
0.4
0.8
2.8
0
0
0
0
-99
-99
-99
-99
0
0
0
0
0
0
-99
0
6
17.2
71.2
-99
-99
-99
-99
-99
-99
-99
-99
-99
-99
-99
-99
0
0
0
0
5.7
0.1
0
0
3.5
0
0
0.4
0
0
0
0.2
0
0
0
0.2
0.3
25.95
25.2
10.9
2.9
0
0
1.9
0
0
0
0
0
0
0
0
0
0
0
0
0
0
0
0
0
0
0
0
0
15.65
0.6
0.2
1.3
24.05
9.8
0.3
4.3
0.1
0
0
0
0
0
0
0
0
0
0
0
0
0
0
4.1
0
0
0.1
0
0
0
0
0
0
0
0
0
0
0
0
0
0
0
0
0
0
0
0
0
0
0
0
0
0
0
0
0
0
1.6
0.8
7.1
2.2
6
4.9
0
0
0
0
1.8
0.9
0
0
0
0
0
0
0
0
0
5.2
11.3
10.3
7.3
3.9
0
0
0
0
0
0
0
0
0
0
0
0
0
0
0
0
0
0
0
0.4
0
0
0
0
0
0
2.1
0.1
0
0.4
0.1
0
0
3.7
0
0
0
0
0
0
0
0
0
0
0
0
0.6
0
0.9
0.1
0
0
0
0
0
0
0
0
0
0
0
0
0
0
0
0
0
0
0
0
0
0
0
0
1
0
1.3
0
0
0
0
0
0
0
0
0
0
0.2
0
0
0
0
0
0
0
0
0
0
0
0.1
0
0.1
0
0
0
0
0
0
0
0
0
0
0
0
0
0
0
0
0
0
1.6
0
0
0
0
0
0
0
0
0.1
0
0
0
0
0
0.4
0.6
0
0
0
0
0
0
0
0
0
0
0
0
0
0
0
0
0
0
0
0
0
0
0
0
0
0.1
0
0.2
0
0
0.2
0
0
0
0
0
0
0
0
0
0
0
0
0
0
0
0.2
0.2
0
3.9
0
0
1.8
0
0
0
0.6
0
0.6
5.7
0
0
0
0
0
0
0
0.6
0.5
0.4
0
0
0
0
0
0
0
0
0
0
0
0
0
0
0
0
0
1.8
-99
11.8
1.6
0
0
0
0
0
0
0
7.8
0.4
0
0
0
0
0
0
0
0
0
0.3
0
0
0
0
0
0
6.1
6.2
0.1
0
0
0
0
2.6
0
0
0
0
0.1
0
0
0
0
0
0
0
0
0
0
0
0
0
0
0
0
0
0
0
0
0
0
0
0.1
0.4
0
0
0
0
0
0
0
0
0
0
0
0
0
0
0
0
0
0
8.6
0
0.4
0
0
0
0
0
0
4
0
0
0
0
0
0
2.8
0
0
0
0
0
0
0
0
0
0
0
0
0
0
0
0
0
0
0
0
0
0
0
0
0
0
0
0
0
0
1
0
0
0
0
0
0
0
0
7.6
0.6
0
0
0
0
0
0
3.2
0
0
0
0
0
0
0
0
8
0
0
0
0
0
0
0
0
0
0
0
0
0
0
0
0
0
8.8
0
0
0
0
-99
0
0
0
0
0
0
0
0
0
0
0
0.4
0
0
0
1.8
0.2
0.2
1.8
1.4
30.1
29.3
0.6
4.4
0.2
-99
-99
0.8
0.6
0
1
3.2
1.8
0
0
0
0
0
0
0
0
0
0
0
0
0
0
2.2
0
5.4
0
3.6
0.4
0
0
0
0
0
0
0
0
0
6.2
0
1.6
0
0
0
0
0.6
0
0
1.2
0
0
0.4
0
0
0
0.4
0
0
0
0
0
0
0
0
0
0
0
0
0
0
0
0
0
0.2
0
0
0
0
0
0
0
0
0
0
0
0
0.4
0
0
0
0
0
0
0
0
0
0
0
0
0
0
0
0
0
0
0
0
0
0
0
0
0
0
0
0
0
0
0
0
0
0
0
5.2
0
5
0
0
0
0
0
0
0
3.6
0
0.2
16
0.4
0
3.2
0
0.6
0.2
0
0
0
0
0
0
0
0
0
0
0
0
0
0
0
0
0
0
0
0
0
0
0
0
0
0
0
0
0
0
0
0.2
0
0
0
0
0
0
0
0
0
0
0
0
0
0
0
0
0
0
0
0
0
0
0
0
0
0
0
0
0
0
0
0
0
0
0
0
0
0
0
0
0
0
0
0
0
0
0
0
0
0
0
0
0
0
0
0
0
0
0
0
0
0
0
0
0
0
0
0
0
0
0
0
0
0
0
0
0
0
0
0
0
0
0
0
1.6
3.6
5.6
0
0
0
0
0
0
0
0
0
0
4.4
11.4
0
0
0
0
0
0
0.2
1.6
0
0
0
0
0
0
0
0
0
0
0
0
0
0
0
0
0
0
0
1.2
0
0.8
9.8
2.4
0
0
0
0
0
0
0
0
0
1.2
0
0
0.4
5.2
1.2
4
0
0
0.2
2
1.4
0
0
0
0
0
0
0
0.4
0.2
0
0
0
1.4
0
0
0
0
0
0
0
0
0
2.4
0
0
1
0.6
0
0
0
0
0
0
7.4
3.6
0
0
0
0
0
0
0
0
1.4
0
3.8
0.2
0
0
1.4
0
25
1.6
0
0
0
0
0
0
0
0
0
1.2
0.2
0
0
0
0
0
0
0
0
0
16.2
43.6
1.6
0
0
0
1
0
0.6
0
1
0
0
0.4
0
3.4
8.8
1.6
2.8
0
0
0
0
18
0
0.8
0
19.8
1
21.7
0
0
3.4
0
0.4
0
0
0
0
2.8
0
0
0
0
0
0
0
0
0
4.6
0
0
0
0
0
0.4
0
0
0
0
0
0
0
0
42.4
0
0
0
0
0
0
0
0
0
0
0
0
0
0
0
0
0
0
0
0
0
0
0
0
0
0
0
0
0
0
0
0
0
0
0
0
0
0
0
0
8.6
0
0
0
0
0
0
0
0
0
0
0
0
0
0
0
0
0
0
0
3.4
0
0
0
0.2
0.2
0
0
5.2
0.6
0.2
8.8
1.4
0
16.3
1.2
0
0
0
0
0
0
0.6
0
0
0
0
0.6
0.2
0
0
0
0
0
0
0
0.4
3.6
0.2
0
0
0.6
1.6
0
0
0
0
27.2
19.2
0
16.6
26.4
21.4
0
0
0
0
0
0
0
0
0
8.6
0
0
0
0
0
0
0
0
0
0
0
0
6.6
0.4
2.8
5.2
5.2
0
0
0
0
0
0
0
0
0.4
2.2
18
0
0
7.4
0
3
4.4
0
0
0
0
0
0
0
0
0
22.4
15.4
1.4
0.4
0.4
0
0
0
0
0
0
20.6
0
0
4.6
8
0
0
0
0
0
0
0
0
0
0.2
0
0
0.2
0
0
0
0
0
0
0
34
10
13
19.6
0
1.2
1.2
0.2
0
0
0
0.4
0
0
0
0
0
0
0
0
0
0
0
0
0
0
0
0
0
0.2
0.4
0.6
1.6
0.2
0
0
0
0
0.2
0
0
0
0
0
0
0
0
0
0
0
0
0
0
0
0
0
12.6
7.8
0.8
22.2
4.6
6.6
0
0
0
0
13.8
0
0
11
3.4
5.2
0.2
0
0.4
4.6
0
0
0.8
0
0.2
0
0
0
0
18.2
0
0
0
3
5
0
0
0
0
0
0.2
0
0
0.2
0
0
0
3
0
0
0
0
0
0
0
0
0
0
0
0
0
0
0
0
3.8
0
0
0
0
1
2.2
0
0
0
0
0
0
0
0
0
0
0
0
0
0.2
0
0
0
0
0.2
0
0
0
0
0
0
0
0
0
0
0
0
0
17.4
0
0
0
0
0
0
0
0.4
0
0
0
0
1.6
0
0
0
0
0
0
0
0
0
0
0
0
0
0
0
0
0
0
0
0
0
0
0
0
0
0
0
0
0
0
0
0
0
0
0
0
0
0
0
0
0
0
0
0
0
0
0
0
0
0
0
0
0.8
23.6
0.6
0
5.8
1.8
0.4
17.4
0.2
0
0
0
0
0
0
0
0
0.2
1.4
0
0
0
0
0
0
0
0
0.2
0
0
0
0
0.2
0
0
0
0
1.2
14.4
23.8
0
0
0
0
0
0
0
0
0
0
0
0
0
0
0
0
0
0
0
0
0
0
0
0
0
0
0
0
0
0
0.4
0
0
0
0
0
0
4.4
0
0
0
0
0
0
0
0
0
0
0
0
0
0
2.2
4.6
0
0
0
0
0
6.4
5.8
7.4
5.8
0.8
1.8
0
1.4
0
0
0
0.2
0.2
0.2
7.6
4.2
0
14
1
0
0
0
3.8
0
2.4
0
1.4
2.2
2.6
1.2
1.4
0
0
0
2
3.2
0
0.2
0
0
0
1
0
0
0
6.6
0.2
0
0
23.2
12.2
0
0
0
3.6
0
4
1
0.4
8.2
33.4
0
2
0
0
0
0
0
0
0.2
0
0.2
13.4
0
0
0
10
34.6
0
0
0
1.2
0
0
0
0
0
0
0
0
5.6
16
0
0
0
0
0
0
0
3.2
0
0
0
0
19.6
0
0
0.2
0
0
0
0
2.6
0
0
0.2
0
0
0
0.8
0
0
0.2
1.4
0
0
0
0
0
0
0
4.6
14
50.6
22.4
0
0.4
0.4
13.4
0.8
0
0
1.4
11.2
10.2
0
0
0
0
0
0
0
0
0
0
0
0
0
0.2
0
0
0
0
0
0
0
0
2.4
0
0
4.6
4.8
1.4
0
0
2.2
2
0
0
0
0.2
0
0
0
0
0
0
0
0
0
0
0
0
0
0
1.2
0
0
0
0
0
0
0
0
0
0
0
0
0
0
0
0
0
0
0
0
0
0
0
0
43.4
4.4
0
0
1.8
0
0
0
0.8
0
0
0
0
0
3.8
0.2
15.4
0
0
0
0
7.4
0
0
0
0
0
0
0
0
0
0
0
0
0
0
0
0
0
0.2
2.6
0
0
0
0
0
0
0
0
0
43.7
0.8
0
17.1
8.8
0
0
0
0
2.4
0
0
0
0
0
0
0
0.2
4.2
0
0
0
1
19.2
13
12.6
3.2
0
0
0
0
0
0
0
0
0
0
0
0
0
0
0
0
0
0.8
0
0
0
0
0
0
0.4
1
0
0
0
0
0
0
0
0
0.2
0
0
2
0
0
0
0
0
0
1.4
0
0.4
6.8
0
0
0
0
0
0
0
1.6
1.2
0.2
0
0
0
0
0
0
0
0
0
0
6.2
8.2
20.6
0
0
0
0
0
0
8.6
1.8
0
0.8
0
0
0.2
0
0
0
0
0
0
0
0
0
0
0
0
0
0
0
0
2.8
0.1
0
0
0
0.4
21.6
2.8
0
1.8
0
0
0
0
0
0
0
0
0
0
0
0
0
0
0.8
0
12.4
0
0.7
0.6
0
0
0
0
0
0
0
0
0
7.8
15.9
1.8
0
0
0
0
0
0
0
55.6
0.1
6.3
39.3
7.5
0
0
0
0
0
0
0
0
0
0
3.1
0
0.4
0
0
0
0
0
0
0
0
0
0
0
0
0
0
0
0
0
0
0
0
0
0
0
2
1
0
0
2.2
0
30.3
1.6
0
0
0.6
8.2
0
0
0
19.3
0.3
0
0
0
0
0
8.5
4.2
0
0
0
0
0
0
0
0
0
0
0
0
0
0
0.1
34
3.8
1.5
0.1
2.9
9.4
0.1
17.7
14.5
0
28.4
0
0
0
0.2
0
0
0
0
0
0
0
0
0
0
0
0
0
0
0
0
0
0
0
4.4
0
0
0
0
0
0
0
1.2
3.9
6.9
0.1
0
0.1
0
73.4
0
0
0
0.1
4.4
0
2.6
0
0
0
0
0
0
0
0
0
0
0
0
0
0
0
0
0
0
0
0
0
0
0
0
0
0
0
0
0
0
4.2
0
0
0
0.1
0
0
0
0
0
0.4
0
0
0
0
0
0
0
0
0
0
0
0
0.5
0
0
0
0
0
14
0
0
0
0
0
0
0
0
0
0
0
0
0.1
0
0
0
0
0
0
0
0
0
0
0
0
0
0
0
0
54.9
0.1
0
6
28.7
0
0
0
0
11.4
0.1
43.4
6.6
25.5
0
0
0
0
0
0
1.5
3.6
44
2.4
0.2
2.3
7.3
0
13.3
0
0
0
0
0
0
0
0
0
0
0
0
0
0
0
0
0
0
0
0
0
0
0
0
0
0
0
0
0
0
0
0
0
0
0
0
0
0
0
0
0
0
0
0
0
0
0
0
0
0
0
0
0
0
0
0.1
0
0
0
0
0
0
0
0
0
0
0
4.2
0
0
0
4.5
3.5
0
0
0
0
0
0
0
0
0
0
0
0.7
0
0
0
0
0
0.5
0
0
0
0
0
0
0
0
0
0
0
0.1
0
0
0
0
0
0
0
0
0
0
0
0
0
0
0
0
0
20.5
6.2
0
0
0
0
0
0
0
0
0
0
0
7
37.2
2.6
1.3
0
0
0
2.4
0
0.4
0.1
2.9
0.9
0
0
0.1
0
0
0.1
0
0
0
0
0
0.1
6.1
0
7.6
0
0
0
0
0
0
0
0
0
0
0
0
0
0
0
0
0.1
0
0
32
0.4
0.3
0
0
0
0
0
0
0
0
0
0
0
5.3
0
0
0
0
0
0
0
0
0
0
0
0
0
0
0
0
0
0
0
0
0
0
0
0
0.3
0
0
28.5
0
0
0
0
0
0
0
0
0
0
0
0
0
0
0
0
0
0
0
0
0
0
0
0
0
0
0
0
0
0
0
0
0
0
0
1.1
0
0
0
0
0
0
0
0
0
0
0
0
0
0
0
0
0
0
0
0
0
0
0
11.4
0
0.3
0.2
0
0
0
0
0
0
0
0
0
0
0
0
0
0
0
0
3.1
0
0
0
0
0
0
0
0
0.7
67.1
0
0
0
0
0
0
0
0
0
0
4.5
5.1
22.2
0.9
0.4
0
0
0
0.2
5.5
3.6
25.9
0.4
0
0
9.5
2.3
0
0
0
4.7
49.5
0
0
0
0.5
0
0.6
0
0
1
0
0
0
0
0
0
3.2
0.3
0.6
0
0
0
0
0
0
0
0.4
26
0
0
0
0
0
0
0
0
0
0
0
0
0
0
0
2
0
0
0
0
0
0
0
0
0
0
0
0
0
0
0
0
0
0
0
0
0
0
0
0
0
0
0
0
0
0
4.6
0
0
0
0
0.1
5.7
0.1
0
11
3.7
0
0
0.7
0.4
2.8
0
0
0
0
0
0
0
0
0
0
0
0
0
0
0
0
0
0
0.2
0
0
0
0
0
1.2
11
0
0
0.1
0.4
17.2
10.5
0
0
1.1
33
23
0.2
0
0
0
0
0
33.5
0
0
0
1.7
0.6
0
1.8
0
0
0
3.7
0
0
0
0
1
0
0
2.4
0
0
0.8
7.7
1.8
0
0
0.1
0
0
0
0
0
0
0
0
0
0
0
0
0
0
0
14.6
1.1
22.5
8.5
15.9
4.6
0
0
0
0.4
0
0
0
0
0
1.3
0
0.4
0
0.8
18.7
1.9
1.1
8.4
8.2
0.4
0
0
0.2
0
0
0
0
0
0.1
0
0
0
0
0
0
0.3
0
0
23.8
0.6
0
0
0
0
0
0
0
0
0.1
0.1
0
0
0
0.1
0
0.1
0
0
0
0
0
0
0
0
0
0.2
0
0
0
0
0
1.4
0
0
0
0
0
0.1
6.2
0.3
0
0
0
0
0
0
0.1
0
0.1
6.6
0
0
0
0
0
0
0
0
1.6
0.2
0
0
0
0
0
0.1
0
0
0.1
0
0
0
0
0
0
0
0.4
0
26.3
0.1
0
0
0
0
0
0
0
0
0
22.2
0.9
0
7.5
7.6
0
0
0
0
0
0
0
0
0
0
0
0
0
0
0
0
0
0
0
0
0
0.7
11.8
0
4.4
3.5
0
0
0
2.5
0
0
0
0
0
0
0
0
0
0
0.1
1.8
0
0
0
0
0
1.8
0
0
0
0
0
0
0
0
0
0
0
0
0
0
0
0
0
16
42.3
31
0
0
0
0
0
0
0
0
0
0
0
0
0
0
0
0
0
0
0
0
0
0
0
0
0
0
0
0
0
0
9
6.2
0
0
0
1
1.8
0
0
0
0
0
0
0
0
0
2.8
0
0
0
0
0
0
0
2.6
1.2
0
0
0.1
0
2.7
23.9
0
0
3.1
0
0
0
0
0
0
4.1
9.8
0
1.2
2.6
0
0
0.8
0
0
0.1
10.7
1.3
0
0
0
0
0
6
0
0
0
0
0.3
0
0
0
0
0
0
0
0
0
0
0
0
0
0
0
0
0
0
0
0
0
0
0
0
0
0
0
0
5.2
0.3
0.2
0
0
1.5
0
0
5.3
0
0
0
16.6
0.3
0
0
0
0
0
0
0.4
0
0
0
0
0
0
0
0
3.3
3.3
2.4
0
0
3.1
0.1
0.8
0
0
0
0
0
0
0
0
0
0
0
0
0
0
1
0.3
0
0
0
0
0
0
1.9
0.2
0
0
0
0
19
0
19.8
0.2
8.9
0.9
0
0
0
0
0
0
0
0
0
0
0
0
0
0
10.4
0
4.1
0
0
0
0
0
0
0.1
0
0.1
0
0
0
0
0
0
0
11.1
0
0
29.2
0
0
0
0
0
0
0
0
0
0
0
0
0
0
0
0
0
5.1
0
0
29.7
11
0
0
0
2.6
0
0
0
0
0
0
0
0
0
0
0.5
0
0.8
0
0
0
0
0
0
16.4
0
0
0
0
0
0
0
0
0
0
0
0
0
8.8
0
0
0.8
1.5
0
0
0
0
6.5
0
25.1
1.6
0
0
0
0
10.4
2
0
0
0
0
43.4
0
12
0
0
0
0
15.4
0
0
0
0
0
0
0
0
0
0
0
0.1
0
0
0
0
0
0
0
0
0
0
0
0
0
0
0
0
29.7
14.3
0.2
0
0
0
0.1
0.2
4.6
0
0
2.5
0
0
0
0
0
0
0
0
0
0
0.4
25.4
2.4
0.2
28.9
19.7
0
0.2
0.9
2.3
0
0
0.1
0
0
0
0
0
0
0.7
16.2
0
0
0
0
0
0
0
0
0
0
0
0
0
0
0
0
0
0
0
0
0
0
0
0
0
0
0
0
0
0
0
0.5
0
1.6
8.8
0
0
0.1
0
0
0
0
0
0
0
0
1.2
0.9
0
4.9
2.8
0.1
0
0
0
0
0
0
0
0
0
0
0
0
0
0
0
0.4
0
0
0
0
0
0
0
0
0
0
8.3
0
0
0.1
0
0
0
0
0
0
4
0
0
0
0
0
0.6
11.7
0
0.2
3.3
5
0.4
0
0
0
0
0
0.3
0
0
0
0
0
0
0
0
0
0
0
0
0
0
5.5
0.1
0
4.5
0
0
0.1
0
0
0
3.8
3.2
0.1
0
0
0
0
0
0
0
0
0
0
0
0
0
0
0
0
0
0
0
0
35.9
21.1
0
0
0
0
0
0
0
0
0
0
0
0
0
0
0
0
0
0
0
0
0
1.2
0
0
0
0
0.5
0
0
0
0
0
0
0.4
0
0
0
0
0
0
0
0
0
0
0
0
0
0
0
0
0
0
0
0
0
0
0
0
0
0
0
0
3.5
0
0.2
0.4
0
0
0
0
0
7.5
7.5
0
0
0.3
0
0
0
1.6
2.3
0
0
0
35.6
18.1
6.1
0
0
11
0
0
0
1.2
0
0
0
0
0
0
0
0
0
0
5.6
0
1.9
0
0
0
0
0
13.4
1.8
0.5
0
0
0
0
0
0
0
0
0
0
0.1
0.7
0
0
0
0
1.9
9
3.6
0.3
54.2
0
0
0
0.4
6.9
0
0
0
0
10.3
0
0
0
0
0
0
0
0
0
0
0
0
8.4
7
0.3
0
0
0
0
20.5
2.6
0
0
0
0
0
0
0
0
0
0
0
0
0
0
0
0
0
0
0
0
0
0
0
0
0
0
0
0
0
0
0
0
0
0
0
0
0
0
0
0
0
0
0
0
0
0
0
0
0
0
0
0
0
0
0
0
0
0
0
0.2
0
0.3
0
0
0
0
0
0
0
0
0
0
0
0
0
0
0
0
0
0
0
0
0
0
0
0
0
0
0
0
0
0
0
0
0
2.1
0
0
0
1.5
0
3.9
8.7
3.5
0
0
0
0
0
0
0
0
0
0
0
14.1
0.3
0
0
0
0
0
0
0
1.2
1.8
0.4
0
0
0
0
0
1.3
5
0.7
0
1.2
16.5
0
0
0
0
0
0
0
0
0
0
0
9.7
0
0
6.3
10.2
0
0
5
0
0
0
0
0
0
0
0
0
0
0
2.5
35.2
0
3.7
0
0
0
2.1
2.9
0
2.2
0
0
0
0
0
0.1
1.8
0.2
2.1
8.5
0
0
0.8
3.5
0
0
0
0
0
0
0
5.4
0
0
0
0
0
1
0
0
0.3
0
0
0
0
0
0
0
0
0
0
0.2
0
0
0
0
0
0
17
0
0
0
0
0
0
0
0
0
0
0.4
0
0
0
0
0
0
0
0
0.6
0
0
0
0
2.1
0
0
0
0
0
0
0
0
7.7
0
0
0
0
0
0
0
0
0
0
0
0
0
0
0
0
0
0.5
0
0
0
0
0
0
0
0
0
0
0
0
0
0
0
0
0
0
0
0
8.3
0
0
0
0
0
0
0
0
0
0.9
1.5
0
0
21.8
6.5
0
0
1.2
0
0
0
0
0
6
0
7.4
0
4.8
0
0
0
0
0
0
0
0
14.6
0
0
0
0
0
83.4
38.4
0
0
0
0
0
0
0.3
0
4.9
0
0.7
2.4
0
0
0
0
0
0
0
0
0
0
0.9
0.1
0.1
0
0
0
0
0.1
0
0
0
0
0
0
0
0
1.6
12.1
21.5
0
0
0
0
0
0
0
0
0
0
0
0
0
0
0
0
0
0
0
0
0
0
3.8
1.8
0
5.7
4
0
0
0
0
0
0
0
0
0
0
0
0
0
0
0
0
0
0
0
0
0
0
0
0
0
0
0
0
0
0
2.7
0.2
1.6
3
0
0
2
11.8
3.2
0
0
0
0
0
0
0
0
0
0.2
1.9
0
0
0
0
7
0.1
0
0
0
0
0
0
0
0
0
9.3
0
0
0
0
0
0
10.8
3.7
0
0
0
0
0
0
0
0
0
0
0
0
0
0
0
0
0
0
0
58.7
19
0
0.3
0
0
0
0.4
10.2
2.5
0
0
1.6
0
0
0
0
0
0
0
0
0
0
0
0
0
0
0
0
0
0
0
0
4.7
17.5
0
0
0.9
0
0
2
0
0
0
0
0
0
0
11.2
0
0
0
0
0
0
0.1
0
0
0
0
0
0
0
0.1
0
0
0
3.6
0
0
0
0
10.4
0.2
0
0
0
0.6
0
0
0
0
0
0
0
0
0
0
0
0
0
0
0
0.6
0.1
0
0.5
0
2.5
0
0
0
0
0
0
0
0
0
0
0
0
0
0
0
0
0
0
0
0
0
0
4
0
1.8
0
0
0
0
0
0
0.6
0
0
0
0
0
0
8.1
0.2
0.4
0
4.3
0
0
0
0
0
0.4
0
0.1
0
0
0
0
0
0
0
0
0
0.1
13.9
0
1
0
1.3
0
3.5
0
0
6.6
0
0
5.8
0
11.3
4.9
0
0
1.1
0
0
0
0
0
0
0.4
0
0
0
0
0.6
5
0
0
0
0
0
0
0
0
0
0
0
0
0
0
0
0
22.8
74.2
2.7
0.3
0.8
0
0
0
0
0
0
0
0
0
0
0
0
6.1
0
0
0
0
0
0
0
0
0
0
0
0
0
0
0
0
0
0
0
0
10.3
0
0
0
0
0
0
0
0
0
0
0
0
0
0
0
2.9
0
0
0
0
0
0
0
0
0
0
0
0
0
0
0
0.6
0
0.1
0
0
0
0
0
0
0
0.3
13.3
0
0
0
0
0
4.7
0.5
0
0
0
0
0
0
0
0
0
0
0
53.2
0
0
0
0
0
3.3
0
0
0
-99
0
0
9.2
0
0
0
21
0
0
0
0
0
0
0
0
0
0
0
0
0
0
1.1
6.1
1
2.4
0.7
1.2
0.8
0
0
0
0
0.6
0
0
0
0
0.1
0
0.2
0.3
4.1
18.8
0
0
0
44.2
0
0.4
0
0
0
0
0
0
0
0
0
0
0.2
0
1.3
0.1
6.3
14
0
1.9
5.8
0
0
0
0
0
0
0
0
0
0
0
0
0
0
4.5
0
7.7
0
1.4
0
1
3
0.1
0.2
0
0
0
16.5
0
0
0
0
0
0
0
0
0
0
0
0
0.2
2.4
0
0
0.4
0
0
0
0
4.2
0
0
26.3
3.4
0
0
0.1
0
0
0
0
0
0
0
0
0
0
0
0
0
0
0
0
0
0
0
0
0
0
0
0
0
0
0
0
0
0
0
0
0
0
0
50.8
0
0
0
0
5.4
0.9
0
0
0
0
0
0
0
0
0
0
0
0
0
0
0
0
0.2
1.6
0
0
0
0
0.7
0
0
24.3
0
0
0
0
0
0
0
0
0.1
0
0
0.2
0.3
3.5
0
0
0
0
0
44.6
56.6
0
0
0
0
12.2
0
0
0
0
0
2.8
0
0
0
0
0
0
0
0
0
0
0
0
0
0
0
0
0
0
21.6
0
10.8
4.2
0
0
3.4
21.8
2
0.4
0
1.3
7.1
3.6
0
0
0
0
0
0
35.6
3.4
0
3.2
32.8
2.4
0
0
0
5.1
0
0
0
12
0
0
0
0
0
63.8
0.8
1.8
11.7
2.2
2.5
0
0
2.4
0
0
3.4
0
0
0
0.5
0
0
0
0
0
0
0
0
0
0
0
0
1.4
1.9
0
0
0
0
0
0
0
0
0
0
0
0
0
0
0
0
0
0
0
0
0
0
0
0
0
0
0
0
0
0
0
0
0
0
0.3
0
12.6
0
0
0.5
0
0
0
0
0
0.3
0
0
2.7
0
0
0
0
0
0
0
0
0
0
0
0
0
0
0
0
0
0
0
0
0
0
0
0
0
0
0
0
0
0
0
0
0.2
0
0
0
0
0
0
1
0
0
0
0
0
3.1
0
0
0
0
0
0
0
0
0
0
0
0
0
0.1
3.2
0
3.1
0.3
1.8
0
4.1
2.3
0
0
0
0
0
0
0
0
0
0.4
0
1.8
0.4
0
0.3
0
0
0.2
2.1
0.1
0
0
24.9
0
0
0
0
0
0
0.1
0
0
0
0
0
0
7.6
1.2
1.6
0
0
0
0
17.8
1.5
0
0
0
0
0
0
0
0
0
0
0
0
0
0
0
0
19
0
0
0
0
0
0
0
0
0
0
0
0
0
0
0
0
0
0
0
0
0
0
0
0
0.2
0.3
3.9
0.9
0
0
0
0
5
0
0
20.1
0
0
0
0
0
0
0
0
0
11.5
0
0
0
0
0
0
0
0
0
0
0
0
0
0
0
9.6
0
0
2.4
1.3
0
0
0
0
0
0
0
0
0
0
15.3
0
0
0
0
0
17.3
0
0
1.2
0.3
0
3.8
0.1
38.3
3.1
0
0
0
0
0
0
0
0
0
6.5
0
0
0
0
0
0
0
0
0
0
0
0
0
0
0
0
0
0
0.2
0
0
0
7
0
0
0
0
0
0.1
0.7
46.8
3
0
0
0
0
0
0
0
0
0
0
0.6
0
0
0
0
0
0
4.9
0
0
0.5
12.5
0
0
0
0
0
0
0
12
2.1
0
0
0
0
0
0
0
0
0
0
64.8
7.2
0.5
0
0
0
0
0.2
0
0
0
0
0
0
0
0.1
8.1
0.8
0
0
0
0
0
0
0
0
0
0
0
0
0
0
0
0
0
0
0
10
0
0
0
0
0
0
0
0
0.4
10.1
54.2
16.2
23
0
0
0.1
0
0
0
0
0
0
0
0
0
0
0
0
0
0
0
0
0
0
0
0
0
0.3
0.2
0
0
0
0
0
0
0
0
0.5
0
0
0
1.6
0
0
0.4
0
0
0
0
0
0
0
0
0
0
7.9
0.2
0
0
0
0
0
12
0
0
0
0.1
0
0
4.4
1
6.2
0
0
0
0
0
0
0
0
0
0
0
22.8
0
0.1
0
0
8.1
41.4
10.4
69.3
1.5
0
0
0
0
0.5
0.6
0
0
0
0
0
0
0
0
0
0
0.2
5.4
0
0.9
1.2
3.5
0.1
1.3
0
0
0
0
0
0
0
0
0
0
0
0
1.6
0
0
1.9
0.2
14.4
0.6
0
0
2.8
0.7
8.4
0
0
0
0
0
0
4.4
0
7.9
0
0
0
0
0
0
0
0
0
0
0
0
0
0
8.4
1.5
0
0
0
0
0
0
0
0
0.5
0
0
5.5
0
0
0
0
0
0
0
0
0
0
0
0
0
0
0
0
0.7
2.4
0
0
0
0
0
0
0
0
0
0
0
0
0
0
0
0
0
0
0
0
0
0
0
0
2.2
6.6
9.8
0
0
0
0
0
0
38.2
9
0
18.1
0
0
0
0
0
0
0
0
0.8
0.1
0
14.1
1.9
0
0
0
0.1
0
0
0
0
0
0.7
0
0
0
0
0
0
0
12.9
0
0
0
3.6
0
0
0
0
0
0
0
0.8
0.1
0
0
0
0
0
0
0
0
0
0
2.9
2.7
0
0.6
4.7
0
0
0
0
0
0
0
0
0
0
0
0
0
0
0
0
0
1.3
3.5
5.3
12.5
0
0
0
0
0
0
0
0
0
0
0
0.3
1
0
0
0
0
0
0.1
0.9
0.1
0
0
0
0
0
0
0
0
0
0
0
0
0
0
0
0
0
0
0.1
0
7.1
1
0
0
0
0
0
0
0
0
0
0
0
6.9
0
0
0
0
0
0
0
0
0
0.1
0
0
0
0
0
12.9
1.6
0
0.1
0
0.1
0
0.4
0
0
0
0
0
0
0
5.4
0
0
0
0
0
0
0
0
0
0
0
0
0.6
0.4
0
0
0
0.5
0
0
0
0
0
6.7
0.4
0
0
0
0
0
0
0
0.1
0
0
0
0
0
0
0.3
0
0
0.6
0.1
0
0
0.8
1.1
5.2
0
0
0
0.1
0
0
0
0
3.4
0
0
0
0
1.1
0
1.1
0
0.1
22.6
0
0
0
0
0
0
0
0
1.7
0
0
0.3
0
0
0
0
0
0
0.3
0
0
0
0.4
0
0
0
0
0
0
0
2
0
0
0
0
0.5
0
0
0
0
0
0
0
0
0
0
0
0
0
0
0
0
0.4
0
0
0
0
0
0
0
0
0
0
0
0
0.2
0
0.8
0
0
0
0
0
0
1.4
0
0
0
0
0
0
0
0
0
0
0
0
0
0
0
5.8
0.6
0
0
9
0
0
0
0
0.1
0
0
0
0
0
0
0
0
0
0.3
0
0
0
0
0.6
0
0
0
0
0
0.2
0
0.1
0.3
0.4
0
0
0
0
0
0
2.8
0
0
0
0
0.1
0.4
0
12.1
0
16.4
0
0
2.9
0
0.4
0
0
0
0
0
0
0
37.3
18
0
0
0
0
0.4
0
0
0
0
0
0
0
0
0
0
0
0.3
0
0
0
0
0
0
0
50.4
10.7
0.1
1.4
0
0
5.3
0
0
0
0
0.1
10.7
1.5
0
0
4.1
0.1
2.3
0
0
0
0
0
2.7
30.6
4.3
1.4
0
0
0
0
0
0.8
0.2
0
0.1
0
0
0
0
0
0
0
0
0
0
0
0
0
0
0
0
0
0
0
0.1
0
0
0
0
0
0
0
0
0
0
0
5
0
0
0
0
0
0
0
0
0
0
0.1
0
0
0
0
0
0
0
0
0
0
0
0
0
0
0
0
0
0
0
0
0
0
0
0
0
0
0.5
0
0.1
0
0
0
0
0
0
0
0
0
0
0.1
0
0
0
0
0.1
0
0
0
11.9
0
0.3
0.6
0.4
1
54
1.7
0
0
0
0.1
0
0
2.1
0.1
2.9
0
0
0
0.5
0
0
0
28.6
7.7
0.1
0
0.6
0
0
0
0
0
0
0
0
0
2
0
0
0
0
0
0.5
1.9
18.6
0
13.2
0
0
0
0
0
0
0.5
0
0.9
0.6
0
0.1
0
0
0
0
0
0
0
0
0
0
0
0
0
0
0
0
0
0
12.4
4.5
0
0
0
0
0
0
0
0
0
0
0
0
0
0
0
0
0
0
0
0.1
0.1
0
0
0
0
0
3.3
1.3
0
0
0
0
0
0
0
0
0
0
0
0
0.1
1.5
0
0
0
0
0
0
0
0
0
0
0
0
0
0
0
0
0
0
0
0
6.7
0.1
0.7
0
0
0
0
0
0
16
0
0.1
0
0
0
0
0
0
0.1
0
0
2.9
6
0
0
28
0
0
0
0.6
0
0
0
0.2
0
34.2
0
1.3
0
0
0
0
0
0
0
0
0
0
0.1
0.9
0
0.9
0.1
0
0
0
0
0
11.1
2.3
0
0
0
0
0
0
0
0
0
0
0
0
17.1
0
0.3
0
0
0
0
0
0
0
0
0
0
0
0
0
0
0
0
0
0
0
0
0
0
0
0
1.2
0
0
0
0
0
0.8
4.2
0
0
0.1
0
0
0
0
0.2
0.4
0
0.2
0
0
0.4
0
0
0
0.4
0.1
0
0
0
0.5
1
0
0
0
7.9
0.1
0.2
0
8.7
4.2
0.9
5
0
0.1
0
0
0.1
1.3
0
0
0
0
0
0
0
0
0
0
