20000101
0
0
0
0
0
0
0
0
14
0
0
0
0
1
0
0
0
0
0
0
0
0
0
0.7
8.6
2.3
0
0
0
0
0
0
0
0
0
0
0
0
0
0
0
0.9
0.2
0
0
0
0
0
0
0
0
0
0
0
0
0
0
0
0
0
0
0
0
0
0
0
0
0
0
0
0
0
0
0
0
0
0
0
0
0
0.7
0.7
1.5
0
0.4
0.7
6.5
14.4
0
4.5
18.1
0
1.4
0
0
0
0
0
2.4
3.3
19.8
14.6
0
0
0.2
0
9
0
0
0
0
0
0
0
0
0
0.5
25.2
4
0
0
0
0
0
0
0
0
0
0
0
36.3
0
0
0
0
0
0
0.5
2.4
3.1
1.7
30.8
4.4
0
0
0
5.6
0.6
0
0
0
0
0
0
0
0.2
3.3
0
0
0
4.7
0.2
0.8
0
6.7
0.3
0
0
0
0
0
0
0
0
1
0
0
0
0
0
0
0
0
0
0
0
0
0
0
0
0
1.4
0
0
0
0
0
0
0
0
0
0
0
0.2
0.3
0
0
0
0
0
0
0
0
0
0
1.5
2.1
0
0
0
0
0
0
1
0
0
0
0
0
0
0
0
1.8
0
0
0
0
0
0
0
0
1.5
5.8
0
0
4.4
0
0
0
0
0
0
0
0
0
0
0
0
0
0
0.4
1.3
18.6
0
0
0
0
0
0
0
12
19.7
0
0
8.7
0
0
0
0
0
0
0
2
2.3
2.7
3.5
19.6
0
1.5
0
0
0
0
0.2
6.9
10.7
0
0
0
0
0
0
0
2.6
0.4
0
0
0
0
2.2
0
0
0
0
0
0.1
0
0.8
0
0
0
0
0
0
0
0
0.6
4.2
0
0
0.4
0
0
5.6
0
0
0
0
0
0
1.9
0.2
0
0
0
0
0
0
0
0
0
0
0
0
0.4
5.7
9.4
36.2
9.6
0
0
0.2
0.2
0
0.1
0
0
0
0
0
0
0
0
0
0
0
0.1
0.5
3.8
17.6
61.1
0.4
0
0.7
0
0
0
0
0
0
0
0
0
0
0
0
0
0
0
0
0
0
0
0
0
0
0
0
0
10.3
3
0
0
0
0
0
0
0
0
0
6.9
0.8
0
0
0
4.1
0.3
0
1.2
1.6
0
7.7
0
0
0.2
0
1.4
0
0
0
0
0
0
0
0
0
0
0
0
0
0
0
0.6
0
0
0
0
0
0
0
0
0
0
0
0
0
0
0
0
0
0
0
0
0
1.3
23
0
0
0
0
0
0
0.1
0
0
9.6
6.4
0
4.9
3.4
6
0
0
0
0.9
1.1
1.3
0
0
0
0
0
7.6
0.1
0
0
0
0
0
0.2
0
0
0
0
0
0
0
0
0
0
0
0
0
0
0
0
2.8
0
0
0
0
0
0
0.2
0
0
0
0
0
0
0
0
0
0
0
0
0
0
0
0
0
0
0
0
0
0
0
0
0
0
34.8
4.3
3.8
0
0
37.5
0
0
0
0
0
0
0
0
0
0
0
0
0
0
0
0
0
0
0
0
0
0
0
0
0
0
0
0
0
0
0
0
0
0
0
0
0
0
0
0
0
15
1.4
0
0
0
0
0
0
0
0
0
0
0
0
0
0
0
4.4
15.6
0
0
0
0
15.6
0
0
0
0
0
9.5
3.6
0
0
0
8.7
0
0
0
0
0.8
5.4
0.1
0
0
1
0
0
0
18.3
0
0
1
0
0
0
0
0
0
0
0
0
0
1.5
0
0.1
0
0
0.2
0
0
0
0
0
30.3
0
0
0.4
13.1
17.8
4.6
0
1.3
0
0
0
0
0
0
0
0
0
0
0
0
0
0
0
0
0
0
0.2
0
0
0
0
0
16.3
11.9
0
0
2.6
0
0
0
0
0
0
0
0
0
0
0
0
0
0
6.5
24.1
3.9
0
0
0.3
2.5
4.4
0.2
0
0
0
0
0
0
0
0
0
0
0
0
4.4
0
0
0
0
0
0
0
0
0
0
0
0
1.6
0
0
0
0
0
0
0
0
3.2
0
15.5
0
0
0
0
0
0
0
0
0
0
0
0
0
7.7
0
21.4
26.4
0.1
0
0
0
0
0
0
0.9
0
0
0
7.7
0
0
0
0
0
0
0
0
0
0
9.3
12.2
0
0
0
1.6
48.9
0
0
23.6
2.7
1.2
0
15.4
8.5
10.6
0
0
0.1
0
0
0
1
0
0
0
0
0
0
0
0
0
0
0
3
6.9
8.6
0
0
3.7
22.8
10.3
24.8
16.6
11.4
0
0
0
0
0
0
0
0
0
0
0
0.7
0
0.8
8.5
4.8
0
0
0
0
0
0
0
2.2
0.9
0
17
12.3
0
0
0
0
0
0
0
0
0
0
0
0
0
0
0
0
0
0
0
0
5
0
0.3
0
0
0
0
0.5
0
0
0
0
0
0.3
5.3
0
0
0
0
0
0
0
0
0
0
0
0
0
0
0
0
0
119.5
4.8
0
0
0
0
0
0
5.4
1.9
16.6
0
0
0
0
11.1
0
0
0.1
0
0
11.2
0.8
0
28.8
0
15.1
0.5
0
0
0.5
0.9
0.4
1.1
1
0
10
0
0
1.5
0
0
1.4
0
0
0
0
15.7
0
0
0
2.4
0
0
0.1
0
0
0
0
0
0
0
0
3.6
0
0
0
0
0
86.6
47.4
22.6
0
0
0
0
0
0
0
0
0
0
0
0
1.7
0
0
0
0
0
0
0
0
0
0
0
0
0
13.3
0
0
0
0
0
0
3.2
6.3
2.6
0
0.6
0
0.3
2.5
0
0
8.9
27.9
0.1
0
0
0
0
0
0
0
0
0
0
0
0
1.3
19.3
26.9
0
0
0
0
1
0
0
0.7
2.4
0.3
0
0
0
0
0
0
0.2
0
0
0.4
0
0
0
0
0
18.1
1
0.4
1.7
0
0
0
0
0
0
0
0
0
0
2.2
1.2
0
0
0
0
0
0
0
0
0
0
0
0
0
0
0
0
0
0
0
0
0
0
0.6
27
4.2
0.2
0
0.7
1.4
23.3
15.7
0
2.2
0
2.2
34.7
29
13.3
0
0
0
0
0
0.3
0
0
0
0
0
0
0
0
0
2.7
0
0
0
0
0
0
0
0
0
0
0
1.9
8.2
0
2.3
0.4
0
0.7
0
0
0
0
0
0
7.8
0
0
0
0
3.1
0
0
0
0
3.6
1.3
0
0
0
0
0
0
0
0
0
0
0
0
0
0
2.1
18.4
1.1
0
0
0
0
0
0
0
0
0.4
0
0
3.5
0
0
0
0
20
7.2
0.2
0
0
0
0
0
0
0
0
0
0
0
0
0
0
0
0
0
0
0
0
0
0
0
0
0
0
0
0
0
0
0
0
0
0
0
0
0
1.5
2.1
0
0
0
0.5
0.2
0
0
0
0
0
0
0
0
0
0
0
0
0
0
0
0
0
0
0
0
0
0
0
0
0
0
0
0
0
0
0
0
0
0
0
0
0
0
16.3
0
0
0
0
0
0
0
0
0
0
0
0
0
15.1
0
0.4
0
0.9
15.6
0
23.6
0.8
0
0
0
0
0
0
0
0
0
0
0
0
0
1.5
4.1
0.4
0
0.2
27.5
2.5
0
20.4
0
0
0
0
0
0
0
0
0
0
0
0
0
5.6
4.6
46.9
26.3
0
19.4
0
4.6
10.2
0
0
0
9.9
10.7
1.2
0
0
11.4
0
0
0
0
0
0
0
2
0.1
0.5
0
0
0
0
1
4.3
0
0
0
0
0
0
5.4
0
0
0.7
0
0
0
2.6
4.6
0
19.7
4.6
1.3
0
4.6
0
0
0
0
0
0
0
0
0
0
0.5
0
0
0
0
0
0
0
0
0
0.7
0
0
0
0
0
0
0
0
0
0
0
0
0
0
0
0
0
0
0
0
0
0
0
0
0
0.3
0.7
0
0
0.3
0
0
1.3
0
0
0
0
0
0
0
0
0
0
0
0
0
0
0
0
24.8
0
0
11.2
19.1
3
0
0
4.5
26.3
15.2
0
0
3
0
0
0
0
0
8.3
0
0.8
0
0
0
0
1
0.3
0
0
0
0
0
0
0
0
0
0
1.1
0
16.4
0
31.2
9
0.1
0.6
2.4
0
0
0
0
7.5
14.8
0
0.1
0
2.1
0
17
11.7
30.5
0
0
0
0
0
9.2
5.3
0
0
0
0
12.5
15.1
0.1
0
0.6
11.8
2
0.2
0
0
0
0
3.9
16.2
0.1
0
0
0
0
0
0
0
0
0
1.8
0
0
0
0
0
0
0
0
0
0
0
0
0
0
0
0
0
0
0
0
0.5
0.8
0.9
5.8
0
0
0
6.5
0
0
0
0
0
0
0
0
0
0
0
0
0
0
0
1.7
0.1
0
0
0
11
15.7
3.6
0
0
0
0
0
0
0
0
0
0
0
0
0
0
0
0
0
0
0
0
1
0
1.6
0
0
0
0
0
0
0
0
0
0
0
0
0
0
0
0
0
0
0
0
0
0
0
0
8.8
0.6
0
7.1
16
12.3
0
0
7.8
0
0
0
0.1
3.4
0
15.1
0
7.1
0
0
0
0
0
0
0
0
2.2
0
0
0
0
0
0
0
0
0
0
0
0
0
0
0
0
0
0.1
0
0
0
0
0
0
0
0
0.1
0
0
0
2.6
3
3.8
0
0
8.6
9.7
6.4
0
0
0.3
0.3
0
0
0
0
0
0
0
0
0
0
0
0
0
0
0
0
0
0
0
0
0
0
2.8
0
0
10.9
0
2.5
6.7
0
1.2
1.3
20.3
0.6
0
0
0
0
0
0
0
0
0
0
12.4
0
0
0
0
21.7
0
0
0
0
0
0
0
0
0
0
0
0
0
0
0
0
0
0
0
0
0
0
0
0
0
0
0
0
0
0
0
0
0
0
0
0
0
0
0
0
0
0.8
17.4
9.5
9.3
0.4
0
0
0
0
0
0
0
0
0
0
5
0
0.2
0
0
0
0
13
0
0
0
0
0
0
0
0
0
0
0
6.9
0
0
0
0
0
0
0
0
0
0.9
0
1.8
0.4
0
0
0
0
8.3
0
0
0
0
0
0
0
0
0
13.7
0
0
0
0
0
0
0.3
0
0
0
0
0
0.1
0
0
0
0
0
0
0
0
0
0
3.3
0
0
0
0
0
0
0.1
0
0
0
1.3
0
4.3
11.4
11.7
0
0
0
0
1.2
0
0
0
0
0
0
0
0
0
0
0
0
0
0
0
0
0
0
0
0
0
1.8
9.4
0
0
0
0
0
0.1
0
0
0
0
0
0
0
0.2
0
0
0.4
0
0
0
0
0
0.6
3.7
0.2
2.2
0
0
0
0
0
0
0
0
0
0
0
0
0
0
0
0
0
0
0
0.7
0
6.8
20.2
0
0
0
0
0
0
0.7
0.6
0.6
0
0
0
0
0.2
2
0
0.1
0
0
0
0
0
0
0
10.5
0
0
0
0
0
0
0
0
39.1
0
18.9
15.3
0
2.5
0
0
1.8
0
0
5.5
11
0
0
0
0
0
0
0
11.5
0
0
0
0
0
0
0
0
0
0.2
0
0
0
0
2.1
1.5
68.8
16
16.7
4.2
0
16
1.2
0
0
0
0
0
0
0
0
0
0.1
0.3
0
0
0
0
0
0
0
0
0
12.1
32.5
0.4
2.8
2.3
39.5
17.1
15.3
0
0.3
0
0
0
0
0
0
0
0
0
0
0
0
0
0
3.1
0
0
0
0
0
0
0
0
0
0
0
0
0
0
0
0
0
0
0
0
0
0
0
0
0
0
0
0
0
0
0
0
0.6
4.1
5.1
31.9
1.3
12.2
2
0
0
0
0
5.4
1
0
0
0
0
0
0
0
0
0
2.9
36.6
31.3
4.6
2.4
0
0
0
0
0
0
0
0
0
0.1
0.1
0
0
0
0
0
0
0
0
0.4
0
13.1
0
0
0
0
5.4
0
0
0
0
0
0.1
13.5
0
0
0
0
0
0
0
0.1
0
0
0
0
2.2
0.3
1.7
0.3
0
0
0
0
0
0
0
0
0
0
0
0
0
0
0
0
0
0
0
0
0
0
0
0
1.7
0
4.4
0
0
0
0
0
0
0
0
0
0.3
0.8
0
0
0
0
0
0.2
0
0
0
0
0
0
0
0
0
0
0
0
0
0
0
0
0
0
0
0
0
0
0
0
0
2.2
0.6
0
0
0
0
0
0
0
0
0
0
0
0
0
0
0.5
1
0
0
0
0
0
0
0
0
0
0
0
0
0
0
0
0
0
0
0
0
0
0
0
0
0
0
0
0.1
0
0
0
0
0
0
0
0
0
0
0
0
0
0
0
0
0
0
0
1
0
0
0
0
3
0
0
0
3.9
0
3.6
27.3
0
0.4
0
0
0
0
0
1
3.5
0
0
0
0
0
0
0
0
0
0
0
0
0
0
0
0
0
0.3
95.4
28.2
18.5
0
0
0
0
0
0
0
0.9
10.8
0
0
0
0
0
0
0
0
0
0
0.4
0
0
0
0
0.2
0
14.5
11.5
0
0
0
0.5
0
10.6
0
0.1
0
0
0.1
0
0
0
0
0
0
0
0
0
0
0
0
0
0
0.1
0
0
0
0
0
0
0
0
0.3
1.1
0
0
0
0
0
0
0
0
0
0
0
0
0
0.7
0
0
0
4.4
18
0.1
0.7
0
0
0
0
0
0.4
6.7
0
0
0
0
0
0
6.9
0
0
0
0
0
0
0
0
0
0
0
0
0
0
0
0
0
0
0
0
0
0
0
0
0
0
0
0
0
0
5.4
0
0
0
0
0
0
0
0
0.8
0
0
0
0
0.2
0
0
6.7
0.2
0
0
0
0
0
0
0
28
0.2
0
0
0
0
0
0
0
0
0
0
0
0
0
0
0
0
8.4
0
0
0
0
0
0
0
0
0.7
0
0
0
0
0
0
0.1
0.3
0
0.1
0.2
4.8
0.8
2
1.9
0.9
74
9.2
3.1
5.8
0
0
0
3
1
0
5.1
12
1.5
0
0
0
0
0
0
0
0
0
0
0
0
0
0.2
1.1
2.7
12.9
0
4.6
0.1
2.9
0.9
0
0
0
0
0
0
5.5
2
0
0
0
0
0.7
4.8
0
0.2
0.1
0
0
0.2
1.3
0
0
0.1
0
0
0
0
0
0
0
0
0
0
0
0
0
0
0
0
0
0
0
0
0
0
0
0
0
0
0
0
0
0
0
0.3
0
0
0.4
0
0
0
0
0
0
0
0
0
0
0
0
0
0
0
0
0
0
0
0
0
0
0
0
0
0
0
0
0
0
0
0
2.3
3.1
1
0
0
0
16.8
0
0
0
9.9
0.2
9.5
7.5
0
8.9
4
0
0
0
0
0
0
0
1.5
0
0
0
0
0
0
0
0
0
0
0
0
0
0
0
0
0
0
0
0
0
0
3.5
0
0
0.1
0
0
0
6.3
0
0
0
2.3
14.9
0
0
0
23.1
0.2
21.5
0
0
0
0
0
38.8
0
0
0
0
0
0
0
0
2.5
54.6
0
0
0
0
0
0
0
0
0
0
0
0
0
0
0
0
0
0
0
0
0
0
0
0
1
0
0
0
0
0
0
0
0
0
0
0
0
0
0
0
0
0
0
0
0
0
0
0
0
0.4
0
3
0
0
4.7
4.1
3.5
0
0
0
0
0
0
0
0
0
0
4.9
19.7
0
0
0
0
0
0.7
0.3
1.2
0
0
0
0
0
0
0
0
0
0
0
0
0
0
0
0
0
0
3
0
0
3.3
1.1
0
0
0
0
0
0
0
0
0
0.6
0.7
0
0
4.2
2.8
5.5
2.6
0
0
0
6.7
0
0
0
0
0
0
0
0.1
0.1
0
0
0
0
2.4
0
0
0
0
0
0
0
0
0
3.7
0
0
2.2
0
0
0
0.5
0
0
0
16.5
0.1
0
0
0
0
0
0
0.2
1.5
0
0
8.1
0
0
0
0
0.2
9.5
2.3
0
0.6
0
0
0
0
0
0
0
1.2
0.7
0
0
0
0
0
0
0
0
2.6
39.1
37.3
1.1
0
0
0.7
0
0
2.2
0.2
1.1
0
0.2
0.8
1.8
13.6
9
3.8
0.5
0
0
0
6.9
0.6
0
4
0
19.6
0.3
0.3
0
1.1
1.8
0
0
0
0
0
1
0.2
0
0
0
0
0
0
0
0
8
0
0
0
0
0
0
0.2
0
0
0
0
0
0
0
0
55.6
0
0
0
0.1
0
0
0
0
0
0
0
0
0
0
0
0
0
0
0
0
0
0
0
0
0
0
0
0
0
0
0
0
0.6
0
0
0
0
0
0
0
11.2
0
0
0
0
0
0
0
0
0
0
0
0
0
0
0.1
0
0
0
0
2.2
0
0.1
0
0
0
0
0
1.9
0
0
16.4
2.4
0
0.4
2.3
0
0
0
0
0
0.4
0
0
0
0
0.2
1.6
0.1
0
0
0.2
0
0
0
0
4.6
2.2
0
0
0
0.8
2.5
0
0
0
1.2
37.2
12.6
3.4
16.2
5.2
27.6
0
0
0
0
0
0
0
0
1.2
3.2
0
0
0
0
0
0
0
0
0
0
0
0
0.2
0
12.5
0
1.7
0
0
0
0
0
0
0
0
11.3
13.4
0.6
0
0
6.9
0.1
4.7
2.9
0
0
0
0
0
0
0
0
0
34.5
17.6
1.4
2
1.4
0
0
0.4
0.5
0
0
14.3
0
0.3
20.7
1.8
0
0
0
0
0
0
0
0
0.3
0
0
0.3
0
0
0.1
0
0
0
0
2.1
28.1
15.2
19.9
3
0
1.2
1.8
0
0
0
0
0.3
0
0
0
0
0
0
0
0
0
0
0
0
0
0
0
0
0.1
0.8
9
0.8
3.4
0
0
0
0
1.7
0
0
0
0
0
0
0
0
0
0
0
0
0
0
0
0
0
0.4
20.9
1.1
2.6
33.4
1.5
7
0
0
0
0.5
27.3
0
0.2
12.3
0.3
5.7
0
0.3
0
4.1
4
0
0
0
1.5
0
0
0
0.4
15.3
0
0
0
8.4
5.7
0
0
0
0
0
0
0
0.2
0
0
0
0.3
8.7
0
0
0
0
0
0
0
0
0
0
0
0
0
0
0
0
0.1
0
0
0
0
2.4
2.9
0
0
0
0
0
0
0
0
0
0
0
0
0.4
0.6
0
0
0
0
0.5
0
0
0
0
0
0
0
0
0
0
0
0.8
0.2
42.3
0
0
0
0
0
0
0
0.1
0
0
0
1.6
0
0
0
0
0
0
0
0
0
0
0
0
0
0
0
0
0
0
0
0
0
0
0
0
0
0
0
0
0
0
0
0
0
0
0.4
0
0
0
0
0
0
0.3
0
0
0
0
0
0
0
0
0
0
0
2.5
3.6
0.3
0
11.9
0.9
0
7.7
2
0
0
0
0
0
0
0
0.1
0
2.9
0
0
0
0
0
0
0
0
0
0
0
0
0
1.8
0
0
0
6
12.8
7.3
73
0
0
0
0
0
0
0
0
0
0
0
0
0
0
0
0
0
0
0
0
0
0
0
0
0
0
0
0
0
0
0.3
0
0
0
0.1
0
0
4.4
0
0
0
0
0
0
0
0
0
0
0
0
0
0
0
16.2
0
0
0
0
0
0
5
5.1
6.9
6.6
0.8
3.6
1.4
0.2
0.1
0
0
2.4
0.2
14.5
3.9
0
12.4
0.1
0
0
0
4
2.3
0
0
2.1
2.9
5.9
1.4
0
0
0
0
2.5
7.3
0
0
0
0
0
0.5
0
0
0
7.8
0
0
0
28
10.1
0
0
0
0.3
0
13.3
2.2
0.5
17
13.8
0
2.8
0
0
0
0
0
0.1
0
0
1
14.2
0
0
0
19.9
28.2
0
0
0
0.3
0
0
0
0
0
0
0
0
11.3
1.5
0
0
0
0
0
0
0.5
0
0
0
0
7.2
4.3
0
0
0
0
0
0
0
3
0.1
0
0.3
0.1
0
0
7.2
0
0
0.5
0
0
0
0
0
0
0
1.4
3.9
29.1
52.1
10.9
1.1
0
11.9
0
0.6
0
2.2
5.6
27.4
8.9
0.3
0
0
0
0
0
0
0
0
0
0
0
0.1
0
0
0
0
0
0
0
0
0.7
5.4
0
0
18.5
1
3.6
0
0
5.9
0
0
0
0
0.6
0
0
0
0
0
0
0
0
0
0
0
0
0
0
0.5
0
0
0
0
0.1
0
0
0
0
0
0
0
0
0
0
0
0
0
0
0
0
0
0
0
12.2
0.2
0
0.2
1
0
0
0.4
0
0
0
0
0
0
8.5
5.6
0.2
0
0
0
0
8.6
0
0
0
0
0
0
0
0
0
0
0
0
0
0
0
0
0
0.1
1.9
0
0
0
0
0
0
0
0
41.8
33.8
0.1
0
9.9
5.2
0
1.8
0
0.9
0
0
0
0
0
0
0
0.1
0
0
0
0
0
57
2.9
25.5
3.7
0.5
0
0
0
0
0
0
0
0
0
0
0
0
0
0
0
0
1.7
0.1
0
0
0
0
0
0
0
0
0
0
0
0
0
0
0
0
0.1
0
0.8
1.4
0
0
0
0
0
1.1
0
0
7
3.8
0
0
0
0
0
0
0.4
0.6
0.8
0
0
0
0
0
0
0
0
0
0
0
8.2
11
0.8
0.2
0
0
0
0
0
8.9
1.9
5.1
0
0
0.5
0
0
0
0
0
0
0
0
0
0
0
0
0
0
0
0
0
0
0
0
0
0
2.1
29.9
0.8
0.9
2.3
0
0
0
0
0
0
0
0
0
0
0
0
0
0.9
1
0
21
0
0.8
0.7
0
0
0
0
0
0
0
0
0
11.8
5.8
0
0
0
0.3
0
0
0
12
79.8
0
35
32.3
0.8
0
0
0
0
1.5
0
0
0
0
2.3
3.5
0
0.1
0
0
0
0
0
0
0
0
0
0
0
0.1
0
0
0
0
0
0
0
0
0
0
0
5.9
1.7
0
0.3
0
0
10.2
0.2
0
0
0.8
14.1
0
0
0
19.1
0
0
0
0
0
0
9
0
0
0
0
0
0
0
0
0
0
0
0
0
0
0
0.4
45.7
0
0.5
3.6
4.4
0.8
0
82.4
0
2.4
15.3
0
0
0
0
0
0
0
0
0
0
0
0
0
0
0
0
0
0
0
0
0
0
0
3.8
0
0
0
0
0
0
0
5
9.2
7.1
0
0
0.3
51.6
0
0
0
0.1
0
0
0
0.7
0
0
0
27
0
0
0
0
0
0
0
0
0
0
0
0
0
0.1
0
0
0
0
0
0
0
0
0
0
0
0
0.7
0
0
0
0
0
0
0
0
1.2
0
0
0
0
0
0
0
0
0
0
0
0
0
0.5
0
0
0
0
1.1
4.5
0
0
0
0
0
0
0
0
0
0
0
0
0
0
0
0
0
0
0
0
0
0
0
0
0
0
0.1
2.3
6.7
33.3
0
0
35.5
3.5
0
0
0
43.6
0.1
4.1
26.4
38.7
12.2
0
0
0
0
0
0
14.6
8.2
36.9
1.8
3.3
0
2.7
0
10.5
0
0
0
0
0
0
0
0
0
0
0
0
0
0
0
0
0
0
0
0
0
0
0
0
0
0
0
0
0
0
0
0
0
0
0
0
0
0
0
0
0
0.1
0
0
0
0
0
0
0
0
0
0
0
0
0
1.4
0
0
0
0
0
0
0
0
0
0
0
3.3
0
0
0
9.7
1.2
0
0
0.2
0
0
0
0
0
0
0
0
0
0
0
0
0
0
0
0
0
0
0
0
0
0
0
0
0
0
0
0
0
0
0
0
0
0
0
0
0
0
0
0
0
0
0
0.2
30.4
2.4
0
0
0
0
0
0
0
0
0
0
0.2
36.5
8
3.2
2.7
0
0
0
0
0
0.6
0.1
4.2
2.8
0
0.3
0
0
0
1.4
0.1
0
0
0.1
0
0
11.2
11.6
0.2
0
0
0
0
0.1
0
0
0
0
0
0
0.3
0
0
1.7
0
0.3
0
15.8
14.8
0
0.4
0
0
0
0
0
0
0
0
0
0
0
2.5
0
0
0
0
0.2
0
0
0
0
0
0
0
0
0
0.2
0
0
0
0
0
0
0
0
0
0
0
0
21.8
0
0
0
0
0
0
0
0
0
0
0
0
0
0.1
0
0
0
0
0
0
0
0
0
0
0
0
0
0
0
0
0
0
0
0
3.8
0
0
0
0
0
0
0
0
0
0
0
0
0
0
0
0
0
0
0
0
0
0
0
0
13.6
0
0.3
0
0
0
0
0
0
0
0
0
0
0
0
0
0
0
0
0.6
10.1
0
0
0
0
0
0
0.5
0
4.4
65.7
0
0
0
0
0
0.1
0
0
0
0
4.9
4.2
19.9
0
2
0
0
0
4.9
4.3
14
11.4
0.7
0
0
12.4
0.1
0
0
0
56.3
10.7
0
0
0
0.5
0
0
0
0
2
0.1
14.5
0
0
0
0
1.7
0.9
0.6
0
0
0
0
0
0
0
1.2
17.3
0
0
0
0
0
0
0
0
0
0
0
0
0
5.5
0
0.2
0
0
0
0
0
0
0
0
0
0
0
0
0
0
0
0
0
0
0
0
0
0
0
0
0
0
0
0
0
0.8
2.4
0
0
0
0.3
0.2
9.6
0
0
13.3
0
0.1
1.6
0
4.2
0
0
0
0
0
0
0
0
0
0
0
0
0
0
0
0
0
0
0.2
0.5
0.3
0
0
0
0.4
13.4
0
0
0
0
1.4
19.5
1
0
0
33.9
37.9
16.5
0
0
0
0
0
0
32.4
0
0
0.5
2.2
0
2.9
0
0
0
0
6.8
0.1
0.1
0
0
2.4
0
0.3
0.6
0
0
0.4
7.6
2.1
0
0
0
0
0
0
0
0
0
0
0
0
0
0
0
0
0
0.2
15.6
8.2
25.7
12.1
17.9
0
0
0
0
3.5
0
0
0
0
0
0
0.5
0
0
1.6
32.4
0.6
7.3
0.2
21.3
0
0
0
0
0
0
0
0
0
0
0
0
0
0
0
0
0
0
0.6
16.3
1.5
0
0
0
0
0
0
0
0
0.5
0
0
0
0
0
0
0
0.1
0
0
0
0
0
0
0
0
0
0
0
0
0
0
1.8
0
0
0
0
0
11.1
0
0.2
0
0
0
0
0
0
0
0
1.8
0
0
0
0
0
0
0
0
0
0.5
0.2
0
0
0
0
0
0
0
0
0
0
0
0
0
0
0
2.3
0
1.7
0
0.3
0
0
0
0
0
0
0
0
0
17.6
1.3
0
0.9
2.3
0
0
0
0.5
0
0
0
0
0
0
0
0
0
0
0
0
0
0
0
0
0
2.8
6.1
1.1
0.3
0
0
0.1
0.5
11.4
0
0
0
0
0
0
0
0
0
0
3.9
0
0
0
0
0
0.2
2.4
0
0
0
0
0
0
0
0
0
0
0
0
0
0
0
0
3.6
28.4
40.2
38.2
0
0
0
0
0
0
0
0
0
0
0
0.1
0
0
0
0
0
0
0
0
0
0
0
0
0
0
0
0
0
0
14.1
0
0
0
0
0
2.1
0
0
0
0
0
0
0
0
0
1.3
0
0
0
0
0
0
5.1
0.5
2.4
0
0.3
0
0
7.7
7.8
0
0
3.8
0
0
0
0
0
0
14.1
0
0
1.4
0
0
0.2
0
0
0
0.4
13.5
0
0
0
0
0
0
7.3
0
0
0
0
0
0
0
0
0
0
0
0
0
0
0
0
0
0
0
0
0
0
0
0
0
0
0
0
0
0
0
0
0
1.4
0
0.2
0
2.4
0
0
1.5
18.2
6.3
0
3.3
55.1
0
0
0
0
0
0
0
1.4
0
0
0
0
0
0
0
3.9
2.9
9.2
0.4
0
0
0.2
0.1
0
0
0
0
0
0
0
0
0
0
0
0
0
0.2
0
1.1
0.1
0
0
0
0
0
0
5.5
0
0
0
0
8.8
11.4
0
4.1
0.7
15.8
3.1
0
0
0
0
0
0
0
0
0
0
0
0
0
9.6
0.3
9.5
6.3
0
0
0
0
0
0
0.7
0
1.4
0
0
0
0
0
0.1
9.9
0
0
3.5
37.7
0
0
0
0
0
0.1
0
0
0
0
0.1
0
0
0
0
0
2.2
2.2
0
0
29.2
0
0
0
0
3.9
0
0
0
0
0
0
0
0
0
0
0
0
8
0
0
0
0.1
0
0.2
12.9
0
0
0
0
0
0
0
0
0
0
0
0
0.2
2
0
0.7
0
0.1
0
0
0
0
9
0
2
0
0
0
0
0.3
13
0.3
0.1
0
0
0.1
100.4
17.2
10.2
0
0
0
8.8
0
0
0
0
0
0.1
1.3
0
0
0
0
0
0
0
0
0
0
0
0
0
0
0
0
0
0
0
0
0
10.8
20.6
8.9
0
0
0
0.1
0.8
0
6.1
0
0
1.1
0
0
0
0
0
0
0
0
0
1.2
0.7
19.2
10.8
1.3
35.3
26.1
0
0
4
3
0
0.4
0
0
0
0
0
0
0
2.7
12.5
0
0
0
0
0
0
0
0
0
0
0
0
0
0
0
0
0
0
0
0
0
0
0
0
0
0
0
0
0
0
0
0.5
0
5.3
7.6
0
0
0
0
0
0
0
0
0
0
0.1
0
0
0.4
9.6
0.8
0
0
0
0
0
0
0
0
0
0
0
0
0
0
0
0
0.5
0
0
0
0
0
0
0
0
0
0
9.1
0
0
0
0
0
0
0
0
0
8.5
0
0
0
0
0
13.8
4.5
0
3.9
4.5
3.7
0
0
0
0
0
0
0.1
0
0
0
0
0
0
0
0
0
0
0
0
0
0.4
1.6
0
4.5
0
0
0
0.3
0
0.1
0
5.4
0.1
0
0
0
0
0
0
0
0
0
0
0
0
0
0
0
0
0
0
0
0
0
47
6.2
0
0
0
0
0
0
0
0
0
0
0
0
0
0
0
0
0
0
0
0
0
4.7
0
0.1
0
4.2
1.1
0
0
0
0
0
0
0.7
0
0
0
0
0
0
0
0
0
0
0
0
0
0
0
0
0
0
0
0
0
0
0
0
0
0
0
1.7
0
0
5.2
0
0
0
0.1
0
0
19.2
0
0
2.5
0
0
0
0
4.8
0
0
0
0
13.6
0
6.2
0.1
8
4.4
0
0
0.5
0.9
0
0
0
0
0
0
0
0
0
0.3
7.9
0.5
2.1
0
0
0
0
0
19.7
2.4
1.3
0
0
0
0
0
0
0
0
0
0
1.7
0
0
0.8
0
0.3
0.2
23.5
6.4
11.3
0
0
0
0
1.1
0
0
0
0
0
4.2
0.1
0
0
0
0
0.2
0
0
0
0
0
0.1
3.1
3
0
0
0.1
0
1.5
35.3
1.9
0
0
0
0
0
0
0
0
0
0
0
0
0
0
0
0
0
0
0
0
0
0
0
0
0
0
0
0
0
0
0
0.2
0.1
0
0
0
0
0
0
0
0
0
0
0
0
0
0
0
0
0
0
0
0
0
0
0
0
0
0.3
0
0
0.7
0
0
0
0
0
0
0
0
0
0
0.1
0
0
0
0
0
0
0
0
0
0
0
0
0
0
0
0
0
0
0
0
0
1.3
0
0
0
0.8
1.4
0
6.9
5.5
0.3
0
0
0
0
0
0
0
0
0
0
15
8.7
0
0
0
0
0
0
0
0
0
0
1
0
0
0
0
0
0.9
12.8
0.2
0
19.2
0.5
0
0
0
0
0.4
0
0
0
0
0
9.2
10
0
0
19.2
2.4
0
2.9
1.2
0
0.1
0
0
0
0
0
0
0
0
0
9.5
12.2
0
1.1
0
0
0
4.7
3
1.7
0.1
0
0
0
0
0.3
1.2
3.7
1.9
3.4
8.6
0
0
0
1.2
0
0
0
0
0
0
0
5.3
0
0
0
0
0
1.9
0
0
1.2
0
0
0
0
0
0
0
0
0
0
0
0
0
0
0
0
3.1
16.3
0
0
0
0
0
0
0
0
0
0
0
0
0
0
0
0
0
0
0.1
0
0
0
0
4.5
0.2
0
0
0
0
0
0
0
0
12.1
0
0
0
0
0
0
0
0
0
0
0
0
0
0
0
0
0
3.7
0
0
0
0
0
0
0
0
0
0
0
0
0
0
0
0
0
0
0
11.9
2
0
0
0
0
0
0
0
0
0
0.6
0.1
0
0
26.7
0.4
0.1
0
0
0
0
0
0
0
66
0
1
0
0.8
0
0
0
0
0
0
0
12.5
2.8
0
0
0
0
0
31.7
16.7
0
0
0
0
0
0
0.3
6.6
1
0
2.5
1.7
0
0
0
0
0
0
0
0
0
0.9
0.2
0
0
0
0
0
0.3
0
0
0
0
0
0
0.2
0.1
2.1
7.9
4.1
21.9
0
0
0.7
0.1
0
0
0
0
0
0
2
0
0
0.1
0
0
0
0
0
0
0
0
12.6
0.2
0
12
7.4
0
0
0
0
0
0
0
0
0
0
0
0
0
0
0
0
0
0
0
0
0
0
0
0
0
0
0
0
0
0
4.4
0.2
2.5
2.5
0
1.9
0.1
20.2
0.2
0
0
0
0
0
0
0
0.1
0
2.1
0
0
0
0.1
0
16.1
0.2
0
0
0
0
0
0
0
0
2.3
10.3
0
0
0
0
0
0
19.3
0
0
0
0
0
0
0
0
0
0
0
0
0
0
0
0
0
0
0
0
115.1
0
0
0.5
0
0
0
1.5
7
2.5
0
0
4.1
0
0
0
0
0
0
0
0
0
0.1
0
0
0.2
0
0
0
0
0
0
0.6
22.4
7.7
0
1.1
2.4
0
0
1.1
0
0
0
0
0
0
0.2
15.1
0
0
0
0
0
0
0.9
0
0
0
0
0
0
0
0
0
0
2.4
0.7
0
0
0
0.2
19.6
0.2
0
0
0.4
0.1
0
0
0
0
0
0
0
0
0
0
0
0
0
0
0.3
1.3
0
0
0.3
3.5
0
0
0
0
0
0
0
0
0.3
0
0
0
0
0
0
0
0
0
0
0
0.6
0
0
5.5
0
0.9
0.1
0
0
0
0
0
0.2
0
0
0
0
0.1
0
6.1
3.8
0.2
1.4
0
0
0
0
0
0
0
2.3
0
0
0
0.1
0
0
0
0
0
0
0.2
4
0
0
0.2
1.2
0
2.6
0
0
15.2
0
0
0.7
0
13.3
7.3
0
0
0.7
0
0
0
12.6
0
0
0
0
0
0
0
0.9
0.6
0
0
0
0
0
0
0
0
0
0
0
0.2
0
0
0
0
26.3
91.8
2.4
0.9
0.1
0
0
0
0
0
0
0
0.1
1
0
0
0
7.3
0
0
0
0
0
0
0
0
0
0
0
0
0
0
0
0
0
0
0
0
7.8
0
0
0
0
0
0
0
0
0
0
0
0
0
0
0.2
1.9
0
0
0
0.2
0
0
0
0
0
0
0
0
0
0
0
1.2
0
0.2
0
0
0
0
0
0
0
0
7.9
0
0
0
0
0
6.9
0.3
0
0
1.7
0.3
0
0
0
0
0
0
0.1
45.3
0
0
0
0
0
9.1
0
0
22.2
36.3
2
0
2.1
0
0
0.1
17
0
0
0
0
0.4
0
0
0
0.7
0
0.1
0
0
0.7
2.4
11.1
2
3.2
0.3
6.6
2.2
0
0
0.1
0
0.7
0
0
0
0.1
0.1
0
1.6
0
13.6
26.7
0
0
0
48.3
0.5
7.3
0
0
0
0
0
0
0
0
0
0
0.1
0.1
6.4
0
11.7
23
0
4.2
6.5
0
0.2
0
0
0
0
0
0
0
0
0
0
0
0
2.1
0
30.1
0
1
0.2
1.2
2.7
0
0
0
0
0
5.2
4.5
0
0
0
0
0
0
0
0
0
0
0
1.1
0.6
0
0
1.4
3.1
0
0
0
15.2
0.1
0.7
20.3
12.8
0
0
0
0
0
0
0
0
0
0
0
0
0
0
0
0
0
0
0
0
1.4
0
0
0
0
0
0
0
0
0
0
0
0
0
0
0
0
0
35.1
0
0
0
0
3.5
8.9
0
0
0
0
0
0
0
0
0
0
0
0
0
0
0
0
0
3.6
0
0
0
0
1.7
0
0
13.6
0
0
0
0
0
0.2
0
0
0
0
0
0
0
15.6
0
0
0
0
0
7.2
1.2
0
0
0
0
12.6
0
0
0.7
0
0
20.5
0
0
0
0
0
0
0
0
0
0
0
0
0
0
0
0
0
0
0.8
0
52.6
3.9
0
0
3.7
31.6
1.2
0
0
4.1
13.6
2.8
0
0
0
0
0
0.2
20.9
5.7
0
4.7
40.4
5.2
0
0
0
5.9
0
0
0
22.8
0
0
0
0
0.3
128.4
0.3
0.3
9.2
4.6
5.7
0
0
4.3
0
0
4.5
0
0
0
0.8
0
0
0
0
0
0
0
0
0
0
0
0
1.7
3.2
0
0
0
0
0
0
0
0
0
0
0
0
0
0
0
0
0
0
0
0
0
0
0
0
0
0
0
0
0
0
0
0
0
1
2.2
0
16.3
0
0
0
0
0
0
0
0
0
0
0
4.5
0
0
0
0
0
0
0
0
0
0
0
0
0
0
0
0
0
0
0
0
0
0
0
0
0
0
0
0
0
0
0
0
0.3
0
0
0
0
0
0
0
0
0
0
0
0
0.2
0
0
0
0
0
0
0
0
0
0
0
0
0
0.2
9.2
0
3.3
2.3
1.9
0
6.4
2.6
0
0
0
0
0
0
0
0
0
0.4
0
2.4
7.6
0.5
0.7
0
0
0.1
0.1
0
0
0
30.1
0
0
0
0
0.1
0
0.6
0
0
0
0
0
0
36.5
1
6.3
0
0
0
0
28.2
3.4
3.5
0
0
0
0
0
0
0
0
0
0
0
0
0
0
0
20.2
0.1
0
0
0
0
0
0
0
0
0
0
0
0
0
0
0
0
0
0
0
0
0
0
0
0.3
1.5
7.5
3.6
0
0
0
0
5.1
0
0
6.4
0
0
0
0
0
0
0
0
0
53.8
0
0
0.1
0
0
0
0
0
0
0
0
0
0
0
0
13.4
0
0
0
2.5
0
0
0
0
0
0
0
0
0
0.4
7.7
0
0
0
0
0
0
0
0
7.2
0.2
0
5.7
0
46.4
4.8
0
0.8
0
0
0
0
0
0
0
6.6
0.1
0
0
0
0
0
0
0
0
0
0
0
0
0
0
0
0
1.8
0.1
0
0.2
0
5.4
0.1
0
0
0
0
3.2
0.5
69.7
1.9
0
0
0
0
0
0
0
0.1
0
0.1
0.2
0
0
0
0
0
0
4.8
0
0
0.2
10.6
0
0
0
0
0
0
0
19.5
5.6
0
0
0
0
0
0
0
0
0
0
88.8
14.6
0.7
0
0
0
0
0.6
0
0
0
0
0
0
0
0.6
9.5
1
0
0
0
0
0
0
0
0
0
0
0
0
0
0
0
0
0
0
0
17
0
0
0
0
0
0
0
0
1.3
3.3
44.4
6.9
14
0
0
0.2
0
0
0
0
0
0
0
0
0
0
0
0
0
0
0
0
0.8
0
0
0
0
1.1
1.1
0
0
0
0
0
0
0
0
0.2
0
0
0
1.1
0
0
1
0
0
0
0
0
0
0
0
0
0
27
0.2
0
0
0
0
0.4
16
0
4.4
0
0
0
0.5
6.1
3.9
14
0
0
0
0
0
0
0
0
0
0
0
25.2
0
2.4
0
0
7.3
74.3
42.7
84.3
2.4
0
0
0
0
0.7
1.3
0
0
0
0
0
0
0
0
0
0
1.1
8.7
0
0.1
1.6
10
0.3
4.3
0
0
0
0
0
0
0
0
0
0
0
0
4.9
0
0
3.4
0
13.6
1.1
0
0
9
0.6
26.9
0
0
0
0
0
0
5.5
0
12.3
0
0
0
0
0
0
0
0
0
0
0
0
0
0
7.8
0
0
0
0
0
0
0.1
0
0
0.7
0
6.4
8.7
0.1
0
0
0
0
0
0
0.1
0
0
0
0
0
0
0
0
0
1.9
0
0
0
0
0
0
0
0
0
0
0
0
0
0
0.1
0
0
0
0
0.4
0
0
0
0
2
8.3
0.3
0
0
0
0
0
0
2
14.6
0
34.8
1.6
0
0
0
0
0
0
0
4.6
0
0
1.9
2.5
0
0
0
0.3
0
0
0
0
0
2
0
0
0
0
0
0.1
0
16.4
0
0
0
3.9
0
0
0
0
0
0
0
2.8
0
0
0.2
0
0
0
0
0
0
0
0
8.6
5.6
0
1.2
3.6
0
0
0
0
0
0
0
0
0
0
0
0
0
0
0
0
0
0.6
0.2
10.5
21.9
0
0
0
0
0
0
0
0
0.2
0
0
0.1
1.6
0
0
0
0
0
2.5
38
0.2
0
0
0
0
0
0
0
0
0
0
0
0
1.2
0
0
0
0
0
0.3
0
13.1
5.2
0
0
0
0
0
0
0
0
0
0
0
5.5
0.1
0
0
0.2
0
0
0
0.1
0
0.1
0
0
0
0
0
0.7
4.2
0
0.5
0
0.4
5.9
3.6
0.6
0
0
0
0
0
0
11.7
0.2
0
0
0
0
0
0
0
0
0
0
0
0.8
2
0
0
0
0.1
0
0
0
0
0
3.9
1.1
0
0
0
0
0
0
0.1
0
0
0
0
0
0
0
0.2
0
0
4.4
0.6
0
0.5
2
1.4
12.3
0
0
0
2.2
0
0
0
0
19.6
0
0
0
0
3.6
0
2.1
0
0
22
0
0
0
0
0
0
0
0.8
4.4
1.6
0
0.8
0
0
0
0
0
0
0.1
0
0
0
0.5
0
0
0
0
0
0
0
3
0
0
0
0
3.7
0
0
0
0
0
0
0
0
0
0
0.4
0
0
0
0
0
1.5
0
0
0
0.1
0
0
0
0
0
0
0
0
0
0
0
0
0
0
0
0
0
0
0
0
0
0
0
0
0
0
0
0
0
0
0
0
0
9.9
0
0
0
0.7
0
0.1
0
0
0.1
0
0
0
0
0
0
0
0
0
0
0
0
0
0
4.2
0
0
0
0
0
3.7
0
1.6
0.4
5.1
0
0
0
0
0
0.6
2.3
0
0
0
0
0
0.1
0
3.8
0
1.1
0.1
0
4.4
0
0.1
0
0
0
5.3
0
0
0
7.5
21.1
0
0.1
0
0
0
0
0
0
0
0
0
0
0
0
0
0
0.2
0.1
0
0
0
0
0
0
17.9
16.8
0.4
1.5
0
0.4
0
0
0
0
0
0.1
10
2.6
0.4
0
3.7
0.1
2.8
0
0
0
0
0
0
31.1
16.4
9
0
0
0
0
0
2.3
0
0
0
0
0
0
0
0
0
0
0
0
0
0
0.1
0
0
0
0
0
1.2
0.4
0.2
0
0
0
0
0
0
0
0
0
0
0
11
0
0
0
0
2
0
0
0
0
0
0
0
0
0
0
0
0
0
0
0
0
0
0
0
0
0
0
0
0
0
0
0
0
0
0.1
0
0
0.8
0.1
0.1
0
0
0
0
0.6
0
0
0
0
0
0
0.5
0
0
0
0.1
0.1
0
0
6.4
0.1
1.2
1.8
0.2
2.2
48.3
2
0.2
0
0
0
0
1.7
0.8
0.2
6.8
0.7
0
0
1.7
0
0
0
13.5
4.3
0
0
1.2
0
0
0
0
0
0
0
0
0.5
6.5
0
0
0
0
0
0.8
1.8
17.5
0
12.2
0
0
0
0
0
0
0.7
0
0.1
0.9
0
3.9
0
0
0
0
0
0
0
0
0
0
0
0
0
0
0
0
0
0
10.8
5.3
0
0
0
0
0
0
0
0
0
0
0
0
0
0
0
0
0
0
0
0
0
0
0
0
0
0
8.2
1.3
0
0
0
0
0.9
0
0
0
0
0
0
0
0.4
2.2
0
0
0
0
0
0
0
0
0
0
0
0
0.1
0
0
0
0
0
0
0
0.1
0.3
0.5
0
0
0
0
0
0
3.4
0
0
0
0
0
0
0
0
0
0
0
10.5
6.7
0
0
2
0.1
0
0
0.8
0
0
0
0.4
0
44.6
0
0.8
0
0
0
0
0
0
1.4
0
0
0
0
1
0
1.3
0
0
0
0
0
0
6.8
1.9
0
0
0
0
0
0
0
0
0
0
0
0
11.7
0.1
0
0
0
0
0
0
0
0
0
0
0
0
0
0
0
0
0
0
0
0
0
0
0.2
0
0
0
0
0
0
0
0.1
0.6
5.8
0
0
0
0
0
0
0
0.5
0.4
0
0.4
0
0
0
0
0
0
0.6
0
0
0
0
0.3
1.6
0
0
0
10.8
0.3
0.5
0
9.5
3.4
1.4
2
0
2.9
0
0
0.5
2.1
0
0
0
0
0
0
0
0
0
0
