20000101
-99
-99
-99
-99
-99
-99
-99
-99
-99
-99
-99
-99
-99
-99
-99
-99
-99
0
0
0
0
0
0
0
0
0
0.2
0
0.2
0
0
0
0
0
0
0
0.2
0
0
0
0
0
0
0
0
0
0
0
0
0
0
0
0
0
0
0
0
0
0
0
0
0
0
0
0
0
0
0.4
0
0
0
0
0
0
0
0
0
0
0
1.2
0
0
4.8
0.2
0
0
0
0.2
0
5
6.9
0
0.2
9.6
0
0
0
0
0.2
18.7
27.7
1.4
0
0
1.2
0.2
6
0
0.4
0
0
0
2
1.6
0
0
0
7.1
3.2
0.2
0
0
0
2.6
1.4
16.7
0
0
0
0.4
8.1
0
0
0
0
0
0
0.6
0
0
0
17.6
3
0
0
8.9
9.1
0.2
0
0
0
0
0
0.2
0
0.2
0.4
0
0
0
47.5
16.8
1.6
0.2
0.6
1.8
0
0
0
0
0
0
0
0
0
0
0
0
0
0
0
0
0
0
0
0
0
0
0
0
0
0
0
0
0
0
0
0.4
0
0.8
0
0
0
0
0.8
0
1.2
0
0
0
0
0
0
0
0.2
0
0
0
0
0
0.4
0
0
4.3
14
0
0
0
0
0
0
0.2
0
0
0
0
0
0
0
0
0
0
3
0
0
0
0
0
0
0
0
0
0
0
0
0.2
0
0
0
0
3.4
0.4
6.7
0.6
0
0
0
0
0
0
6.9
3.8
0.2
0
0
0
0
0
0.2
0
0
0
0
0.2
2.8
1.8
1.8
1.2
0
0
0.2
0.6
0
1
3.2
6.2
0
0
0
0.2
0
0.2
0
0
2.4
0
1.6
0
0
0.8
4
1
0
0
0.2
0
0
4.8
0.2
0
0.2
0
0
0
0
0
2
7
0
0
0.6
0.8
0.2
12.3
0
0
0.8
0
0
0.2
3.6
3.2
0
0
0
0.2
1.6
0
0
0
0
0.2
0
0
0
1.6
9.6
15.5
12.1
0.2
1
0.2
1.2
0
1.2
0
0
0.6
0
0.4
0
0.2
0
0
0
0
0.4
0
0
2.6
1.8
0
0.2
0.2
0.2
0
0
0
0
0.2
0.2
1.2
0.2
1.4
0
0
0
0
0
0
0
0
0
0
0.2
0.2
0
0
0.2
1.6
13.9
0.4
0
0
0
0
0
0
0
0
0
0
0
0
0
0
0
0
0
0
0
0
0
0
0
0
0
0
0
0
0
0
0
0
0
0
0
0
0
0
0
0
0
0
0
0
0
0
0
0
0
0
0
0
0
1
0
0
0
0
0
0
0
0
0
0
0
0
0
0
0
0
0
0
0
58.8
10.6
2.8
1.6
0
0.6
0
0
0
2.6
8.8
0
0
0
0.2
0
0
13.6
1.4
0.6
0.4
0
3.6
0.2
1.2
0
0
0
0
0
0
0
0
0
0
0
0
0
0
0
0
3
0
0
0
0
1.4
0
0
0
0
0
0
0
0
0
0
0
0
0
0
0
0
0
0
0
3.2
0.4
0
0
24.8
0
0
0
0
1
0.2
3.4
0.2
0
19.4
0
0
0
0
0
0
0
0
0
0
0
0
1.6
0
0
0
0
0
0
0
0
0
0
0
0
0.2
0.2
2.4
0.2
0
0
0
0
0
0
0
0
0
0
0
0
0
0
0
0
0
0.2
0
0
0
0
0
0
0
0
0
0
0
0
0
0
3.2
1.8
0
27
0.2
0
0
0
0.2
4.4
0
0.2
0
0
0.4
0
0
0
0
0
10.8
0
0.8
0
1.2
0.2
0
0
5.4
14.2
3.2
3.6
0
0
0.2
0
0
0.2
0.2
0.2
0.2
0
0
0
0.2
0
0
0.2
0
0
0
0
0
2.2
0
0
0
17
36.6
12.4
0
0.2
7.2
0.2
0.2
0
0
0
0
0
0
0
0
0
0
0.2
0
0
0
0.2
0.2
0
0.2
0
0.2
0
0
0
0.2
0
0
0
0
0
0
0.2
0
0
0
0
0
0
0
0.8
1.4
9.8
5
1.4
0
0.2
0
0
0
0
0.2
0
10
0.2
0.2
0
0
0
0.2
0.2
0
1
3
0.2
0
0
0
0
0
0.2
0.2
0
0.2
0.2
0
7.8
0.2
0
0
0
0
0
0.2
0.2
0.2
0
0
0
0
0
0
0
0
0
0
0
0
0
0
0
0.4
0
0.4
12.4
0
0
0
0.2
0
0
0
8.4
0.2
0
0
0.2
0
0
0
0
0
0
0
0
0
0
0
3.4
0
0.2
0
9.4
35.2
4.6
0
1.4
14
2.8
0.2
13.4
3.2
2.2
0
0
0
0
0
0
0
0
0.2
0
0
0
0
0
0
0
0
0
0
0
0.2
0
0
4.8
10.6
8.4
1.2
1.2
0.2
0
0
0
0
0
0
0
0
0
0
0.6
0
0
0
0.4
0.2
0
0
0
0
0
0
0
18.4
13
0
1.8
9
0
0
0
0
0
0
0
0
0
0
0
0
0
0
0
0
0
0
0
0
0
0
0
0
0
0
0
0
0
0
0.6
0
0
2.4
0
0
0
0
0
0
0
0
0
0
0
0
0
0
0
0
0
0
0
1
0
0
0
0
0
0
4.6
1.8
0
0
0
0
0
0
0
0
1.6
0
0
0
1.6
6.4
1.8
0
0
0
0
0
0
0
0
0
5
1.2
0.2
0
2.4
1.8
0.2
0
0
0
0
0
0
0
0.4
0
0
11.4
3.6
0
0
0
0
0
0
0
0
0
0
5.8
0
0
0
0
0
4.6
35
5.6
0.2
0
0
0
0.2
0.2
0.6
0
0
0.2
7
0
0
0
0
0
0.2
0
0
0.2
0
0
0
0
0
0
1.6
1.6
0
0
0
0
0.6
1.2
1.2
0.8
0
0
0.2
0.4
10.2
0.4
0
0.4
26
0
0
0
0.2
0
0
1.4
0
0
0
0
0
0
0
2.2
7.4
0
0.2
1.2
0
0
0
0
0
3
1.8
0
0
0.2
0
0
0
3
1.2
0
1.6
0
0
0
0.2
0
7.2
2.4
0
0.2
0.4
0
0
0
0
0
0
0
0
0
0.8
2.8
0.4
0
0
0
0
0
0
0
0
0.4
0
0
0
0
0.8
0
0
0
0
0.2
0
0
0.2
5.4
1.2
1
0
0
0.2
10.4
26.6
0
0.6
0
0
5.6
29.4
17.4
0
0
0.2
0
0
1.2
1.4
0
0
0.2
0
0.2
0
0
0
1
0
0
0
0
0
0
0
0
0
0
0
0
18.6
0
0.6
13
4.8
0.2
0
0
0
0
0
0
9.2
0
0.6
0
0
0
1.6
0
0
0
6
1.4
0
0
0
0
0
0
0
0
0
0.2
0
0.6
0
0
1.4
28
29.2
2.6
0
0
0
0
0
0
0
7.2
4.8
0
6.4
0
0
0
0
7.2
1.4
0
0
0
0
0
0
0
3.2
0
0
2.2
0
0
1
0
0
0
0
0
0.2
0
0
0
0
0
0
0
0
0
0
0
0
0
0.2
0
0
0
2.2
0
0
0
0
0
0
4
0
0
0
0
0
0
0
0
0
0
1.2
0
0
0.8
0
0
0
0
0
0
0
0
0
0
0
0
0
0
0
0
0
0
0
0
0
0
0
0
23.2
0.4
0
0
0
0
0
0
0
0
0
0
0
0
33.2
2.4
4.2
7
2.2
0
0
3.6
8.2
0.2
0
0
0
0
0
0
0
0
0
0.2
0
0
0.2
0
0
0
0
8.2
0.2
1.2
48.6
34.4
0
0
0
0
0
0
0
0
0
0.2
0.6
0.8
0.2
2
12.2
60.6
7
5.6
0
0
0.8
0
0
0
18.4
4.4
8.2
0
0
2
0
0
2
0
0.2
0
0.2
1
1.8
29
0.4
0.2
0
0
1
13.4
0.4
0.2
0
0
4
5
6
3.2
0
1.6
4.4
0
0
0
4.4
0.2
3.6
10.2
3.2
0.2
0.4
1.6
0
0.2
0
0.2
0.2
0
0
0
0
1.8
0
0
0.2
0
0
0
0
0.2
0.2
2
0
0
0
0
0
0
0
0
0.2
0
0
0
0.2
0
0
0
0
0
0
1.8
0
0
0
0
0
0
0
0.6
0.8
0.8
0
0
0.2
0.2
0
0.2
0
0.2
0.2
0.2
0.2
0.2
0
0.2
0.2
0
0
0
0.2
0
1.6
0
1.4
12.4
0.4
0
0
4
15.4
21.8
0.4
0
0.4
0
0
0
0
0
0
0
0
0
0
0
0
0.6
0
0.2
0
0
0
0
0
0.2
0
0.2
0
0
0
13
5.8
24.4
6.8
0
1.4
2.6
0
0
0
0
0
22.2
0.8
0
0
1.6
0.2
0
1.6
14
0.2
0
0
0
0
21
0.2
0
0
0
0.4
3.8
0.6
0
1.6
2
26.8
0.6
2
0
1
0
0
0.6
11.8
2.4
0
0
0
0
0
0
0
0
0
0
0
0.2
0
0
4.2
0.2
0
0
0
0
0
0
0
0
0
0
0
0
0
0
0.2
0
0.8
3.2
0
0
0
4.8
0
5.4
0
0
0
0
0
0
0
0
0
0
0
0
0
6.6
6.4
2.2
0
0
18.2
19
0
0
0
0
0
0.4
0
0
0
0
0
0
0
0
0
0
0
4.2
0
0
0
0
2.8
0
0
0
0
0
0
0
0
0
0
0
0
0
0.2
0
0
0
0
0
3.4
0
0
0
0
0
9.2
0
0
0
0
9
0.2
0.2
5
0
0
0
0
1.8
0.2
0.2
2.6
3
0
0
0.2
0.2
0
0.2
0
0
0
0
0
0
0
0.2
0.2
0
0.2
0
0
0
0
0
0
0.2
0
0
0
0
0
0
0
0
0.6
1
0
7.2
0.2
0.2
0
10.8
0.6
10
0.2
0
0
0.2
0
0.2
0.2
0
0.2
0
0
0
0
0
0
0
0
0
0
0
0
0
0
0
0.2
0.2
0
0.2
0
0.2
0
0.2
1.2
0
25.4
0
0
7
4.4
0
0.8
7.6
7.2
0
0.2
0.2
0
0.2
0.2
0
0
0
0
0
0
0
0
0
0.2
0
0
0
0
0
0
0
0
0
0.2
0
0
0.2
0.2
0.2
0
0
0.2
0
0
0.4
0
0
0
0.2
0
0
0
0
0
0
0
0
0
0
0
0
0
0
0
0
0
5
2.6
5.2
2.2
0.2
0
0
0
0
0
0
0
0
0
0
0
0
0
0
0
0
0
0.2
0.8
0
0
0
0
0
0
0
0
0
0.2
0
0.2
0
0
0
0
0
0
0
0
0.2
6.7
0
0
5.4
0
0
0
0
0
0
3.2
0
0
0
0
0
0
0
0
0
0
0
0
0
0
0
0
0
0
0
0
0
4.1
0
0
0
0
0
0
0
0
0
0
0
0
0
0
1.8
0
0.2
0
11.9
0
3.4
27.2
13.2
0
0
0
0
0.6
0
0
0
0
0
0
0
0
0
0.4
0
0
0
0
0
0
0
0
0
0.4
0
0.8
0
0
0
0
0
0
0
1.8
0
0.4
3.6
0
0
0
1
0
0
0
0
0
0
0
0
0
0
0
0
0
0
0
0
0
0
0
0
0
0
0
0
0
0
0
0
0
0
0
0
0
7
0
0
0
0
0
0
0
9.6
0.8
4.1
0
0.2
0
0
0.2
1
4.5
0
0
0
0
0
0
0
0
0.2
0
2
0
0
0
0.2
0
0
0
19.4
19.4
11.4
0
0
0
2.8
1.4
0.2
0.2
2
0
0
0
0
0
0
0
0
17.2
1
0.2
0.2
0.2
0
0.2
0
0
0
0
0
0
0.2
0.2
1
2.2
7.6
28.4
18.9
11.1
0.2
0
1.2
0.2
0.2
0.2
0
3
0.2
0.4
0.2
0
0
0
0
2.2
0
0.2
0
0
0
0
0
0
19.2
1.8
18.6
18.5
61.6
22.7
5.4
0.2
0
0
0.2
0
0
0.2
0
0
0
0
0
0
0
0
0
8.1
0
0
0.4
0
0
0
0
0
0.2
0
0
0
0
0
0
0
0.2
0
0.2
0
0
0
0
0.2
0
0
0
0
0.4
0
0
0
0
0
1.2
17
8
6
6.8
0
0
0.2
0
0.2
1.6
0
0
0
0.2
0
0
0
0
0.2
0
0.6
0
5.6
16.5
2.6
0.2
0
0.2
0
0
0
0
0
0
0
0.2
0
0
0
0.2
0
0
0
1.4
0
0.6
0.2
0
0
0
1.8
0
0
0
0
0
0
0.2
0
0
0
0
0
0
0
0
0
0
0
0
6.2
0.2
0.6
0
0
0.2
0
0
0
0
0
0
0
0
0
0
0
0
0
0
9.7
0
0
0.2
0
0
0
0
3.9
2
4.8
0
0
1
0
0
0
0
0
0
0.2
0.2
0
0
0
0
0
0
1.6
0
0
0
0
0
0
0.4
0
0
0
0
0
0
0
0
0
0
0
0
0
0
0
0
0
0
2.6
0
0
0
0
0
0
0
0
0
0.2
0
0
0
0
0
0
0
0
0
0
0
0
0
1.6
2
0
0
0
0
0
0
0
0
0
19.1
0
0
0
0
0
0
0
0
0.4
0.2
0
1.2
0
0
0
0
0
0
0
0
0
0.6
0
0
0
0
0
0
0
0
0
0
0
6.5
0
0
0
0
0
0
25.8
0.2
0.4
0
0
0
0
0.2
0.6
0.2
0
0
0
0
0
0
0
0
0
0
0
0
0
0
0.2
0.2
0
0
41.9
39
19.9
0
0
0
0
0
0
0
6.7
14.3
0
0.2
0
0
0
0.2
0
0
0.2
0.2
0
0
0
0
0
0
0.2
16.5
0.6
0.2
0.2
0.2
0
0
18.4
4.1
4.2
0.2
0
2.8
0
0
0
0.4
0
0.2
0
0.2
0
0
0
0
0
0.2
0.8
0
0
0.2
0
0
0
0
0.2
1.4
1.6
0
0
0.2
0
0
0
0
0
0
0
2
0.4
0
0.2
0
0.2
0
0
15
0
4
0
0
0.2
0.2
0.2
0.2
2.2
1
0
0
0
0
0
1
0.4
0
0.2
0.8
0
0.2
0
0.2
0
0
0
0
0
0
0.2
0
0
0
0
0.2
0
0
0
0.2
0
0
0
0
0
0
0
0.2
0
0.2
0.8
0
0
0
1.2
0.4
0
0
0
0
0
0
0
3
2.6
0.6
0
1.6
0
0
0
0
7.7
0
0
0
0.4
0
0
0.2
0.4
0
0
0
0
0
0
0
0
0
6.8
0
0
0
0
0
0
0
0
0.4
0
0
0.2
0
0
0
0
0
0
0
0.4
0.2
0
0.2
12.4
14
24.2
10
4.6
6.4
0.8
0
0
0.4
0
0
11.8
10.6
7.4
8.4
0.2
0
0
0.2
0
0
0
0
0
0
0
0
0.4
1.4
1
13.2
0
13.4
0
1.2
0.2
0
0
0
0
0
0
0
2.6
0
0
0
0
2.4
0
0.2
0
0
0.2
0
0
0.2
0
0
0
0
0
0
0
3.8
2.4
0.2
0
0
0
0
0
0
0
0
1.2
0.2
0
0.8
0
0
0
0
0
0
0
0
0
0
0
0
3
0
0
0
0
0
0
0
0
0
0
0
0
0
0
0
0
0
0
0
0
0
0
0
0
0
0
0
0
0
0
0
0
0
0
0
17.8
10.6
2.6
0
0
0
0
0
0
0
0
0
0
0
0
0
1.2
0
0.2
0.2
0
0
0
0
0
0
0
0
0
0
0
0
0
0
0
0
0
0
0
0
0
0
0
0
0
0
1.2
2.2
0
0.2
0
0
0
0
0
0
0
0
3
20.8
22
0
0
5.2
0
0.2
3.6
0.2
0
0.2
0.2
0.2
4.6
0.2
0
0.2
0
0
0
0
0
0
0
0
0
0
0
0
0
0
0
0
0
0
0
0
0
0
0
0
0
0
0
0
0
0
3.8
0.6
0
0
0
0
0
0
0
0
0
0
0
0
0
0
0
0
0
0
0
0
0
0
0
0
0
7.6
13.4
0
0.2
3
0
0.2
0
0.2
0
0
0.2
0
0
0
0
6.2
1.8
0
0
0
0
0
0
0.2
4.4
0
0
3.2
0
2.4
0
0
0
0
0.2
0
0
0.2
0
0.2
0.2
0
0
0
0
0
0
0.6
0.8
0
0
0
0
0
0
0
0
0
0
0
0
0
3.6
1
0
0
0.2
0
3.6
3
0
0
0.2
0
0
0
0
0
0
0
0
0
0.2
0
0
0
0
0
-99
0
0
0
0
0
0
0
0
1.4
0
0.4
1
0
0
6.8
0
0
0
0
0
0
0
0.8
0.6
6.2
3
6
0
1
0.2
0
0
2.2
1.2
0
34
0.2
0
0
0
0
0.2
0
0.8
0
0
0
0
0
0
0
0
0
0.4
36.8
45
0.8
10
0
11.2
0
9
0
0.4
13.8
0
0
0.2
1.2
5
23.8
2.2
7.2
0
0.2
0
1
0.8
4.8
2
0
1
0
0
0
0
4.6
1.4
0.2
0
0
0
28.2
0.2
0
0.2
0
0
0
0
0
0
0
8.6
0
0
7
0
0
0
0
0
0
0
0
0
0
0
14
0
0
0
0
0
0
0
0
0
0
0
0
0
0
0
0
0
0
0
0
0
0
0
0
0
0
0
0
0
0
0
0
0.6
0
0
0
0
0
0
0
4.6
0
0
0
0
0
0
0
0
23
5.8
0
0
0.2
0
1.2
0
0
0
0
4.6
0
0
0
0
0
0
0
0
0
0
27.4
5.2
0.2
0
0.6
0
0.2
0
0.2
0
0
0
0
0
0
0.2
0.2
0
0
0
0.2
0
0.2
0
0.4
0
3
0
0
0.2
0
8.2
0.2
0
0
0
26.8
19.6
0
12
5.8
32.6
0.2
0
0
0
0.2
1
0.2
0.2
0.2
0.4
0
0
0
0
0
0
0.2
0
0
0
0
0
0
0
0
0
0.2
0
0
0
0
0
0.2
0
0
2
4
0
0
0
3.6
1
0
0.2
0
0
0
0
0
0
0
0.2
0
5.2
11.4
1.6
1.8
0
0.2
0
6.2
0.2
0
0
0
0
0
8.2
2.8
0
0
0.2
0
0
0.2
0
0.2
1.8
0
0
1.2
0.6
1.2
0
0
0
0
0
0
11.8
7.6
2
0.6
0
0.2
0.2
0
0
0
0
0
0
0
0
0
0
0
0
0
0
0.2
0
0
0
0
0
0.2
1.4
0.8
0.2
2.2
7.2
0
0
0
0
0
0
0
0
0.2
0
0
0.2
0
0
0
0
0
0
0.2
0
0
0
0
18.4
3.6
2.8
10.6
0.4
5
0.2
0
0.2
1.6
35.2
2.4
0.2
7.4
19
1
0
0
9.4
1.4
0
0.2
0.6
0
0
0
0
0
0
18.2
0
0
0
1.6
0.4
0
0
0
0
0
0
0
0.4
0.2
0
0
0.2
0
0
0
0
0
0
0
0
0
0
0
0
0
0
0
0
0
0
0
0
0
0
8.4
0.6
0
0
0
0
0
0
0
0
0
0
0
0
0.2
0
0
0
0
0
15.2
1.6
0
0
0
0
0
0
0
0
0
2
0
0
5.6
0
0
0
0
0.2
0
0
0
0
0
0
0
7
0
0
0
0
0
0
0
0
0
15.4
0
0
0
0
0
0
0.4
0
0
0
0
0
0
0
0
0
0
0
0
0
0
0
0
0
0.2
0
0
0
0
0
19.6
0.2
0
0
0
0
0
0
0
0
0
9.4
8.4
0.2
0
0
41.8
0.2
0
0
0
0
0
0
0
0
0.2
0.2
0
7.2
3
0
0
0
0.2
0
0
0
0
0
0
0
0
0
0
0
0
0
0
0
0.2
11.2
0
0
0
0
0
0
0
0
0
0
0.3
0
0
0
0.1
0.9
0
0
0
0
0
0
0
0
0
0
0
0
0
0
0.5
0
0
0
1.1
0.1
0
1.4
0.1
0
0.1
0.9
0
0
0
0
0
0
0
0
1.7
1.5
1.2
0.2
0
1
0
0
0
6.7
9.7
3.8
7.1
1.6
6.3
0
0
0.9
0.1
0.1
0
0
0
7.6
3
0
16.8
0.6
5.7
11.7
6.8
8
1.7
6.5
0
0
0
0
0
0
0
0
0
0
6.9
0
0
0
0
0
0
0.2
0
0
5.8
0.1
0
0
7.3
1.1
0
0
0
0
0
2.6
1.8
1.2
9.8
2.1
0
0.8
0.1
0
0.4
0
0
3
0
0
1.4
6.9
0
0
0
7.7
0
11.4
0
0
0
0
0
0
0
0
0
0
0
5.3
2.3
0
0
1
0.5
0
0
0
3.4
0
0
0
0
0
0
0
0.4
0
0
0
0
7.9
0
0.7
0
0.1
0
0
0
0
0
0
2.3
0.1
0
0
0
0
0
0.3
0
2.2
61.1
4.9
0
0
1.4
0
0.1
0.2
0.8
7.5
0.1
0
3.2
0
0
0
0
0
0
0
0
0
0
0
0
1.7
0
0
0
0
0
0
0
0
7.4
0
0
56.5
3.5
1.7
0
4
8.1
0
5.2
0
2.5
0
0
0
0
0
0
0
0
0
0
0
0
0
0
0
0
0
0
0
0
0
0
0
0
0
0
0
0
0
0
0
0
0
0.2
1.3
0
0
0
0
0
0
0
0
1.7
13.9
0
0
0
0
0
0
0.2
0
0
73.1
0.2
0
0
0
0
0
2.5
0
0
0
0
0
0
0
0
0
0
0
0
0
0.7
0
0
0
1
17.6
0
0
0
0
0
0
0
0
0.2
31.7
4.2
0
12.6
0.5
0
1.2
0.6
0
0
0
0
0
0
0
0
0
0.2
0
0
0
0
20.3
2.1
8.8
6.6
0.1
0
0
0
0
0
0
0
0
0.1
0.1
0
0
0
0
0
0
0.1
0.2
0
0
0
0
0
0.3
0
4
0.1
0
0
0
0
0.6
2
0
0
0
0
4.2
0
0
0
0
0
0
0
0
0
3.4
0.9
0
0
0
0
0
2.2
0.4
0
0
0.1
0
0
0.8
0
0
0
0
0.3
0
6.5
1.7
0
0
0
0
0
0
0
0
0
0
0
0
0
1
0.1
0
0
0
0.2
0
0
0
0.1
0
0
0.1
0.1
0
0
0
0
0
0
0
0
0.3
17.1
0
0
0
0
0
0
0
0
0
0
0.1
0.1
0.2
0
0.1
0
1
1
0
1.2
0
1.6
0
0
0
0
0
0
0
0
1.9
0
0
8.3
0.9
0
0
0
0
0
0
2.6
51.7
0
0.9
20.2
0.2
0
0
0
0
3.4
3
0
0
0
0
0.7
0
0
0.1
0
0
0
0
0
0
0
0
0
0
0
0.1
0
0
0
0.1
0
0
0
0
0
0.1
2.5
7.9
5.8
0.6
2.6
0.2
3.1
2
0
0
0
1.7
0.1
0
0
19
0.2
0
0
0
0
0
3.1
0
0
0
0
0
0
0
0
0
0
0
0.4
0
0
0
4.2
0.1
0
2.3
0.6
26
0
0
7.9
0
0
5.8
0
0
0
0
0
0
0
0
0
0
0.3
0
0
0
0
0
0
2.4
0
0
0
0
1.8
1.8
0
0
0
0
0
0
0
1.1
0
0
0
0
0
0
0.3
0
0
0
0
0
0
0
0
0
0
0
0
0
0
0
0
0
0
0
0
0
0
0
0
7.9
0
0
0
0
0
0
0
0
0
0
0
0
0
0
0
0
0
0
0
4.6
0.1
0
0
0
0.1
0
0
0
0
0
0
0
0
0
0
0
0
0
0
0
0
0
0
0
0
0
0
0
0
0.1
0
0
0
0
0
0
0
0
0
0
0
0
0
0
0
0
0
0
0
0
1.7
0.3
0
0
25.2
2.3
0.4
0
0.3
1.9
2.5
21.5
27.9
0.9
1.4
6.3
0
0.1
0.1
0.1
0
0
0
33.1
0
1.1
0.1
1.8
6.3
1.6
2.2
0.1
0.3
0.1
0
0.2
0.1
0.1
0.1
0.1
0.2
0
0
0
0
0
0
0.1
0
0.1
0
0
0
0
0
0
0
0
0
0
0
0
0
0
0
0
0.2
0
0
0
0
0
0
0
0
0
0
0
0
0.1
0.1
0
0
0
0
0
0
0
0.1
0
0
0
0
0
0
0
4.2
0.2
0
0
0
0.9
0
0.1
0
0.5
0
0
0
0
0
0
0
0
0
0
0
0
0
0
0
0
0
0
0
0
0
0
0
0
0
0.1
0.3
0
0
0
0
0
0
0
0
0
0
0
0
0
0
0
0
1
15.5
0
0
0
0
1.4
0.1
0
0
0
0
0
0
8.3
2.1
11.8
21.3
0
0
0
6.9
0
4.2
0
0.3
0.4
0
0
0.1
1.2
0
6.4
0
0
0
0
0
0
11.4
0.6
10.6
0
0.1
0
0.3
0.6
0
0
0.1
0
0
0
0.3
0
0
0
0
0.4
0
1.7
2
0
0
0
0
0
0
0
0
0
0
0
0
0
2
0
0
0
0
0
0
0
0
0
0
0
0
0
0
2
6.6
0
0
0
0
0
0
0
0
0
0
0
21.6
0
0
0
4
0
0
0
0
0
0
0
0
0
0
0
0
0
0
0
0
0
0
0
0
0
0.4
0
0
0
0
0
0
0
0
0
0
0
0
0
0
0
0
0
0
0
0
0
0
0
0
0
0
0
0
0
0
0
0.3
0
2.2
0
0
0
0
0
0
0
0
1.6
0
0
0
0
0
0
0
0
0
0
0
0
0
0
0
0
0
0.9
0
2.3
41
0
0
0
0
0.1
0
0.1
0
0
0
5.9
3.3
0
0
5
0
0
0
0
7.2
9.2
37.7
0
0
0
42.9
6.2
0
0
0
2.8
10.5
0
0
0.2
1.4
0
0
0
0
14
0.1
0
0
0.6
0
0.1
0.1
4.7
6.6
0
0.1
0
0
0
0.1
0
0.5
4.6
0
0
0
0
0
0
0
0
0
0
0
0
0
0
0
0
2.2
0
0
0
0
0
0
0
0
0
0
0
0
0
0
0.1
0
0
0
0
0
0
0
0
0
0
0
0
0
1.2
1
0
0.5
0
0
2.4
13.3
2.3
0
0
0
1.2
0
1
0.8
0.4
0
0
0
0
0.4
0
0
1
0
0
0
0
1.1
0
0
0
0
0
0
0
2.3
0
0
0.1
13.5
8.9
0
0
0
0
5.5
4.3
0
0
3.4
36.5
22.2
0.2
0.3
0.3
0
0
0
0.7
0
0
0
3.1
0.2
3.1
1.2
0
0
0
0
1.7
0.9
0.5
0
3.2
0
0
0.2
0
1.1
1.4
3.9
0
0
0
0
0
0
0
0
0
0
0
0
0
0.2
0
0
0
0
0
8.9
1.9
13.6
15.4
28.7
5.2
1
0
0
0.8
0.1
0
0
0
0
0
0
0
0
5.7
29.5
0
8.5
6.4
11
5.1
0.1
0
0
0
0
0
0
0
0
0
0
0
0
0
0
0
0
0
26.1
3.8
0
0
0
1.4
1.9
0
0
0.3
3.7
0.7
0.1
0
0
0
0
0
0
0
0
0
0
0.1
0
0
0
0
0
0
0
0
3.9
0.1
0
0.3
0
0
0
0.3
26.1
0.4
0
0
0
0.1
0
0
0
0
2.9
0
0
0
0
0
0
0
0
0
1.1
0
0
0
0
0
0
0
0
1.9
0
0
0
0
0
0
0
0
0
0
0
0
0.1
0
0
0
0
0
0
0
0
20.1
0.1
0
0
0
0
0
0
0
0
0
0
0
0
0
0
0
0
0
0
0
0
0.4
0
0
0
1.3
7.3
0
0
0
0
0
0
0
0
0
0
0
0
0
0
0
0
0
0.7
0.9
0
0
0
0
0
0
0
0
0
0
0
0.5
0
0
0
0
0
0
0
0
0
0
0
36.8
22
23.1
0
0
0
0
0
0
0
0
0
0
0
0.2
0
0
0
0
0
0
0
0.1
0.1
0.1
0
0.1
0
0
0
0.1
0
0
4.9
2
0
0
0
0.2
3.5
0
0
0.1
0
0
0
0.4
0.1
0
3.6
0
0
0
0.1
0
0.1
1.8
0.1
1.3
0
1.4
1.4
0.1
29.8
3.6
0
0
0.4
0
0
0
0
0
2.3
16
0
0
1
0
0
1.6
0.4
0
0
0.8
6.4
0.1
0
0
0
0
1.7
5.3
0.1
0
0
0
0
0
0
0
0
0
0
0.6
0
0
2.9
0
0
0.1
0
0
0
0
0
0
0
0
0
0
0
0
0
0
0
0.1
0
0.5
0.3
0
0
0
0
27.6
3.2
0
0.5
34.9
0
0
0
0
0
0
0
1.8
0
0
0
0
0
0
0
0.8
5.5
21.6
0.3
0
7.6
0
0.4
0.1
0
0
0
0
0
0
0
0
0
0
0
0
0
0.9
0.5
1.9
0
0
0
0
0
0
0
0
1.7
4.3
0
0
8.2
0
6.9
0
4.6
0
0
0
0
0
0
0
0
0
0
0
0
0
0
0
0.1
0
21
0.1
0
0
0
0
1.3
12.1
0.4
0
0
0
0
0
0
0
2.3
2
0
0.5
1.3
0
0
0
0
0
0
0
0
0
0
0
0
0
0
0
0
0
1.1
0
0
2.7
0
0
0
1.5
2.1
0.1
4.1
0
0
0
0.3
0
0
0
0
0
0
0
0
0
0
0
0
0
7.8
0
0
0
0
0
0
0
0
0
0
0
0
0
0.6
0
1.4
26.4
0
0
0
0
0
13.1
0
0
0
0
1.6
0
0.4
2.4
1
0
0
0
0.2
10.8
0.1
25.1
0.1
0.1
0.1
0
2.2
0
0.1
0.1
0
1.2
0.1
13.8
0.1
0.2
0.1
0
0
0
0
0
0
0
0
0
0
0
0
0
0
0
0
0
0.2
1
16.6
0
0
0
0
0
0
3.3
0
0
3.2
0
0
0
0
0
0
0
0
0
0
0
11
14.9
16.8
72.9
7.6
0
0
2.3
4.4
0
0
0
0
0
0
0
0.1
0.2
0
10.7
0
0
0
0
0
0
0.2
0.1
0.2
0.1
0
0
0.5
0
0
0
0
0
0
0
0.1
0
0
0
0
0
0
0
0
0
0
1.9
0
1.7
4.3
0
0
0
0
0
0
0
0
0
0
10.9
0.4
0
0
2
13.9
0
0
0
0
0
0
0
0
0
0
0
0
0
0
0
0.1
0.7
0
0.5
0
0
0
0
0
0
0
0
0.2
0
0
0
0
0
0
0
0
0
0.6
0
0
0
0
0
3.8
19.2
1.4
0
1
5
0
0
0
0
0
0
0
0
0
0
0
0
0
0
0
0
0
0
0
0
0
2.2
0.1
3.3
0
0
0
0
0
0
0
13
0
0
0
0
0
0
0
0
0
0
0
0
0
0
0
0
0
0
0
0
0
0
8.8
0
0
0
0
0
0
0
0
0
0
0
0
0
0
0
0
0
0
0
0
0
0.6
0.8
0.1
4.8
0
2.1
7.4
0
0
0
0
0
0
0
0
0
0
0
0
0
0
0
0
0
0
0
0
0
0
0
0
0
0
0
0
0
0
0
0
0
0
6.7
13.9
0
0.3
0
0
0
0
0
0
7.8
0.2
0
0
0.2
0
0
0
7.6
0
0
0
0.4
0
0
0
0
0.5
6.5
0
0
0
1
0
0
0
0
0
0
0
0
1.1
0
3.5
3
5.4
0.1
0
0
0
0
15.3
0
1.2
1.1
0
0
0
0
0
0
0
0
0
0
0
0
1.3
0
0
16.2
1
9.3
0
0
0
0.3
0
0
0
0
0
0.1
0
0
0
0
0
0
0
0
0
0
0
0
0
0
0
5.4
0
0
0
0
0
44.8
0
0.1
0
0
0
0.2
0.2
0.1
0.1
0.1
0
0
0.2
0.1
0.3
0.2
0
0
1.1
0
0
0
0
0
0
0
0
0
0
0
0
0.1
0
0.5
0
0.1
0
0.2
0.1
0
0.3
0
0.1
0
0
0
0
0
0
0.2
0
0
0.1
0.3
0.2
0
0.1
0.1
0
0.3
0.1
0.8
1.5
0
0
0
0
0
0
1.6
0
0
0.1
0
0
0
0.1
0
0
0
0
0
0
0
0
0
0
0
0
0
0
0
0
0
0
0
0.4
0
0
3.7
3.1
4.9
10.2
0
0
0
0
0.1
0.1
0
0
0.1
0
0
0
10.8
50.9
0.2
0
0
0
0
0.5
0.1
0
0
0
1.7
0
0
0
0
0.1
6
17.6
1.8
0.1
4.2
20.1
3.1
0.1
0
0
0
0
0
0
0
0
0
6.9
0
0
21.2
28.7
0
0
0
0
0
0.4
0
0
0
0
0
0.1
0
0
0.1
2
0.8
0.9
0
0
0
5.5
19.7
0.1
1.9
0
0
0
0
0
0
0
1.8
30.4
5.6
2.2
0.1
0
0
0
0
0
0
0
0
0
16.2
0
0
0
0
0
5.4
0
0
0
0
0
0
2.4
0
0
0
0
0
0
0
0
0
0
5.9
0
0.9
1.3
0
0
0
0
0
0.1
0
0
0
0
0
0
0
0
0
0
0
0
0
8
0
0
0
0
0
0
0
0
0
0
0
0.3
0
91
0
0
0
0
0
0
0
0
0
0
0
0
0
0
0
0
0
0
0
0
0
0
0
1
0.5
0
0
0
0
0
0
0
0
0
0
0
0
0
0
0.4
0
0
0
0
0
0
0
0
3.2
0.4
0
0
13.1
3.1
0.1
0
0
0
0
0
0
0
0.2
0
1.2
5.3
0
0
0
0.1
0
0
0
0
0
4.8
0
0.1
0.3
0
0
4.5
28.5
1.6
0.1
0.1
0.3
0
0.1
0
0
5.4
0.1
0.7
0.4
0
0.1
0.2
0.2
0
0.1
0.1
0.1
0.1
1
3.6
0.2
0
0
0.1
0
0
0
0
0
0
0
0
0.1
0
0.5
4.5
5.4
32.8
0.1
0.1
0
21.6
0.1
0
0
0.2
0.1
0.3
0
0
0.1
0.1
0.1
0.1
0
0
0
0.2
0
3.3
5
0
0.1
2.5
0.3
2.3
0
0
0
0
0.1
0.2
0.2
0.3
0.1
0
0.1
0.2
0.1
0.1
0
0
0
0
0
0
0
0
0
0
0
0
0
0
0
0
0
0
4.5
0
1.9
0
41.1
2.5
0
0
0
0.1
1.7
0.7
0
1.4
0
0
0
0
0
0
0
25.3
0
0.1
0
0.1
0.1
0
0.1
0
0
0
3.3
0
0.1
0
0
0
0
16.1
35.6
0
0
0
0
0
0
0
0
0
0
0
0
0
0
0
0
0
0
0
40
19.5
0
5.8
0.1
0.1
0
14.7
0
0
0
0
0
0
0
0
0
0
0
0
0
0
0
0
0
0
0.4
0
0
0
0
0
2
9
12.9
0
0.1
0.6
0
0
0.6
0
0
0
0
0
1.1
0.2
7.4
0.1
0.2
0
0
0
0
7.9
0
0
0
0
0
0
0
0
0
0
0
0
0
0
0.1
4.2
18.1
6.4
0
0
0
2.9
0
0
0
0
0
0
0
0
0
0
0
0
0
0
0
0.4
0.2
0
1.2
0
0
0
0
0
0
0
0
0
2.5
0
0
0
0
0
0
0
0
0
0
0
0
6.6
0
6.8
0
0
0
0
0
0
0
0
0
0
0
0
0
0
0
0
4.2
0
0
0
0
0
0
0
0
0
0
0
0
0
0.2
1.1
3.5
0
0
0
0.7
4.1
6
0
0
0.7
0.1
0.2
0
0
0
1
0
0
0
0
0.4
11.4
0.1
0
0
0
0
0
35.4
0.1
0.1
0.1
0
0
0
0
1.6
0.3
0
0
0
0.1
0
0
0
0
0.1
0.1
0
0
0
0
0
0.1
49.2
9.3
0
0.2
0
0
0
0
0.3
0.1
0
0
0
0
0
0.1
0
11.6
0
0
0
0
0
0
0
0
0
0
0
0
0
0
0
0
0
0
0.3
0
0
0
0
0
0
0
7.5
0
0
0
0
0.1
0.1
0
0
0.7
1.8
0
0
0
0.1
0
0
0
0.1
0
0
0
0
0
0.2
0.8
4.8
1.2
0.1
0
0
0
0
0
0
0
0.3
4.5
0
0
0
0
0
0.1
0
0
0
0
0
0
0
0
0
0
0.1
0.3
16.5
0
0
0
0.1
0.1
0.1
0
0.2
17.8
30.3
2.6
0
0
0.1
0
0
0
0.1
0.2
0
0.2
0
0
0
0
0
0
0
0
0
0.3
2.7
14.3
2.8
4.4
0.1
0
6.4
0.3
0
0
0.5
1.3
1.4
0
0
0
2.1
0
4.2
0
1.6
2.5
0
0
0
34.7
1.9
0.9
0
0
0
0
0.3
0
0
0
0
0
0.1
0.4
12.7
1.8
18
37.1
0
12.7
2.4
0
0.1
0
0
0
0
0
0
0
0
0
0
2.6
0.1
15.1
0
0
0
0
0
0.3
1.6
34
0.2
0
0
0
18.5
0
0
0
0
0
0.5
2.8
7.6
0
0
0.5
0
4.2
0
0
7.1
0.1
16
0.1
0.3
0
1.3
0
1.4
4
0.1
0
0
1.2
0.7
0.6
0
0
0
0
0
0
0
0
0
0
0
0
0
0
0
7.1
0
0
0
0
0
0
0
0
0
0
0
0
0
1.3
0
0
0
1.2
0
0.7
0
2
0
0.1
0
0
0
0
0
0
0
0
0
0
0
0
0
0
0
0
0.3
0.5
0
0
0
0
0
0
0
25
0
0
0
0
0
0.1
0
0
0
0
0.7
0.3
0
0.8
0
0
1.8
0
4.7
0.4
0
0
0
12.3
0.1
3.1
0
0
0.5
0
0
0.3
0
0
0
0
0
0
0
0
0
0
0
0
0
0
0
0
0
0
0
1.3
25.8
9.8
0.1
0
0
114.1
3.5
5.8
0.7
2.5
32
2.2
0.1
0
0.1
0
0
2
10.5
0.7
0
3.2
32.6
0.2
0.1
0
0
35.1
0
0.1
28.4
35.2
0
0
0
0
0
0.5
0
1.4
1.4
0
6.7
0.1
0.1
4.7
0.2
0.5
2.7
0
0
0
0.4
0
0
0
0
0
0
0
0
0
0
0
0
7.7
0.2
0
0
0
0
0
0
0
0
0
0.1
0
0.1
0
0
0
0.1
0
0
0
0
0
0
0
0
0
0
0
0
0
0
0
0
0.1
0
0
0
5.7
0
0.3
6.6
0
0
0
0
0
1
0
1.3
3.9
0.1
0
0
0
0
0
0
0
0
0
0
0
0.1
0
0
0
0
0
0
0.1
0
0
0
0
0
0
0
0
0
0
0
0
1.9
0
0
0
0
0
0
0
0
0
0
0
0
0
0
0
0
0
0
0
0
0
0
0
0
0
0.4
0
1.3
0
23.5
0.3
0
0
5.2
0.1
0
0
0
0
3.2
0
0
0.5
0
20.4
0.2
0.2
0.2
0.2
3.5
0
0
0
0
0
0
0
2
0.1
0
0
0
0
0
13.1
0.1
0
0
0
0
0
8.2
0
2.5
0
0
0
0
39.4
0.1
0
0
0
0
0
0
0
0
0
0
0
0
0
0
0
0
3.4
0.1
0
0
0
0
0
0
0
0
0.9
0
0
0
0
0
0
0
0
0
0
0
0
0
0
0.7
2
2.4
12.3
0
0
0
0
30.8
0
0
0
0
0
0
0
0
0
0
0
0.8
0
0
0
0
0
0
0
0
0
0
0
0
0
0
0
0.4
0
0
0
0
0
0
0
0.1
10.4
0.1
0
0
0
0
0.4
40.1
0
0
0
0.3
0
0
0
0
0
0
0
0
0
2.7
2.9
0
0.5
0
0
0
0
1.5
0
0
8.1
0
0
0
0
0
0
0
0
0.1
0.1
0
0
0
0
0
0
0
0
0
0
0
0
4.3
0
0
0
0
0
8.7
0
109.1
5.7
0.2
0
0.2
0.1
0.1
0.2
0
0
0
0
6.9
1.1
0
0
0
0
0
0.9
0
0
3.4
0.7
0
0
0
0
0
0
0
8.7
1.1
0
0
0
0
0
0
0
0
0.1
0
24.1
8.7
0.1
0.2
0.1
0
0
0
1.8
1
0
0
0
0.2
0
0.8
10.9
3.9
0
0
0
0
0
0
0
0
0
0
0
0
0
0
0
0
0
0
0
0
0
0
0
0
0
0
0
0.5
8
0
61.6
19.4
24.2
0.1
0
0
0
0
0
0
0
0
0
0
0
0
0
0
0
0
0
0
0
0
0
0
0
0
0
0
0
0
0
0
0
0
0
0
0
0
0
2.5
0
0
0.6
0
0
0
0
0
0
0
0
0
0
24
0
0
0
0
0
0
0.3
0
0
9.3
0.4
0
0
3.1
7.4
4
3.3
0
0
0
0
5.3
0
0
0
0
0
5.7
0
0
0
0
5.6
3.8
18.5
37.7
0.4
0.4
0
0
0
7.6
0
0
0
0
0
0
0
0
0
0
0
0
36.1
0.4
0
3
18.7
0.3
3
0.1
0
0
0
0
0
0
0
0.5
0
0
0
0
0
1.2
0
0
9.5
3.4
0
0
19
0
0.1
0
0
0
0
0
0.6
17.4
0
7.1
0
0
0
0
0
0
0
0
0
0
0
0
0
0.2
0
0
0
0
0
0
0
0.1
0
0.6
0
0
0
0
0
0
0
8.2
0
0
0
0
0
0
0
0.6
0
0
0
0
0
0.7
0
0
0
0
0
0.8
0.1
0
0.6
0
0
0
0
0
0
0
0
0
0
0
0
0
0
0
3.8
0.3
0
0
0
0
0
0
0
0
0.1
0
1.5
0.9
0
0
0
0
1.4
0.1
0
33.5
0
0
0
0
0
0
0
0.4
0
0
0
0
0
8.2
0
0
0
0
0
0
0
0
0
0
0
1.9
0
0
0
0
0
0
0
1.9
0
0
0.2
0
0
0
0
0
0
0
0
5.3
18.7
1.4
1.1
10
0.3
0.1
0.1
0.1
0.1
0.2
0.4
0
0
0
0
0.1
0
0
0.2
0.2
0
0.2
1.5
4.7
3
0.1
0
0.1
0
0
0
0.1
0
3.9
0
0
1.1
11.8
0
0
0
0
0
0
0
2.1
0.6
0.2
0
0.1
0
0
0
0
0.2
0
0
0.2
0
0
0
0.1
0
0.1
0
0
22.8
15.4
0
0
0
0
0
0
0
0
0
0
0.1
5.6
1.2
0.1
1.2
0
0
0
0
0.3
0
0.5
0
0
0
0
0
0
4.8
1.7
1.8
0
8.5
0
1.4
0
0
0.1
0.3
0.1
0
0.1
50.8
0.3
0
0
0
0
0.1
0
0
0
0.1
0
0
0
12.3
0
0
0
0
0
0
0
0
0
0
0.1
0
0
0
0
0
0
0
0.2
0.1
0
0
0
0
0
0
0
0
0
0
0
2.6
0
8.6
0
0
0
1.2
14.5
0.2
0
0
1.5
10.9
0
0
0
0.9
9.2
0
5.1
2.1
0.4
22.5
0
0
0
0
0
0
0
0.5
3.3
0.1
0
11.1
0
0
0
0
0
0
0
0
0
0.2
0
0
0
0
0
0
0
0
1.5
0.1
0
0
0
0
0
0
0
0
0.2
0
0
0
0
0
35.4
0.1
0.9
20.1
11.5
0
7.5
0
0
0.3
0
0
0
0.8
0
0
0
0
0
0
0.3
0
0
0
0.2
0
0
0
0
0
0
0
0
0.1
0
0
0
0
0
5.6
0
0
0
0
6.6
0
0
0
0.1
0
0
0
0.1
0
0
0.8
0
0
0
0
0
0
0
6
0.2
0
0
0
0.1
0
0
0
0
0
5.8
0
8.1
6.8
0.1
0
0
0
0
0
0
0
0.4
0
0
0
0
10.2
0
10.3
0
0
0
0
4.4
0
0
0
0
0
0
0
0
0
5.3
0.7
0
0
0
0
0
0
0
0
0
0
0.1
0
0
0
0.1
0
0
0
0
0
0
0
0
0
0.3
5.4
0
0.8
0
0
0
0
0
0
0
0
1.3
3.5
1.6
0
0
0
0.3
0
0
0
0
0
3.3
43.9
17.3
0.2
0
0
0
0
0
0.2
0
0
0
0.8
0
0.1
1.5
2
0.7
0
0.1
0.3
0.1
0.1
0.1
0.1
0.1
0.1
0.1
0
0.2
0.1
1.3
0.1
0
0
0
0
0
0
0
0
0
0
6.6
0
0
0
0
0
0
0
0
0.1
0
0
0
0
0
0
0
0
0
0.2
0
0
0
0
0
0
0
0
0
0
0
0
0
0
0
0.1
0.1
0
0
0
0.8
0
0
0
0
0.4
0
0
0
0
0
0
0
0
0
0
0
0
0
0
0
0
4
0.1
0
10.4
22.5
0.3
1.7
0
0
0
0.7
0
6.1
1.3
0
0
0
0
10.3
0.1
0
1.4
1.8
0.1
0
0
0
0
0
0
0
0
0
0.2
0
0.1
9.5
0.2
0
0
0
0
6.8
14.6
11
0
4.4
0
0
0
0
0
0
0
0
3.9
1.3
0
0
0
0
0
0
0
0
0
0
0
0
0
0
0
0
0
0
0
0
28.6
6.9
0
0
0
0
0
0
0
0
0
0
0
0
0
0
0
0
0
0
0
0
0
0
0
0
0
0
5
0
0
0
0
0
4.4
0
0
0
0
0
0
0
2.1
22.8
0
0
0
0
0
0
0
0
0
0
0
0
0
0
0
0
0
0
0
0
0
1.1
0
0
0
0
0
0
0
2.2
0
0.1
0
0
0
0
0
0
0.2
0
0
0
0
0
0
0
0
0
9
37.1
0.1
0
0
0.8
0
7
0
0.8
0.2
0
0
0
0
0
0
0
0
0
5.6
2.1
0
0
0
0
0
0
0
0
8.3
7.1
0
0
0
0
0
0
0
0
0
0
0
0
1.7
1.2
0.2
0
0
0
0
0
0
0
0
0
0
3.4
0.7
0.2
0
0
0
0
0
0
0
0
0
0
0
0
0
0
0
0
0.1
0
0
0
0
0
0
0
0
0
0
0
0
2.9
0
0
0
3.2
0
0
4
0
0
0.1
0
0.1
0
0
0
0
8.8
0.7
1
1.6
11.3
10.3
1.8
9.5
0
0
0.1
0.2
0.8
0
0
0
0
0
0
0
0
0
0
0
