20000101
0
0
0
0
0
0
0
0
0
0
0
0
0
0.6
13.8
0
0.2
0
0
0
0
0
0
0
0
0.4
0
0.2
0
0
0
0
0
0
0
0
0
0
0
0
0
0
0
0
0
0
0
0
0
0
0
0
0
0
0
0
0
0
0
0
0
0
0
0
0
0.2
0.4
0
0.2
0
0
0
0
0
0
0
0
0
0
6.8
0
0.2
4.6
0
0
0
0
2
0
32.6
6.8
0
1.6
12.9
0
0
0
0
0.2
9
32.6
3.4
0
0
0.4
0
13
0
0
0
0
0
1.2
0.6
0
0
0
2
0
0
0
0
0
0
0
0
0
0
0
0.2
40.2
0
0.2
0
0
0
0
0.6
0
0
0
3
0.6
0
0.2
1.2
0.8
0.6
0
0
0
0
0
0
0
0
30.1
0.2
0
0
29
18.9
0.4
0
0.4
0
0
0
0
0
0
0
0
0
0
0
0
0
0
0
0
0
0
0
0
0
0
0
0
0
0
0
0
0
0
0
0
0
0.4
0
0
0
0
0
1.8
0.2
1
0
0
0
0
0.8
0
0.2
0
0
0
0
0
0
0
0
0
0.2
0.8
0
0
0
0
0
0
0
0
0
0.2
0
0
0
0
0
0
0
8.2
0
0
0
0
0
0
0
0
0
0
0
0
4.4
0
0.2
0
0
2.4
0.2
5.2
0
0
0
0
0
0
0
27.9
27.3
0.2
0
0
0
0
0
0
0
0
0
0
0
0.2
0.4
1
0
0
0
0
0
0
0
59
21.4
4.4
0
17.1
5
0.2
0.2
2.2
0.2
3.8
0
4.2
0.2
0
0
3
0
0
0
0
0
0
3.8
0
0
0
0
0
0
0
0
5.8
15.4
0
0
0.2
0
0
16.5
0.2
0
0.2
0
0
0
6.8
6.2
0.2
0
0
0
0
0
0
0
0
0
0
0
0
3.6
6.8
15.8
25.6
0.4
1.2
0.2
1.2
0
1
0
0
0
0
0.6
0
0
0
0
0
0
1.4
0.2
3
1.2
10.8
0
0
0
0
0
0
0.2
0
0
0
2.8
0
4.6
0
0
0
0
0
0
0
0
0
0
0
0
0
0.2
0.2
0.2
5.2
1.6
0
0
0
0
0
0
0
0
0
0
0
0.8
0
0.2
1.4
0
0.2
2.2
0
13.8
1.2
0
0.4
0.2
1.2
0
0
0
0
0
0
0
0
0
0
0
0
0
0
0
0
2
0
0
0
0
0
0
0
0
0
0
0
0
0
0
0
0
0
0
0
0.6
0
0
0
0
0
0
0
0
0.4
0.2
0
44.5
17.8
0
0.2
0.6
0
0
0
0
4.4
14.8
0
0
0
0
0
0
1.4
4.4
0.8
0.4
0
0.8
0.8
0.4
0
0
0
0
0
0
0
0
0
0
0
0
0
0
0
0
0.8
0
0
0
0
0
0
0
0
0
0
0
0
0
0
0
0
0
0
0
0
0
0
0
0
0.2
16.9
0
0
37.9
0.2
0
0
0
2
0.2
30.5
0
1
28.9
0
0
0
0
0
0
0
0
0
0
0
0
0
0
0
0
0
0
0
0
0
0
0
0
0
0
0
1.2
0
0
0
0
0
0
0
0
0
0
0
0
0
0
0
0
0
10.7
0
0
0
0
0
0
0
0
0
0
0
0
0
0
0
4.6
0.6
0
49.2
2
0
0
0
0.2
5
0
0.2
0.2
0.4
0.2
0.2
0.2
0
0
0.4
10.8
3.2
0
0
1
0.2
0
0
17.1
10.6
14.4
3.4
0
0
0
0
0
0.2
0
0.2
0
0.2
0
0
0.6
0
0.2
0.2
0
0
0
0
0
2.2
0.2
0
1.2
9.6
38.8
49.8
0
0.2
0
0
0
0
0
0
0
0
0
0
0
0
0
0
0
0
0
0
0.2
0
0
0
0
0
0
0
0
0
0.4
0
0
0
0
1.2
0.2
0
0
0
0
0
0
2.4
1.2
5
6.4
11.4
-99
0
0
1.8
0
2.2
0.2
0
1.2
0.4
0
0
0
0
0
0
0.2
0.4
1.4
0.2
0
0
0
0
0
0
0
0
0
0
0
5
0
0
0
0
0
0.2
0.2
0
0
0
0
0
0
0
0
0
0
0
0
0
0
0
0
0
0.4
0
5.6
26.4
0
0
0
0
0
0
0
8.8
0
0
0
12.2
0
0
0
0
0
0.2
0
0
0.6
0.2
1.8
5.8
0
0
0.2
9.6
9.2
0.4
0
3
7.2
1.4
0.2
16
6.2
13
0
0
0
0
0
0
0
0
0
0
0
0
0
0
0
0
0
0
0.6
1.4
0
0
0.4
6.4
28.4
41.4
0.8
0.2
0
0
0
0
0.2
0
0
0
0
0
0
2.2
0.2
0
0
2.4
0
0
0
0
0
0.2
0
0
25.7
1.4
0
0.8
5
0
0
0
0
0
0
0
0
0
0
0
0
0
0
0
0
0
0
0
0
0
0.6
0
0
0
0
0
0.2
0
0
0.2
0
0
0.4
0.2
0
0
0
0
0
0
0
0
0
0
0.2
0
0
0
0
0
0
0
1
0
0
1.6
0
0
0
6
5
0
0
0
0
0
0
0
0
2.2
0.2
0
0
5.4
4.2
4.8
0
0
0
0
0
0
0
0
0.8
0.2
26.2
0
0
0
6.6
0.2
0
0
0
0
0
0
18.4
16.5
0.2
0
6.2
2.2
0
0
0
0
0
0
0
0
2.6
1
8.8
0
1
0
0
0
10.2
32.1
3
0
0
0
0.2
0
0.2
0
0
0
0.4
0.2
0
0
0
0
0
0.2
0.4
0
0.2
0
0
0
0
0
0
0.8
0.6
0
0
0
0
0.4
1.2
5
1
0.2
0
0
5
9.1
0
0
0.8
25.6
0
0
0
0
0
0
0.4
0
0
0
0
0
0
0
4.4
10.4
0.2
0
0
4.4
0
0
0.8
0.6
4.6
1.4
0
0
0.2
0
0
0
0.4
0.4
0
0
0
0
0
0
0
6.2
1.6
0
0
0
0.2
0
0
0
0
0
0
0
0
0.6
2.6
0.2
0
0
0
0
0
0
0
0
0.8
0
0
0
0
1.4
0
0
0
0
0
0
0
0
0.2
6.8
4.4
0
0
0
16
51.8
0.2
20.8
0.2
0.6
15.6
25.3
1
0
0
0
0
0
2
1.6
0
0
0.2
0
0
0
0
0
0.2
0
0
0
0
0
0
0
0
0
0
0
1
44.7
0.2
3
1.6
0
0
0
0
0
0
0
0
4.2
0
0
0
0
4.6
5.8
0
0
0
8.2
0.8
0
0
0
0
0
0
0
0
0
0
0
0.6
0
0
1.2
51.7
21
3.4
0
0
0
0
0
0
0.4
6.8
0.6
0
3.4
0
0
0
0
4.4
2.8
0
0
0
0
0
0
0
0
0
0
1.4
0
0
1
0
0
0
0
0
0
0
0
0
0
0
0
0
0
0
0
0
0
0.4
2
0
0
0
0
0.2
0
6.8
0
0
0
0.2
0
0
0
0
0
0
0
0
0
0
0
0
0
0.6
0
0
0
1.2
1.8
0
0
0
0
0
0
0
0
0
0
0
0
0
0
0
0
0
0
0
34.2
0
0
0
0.8
0.4
0.2
0
0
0
0
0
0
0
16.1
0.2
3.2
9.2
23.7
0
0
23.9
4
0
0
0
0
0
0
0
0
0
0
0
0
0.4
0
0
0
0
0
1.4
1.2
4.6
28.7
37.2
0
0
0
0
0
0
0
0
0
0
3.4
3.4
0.2
1.8
3.6
47.1
13.2
32.3
0
0
1.8
0
0
0.2
9.6
7.4
3.2
0
0
0.2
0
0
0
0
0
0
0.2
1.6
3.6
47.7
0
0
0
0.2
1.2
29.2
4
0
0
0
0
14.2
0
0
0
0.4
1.2
0
0
0
6.2
0.2
0
40.6
1
0.6
2
0
0
0
0
0
0
0
0
0
0
2.6
0.2
0
0
0
0
0
0
0
0
1.2
0
0
0
0
0
0
0
0
0
0
0
0
0
0
0
0
0
0
0
0
0
0
0
0
0
0.4
2.4
0.2
0.2
0
0
0
1
0
0
0.4
0.2
0.2
0
0
0
0
0
0
0
0
0
0.2
0
0
0.2
0
14.2
15.8
0.8
0
0
4.6
24.4
12.2
0.8
0
0.2
0
0
0
0
0
0
0
0
0
0
0
0
0
0
0
0
0
0
0
0
0.2
0
0
0
0
6.8
18.4
0.2
47
1
5
0.8
1.4
0
0
0
0
0.2
19
1.2
3.6
0.2
3.4
0
0
1.6
33.6
0
2.2
0
0
0
21.2
0
0
0
0
0
4.2
0.2
0
3
1.8
32.6
0
0
0
0
0
0.2
0.4
11
3.4
0
0
0
0
0
0.2
0
0
0
0.8
0
0
0
0
0
0
0
1.4
0
0
0
0
0
0
0
0
0
0
0
0
0.8
0
0
5.4
0.2
0
0
1.6
0.2
0
0
0
0
0
0
0
0
0
0
0
0
0
0
3.8
3.8
1.2
0
0
0
4.8
0
0
0
0
0
0
0
0
0
0
0
0
0
0
0
0
0
0.4
0
0
0
0
0
0
0
0
0
0
0
0
0
0
0
0
0
0
0
0
0
0
0
0
0
0
0
0
0
0
6
4.8
5.8
0.8
13.9
12
0.2
0.2
64.6
8.8
0
0
6.4
16
1
0
0
0
0
0
0.2
0
0.2
0
0
0
0
0
0
0
0
0
0
0.2
0.2
0
0.2
0
0
0
0
0.2
0
0
0
0
0
0
0
0.6
2.2
1.2
0
2.2
0
0
0.2
5.2
0
9.8
0.2
0.6
0
0
0.2
0
0
0
1.6
0
0
0
0
0
0
0
0
0
0
0
0
0
0
0
0
0
0
0
0.2
0
0
0
0.2
0
22.1
0
4.4
9.8
5.2
0
2.4
5.4
6.6
0
0
0
0
0
0
0
0
0
0
0
0
0.4
0
0
0
0
0
0
0
0
0
0
0
0
0
0
0
0
0.2
0
0
0
0
0
0
0.2
0
0
0
0
0
0
0
0
0
0
0
0
0
0
0
0
0
0
0
0
0
11
0.2
3.6
17.6
0.2
0
0
0
0
0
0
0
0
0
0
0
2.2
0
0
0
0
0
0
0.2
0.2
0.2
0
0
0
0
0
0
0
0
0
0.2
0
0
0
0
0
0
0
1.8
2.4
11.6
0.2
0.8
0.8
0
0
2.6
0
0
0.2
6.2
0
0
0.2
0
0
0.2
0
0
0
0
0
0
0
0
0
0
0
0
0
0
0
0.4
0
0
0
0
0
0
0
0.4
4.8
0
0
0
0
0
0.6
0
0
0.2
17.7
0
0
33.4
8
0
0
0
0
0
0
0
0
0
0
0
0
0
0
0.4
0
0
0
0
0
0
0
0
0
0.6
0
5.4
0
0
0
0
0
0
0
1.8
0
0
0
0
0
0
2.2
0
0
0
0
0
0
0
0
0
1.8
0
0
0
0
0
0
0
0
0
0
0
0
0
0
0
0
0
0
0
0
0
0
0
15.2
0
0
0
0
0
0
0
2.6
14.1
17.7
0
0
0
0
0
0.4
7.2
0
0
0
0
0
0
0
0
0
0
0
0
0
0
0
0
0
0
0
39.6
13.3
0
0
0
0
0.2
0.2
0
0.6
0.8
0
0
0
0
0
0
0
5.8
0
0
0.2
0
0
0
0
0
0
0
10.2
0.2
0
0
1.2
15.6
44
11.2
11.6
8
0.2
0
1.4
0
0
0.2
0
7.4
0.2
0
0.2
0
0.4
0
0
2
0
0
0
0
0
0
0
0
15
17.2
1.4
9.9
39.1
43.3
5.6
0.2
0
0
0
0
0
0
0
0
0
0
0
0
0
0
0
5.8
0.6
0
1
0
0
0
0
0
0
0
0
0
0
0
0
0
0
0
0
0
0
0
0
0
0
0
0
0
0
0
0
0
0
0
2.4
31.6
21.2
3.8
8
0
0
0
0
0.4
1.2
0
0
0
0.2
0
0
0
0
0
0
0.8
1.2
6.6
7
3.6
0
0
1
0
0
0
0
0
0
0
0
0
0
0
0.2
0
0
0
0.4
0
0
2.8
0
0
0
24.4
0.2
0
0
0
0
0
0.2
0
0
0
0
0
0
0
0
0
0
0
0
3.6
0.4
1.4
0
0
0
0
0
0
0
0
0
0
0
0
0.8
0
0
0
0.2
0.4
0
0
0
0
0
0
0
1.8
0.8
6.2
0
0
0
0
0
0
0
0
0
1.4
0
0
0
0
0
2.6
0.4
0
0
0.2
0.4
0
0
0
1.8
0
0
0
0
0.6
0
0
0
0
0
0.2
0
0
0
0
0
0
2.2
3.6
0
0
0
0
0
0
0
1
0.2
0.2
0
0
0
0
0
0
0
0
0
0
0
0
0
1.2
1.2
0
0
0
0
0
0
0
0
0
0.2
0
0
0
0
0
0
0
0
0
0
0
0
0
2
0
0
0
0
0
0
0
0
0
0.6
0
0
0
0
0
0
0
0
0
8.6
0.4
0
0
0
0
0.6
24.5
1.8
0.4
0
0
0
0
0
2.2
0
0
0
0
0
0
0
0
0
0
0.2
0
0
0
0
0
0
0
0
89.6
46.8
42
0
0
0
0
8.8
0
0.2
0.6
24.2
0
0
0
0
0
0.2
0
0
0
0
0
0
0
0
0.4
0.6
0
15.9
0.8
0.4
0.2
0
3.4
0.2
9.4
0.4
3.2
0
0
3.2
0
0
0
0.2
0
0
0
0.2
0
0.2
0
0
0
0
1.8
0
0.2
0.2
0
0
0
0
0
1
0.4
0.2
0.2
0
0.4
0
0
0
0
0
0
0.2
0.4
0
0.2
0.4
0.2
0
0
8.4
0
4.6
0
0
0
0
0
0
6
0
0
0
0
0
0
3.2
0.8
0
0
0
0
0
0
0
0.2
0
0
0
0
0
0
0
0
0
0
0
3.6
0
0
0
0
0
0
0
0
0
0
0
0
2.6
0
0
0
0
7
0
0
0
0
0
0
0
0
6.2
2.2
0
0
0
0
0.2
0
0
5.4
0.2
0
0
10.2
0
0
0
0
0
0
0
0
0
0
0
0
0
7.8
0
0
0
0
0.2
0
0
0
0
0
0
0
0
0
0
0
0
0
1.8
3.2
2.8
3
0
13
23.4
4.4
0.2
9.4
5.6
2
0
0
0.8
1.2
0
14.2
18.2
11
0
0
0
0
0
0
0.2
0
0
0
0
0
0
0
28.2
1.6
2.6
0
6.8
1.8
1
0
0
0
0
0
0
0
0
0.4
0
0
0
0
1.6
0
0.2
0
0
0.6
0
0
0.2
0
0
0
0
0
0
0
0
0
0
0
0
0
0
0
0
0
0
0.2
0.2
0
1.2
0
0
0
0
0
0
0
0
0.8
0.2
0.2
0
2.6
0
0
0
0
0
0
0
0
0
0
0
0
0
0
0
0
0
0
0
4.6
0
0
0
0
0
0
0
0
0
0
0
0
0
0
0
2.8
16.8
0.4
0
0
0
0
0
0
0
0
0
0
0
0
0
0.4
0
0.4
0.2
0
0
0
0
10.5
0
0
0
0
0
0
0
0
0
0
0
0
0
0.2
0.8
0
0
0.2
0
0
0
0.6
15.8
0
0
0
0
0
0
1
0
0
0
6.6
48
1
0
0
0
0
1.2
1
0
0
0.2
0.2
2.2
20.5
0
0
0
0
0
0
1
0
0
1
0
0
0
0
0
0
0
0
0
0
0
0
0
0
0
0
0
0
0
0
0
0
0
6
0.6
0
0
0
0
0
0
0
0
0
0
0
0
0
0
0
0
0
0
0
0
0
0
0
0
0
13
5.6
0
7.8
12.8
1.6
5.8
0.2
0
0
0
0
0
0
0
0
5.2
5.8
0
0
0.2
0
0
0
0.8
1
0
0
1.2
0
3.8
0
0
0
0.2
0.2
0
0
0
0
0
0.2
0
0
0
0
0
0
3.2
0.4
0
0
0
0
0.2
0
0
0
0.4
0
0
0.2
0
1.2
3.6
1.2
0
0.2
0
5.6
5.6
0
0
0.2
0
0
0
0.2
0
0
0
0
0
1.2
0
0
0.4
0
0
-99
0
0
0
0
0
0
0
0
0.6
0
1
0.2
0
0
3.6
0
0
0
0
0
0
0
2.2
0.2
4.2
1.6
11.4
0
0
0
0
0
6.6
5.2
0.4
19
0.2
0
0
0.2
0
0
0.2
0.8
0
0
0
0
0
0
0
0
0
1
28.6
62.1
7.4
6
0
3.2
0.4
1.8
3.4
2.6
15.4
0
0
0.8
1.8
9.8
15.6
1.2
6
3.6
1.6
0
8.6
0.2
0
0.4
0
1
0
0
0
0
8.6
6
0
0
0
0
1.2
0
0
0
0.2
0
0
0
0
0
0
4.4
0
0
0
0.4
0
0
0
0
0.8
0
0
0.4
0
0
29.1
0
0
0
0
0
0
0
0.6
0.2
0
0
0
0
0
0
0
0
0
0
0
0
0
0
3.2
0
0
0
0
0
0
0
0
0
0
0
0
0
0
0.6
0
3.8
0
0
0.2
0
0
0
0
0
0
0
0
0
0
0
0.8
0
0
0
0
1.2
0
0
0
0
0
0
0
0.2
0
0.6
38.1
6.8
0
0
32.1
0
0
0
0
0
0
0
0
0
0
0
7.2
0.2
0
0
2
0
0
0.2
0
0
38.1
0
0
0
32.7
14.2
2.4
0.8
0
0.4
28.8
16.2
0.4
18.6
8.2
54.6
0.8
0
0.2
0
0
2.4
0
0.2
0
0
0
3
3
0.2
0
0
0
0
0.4
2.2
2.2
2.4
0.4
0
0
0
0.2
0
0
0
0
0
0
0
0.6
0.2
7.2
1.2
0
0
7.8
0
0
0
0
0
0
0
0
0
0
0
0.2
12.4
21.4
14.6
2
0.2
0.4
0.2
5.2
1
0
0
0
0
0
17.4
3.4
0
0
0
0
0
0
0
0
0.2
0
0
0.2
0
0.2
1.6
0
0
0
0
0.2
4
7.2
1.4
0.2
0
0.8
0.4
0
0
0
0
0
0
0
0.4
0
0
0
0
0
0
0.2
0
0
0
0
0
0.2
0.8
1.2
0.2
10.8
2.6
0.2
0
0
0
0
0
0
0
0.2
0
0
0
0
0
0
0
0
0
0
0
0
0
0
7.6
2.4
8
13
1.8
5.6
1.2
0.2
0
2.6
30
10.2
0.2
16.3
20.6
0.8
0
0
1.4
1
0
0.1
0.6
0
0
0
0
0
0
6.6
0
0
0
1.1
0.3
0
0
0
0
0
0
0
0.5
0
0
0
0.5
0.5
0
0
0
0
0
0
0
0
0
0
0
0
0
0
0
0
0
0
0
0
0
10.5
3.3
0
0
0
0
0
0
0
0
0
0
0
0
0.7
0
0
0
0.8
0
0
0
0
0
0
0
0
0
0
0
0
0
0.1
0
2.9
0.1
0
0
0
0
0
0
0
0
0
0
0
0.2
0
0
0
0
0
0
0
0
0
0
0
0
0
0
0
0
0
0
0
0
0
0
0
0
0
0
0
0
0
0
0
0
0
2.4
0
0
0
0
0
0
0
0
0
0
0
0.5
0
0
0
0
0
0
13.3
0
4.2
0
10.4
2.9
0
0
0
2.3
0
0
0
0
0
0
0
14.5
24.5
0
0
0
0
0
0.1
0
0
0
0
0
0
0
0.1
0
0
0
0
22.8
5.2
15.4
0
0
0
0
0
0
0
0
0
0
0
0
0
0
0
0
0
0
0
0
0
0
0.1
0
0
0
0
0
0
0
0.8
0
0
0
2.6
0
0
0.4
0.1
0
0
0.7
0
0
0
0
0
0
0
0
0.7
5.5
14.8
0.2
0
0
0
0
0
8.2
8.7
2.7
0.4
5.3
1.1
0
0
2.6
0.1
0.2
0
0
0
13.1
0.7
0
30.2
8.1
0
0
0
10.1
3.2
15.6
0
0
0
14.2
0.7
0.1
0
0
0
0
3.2
0
0
0
0
0
0.8
0
0
0
8
0.6
0
0
5
0.1
0
0
0
0
0
1.3
2.7
0.7
14
0.3
0
0.8
0.5
0
0.1
0
0
4.3
0
0
0.8
3.6
0
0
0
13.7
6.6
0
0
0
0
0
0
0
0
0
0
0.4
0
3.4
4.3
0
0.1
2.3
0
0
0
0
2
0
0
0
0
0.9
0
0
6.6
0
0
0
0
17.2
1
0.7
0
0
1.9
0.3
6
0.1
0
0
10.2
0
0
0
0
0
0
0
1.3
0.9
41.6
0.2
0
0
2.7
0
1.6
0.3
0.2
0.9
2.1
0
0
0
0
0
0
0
0
0
0
0
0
0
0.8
0
0
0
0
0
0
0
0
0.4
1.7
0
0
35.3
1.1
0
0
0
17.2
0.4
15.4
0
0
0
0
0
0
0
0
0
0
0
0
0
0
0
0
0
0.3
0
0
0
0
0
0
0
0
0
0
0
0
0
0
0
0
0
4.8
0.1
0
0
0
0
0
0
0
0
5.5
15.2
0
0
0
0
0
0
0
0
0
0.4
4.9
0.1
0
0
0
0
33.7
0
0
0
0
0
0
0
0
0
0
0.4
1.5
0.3
0.2
0
0
0
3.2
5.3
0
0
0
0
0
0
0
0
0.1
78.9
0.1
0
27.4
0.6
0
0.3
0.1
0
0
0
0
0
0
0
0
0
0.1
0
0
0
0.1
23.2
1
7
33.6
0.3
0
0
0
0
0
0
0
0
0
0
0
0
0
0
0
0.1
0.1
0.4
0
0
0
0
0
0.1
0
1.1
0
0
0
0
0
0.2
0.7
0
0
0
0
1.9
0
0
0
0
0
0
0
0
0.6
3.4
0
0
0
0
0.9
0.2
2.3
0.6
0.9
0
0
0
1.9
0.3
0
0
0
0
0.4
0
9.1
1.4
0
0
0
0
0
0
0
0
0.1
0
0
0
0
0.3
0
0.1
0
0
0
0
0
0
0.1
0
0
0
0
0
0
0
0
0
0
0
0
6.7
35.3
0.1
2
0.2
0
0
0
0
0
0
0
0
0
0
0
0
0.2
0.8
1.6
0
0.1
0
0.8
0
0
0
0
0
0
0
0
1.7
0
0
6.9
21.7
0
0
0
0
0
0
7.5
86
0
3.7
30.7
0.9
0
0
0
0
0
1.8
0
0
0
0
0.9
0
0
0.1
0
0
0
0
0
0
0
0
0
0
0
1.3
0
0
0
0.8
0.1
0
0
0
0
2.3
5.1
0.1
9.6
1
26.7
0
0
0
0
0
0
4.8
0
0
0
25.2
0.1
0
0
0
0
0
7.2
0
0
0
0
0
0
0
0
0
0
0
0
1.8
0.4
0.9
0.2
0
0
3.2
0.9
3.5
0
0.1
7.3
0
0
21.8
0
0
0
0
0
0
0
0
0
0
0
0
0
0
0
0
0
0
0.2
0
0
0
0
0.1
0
0
0
0
0
0
0
0.6
0.1
0
0
0
0
0.4
0
0
9.7
1.9
0
0
0
0
0.1
0
2.5
0.1
0
0
0
0
0
0.1
0
0
0.1
0
0
0
0
0.1
0
0
0
0
0
0
0
0
0
0
0
0
0
0
0
0
0
0
0
0
0
0
0.5
0
0
0
0
0
0
0
0
0
0
0
0
0
0
0
0
0
0
5
0
0
0
0
0
0
0
0
0
0
0
0
0
0
0
0
0
0
0
1.4
0
0
0
0
0
0
0
0
65.8
3.4
0.1
0
10.9
7
0.7
0
0
0
0.4
8.1
31.8
0
1.5
6.1
0
0
0
0
0
0
0.3
62.7
0
0
0
1.9
0
1.2
1.7
0
0
0
0
0
0
0
0
0
0
0
0
0
0
0
0
0
0
0
0
0
0
0
0
0
0
0
0
0
0
0
0
0
0
0
0
0
0
0
0
0
0
0
0
0
0
0
0
0
0
0
0
0
0
0
0.5
0
0
0
0
0
0
0
0
0
2.5
0
0
0
0
0.1
0
0
0
0.2
0
0
0
0
0
0
0
0
0
0
0
0
0
0
0
0
0
0
0
0
0
0
0
0
0
0
0
0
0
0
0
0
0
0
0
0
0
0
0
0
0
0
2.2
8.8
68.1
0.1
0
0
0
0
0
0
0
0
0
0
0
10.5
0.4
13
13.1
0.2
0
0
2.6
0
5.7
0
0.3
0.1
0
0
0
1.5
0
0.3
2.2
0.3
0
0
0
0
7.8
4.1
0.6
0
0
0
3.6
0
0
0
0
0
0
0
0
0
0
0
0.1
4.4
0
1.1
2.4
0
0
0
0
0
0
0
0
0
0
0
0
0
1.5
0
0
0
0
0.1
0
0
0.4
0
0
0
0
0
0
1.3
2.2
0
0
0
0
0
0
0
0
0
0
0
13.5
0
0
0
3.9
0
0
0
0
0
0.2
0.7
1.9
0
0
0
0
0
0
0
0
0
0
0
0
0
0
0.4
0
0.1
0
0
0
0
0
0.1
0
0
0
0
0
0
0
0
0
0
0
0
0
0
0
0
0
0
0
0
0
0.5
0
0
14
0
0
0
0
0
0
0
0
0
0
0
0
0
0
0
0
0
0
0
0.3
0
0.2
0
0
0
0
0
0.2
0.5
41.4
0
0
0
0
0
0
0
0
0
0
14.1
0.1
0
0
0.1
0
0
0
0.4
9
15.1
52.7
0
0
0.9
147.2
2.1
0
0
0
8.1
14.7
0
0
0.1
3.3
0
0
0
0
8.1
0.1
1.1
0
0.5
0
0
0.1
9.6
7.1
0
0
0.1
0
0
0
0
0.3
2.6
0
0
0
0
0
0
0
0
0
0
0
0
0
0
0
0
0.9
0.1
0
0
0
0
0
0
0
0
0.2
0
0
0
0
0
0
0
0
0
0
0
0
0
0
0
0
0
0
0.1
1.9
0
0
0
0
0.6
12.3
0
0
0.3
0
1.5
0
0.9
0.3
0
0
0
0
0
0.2
0
0
0.6
0
0
0
0
1
0
0
0
0
0
0
0.3
1.5
0
0
0
11.5
6.4
0
0
0
0
32.7
6.4
0
0
11.7
39.6
35.2
0.7
0.2
0.5
0.3
0
0
0.9
0
0
0.3
4.4
0
0.6
0.8
0
0
0
0
0
5.3
1.2
0.2
1.3
0
0
0.9
0
0.2
0.1
0.2
0
0
0
0
0
0
0
0
0
0
0
0
0
0
0
0
0
0
0
6.5
8.8
6.7
12.8
49.2
3
5.1
0
0
0.6
0.3
0
0
0
1.1
0
0
0
0
12.8
12.2
0
2.9
1.8
1.2
0.2
0
0
0
0
0
0
0
0
0
0
0
0
0
0
0
0
0
0.1
23.9
0.4
0
0
0
0.2
0.2
0
0
1.2
2
0
0
0
0
0
0
0
0
0
0
0
0
0.9
0
0
0
0
0
0
0
0
0
0
0
0
0
0
0
1.5
9.7
0
0
0
0
0
0
0
0
0
1
0.1
0
0
0
0
0.2
0
0
0
0.6
0
0
0
0
0
0
0
0.5
0
10.2
0.2
0
0
0
0
0
0
0
0
0
0.2
2.1
0.2
0
0
0
0
0
0
0.1
4.9
0
0
0
0
0
0
0
0
0
0
0
0
0
0
0
0
0
0
0
0
0
0
0
0
0
0.5
12.5
0.1
0
0
0
0
0
0
0
0
0
0
0
0
0
0
0
0
1.2
0.3
0
0
0
0
0
0
0
0
0
0
0
0
0
0
0
0
0
0
0
0
0
0
0
61.7
59.5
17.3
0
0
0
0
0
0
0
0
0
0
0
0
0
0
0
0
0
0
0
0
0
0
0
0
0
0
0
0
0
0
7.9
1.2
0
0
0
0.1
1.5
0
0
0
0
0
0
0.4
0
0
1.8
0
0
0
0
0.1
0
1.5
0
1
0
0.4
2
0
17.5
0.1
0
0
0.6
0
0
0
0
0.3
1.3
0.1
0
0
0.1
0
0
1.8
0.3
0
0
0
13.9
0.1
0
0
0
0
0
3.3
0.2
0
0
0
0
0
0
0
0.5
0
0
0.5
0
0
2
0
0
0
0
0
0
0
0
0
0
0
0
0
0
0
0
0
0
2.5
0
0.1
2.8
0
0
0
0
19.5
0.1
0
0.5
35.1
0
0
0
0
0
0
0
0.6
0
0
0
0
0
0
0
2.3
1.7
21.9
0
0
3.9
0
0.2
0
0
0
0
0
0
0
0
0
0
0
0
0
0
0.2
1.3
5.7
0
0
0
0
0
0
0
1
0.4
1
0.1
0.1
16.8
0
17.6
0
5.9
3.6
0
0
0
0
0
0.1
0
0
0
0
0
0
0
0
0.5
0
20.8
0.1
0
0
0
0
0
13.9
0.9
0
0
0
0
0
0.9
0.3
2.8
7.1
0
0
2.3
0
0
0
0
0
0
0
0
0
0
0.5
0
0
0
0
0
0
2.1
0
0
0.5
0
0
0
0
0.7
0
0
0
0
0
0
0
0
0
0.5
0.6
0
0
0
0
0
0
0.9
1.3
8.6
0
0
0
0
0
0.1
0.2
0
0
0
0
0
0
6.3
0
0.1
0.3
1.4
0.1
0
0
0
9.2
0
2
0
0.1
0.5
0
1.4
6.7
0
0
0
0
0
3.5
0.1
14.8
0
0
0
0
0.5
0
0
0
0
3.1
0.1
2.9
0
0.4
0
0
0
0
0
0
0
0
0
0
0
0
0
0
0
0
0
0
0
0.6
9.4
0
0
0
0
0
0
2.3
0
0
3.6
0
0
0
0
0
0
0
0
0
0
0
16.1
7.5
34.1
34.3
25.8
12.6
0
9.7
6.9
0
0
0
0
0
0
0
0
0
0.7
16.7
0
0
0
0
0
0
0
0
0
0
0
0
0
0
0
0
0
0
0
0
0
0
0
0
0
0
0
0
0
0
0
1.6
0
1
2.5
0
0
0
0
0
0
0
0
0
0
15.3
3.1
0
0
0.6
11.8
0
0
0
0
0
0
0
0
0
0
0
0
0
0
0
0
0.2
0
5.9
0
0
0
0
0
0
0
0
0
0
0
0
0
0
0
0
0
0
0.9
0.5
1.6
0.1
0
0
14.9
29.8
8.3
1.8
4.7
1.9
0
0
0
0
0
0
0
0
0
0
0
0
0
0
0
0
0
0
0
0
0
0.3
0
2.3
0
0
0
0
0
0
0
9.9
0
0
0
0
0
0
0
0
0
0
0
0
0
0
0
0
0
0
0
0
0
0
2.2
0
0
0
0
0
0
0
0
0
0
0
0
0
0
0
0
0
0
0
0
0.1
0.7
0.3
0
3.8
0
1.1
25.5
0
0
0
0
0
0
2.9
0
0
0
0
0
0
0
0
0
0
0
0
0
0
0
0
0
0
0
0
0
0
0
0
0
0.5
0
0.1
0.1
0
0
0
0
0
0
0.1
0.4
17.8
0.1
0
0
0.2
0
0
0
7.5
0
0
0
0
0.1
0
4.6
0
0.8
6.2
0
0
0
1.8
0
0
0
0
0
0
0
0
4
8.1
49.6
7.1
12.4
0
0
0
0
0
5.9
4.5
0
0
0
0
0
0
0
0
0
0
0
0
0
0
0
15.8
0
64
6.8
27.9
0.2
0.6
0
0.3
0
0
0
0
0
0.1
0
0.2
0.1
0
0
0
0
0
0
0
0
0
0
0
0
4.1
0
0
0
0
0.4
33.7
0.1
0.9
0
0.1
0.1
0
0.1
0
0
0
0
0
0.1
0
0
0
0
0
0
0
0
0
0
0
0
0
0
0
0
0
0
0
0
0.2
0.3
1.2
0
0
0.1
0
0.1
0
0
0
0
0
0
0
0
0
0
0
0.1
0.1
0.1
0
0.2
0
0
0.2
0
0.5
0.3
0
0
0
0
0
0
0.6
0
0
0
0
0
0
0.1
0
0
0
0
0
0
0
0
0.1
0
0
0
0
0
0
0
0
0
0
1
0
0.2
1
6.3
0.2
7.2
1.2
0
0
0
0
0
0
0
0.1
0
0
0
2.7
30.2
0.3
0
0
0
0
0
0
0
0
0
1
0
0
0
0
8.9
26.8
0
0.2
0.2
17.1
22.6
0.1
0
0
0
0
0
0
0
0
0
0
10.8
0
0
17.3
29.8
0
0
0
0
0
0.2
0
0
0
0
0
0
0
0
0.7
1.1
0
0.8
0
0
0
8.6
10
0.1
0.9
0
0
0
0
0
0.2
0.4
0.7
29.6
6.9
0.7
0
0
0
0
0
0
0.1
0.1
0
0
0.1
0
0
0
0
0
4.1
0
0
0
0
0
0
1.5
0.1
0.9
0
0
0
0
0
0
0
0
0.6
0
0.2
1.2
0
0
0
0
0
0
0
0
0
0
0
0
0
0
0
0
0
0
0
0.1
0
0
0
0
0
0
0
0
0
0
0
0.1
0.1
19.5
0
0
0
0
0
0
0
0
0
0
0
0
0
0
0
0
0
0.4
0
0
0
0
0
0.4
0
0
0
0
0.2
0
0
0
0
0
0
0
0
1.8
0
0.1
0
0
0
0
0
0
0
0
0
0
0
0
6.7
3.2
0.4
0
0
0
0
0
0
0
32.9
0.1
0.1
0
1.3
0.1
0
0.1
0
1.5
0
0
0
2
0
0
0
0
0
13.3
18.3
2.2
0
0.2
0.1
0.2
0
0
0.8
0.5
0
1.3
0.6
0
0
0
0.1
0.1
0
0
0
0
0.3
2.4
0
0
0
0
0
0
0
0
0
0
0
0
0
0
1.4
13
6.6
17
0
0
0.7
54.3
0.8
0
0
0.1
0.1
0
1.2
0.5
0
0
0
0
0
0
0
0
0
4.4
100.5
0
0.2
11.9
2.6
0
0
0
0
0
0
0
0
0
0
0
0
0
0
0
0
0
0
0
0
0
0
0
0
0
0
0
0
0
0
1.7
0
0.4
2
0
0
0
16.6
5.2
0
0
0
0
1.2
0
0
3.9
0
0
0
0
0
0
0
11.3
0.1
0
0
0
0.1
0
0
0
0
0
1.7
0
0
0
0
0
0
12.8
23.9
0
0
0
0
0
0
0
0
0
0
0
0
0
0
0
0
0
0
0
32.1
5.1
0
3
0
0.1
0
8.6
0.1
0
0
0
0
0
0
0
0
0
0
0
0.1
0
0
0
0
0.5
3
0
0
0
0
0
1.4
2.9
11.2
0
1.7
0.4
0
0
0
0
0
0
0
0
3.3
0.1
27.6
0
0
0
0
0
0
1.5
0
0
0
0
0
0
0
0
0
0
0
0
0
0
0.2
4
13
4.9
0
0
0
0
0
0
0
0
0
0
0
0
0
0
0
0
0
0
0
0
0
0.2
1.2
0
0
0
0
0
0
0
0
0
0.1
0
0
0
0
0
0
0
0
0
0.7
0.3
0
0.2
0
33
0
0
0
0
0
0
0
0
0.9
0
0
0
0
0
0.1
0.1
1.2
0
0
0
0
0
0.8
0
0
0
0
0
0
0
0
0
0
0
0
0
1.1
5.6
9
0.1
0
0.4
0.3
0.1
0
0
0
1.6
0
0
0
0
0.5
7.4
0
0
0
0
0
0
7
0
0
4.1
0.1
0
0
0
1
0
0
0
0
0
0
0
0
0
0
0
0
0
0
0
0
0.1
42
8
0.1
0
0
0
0
0
0
0
0
0
0
0
0
0
0
18.1
0
0
0
0
0
0
0
0
0
0
0
0
0
0
0
0
0
0
0
0
0
0
0
0
0
0
0.6
0
0
0
0
0
0
0
0.2
0
0.2
0
0
0
0
0
0
0
0
0
0
0
0
0
0
0.7
4.2
0.4
0.2
0
0
0
0
0
0
0
0.2
6.1
0
0
0
0
0
0
0
0
0
0
0
0
0
0
0
0
0
0.3
9.9
0
0
0
0
0
0
0.1
0.6
12.3
48.1
13.9
0
0
0
0
0
1.3
0
0.1
0
0
0.2
0
0
0
0
0
0
0
0
2
8.3
14.5
2.5
2.8
0.2
0
2.8
2.8
0
0
0.8
2.2
0.1
0.7
0
0
0.2
0
5.5
0
1.6
0
0
0
0
9.8
0.1
0
0
0
0
0.2
0.2
0
0
0
0
0
0.2
1.9
8.6
0
10.5
12.4
0
15.9
1
0
1.5
0
0
0
0
0
0
0
0
0
0
0.7
1.4
10.7
0
19.2
0
0
0.2
0.2
0
0
0.1
0
0
0
18.9
0
0
0
0
0
0
0
0
0
0
0
0
1.2
0.1
0
6.2
1.1
8.6
0
0
0
2.3
0
0
6.6
0.1
0
0
1.7
0
0
0
0
0
0
0
0
0
0
0
0
0
0
0
0
0
0
0
0
0
0
0
0
0
0
0
0
2.8
0
1.7
0
0
0
0
0
0
0.2
0
0.4
0
0.1
0
0
0
0
0
0
0
0
0
0
0
0
0
0
0
0.6
0.3
19
0
0
0
25.9
0.3
0
0
47.4
0.1
0
0
0
0
3.1
0
0
0
0
5.2
0.1
0
0.2
0
0.2
0
0
12.8
0.2
0
0
0
0
0.7
5.5
0
0
3.8
0.1
0
2.7
0
0
0
0
0
0
0
0.2
0
0
0
0
0
0
0
0
0
0
0
0
80.2
6.9
0
0
0.1
76.2
0.5
0
0.1
8.1
64.6
0
0.1
0
0
0
0
1.6
7.1
0.1
0
15.5
26.7
0
0
0
0
17.1
0
0
9.6
11.8
0
0
0
0.1
0
7.7
0
0.6
4.2
0.6
7.5
0.1
0
6.1
0
0.9
2.5
0
0
0
0.9
0
0
0
0
0.1
0
0
0
0
0
0
0
4.6
0.2
0
0
0
0
0
0
0
0
0
0
0
0
0
0
0
0
0
0
0
0
0
0
0
0
0
0
0
0
0
0
0
0
0
0
0
1.5
0.7
0
0
2.5
0
0
0
0
0
1.7
0
0.2
0.8
0.1
0
0
0
-99
-99
-99
-99
-99
-99
-99
-99
-99
-99
-99
-99
-99
-99
-99
-99
-99
-99
-99
-99
-99
-99
-99
-99
-99
-99
-99
-99
-99
-99
-99
-99
-99
-99
-99
-99
-99
-99
-99
-99
-99
-99
-99
-99
-99
-99
-99
-99
-99
-99
-99
-99
-99
-99
-99
-99
-99
-99
-99
-99
-99
-99
-99
-99
-99
-99
-99
-99
-99
-99
-99
-99
-99
-99
-99
-99
-99
-99
-99
-99
-99
-99
-99
-99
-99
-99
-99
-99
-99
-99
-99
-99
-99
-99
-99
-99
-99
-99
-99
-99
-99
-99
-99
-99
-99
-99
-99
-99
-99
-99
-99
-99
-99
-99
-99
-99
-99
-99
-99
-99
-99
-99
-99
-99
-99
-99
-99
-99
-99
-99
-99
-99
-99
-99
-99
-99
-99
-99
-99
-99
-99
-99
-99
-99
-99
-99
-99
-99
-99
-99
-99
-99
-99
-99
-99
-99
-99
-99
-99
-99
-99
-99
-99
-99
-99
-99
-99
-99
-99
-99
-99
-99
-99
-99
-99
-99
-99
-99
-99
-99
-99
-99
-99
-99
-99
-99
-99
-99
-99
-99
-99
-99
-99
-99
-99
-99
-99
-99
-99
-99
-99
-99
-99
-99
-99
-99
-99
-99
-99
-99
-99
-99
-99
-99
-99
-99
-99
-99
-99
-99
-99
-99
-99
-99
-99
-99
-99
-99
-99
-99
-99
-99
-99
-99
-99
-99
-99
-99
-99
-99
-99
-99
-99
-99
-99
-99
-99
-99
-99
-99
-99
-99
-99
-99
-99
-99
-99
-99
-99
-99
-99
-99
-99
-99
-99
-99
-99
-99
-99
-99
-99
-99
-99
-99
-99
-99
-99
-99
-99
-99
-99
-99
-99
-99
-99
-99
-99
-99
-99
-99
-99
-99
-99
-99
-99
-99
-99
-99
-99
-99
-99
-99
-99
-99
-99
-99
-99
-99
-99
-99
-99
-99
-99
-99
-99
-99
-99
-99
-99
-99
-99
-99
-99
-99
-99
-99
-99
-99
-99
-99
-99
-99
-99
-99
-99
-99
-99
-99
-99
-99
-99
-99
-99
-99
-99
-99
-99
-99
-99
-99
-99
-99
-99
-99
-99
-99
-99
-99
-99
-99
-99
-99
-99
-99
-99
-99
-99
-99
-99
-99
-99
-99
-99
-99
-99
-99
-99
-99
-99
-99
-99
-99
-99
-99
-99
-99
-99
-99
-99
-99
-99
-99
-99
-99
-99
-99
-99
-99
-99
-99
-99
-99
-99
-99
-99
-99
-99
-99
-99
-99
-99
-99
-99
-99
-99
-99
-99
-99
-99
-99
-99
-99
-99
-99
-99
-99
-99
-99
-99
-99
-99
-99
-99
-99
-99
-99
-99
-99
-99
-99
-99
-99
-99
-99
-99
-99
-99
-99
-99
-99
-99
-99
-99
-99
-99
-99
-99
-99
-99
-99
-99
-99
-99
-99
-99
-99
-99
-99
-99
-99
-99
-99
-99
-99
-99
-99
-99
-99
-99
-99
-99
-99
-99
-99
-99
-99
-99
-99
-99
-99
-99
-99
-99
-99
-99
-99
-99
-99
-99
-99
-99
-99
-99
-99
-99
-99
-99
-99
-99
-99
-99
-99
-99
-99
-99
-99
-99
-99
-99
-99
-99
-99
-99
-99
-99
-99
-99
-99
-99
-99
-99
-99
-99
-99
-99
-99
-99
-99
-99
-99
-99
-99
-99
-99
-99
-99
-99
-99
-99
-99
-99
-99
-99
-99
-99
-99
-99
-99
-99
-99
-99
-99
-99
-99
-99
-99
-99
-99
-99
-99
-99
-99
-99
-99
-99
-99
-99
-99
-99
-99
-99
-99
-99
-99
-99
-99
-99
-99
-99
-99
-99
-99
-99
-99
-99
-99
-99
-99
-99
-99
-99
-99
-99
-99
-99
-99
-99
-99
-99
-99
-99
-99
-99
-99
-99
-99
-99
-99
-99
-99
-99
-99
-99
-99
-99
-99
-99
-99
-99
-99
-99
-99
-99
-99
-99
-99
-99
-99
-99
-99
-99
-99
-99
-99
-99
-99
-99
-99
-99
-99
-99
-99
-99
-99
-99
-99
-99
-99
-99
-99
-99
-99
-99
-99
-99
-99
-99
-99
-99
-99
-99
-99
-99
-99
-99
-99
-99
-99
-99
-99
-99
-99
-99
-99
-99
-99
-99
-99
-99
-99
-99
-99
-99
-99
-99
-99
-99
-99
-99
-99
-99
-99
-99
-99
-99
-99
-99
-99
-99
-99
-99
-99
-99
-99
-99
-99
-99
-99
-99
-99
-99
-99
-99
-99
-99
-99
-99
-99
-99
-99
-99
-99
-99
-99
-99
-99
-99
-99
-99
-99
-99
-99
-99
-99
-99
-99
-99
-99
-99
-99
-99
-99
-99
-99
-99
-99
-99
-99
-99
-99
-99
-99
-99
-99
-99
-99
-99
-99
-99
-99
-99
-99
-99
-99
-99
-99
-99
-99
-99
-99
-99
-99
-99
-99
-99
-99
-99
-99
-99
-99
-99
-99
-99
-99
-99
-99
-99
-99
-99
-99
-99
-99
-99
-99
-99
-99
-99
-99
-99
-99
-99
-99
-99
-99
-99
-99
-99
-99
-99
-99
-99
-99
-99
-99
-99
-99
-99
-99
-99
-99
-99
-99
-99
-99
-99
-99
-99
-99
-99
-99
-99
-99
-99
-99
-99
-99
-99
-99
-99
-99
-99
-99
-99
-99
-99
-99
-99
-99
-99
-99
-99
-99
-99
-99
-99
-99
-99
-99
-99
-99
-99
-99
-99
-99
-99
-99
-99
-99
-99
-99
-99
-99
-99
-99
-99
-99
-99
-99
-99
-99
-99
-99
-99
-99
-99
-99
-99
-99
-99
-99
-99
-99
-99
-99
-99
-99
-99
-99
-99
-99
-99
-99
-99
-99
-99
-99
-99
-99
-99
-99
-99
-99
-99
-99
-99
-99
-99
-99
-99
-99
-99
-99
-99
-99
-99
-99
-99
-99
-99
-99
-99
-99
-99
-99
-99
-99
-99
-99
-99
-99
-99
-99
-99
-99
-99
-99
-99
-99
-99
-99
-99
-99
-99
-99
-99
-99
-99
-99
-99
-99
-99
-99
-99
-99
-99
-99
-99
-99
-99
-99
-99
-99
-99
-99
-99
-99
-99
-99
-99
-99
-99
-99
-99
-99
-99
-99
-99
-99
-99
-99
-99
-99
-99
-99
-99
-99
-99
-99
-99
-99
-99
-99
-99
-99
-99
-99
-99
-99
-99
-99
-99
-99
-99
-99
-99
-99
-99
-99
-99
-99
-99
-99
-99
-99
-99
-99
-99
-99
-99
-99
-99
-99
-99
-99
-99
-99
-99
-99
-99
-99
-99
-99
-99
-99
-99
-99
-99
-99
-99
-99
-99
-99
-99
-99
-99
-99
-99
-99
-99
-99
-99
-99
-99
-99
-99
-99
-99
-99
-99
-99
-99
-99
-99
-99
-99
-99
-99
-99
-99
-99
-99
-99
-99
-99
-99
-99
-99
-99
-99
-99
-99
-99
-99
-99
-99
-99
-99
-99
-99
-99
-99
-99
-99
-99
-99
-99
-99
-99
-99
-99
-99
-99
-99
-99
-99
-99
-99
-99
-99
-99
-99
-99
-99
-99
-99
-99
-99
-99
-99
-99
-99
-99
-99
-99
-99
-99
-99
-99
-99
-99
-99
-99
-99
-99
-99
-99
-99
-99
-99
-99
-99
-99
-99
-99
-99
-99
-99
-99
-99
-99
-99
-99
-99
-99
-99
-99
-99
-99
-99
-99
-99
-99
-99
-99
-99
-99
-99
-99
-99
-99
-99
-99
-99
-99
-99
-99
-99
-99
-99
-99
-99
-99
-99
-99
-99
-99
-99
-99
-99
-99
-99
-99
-99
-99
-99
-99
-99
-99
-99
-99
-99
-99
-99
-99
-99
-99
-99
-99
-99
-99
-99
-99
-99
-99
-99
-99
-99
-99
-99
-99
-99
-99
-99
-99
-99
-99
-99
-99
-99
-99
-99
-99
-99
-99
-99
-99
-99
-99
-99
-99
-99
-99
-99
-99
-99
-99
-99
-99
-99
-99
-99
-99
-99
-99
-99
-99
-99
-99
-99
-99
-99
-99
-99
-99
-99
-99
-99
-99
-99
-99
-99
-99
-99
-99
-99
-99
-99
-99
-99
-99
-99
-99
-99
-99
-99
-99
-99
-99
-99
-99
-99
-99
-99
-99
-99
-99
-99
-99
-99
-99
-99
-99
-99
-99
-99
-99
-99
-99
-99
-99
-99
-99
-99
-99
-99
-99
-99
-99
-99
-99
-99
-99
-99
-99
-99
-99
-99
-99
-99
-99
-99
-99
-99
-99
-99
-99
-99
-99
-99
-99
-99
-99
-99
-99
-99
-99
-99
-99
-99
-99
-99
-99
-99
-99
-99
-99
-99
-99
-99
-99
-99
-99
-99
-99
-99
-99
-99
-99
-99
-99
-99
-99
-99
-99
-99
-99
-99
-99
-99
-99
-99
-99
-99
-99
-99
-99
-99
-99
-99
-99
-99
-99
-99
-99
-99
-99
-99
-99
-99
-99
-99
-99
-99
-99
-99
