20000101
0
0
0
0.1
0
0
0.1
0
0.3
0
0
0
0
0
0
0
0
0
0
0
0
0
0
0
0
0
0.1
0
0
0
0
0
0
0
0
0
0
0
0
0
0
0
0.7
0
0
0
0
0
0
0
0
0
0
0
0
0
0
0
0
0
0
0
0
0
0
0
0
0
0
0
0
0
0
0
0
0
0
0
0
0
0
0
1.7
0
0.1
0.6
0.05
11.84
0.1
0.5
7.7
0
0
0
0
0
0
0
0
0
11.14
21.24
0
0
3.6
0
0
0.1
0
0
0
0
0
0
0
0
0
0
16.8
0
0
0
0
0
0
0
0
0
0
0
19
0
0
0
0
0
0
7.2
0
0
0
7.79
9.49
0
0
0
0.7
3.9
0
0
0
0
0
0
0
0
15.79
0
0
0
0
115.47
0.4
0.2
0.1
0.8
0
0
0
0
0
0
0
0
0
0
0
0
0.1
0
0
0
0
0
0
0
0
0
0
0
0
1.6
0
0
0
0
0
0
0
0
0
0
0
0
2.7
0
2
0
0
0
0
0
0
0
0
0.3
3
0.1
0
0
0
0
0
0.8
2.2
0
0
0
0
0
0
0
0
0
0
0
0
0
0
0
0
0
7.1
0
0
0
0
0.1
0
0
0
0
0
0
0
0
0
0
0
0
0
0
27.5
0.3
0
0
0
0
0
0
1
12.59
5.4
0
0.2
0
0
0
0
0
0
0
0
0.5
1
1.8
12.9
0.1
2
0
0
0
0
0
0.2
5.5
3.8
0
0
0
0
0
0
0
3.3
0
0.2
0
0
1
3.7
0
0
0
0
0
0
6.1
0.1
0
0
0
0
0
0
0
0.11
8.49
0
0
0
0.6
0
7.59
0.1
0
0
0
0
0.09
3.01
4
0.1
0
0
0
0
0
0
0
0
0
0
0
0
6.2
9.05
33.03
31.08
0.2
0.1
0
0.3
0
0.5
0
0
0
0
1
0
0
0
0
0
0
0.3
0.4
1
6.54
7.96
0
0
0
0
0
0
0.1
0
0
0
0
0
0.6
0
0
0
0
0
0
0
0
0
0
0
0
0
0
0
0.8
17.29
0
0
0
0
0
0
0
0
0
0
0.1
0
0
0
0
6.29
0.5
0
2.8
0
8.4
5.9
0
0
0
0.1
0
0
0
0
0
0
0
0
0
0
0
0
0
0
0
1.6
1.1
0
0
0
0
0
0
0
0
0
0
0
0
0
0
0
0
0
0
0
0
0
3.8
0.1
0
0
0
0
0
0.6
0
0
14.79
1.8
1.8
2.8
9.9
2.1
0
0
0
0.37
4.23
0.4
0
0
0
0
0
1.3
10.4
0
1
0.1
0
0.6
7.6
0
0
0
0
0
0
0
0
0
0
0
0
0
0
0
0
1.4
0
0
0
0
0
0
0
0
0
0
0
0
0
0
0
0
0
0
0
0
0
0
0
0.1
0
0.5
0
0
6.8
0
0
0
0
5.25
1.25
5.3
0
0
35.17
0
0
0
0
0
0
0
0
0
0
0
0
0
0
0
0
0
0
0
0
0
0
0
0
0
0
0
0
0
0
0
0
0
0
0
0
0
0
0
0
0
0
0
0
0
0
0
0
0
0
0
0
0
0
0
0
0
0.2
0
0.3
0
0
0.4
0
21.49
1
0
0
0
0
7.3
2.5
0
0
0
0
3.6
0
0
0
0
5.4
0
0
0
0.2
0
0
0
0.1
15.59
16.09
53.89
0.1
0
0
0
0.1
0
0
0
0
0
0
0
0
0
0
0
0
0
0
0
0
6.2
0.1
0
0.1
14.64
17.98
22.46
0.1
0
0
0
0
0
0
0
0
0
0
0
0
0
0
0
0
0
0
0
0
0
0
0
0
0.1
1.12
8.58
10.49
1.3
0.3
0
0.1
0
0
0
0
0
0
0
0
0
0
2.21
0.09
3.7
2.3
1.1
0
0
0
1.2
0
0
0
0.1
0
0
0
0
0
0
0
0.1
0
0
5.1
0
0
0
0
0
0
0
0
0
0
0
0
1.19
0.21
0
0
0
0
0
0
0
0
0
4.3
0.1
0
0
0
0
0
0
0
0
0
0
0
0
1.9
0
0.5
17.09
0
0
0
0
0
0
0
1.1
1.3
0
0
0
0
0
0
0
0
0
0
0
0
0
0
1.9
0
0
0
1.5
47.78
2.18
0
0
15.89
0
0
21.18
1.14
1.66
0
0.1
0
0
0
0
2.4
0
0
0
0
0
0
0
0
0
0
0
0.4
4.65
0.35
0
0
2.33
4.57
4.4
0.3
1.4
14.3
0
0
0
0
0
0
0
0
0
0
0.09
2.01
0
0
0.3
0.1
0
0
0
0
0
0
0
15.09
4.7
0
0.3
17.39
0
0
0
0
0
0
0
0
0
0
0
0
0
0
0
0
0
0
0
0
0.3
0
0
0
0
0
0
0
0
0
0
0
0
15.1
0.1
0
0
0.4
0
0
0
0
0
0
0
0
0
0
0
0
0
6.7
0
9.7
0
0
0
0
0
0
0
0
1.8
0
0
0
0
21.6
1.2
0
0
0.1
0
0
13.29
0.3
13.59
0
0.1
7.8
0
0
0
3.2
0
1.7
5.5
2
0
0.6
0
11.8
0
0
0
0
3.4
0.1
0
0
6.5
0.6
0.1
0.2
6.09
0.5
0
0
0.1
0
0
0
0
0
0
4.9
0
0
0
0
0
7.7
56.76
17.29
0
0
0
0
0
0
0
0
0
0
0.8
0
0
0.1
0
0
0
0
0
0
0
0
0
0
0
0
0.08
2.12
0
0
0
0
0
0
7.8
1.8
0
0
0
0
24.59
1.6
0
1.3
25.78
0.1
0
0
0
0
0
0.5
0
0
0.1
0
0
0
0
0.06
45.2
0.1
0
0
0.5
0
0
0
0
0.2
0.2
0
0
0
0
0
0
0.1
0.1
0
4.3
0
0
0
0
0
7.19
7.09
0
0.8
0
0
0
0
0
0
0
0.1
0
0
1.5
1.2
2
0
0
0
0
0
0
0
0
0
0
0
0
0
0
0
0
0
0
0
1.4
0
0
14.49
0.5
1.4
0.2
0
7.2
18.29
13.69
0.1
1.1
0
0
13.59
26.99
2.7
0.1
0
0
0
0
0
1.1
0
0
0
0
0
0
0
0
3.9
0
0
0
0
0
0
0
0
0
0
0
0
16.19
0
0.8
0
0.1
0.1
0
0
0
0
0
0
9.99
0
0
0
0
0
1.1
0
0
0
0.9
1.5
0
0
0
0
0
0
0
0
0
0.1
0
0.2
0
0
0
10.3
14.49
16.69
0
0
0
0
0
0
0
4.14
0.36
0
2.3
0
0
0
0
0.17
10.02
0
0
0
0
0
0
0
0
0
0
2.6
0
0
0
0
0
0
0
0
0
0
0
0.1
0
0
0
0
0
0
0
0
0
3.4
0.6
0
0
0
0
0
0
0
1.8
0
0
1.5
0
0
0
0
0
0
0
0
0
0
0.3
0
0
0.6
0
0
0
0
0
0
1.1
0
0
0
0
0
0
0
0
0
0
0
0
0
0
0
0
0
42.4
0
0
0
0
0
0
0
0
0
0
0
0
0
31.52
1.38
1.1
0
0
0
12.3
34.4
0.4
0
0
0
0
0
0
0
0
0
0
0
0
0
7.1
0
0
0
0
15.9
0.1
5.9
8.24
13.76
0
0
0
0
0
0
0
0
0
0
0.7
0
1
2.3
15.2
23.2
4.8
8.8
0
0
0.1
0
0
0
28.7
2.6
7.5
0
0
26.4
0.1
0
0
7
0.1
0
0
1.8
3
0
0
0
0
0
0.6
8.5
0.4
0
0
0
0
2.1
2.27
7.43
0
0.1
1.5
0
0
0
9.8
0
5.5
18.6
4.3
0
1.6
2.4
0
0
0.1
0
0
0
0
0.1
0
0.4
0.1
0
0
0
0
0
0
0.1
0
0.2
0.1
0
0.1
0
0
0
0
0
0.1
0
0.1
0
0
0
0
0
0
0
0
0
0
0
0
0
0
0
0
0
0.2
0.1
0
0
0
0
0
0
0
0
0
0
0
0
0
0.1
0
0
0
0
0
13.5
18.8
0.1
0
18.97
0.63
0
0
0
16.1
34.8
0
0
2.5
0.7
0
0
0
0
14.2
0
0
0
0.8
0
0
0.3
0
0
0
0
0
0
0
0
0
0
0
0.3
0
13.05
1.35
33.7
21.97
5.33
0.08
18.22
0
0
0
0
1.3
20
1.3
1.3
0
0.5
0
1.56
1.24
18.4
0
0.5
0
0
0
19
0.1
0
0
0
0
4.5
11
0.2
4.1
0.47
4.93
0.4
0
0
0
0
0
0.5
16.07
2.93
0.1
0
0.1
0
0
0
0
0
0
0
0
0
0
0
2.8
0
0
5.4
0
0
0
0
0
0
0
0
0
0
0
1.3
6.8
2.8
0.3
2
0
0
0
11.7
0
0
0
0
0
0
0
0
0
0
0
0
0
0
0
2.7
2
0.2
0
0
0
24.56
0
0.1
0
0
0
0
0
0
0
0
0
0
0
0
0
0
0
0
0
0
0
0
0
8.2
0
0
0
0
0
0
0
0
0
0
0
0
0
0
0
0
0
0
3.1
0.2
0
0
0
0
9.7
0
0.3
0
1.9
20.2
0
0
0
0
0
0
0
0.4
0
0
0.6
2.6
0
0
0
0
0
0
0
0
0.9
0
0
0
0
0
0
0
0
0
0
0
0
0
0
0
0
0
0
0
0
0
0
0
0
0.1
0
2.4
0
0
0
3.6
1.5
4
0
0
0
0
1.3
0
0
0
0
0
0
0
0
0
0
0
0
0
0
0
0
0
0
0
0
0
0
0
0
0
0
0
3.3
0
7.6
0
0
8.3
3.6
0
2.5
13.6
2
0
0.1
0
0
0
0
0
0
0
0
0
0
0
0
0
0.93
0.07
0
0
0.1
0
0
0
0
0
0
0
0
0.1
0
0.1
0.1
0
0
0
0
0
0
0
0
0
0
0
0
0
0
0
0
0
0
0
0
0
0
0
0
0
0
3.7
5.4
2.17
2.93
0
0
0
0
0
0
0
0
0
0
0.1
0
0
0
0
0
0
0.2
0
0
0
0.1
0
0
0
0
0
0
0
7.8
0
0
0
0
0
0
0
0
0
0
0
4.7
0.2
0
0
0
0
5.2
0
0
0
0
0
0
0
0
0
0.5
0
0
0
0
0
0
0.3
0
0
0
0
0
0.2
0
0
7.8
0
0
0
0
0
0
0
0
0.1
0
2.5
0
0
0
0.1
1.4
0
0.4
4.6
0.1
0
11.9
10.3
0.1
0
0
0
0.2
0
0
0
0
0
0
0
0
0
0.2
0
0
0
0
0
0
0
0
0
0.9
0
1.4
2.2
0
0
0
0
0
1.4
0.9
0
0
0.7
0
0
0
0
0
0
0
0
0
0.4
0
0
0
0.7
2
1.4
0
0
0
0
0
0
0
0
0
0
0
0
0
0
0
0
0
0
0
0.3
0
5.77
0.03
0
0
0
0
0
0
0.3
1.1
1.5
0
0
0
0
0
0.4
1.9
0
0.4
0
0
0
0
0
0
0.23
0.28
0
0
0
0
0
0
0
0
23.1
10.5
7
0
0
0
0
31.2
0
0
0.2
3.7
0
0
0
0
0
0
0.2
9.4
0.5
0
0
0
0
0
0
0
0
0
0.1
0
0
0
0.14
3.26
19
39.1
10.5
4.7
0
0
10.9
0.1
0
0
0
9
0.1
0
0
0
0
0
0
3.1
0.2
0
0
0
0
0
0
0
19.9
1
10
2.6
16.5
19.3
5.7
0
0
0
0
0
0
0
0
0
0
0
0
0
0
0.2
0
19.2
0
0
0.1
0
0
0
0
0
0
0
0
0
0
0.2
0
0
0
0.1
0
0.1
0
0
0.1
0
0
0
0
0
0
0
0
0
0
0.6
0.6
17.6
8.7
0.9
0.9
0
0
0
0.1
0.3
0
0
0
0
0.1
0
0
0
0.1
0
1.75
6.95
2.85
49.75
4.9
0
0
0.1
0.1
0
0
0
0
0.1
0
0
0
0
0
0
0
0
0
0
2.4
0
0
3.2
0.1
0
0
5.2
0
0
0
0
0
0
0
0
0
0
0
0
0
0
0
0
0
0
0
3.61
0.09
0.08
0.12
0
0
0
0
0
0
0
0
0
0
0
0
0
0
0
0
0
0
0
0
0
0
0
0
1.2
0
3.7
0.1
0
0.2
0
0
0
0
0
0
5.2
0.8
0
0
0
0
0
0
0.1
0
0
0
0
0
0
0.1
0
0
0
0
0
0
0
0
0
0
0
0
0
0
0
0
0
0
1.2
0
0
0
0
0
0
0
0
0
0
0
0
0.1
0.1
1.6
0
0
0
0
0
0
0
0
0
0
0
0
0
0
0
0
0
0
0
0.3
0
0
0
0
0
0
0
1
2.4
4.2
0
1.4
0
0
0
0
0
0
0
0
0
0.25
0.25
0
0
0
0
0
9.4
0
0
0
0
7.4
0
0
0
0
0
0
52.9
0
0
0
0
0
0
0
0
0
0
0
0
0
0
0
0
0
0
0
0
0
0
0
0
0
0
0
11.2
99.9
15
0
0
0
0
0
0
0
0.08
24.62
1.4
0
0
0
0
0
0
0
0
0
0.4
0
0
0
0
0
0
54.95
4.15
2
0
0
0
0
31.7
0.5
0.1
0
0
0.9
0.1
0
0
0
0
0
0
0
0
0
0
0
0
0
0
0
0
0
0
0
0
0
0
1.62
3.08
0
0
0
0
0
0
0
0
0
0
0
0
0
0
2.3
0.1
0
0
11.4
0.2
3.1
0
0
0
0
0
0.1
2.3
0
0
0
0.1
0
0.1
1.8
0
0
0
0
0
0.1
0.1
0
0
0
0
0
0
0
0
0.1
0
0
0
0
0
0
0
0
0
0
0
0
0
0
5.9
0.3
0
0
0
0
0
0
0
0
0
0
0
0
0
0
0
6.6
0.5
0
0
0
0
0
0
0
9.3
0.2
0
0
0
0
0
0
0
0
0
0
0
13.8
0
0
0
0
8
0
0
0
0
0
0
0
0
2.3
0
0
1.5
0
0
0
0
0
0
0
0
0
1
0.02
11.18
2.4
51.7
19.2
25.8
2.3
0.1
0
0
0.5
0.6
0
2.1
6.26
12.24
0
0
0
0
0
0
0
0
0
0
0
0
0.8
0
0
0
23.4
0
2.3
2.2
0.4
0
0
0
0
0
0
0
0
1.2
0
0
0
0
0.8
0
0.7
0
0.4
0.1
0.8
0
0.9
0
0
0.09
0.51
0
0
0
0
5.5
0
0
0
0
0
0.9
0
0
0
3.2
0
0
0.4
0
0
0
0
0
0
0
0
0
0
0
0
1.3
0
0
0
0
0
0
0
0
0
0
0
0
0
0
0
0
0
0
0
0.1
0
0
0
0
0
0
0
0
0
0
0
0
0
0
0
49
2
0.6
0
0
0
18.2
0
0
0
0
0
0
11.9
0
25.2
5.2
0.1
0.6
0
0
0
0
0.3
0
0
0
0
0
0
0
0
0
0
0
0
0
0
0
0
0
0
4.7
0
0
0
0
2.8
0.1
0
0
0
0
0
0
0
0
0
1.42
15.98
0.9
0.1
0
0
0
5.6
0.1
0
0
0
0
3.3
19.2
0.1
0
0
0
0
0
0
1.5
0
0.9
0
0
0
0
0
0
0
0
0
0
0
0
0
0
0
0
0
0
0.1
0
0
0
0
1.5
0.3
0.1
0
0
0
0
0
0
0
0
0
0
0
0
0
0
0
0
0
0
0
0
0
0
0
0
0.2
0.2
0
0.2
0.4
0
0.3
0.1
0
0
0
0.1
0
0
5.9
3.7
4.2
12.7
0.1
0
0
0
0
0
0
2.3
0
0
0.2
0
1.3
0
0
0
0
0
0
0
0
0
0
0
0
0
0
0
0
0
9.86
14.04
0
0
0
0
0
0
0
0
0
0.1
0
0
0
3.3
0.93
0.37
0
0
0
1.6
2.1
0
0
0
0
0
0
0
0
0
0
0
0
0
0
0
0
0
0
0
0
0
0
0
0
0
8.1
2.3
0
0
0
0
0
0
7.6
0.4
0
0
0
0
0
0
0.5
0.1
1.8
1
12.6
0.1
0
0
0
0
5.7
3
0.1
11.5
0
0
7.3
0
0
0
0
0.3
0
0
0
0
0
0
0
0
0
0
28.25
36.35
5.4
0
0
0.3
0.1
9.2
9.1
1.9
0.5
0
0
6.7
0.17
5.03
19.1
0.4
7.8
0
0
0
0.5
1
2
1.8
0.1
58.2
1.7
0
0
0.1
2.1
1.2
0
0
0
0
2.9
0
0
7.9
0
0
0
0
0
0
0
10.9
0
0
0
0
0
0
0
0
0
0
0
0
0
0.4
23.3
0
0
0
0
0
0
0
0
0
0
0
0
0
0
0
0
0
0
0
0
0
0
0
0.3
0
0
0
0
0
0
0
0
17.4
0
0
0
0
0
0
0
7.5
0
0
0
0
0
0
0
0
13.2
0.1
0
0
0
0
1.8
0
0
0
0
1.2
0
0
0
0
0
0
0
26.7
0
0
7.1
2.7
0
0
0.2
0.2
0
0.1
0
0
0
0
0
0
0
0.3
0.4
0
0
0
0
0
0
0.1
0
0
0
0
0
0
0
0
0
0
0
0
18.2
0.5
0.1
22.6
22.2
25.7
0.2
0
0
0
0
0.2
0
0
0.1
6.02
0.18
0
0
0
0
0
0
0
0
0
0
0
0
0
0
3.6
0.9
0
0
0
0
0
0
0
0
0
11.5
1.7
0.1
0.1
5.6
1
0.4
0.3
0
0
0
0
0
0.3
0.1
0.1
0
13.8
18.4
1.9
0.8
0
0.1
0
0.1
0
0
0.2
1.31
13.39
0.1
3.1
1.8
0
0
0
0
0
0
0
0
1.3
0
0
0.6
0
0
0
0
0
0
0
0
18.2
1.2
1.1
0
0
0
0.1
0
0
0
0
0
0
0
0
0
0
0
0
0
0
0
0
0
0
0
0
0
0
2.9
5.5
0
1.3
0
0
0
0
0
0.3
0
0
0
0
0
0
0
0
0
0
0
0
0
0
0
0
0
12.5
6.1
2.4
16.9
0
5.5
2.1
0
0
0.02
20.18
1.4
0
2.2
8.2
4.3
0
0
1.6
0
0
0.4
0
1.4
0.1
0
0
0
0
6.77
0.03
0
0
4.98
6.02
0.1
0
0
0
0
0
0
0.1
0.1
0.1
0
0
2.4
0
0
0
0
0
0
0
0
0
0
0
0
0
0
0
0
2.2
0
0
0
0
3.2
0
0
0
0
0
0
0
0
0
0
0
0
0
0.7
0.4
0
0
0
0
0.6
0
0
0
0
0
0
0
0
0
0
0.4
8.3
0.2
0.9
0
0
0
0
1.2
0
0
0
0
0
0
0.2
3.2
0
0
0
0
0
0
0
0
0
0
0
0
0
0
0
0
1.3
32.8
0
0
0
0
0
0
0
0
0
0
0
0
0
0
0
1
1.6
0
0
0
0
0
0.3
0
0
0
0
0
0
0
0
0
0
0.6
1.9
6.4
0.1
0.1
15.2
0.1
0
0
0
0
0
0
0
0
0
0
0
3.1
10.4
0
0
0
0
0
0
0
0
0
0
0
0
0
0
0
0
0
0
32.1
0.3
21.3
0
0
0.2
0
0.1
0
0
0
0
0
0
0
0
0
0
0
0
0
0
0
0
0
0
0
0
0
0
0
0
0
0.2
0
0
0
0.09
0.51
0
1
0
0
0
0.1
0
0
0
0
0
0
0
0
0
0
1.7
0
0
0
0
0
0
25.9
28.6
9.1
10.5
0.1
6.5
0
0
0.1
0
0.1
0
0
0
5.25
9.55
0
8.2
1.9
0
0
0
3.9
0.15
7.35
0
0
0
0.1
0
0
0
0
0
0.4
8.6
0
0
0
0
0
0
0
0
0.1
7.2
0
0
0
12.7
9.1
0.1
0
0
0
0
5.27
2.53
0.2
9.9
13.5
0
2.7
0.2
0
0
0
0
0.6
0
0
1.32
13.87
0
1
0
8.8
7.6
26.5
0
0
0
0
0
0
0
0
0
0
0
6.75
6.25
0
0
0.4
0
0
0
0
1.9
0.4
0
0
0
3.5
0
0.1
1.9
0.1
0
0
0
4.1
0
0.9
0
0
0
0.8
0
0
0
0.2
0.7
0
0
1.65
0.05
0
0
0
6.2
0.5
68.4
10.4
0
0
0.2
2.8
1.7
0
0.32
4.08
5.2
0
0
0
0
0
0
0
0
0
0
0
0
0
0
2.4
0
0
0
0
0
0
0
0
0.9
0
0
16.7
0
24.7
0
0
23.5
0.1
1.2
0
0
0.4
0
0
0
0
0
0
0
0
25.4
6.9
0
0
0
0
9.6
0
0
0
0
0
0
0
0
0
0
0
0
0
0
0
0
0
0
3.08
0
0
0
0
0
6.25
0.08
0
0
8.58
0
0
0
0
0
0
0.25
0
0
12.33
0
0
0
0
0
0
13.58
0
0
0
0
0
2.4
0
0
0
0.1
0
0
0
0
0
0
0
1.3
15.3
0.2
0
0
0
0
0
0
0
0
37.7
0
0
0.7
1.5
0
0
0
0
0
0
0
0
0
0
0
0
0.5
0
0
0
0
3.8
65.5
10.5
1.6
1.9
0
0
0
0
0
0
0
0
0
0
0
0
0
0
0
0
0.6
11.8
0
0
0
0
0
0
0
1.4
0.1
0
0
0
0
0
2.2
0
0.7
0
0
3.4
0
0
0
0
0.1
0
0
0
0
16.7
0
0
0
0
0
0
0
4.2
0
0
0
0
0
0
0
0
0
0
0.1
0
8.3
4.3
1.7
0
0
0
0
0
0
0.4
0.5
0
0
0
0
0.2
0
0
0
0
0
0.8
0
0
0
0
0
0
0
0
0
0
0
0
0
0
0
0.1
26.7
0.1
0
0.1
0
0
0
0
0
0
0
0
0
0
0
0
0
0.1
0
0
5.6
0
1.3
0.5
0
0
0
0
0
0
0
0.6
0
0
8.6
0.4
0
0
0
0
0
0
0
60.9
0.1
5.3
22.3
0.2
0
0
0
0
0.1
0
0
0
0
0
2.1
0
11.3
0.1
0
0
0
0
0
0
0
0
0
0
0
0
0
0
0
0
0
0
0
0
0
0.7
1.3
26.5
0.2
0.4
7.3
0
14.9
2.1
0
0
0
0.8
0
0
0
16.6
0.2
0
0
0
0
0
2.8
0
0
0
0
0
0
0
0
0
0
0
0.1
0
0
0
0
25.9
0
12.2
0.3
10.3
0.1
0
9.7
0
0.1
5.9
0
0
0
0
0.1
0
0
0
0
0
0
0
0
0
0
0
0
0
0
0
0
0
0
11.7
0
0
0
0
0
0
0
0
0
0
0
0
0
0
0
0
0
0
0
0
0
0
0
0
0
0
0
0
0
0
0
0
0
0
0
0
0
0
0
0
0
0
0
0
0
0
0
0
0
0
0
0
0
0
0
0
0
0
0
0
0
0
0
0
0
0
0
0
0
0
0
0
0
0
0
0
0
0
0
0
0
1.8
0
0
0
0
0
0
0
0
0
0
0
0
0
0
0
0
0
0
0
0
0
0
0
0
0
0
0
0
0.1
8.2
0
0.1
20.5
0
0
0
0
0
0
0
0
0
0
0
0
0
0
0
0
0
0
0
0
0
0
0
0
0
0
0
0
0
0
0
0
0
0
0
0.1
0
0.2
0
0.1
0
0.1
0.1
0
0
0
0
0
0
0.1
0
0
0.1
0
0
0
0
0
0
0.1
0.1
0.1
0
0
0
0
0
0
0.1
0
0
0
0
0
0
0.1
0
0.2
0
0
0
0
0.1
0.1
0
0
0
0
0
0
0
0.5
0.6
0.1
0
0
12.8
2
0
0
0.1
0
0
0
0
0
0
0
0
0
0
0
0
0
0
0
0
0
0
0
0
0
0
0
0
0
0
0
0
0
0
0
0
0
0
0
0
0
0
0
0
0
0
10.4
2.3
18.7
20.1
0
0
0
0
0
0
0
0
0
0
0
3.6
14
2.8
0.9
0.1
0
0
2.7
0
5.3
0.3
0
1.5
0
0.1
0.1
0
0
2.4
0
0
0
0
0
0
12.3
0
0
0
0
0
0
0
0
0
0.1
0
0
0
1.9
0
0
0
0
0
0
0
13.8
0
0
0
0
0
0
0
0.2
0
0
0
0
0
26.5
0
0
0
0
0
0
0.8
0
0
0
0
0
0
0
0.4
0.8
0.1
0
0
0
0
0
0
0
0
0
0
4.8
0
0
0
2.4
0
0
0
0
0
0
0
0
0
0
0
0
0
0
0
0
0
0
0
0
0
0
0
0
0
0
0
0
0
0
0
20.4
0
0
0
0
0
0
0
0
0
0
0
0
0
0
0
0
0
0
0
0
0
0
0.1
20.5
0
0
0.1
0
0
0
0
0
0.3
0
0
0
0
0
0
0
0
0
0
0
0
0
0
0
0
0
0.1
0
2
18.6
0
0
0
0.1
0
0
0
0
0
0
1.3
5.1
0
0
5.5
0
0
0
0.1
6.4
3.3
1.5
0
0
0
0
0
0
0
0
0
0.1
0
0
0.1
0.6
0
0
0
0
3.5
0.4
0
0.1
0
0
0.1
0
4.9
0.1
0
0
0.1
0
0
0.1
0
1.5
5.9
0
0
0
0.1
0.1
0
0
0
0
0.1
0.1
0
0
0
0
0
0
0
0
0
0
0
0
0
0
0
0.1
0
0.2
0
-99
-99
-99
-99
-99
-99
0
0
0
0
0
0
0
0
0.1
4.7
1.1
0.2
0
0
0
0.2
15.2
0.1
0
0.5
3
0
0
1.1
0
0.6
0
0
0
0
0
0
0
0
0
0
0
0
0.1
0
0
0
0
0
0
0
0
0
0
0
4
8.5
0
0
0
0
2.1
0.2
0
0
1.6
22
0
0
0
0
0
0
0
0
0.1
0
0.9
0.3
0.1
0.3
0.3
0
0
0
4.2
0.8
0.1
0.1
0
1.2
0.1
0
2.2
0
0
2
0.9
0
0
0
0
0
0
0
0
0
0
0
0
0
0.5
0
0
0
0
0
12.8
19.9
23.6
5.1
11.1
0.6
0
0
0
2.5
0.4
0.1
0
0
0.6
0
0
0
0
3
40.5
0.7
0.1
18.3
6.6
4.6
0
0
0
0
0
0
0
0.4
0
0
0
0
0
0
0
0.6
0
0
11.5
0
0
0
0
0
0.4
0
0
0
0.4
0.2
0
0.1
0
0
0
0
0
0
0
0
0
0
0
0
0
0
0
0
0
0
1.2
8.3
0
0
1.4
0
0
3.1
2.1
0
10.1
0
0
0
0
0
0
0
8.6
0.1
0
0
0
0
0
0
0
0
0.1
1.9
0
0
0
0
1.8
0
0
0.4
0
0
0
0
0
0
0
0
0
0.6
0
0
0
0.9
0
0
0
0
0
0
4
9.2
0.8
0
0.2
0
0
0
0
0
0
0
0
0
0
0
0
0
0
0
0
0
3.1
0
0
0
0
0
1.8
0.1
0
0
0
0
0
0
0
0
0
0
0
0
0
0
0
0
0.4
0.3
0
0
0
0
0
0
0
0
0
0
0
0
0
0
0
0
0
0
0
0
0
0
0
24.2
18.7
0
0
0
0.1
0
0
0
0
0
0
0
0.1
0
0
0
0
0
0
0
0
0
0
0.2
0
0
0
0
0.1
0
0
0
5.7
1.9
0.1
0
0
1.1
2.1
0
0
0
0
0
0
0
0
0
4
0
0
0
0
0
0
0
0.5
2.1
0
0
1.9
0
12.7
3.8
0
0
0.1
0
0
0
0
0
0
4.1
3.3
0.1
1.7
0
0
0
4.8
0
0.3
0
15.1
0.7
0
0
0
0
0
6.4
0
0
0
0
0
0
0
0
0
0
0
0
0
0
0
0
0
0
0
0
0
0
0
0
0
0
0
0
0
0
0
0
0
0.1
0
0.1
0
0
0.1
0
0
8.6
0.1
0
0.1
25.9
0.1
0
0
0
0
0
0
4
0.1
0
0
0
0
0
0
0
6.6
8.8
9.4
0
0.4
0
0
0
0
0
0
0
0
0
0
0
0
0
0
0
0
0.6
0.6
0.6
0
0
0
0
0
0
0.3
0.1
0
0
0
0
17.7
0
1.8
2.8
13
0
0
0
0
0
0
0
0
0
0
0
0
0
3.4
0.9
0.2
0
18
0.1
0
0
0
0
0
17.2
0
0
0
0
0
0
0
0.1
0.1
0
0
0
22.8
0
0
0
0
0
0
0
0
0
0
0.7
0
0
0
0
0
0
4.1
0
0
6.7
0
0
0
1.1
0.5
0
0
0
0
0
0.9
0
0
0
0
0
0.1
0
0
0
0.1
0
0
9.1
35.3
0.1
0
0
0
0
0
1.1
0
0
0
0
0
13.7
14.6
0.1
0
0
0
0
0
0
0
4.4
0
0
1
0
0
0
0.2
7.2
10.5
0.1
0
0
0
67.2
0.1
0.1
0
0
0
0
12.2
0
0
0
0
1.2
0.1
2
0
0
0
0
0
0
0
0
0
0
0
0
0
0
0
0
0
0
0
0
0
0.8
16.5
0
0.1
0
0
0
0
5.9
0
0
6.8
0.1
0
0
0
0
0
0
0
0
0
3.5
20.7
5.9
6.5
2.1
16.3
0.1
0
1.5
11.1
0
0
0
0
0
0
0
0
0
1.1
10.5
0
0
0
0
0
0
0
0.2
0.1
0.2
0
0
0
0
0
0
-99
-99
-99
-99
-99
-99
-99
-99
-99
-99
-99
-99
-99
-99
-99
-99
-99
-99
-99
-99
-99
-99
-99
-99
-99
-99
-99
-99
-99
-99
-99
-99
-99
-99
-99
-99
-99
-99
-99
-99
-99
-99
-99
-99
-99
-99
-99
-99
-99
-99
-99
-99
-99
-99
-99
-99
-99
-99
-99
-99
-99
-99
-99
-99
-99
-99
-99
-99
-99
-99
-99
-99
-99
-99
-99
-99
-99
-99
-99
-99
-99
-99
-99
-99
-99
-99
-99
-99
-99
-99
-99
-99
-99
-99
-99
-99
-99
-99
-99
-99
-99
-99
-99
-99
-99
-99
-99
-99
-99
-99
-99
-99
-99
-99
-99
-99
-99
-99
-99
-99
-99
-99
-99
-99
-99
-99
-99
-99
-99
-99
-99
-99
-99
-99
-99
-99
-99
-99
-99
-99
-99
-99
-99
-99
-99
-99
-99
-99
-99
-99
-99
-99
-99
-99
-99
-99
-99
-99
-99
-99
-99
-99
-99
-99
-99
-99
-99
-99
-99
-99
-99
-99
-99
-99
-99
-99
-99
-99
-99
-99
-99
-99
-99
-99
-99
-99
-99
-99
-99
-99
-99
-99
-99
-99
-99
-99
-99
-99
-99
-99
-99
-99
-99
-99
-99
-99
-99
-99
-99
-99
-99
-99
-99
-99
-99
-99
-99
-99
-99
-99
-99
-99
-99
-99
-99
-99
-99
-99
-99
-99
-99
-99
-99
-99
-99
-99
-99
-99
-99
-99
-99
-99
-99
-99
-99
-99
-99
-99
-99
-99
-99
-99
-99
-99
-99
-99
-99
-99
-99
-99
-99
-99
-99
-99
-99
-99
-99
-99
-99
-99
-99
-99
-99
-99
-99
-99
-99
-99
-99
-99
-99
-99
-99
-99
-99
-99
-99
-99
-99
-99
-99
-99
-99
-99
-99
-99
-99
-99
-99
-99
-99
-99
-99
-99
-99
-99
-99
-99
-99
-99
-99
-99
-99
-99
-99
-99
-99
-99
-99
-99
-99
-99
-99
-99
-99
-99
-99
-99
-99
-99
-99
-99
-99
-99
-99
-99
-99
-99
-99
-99
-99
-99
-99
-99
-99
-99
-99
-99
-99
-99
-99
-99
-99
-99
-99
-99
-99
-99
-99
-99
-99
-99
-99
-99
-99
0
0.4
0
0.3
0
0
0
0
0
0
0.1
0
0
0
0
0
0
0
0
0
0
0
0
0
0
0
0
0
0
0
0
0
0
0
0
0
0.2
2.2
0
0
0
1.1
0.1
6.5
1.1
0
0
0
0
0
0
0
0.3
0
0
0
1
24.5
2.3
0.1
0
0
0
0
0
0
0
0
0.7
0.2
0
0
0
0.2
0
15.3
0.8
0
1.6
27.5
0.7
0
0
0
0
0
0
0
0
0
0
19.3
0
0
6.7
27.3
0
0
0.1
0
0
1.5
0
0
0
0
0
0
0
0
0
20.2
0.1
0.3
0
0
0
4.1
6.6
0
0.5
0
0
0
0
0
0.7
0.8
2
11.7
5.9
0.1
1.6
0.4
1.3
0
0
0
0
0
0
0
9.2
0
0
0
0
0
0
0
0
0.1
0
0
0
0
0
0
0
0
0
0
2.9
0
0
0.1
3.2
0
0.3
0.3
0
0
0
0
0
0
0
0
0
0
0
0
0
0
0
0
0
0
0
0
0
0
0
0
0
0
0
0
0
0
0
0
0.3
18.5
0
0
0
0
0
0
0
0
0
0
0
0
0
0
0
0
0
19.8
0.1
0
0
0
0
0.2
0.2
1.1
0
0
5.9
0
0
0
0
0
0
0
0
0
0
0
0
0
0
0
0
0
0
0
4.5
3.4
0
0
9.3
3
0
0
0
0
0
0
0
0
16.7
0.1
8.9
0
0.1
0
0
0
0
-99
0
0
0
-99
0
0
0
0
0
-99
-99
-99
0
-99
-99
0
0
0
0
-99
0
0
-99
0
0
0
-99
0
0
0
0
0
-99
-99
-99
0
0
0
0
0
0
-99
0
0
0
0
0
0
0
-99
-99
-99
-99
0
-99
0
-99
0
0
-99
-99
-99
-99
0
-99
0
-99
-99
0
0
-99
0
0
0
-99
-99
-99
-99
-99
-99
-99
0
0
0
0
-99
-99
-99
-99
0
0
-99
0
0
0
-99
-99
-99
0
0
-99
0
0
0
0
0
0
0
0
-99
-99
0
-99
0
0
-99
-99
0
0
-99
0
0
-99
-99
0
0
0
-99
-99
0
0
0
0
-99
-99
0
0
0
0
0
0
0
0
0
-99
0
0
0
0
0
0
-99
-99
0
0
0
0
0
0
0
-99
0
0
0
0
0
0
0
0
0
0
0
-99
-99
0
-99
0
0
0
-99
0.9
2.9
0.1
0
1.4
0
0
0
0
0
0
0
0
0
0.3
0.1
0
0
0
0
0
0
0
0
0
13.5
14.7
0
0
2.3
0
0
1.1
0
0
0
0
0
0
0
15.3
0
0
0
0
0
0
0.9
0
0
0
0
0
0
0
0
0
0
0
1.4
0
0
0
0.2
6.3
0.1
0
0
0
0.1
0
0
0
0
0
0
0
0
0
0
0
0
0
0
0
0.2
0.2
0
2.4
0
0
0.2
0
0
0
0
0
0
2.9
0
0
0
0
0
0
0
0
0
0
0
0
5.6
0
3.8
0.1
0
0
0
0
0
0
0
0.1
0
0
0
0
0
0
0
11
0.1
0
0
0
0
0
0
0
0
0
0
0
0
0
0
0
0
0
0
0
1
5
0.1
0
0
0.8
0
0
0
0
2.5
0
0
0
0
2.8
14
0.1
0
3.3
0
0
0
0.9
0
0
2.5
0
0
0
0
1.2
0
0
0
0
0
0
0
0
0
0
0
0
0
0
0
0
0
15.3
48.6
0.1
0
0
0.2
0
0
0
0
0
0
0
0
0
0
0.1
3.4
0.1
0
0
0
0
0
0
0
0
0
0
0
0
0
0
0
0
0
0
0
0
0
0
0
0
0.1
0
0
0
0
0
0
0
0
0.1
0
2.8
0
0.1
0.1
0.9
0
0
0
0
0
0
0
0
0
0
0
2.1
0
0.4
0
0.1
0
0
0
0
0
0.2
9.7
0
0
0
0
0
1.9
0.2
0
0
0
0
0
0
0
0
0
0
0.1
56.2
0
0
0
0
0
3
0
0
20.3
37.2
2.6
0
0
0.1
0
0
8.4
3.4
0
0
0
0
0
0
0
0
0
0
0
0
0
0.9
30.7
6.1
3.9
0.3
0
6.7
0
0
0
0
0.5
0
0
0.1
0.2
1.8
0
1.1
0
1
13.7
0
0
0
33.9
3.6
0.1
0
0
0
0
0
0
0
0
0
0
1.3
0
14.4
1.5
5.1
32.3
0
10.6
10.2
0.1
0
0
0
0
0
0
0
0
0
0
0
1
0
14.2
0
3
0
0
0.1
0.5
6.2
0.2
11.2
0
0
0
13.2
2.1
0
0
0
0
0
12.7
1.8
0.5
14
0
0
0.8
0.2
0
8.1
9
60.4
0
0
0
5.8
0
14
11.1
11.6
0
0
0
0
1.5
0
0
0
0
0
0
0
0
0
0
0
0
0
0
0
12.4
0.1
0
0
6.3
0
0
0
0
0
0
9.8
0.3
0
0.3
0
0
0
11.8
0
0
0
0
0
0
0
1.7
0
0
0
0
0
0
0
0
0
0
0
0
0
0
0
18.2
0
0
0
0.3
0
0
0
1.6
0
0
0
0
0
1.3
0
0
0
0
0
1.5
0
3.2
0
0
0
0
0
0.2
0
0
0
0
0
10.2
0
0
0
0.1
0
16.2
0
0
0
0
0
0
0
0
0
0
0
0
0
0
0
0
0
0.4
0
0
6.5
0.4
0
0
0
46.2
4.8
0
1.4
0.4
0.2
2.1
0
0
0
0
0
1.7
9.7
19
0
3.7
42.6
2.6
0
0.1
0
16.8
0
0
0
19.3
0.1
0
0
0
0
54.4
0
0.8
1.8
5.5
4.7
0.1
0
4.7
0.1
0.1
0.1
0
0
0
0.4
0
0
0
0.1
0
0
0
0
0.1
0
0
0
2
0.1
0.1
0.1
0
0
0
0
0.1
0
0
0.1
0
0.1
0
0
0
0
0.1
0
0.2
0.1
0.1
0.2
0
0
0
0
0.1
0
0
0
0
0
0.1
0
0
0
9.5
0
0.3
0.1
0
0
0
0
0
0
0
0
0.8
0
0
0
0
0
0
0
0
0
0
0
0
0
0
0
0
0
0
0
0
0
0
0
0
0
0
0
0
0
0
0
0
2.1
0
0
0
0
0
0
0
0
0
0
0
0
0
0
0
0
0
0
0
0
0
0
0
0
0
0
0
1.3
0
31
4.5
3.3
0
1
2.4
0.2
0
0
0
1.5
0
0
0
0
6.1
0
0.1
3.8
0
4.5
0.1
0
0
0
0
0
0
16
0
0
0
0
0
0
0
0
0
0
0
0
1
13.2
2
0.7
0
0
0
0
20.3
0.6
0.9
0
0
0
0
0
0
0
0
0
0
0
0
0
0
0
13.5
0
0
0
0
0
0
0
0
0
0
0
0
0
0
0
0
0
0
0
0
0
0
0
0
0
2.6
3.5
1.6
0
0
0
0
7.7
0
0
21.3
0
0
0
0
0
0
0
0
0
15.8
0
0
0
0
0
0
0
0
0
0
0.1
0.1
0
0
0
4.3
0
0
0
0
0
0
0
0.2
0
0
0
0
0
0
10.3
0
0
0
3.7
0.6
0
0
0
0
0
0
0
2.6
1.1
0.2
0
0.2
0
0
0
0
0.1
0.1
0
7.4
0.1
0
0
0
0
0
0
0
0
0
0
0
0
0
0
0
0
0
0
0
0
0
11.5
0
0
0
0
0
2.5
0
104.1
10.2
0
0
0
0
0
0
0
0
0
0
1.2
0
0
0
0
0
0
1.3
0
0
0
3.9
0.1
0
0
0
0.1
0
0
11.3
0.2
0
0
0
0
0
0
0
0.7
0.1
0
62.8
7.3
0
0
0
0
-99
0
0
0
0
0
0
0.1
0
0.2
13.3
1.5
0
0
0
0
0.1
0
0.1
0
0
0
0
0
0
0
0
0.1
0.1
0.1
0
11.8
0
0.2
0.1
0.1
0.1
0.1
0
0.1
0.4
0
73.2
18
30
0
0.2
0
0.1
0
0
0
0
0
0
0
0
0
0.1
0
0
0
0
0
0.1
0
0
0
0
0
0
0
0
0
0
0
0
0
0
0
0
0
0
6
0
0
0
0.7
0
0
0
0
0
0
0
0
0
40.6
0.1
0
0
0
0
0
7.4
0
0.1
0.2
0.1
0
0
1
2.3
7.3
0
0
0
0
0
0
0
0
0
0
0
22.5
0.1
0
0
0
6.7
24.4
1.2
20.2
0.1
0
0
0
0
0.3
0.1
0
0
0
0
0
0
0
0
0
0
0
22.9
0.1
0.2
0.1
24.4
0
7.4
0
0
0
0
0
0
0
0
0
0
0
0
15.4
0.1
0
3.3
0.4
4.8
0.1
0
0.4
25.9
0.7
5
0.1
1.4
3.5
0
0
0.3
12.7
0
8.2
0
0
0
0
0
0
0
0
0
0
0
0
0
0.9
8.5
0
0
0
0
0
0
0
0
0
35.8
0
0
0
0
0
0
0
0
0
0
0.6
0
0
0
0
0
0
0
0
0
2.3
0
0
0
0
0
0
0
0
0
49.9
0
0
0.1
0
0
0
0
0
0
0
0
0
0
0
6.2
18.3
0
0
0
0
0
0
0
0
5.5
0.1
4.6
2.2
0
0
0
0
0
0
0
4.1
0.6
0
0.2
0
0
0
0
0
0
0
0
0
0
3.4
0
0
0
0
0
0
0
0.1
0
0
0
0.9
0
0
0
0
0
0
0
0.8
1
0
0
0
0
0
0
0
0
0
0
6.1
16.9
0
0.1
39.4
0
0.1
0
0
0
0
0.1
0
0
0
0
0
0
0.1
0
0
0.1
0.3
1.6
4.1
4.8
0.1
0.1
0
0
0
0
0.1
0
2.6
0.2
0
0
2.7
0
0
0
0
0
2.5
0.8
0.1
0.2
0.1
0
0
0
0
0
0
0
0
0
0
0
0
0
0
0
0
0
0
10.5
4.2
0.5
0
0
0
0
0.1
0
0
0
0.1
0.1
2.4
0.2
0
0
0
0
0
0
0
0
1.3
0
0
0
0
0.2
0
1.5
0.3
0.1
0
0.4
0.2
2.2
0
0
0
0
0
0
0
15.3
0.1
0
0
0
0
0
0
0
0
0
0
0
0
8.3
0
0
0
0
0
0
-99
-99
-99
-99
-99
-99
-99
-99
-99
-99
-99
-99
-99
-99
-99
-99
-99
-99
-99
-99
-99
-99
-99
-99
-99
-99
-99
-99
-99
-99
-99
-99
-99
-99
-99
-99
-99
-99
-99
-99
-99
-99
-99
-99
-99
-99
-99
-99
-99
-99
-99
-99
-99
-99
-99
-99
-99
-99
-99
-99
-99
-99
-99
-99
-99
-99
-99
-99
-99
-99
-99
-99
-99
-99
-99
-99
-99
-99
-99
-99
-99
-99
-99
-99
-99
-99
-99
-99
-99
-99
-99
-99
-99
-99
-99
-99
-99
-99
-99
-99
-99
-99
-99
-99
-99
-99
-99
-99
-99
-99
-99
-99
-99
-99
-99
-99
-99
-99
-99
-99
-99
-99
-99
-99
-99
-99
-99
-99
-99
-99
-99
-99
-99
-99
-99
-99
-99
-99
-99
-99
-99
-99
-99
-99
-99
-99
-99
-99
-99
-99
-99
-99
-99
-99
-99
-99
-99
-99
-99
-99
-99
-99
-99
-99
-99
-99
-99
-99
-99
-99
-99
-99
-99
-99
-99
-99
-99
-99
-99
-99
-99
-99
-99
-99
-99
-99
-99
-99
-99
-99
-99
-99
-99
-99
-99
-99
-99
-99
-99
-99
-99
-99
-99
-99
-99
-99
-99
-99
-99
-99
-99
-99
-99
-99
-99
-99
-99
-99
-99
-99
-99
-99
-99
-99
-99
-99
-99
-99
-99
-99
-99
-99
-99
-99
-99
-99
-99
-99
-99
-99
-99
-99
-99
-99
-99
-99
-99
-99
-99
-99
-99
-99
-99
-99
-99
-99
-99
-99
-99
-99
-99
-99
-99
-99
-99
-99
-99
-99
-99
-99
-99
-99
-99
-99
-99
-99
-99
-99
-99
-99
-99
-99
-99
-99
-99
-99
-99
-99
-99
-99
-99
-99
-99
-99
-99
-99
-99
-99
-99
-99
-99
-99
-99
-99
-99
-99
-99
-99
-99
-99
-99
-99
-99
-99
-99
-99
-99
-99
-99
-99
-99
-99
-99
-99
-99
-99
-99
-99
-99
-99
-99
-99
-99
-99
-99
-99
-99
-99
-99
-99
-99
-99
-99
-99
-99
-99
-99
-99
-99
-99
-99
-99
-99
-99
-99
-99
-99
-99
-99
-99
-99
-99
-99
-99
-99
-99
-99
-99
-99
-99
-99
-99
-99
-99
-99
-99
-99
-99
-99
-99
-99
-99
-99
-99
-99
-99
-99
-99
-99
-99
-99
-99
-99
-99
-99
-99
-99
-99
-99
-99
-99
-99
-99
-99
-99
-99
-99
-99
-99
-99
-99
-99
-99
-99
-99
-99
-99
-99
-99
-99
-99
-99
-99
-99
-99
-99
-99
-99
-99
-99
-99
-99
-99
-99
-99
-99
-99
-99
-99
-99
-99
-99
-99
-99
-99
-99
-99
-99
-99
-99
-99
-99
-99
-99
-99
-99
-99
-99
-99
-99
-99
-99
-99
-99
-99
-99
-99
-99
-99
-99
-99
-99
-99
-99
-99
-99
-99
-99
-99
-99
-99
-99
-99
-99
-99
-99
-99
-99
-99
-99
-99
-99
-99
-99
-99
-99
-99
-99
-99
-99
-99
-99
-99
-99
-99
-99
-99
-99
-99
-99
-99
-99
-99
-99
-99
-99
-99
-99
-99
-99
-99
-99
-99
-99
-99
-99
-99
-99
-99
-99
-99
-99
-99
-99
-99
-99
-99
-99
-99
-99
-99
-99
-99
-99
-99
-99
-99
-99
-99
-99
-99
-99
-99
-99
-99
-99
-99
-99
-99
-99
-99
-99
-99
-99
-99
-99
-99
-99
-99
-99
-99
-99
-99
-99
-99
-99
-99
-99
-99
-99
-99
-99
-99
-99
-99
-99
-99
-99
-99
-99
-99
-99
-99
-99
-99
-99
-99
-99
-99
-99
-99
-99
-99
-99
-99
-99
-99
-99
-99
-99
-99
-99
-99
-99
-99
-99
-99
-99
-99
-99
-99
-99
-99
-99
-99
-99
-99
-99
-99
-99
-99
-99
-99
-99
-99
-99
-99
-99
-99
-99
-99
-99
-99
-99
-99
-99
-99
-99
-99
-99
-99
-99
-99
-99
-99
-99
-99
