20000101
-99
-99
-99
-99
-99
-99
-99
-99
-99
-99
-99
-99
-99
-99
-99
-99
-99
-99
-99
-99
-99
-99
-99
-99
-99
-99
-99
-99
-99
-99
-99
-99
-99
-99
-99
-99
-99
-99
-99
-99
-99
-99
-99
-99
-99
-99
-99
-99
-99
-99
-99
-99
-99
-99
-99
-99
-99
-99
-99
-99
-99
-99
-99
-99
-99
-99
-99
-99
-99
-99
-99
-99
-99
-99
-99
-99
-99
-99
-99
-99
-99
-99
-99
-99
-99
-99
-99
-99
-99
-99
-99
-99
-99
-99
-99
-99
-99
-99
-99
-99
-99
-99
-99
-99
-99
-99
-99
-99
-99
-99
-99
-99
-99
-99
-99
-99
-99
-99
-99
-99
-99
-99
-99
-99
-99
-99
-99
-99
-99
-99
-99
-99
-99
-99
-99
-99
-99
-99
-99
-99
-99
-99
-99
-99
-99
-99
-99
-99
-99
-99
-99
-99
-99
-99
-99
-99
-99
-99
-99
-99
-99
-99
-99
-99
-99
-99
-99
-99
-99
-99
-99
-99
-99
-99
-99
-99
-99
-99
-99
-99
-99
-99
-99
-99
-99
-99
-99
-99
-99
-99
-99
-99
-99
-99
-99
-99
-99
-99
-99
-99
-99
-99
-99
-99
-99
-99
-99
-99
-99
-99
-99
-99
-99
-99
-99
-99
-99
-99
-99
-99
-99
-99
-99
-99
-99
-99
-99
-99
-99
-99
-99
-99
-99
-99
-99
-99
-99
-99
-99
-99
-99
-99
-99
-99
-99
-99
-99
-99
-99
-99
-99
-99
-99
-99
-99
-99
-99
-99
-99
-99
-99
-99
-99
-99
-99
-99
-99
-99
-99
-99
-99
-99
-99
-99
-99
-99
-99
-99
-99
-99
-99
-99
-99
-99
-99
-99
-99
-99
-99
-99
-99
-99
-99
-99
-99
-99
-99
-99
-99
-99
-99
-99
-99
-99
-99
-99
-99
-99
-99
-99
-99
-99
-99
-99
-99
-99
-99
-99
-99
-99
-99
-99
-99
-99
-99
-99
-99
-99
-99
-99
-99
-99
-99
-99
-99
-99
-99
-99
-99
-99
-99
-99
-99
-99
-99
-99
-99
-99
-99
-99
-99
-99
-99
-99
-99
-99
-99
-99
-99
-99
-99
-99
-99
-99
-99
-99
-99
-99
-99
-99
-99
-99
-99
-99
-99
-99
-99
-99
-99
-99
-99
-99
-99
-99
-99
-99
-99
-99
-99
-99
-99
-99
-99
-99
-99
-99
-99
-99
-99
-99
-99
-99
-99
-99
-99
-99
-99
-99
-99
-99
-99
-99
-99
-99
-99
-99
-99
-99
-99
-99
-99
-99
-99
-99
-99
-99
-99
-99
-99
-99
-99
-99
-99
-99
-99
-99
-99
-99
-99
-99
-99
-99
-99
-99
-99
-99
-99
-99
-99
-99
-99
-99
-99
-99
-99
-99
-99
-99
-99
-99
-99
-99
-99
-99
-99
-99
-99
-99
-99
-99
-99
-99
-99
-99
-99
-99
-99
-99
-99
-99
-99
-99
-99
-99
-99
-99
-99
-99
-99
-99
-99
-99
-99
-99
-99
0
0
0
0
0
-99
-99
1.2
7
0
0
0
0
0
0.2
0
0
0
0
0
0
0
0
0
0
0
0
0
0
0
0
3.2
0
0
0
0
0
0
0.8
0
2.6
0
0
0
0
0
0
0
0
0
0
0
0
0
0.6
0
0
0
0
0
0
0
0
0
0
0
22.6
0
0
0
20.2
0
0
0
0
0
0
0
0
0
0
0
0
0
0
0
0
0
0
0
0
0
0
0
0
0
0
0
0
0
0
0
0
0
0
0
0
0
0
0
0
0
6.6
0
0
0
0.6
0
0
0
0
0
0
0.2
0
0
0
0
0
0
4.4
0
1.8
0
0
70.4
0
0
1.8
0.2
0
5.6
0.2
0
0
0
0
10.4
0
0
0
0
0.6
0.2
0
0
0.6
0.2
0
0
0
4
0
1.2
0
0
0
0
0
0
0
0
0
0
0
0
0
0
0
2.4
0
0
0
0
0
8
0
0
0
49.4
6.8
-99
0
0
0
0
0
0
0
0
0
0
0
0
0
0
0
0
0
0
0
0
0
0
0
0
0
0
4.4
1.8
0
0
0
0
0
0
0
0
0
0
0
0
0
0
0
0
0
3.4
6.4
6.4
0
0
0
0
0
0
0
0
1.8
0
0.2
0
0
0
0
0
0
0.6
1
0.2
0
0
0
0
0
0
0
0
0
0
0
1
3.6
0
0
0
0
0
0
0
11.2
1.8
5.6
6.6
0
0
0
0
0
0
0
0
0
0
0
0
7.2
0
3.6
2.6
0
0
0
0
0
0
0
0.6
1.4
0
0
0
0
0
0
0
0
0
0
0
0
0
0
6.6
0.2
0
0
2.6
60
0.2
0
0.6
20.6
0.2
6
13.2
3
6
0.6
0
0.2
3
0
0
0
0
0
0
0
0
0
0
0
0
0
0
0
2.4
0
2.2
0.4
1.4
34.8
30.2
3
2.2
4.8
0
0
0
0
0
0
1
0
0
0
0
5
0
0
4
30
0
0
0
0
0
0
0
2.2
34.2
10.6
0
11
0
0
0
0
0
0
0
0
0
0
0
0
0
0
0
0
0
0
0
0
3.2
0
0
0
0
0
0
0
0
0
0
0
0
2.6
3.6
0.8
0.2
0
0
0
0
0
0
0
0
0
0
0
0
0
0
2
1.2
12.4
0
0
0
0
22
0
10.8
5.2
0.4
0
0
0
0
0
0
0
0
3.2
0
0
0
0
3.4
7
9
2.2
0
0
0
13.2
0
1.6
1.2
0
8
0.2
0
0
0
0
0
8.6
2.4
0
0
0
0.4
0
0
0
1
0.4
0
0
0
0
0
0
0
2
0
0
0
0
0
0
0
0.6
62.8
15
2.2
0
0
0
0
0
0.4
0
0
0
0
0
9.8
0.2
0
0
0
0
0
0
0
0
0
0
0
0
0.8
4.8
0
0
0
0
0
0
31.2
1.2
0
2.2
0
0
16.4
0.4
0
0.4
28.4
1.2
0
0
0
4
0
0
0.4
0
0
0
0
0
0
0
30.4
2.6
0
0
0
0
0
0
0
0
0
0
0
0
0
0.2
0
0.2
0
0
4.2
3.4
0
0
0
0
6
90.4
0
6.2
0.2
0.2
0
0
0
0
0
0
0
0
4.8
0
0.2
0
0
0
0
0
0
0
0
0
0
0
0
0
0.6
0
0
0
0
0
1.2
0
0
0
0
0
0
0
0
13.8
24.6
4.4
0.2
0.6
0
5.4
19
8.2
0.2
0
0
0
0
0
6.4
0
0
0
0
0
0
0
0
0.4
0
0
0
0
0
0
0
0
0
0
0
0
9.6
0.4
42.4
5.8
0
12
0
0
0
0
0
7.4
19.8
22.8
0
0
0
0
0
0
0
0
0
0.2
0
0
0
0
0
0.4
0
0
0
0
0
0
0
0
0
0.5
8.1
0
0
0
0
0
0
0
0
0.2
2.2
0
3.6
0
0
0
0
0
3.8
13.6
0
0
0
0
0
0
0
0
0
4
0.2
0
0
0
0
0
0
0
0
0.8
0
0
0
0
0
0
0
0
0
0
0
0.8
0
0
0
0
0
0
0
0
0
0
0
0.2
0
0
0
0
0
0
0
0
0
0
0
0
0
0
0
0
0
3
0
0
0
0
0
0
0
0
0
0
0
0
0
0
0
0
0
0
0
0
23.2
0
0
0
0
0
0
0
0.6
0
0
0
0
0
12
5.6
2
0
0.8
4
0
8.8
0.2
0
0
0
0
0
0
0
0
0
0
0
0
0
45.6
2.2
0
0
0
20.2
10.4
3.6
11.6
0
0
0
41
4.4
0
0
0
0
0
0
0
1.4
0
3
58.4
77.4
23.6
3.8
0
0
8.4
0.2
0.8
0
8.8
1.7
2.9
0
0
3.4
0
0
0
0
0
0
0
0
0.2
0
0
0
0.2
0
0.8
1
0
0
0
0.8
0.8
0.8
4.4
3.4
0
0
5.4
0
0
0
11
21
32
17.2
7.2
0
6
0.6
0
0.4
0
0
0
0
0
0
0
1.6
0.8
0
0.6
18.2
0
0
0
0
0
4.2
0
0
0
0
0
0
0
0
0
0
0
0
0
0
0
0
0
0
0
0
0
0
0.4
0
0
0
1.6
0
0.8
10.2
0
0
0
0
0
0
0
0
0
0
0
0
0
0
0
0
0
0
0
1.2
0
1.4
0.4
29.8
6.2
0
0.8
0
3.4
27.6
0
0
0
0
0
0
0
0
6.8
0
0
0
0
0
0
0.8
0
0
0
0
0
0
0
0
7.2
0.2
0
0
0.4
1.8
0
44.8
8.6
0.6
0
3
0
0
0
0
3.4
4.2
0
0
0
0
0
5.6
0.2
82.6
1.8
6
1.6
0
0
0.4
0
0
0
0
0
11
49.4
0
0
0
20.6
2.4
15.8
1.4
2.6
0
0
3.2
13.6
3.2
0.2
0
0
0
0
0
0
0
0
0
0
0
0
0
0
0
0
0.4
0
0
0
0
0
0
0
0
0
0
0
0
1.6
0
3.6
0.8
1.6
0
0
7.8
5
0.6
0
0
0
0
0
0
0
0
0
0
0
0
0
0
0.2
3.4
0
0
10.8
4.8
0
6.2
0
0
0
0
0
0
0
0
0
0
0
0
0
0
0
0
0
0
0
0
0
0.8
0
0
0
0
0
0
0
0
0
0
0
0
0
0
0
0
0
0
0
0
0
0
0
0
2.4
0
0
0
7
21.8
0
0
0
0
0
0
0
1
0.2
0
17.4
0.2
0
0
0
0
0
0
0
0
0
0
0
0
0
0
0
0
0
0
0
0
0
0
0
0
0
0
0
0
0
0
0
0
0
0
0
0
0
0
0
0.6
45.4
0.7
1.1
0
4.6
11
2
0.2
0
0
0
0
0
0
1.4
0
0
0
0
0
0
0
0
0
0
0
0
0
0
0
0
0
0
0
4.6
0
2.2
0
0
26.4
0
0
15.8
17.6
4.4
0
0
0
0
0
1.4
0
0
0
0
0
0
0
0
0
7.4
0
0
0
0
0
0
0
0
0
0
0
0
0
0
0
0
0
0
0
0
0
0
0
0.4
0
0
0
0
0
0
0
0
0
0
2
0
0
0
0
0
0
0
15
33.8
46.2
0.2
0
0
0
4.2
0
0
0
0
0
0
5.6
0
0
0
0
0
0
0
0
0
0
4.2
0
0.2
0.6
0
0
0
0
0
0
0
0
0
0
0
0
0
0
0
0
0
1.6
0
0
2
0
3
3.4
0
0
0
0
0
0
0
0
3.9
2.1
0
0
0
0
0
5.6
1.6
0
0.2
0
0
0
0
0
1
0
0
0
0
0
0
0
1.6
0
2.2
1.4
0.2
0
0
0
0.6
0
0
0
0.4
0
5.4
40.8
0.2
0
0
0
0.6
0.2
0
0
0
0
0
0
0
0
0
0
0
0
0
0.2
0
0
0
0
0.4
0
0
5
0.2
0
0
0
0
0
0
0
0
0
0
0
0
0
0
0
0
0
0
0
0
0
0
0.9
6.5
1.4
0
0
0
0
0
0
0
0
0
0
0
0
0
0
0
0
0
0
0
0
0
2.8
5
0
0
0
0
0
0
0.4
1.6
10.8
0
0
0
0
0
0
1.6
0.2
27.6
0.2
0
0
0
0
0
9
0
0
0
0
0
0
0
0
0.8
24.4
10.2
36.6
0
0
0
0
1.2
0
0
0
5.8
0
0
0
0
0
0
0
23
0.6
0
0
1.6
0
0
1.4
0
0
0.4
0
0
0
0
0
48.4
45.4
254.4
23.6
21.8
0.4
0.2
8.4
0
0
0
0
1
0
0
0
0
0
0
0
0
0.4
0
0
4.2
0.4
0
0
0
17.2
0.4
0.4
6
24.4
21.8
0
9.4
0
0
0
0
0
0.4
0
0
7.8
1.4
0
0
0
0
0
6.8
0
0
0
0
0
0
0
0
0
0
0
0
0
0
0
0
0
0
0
0
0
0
0
0
0.4
0
0
0
0
0
0
0
0
5
30.4
15
0.8
22.4
1
0
0
1.8
0.6
2.2
1.8
0
0
0
0
0
0
0
0
0
5.6
27.6
25.6
17
16.4
0.4
0
0
0
0
0
0.4
0
0
0
0
0
0
0
0
0
0
0
0
3
0
4.4
0.4
0
0
0
3.6
0
0
0
0
0
0
6.6
0
0
0
0
0.4
0.4
0
0
0
0
0
0
0.4
3.4
0
0
9.6
0.4
0
0
0
0
0
0
0
0
0
0
0
0
0
0
0
0
0
0
0
0
0
0
0
0
0
0
0
0
0
0
0
0
0
0
0
0
0
0
0
0
0
0
0
0
0
0.6
0
6.4
0
0
0
0
0
0
0
0
0
0
0
0
0
0
0
0
0
0
0
0
0
0
0
0
0
0
0
0
0
0
0
0
0
0
0
0
0
0
0
0
0
0
0
0
0
0
0
0
0
0
0
0
0
0
0
0
0.4
0
0
0
0
0
0
0
0
0
0
0
0
0
0
0
0
0
0
0
0
0
0
0
0
0
0
0.4
4
0
0
0
0
1.8
0
0
1.2
16
1.8
0
10.8
0
0
0
0
0
0
0
0
0.4
3.2
0
0
0
0
0
0
0
0
0
0
0
0
0
0
0
0
0
16.4
43.2
40.8
0
1
0
0
0
0
0
0
6
74.4
0.4
0
0
0
0
0
0
0
0
0.4
0.4
0
0
0
0
0
44
19.4
0
0
0
0
0.6
8.4
0.6
0
0
0
0
0
0
0
0
0
0
0
0
0
0
0
0
0
0
0
0
0
0
0.2
0
0
0
0
0
0.4
0
0
0
0
0
0
0
0
0
0
0
0
0
0
0
0
0
0.4
11.2
0
8.6
0.4
0
0
0
0
0
15.6
1.4
0
0.4
0
0
0
4.4
0
0
0
0
0
0
0.2
0
0
0
0
0
0
0
0
0
0
0
0
0
0
0
0
0
0
0
0
0
0
0
0.8
0
0
0
0
0
0
0
0
2.1
0
0
0
0
0.2
0.4
0
1.7
0.1
0.1
0
1.9
0.1
0.3
0
0
19.9
6.7
0.1
0.1
0
0
0
0
5.5
0.1
0
0
0
0
0
0
0
0
-99
-99
-99
-99
-99
-99
-99
0
0.1
0
0
0
2.6
0
0
0
0
0
0
0.3
0
4.2
1.2
0
2
0
9.7
20.1
6.4
0.2
0
-99
-99
0.9
1.6
1.8
8.2
30.5
2.4
0
0
0
0
0
0
0
0
0
0
0
0
0
0
0
0
18.8
0
5.2
0.4
0
0
0
0
0
0
0
0
0
15.6
0
0
0
0
0
0
0
0
0
0
0
24
2.2
0
0
0
0
0
0
0
0
0
0
0
0
0
0
0
0
0
0
0
0
0
0
0
0
0
0
0
0
0
0
0
0
0
0
0
0
0
0
0
0
0
0
0
0
1
0
0
0
0
0
0
0
1
0
0
0
0
0
0
0
0
0
0
0
0
0
0
0
0
0
0.4
0.4
3.4
0
0
0
5.6
2.1
0
0
0
0
0
29.8
0
17.6
0
0
0
0
0
0
0
0
1
0
0
0
0
0.6
0
0
0
0
0
0
0
0
0
3
0.2
0
0
4.8
0
0
0
13.2
0
0
0
14.8
0.8
0.8
0
0
0
0
0.4
5.4
57
0
0
1.2
0.2
36.2
0.2
0
0
0
0
3.4
0.2
0
0
0
0
0
0
0
0
13.6
3.2
0
0
0
0.4
0
0
0
0
0
0
0
0
0
0
0
0
0
0
0
0
0
0
0
0
0.2
15.6
1.2
0
0
0
0
0
0
0
0
0
0
0
0
0
0
0
0
0
0
0
0
0
25.2
0.3
0
-99
0
0
0
-99
6.4
0
0
0
-99
0
-99
0
-99
0
0.4
5.6
1.4
1.6
0
0
0
0
0
0.2
0
0
0
0
16.4
0
0
0
0
0
0
0
0
0
0
0
0
0
0
0
0
0
0
3
0.4
0
0
0
0
0
0
0
0
0
0
0
4
12.8
3.6
8
0
0
0
0
0.6
0
0
0
0
0
0
0
10.8
0
0
0
0
35.6
0.4
0
0
0
0
0
0
0
2.1
2.2
0.8
0
45.6
2.4
0.2
0
6
0.4
0
0
12.2
6.7
0
0
0
0
0
0
20.6
0
0
0
0.6
0.6
0
54.6
0
0
19.8
7.2
0
1.6
21.2
0.4
0.2
0.4
0
0
0
17
0.1
0
0
0
0
0
1.2
0.1
0
0
27.8
39.2
9
11.4
0
0
0
0.2
3
0
0
0
0
5.4
0
0
37
8
7
0
0
0
0
0
0
0
0
4.2
4.7
1.2
0
3.2
1.6
0
0
30.2
0.4
0
0
22.4
0
0
0
0
0
0
0
0
0
5.4
0
0
0
1.8
0
0
0
0
0
0
10
0
0
0
0
0
0
0
0
0
0
0
0
0
0
0
0
0
0
0
0
0
0
0
0
0
0
0
0
0
0
0
0
0
0
0
0
0
0
0
0
0
0
0
0
0
0
0
6.6
0
0
0
0
0
0
0
0
0
0
0
0
0
0
0
0
1
2.4
0
0
0
0.4
0
0
0
0
0
0
0
0
0
0
0
0
0
0
0
0
0.2
0
0
0
0
2.6
0.1
0
0
0
0
0
0
1
0.1
4.8
0.8
0
0
0.3
0
0
0
0
0
14.4
1.1
0
7.2
11.9
40.5
0
0
0.1
0.6
0.1
0
0
0.1
0
5.1
0
0
0
0
0
0
0
0
0
0
1.6
11.9
0.3
0
0
0
3.9
0
0
0
0
0
0
0
0
0
17.6
1
0
0
7.9
8.4
4.1
3.8
0
0
0
0
0
0
0.1
0.1
0.1
28.5
3.7
1.1
11.2
0.1
0.1
0
0
0
0
0
1.6
0
0
9.4
16.8
0.1
0
0
0
0
0
0
0
0.8
1.2
0
0.2
1
0
0.9
2.4
0
0
0
0.2
26
18.9
7.6
31.2
0
7
0.1
4
0.1
0
4.8
0
0
0
0
0
0
0
0
0
0
0
0
0
0
0
0
0
0.4
0.8
0
0
7.4
0.1
0
0
0
0
0.1
0
0
0
0
0
0
0
0
0
0
0
0
0
0
0
0
0
2.2
3.8
0.1
25.5
1.5
3.3
0.7
0
0
0
9.9
1
0
0.1
0.6
3.3
0
0
0.1
0.2
2
0.1
0
3.7
1.3
0
0
0
0
0
0.4
0.5
0.1
4.7
2.5
0
0
2.2
0
0
0
0
0
0
1.9
0
0
18.8
0
0
0
0
0
0
0
0
0
0
0
0.7
0
0
0
0
1.2
0.1
0
0
0
0
0
0
0
0
0
0
0
0
0
0
0
0
0
4.2
0
0
0
0
0
0.2
0
0
0
0
0
0.4
0
0
0
0
0
1
0
0
0
0
0
0
0
0
0
0.1
0
0
0
0
0.7
0
0
0
0
0
0
0
0
0
0
0.6
0
0
0
0
0
0
0
0
0
0
0
0
0
0
0
0
0
0
0
0
0
0
0
0
0
0
0
0
0
0
0
0
1.8
0
0
0
0
0
0
0
0
0.1
16.4
1.2
0
4.9
2
0
4.9
0
0
0
0
0
0
0
0
0
0
0
0
0
0
0
0
0
0
6.3
1.6
0.1
0
0
0
0
0
0
0
0
6.7
16.3
38.9
0
0
0
0
0.1
0
0
0.1
0
0
0.7
0
5.4
4.1
0.1
1.3
0
0
0
0
0
0
0
0
0
0.1
0.1
0
0
0.1
0
0
0
0
0
0
0
6.8
0.8
0
0
0
0
0
0
0
0
0.1
0
0
0
0
0
0
0
0.2
0
0
0
1.2
7.5
3.4
2.6
0.1
1.4
0.1
0
0
0
0
0
0
0
5
10.5
0
31.4
2.2
0.3
0
0
5.2
0
14.4
0
0.4
0
0
0
1.9
0.6
0
0
0.5
0
0
0
0
0
0
0
0.3
0
0
10.5
2.9
0.2
0
31.7
37.3
0
0
0
0
0
3.7
24.4
0.1
12.4
16.3
0
0.2
0
0
0
0
0
0
0
0
1.3
26.3
0.2
1.8
0
0.3
58.7
12.3
0
1.3
0
0
0
0
0
0
0
0
0
5.3
6.3
0.1
0
0
0
0
0
0
1.3
3.1
0
0
0
4.5
0.1
0
0.7
0
0
0
0
9.7
0
0
0
0
0
0
0
0
0
1.4
0.7
0
0
0
0
0
0
0
0.2
3
49.5
37.3
5.7
7.8
0.1
1.3
0.4
0
0
3.8
11.6
2.7
1.6
0.1
0
0
0
0
0
0
0
0
0
0
0
0
0
0
0
0
0
0
0
0
0.1
0
0
0.1
0
3.5
0.1
0
0.2
0.1
0
0
2.1
11.2
0.5
0
0
0
0
0
0
0
0
0
0
0
0
0
2.8
0
0
0
0
0.2
0.5
0
0
0
0
0
0
0
0
0
0.1
0
0
0
0
0
0
0
0
8.8
0
0
0
8.7
0.1
0
0
0.1
0
0
16.8
0
0
2.6
0
0.2
0
0
0
0
4.2
0.8
0
0
0
0
0
0
0
0
0
0
0
0
0
0
0
0
0
16.6
0.1
0.5
0
0
0.9
0
0
0
4.1
81.2
0.1
0
2.2
60
0.1
5.1
38.8
0.1
0
0
0
0
0
0
0
0
0.1
0
0
0
0
0
27.2
1.4
54.4
13.9
0.2
0
0
0
0
0
0
0
0
0
0
0
0
0
0
0
0
9.2
2.2
0
0
0
0
0.1
3.9
0.1
0
4.2
0
0
0
0
10.6
0
0.3
0.5
0.1
0.8
0.1
0
0
0
0
0
2.5
0
7.8
10.5
0.1
0
0
0
0
0
0
0
0.2
0
0
0
0
0
0
0
0.2
6.6
1
0
2.7
6.4
12.3
3.9
0
0
0
0
0
0
1
0.1
0
0
0
0
0
0
0
0
0
0
0
0
0
0.1
0.1
0
0.1
0
0
0
0
0
0
0
0
3.2
13.9
45
2.8
0.9
0
0
0
0
0
0
0
0
0.1
0
0
0
0.1
1
0.3
0
0.9
0.1
0
1.1
0.2
0
0
0
0
0
0.7
0
0
3.1
2.8
10.5
0.3
0
0
0
0
0
0
39.3
1.5
15.2
10.1
7.2
0.1
0
0
0
0
0
0
0
0
0
0
0.2
1.6
0
0.2
0
0
0
0
0
0
0
0
0
0
0
0
0
0
0
0
0
0
0
0
0
4.7
0.4
0
0
0
0
9.2
0.1
0
0
4.9
7.7
0
0
0
0.4
0.1
0
0
0
0
0
10.5
0
0
0
0
0
0
0
0
0
0
0
0
0
0.5
0
0.5
3.3
0
0
0.5
7.1
0.1
0
21.8
0.5
0
4.3
0
0
1.2
0
0
0
0
0
0
0
0
0
0
0
0
0
0
0
0
0
0
0
0
0.5
0
0
0
0
0
0
0
3.5
2.2
0.2
0
0
12.1
0
13.3
0
0
0
0
0
0.2
44.9
0.5
1.4
0
0
0
0
0
0
0
0
0
0
0
0
0
0
0
0
0.1
0
0
0
0
0
0
0
0
0
0
0
2.9
0
0
0
0
0
0
0
0
0
0
0
0
0
0
0
0
0
0
0
0
0
0
19.7
0
0
0
0
0
4.2
0
0
0
0
0
0
0
0.1
0
0
0
0
0
0
0
0
0
0
0
0
0
0
0
0
24.1
0.8
0
1.3
37.4
63.7
0.2
0
13.2
28.6
0
0
0
0
0
0.1
37.5
20.8
47.6
2
0
0
0
0.1
0
0.5
2
42.1
6.4
0.1
0.1
9.8
0.1
53
3
0
0
0.1
0.2
0
0
0.6
0.1
0
0
0
0
0
0
0
0
0.1
0.1
0.1
0
0
0
0
0
0
0
0
0
0
0
0
0.1
0
0
0
0
0
0
0
0
7.3
0
0.1
0
0
0
0
0
0
0
0
0.2
0
0
5.5
7.8
0
0.1
0
0
0
0
0.1
0
0
0.1
3.2
0.3
0
0
1.1
2.8
0
0
0
0
0
0
0
0
0
0
0
0
0
0
0
0
0.8
0
0
0
0
0
0
0
0
0
0
0
0
5.1
0.1
0
0
0
0
0
0
0
0
0
0
0
0
0
0
0
1
8.3
30.3
0.1
0.1
0
0
0
0
0
0
0
0
0
9.7
13.6
0
0
0
0
0
1.8
0
0.9
0.1
8.5
0.4
0
0
5.2
1.4
0.1
0.4
0
0
2.3
0
0
0
7.5
0
0
0
0
0
0
0
1.5
0
0
0
0
0
0
10
0.2
0
0
0
0
0
30.7
4.6
1
0.1
0
0
0
0
2.4
0
0
0
0
0
3.4
0.8
0
0
0
0
0
1.1
0
1.9
0
0
0
0
0
0
0
0
0
0
0
0
0
0
0
0
0
0
3.5
0
0
0
11.5
0.1
0
0
0
0
0
0
0
0
0
0
0
0
0
0
0
0
0
0
0
0
0
0
0
0
0
0
0
0
0
0.1
0.4
0
0
0
0
0
0
0
0
0
0
0
0
0
0
0
0
0
0
0
0
0
0
0
7.1
0
0
0
0.4
0
0
0
0
0
0.3
0.1
0
24.4
0.1
0
0
0
0
6.8
8.6
0
0
0
0
0
0
0
0
0
31.7
0
0
0
0
0
0
0
0
0
0
0
7
0.9
0
0.2
0
0
0
0.6
1.4
3.4
15.3
0
0
0
10
8.4
4.6
0
0
25.7
48.4
0
0
0
0.1
0
1.4
0
0
0.8
0.1
0
0
0
0
0
0
1.2
28.2
0
0.1
0.1
0
0.1
0
0
9.3
13.6
6.9
0
0
0
0
0
0
0
0
0
0
0
0
0
0
2.6
0
0
0
0
0
0
0
0
0
0
0.1
0
0.4
0.1
0
0
0
0
1.3
0.1
0
0
0
0
0
0.1
0.1
0
0
0
0.8
0
0
0
0
0
1.3
0
0.3
0
0.1
0
0
0
1.7
1.2
0
0
0
0
6.6
0
0
0
0.1
0
0
0
0
0
0
0
0
0
0
0
0.4
0
0
3.8
6.1
0.7
0
0
0
0.7
13.8
28.2
0
0
0.5
39.1
5.4
0
0
0
0
0
10.2
0.5
0
0
0
0
1.3
0
5.2
0
0
0
0
0
1.3
0.5
0.3
0
6
0.1
21.5
3
0.1
0.7
3.1
2
0
0
0
0
0
0
0
0
0
0
0
0
3.3
0
0
0
0
0
18
0.2
18.2
3.3
3.8
0.4
0
0
0
0
0
0
0
0.3
0.4
0.3
0
0
0
0
0.2
1.4
2.7
7.6
0.8
0.1
0
0
0.4
8.8
11.4
0.1
0.5
6.9
11.1
0.2
0.5
0
0
0
0
0
0
0
14.8
5.2
0
0
0
0
0
0
0
0
0
0.3
0
0.6
0.1
0.5
0
0
0
0
0
0
0
0
0
0
0
0
0
0
0
0
0
0
0
0
0
0
0
0
0.1
0
0.2
0
0
0
0
0
0
0
0
3.2
0
0
0
0
0
0
0
0
0
6.5
0
0
0
0
0
0
0
0
0
0
0
0
0
0
0
0.2
0
0.1
14.7
5.4
0.1
0
0
0
0
0
0
0
0
2.5
2.3
0
10.8
2.4
0
0
0
2.1
0
0
0
0
0
0
0
0
0
0
0
0
0
7.7
0
0
0
0.8
12.4
0.5
3.8
0
0
0
3.7
0.2
0
0
0
0
0
0
0
0
0
0
0
0
0
0
0
0
0.1
1
0
0
0
0
0
0
0
0
0.1
0
0
0
0
0
0
0
0
3.5
45.7
39.9
9.3
0
0
0
0
0
0
0
0.3
0
0
0.6
0
0
0
0
0
0.1
0
0
0
0
0
0
0.1
0
0
0
0
0
8.3
0.5
0
0
0
0
0.2
0
0
0
1
0.1
0.1
0
0
0
5
0
0
0
0
0
0
0
0.1
2.5
0.1
0
0
0
0.4
14.6
17.5
0.1
4.9
0
0
0
0.1
11.3
0.2
0.7
9.7
0
5.4
2
0
0
0
0
0
0
4.7
12.9
0.1
0
0
0
0
4.8
0.2
0
0
0
0.3
0
0
0
0
4.7
0.1
0.4
0
0
8.2
0
0.4
0
0
0
0
0
0
0
0
0
0
0
0
0
0
0
0
10
1.1
0.1
3
4.5
0
0
0
2.8
0
0
0
13.2
3.2
0
0
0
0
0
0
0.7
0
0
0
0
0
0
0
0
1
1.8
0.8
0
0.1
5.7
4
2.9
0
0
0
1
1.8
0.1
0
0
0
0
0
0
0
0
0.1
1.6
0.1
0
0
0
0
0
2.5
1.4
0
0
0
0
29.2
21.8
3.1
0.3
0.5
0.1
0
0.1
0
0
0
0
0
0
0
0
0
0
0
1.8
0.1
0
4
4
0.1
0
0
0
0
2.3
0.6
1.4
0
0
8
0
0.8
0
0
0
0
0
16.7
0
5.7
0.1
0
0.7
0.3
0
0
0
0
0
0
8.9
0
0
0
0
1
0
0
36.4
3
0
0
0
3
0
0.1
0
0.1
0
0
0
0
0
0
0.4
0
0.3
0.1
0
0
0
0
3.4
57.8
0.3
0
0
0
0
0
0.1
0.3
0
0
0
0
0
0.7
0
0
0
0.2
0
0
0
0
1.8
0.1
52.8
6.9
0.1
0
0
0
0
0
0
0
0
0
21
6.4
0.1
0
0
0
0
10.5
0
0
0
0
0
0
0
0
0
0
0
0
0
0.1
0.1
0.1
0
0
0
0
0
0
0
0
0.1
0
0
0
1.1
16.1
0.3
0
0
0
0.7
0.4
6.6
0.1
0
0.6
0.1
0
0
0
0
0
0
0
0
1.1
0.1
3.8
5.7
0.1
40.8
25.3
0.3
0.2
0.2
10.6
0
0
0.8
2.1
0
0
0
0
0
10.1
28.8
0.1
0.3
0
0
0
0
0.2
0.2
0.2
0
0
0
0.6
0
0
0
0
0
0
0
0
0
0.1
0
0
0
0
0
0
0
0
0.3
0
1.4
24.8
0
0
0
0
0
0
0
0
0
0
0
5.8
0.1
0
1.2
0.7
0
0
1.8
0.1
0
0
0
0
0
0
0.9
0
0
0
0
0
1.1
0
13.5
0.1
0
1.8
1.5
0
0
0
0
2.5
0
0
0
0
0
0
0
0
0
8.1
0.6
14.7
0.6
0
0
0
20.5
0.9
0.7
20.2
0.7
0
0
0
0
0
0
0
0
0
0
0
0
0
0
0
0
0
0
0
0
0
0.2
0
0
21.4
1.4
0
0
0
0
0
0.2
8.8
0
3.2
0.1
0
0
0
0
0
0
0
0
0
0
0.1
0
0
0
0.2
0
0
0
6.4
3.4
0.1
0
0
0
0
0
0
0
0
0
0
0
0
0
0
0
0
0
0
2.5
0
0
1.1
0
0
0
0.1
0
0
0
0
0
0.1
0
0
0
0
0
0
0
0
0
0
0
0
0
0
0
0
0
0
0
0
0
0
0
0
0
0
0
0
0
7.5
0
0
0
0
0
0
0
0
1.3
14.2
0
0
0
0
0
0
5.9
5.7
0.1
0
0
0
6.3
5.9
0
0
6.6
0
0
0
0.5
0
0
0
0
0
0
0
0.1
0
0
0.5
21.2
2.1
0
0
0
0
0
4.2
0.2
0
0
0
0
0
0
0
0
0
0
0
0.1
0
0
0
0
0
9.5
20.9
1.2
0.1
8.9
0
0
0
0.2
0
0
0
0
0.1
3.5
2.3
0
0
0
0
0
0
0
0
0
0
0
6.1
0
0
0
0
0.2
0
20.2
9.4
0.2
0
0.1
0
0
0.1
0.1
0
0.2
0
0.1
0
0
0
0
0
0
2
0
0
0
0
0
0
0
0
0
0
0
0.2
0.1
0.1
0.1
7.2
0
0.2
0
0.1
0.1
0
0.1
0
0
0
0.2
0
0
0
0
0
0
0.1
0.1
0.1
0
0
0
0
0
0
0
2.5
6.9
0.1
0
0
0
0
0
0
0
0
0.4
0
0
0
0
0
0
0
0
0
0
0
0
0
0
0
0
0
0
0
0
0
0
2.6
0.1
0
0
0
0
5
1
0
0
0
0
0
0
0
0.5
0
0
0
5.7
12.1
2.8
0.1
0
1.6
0
0
0.3
0
0.4
0.1
0
0
0
0
0
0
7.1
1.4
7
4.3
0
0
0
0
0
0
0
0
0
0
0
0
0
3.1
0
0
0.1
25.7
0
0
3.6
0
0
0
0
0
0
0
0
0
0
0
0.4
25.6
0.9
5.5
0.2
0
0
1.6
3
0
5.5
0
0
0
0
0
0
0
8.4
7.3
3.6
0
0.8
16.1
0.1
0
0
0
1.6
0.1
0
0
25
0
0
0
0
0
0.1
1.2
8.4
0.7
4.2
0
0
0.2
0.1
0
0
0
0
0
0.8
0
0
0.3
0.1
0
0
2.4
0
0
0
0
0
0
0
0
0
0
0
0
0
0
0
0
0
0
0
0
0
0
0
0
0
0
0
0
0
0
0
0
0.2
0
0
0
0
0
0
0
0
0
0
0
0
0
0
0.9
0
0
0
3.9
0
0
0
0
0
0
0
2.9
0
0
0
0
0
0
0
0
0
0
0
0
0.8
0
0
0
0
0
0
0
0
0
0
2
0
0
0
44.7
0.1
0
10
0.1
0
0.9
0.2
0
0
2.3
9
0
0
0
0
0
0
0
0
0
0
17.4
0.1
0
0
0
0
37.8
26.9
4.7
0.1
0.1
0
0
0
0
0
4
0
0.7
1.5
0.1
0
0
0.1
0.2
0
0
0
0
0
0.4
3
0
0
0
0
0
0
0.1
0
0
0
0
0
0
0
7.7
8.3
10.2
0
0
0.1
0
0.2
1.8
0
0
0
0.2
4.9
0
0
0
0
0.1
0.1
0.2
0
0
0
0
3.5
0
0
8
3.7
0
0
0
0
0
0
0.1
0
0
0
0.1
0.1
0
0
0
0
0
0
0
0
0
0
0
0.7
0
0
0.5
0
0
0.3
19
8.8
56.6
10.1
0
0
0.3
7.4
5.7
0
0
0
0
0
0
0
0
0
2.6
1.2
0
0
0.1
0
13.2
13.4
1.1
0
0.1
0
0
0.1
0
0
0
7.8
0
0
0
0
0
0
2.5
5.2
0
0
0.1
0
0
0
0
0
0
0
0
0
0
0
0
0
1.6
0
0
12
5.8
0
0
0.1
0
0
0
0.8
0
0
0
0.4
0
0
0
0
0
0
0
0
0
3.2
0
0
0
0
0
0
0
0
0
0.1
1.3
2.9
0
0
2.3
0.1
2.3
2.4
0.1
0
0
0
0
0
0
1.1
0
0
0
0
0
0
3
1
0
0
0
0
0
0
0
0
0
0
0.2
0
0
0.2
0.2
0
0
0
0
0
0
0
0
0
0
0
0
0
0
0
0
0
0
0
0
0
0.6
0
0
1.1
0.1
31.4
0.4
0.1
0
0
0
0
0
0.1
0
0
0
0
0
0
0
0
0
0
0
0.7
0
0
0.7
0
10.1
0.1
0
0
0
0
0
0.4
0
0
0
0
0
0
0
0
10
0.4
0
0
0
0
0
0
0
0.2
0
0
0
0
0.3
0
0
0
0
0
0
6.6
0
0.5
0
0.3
0
5.1
7.7
0
13.9
0.1
0
0.3
0
1.8
10.6
1.3
0
4.8
0
0
0
0
0
0
1.6
0
0
0
0
1.7
1.3
0.2
0
0
0
0
0
0
4.6
0
0
0
0.1
0.1
0
0
0
14.3
41.5
0.2
0.2
1.4
0.1
0
0
0.1
0
0
0
0
0
0
0
0
64.2
4.1
0
0
0
0
0
0
0
0
0
0
0
0
0
0
0
0
0
0
0.1
0.7
0.1
0
0
0
0
0.3
0
0
0
0
0
0
0
4.1
0.1
0.4
0.1
0
0
0.1
0
0
4
0.1
0
0
0
0
0
0
0
0
0
0
0
0
0
0
0
0
0
0
9
0.2
0.1
0
0
0
1
6.5
0.1
0
0
0
0
0
0.1
0
0
0.1
0
7.2
0.2
0
0
0.1
0
1.5
0
0
23
14.9
7.9
0
0.2
0
0
0
3.8
0
0
0
0
2.3
0
0
0.7
0.1
0
0
0
0
0.3
0
9.9
0.7
0
0
3.1
1.5
0
0
0
0
0
0
0
3.3
0
0.1
0
0
0.4
1.8
0.9
0
0
0
24.4
1.5
0
0
0
0
0
0.7
0
0
0
0
0
0
0
22.1
1.6
20.7
29.3
0
30.7
5.9
0
0
0
0
0
0
0
0
0
0
0
0
0
0
7.9
0
0
0
0
0.4
0.1
6
0
0.1
0.9
0.8
0
8.3
28
1.2
0
0
0.1
0
0
0
0
7.4
0
0
0
1.1
0
0.7
0
0
0
0
0
15.3
0.1
0
2.8
13.6
0.1
0
6.8
0.1
3.1
0
0
0
0
0
0
0
0
0
0
0
0
0
0
0
5.7
0.1
0
0
0
0
0
0.3
0
1.3
0
0
0
0
0
0
0
0
19.4
0
0
0
0
0
1.6
0
0
0
0
0
0
0
0
0
0
0
0
0
0
0
0.5
0.7
2.9
0
0
0
0
0
0
0
0
0.1
0
0
0
0
0
1.2
0
0
0
0
0.6
0
12.5
0.2
0
0
0
0
2.2
0
0
0
0
0
0
0
0
0
0.4
0
0.6
0.1
0
0
0
0
0
0
0
0
0
0
0
0
0
0
0
0
0.2
9.8
3.2
27
57.7
0.2
0
0.2
11.2
11.7
7.4
0.1
6
0
3.8
0.2
0
0.1
0
0
0.2
22.3
10.7
0
1.8
48.1
1.7
0
0
0
3.8
5.8
0
0
6.8
0
0
0
0
36.6
13.9
20.2
8.2
38.1
0
5.6
0.2
0.1
0.6
0.3
0.1
5.6
0
0.1
0
1.5
0.3
0.1
0
0.1
0.2
0.1
0.1
0.1
0.1
0
0.1
0.2
7.1
0.8
0
1.3
0.1
0
0
0
0.2
0
0
0.1
0
0
0
0.2
0.1
0.3
0
0
0.2
0
0
0
0
0
0
0
0
0
0
0
0
0.2
0.1
0.7
1.5
0.1
6.3
0
0
0
0
0
0
1.6
0.3
0.3
0.1
0
0
0
0
0
0
0
0
0
0.1
0
0
0
0
0.1
0.1
0.1
0
0.1
0
0
0
0.1
0
0
0
0
0
0
0
0
0
0
0
0.5
0
0
0
0
0.1
0
4.1
0.1
0
0
0
0
0
0
0
0
0
0
0
0
0
0
0
0
0
0
3.5
8.5
0
2.5
0.2
0
0.3
3.7
1.1
0.2
0
0
0
0
0.3
0
0
0
0.1
0.3
5
7.2
0
0
0
0
0
0
0
0
1.1
6.8
0.5
0
0
0
2.3
0
0
1.7
0
0
0
0
0
1.8
10.9
4.3
0
0
0
0
6
1.4
0
0
0.2
0
0
0
0
0
0
0
0
0
0
0
0
0
17.3
0.1
0
0
0
0
0
0
0
0
0
0
0
0
0
0
0
0
0
0
0
0
0
0
0
0
0
0.2
9.2
0
0
0
0
1.9
0
0
0.4
0
0
0
0
0
0
0
0
0
24.5
0
0
0
0
0
0
0
0
0
0
0
0
0
0
0
0.6
0
0
0
0
0
0
0
0
0
0
0
0
0
0
2.3
0
0
0
0
1.2
1.7
0
0
2
0
0
0
3.6
8.4
4.8
0
0.7
1.2
0
0
0
0
0
0
93.4
1.4
0
0
0
0
0
0
0
0
0
0
0
0
0
0
0
0
0.9
0
0
0
0
1.7
18.1
0
0
0
0
0.4
6
58.2
38.1
0.1
0.1
0
0.2
0.3
0.1
0.1
0.4
0.6
0
3.8
0.4
2.4
0
0.4
0
0
0.9
0
0
0
10.2
0.1
0.1
0.2
0
0
0
0.1
24.1
3.2
0
0.2
0
0
0
0
0
0
0
0
21.2
39.5
0
0.3
0.1
0.1
0
1.1
0.1
0
0.2
0
0
0
0.1
0.1
3.1
0
0
0
0
0
0.1
0
0
0
0.1
0
0
0.1
0.1
0.1
0.1
0
0.2
0
0.1
6.1
0
0.1
0
0.1
0
0
0
0
0
56.3
19.4
15.8
15.2
0.3
0
0.1
0.2
0
0.2
0
0.1
0
0.1
0
0
0
0
0
0
0
0
0
1.1
0
0.1
0
0
0
0
0
0
0.2
0.1
0.2
0
0.1
0
0.3
0
0
0
1.7
0
0
0
3.7
0
0
1.7
0
0
0
0
0
0
11.1
0
0
0.1
0.1
0.4
4.5
8.5
0
0
5.3
0.2
0.1
0
0.9
7.5
22.2
1
0
0.1
0
0
0.1
0
0
0
0
0
42.3
0.1
0.6
0
0
9.7
17.9
12.8
88.3
23.6
0.4
0.1
0
0.1
0
0.4
0
0
0
0
0
0
0
0
0
0
1.8
4.3
0
0
1.2
4
0.1
0
0
0
0
0
0
0
0
0
0
0
0
0
0
0
0
4.2
0.1
7.9
13.1
0.1
0
1
4
2.8
1.1
3.9
0
1.7
2.2
0.1
2
0.3
5.4
0
0
0
0
0
0
0
0
0
0
0
0
0
1.3
17.4
0
0
0
0
0
0
0
0
0.1
0.5
1
2.2
0
0
0
0
0
0
0
0
0.7
0
0
0
0
0
0
0
0
0
3.9
3
0
0
0
0
0
0
0
0
0
0
0
0
0
0
0
0
0
0
0
0
0
0
0
0.7
17.9
32.4
0
0
0
0
0
0
1.9
5.2
2.3
0.1
0.2
0
0
0
0
0
0
0
0.1
0
0
0.9
0.1
0.1
0
0
0.6
0.5
0
0
0
0.1
7.2
0.1
0
0
0
0
0
0.1
6.9
0
0
52.9
18.1
0.2
0
0
0.1
0.2
0
0
0.6
0.3
0
0
1.2
0.1
0
0
0.1
0.2
0
0.1
0
0
0
0
3.7
0.2
0.2
0.1
0.3
0
0.1
0.1
0
0
0
0
0
0
0
0
0.1
0.1
10.9
13.8
8.9
31.7
0
0.1
0
0
0
0
0
0
0.1
0
0.1
1.1
2.8
0
0
0.1
0
0.2
0.1
0
3.1
0.4
0.1
0.1
0.1
0
0
0
0
0.2
0
0
0
0
0
0
0
0
0
0
0
24.6
0.6
0
0.1
0
0
0
0
0
0
0.1
0
0
1.5
0
0
0.1
0
0
0
0
5
0.1
0
0
0
0.1
0
0
10.9
1.9
0.2
0
0.1
0.4
0.3
0
0
0
0
0
0
0
0
2.4
2.4
0.1
0.1
0
0.1
0
0
0
0
0
0.4
0.1
0
0.2
0
0
0
1.2
0
0
0
0
0
1.5
2.3
0
0
0
0
0
0
0
0
0
0
0
0
0
0
0
0
0
0
0
0
0.1
10.2
5.1
1
0
0
0
0
0.1
0
0
0.8
19.9
0
0
0
0
0.8
3.6
0
4
0.3
21.9
0.5
0
0
0
0
0
0
0
1.1
10.4
0.1
0
1.4
0
0
0
0.2
0
0
0
0
0
1.8
0
0
0
0
0
19
0
0.5
0.1
0
0
0
0
0
0
0
0
0
0
0
0
0
0
0
0
0.1
1.6
0
0
0
0
0
0
0
0
0
0
0
0
0
0
0
0
0.1
0.6
0
0
0
0
0.2
0
0
0
0
0
0
0
0
0
0
0
0
0
0
0
0
0
5.5
1.3
0
0
55.6
0.1
0
0
0
0
0
0
0
0
0
0
0
0
0
0
0
0
0
0
0
0.7
0
0
0
0
0
3.7
0.1
3.9
23.9
0.1
0
0
0
0
0
-99
0
0
0
0
0
29.2
0
0
0
24.2
0
0
0
0
0.7
0.1
0
0
0.1
0
0
0.1
2.7
10.4
0.2
0
0
0
0
0
0
0
0
0
0
0.2
0
0
0
0
0
0
0
0
0
0.2
0
0
19.5
14.1
0.1
2.4
0.1
1.4
0
0
0
0
0
0
11.8
23.3
0.5
0
0
0
1.4
0
0.1
0
0.1
0.3
11.3
14.3
23.3
15.7
0.5
2.8
0.2
0
0
2
2.4
0
0
0
0
0
0
0
0
0
0
0.1
0
0.1
0.1
0.3
0.1
0.1
0.2
0.1
0
0
0
0
0
0
0
0
0
0.1
0
0
0.1
0.1
2.6
0
0
0
0
0.8
0
0
0
0
0.1
0
0
0
0
0
0
0
0
0
0.1
0.2
0
0.1
0
0
0
0
0
0.3
0.1
0
0
0
0
0
0.1
0.1
0
0
9.4
0.1
0.1
0
0
0.1
0
0
0
0
0
0
0
0
0
0
0
0
0
0
0
0
0
1.7
5
1.4
54.8
2.6
0
1.7
0
0
0.1
8.3
14.7
0.4
0
0
0
0
2.8
0
0
0
9.9
15.7
0.1
0
1.7
0
0
0
0
0
0.8
0
0
1
1.8
0
0
0
0
0
0.2
7
29.2
0
3.5
0
0
0
0
0
0
0
0
0.1
0
0
0
0
0
2.7
0
0
0
0
0
0
0
0
0
0
0
0
0
0
0
11.9
5.8
0
0
0
0
0
0
0
0
0
0
0
0
0
0
0
0
0
0
0
0
0
0
0
0
0
0
1.3
11.3
0.1
0
0
0
0.1
0
0
0
0
0
0
0
0
0.2
0
0
0
0
0
0
0
0
0
0
0
0
0
0
0
0
0
0
0
0
0
3
0
0
0
0
0
0
0.1
0
0
0
0
0
0
0
0
0
0.1
0
0
0
9.9
0
0
0.6
0.1
0
0
0.5
0
2.2
0
0
1.6
2.4
0
0.8
0
0
0
0
0
0
0
0
0
0
0
3.6
0
20.9
0
0
0
0
0
0
16.3
14.8
0
0
0
0.1
21.6
0.3
0.1
0
0
0
0
0
56.7
8.8
0.2
0
0
0
0
0
0.1
0
0
0
0
0
0
0
0
0
0
0
0.1
0.1
0.1
0.1
0
0
0
0
0
0
0
0
0
0.3
2.2
0
0
0
0.1
0
0
0
0.2
0.5
0
11.7
0
0
0
4.6
0
0
4
0
0
0
0
0
3.9
0
0
0.1
4.4
0.6
0
0
4.8
2.4
7.1
9.6
0
0
0.1
0
0
0
0
0
0
0.2
0
0.1
0.2
0
0
0.1
