20000101
0
0
0
0
0
0
0
0
0
0
0
0
0
0
0
0
0
0
0
0
0
0
0
0
0
0
0
0
0
0
0
0
0
-99
0
0
0
0
0
0
0
0
0
0
0
0
0
0
0
0
0
0
0
0
0
0
0
0
0
0
0
0
0
0
0
0
0
0
0
0
0
0
0
0
0
0
0
0
0
1.8
0
0
8.4
0
0
0.6
0
0.4
0
7.4
3.6
0
0.4
9
0
0.2
-99
0
0
0
24.2
18.2
0
0
1.2
0.4
9.8
0
0.4
0.2
0
0
0
3.6
0
0
0
0.4
0
0
0.2
0
0
0
0
10.9
0.1
0
0
0
11
0.4
0
0
0
0
0
18
0.6
0
0
0
4.6
0
7
9.2
2.8
0.4
0
0
0
0
0
0
0
0.2
5.6
0
0
0
0
89
0
0
1
0
0
0
0
0
0
0
0
0
0
0
0
0
0
0
0
0.2
0
0
0
0
0
0
0
0
0
0
0
0
0
0
0
0
0
0
0
0
0
0
4.4
0
0.2
0
0
0
0
0
0.2
0
0
0.2
0
0
0
0
0
0
0
0.4
2
0
0
0
0
0
0
0
0
0
0
0
0
0
0
0
0
0
5
7
0
0
0
0
0
0
0
0
0
0
0
0
0
0
0
0
0.2
22.6
50
0.8
0
-99
-99
-99
0
0
0
17.6
7.2
0
-99
-99
-99
-99
0
0
0
0
0
0
4.6
0.4
5.2
0.2
3.8
0
0
0
0
0
2.2
4.2
9.6
0
0
0
0
0
0
0.4
3
0
1.8
0
0
1.4
7.8
0
0
0
0
0
0
2.2
0
0
0
0
0
0
0
0
3.4
17.8
-99
-99
-99
0
0
8.2
0
0
0.4
0
0
0.4
3
6
0
0
0
0
0
0
0
0
0
0
0
0
0
1
17.8
18.4
26.8
0
0
0
0.4
0
0.8
0
0
0
0
1.6
0
0.6
0
0
0
0
4.8
1.6
0
9.8
9.6
0
0
0
0
0
0
0
0
0.2
0
0.8
0
10.2
0
0
0
0
0
0
0
0
0
0
0
0
0
0
0
0
7.6
0
0
0
0
0
0
0
0
0
0
0
0
0
0
0.2
12.8
2.2
0.2
0.4
0
10.6
4.6
0
0
0
3.4
0
0
0
1.8
3.4
0
0
0
0
0
0
0
0
0
0
0.6
2.4
0
0
0
0
0
0
0
0
0.2
0
0
0
0
0
0
0
0
0
0
0
0
0
0
0
0
0
0
0
35.6
0
1
33.4
3.2
0.6
0.4
3.6
0.2
0
0
0
1
2.6
0.4
0
0
0
0
0
4.8
4.4
0
8.8
6.8
0.2
5.2
31
0.2
0
0
0
0
0
0.4
0
0
0
0
0
0
0
0
0.4
5.4
0
0
0
0
0
-99
-99
0
0
0
0
0
0
0
0
0
0
0
0
0
0
0
3.4
0.8
1
3
0
0
16.8
0
0
0
0
3.2
0
0.2
0
0
19.6
0
0
0
0
0
0
0
0
0
0
0
0
0
0
0
0
0
0
0
0
0
0
0
0
0
1
0.2
10.8
0.2
0
0
0
0
0
0.2
0
0
0
0
0
0
0
0
0
0
11.8
1.6
0
0
0
0
0
0
0
0
0
0
0
0
0
0
0
8.4
0
36.2
0.2
0
0
0
0
1.8
0
0
0
0
0
0
0
0
0
0
2.2
0
0
0
0.8
0
0
0
1.2
16.8
4
14.2
0
0
0
0
0
0
0
0
0
0
0
0
0
0
0
0
0
0
0
0
0
0.8
0
0
0
1.2
23.4
15.8
0
0
0
0
0
0
0
0
0
0
0
0
0
0
0
0
0
0
0
0
0
0
0
0
0
0
15.4
16.2
0
0
0
0
0
0
0
0
0
0
0
0
0
0
0
5
0.2
4.2
1
1.6
0
0
0
0
0
0
0
-99
-99
0
0
0
0
0
0
0
0
0
2.8
0
0
0
0
0
0
0
0
0
0
0
0
7.8
0.4
0
0
0
0
0
0
0
0.2
0
4.4
0.4
0
0
0
0
0
0
0
0
0
0
0.2
0.4
0.8
0
0
23.4
0
0
0
0
0
0
0
6.8
2.4
0
0
0
0
0
0
0
0
0
0
0
0
1.6
0
0.2
0
0
0
4.6
52.4
0
0
0
15
0
0
13.9
8.3
0.8
0
2.2
0
0
0
0
3.2
0.2
0
0
0
0
0
0
0
0
0
0
3.6
4
0.4
0
0.4
2.2
3.6
7.8
1.6
3
14.8
0
0
0
0
0
0
0
0
0
0
0.2
0.2
0
0
0.2
0
0
0
0
0
0
0
0
15.7
10.1
0.2
0.2
27.8
0
0
0
0
0
0
0
0
0
0
0
0
0
0
0
0
0
0
0
0
12
0
0
0
0
0
0
0
0
0.8
0
0
0
17
0
0
0
0
0
0
0
0
0
0
0
0
0
0
0
2.6
0
0.2
0.6
4
0.4
0
0
0.8
0
0
0
1
1
0
0
0
0
0.4
0
0
0
0
0
0
13
0
10
0
0
6.8
0.2
0
0
21
0
0.4
3.6
14.6
7.6
0
0
1.8
2.4
0
0
12.6
0
0
0
8.8
3.6
0
0
11.2
1
23.8
0
0
0
0
0
0
0
0
0
5.4
0.2
0
0
0
0
1.3
41.6
22.5
0
0
0
0
0
0
0
0
0
0
5.4
0.2
0
0
0
0
0
0
0
0.2
0.4
0
0.2
0
0
0
0.2
0.2
0
0
0
0
0
4.8
20.8
0.6
0
0
0
0
12.2
3.8
0
0.2
18.6
2.4
0
0
0
0
0
0
1.6
0
0
0
0
0
0
0
19.8
0
0
0
1.6
0
0
0
0
0.2
0
0
0
0
0
0
0
1.1
0.1
0
0.2
0
0
0
0
0
6
7
0
0
0
0
0
0
0
0
0
0
0
0
2.4
2
2.4
0
0
0
0
0
0
0
0
0.4
0
0
0
0
1
0
0
0
0
0
0
0
0
0
0
4.6
0
0
3.4
17
9.8
0
0.6
1.6
0.4
8.6
34
9.8
0
0
0
0
0
0
0.2
0
0
0
0
0
0
0
0
2.8
0
0
0
0
0
0
0
0
0
0
0
0.2
17.4
6.8
0.2
6.2
0
0
0.2
0
0
0
0
0
13.2
0.6
0.4
0
0
0
0.8
0
0
0
0.6
2.2
0
0
0
0
0
0
0
0
0
0.4
0
0
0
0
0.2
6
12.6
6.2
0
0
6
0
0
0
0
1.4
2
0
0.4
0
0
0
0
4.2
2.6
0
0
0
0
0
0
0
0
0
0
0.4
0
0
0
0
0
0
0
0
1.4
2.6
16.2
1.2
0
0
0
0
0
0
0
0
0
0
7
0
0
0
0
0
0
1.8
0.2
0
3.4
4
0
0
0
0
0
0
0
0
0
0
0.8
-99
0
0
0
0
0
0
0
0
0
0
0
0
0
0
0
0
0
0
0
0
0
0
0
0
0
0
12
0.2
0
0
4.4
0
0.2
0
0
0
0
0
0
0
1
0.4
0.4
0.6
1
1
4.8
12
0.2
0
0
0
0
0
0
0
0
0
0
0
0
0
16.2
0
0
0
0
24.6
0.2
0
8.6
16.8
0.2
0
1.6
0
0
0
0
0
0
0
0.2
3.2
0
0.6
10
40.2
2.8
13.8
0.8
0
2.8
0
0
0
21.2
0.9
6.2
0.1
0.6
3.6
0
0
0
0
0
0
0
1.8
3.8
0
0
0
0
0
0.7
32.1
0
0
0
0
0
0.2
7
5
0
1.4
1.8
0
0
0
9.2
0
15.6
23.8
4.2
0
0.2
0
0
0
0
0
0
0
0
0
0
1
0
0
0
0
0
0
0
0
0
0.8
0
0
0
0
0
0
0
0
0
0
0
0
0
0
0
0
0
0
0
0.2
0
0
0
0
0
0
0.4
0
0.2
0
0
0
0
0
0
0
0
0
0
0
0
0
0
0
0
0
0
0
0
15.2
9.6
0
0
11
0.6
0
0
0
6.1
15.7
0
0
2.8
0
0
0
0
0
0
0
0
0
0
0
0
4.4
0
0
0
0
0
0
0
0
0
0
0
0
0
12.6
1.8
12.6
22
1.4
0.7
4.9
0
0
0
0
0
16.4
0.2
0.2
0
0.2
0
4.8
0
6
0
2.2
0
0
0
18
0
0
0
0
3.4
9
4
0.4
0.8
1.6
10.4
0.4
0.6
0
5.4
0
0
0.2
5.2
0.4
0
0
0
0
0
0
0
0
0
26.8
1
0
0
0
23.2
0.2
0.2
0.6
0
0.2
0
0
0
0
0
0
0
0
0
29.6
9
0
11.2
9.4
0
0
0
5
0
0
0
0
0
0
0
0
0
0
0
0
0
0
0
1
5.4
4.4
0
0
12
9.6
0
0
0
0
0
0
0
0
0
0
0
0
0
0
0
0
0
39.6
0
0
0
0
1
1.6
0
0
0
0
47.4
0
0
0
0
0
0
0
0
0
0
0
0
0
1.4
0.8
0
0
0
0
26.8
12
0.4
3.4
0
1.8
0.2
0
0
0.4
0
0
0
0.6
0.2
0
4.8
0
0
0
0
0
0
0
0
0
0
0
0
0
0
0
0
0
0
0
0
0
0
0
0
0
0
0
0
0
0
0
0
0
0.2
0.8
0
0.8
0.2
0
0
10
3.2
8.8
0.4
0.8
0
0
1.2
0
0
0
0
0
0
0
0.2
0
0
0
0
0
0
0
0
0
0
0
0
0
0
0
0
0
0
0
0.8
0
14.6
0
0
13.4
4.4
0
5.2
8.6
1.8
0
0
0
0
0
0
0
0
0
0
0
0
0
0
0
1
0
0
0
0
0
0
0
0
0
0
0
0
0
0
0
0
0
0
0
0
0
0
0
0
0
0
0
0
0
0
0
0
0
0
0
0
0
0
0
0
0
0
0
1
5
2
0
0
0
0
1
0
0
0
0
0
0
0
0
0
0
0
0
0
0
0
0
0
0
0
0
0
0
0
0
2.6
0
0
0
0
0
0
0
0
0
0
0.2
3.6
0
0
0
0
0
7.4
0
0
0
1.4
0
0
0
0
0
0
0
0
0
0
0
2.2
1.8
0
0
0
0
0
0
0.2
0
0.8
0
0
0
0
0
0
0
0
0
0.8
0
0
0
0
3.6
1.8
1
3.6
13.8
1.4
0.3
6.5
10
0
0
0
0
0
0
0
0
0
0
0
0
0
0
0
0
0
0
0
0
0
0
0
0
6.6
0
0
9.8
0
0
0
0
0
1.8
1
0
0.4
0
0
0
0
1.4
0
0
0
0
0
3.4
0
0
0.1
0.3
4.2
0
0
0
0
0
0
0
0
0
0
0
0
0
0
0
0
0
0
0
0
0
0
10.8
0.4
0
0
0
0
0
0
4.4
1.8
7.8
0.2
0
0
0
1.2
1
5.6
0.6
4.8
0
0
0
0
0
0
0.4
0.2
0
0
0
0
0
0
0
4.4
15.2
12
18
0
0
0
1.4
14.8
0
0
8
4
0
0
0
0
0
0
1.4
16
0.4
0
0
0
0
0
0
0
0
0
2.6
0
0
0
0.2
0.4
14.4
35.2
6
16.8
0
0
13
0
0
0.2
0
34
0
0
0
0
0
1.2
0
4.2
0.4
0
0
0
0
0
0
0
12.4
0.8
9.4
1.8
11.8
23.6
5.2
0
0
0
0
0
0
0
0
0
0
0
0
0
0
0
0
15
0
1
0
0
0
0
0
0
0
0
0
0
0
0
0
0
0
0
0
0
0
0
0
0
0
0
0
0
0
0
0
0
0
0
0
10.8
4.6
0.4
0
0
0
0
0
0.8
0
0
0
0
0
0
0
0
0
0
0.2
9.8
21.4
27.2
8
0
0
0
0
0
0
0
0
0
0
0
0
0
0
0
0
0
0
0
2.6
0
0
0
0
0
0
4.6
0
0
0
0
0
0.4
1.4
0
0
0
0
0
0
0
0
0
0
0
0
12
0.4
1.6
0
-99
-99
-99
-99
-99
0
0
0
0
0
0
0
0
0
0
12
13.6
1.2
0
0
0
0
0
0
0.6
0
3.8
0
0
10.8
0
0
0
0
0
0
6.2
0
0
0
0
0
0
0
1.2
0.4
1.4
0.4
0
0
0
0
9.8
0
0
0
0
0
0
0
0
0
0
0
0
0
0
0
0
0
0
0
0
0
0
0.4
0
0
0
1.6
0
0
0
0
0
0
0.6
0
0
0
0
0
0
0
0
3.8
0
0
0
0
0
0
0
0
0
0
8
0
0
0
0
2.2
0
5.6
1.4
38.6
3.6
8.4
0
0
0
0
0
0
0
2.8
0
0
0
0
0
0
0
0
45.6
0
0
0
0
10
0
0
0
0
0
0
37.6
0
0
0
0
0
0
0
9.2
0
0
0
0
0
0
0
0
0
0
0
0
0
0
0
1.2
3
0.6
0
6.2
24
14.2
0.4
0.8
0
0
0
0
0
3.6
28.6
0.4
0
0
0
0
0
0
0
0
0
0.4
0
0
0
0
0
0
5.6
0.8
0
0
0
0
0
10.8
1.2
0.4
0
0
3
0
0
0
0
0
0
0
0
0
0
0
0
0
0
0
0
0
0
0
0
0
0
0
10.8
1.4
0
0
0
0
0
0
0
0
0
0
0
0.4
0
0
0
0
0
0
9.2
0
5.8
0
0
0
0.4
0
0
5.6
0
0
0
0
0
0
0
0
0
0
0
0
0
0
0
0
0
0
0
0
0
0
0
0
0
0
0
0
0
0
0
0
0
0
0
0
0
4
0
0
0
0
0
0
0
0
0
0
0
0
0
0
0
0
1.7
1
0
0
0.5
0
0.8
0
0
2.5
0.1
0
0
0
0
0
0
1.3
0
0
0
0
0
0
0
0
0
0
0
0
0
0
-99
0
0
0
0
0
0
0
0
0
0
0
0
0
1.8
0
0
0.8
0
20.6
11.2
27.8
36.8
19.8
2.4
0
-99
-99
0
0
0
6
3.6
9.8
0.4
0.2
0.6
0.2
0
0.8
5.4
0
0
0
0
0
2.6
0.6
0
5.4
22.4
0.2
4.6
0
0.4
0
0
0
0
0
0
0
0
2.2
0
0
0
0
2
0
0.4
0
0.2
0
5.4
0
1.2
0
0
0
0.6
0
0
0
3.6
15.4
0.4
1
0
0
0
10.8
7.8
0.2
0
101.1
25.5
299.7
27.3
-99
-99
-99
-99
-99
-99
7.8
0
0
0
0
0
0.8
0.2
0
0
0
0
0
0
0
0
0
0
0
0
0
0
0
0
0
0
0
0.2
0
0
34
0
0
0
0
0
0
0
0
0
0
0
0.2
4.6
0.6
0
0
0
39.2
0
0
0
1.2
0
0
2.2
0
9.6
0.2
0
0
0.2
0
0
0
1.6
0
0
0
0
0
0
0
0
0
0
0
0
0
0
0.6
0
0
0
12.2
0
0
0
0.2
2
2
0.2
0
0
0
0
6.8
0
0
0
2.4
11.8
0.6
0
0
0
0
14.8
2.4
0
0
0
0
0
1.4
0
0
0
0
0
0
0
13.2
0
0
0
0
0
0
0
0
0
0
0
0
0
0
0
0
0
10.6
0
0
0
0
0
0
0
21.8
1.4
0
0
0
0
0
0
0
0
0
0
0
0
0
0
0
0
0
0
0
0
0
0
0
0
0
0
0
0
0.4
0
0
0
0
0
0
0
0
0
0
0
0
3.8
14.2
0
0
0
0
0
0
0.2
2.6
0
0
0.4
0
1
0
0
0
0
0
0
0
0
0
0
0
0
0
0
0
0
0
2.8
2.7
0
0
12.4
0
0
0
0
0
0
0
0
0
0
2.8
2
0.2
0
0
0
0.6
1.5
0
0
0
0
0
0
0
0
0
0
0
0
0
0
0
0
0
0
0
0
0
0
0
0
0
1.4
0
0
0
0
0
0
0
4.6
0
0
0
0
0
0
0
1.1
2.8
3.8
11.9
12
0
0.6
0.4
0
0
7.4
8.4
0
29.6
0.4
0
4.8
0
0
0
0
9
0
0
0
0
0
0
0
0
0
0
21.4
28.8
1.6
6.2
0
8.6
2.2
7.2
24.8
0.2
2.6
0
0
5.2
8.4
9.1
27.4
14.4
9.3
0
0
0
4.2
0.6
9.4
0.4
0
11.6
0.4
0
0
15.8
0.4
0.4
0
0
0
0
8.2
0.8
0
0
0
0
0
0
0
0
6.2
17.4
0
0
5.2
0
0
0
0
0
1.6
0
0
0
0
18.6
38
0
0
0
0
0
0
0
0.4
0
0
0
0
0
0
0
0
0
0
0
0
0
0
0
0.2
0
0
0
0
0
0.2
0
0
5.4
0
0
0.2
0
0
0
0
0.2
0
0
0
0.2
82
0
0
0
1.2
0
0
0.8
0
0
2
0
0
0
0
1.8
0
1.4
0
0
0
0
23.4
5.6
0.2
0
0
0.6
5.4
0
15.2
3.6
0
0
0
0
0
0
0
0
0
0
0.8
0
0
0
2.4
0
0
0
0
0
29.4
0
0
0.4
0
2
0.2
0
0
0
19
18
1
25.6
11.8
59
0
0
0
0
0
0
0
0
0
2.6
0.8
0
0
0
0
0
0
0
0
0
0
2.6
0
0
0
0
2.6
0
0
0
0
0
0
0
0
1.8
11.4
0.4
0
0
7.4
5
0
0
0
0
0
0
0
0
0
0
0
2.8
0
0
5.2
0.4
0
0
0.2
0
0
0
6.8
0.2
0
1.8
11.4
0
0
0.1
0
0.1
0
0
0
1
0
0.2
1
0.2
2.5
0.1
0
0
0
0
0
8.4
17.1
1.7
1.8
0
0
1.4
0
0
0
0
0.7
0.1
0
0
0
0
0
0
0
0
0
0
0
0
0
0
0
1.6
2.1
0
0.8
5.3
0
0
0
0
0
0
0
0
0
0
0
0
0
0
0
0
0
0
0
0
0
0
0
26.9
3.4
2.8
13.9
2.4
4.3
0
0
0
0.2
37.4
1.3
0
6.9
8.7
1
0
0
11.1
0.1
0
0
0.7
0
0
0
0
0
0
8.5
0
0
0
1.7
0.3
0
0
0
0
0
0.7
0
1.4
0.3
0
0
4.3
1
0
0
0
0
0
0
0
0
0
0
0
0
0
0
0
0
8.6
0
0
0
0.1
7.3
0
0
8.8
0
0
0
0
0
0
0
8.3
0
0
0
0.1
0
0
0
0
28.5
4.2
0
0
0.1
3.4
1.4
0
0
1
0
31.6
1.1
0
0
0
0
0
0
9.2
0
0
0
0
0
0
5.1
0.1
0
0
0
0
0
0
0
0
0
0.6
0
0
0
0
0
0.3
2.8
0.2
0
0
0
0.3
0.3
0
0
0
0
0
0
0
0
0
0
0
0
0
18.5
0
0
0
0
1.5
0
0
0
0
0
0
0
0
0
0.8
10.9
0.7
1
0
22.5
0.1
0
0
0
0
0
0
0
5.1
0
0
0
0.4
16.7
0.1
0
0
0
0
0
1.7
0
0
0
0
0
0
0
0
0
0
0
8.3
23.9
13.7
0
0
0
0
0.1
0
0
0
0
0
4
0
0
0
0
1.9
0
0
0
0
0
0
0
0
0
0
0
0
0
0
0
0
0
0
0
0
0
4.9
0
0
0.4
0
0
0
0
0
0
0
6.9
0.8
0
0
0
0
0
0
0
0
0
0
0
0
0
0
0
0
0.9
0.8
0
2
0
0
0
2.4
10.7
0
4.3
1.9
0.7
0
0
3.4
0.9
9.1
0
0
0
0
0.2
0
0
0
0
0
4.9
3
0
0
0
0
0
0
0
0
6.8
0.8
0
0
8.3
10.7
0
0
0
0
0
1.3
2
2
2.8
6.7
0
2.1
0.4
0.1
3
0.1
0
1.5
0
0
5.3
17
0
0
0
5.3
0
9.6
0
0
0
0
0
0
0
0
0
0
0
6.1
6.3
0.1
0
5.7
1.3
0
0
0
3.8
0
0
0
0
4.2
0.1
0.1
0.3
0.1
0
0
0
10.7
0
0.3
1.7
0.1
0
0
6.8
0
0
0.7
2.6
0
0.6
1
0.1
0
0
0.1
5.2
0.5
47.1
3.6
0
0
0.1
0.8
4.5
2.4
0.2
1.7
1
0
0
0
0
0
0
0
0
18.3
0
0
0
0
0
31
0
0
0
0.1
0
0
0
0
1.8
0
0
32
14.2
1
0
0
21.9
0
0
0
9.8
0.2
0
0
0
0
0
0
28.4
0.9
0.3
4.9
0
0
0
0
6.3
0
0
0
0
0
0
18.8
0
0
0
0
0
0
0
4.8
2.6
0
0.8
2.8
0
0
0
0
0
0
0
0
0
20.6
0
0
0
0
0
0
0
0
0
3
0
0
0
0
0
0
15.7
0
0
0
0
0
0
0
0
0
0
0
0
0
0.4
0
0
0
0.8
2.9
0
0
0
0
0
0
0
0
5
27.7
1.7
0
1
1.2
0.1
0
0
0
0
0
0
0
0
0
0
0.3
1
0
0
0
0
22.6
49.1
20.5
3.2
1.2
0
0
0
0
0
0
0
0
0
0
0
0
0
0
0
1
0.5
2.2
0
0
0
0
0
0
0
0.6
0
0
0
0
0
0
0.5
0
1.1
0.1
0
6.2
0
0
0
0
0
0
0
0
0
5.7
0.3
0
0
0
1.3
0
0
4.1
0.2
0
0
0
0
0
0
0
0
0
0
0
13.8
5.4
6.6
0
0
0
0
0
0
0
0
0
0
0
0
0
0
0
0
0
0
0
0
0
0
0
0
0
0
0
0
0
0
0
0
0
0
0
14.5
0
0
2.2
0
0
0
0
0
0
0
0
0
0
0
0
0
0.7
0
0
1.1
0
0.2
0
0
0
0
0
0
0
0
0.3
0
0
1.7
0.1
0
0
0
0
0
0
0
35.3
0.1
4.5
43.4
0.1
0
0
0
0
0.5
0.1
0
0
0
0
1.2
0
2.9
0.3
0
0
0
0
0
0
0
0
0
0
0.6
0
0
0
0
0
0
0
0
0
0
0
0.5
5.7
0.5
0
11
3.4
9.4
0.6
15.4
0
0
1.9
0
0
0
15.8
0.1
0
0
0
22.6
0
33.6
0
0
0
0
0
0
7.3
0
0
0
0
3.1
0
0
0
16.6
1.4
0
1.1
2.2
23
0.5
0
9.1
0.4
0
38.4
0
1.1
3.3
0
-99
0
0
0
0
0
0
0.2
0
0
0
0
0
0
0
0
0
0
1.8
3.9
0
0
0
0
0
0
0
8.3
1.8
0
0
0
0
0
4.1
0
0
0
0
0
0
0
-99
0.8
0
0
0
0
0
0
0
0
0
1.5
0
0
0
0
0
0.5
0
0
0
0
0
0
0
0
0
0
0
0.1
0
0
0
0
0
21.7
0
1
1.1
0
0.8
0
0
0
0
0
0
0
0
0
0
0
0
0.4
0
0
0
0
0
30.6
0
0
0
0
0
0
0
0
0
0
0
0
0
0
0
0
0
0
0
0
0
0
0
0
0
0
0
0
2.1
3.9
0
0
14.5
8.3
0
0
0
0
3.1
23.4
30.7
9.6
1.8
1.9
0
0
0
0
0
1
2.7
20.2
5.1
0.1
0
0
17.7
6.5
1.9
0
0
0
0
0
0
0
0
0
0
0
0
0
0
0
0
0
0
0
0
0
0
0
0
0
0
0
0
0
0
0
0
0
0
0
0
0
0
0
0
0
0
0
0
0
0
0
0
0
0
0
0
0
0
0
0
0
0
0
0
0
0
0
0
0
0
0
0
0
0
0
0.6
0
0
0
0
0
0
0
0
0
0
0
0
0
0
0
0
0
0
0
0
0
0
0
0
0
0
0
0
0
0.2
0
0
0
0
0
0
0
0
0
0
0
0
0
0
0
2
3.4
31.2
27.5
0
0
0
5.1
0
0
0
0
0
0
0
10.8
16.1
5
4.5
0.6
0
0
1.8
0.1
23.6
0.4
0.5
0
0
0.6
0.9
1
0
1.8
0
0
0
0
0
0
12.2
0
23.5
0
0
0
0.9
0
0.2
0
0.3
0.1
0
0
4.4
5.5
0.1
0
0
0
0
5.6
6.4
0.1
0
0
0
0
0
0
3
0
0
0
0
0
30.4
0
0
0
0
0
0
0
0
0
0
0
0
0
0
0.2
5.2
0
0
0
0
0
0
0
0
0
0
0
4.2
0
0
0
27.4
0
0
0
0
-99
-99
-99
-99
-99
-99
-99
-99
-99
-99
-99
-99
-99
-99
-99
-99
-99
-99
-99
-99
-99
-99
-99
-99
-99
-99
-99
-99
-99
-99
-99
-99
-99
-99
-99
-99
-99
-99
-99
-99
-99
-99
-99
-99
-99
-99
-99
-99
-99
-99
-99
-99
-99
-99
-99
-99
-99
-99
-99
-99
-99
-99
-99
-99
-99
-99
-99
-99
-99
-99
-99
-99
-99
-99
-99
-99
-99
-99
-99
-99
-99
-99
-99
-99
-99
-99
-99
-99
-99
-99
-99
-99
-99
-99
-99
-99
-99
-99
-99
-99
-99
-99
-99
-99
-99
-99
-99
-99
-99
-99
-99
-99
-99
-99
-99
-99
-99
-99
-99
-99
-99
-99
-99
-99
-99
-99
-99
-99
-99
-99
-99
-99
-99
-99
-99
-99
-99
-99
-99
-99
-99
-99
-99
-99
-99
-99
-99
-99
-99
-99
-99
-99
-99
-99
-99
-99
-99
-99
-99
-99
-99
-99
-99
-99
-99
-99
-99
-99
-99
-99
-99
-99
-99
-99
-99
-99
-99
-99
-99
-99
-99
-99
-99
-99
-99
-99
-99
-99
-99
-99
-99
-99
-99
-99
-99
-99
-99
-99
-99
-99
-99
-99
-99
-99
-99
-99
-99
-99
-99
-99
-99
-99
-99
-99
-99
-99
-99
-99
-99
-99
-99
-99
-99
-99
-99
-99
-99
-99
-99
-99
-99
-99
-99
-99
-99
-99
-99
-99
-99
-99
-99
-99
-99
-99
-99
-99
-99
-99
-99
-99
-99
-99
-99
-99
-99
-99
-99
-99
-99
-99
-99
-99
-99
-99
-99
-99
-99
-99
-99
-99
-99
-99
-99
-99
-99
-99
-99
-99
-99
-99
-99
-99
-99
-99
-99
-99
-99
-99
-99
-99
-99
-99
-99
-99
-99
-99
-99
-99
-99
-99
-99
-99
-99
-99
-99
-99
-99
-99
-99
-99
-99
-99
-99
-99
-99
-99
-99
-99
-99
-99
-99
-99
-99
-99
-99
-99
-99
-99
-99
-99
-99
-99
-99
-99
-99
-99
-99
-99
-99
-99
-99
-99
-99
-99
-99
-99
-99
-99
-99
-99
-99
-99
-99
-99
-99
-99
-99
-99
-99
-99
-99
-99
-99
-99
-99
-99
-99
-99
-99
-99
-99
-99
-99
-99
-99
-99
-99
-99
-99
-99
-99
-99
-99
-99
-99
-99
-99
-99
-99
-99
-99
-99
-99
-99
-99
-99
-99
-99
-99
-99
-99
-99
-99
-99
-99
-99
-99
-99
-99
-99
-99
-99
-99
-99
-99
-99
-99
-99
-99
-99
-99
-99
-99
-99
-99
-99
-99
-99
-99
-99
-99
-99
-99
-99
-99
-99
-99
-99
-99
-99
-99
-99
-99
-99
-99
-99
-99
-99
-99
-99
-99
-99
-99
-99
-99
-99
-99
-99
-99
-99
-99
-99
-99
-99
-99
-99
-99
-99
-99
-99
-99
-99
-99
-99
-99
-99
-99
-99
-99
-99
-99
-99
-99
-99
-99
-99
-99
-99
-99
-99
-99
-99
-99
-99
-99
-99
-99
-99
-99
-99
-99
-99
-99
-99
-99
-99
-99
-99
-99
-99
-99
-99
-99
-99
-99
-99
-99
-99
-99
-99
-99
-99
-99
-99
-99
-99
-99
-99
-99
-99
-99
-99
-99
-99
-99
-99
-99
-99
-99
-99
-99
-99
-99
-99
-99
-99
-99
-99
-99
-99
-99
-99
-99
-99
-99
-99
-99
-99
-99
-99
-99
-99
-99
-99
-99
-99
-99
-99
-99
-99
-99
-99
-99
-99
-99
-99
-99
-99
-99
-99
-99
-99
-99
-99
-99
-99
-99
-99
-99
-99
-99
-99
-99
-99
-99
-99
-99
-99
-99
-99
-99
-99
-99
-99
-99
-99
-99
-99
-99
-99
-99
-99
-99
-99
-99
-99
-99
-99
-99
-99
-99
-99
-99
-99
-99
-99
-99
-99
-99
-99
-99
-99
-99
-99
-99
-99
-99
-99
-99
-99
-99
-99
-99
-99
-99
-99
-99
-99
-99
-99
-99
-99
-99
-99
-99
-99
-99
-99
-99
-99
-99
-99
-99
-99
-99
-99
-99
-99
-99
-99
-99
-99
-99
-99
-99
-99
-99
-99
-99
-99
-99
-99
-99
-99
-99
-99
-99
-99
-99
-99
-99
-99
-99
-99
-99
-99
-99
-99
-99
-99
-99
-99
-99
-99
-99
-99
-99
-99
-99
-99
-99
-99
-99
-99
-99
-99
-99
-99
-99
-99
-99
-99
-99
-99
-99
-99
-99
-99
-99
-99
-99
-99
-99
-99
-99
-99
-99
-99
-99
-99
-99
-99
-99
-99
-99
-99
-99
-99
-99
-99
-99
-99
-99
-99
-99
-99
-99
-99
-99
-99
-99
-99
-99
-99
-99
-99
-99
-99
-99
-99
-99
-99
-99
-99
-99
-99
-99
-99
-99
-99
-99
-99
-99
-99
-99
-99
-99
-99
-99
-99
-99
-99
-99
-99
-99
-99
-99
-99
-99
-99
-99
-99
-99
-99
-99
-99
-99
-99
-99
-99
-99
-99
-99
-99
-99
-99
-99
-99
-99
-99
-99
-99
-99
-99
-99
-99
-99
-99
-99
-99
-99
-99
-99
-99
-99
-99
-99
-99
-99
-99
-99
-99
-99
-99
-99
-99
-99
-99
-99
-99
-99
-99
-99
-99
-99
-99
-99
-99
-99
-99
-99
-99
-99
-99
-99
-99
-99
-99
-99
-99
-99
-99
-99
-99
-99
-99
-99
-99
-99
-99
-99
-99
-99
-99
-99
-99
-99
-99
-99
-99
-99
-99
-99
-99
-99
-99
-99
-99
-99
-99
-99
-99
-99
-99
-99
-99
-99
-99
-99
-99
-99
-99
-99
-99
-99
-99
-99
-99
-99
-99
-99
-99
-99
-99
-99
-99
-99
-99
-99
-99
-99
-99
-99
-99
-99
-99
-99
-99
-99
-99
-99
-99
-99
-99
-99
-99
-99
-99
-99
-99
-99
-99
-99
-99
-99
-99
-99
-99
-99
-99
-99
-99
-99
-99
-99
-99
-99
-99
-99
-99
-99
-99
-99
-99
-99
-99
-99
-99
-99
-99
-99
-99
-99
-99
-99
-99
-99
-99
-99
-99
-99
-99
-99
-99
-99
-99
-99
-99
-99
-99
-99
-99
-99
-99
-99
-99
-99
-99
-99
-99
-99
-99
-99
-99
-99
-99
-99
-99
-99
-99
-99
-99
-99
-99
-99
-99
-99
-99
-99
-99
-99
-99
-99
-99
-99
-99
-99
-99
-99
-99
-99
-99
-99
-99
-99
-99
-99
-99
-99
-99
-99
-99
-99
-99
-99
-99
-99
-99
-99
-99
-99
-99
-99
-99
-99
-99
-99
-99
-99
-99
-99
-99
-99
-99
-99
-99
-99
-99
-99
-99
-99
-99
-99
-99
-99
-99
-99
-99
-99
-99
-99
-99
-99
-99
-99
-99
-99
-99
-99
-99
-99
-99
-99
-99
-99
-99
-99
-99
-99
-99
-99
-99
-99
-99
-99
-99
-99
-99
-99
-99
-99
-99
-99
-99
-99
-99
-99
-99
-99
-99
-99
-99
-99
-99
-99
-99
-99
-99
-99
-99
-99
-99
-99
-99
-99
-99
-99
-99
-99
-99
-99
-99
-99
-99
-99
-99
-99
-99
-99
-99
-99
-99
-99
-99
-99
-99
-99
-99
-99
-99
-99
-99
-99
-99
-99
-99
-99
-99
-99
-99
-99
-99
-99
-99
-99
-99
-99
-99
-99
-99
-99
-99
-99
-99
-99
-99
-99
-99
-99
-99
-99
-99
-99
-99
-99
-99
-99
-99
-99
-99
-99
-99
-99
-99
-99
-99
-99
-99
-99
-99
-99
-99
-99
-99
-99
-99
-99
-99
-99
-99
-99
-99
-99
-99
-99
-99
-99
-99
-99
-99
-99
-99
-99
-99
-99
-99
-99
-99
-99
-99
-99
-99
-99
-99
-99
-99
-99
-99
-99
-99
-99
-99
-99
-99
-99
-99
-99
-99
-99
-99
-99
-99
-99
-99
-99
-99
-99
-99
-99
-99
-99
-99
-99
-99
-99
-99
-99
-99
-99
-99
-99
-99
-99
-99
-99
-99
-99
-99
-99
-99
-99
-99
-99
-99
-99
-99
-99
-99
-99
-99
-99
-99
-99
-99
-99
-99
-99
-99
-99
-99
-99
-99
-99
-99
-99
-99
-99
-99
-99
-99
-99
-99
-99
-99
-99
-99
-99
-99
-99
-99
-99
-99
-99
-99
-99
-99
-99
-99
-99
-99
-99
-99
-99
-99
-99
-99
-99
-99
-99
-99
-99
-99
-99
-99
-99
-99
-99
-99
-99
-99
-99
-99
-99
-99
-99
-99
-99
-99
-99
-99
-99
-99
-99
-99
-99
-99
-99
-99
-99
-99
-99
-99
-99
-99
-99
-99
-99
-99
-99
-99
-99
-99
-99
-99
-99
-99
-99
-99
-99
-99
-99
-99
-99
-99
-99
-99
-99
-99
-99
-99
-99
-99
-99
-99
-99
-99
-99
-99
-99
-99
-99
-99
-99
-99
-99
-99
-99
-99
-99
-99
-99
-99
-99
-99
-99
-99
-99
-99
-99
-99
-99
-99
-99
-99
-99
-99
-99
-99
-99
-99
-99
-99
-99
-99
-99
-99
-99
-99
-99
-99
-99
-99
-99
-99
-99
-99
-99
-99
-99
-99
-99
-99
-99
-99
-99
-99
-99
-99
-99
-99
-99
-99
-99
-99
-99
-99
-99
-99
-99
-99
-99
-99
-99
-99
-99
-99
-99
-99
-99
-99
-99
-99
-99
-99
-99
-99
-99
-99
-99
-99
-99
-99
-99
-99
-99
-99
-99
-99
-99
-99
-99
-99
-99
-99
-99
-99
-99
-99
-99
-99
-99
-99
-99
-99
-99
-99
-99
-99
-99
-99
-99
-99
-99
-99
-99
-99
-99
-99
-99
-99
-99
-99
-99
-99
-99
-99
-99
-99
-99
-99
-99
-99
-99
-99
-99
-99
-99
-99
-99
-99
-99
-99
-99
-99
-99
-99
-99
-99
-99
-99
-99
-99
-99
-99
-99
-99
-99
-99
-99
-99
-99
-99
-99
-99
-99
-99
-99
-99
-99
-99
-99
-99
-99
-99
-99
-99
-99
-99
-99
-99
-99
-99
-99
-99
-99
-99
-99
-99
-99
-99
-99
-99
-99
-99
-99
-99
-99
-99
-99
-99
-99
-99
-99
-99
-99
-99
-99
-99
-99
-99
-99
-99
-99
-99
-99
-99
-99
-99
-99
-99
-99
-99
-99
-99
-99
-99
-99
-99
-99
-99
-99
-99
-99
-99
-99
-99
-99
-99
-99
-99
-99
-99
-99
-99
-99
-99
-99
-99
-99
-99
-99
-99
-99
-99
-99
-99
-99
-99
-99
-99
-99
-99
-99
-99
-99
-99
-99
-99
-99
-99
-99
-99
-99
-99
-99
-99
-99
-99
-99
-99
-99
-99
-99
-99
-99
-99
-99
-99
-99
-99
-99
-99
-99
-99
-99
-99
-99
-99
-99
-99
-99
-99
-99
-99
-99
-99
-99
-99
-99
-99
-99
-99
-99
-99
-99
-99
-99
-99
-99
-99
-99
-99
-99
-99
-99
-99
-99
-99
-99
-99
-99
-99
-99
-99
-99
-99
-99
-99
-99
-99
-99
-99
-99
-99
-99
-99
-99
-99
-99
-99
-99
-99
-99
-99
-99
-99
-99
-99
-99
-99
-99
-99
-99
-99
-99
-99
-99
-99
-99
-99
-99
-99
-99
-99
-99
-99
-99
-99
-99
-99
-99
-99
-99
-99
-99
-99
-99
-99
-99
-99
-99
-99
-99
-99
-99
-99
-99
-99
-99
-99
-99
-99
-99
-99
-99
-99
-99
-99
-99
-99
-99
-99
-99
-99
-99
-99
-99
-99
-99
-99
-99
-99
-99
-99
-99
-99
-99
-99
-99
-99
-99
-99
-99
-99
-99
-99
-99
-99
-99
-99
-99
-99
-99
-99
-99
-99
-99
-99
-99
-99
-99
-99
-99
-99
-99
-99
-99
-99
-99
-99
-99
-99
-99
-99
-99
-99
-99
-99
-99
-99
-99
-99
-99
-99
-99
-99
-99
-99
-99
-99
-99
-99
-99
-99
-99
-99
-99
-99
-99
-99
-99
-99
-99
-99
-99
-99
-99
-99
-99
-99
-99
-99
-99
-99
-99
-99
-99
-99
-99
-99
-99
-99
-99
-99
-99
-99
-99
-99
-99
-99
-99
-99
-99
-99
-99
-99
-99
-99
-99
-99
-99
-99
-99
-99
-99
-99
-99
-99
-99
-99
-99
-99
-99
-99
-99
-99
-99
-99
-99
-99
-99
-99
-99
-99
-99
-99
-99
-99
-99
-99
-99
-99
-99
-99
-99
-99
-99
-99
-99
-99
-99
-99
-99
-99
-99
-99
-99
-99
-99
-99
-99
-99
-99
-99
-99
-99
-99
-99
-99
-99
-99
-99
-99
-99
-99
-99
-99
-99
-99
-99
-99
-99
-99
-99
-99
-99
-99
-99
-99
-99
-99
-99
-99
-99
-99
-99
-99
-99
-99
-99
-99
-99
-99
-99
-99
-99
-99
-99
-99
-99
-99
-99
-99
-99
-99
-99
-99
-99
-99
-99
-99
-99
-99
-99
-99
-99
-99
-99
-99
-99
-99
-99
-99
-99
-99
-99
-99
-99
-99
-99
-99
-99
-99
-99
-99
-99
-99
-99
-99
-99
-99
-99
-99
-99
-99
-99
-99
-99
-99
-99
-99
-99
-99
-99
-99
-99
-99
-99
-99
-99
-99
-99
-99
-99
-99
-99
-99
-99
-99
-99
-99
-99
-99
-99
-99
-99
-99
-99
-99
-99
-99
-99
-99
-99
-99
-99
-99
-99
-99
-99
-99
-99
-99
-99
-99
-99
-99
-99
-99
-99
-99
-99
-99
-99
-99
-99
-99
-99
-99
-99
-99
-99
-99
-99
-99
-99
-99
-99
-99
-99
-99
-99
-99
-99
-99
-99
-99
-99
-99
-99
-99
-99
-99
-99
-99
-99
-99
-99
-99
-99
-99
-99
-99
-99
-99
-99
-99
-99
-99
-99
-99
-99
-99
-99
-99
-99
-99
-99
-99
-99
-99
-99
-99
-99
-99
-99
-99
-99
-99
-99
-99
-99
-99
-99
-99
-99
-99
-99
-99
-99
-99
-99
-99
-99
-99
-99
-99
-99
-99
-99
-99
-99
-99
-99
-99
-99
-99
-99
-99
-99
-99
-99
-99
-99
-99
-99
-99
-99
-99
-99
-99
-99
-99
-99
-99
-99
-99
-99
-99
-99
-99
-99
-99
-99
-99
-99
-99
-99
-99
-99
-99
-99
-99
-99
-99
-99
-99
-99
-99
-99
-99
-99
-99
-99
-99
-99
-99
-99
-99
-99
-99
-99
-99
-99
-99
-99
-99
-99
-99
-99
-99
-99
-99
-99
-99
-99
-99
-99
-99
-99
-99
-99
-99
-99
-99
-99
-99
-99
-99
-99
-99
-99
-99
-99
-99
-99
-99
-99
-99
-99
-99
-99
-99
-99
-99
-99
-99
-99
-99
-99
-99
-99
-99
-99
-99
-99
-99
-99
-99
-99
-99
-99
-99
-99
-99
-99
-99
-99
-99
-99
-99
-99
-99
-99
-99
-99
-99
-99
-99
-99
-99
-99
-99
-99
-99
-99
-99
-99
-99
-99
-99
-99
-99
-99
-99
-99
-99
-99
-99
-99
-99
-99
-99
-99
-99
-99
-99
-99
-99
-99
-99
-99
-99
-99
-99
-99
-99
-99
-99
-99
-99
-99
-99
-99
-99
-99
-99
-99
-99
-99
-99
-99
-99
-99
-99
-99
-99
-99
-99
-99
-99
-99
-99
-99
-99
-99
-99
-99
-99
-99
-99
-99
-99
-99
-99
-99
-99
-99
-99
-99
-99
-99
-99
-99
-99
-99
-99
-99
-99
-99
-99
-99
-99
-99
-99
-99
-99
-99
-99
-99
-99
-99
-99
-99
-99
-99
-99
-99
-99
-99
-99
-99
-99
-99
-99
-99
-99
-99
-99
-99
-99
-99
-99
-99
-99
-99
-99
-99
-99
-99
-99
-99
-99
-99
-99
-99
-99
-99
-99
-99
-99
-99
-99
-99
-99
-99
-99
-99
-99
-99
-99
-99
-99
-99
-99
-99
-99
-99
-99
-99
-99
-99
-99
-99
-99
-99
-99
-99
-99
-99
-99
-99
-99
-99
-99
-99
-99
-99
-99
-99
-99
-99
-99
-99
-99
-99
-99
-99
-99
-99
-99
-99
-99
-99
-99
-99
-99
-99
-99
-99
-99
-99
-99
-99
-99
-99
-99
-99
-99
-99
-99
-99
-99
-99
-99
-99
-99
-99
-99
-99
-99
-99
-99
-99
-99
-99
-99
-99
-99
-99
-99
-99
-99
-99
-99
-99
-99
-99
-99
-99
-99
-99
-99
-99
-99
-99
-99
-99
-99
-99
-99
-99
-99
-99
-99
-99
-99
-99
-99
-99
-99
-99
-99
-99
-99
-99
-99
-99
-99
-99
-99
-99
-99
-99
-99
-99
-99
-99
-99
-99
-99
-99
-99
-99
-99
-99
-99
-99
-99
-99
-99
-99
-99
-99
-99
-99
-99
-99
-99
-99
-99
-99
-99
-99
-99
-99
-99
-99
-99
-99
-99
-99
-99
-99
-99
-99
-99
-99
-99
-99
-99
-99
-99
-99
-99
-99
-99
-99
-99
-99
-99
-99
-99
-99
-99
-99
-99
-99
-99
-99
-99
-99
-99
-99
-99
-99
-99
-99
-99
-99
-99
-99
-99
-99
-99
-99
-99
-99
-99
-99
-99
-99
-99
-99
-99
-99
-99
-99
-99
-99
-99
-99
-99
-99
-99
-99
-99
-99
-99
-99
-99
-99
-99
-99
-99
-99
-99
-99
-99
-99
-99
-99
-99
-99
-99
-99
-99
-99
-99
-99
-99
-99
-99
-99
-99
-99
-99
-99
-99
-99
-99
-99
-99
-99
-99
-99
-99
-99
-99
-99
-99
-99
-99
-99
-99
-99
-99
-99
-99
-99
-99
-99
-99
-99
-99
-99
-99
-99
-99
-99
-99
-99
-99
-99
-99
-99
-99
-99
-99
-99
-99
-99
-99
-99
-99
-99
-99
-99
-99
-99
-99
-99
-99
-99
-99
-99
-99
-99
-99
-99
-99
-99
-99
-99
-99
-99
-99
-99
-99
-99
-99
-99
-99
-99
-99
-99
-99
-99
-99
-99
-99
-99
-99
-99
-99
-99
-99
-99
-99
-99
-99
-99
-99
-99
-99
-99
-99
-99
-99
-99
-99
-99
-99
-99
-99
-99
-99
-99
-99
-99
-99
-99
-99
-99
-99
-99
-99
-99
-99
-99
-99
-99
-99
-99
-99
-99
-99
-99
-99
-99
-99
-99
-99
-99
-99
-99
-99
-99
-99
-99
-99
-99
-99
-99
-99
-99
-99
-99
-99
-99
-99
-99
-99
-99
-99
-99
-99
-99
-99
-99
-99
-99
-99
-99
-99
-99
-99
-99
-99
-99
-99
-99
-99
-99
-99
-99
-99
-99
-99
-99
-99
-99
-99
-99
-99
-99
-99
-99
-99
-99
-99
-99
-99
-99
-99
-99
-99
-99
-99
-99
-99
-99
-99
-99
-99
-99
-99
-99
-99
-99
-99
-99
-99
-99
-99
-99
-99
-99
-99
-99
-99
-99
-99
-99
-99
-99
-99
-99
-99
-99
-99
-99
-99
-99
-99
-99
-99
-99
-99
-99
-99
-99
-99
-99
-99
-99
-99
-99
-99
-99
-99
-99
-99
-99
-99
-99
-99
-99
-99
-99
-99
-99
-99
-99
-99
-99
-99
-99
-99
-99
-99
-99
-99
-99
-99
-99
-99
-99
-99
-99
-99
-99
-99
-99
-99
-99
-99
0
0
0
0
0
0
0
0
9.1
8.9
0.1
0
0
0.1
0
0
0
0
0.1
0.3
0
8.4
2.6
0.6
0
0
0
0
0
1
3
0.2
0
0
0
0
0
0.2
2.3
4.8
0.1
0
0
0
2.2
0.3
0
0
0
0
0
0
11.3
0.2
0
0
0
0
0.1
0
0
0
0
8
1.1
0
9.2
0
0.1
0
0
0
0
0
0
0
0
0.1
0
0
0
0
0
0
0
0
0
0
0
0
0
0
0
0
0
0
0
0
3.4
0
5.1
0
0
5.8
13.4
0
0
0
0
0.6
0.3
0
0
0
0.7
12.9
0
10.8
9.5
18.7
23
0
0
0
0
0
0
0
1.6
0.2
1.2
0
0
0
0
0
0
0
0
0
0
0
0.4
0
0.2
0
0
0
4.3
36
0
6.3
0.6
0
0
0
0.1
0
0
4.9
1.2
0.3
0
0
0
0
0
26.1
0
2.8
15.6
0
0
3
0
0
0
0
0
0
0
0
0
0
0
0
0
0.2
0
0
0
0.2
0
0
0
0
0
0
0
0
0
0
0
0
0
0
0.7
0
0
0
0
19.9
0
0
0
1.5
0
0
0
0
0
0
0
0
0
0
0
0
0
0
3.5
0
0
0
0
0
7.8
0
0
0
0
2
3.1
1.1
7.4
0.2
0
0
0
0
0
4.6
3.3
0.1
0
0
5
0
35.5
0.1
1.6
0
0
0
0
0
0
7.8
0
0
0
0
0
0
0
7.5
19
0
0
0
0
0
0
0.1
0
0
0
0.1
0
0
0.1
0.1
0
0
0
0.1
0
0
0
0
0
0.4
8.7
0.7
3.4
0
0
0
0
0
0
0
0
1.9
2.6
0.1
0
0
0
0.1
0
0
0
0
0
0
45.5
6
0.2
0
0
0
0
0
0.1
0
0
0
0
0
0.1
0
0
0
0
0
0
0
0
0
0
0
0
0
0
0
0.1
0.1
0
0
0
0
0
0.1
0
0
0
0
0
1.2
0
0
0
0
0.9
0
0
0
0
0
0
0
0
0
0
0
0
0
0
0
0
0
0
0
0
0
0
0
0
0
0
0
0
0
0
0
0
1.1
0.7
3.7
0
0
0
0
3.3
0
0
0
0
0
0
0
0
0
0
0.6
0
0
0
0.3
0
1.9
0.3
0.7
11.1
17.5
2.4
1.6
0
0
0
0.8
0
2.5
6.4
0
0
0
0
5.3
0
0
3.7
15.1
0.6
0
0
0
0
0
0
0
0
0
0
0
0.3
1.5
0
0
0
0
0
16.1
1.2
1.5
0
12.3
0
0
0
0
0.2
0
9.5
3.8
8
2.3
11.8
0.1
0
0
0
0
0
0
0
0
0
0
0
0
2.2
0
0
0
0
0
28
7
0
0
0
0
0
0
0.1
0
0
0
0
0
0
1.5
0
0
0
0
0
0
0.7
0
0
0
0
0
5.9
1.1
0
0
0
0
0.7
0.3
1.9
0.5
0
0
0.7
0
0
11.1
0
0
0
0
0
0
0
0
0
0
0
0
0
0
0
0
0
0
0
0
0
9.1
18.1
0
0
3.3
0
0
0
0.2
0
1.9
30.9
16.8
1.3
0
0
0
0
0
0
0
25.4
0.1
0
0
0
0
7.8
28
0
0.4
0
1.8
0
16.8
0
0
12.7
0
0
0
0
0
0
0
0
0.1
5.9
7.9
0
0
0
0
0
0
0
0
27.8
3.2
0.2
0
0
0
0
0
0
0
0
0
0
0
0.1
41.7
2.7
0
0
0.5
0
0
0
0
0.1
0
0
20.4
0.1
0.2
0.9
0
0
0
0
0
0
0
2
0
0
0.9
0
0
0
0
0
0
0
0
0
0
0.2
0.7
0
0
0
0
0
15.5
0
0
0
0
0
0
8.4
0
0
0
0
0.6
0.5
0
0
0
10
2.2
0
0.1
16.7
1.5
0.7
17.6
0.1
0
0
0
0.3
0
0
0
0.1
0
0
0
0.1
0
0
0
