20000101
0
0
0.2
0
0.2
0
0
0
0
0
0
0
0
0
0.2
0
0
0
0
0
0
0.2
0
0
0
0
0
0
0
0
0
0
0
0
0
0
0
0.2
0
0
0
0
0.2
0.2
0
0
0
0
0
0
0
0
0
0
0
0
0.2
0
0
0
0
0
0
0.2
0
0
0
0
0
0.2
0
0
0
0
0
0
0
0
0
0.2
0.2
0
0.2
0
0
0
0
0.6
0.2
0
0.2
0
0.4
0.2
0
0
0
0
0.4
0.4
0
5.5
0
0
0.4
0
9.9
0.2
0
0
0
0
1.2
1.4
0
0
0.2
1.8
0
0
0
0
0
0
0
0
0
0
0
0.2
33.5
0.2
0.2
0
0
0
0
0.6
0
0
0.4
6.3
1.6
0.2
0.2
2.2
0.4
0.4
0
0
0
0
0
0.2
0.2
1.4
15.5
0
0
0
54.1
14
1.2
0
0.6
0.2
0
0
0
0
0
0
0
0
0.2
0.4
0
0
0
0
0
0
0
0
0
0
0
0
0
0
0
0.4
0.4
0
0
0
0
0.6
0
0
0
0
0
0
2
0
0.2
0
0
0
0
1
0
0
0
0
0
0
0
0
0
0
0.2
0.2
1.2
0
0
0
0
0
0
0
0
0.2
0
0
0
0
0
2.2
0.4
0
7.3
0
0.2
0
0
0
0
0.2
0
0
0
0
0
0.2
0
0
0
0.2
1.6
6.1
66.6
0
0
0
0
0.2
0
0.2
18.5
27.8
0.4
0
0
0
0
0
0
0
0
0
0
0
0.6
1
2.8
0.2
0
0
0
0
0
0
6.1
29.5
1.8
0.2
0.8
0.8
0.2
0.4
0.2
0
5
0
4.2
0.2
0
0
1.6
0
0
0
0
0
0
2.4
0
0
0
0
0
0
0
0
4.2
13.5
0.2
0
0
0.2
0.2
12.6
0
0
0
0
0
0.2
4.2
6
0
0.2
0
0
0.2
0
0
0
0
0.2
0
0
0
0.6
6.3
19.2
40.7
0.2
1
0.4
1.6
0.2
0.6
0
0
0.2
0
0.6
0
0
0
0
0
0
0.8
0.2
4.5
1.8
4.4
0
0.2
0
0.2
0
0.2
0
0
0
0.2
1.4
0
1.6
0
0
0
0
0
0
0
0
0
0
0.2
0
0
0.2
0.4
1
6.2
0.8
0
0.2
0
0
0
0
0
0
3.3
0
0
0.4
0
0.2
1.8
0
0
1.8
0
12.2
2.6
0
0.4
0.2
0.8
0
0
0
0
0.2
0
0
0
0
0
0
0
0
0
0
0
1
0
0
0
0
0
0
0
0
0.2
0
0
0
0
0
0
0
0
0
0
0.2
0
0
0
0
0
0
0
0
0
0
0.2
67.5
11.6
2.9
2.4
1.6
0
0
0
0
2.8
5.4
0
0
0.2
0
0.2
0
3
4.6
0
0
0
0
0.2
0
0
0
0
0
0
0
0
0
0
0
0
0
0
0
0
0
1.6
0
0
0
0
0
0
0
0
0
0
0
0
0
0
0
0
0
0
0
0
0
0
0
0
0
6.3
0
0.2
25.1
0.2
0
0
0
7.6
0.2
42
0
1.2
22.8
0
0
0
0
0
0
0
0
0
0
0
0
0
0
0
0
0
0
0
0
0
0
0
0
0
0
0
0.2
0
0
0
0
0
0
0
0
0
0
0
0
0
0
0
0
0
8.7
0
0
0
0
0
0
0
0
0
0
0
0
0
0
0
0.2
2.4
0
61.6
1.4
0
0
0.2
0
3.4
0
0.2
0.2
0.4
10.6
0.2
0.2
0
0.2
0
9.5
4.8
0
0
1.4
0.2
0.2
0.2
11.8
4.7
8.2
9
0
0
0.2
0
0
0.2
0.2
0.2
0.2
0.2
0
0.2
1.8
0
0
0.2
0.2
0
0
0
0
6.1
0
0
0.6
7.2
36.5
32.2
1
0.2
0
0.2
0.2
0.2
0
0
0.2
0
0.2
0
0.2
0.2
0.2
0
0.2
0.2
0
0
0.2
0
0
0
0
0
9.6
0
0
0
0.4
0.2
0
0.2
0
0.8
0
0
0
0
0
0
0
0.4
0.8
6.2
12.7
9
0
0
0.2
2.2
0
5.4
0.2
0
1.2
0.2
0.2
0
0
0
0
0.2
0
0.8
1.8
0
0
0
0
0
0
0
0
0
0
0.2
0
2.6
0
0
0
0
0
0.2
0.2
0
0.2
0
0
0
0
0
0
0
0
0
0
0
0
0
0
0
6.9
0
4.2
23.8
0
0
0
0
0
0
0
3.7
0
0
0
11.6
0
0
0
0.2
0
0
0.2
0
0.2
0
1.2
5.8
0.2
0
0
7.4
10.4
0.8
0
2.9
8.8
0.2
0
16.7
1.4
11.9
0
0
0
0
0
0
0.8
0
0
0
0
0
0
0
0
0
0
0
1.8
6.2
0.8
0
0
6.4
16.4
32.4
1.2
1
0
0.2
0
0
0.2
0
0
0
0
0
0
1.4
0
0
0
3.6
0
0
0
0
0
0
0
0
20.2
2.4
0
1
5
0
0
0
0
0.2
0
0
0
0
0
0
0
0
0
0
0
0
0
0
0
0
1.8
0.2
0
0
0
0
0
0
0
0
0
0
0
1.8
0
0
0
0
0
0
0
0
0
0
0
0
0
0
0
0
0.2
0
3.2
0
0
0
0
0
0
4.8
7.1
0
0
0
0
0
9.5
0
0.2
0
0
0.2
0
13.2
3.6
25
0
0
6.5
0
0
0
0.4
0
0.2
0.4
9.6
0.8
0
0
4.1
0.2
0
0
0.4
0
0.2
0
21.8
8.5
0
0.2
12.9
1.4
0.2
0
0
0
0
0
0
0.2
2.4
0
9.2
0
0.2
0
0.2
0
12.4
35.6
3.2
0
0
0
0.2
0.2
0.2
0
0
0
0.2
0.2
0
0
0
0
0.2
0.2
0.2
0.2
0.2
0
0.2
0
0.8
0
0
0.2
0
0
0
0
0
0.2
3.2
5.4
0.8
0
0
0.2
4.5
6.1
0
0
1.2
42.9
0
0
0.2
0
0.2
0
0.6
0
0
0
0
0
0
0
12.2
20.5
0
0.2
0
3.7
0
0
0.8
0.2
3.4
1
0.2
0
0.2
0.2
0
0
0.4
0.2
0
0.2
0
0
0
0
0
7.2
0.8
0
0.8
0.2
0
0
0
0
0
0
0
0
0
0.4
2.2
0.4
0
0
0
0
0
0
0.2
0
0.8
0
0
0
0
6.4
0
0
0
0
0.2
0
0
0.6
3.8
7.6
0.6
0
0
0
14.4
48.5
0
2
0.6
0.2
11.9
23.4
0
0
0.2
0
0
0
1.8
2
0.2
0
0.2
0.2
0
0.2
0
0
0.2
0
0
0
0
0
0
0
0
0
0
0
0.6
20.4
0
2.2
1
0
0.2
0
0
0
0
0
0
3.4
0
0
0
0
5.1
6.2
0
0
0
8.3
0
0
0
0
0
0
0
0
0.2
0
0
0
0.4
0
0
0
51.2
16.2
0.6
0
0
0
0
0
0
0.6
4.8
3.2
0
1.8
0
0
0
0.2
5.3
3.9
0
0
0
0
0
0
0
0
0
0
1.8
0
0
0.4
0
0
0
0
0
0
0
1
0
0
0
0
0
0
0
0
0
0
0
47.6
0
0
0
0
0
0
2.4
0
0
0
0
0
0
0
0
0
0
0
0
2
0
0.2
0
0
0
0
1
0
0
0.8
0
0.2
0
0
0
0
0
0
0
0
0
0
0
0
0
0
0
0
0
22.1
0
0.2
0
0.6
0.6
0.8
0
0
0
0
0
0
0
27.3
0
0.6
8.8
7.7
0
0
16.7
3
0
0
0
0
0
0.2
0
0
0
0
0
0
0
0.4
0.4
0
0
0
2.8
1.2
6.1
5.4
22.4
0
0
0.2
0
0
0
0
0
0
0.6
6.9
6.6
0
4.6
4.6
35.4
16
30.9
0
0
3.9
0
0
0
11.7
6
3.2
0.2
0
1.4
0
0
0
0
0
0.2
0.2
1.6
2.2
44.7
0.8
0
0.2
0
0.4
16.2
3.8
0
0
0
0.6
4.4
3.3
3.3
0
0.6
2
0
0
0
6.4
0
0
16
1.8
0
1
2.8
0
0
0
0.2
0
0.2
0
0
0
1.4
0.2
0
0.2
0
0
0
0
0.2
0
1.2
0
0
0
0
0
0
0
0
0.2
0
0
0
0
0
0
0
0
0
0
0
0
0
0
0
0
0.2
2.2
0.4
0.2
0
0
0
1.4
0.2
0
0.2
0.2
0
0
0
0
0.2
0
0
0
0
0
0
0.2
0
0.6
0
23
13.7
0.2
0
0
3.6
20.9
25.6
0.4
0
0
0
0
0
0
0
2.4
0
0
0
0.2
0
0
0.4
0
0
0
0
0
0
0
0
0
0
0
0
6.5
17.6
0.2
42.4
4.6
12.2
0.8
2
0
0
0
0.2
4.5
28
-99
-99
-99
-99
0
0
0.2
20.9
0
1.4
0
0
0
27.4
0
0
0.2
0
0
1.6
3.2
0.2
2.6
1.6
30.1
1.2
0
0
0
0
0
0.2
9.4
1.8
0
0
0
0
0
0
0
0
0
0.6
0
0
0
0
0
0
0
1.6
0.2
0
0
0
0
0
0
0
0
0
0
0
1
0.2
0
2
0
0
0
4.1
0
0
0
0
0
0
0
0
0.6
0
0
0
0
0
0
0.4
3.8
0.4
0
0
0
3.6
0
0
0
0
0
0
0
0
0
0
0
0
0
0
0
0
0
0.2
0.2
0
0
0
0
0
0
0
0
0
0
0
0
0
0
0
0
0
0
0
0
0
0
0
0
0
0
0
0
1
14.9
0.4
6.2
0
0.8
8.4
0
0.4
55.2
5.5
0
0
5.1
15.3
0.4
0
6.5
0
0
0
0.2
0
0
0.2
0
0
0
0
0
0
0
0
0.2
0.2
0.2
0.2
0
0
0.2
0
0
0.2
0
0
2.2
0
0.2
0
0
0
0.8
0.8
0
1.8
0
0.2
0
8.4
0.4
7.2
0.2
0.2
0
0
0
0.2
0
0
0.4
0
0
0
0
0
0
0
0
0
0
0
0
0
0
0
0
0
0.2
0.2
0
0
0.2
0.2
8.6
0
14.4
0
1.6
6.8
2.2
0.2
1.4
7
5.8
0
0
0
0
0
0.8
0
0
0
0
0
0
0
0
0
0.2
0
0
0
0
0
0
0
0
0
0.2
0
0
0.2
0.2
0.2
0.2
0.2
0
0
0.2
0.2
0
0
0
0
0
0
0
0
0
0
0
0
0
0
0
0
0
0
0
0
0.4
12.7
0.4
4.4
9.1
0.2
0
0
0
0
0
0
0
0
0
0
0
1.2
0
0
0.2
0
0
0
1
0
0.2
0
0
0
0
0
0
0
3.9
0.2
0
0
0
0
0.2
0
0
0
0.6
1.4
5.3
0.6
0
0.4
0
0
1.8
0
0
0
3
0
0
0
0.2
0
1.2
0
0
0
0
0
0
0
0
0
0
0
0
0
0
0
1.6
0
0
0
0
0
0
0
0.4
5.5
0.2
0
0
0
0
1
0
0.4
0
17.7
0.4
0
40.4
8.6
0
0
0.2
0
0.2
0
0
0.2
0
0
0
0
0
0
0.4
0
0
0
0
0
0
0
0
0
0
0.2
3.4
0.2
0
0
0
0
0
0
11.3
0
0.2
0
0
0
0
0.4
0
0
0
0
0
0
0
0
5.3
8.2
9.4
0
0
0
0
0
0
0
0
0
0
0
0
0
0
0
0
0
0
0
0
9
0
12.3
0
0
0
0
0
0
0
2
21.2
8.9
0
0.2
0
0
0
0.8
16.3
0
0
0
0
0
0
0
0
0
0
0
0
0
0
0
0
0
0
18.5
41.4
2.8
0
0
0
0
1.4
1.2
0.2
0.4
0.4
0
0
0
0
0
0
0
20.8
0.4
0
0.2
0
0
0.2
0
0
0
5.5
12.7
0.2
0
0
1
32.4
42.6
17.5
12.3
5.7
0
0
1
0.2
0
0
0
53.7
0
0.2
0
0
0
0.2
0
8.4
0.2
0
0
0.2
0
0
0
0.2
17
12.5
2.2
9.2
71.1
29
2
0.2
0
0
0.2
0
0
0
0
0
0.2
0
0
0
0
0
0
7.4
0
0
0
0
0
0
0
0
0
0
0
0
0
0.2
0
0
0
0
0
0.2
0.2
0
0
0
0
0
0
0
0
0
0
0
0
0
2.4
25.8
31.2
13.8
10.7
0
0
0
0
1
2
0.2
0
0
0
0
0.2
0
0
0
0
3
5.2
14.4
9.5
1.2
0
0
0
0
0.2
0
0
0
0
0.2
0
0
0
0
0.2
0
0
0
0.6
0
0
1.6
0
0
0
8.7
0
0
0
0
0
0.2
0
0
0
0
0
0
0
0
0
0
0
0
0
3.8
0
0.6
1
0.2
0
0
0
0
0
0
0
0
0
0
0.4
0
0
0.6
0.2
0
0
0
0
0
0
0
0
1.6
0.2
2.4
0
0
1
0
0
0
0
0
0
0.8
0
0
0
0
0
3.2
0.2
0
0
0
0.2
0
0
0
2.8
0
0
0
0
0.8
0
0
0
0
0
0.2
0
0
0
0
0
0
1.8
4.6
0
0
0
0
0
0
0
0
0
0.2
0
0
0
0
0
0.4
0
0
0
0
0
0
0
0.2
0.2
0
0
0
0
0
0
0
0
0
0
0
0
0
0
0
0
0
0
0
0
0
0
0
0
0
0
-99
0
0
0
0
0
0
0
0
0
0
0
0
0
0
0
0
7.8
0.2
0
0
0
0
0.4
10.6
6.1
0.4
0
0
0
0
0
0.8
0.4
0
0
0
0
0
0
0
0
0
0
0
0
0
0
0
0
0
4.9
100.9
166.3
58.2
1
0
0
0
0
0
0.2
0.6
24.6
0.2
0
0
2.2
0
0.2
0
0.2
0
0
0
0
0
0
3.1
1.2
0
10.8
0.2
0
0
0.2
0.8
0
20.1
0.2
2.6
0.2
0
2.2
0
0
0.2
0.2
0.2
0
0.2
0
0.2
0.2
0
0.2
0
0
1.6
0
0.2
0
0.2
0
0.2
0
0.2
1
0.4
0
0
0
0
0
0
0
0.2
0
0.2
1.2
2.8
0.2
0
3.8
0.2
0
0
8.4
0
3.2
0
0
0.2
0
0
0
3.6
0
0
0.2
0
0
0
4
1.8
0
0
0
0
0.2
0
0
0.2
0
0.2
0
0
0
0.2
0
0.2
0
0.2
0.2
0.2
0
0.2
0
0.2
0
0.2
0
0
0.2
3.2
0.2
0
1.6
0
0
0
0
3.2
0
0.2
0
0.2
0
0.2
0
0
5.2
2.4
0
0
0.2
0
1.4
0
0
8.7
0
0
0
11.3
0.2
0
0
0.2
0.2
0
0
0
0.2
0
0
0
0
8.4
0
0
0
0.6
0.6
0
0
0
0
0
0
0.4
0
0
0
0
0
0
1.7
3.9
0.7
0.2
0
8.5
9.2
12.1
5.6
5.8
3
2
0
0
0.9
0.3
0
12.4
16.9
11.7
2.8
0
0
0
0
0
0
0
0
0
0
0
0
0
14.7
0
4.5
0
3
0
0.6
0
0
0
0
0
0
0
0
1.4
0
0
0
0
0.3
0
0.1
0
0
2.1
0
0
0
0
0
0
0
0.1
0
0
0
0
0
0
0
0
0
0
0
0
0
0.6
0
0
1
0
0
0
0
0
0
0
0
0
0
0.2
0
0.8
0
0
0
0
0
0
0
0
0
0
0
0
0
0
0
0
0
0
0
2.7
0
0
0
0
0
0
0
0
0
0
0
0
0
0
0
0.4
23.4
0.2
0
0
0
0
0
0
0
0
0
0
0.1
0
0
0.7
14.8
0
0
0
4.3
0
0
0
0
0
0
0
0
0
0
0
0
0
0
0
0
0.4
0.1
0
0
0
8.1
0
0
0.1
22.1
0
0
0
0
0.2
0
0.3
0
0
0
0
36.3
30
0.3
0
0
0
0
4.4
0
0
0
0
4.6
25.8
0
0
0
0
0
0
0
0
0
0
0
0
0
0
0
0
0
0
0
0
0
0
0
0
0
0
0
0
0
0
0
0
0
11.8
0.8
0
0
0
0
0
0
0
0
0
0
0
2.1
0
0
0
0
0.1
5.3
0.4
0
0
0
0
0
0
30.6
7.8
0.2
9.2
37.9
0
11.6
0.4
0
0
0
0
0
0
0.2
0.2
7
11
0.3
0
0
0
0
0.4
1.4
0.3
3
0
0.7
0
3.7
0
0
0.2
0.1
0.2
0
0
0
0.1
0
0.2
0
0
0
0
0
0
2.7
6.1
0
0
0
0
0
0
0
0
0
0
0
0
0
1.1
2.5
0.6
0
0.2
1.3
6
5.75
0.2
0
0.1
0
0
0
0.2
0.5
0
0
0
0
0
0
0
0
0
0
0
0
0
0
0
0.6
0.1
0
0
0.3
0.2
2.45
0
0
0
4.6
0
0
0
0
0
0
0
0.2
0.1
4.7
2.7
4.85
0
0
0
0
0
6.9
6.9
0.2
8.9
2.1
0.1
0
0
0
0
0
0.6
0.2
0
0
0
0
0
3.2
0
0
0
50
95.4
16.15
11.4
0.2
1.5
0
1
7.5
1.1
18.6
0
0
0
0.5
5
12.6
0.6
6.3
5
0
0
2.3
0
0
0.1
0.1
0.2
0.1
0
0
0.1
5.2
8.1
0.1
0
0
0
0.4
0.1
0
0
0
0
0
0
0
0
0.3
10.45
0
0
0
0
0
0
0
0
0
0.2
0
0
0
0
38.3
0.1
0
0
0
0
0
0
0.1
0
0
0
0
0
0
0
0
0
0
0
0
0
0
0
0
0
0
0
0
0
0
0
0
0
0
0
0
0
0
0
0.1
14.7
0
0
5.6
0.1
0
0
0
0
0.5
0.1
0
0
0
0
0.6
0
3.9
0
0
1
0
0
0
0
0
0
0.5
44.5
0
0.5
49.5
6.4
0
0
47.3
0
0
0
0
0
0
0.1
0
0
0
0.1
13.8
0.2
0
0
2.7
0
0.1
0.2
0
0
18.9
0
0
0.1
22.8
22.6
0.3
1.4
0
0.2
33.3
32.3
0
31.9
7.4
50.1
0.2
0
0
0
0
1.7
0
0
0
0
0
0
0
0
0
0
0
0
0
0
0
0
0
0
0
0
0.2
0
0
0
0
0
0
0
0
0
7
0.5
0
0
6.7
0
2.4
0
0
0
0
0
0
0
0
0
0.1
7.1
13.2
9.6
0.7
0
0.2
0
4.4
1.1
0.7
0
0
0
0
11.3
3.4
0
0
0
0
0
0
0
0
0
0
0
0
0
0
0
0
0
0
0
0
17.5
5.6
1.1
0.7
0
0.1
0.2
0
0
0
0
0
0
0
0
0
0
0
0
0
0
0
0
0
0
0
0
0
0
0.9
0.8
6.8
3.1
0
0
0
0
0
0
0
0
0
0
0
0
0
0
0
0
0
0
0
0
0
0
0
11.1
3.2
9.6
20.5
3.5
7.8
0.1
0
0
1.7
57.2
8.4
0
29.9
29.4
1.1
0
0
1.2
0.3
0
0
2.9
0
0
0
0
0
0
13.3
0.3
0
0
0.1
0.1
0
0
0
0
0
0
0
0
0.1
0
0
0
0.3
0
0
0
0
0
0
0
0
0
0
0
0
0
0
0
0
0
0
0
0
0
7.1
3
0
0
0
0
0
0
0
0
0
0
0
0
1.3
0.5
0
0
0
0
0
0
0
0
0
0
0
0
0
0
0
0
23.7
0.2
1.8
0
0
0
0
0.1
0
0
0
0
0
0
0
0.1
0
0
0
0
0
0
0
0
0
0
0
0.1
0
0
0
0
0
0
0
0
0
0
0
0
0
0
0
0
0
0
0
0
0
1.4
0
0
0
0
0
0
0.1
0
0
0
0
0
0
0
0
0
0
0
37.1
0.2
11.2
0
25.7
2.4
0.2
0
0
0.8
0
0
0
0
0
0
0
24
0.2
0.1
0
0
0
0.3
0
0
0
0
0
0
0
0
0
0
0
0
0
66.9
20.8
42
0
0
0
0
0
0
0
0.1
0
0
0
0
0
0
0
0
0
0
0
0
0
0
0.1
0
0.2
0
0.1
0
0
0
0.3
0
0
0.2
0.7
0.2
0
2.8
0.2
0
0
0.1
0
0
0
0
0
0
0
0
5.4
10.8
21.2
1.3
0
0
0
0
0
17.6
13.2
3.6
13.2
2.1
1.3
0
0.3
0.2
3.3
0.5
0
0
0
12.3
2.6
0
12.9
3.7
0
0
0
8.2
2.2
3.5
0
0
0
5.8
0.5
0.1
0
0
0
0
4.9
0
0
0
0
0
0.4
0.1
0
0
5.3
0.1
0
0
3.7
1.2
0
0
0
0
0
2.3
2.4
1.1
11.1
0.8
0
0.8
0.1
0
0
0
0
3.2
0
0
0.1
5
0
0
0
9.6
10.3
0
0
0
0
0
0
0
0
0
0
0.1
0
2.9
1.8
0
0
1.1
0
0
0
0
1.4
0
0
0
0
0.1
0
0
2.7
0
0
0
0
8.1
1
0.2
0
0
0.2
0.1
0
0
0.1
0
2.3
0.1
0
0
0
0
0
0
2.6
0.3
36.5
0.1
0
0
3.8
4.5
2.2
0.1
0.5
1.9
1.7
0
0
0
0
0
0
0
0
0
0
0
0
0
0
0
0
0
0
0
0
0
0
0
2.7
0
0
16.4
4.7
0
0.1
0
8.1
0.4
1.4
0
0
0
0
0
0
0
0
0
0
0
0
0
0
0
0
0
0
0
0
0
0
0
0
0
0
0
0
0
0
0
0
0
0
0
0.1
4.2
0
0
0
0
0
0
0
0
2.6
4.4
0
0
0
0
0
0
0
0
0
11
0.6
0
0
0
0
0
31.1
0
0
0
0
0
0
0
0
0
0
0
0
0.5
0.1
0
0
0
1.5
0.2
0
0
0
0
0
0
0
0
0
35.6
0
0
14.9
6.8
0
4
0.2
0
0
0
0
0
0
0
0
0
0
0
0
0
0
15.8
1.5
4.8
17
0.4
0
0.1
0
0
0
0
0
0
0
0
0.1
0
0
0
0
0
0.1
0
0
0
0
0
0
0.1
0.1
0
0.1
0
0
0
0
0
0.4
0
0.3
0
0
1.3
0.1
0
0
0
0.1
0
0
0
0.5
2.6
0.1
0
0
0
0.3
0.1
1.5
1.6
0.9
0
0
0
0.6
0.2
0
0
0
0
0.2
0
9.6
1.7
0.1
0
0
0
0
0
0
0
0.1
0
0
0
0
0.4
0.1
0.1
0
0
0
0
0
0
0.1
0.1
0
0
0
0
0
0
0
0
0
0
0
1.1
56.9
0
2
0.9
0
0
0
0
0
0
0
0
0
0
0
0
0
1.3
0.5
0.2
0.6
0
1.4
0
0.1
0
0
0
0
0
0
7.8
0.3
0
5.9
19.8
0
0
0
0
0
0
9.1
103.7
1.5
1.9
28.6
1.1
0
0
0
0
0
6.3
0
0
0
0
3
0
0
0.1
0
0
0
0
0
0
0
0
0
0
0
0.4
0
0
0
0.7
0.2
0
0
0
0
1.2
5.4
2.7
4.3
1.4
9.7
0
0
0
0
0
0
0
0
0.4
0
16.3
0
0.1
0
0
0
0
3.9
0
0
0
0
0
0
0
0
0
0
0
0
1.1
0.2
0
0.3
16.8
0
2.8
0.8
3.4
0
0
19.2
0
0
14.6
0
0
0.1
0
0
0
0
0
0
0
0
0
0
0
0
0
0
0
0
0
0
0
0
34.6
0
0
0
0
0
0
0
1.9
0
0
0
0
0
0
0
0
0.4
7.8
0
0
0
0
0.5
0
2.8
0.1
0
0
0
0
0
0
0
0
0.2
0
0
0
0
0.1
0
0
0
0
0
0
0
0
0
0
0
0
0
0
0
0
0
0
0
0
0
0
2
0
0
0
0
0
0
0
0
0
0
0
0
0
0
0
0
0
0
8
0
0.2
0
0
0
0
0
0
0
0
0
0
0
0
0
0
0
0
0
0.7
0
0
0
0
0
0.2
0
0
90.1
30.6
0.1
0
61.3
7.3
0.9
0
0.4
0.6
7.1
9.4
37
0.9
3.1
3.8
0
0.1
0
0.1
0
0.4
0
76
1.8
2.3
0.1
1.4
0
1.2
1.2
0
0.1
0.2
0.1
0.3
0
0
0
0.1
0
0
0
0
0
0
0
0
0.1
0.1
0
0
0
0
0
0
0
0
0
0
0
0
0
0
0
0
0
0
0
0
0
0
0
0
0
0
0
0
0.1
0.1
0.1
0
0.3
0.1
0
0
0.8
0.2
0
0
0
0
0
0
0.1
0
6.9
0
0
0
0
0
0
0
0
0
0
0
0
0
0
0
0
0
0
0
0
0
0
0
0
0
0
0
0
0
0
0
0.1
0.1
0.1
0
0
0.2
0
0
0
0
0
0
0
0
0
0
0
0
0
0.1
11.3
11.5
32.9
0
0
0
0
0
0
0
0
0
0
0
0
12.5
0
41
4.9
1.2
0
0
1
0
1.3
0.2
1
0.1
0
0
0
0
0
0.9
2.1
0.1
0
0
0
0
24.3
11.2
2.5
0
0
0.2
1.5
0.1
0
0
0.3
0.1
0
0
0
0
0
0
0
4.4
0
0.4
8.1
0
0
0
0
0
0
0
0
0
0
0
0
0
1.5
0
0
0
0
0.7
0
0
0.4
0
0
0
0
0
0
0.8
1.2
0
0
0
0
0
0
0
0
0
0
0
12.3
0
0
0
3
3.9
0
0
0
0
0
0.2
0
0
0
0
0
0
0
0
0
0
0
0
0
0
0
0.4
0
0
0
0
0
0
0
0
0.9
0
0
0
0
0
0
0
0
0
0
0
0
0
0
0
0
0
0
0
0
41.7
0
0
13.4
0
0
0
0
0
0
0
0
0
0
0
0
0
0
0
0
0
0
0
0
0.4
0
0
0
0
0
0.2
0
1.1
62.2
0.1
0
0
0
0.1
0.1
0.1
0
0
0
21
0.1
0
0
0
0
0
0
0.2
6.1
3.8
27.1
0
0.1
0
53.6
2.6
0
0
0
6.2
24.5
0
0
0
4
0
0
0
0
5.7
0
3.4
0
0.5
0
0
0.1
4.7
3.3
0.1
0.1
1.3
0
0.1
0
0
0.1
2.9
0
0
0
0.1
0
0
0
0
0
0
0
0
0
0
0
0
1.1
0
0
0
0
0
0
0
0
0.3
0.2
0
0
0
0
0.1
0
0
0
0
0.1
0
0
0
0
0
0
0
0
0
0.5
0
0
0
0
0.2
14.6
0.1
0
0
0
0.6
0
0.1
0.1
0
0
0
0
0
0
0
0
0.1
0
0
0
0
0.1
0
0
0
0
0
0
0
1.3
0
0.1
0
9.7
15.7
0
0
0
0
25.9
7.6
0
0
4.6
39.4
34.1
0.7
0
0.2
0.2
0
0
1
0
0
0.2
4.4
0.1
0.2
1.2
0
0
0.1
0
0
2.1
0.4
0.3
0.8
0.1
0
0.3
0
0.1
1.1
0.4
0
0
0
0
0
0
0
0
0
0
0
0
0
0
0
0
0
0
0
6.9
12.7
28.2
10.9
42.3
6.1
4.2
0
0
0.2
0.7
0.1
0
0
0.8
0
0
0
0
7.9
14.6
0.1
3.6
2.8
19.1
2.4
0.1
0
0
0
0
0
0
0
0
0
0
0
0
0
0
0
0
0
12.3
0.6
0
0
0
0
0
0
0
0.8
2.4
0.1
0
0
0
0
0
0
0
0
0
0
0
0
0
0
0
0
0
0
0
0
0
0.6
0
0
1.1
0
0
0.9
3.9
0
0
0
0
0
0
0
0
0
1.9
0
0
0
0
0
0
0
0
0
5
2
0
0
0
0
0
0
0
1.8
5
0
0.7
0
0
0
0
0
0
0
0
2.8
7.1
3.4
0
0
0
0
0
0
0
13.6
0.1
0
0
0
0
0
0
0
0
0
0
0
0
0
0
0
0
0
0
0
0
0
0
0
0
0.2
9.2
0.1
0
0.4
0.1
0
0
0
0
0
0
0
0
0
0
0.1
0
0
1.6
0.2
0
0
0
0
0
0
0
0
0
0
0
0
0
0
0
0
0
0
0
0
0
0
0
46.4
44.2
22.3
0
0
0
0
0
0
0
0
0.1
0
0
0
0
0
0
0
0
0.1
0
0
0
0.1
0
0
0.1
0.1
0.1
0
0
0.1
9
1.9
0
0
0
0.2
1
0
0
0
0
0
0
0.3
0
0
0.9
0
0
0
0.1
0.1
0
1.7
0.1
2.3
0
0.2
2
0
13.3
0
0
0
0.5
0
0
0
0
0
1.1
0.9
0
0
0
0
0
1.8
0.2
0
0
0
17.2
0.1
0
0
0
0
0.1
2.6
0.1
0
0
0
0
0
0
0.1
0.1
0
0
0
0
0
1.3
0
0
0.1
0
0
0
0
0
0
0
0
0
0
0
0
0
0
0
3
0
0
0.1
0
0
0
0
62
0.4
0
0.1
42.6
0
0
0
0
0
0
0
0.3
0
0
0
0
0
0
0.1
3.7
1.3
18.9
0.1
0
1.6
0
0.4
0
0
0
0
0
0
0
0
0
0
0
0
0
0
0
0
2.2
0
0
0
0
0
0
0
0.3
0
0.8
0.1
0
9.3
0
19.4
0
1.5
1.3
0
0
0
0
0
0
0
0
0
0
0
0
6.1
0
0
0
6.4
0
0
0
0
0
0
31.4
0
0
0
0
0
0
0.1
0.1
0.9
3.8
0
0
1.1
0
0
0
0
0
0
0
0
0
0
0
0
0
0
0
0
0
1.1
0
0
2.2
0
0
0
0
21.8
0
0
0
0
0
0
0
0
0
1
2.9
0
0
0.1
0.1
0
0
3.9
0.2
29.8
0
0
0
0
0
0.1
0
0
0
0
0
0
0
0.8
0
0
1.8
0
0
0
0
0
11.9
0
62.9
0
0.5
2.1
0
0.3
4.5
4.2
7.7
0
0.1
0
10.9
0.1
15.5
0
0.1
0
0.1
0.2
0
0
0.1
0
2.2
0.1
0.8
0.1
1.9
0.1
0
0
0
0
0.1
0.1
0
0
0
0
0
0
0
0
0
0
0
0
0.8
14.4
0
0
0
0
0
0
2.6
0.2
0
3.5
0
0
0
0
0
0
0
0
0
0
4.9
11.9
20.1
12.8
26
30.4
22.1
0
3.5
2.5
0
0
0
0
0
0
0
0
0.1
1.7
21.2
0
0
0
0
0.1
0.2
0.1
0.2
0
0.1
0.1
0
0
0
0
0
0
0
0
0
0
0
0.1
0.1
0
0
0
0
0
0
0.2
1.4
0
1.9
7.1
0.4
0
0.1
0
0
0
0
0
0
0
4.7
0.9
0
0
0.3
15.9
0
0
0
0
0
0
0
0
0
0
0
0
0
0
0
0
0.4
0
1.7
0
0
0
0
0
0
0
0
0
0
0
0
0
0
0
0.1
0
0
2.5
1.9
0.4
0.1
0.1
0
13.2
29.2
0.8
0.6
1.1
5.3
0
0
0
0
0
0
0
0
0
0
0
0
0
0
0
0
0
0
0
0
0
0.1
0
2.2
0.1
0
0
0.3
0
0
0
19.7
0.1
0
0
0
0
0
0
0
0
0
0
0
0
0
0
0
0
0
0
0
0
0
4.9
0
0
0
0
0
0
0
0
0
0
0
0
0
0
0
0
0
0
0
0
0
0
3.3
0
18.5
0
1.6
22.7
0
0
0
0
0
0
0.2
0
0
0
0
0
0
0
0
0
0
0
0
0
0
0
0
0
0
0
0
0
0
0
0
0
0
0
0
0
0
0
0
0
0
0
0.1
0
16.6
0
0
0
0.5
0
0
0
5.8
0
0
0
0
0
0
0.4
0
2.4
18.7
0
0
0
1.3
0
0
0
0
0
0
0
0
4.9
7.5
95.8
1.7
21.5
0.1
0
0
0
0
4.8
2.6
0.2
0
0
0
0
0.1
0
0
0
0
0
0
0
0
0
26.1
0
83.6
2.9
29.3
0.2
1.1
0
0.1
0.2
0
0
0
0.1
0.1
0.1
1.1
2.7
0
0
0
0
0.1
0.7
0
0
0
0
0
0
9
0.3
0
0
0.1
0.1
29
0
0.8
0.2
0
0.2
0
0.2
0.2
0.3
0.2
0
0.1
0.1
0.2
0.1
0.1
0
0.1
0
0
0
0
0
0
0
0
0
0
0.1
0
0
0.2
0.1
7.2
0
1.3
0
0.2
0.1
0.1
0.1
0.1
0.2
0
0
0
0.2
0
0
0.2
0
0
0.2
0.2
0
0
0.1
0
0
0.5
0.2
0
0.6
0
0
0
0
0
0
0
0
0
0
0
0
0
0
0
0
0
0
0
0
0
0
0.4
0
0
0
0
0
0.1
0
0
0
1.7
1.3
0
0
2.5
6.9
0
7.9
0
0
0
0
0
0
0
0
0.1
0
0
0
1.7
29.7
0.1
0
0
0
0
0
0
0
0
0
0.5
0
0
0
0
12.7
18.8
16
1
0
11.8
9.1
0
0
0
0
0
0
0
0.1
0
0
0
6.1
0
0
20.1
22.7
0
0
0
0
0
0
0
0
0
0
0
0
0
0
0.3
4.7
0.1
0.5
0
0
0
7.3
7.7
0.1
2.6
0
0
0
0
0
0.2
0.1
0.3
21.7
9.2
0.3
0
0
0
0
0
0
0
0
0
0
0.7
0
0
0
0
0
1.2
0
0
0
0
0
0
0.5
0.1
0.2
0
0
0
0
0
0
0
0
3.6
0
0
1.6
0
0
0
0
0
0
0
0
0
0
0
0
0
0
0
0
0
0
0.1
0
0
0
0
0
0
0
0
0
0
0
0
0
0.2
25.1
0.1
0
0
0
0
0
0
0
0
0
0
0
0
0
0
0
0
0.1
0
0
0
0
0
0
0
0
0
0
0
0
0
0
0
0
0
0
0
4
0.4
0
0
0
0
0
0
0
0
0
0
0
0
0
4.1
2
0.9
0
0
0
0
0
0
0
13.3
0
0.3
0
2.7
9.5
0
0
0
1.3
0.9
0
0
8.7
0
0
2.2
0
0.1
17.2
10.6
0.4
0
0.2
0.3
0
0
0
3.1
0.3
0
0.9
1
0
0.1
0.2
0.2
0.1
0
0
0
0
0.1
2.4
0.1
0
0
0
0
0
0
0
0
0
0
0
0.1
0
0.6
15.5
11.8
10.6
0.1
0.1
0.4
57.6
4.4
0.1
0
0.1
0.3
0.1
2.3
0
0
0.2
0.2
0.1
0
0.1
0.2
0
0
2.4
27.4
0.1
0
13
1.7
0.5
0
0.2
0.2
0.1
0
0.1
0
0.1
0
0
0.1
0.1
0
0
0
0.1
0
0
0
0
0
0
0
0
0
0
0
0
0
0.6
0
0
1.2
0
0
0.1
16.5
5.2
0
0
0
0
0.6
0
0
2.2
0
0
0
0
0
0
0
25.1
0.1
0
0
0.1
0.1
0
0
0
0
0
4.9
0.1
0
0
0
0
0
6.8
9
0
0
0
0
0
0
0
0
0
0
0
0
0
0
0
0
0
0
0
46.7
1.8
0
1.8
0
0.1
0
6.6
0
0
0
0
0
0
0
0
0
0
0
0
0.1
0
0
0
0
0.1
0
0
0
0
0
0
2.1
3.1
10.8
0
0.5
0.4
0
0
0
0
0
0
0
0
1.3
0.2
32
0
0
0
0
0
0
1.7
0
0
0
0
0
0
0
0
0
0
0
0
0
0
0
6.6
6.2
0.8
0
0
0
0
0
0
0
0
0
0
0
0
0
0
0
0
0
0
0
0
0
0
1.9
0
0
0
0
0
0
0
0
0
0
0
0
0
0
0
0
0
0
0
0.2
0
0
0.1
0
31.2
0
0
0
0
0
0
0
0
0.1
0
0
0
0
0
0
0.1
0.1
0
0
0
0
0
0.1
0
0
0
0
0
0
0
0.2
0
0
0
0
0
1
4
10.4
0
0
0.8
0
0
0
0
0
1.9
0
0
0
0
12
9.1
0.2
0
0
0
0
0
0.1
0
0.1
2.3
0
0
0.7
0.1
0.7
0
0
0
0
0.1
0
0
0
0
0
0.1
0
0
0
0
0
0
32.8
13.4
0
0.2
0
0
0
0
0.1
0.1
0
0
0
0
0.5
0
0.1
9.7
0
0
0
0
0
0
0
0
0
0
0
0
0
0
0
0
0
0
0.2
0
0
0
0
0
0
0
1
0
0
0
0
0
0.1
0
0.2
0
0.4
0
0
0
0
0
0
0
0
0
0
0
0
0
0
0.5
3.2
0
0
0
0
0
0
0
0
0
0.2
1.9
0
0.1
0
0
0
0
0
0
0
0
0
0
0
0
0
0
0.1
0.6
10.4
0
0
0.1
0
0.1
3.6
0.7
0
12.9
40
16.2
0
0
0
0
0
0
0
0
0
0
0
0
0
0
0
0
0
0
0
0.6
8.7
11.6
3.6
3
0.1
0
2
2.2
0
0
0.3
1.2
0.1
0
0
0
0.8
0
3.9
0
0.7
0
0
0
0.1
7.8
2.3
0.1
0
0
0
0
0
0
0
0
0
0
0.3
0.5
12.8
0
13.2
14.9
0
14.1
0.3
0
1.2
0.1
0
0
0
0
0
0
0
0
0
0.3
1.3
8.3
0
1.4
0.1
0
0
0
0
0
0.3
0
0
0
13.4
0
0
0
0
0
0
0
0
0
0
0
0
0.5
0
0
24.3
0.1
0
0
0
0
1.9
0.2
0
2.3
0
0
0
2.4
0.1
0
0
0
0
0
0
0
0
0
0
0
0
0
0
0
0
0
0
0
0
0
0
0
0
0
0
0
1.6
0
1.9
0
0
0
0
0.5
0
0.1
0
0.2
0
0.1
0
0
0
0
0.3
0
0
0
0
0
0
0
0
0
0
0
0.1
19.6
0
0
0
14.4
0.1
0
0
49.2
0.1
0
0
0
0
0
0.1
2.4
0.1
0
2.6
0
0
5.9
0
0
3.3
0
46
4.7
0
0
0
0
0.1
15
0.1
0
13.3
0
0
4.7
0
0
0
0
0
0
0
0.1
0
0
0
0
0
0
0
0
0
0
0
0
74.7
41.5
0.1
0
1.4
100.2
0.5
0
0
7.2
70
0
0.1
0.1
0
0.1
0
1.2
6.5
2.3
0
6.5
24.1
0.1
0
0
0
20.3
0.1
0
5.8
15.4
0
0
0
0
0
1.5
0
1.1
3.3
1
5.3
0.3
0
7.3
0.2
0.6
2.8
0
0
0
2
0
0
0
0
0.3
0
0
0
0
0
0
0
6.7
0.2
0
0
0
0
0
0
0
0
0.1
0.2
0
0
0
0.1
0.2
0.1
0
0
0.1
0.2
0
0.1
0
0
0
0
0
0
0
0
0
0
0.1
0
0
0
2.6
0
0
0.2
0
0
0
0
0
0.5
0
0
2
0
0
0
0
0.1
0.1
0
0.1
0.1
0
0
0
0
0
0
0
0
0
0
0
0.1
0
0
0
0
0.1
0
0
0
0
0
0
1.1
0
0
0
0
0
0
0
0
0
0.1
0
0
0
0
0
0
0
0
0
0
0
0
0
0
0
0
0
0.5
0
5.2
0.3
0
4.8
1.2
0
0
0
0
0
0
0
0
0
0
4.7
0.1
7.7
0.7
0
0.7
0
0
0
0
0.8
0
0.8
3.5
0
0
0
0
0
0
1
0
0
0
0
0
0
11.4
0
1.1
0.1
0
0
0
48
2.1
0
0
0
0
0
0
0
0
0
0
0
0
0
0
0
0.1
7.3
0.1
0
0
0
0
0
0
0
0
0
0
0
0
0
0
0
0
0
0
0
0
0
0
0
0
1
2.5
0.6
0
0
0
0
0.1
0
0
0
0
0
0
0
0
0
0
0
0.1
0
0
0
0
0
0
0
0
0
0
0
0
0
0
0
5.5
18.5
0
0
0
0
0
0
0
0
0
0
0
0
0
0.4
30.4
0
0
0
0
0
0
0
0
0
0
0
0
0
2.8
9.5
0
1.2
0.3
0
0
0
0
0
0
8.1
6.8
0.1
0
0
0
0
0
0
0
0
0
0
0
0
0
0
0
1.6
0.1
0
0
0
1
0
0
0
0
0
2.9
0
123.8
2
0.2
0
0
0
0.1
0.1
0
0
0
0.3
1
0
0
0
0
0
0
0
0
0
8.9
4
0
0
0
0
0
0
0
14.2
0.3
0
0
0
0
0
0
0
0.1
0
0.1
26
5.1
3.1
0.2
0.1
0.1
0
0
0
0
0
0
0
0.1
0
1.5
10.8
1.5
0
0
0
0
0
0.2
0
0.2
0
0.1
0.2
0.1
0
0.1
0.1
0
0.1
0
0.2
0.1
0.1
0.2
0
0
0
0
0.1
1.3
12.5
0.8
60.1
14.6
16.6
0.1
0
0
0
0
0
0
0
0
0
0
0
0
0
0
0
0
0.1
0
1.5
0
0
0
0
0
0
0
0
0.1
0
0.1
0
0
0
0
0
0
0
1
0
0
0.1
0
0
0
0
0
0
0
0
0
0
25.1
1.2
0
0
0
0
3
0
0
0.5
8
0.1
0
0
1.3
5.6
5.2
10.1
0.1
0
0.1
0
0.1
0
0
0
0
0
7.1
0.1
0.1
1.3
0
9.9
27.1
19.5
35.4
0.8
0
0
0
0
3.5
1
0
0
0
0
0
0
0
0
0
0
0
22.4
0
0
0.8
11.9
0.3
4.4
0
0
0
0
0
0
0
0
5.1
0
0
0
0
0
1.9
0.1
0
6
3.7
0
0
3
0.3
0
0
0
0
0
0
0
10.2
0
28.3
0
0
0
0
0
0
0
0
0
0
0
0
0
0
0
0
0
0
0
0
0
0
0
0.4
0
0
0
0.5
0
0
0
0
0
0
0
0
0
0
0
0
0
0
0
0
0
0.2
0
0
0
0
0
0
0
0
0
0
0
0
0
0
0
0
0
0
0
0
0
0
0
0
17.7
6.5
0.7
0
0
0
0
0
0
0
1.1
0
9.4
3.7
0
0
0
0
0
0
0
6.8
0.4
0
1.1
0
0
0
0
0
0
0
0
0
0
4.3
0
0
0
0
0
0
0
0
0
0
0
2
0
0
0
0
0
0
0
11.7
0.1
0
0
0
0
0
0
0.1
0.1
0
0
7.4
7.3
6.1
2.5
10.5
0.2
0.1
0.1
0.1
0.1
0.1
0
0
0
0.1
0
0.1
0
0
0
0.1
0
0.2
0
5.4
17.5
0
0.1
0.1
0
0
0
0
0
0.2
0
0
0.2
4.8
0
0
0
0.1
0
0.2
1.6
0.5
0.3
0
0.1
0
0.1
0
0
0
0.1
0
0
0
0.9
0
0
0
0
0
0.1
0
37.7
8.9
0
0.3
0.1
0.3
0
0
0
0
0.1
0.1
0
6.4
0.7
0.1
0
0
0
0
0
0.1
0
0
0
0
0
0
0
0
3.3
1.3
0.7
0
0
0
2.2
0.4
0
0
0
0.1
0
0
18.6
0
0
0
0
0.1
0
0
0
0
0
0
0
0.1
13
0
0
0
0
0
0
0
0
0
0
1.1
0.1
0
0
0
0
0
0
0
0
0
0
0
0
0
0
0
0
0
0
0
1.6
0
3.2
0
0
2.5
0
2.4
0
0
0
0.5
9.2
0
0
0
0.3
8
0.2
1.6
0
1
29.8
0
0
0
0
0
0
0
3.4
1.5
0
0
9.2
0
0
0
0
0
0
0
0
0
0.5
0
0
0
0
0
0
0.7
0
0
0
0
0
0
2.5
0
0
0
0
0
0
0
0
0
0
13.5
0
0
6.4
0
0
6.4
0
0
1.1
0.1
0
1.9
47.4
0
0
0
0
0
0
0.7
0
0
0
0
0
0
0
0
0
0
0
0
0
0
0
0
0
0
0.5
0
0
0
0
7.6
0.1
0
0
0
0
0
0
0
0
0
0
0
0
0
0
0
0
0
0.9
0.1
0
0
0
0.2
3.2
0
0
0
0
25.1
0.1
4.1
11.6
0.3
0.1
0
0
0
0
4.8
0.1
0
0
0
0
0
1.5
0
2.1
0
0
1.2
0.7
19.1
0
0
0
0
0
0
0
0
0
4
0.7
0
0
0
0
0
0
0
0
0
0
0
0
0
0
0
0
21.1
0
0
0
0
0
0
0
0.2
17.3
0
0.6
0
0.1
0
0
0
0
0
0
1.3
1
1.4
0
0
0
0
0
0
0
0
0
18.1
81.2
29.4
12.4
0
0
0
0
0
0.6
0
0
0
0
0
0
0.1
0
0
0
0
0.3
0.2
0
0.1
0
0
0.1
0.1
0
1.2
0.2
0.9
0.1
0
0
0
0
0
0.1
0.1
0
0.1
0.1
0.3
0
0
0
0
0
0
0
0
0
0
0
0
0
0.1
0
0
0
0
0.1
0.1
0.1
0
0
0
0
0
0
0
0
0
0
0
0
0
0
0.1
0
0
0
0.4
0
0
0
0
0
0
0
0
0
0
0
0
0
0
0
0.3
0
0
0
0
0.8
4.9
0.1
0
22.2
54.8
0.5
1
0
0
0.3
0.7
0
0.9
0.1
0.5
0.2
0
0
5.5
0
0
0
0.1
0.1
0
0
0
0
0
0
0
0
0
2.1
0
0.5
13.8
0.1
0
0
0
0
1.2
37.2
17
0
7.2
0
0
0
0
0
0
0
0
2.4
1.6
0
0
0
0
0
0
0
0
0
0
0
0
0
0
0
0
0
0
0
0
27.9
3.4
0
0
0
0
0
0
0
0
0
0
0
0
0
0
0
0
0
0
0
0
0
0
0
0
0
0
5.3
0
0.4
0
0
0
15.9
0
0
0.7
0
0
0
0
1.8
2.8
0.1
0
0
0
0
0
0
0
0
0
0
0
0
0
0
0
0
0
0
0
0
8.9
0
0
0
0
0
0
0
1.1
0
0
0
0
0
0
0
0
0.2
0
21.3
0
0
0
0
0
0
0
0.5
7.3
0
0
0
7.2
0
14
0
0
39.7
0
0
0
0
0.4
0
0
0
0
0.4
13.4
0
0
0
0
0
0
0
0
126.2
0.8
0
0
0
0
0
0
0
0
0
0
0.1
0
35.6
19.2
0
0
0
0
0
0
0
0
0
0
0
0.7
0.7
0
0
0
0
0
0
0.1
0.1
0
0
0
0
0
0
0
0
0
0
0
0
0
0
0.1
0.7
0
0
0.6
0
0
0
0.7
0
0
0
0.1
0
0
0
0
0
0
0
0.3
0
0
0
0
19.7
0.1
0.9
0.5
7.7
2.9
0.4
2.1
0
0
0.2
0
1
0.1
0
0
0
0
0
0
0.1
0.1
0
0
