20000101
0
0
0
0
0
0
0
0.7
4
0
0
0
0
12.89
20.49
0.1
0
0.2
0
0
0
0
0.1
0
0.9
19.51
1.37
0
0
0
0
0.1
0.1
0
0
0
0
0
0.3
0
0
0
0
0
0
0
0.44
16.95
0
0
0
0
0
0
0
0
0
0
0
0
1.1
0.3
0
0
0
0
0
0
0
0
0
0
0
0
0
0
0
0
0
3.41
0.09
0
5.6
0
9.89
6.5
0.3
0
0
0
2
0
1.3
0
0
0
0
0
0
0
5.8
9.79
0
0
0
0
0.9
0.4
0.6
0
0
0
0
7.3
0
0
0
2.8
0.2
0
0
0
0
0
0
0
1
1
0.1
4.44
19.25
0
0
0
0
0
0
6.19
0
0
0
0
0
0
0
0
0.6
10.59
0
0
0
0
0
0
0
0
1.88
1.12
0
0
0
38.67
2.7
0
0.3
1.9
0
0
0
0
0
0
0
0
0
0
0
0.6
4.7
0
0
0
0
0
0
0
0
0
0
0
0
6.3
2.55
0.75
0
0
0
0
0
0
0
0
0
0
0.6
0
0
0
0
2.6
0
0
0
0.7
0
0.26
0.24
0
0
0
0
0
0
0.1
0
0
0
0
0
0
0
0
0
0.2
0
0
0.1
0
0
0
0
0
8.3
1.9
0
0
0
0
0
0
0
0
0
0
0
0
0
0
0.1
0
0
0
17.09
1.2
0
0
0
0
0
0
0
8.14
0.26
0
0
0.4
0
0
0
0
0
0
0
2.5
4.2
0.1
13.4
0.2
23.88
0.5
0
0
0
0
0
1
1.8
0
0
0
0
0
0
0
3.5
0
0
0.9
0
0
10
0.1
0
0
0
0
0
3.8
5.3
0
0
0
0
0.1
9
0
0
9.6
0
0
1.88
3.62
0
6.5
2.7
0
0
0
0
0
0.1
0
0
0
0
0
0
0
0
0.3
0
0
0
0
4.57
3.81
27.11
96.27
11.99
0
0
0
0
0
1.7
0.3
0
0
0
0.4
0
0
0.1
0
0
0
0.4
6.59
9.69
9.8
35.38
62.17
0
0
3.6
0
0
0
0
0
0
0
0
17.34
17.77
2.16
0.1
0.2
0
0
0
0
0
0
7.1
0
0
0
0
0
13.09
0.3
0
0
0
0
0
0
0
0
0
0
0
0.1
0.4
0
0.2
0
0
0.2
0
0.29
14.8
0
14.59
0
10.29
0
0
0
1.9
0
0
0
0
0
0
0
0
15.69
0
1.9
0.7
1.2
0
0
0
0
0
0
0
0
5.3
0.4
0
0.41
2.09
0.1
0
0
0
0.2
0
0
12.61
0.39
1.9
0.1
0
0
0
0
0
0
0
0.2
0.8
2.4
0
0
4.8
0
0
0
0
0.1
0
0
0
0
0
0
3.1
0
0
1.3
2.3
0
0
0
0
0
0
0
0
0
0
0
0
0
0
0
0
0
0
0
4.2
0
0
0
0
0
0
0
0
0
0
0
0
0
0
0
0
0
0
0
0
0
0
0
0
0
0
0
1.9
0
0
0
0
0
8.81
13.28
0
0
0
8.19
0
0
0
0
0
0
0
0
0
0
0
0
0
0
0
0
0
0
0
0
0
0
0
0
0
0
0
0
0
0
0
0
0
0
0
0
0
0
0
0
0
14.3
0
0
0
10.19
0
0
0
0
0
0
0
0
0
0
0
0
0
0
0
0
0
0.1
20.49
0.5
1.8
0.2
0
0
3
1.39
0.11
0
0
0
0
0
0
0
0
0
0
0
0
0.2
0
0
0
0
9.7
0
22.5
0
0
1.4
0
0
0
0
0
0
0
0
0
0
0
0
0
0
0
0
0
0
5
0
0
1.7
68.14
21.69
19.29
0
0
0
0
0.2
0
0
0
0
0
0
0
1.1
0
0
0
0
0
0
0
0
0
0
0
0
0
1.1
0.1
0
0
0
0
0
0
0
0
0
0
0
0
0
0
0
0.2
1
4.1
7.6
8.86
0.24
0
0.1
0
0
0
0
0
0
0
1.3
0
0
0
0
0
0
0
0
0
0
0
0
0
0
0
0
0.1
0
0
0
5.8
0.1
0
0
0
0
0
0
0
3
1.4
3.66
3.44
0
0
0.09
0.51
0
0
0
0
0
0
0
0.2
1.2
0.1
0
14.09
0
0
0
0
0
0
0
0.06
2.84
0
0
0
0
0
0
0
0
0
0
0
0
0
3.2
2.3
0
0
0
2.3
153.22
3.8
0
0
20.83
1.45
4.5
34.17
52.67
17.63
0.05
0.6
0
0
0
0
0
0
0
0
0
0
0
0
0
0
0
0
5
2.4
2.5
0.1
0
1
33.77
85.43
0.53
0.2
0
0
0
0
0
0
0
2
0
0
0
0
4.3
0
0
3.3
0.2
0
0
0
0
0
0
3.8
16.89
10.8
0.3
0
16.29
0.1
0
0
0
0
0
0
0
0
0
0
0
0
0
0
0
0
0
0
0
4.9
0
0.2
0
0
0
0
3.9
0
0
0
0
0
8.2
0
1.4
0
0
0
0
0
1.6
0
0
0
0
0
0
0
0
0
0.6
0
6.1
0
0
0
7.6
0.1
0
0.3
18.29
0.4
0
0
0
0
0
0
0
0
0
0
0
0
0
0.1
8
10
0.8
0
0
0
0
0
0
4.1
0
0
0
0
3.9
0
0
0
5.6
1.7
0
0
0
0
0
0
0.3
1.1
0
0
0
0
0
0
0
0
0
0
0
0
0
0
0
0
0
92.1
17.86
1.1
0
0
0
0
0
3.3
0
0
0
3.4
0
3.1
0
0
0
0
0
0
0
0.3
0
0
0
0
0
3.7
0.03
0.67
0
0
0
0
0
0.7
0.1
0
0
0
0
12.3
0.1
0
0.06
16.73
0
0
0
0
0
0
4.2
0
0
0
1.6
0
0
0
0.8
68.96
0
0
0
0
0
0
0.1
0
0
0
0
0
0
0
0
0
0
0
0
1.7
0
0
0
0
0
0
79.34
0
0.2
0
0
0
0
0
0
0
0
0
0
1.6
0
0
0
0
0
0
0
0
0
0
0.6
0.2
0
0
0
1.7
0.7
0
0
0
1.5
0
0
0
0
0.2
0
0
0
0
8.81
28.92
16.04
2.9
0.5
0.4
0.5
33.99
25.08
0.4
0
0
1.6
0
0
1.9
0
0
0
0
0
0
0
0
0.2
0
0
0
0
0
0
0
0
0
0
0
0
10.2
8.1
4.2
0
0
0.9
1.4
0
0
0
0
6.3
17.19
4.8
1.1
0
0
0.2
0
0
0
0
0
0.2
0
0
0
0
0
3.8
0
0
0
0.3
0
0.1
0
0
0
0.3
2.1
0
0
0
3.2
0
0
0
0
0
8.49
0
16.29
0.4
0
0
0
0
8.7
21.48
0
0
0
0
0
0
0.2
0
0
7.8
0.3
0
0
0
0
0
0
0
0
0
0
0
0
0
0
0
0
0
0
0
0
0
1.6
0
0
0
0
5.3
0
0
0
0
0
0
0
0
0
0
0
0
0
0
0
0
0
0
0
0
0
0
0
1.8
0
0
0
0
0
0
0
0
0
0
8.1
0
0
0
0
0
0
0
0
0
10.9
1.5
0
0
0
0
0
8.3
0
0
0
0
0
0.6
1.3
0.2
0
0
0
13.1
1.5
17.1
5.7
0
0
0
0
0
0
0
0
0
0
0
0
0
4
0.2
0
0
0
8.1
0.1
0
4.2
2.3
0
0
0.4
0.6
0
0
0
0
0
0
0
19.2
0
12.1
15.2
71.72
23.9
11.49
0
0
0
0.2
0
0
10.6
0.14
12.36
0.6
0
0.7
0
0
0
0
0
0
0
0
2.6
0
0
0
0
0
20.1
36.5
0
0
0
0
1.6
3.97
9.23
1.6
0
0
0.2
0.1
0
0
20.96
10.94
79.9
16.52
22.68
0.1
10
0
0
4.1
0
0
0
0
0
0
0
2.5
16.2
0
0
1.3
0.2
0
0
0
0
0.2
0.9
0.5
0
2.9
0.61
0.09
0
0
0
0
13.5
0.11
2.39
0
0
0
0
0
0
1.3
1.3
0.3
0.1
0.1
0
25.4
20.7
0
0.1
9.8
0
0
0
0
0
0.1
0
0
0
0
0
0
0
0
0
0
0
0
0
0
0
0
0.1
59.82
34.18
5.4
0
0
1.3
0.5
1.8
0.1
0.6
0
0
0
0
0
0.6
0
0
0
0
0
1.1
41.8
0
0
0
0
0
0
0
0.3
0.1
0.6
0
0
0
0
0
19.6
42.1
1.4
0
0
0.1
0
0
0
0
0.5
0
0
0
0
0
4.5
0.1
130.8
16.5
6.6
0
0
0
5.7
0
0
0
0
0
12.52
50.57
8
0
2.1
93.3
6.6
13.25
2.75
2.6
0
0
0
12.8
6.1
0
0
0
0
0
0
0
0
0
7.5
0
0
0
0
0
0
0
3.1
0
0
0
0
0
0
0
0
0
0
0
0.3
0
0
5.7
1.1
0
0
0.5
4.2
0
0.6
0
0
0
0
0
0
0
0
0
0
0
0
0
0
0.2
0
0
0
0.7
0.5
0
0
0
0
0
0
0
0
0
0
0
0
0
0
0
0
0
0
0
0
0
0
0
6
0.1
0
0
0
0
13.9
0
0
0
0
0
0
9.1
0
0
0
0
0
0.1
0
0
0
0
0
0.7
0
0
0
0
5
0
0
1.1
0.8
0
0
0.74
17.66
0.1
0
10.3
1.9
0
0
0
0
0
0
0
0
0
0
0
0
0
0
0
0
0
0
0
0
0.1
0
0
0
0
0.2
0
0
0.1
9.3
2
0
0
0.2
0
0
0
0
0
0
11.1
0
0
1.7
6.3
7.1
3.2
0
0
0
0
0
0
0
8.6
0.1
0
0
0
0
0
0
0
0
0
0
0
0
0
0
0
0
0
0
2.8
0
11.95
0.25
0
0.1
0
0
13.9
9.78
5.92
0
0
14.13
0.17
0
1.9
0.1
0.1
0
0
0
0
0
0
0
0.4
0
0
0.4
0
0
0
0
0
0
0
0
0
0
0
0
0
0
0
0
0
0
0
0
0.5
0.5
0
0
0
2.4
1.4
0
0
0
0
0.1
0
0
0
0
0
0
0
26.6
34.9
84.1
8.1
0
0
0.1
2.5
0
0
0
0
0
3
0
0
0
0
0
0
0
0
0
0
0
0
0
0.1
0
0
0
0
0
0
0
0
0
0
0
0
0
0
0
0.6
0.3
0
0.5
0
0
22.2
0
20.6
0
0
0
0
24.7
0
0
0
0
3
1.25
1.05
0.4
0
0
0.09
1.91
0
0.15
5.35
3
0
0
0
0
2.8
0
0
0
0
0
0
0
0.2
0.1
2.5
0
0
0
0
0.78
4.62
5.2
0
0
2.8
0
0.5
87.4
0
0
0
0
1.2
0
0
0
0
0
0
0
0
0
0
0
0
0
0
0
0
0
0
0
1.2
0
0.3
1.6
0
0
0
0
0
0
0
0
0
0
0
0
0.2
0.1
0
0
0
0
0
3.3
0
0
0
0
3.9
0
0
0
0
0
0
0
0
0.2
0
0
0
0
0
0
0.2
0
0
0
0.2
0
0
5.2
0
0
0
0
0
0
0
0
2.6
0
0
0
0
0
0
0
0.3
1.5
2.6
0
0
0
0
0
0
0
0
0
0
0
0
0
0
0
46.12
2.38
0.17
27.43
0
0
24.6
0
2.8
0
0
3.3
10.8
0
0
0
0
0
0
0
6.8
0
0
0
0
0
6
6
0
0.72
3.08
0
0
0
0
0
20.3
36.3
81
32.7
22
3.3
0.12
164.38
0.1
0
0.3
0
0.9
0
0
0
0
0
0
0
0.1
0
0
0
0
0
0
0
0
16.1
0.1
0
1.4
36.9
39.7
7.3
0
0
0
0
0
0
0
0
0
12.1
1.3
0
0
0
0
0
0
0
0
5.9
0
0
0.2
0
0
0
0
0
0
0
0
0
0
0
0
0
0
0
0
0.1
0
0
0.3
0
0
2.2
5.4
0.5
0.7
0
1.4
13.75
48.85
2.6
2.7
0
0
0
5.3
10.4
0
0
0
0
0
0
0
0
0
0
0
0
11
39.2
62.1
14.02
0.68
0
0.1
0
0
0
0
0
0
0
0
0
0
0
0
0.1
17.07
4.73
0
0
0
2.6
0
0
0
0
0.2
0
0
0
0
0
0
0.4
2.2
8
0
11
2.3
11.7
0
0
0
0
0
0
5.9
29.82
0.28
0.1
0
0
0.2
0
0
0
0.2
0.1
0
0
0
0
0
0
13.8
0
0
0
0
0.5
0
0
0
0
0
0.1
0.5
0
0
0
0
0
0
0
0
0
0
0
0
0
0
0
0
0
0
0.1
0.2
0.1
0
0
0
0
0.4
0
0
0
0
0
0
0
0
0
1.7
0
0
0
0
0
0
0
0
0
0
0
0
0
0
0
0
0
0
0
0
0
0
0
0
0
0
0
0
0
0
0
0
0
0
0
0
0
0
0
0
0
0
0
0.4
0
0
0
0
0
0
0
0
0
0
0.3
0
0
0
0
0
0
0
0
0
0
0.1
0
0
0
0
0
0.2
0
0
0
0
0
0
0
0
0
0
0
22.9
0
0
0
0
0
0
0
3.59
0.61
2.2
0
0
0
0
0
0
0
0.2
0
0
0
0
0
0
0
0
0
18.5
174
29.3
0.1
2
0
0
0
0
0
0.1
5.4
3.8
0.8
0
0
0
0
0
0
0
0.54
6.76
0
0
0
0
1.6
0.3
0.6
20.9
0
0
0
0
1.4
16.9
0
0.1
0
0
0
0
0
0.1
0.1
0
0
0
0
0
0
0
0
0
0
0
0
0
0
0
0
0
0
0
0
0.3
0.1
0
0
0.7
1.1
0
0
0
0
0
0
0
0
0
0
0
0
0
1.6
0
4.3
0
0
0
0.3
0
0
19.9
0.2
0
0
0
0
0
0
0
0
0
0
0
0
0.1
0
0
0
0
0
0
0
0
0
0
0
0
0
0
0
0
0
0
0
0
0
0
0
0
6.3
0
0.2
0
0
0
0
0
0
0
0
0
0
0.3
1.6
0
2.7
0
0
0
5.6
0
0.1
0
0
67.6
14.4
0.1
0
0.5
0
0
0.3
0.2
0
0
0
0
0
0
0
0
0
1.8
2.1
0
0.1
0
0
0
0
0
0
0
0
3.8
0
0
0
0.2
0.5
4.4
0.2
0
5.7
0.3
1.5
0.3
0.2
0
0.9
0
2
0
0
0
0
3.1
3.5
21.8
45.1
11.1
0.1
0
0
0
0
0
0
0
0
0.9
0
0
0
0
0
0
18.9
6.9
25.5
4
0
0
0
0
0
0
0
0
0
26.8
0
0
0
0
0.3
0
0
0
0
0
0
6.5
9
0
0
6.9
2.1
0
0
0
0
0
4.5
0
0
0
0
0
0
0
0
0.7
0
0
0
0
0
0
0
0
0
0
0
0
0
0
0
0.4
0
0
0.1
0
0
0
0.5
0.9
0
0
0
0
0
0
0
0
0
0
0
0
0
0
0
0
0
0
0
0
0
0
0
0
0
0
0
10.3
1.3
3.3
0
0
0
0
0
0
0
0
0
0
0.7
3.8
14.6
0
0
0
0
0
0
0
0
0
0
0
0
0
0
0
0
0
0
0
0
0
0
0
2.6
0
0
6
0
0
0
0
0.6
0
0
1.1
0
0
0
0
0
0
0
0.1
3.26
13.24
0
0
0
0
12.6
0
0
0
0
0
4.7
0.2
0
0
0
0
0
0
0
0
1.6
0
0
0
0
0
0
0
0
0
0
0
0
0
0
0
0
0
0
0
0
0
0
0
0
2.5
0
7.53
0.38
0
0
0
0
0
0
0
0
0
0
0
0
0
0
2.5
0
0
0
0
0
0
20.4
0
0.1
3.2
0
0
9.7
26.7
6.5
0
0
0
0
0
0.1
0
0
0.1
0.2
32.8
26.17
6.73
0
0
0.4
0.2
0
18.6
0
0
0
0
0.2
0
0
0
0
0
0
0
0
0
0
0
0
0
0
0
1.8
0
0
8
0
0
0
0
0
0
0
0
0
0
0
0
0
0.5
24.3
10.8
0
0
0
0.15
4.03
0.53
0
0
0
0
0
0
0
0
0
0
0
1.2
0
0
0
0
0
0
0
0
0
0
0
0.1
7.3
0
0.3
0
4.7
0.4
0
0
3.7
0.8
0
0
0
0
0
0
0
0
0
2.1
1.2
0
0
0.3
0
0
9.6
2.3
0
3.6
6.5
0
0
0
0
0
0
3.9
0.2
0
0
0
0
0
0.9
0.4
0
0
5.88
8.97
16.45
9.5
0
0
8.4
1.9
0.27
1.33
1
0
0
0.6
0
11.5
35.1
7.9
10.3
0
0
0
0
17.9
3.9
0.6
0
0
0
0
0
0
0.9
0.2
0
3.6
0
0.9
3
2.3
0
0
0
0
0
0
0
0
0
0.7
0
0
0
0
0
0.2
0
0
1
10
0
0
0
0.04
13.16
0
0
0
0
0.1
0
0
1.5
0
0
0
0
0
0
0
0
0
0
0
0
0
0
0.2
0
0
0
0
0
0
0
0
0
2.1
1.3
0
0
0
0
0
0
7.2
0
0
0
0
0
0
0
0
0
0
1.7
0
0
0
1.4
0
0
0
0
17.2
0.02
0.28
0
0
0
0
1.1
0.1
0
0
0
0
0
0
0
0
0
0
0
0
0.3
0.6
0
0
0
0.01
1.69
0.08
0.12
0
0
0
0
0
4
0
2.1
0
0
0
0
0
2
0
0
0
8.7
0
0
2.1
1.7
22.1
0
2.6
0.4
1.4
0
0
0.1
0
0
2.9
0.1
0
0
0
0
0
0
0
0
0
0
0
0
0
4.2
0
0.9
0
7.8
0
0
0
0.4
0
0
0
17.2
0
0
0
1.25
3.95
3
2.9
0
2.3
0
0
0
0
0
0
0
77.5
28.8
1.3
6
0
0.2
2.3
0.2
0
0
0
2.2
0
0.1
31
8.5
0
0
0
0
0
0
0
0
0.37
0.82
0
1.2
8.2
0.3
0
0.1
0
4.82
0.57
1.3
21.6
32.3
1.1
44.2
0.1
0
0
0
0.3
0
0.3
0.1
0.3
0
0
0
0
0
0
0
0
0
0.06
0.24
0
0
0
0
0.1
7.1
20.6
0
5.2
0.2
1
0.2
0
0
0
0
0
0
0
0
0
0
0
0
0.2
0
0
0
0
0
0
0
10.35
2.35
0
3.3
5.8
1.7
0
0
0
0
3.1
4.1
0
0.6
10.5
4
0
0
0
0.1
0
0
0
9.7
0
0
0
0
0.91
11.78
0.01
1.8
0.2
0
0.2
0
0
0
0
0
0
0
0
0
0
0
0
9.7
0
0
0
0
0
0
0
0
0
0
0
0
0
0
0
0
3
1.8
0
0
0
19.5
0
0
0
0
0
0
0
0
0
0
1.3
0
0
1.4
0
0
0
0
0
0.4
2
0
0
0
0
0
2
0
10
1.1
0.8
0.4
0
0
0
0
0
0
0.7
0.4
0
0.1
0
0
0
0.1
0
0
0
0
0
0
0
0
0
0
0
1.5
0
0
0
0
0
0
0.3
0
0
0
0
0
0
0
0
0
0
0
0
0
0
0
0
0
0
0
0
0
0
1.5
1.6
0
0
0
0
0
0
0
0
0
0
0
0
0
0
0
13.9
0
0
0
0
0
0
0
0
0
0
0
0
0
0
0
0
0
0
0
0.1
0.1
0
0
0
0
0
0
0
0
0
0
0.2
21.3
1.9
0
0
0
0
0
0
0
0
0
0
6
0
4.8
12
0
1.4
0
0
0
0.5
0
0
0
0
0
0
0
0
0
0
0.1
0
0
0
0
0.3
0
0.9
0.4
0
0
0
0.1
0
0
0
0
0
0
0.1
0
0
0
0.1
0
0
0
0
0
0
0.1
0.3
0.1
0
2.9
0
0
0
0
0.2
0.2
0
0
2.15
10.56
0.09
26.9
2.9
0
0
0
1.73
0.27
6.35
1.25
0
0
0
0.4
0.5
0
0
0.2
0
0
0
0
0
0
0
0
0
0
0
10.7
0
0.1
0
10.9
3.2
0
0
0
0
0
1.75
31.95
0
7.6
23.4
0
0
0
0
0
0
0
0
0
0
0.08
58.32
0.9
0
0
7.6
13
38.4
0
0
0
0
0
0
0
0
0
0.1
0.1
2.3
15.1
0
0
0
0
0
0
0
0
0
0
0
0.8
2.4
0
0
2.1
0.3
0
0
0
6.9
0
0
0
0
0
0
0
0
0.2
0
1
0
0
0
0
0
0
0
3.58
1.17
11.75
62.5
10.67
0
0
1.67
0.08
0
0
0.5
3.67
0
0
0
0
0
0
0
0
0
0
0
0
0
0
6.75
0
0
0
0
0
0
0
0
0.42
0
0
0
1.83
1.58
0
0
3.46
0.37
0
0
0
0
0
1.08
0
0
0
0
0
0
0
0
0
0
0
0
0
0
0
0
0
0
0
0
0
0
0
0
0
0
0
0
0
0
0
0
0
0
0
0
0
0
0
0
0.3
38.6
1.5
0
0
0
0
0
0.2
0.1
0
11.8
0
9.6
6.9
0
0
0
0.47
1.83
0
0
0
0
0
0
0
0
0
0
0
0
0
0
0
0
0
14.15
1.65
0
0
0
0
0
0
0
16.7
22.5
0
0
0
2.92
0
3.83
6.25
0
0
0
0
0
0
0
0
0
0.2
0
0
0
0
0
0
0
0
0
0
0
0
0
0
0
0
2.6
0
0
0.6
1.1
0.1
0
0
0
0
5.8
3
0.2
0
0
0
0
4.8
0
0
0
0
0
0
0
3.8
0.8
0.2
0
0
0
0
0
0
0
0
0
0.1
1
8.5
37.3
20.9
0
0
-99
-99
-99
-99
-99
-99
-99
-99
0
0
0
0
0
0
0
0
0
0.7
5.6
0.1
0.4
0.7
0
0
0
0
0
0
0
0
0
0
0
0
0
0
0
1
0.2
0
0
0
0
0
0
0
0
0
0
0
0
0
0
0
6.4
6.3
105
0
0
0
0
0
0
0
0
0
0
0
0
0
0
0
0
0
0
27
0.1
0.1
0
9.4
3.5
0.2
0
0
0
0.1
0
0.2
0
0
16.1
0
0
0
0
0
0
0
103.9
10.9
66.6
43.6
14.5
0.8
0
0
0
0
0
0
0
0
0
14.3
0
0
3.3
0.4
0
0
0
0
0
0
0
0
0
0
0
0
0
0
0
0
0
0
0
0
0
49.2
22
0
0.6
0
0
0.1
0
0
0
0
0
0
0
0
0
0.3
0
0
0
0
2.6
6.2
0
0
0
0
0
0
0
0
0
0
0
0.9
0.1
0
0
1.1
0
1.8
0.4
0
11.8
2
0
11.9
0
0.2
1.2
0
0
31.9
0
0
0.3
0
0
0
0
0
0
0
0
0
0
0
0
0
0
0
0
0.1
0
0
0
0
0
0
0
0
7.3
12.1
0
0
0
10.1
0
12.3
0
0
0
0
0
3.7
10.4
6.3
0.8
0
0
0
0
0
0
0
0
0
0
0
0
0
0
0
0
3.5
0
0
0
0
0
0
0
0
0
0
0
5.6
0
0
0
0
0
0
0
0.2
37.6
0
0
0
0
0
0
0
0
0
0
0
0
0
14.3
0
0
0
0
0
0.5
0
0
0
0
0
0
0
0
0
0
0
0
0
0
0
0
0
0
0
0
0
0
0
0
8.5
0
0
0
0
15.4
0
0
23.2
99.3
0.3
0
0
0
0
22.8
25.8
11.6
104.5
12.1
2.2
0
0
0
0.4
14.1
0.9
4.3
10.1
0
0
84.5
7.9
32.6
6.5
0
0
0
0
0
0
0
0
0
0
0
0.6
0
0
0
0
0
0
0
0
0
0
0
0.4
0
0
0
1.5
0.1
0
0
0.3
0
0
0
0
0.1
0.1
0
0
0
0
0.2
0.1
1.7
0
0
0
0
0
0
0
0
0
11.4
0.1
0
0
0
0
0
0
0
0
0
0
0
4.3
0
1.8
0
0
0
0.1
0.6
1.2
12.5
0
0
0
0
0
0
0
0
0
0
0
0.3
0
0
0
0
0
0
0
0
0
0
0
0
0.1
0
0.1
0
0
0.1
0
0
0
0
0
0
0
0.1
0
0
0
5.8
20
16.6
0
0
0
0
0
0
0
0
0
0
0
6.3
0.2
0
0
1.9
0
0
2.9
0
0.7
0
0
0.4
6.1
0
4.8
3
0
5.4
0
1.9
3.8
0
0
0
7.8
1.7
3.5
0
0
0
0
0
0.8
0
0
0
0
0
0
0
0
0
0
0.7
3
3.5
41.7
39.4
8.3
0
0
0
0
0.2
0
0
0
0
0
0
10.6
0
0
0
0
0
0
2.5
13.9
0
0
0
0
0
0
0
0
0
0
0
0
0
0
0
0
0
0
0
4.6
0
0
0
4.6
0
0
0
0
0
0
0
0
0
0
0
0
0
0
0
0
0.1
0
0
0
0
0
0
0
0
0
0
0
0
0
0
30.3
0
0
0
0
0
0
0
0
0
0
0
0
0
0
0
0
0
0
0
0
0
0.5
0.1
13.6
0
0
0.1
0
0
0
0
0
0
0
0
0
3.4
0
0
0
0
0
0.2
0
0
0.3
0.4
0
0
0
1.7
0
0
35.6
0.6
0
0
0
0
0
0
0
0
0
0
14
0
0
1
0.1
0
0
14.1
5.8
4.5
37.9
0.4
0
0
0
12
0.2
0.2
0
12.7
63.9
0
0
0
0
6.2
1.5
0
0
0
0
0
0
0
0
0
0
7
6.2
0
0
0
0
0
0
0
10.3
4.7
14.6
4.9
0
0
0
1.1
0
0
0.1
0.2
1.9
0
0
0
0
0
0
0
0
0
0
0
0
2.1
0
0
0
0
0
0
0
0
0
0
0.1
0
0
0
0
0
0
0
0
0.1
0
0
4.7
0
5.7
9.3
1.3
0.2
1.2
0
0
0
0
1.5
0
8.4
1.1
0.4
0
0
0
0
1.9
2
0
0.2
0
0
0.3
0.2
0.1
1.9
0.1
0
0
0
0
0
-99
0
0
0.1
7.3
0.1
0
0
0
1.4
8.5
38.1
0
0
0
65.1
25.7
0.1
0
1.8
3.7
0.5
10
0.6
1.2
0
0
2.5
5.9
0
2.4
0
0
0
4.7
0.8
0
0.1
1.3
0.3
0
0
33.2
0.6
0
3.9
0.2
2.4
0
0.2
0
0
0
0.2
0
0
0
0
0
0
2.4
0
0
0
0
0
4.1
1.5
7.8
6.1
13.4
0.3
0.1
0.4
0
0
0
0
0
8.5
0
0.8
0
0
0
0.1
4.3
0
0
20.7
23.1
1.9
0
0
0
4.9
0.3
0
0
6.8
10.2
3.1
0.4
2
0
0
0
0
0
0
11
3.6
0
0
0
0
0
0
0
0
0
0
0
0.8
0
0
0
0
0
0
0
0
0
0
0.6
0.3
0
0
0
0
0
0
0
0
0
0.4
0
0
0.3
0.1
0
0.1
0
0
0
1.3
0
0
0
0
0
4.2
0
0
0
0
0
0
0
0
0.7
0.3
0
0
0
0
0
0
0
0
9.9
0
0
0
0
0
0
6.6
0
0
0.2
0
0
0
0
0
0
0
0
0
0
8.1
0
0
1.6
0
0
0
0
14.9
0
0
0
0
0
0
0
0
0
0
0
0
0.1
0.1
0
0
0
3.1
26.5
0
0
0
0
0
0
0.8
0
0
0
0
0
0
0
0
0
0
0
0
0
0
0
0
0
0
0
0
0
0
0
0
0.2
0
0
0
0
0
0
0
0
0.7
0
0.9
33.7
64.2
13.9
0
0.3
1.1
0.1
0
0
0
0
0
0
2.6
0
0
0
0
0
0
0
0
0
0.2
0
0
0.2
0
0
0
0
0
3.1
1.5
0
0
0
0
0
0.1
0
0
0
0
0
0
0
0
0.7
0
0
0
0
0
0
0.4
0
4.1
0.2
0
0
0
7.8
8.5
0
0
4.1
0
12.6
8.5
0
0
0
0.2
0.7
0
0
0
0
0
0.2
0
0.8
0.1
0.8
0.2
0.1
0
0
0
0
7.2
0.1
0
0
0
0.1
0
0
0
0.8
3.8
1.4
0
0
0
0.1
1.2
0
0
0
0
0
0
0
0
0
0
0
0.2
0
0
0
0
0
2.9
0.1
0
2.9
1.7
0
0
0
0.6
2
0
0.7
38.9
7.1
0
0
0
0
0
0
1.1
0
0
0
0
0
0
0
0.1
4.3
0
8.2
0
0
0
4.6
0
0
0
4.1
0.1
0.1
0.1
0
0
0
0
0
0
0
3.1
0
7.5
0
0
0
0
0
0
1.6
2.2
0.1
0.3
0
2.9
9.2
0
0
0
0
0
0
0
0
0
0
0
0
0
0
0
0
0
1.4
0
0.1
0
1.4
0
0
0
0
0
0.1
14
1.1
0
0
0
3.6
0
0
0.1
0
2.6
0
0
13.7
0
0.2
0
0
0
0.2
0.3
0
0
0
0
0
4
0
0
0
0
16.4
0
0
10.3
0
0
0
5.8
31
0.1
5.8
0
0
0
0
0.4
0
0
0
21.7
0
0
0
0
0
0
2.9
0
23.2
0
0
0
0
0
0
0.1
0
0
0
0
0
0.5
0
0
0
7.8
0.2
0
0
0
0
0
0.1
0
1.1
0
0
0
0
0
0
0.4
0
0
0
38.6
62.7
17.4
0
0
0
0
1.5
0
0
0
0
0.1
0
0.1
0
0
0
0
0
0
0
0
0
0
0
0.1
0
0
0
0
0
0
0
0
0
4.2
1.2
0
0
0
0
0
0.2
0
0
0
0.1
0
0
0.2
0
0
0
0
0
0
3.1
2.3
14.6
0.9
0.6
75.4
116.8
13.9
0
0
12
0.4
1.4
0.5
0.2
0.1
0
0
0
0
5.8
20.1
0
4
0
0
0
0
0
0
0
0
0
0.9
8.7
0
0
0
0
0
0
0
0
0
0
0
0
0
0
0
0
0
0
1.5
0
0
23.3
0
0
0
0
0.7
2.7
0.5
0.1
-99
-99
-99
-99
-99
-99
-99
-99
-99
-99
-99
-99
-99
-99
-99
-99
-99
-99
-99
-99
-99
-99
-99
-99
-99
-99
-99
-99
-99
-99
-99
-99
-99
-99
-99
-99
-99
-99
-99
-99
-99
-99
-99
-99
-99
-99
-99
-99
-99
-99
-99
-99
-99
-99
-99
-99
-99
-99
-99
-99
-99
-99
-99
-99
-99
-99
-99
-99
-99
-99
-99
-99
-99
-99
-99
-99
-99
-99
-99
-99
-99
-99
-99
-99
-99
-99
-99
-99
-99
-99
-99
-99
-99
-99
-99
-99
-99
-99
-99
-99
-99
-99
-99
-99
-99
-99
-99
-99
-99
-99
-99
-99
-99
-99
-99
-99
-99
-99
-99
-99
-99
-99
-99
-99
-99
-99
-99
-99
-99
-99
-99
-99
-99
-99
-99
-99
-99
-99
-99
-99
-99
-99
-99
-99
-99
-99
-99
-99
-99
-99
-99
-99
-99
-99
-99
-99
-99
-99
-99
-99
-99
-99
-99
-99
-99
-99
-99
-99
-99
-99
-99
-99
-99
-99
-99
-99
-99
-99
-99
-99
-99
-99
-99
-99
-99
-99
-99
-99
-99
-99
-99
-99
-99
-99
-99
-99
-99
-99
-99
-99
-99
-99
-99
-99
-99
-99
-99
-99
-99
-99
-99
-99
-99
-99
-99
-99
-99
-99
-99
-99
-99
-99
-99
-99
-99
-99
-99
-99
-99
-99
-99
-99
-99
-99
-99
-99
-99
-99
-99
-99
-99
-99
-99
-99
-99
-99
-99
-99
-99
-99
-99
-99
-99
-99
-99
-99
-99
-99
-99
-99
-99
-99
-99
-99
-99
-99
-99
-99
-99
-99
-99
-99
-99
-99
-99
-99
-99
-99
-99
-99
-99
-99
-99
-99
-99
-99
-99
-99
-99
-99
-99
-99
-99
-99
-99
-99
-99
-99
-99
-99
-99
-99
-99
-99
-99
-99
-99
-99
-99
-99
-99
-99
-99
-99
-99
-99
-99
-99
-99
-99
-99
-99
-99
-99
-99
-99
-99
-99
-99
-99
-99
-99
-99
-99
-99
-99
-99
-99
-99
-99
-99
-99
-99
-99
-99
-99
-99
-99
-99
-99
-99
-99
-99
-99
-99
-99
-99
-99
-99
-99
-99
-99
-99
-99
-99
-99
-99
-99
-99
-99
-99
-99
-99
-99
-99
-99
-99
-99
-99
-99
-99
-99
-99
-99
-99
-99
-99
-99
-99
-99
-99
-99
-99
-99
-99
-99
-99
-99
-99
-99
-99
-99
-99
-99
-99
-99
-99
-99
-99
-99
-99
-99
-99
-99
-99
-99
-99
-99
-99
-99
-99
-99
-99
-99
-99
-99
-99
-99
-99
-99
-99
-99
-99
-99
-99
-99
-99
-99
-99
-99
-99
-99
-99
-99
-99
-99
-99
-99
-99
-99
-99
-99
-99
-99
-99
-99
-99
-99
-99
-99
-99
-99
-99
-99
-99
-99
-99
-99
-99
-99
-99
-99
-99
-99
-99
-99
-99
-99
-99
-99
-99
-99
-99
-99
-99
-99
-99
-99
-99
-99
-99
-99
-99
-99
-99
-99
-99
-99
-99
-99
-99
-99
-99
-99
-99
-99
-99
-99
-99
-99
-99
-99
-99
-99
-99
-99
-99
-99
-99
-99
-99
-99
-99
-99
-99
-99
-99
-99
-99
-99
-99
-99
-99
-99
-99
-99
-99
-99
-99
-99
-99
-99
-99
-99
-99
-99
-99
-99
-99
-99
-99
-99
-99
-99
-99
-99
-99
-99
-99
-99
-99
-99
-99
-99
-99
-99
-99
-99
-99
-99
-99
-99
-99
-99
-99
-99
-99
-99
-99
-99
-99
-99
-99
-99
-99
-99
-99
-99
-99
-99
-99
-99
-99
-99
-99
-99
-99
-99
-99
-99
-99
-99
-99
-99
-99
-99
-99
-99
-99
-99
-99
-99
-99
-99
-99
-99
-99
-99
-99
-99
-99
-99
-99
-99
-99
-99
-99
-99
-99
-99
-99
-99
-99
-99
-99
-99
-99
-99
-99
-99
-99
-99
-99
-99
-99
-99
-99
-99
-99
-99
-99
-99
-99
-99
-99
-99
-99
-99
-99
-99
-99
-99
-99
-99
-99
-99
-99
-99
-99
-99
-99
-99
-99
-99
-99
-99
-99
-99
-99
-99
-99
-99
-99
-99
-99
-99
-99
-99
-99
-99
-99
-99
-99
-99
-99
-99
-99
-99
-99
-99
-99
-99
-99
-99
-99
-99
-99
-99
-99
-99
-99
-99
-99
-99
-99
-99
-99
-99
-99
-99
-99
-99
-99
-99
-99
-99
-99
-99
-99
-99
-99
-99
-99
-99
-99
-99
-99
-99
-99
-99
-99
-99
-99
-99
-99
-99
-99
-99
-99
-99
-99
-99
-99
-99
-99
-99
-99
-99
-99
-99
-99
-99
-99
-99
-99
-99
-99
-99
-99
-99
-99
-99
-99
-99
-99
-99
-99
-99
-99
-99
-99
-99
-99
-99
-99
-99
-99
-99
-99
-99
-99
-99
-99
-99
-99
-99
-99
-99
-99
-99
-99
-99
-99
-99
-99
-99
-99
-99
-99
-99
-99
-99
-99
-99
-99
-99
-99
-99
-99
-99
-99
-99
-99
-99
-99
-99
-99
-99
-99
-99
-99
-99
-99
-99
-99
-99
-99
-99
-99
-99
-99
-99
-99
-99
-99
-99
-99
-99
-99
-99
-99
-99
-99
-99
-99
-99
-99
-99
-99
-99
-99
-99
-99
-99
-99
-99
-99
-99
-99
-99
-99
-99
-99
-99
-99
-99
-99
-99
-99
-99
-99
-99
-99
-99
-99
-99
-99
-99
-99
-99
-99
-99
-99
-99
-99
-99
-99
-99
-99
-99
-99
-99
-99
-99
-99
-99
-99
-99
-99
-99
-99
-99
-99
-99
-99
-99
-99
-99
-99
-99
-99
-99
-99
-99
-99
-99
-99
-99
-99
-99
-99
-99
-99
-99
-99
-99
-99
-99
-99
-99
-99
-99
-99
-99
-99
-99
-99
-99
-99
-99
-99
-99
-99
-99
-99
-99
-99
-99
-99
-99
-99
-99
-99
-99
-99
-99
-99
-99
-99
-99
-99
-99
-99
-99
-99
-99
-99
-99
-99
-99
-99
-99
-99
-99
-99
-99
-99
-99
-99
-99
-99
-99
-99
-99
-99
-99
-99
-99
-99
-99
-99
-99
-99
-99
-99
-99
-99
-99
-99
-99
-99
-99
-99
-99
-99
-99
-99
-99
-99
-99
-99
-99
-99
-99
-99
-99
-99
-99
-99
-99
-99
-99
-99
-99
-99
-99
-99
-99
-99
-99
-99
-99
-99
-99
-99
-99
-99
-99
-99
-99
-99
-99
-99
-99
-99
-99
-99
-99
-99
-99
-99
-99
-99
-99
-99
-99
-99
-99
-99
-99
-99
-99
-99
-99
-99
-99
-99
-99
-99
-99
-99
-99
-99
-99
-99
-99
-99
-99
-99
-99
-99
-99
-99
-99
-99
-99
-99
-99
-99
-99
-99
-99
-99
-99
-99
-99
-99
-99
-99
-99
-99
-99
-99
-99
-99
-99
-99
-99
-99
-99
-99
-99
-99
-99
-99
-99
-99
-99
-99
-99
-99
-99
-99
-99
-99
-99
-99
-99
-99
-99
-99
-99
-99
-99
-99
-99
-99
-99
-99
-99
-99
-99
-99
-99
-99
-99
-99
-99
-99
-99
-99
-99
-99
-99
-99
-99
-99
-99
-99
-99
-99
-99
-99
-99
-99
-99
-99
-99
-99
-99
-99
-99
-99
-99
-99
-99
-99
-99
-99
-99
-99
-99
-99
-99
-99
-99
-99
-99
-99
-99
-99
-99
-99
-99
-99
-99
-99
-99
-99
-99
-99
-99
-99
-99
-99
-99
-99
-99
-99
-99
-99
-99
-99
-99
-99
-99
-99
-99
-99
-99
-99
-99
-99
-99
-99
-99
-99
-99
-99
-99
-99
-99
-99
-99
-99
-99
-99
-99
-99
-99
-99
-99
-99
-99
-99
-99
-99
-99
-99
-99
-99
-99
-99
-99
-99
-99
-99
-99
-99
-99
-99
-99
-99
-99
-99
-99
-99
-99
-99
-99
-99
-99
-99
-99
-99
-99
-99
-99
-99
-99
-99
-99
-99
-99
-99
-99
-99
-99
-99
-99
-99
-99
-99
-99
-99
-99
-99
-99
-99
-99
-99
-99
-99
-99
-99
-99
-99
-99
-99
-99
-99
-99
-99
-99
-99
-99
-99
-99
-99
-99
-99
-99
-99
-99
-99
-99
-99
-99
-99
-99
-99
-99
-99
-99
-99
-99
-99
-99
-99
-99
-99
-99
-99
-99
-99
-99
-99
-99
-99
-99
-99
-99
-99
-99
-99
-99
-99
-99
-99
-99
-99
-99
-99
-99
-99
-99
-99
-99
-99
-99
-99
-99
-99
-99
-99
-99
-99
-99
-99
-99
-99
-99
-99
-99
-99
-99
-99
-99
-99
-99
-99
-99
-99
-99
-99
-99
-99
-99
-99
-99
-99
-99
-99
-99
-99
-99
-99
-99
-99
-99
-99
-99
-99
-99
-99
-99
-99
-99
-99
-99
-99
-99
-99
-99
-99
-99
-99
-99
-99
-99
-99
-99
-99
-99
-99
-99
-99
-99
-99
-99
-99
-99
-99
-99
-99
-99
-99
-99
-99
-99
-99
-99
-99
-99
-99
-99
-99
-99
-99
-99
-99
-99
-99
-99
-99
-99
-99
-99
-99
-99
-99
-99
-99
-99
-99
-99
-99
-99
-99
-99
-99
-99
-99
-99
-99
-99
-99
-99
-99
-99
-99
-99
-99
-99
-99
-99
-99
-99
-99
-99
-99
-99
-99
-99
-99
-99
-99
-99
-99
-99
-99
-99
-99
-99
-99
-99
-99
-99
-99
-99
-99
-99
-99
-99
-99
-99
-99
-99
-99
-99
-99
-99
-99
-99
-99
-99
-99
-99
-99
-99
-99
-99
-99
-99
-99
-99
-99
-99
-99
-99
-99
-99
-99
-99
-99
-99
-99
-99
-99
-99
-99
-99
-99
-99
-99
-99
-99
-99
-99
-99
-99
-99
-99
-99
-99
-99
-99
-99
-99
-99
-99
-99
-99
-99
-99
-99
-99
-99
-99
-99
-99
-99
-99
-99
-99
-99
-99
-99
-99
-99
-99
-99
-99
-99
-99
-99
-99
-99
-99
-99
-99
-99
-99
-99
-99
-99
-99
-99
-99
-99
-99
-99
-99
-99
-99
-99
-99
-99
-99
-99
-99
-99
-99
-99
-99
-99
-99
-99
-99
-99
-99
-99
-99
-99
-99
-99
-99
-99
-99
-99
-99
-99
-99
-99
-99
-99
-99
-99
-99
-99
-99
-99
-99
-99
-99
-99
-99
-99
-99
-99
-99
-99
-99
-99
-99
-99
-99
-99
-99
-99
-99
-99
-99
-99
-99
-99
-99
-99
-99
-99
-99
-99
-99
-99
-99
-99
-99
-99
-99
-99
-99
-99
-99
-99
-99
-99
-99
-99
-99
-99
-99
-99
-99
-99
-99
-99
-99
-99
-99
-99
-99
-99
-99
-99
-99
-99
-99
-99
-99
-99
-99
-99
-99
-99
-99
-99
-99
-99
-99
-99
-99
-99
-99
-99
-99
-99
-99
-99
-99
-99
-99
-99
-99
-99
-99
-99
-99
-99
-99
-99
-99
-99
-99
-99
-99
-99
-99
-99
-99
-99
-99
-99
-99
-99
-99
-99
-99
-99
-99
-99
-99
-99
-99
-99
-99
-99
-99
-99
-99
-99
-99
-99
-99
-99
-99
-99
-99
-99
-99
-99
-99
-99
-99
-99
-99
-99
-99
-99
-99
-99
-99
-99
-99
-99
-99
-99
-99
-99
-99
-99
-99
-99
-99
-99
-99
-99
-99
-99
-99
-99
-99
-99
-99
-99
-99
-99
-99
-99
-99
-99
-99
-99
-99
-99
-99
-99
-99
-99
-99
-99
-99
-99
-99
-99
-99
-99
-99
-99
-99
-99
-99
-99
-99
-99
-99
-99
-99
-99
-99
-99
-99
-99
-99
-99
-99
-99
-99
-99
-99
-99
-99
-99
-99
-99
-99
-99
-99
-99
-99
-99
-99
-99
-99
-99
-99
-99
-99
-99
-99
-99
-99
-99
-99
-99
-99
-99
-99
-99
-99
-99
-99
-99
-99
-99
-99
-99
-99
-99
-99
-99
-99
-99
-99
-99
-99
-99
-99
-99
-99
-99
-99
-99
-99
-99
-99
-99
-99
-99
-99
-99
-99
-99
-99
-99
-99
-99
-99
-99
-99
-99
-99
-99
-99
-99
-99
-99
-99
-99
-99
-99
-99
-99
-99
-99
-99
-99
-99
-99
-99
-99
-99
-99
-99
-99
-99
-99
-99
-99
-99
-99
-99
-99
-99
-99
-99
-99
-99
-99
-99
-99
-99
-99
-99
-99
-99
-99
-99
-99
-99
-99
-99
-99
-99
-99
-99
-99
-99
-99
-99
-99
-99
-99
-99
-99
-99
-99
-99
-99
-99
-99
-99
-99
-99
-99
-99
-99
-99
-99
-99
-99
-99
-99
-99
-99
-99
-99
-99
-99
-99
-99
-99
-99
-99
-99
-99
-99
-99
-99
-99
-99
-99
-99
-99
-99
-99
-99
-99
-99
-99
-99
-99
-99
-99
-99
-99
-99
-99
-99
-99
-99
-99
-99
-99
-99
-99
-99
-99
-99
-99
-99
-99
-99
-99
-99
-99
-99
-99
-99
-99
-99
-99
-99
-99
-99
-99
-99
-99
-99
-99
-99
-99
-99
-99
-99
-99
-99
-99
-99
-99
-99
-99
-99
-99
-99
-99
-99
-99
-99
-99
-99
-99
-99
-99
-99
-99
-99
-99
-99
-99
-99
-99
-99
-99
-99
-99
-99
-99
-99
-99
-99
-99
-99
-99
-99
-99
-99
-99
-99
-99
-99
-99
-99
-99
-99
-99
-99
-99
-99
-99
-99
-99
-99
-99
-99
-99
-99
-99
-99
-99
-99
-99
-99
-99
-99
-99
-99
-99
-99
-99
-99
-99
-99
-99
-99
-99
-99
-99
-99
-99
-99
-99
-99
-99
-99
-99
-99
-99
-99
-99
-99
-99
-99
-99
-99
-99
-99
-99
-99
-99
-99
-99
-99
-99
-99
-99
-99
-99
-99
-99
-99
-99
-99
-99
-99
-99
-99
-99
-99
-99
-99
-99
-99
-99
-99
-99
-99
-99
-99
-99
-99
-99
-99
-99
-99
-99
-99
-99
-99
-99
-99
-99
-99
-99
-99
-99
-99
-99
-99
-99
-99
-99
-99
-99
-99
-99
-99
-99
-99
-99
-99
-99
-99
-99
-99
-99
-99
-99
-99
-99
-99
-99
-99
-99
-99
-99
-99
-99
-99
-99
-99
-99
-99
-99
-99
-99
-99
-99
-99
-99
-99
-99
-99
-99
-99
-99
-99
-99
-99
-99
-99
-99
-99
-99
-99
-99
-99
-99
-99
-99
-99
-99
-99
-99
-99
-99
-99
-99
-99
-99
-99
-99
-99
-99
-99
-99
-99
-99
-99
-99
-99
-99
-99
-99
-99
-99
-99
-99
-99
-99
-99
-99
-99
-99
-99
-99
-99
-99
-99
-99
-99
-99
-99
-99
-99
-99
-99
-99
-99
-99
-99
-99
-99
-99
-99
-99
-99
-99
-99
-99
-99
-99
-99
-99
-99
-99
-99
-99
-99
-99
-99
-99
-99
-99
-99
-99
-99
-99
-99
-99
-99
-99
-99
-99
-99
-99
-99
-99
-99
-99
-99
-99
-99
-99
-99
-99
-99
-99
-99
-99
-99
-99
-99
-99
-99
-99
-99
-99
-99
-99
-99
-99
-99
-99
-99
-99
-99
-99
-99
-99
-99
-99
-99
-99
-99
-99
-99
-99
-99
-99
-99
-99
-99
-99
-99
-99
-99
-99
-99
-99
-99
-99
-99
-99
-99
-99
-99
-99
-99
-99
-99
-99
-99
-99
-99
-99
-99
-99
-99
-99
-99
-99
-99
-99
-99
-99
-99
-99
-99
-99
-99
-99
-99
-99
-99
-99
-99
-99
-99
-99
-99
-99
-99
-99
-99
-99
-99
-99
-99
-99
-99
-99
-99
-99
-99
-99
-99
-99
-99
-99
-99
-99
-99
-99
-99
-99
-99
-99
-99
-99
-99
-99
-99
-99
-99
-99
-99
-99
-99
-99
-99
-99
-99
-99
-99
-99
-99
-99
-99
-99
-99
-99
-99
-99
-99
-99
-99
-99
-99
-99
-99
-99
-99
-99
-99
-99
-99
-99
-99
-99
-99
-99
-99
-99
-99
-99
-99
-99
-99
-99
-99
-99
-99
-99
-99
-99
-99
-99
-99
-99
-99
-99
-99
-99
-99
-99
-99
-99
-99
-99
-99
-99
-99
-99
-99
-99
-99
-99
-99
-99
-99
-99
-99
-99
-99
-99
-99
-99
-99
-99
-99
-99
-99
-99
-99
-99
-99
-99
-99
-99
-99
-99
-99
-99
-99
-99
-99
-99
-99
-99
-99
-99
-99
-99
-99
-99
-99
-99
-99
-99
-99
-99
-99
-99
-99
-99
-99
-99
-99
-99
-99
-99
-99
-99
-99
-99
-99
-99
-99
-99
-99
-99
-99
-99
-99
-99
-99
-99
-99
-99
-99
-99
-99
-99
-99
-99
-99
-99
-99
-99
-99
-99
-99
-99
-99
-99
-99
-99
-99
-99
-99
-99
-99
-99
-99
-99
-99
-99
-99
-99
-99
-99
-99
-99
-99
-99
-99
-99
-99
-99
-99
-99
-99
-99
-99
-99
-99
-99
-99
-99
-99
-99
-99
-99
-99
-99
-99
-99
-99
-99
-99
-99
-99
-99
-99
-99
-99
-99
-99
-99
-99
-99
-99
-99
-99
-99
-99
-99
-99
-99
-99
-99
-99
-99
-99
-99
-99
-99
-99
-99
-99
-99
-99
-99
-99
-99
-99
-99
-99
-99
-99
-99
-99
-99
-99
-99
-99
-99
-99
-99
-99
-99
-99
-99
-99
-99
-99
-99
-99
-99
-99
-99
-99
-99
-99
-99
-99
-99
-99
-99
-99
-99
-99
-99
-99
-99
-99
-99
-99
-99
-99
-99
-99
-99
-99
-99
-99
-99
-99
-99
-99
-99
-99
-99
-99
-99
-99
-99
-99
-99
-99
-99
-99
-99
-99
-99
-99
-99
-99
-99
-99
-99
-99
-99
-99
-99
-99
-99
-99
-99
-99
-99
-99
-99
-99
-99
-99
-99
-99
-99
-99
-99
-99
-99
-99
-99
-99
-99
-99
-99
-99
-99
-99
-99
-99
-99
