20000101
-99
-99
-99
-99
-99
-99
-99
-99
-99
-99
-99
-99
-99
-99
-99
-99
-99
-99
-99
-99
-99
-99
-99
-99
-99
-99
-99
-99
-99
-99
-99
-99
-99
-99
-99
-99
-99
-99
-99
-99
-99
-99
-99
-99
-99
-99
-99
-99
-99
-99
-99
-99
-99
-99
-99
-99
-99
-99
-99
-99
-99
-99
-99
-99
-99
-99
-99
-99
-99
-99
-99
-99
-99
-99
-99
-99
-99
-99
-99
-99
-99
-99
-99
-99
-99
-99
-99
-99
-99
-99
-99
-99
-99
-99
-99
-99
-99
-99
-99
-99
-99
-99
-99
-99
-99
-99
-99
-99
-99
-99
-99
-99
-99
-99
-99
-99
-99
-99
-99
-99
-99
-99
-99
-99
-99
-99
-99
-99
-99
-99
-99
-99
-99
-99
-99
-99
-99
-99
-99
-99
-99
-99
-99
-99
-99
-99
-99
-99
-99
-99
-99
-99
-99
-99
-99
-99
-99
-99
0
0
0
32.5
6.8
0
0
7
0
0
0
0
0
0
0
0
0
0
0
0
0.2
0
0
0
0
0
0
0
0
0
0
0
0
7.8
5.6
0.6
0
0
0
0
0
0
0
0
0
0
1.2
0.2
0
0
0
1.6
0
0
0
0
0
0.4
0.4
0
0
0
0
0
0
0.4
0
0
0
0
0
0
0
0
0
0.2
0
0
0
0
0
0
0
0
8.8
4
0
0
0
0
0
0
0
0
0
0
0
0.6
0
0
0.4
0
0
0.8
20.2
2
0
0
0
0
0
0
0
3.8
1.4
0.8
0
0.4
0
0
0
0
0
0
0
2.4
4.8
0.4
6
4
29.2
2.2
0
0
0.2
0.2
0
2.4
0
0
0
0
0.2
0.2
0
0.2
2.6
0.2
0
0
0
0.2
6.6
0.6
0.2
0
0
0.2
0
2.8
7.4
0
0
0
0
0
7.4
0
0
4.4
0
0.2
2.6
3.2
0.2
3.6
12.9
0.2
0.2
0.2
0
0
0.2
0
0
0.2
0.2
0
0.2
0.2
0
3
0
0
0
0
3.2
7.4
42.5
42.3
18.4
0.2
0
0
0
0
22.1
0
0
0
0
0.4
0
0.6
1.4
0.2
0
0
0
15
8
6.2
37.9
36.2
0
0
2.2
0
0
0.2
0
0
0
0.2
0
25.6
24
8.6
0
2.2
0
0
0
0
0
0
1.8
0
0
0
0.2
0.2
-99
-99
-99
-99
-99
-99
0.2
0
0
0
0
0
0
0.4
0
0
0.4
0
0
1
0
2.8
15.4
0
9.8
0.2
11
0.2
0
0
2
0.2
0
0.2
0
0
0
0
0
19
1.2
5.4
1.8
4.4
2
0
0
0
0
1.4
0
0
7
0
0
0
0
0
0
0
0
1
0
0
2.8
1.6
2.2
0
0.2
0
0
0
0
0
0
1.4
5.8
2.8
0.6
0.2
1
0
0
0
0
0
0
0
0
0
0
0
7.8
0
0
0.2
1.8
0
0.2
1.6
0
0
0
0
0
0
0
0
0
0
0
0
0
0
0
0
0.4
0
0
0
0
0
0
0
0
0
0
0
0
0
0
0
0
0
0
0
0
0
0
0
0
0
0
0
0
0
0
0
0
0
0
0
0
0
0
0
0
0
0
0
0
0
0
0
0
0
0
0
0
0
0
0
0
0
0
0
0
0
0
0
0
0
0
0
0
9.5
0.4
0
0
0
0
0
0
0
0
0
1.4
4.6
2.6
0
0
38.5
0.6
0
26.7
59.5
0
13.1
0
0
0
0
0
0
0
0
0
0.4
0
1.2
30
0.4
1.2
0
0.2
0
2.6
4.2
0
0
0
0
0.2
0
0
0.2
0
0
0
0
0
0.2
0
0
0.2
0
13
1
19.5
0
0
3.8
0
0
0
0
0
0
0
0
0.2
0
0
0
0
0
0
0.4
0
0
6
0.2
0.4
28.6
63.5
17.2
29.1
0
0
0
0
0
0
0
0
0
0
0
0
1.4
0
0
0.2
0.2
0
0
0
0
0
0
0
0
0
0
0
0
0
0
0
0
0
0
0
0
0
0
0
0
0
0
0
2.6
1.2
-99
6.8
0.8
0
0
0.2
0
0
0.2
0
0.2
0
0.4
0
0
0
0
0
0
0
0
0.2
0
0
0
0
0
0.2
0
0
0.2
0.2
0
6
0
0
0
0
0
0
0
0
10.6
3.2
4.8
4
0
0
0
0.4
0
0
0
0
0
0
0
0
2
0
0.2
21.6
0
0
0
0
0
0
0
2
3.4
0
0
0
0
0
0
0
0
0
0
0
0
0
0.4
3.4
0.2
0
0
2.2
75.1
3.4
0
0
24.4
0
4.6
30
33.8
3
0.2
1
0
0
0
0
0
0
0
0
0
0
0
0
0
0
0
0
8
4.8
3
0
0
2.2
30.8
45
1.8
12.9
0.2
0
0
0
0
0
0
2
0
0
0
0.2
2.4
0
0
4.8
0.6
0
0
0
0
0
0
3.4
5.8
17.4
0.6
0
11.8
0
0
0
0
0
0
0
0
0
0
0
0
0
0
0
0
0
0
0
0
4.2
0
0.6
0
0
0
0
3
0
0
0
0
0
10
0
3.2
0
0
0
0
0
0
0
0
0
0
0
0
0
0
0
0
0
8
0
0
0
6.4
0.2
0
0.8
22.8
1.6
0
0
0
0
0
0
0
0
0
0
0
0
0
0.6
2.2
10
1
0
0
0
0
0
0
5.2
0.4
0.6
0
0.2
14.3
0.6
0
0
8
1.8
0
0
0
0
0
0
0.6
0.8
0
0
0
0
0
0
0
0.2
0
0
0.2
0.2
0
0
0
0
0
60
9
0
0
0
0
0
0.2
4.2
0
0
0.2
3.8
0
5.2
0
0
0
0.2
0
0
0
0.8
0
0
0.2
0
0
2
4.2
0
0
0
0
0
0
2.4
0.2
0.2
0
0
0
9.2
0.2
0
0.4
11
0.2
0
0
0
0
0
5.2
0
0
0
3.8
0
0
0
0
74.4
0.4
0.2
0.2
0.2
0
0
0
0
0
0
0
0
0.2
0.2
0
0
0.2
0
0
1.4
0.2
0
0
0
0
0.2
43.4
0
0
0
0.4
0
0
0
0
0
0
0
0
1.4
0
0
0
0
0
0
0
0
0
0
0.6
0
0
0
0
5.2
1.2
0.4
0
0
0.8
0
0
0
0.2
0
0
0
0
0
16.4
46.4
5.8
8.6
0
6.4
3.4
33.2
6.6
0.2
0
0
0.8
0
0.2
2
0
0
0
0
0
0
0.2
0
1.8
0
0
0
0
0
0
0
0
0
0
0.2
0
15.2
11.8
38.7
2.4
6.6
4.6
0
0
0
0
0
1.2
20
7.8
3.8
0
0
1.8
0
0
0
0
0.4
0.6
0
0
0
0
0
1.4
0
0
0
0
0
2.6
0
0
0
0
4
0
0.2
0
3.6
0
0.4
0
0
0.2
4.4
0
19.6
0
0
0
0
1
6.4
43.4
0
0
0
0
0
0
1.4
0.2
0
2
2
0
0
0
0
0
0
0
0
0
0
8.8
0
0
0
0
0
0
0
0
0
0
1.4
0.2
0
0
0.2
2.2
0
0
0.4
0
0
0
0
0
0
0
0
0
0
0
0
0
0
0
0
0
0
0
0
4.2
0
0
0
0
0
0
0
0
0
0
0
0
0
0
0
0
0
0
0
0
10.6
14.3
0
0
0
0
0
11
0.2
0
0
0
0
1
8.6
0.6
0.2
0
2.6
9.8
1
12.5
6
0.2
0
0
0
0
0
0
0
0
0
0
0
0.2
4.2
0.4
0
0
0
11.2
1.8
0
11
2
0
0
2.8
2
0
0
0
0
0
0
0
5.2
0
2.2
9.6
55.6
12.8
7
0.2
0.8
0
8
0
0
9.2
0.2
2.4
0.6
0
1.8
0.2
0
0
0
0
0
0
0
2.6
0.4
0
0
0
0
7.4
10
0.2
0
0
0
1
2.6
14.6
3.2
0
0
1.2
0
0
0
17
10.6
54
26.6
8.2
0
9.6
0.2
0.4
2.4
0.2
0.2
0
0
0
0
0
1.8
0.8
0
0.8
4.6
0
0
0
0
0
5.8
0.2
0
0
1.8
0.8
0
0
0
0
0
0
0.8
2
0
0
0
0
0
0
1
0.4
0
1.2
0
0
13.8
17.2
0
0.2
7.6
0
0
0
0
0
0
0.2
0
0
0.4
0
0
0
0
0
0
0
0
0
0.2
0
0
0.4
36.2
13.2
12.8
0.2
0
0.8
1.6
0.4
0
0
0
0
0
0
0
0.6
0
0
0
0
0
1.2
8.6
0
0
0
0
0.2
0.2
0
0.2
0.4
0
0
0
0
0.4
0
21.4
27.2
1.2
0
1.8
0
0
0
0
0.2
0.4
0.2
0
0
0
0
2.6
0.4
107.8
0.6
10
0
0
0
1.6
0
0
0
0
0
9.4
33
0.8
0.2
1
48.5
4
14.4
0.4
2.2
0
0
0
13.2
3
0
0
0
0
0
0
0
0
0
13.6
0
0
0
0
0
0
0
2.2
0
0
0.2
0
0
0
0
0
0
0
0
0.4
0.2
0
10.2
2.6
1.2
0
1.4
4.4
0.2
0
0
0
0
0
0
0
0
0
0
0
0
0
0
0
0.2
0
1.6
0
1.2
1.2
0
0
0
0
0
0
0
0
0
0
0
0
0
0
0
0
0
0
0
0
0
0
0
5
0.2
0
0
0
0
4.6
0
0
0
0
0
0
4.4
0
0
0
0
0
0.4
0.2
0
0
0
0
1.6
0
0
0
0.2
4
0
0
0
1
0
0
5.4
18.9
0.4
0
21.7
3
0
0
0
0
0
0
0
0
0
0
0
0
0
0
0
0
0
0
0
0
0.2
0.2
0
0
0
2.2
3.6
0
1.4
5.2
0.4
0
0
0
0
0
0
0.2
0
1.4
15.6
0
0
0
4.6
16.8
0
0
0
0
0.2
0
0
0.2
9
2
0
0
0
0
0
0
0
0
0
0
0
0
0
0.2
0
0
0
0
2.8
0
5.8
0
0
0.4
0
0
7.4
11.8
1.8
0
0
9.2
0
0
0
0.2
0
0.2
0
0
0
0
0
0
0.6
0
0
0.4
0.4
0
0
0
0
0
0
0
0
0
0
0.2
0
0.2
0
0
0
0
0
0.2
0.6
6
0
0
0
0.2
0.2
0
0
0.4
0
0.8
0
0
0
0
0
0
0.2
46
28
87
8.2
0
0
0
5.4
0.2
0
0
0
0
0.8
0
0
0.4
0
0
0
0
0
0
0
0
1.6
0
0
0
0
0
0
0
0
0
0
0
0
0
0
0
0
0
1.2
0.2
0
0.6
0
0
8
0
6.8
0
0
0
0
24.6
0
0
0
0
4.4
0
3.6
0
0
0
0.2
2.2
0
0
7.8
8.6
0
0
0
0
3.4
0.2
0
0
0
0
0
0
0.4
0.4
2.4
0
0
0
0
0.6
6.8
4.4
0.2
0.8
3.2
0
1.2
69.2
0
0
0
0
1.6
0
0
0
0
0
0
0
0.2
0
0
0
0
0
0
0
0
0
0
0
3
0
0.4
2
0
0
0
0
0
0
0
0
0
0
0
0
0
0.2
0
0
0
0
0
1
0
0
0
0.2
4.6
0.2
0
0
0
0
0
0
0
0
0
0
0
0
0
0
0
0
0
0
1.8
0
0
6.8
0
0
0
0
0
0
0
0
4
0.4
0
0
0
0
0
0
0
1.6
2.2
0.6
0
0
0
0
0
0.6
0
0
0
0
0
0
0
0
11.9
5.8
14.9
20.9
0
0.2
1.6
0.6
7.2
0.2
0
13.1
7.6
0
0
0
0
0
0
0
7.2
0.2
0
0
0
0
10.5
14.2
0
0.8
3
0
0
0
0
0
7.4
22.5
81.9
30.4
12.9
2
0
68.9
0
0
0
0
1.8
0
0
0
0.2
0
0
0
0
0
0.2
0
0
0.2
0
0
0
12
0
0
3
19.9
39.4
4.9
0.2
0
0
0
0
0
0
0
0
6.6
1
0
0
0
0
0
0
0.2
0
0.6
0
0
0
0
0
0
0
0
0
0
0
0
0
0
0
0
0
0.2
0
0.2
0
0
0
0
0
4
3
0
0
0
0
4
9.8
3
1.6
0
0.2
0
2.6
2.2
0
0
0
0
0
0
0
0
0
0
0.2
0.4
5.2
28.8
42.8
17
0.2
0
0
0.2
0
0
0
0
0
0
0
0
0
0
0
0
12.1
5.7
0
0
0
1
0
0
0.2
0
0.8
0
0
0
0
0
0
0
2.6
5.8
0
12.6
3.2
17.6
0
0
0
0
0
0
5.2
12.8
0.2
1.8
0.2
0
0.8
0
0
0
0.2
0
0
0
0
0.8
0
0
19.5
0.2
0
0
0
0.4
0
0
0
0
0
1
0
0
0
0
0
0
0
0
0
0
0
0
0
0
0
0
0
0
0
0
0
0.2
0
0
0
0
1.6
0
0
0
0
0
0
0
0
0
1.4
0
0
0
0
0
0
0
0
0
0
0
0
0
0
0
0
0
0
0
0
0
0
0
0.4
0
0
0
0
0
0
0
0
0
0
0
0
0
0
0
0
0
0
0
4.6
0
0
0
0
0
0
0
0
0
0
0
0
0
0.2
0
0
0
0
0
0
0
0.2
0
0
0
0
0
0.2
0
0
0
0
0
0
0
0
0
0
0
10.2
0.2
0
0
0
0
0
0
10.5
1.2
0.2
0.2
0
0
0
0
0
0
0
0
0
0
0
0
0
0
0
0
2
80.3
17.9
0.4
2
0
0
0
0
0
0.2
4.6
2.2
1.8
0
0
0
0
0
0
0
0.6
6.3
0.2
0
0
0
0.6
0.2
3.6
11.3
0
0
0
0
0.2
42.6
0.2
0
0
0.2
0
0
0
0.4
0
0
0
0
0
0.2
0
0
0
0
0
0
0.2
0
0.2
0.2
0
0.2
0
0
0.2
0.2
0.2
0
0
0.2
0
0.2
0.2
0
0
0.2
0
0
0
0.2
0
0
0
0.2
4.8
0
3.4
0
0
0
0
0
0
24.4
0.2
0.2
0.2
0
0
0
0
0
0
0
0
0
0
0
0
0
0.2
0.6
0
0
0
0
0
0
0
0
0.2
0
0.2
0
0
0.2
0
0
0
0
0
0
0.4
0.4
0
0
0
0
0
0
0
0.2
0
0
0
0.8
2
0
2.6
0.4
0
0
3.8
0
1.8
0
0
46.5
6.4
0
0
0.2
0.2
0.2
0
0.4
0.8
1.4
0
7.5
0
0
0
0
0
4
41
2.6
2
0
0
0
0
0
0
0
0
8.2
0.4
4.4
0.2
0
0.8
6
0
0
3.4
0.4
2.4
0.4
0.6
0
2.6
0.2
1.2
0
0
0
0.2
3.8
4
15.6
17.4
6.6
0.2
0
1.8
0
0
0
0
0
0
0
0
0
0.2
0
0
0
13.1
1.4
5
3
0
0
0
0
0
0
0
0
0
16.7
0.2
0
0
0
0
0.2
0.4
0
9.9
0
0
8.1
10.2
2.8
0
21.6
1.2
0
0
0
0
0
36.7
0.2
0
0
0
0
0
0
0
0.2
0
0
0.2
0
0
0
0
0
0
0
0
0
0
0
0
0.6
0
0
0.2
0
0
0
0
0.8
0
0
0
0
0
0
0
0
0
0
0
0
0
0
0
0
0
0
0
0
0
0
0
0
0
0
0
28.2
3.2
5.2
0
0
0
0
0
0
0
0.2
0
0
2.6
1.6
17.2
0
0
0
0
0
0
0
17.8
0
0
0
0
0
5.9
0
0
0
0
0
0
0
0
0
4
0
0
6.1
0.2
0
0
0
0
0
0
0
0
0
0
0
0
0
0
0
3
10.1
0
0
0
0
16.9
0.2
0
0
0
0
0
1
0
0
0
0
0
0
0
5.6
0.8
0
0
0
0
0
0
0
0
0
0
0
0
0
0
0
0
0
0
0
0.6
0.2
0
0
0
2.6
0.2
8.8
1
0
0
0
0
0
0
0
0
0
0
0
0
0
0
2.8
0.2
0
0
0
0
0
8
0.2
0
0.6
0.2
0
11.6
20
0
0
0
0.2
0
0
0
0
0
0
0
19.3
4.2
1.4
0.2
0
0
0.2
0
6.2
0
0
0
5.7
0.6
0
0
0
0
0
0
0
0
0
0
0
0
0
0
0
2
0
0.2
3
0.2
0
0
0
0
0
0.2
0
1.6
1.8
0
0.2
0
0.4
19.7
15.8
0
0.2
0
0.4
4.2
0.6
0.2
0
0
0
0
0
0
0
0
0
0
4.8
0
0
0
0.2
0
0
0
0
0
0.2
0
0
5.4
0
0
0
10.5
0.4
0
0
4
0.4
0.2
0
0
0
0
0
0
0
0
2
1
0
0.8
0.2
1.2
0
6.4
3
0
1
5
0
0
0
0
0
0
6.4
0.2
0
0
0
0
0
0
0
0
0
13.2
27.6
7.7
4.4
0
0
4.9
2.8
0.8
0.6
0.2
0
0
0
0
5.2
36.2
2.6
22.9
0
0
0
0.4
17.6
8
0.4
0
0
0
0
0
0
0.6
0
0
6.4
0
3.6
1
3.4
0
0
0
0
0
0
0
0
0
1
0
0
0
0
0
0
0
0
12.9
0
0
0
0
1.6
10.3
0.2
0
0
0
0
0
0
0
0
0
0
0
0.2
0
0
0
0
0
0
0
0
0
0
0
0
0
0
0
0
0
0
0
1.4
4
0
0
0
0
0
0
6.8
0
0
0
0
0
0
0
0
0
0
21.6
0.2
0
0
2.8
0
0
0
0
16
0.2
0.2
0
0
0
0
0
0
0
0
0
0
0
0
0
0
0
0
0
0
0
0.2
0
0
0
0
2.4
0
0
0
0
0
0
0
2
2.2
3.2
0
0
0
0
0
2
0.2
0
0
6.2
0
0
1
2.4
23.6
0
0.2
1.6
1.8
0
0
0.2
0.2
0
4.2
0.2
0
0
0
0
0
0
0
0
0
0
0
0
0
0.2
0
0.2
0
5
0
0
0
0
0
0
0
13.6
0.2
0
0
0.4
1.8
13
7
0.6
0
0
0
0
0
0.2
0
0
139.6
33.4
1.2
6.6
0
0
0
0
0.2
0
0
1.4
0
0
13.8
3.4
0.2
0
0
0
0
0
0
0.2
0.6
1
0
2.8
6.4
0.4
0
0
0
1.8
0.2
1.2
22.2
17.2
1.2
18
0
0
0.2
0.2
0
0
0
0.2
3.2
0
0
0
0
0
0
0
0
0
0.6
0
0
0
0
0
0.2
4
0.4
0
1
0
0.4
0
0
0
0
0
0
0
0
0
0
0
0
0
0
0
0
0
0
0
0
0
11
1.4
0
3.8
1.8
0.2
0
0
0
0
6.8
3.6
0
0.2
8.6
3.4
0
0
0.2
0
3
0.8
0
4.6
0
0
0
0
2.2
8.2
0
4.2
0
0
0.2
0
0
0
0
0
0.4
0
0
0
0.2
0
0
8.8
0
0
0
0
0
0
0
0
0
0
0
0.2
0
0
0
0
4
3.2
0
0
0
24.4
16.6
0
1.6
0
0
0
0
0
0
0
0.4
0
0
0
0
0
0
0
0
0
8.3
0
0
0
0
1.1
0.7
0
8.5
1.2
4.9
0.6
0
0
0
0
0
0
2.6
0
0
0
0
0
0
0
0
0
0
0
0
0
0
0
0
0
0
11.7
0
0
0
0
0
0
3.7
0
0
0
0
0
0
0
0
0
0
0
0
0
0
0
0
0
0
0
0
0
0
6
0.2
0
0
0
0
0
0
0
0
0
0
0
0
0
0
3.8
15.5
0
0
0
0
0
0
0
0
0
0
0
0
0
0
0
0
0
0
0
0.3
0
0
0
0
0
0
0
0
0
0
0
1
28.7
4.3
0
0
0
0
0
0
0
0
0
0
5.4
0.1
8.4
8.6
0
2
0
0
0
0
0
0
0
0
0
0
0
0
0
0
0.3
0
0
0
0
0.4
0
0.3
0.1
0
0
0
0
0
0
0
0
0
0
0
0
0
0
0
0
0
0
0
0
0
0
0.6
0.5
0.4
3.1
0
0
0
0
0
0.1
0
0
1.7
9.2
0
18.1
2.1
0
0
0
1.6
0
6
0.4
0
0
0
0
0.4
0.2
0
0
0
0
0
0
0
0
0
0
0
0
0
8
0.1
0.2
0
14.8
4.7
0
0
0
0
0
2.5
14.9
0
10.8
9.1
0
0
0
0
0
0
0
0
0
0
2
28.7
0.9
0
0
5.6
31.3
9.3
0
0
0
0
0
0
0
0
0
0
0
2.8
11.9
0
0
0
0
0
0
0
0.7
0
0.8
0
0.2
3.2
0
0
2.7
0.1
0
0
0
5.9
0.1
0
0
4.7
0
0
0
0
0
0
1.9
0
0
0
0
0
0
0.1
7
2.4
27.8
103.5
9.3
0.1
0
2.6
0
0
0
1.5
8.3
0
0
0
0
0
0
0
0
0
0
0
0
0
0
4.8
0
0
0
0
0
0
0
0
0.5
0
0
0.2
0.8
1.4
0.1
22.5
2.6
0.6
0.3
0.1
0.2
0
0
0
0
0
0
0
0
0
1.8
0
0
0
0
0
1.2
0
0
0
0
0
0
0
0
0
0
0
1.9
0.1
0
0
0
0
0
6
0
0
0
0
0
0
0
0
0
4.2
0
0
0
0
0
0
1.2
0.1
5
6.3
0
11.6
0.1
0
0
0.2
6.4
0.1
0
0
0
0
0
0
0
0
0
0
0
0
0
0
0
0
0
31.1
1.2
0
0
0
0
0
0
0
26.5
19.4
0
0
0
12.4
0
20.1
3.7
0
0
0
0
0
0
0
0
0
0.5
0
0
0
0.3
4.2
79.2
69.7
20
4.9
0
0
0
0
0
0
0
0
0
0
0.4
0
0
0
0
0
0
0.5
5.4
0
0
0
0
0
7.5
0
0
0
0
0
0
0
3.2
0
0
0
0
0
0.3
0
0
0
0
0
0
0.6
2.8
22.1
13.8
0
0
0
0
0
0
0
0
0
0
0
0
0
0
0
0
0
0
0
0.3
10.7
2.5
0
0
0
0
0
0
0
0
0
0
0
0
0
0
0
0
0
0
0.1
0
0
0
0.1
0
0
0.1
0
0
0
0
0
0
0
0
12.1
10.1
29.8
2.9
0
0
0
0
0
0
0.1
0.2
0
0.1
0
0
0
0
0.1
0
0
1.7
0
0
0
11
0.6
0
0
0
0
1.5
0.1
0
0
0.1
7.4
0
0
0
0
0
0
0
58.5
4.6
39.4
5.8
0
0
0
0
0
0
0
0
0
0
0
16
0
0
0.8
1.6
0
0
0
0
0
0
0
0
0
0
0
0
0
0
0
0
0
0
0
0
0
9.8
11.2
0.2
0.5
0
0
0.4
0.2
0
0
0
0
0
0
0
0
0.2
0
0
0
0.9
3.9
5.8
0
0
0
0
0
0
0
0
0
0
0
0.3
0
0
0
1.4
0
3.3
0.2
0
17.8
0
0
18.7
0.1
0
1.6
0
0
18.9
0
0
0.1
0
0
0
0
0
0
0
0
0
0
0
0
0
0
0
0
0.7
0.8
0
0
0
0
0
0
0
5.8
7.2
0
0
0
6.5
0.5
13.2
0
0
0
0
0
1
17.1
4.6
0
0
0
0
0
0
0
0
0
0
0
0
0
0
0
0
0
2.4
0
0
0
0
0
0
0
0
0
0
0
8.1
0
0
0
0
0
0
0
4.6
6.3
0.2
0
0
0
0
0
0
0
0
0
0
0
0
17.3
0
0
0
0
0
1.3
0
0
0
0
0
0
0
0
0
0
0
0
0
0
0
0
0
0
0
0
0
0
0
0
4.5
0
0
0.1
0
17.6
0.1
0
32.4
68.8
1.2
0
0
0
0
33.8
20.9
9.1
89.6
1
2.4
0.1
0
0
0.5
13.5
4.1
14
30.7
0
0
11.9
2.7
80.2
16.3
0
0
0
0
0
0
0
0
0.1
0.1
0
1
0
0
0
0
0
0
0
0
0
0
0
0
0
0.1
0
0.4
0
0
0
0
0
0
0
0
0
0
0
0
0
0
0
0
1.6
0
0
0
0
0
0
0.1
0
0
15.7
0.6
0
0.1
0
0
0
0
0
0
0
0
0
13
0
0.2
0
0
0
0
0.2
0
0
0
0
0
0
0
0
0
0
0
0
0
0.4
0
0
0
0
0
0
0
0
0
0
0
0
0
0
0
0
0
1.3
0
0
0
0
0
0
0.1
0
0
0
0
3.6
17
19.6
0.1
0
0
0
0
0
0
0
0
0
0
10.6
1.2
0
0
2.9
0
0
4
0
0.3
0
0
3.9
16.9
0
4.6
11.5
0.3
1.4
0
2.3
7.3
0
0
0
5.7
0
1.2
0
0
0
0
0
1.5
0
0
0
0
0
0
0
0
0
0
2
0.1
0.6
43.3
34.1
12.3
0
0
0
0
0
0
0
0
0
0
0
8.3
0
0
0
0
0
0
0.2
15.2
1.9
0.4
0
0
0
0
0
0
0
0
0
0
0
0
0
0
0
0
0
2.4
0
0
0
4.9
0
0
0
0
0
0
0
0
0
0
0
0
0
0
0
0
0
0
0
0
0
0
0
0
0
0
0
0
0
0
0
7
0
0
0
0
0
0
0
0
0
0
0
0
0
0
0
0
0
0
0
0
0
0.9
0.7
16.1
0
0
0
0
0
0
0
0
0
0
0
0
1.7
0
0
0
0
0
0.2
0
0
0
0.1
0.2
0
0
0.7
0
0
31.3
0
0
0
0
0
0
0
0
0
0
0.3
3.4
0
0
2.7
0
0
0
11.6
5.1
18.6
56.8
0
0.1
0
5.6
14.6
0.2
0
0
41.7
39.3
0.1
0
0
0
3.6
0
0
0
0
0.1
0
0
0
0
0
0
3.7
7.7
0
0
0
0
0.1
0.1
0
13.1
5.5
13.6
0
0
0
0
0
0
0
0
0
0.9
0
0
0
0
0
0
0
0
0
0
0
0
0.9
0
0
0
0
0
0
0
0
0
0
0.4
0
0
0
0
0
0
0
0.1
0.2
0
0
0.3
0
3.5
2.8
0.2
0
0.8
0
0
0
0
0
0
1.9
0.7
0
0
0
0
0
6.1
0
0
0
0
0
0
0.2
0.2
1.3
0.1
0
0
0
0
0
3.4
0
0.1
0
6.6
0
0
0
0
0.8
9.7
35.3
0
0
0.2
44.6
24.1
0
0
6.1
1.3
1.7
25.7
0.2
0
0
0
2.7
1.9
0.1
3.1
0
0
0.1
0
1.4
1.5
0.2
3.5
0.1
0
0
19.3
0.1
0
9.5
0.3
6.3
0
0.1
0.1
0
0
0
0
0
0
0
0
0
2.9
0
0
0
0
0
8.1
0.2
9.4
5
7.6
0.3
0
0.2
0
0
0
0
0
7.3
0
0
0
0
0
0
6.5
0.5
0.8
25.2
14.4
0.9
0
0
0
11.2
0.4
0
0
12.6
13
1.5
2.1
0
0
0
0
0
0
0
11
3.2
0
0
0
0
0
0
0
0.2
0
0
0
5.5
0
0
0
0
0
0
0
0
0
0
1.1
0.5
0
0
0
0
0
0
0
0
0
0.2
0
0
6.3
0
0.3
2.2
0
0
0
2.9
0
0
0
0
4.6
1.7
0
0
0
0
0
0
0
0
1.3
0.1
0
0
0
0
0.4
0
0
0
3.5
0
0
0
0
0
0
3.1
0
0.6
0.1
0
0
0
0
0
0
0
0
0
0
7.4
0.7
0
1.5
0
0
0
0
20
0
0
0
0
0
0
0
0
0
0
0
0
0
3.3
0
0
0.1
0.1
21.9
0
0
0
0
0
0
1.5
0
0
0
0
0
0
0
0
0
0
0
0
0
0
0
0
0
0
0
0
0
0
0
0
0.1
0
0
0
0
0.2
0
0
0
0.2
0
0.6
50.6
44.4
18.3
0
0.1
0.5
0
0
0
0
0
0
0
3.1
0
0
0
0
0
0
0
0
0
0
0
0.1
0
0
0
0
0
0
2.1
3
0
0
0
0
0
0.5
0
0.4
0
0
0
0
0
0
0.1
0
0
0
0
0
0
0
0
2.2
0
0
0.1
0
11.7
1.5
0
0
1.8
0
4.4
7
0
0
0
3.3
0.3
0
0.3
0
0.3
0
1
0
2.9
0.1
1.4
0
0
0
0
0
0
7.6
0.1
0
0
0
0.4
0
0
0.1
1
1.9
1
0.1
0
0
1.6
0.7
0.2
0
0
0
0
0
0
0
0
0
0
0
0
0
0
0
0
8
0.1
0
7
2.9
0
0
0.1
0.4
1.9
0
0.2
35.7
7.9
0
0
0
0
0
0
2.6
0
0
0
0
0
0
0
0
3.9
0
2.5
0
0
0
1.9
0
0
0
0.3
0
0
0
0
0
0
0
0.1
0
0
3.2
0
1.3
0
0
0
0
0
0
2.7
2.6
0
0
0
4.6
9.8
0.1
2.7
0
0
0
0
0
0
0
0
0
0
0
0
0
0
0
0
0
0
1.7
0.4
0.2
0
0
0
0
1.1
6
0.6
0
0
0
2
0
0
0
0
1.6
0
0
8.5
0
0
0
0
0
0.1
0.3
0
0
0
0
0
12.3
0
0
0
0
9.8
0
0
6
0
0
0
2.8
37.9
0.6
12.9
0
0
0
0
0.3
0
0
0
24.9
0
0
0
0
0
0
3
0
24
0.1
0
0
0
0
0
0.3
0
0
0
0
0
2
0
0
0
20.9
0.5
0.1
0
0
0
0.3
2.4
0.2
0.1
0
0
0
0.1
0
0
0.2
0
0
0
63.7
48.2
4
0
0
0
0
5.2
0
0
0
0
0.2
0.1
0.7
0
0
0
0
0
0.1
0.1
0
0
0
0
0
0
0
0
1.7
0
0
0
0
0
6.6
1.3
0
0
0
0
0
0.2
0.1
0
0
0.2
0.1
0
0.3
0
0
0
0
0
0
2.2
5.9
7.8
4.1
14.4
90.3
144.9
9.4
0
0
4.9
0
3.2
0
0
0
0
0
0
0.1
0.4
13.6
0
2.2
0
0
0
0
0.1
0.1
0
0
0
0.5
7.3
0
0
0
0
0
0
0
0
0
0.1
0.1
0
0
0
0
0
0
0
1.2
0
0
15.8
0
0
0
0
0
0
1.2
0
0
4.7
3.9
0
0
0
1.3
0.5
0.3
0
0.4
0
0
0
0
0
0
0
1.1
0
0
0
0
0
1
0
3.4
0
1.4
10.2
6.4
2.1
0.2
0
0
5.3
0
0
0
0
0
0
0
0
4.1
0.5
6.9
5.2
1.4
1
0
0
41.1
15.9
1.1
9.1
0
0.6
0
0
0
0
0
0
0
0
0
0
0
0
0
0
0
0
0
0
0
0
1.1
2.2
0.2
8.3
15.7
0.1
0
0.8
0
0
4.1
6.5
0
0.4
0
0
0
0
0
0
0
0
0
0
0
0
0
0
0
0
0
0
0
3.2
0.3
0
0
0
0
0
0
0
0
0
0
0
0
0
0
0
0
0
0
0.1
7.1
0
0
19.6
0
2.6
13.4
0
0
0
0
0
0
2
0
0
0
0
0
0
0
0
0
0
0
0
0
0
0
0
0
0
0
0
0
0
0
0
0
0
0
0
0
0.8
0
2.1
0
0
0
0
0
7.1
9.6
3.3
0
0
0.1
0
0
0
6.3
0.1
0
0
0
1.1
0.2
0
0
2.6
3.2
0
0
0
0
0
0
0
0
0
0
0
0
0
3.5
0.1
17
2
0
0
0
0
0
0
0
0
0
0
0
0
0
0
0
0
0
0.4
0
0
0
0
0
0
27.2
9.4
0
0
3.9
0
0
30
0
0
0
0
0
0.7
2.3
0.1
0
0
0
1
0
0
0
0
0
0
0
11.3
0.7
12.6
0.1
0.1
0.1
0
9.5
29.8
0
0.1
0
0
0.2
0
0
0.1
0.1
0
0
0
0
0
0
0
0
0.7
0
0
0
2
3
0
0
0
0
0
0
0
0
0.6
0.1
0
0.1
0
0
0.1
0
0.1
0
0.1
0
0
0
0
0
0
0.1
0
0
0.1
0
0
0
0
0
0
0
0.1
0
2
6.3
0
0.3
0
0
0.1
0.6
0.3
0
0
0
0
0
2.2
0.6
0
0
0.1
0
0.1
0
0
0
0
0
0
0
0
0
0
0
0
0
1.9
0
0
2.5
1.1
0.1
0
19.4
0
0
0
0
0
0
0
0
0
0
0
0.2
11.7
14.2
0
0
0
0
1.9
2.2
0
0
0
0
0
0
0
0
0
1.3
2.5
14.4
1.2
0
1
0
0
0
0
0
0
0.1
0
0
0
0
3.5
3.8
0
0.6
27.8
0
0
0.3
0
0
0
0
1.1
0
0
0
0
0
0
0
10.6
4.8
0.1
0
0
0
0
2.3
0
0.5
0
0
0
0
0
0
0
11.9
14.7
5.5
14
2.4
1.3
0
0
0
0
3.8
0
0
0
0.5
0
0
0
0
0
4.2
9.3
24.2
2.8
1
0.1
0.9
5.6
0.1
1.5
0.1
0
0
0
0.4
0
0
0
0.8
16
31
2.9
0
0
0
0
0
0
0
0
0
0
0
0.9
0
0
0
0
0
0
0
0
0
0
0
0
0
0
0
0
0
0
0
0
0
9.9
0
0
0
0
0
0
0
0
1.5
0
0
1.1
0
1.9
0
0
0
1.4
0
0
0
0
0
0
0
3.6
0
0
0
0
0
0
0
0
0
0
0
0.2
0
0
0
0
0
0
0
0
0
0
0
0.5
0
0
8.1
25.1
0.1
0
0
0
0
0
0
0
0
0
12
0
0
0
0
0
0.1
0
0
0
0
18.8
0.1
0
0
0
0
19.5
49.4
19.5
0
0.1
0
0
0
0
0
0.2
0
0.2
1.1
0
0
0
0
0.1
0
0
0
0
0
10
1
0.5
0
0
0
0
0
3
0
0
0
0
0
0.1
0
2
4.2
10.3
0
0.1
108.6
16.2
0.1
1.1
0
0
0.1
0
1.3
2
0.1
0
0
0.1
0.1
0.2
0
0
0
0
5.7
1.8
0.1
3.2
0.5
0
0
0
0
0
0
0.1
0
0
0
0
0.1
0.1
0.1
0
0
0
0
0
0
4
0
0
4
0
0.5
1.7
0
0
0.2
14.2
3.3
23.8
2.9
0
0.1
0.9
51.2
5.5
0
0.1
0
0
0
0
0
1.4
0
7.9
0.3
0
0
0.5
0.8
19.9
10.5
5.9
0.1
0
0.1
0
0
0
0.1
0
0
0
0
0
2.7
0
0
0.9
29.1
0.1
0.5
2.1
0
0.1
0.1
0
0
0
0
0
0
0
0
0
0
0
0.1
0
6.9
20.1
0
0
0
0
0
0
9.6
0
0
0
0
0
0
0
0
0
0
0
0
0
0.2
0
0
0
0
0
0
0
0
0
0.5
9.7
0.5
0
0
6.1
0
0.1
2.9
0.2
0
0
0
0
0
0
0.4
0
0.4
0
0
0
0
13.6
0.1
0.2
0
0
0
0
0
0
0
0
0
0.2
0
0
0
0.1
2
0
0
0
0
0.2
0
0
0
0
0
0
0
0
0
0
0
0
0
0
0
0.5
0
0
30.6
10.2
1.9
1.6
0
0
0
0
0
0
0
0
0.2
0
0
0
0
0
0
0
0
0
0
0.1
3.5
12
0.1
0
0
0
0
0
0
0
0
0
0
0
0
2.5
0
2.2
0.4
0.2
0
0
0
0
0
0
0
0
0
0
0
0
0
0
0
0
0
0
0
0
6.5
2.2
0
0
0.1
0
0
0
0
9.2
0
0
0
0
0.6
4.9
1.9
0
0
0
0
0
0
0
0
8.8
0
0
0
0
4.5
0.1
4
0
0
0
0
0
0
0
0
0
0
0
0.3
0
0
0
6.4
18.8
0.1
0
0
0
0
0
0
0
0
0
0
0
0
0
0
8.3
0.1
0
0
0
0.7
0
0
0.3
0
0
0
0
0
0
0
0
0
0
0
0
0
0
0
0
0
0
0
0
0
0
0
0
0
0
0
0.6
0
2.6
0
0
2.6
0
0
7.8
0
0
0
0
0
0
0
0.1
2.4
0.1
0.3
0.1
0
6.8
0.1
0
0
0
0.7
30.2
0.1
0
0
1.2
0
3.6
1.5
0
0
0
0
0
0
0
0
0
0
0
7.4
1.9
0
0
0
0.1
1.4
0
0
5.1
11.1
0.5
0
0
0
0
1.5
0
0
1.1
0.1
0.4
2.7
0.4
0
11.7
0
0
0
0
0
0
0
10.9
8.9
0.7
0
8.9
1.6
0.2
0.6
0
0
0
0
1.8
0
0
0
3
1.7
0
0.8
1.5
0
0
0
11.4
0.3
0
0.1
0
0
0
0
0
0
0
1
0
0
0
14.8
0.4
8.7
30.7
7.2
32.7
5.3
0
0
0
0
0
0
0
0
0
0
0
0
0
0
8.5
0.5
0
0
0
0
0
1.8
0.6
0
0
0
0
17.7
6.6
1.3
0
0
0
0
5.4
0
0
11.1
0.2
0
0
2.1
0
4.4
0.4
11.6
18.9
0
0
9.6
9.5
26.1
3.4
0.3
0
0
2.4
3.1
5.3
0
0
0
0
0
0
0
0
0
0
0
0
0
0
0
0
0
0
0
0
0
0
0
0
0
0
0
2.4
0.1
2.2
0
0
0
16.4
0
0
0
0
0
0
0
0.3
0
0
0
0
0
0
0
0
0
0
0
0
0
0
0
11.6
0
0
0
0
0
0
0
2.5
0
0
0
0
0
17.5
0
0
0
0
0
0
0
0
0
0
0.3
0
1.7
8
0
0
0
0
0
0.1
0
0
0
0
0
0
0
0
0
0
0
0
0
0
0
0
7.5
0.1
0
0
0
0
0
0
24.2
8.9
14.8
31.1
0
0.1
0.7
16.9
16.1
7.5
1.1
19.3
0
0
0
0
0
0
0
1.7
10.4
3.7
4.5
0.1
29.5
0.1
0.1
0
1.4
3.1
2.5
0
0
14.3
0
0
0.1
0
8.2
0.5
0.2
91.6
52.7
0
0
0
0.1
2.2
0.1
0
0
0
0
0
0
0
0.1
0
0
0.1
0
0
0
0
0
0
0.7
6.8
0
0
7.1
0
0
0
0
0
0
0
0.1
0
0
0
0
0.1
0
0
0
0.1
0
0
0
0
0
0
0
0
0
0
0
0
0
0
0
0
0
0.1
0
0
7.3
0
0
0
0
8.2
0.1
0
0
0
0.6
0
0
1.9
0.1
0
0
0
0
0
0
0
0
0
0.1
0
0.1
0
0
0
0
0
0
0
0
0
0
0
0
0
0
0
0.4
0.2
0
0
0
0
0
0
0
0
0
0
0
0
0
0
0
0
0
0
0
0
0
0
0
0
0
5.3
8
0
4.5
2.7
0
0.2
4.1
0
0
0
0
0
1.3
4.9
0
0
0
2.7
0
4.8
35.9
0
0
1.2
0
0
0
0
0
6.1
3.7
0
0
0
0
0.2
0
0
1.6
0
0
0
0
0
17.8
1
0.1
0
0
0
0
1.9
0
0
0
0
0
0
0
0
0
0
0
0
0
0
0
0
0
13.9
0.1
0
2.5
0
0
0
0
0
0
0.7
0
0
0
0
0
0
0
0
0
0
0
0.1
0
0
0
8.9
0.1
4.1
0.1
0
0
0
0
0
0
0
0
0
0
0
0
0
0
0
0
16.2
0
0
0
0
0
0.1
0
0
0
0
0.5
0
0
0
0
1.1
0
0
0
0
0
0
0
0
0
0
0
0
0
0
0
0
0
0
0
1.4
0
0
0
0
0
0
0
1.4
12
0.3
0
0
0
0
0
0
0
0
0
14.8
0.4
0
0
0
0
0
0
0
0
7.4
0
0
0
0
0
0
0
0
0
0
0
0
0.8
0.7
0
0
0
0
7
1
76.3
105.9
0.1
0
0
0
0
0
0.1
0.5
0.6
0.3
1
1.7
8.9
0
5.5
5.8
0
0
0
0
0
4.9
0.1
0.1
0
0.4
0
0
0
4.2
0.6
0
0
0
0
0
0
0
1.3
0
0
43.8
2.3
0
0.1
0.3
0.1
0
0
1.4
2.2
0.1
0
0.1
0
0
0
0
5
0.1
0
0
0
0
0
0
0
0
0
0.1
0
0.1
0
0
0
0
0
0
1.1
0
0
0
0
0.1
0
2.2
0
0
57.5
64.6
45.4
19.2
0.1
0.1
0
0
0.2
0
0
0
0
0
0
0
0
0
0
0
0
0
0
1
0
0
0
0
0
0
0
0
0
0
0
0
0
0
0
0
0
0
0.6
6.6
0.1
5
4.8
0
0
0
0
0
0
0
0
0
16.1
0
0
0.1
0
0.4
0.3
13.4
0
0
16.7
0
0
0
1.1
3.4
5.2
0.2
0
0
0
0
0
0
0
0
0
0
23.8
0
1.7
0
0
2.3
4.9
7.9
54.1
24
0.2
0.1
0
2.1
0
11.5
0
0.1
1.8
0
0
0
0
0
0
0
0.2
11.5
3.1
0.1
0.2
7.2
2.8
1.5
0.3
0
0
0
0
0
0
0
0
0
0
0
0
0
0
5.6
0
4.7
15.2
0
16
9.1
1.5
0
2
1.3
0
0.1
0
0
1.7
7.8
0.2
0
0
0
0
0
0
0
0
0
0
0
0
0
19.8
0.4
0
0
0
0
0
0
0
0
0.1
0
0
0
0
0
0
0
0
0
0
0.3
0
0
0
0
0
0
0
0
0
0
0
0
0
0
0
0
0
0
0
0
0
0.1
0
2.6
0
0
0
0
0
0
0
0
0
0
0
2.1
12
0.6
0
0
0
0
0
0
13.4
0
4.6
18.9
0
0
0
0
0
0
0
0
0.4
11.4
0.7
20.4
22.7
0.1
0
9
11.7
0
1.1
0
0
0
28.1
0.1
6.9
0.1
0
0
0
0
0.4
0
0
11.5
5.9
0
0
0
0
0.1
0
0
0.6
0.6
1.4
0.1
2.2
0
0
0
0
0
0
0.1
0
0
0
0.1
6.5
0.1
0.1
0.1
0
0.2
0
0.1
0
0
0
0
0
0
0
0
0
0.1
0.4
28
3.2
40.8
0.1
0.1
0
0
0
2.9
0.3
0
0.2
0
0
0.2
3.3
2.6
0
0
0
0
3.6
1.8
0
1
0
0
0.1
0
0
0
0
0
0.2
0
0
0
0
0
0
0
0
0
0
10
1.1
0
0
0
0
0
0
0
0
0
0
0
4.2
0
0.1
0.1
0
1.2
0.1
0.1
4
1.4
0.1
0
0.1
0.1
0.1
0
8.5
3.7
0.2
0
0
0.7
0
2.3
0
0
0
0
0
0
2.4
15.3
7.7
0
0
0
0
0
0
0
0
0
0
0.1
0
0.6
0
0
0
0
0
0
0
0
0
0
0.8
0
0
0
0
0
0
0
0
0
0
0
0
0
0
0
0
0
0
0
0
1.1
9.4
9.6
0
0
0
0
0
0
0
0
0
11.8
0
0
0
0
5.3
1.2
2.3
6.2
10.8
5.3
0.5
0
0
0
0
0
0
0
6.7
4.8
2.8
0
0
0
0.4
0
0.8
0
0
0
0
0
0.4
0
0
0
0
3.3
1.5
0.1
1.3
0
0
0.1
0
0
0
0
0
0
0
0
0
0
0
0
0.1
0
0.1
0.7
0
0
2.8
0.1
0
0
0
0
0
0
0
0
0
0
0
0
0.2
0
0
0
0.6
0
0
0
0
0
0
0
0
0.1
0
0
0
0
0
0
0
0
0
0
5.6
0.1
0
0
7.2
0
0
0
0
0
0
0
1.4
0.1
1.3
0
0
0
0
0
0
0
0
0
0
0
0
0
0
0
0
0
0
0.8
32.6
0
0
0
0
0
0.1
0.6
0
0
0
0
0
8.7
0
8.6
0
0
0
0
0
0
0
0
0
0
0
0
0
0
0
5.1
0
0
0
0
0
0
0
0
0
0
0
0
0
0
0
0
0
0
0
0
0
0
0
0.2
0
0.5
0
2.1
0
0.1
0
0
0
0
0
0
8
28.2
4
0
0
0
0
0
0
0
0
0
0
7.5
36.4
0.6
0
0
0
0
0
0
0
0
0
0
0
0
1.9
1.7
19.2
0.5
0
0
0
0
0
0
0
0
0
0
0
0
0
0.4
0
0.2
0.2
0.1
0
0
0.1
0.1
0.1
0
0
0
0
0
1.8
25.2
0
0
0
0
0
0
0
0
0
0
0
0
0
0
0
0
0
0
0
0
0
0
0
0
0
0
0
0
0
0
0
0
0
0
2
0.1
2
0
0
0
0
0
0
0
0
0
0
0
0
0
0.1
0
0
0
0
0
0
0.7
0
4.7
81.8
5.2
0.6
2
0
0
0
0.9
33.7
20.3
0
0
0
0
0.2
0.1
0
0
19.7
0
0
0
0
0
0
0
0
0.1
0
0
0
2.9
1
0
0
0
0
0
1
30.7
6.1
0
0
0.7
0
0
0
0
0
0
0
1.6
0.2
0
0
0
0
0
0
0
0
0
0
0
0
0
0
0
0
0
0
0
0
13.9
0.3
0
0
0
0
0
0
0
0
0
0
0
0
0.2
0
0
0
0
0
0
0.4
0
0
0
0
0
0
0.9
2.4
0
0
0
0
1.4
0
0
0
0
0
0
0
0
0.1
0
0
0
0
0
0
0
0
0
0
0
0
0
0
0
0
0
0
0
0
0
0
0
0
0
0
0
0
0
0
0
0
0
0
0
0
0
0.5
0.6
0
0
1.9
0
0
0
0
0
0
0
0.4
0
0
0
0
2.2
1.1
0
0
7.3
0
0
0
0
0
0
0
0
0
0
2
1.6
0.1
0
0
0
0
0
0
12.4
25.1
1.6
0
0
7.9
38.8
0
0
0
0
0
0
0.9
1.1
15.1
0
0
0
0
0
0
0
0
0
0
0
0
0
0
0
0
0
0
0
0
0
0
0
0
0
0
0.1
0
0
0
0
0
0.3
0
0
0
0
0
0
0.3
1.8
0
0
6.8
0
0.1
0
0
0
0
0.2
0.9
0
0
0
0
0.2
0
0
0
0.4
3
0.9
0
0.3
0
4.1
9.2
1.7
0.1
0
0
0.1
0
0
0
0
0
0.1
0
0
0
0
0
