20000101
0
0
0
0
0.2
0
0
0
0
0
0
0
0
4.6
52.6
0.2
0
0
0
0
0
0
0
0
0
0
0
0
0
0
0
0
0
0
-99
-99
-99
-99
0
0
0
0
-99
0
0
-99
-99
0
0
0
0
0
0
0
0
0
0
0
0
0
0
0
0
0
0
0
0
0
0
0
0
0
0
0
0
0
0
0
0
1.8
0
0
6.6
0.2
0
0
0
0.2
0
11.3
6.7
0
2.1
7.1
0
0
0
0
1
1
11.2
3.4
0
0
0
0
11
0
0
0
0
0
2.6
0.8
0
0
0
4.2
0.2
0
0
0
0
0.2
0
0
0
0
0
1.8
38.4
0
0
0
0
0
0
0.8
0
0
0
3.8
0.2
0
3.6
0
7.6
1.8
0
0
0
0
0
0
0
0.4
12
0
0
0
5
16.8
0
0
0.4
0
0
0
0
0
0
0
0
0
0
0
0
0
0
0
0
0
0
0
0
0
0
0
0
0
0
0
0
0
0
0
0
0
0.8
0
0
0
0
0
1.2
0
0.2
0
0
0
0
0
0
0.6
0
0
0
0
0
0
0
0
0
1.6
1
0
0
0
0
0
0
0
0
0
2.4
0
0
0
0
0
0
0
10
0
0
0
0
0
0
0
0
0
0
-99
-99
-99
0
0
0
0
1.6
0
0
0
0
0
0
0
0
0
1.6
2.2
0
0
0
0
0
0
0
0
0
0
0
0
2
0.6
0
0
0
0
0
0
0
0
238.8
91.2
18.8
0
12
0
0
0
0
0
5.4
0
8
0
0
0.2
3.4
0
0
0
0
0
0
4.2
0.2
0
0
0
0
0
0
0
2.8
8.4
0.4
0
0
0
0
15.6
0
0
0
0
0
0
1.6
3.2
0
0
0
0
0
0
0
0
0
0
0
0
0
5
6.8
16
11.8
0.2
0.8
2
1.2
0
1.4
0
0
0
0
1
0
0
0
0
0
0
1.6
0
0.4
0.6
5.4
0
0
0.1
0.3
0
0
0
0
0
0
3.6
0.2
2.4
0
0
0
0
0
0
0
0
0
0
0
0
0
0
0
0
10
3.8
0
0
0
0
0
0
0
0
0
0
0
0
0
0.2
0.8
0
0
2.2
0
16
0.4
0
1.4
0
4
0
0
0
0
0
0
0
0
0
0
0
0
0
0
0
0
1.6
0
0
0
0
0
0
0
0
0
0
0
0
0
0
0
0
0
0
0
0.8
0
0
0
0
0
0
0
0
0
0
1.8
44
24.2
0.8
0
0
0
0
0
0
2.2
37
0
0
0
0
0
0
5.6
2
0.4
1.6
0
3.8
0
0.8
0
0
0
0
0
0
0
0
0
0
0
0
0
0
0
0
3
0
0
0
0
0
0
0
0
0
0
0
0
0
0
0
0
0
0
0
0
0
0
0
-99
0
0
0
0
26.4
0
0
0
0
1.2
0
32.6
0
0
26.2
0
0
0
0
0
0
0
0
0
0
0
0
0.6
0
0
0
0
0
0
0
0
0
0
0
0
0
0
0.2
0
0
0
0
0
0
0
0
0
0
0
0
0
0
0
0
0
9.8
0
0
0
0
0
0
0
0
0
0
0
0
0
0
0
0
0
0
10.8
-99
-99
-99
0
0
6.4
0
0
0
0
0
0
0
0
0
0
20.6
4.8
0
0
0.8
0
0
0
1.5
23.5
0
2.2
0
0
0
0
0
0
0
0
0
0
0
0
1
0
0
0.2
0
0
0
0
0
0.8
0
0
5.4
12.8
12.4
32.4
0
0
0
0
0
0
0
0
0
0
0
0
0
0
0
0
0
0
0
0
0.2
0
0
0
0
0
5.4
18
0
0
0
0
0
0
0
3.2
0
0
0
0
0
0
0
0.8
0.6
7.6
2.8
11
0
0
0
5.2
0
0.2
0
0.2
0
0
0
0
0
0
0
0
0
1.4
2.6
0
0
0
0
0
0
0
0
0
0
0
0
5.3
0.1
0
0
0
0
0
0
0
0
0
0
0
0
0
0
0
0
0
0
0
0
0
0
0
0.8
0
13.8
26.6
0
0
0
0
0
0
0
12
0.2
0
0
9.4
0
0
0
0
0
0
0
0
0
0
2.2
6.8
0
0
0
19.4
19.4
4.8
0
4.2
3.4
12.6
0
13.6
26.4
6
0
0
0
0
0
0
10.2
0
0
0
0
0
0
0
0
0
0
0
0
0
0
0
0
8.4
71.4
59.2
3.4
0
0
0
0
0
0
0
0
0
0
0
0
0.4
0
0
0
0.8
0
0
0
0
0
0
0
0
29
7
0
1.2
7
-99
0
0
0
0
0
0
0
0
0
0
0
0
0
0
0
0
0
0
0
0
0
0
0
0
0
0
0
0
0.1
0.5
0
0
0
0
0
0
0
0
0
0
0
0
0
0
0
0
0
0
0
0
0
0
0
0
0
0
0
0
0
8.8
5
0
0
0
0
0
1.4
0
0
0
0
0
0.2
16.8
25.8
42.6
-99
0
0
0
0
0
2.2
-99
5.2
-99
1.6
0
0
2.6
0
0
0
0
0
0
0
0
0.6
11.4
0.6
0
35.1
5.3
0
0
0
0
-99
0
0
0
0
0
11.6
0
0
0
0
0
0.2
30.6
12.6
0
0
0
0
0
0
0
0
0
1.6
0.6
0
0
0
0
0
0
0
0
0
0
0
0
0
0
0
0
0
0
0
0
0
0.2
0.4
0.2
0.6
0
0
0
0
16.8
0
0
0
2.4
0
0
0
0
0
0
1.6
0
0
0
0
0
0
0
1.4
0.8
0
0
0
4.4
0
0
0.2
1.2
2.8
0.8
0
0
0
0
0
0
2.2
0.2
0
0.8
0
0
0.1
0.1
0
5.2
2.8
0.6
0.4
0
0.4
0
0
0
0
0
0
0
0
0.4
0.4
0
0
0
0
0
0
0
0
0
0
0
0
0
0
2
0
0
0
0
0
0
0
0
0
0.2
1.4
0
0
0
11.4
54
0.2
8.4
0.2
1.2
33.6
75
0
0
0
0
0
0
1.8
0.4
0
0
0
0
0
0
0
0
0.4
0
0
0
0
0
0
0
0
0
0
0
2.6
54.4
1.4
1.4
1
0.4
0
0
0
0
0
0
0
6.4
-99
-99
-99
-99
-99
-99
-99
-99
-99
-99
-99
-99
-99
-99
-99
-99
-99
-99
-99
-99
-99
-99
-99
-99
-99
-99
-99
21.8
1.8
0
0
0
0
0
0
0
1.4
1.6
0
5.6
0
0
0
0
2.8
1
0.2
0.2
0
0
0
0
0.2
0
0
0.2
0
0
0.2
0
0
0
0
0
0
0
0
0.2
0
0
0
0
0
0
0
0
0
0
0
0
0
0
0
0
0
0
0
0
0
0
0
0
0
0
0
0
0
0
0
0
0
0.4
0
0
7.6
0.2
0
0
0.2
0
0
0
0
0
0
0
0
0
0
0
0
0
0
0
0
0
0
0
0
32.6
0
0
0
0
0
0
0
0
0
0
0
0
0
10.6
0
0
13.2
2.4
0
0
3
3.6
0
0
0
0
0
0
0
0
0
0
0
0
0.2
0
0.2
0
0
0
1.4
0.6
2.8
18.4
19.6
0
0
0
0
0
0
0
0
0
0
0
0
0
0
2.8
30.2
14.2
6.8
0
0
1.8
0
0
0
6.4
0.2
1.8
0
0
1.2
0
0
0
0
0
0
0
0.4
2.6
30.2
0
0
0
0
25.4
36.4
13.6
0
0
0
0
4.8
0.4
0
0
1.2
1
0
0
0
7.8
0
0
24.4
3.2
19.4
1.4
3.4
0
0
0
0
0
0
0
0
0
2.4
0
0
0
0
0
0
0
0
0.2
0.8
0
0
0
0
0
0
0
0
0
0
0
0
0
0
0
0
0
0
0
0
0
0
0
0
0
0
0.6
0
0.2
0
0
0
0.8
0
0
0
0.2
0
0
0.2
0
0
0
0
0
0
0
0
0
0
0
0
0
30.4
0.6
0
0
1.5
16.7
18
0.8
0
0
0
0
0
0
0
0
0
0
0
0
0
0
2
0
0
0
0
0
0
0
0
0
0
0
0
0
23.2
5
75
4.4
0.2
0.2
0.6
0
0
0
0
0
20
0.4
3.6
0
1.6
0
0
0
36.2
0
0.2
0
0
0
32.8
0
0
0
0
0
3.2
2.2
0
0.6
1.4
47.6
0.4
0.4
0
0
0
0
0
18.8
7.4
0
0
0
0
0
0
0
0
0
0
0
0
0
0
0
0
4
1.8
0
0
0
0
0
0
0
0
0
0
0
0
2.4
0.6
3
17.2
0
0
0
0.8
0
0
0
0
0
0
0
0
0
0
0
0
0
0
0
4.4
3.7
1.3
0
0
0
0.4
0
0
0
0
0.2
0.4
0
0
0
0
0
0
0
0
0
0
0
1.4
0
0
0
0.4
0
0
0
0
0
0
0
0
0
0
0
0
0
0
0.8
0
0
0
0
0
0
0
0
0
0
0
0.2
0
0
0
0.2
4.4
0
0.4
1.2
0.4
0
0
1.2
3.2
0
0
0
0
0
0
0
0
0
0
0
0
0
0
0
0
0
0
0
0
0
0
0
0
0
0
0
0
0
0
0
0
0
0
0
0
0.4
0
0
4.4
0
0
0
7.6
0
8
0
0
0
0
0
0
0
0
2
0
0
0
0
0
0
0
0
0
0
0
0
0
0
0
0
0
0
0
0
0
0
0
0.8
0
36.4
0
1.6
21
13
0
9.8
9
28.8
0
0
0
0
0
0
0
0
0
0
0
0
0
0
0
0
0
0
0
0
0
0
0
0
0
0
0
0
0
0
0
0
0.2
0
0
0
0
0
0
0
0
0
0
0
0
0
0
0
0
0
0
0
0
0
0
0
0
0
11.6
0
5.6
13.2
0
0
0
0
0
0
0
0
0
0
0
0
0.4
2.8
0
0
0
0
0
4
0.6
0
0
0
0
0
0
0
0
0
0
0
0
0
0
0
0
0
0
0
0
8.6
0
0
0
0
0
2.8
0
0
0
8.8
0
0
0
-99
0
0
0
0
0
0
0
0
0.4
0
0
0
0
0
0
0
0
3.4
0
0
0
0
0
0
0
0
4.8
0
0
0
0
0
0.4
0
0
0
0
0
0
0
0
0
0
0
0
0.8
0
0
0
0
0
0
0
0
0
0
0
0
0
0
0
0
0
0
0
0.2
0
1.4
0
0
0
0
0
0
0
2.4
0
0
1.2
0
0
0
0
0
0
0
0
0
0
0
-99
-99
-99
-99
-99
-99
-99
-99
-99
-99
-99
-99
-99
-99
-99
-99
-99
-99
-99
-99
-99
-99
-99
-99
-99
-99
-99
-99
-99
-99
-99
-99
-99
-99
-99
-99
-99
-99
-99
-99
-99
-99
-99
-99
-99
-99
-99
-99
-99
-99
-99
-99
-99
-99
-99
-99
-99
-99
-99
-99
-99
-99
-99
-99
-99
-99
-99
-99
-99
-99
-99
-99
-99
-99
-99
-99
-99
-99
-99
-99
-99
-99
-99
-99
-99
-99
-99
-99
-99
-99
-99
-99
-99
-99
-99
-99
-99
-99
-99
-99
-99
-99
-99
-99
-99
-99
-99
-99
-99
-99
-99
-99
-99
-99
-99
-99
-99
-99
-99
-99
-99
-99
-99
-99
-99
-99
-99
-99
-99
-99
-99
-99
-99
-99
-99
-99
-99
-99
-99
-99
-99
-99
-99
-99
-99
-99
-99
-99
-99
-99
-99
-99
-99
-99
-99
-99
-99
-99
-99
-99
-99
-99
-99
-99
-99
-99
-99
-99
-99
-99
-99
-99
-99
-99
-99
-99
-99
-99
-99
-99
-99
-99
-99
-99
-99
-99
-99
-99
-99
-99
-99
-99
-99
-99
-99
-99
-99
-99
-99
-99
-99
-99
-99
-99
-99
-99
-99
-99
-99
-99
-99
-99
-99
-99
-99
-99
-99
-99
-99
-99
-99
-99
-99
-99
-99
-99
-99
-99
-99
-99
-99
-99
-99
-99
-99
-99
-99
-99
-99
-99
-99
-99
-99
-99
-99
-99
-99
-99
-99
-99
-99
-99
-99
-99
-99
-99
-99
-99
-99
-99
-99
-99
-99
-99
-99
-99
-99
-99
-99
-99
-99
-99
-99
-99
-99
-99
-99
-99
-99
-99
-99
-99
-99
-99
-99
-99
-99
-99
-99
-99
-99
-99
-99
-99
-99
-99
-99
-99
-99
-99
-99
-99
-99
-99
-99
-99
-99
-99
-99
-99
-99
-99
-99
-99
-99
-99
-99
-99
-99
-99
-99
-99
-99
-99
-99
-99
-99
-99
-99
-99
-99
-99
-99
-99
-99
-99
-99
-99
-99
-99
-99
-99
-99
-99
-99
-99
-99
-99
-99
-99
-99
-99
-99
-99
-99
-99
-99
-99
-99
-99
-99
-99
-99
-99
-99
-99
-99
-99
-99
-99
-99
-99
-99
-99
-99
-99
-99
-99
-99
-99
-99
-99
-99
-99
-99
-99
-99
-99
-99
-99
-99
-99
-99
-99
-99
-99
-99
-99
-99
-99
-99
-99
-99
-99
-99
-99
-99
-99
-99
-99
-99
-99
-99
-99
-99
-99
-99
-99
-99
-99
-99
-99
-99
-99
-99
-99
-99
-99
-99
-99
-99
-99
-99
-99
-99
-99
-99
-99
-99
-99
-99
-99
-99
-99
-99
-99
-99
-99
-99
-99
-99
-99
-99
-99
-99
-99
-99
-99
-99
-99
-99
-99
-99
-99
-99
-99
-99
-99
-99
-99
-99
-99
-99
-99
-99
-99
-99
-99
-99
-99
-99
-99
-99
-99
-99
-99
-99
-99
-99
-99
-99
-99
-99
-99
-99
-99
-99
-99
-99
-99
-99
-99
-99
-99
-99
-99
-99
-99
-99
-99
-99
-99
-99
-99
-99
-99
-99
-99
-99
-99
-99
-99
-99
-99
-99
-99
-99
-99
-99
-99
-99
0.8
0
0
6.8
4.1
1.4
0
0
0
0
0.1
0
0
-99
-99
-99
-99
-99
-99
-99
-99
-99
-99
-99
-99
-99
-99
-99
-99
-99
-99
-99
-99
-99
-99
-99
-99
-99
-99
-99
-99
-99
-99
-99
-99
-99
-99
-99
-99
-99
-99
-99
-99
-99
-99
-99
-99
-99
-99
-99
-99
-99
-99
-99
-99
-99
-99
-99
-99
-99
-99
-99
-99
-99
-99
-99
-99
-99
-99
-99
-99
-99
-99
-99
-99
-99
-99
-99
-99
-99
-99
-99
-99
-99
-99
-99
-99
-99
-99
-99
-99
-99
-99
-99
-99
-99
-99
-99
-99
-99
-99
-99
-99
-99
-99
-99
-99
-99
-99
-99
-99
-99
-99
-99
-99
-99
-99
-99
-99
-99
-99
-99
-99
-99
-99
-99
-99
-99
-99
-99
-99
-99
-99
-99
-99
-99
-99
-99
-99
-99
-99
-99
-99
-99
-99
-99
-99
-99
-99
-99
-99
-99
-99
-99
-99
-99
-99
-99
-99
-99
-99
-99
-99
-99
-99
-99
-99
-99
-99
-99
-99
-99
-99
-99
-99
-99
-99
-99
-99
-99
-99
-99
-99
-99
-99
-99
-99
-99
-99
-99
-99
-99
-99
-99
-99
-99
-99
-99
-99
-99
-99
-99
-99
-99
-99
-99
-99
-99
-99
-99
-99
-99
-99
-99
-99
-99
-99
-99
-99
-99
-99
-99
-99
-99
-99
-99
-99
-99
-99
-99
-99
-99
-99
-99
-99
-99
-99
-99
-99
-99
-99
-99
-99
-99
-99
-99
-99
-99
-99
-99
-99
-99
-99
-99
-99
-99
-99
-99
-99
-99
-99
-99
-99
-99
-99
-99
-99
-99
-99
-99
-99
-99
-99
-99
-99
-99
-99
-99
-99
-99
-99
-99
-99
-99
-99
-99
-99
-99
-99
-99
-99
-99
-99
-99
-99
-99
-99
-99
-99
-99
-99
-99
-99
-99
-99
-99
-99
-99
-99
-99
-99
-99
-99
-99
-99
-99
-99
-99
-99
-99
-99
-99
-99
-99
-99
-99
-99
-99
-99
-99
-99
-99
-99
-99
-99
-99
-99
-99
-99
-99
-99
-99
-99
-99
-99
-99
-99
-99
-99
-99
-99
-99
-99
-99
-99
-99
0
-99
2.5
3.8
0
0.1
0
0
0.1
0
0
0
0
-99
2.5
0
0
0
0
0
0
0
2
-99
0
3.3
0
3.7
0
0
0
0.2
0.4
0
0
0
0
0
0.1
0
-99
0
0
0
0
-99
0
0
0
0
0
0
0
0
0
1.8
0
0
0
0
1.7
0.8
1.9
0
0
0
2.9
3
0
0
0
0
0
0
0
0
0
0
0
0
0.7
0
0
0
0
0
0
0
0
0
0
0
0
0
0
0.1
0
1.8
0.4
0
0
5.4
0
0
0
0
0
0
0
0.1
0
2.8
1.5
4.4
0.1
0
0
0
0
5.4
2.4
1.1
32.6
1.4
0
0
0
0
0
0
0.1
0
0
0
0
0
0
2.5
0
0
0.9
23.7
106.6
9.3
23.2
0.1
24.5
0
5.7
0.9
1.8
28
0.1
0
0
4.1
2
18.6
1.1
8.2
0.1
0
0
14.7
0.1
0.1
0
0
0.5
0.1
0
0
0.1
2.9
20.5
0
0
0
0
5.7
0.1
0
0
0
0
0
0
0
0
0
8.3
0
0
0
5
0
0
0
0.1
0.2
0
0.2
0
0
0
39.3
0
0
0
0
0
0
0
0
0
0
0
0
0
0
0
0
0
0
0
0
0
0
0
0.3
0
0
0
0
0
0
0
0
0
0
0
0
0
0
0
0
15.6
0
0
0
0
0
0
0
0
0
0
0
0
0
0
1.5
0.1
2.3
0
0
6.6
0
0
0
0
0
0
0
0
0
0
23.1
14.5
1.2
0
0
0.8
0
0
0
0
0
0
0
0
0
0.1
0.2
0
0
0
2
0
0
0
0
0
11.1
0
0
0
3.7
12.3
0.1
0.2
0
0
35.3
14.4
0.3
11.1
10
27.4
0
0
0
0
0
0.4
0.1
0.1
0
0
0
0
0
0
0
0
0.2
0.1
0
0
0
0.3
0
0
0
0
0.5
0
0
0
0
0
1
0
0
0.4
11.7
0
0
0
7.5
1.3
0
0
0
0
0
0
0
0
0.1
0.1
0.2
8.9
37.2
10.3
1.7
0
0.1
0.4
5
0
0
0.1
0
0
0
18.2
10.5
0
0
0.1
0
0.1
0
0
0.2
1
0
0
0.1
0.1
0.4
1.6
0.1
0
0
0
0.1
4.2
6
2
0.5
0
0.6
0.2
0
0
0
0
0
0
0
0
0
0
0
0
0
0
0
0
0
0
0
0
0.1
1.2
1.4
0
1.5
2.6
0
0
0
0
0
0
0
0
0
0
0
0
0
0
0
0
0
0
0
0
0
0
0
17.4
6.8
5
22.5
4.7
4.4
0
0
0
7
83
22.8
0
38.3
30.9
2.4
0
0
11.3
2.3
0
1.4
1.7
0
0
0
0
0
0
20.1
0
0
0
2.1
0.1
0
0
0
0
0
0
0
0
0
0
0
0.5
0.1
0
0
0
0
0
0
0
0
0
0
0
0
0
0
0
0
0
0
0
0
0
12
1.4
0
0
0
0
0
0
0
0
0
0.4
0
0
0
0
0
0
0
0
0.1
0.1
0
0
0
0
0
0
0
0
0
0
0
0
1
0
0
0
0
0.6
0
0
0
0
0
0
0
2.5
0
0
0
0
0
0
0
0
0
3
0
0
0
0
0
0
0.1
0.3
0
0
0
0
0
0
0
0
0
0
0
0
0
0
0
1.5
0
0
0
0
0
0
0
0
0
0
0
0
0
0
0
0
0
0
0.2
0
4.6
0
24.1
4.2
0.2
0
0
0
0
0
0
0
28.5
0
0
12.7
0
0
0
0
0
0
0.1
0.1
0
0
0
0
0
0
0.2
0
0
0
0
2.1
20.9
18.7
0
0
0
0
0.1
0
0
0.3
0.1
0
0.3
0
0
0
0.1
1.6
1.6
0
0
0
0
0
0
0
0
0
0
0
0
0.2
1.6
0
0
0
0.6
0.2
0
0.4
0.8
0
0
5.2
0
0
0
0
0
0
0
0
0.3
3.8
0
2
3.9
14.9
3.3
0
1.9
8.9
11.9
2.1
7.1
17.5
8.9
0
0
4.2
0
0.2
0
0
0
9.9
1.7
0
5.1
0.5
1.4
4.5
10.5
27.6
5.2
14.9
0
0
0
0
0
0
0
0
0
0
7.6
0
0.1
0
0
0
0
0
0
0
13.1
0.7
0
0
9.8
0.2
0
0
0
0
0
8
8.3
0.1
21
0.9
0
0.1
0.5
0
0
0
0
3.5
0
0
1.5
5.6
0
0
0
12.3
0
2.8
0
0
0
0
0
0
0
0
0
0.5
0.1
3.9
6.1
0.1
0.4
1.7
0
0
0
0
2.8
0
0
0
0
0
0
0
5.6
0
0
0
0
17.5
0.9
0.8
0
0.1
2.8
1.2
0
0
0
0
2.1
0
0
0
0
0
0
0
0.1
0.8
56
0
0
0
0.6
0
0.8
0
0.5
0
2.9
1
0
0
0
0
0
0
0
0
0
0
0
0
1.4
0.9
0
0
0
0
0
0
0
0.6
2.8
0
0
40.1
1.1
1.9
0
0
6.3
0.5
1.1
0
0
0
0
0
0
0
0
0
0
0
0
0.5
0
0
0
0
3.5
0
0
0
0
0
0
0
0
0
0
0
0
0
0
0
0
0
1.2
0.1
0
0
0
0
0
0
0
0
2.2
15.8
0
0
0
0
0
0
0
0
0
0
1.5
0
0
0
0
0
6.7
0
0
0
0
0
0
0
0
0
0
0
0
0
0
0
0
0
1.4
0.7
0
0
0
0
0
0
0
0
0
41.7
0
0
7.8
0
0
6.8
0.4
0
0
0
0
0
0
0
0
0
0.2
0
0
0
0
37.6
1.4
6.9
35.6
3.2
0
0
0
0
0
0
0
0
0
0
0.4
0
0
0
0
0
0
0.8
0
0
0
0
0
0
0
2.6
0.2
0
0
0
0
1
1.8
0
0
0
0
2.6
0
0
0
0
0
0
0
0
0.4
0.7
0.1
0
0
0
0.6
0
3.2
0.6
0.5
0
0
0.1
1.6
0.1
0
0
0
0
0.7
0
6.6
2.2
0.1
0
0
0
0
0
0
0
0
0.5
0
0
0
0.6
0
0.1
0
0
0
0
0
0
0
0
0.1
0.4
0.1
0.1
0
0
0
0
0
0
0
0.6
12.2
0.1
0
0
0
0
0
0
0
0
0
0.1
0.2
0.2
0
0.1
0
0.8
1.7
0
2.9
0.1
1.8
0
0.3
0
0
0
0
0
0
2.9
0
0
23.3
21.5
0
0
0
0
0
0
4.6
85.4
0
2.7
57.2
8.7
0
0
0
0
0
4.1
0
0.1
0
0
0.2
0
0
0.9
0
0
0
0
0
0
0
0
0
0
0
1.4
0
0
0
0
0
0
0
0
0
1.4
22.7
0
7.7
5.1
3.7
0
0.1
0
0
0
0
0
0
0
0
30.2
1.1
0
0
0
0
0
14.9
0
0
0
0
0
0
0
0
0
0
0
0.1
0.2
0.8
0.4
2.7
0
0
2.2
1.4
5.6
0.1
0
0.1
0
0.2
4.1
0
0
0
0
0
0
0
0
0
0
0
0.1
0
0
0
0
0
0.1
0
0
0
0
1
0.1
0
0
0
0
0
0
0
0.9
0
0
0
0
0
0
0.1
0
0
0
0
0
0
0.4
0.1
0
0.1
0
0
0
0
0
0
0
0
0
0
0
0
0
0
0.4
0
0
0
0
0
0
0
0
0
0
0
0
0
0
0
0
0
0
0
0
0
0
0
0
0
0
0
0
0
0
0
0
0
0
0
0
0
0
0
0
0
0.6
0
0
0
0
0
0
0
0
0
0
0
0
0
0
0
0
0
0
0
0
0
0
0
0
0
0
0
0
0
6.2
0
0.2
7.5
23.8
2.8
0
0
0
0
13.6
31.1
0.6
2.2
7.1
0
0
0
0
0
0.3
0
25.2
0.1
0
0
5.3
6
0.1
10.3
0
0
0.1
0
0.1
0
0.3
0.1
0.3
1.2
2.9
0
0
0
0
0
0.1
0.2
0.2
0
0
0
0
0
0
0
0
0
0
0
0
0
0
0
0
0
0
0
0
0
0
0
0
0
0
0
0
0
0
0.1
0.3
0
0
0.1
0
0.4
0
0
0
0
0
0
0
0
0
2
0
0
0
0
0.5
0
0
0
3
0
0
0
0
0
0
0
0
0
0
0
0
0
0
0
0
0
0
0
0
0
0
0
0
0
0
0
0
0
0
0
0
0
-99
0
0
0
0
0
0
0
0
2.2
11.8
45.7
1.4
0
0
0
0
0
0
0
0
0
0
0
21.2
11
9.5
25.2
0
0
0
2.6
0
2.4
0
0.7
0.4
0
0
0
0
0
0.4
1.5
0.6
0
0
0
0
12.7
5.4
5
0
0
0
4.1
0.5
0
0
0.1
0
0
0
0
0
0
0
0
0
0
0.7
1.5
0
0
0
0
0
0
0
0
0
0
0
0
0.3
3.8
0
0
0
0
0
0
0
0
0
0
0
0
0
0
0.3
6.9
0
0
0
0
0
0
0
0
0
0
0
11.3
0
0
0
1.7
0.2
0
0
0
0
0
0.4
0
0
0
0
0
0
0
0
0
0
0
0
0
0
0
0.1
0.1
0
0
0
0
0
0
0
0
0
0
0
0
0
0
0
0
0
0
0
0
0
0
0
0.1
0
0
0
0
0
0
0
2.3
0
0
0
0
0
0
0
0
0
0
0
0
0
0
0
0
0
0
0
0
0
0
0
0
0
0
0.6
0.1
5.4
57
0
0
0
0
0
0
0
0
0
0
11.5
4.3
0
0
1.1
0.1
0
0
0.2
17.7
49.4
39.5
0
0
0
59.1
1.2
0
0
0
7.3
3.6
0
0
0.2
4.4
0
0
0
0
9.3
0.1
0.1
0
0.2
0.1
0
0.2
12.2
6
0
0
0
0
0
0
0
0.1
1.1
0
0
0
0
0
0
0
0
0
0
0
0
0
0
0
0
1.8
0.7
0
0
0
0
0
0
0
0.1
0
0
0
0
0
0
0
0
0
0
0
0
0
0
0
0
0
0
0
4.1
7.8
0
0
0
0
1.2
12.3
3
0
1.6
0
2.6
0
2
1.2
0.1
0
0
0
0
0.9
0
0
0.7
0
0
0
0
0.6
0
0
0
0
0
0
0
0
0
0
0
10.4
7.2
0
0
0
0
52.4
10.1
0
0
29
45.5
34.3
0.3
0.5
0.1
0.1
0.1
0
3.6
0
0
0.4
2.6
0
1.3
1
0
0
0
0
0.3
11.2
0.2
0.1
2.8
0
0
0.7
0
0.7
4.1
0.6
0.5
0
0
0
0
0
0
0
0.5
0
0
0
0
0
0
0
0
0
0
8.2
7.1
8
40.4
75.4
1.5
3.2
0
0
1.6
1.2
0
0
0
1.8
0
0
0
0
8.4
15.9
0
2.7
5.4
0.5
2.1
0
0
0
0
0
0.1
0
0
0
0
0
0
0
0
0
0
0.4
0
18
2.1
0.1
0
0
0
0
0
0
4.2
36.2
0
0
0
0
0
0
0
0
0
0
0
0
2.9
0
0
0
0
0
0
0
0
0.3
0
0
0.4
0
0
0
0.1
2.8
0
0
0
0
0.4
1.2
0
0
0
0.1
0
0
0
0
0
0.1
0
0
0
2.1
0
0
0
0
0
0
0
0
0.3
0.1
0
0
0
0
0
0
0
0
0
0
0.3
0.5
0
0
0
0
0
0
0
0
4.8
0.1
0
0
0
0
0
0
0
0
0
0
0
0
0
0
0
0
0
0
0
0
0
0
0
0
2.1
4.4
0.1
0
0
0
0
0
0
0
0
0
0
0
0
0
0
0
0
2
0.5
0
0
0
0
0
0
0
0
0
0
0
1.8
0.1
0
0
0
0
0
0
0
0
0
0
149.6
66.8
33.9
0
0
0
0
0
0
0
0
0
0
0
0
0
0
0
0
0
0
0
0
0
0.3
0
0.1
0.1
0
0.3
0.1
0
0
12.4
0.7
0
0
0
0.2
3.1
0.1
0
0
0
0
0
0.8
0
0
1.5
0
0
0
0.1
0.1
0.1
3.4
0
4.1
0
0.4
1.4
0.1
30.2
0.1
0
0
2
0
0
0
0
0.8
2.8
7.1
0
0
0.2
0.1
0
1.7
0.1
0
0.1
0
11.3
0.2
0.4
0
0
0
1.8
4.8
0.1
0
0
0
0
0
0
0
1.2
0
0
1.3
0
0
1.7
0.1
0
0
0
0
0
0
0
0
0
0
0
0
0
0
0
0
0.2
2.9
0
0.3
3.3
0
0
0
0
10.7
0
0
0.4
80.3
0
0
0
0
0
0
0
0.9
0
0
0
0
0
0
0
1.8
5.6
20.3
0.1
0
7
0.1
0.8
0
0
0
0
0
0
0
0
0
0
0
0
0
0
0.2
2.1
1.5
0
0
0
0
0
0
0
2.6
0.7
2.4
0.1
0
4.8
0
12
0.1
1.1
0
0
0
0
0
0
0
0
0
0
0
0
0
0
0
0
0
6.4
0
0
0
0
0
0
9.4
1.1
0
0
0
0
0
0.7
0.4
3.3
13.1
0
0
0
0
0
0
0
0
0
0
0
0
0
0.3
0
0
0
0
0
0
1.1
0
0
1.2
0.1
0
0
0.3
0.5
0
0
0
0
0
0
0
0
0.3
0
0
0
0
0
0
0
0
0.7
0
0.9
0
0
0
0
0
0
0.2
0
0
0
0
0
0
26.3
0
1.1
0
11.6
0
0
0
0
0
0
0.3
0
0
7.9
0
0.9
10.4
0.1
0
0
0
0
22.1
0.2
39.8
0
0.1
0
0
0
0
0
0
0
2.7
0.1
2.7
0
1
0
0
0
0
0
0
0
0
0
0
0
0
0
0
0
0
0
0
0
3.2
8
0
0
0
0
0.3
0
3.1
0
0
10
0.1
0
0
0
0
0
0
0
0
0
0
10.2
9.9
34.4
118.8
21.8
5.6
0.1
10.8
26.4
0.1
0
0
0
0
0
0
0
0
0
11.7
0
0
0
0
0
0
0.3
0.2
0.1
0
0
0
0
0
0
0
0
0
0
0
0
0
0
0
0.2
0
0
0
0
0
0
3.4
0
0.8
1.6
0
0
0
0
0
0
0
0
0
0
22.2
3.8
0
0
2
18.4
0
0
0
0
0
0
0
0
0
0
0
0
0
0
0
0
1.1
0
3.6
0
0
0
0
0
0
0
0
0
0
0
0
0
0
0
0
0
0
1.7
0.1
0
0
0.2
0
22.8
57.6
10.6
5.8
3.9
2.8
0
0
0
0
0
0
0
0
0
0
0
0
0
0
0
0
0
0
0
0
0
10.8
0
3.3
0.1
0
0
0
0
0
0
21.4
0.1
0
0
0
0
0
0
0
0
0
0
0
0
0
0
0
0
0
0
0
0
0
6.1
0
0
0
0
0
0
0
0
0
0
0
0
0
0
0
0
0
0
0
0
0.1
2
1.8
0
9.8
0.1
4.7
6.7
0
0
0
0
0
0
18.3
0
0
0
0
0
0
0
0
0
0
0
0
0
0
0
0
0
0
0
0
0
0
0
0
0
0.3
0
0.4
0.1
0
0
0
0
0
0
0
2
22.4
0.1
0
0
3.2
0
0
0
5
0
0
0
0
0
0
0.3
0
0
0.9
0
0
0
2.4
0
0
0
0
0
0
0
0
5
0.1
9.8
16
6.4
0
0
0
0
0
1.8
1.6
0.6
0
0
0
0
0
0
0
0
0
0
0
0
0
0
0
0
3.4
7.7
0
0.5
0.2
0
0
0.4
0
0
0
0
0
0
0
0.5
0
0
0
0
0.2
1.3
0
0
0
0
0
0
1.2
0
0
0
0
0
102.8
0
1
0
0
0
0
0
0
0
0
0.1
0
0.2
0
0
0
0
0
0.1
0
0
0
0.1
0
0
0
0
0
0
0
0
0
0
0
0
0
0
0.1
0.2
0.4
0.2
0.2
0.1
0
0
0
0
0.1
0
0.2
0
0
0.4
0.4
0.3
0
0.9
0
0
0.1
0.1
0.6
1.9
0.1
0
0
0.3
0
0
0.2
0
0
0
0
0
0
0.2
0
0
0
0
0
0
0
0
0
0
0
0
0
0
0
0
0
0
0
1.3
0
0.1
0.9
7.4
0.7
8.1
1.8
0
0
0
0
0
0
0
0.2
0
0
0
2.1
32.4
0.6
0
0
0
0
1.1
0
0
0
0
2.1
0
0
0
0
18.2
12.1
0.1
0
0
16.6
9.9
0
0
0
0
0
0
0
0
0
0
0
0.1
0
0
14.2
61
0.8
0
0
0
0
0.9
0
0
0
0
0.8
0.9
0
0
0.5
1.3
0.2
0
0
0
0
7.4
5.6
0.1
3
0
0
0
0
0
0
0
0.7
19.4
4.5
2.5
0
0
0
0
0
0
1.2
0
0
0
3
0
0
0
0
0
12.1
0.1
0
0
0
0
0
4.3
0.1
0.5
0
0
0
0
0
0
0
0
4.5
0
1.5
0.3
0
0
0
0
0
0.1
0
0
0
0
0
0
0
0
0
0
0
0
0
0.4
0
0
0
0
0
0
0
0
0
0
0
0
0.1
9.3
0
0
0
0
0
0
0
0
0
0
0
0
0.1
0
0
0
0
0.1
0
0
0
0
0
0.5
0
0
0
0
0
0
0
0
0
0
0
0
0
0
0
1.7
0
0
0
0
0
0
0
0
0
0
0
0
1
2.5
0
0
0
0
0
0
0
0
2.2
0
0
0
0
0.5
0
0
0
0
0
0
0
0.4
0
0
0
0
0
2.7
16.5
8.2
0
0
0.1
0
0
0
0.4
0.2
0.1
0
0.3
0
0
0
0
0
0
0
0
0.1
0.8
3.2
0.3
0
0
0
0
0
0
0.9
0
0
0
0
0
0
2.6
15.2
7.4
29.4
0
0
3.8
39.7
1
0.1
0
0
0.2
0.1
0.4
0.1
0
0
0.3
0.2
0.2
0.1
0.1
0.3
0.2
3.8
62.2
0.3
0
10.6
1.2
0.3
0
0
0
0.1
0.1
0
0.3
0
0.2
0.1
0.2
0.3
0
0.1
0
0
0
0
0
0
0
0
0
0
0
0
0
0
0
4.6
0.1
3.8
3.5
0
0
0
23.8
6.5
0
0
0.1
0.2
1
0.1
0
3.5
0
0
0
0
0
1.4
0.1
21
0.1
0
0
0
0
0
0
0
0
0
1.8
0
0
0
0
0
0
25.7
14.4
0
0
0
0
0
0
0
0
0.3
0
0
0
0
0
0
0
0
0
0
27.7
9.6
0
5.4
0.1
0
0
6.8
0
0
0
0
0
0
0
0
0
0
0
0
0
0
0
0
0
0
0.2
0
0
0
0
0
2.3
1
10.2
0.1
1.9
0.3
0
0
0
0
0
0
0
0
4.9
0.5
5.3
0
0
0
0
0
0
10
0
0
0
0
0
0
0
0
0
0
0
0
0
0
0.2
4.3
19.9
4.3
0
0
0
0
0
0
0
0
0
0
0
0
0
0
0
0
0
0
0
0.2
0.2
0.7
0.5
0
0
0
0
0
0
0
0
0
0.4
0
0
0
0
0
0
0
0
0
0.3
0.1
0
4.6
0
25.8
0
0
0
0
0
0
0
0
0.7
0
0
0
0
0
0
0
2.3
0
0
0
0
0
0
0
0
0
0
0
0
0
0
0.3
0
0
0
0
1.7
3.7
0.8
0
0
0.6
0
0
0
0
0
4.8
0
0
0
0
0.1
9.2
0
0
0
0
0
0
9.4
0
0
0.1
0
0
0
0
0.1
0
0
0
0
0
0
0
0
0
0
0
0
0
0
0
0
0
61.3
5.1
0
0
0
0
0
0
0
0
0
0
0
0
0
0
0
12.1
0
0
0
0
0
0
0
0
0
0
0
0
0
0
0
0
0
0
0
0
0
0
0
0
0
0
0.8
0
0
0
0
0
0.1
0
0.3
0.1
1.4
0
0
0
0
0
0
0
0
0
0
0
0
0
0.2
1
3.8
0.1
0.3
0
0
0.5
0
0
0
0
2
5.2
0
0
0
0
0
0
0
0
0
0
0
0
0
0
0
0
0
2.4
11.6
0
0
0
0
0
0.1
0
0.5
25.1
27.1
18.1
0
0
0.1
0
0
0
0
0.5
0
0
0
0
0
0
0
0
0
0
0
0.1
5.1
11.2
0.8
2.5
0.1
0
5.1
2.7
0
0
1.4
2.3
0.1
0.6
0.6
0
2.1
0
6.7
0
2.8
0
0
0
0.4
13.2
0
0
0
0
0
0
0.2
0
0
0
0
0
0.6
4.1
16.8
1.2
15.6
24.2
0
8.3
0.6
0
5.1
0.2
0
0
0
0
0
0
0
0
0
2.3
0
9.1
0
7.4
0.1
0
0
0
0.6
0.4
1.1
0
0
0
28.3
0
0
0
0
0
0
1.2
0
0
9.1
0.1
0
1.6
0
0
27.7
0
53.9
0.1
0.1
0
0.7
0
0
0.7
0
0
0
0.1
0.4
0.3
0
0
0
0
0
0
0
0
0
0
0
0
0
0
0
0
0
0
0
0
0
0
0
0
0
0
6
0
1.8
0
0
0
0
0
0
0.3
0
0.4
0
0.8
0
0
0
0
0
0
0
0
0
0
0
0
0
0
0
0
0
19.2
0
0
0
1.4
0
0
0
8
0
0
0
0
0
13.3
0
0
0
0
1.8
0
0
0
0
0
0
0
2.4
0
0
0
0
0.1
0.5
0
0
0
7.7
0
0.1
2
0
0
0
0
0
0
0
0
0
0
0
0
0
0
0
0
0
0
0
4.1
15.1
0
0
0
0
79.6
2.5
0
0
16.6
58.2
0.1
0
0
0
0
0
1.4
13.5
0
0
7.1
44.8
0
0.1
0
0
23.8
0
0
3.6
13.1
0
0
0
0.2
0
61
11.3
0
6.1
0.2
5.6
0.1
0
4.2
0.2
1.4
4.4
0
0
0
2.6
0
0
0
0
0.2
0
0
0
0
0
0
0
6.6
0
0
0
0
0
0.4
0
0
0
0
0.2
0.1
0.1
0.3
0
0
0
0
0
0
0.1
0
0
0
0
0
0
0
0
0
0
0
0
0
0
0
1
1.9
0
0.7
2.5
0
0
0
0
0
3.8
0.1
1.3
3.8
0.2
0
0
0
0.1
0
0
0
0
0
0
0
0
0
0
0
0
0
0
0
0.1
0
0
0
0
0
0
0
0
0
0
0
2
0
0
0
0
0
0
0
0
0
0
0
0
0
0
0
0
0
0
0
0
0
0
0
0
0.5
0.2
0
0.2
0
3
0.6
0
7.1
0.1
0
0
0
0
0
0
0
0
0
0
12.2
0.1
10.8
0.8
0
3
0
0
0
0
0
0
1.8
1.6
0
0
0
0
0.2
0
1.4
0
0
0
0
0
0
6.3
0
0
0
0
0
0
27.4
4
0
0
0
0
0
0
0
0
0
0
0
0
0
0
0
0.4
2
0
0
0
0
0
0
0
0
0
5.7
0
0
0
0
0
0
0
0
0
0
0
0
0
0
0
1.1
4.5
20.9
0
0
0
0
0
0
0
0
0
0
0
0
0
0
0
0
0.2
0
0
0
0
0
0
0
0
0
0
0
0
0
0
0
0
0
0
0
0
0
0
0
0.1
7.7
0
0
0
0
0
0.1
5.7
0
0
0
0.3
5.4
0.1
0
0
0
0
0
0
0
2.4
15
0
1.9
0
0
0
0
0
0
0
21.4
0.5
0
0
0
0
0
0
0
0
0
0
0
0
0
0.2
0
0
0
0
0
0
0
5.1
0
0
0
0
0
4.4
0
160.5
0.7
0
0
0
0
0
0.2
0
0
0.2
0.3
2.7
1.2
0
0
0
0
0.7
0.5
0
0
8.6
3.2
0
0
0
0
0
0
0
9.7
0.4
0
0
0
0
0
0
0
0
0
1.5
26.5
22.5
0.5
0.3
0.3
0
0
0
1.6
1.4
0
0
0
0
0
1.7
12
1.6
2.5
0
0
0.1
0
0
0.1
0
0.3
0.1
0
0
0.2
0
0.2
0.2
0.1
0
0.3
0
0.2
0
0
0.1
0
0
0
0
24.6
10.8
86.5
109
23.2
0
0
0
0
0
0
0
0
0
0
0
0
0
0
0
0
0.1
0
0
0
0
0
0.2
0.1
0.2
0
0
0
0.2
0
0
0
0
0
0
0
0
0
2.1
0
0
0.8
0
0
0
0
0
0
0
0
0
0.9
17.4
1.3
0
0
0
0
4
5.3
0.1
0.8
6.9
0.1
0
0
2.6
8.3
37
10
0.1
0
0
0
3
0
0
0
0.4
0
8.7
0
0
0.1
0
4.2
14.4
14.9
24.9
4.4
1.3
0
0
0
10
0.1
0
0
0
0
0
0
0
0.1
0
0
0
31.2
0.1
0.5
2.4
48.5
4.3
1.6
0
0
0
0
0
0
0
0
4.3
0
0
0
0.1
0
12.2
0.1
0
13.1
1.7
0
0.5
1.8
0.1
0
0
0
0
0
0
0
10
0
14
0
0
0
0
0
0
0
0
0
0
0
0
0
0
0
0
0
0
0
0
0
0
0
1.1
0
0
0
0
0
0
0
0
0
0
0
0
0
0
0
0
0
0
0
0
0
0
0
0
0
0
0
0.5
2.9
0
0.4
0
0
0
0
0
0
0
0
0
0
0
0
0
0
0
7.1
0.1
0
0
1
0
0
0
0
0
0
0
1.4
0.1
0
0
0
0
0
0
0
8.1
0.1
0
0
0
0.4
0.7
0
0
0
0
0
0
0.1
8.4
0
2.1
0.1
0
0
0
0
0
0
0
0
0.1
0
0
0
0
0
0.2
0.3
4.5
0
0
0.2
0.9
0
0
0
0
0
0
0
2.1
22.8
22.3
4
23.6
0.1
0
0
0.1
0.1
0.1
0.1
0.1
0
0
0
0.1
0
0
0
0
0.1
0
1.1
20.9
21.7
0.2
0.2
0.1
0
0
0
0.5
0
3.6
0
0
1.2
12.9
0
0
0
0.1
0
0
0.1
1.4
0.6
0.1
0.2
0
0.1
0
0
0
1.5
0
0
0.2
0.1
0
0
0
0
0.2
1
2.8
39.6
7.5
0
0
0.1
0
0
0
0
0
0
0.6
0
4.4
0.9
1.4
1.2
0
0
0.1
0
0.4
0
0
0
0
0
0
1.5
0
4.4
2.9
4.5
0
2.5
0
0.8
0.2
0
0
0.3
0.1
0
0.4
6.2
1
0
0
0
0.1
1
0
0
0
0
0
0
0.1
8.1
0.1
0
0
0
0
0
0
0
0
0
0.3
0.1
0
0
0
0
0
0
0
0
0
0
0
0
0
0
0
0
0
0
0
2.5
0
22.7
0
0
0
0.1
0
0
0
0
0.2
2.7
0.1
0
0.1
1.4
5.5
0.5
1.9
10.8
14.4
9
0.7
0
0
0
0
0
0
1.3
0.8
0.1
0.5
11.9
0
0
0
0
0
0
0
0
0
1.2
0
0
0
0
0
0
1
0
5.5
0
0
0.4
0.1
1.3
0
0
0
0
0.1
0
0
0
0
0
13.1
0.1
0.6
17.2
0
0
9.4
0
0
6.8
0
0
0
0.4
0
0
0
0
0
0
2.3
0
0
0
0
0
0
0
0
0
0
0
0
0
0
0
0
0
0
3.3
0
0
0
0.4
20.3
0
0
0
0
0
0
0
0
0
0
0.1
0
0
0
0
0
0
0
1.8
0
0
0
0
0
40.5
0
0
0
0
21.5
0
10.9
9.2
0.7
0
0
0
0
0
24.8
0
0
0
0
0
0.8
1
0
0.2
0
0
1.1
9.7
12.6
0
0
0
0
0
0
0
0
0.1
18.7
0.5
0
0
0
0
0
0.1
0
0
0
0
0.1
0
0.1
0
0
0
0
0
0
0
0
0
0
0
0.3
11.2
0
3
0
0.1
0
0
0
0
0
0.1
1.1
1.2
3
0
0
0
0
0
0
0
0
0
8.2
70.3
18.2
4
0
0
0
0.2
0
0
0
0
0
1.4
0
0.2
1
2.6
0.3
0
0
0
0.6
0.3
0.3
0.2
0.3
0.4
0.4
0
0.3
0.1
0.4
0.2
0
0
0
0
0
0.1
0
0
0
0
3.3
0
0
0
0
0
0
0
0.1
0
0
0
0
0
0
0
0
0
0
0.1
0
0.1
0
0
0
0
0
0
0
0
0
0
0
0
0
0.1
0
0
0
0
1.3
0
0
0
0
0.1
0
0
0
0
0
0
0
0
0
0
4.9
0.2
0
0
0
4.2
3
0.2
0
4.6
22.7
1.1
4.6
0
0
8.6
6.8
0
0.3
2
2.9
0.5
0.6
0.1
5
0
0
1.2
0.1
1.2
0
0
0
0
0
0
0
0
0
0
0
0.2
22.5
0.2
0
0
0
0
5.4
27.3
11.7
0
3.9
0.1
0
0
0
0
0
0
0
2.9
2.9
0
0
0
0
0.6
0
0
0
0
0
0
0
0
0
0
0
0
0
0
0
15.5
8.7
0
0
0
0
0
0
0
0
0
0
0
0
0
0
0
0
0
0
0
0
0
0
0
0
0
0
4
0
0
0
0
0
24.3
0.1
0
0
0
0
0
0
5.3
34.8
0
0
0
0
0
0
0
0
0
0
0
0
0
0
0
0
0
0
0
0
0
0.5
0
0
0
0
0
0
0
0
0
0
0
0.1
0
0
0
0
2.4
0
4.6
0
0.1
0
0
0
0
0
0.4
0
0
0
0
6.9
0.2
31.2
0
0
0
0
0
0
0
0.5
0
0
0
0
7
4.8
0
0
0
0
0.2
0
0
0
0.2
0
0
0
-99
0
0
0
0
0
0
0
0
0
0
2.3
0
0
0
0
0
0
0
0
0
0
0
2
0.8
0
0.1
0
0
0
0
0
0
0
0.4
0
0
1.2
0.1
0
0
0
0
0
0
1
0
0
0
0
0
4
0
0
0
4.1
0
0
0
0
0
0
3.1
0
0
0
0
0
0
0
0
0.2
11.1
0.3
1.5
1.4
5.4
4.5
0.6
4.1
0
0
0
0
0.3
0.1
0
0
0
0
0
0
0
0
0
0
