20000101
0
0
0.1
0.1
0
0
0
0
2.2
0
0.1
0
0.3
1.3
0.6
2.3
0
0
0
0
0
0
0
0
0.4
1.6
3.3
0
0.1
0
0.1
0
0
0
0
0
0
0
0
0
0
0
0.4
0
0
0
0
0
0
0
0
0
0
0
0
0
0
0
0
0
0
0
0
0
0
0
0
0
0
0
0
0
0
0
0
0
0
0
0
0
0.3
0
1.6
0
0
2.5
2.2
11.6
0
0
7.4
0
1.4
0
0
0
0
0
0
0
3.7
34.67
0
0
0
0
0.1
1.1
0
0
0
0
0
17.7
0
0
0
0
16.8
0
0
0
0
0
0
0
0
0
0
0.7
12.59
0.1
0
0
0
0
0
0
0
0.4
0
0
7.3
0
0
0
0
11.19
0
0
0
0
0
0
0
0
10.39
2.8
0
0
0
33.18
5.77
0.33
4.1
1.9
0.1
0
0
0
0
0
0
0
0
0.12
0.18
0
0
0
0
0
0
0
0
0
0
0
0
0
0
2.9
0.53
0.77
0
0
0
0
0
0
0
0
0
0
1.4
0
0
0
0
0
0
0
0
0
0.6
2.3
16.39
2
0
0
0
0
0
2.2
0
0
0
0
0
0
0
0
0
2
0
0
0
0
0
0
0
0
6.5
0
0
0
0.1
8
0
0
0
0
0
0
0
0
0
0
0
0
0
12.4
29.89
2.8
0
0
0
0
0
0
0
12.93
0.96
2.1
0
0
0
0
0
2.9
0
0
0
6.6
3.2
3
26.58
0.1
3.9
1.3
0
0
0
12.8
0.9
8.26
1.43
0
0
0
0
0
0.1
0
2.9
0.1
0
0
0
0
2
0
0
0.1
0
0
0.4
0
6
0
0
0
0
0
0
0
0
7.5
0
0
0
0
0
9.5
0.9
0.1
0
0
0
0
0
1.6
0
0
0
0
0
0
0
0
0
0.1
0
0
0.1
46.98
9.99
22.79
10.89
0
0
0
0
0
0
0
0
0
0
0
0
0.6
0
0
0.1
0
0
0
9.65
16.54
57.06
26.09
0
0.1
3.4
0
0
0.1
0
0
0
0
0
4.6
5.4
0.1
0
0
0
0
0
0
0
0
0
0
0
0
0
6.8
13.79
0.3
0
0
1
0
0
0
0
0
4.35
16.44
0.1
0
0
0
3.2
0.3
0
0.8
0
0.3
5
0
0
0
3.1
0.1
0
0
0.1
0
0
0
0
0
0
0
0
0.2
6.2
0.1
0
11.1
0
0
0
0
0
0
0
0
10
0
0
0
0
0
0
0
0
0.1
0
0.1
0
3.7
0.1
0
0
0
0
0
0
0
0
2.7
10.99
0.5
0.9
11.5
2.8
0
0
0
0
0
0.2
0
0
0
0
0
1.5
7.39
0
0
0
0
0
0.9
0
0
0
0
0
0
0
0
0
0
0
0
0
0
0
0
5.1
0
0
0
0
0
0
0.1
0
0
0
0
0
0
0
0
0
0
0
0
0
0
0
0
0
0
0
0
0
0
0
0
0
0
0
26.59
0
0
0
24.68
0.1
0
0
0
0
0
0
0
0
0
0
0
0
0
0
0.1
0
0
0
0
0
0
0
0
0
0
0
0
0
0
0
0
0
0
0
0
0
0
0
0
0
20.6
0.1
0.1
0
0.1
0
0
0
0
0
0.3
2.3
0
0
0
0
0.1
0
17.58
0.8
0
0.2
0
71.58
0.1
3.7
3.6
0
0
11.9
0.6
0.1
0
0.1
0
4.8
0
0
0
0
5
1
0
0
0.6
0.1
0.1
0
0
14.39
0.1
3.6
0
0
0
0
0
0
0
0
0
0.1
0
1.1
0
0
0
0
0
0
0
0
0
13.09
0.1
0
0.3
52.81
19.94
1.8
0
0
0
0.1
0.2
0
0.1
0
0.1
0
0.1
0
0
0
0
0
0
0
0
0.1
1.4
0.1
0.1
0.1
0.2
0.1
1.5
1
0
0
0
0.1
0.2
0.1
0
0
0
0
0
0
0.1
0
0
0
0
5.64
18.14
17.69
0
0.1
0.3
4.9
0.5
0.1
0
0.3
2
0
0
0
0.2
0
0.1
0.1
0
0.7
3.7
0.1
0
0
0
0
0
0
0
0
0.1
0
0
2.08
11.22
0
0
0
0
0
0.1
0
15.89
2.3
14.08
2.12
0.1
0
0
0
0
0
0
0
0
0
0
0
13.29
0
2
34.49
0
0.1
0
0
0
0
0
2.3
1.7
0
0
0
0
0
0
0
0
0
0
0
0
0
0.2
16.92
0.08
0
0
7.29
87.12
0.95
0
0.6
38.48
0.4
0
16.95
39.76
6.48
6.03
3.82
0.64
0.2
0
0
0
0
0.1
0
0
0
0
0
0
0
0
0
1.7
7.45
0.15
12.69
4.4
5
62.56
57.24
2.33
21.99
27.39
0.1
0
0
0
0
0.1
3.1
0
0
0
0
20.99
0.1
0
4.6
5.7
0
0
0
0
0
0
0
15.8
33.99
8.59
0
29.98
0
0
0
0
0
0
0
0
0
0
0
0
0
0
0
0
0
0
0
0
0.2
0
0.2
0
0
0
0
0
0
0
0
0
0
8.5
3.4
1.4
0.9
0
0
0
0
0
0
0
0
0
0
0
0
0
0
2.8
26.4
38.08
0.5
0.1
0
0
0.2
0
5.6
6.7
11.1
0.2
0
0
0
0.5
0
0
0
4
0
0
0.7
0
12.1
10.99
26.09
3.3
0
0
0
6
2.2
0.9
0
2.6
3.47
3.93
0.1
0
0.1
0
0
1.9
4.5
0
0
0
2.3
0
0
0
3.8
8.06
4.14
0
0
0
0
0
0
5.6
0
2.27
0.13
0
0
0
0
0.9
119.45
15.72
0.07
0
0
0
0
0.1
0
0
0
0
8.8
0
1
0
0
0
0
0
0
0
0.1
0.1
0
0
0
0
0.3
7.2
0
0
0
0
0
0
34.89
1.8
0
0
0
0
5.5
0.6
0
0.49
41.39
1.1
0
0.1
0
0
0
0
0
0.2
0.2
0
0
0.1
0.4
3.2
57.57
2.6
0.1
0.1
0.2
0
0.1
0
0
0.2
0
0
0.1
0.1
0
0.1
0
0.1
0
0
2.15
0.25
0
0
0
0
2.8
52.47
0.2
3.4
0.1
0
0.1
0.4
0.1
0
0.1
0.1
0
0.1
13.08
0.1
0.2
0
0
0
0
0
0
0
0
0
0
0
0
0
0
0
0
0
0
0
0
0
0
0
0
0
0
0
0
0
0.78
9.12
11.69
2.9
2.7
32.38
28.79
1.3
0
0
0
0
0
0
1.9
0
0
0
0
0
0
0
0
0
0
0
0
0
0
0
0
0
0
0
0
0
14.59
7.4
8
0
0
7.2
0
0
0
0
0
7.99
13.99
9.4
0
0
0
2.1
0
0
0
0.1
0
0.6
0
0
0
0
0
1.2
0
0
0
0
0
0
0
0
0.2
2.9
5.5
0
0
0
0
0
0
0
0
2.4
1.1
0
4.2
0
0
0
0
1.4
15.69
6.4
0
0
0
0
0
0
0
0
0
0.1
0
0
0
0
0
0
0
0
0.1
4.7
0
0.8
0
0
0
0
0
0
0
0
0
0
0
0
0
0
0
0
0
0
0
0
0
0
0
0
0
0
0
0
0
0
0
0
0
0
0
0
0
0
0
0
0
0
0.3
0
0
0
0
0
0
0
0
0
0
0
0
0
0
0
0
0
33
0.1
0
0
0.1
0
0
0
0.1
0
0
0
0
0
0
0
0
0
0
0
0
0
0
14.9
0
0
0
0
0
0
0
0
0
0
0
0
27
1.8
0
0
0
9
5.1
6.4
10.4
0.1
0
0
0.9
1.7
0.1
0
0
0
0
0
0
0.1
0
19.8
11.7
41.5
13.4
31.1
0.1
0
9.6
0.1
0.1
0
22.3
2.98
1.52
0
0
14.7
0
0
0
0
0.1
0
0.1
0
1.1
0
0
0.2
0
0
2.63
2.87
0
0
0
0
0.9
2.3
11.2
4.2
0
0
1
0
0
0
15.2
4.9
38.5
17.85
1.95
0
12.2
6.1
0.2
2.3
0.1
0
0
0
0
0.1
0
1.1
1.8
0.1
0.65
2.95
0
0
0.1
0
0
7.9
0.2
0.2
0
0.1
0
0
0
0.1
0.2
0
0.1
0
0
0
0
0
0
0
0
0
0
0
0.1
0
0
0
0.2
0
0
8.6
1.7
0.3
0
0
0
0
0
0
0
0
0.2
0.2
0
0
0
0
0
0
0
8.1
0
0.7
2.2
27.8
4.7
0.1
2.2
0
3.4
21
0
0
0.4
0.2
0
0
0
0
5.3
0
0
0
0.1
0
0.4
0.7
0
0
0
0
0
0
0
0.1
3.3
0.1
1
2.1
0.1
5.3
0.1
37.3
9.9
0.2
0
0.5
0
0
0
0
3.28
9.43
1.6
0.1
0
2
0
1.2
0.26
54.04
0.3
4.9
0.1
0
0
1.8
0
0
0
0
0
4.9
27.9
0
0
0
8.16
0.24
13.7
0.2
5.4
0.5
0
2.9
12.95
1.45
0.7
0.4
0
0
0
0
0
0
0
0
0
0
0
0
0
1
0.1
1
0
0
0
0
0
0
0
0
0
0
0
0
1.1
0
2.3
2.6
0.1
0
0
26.6
1.5
0
0
0
0
0
0
0
0
0
0
0
0
0
0
0.6
0.6
0
0
0
0.2
7
0
0
0
0
0
0
0
0
0
0
0
0
0.1
0
0.95
5.05
0
0
0
0
0
0
0
7.2
4.9
0.1
0
0
0
0
0
0
0
0
0
0
0
0
0
0
0
0
0
0.1
0
0
0
0
1
1.1
2.2
0
1.3
10.9
0
0
0
0.3
0
0
0
2.3
0
0
19.1
2.7
0
0
0
0
0
0
0
0
0.1
0
0
0
0
0
0
0
0
0
0
0
0
0
0
0
0
1.2
0
0
0
0
0
0
0
0
0
0
0
0
0
0.8
9.6
0.12
0.08
0
2.4
9
3.6
0.1
0
0
0.1
0
0
0
0.1
0
0
0
0
0
0
0
0
0
0
0
0
0
0
0.1
0
0
0
0
3.8
0.1
5.4
0
0
19.35
0.85
0
10.47
9.23
4.5
0
0.1
0
0
0
0
0
0
0
0
0
0
0.1
0
0
4.8
0.1
0
0
0
0
0
0
0
0
0.1
0.1
0.1
0
0.1
0.1
0.1
0
0
0
0.1
0.1
0
0.1
0
0
0
0
0
0
0
0
0
0
0
0
0
0
0
0
0
0
0
7.1
33.1
22.57
1.13
0
0
0
3.6
0
0
0
0
0
0
2.2
0.1
0
0
0
0
0
0.3
0.6
0
0.1
0.9
0.1
0.5
0.8
0
0
0
0
0.6
0.1
0
0
0
0
0
0
0
0
0
0
0.1
1.2
0
0
0.4
0.1
7
2.8
0.1
0
0
3
0
0
0
0
6.8
1.2
0
0
0
0
0
6.5
2.46
0.04
0
0.1
2.6
0
0
0
0.1
0
0
0
0
0
0
0
1.3
0.4
0
0.1
0
0
0
0
1.1
0
0
0
0.2
0
3.35
17.65
0
0
0
0
5.9
0.1
0
0
0
0
0
0
0
0
0
0
0
0
0
0.7
0
0
0
0
0.6
0
0.4
27.9
0
0
0
0
0
0
0
0
0
0
0
0
0
0
0
0
0
0
0
0
0
0
0
0.1
4.22
6.28
0
0.35
0.25
0
0
0
0
0
0
0
0
0.1
0
0
0
0
0
0
0
0.2
0
1.82
24.38
0.1
0
0
0
0
0
0.4
0.4
10.8
0
0
0
0
0
0
0.5
0.3
15.9
0.7
0.2
0
0
0
0
0
0
0
0
0
0
0
0
0
0
10.4
11.8
17.4
0.1
0
0
0
0
0
0
0
6.5
0.1
0
0
0
0
0
0
21.7
0.6
0
0
0
0
0
11.4
0.1
0
0
0
0
0
0
0.2
3.5
11.9
41.9
19.3
10.7
0.1
0.01
5.39
0
0
0
0
0.1
0
0
0
0
0
0
0
0
0
0
0
3.5
0
0.1
0
0
20.87
0.43
0
6.1
16.3
17.1
0.1
1.2
0
0
0
0
0
0.1
0
0
0.7
0
0
0.1
0
0.1
0.1
4.8
0
0
0
0
0.1
0
0
0
0
0
0
0.1
0
0
0
0
0
0.1
0.1
0.2
0
0
0.1
0
0
0
0
0
0.1
0
0
0.1
0
1.47
1.13
13.81
1.39
2.4
2.2
0
0
0
0
1.9
0.3
0
0
0
0
0
0
0
0
0.1
4
9.75
35.17
18.48
10.4
0.1
0
0.1
0
0
0
0
0
0.1
0
0
0
0.1
0
0
0
0
0
0
0
0
0.3
0
0
0
0
3.2
0
0
0
0
0
0
2
0
0
0
0.3
0.4
0
0
0
0
0
0
0
2.5
2.9
0
0
4.2
0
0
0
0
0
0
0
0
0
0
0
0
0
0
0.1
0
0
0
0
0
0
0
0
0
0
0
0
0
0
0
0
0
0
0
0
0
0
0
0
0
0
0
0
0
0
0
0
0
0
0
0
0
0
0
0
0
0
0
0
0
0
0
0
0
0
0
0
0
0
0
0
0
0
0
0
0
0
0
0
0
0
0
0
0
0
0
0
0
0
0
0
0
0
0
0
0
0
0
0
0
0
0
0
0
0
0
0
0
0
0
0
0
0
0
0
0
0
0
0
0
0
0
0
0
0
0
0
0
0
0
0
0
0
0
0
0
0
0
0
0
0
0
0
0
0
0
0
0
0
0
0
0
0
0
0
0
0
0
0
0
0
0
0
0
0
0
0
0
0
0
0
0
0
0
0
0
0
0
0
0
0
0
0
0
0
0
0
0
0
0
0
0
0
0
0
0
0
0
0
0
0
0
0
0
0
0
0
0
0
0
0
0
0
0
0
0
0
0
0
0
0
0
0
0
0
0
0
0
0
0
0
0
0.1
0
0
0
0
0
0
0.4
0
0
0
0
0
0
0
0
0
0
0
0
0
0
0
0
0
0.6
18.4
0.1
0.1
0.1
0
0
0
0
0
2.1
0.1
0.1
1.2
0
0.1
0
4
0
0
0
0
0.1
0
0.1
0.1
0
0
0
0
0
0
0
0
0
0
0
0
0
0
0
0
0
0
0
0
0
0
2.8
0.1
0
0
0
0
0
0
0
1.4
0
0
0
0.1
0.35
0.15
0
6.7
0
0
0
0.4
0
0
0
0
13.7
4.9
0.1
0
0
0
0
0
3.4
0.1
0
0
0
0
0
0
0
0
2.5
0
0
0
0
0
0
0
0
0
0
0
0.2
0
0
0
0
0.5
0.17
0.63
0.1
3
1.1
0
9.3
1
9.6
23.5
0.7
2.5
0
0
0
1.6
6.2
4.6
17.39
20.37
6.84
0
9.5
0
0
0
0
0
0
0
0
0
0
0.2
0.2
5
0.1
14.2
0
1
0.3
0
0
0
0
0
0
0
0
0
5.3
0
0
0
0
0.2
0
0.2
0
0
0
0
8.4
2.54
0.06
0
0
0
3.7
0.1
0
0
0
0
0
0
0
0
0
0
0
0
0
0
0
0.1
0
0
0
0
0
0
0
0
0.2
0.5
0
0
0.2
0
0
0.5
0
0.1
0
0
0
0
1.2
0
0
0
0
0
0
0
0.3
0
0
0
0
0
0
0
0
0
0
0
0
0
0
0
0
0
0
5.7
2.9
0
0
0
10.7
0.2
0
0
0
0
0
12.7
0.1
0.4
4.3
0
0
0
0
0
0
0
1.8
0.6
0
0
0
0.1
0
0
0
0
0
0
0.5
0
0
0
0
0
0
10.1
0
0
0
11
0
0
0
0.7
0.2
0
0
0
0
0
0
3.1
0.4
0
2.6
4.3
0.1
17.24
0.46
0
0
0
0
0
0
0
0.1
0
0
0
0
0
0
6.1
2.7
0
0
0
0
0
0
0
0
0
0
0
0
0
0
0
0
0
0
0
0
0
0
0
0
0
0
0
0
0
0
0
0
0
0
0
0
0
0
0
0
0
0
0
0
0
0
0
0
0
0
0
0
0
0
0
0
0
0
0
0
0.1
0.1
0.1
0
0
0
0.2
17.89
0.51
0
0
0
0
0
0
0
0.4
0
0
0
0
0
0
0
0
0
0
0
0
0
0
0
0
0
0
0
0
0
8.9
11
0
0
0
0
0
0
0
0.1
0.1
1.5
0
0.1
0
0.6
2.77
1.43
0
0
0
0.01
0.29
0
0
0
0
0
0
0
0
0
0
0
0
8.4
0
0
0
0
0
0
0
0
0
0.9
0.1
0
23.5
2.6
0
0
0.6
0
0
0
9.2
6
0
0
0
0
0
0
0
0
0
0
3.4
0.8
0.1
0.6
0.1
0
7.6
3.8
0
1.6
2.2
1.2
0.7
0
0
0
0
2.1
0
0
0
0
0
0
0
0.3
0
0
14.33
15.47
0.9
4.5
0
0
0
0.1
6.2
0
0
0
0
2.5
0
0.3
12.5
1.15
2.55
0
0
0
0
14.4
0.8
2.1
8.1
9.8
4
0.8
0
0
2
0
0.1
10.3
0.1
0
0
9.5
0
0
0
0
0
0
0
0
0
6.8
0
0
0
0
0
0
0
0
0
0
0
0
0
0
10.4
0
0
0
0
0
0
0
0
0
0
0
0
0
0
0
0
0
0
0
0
0
0
0
0
0
0
0
0
0
0
0
0
6.3
0.1
0
0
0
0
0
0
8.7
0.1
0
0
0
0
0
0
0
0
-99
-99
-99
-99
-99
-99
-99
-99
-99
-99
-99
-99
-99
-99
-99
-99
-99
-99
-99
-99
-99
-99
-99
-99
-99
-99
-99
-99
-99
-99
-99
-99
-99
-99
-99
-99
-99
-99
-99
-99
-99
-99
-99
-99
-99
-99
-99
-99
-99
-99
-99
-99
-99
-99
-99
-99
-99
-99
-99
-99
-99
-99
-99
-99
-99
-99
-99
-99
-99
-99
-99
-99
-99
-99
-99
-99
-99
-99
-99
-99
-99
-99
-99
-99
-99
-99
-99
-99
-99
-99
-99
-99
-99
-99
-99
-99
-99
-99
-99
-99
-99
-99
-99
-99
-99
-99
-99
-99
-99
-99
-99
-99
-99
-99
-99
-99
-99
-99
-99
-99
-99
-99
-99
-99
-99
-99
-99
-99
-99
-99
-99
-99
-99
-99
-99
-99
-99
-99
-99
-99
-99
-99
-99
-99
-99
-99
-99
-99
-99
-99
-99
-99
-99
-99
-99
-99
-99
-99
-99
-99
-99
-99
-99
-99
-99
-99
-99
-99
-99
-99
-99
-99
-99
-99
-99
-99
-99
-99
-99
-99
-99
-99
-99
-99
-99
-99
-99
-99
-99
-99
-99
-99
-99
-99
-99
-99
-99
-99
-99
-99
-99
-99
-99
-99
-99
-99
-99
0
7.5
3.43
1.87
23.1
3.12
4.67
0.1
0
0
0
13.15
0.15
0
3.1
2.6
3.7
0.1
0
0.1
2.1
3.4
0.4
1.4
1.5
0.6
0
0
0
0
6.5
0
0
0
3.44
3.36
0
0
0
0
0
0
0
0
0
0
0
0
10.2
0
0
0
0
0
0
0
0
0
0
0
0
0
0
0
0
4.3
0.6
0
0
0
0
0
0
0
0
0
0
0
0
0
0
0
0
0
3.9
2
0
0
0
0
0
0
0
0
0
2.3
0.8
0
0
0
0
0.01
2.09
0
0
0
0
0
0
0.3
0
0
0
0
0
0
0
0.8
0
0
0
0
0
0
0
0
0
0
4.2
0
0
0
0
0
0
0
0
0
0
0
0
0
0
0
0
0
0
0
0
0
0
0
0
0
0
0
0
0
0.12
0.48
0
0.6
0
0
0
0
0
0
0
0
0.1
7.59
1.31
0
1.57
0.93
0
7.5
0.1
0
0
0
0
0
0
0
0
0
0
0
0
0
0
0
0
0
7.3
0
0
0
0
0
0
0
0
0
0
14.9
22.6
20.4
0.1
0
0
0
0
0
0.1
0
0
0
0
0
0.1
0.6
0
1.6
0.1
0
0
0
0
0
0
0
0
0
0
0
0
0
0.2
0
0
0
0
0
0
3.4
0.3
0
0
0
0
0
0
0
0
0
0
0
0.1
0
0
0
0
0
0
0.1
0
1.4
7.2
5
3.8
0.4
0.9
0.1
0
0
0
0
0
0
0
2.5
4.2
0
16.8
0
1.8
0
0
1.45
0.35
5.3
0
0.5
0
0.1
0.1
3.25
0.05
0.1
0
0.4
0
0
0
0
0
0
0.5
0.2
0
0
5.7
0.1
0
0
21.8
19.3
0
0
0
0.2
0
3.7
6.8
0.1
7.3
18.17
0.13
0.2
0
0
0
0
0
0
0
0
1.1
15.6
0.2
1.5
0
0.2
37.7
0
0
0
0
0.1
0.1
0
0
0
0
0
0
2.2
4.8
0
0
0.5
0
0
0
0
0.6
0
0.8
0
0
8.2
0
0.1
0.2
0
0
0
0
6.6
0
0
0.2
0
0
0.6
0.1
0
0
0.3
0.5
0
0
0.3
0
0
0
0.2
5.6
5.3
31.5
19.3
1.4
0.9
0
2.1
0.8
0.1
0
8
15.4
2.3
1.2
0
0
0
0
0
0
0
0
0
0
0
0
0.1
0
0
0
0
0
0
0
0
0.1
0
0
0
0
2.8
0
0
0.7
0.4
0
0
4.5
4.3
0
0
0
0
0
0
0
0
0
0
0
0
0
0
0
0
0
0
0
0
0
0
0
0
0
0
0
0
0
0
3.8
0
0
0
0
0
0
0
0.8
34.6
0.7
0
0
5.1
0
0
6.2
0.4
0
0
3.4
0
0
11
0.1
0.1
0
0
0
0
5.7
0.1
0
0
0
0
0
0
0
0
0
0
0
0
0
0
0
0
0
5.8
0.1
0.8
0.1
0
0.3
0
0
0
0.2
50.2
1.8
0
0
5
0
0
16.1
0.1
0.3
0
0
0
0
0
0
1.6
0.5
0
0
0
1.2
0
14.1
22.1
25.7
11.4
0.2
0
0
0
0
0
0
0
0
0
0
0
0
0
0
0
0
11.2
0.4
0
0
0
0.1
0
1.2
0
0
0.4
3.2
0
0
0
7.1
0
1.2
0.6
0.1
0.7
0
0
0
0
0.1
0.1
2.2
0
1.2
11.3
0.1
0
0.1
0.1
0
0
0
0
0.1
0
0.1
0
0
0
0
0
0
0.3
0
0
4
11.6
15.1
2.7
0
0
0
0
0
1
4.4
0
0
0
0
0
0
0
0
0.5
0.1
0
0.1
0
0
0
0.1
0
0
0
3.9
0
0
0
0
0
0
2.8
18.8
19.9
2
6.5
0
0
0
0
0
0.1
0
0
0
0
0.1
0
0
0.6
0.2
0
2.1
0
0.3
0.7
0.1
0
0
0
0
0
0
0
0
4.8
10.7
4
0
0
0
0
0
0
0
74.2
2.7
15.7
21.1
18.5
0.1
0
0
0
0
0.5
0.1
0
0
0
2
0
1.3
0
0.1
0
0
0
0
0
0
0
0
0
0
0
0
0
0
0
0
0
0
0
0
0
1.1
1.1
0.4
0
0
0.4
12.2
0.1
0
0
3.8
0.6
0
0
0
1.8
0.3
0
0
0
0
0
12.5
1.6
0
0
0
0
0
0
0.7
0
0
0
0
0
0
0
0
45.5
0.1
3.7
1
27.9
0.8
0
0.9
5.8
0.1
17.9
0.2
0
1.3
0
0
0
0
0
0
0
0
0
0
0
0
0
0
0
0
0
0
0
0
0.1
0
0
0
0
0
0
0
1.9
0.3
6.7
0.3
0
3
0
2.4
0
0
0
0
0
0
32
1.4
0.9
0.1
0.9
0
0
0
0
0
0
0.4
0
0
0
0
0
0
0
0
0
0
0
0
0
0
0
0
0
0
0
0
0
0
0
0
0
0
0
0.5
0
1.5
0
0
0
0
0
0
0
0
0
0
0
0
1
0
0
0
0
0
4
0.1
0
0
0
0
0
0
0
0
0
0
0
0
0
0
0
0
0
0
0
0
0
0
0
7.5
1.8
0
0
1.2
65.5
0.6
0
20.5
45.4
1.3
0
0
0
5.5
0.4
30.7
15.4
40.1
0
0
0
0
0
0
0.6
1.8
64
4.2
0.2
0
15.5
5.4
50.6
6.7
0
0
0.1
0
0.1
0
0
0
0.1
0
0
0
0
0
0
0
0.1
0
0.1
0
0
0
0
0
0
0
0
0
0
0
0
0
0
0.1
0
0.1
0
0
0
0
0
0
0
0
0
0
0
0.1
0
0.1
0.1
0.2
0
0.1
3.5
1.4
0
0.1
0
0
0
0
0
0.1
0
0
9
0.1
0
0
2.9
1.1
0
0
0
0
0
0
0
0
0
0
0
0
0
0
0
0
0
0
0
0
0
0
0
0
0
0
0
0
0
0.1
0
0
0
0
0
0
0
0
0
0
0
0
0
0
0
0
1.1
5.5
16.9
0
0
0
0
0
0
0
0
0
0
0
16.4
11.9
1.2
0
0
0
0
2.4
0
1.4
2.4
11.3
1.3
0.1
0
1.9
2.9
0
0
0
0
0
0
0
0
4.2
0
1.8
0
0
0
0
0
4.9
0.1
0
0
0
0
0.7
1.2
7.3
0.1
0
0
0
0
21.5
4.3
0.4
0.1
0
0
0
0
20.8
0
0
0
0
0
6.9
0.8
0
0
0
0
-99
-99
-99
-99
-99
-99
-99
-99
-99
-99
-99
-99
-99
-99
-99
-99
-99
-99
-99
-99
-99
-99
-99
-99
-99
-99
-99
-99
-99
-99
-99
-99
-99
-99
-99
-99
-99
-99
-99
-99
-99
-99
-99
-99
-99
-99
-99
-99
-99
-99
-99
-99
-99
-99
-99
-99
-99
-99
-99
-99
-99
-99
-99
-99
-99
-99
-99
-99
-99
-99
-99
-99
-99
-99
-99
-99
-99
-99
-99
-99
-99
-99
-99
-99
-99
-99
-99
-99
-99
-99
-99
-99
-99
-99
-99
-99
-99
-99
-99
-99
-99
-99
-99
-99
-99
-99
-99
-99
-99
-99
-99
-99
-99
-99
-99
-99
-99
-99
-99
-99
-99
-99
-99
-99
-99
-99
-99
-99
-99
-99
-99
-99
-99
-99
-99
-99
-99
-99
-99
-99
-99
-99
-99
-99
-99
-99
-99
-99
-99
-99
-99
-99
-99
-99
-99
-99
-99
-99
-99
-99
-99
-99
-99
-99
-99
-99
-99
-99
-99
-99
-99
-99
-99
-99
-99
-99
-99
-99
-99
-99
-99
-99
-99
-99
-99
-99
-99
-99
-99
-99
-99
-99
-99
-99
-99
-99
-99
-99
-99
-99
-99
-99
-99
-99
-99
-99
-99
-99
-99
-99
-99
-99
-99
-99
-99
-99
-99
-99
-99
-99
-99
-99
-99
-99
-99
-99
-99
-99
-99
-99
-99
-99
-99
-99
-99
-99
-99
-99
-99
-99
-99
-99
-99
-99
-99
-99
-99
-99
-99
-99
-99
-99
-99
-99
-99
-99
-99
-99
-99
-99
-99
-99
-99
-99
-99
-99
-99
-99
-99
-99
-99
-99
-99
-99
-99
-99
-99
-99
-99
-99
-99
-99
-99
-99
-99
-99
-99
-99
-99
-99
-99
-99
-99
-99
-99
-99
-99
-99
-99
-99
-99
-99
-99
-99
-99
-99
-99
-99
-99
-99
-99
-99
-99
-99
-99
-99
-99
-99
-99
-99
-99
-99
-99
-99
-99
-99
-99
-99
-99
-99
-99
-99
-99
-99
-99
-99
-99
-99
-99
-99
-99
6
2.9
0.8
1.5
0.3
0
0
0
4.1
5.8
0.1
0
2.9
2.4
0.1
0.1
0
0
0
0
0
0
0
11.4
0
0
0
0
0
0
0
0
0
0.3
0.4
0
0.1
0.1
1.6
0
0
0
3.9
0.1
0
0
0
0
0
0
0
0
0
0
0
0
2.6
0
0
0
0
0
0.7
1.1
0
0
0
0
0
0
0
0
0
0
2.9
0
0
0
0
0
0
0
0
0
1.2
0
0
0
0
2.8
0
0
0
0
0.3
11.8
0
0
0
0
4.5
0.1
0
4.3
0.2
0
0
0
0
0
0
0
0
0.1
22.7
10.9
0
6.9
0.1
0.1
0
0
0.2
0
0
0
0
0
0
0
0
0
0
0
0
0
0.1
0
0
0
0
9.5
2.1
1.7
0
0.2
0.7
4.7
3.2
0
0
0
0
0
0
0
0
0
0
0.1
0.7
0
0
0
0
0
1.7
0
0
0
0
0
0
0
0
0
0
0
0
0
0
0
0
0
9.9
37.4
37.2
1.8
0
0
0
0
0
0
0
0.3
0.1
0
1.4
0
0
0
0.1
0
0.1
0.1
0
0.2
0
0
0
0.1
0
0
0
1.9
0.1
10.2
3.6
0
0
0
0
0
0
0
0
0
0.1
0
0
0
0
4.4
0.3
0
0
0
0.1
0
0
0.2
2.1
0.1
0
0
0
0.1
2.6
0
0.1
4.4
0.1
0
0
0
2.5
0.1
0
6.5
0.1
8
5.8
0.1
0
0.2
0
0
0
4.6
7.6
0
0
0
0
0
5.6
0.1
0
0
0
0.1
0
0.1
0
0
0.6
0.1
0.1
0
0
10.4
0
1.1
0
0
0
0
0
0
0
0
0
0
0
0
0
0
0
0
8.2
1.6
0
2.9
0
0.1
0
0
7.7
0.1
0
0.2
14.9
2.4
0.2
0
0
0
0
0
1
0.1
0
0
0
0
0
0
0
2.7
8.7
9.6
0
0
2.4
6
2.6
0.9
0.1
0
2.3
3.3
0
0
0
0
0
0
0
0
0.2
1
3.3
0
0
0
0
0
0
1.5
3.8
0.1
0
0
0
31.3
1.1
27.1
1.2
1.4
0.3
0
0
0
0
0
0
0
0
0
0
0
0
0
30.5
0.2
0
8.4
27.2
0
0
0
0
0
0
0.1
0.4
0
0
15.3
0
0.2
0.4
0
0.2
0
0
12.8
0.1
5.9
0.1
0
0
0
0
0
0
0
0
0
2.6
0
0
0
0
1.5
0.2
0
8
21.3
0
0
0
25.3
0.1
2.3
0
0
0
0.6
0.5
0
0
0
0
0
0
0
0
0
0
0
16.6
38.6
0.2
0
0
0
0
0
0.5
0.1
0
0
0
0
0
8.2
3.1
0
0
0.3
0
0
0
0
2.9
0.3
3.3
23.5
0
0
0
0
1.4
0.5
0.1
0
0
0
79
4.3
0.2
0
0
0
0
12.1
0
0
0
0
0.1
0
0.1
0
0
0
0
0
0
0
0
0
0
0
0
0
0
0
0
0
0
0
0
0
0.6
11.1
1
0
0.1
0
3.9
0.3
2.7
0.1
0
0.1
0
0
0
0
0
0
0
0
0
4.6
0.1
5.7
2.7
0.2
23
44.5
0.4
0
0.8
5.1
0.1
0
0.6
0
0
0
0
0
0
7.8
15.5
0.1
0.1
0
0
0
0
0.2
0.2
0.1
0
0
0
0.1
0
0
0
0
0.1
0
0
0
0.2
0.1
0.1
0
0
0
0
0
0
0
0.1
0
0.1
17.1
0.1
0
0
0.1
0
0
0
0
0
0
0
0.6
0
0
7.7
0.5
7.9
0
1.8
0
0
0
0.1
0
0
0
0
0
0
0
0
0
1.2
0.1
8.3
0.2
0
0.5
0
0
0
0
0
8.4
0
0
0
0
0
0
0
0
0.1
11.4
0
9.1
0.5
0
0
0
26.2
0
1.9
6.1
0
0
0
0
0
0.1
0
0
0
0
0
0
0
0
0
0
0
0
0
0
0
0
0.6
0
0
7.2
0.1
0
0.1
0
0
0
1.6
0.3
0
0.7
0.1
0
0
0
0
0
0
0
0
0
0
0
0
0
0
0
0
0
0
10.4
10.9
0.1
0
0
0
0
0
0
0
0
0
0
0
0
0
0
0
0
0
2.4
0.8
0
0
0
0
0
0
4.2
0
0
0
0
0
0
0
0
0
0
0
0
0
0
0
0
0
0
0
0
0
0
0
0
0
0
0
0
0
0
0
0
0
0
0
15.1
0
0.8
0
0
0
0
0
0
1.1
18.9
0
0
0
0
0
0
2.1
0.3
0
0
0
22.1
31.8
31.5
0.1
0
8.3
0.1
0
0
1
0.2
0
0
0
0
0
0
0
0
0.1
2.5
5.2
3.6
0.1
0
0
1.3
0
3.8
0.1
0.3
0.1
0
0
0
0
0
0
0
0
0
0.2
0
0
0
0
0
3.1
24.1
2.5
0.2
8.3
0
0
0
0
0.3
0
0
0
0
4.7
0
0
0
0
0
0
0
0
0
0
0
0
5.7
0.8
0
0
0
0
0
30.9
14
0
0.1
0
0
0.1
0.1
0.1
0
0
0
0
0
0
0
0
0
0
0.2
0
0
0
0
0
0
0
0
0
0.1
0.1
0
0.1
0
0
0.3
0
0.1
0
0
0.1
0
0
0
0
0
0
0
0
0
0
0
0
0
0
0.1
0
0
0
0
0
0
0
0.9
0.1
0
0
0
0
0
0
0
0
0
0.7
0
0
0
0
0
0
0
0
0
0
0
0
0
0
0
0
0
0
0
0
0
0
13.5
0.1
0
0.1
2.8
0
2.5
3.6
0
0
0
0
0
0
0
0
0
0
0
2.6
17.5
5.6
0
0
0
0
0
0.8
0
6.7
0.9
0
0
0
0
0
0
0
2.6
6.6
0
0
7.9
0
0
0
0
0
0
0
0
0
0
0
3.7
0.2
0
0.7
30.9
0
0
11.1
0
0
0
0
0
0
0
0
0
0
0
0.7
23.1
0.2
6.7
2.1
0
0
1.9
4.9
0
10.4
0
0
0
0
0
0
1.4
10.3
10.6
6.1
0.1
1.5
12.8
0
0
0
0
4.8
0
0
0
5.9
0.1
0
0
0
0
0.6
0.4
39.7
0.3
0
0
0
0.3
0
0
0
0
0
0
0.9
0
0
0
0
0
0
10.4
0
0
0
0
0
0
0
0
0
0
0
0
0
0
0
0
0
0
0
0.5
0
0
0
0
0
0.3
0
0
0
0
0
0
0.1
1.5
0
0
0
0
0
0
0
0
0
0
0
0
0
0.1
0
0
0
4.7
0
0
0
0
0
0
0
1.6
0
0
0.1
0
0
0
0
0
0
0
0
0.1
0
0
0
0
0
0
0
0
0
0
0
13.4
0
0
9.2
2.5
0.1
0
36.4
0.1
0
0
0
0
1.3
0.1
7.4
0.1
0
0
0
0
0
1.4
0
0
0
12
0.1
0
0
0.1
0
91.1
31.9
6.9
0.1
0.1
0
0
0.6
0.7
0
8.2
0
0
3.1
0
0.1
0
0
0.1
0
0
0
0.1
0
1.1
0.8
0
0
0
0
0
0
0
0
0
0
0
0
0
0
8.7
9.2
13.3
0
0
1.3
0
0.1
1.5
0
0.1
0.3
0.1
0.5
0
0
0.1
0.1
0
0
0.1
0
0.1
0
0
17.6
0.4
0.1
7.7
1.1
0
9
0
0
0
0
0
0.1
0.3
0
0
0.2
0
0
0
0
0.1
0.1
0
0
0
0
0
0
0
0
0
0
0
0
35.3
6.9
13.8
11.3
0
0
1.2
12
9.7
0
0
0.1
0
0
0
0
0
0
2.4
6.1
0
0
0.6
0.6
13
1.8
3.5
0
0
0
0
0
0
0
0
9.8
0
0
0
0
0
0
5
11.1
0
0
0
0
0
0
0
0
0
0
0
0
0
0
0
0
0
1.4
0
15.8
29.6
0
0
0
0
0
0
3.5
0.2
0
0
0.9
0
0
0
0
0
0
0
0
0
1.1
0.1
0
0
0
0
0
0
0
0
0
7.7
8.1
0.1
0
8.9
0
0.4
2.3
0
0
0
0
0
0
0
6.6
0
0
0
0
0
0
1.7
0
0
0
0
0
10.2
0
0
0
0
0
0.9
0
0
0.1
0
0
0
0
0
0
0
0
0
0
0
0
0
0
0
0
0
0
0
0
0
0
0.1
0
0
4.1
0.1
4.1
0.1
0
0
0
0
0
0
0.5
0.2
0
0
0
0
0
0
0
0
0
0
0
0
0
1.7
0
1.3
0
0
0
0
0
0
0.1
0
0
0
0
0
0
9.2
1.2
0.5
0.2
0
0
0
0
0
0
0
1.3
0
0
0
0.1
0.1
0
0
0
0
0
0
1.3
0.2
0.4
0
0.4
0
3.2
15.3
0
13.6
0.1
0
0.9
0
0.9
10.4
0.1
0
3
0
0
0
0
0
0
3.8
2.4
0
0
0
1.8
1.5
0.2
0
0
0
0
0
0
0
9.1
0
0
0
0
0
0
0
15.2
49.8
0.1
0.4
8.8
0
0
0
0
0
0
0
0
0
0
0
0
4.4
5.8
0.1
0
0
0
0
0
0
0.1
0
0
0
0
0
0
0
0
0
0
0
3
0
0
0
1
0.1
3.8
0.2
0
0
0
0.1
0.1
0.2
0.2
0
1.7
0
0.2
0
0.4
0.2
0
1.4
0
0
0
0
0
0
0.1
0
0.2
0
0
0
0
0
0
0
0
0
0
16.1
0.2
0
0
1
0.1
4.5
0.7
0
0
0
0.1
0
0
0
0
0
0
0
17.5
0
0
0
0
0
6.9
0
0.1
14.9
37.6
10.8
0
3.8
0.3
0
0
6
0.1
0
0
0.1
1
0
0
0
0
0
0
0
0
1.8
0.1
14.3
3
0.2
0.1
0.7
4
0
0.4
0
0
0.6
0
0
0
0
0
0
0
0
1.4
3.3
0
0
0
29.3
0.3
1
0
0
0
0
0
0
0
0
0
0
0
0
10.6
0.7
8.8
44.1
0
4.5
5.9
0
0
0
0
0
0
0
0
0
0
0
0
0
0
5.5
0
5.3
0
0.1
0.3
0.3
3.2
0.1
2.2
1.8
1.3
0
21.2
28.4
0.9
0
9.7
0
0
0
0
0
1.1
0
0
0
2
0
0
3.8
0.3
0
0
0
0.3
0
0
20.7
6.2
0
0
2.3
0.1
3.7
0
0
0
0
0
0
0
0
0
0
0
0
0
0
0
3.9
0.1
0
0
0
0
0
0.1
0.3
0.1
0
13
0
0
0
0
0
0
28.2
0
0
0
0
0
11.5
0
0.1
0
0
0
0
0
0
0
0
0
0
0
0
0
0
0
6.8
0
0
0
0
0
0
0
22.1
0
0
0
0
0
0
2.2
0.7
0.1
0
0
0
0.1
27.7
13.9
0
0
0
0
23.7
1.3
0
0
0
0
4.2
0.1
0
0
0
0
8.7
0.1
0
0
0
0
0
0
0
0
0
0
1.4
0.1
0
0
0
0
0
10
2.3
31.6
15.3
0.1
0
29
16.5
52
0.5
2.8
4
0
2.2
0
0
0
0
0
0
22.5
8.5
0
0.1
44.1
3.1
0.1
0
0
9.8
2.6
0
0.1
20
0.1
0
0
0
12.1
97.8
5.1
20
46.2
0.4
12.9
0.2
0
1.7
0.1
0
5.6
0.1
0.1
0
1.6
0
0.1
0
0
0
0
0.1
0
0
0
0
0
6.4
3.1
0.1
0.8
0
0
0
0
0
0
0
0
0
0
0
0
0.1
-99
-99
-99
0
0
0.1
0
0
0
0
0
0
0
0
0
0
0
0.1
1.5
0.1
0
7.5
0
0
0
0
0
0
0
0
0
0.1
0
0.3
1
0.1
0
0
0
0
0
0
0
0
0
0
0
0.1
0.1
0.1
0
0
0
0
0
0
0
0
0
0
0
0
0
0
0
0
0.2
0
0
0
0
0
0
5.3
0
0
0
0
0
0
0
0
0
0
0
0
0
0
0
0
0
0
0
2.3
14.3
0
0.8
0.1
7.4
0
7.7
1.7
0
0
0
0
0
0.8
0
0
0
0.5
0
0.7
0.9
0
0
0
0
0
0
0
0
0.3
15.7
0.2
0
0
0
0
0
0
0
0
0
0
0
0
5.3
7.4
2.5
0
0.9
0
0
4.4
0.9
0
0.1
14
0.1
0
0
0
0
0
0
0
0
0
0
0
0
20.6
0.2
0
0
0
0
0
0
0
0
0
0
0
0
0
0
0
0
0
0
0
0
0
0
0
0
0
0.3
13.4
0
0
0
0
2.3
0
0
4.1
0
0
0
0
0
0
0
0
0
39
0.1
0
0
0
0
0
0
0
0
0
0
0
0
0
0
0.1
0
0
6.8
0
0
0
0
0
0
0
0
0
0
0
3
0
0
0
0
12.2
9.2
0
0
8.5
0
0
0
6.9
18.3
2
0
0
0.6
0
0
0
0.7
0
0
16.8
7
0
0
0
0
0
0
0
0
0
0
0
0
0
0
0
0
1.5
0
0
0
0
0.7
2.6
0
0
0
0
0.5
6.3
20.5
7.6
0
0
0
0
0
0
0
0
0
0
0.4
0
1.8
9.7
0.1
0
0
5.6
0
0
0
3.1
0.1
0
0
0.5
0.1
0
0
20.9
4
0
0
0
0
0
0
0
0.1
0
0
57.7
26.4
0.1
0.1
0.1
0
0
1.4
0.1
0
0
0
0
0
0
0.1
8.7
0
0
0
0
0
0
0
0
0
0
0
0
0.1
0
0
0
0
0.1
0
0
12
0.2
0.2
0.1
0.2
0
0
0
0
0
35.6
62.2
34.6
11.1
0.1
0.1
0
0
0
0
0
0
0
0
0
0
0
0
0
0
0
0
0
2.6
0
0
0
0
0
0
0
0
0
0
0
0
0
0
4.2
0
0
0
1.5
0
0
0
0
0
0
0
0
0
0
0
0
0
23.1
0
0
0
0
0
6.2
5.5
0
0
2.1
0.3
0
0.2
1
1.3
15.4
0
0
0
0
0
0
0
0
0
0
0
26.9
0
0.3
0
0
9.5
30.7
4.3
68.5
10.5
1
0
0
0
0
0.1
0
0
0
0
0
0
0
0
0
0
3
7.5
0
0
0.5
7.2
0
0.1
0
0
0
0
0
0
0
0
0
0
0
0
1.2
0
0
3.5
0.1
0.6
9.8
0
0
3.1
5
2
3.9
0.1
0
2.5
0.1
0
2.1
1.8
9.6
0
2.7
0.1
0
0
0
0
0
0
0
0.1
0
0
7.2
24
0
0
0
0
0
0
0
0
0
0
0.8
0
0
0
0
0
0
0
0
0
0
0
0
0
0
0
0
0
0
0
-99
0
0
0
0
0
0
0
0
0
0
0
0
0
0
0
0
0
0
0
0
0
0
0
0
0.4
14.9
22.4
0.1
0
0
0
0
0
5.6
1
0.1
6.7
1.6
0
0
0
0
0
0
0
0.2
0.1
0
1.3
14.1
0
0
0
0.2
0.1
0
0
0
0
2.6
0
0
0
0
0
0
0
21.5
1.3
0
7.6
8.2
0.3
0
0
0
0
0
0
1
0.1
0
0
8.2
0.1
0
0
0
0
0
0
0.1
0.2
0
0.1
5
0
0.1
0
0
0
0
0
0
0
0
0
0
0
0
0
0
0
4
26.6
22.7
41.2
0
0.1
0
0
0
0
0
0
0.4
0
0.1
0.4
0.4
0
0
0
0
0
1.2
23
0.1
0
0
0
0
0
0
0
0
0
0
0
0
0
0
0
0
0
0
0
0
19.8
0
0
0
0
0
0
0
0
0
0
0
0
2.9
0
0
0
0
0
0
0
5.1
0.2
0
0
0
0
0
0
19.2
0.3
0
0
0
2.5
1.7
1.9
0
0
0
0
0
0
0.1
1.1
0
0
0
0
0
0
0
0
0
0
0
0
0
0
0
0.1
0
0.4
0
0
0
0
0
11.6
0.2
0
0
0
0
0
0
0
0
0
0
0
0
0
0
0
0
0
0.2
0.6
0
0.3
2.8
17.6
4
0
0
0
0.5
0
0
0
0
17.5
0
0
0
0
4.5
1
0.1
2.1
0
20.3
0.5
0
0
0
0
0
0
0
1.9
7.3
0.1
0
2.6
0
0
0
0
0.1
0.2
0
0
0
0.4
0
0
0.1
0
0
7.6
0
0.3
0
0
0
0
0.9
4.6
0
0
0
0
0
0
0
0
0
0.2
0
0
0.2
0
0
0.6
0
0
0
0
0
0
0
0
0
0
0
0
0
0
2.2
0
0
0
0
0
0
0
0
0
0
0
0
0
0
0
0
0
0
0
0
0
0
4.9
0.1
0
0
17
0.1
0
0
0
0
0
0
0
0
0
0
0
0
0
0.4
0
0
0
0
0
0.4
0
0
0
0
0
0
0
1.3
13.3
0
0
0
0
0
0
3.4
0
0
0
0
0
58.5
0
0.4
0
3.4
0.1
0
0
0
0
0
0
0
6.1
0
0
0
2.1
22.9
0.1
0.1
0
0
0
0
0
0
0
0
0
0
0
0
0
0
1.6
0
0
0
0
0
0
0
18.6
3.7
0
1.4
0.1
5.5
0.1
0
0
0
0
0
13
14.2
0.7
0
4.3
0.3
2.3
0
0
0
0
0
4.9
34.8
19.1
2.4
0
0.2
0
0
0
0.4
0.1
0
0
0
0
0
0
0
0
0
0
0
0
0
0
0
0
0
0.1
0
0
0
0
0
0
0
0
0
0
0.1
0
0
0
0
4.6
0.1
0
0.1
0
2.1
0
0
0.2
0.1
0.1
0.1
0
0
0.1
0
0
0
0
0.1
0.2
0
0.1
0.1
0
0
0
0
0
0
0
0
0
0
0
0
0
0
0.2
0.2
2.5
0.1
0
0
0
0.9
0.1
0
0
0
0
0
0
0
0
0
0.8
0
0.6
0.4
0
0
0.1
3.1
0.6
0.5
73
1.8
0.8
5
0.7
0
0
4.5
28.7
7
1.2
0
0
0
4.5
0
0
0
14.5
11.8
0.1
0
1.7
0
0
0
0
0
0
0
0
1.5
1.7
0
0
0
0
0
0
16.1
23.4
0
4.7
0
0
0
0
0
0
0.9
3.5
0.5
0
0
0
0
0
0
0.1
0
0
0
0
0
0
0
0
0
0
0
0
0
0
7.8
4.9
0
0
0
0
0
0
0
0
0
0
0
0
0
1.4
0
0
0
0
0
0
0
0
0
0
0
0
1.3
7.1
0
0
0
0
1.9
0
0
0
0
0
0
0
0
1.3
0
0
0
0
0
0
0
0
0
0
0
0
0
0
0
0
0
0
0
0
0
0
0
0
0
0
0
0
0
14.9
0.6
1.2
0
0
0
0
7.7
0
0.3
0
0
2.7
13.6
0.1
0
3.3
0
0
0
0.8
0.1
0
0
0
0
4.4
0
36.5
0
0
0
0
0
0
0
0
0
0
0
4.7
1.8
45.7
0
0
0
0
0
0
12.9
3.9
0
0
0
0
31.7
0.1
0
0
0
0
0
0
16.3
7.8
0
0
0
0
0
0
0
0
0
0
0
0
0
0
0
0
0
0
0
0
0
0
0
0
0
0
0
0
0
0
0
2.1
1.2
0
0
0
0
0
0
0
0.9
0.1
0
4.8
0.1
0
0
10.6
-99
0.1
0.6
0.1
0.1
0
0
-99
-99
0.1
0
0.1
4.2
0.4
-99
0
7.7
4.7
5.7
18.1
0
0
0.2
0
0
0.1
0
0
0
0
0
0
0
0
0
0
