20000101
0
0
0
0
0
0
0
0
1
0.8
0
0
0
0.1
0.1
0
0
0
0
0
0
0
0
0
0
0
0
0
0
0
0
0
0.1
0
0
0
0
0
0
0
0
0
0
0
0
0
0
9.5
0.1
0
0
0.1
0
0
0
0
0
0
0
0
0
0
0
0
0
0
0
0
0
0
0
0
0
0
0
0
0
0
0.2
1.2
2.2
1.3
27
1.3
0.2
0.2
3.5
4.9
0.7
0.3
9.4
0.1
8.4
7.9
3.5
0
0.1
0
1.4
1.2
15.6
3.9
0.2
0
9.2
1.7
31.6
0.6
1.1
0
0
0
0.2
5.3
0.1
0
0
2
0.2
0.1
0.4
0
0
0
0
2.2
0.4
3.1
0.2
1
28.5
0.7
0
0
0
0
5.8
2.2
0
0.1
0.1
8.5
3.7
0
9.8
21.6
14.7
0.9
0
0
0
0.1
0
0
0
1.5
12
0
0
0
0
39.2
0
0
0.4
4.4
0
0
0
0
0
0
0.1
0
0
0.1
0
0.1
0
0.4
0
0
0
0
0
0
0
0
0
0
0
6.3
0.3
0
0
0
0.1
2.7
1.6
14.5
0.8
4.3
0.1
0
8
0
0.8
0
0
0
0
0
10.1
4.8
0
20.4
0
0
0
0
0
0
0.1
0
3.2
0.3
0
0
0.6
0
0
0
0
0
0
0
0.6
0
0
0
0
0
15.7
0.1
0
0
2.7
0.1
0
0
0
0
0
0
0
0
0
0
0
0
0
7.1
22
2.8
0
0.1
0
0
0
0
1.6
44.1
4.8
15.9
0.3
0
0
0
2.3
0
0
0
0
0.2
13.3
0.1
11
0
10.5
0.4
0
0.1
0
0
9.8
11.9
9.3
0.1
0
12.1
0.2
0
0
0.6
7.8
0.1
2.1
0.5
1
8
16.7
0.4
0
0
0
0
0.1
8.3
0.3
0.1
0
0
0
0
0
0
6.8
25.3
0
0
0.3
0.3
0
6.9
2.1
0
1.5
0
0
0.2
2.9
15.6
1.3
0
0
0
0
0
0
0.1
0
0
0
0.1
0
13.9
33
39.9
25.8
0.5
1.7
1.2
0.3
0
0.3
0.4
4.9
2.5
0
6.3
1.9
11.8
3.8
0
0
6.1
6.5
9
0.1
3.5
0.4
1.6
1.4
1.2
1
0.5
2.1
6.8
0.7
1.5
1.7
0.1
0.7
0
0
0.1
4.2
0.2
0.2
0.1
0
0
0
0
0.2
0
0
0
0
0
1.9
2.6
0
0
0
0
0
0
0
0
0
0
0
0.6
0
0
26.2
9
5.5
2.3
0.7
0.2
0.6
0.6
0.5
0.4
0.4
29.3
0
0.1
0.4
0.5
0.6
0.3
0
0
0
0
0
0
0
0
0
0.1
4.8
1.5
0.1
0.1
0
0
0
0
0.8
0.7
0
0
0
0
0
0
0
0
0.6
1.3
2.9
2.3
4.1
4.4
1.5
0.1
0.1
0
0
0
0
0
14.1
1.9
0.6
0.3
0.2
0.2
0
0.1
0
0
0.1
0
0
0
0
0
0
0
0
0
0
0
0
0
0
0
0
0
0
0
0
0
0
0
0
0
0
0
0
0
0
0
0
0
0
0.1
0
0
0
0
0
0
0
0
0
0
0
6.7
0
0
0
0
0
16
4.3
8
3.2
0
0
31.5
0.1
0.1
0
0
33.8
4.4
0
0
0
10.5
0
0
0
0
0
11
0
0
0
0
0
0
0
0
0
0
0
0
0
0
5
0
0
0.8
0.9
15.3
2.5
12.7
0.1
12.3
0.1
0
0
0
25.7
0
0
0
0
0
0
6.4
0.2
0
0
12.6
0.2
0
0
0
0
0
0
0.1
0.1
0
0
0
0
0
0
0
0.3
0.5
14.6
1.9
0.1
0
0.2
0
5.5
8.4
0.2
0
0.1
0.1
0
0
0
0
0.5
2.1
0.9
0
0
2.2
0
0
0
0.7
7.2
6.4
23.5
0.3
0
0.1
0.2
0.2
0.1
0.1
0
0
0
0
0
0
0
0
0
0
0
0
0
0
13.1
0
0.1
0
0
27.3
39
5.5
0.3
0
0
0
0
0
0
0
0
0
0
0
0
0
0
0
0
0
0
0
0
0
0
0
0
0
0
0
0
0
0
0
0
0
0
0
0
0
0
0
0.8
0
0.7
0
1.1
9.1
4.7
1.2
0
0
0.7
0
0
0.1
0.1
0.2
0
0
0
0
0
0
0
0
0
3.6
0
0
0
0
0
0
0
0
0
0
0
0
8.1
1.3
0
0
0
0
0
0
0
0.6
0
0
0
3.7
0
0.1
0.4
0
0
0
0
0
0
0.8
19.5
4.3
0.9
0
1.5
0
0
0
0
0
0
0
6.8
4.7
1.1
0.3
0.3
0
0.1
0
0
0
0
0
0
0
1.7
0.1
1
3.5
0.3
0
9.3
43
1.6
0
9.4
27
0.6
1.6
6.4
38.2
2.8
9.3
2
0.9
0.5
0
1
0.2
0
0
0
0
0
0
0
0
0
0
0.1
21.7
15.9
0.1
0.7
9.5
5.9
11.3
8
23.4
11.5
9.1
0.1
0
0
0
0
0
4.5
0
0
0
6.2
8
0
0
3.1
0.4
0
0
0
2.7
0.7
0
4.9
21
13.3
0
0.4
17.5
0
0
0
12.6
1.5
0
0
0
0
0
0
0
0
0
0
0
0
0
0
0
14
0.2
0.6
0.1
0
0
0
0.9
0.2
7.3
0.1
0
0
10.2
0.1
0.9
0
0
0
0
0
0
0
0
0.5
0.3
0
0.1
0
0.3
0.6
91.5
0.1
9.5
0
0
0.1
8.4
0.6
0
22.3
1.1
0
0
0.3
0
0
31.9
16.3
5.3
0
0.2
0.3
1.3
35.7
12.7
32.5
0.6
0.4
4.3
0.1
0.1
2.8
0.4
0
1.7
3.9
15.8
2.5
0
0
24.8
9.1
0
0
3.5
1.9
0
0
12.5
2.9
0.5
0
8.8
9.9
0.1
0
0
0
0
0
0
0.3
0.1
0.1
4.3
0.1
0
0
0
0
0
56
7.7
0
0
0
0
0
0
0
0
0
0.3
28.8
0
1.9
0
0
0
0
0.1
0
0
0.2
0
0
0
0
0
1.7
0
0.1
0
0
0
0.7
14.4
22.2
1.6
0
0
0
0
26.1
5.2
1.2
8.8
30
3.8
0
0
0.1
0
0.7
1.4
0
0
0.1
0
0
0
0.1
0
0
14.2
0.6
0
10.6
2.3
3.3
3.7
0.1
1.5
0.1
0.1
0
0
0
0
0
7.1
0.1
0
0.7
0
0
0
2.6
0
0
0
0.1
0
0
0
0
0.1
0
0.9
0.1
0
0
0.6
5.5
4.1
4.4
0.3
0
0
0
1.9
0
0
0.4
0
0.1
0
0.6
0.5
2.4
0.1
0.5
0.4
0.4
0.1
0
0
0
0
0
0
2.8
0.5
2.6
0
0
10.8
3.4
8
3.4
4.9
43.4
23.9
12
1.2
0
1.2
0
0
0.1
0
0
0
0
0
0
0
0.8
0.7
6
0
0
0
0
0
0
0
0
0
0
1.1
39.8
4.4
4.7
0.8
0.1
0
0
5.5
3.2
0
0.9
2.6
12.4
5.1
1.1
0
0
0.4
0.4
0
0
1.1
4.5
2.9
2.4
0.1
0
0
0
0.1
0
0
0.1
4.1
0
0
0
0
0.4
1.4
19.9
5.8
0.4
4.4
13.6
0.2
0
0
0
6.5
13.2
0
4.9
0.1
0
0
0
18.2
8.3
0
0
0
0
0
7.5
9.2
4.1
0.8
0
5.9
0.1
0
6.9
0
0
0
0
0
0.2
13.4
4.9
7.6
0.1
0
0
0
0
0
0
0.9
1.3
43.8
7.9
0
0
0
0
1.5
0
0
21.7
0
18.1
9.1
0
0
0
0
0
0
0
0
0
0
0.8
0.1
0
9.8
0
0.1
0
0
0
0
1.2
0.1
0
0
0
0
0
0
0.2
0
0.3
0.4
0
0
0
1.3
0
0.1
11.8
0.1
0
0
0.9
0
0.9
0.1
0
19.2
0
0
0
2.2
11.6
5.4
7.6
0.1
0.6
0.1
0.3
22.1
0.6
0.3
0
0
0
0
0
0
0
0
0
0
0
13.4
1.1
0.1
0
0.1
0
9.5
1.6
0
17
16.9
1
0
0.2
0
0
0
0
0
0.1
0.1
0
5.7
2
0.3
2.5
21.7
1.8
33.6
2.5
0.1
5.7
1.3
0
0
10.6
2.9
11.2
0.8
4.9
22.1
0
0
0
0
0
0
0
4.7
8
0.2
0.1
0.7
0.2
0
5.7
23.8
0
0
0
0
0.8
4.4
19.4
6.3
0
1.9
4.2
0.5
0
0
13.6
0.7
20.4
12.5
12.9
4.6
8.3
1.5
0
0
0.1
0
0
0
0
0
0
1.2
0.4
0.1
0
0
0
0
0
0
0
2.3
0
0
0
0
0
0
0
0
0
0
0
0
0
0
0
0
0.2
0
0
0
0
0
1
0.1
0
0.6
2.2
0
0.6
1.3
0
0.1
0
0
0
0
0
0
0
0
0
0
0
0
0
0
0
0
0
0.1
2.2
1.5
0.7
0
29.7
0.4
0
0
2.2
0.4
0.6
0.1
0.2
0
0.3
1.3
0.1
0
0.3
0
0
0
0
0.1
0.6
9.4
0.1
0
0
0
0
0
0
0
0
0.2
0
0
0
0.3
7
13
16.3
18.2
13.8
9.8
0
0
0
0.1
4.5
4.2
6.7
2
0
0
0
1.3
12.1
0.9
2.3
3.4
0.1
0
0
12.9
0
0
0
0
4.1
13.9
13.3
3.3
0.1
4.5
7
2.1
2
0
0.1
0
0.1
6.4
4.4
0.6
0
0
0
0
0
0.3
0.3
0
2.2
9.7
3.1
0
0
0
7.3
0.1
1.3
8.2
0
0.2
0.1
0
0
0
0
0
0.3
0.1
5.8
14.6
1
0
0
9
0
0
0
7.5
0.1
0
0
0
3.1
0.3
0
0
0
0
0
0
0
0
0
0
7.6
9.8
0
0
10
3.9
0
0
0
0
12.7
0.1
0
0
0
0
0
0
0
0
0
0
0
28.1
0
0
1.1
0
9.1
31.1
0
0
0
0
8.7
0.1
0.1
0
0
0
0.8
0
0.5
0
0
0
0
0
0.8
1.4
0
0
0
0
5.7
5.3
4
12.8
4.8
0
0
0
0.5
3.7
0
0
0
3.7
0.2
0.1
3.4
10.7
0.1
0
0
0
0
0.1
0
0
0.1
0
0
0
0
0
0
0
0
0
0
0.1
3.6
0.5
0
0
0
2.3
0.2
0
0
0.2
2.4
0
2
2.4
3.9
0.1
0
0
0
13.2
5.6
5.7
0.4
2.4
0
5.2
0.8
0.3
0.1
0.1
0
0
0
0
0.1
0.4
0
0
0
0
0
0
0
0
0
0
0
0
0
0
0
0
0
0
0.3
0
34.6
1
0.1
1.8
0.5
0
2.7
2.9
0.3
0
0
0
0.1
0
0
0
0
0
0
0
0
0
0
0
0
0
0
0
0
0
0
0
0
0
0
0
0
0
0
0
0
0
0
0
0
0
0
0
0
5.6
3.4
0
0
0
0
0
0
0
0
0
0
0
1.8
0.1
0
0
0
0
0
0
15.4
3.6
7.8
0.1
0
0
0
0
0.2
0.9
0.6
0.3
0
0
0.2
0
0.3
0.2
1.2
0
0.3
0
0
0.4
0.4
0.1
0
0
0
0
1.1
0.1
0
0
0
0
0
0
0
0
0.6
0.6
2.3
0
0
0.2
9.1
0.6
4.2
0.1
0
0
18.7
2.7
3.6
0.3
0.1
0
2.2
0.3
0.1
0
0
0
8.6
6.4
1.1
0
1.2
1
0
0.7
0.4
0.1
2.2
0
0
0
0
0
0
0
0.6
0
0
0
0
0
0
4
5.7
2.3
7.4
18.8
0.2
0.5
9.5
13.9
0
0
0
0.1
1.6
0
0
0
0
0
0
0
1.2
0
0
0
12.1
0
0.2
0.1
0
0
0
0.1
14.5
0.9
2.1
5.6
0.1
0
0
0
0
15.9
71
0
5.2
0
0
0
0
4.6
0
0
0
0
0
42.9
0
0
0
0.1
17
0.2
0
2.6
0
0
0
0
0.3
0.3
0
0
0
1.2
0.1
0
1
3.1
0
0
0.5
0
0
21.3
10.5
0
0
0
0
0
0
2.9
18.9
0.1
0
0
0
0
6
5.2
0.8
0.2
8.3
0
0
0
0
0
0
2.2
0.1
0
0
0
0
0
0
0
10.4
15
20.3
25.8
0.1
0
0
0.1
3.1
0.1
0
0
0
0
0
0
0
0.1
0
16.6
10.3
0
0
0
0.1
0
0
0
0
0
0.1
0.1
0
0
0.1
0.6
4.4
21.9
78
16.3
9.7
0.1
0
35.2
0.2
0.1
0
0
14.2
0
0
0
0
0
1.3
0.1
9
0
0
0
0
0
0
0
0
1.7
0
0.9
9
39.7
24.2
12
0.2
0
0
0.2
0
0
0
0
0
0
0
0
0
0
0
0.2
0.2
0
8.7
2
0.7
0
2.4
0
0
0
0.5
0.5
0.1
0
0.2
0
0
0
0
0
0
0
0
0
0
0
0
0
0
0
0
0.4
0
0
0
0.1
0
0
0.1
0.1
0
0
0
0
0
2.6
3.2
24.9
4.4
0
0.1
0
0
0
0
0
0
0
0.1
22.4
3.5
0
0
0
0.1
0
0
0
0
0
0.2
0
0
0
0
0.1
0
0
0.7
2.7
1.7
2.3
0.8
0
0
0
0.5
2.2
0.1
0.1
0
0
2.9
0.8
0
2.7
0.4
0.9
0.1
6.5
2.6
0
0
0
0
0.1
12.8
13.9
2
10.1
7.6
0.6
0
0
0
1.4
0
0
0
0
0
0
0
0.1
3.6
14
10.2
0.2
0.1
0.1
0
0
0
0
0.6
0.1
1.4
0
0.1
2.8
0.5
0
0
0
0
0
0
0
0
0
0
0
0
0.6
0.7
2.8
11.2
1
0
0
0
0
1.7
0.1
1.5
0
0
0
0
0
0
0
4.8
0.1
0
0
0
0
0
2.5
0.1
0
0
0
0
0
0
0
0
1.7
0.1
0
0
0
0
0.2
4.3
0.4
0
0
0.1
0
5.6
0.1
0
2.3
0
0
0
7.9
2.9
2.6
0
0
0
7.2
6.3
0
0.2
0
0
0
0
33.8
9
17.8
0
0.9
0
2.6
0.1
0
0
0
14.1
1.4
0
0.3
0
0
0
0
0
0
0.3
0
0
0
0
0.5
0
0
0
0
0
0
74.8
0.3
3.1
0
0
0
0
0
2.7
1
3.8
0
0
0
0
0.3
0.5
0
0.1
0
0
0
0
1.7
0.1
0.3
0.1
0
9.6
37
18.3
0
0.1
0
0
0
0
0
3.9
32.8
1.9
0
0
0
0
0
0.9
0
0
0
6.9
0.1
0
0
0.2
0.1
0.1
13.4
4
0
0
0
0
0.2
24.4
1.2
0.4
0
0.9
3.2
0
0
0
0
0
0
0
0
0
0
0
0.1
0
0.1
0
0
1
0.1
0.3
0
0
0
0
28
3.5
0
0
0
0.8
0
0
1.9
0
0
0
0.4
0
0
0
0
0
0
0.5
5.9
0
7.3
0
0
0
0
0
0
3.7
0.7
0.3
0
0
0
0
0
0.1
0.1
0
0
0
0
0
0
0
0
0
0
0
0
0
0
0
0
0
0
0
0
0
0
0
0
0
0
0
0
6.8
0
0
0
0
0
0.8
0.1
0
0.6
0
0
0
0
0.6
1
0
5.8
0.1
1
2.3
7.4
0
1.2
0
0
7.6
6
0.8
0.1
0.5
0.1
0
0
4.3
0
0
0
0
0
0
0
0
0
1.5
0.7
0
0
0
0
0
0
1.1
3.8
0
0
0.8
0
2
1.4
3.9
0.1
0
0.7
0.5
0.2
0
0.9
15.6
34
37.7
39.8
4.6
13.4
0.2
0
0
0.2
4.2
0
22.7
12.9
2
7
0.6
0.5
0.9
0.5
0
1.7
0
0
0
0
0
2.2
1.2
0
3.7
37.8
3.4
1.3
0
0
0
0
0
0
0
0
0
0
3.4
0
0
0
0
2
0.1
5.5
0
0.3
0
2.8
6.3
4.5
0.1
0
0.8
0.7
0
0
0
16.2
6.4
9.8
1.4
3.9
6.3
0
0
0.4
0
4.5
6.1
0
0.2
5.9
0
0
0
0
0
0
0
0
0
0
0
0
3.2
0
0
0
0
0
0
8.1
0
0.3
1.3
0
0
0
0
0
0
0
0
0
26
9.6
0
0
0
0
0
0
0
0
0
0
0
0
0
13.8
11.8
50.2
7.4
0
0
0
29.4
0
0
0
0
0
0
2.6
0.1
0.9
5.7
2.3
0.5
11.2
0
0
0
1.7
0
0
0
0
21.4
0.2
0
0
0
0
0
0.1
0
0
0
0
0
0.1
18.5
0.6
0
0
0
1.4
3
0.8
0.1
0
0.1
0
7.5
0.3
0
0
5.8
17.8
2.4
0
0
11
0
34.6
1.8
0
0
0.1
0
0.1
0
0
0
0
0
0
0
0
6.9
0
0
0
0
0.2
0
0
0
0
0
0
0
0
0
0
0
0
0
0
0
0
0
0
0
0
44.3
9
0.1
0.1
0.1
0
0
0
0
0
0
0
0
0
0.2
0
0
0
1.2
0.6
0
0.1
0
0
0
0
0
0
0
0
0
0.9
3.5
0
0
0
0
0
0
0
0
0
0
0
0.3
0
14.9
14.4
0
0
5.1
1.3
5.4
0
0.6
0.3
0
3.6
0.2
0
0
0
0
0
0
0
0
0
0
0
0
0
0
0
0.5
11.2
12.6
1.2
0.8
0
0
0
0
0
0
0
0
0
0
0.3
0.5
1.2
0.7
0
0
0
0.7
6.1
0.1
0.1
0
0
0
0
0
0
0
0.8
2.6
1
2
2.2
0.1
0
0
0
0.1
0
0
2.8
17.3
0.9
0
0
0
6.2
2
2
4.4
0.6
0
10.1
4
0
0
0
0
0
0
3.4
1.8
17.5
9.7
4.5
0.2
2.2
1.2
0
0.1
8.4
21.9
2.7
30.2
1.3
0
0.8
0
0
0
0
3.6
0
0
0
0
0
3.8
0.1
1.5
0
0.3
38.7
22.3
2
0
0
12.9
1.2
7.2
12.1
3
0
0
0
7.6
17.1
14.8
53.3
1.7
22.7
4.1
0
0
2.5
9.1
14.6
1.4
11.1
22.4
0
0
0
4.1
1.6
1.7
0
7.9
0.1
0
3.6
7.9
0.1
0
0
0
0
0
0
0
25.9
1.3
0
0
30.8
1.2
0
0.1
0
0
14.4
0
-99
-99
-99
-99
-99
-99
-99
0.1
-99
-99
-99
-99
3.9
0.4
0
0
0
0
0
0
3.5
0
0
0
0
0.1
0
0
0
0
0
0
0
0
0
0
0
1.7
2.7
0.1
0
0
0
0
0
1.7
0
0.1
0
33.4
9.6
0.1
0
0
0.3
0
0
0.1
0
0
6.8
0.1
0
0.7
0
73.6
6.9
0
0
0
0
0
5.1
0.5
0
0.1
2.4
1.6
1.9
0
8.9
0.1
0
0
0.1
0
0
0
0
0
0
0.1
1
0.4
0
0
3.7
0
1.5
0
0.3
0
14.3
0.1
0
2.1
0.1
4.1
2
0
0
0.2
12.4
0
4.9
65.2
21.5
63
0.1
0
0.1
0.1
0
0
0
0
0
11.8
0
0
0
0
0
0
0
0
0
0
0
0.6
0
0
0
0
0
0
0
0
0.7
1.2
2.9
0.2
3.1
3.3
6.2
0
0
0
0
0
0
2.5
0.2
1.2
1.6
0
0
0
0
0
0
0
2.7
0.1
0
9.9
4
0
0.1
0
0
0
0
0
0
0
0
0
0
0
0
0
0
0
0
8.3
1
0
3.7
3.9
7.8
1.2
0
0
0
0
0
5.4
11.1
9.1
8
0
2.2
6.2
0
0
0
0
0
0
0
0
0
0
0
0
0
0
0
0
0
0
0
0
0
0.2
6.1
2.8
0.3
1.5
0
0
0
0
0
0
0
0
0
0
0
0
0
0
0
0
0
0
0
0
0
0
0
17.2
0.6
2
0
0
3.9
0
1.1
4.3
0.9
37.5
0.4
0
24.2
10.1
1
0.3
0.1
15.2
2.4
4.2
8.6
1.7
0.1
0
0
0
0
0
13.5
0.2
0.8
0
16.2
0
0
0
0
0
0
9.5
0
1
8.3
0.3
0.2
5.4
14.6
0
0
0.1
0.1
0
0
0
0
0.3
1.2
0
0
0
0
0
8.7
11.6
0.1
0
4.2
0.1
20.1
0.5
0
9.8
0
0
0
0
0
0
0
0.1
0
0
21.6
0.1
0
0
0
0
7
0.9
0
0.1
8.2
7.3
0.8
0
0
3.8
7.1
25.5
2.8
0
0
0
0
0
0
4.8
0.1
0
0
0
0
0
3.6
0
0
0
0
0
0
0
0
0
0
11.5
0.9
0
0
0
0
6
1
16.7
17.7
0
0.5
0
0
2.9
0.3
0
1.3
0
0
0
0
0
9.1
0
1.1
0
21.7
0
0
0
6.9
0
0
0
0
0
0
0
0
0
1.6
11.4
11
19.7
4.8
0
8.7
1.9
0
0.5
0.5
0
0
0
0
6.1
4.9
0
0
0
0.5
0
0
0
0
0
0.6
5.1
0
0
0
0
0
0
0
0
0
0
0
43.3
29.2
7.3
0
0
0.1
0
0
0
0
0
0
0.7
3.4
0
5.4
0
0
2.1
6.7
0
1.4
0.2
0
0
0
0
0
0
0
0
0
0
0
0
0
0
0
0.4
0
1.4
0
0
7
2.1
0
0
0
0
0
0
0
0
0
0
0.1
0.2
0
0
0
0
0
7.7
21.5
11.7
43
13.5
3.9
0.5
3.3
2.9
5.2
3.5
3.8
0
0.9
0.7
7.1
0.1
0
0
0
-99
-99
3.7
0.1
-99
-99
4.6
0
0
0.1
1.9
0
0
0.1
0
0
0
0
0
0
0
0
0
0
0.1
4
2.8
0
0
0.8
0.3
0
0
0
0
0
1.9
15
1.4
0.6
3.6
0
0.2
4.3
0.3
0.1
1.5
0
5.6
0.4
0
0.2
5
0
0
0
0
0
0
0
0
0
0
0
0
0
0
0
0
0
13.6
2.1
0
0.2
8.6
5.8
0
0
0
3.6
0.8
0
0
1.2
1.5
0
0
0.2
0
0
0
0.6
19.5
0.3
1.7
1.1
0
0
1.3
3.5
0
0
0.3
1.8
0.6
1.9
0.2
0
0
0
2.7
13.1
12.2
21.3
1.9
0.1
0
7.4
0.7
3.6
-99
-99
0.6
9
0.1
0.1
0
0
0
0
0
0
0.1
6.7
0
0
0
0.7
19.5
0.1
0
0
0
0
0
0
0
11.9
0
0
0
20.8
12
1.6
12.2
27.4
0.1
2.1
0.5
0.2
0
0
0
0
0
0
0
22.4
5.2
5.2
14
-99
0.4
0
1.7
3.8
0
0
0
0
0
9.7
50.6
0
0
0
0.1
-99
-99
-99
-99
-99
-99
11.1
26.9
0
0
0
0
0
0
0
0
1.7
6.3
0.1
0
0
0
0
0
0
0
0
11.5
1.6
2.5
0.1
0
0
1.4
9.2
0
0
0
0
0
0
0
0
0
0
0
0
0
5.1
0
0
0
6.8
3.3
0.1
0
0
0
0
0
0
0
4.5
32.2
5.2
0
7
10.6
0
0
0.2
0
0
0
0
0
0
0
0
1
6.4
0.1
0
0
0
9.7
49.9
14.8
1.9
1.8
0.1
0
0
0
0
0
0
0
0
0
0
0
0
0
0
1.3
3
8
0
0
0
0
0
0
0.1
0
0
0.2
0
0
0
0
5.9
0
2.1
0.2
0.1
3
0
0
0.1
0
0
0
0
0
0
0
0
0
0
0
0.4
0.9
0
8.1
0.1
0
0
0
0
0
0
0
0
0
0
0
9.2
5
2.3
0
0
0
0
0
0
0
0
0
0
0
0
0.1
0.1
0
0
4.3
0.2
0
0
0
0
0
0
0
0
0
0
0
0
0
0
0
0
0
0
0
0.4
0
0
0
0
2
0.1
0
0
0
0
0
0
0
0
1.1
0
0
0
0
0
0
2.7
0
0
0
0
0
0
0
0
0
5.7
0
0
0
0
1.3
0
0
0
64.6
1.4
26.1
47.5
0.2
0
0
0
0
0.9
2.7
0
0
0
0
1.6
0.1
8.5
0.2
0
0
0
0.8
0
0
0
0
0
0
10.4
1.9
0
0
0
2.4
0.1
0
0
0
0
0.5
2.5
24.3
2.6
0
0
1.4
14.4
1.6
3.7
0.1
1.6
4.4
0
9.5
0
6
0.3
0
0
18
29.1
3.6
21.7
0
0
7.4
0.1
0
0.1
0.6
2.3
0
0
4.2
3.7
0.2
0.2
5.7
15.5
0.1
0
0
12.4
9.4
4.9
11.1
8.2
1.8
0
9.9
0.2
5.6
13.4
0.1
4
5.8
1.3
0
0
0
1.1
3.3
0.1
0
0
0
0
0
0
0
0
0
3.9
22.8
0
0
0
0
7
0
0
-99
-99
4.9
0.1
0
8.2
0
11.4
0
0
0
0
0.1
0.9
21.1
9.8
0.1
0
2.1
0
0
0
0
0
28.6
0
2.7
1.2
0
0
0
0
0.3
6.7
0.1
0
0
0
0
0
0
0
0
1.8
8
0.2
0
0
0
0
1.4
0
0
0.3
12.5
0.2
0
0
0
0
0
0
0
0
0
0
10.9
0.6
16.6
0
0
0
4.4
0
4.2
0
0
0
0
0
0
0
0
0
0
0
0
0
0
0
0
0
0
0
0
0
0
0
0
1.7
0.1
0
0
6.6
32.8
0.4
0
19.9
16.5
0
0.1
0.1
1.2
15.3
45.5
28.1
10.3
4.7
0.3
0
0.1
0
0
0
2.3
7.1
47.6
6.3
0
0.1
7.4
8.6
9.3
0.1
0
0
0
0
0
0
0
0
0
0
0.2
0
0
0
0
0
0
0
0
0
0
0
0
0.4
0
0
0
0.7
0
0
0
0
0
0
0
0
0
0
0.2
0
0
0
0
0
0
0
0
0
0
0
0
0
0
0
0
0
0
0
0
0
0
0
0
0
0
0.3
0
0
0
0
0
0
0
0
2
0
0
0
0
0
0
0
0
0
0
0
0
0
0
0
0
0
0
0
0
0
0
0
0
0
0
0.1
0
0
0
0
0
0
0
0
0
0
0
0
0
0
0
0
2.5
75.3
53.5
0
0
0
0
0
0
0
0
0
0
4.1
10.3
18.5
3.9
8.4
0
0
0
3.7
0
4.1
0.2
1.7
3.8
0
1.1
6.7
7.4
0.6
1.8
0
1.3
0
0
0
0.5
30.4
0.6
42.5
0
0.9
0
1.9
0
12.3
0.2
0
0
0
0
0
3.5
3.9
0.1
0
0.1
3.1
11
26.7
0.4
0.3
0
0
21.7
19.7
0.4
8.9
30.7
8.9
0
0
0
12.2
0
0
0
0
0
0
0
0
3.5
0
0
0
0
0
0
15.9
0.1
0
0
0
0
0
0.8
0
0
0
0
6.5
0
0
0.1
6
0
0
0
0
0
0
0
0
0
0
0
0
0
0
0
0
0
0
0
0
0.1
0.5
0
0
0
0
0
0
0
0
6.5
2.7
0
0
0
0
0
0
0
0
0
0
0
0
0
17.1
0
0
0
0
0
0
0
0.4
12
13.1
0
0
0
0
0
0
0
0
7.5
26.9
1
2.6
3.7
0
0
0
0
0
5
0
0
0
0
3.6
0
0
5.7
0
2.6
34.7
2
0.1
0
0
0
0
0
0
0
0
1.4
5.7
1.3
0.1
7
0.1
0
0
0.9
18.5
25.3
12.7
0.8
0
0
18.8
6.4
0
0
0
13.5
7.1
0.4
0
0
16.2
0.2
0
0
0
12.4
0.9
1.8
0
0
0
0
0
9.1
0
0
0.1
0
0.1
0
0
1.9
9.7
12.4
0
0
0
0
0
0
0
0.1
0
0
0
0
0
0
0
0.7
4.3
1.7
0.3
0
0
0
0
0
0
0
0
0
0
0
0
0
0
0
4.9
0
0
0
0
0
0
0
0
0
0
0.1
0
0
3
0
0
9.2
52.4
0.4
1.1
0
0
0
0
4.2
1.6
0
0
0
0
0
5.5
0
0
0
7.7
2.5
3.3
0
6.2
0
1
0
0
0
0
0
1.6
0.5
0
0
3.9
0
0
0
0
0
1.3
0
0
0
22
93.1
33.3
6.5
5.2
2.1
0
0.6
2.7
7.6
0
0
0.1
12.8
0.3
0.5
1.4
0
0
0
0
0.6
6.5
6.5
2.5
3.1
0.2
0
10
0
0
15.3
11.5
0
0
0.1
0
0
0.2
0
0
0
0
0
0
0
7.2
0
0
0
0
0
19.5
8.9
30.2
22.7
37.5
16.1
0
0
5.9
5.7
0
0
0.2
6
2.4
0
0.1
0
0
12.2
36.3
6.2
19.1
18
8.1
10.8
0.1
0.2
0
0
0
0
1.4
4.9
1
0.2
0.2
0
0
0.1
9.1
8.9
2.6
0
15.9
1.7
0
0
0
0.1
0.2
0
0
4.9
7.7
0.1
0
0
0
0
0
0
0
0
0
0
0
25
0
0
0
0
0
0.1
0.6
4.4
4.3
0
31.6
11.3
43.9
0
5.2
12.9
7.3
1.5
14.4
29.4
0.2
30.1
0
0
0
0
0.2
0
0
0
0
0
1.2
0
0
0
3.6
1.4
0
0
0
14.8
16.9
0
0
19.2
13.4
0
0.1
0
0
21.3
0
11.9
0.1
9.1
0.2
0
4.4
0
0
0
0
0
0
0
1
43.9
2.5
0
10.8
0
0
0
0
1.1
0
0
0
0
0
0
0
0
0
0
0
0
0
3.2
0.1
0
0
4
10.7
1.7
0
0
0
0
0
0
0
0
0
0
0
0
0
0
0
0
3.1
1.3
0
0
0
0
0
0.1
0
0
0
0
0
0.4
2.3
0
0
0
0
2
0
0
0
0.9
0.5
10.9
47.8
17.9
0.2
0
0.8
0.6
0
0
0
0
0
0
0
1.1
0
0
0
0
0
0
0
0
0
0
0
0
0
0
0
0
0
0
2.9
0
0
0
0
9.6
14.2
1
0
1.2
0.1
0
0
0.6
0.4
0
22.3
0.2
0
0
0
0
0
0
0
2.5
0
0
0.3
0
33
0
0
0
2
0
2.5
1.8
0
0
0
12.5
0
0
7.6
0
0
0.8
7.9
0.6
3.7
2
14.4
8.4
0
0
0
0
3.7
30.7
0
0
0
0
0
0
0
0
1.5
3.5
0
2.3
0
0
13
9.9
1.2
0
0
0
0
0
0
0
0
0
0
0
0
0
0
0.4
18.6
4.9
0
0
0.3
0
0
0
0
23.4
0.1
0
9.4
75
0
0
0
0
0.2
0
0
16.5
0
0
0
0
0
0
0
2.3
10.1
18.7
18.9
0.1
15
1.8
0.9
0
0
4.1
0
4.8
0
0
0
0
0
0
0.6
0
0
2.6
4.8
15.3
0
0
0
0
0.1
0
11.9
3.3
1
1
1.2
6.1
17.6
0
7.4
2.2
17.7
0
0
8.4
0.1
3
1
0
0
0
0
0
2
0.1
5
1
0
0
1.7
17.4
0.1
0
0
0
0
35.2
1.3
2.2
0
0
7.5
0
18.1
1.2
2.1
5.4
0
0.4
29.4
0.1
0
0
0
0
3.2
0
0
3
0
0.1
1.4
3.1
0
0
0
0
41.2
0.2
0
5.5
0
0
0
13
8.6
0
0
4.9
17.6
0.2
0
0
0
0
0
16.2
0
0
0
0
2.7
0
7.1
0.9
42.7
2.1
0
0
0
0
0.5
9.3
15.4
0.1
0
0
1
6.3
0.1
0.6
2.6
0
0.1
0
0.3
0
0
4.8
0
2.6
1.6
0.3
0.1
0
0
0.2
2.2
4.7
0.1
0
0
45.5
1.4
1.6
0
0
0
22.1
0.3
0
0
0
4.6
24.8
0
12.9
0
0
0
0
0
0
0
0
0
0
0
0
1
0
0
0.1
0
0
0
0
0
12.3
23.6
0
0
0
0
0
0
2.4
0
0
13.8
0.1
0
0.9
0
0
0
0
0
0
1.4
2.8
19.3
3.6
29.6
104.2
32.7
0.2
0
0
0.5
0
0
0
0.4
2
0
0
0
0
0.1
3.9
0
0
0
0
0
0
0
0
0
0
0
0
0
0
0
0
0
0
0
0
0
0
0
0
0
0
0
0
0
0
0
8.6
0
0.4
8.2
0.2
0
0
0
0
0
0
0
0
7.3
13
0.4
1.6
0
0
0
0
0
0
0
0
0
0
0
0
0
0
0
0
0
0
0
0.4
5.7
6.6
2
5.2
0.2
0
0
0
0
0
10.5
0.2
0
0
0
0
0
0
0
1.4
5.7
0.8
0
0
0
0
0
18.2
26.6
4
4.7
0
0
0.5
0.1
0
0
0
0
0
0
0
0
0
0
0
0
0
0
0
0
0
0
13.8
2.4
4.7
21.9
0.2
0
0
0
0.1
4.9
19.4
0.2
0
0
0
0
0
0
0
0
0
0
0
0
0
0
0
0
0
0.4
0
0
0
31.8
0
0
0
0
0
0
0
0
0
1.8
23.5
1.3
11.6
0
0.7
0
0
0
2.3
2.7
11.5
13.8
26.9
8
22.5
2.3
12.1
0.4
0
0
0
0
0
4.7
12.1
0
0
0
0
0
0
0
0
0
0
0
0
0
0
0
0
0
0
0
0
0
0
0
0
0.3
0
2.2
57.1
79.2
2.9
0.1
0
0
0
0
0
28.2
25.1
0.6
0
0
1.3
0
0
0
20.4
0.1
0
0
7.4
0.3
0.6
12.6
0
21.1
18.8
0.1
0
0
5.8
7.6
0
0
0
0
0
0
0
26
0.1
0.6
31
10.5
0.1
0
0
0
0
16
0.2
8.2
0
0
0
0
1.4
0
0
0
0
0
0
0
0
5.3
11.1
0
4.6
1.8
13.7
3.9
31.1
0
1.2
0
0
0
0
0
0
2.5
13.8
0.5
0
0
0
0.2
0
0
0
0
0
0
0
6.8
9
0
0
0.1
0
0
184.7
2.5
0
0
0
0
0
0
0
0
0
0
0
0
0
0
0
0
0
1
0
0
0
4
7.3
0
0
0
0
0
0
0
0
0
0
0
0.6
0
0
0
0
0
0
0
0
0
0
0
0
0
0
0
0
0
0
0
0
0
0
0
0
2.4
0
4.8
0.6
0
0.7
0
0
3.4
2.3
0
0
0
0
0
0
0.2
0
0
0
0
0
0
0
0
0
0
0
0
0
0
0
0
0
0
0
11.1
0
7.4
0.1
1
3.3
2.5
4.5
0
0
0
0
0
0
0
2.9
0
0
0
0.4
38.8
3.4
0
0
0
0
3.9
0.5
0
0
0
0.3
0
0
0
1
0.9
0.1
20.7
5.4
0
2.6
11.1
0
0
0
0
0
0
0
0
0
0
0
0.7
0.8
0
32
45.6
0
1.1
0.2
0
2.8
5
1.3
0
0
0
0.5
0
0
0
2.4
33.2
0.5
5.9
0
0
0
6.9
9.9
0
0.8
0
0
0
0
0
0.7
0.1
32.7
62.1
6.1
1.5
1.4
1
0.7
0
0
0.1
8
0
0
0
0.6
0
0
0
0
0
11.1
0
4.6
0.8
1.2
0
12.4
4.2
0
10.1
0.2
0
0
6.3
1.7
0.8
0
0.3
4
0.1
0.5
10.2
0
0
0
0
0
0
0
0
0
0
3
9.1
0
0
0.2
0
0
0
13.6
2.9
0
0
0.9
0
0
0
0
0
0
0
0
0
0
10.7
0
0
0
0
11.7
0.1
0
0
0.7
0
0
0
0.1
0.1
0
0
0
3.6
0
0
0
0
0
0
5.1
1
0
0
0.9
0
0
0
0
0
0
0
0
5.9
0
0
0.3
0
39.6
0
0
0
0
0
14.5
0.2
0
0
10.3
71.9
0.3
0
0
0
0
0
0
0
38.2
0
2.4
0
0
0
0
0
0.1
0
0
15.5
6.2
11.6
0
0
0
0
0
17.8
51.1
22.7
0
0
0
0
0
0.1
0
0.8
0.1
11.1
2.7
0
0
0
0
0
0
0
0
0
5.7
30.1
1.4
1.1
0
0.1
0
0
0
0
0
0
0
0
0
0
3.3
46.6
17.8
53.6
1.7
0
17.9
4.2
0
0
0
0
0
0
2.2
1.1
0
0
0
0
0
0
0
0
0
0
13.3
0.1
0
0
3
0
0
0
0
0
0
0
0
0
0
0
0
0
0
0
0
0
0
0
0
0
0
0
0
0
2.9
9.2
0
0
0.5
0
0
0
0
0
12.6
0.6
30.8
8
0
0
0
0
3.7
4.7
22.4
15.9
9.2
1.4
0
0
0
3.2
5
36
20.8
0.2
0
0
0
0
0
0
0
0
0
0
0
0
0.1
0
0
16.6
25.9
0
0
0.1
0
0
0
0
5.4
0
0
0
0
0
0
0
0
0
0.1
4
33.5
34.8
0
6.5
0
0
0
11.1
1.2
0
0
0
0
0
0
0
0
0
0
0
1.9
0.4
2.2
0
0
0
0
0
0
0
0
0
13.8
15.6
13.6
0
0
17.1
0
0.2
5.7
0.1
0
4.1
0
0
0
1.1
24.1
0
0
0
0
0
0
8.7
0.8
0
0
12.9
0
0
0
0
0
0
0
11
6.5
2
9
15.2
3.8
0
0
0
0
0.9
0
0
0
0
0
0
0.7
0
0
0
22.6
3.6
4.7
0
0
0
3.7
7.1
5
0
3.1
1.5
0
0
0
0
0
0
6.2
0.1
16.2
0
0
0
0
0
0
0
0
4.9
27.3
7.4
0
0
0
0
0
0
0
0
0.2
0
0.1
0
0
0
0
2.3
0
0
32.9
0
0
0
0
0
3.7
0
0
0
0
0
0
0
0.3
0.7
0
0
0.6
0.1
0
1.9
10.7
0.1
0
0
0
0
0
0
0
12.8
0
0
0
0
0.7
20.5
3.6
0
0.6
0
0
0
4.4
0
0
2.3
0
0
0
0.1
1.7
0
0
0
0
0
0
0
0
0
0
0
0
0
0
0
0
0
37.2
25.8
0
0
0
0
0
0
0
0
0
0
0
0
0
0
0
13.1
0
0.7
0
0
0
0
0
0
0
0
0
0
0
0
0
0
0
0
0
0
0
0
0
0
0
0
0
0
0
0
0
0
0
0
0
3.8
12.8
0.4
0
0
0.7
0
0
10.6
0
0
0
0
0
0
0
0
2.9
0.1
2.3
0
0
3.6
0
0
0
0
6
30.5
0
0
0.1
0.8
0
1.9
4.1
0
0
0
0
0
0
1.9
0
0
0
0.3
41.3
0
0
0
0
0
0
0
0
24.9
45.7
4.4
0
0
0
0
0
0
0
0
0
6.5
5.5
0
0
0
0.4
0
0
0
0
0
1.7
50.2
31
1.7
2.5
0.3
2
2.2
1.2
0
2
13.2
0.9
3.6
0
7.1
17.5
1.8
0.9
0
9.2
0.1
0
0
0
21.3
2.4
0
0
0
2.2
0.1
0
0
0
0
4.6
0
4.7
2.5
33.3
1.9
11.9
49.4
0
15.8
12.2
0
2.1
0
0
0
0
0
0
2.4
0
0
0
29.7
0
14.3
0
0.5
0
0.2
0
5.7
6.1
10.6
0.7
0
5.7
0
74.6
2
0
0
0
0
0
17.1
3.7
24.3
2.9
0
0
0.3
0
0
15.5
23
27.2
0.6
11.9
29.9
0.3
2
6.4
12.5
4.7
0
0.5
7.8
0.2
0.6
0
0
2.6
0.1
0
0
0
0
0
0
21
0.1
0
0
5.4
26.3
0
0
0
0
0
1.4
6.3
0
30.5
0.9
29.4
10.5
7.6
0.5
0
0
0
1.7
0
0
0
0.3
1.5
5.5
0
10.6
0.1
0
0
0
0
0
0
0
0
0
0
0.2
0
9.1
7
42.9
41.8
0.4
26.7
0
0
0
1.1
47
0.6
0
0
0
2.1
7.3
0
0
0
0
0.5
5.7
0
0.4
0
0
7.9
2.8
29.9
0.2
0.4
0
2.4
0.1
0
49.5
0
0
0
13.9
0
1
0
0
0
0
0
0
0
0
0
0
0.8
0
0
0
0
0
0
0.2
21.2
6.3
49.5
9.8
0.1
0
2.5
87
22.4
2.8
9.6
5.7
0.1
0
0
0
0
0
0
4.2
16
10.3
0
5.4
69.3
5.8
0
0
0
25.7
0.7
0
3.3
12.9
0.9
0
0
0
0
4.6
0
8.2
4
4.7
9.8
0.1
0
12.4
0
0
0.7
0
0
0
2.3
0
0
0
0
0
0
0
0
0
0
0
0
2.6
0
0
10.1
0
0
0
0
0
0
0
0
0
0
0
0
0
0
0
0
0
0
0
0
0
0
0
0
0
0
0
0
0
0
0
0.4
0
0
0.1
0
0
18.1
0
0
0
0
13.8
0
0
2.8
13.2
0.3
0
0
0
0
0
0
0
0
0
0
0
0
0
0
0
0
0
0
0
0
0
0
0
0
0
0
0
0
0
0
0
6.8
0
0
0
0
0
0
0
0
0
0
0
0
0
0
0
0
0
0
0
0
0
0
0
0
0
5
6
16.6
0
31
6.1
0.9
0.6
9.4
0
0
0
0
0
6.7
1.4
0
0
0
9
2.4
0.8
5.2
7.6
26.3
0
0
0
0.1
0
2.8
38
12.8
0
0
0
0
6.2
0.7
0
0.2
0
0
0
0
4.2
11.2
11.7
3.4
4.5
1.2
0
0
28.2
0
0
0
0
0
0
0
0
3.8
0
0
2.1
0
0
0
0
0
17.5
0.1
0
2.5
0
0
0
0
0
11.1
9
0
0
0
0
0
0
0
0
0
0
5
19.2
0
0
0
0.7
7
37.1
0
0
0
0
12.8
0
0
8.4
0.2
0
0
0
0
0
0
0
9.6
37.9
0
0
0
0
0
0.6
0
0
0
0
0.8
0
0
0
0
3
0
0
0
0
0
0
0
36.8
0
0
0
0.8
0
0
1
0
10.6
3.9
8.5
2.7
0
0
0
0
0
0
0
0.2
18.6
0
0
0.1
2
0.8
0
0
23.8
7.7
0
3.4
0.1
0
0
0
0
0
0
0
0
0
0
0
0
0
0
0
0
0
0
0
0
0
29.4
0
0
0
0
0.2
28.4
0
80.2
19.4
0.1
0
0
0
0
0
0
0.2
6.2
3.7
16.3
9.7
0.1
0
5.6
0.3
0.8
0.1
0
0
0
11.7
0
0
0
0
0
0
0
28.9
3.4
0
0
1.9
2.7
0
0
3.9
1.1
0
0
8.7
1.3
0
0
0
0.5
0
0
5.4
14.3
0
0
1.4
2.8
0
10.9
71.3
20.8
3.1
0
0
0
0
0
0
0
0
0
0
0
0
0
0
0
0
0
0
2.5
0
0
0
0
0
0
0.1
0
0
0
19.6
101.4
71.1
0
0.9
1.1
0
0
0
0
0
0
0
0
0
0
0
0
0
0
0
0
0
0
0
0
0
0
0
0
0
0
0
0
0
0
0
0
0
0.7
2.5
24.2
2.9
0
3.5
2.1
0.2
0
0
0
0
0
0.9
0
2.1
36.2
0
0
0
0
0
2.2
4.2
1.2
9.1
2.4
0
0
3.8
5.4
12.9
17.1
2.3
0
0
0
0
2.6
0.3
0
0
0
0
18.2
0.2
0.1
0.5
0
5.3
11.9
3.2
29.2
0
3.8
0.7
6.8
12.6
4.4
0.1
0.3
0
1.7
0
0
0
0
0
0
0
0
52
0.3
2.7
1.2
16.3
22.2
0
0
0
0
0
0.2
6.3
0
0.4
0.6
0
0
0.6
23.1
1.2
10.7
14.8
0
4.6
7.2
0
17.2
17.3
2.3
4.5
10.9
14.9
11.3
0
0
0.2
5.5
0
0.4
1.5
0
0
0
0
30.8
26.2
0
0
0
0
0.4
0
15.1
0.5
0
0
0
0
0
0.2
0.2
9.2
1
11.8
5.1
0.1
0
0
0
0
0
0
0
0
0.9
0
0
0.2
0.7
0
0
0
0
0
0
0
0
0
0
0.5
20
0
0.2
2.5
0
1.5
9.8
0
0
0
0
0
0
0
0
0
0
0
0
28.9
34.4
15.8
0
0
0
0
0
0
0
0
10
12.2
0.4
0
0
0
0
0
6.9
0
10.7
0.5
0
15
0.1
0
0
2.3
8
0
0
0
0
0
33
0.2
0
0
0
0
0
0
5.4
0
0
0.3
8.5
0
0
0
0
0
0
0.2
26.7
1.8
0
2.5
4.5
0
0
0
0
0
0
0
16.5
20
0.1
7.2
38.4
0.1
0
0
0
0
0
0
0
0
0
0
0
0
0
0
0
0
1.4
3.5
18.4
14.6
0
0
0
0
0
0.9
0
0
1.5
0
0
0.1
1.9
2.6
0
0
0
0
0
0
0.1
0.4
0
0
0
0
0
0
0
0
0
0
0
0
0
0
0
0
0
0
0
0.2
0
0
0
0
0
0
0
0
0
0
0.3
0
10.6
2.1
2
0
0
0.1
0
0
5.3
1.6
0.3
0
0
0
0
0.2
0.9
0.9
6
0
0
8.6
0
2.2
0.5
0
0
0
0
0
1.8
57.6
0.4
0
0
0
0
0.1
0
0
0
0
13.8
4.2
0.3
0
0
0
0
2.7
0
0
0
0
0.1
0
0
0
0
0
0
0
0
0
0
0
0
0
0
0
0
0
0
0
0
0
0
5.1
0.1
11
0.1
0
5.1
12.8
2
0
0
1.2
2.3
0.8
0
0
0
1.2
9.2
0.2
8.9
32.9
24.9
13.1
0.6
0
0
0
0
0.2
0
6.5
0.5
4.7
0
0
0
0
5.8
0
0
0
0
0
0.1
0.5
0
0
0
0
0
22.8
4.6
0.1
16.7
0.7
0.1
3.5
4.3
11.2
0.1
0
3.6
1.6
24.4
0.9
0
7.3
1.9
0
43.3
0.1
11.1
17.6
0
0
4.6
0
0
0.1
0
0
0
0
0
0
0
0
0
3
0
0
0
0
4.5
0
0
0.2
0.1
0
0
0
0
11.1
0
0
0
0
0
7.8
0.1
0.7
0
0
38.4
0
0
0
4
0
0
0
0
0
0
0
0
0
0
0
0
0
0
0.5
0
0
0
0.6
0
24.9
0
0
0
0
0.4
11.8
0.9
0
0.4
0
0
19.2
0
3.7
1
13.1
0.2
0
24.9
1.8
0.1
14.3
0.1
17.4
0.1
4.5
0
0
0
0
1.1
1.5
0
0
0
0
0
0
30.1
8.9
0
0
0
0
0
0
0
0
0
0
0
0
0
0
0
0
0
0
0
0
0
0
0
0
3.7
5.6
0.7
7.9
0
0.4
0.2
0
0
0
0
0
3.1
5.6
0.1
0
0
0
0.1
0
0
0
0
0
0.7
32.5
12.3
0.1
0
0.5
3.5
0
0
0.1
0.1
1
1.9
4.3
2
1.5
1.8
0.7
10.2
0
0
0
0
0
0
0
0
0
0
0
0
0
0
0.1
0
0
0.3
0
0
0
0
0
0
0
0.5
0
0
0
1.1
9.3
0
0
0
0
0
0
0
0
0
0
0
0
0
0
0
0
0
0
0
0
0
0
0
0
0
0
0
0
0
0
0
0
0.3
5.1
4.3
0
0
0
0
9.3
0
0
0
0
0
0
0
0
0
0
0.4
0
0
0.6
13.7
0.2
0.3
2.6
1.8
11.1
23.5
6.7
9.8
0
0
0
0.8
0
16.2
34.8
0
0
0
0.3
0.4
0.2
0
4.6
10.7
0.1
0.2
1.2
1.1
0
0
0
0
0
0
0
0
0.9
3.4
0
0
0
0
0
10.6
8.1
0
0
15.8
0
0
0
0
0
0.6
14.4
17.4
9.2
3.6
2.2
0
0
0
0
0
0
0
0
0
0.9
0
0
0
0
0
0
0
0
0
23
1.3
0
0
0
2.6
0.3
0.1
0.2
0
0
0
0
0
0
0
0
0
0
3.2
0
10
0.7
0
4.5
0
0
0
12.6
2.2
0.1
0
0.8
0
3.2
0.1
1.1
1.1
0.3
0
3.5
0
0
7.3
0
0
0
0
0
0
0
0
0
0
0
0
0
0
0
0
0
0
0
0
0
1
0
0
18.9
3.7
0
1.6
0
2.9
1.9
0.1
7.8
10.1
0
3.8
5.9
0.5
0
0
14.5
8
3.1
0
0
0
0
0
13
37.8
13.8
4.8
0
2.2
0
11.9
0
0.5
9
0
0.6
0
0
0
0
0
0
0
9.1
15.1
16.2
0
0
0
0
0
0
0
17.4
7
1.4
0
0
0
22.4
0
0
0
0
0
0
0
0.8
0.1
7.7
0
0
0
0
0
0
0
0.1
0
0
27.6
0.6
0.2
7.1
1.7
0
0
0
0
0
0
11.9
0.1
0
2
0.7
0
0
0
0
0
0
0
0
0
0
0.4
0
5
3.5
0
0
16
0.3
0
0.1
3.4
0
0
3.7
0
0
0
0
0
0.9
0
0
0
7.9
2.8
0
0
10.6
0.2
1.5
14.8
0
0
0
0
1
0
0
0
0
0
0
0
0
0
0.3
0
