20000101
0
0
0.2
0.2
0.2
0.2
0
0
0.8
0
0.2
0.2
0.2
0.2
0.8
0
0
0.2
0
0
0.2
0
0
0
0
0
0
0.2
0
0
0.2
0
0
0.2
0.2
0
0
0
0
0.2
0
0
0
0
0
0
0.2
0
0
0
0
0
0
0
0.2
0
0
0
0.2
0
0
0
0
0
0
0
0
0
0
0
0
0
0
0
0
0
0
0
0
8.8
0
0.2
1.4
0.2
0.4
0.2
5.6
5.2
0
1.4
6
0
0.2
6
0
2.4
0
0
0
0.4
6.4
27
0
0
4.6
0
8.2
1.6
0
0
0.2
0
0
0
0
0
0
0.4
19.6
0
0
0
0
0
0.2
1.2
0
7.6
0.2
1.6
49.6
0.8
0.2
0
0
0
0
8.4
0
0
0
6
9.4
0
0.4
34.1
4.8
8.6
0
0
0
0.2
0
0.2
0
0
15.1
0
0.2
0
0.2
30.5
0.6
0.2
0.6
6
0.2
0
0
0
0
0
0
0
0
0
0
0
0
0
0
0
0
0
0
0
0
0
0
0
0
0.4
0
0
0
0
0
0.6
0.2
1.6
0
0
0
0
4.2
0.2
5.2
0.2
0
0
0
0
0
0
0
10
1
0
0
0.2
0
0
0
0.4
0.6
0
0
0
0
0
0
0
0
0
0
0
0
0
0
0
0
0
10
1.4
0.2
0
34.2
16.5
0.2
0.2
0
0
0
0
0
0
0.2
0
0.2
0.2
0.2
2.6
23.1
0
0
0.2
0
0
0
0
0.2
13
3.4
1.8
7.8
0.2
0
0
1
0
0
0
0
2.2
5
0.4
22.6
0
8.6
0
0
0.2
0
0.2
4.4
6.6
6.2
0
0.2
7
0
0.4
0.2
0.2
3.2
0.2
1.6
0.2
0.2
0.6
4.4
0
0
0
0.2
0
0.4
2.8
0.4
0.2
0
0
0.2
0
0.2
0
0
7.4
0.2
0
0
0.2
0.2
0.8
0.4
0.2
0.2
0
0
0.2
2
5.2
0.2
0.2
0
0.2
0.2
0
0.2
0
0.2
0
0.2
0.2
0.2
11.2
19.8
19.2
22.6
0
0
0
1.4
0
0.4
0
0
0
0.2
0.2
0
0.4
0
0
0
0.2
0.8
0.2
1.2
13
23.4
2.2
0
0.2
0.4
0
0
0.2
0
0
0
0.2
0
9
0.2
0
0
0
0
0.2
0
0.2
0
0
0
0
0
0
0.2
3.6
11
0
0
0.2
0
0
0.2
0
0.2
0
0
0.4
0
0
0
0
6.8
0.8
0
2.2
0
9.6
8.2
0
0.4
0
3.4
0
0.2
0
0.6
0
0
0.2
0
0
0
0
0
0
3.6
0
0.4
2.4
0
0.2
0
0
0
0
0
0
1
0
0
0
0
0
0
0
0
1
0
0.6
2.4
0.8
0
0
0
0
0
0
18.9
0.2
0
10.4
4
1.2
3
1
3.8
0
1.6
0
0.4
2.2
5.6
0
0
0.2
0
0
1.6
1.8
0
0.2
0.2
24.3
10
9.3
0
0.2
0
0
0
0
13.7
0.2
0
0
0
0
0
0
0
0
27.1
0
0
1.6
0.2
0.6
0
0.4
0
0.2
0.2
0
0
0
0
0
0
0
0
0
0
0
0
1.2
0.2
0
0
0
0
2.4
0
0
0
0
3.8
15.5
0.2
0
0
22
0.2
0
0
0
0
0
0
0
28.6
0.2
0
0
0
0
0
0
0
0
0
0
0
0
0
0
0
1
0
0.8
0
0
5
0
0
0
0
0
0
0
0
0
0
49.3
0
0
0.2
19.5
0
0
0
0
0
0
0
0
0
0.2
0
0
0
32.1
0
0
0.6
0.2
15.8
0.2
0
0
0
0.2
4
0.6
0.2
0.2
0.2
0
2
0
0
0
0
3.6
2.8
0
0.2
0.8
0
0.2
0.2
0.4
17.3
2.8
41.2
0
0.2
0
0.2
0.2
0.2
0.2
0
0
0.2
0.2
0
0
0
0.2
0
0.2
0.2
0.2
0.2
0
7
0.4
0
0.2
9.8
10
6
0.2
0
0
0.2
0.2
0.2
0.2
0.2
0
0
0
0.2
0
0.2
0.2
0
0
0.2
0.4
0.2
0.2
0.2
0
0.2
0
0.2
0
0
0
0
0
0
0
0
0
0
0
0
0
0
0
0
0
1.8
1
1.4
5.4
2.8
0
0
0
1.6
0.2
0.2
0
0.2
1
0
0.2
0.2
0
0
0.2
0
0.2
0
1.2
0
0
0.2
0.2
0
0.2
0
0
0
0.2
0
0
4.4
2.4
0
0
0
0.2
0
0.2
0.2
1.2
0
6.4
1.2
0.2
0.2
0
0
0
0
0
0
0
0
0
0
7.6
0
0.2
14.8
0
0
0.2
0
0.2
0
0
1.6
1.2
0
0
0
0
0
0
0
0
0
0.2
0
0
3
1
3.8
0
0
0
0.2
37.9
1.4
0
0.2
13.2
1.8
1
17.6
11.8
0.4
7.8
7.8
0
0
0
2.6
0.2
0
0.2
0.2
0
0
0
0
0
0
0
0
10.6
24.4
3.4
4.6
2.2
2.2
11.2
8.8
4
5.4
36.2
0
0
0
0.2
0
0.6
1.4
0.2
0
0
0
4.6
0.2
0
3.2
0.8
0.2
0
0.2
0
0
0
0
8.6
47.3
8.4
0.2
34.9
0.2
0
0
0.2
0
0
0
0
0
0
0
0
0
0
0
0
0
0
0
0
7.4
0
0.2
0
0
0
0
0.6
0
0
0
0
0
15.2
5.8
0.4
0
0
0
0
0
0
0
0
0
0
13.9
0
0
0
0
29.3
0
2.6
0
0
0
0
0.2
0
1.4
3
14.9
0.2
0
0
0.2
12.5
0.2
0
1.4
1.4
0
0
15.7
0
18.8
0.6
0.2
18.5
0
0
4.2
0.8
38.5
0.2
0.4
3.2
12.6
0
0.2
0.8
1
0.2
0
7.6
2.2
0
0.2
0.6
0.8
0
0.2
3.4
7.6
0.2
0
0
0
0
0.2
0
0
0
0
0.6
0.2
0
0
0.2
0.2
0.6
50.2
4.2
0
0.2
0
0.2
0
0.2
0
0
0
0.2
8
0
0
0
0
0.4
0.4
0.2
0.4
0.2
0.6
0.6
0.2
0.2
0
0
1.6
0.8
0
0
0
0
0
1.6
12.2
1
0.2
0.2
0
0.2
11.2
1.8
0
1.2
21
0.2
0
0.2
0.2
0
0.4
0
0
0
0
0.2
0
0
0.2
0.6
50.5
1.2
0.2
0.2
0.4
0
0.2
0.2
0
0
0
0
0
0.2
0.2
0.2
0
0.2
0
0.2
3.6
3.2
0.2
0
0
0
5
13.4
0.2
3.6
0
0
0.2
0
0
0.2
0
0.2
0
0
6.4
1.4
1.8
0
0.2
0
0
0.2
0
0
0.2
0.2
0
0
0
0
1.2
0
0
0
0.2
0.2
0.4
0
0
0.8
0
0
0.2
0
5.8
10.6
16.4
0
0.4
0
0.6
10.4
19.4
0.2
0
0
0.2
0
0
0.2
0.8
0
0.2
0
0.2
0.2
0
0
0
0.2
0
0.2
0
0
0
0
0
0
0
0.2
0
0
20.4
0.4
1
1
0
1.8
0
0
0
0
0
0
14.2
0.4
0
0
0
0
0
0
0
0
1.8
0.6
0
0
0.2
0
0
0.2
0
0
0
0.6
0
1.4
0
0.2
0
2.6
6.2
1
0
0
1.2
0.2
0
0
0
4.8
3.2
0
1.8
0
0
0.2
0
5
16.4
0.8
0
0
0
0
0
0
0
0
0
0.2
1.2
0
0
0
0
0
0
0
0
1.2
0.2
9.2
0.2
0
0
0
0
0
0
0
0
51.2
1.2
0
0.2
0
0
0
0
0
6.8
0
19.5
1.4
0
0
0
0
0
0
0
0
0
0
0.2
0
0
0
0
0
0
0
0
0
0
2.8
0
0
0
0
0
0
0
0
0
0
0
0
0
0
0
0
17.9
0.2
0
0
0.4
0
0
0
0
0
0
0
0
0
14.2
14.7
16.4
0
0.2
0
0
25.9
0.2
0
0
0
0.2
0
0
0
0
0
0.2
0
0
0.2
9.6
1.4
1.2
0
0.2
13
21.2
7.6
5.8
13.4
0.2
0
0
0
0.6
0
0
0
0
0
0.4
0
0
0
0.2
0.2
0
0
0
0
0
0
0.2
0
21
1
3.8
0
0
13.6
0.2
0
0.2
0.2
0.2
0.2
0.2
1
4.2
0.2
0
0
0
0
0.6
9.8
0.2
0
0
0.2
0.2
0.6
13
13.2
0.2
0
1.8
0.2
0
0
9
0.2
33.2
34.9
1
0.2
2.4
0
0.2
0.2
0.2
0.2
0.2
0.2
0
0
0
0.2
0.8
0.2
0
0
0
0
0.2
0.2
0
2
0.2
0
0.2
0
0
0
0
0.2
0.2
0
0.2
0
0.2
0.2
0.2
0
0.2
0
0.2
1.2
0.2
0
0
0
0
0
1.4
0
0
0.2
0.2
0
0
0
0
0.2
0.2
0.2
0.2
0
0.2
0
0
0
0
0.2
0
0
0.2
11
0.4
1.2
0
12.4
2
0
0.6
0
2.2
21.8
9.2
0.2
0
0
0
0
0
0.2
18.6
0.2
0
0.2
0.4
0
0
4
0
0.2
0
0
0.2
0
0
0
0
0.2
0
0.6
2.2
9.8
0
13.2
16.2
6.4
0.2
17
0
0
0
0
6.2
18.8
1
2
0.2
5.6
0.4
6.6
0
6
1
4.8
0
0
0
14.2
0.4
0.2
0
0
0
4.8
26
1
2.2
5.6
3.4
0
8.2
0
0.2
0
0
0.2
13.4
1.4
0.2
0
1.6
0.2
0
0.4
3.8
0.2
0.2
5.2
0.2
0
0
0
5.4
40.5
0.2
1.8
0
0.8
0
0
0.2
0
0
0
0
0
0
4.2
3.4
0
3.8
2.4
0.2
0
0
32.8
0.2
0
0
0
2.4
0
0
0
0
0
0
0
0
0
0
0.4
4
0.2
0
0
5
4.4
0
0.2
0
0
58.9
0.2
0
0
0
0.2
0
0
3.2
9.6
0.2
0
0
2
0.2
0
0
0
0
12.5
0.2
0
0
0
0
0
0
0
0
0
0
0.2
6.6
0.2
0
0
0
0
1.6
0.2
0
0
0
0
17.1
4
65.4
0
4.6
13
0
0.2
0
0
0.2
0.2
0
7.2
0
0.2
9.8
13.2
0
0.2
0.2
0.2
0
0
0
0.2
0
0.2
0
0
0.2
0
0.2
0
0.2
0
0.2
0
0
0
0
0.2
0
0
0
0
0
0
0
0
0.2
0.8
0
1.6
0.2
0
0
7
4.8
2
0
0.2
4
8.4
1.8
0.2
0.2
0
0.2
0
0
0
0
0.2
0
0
0
0
0
0
0
0.2
0
0.2
0
0
0.2
0.4
0
0
0.2
0
4
0
5.4
0
0.2
12
0.8
0
24.2
6.6
2.8
0
0.2
0
0.2
0.4
0.2
0.2
0
0.2
0
0.2
0
0.2
0
0.2
8.6
0
0
0
0
0
0
0.2
0.2
0
0.2
0.2
0
0
0.2
0
0.2
0.8
0.2
0.2
0
0
0.2
0
0.2
0
0
0
0
0.2
0
0
0
0
0
0
0
0
0
0
0
0
0
5.2
9.6
11.2
0.6
0.2
0
0
1.4
0.6
0
0
0
0
0
0
0
0
0
0
3.2
0.2
0.2
2.2
0
0.2
1.8
0.6
0
0
0
0
0
0
3.2
0
0
0
0
0.2
0
0
0
0
0
0
1
0.2
0
0
0.4
0
7
0
0.2
0
0.2
0
0
0
0
0
2.6
0
0
0
0
0
0
0.2
0
0
0
0
0
0
0
0
0.4
0
0.2
0
0
0
0
0
0.2
0.2
2.4
2
0.2
0
0
1.2
3
0.4
0.2
1.8
0
0.2
4.8
27.2
0
0
0
0
1.6
0
0
0
0
0
0
0
0
0
0
0
0
0
0
14.2
0
0
0
0
3.2
0.2
0.6
4.8
0
0
0
0
0
2.6
1.4
0
0
0
0
0
0
0.8
0
0
0
0
0
2.4
0
0
0
13.4
29
0.2
0
8.6
0.4
0
0
0
0
0
0
0
0
0.4
0
0
0
0
0
0
0
6.4
0
12
5
0.2
0
0
0
0
0
1.4
0.6
9
0.2
0
0
0
0
0
28.7
0
19.5
0.2
0
0
0
0
0
15.8
0.2
0
0
0
0
0
0
0
0
40.4
62.9
11.4
0.2
0
0
3
7.6
0
0.2
1.8
22
0.2
0
0
0
0.2
0
0.6
41
0.8
0
0
0.2
0
0
0
0
0
0.4
0
0.2
0
0.2
0.4
2.8
8.4
33.9
11.6
20.9
0.2
0.2
23.8
0
0.2
0
0
0.6
0.2
0.2
0.2
0.2
0.2
0.2
0
2.6
0.2
0
0
0.2
0
0.2
0.2
0
9.2
0.4
0
3
4.8
15.6
3.6
0
0
0
0
0.2
0.4
0.4
0
0
0.2
0.2
0
0.2
0
0.2
0
9.8
0
0.4
0
0
0.2
0
0.2
0
0
0
0
0.2
0
0.2
0
0.2
0.2
0.2
0
0.2
0.2
0
0
0.2
0
0
0
0
0
0
0.2
0
0
0.6
0.6
15
11.6
0.2
0.2
0
0
0.2
0
2.4
0.2
0
0
0.2
0.2
0
0
0
0.2
0.2
2
4.6
2
58.9
15.6
0
0.2
0.2
0
0
0
0.2
0
0.2
0
0
0
0
0
0.2
0
0
0
0
3
0
0
0.2
0
0
0.2
1
0
0
0
0
0
0
0
0
0
0
0.2
0
0
0
0
0
0
0.2
0
3.8
1
0
0
4.4
0
0
0
0
0
0
0
0
0
0
0
0.2
0
0
20.8
0.8
0.2
0.2
0
0
0
0.2
0
0.2
0
7.2
0
0.2
3.2
0.2
0.2
0
0
0
0
0
0.6
0
0.2
0
0
0
0
0
0
0
0
0.2
0
0.2
0.2
1.8
0.2
0
0
0
0
0
0
0
0
9.8
0
0.2
0
0
0
0
12
1.2
0.2
0
0.2
0
0
0
0
0
0
0
0
0
0
0
0.4
0.2
0
0
0
0
0
0
0
0
0.4
0
0
0
0
0
0
0
0
0
0.2
0.2
0
3.4
0
0
0
0
2.8
0.6
27.7
0
1.4
2.8
0
0
0
-99
0
0
47.3
0
0
0
0
0
0
0
0
0.2
0
0.2
0
0
0
0
9
0
1
0
0
31.7
4.4
0.2
0
0
0.2
0
0
2
0.2
9.9
0
0.2
0
0
0.2
0
0
0
0
0
0
0
0
8.8
0.2
0
0.2
0.4
69.8
37.2
17.9
0
0
0
0.2
0.2
0.2
0.4
19.4
1.8
0.2
0.2
0.2
0
0.2
0
0
0.2
0
2
0
0
0.2
0
0
0
5.8
4.4
0.2
0.2
0.2
0
0.2
24.7
0.2
0
0.2
0.2
0.2
0
0
0.2
0.2
0.2
0
0.2
0.2
0
0
0
0
0
0.2
0
0.2
0.2
0.2
0.2
0.4
0
0.2
0.2
3
3.8
0.2
0.4
0
0.2
0
0
0
0
0.2
0.2
0.2
0.4
0.2
0.2
0
0.2
0
0.2
9.8
0.2
1.8
0
0.2
0.2
0.6
0
0.2
11.2
0.2
0.2
0.2
0
0.2
0.2
0
0
0
0
0.2
0
0
0.2
0
0
0.2
0.2
0
0.2
0
0.2
0.2
0.2
0.2
0
0.2
0.2
0.2
0.2
0
0
0
0.2
0
0.2
0.2
5.4
0.2
0
0
0
0
0
0
0
2.8
0
0
0.2
0.2
0.4
0.2
0
7.8
0.2
0
0
0.4
0
0
0
0
7.2
0
0
0.2
0
0
0.2
0.2
2.6
0.2
0.2
0
0
0
0
0.2
0
0
12.6
0
0
0
0
0
0
0
0
0
0
0
0
0
0
0
0
0
0
0
0.2
0.6
0.6
0
5.8
0.6
33
25.2
31.1
3.8
0
0
0
1
1
1
5.4
9
5.8
1.6
0
2.8
8.6
0.2
5.2
0.2
0.2
0
0
0
0
0
0.2
0.2
0.2
28.4
0.4
0.2
0.2
0.6
0.2
0
0
0.2
0.2
0
0
0
5
0
0
0.2
0.2
0.8
0
3
0
0
0
0
31
3.8
0
0
0
0.2
0.6
0
0
60.5
0.2
0.8
0.2
0
0
0.2
0
0
0
0
1.6
0
0
0.6
0.2
0
0
0
0
0
0
0
0
0
0
0
0.8
0
0
0
0
0.2
0
0
0
0
24.5
0
0
0
0
0
0
0
2.8
0
0
0
0
0
0
0
0
0
0.4
0
0
0
0.2
0
0
0
11.2
3.4
3.6
0.2
0
0
1.6
0.4
0
0
0
0
0
19.6
0
0
13.4
0
0.2
0
0
0
0
0.6
9.2
0.4
0.2
0
8.4
0.4
0
0
0
0
0
0.2
0
0
0.4
0.4
0
0
0
0
0
0
0
5
0
7.2
0.2
0
0
0
0
0
0
0
0.8
24.1
11.2
0.2
0.2
7
0.6
17
0
0.2
0.2
0
0.2
0.2
0
0.2
0.2
0
0
0
0
0.2
0
0
0
0
0
0.2
0
0
0
0.2
0
0.2
0.2
0.2
0
0
0.2
0.2
0
1.4
0
0
0
0
0
0
3
1.6
0.2
0
0
0.4
0.2
0.2
0
0.2
0
0.2
0
0
0.2
0.2
0.2
0
0.2
0.2
0
0
0
0
0
1
0
0
0
0.2
1
1.4
0.6
0
0.2
0.2
0.2
0
0.2
0
0
0.2
0
0.4
18.4
0
0
0
0.2
0.2
0
0.2
2.4
0.8
0
0.2
0.2
0.4
0
0.2
0.2
0.2
0.2
0
0.2
0
0
0.2
0
0.2
0
0
0
0.2
0
5.6
6
0.2
0.2
0
0.2
0
0
0
0.2
0.2
0.2
0.2
0
0
2.8
0.8
0
0
0.2
0.2
1.6
5
0.2
0
0
0.2
0
0.2
0
0
0
0
0
0
0
0
0
0
0.2
0.2
0
0
0
0.2
9.2
0.2
0
19.6
0.6
0.4
0
1.8
0.2
0
0
20.4
1.2
0
0
0
0
0.2
0
0
0.4
1
1.2
0
0
0
0
0
0.6
7.4
8.6
0
10.2
4
0
1.6
0
0.2
0
0
2.2
0
0
0
0
0
0
10.2
0.2
1.4
0
25.2
30
3
0
8.2
0.4
0.2
13
17.8
0.2
0
0
0
7
0.2
4.6
31.2
1.8
15.8
0
0.2
0
1.2
0.6
5.4
20.4
4.6
16.6
2.6
12.2
0.2
0
2.4
5.8
0.4
12.2
0.2
0
9.4
4.8
0.2
0
0
0
0
0
0
0
10.4
7.4
0
0.2
0
1.2
0
0
0.2
0
0.2
0.4
0
0
0
32.8
17.4
0.2
0.2
0
0
0
0
0
0.2
0
0
0.2
0
0
0
0
0
0
0
0
0
0
0
0
0.8
0
1
0
0
0
0
0
0
1.8
0
0
0.4
0
0
0
0
35.3
0
0.2
2.2
0
0
0
0
0
14.8
0
0
0.2
0
0.2
2.4
0
0
0.2
0
35.8
0
9.4
0
0.2
0
0.6
8
10.6
0.4
0
0
1.8
0
0
8.8
0.2
0
0
0.2
0
0
0
0
0
0
0
2.6
0
0
0.2
0
0
0
0.2
8
0.2
5.4
0.2
0
0.2
0
5.2
0
0
0.2
0.2
16.2
20.8
0.2
7.6
10.8
31.8
0
0
0.2
0
0
0.2
0.2
0.2
0.4
2.2
0.2
0
0.2
0
0.2
0.2
0.2
0
0.2
0.2
0
0
0
0
1.2
0.4
2
0
0
0
0
0.2
0
0
0
0.2
5
0
0
0
7.4
6.2
2.4
1
0
0.4
0
0.4
0.2
0.2
0
0.2
0.2
26.6
12.6
0.2
5
0.4
0
0
0.2
0
0.2
0
5.4
1.4
0
6
19.8
0.4
0
0.2
0
0
0.2
0
0.2
3.2
0
0.2
0.8
0.2
1.2
0.2
0.2
0.2
0.2
0
0
12.4
7.4
2.8
10.6
0
0
0.4
0
0
0
6.2
0.2
0
0
0.2
0
0
0
0
0.2
0
0
0
0.2
0
0
0
0.2
0
1.8
2.8
1
4.2
0
0
0
0
0
0
0
0
0
0.2
0
0
0
0
0
0.2
0
0
0.2
0
0
0
0
24.2
5.8
1
22.8
2.4
6.8
0
0.2
0
0
16
0.2
0
1.4
10.4
6.6
0
0.2
7.8
2.2
0.4
4.8
0.4
1.8
0
0
0
0
0
1.2
0
0
0
15.6
4.4
0
0
0
0
0.2
0
0
0
0.2
0.4
0
0.8
15.8
0
0.2
1.2
0.2
0
0
0
0
0
0
0
0
0
0
0
0
3.2
3.4
0
0
0
9
0.2
0
0.6
0
0
0
0
0
0
0
0
0
0
11.8
1.8
0
0
0
0
1.8
5.6
0
1
0.2
1.8
11.6
0
0
4
11.5
3
4
0.6
0.2
0
0
0
0.2
6
0
0
0
0
0
0
2.4
1
0
0
0
0
0
0
0
0
0
0
0
0
0
0
0
3.2
73.7
12.2
10.9
0
0
0
0
0.6
0.2
0.2
0
0
0
0
0
0
0
0.6
12.5
0
0
0
0
0
0.2
0
0
0
0
0
0
0
0
0
0
1.3
7.1
24
4.2
0
6.6
0.8
0
0
-99
-99
7.8
0
0
18.6
0
0
-99
0
0.9
0.1
0
0
0
0
0
3.3
0
0.1
0
0
0
0
0
0
0
0
0
8.7
38.6
7.3
0.1
0
0.2
0
0.1
0
0
0
0
0.1
2.3
0
0.1
0.2
0
1.8
0
0
0
0
0.1
0.1
0.1
0
0
0
0
0
0.1
0.1
0.2
0
0
0.1
0
0
0.2
1.5
0
0
0.4
0.1
0.1
0.1
0
0
0
0.1
0.2
0.3
0.1
0
0
0
0
0
0
0
0
11.4
13.2
8.3
13.7
0
3.7
0
0.5
0
0
0.6
0
0.1
0
2.8
10.3
0
4.6
0
0
0
0
3.3
0.2
5.6
0
0.1
0
0.4
0.8
3.3
0.2
0.1
0.1
0.6
3.2
0
0.1
0
0
0
0
0
0
0.1
10.6
0.6
0.1
0
13.5
12.9
4.7
0
0
0
0
3.7
2.5
0.2
9.2
11.3
0
1
0.2
0
0
0
0
0.1
0
0.1
7
10.8
0.1
0
0
6.1
22.8
0
0
0
0
0.1
0
0.1
0.1
0
0
0
0
9.2
11.7
0
0
0
1.9
0
0
0
2.8
0
0
0
0
13
0
0.1
0.3
0
0
0
0
18.8
0
0
1.3
4.5
0.2
0
21.8
0.1
0
0
0
0
5.9
3.8
0.1
0
0
0.1
22.9
6.6
50
13.3
2.5
1.2
0.3
0.6
0.1
0.1
0.1
4.2
14.3
3.7
0
0
0
0
0
0
0
2.8
0
0
0
0
0
6.9
0
0
0
0
0
0
0
0
0.4
0
0
13.2
4.2
2
0.1
3.2
26.7
1
0
2.8
9.4
5.8
0
0
0
0
0
0
0
6.8
0.3
0.1
0
0
0
0
5.8
0
0
0
0
0
0
0
0
0
0
0
0
0
0
0
0
0
0
2.5
0
0
0
0
15
2.9
2.8
0
0.2
20.7
0
0
11.3
0.3
0
0
0
16.5
0
16.6
0.1
0.2
0
0
0
0
14.6
0
0
0
0
0
0
0
0
0
0
0
0
0
0
0
0
0
0
31.1
0.1
6.9
0.1
0
31.3
0.1
0
0
11
27.8
0
0
0.5
2.2
0
0
0.1
0.1
0
0
0
0
0
0
0
0.1
1.4
0
0
0
0
0.1
56.5
23.7
6
0
0
0
0
0
0
0
0
0
0
0
0
0
0
0
0
0
0.3
8.5
0.1
0
0
0
0
0
0
0
0
0
0
0
0
0
0.5
0
1.1
1.6
0.1
3.4
0
0
0.1
0.1
0.1
0
0
0
0.7
8.5
0
0
0
0
0.2
0
0
0.6
0
0
0.2
0
0
0
0
0
0
0
0
0
7.7
10.9
12.6
0
0
0
0
0
0
0
0.1
0
0
0
0
0
0
0
0
0
0
0
0.1
0
0.1
0
0
0.1
0
0
0
0
0
0
0
0
0
0
13.6
0.1
4.1
5
0.1
0
0
0
0
0
0
0
0
0
0
0
0
1.5
0
0
7.9
0.1
0.1
0.2
0
0
0
0
0
0
0
0
0
0
3
1
0
0
0
0.1
0
0
0
41.4
0.2
11.7
46.6
10
0.1
0
0
0
2.9
0.8
0.1
0
0
0
1.7
0
21.2
0.1
0
0
0
0
0
0
0
0
0
0
0
0
0
0
0
0.2
0
0
0
0
0
2
0.1
6.4
0.5
0
0
3.1
27.4
0.5
0
0
0
0
0.1
0.3
0
5.4
0.1
0.1
0
0
17.4
0.1
37.4
0.8
0
0
0
0
0
0
0
0
1.4
0
0
0
0
0
9.1
1.4
0.8
0.3
1
27.8
5.1
0
15.2
6.3
0
24.7
0.6
0.6
8.7
0
0
6
0
0
0
0
0
0.1
0
0
0
0
0
0
0
0
0
0
2.4
1
0
0
0
0
0
0
0
6.4
8.6
5.8
1
0
0
0
0.2
0
0
0.1
0
0
0.2
40.8
8.7
0.1
0.4
7.2
0.1
0
0
5.6
0.1
0
0
0
0
0
0
0
0
0
4
0
0
0
0
0
0
0
0
0
0
0
0
0
0
0
0
0
0
0
0.5
18.2
0.4
0
0.1
0
0
0.1
0
0
0
0
0
0
0
0.1
0
0
0
0
0
2.8
0
0
0
0
0
0
0
0
0
0
0
0
0
0
0
0
0
0
0
0
0
0
0
0
0
0
0
0
0.1
9.8
0.1
0
19.2
9
0
0.1
0
1.7
1.6
61
29.4
11.9
9.3
0
0
0
0.1
0.1
0
1.1
1.4
42.3
0
0
0
1.5
2.5
19.1
4
0
0.1
0.1
0
0.2
0.2
0.1
0
0.1
0
0
0
0
0
0.1
0.1
0.3
0.2
0.1
0
0
0
0
0
0
0
0
0
0
0.2
0.3
0.1
0.1
0.1
0
0.1
0
0
0
0
0
0
0.1
0
0
0
0
0.1
0.1
0.1
0.1
0.1
0
0.1
0.3
0
0
0.1
0
0
0
0.1
0
0.1
0
0.8
3.7
0
0
0
1.1
0
0
0
0
0
0
0
0
0
0
0
0
0
0
0
0
0
0
0
0
0
0
0
0
0
0
0
0.1
0
0
0
0.1
0
0
0
0
0
0
0
0
0
0
0
0
0
0
0.4
0.6
16.9
16.8
0.1
0
0
0
0
0
0
0
0
0
0
12.3
22.2
2.8
0.2
0.3
0.1
0
0.7
0
4.9
0.1
5.1
0.2
0
0.8
1.5
3.9
0.1
1.6
0
0
0
0
0
0
7.2
0
11.9
0
0
0
0.1
0
25.7
0.1
0
0
0
0
1.4
5.2
3.5
0.1
0
0
1.1
0
20.8
1.1
0
0
0
0.3
0.2
0
6
0.8
0.1
0.1
0
0
6.4
0
0
0
0
0
0
2.1
0.1
1.8
0
0
0
0
0
0
0
1.4
0
0
0
0
0
0
0
0
0
0
2.1
0
0
0
0.5
0
0
0
0
0
0
0
0
0
0
0
0
0
0
0
6.4
0.2
0
0
0
0
0.3
0
0
0
0
0
0
0
0
0
12.1
0
0
0
0
0
0
0
0
0
0
0
0
0
0
0
0
0
0
0
0
0
0
0.5
32.8
0
0
0
0
0
0
0
0
3.1
14.5
0.1
0
1.3
0
0
0
0
0
8
0.2
0
0
0
0
0
0
0
0
0.8
67.7
0.1
0
0
0
0
0
0.1
0
0
0
1.2
1.1
17.6
0.1
3.6
0
0
0
0
0.9
5.2
12.9
0.2
0.1
0
12.9
6.1
0
0
0
7.4
6.1
0
0
0
0.7
0
0
0
0
5.4
0.2
0
0
0
0
0
0
0.3
1.9
0
0
0
0
0.1
0
0
1
8
0.3
0
0
0
0
0
0
0
0
0.1
0
0
0
0
0
0
0
0
0
0
0.1
0.1
0
0
0.1
0.1
0.1
0
0.1
0.1
0
0.1
0
0.1
2.6
0.1
0
0
0
0.1
0
0
0
0
0.1
1.7
0
0.1
0
0
0
0.9
11.1
0
0.7
0.8
0
0
0
0
0.3
0.3
0
0
0
0.1
0.1
0
0
0
0
0
0
0
0
0
0
0
0
0
0
0
0.8
0
0
0.2
4.4
1.7
0
0
0
0.5
5
0.5
0
0
1.2
22.5
6.5
0
0
0
0
0
0.7
13.7
0
0
0.1
4.5
0.1
0
1.8
0
0
0.2
0
0
14.4
2.2
0.1
0.7
0
0
9.1
0.2
0.1
15.7
6.9
0.5
0
0
0
0
0
0
0
0
0
0
0
0
0.7
0
0
0
0
0
10.9
4
22.8
10.1
12
4.3
0
0
0.2
7.8
0.5
0.1
0.1
0.8
0.1
0
0
0
0
1.4
31.5
0.4
8.1
13
1.6
6.2
0
0
0
0
0
0
0
0.1
0.5
0.1
0
0
0
0
0
0
0
0
13.5
0.4
0
0
0
0
0
0
0
0.4
2.1
1
0
23.7
0
0
0
0
0
19.4
0
0
0
0
0
0
0
0
0
0
0
0
3.8
3.3
1.1
0.8
10.8
0.1
0
3.8
4.4
2.2
15.4
16.7
0.1
16.1
0.1
0
0
0
11
0.1
0
0
0
0
0
0
0
0
0
13.1
0.1
0
0
0
35.1
0.1
0
5.7
10.8
0.1
8.8
0
0
0
0
71.6
0.1
0.2
1.4
6.8
0
0
0
0
0
0
0
0
0
16
0
0
2.1
3.7
0.1
0
0
0.2
0
0
0
0
0.1
0
0
0.1
0
0
0
0
1
0
0
0
0
0
11.5
0.2
13.8
0
0
0
0.2
0.2
0.1
0
0
0
0
0
0
0
0
0
0.4
0.1
0
0
0.2
0.1
0
0
0
0
0
0
0
0
0
0
0
0
0
0
0
0.1
0
0
0
1.3
32.6
32.1
0.1
0
0
0
0
0
0
0.1
0
0
0
0
0
0
0
0
0
0
0.1
0
0.1
0.1
0
0
0.1
0.1
0.1
0
0
0
6.5
0.3
0.1
0
0
0.8
0.3
0
0
0
0
0.1
0
0.1
0
0
10.5
0
0
0
0.1
0
0
0
0
0.8
0
0
0.3
0
12
4.7
0
0.2
1.5
0.1
0
0
0.2
0.1
0
2.5
2.5
0.1
4.9
0
0
0
2.7
0
0.1
0
7.8
0.1
0
0
0
0
0
9.4
0
0
0
0
0
0
0
0
0
0
0
0
0
0
1.3
0.3
0
0
0
0
0
0
0
0
0
0
0
0
0
0
0
0
0
5.4
2.4
0
1.2
0
0
0
0
1
0
0.1
0.2
15.9
0.7
0
0
0
0
0
1.3
7.4
0.1
0
0
0
0
0
0
0
4.2
6.7
4.5
0
0
6.2
0.3
0
0
0
0
2.2
0
0
0
0
0
0
0
0
0
0.8
0.5
2.8
0
0
0
0
0
0
1.8
0
0.1
0.7
0
0
11.8
0
14.5
0.2
15.5
0.2
0
0.3
0
0.1
0.1
0
0
0
0
0
0
0
0
18
19.9
0
22.4
19.9
0.1
0
0
0
0
9.1
0.3
4.6
0.1
0
5.6
0
0.1
0.8
1.5
0
0
12.4
17.7
0.1
3.4
0
0
0.1
0.3
0.2
0
0
0
0
0
0
0
0
0
0
7.6
23.5
0
29.8
0
0
0
4.3
1.2
0.1
3.8
1.6
39.7
36.9
0.3
0
0
0
0
0.1
0
1.3
0
0
0
0
11.2
6.2
61.9
1.8
0
0
0.1
0
0
1.8
0
3.5
0
0
0
1.4
1.6
6.4
0.1
0
5.8
0.1
7.7
1.5
0
15.4
0.1
0
0.6
0.1
0
0
0
1.7
3.1
0.1
0
0
0
25.7
5.4
0
0
0.1
0
18.8
5.4
0
0
0
0
0.4
0
6.4
0
3
0.1
0
0
0
0
0
0
0
0
0
0
0
0
0
0
0
0.1
0
0
11.4
9.4
0
0
0.1
0
0
0.7
2.7
0
0.1
8
0
0
0
0.1
0.1
0
0
0.2
0
1.8
3.3
9.7
2.8
29.6
43.7
34.6
0
0
0.6
3.1
0
0
0
0
0
0
0
0.1
0.1
3.4
7.6
0
0
0
0.2
0.1
0.1
0.1
0.2
0
0.1
0.1
0
0
0
0
0
0
0
0
0
0.1
0.1
0.1
0.1
0.1
0
0
0.1
0
0
0
1.6
0
0.7
7
0
0
0
0
0
0
0
0
0
0.1
2.5
0
0
0
6
0.1
0
0
0
0
0
0
0
0
0
0
0
0
0
0
0
0
0.3
0
6.6
0
0
0
0
0
0
0
0
8
0
0
0
0
0
0
0
0
0
0.2
0.2
0
0.1
0
0
0
17.4
0
2.7
1.1
3.7
0
0
0
0
0
0
0
0
0
0
0
0
0
0
0
0
0
0
0
0
0
7.1
0.5
0.1
14.8
0
0.1
0
0
0
0
1
0
0
5.8
0
0
0
0
0
0
0
0
0
0
0
0
0
0
0
0
0
0
0
16.1
4.9
0
0
0
0
0.2
0
0
0
0
0.7
16.3
10.2
0.1
12.7
0.1
0
0
0.7
12
41.2
0.1
8.3
0
0
0
3.1
9.3
0
0
0
0
0
4.6
4.9
0.1
0
0
0
0
0
0
0
0
0
0
0
0
0
0
0
0
0
0
0
0
0
0
0
0
0
43.2
0.4
3.6
0
16.7
0.2
0
0.1
0
2
5.4
28.6
5.6
0
0
0
0
0
0
4
1
0
0
0
1.7
0
2.2
0.1
2.3
17
0.1
0
29.6
0
0.4
0
0
0
0
0
0
0
0
0
10.1
36.5
4.6
0
0
0
0
0
4.8
0
0.4
0.6
0
0
0
0.2
0.5
0
0
0
0
0
0
0
4.7
0.1
0.1
0.3
10.5
7
0.1
0.1
0
0.2
0
0
0
0
0
0.1
0.3
0
0.4
0
0
0
0
0
0
0
0
0
0
0
7
1.5
1.2
0
0
0
0
23.2
3.7
0.1
0.1
0.1
0
0
0.1
0.2
0
0
0
0
0.2
0
0
0
0
0
0.1
0
0
0
0
0
0
0
0
0
0.1
0
0
0
0.8
0.1
0
0
0
0.1
0
0.1
0
0.2
0.1
0
0
0
0
0.1
0
0
0.1
0.1
0.1
0.1
0.1
0
0
0
0
0
0.5
0
0.7
0
0
0
0
0
0
0
0
0
0
0
0
0
0
0
0
0
0
0
0
0.3
0.1
0.1
0
0
0
0
0
0.1
0
0
0
0
4.7
0.1
0
0
1
0.1
2.6
7.6
0.1
0
0
0
0
0
0
0.4
0
0
0
0
12.6
4.5
0
0
0
0
1.2
0.7
0
0.2
0.1
0
0.1
0
0
0
0
0
23.2
5.3
0
0
8
3.1
0.2
0
0
0
0
0
0
0
0
1
7.5
0
0
4.7
25.6
0.1
0.5
2.3
0.1
0
0.4
0
0
0
0
0
0
0
0
1.8
29.2
0.1
0.8
0.2
0
0
0.6
3.7
0
12.2
0
0
0
0
0
1.5
1
2.6
9.2
4.9
0.6
0.6
4.3
0.1
0.8
0.1
0
4.1
0.1
0
0
2.7
0
0
0
0
0
1.1
0
3.7
0.4
0
0
0
4.6
0.1
0
0
0
0
0
0
0
0
0
5.4
0
0
9
0.1
0
0
0
0
0
0
0
0
0
0
0
0
0
0
0
0
0
0
7.4
0.1
0
0
0
0.1
0
0
0
0
0
0
0
0
0.8
0
0
0
0
49.1
0.1
0
0
0
0
0
0
0
0.9
0
0
0
20.8
0
0.1
0
0
0
0
6.7
8.7
0.1
0
2.1
0
0
0
0
0
0
0
0
0
0.3
0
0
0
1.4
0.1
0
0
0
0
40.8
2
0.1
0
8.2
3.8
0
0
0
0
0
0
0
0
22
0.1
5.9
0.1
1.3
0.1
0
0
3.7
0.1
0
9.9
0
5.5
0
0
0
0
0
21.8
33.2
1.9
0.1
0
0.8
0.1
0
0
0
1.9
0.1
0
3.1
0
0
0
0.2
0
0.1
0
0
0.1
0.3
6
0.2
0
0
0
0
0.1
0
0
0
0
0
0
0
0
0.1
16.3
8.5
42.3
0
0
11.3
2.6
0.1
0.5
0
0
0
0.1
1.7
0.6
0
0.1
0.1
0.1
0.1
0.2
0
0
0.2
0
4.3
1.3
0
0.4
4.5
0.5
0
0
0.1
0.1
0
0
0.1
0
0
0.1
0.1
0.1
0
0
0.1
0.1
0
0
0
0
0
0
0
0
0
0
0
0
0
4.8
1.3
0.9
6.1
0
1.3
2.8
9.9
1.9
0
0
0
0
1.9
0.3
0.2
0
0
0.6
8.7
0
0
0
0
12
12.7
0
0
0
0
0
0
0
0
0
3.2
0.1
0
0
0
0
0
6.2
6.9
0
0
0
0
0
0
0
2.9
0.1
0
0
0
0
0
0
0
0
0
0
20.4
33.7
0.1
0.7
0
0
0
0.1
7.8
0
0
0
2.9
0.1
0
0
0
0
0
0
0
0
0
0.1
0
1.4
0.6
0
0
0
0
0
1.1
17.6
15.6
0.1
0
1.3
0
6
1
0.1
0
0.4
0
0
0
0
6.4
0
0
4.7
0
0
0
11.1
0
0
0
0.2
0
0
0
0
0
0
0
2.6
0
9.8
31.2
2.2
4.8
0.1
0
0
0
0.3
0
0
0
0
0
0
0
0
0
0
0
10
1.5
0
0
1.3
0.5
0
1.3
0
2.8
0.1
0
0
0
0
0
0
0.2
0
0
0
0
0
0
0
0
0
0
0
0
2.2
0
0.4
0
1.3
0
0
0
0
0
0
0.9
0
0
0
0
2.6
0
0
13.5
0.5
0
0
0
0
0.5
0
0
0
2.3
0
0
0
0
0
0
0
0
0
0
0
14.5
0.1
0
0
9.2
0.1
6.4
0
0
7.1
0.1
0
0
0
0.8
36.2
0.2
0
0.6
0
0
0
1.9
0
0
30.4
1.7
0
0
0
1.2
0
0
0
0
0
0
0.1
0
0
0
0
0
0
0.1
0
0
0
11.8
29.3
0.1
0.1
0
0
0
0
0
0.1
0.1
0
0
0
0
0
0
4.7
0.1
0
0
0
0
0
0
0.1
0
0
0
0
0
0
0.1
0
0
0
0
0
0
0
0
0
0.1
0.1
0
0
0
0
0
0
0
0
0
0
2.3
0
0.1
0
0.3
0.1
0
0.3
0.2
0
0
0
0
0.2
0.1
0
2.6
0
0
0
0.2
0
0
0
0
0.1
0
21
0.1
0
0
0.3
0
6
1.8
0
0
0
0
0
0
0
0
0.1
0.1
0.3
33.8
0
0
0
0.1
0.1
8.3
0
0
15.6
28.8
0.1
0
0
0
0
0
4.1
0
0
0
0
3.4
0.1
0
0
0
4.1
0
0.1
0
13.1
2.6
20.9
3.6
1.3
0.1
0.6
4.3
0
0
0
0.1
0.3
0.3
0
0.1
0.1
2.2
0
0
0.4
6.8
1.3
0
0
0
16.9
0.3
0
0
0
0.1
0
0
0
0
0
0
0
0.9
0.1
15.5
3.9
5.6
21.8
0.1
5.8
13.7
0.1
0
0
0
0
0
0
0
0
0
0.9
0
3.2
0.3
10.3
0
1
0.1
0
0
1.5
4.1
32.6
0.4
0.7
5.7
0.4
20.3
11.3
0
0
0
4.1
0.6
1
2.1
20.8
7.1
0
0
0.5
1.4
0
8
0.5
25.4
2.7
0.2
0
5.8
0
3
2.2
3
0
0
0
0
0.5
0
0
0
0
0
0
0
0
0
0
0
0
0
0
0
72.5
0.1
0
0
0
0
0
0
0
20.6
0.1
0.3
0
0.4
0.7
0
0
0
21.8
0
0
0
0.1
0
5.9
0.1
4.8
0.1
0
0
0
0
0
0
0
0.6
0.4
0
5.1
19.9
0.2
0.6
4.4
2.5
0
0.1
4
0.2
0
0
9.4
24.9
0.1
0
0
9.7
45.9
3.8
0
0
0
0
8.2
7.1
102.7
25.7
0.1
0
0
0
9.1
25.3
0.1
0
0
0
4.2
0
0
0.4
3.1
0.2
0
0.1
0
0
0
0
0
0
0
0
0
0
0
0
0
0
0
0
0
10.9
2.9
80.4
2.1
0
0
0
32.6
29.5
0
0.2
20.5
0
0
0
0.1
0.1
0.1
0.1
1.5
19.6
9.4
0
2
30.2
5.1
0
0
0
14.8
0.1
0
0
16.8
0
0
0
0
0
12.2
0.1
9.8
1
2.8
4.6
0
0
6.6
0
0
2.3
0
0
0.1
0.8
0
0
0
0.2
0.2
0.2
0.1
0
0.1
0.2
0.2
0.1
2.8
0.8
0
2.2
0.1
0.1
0
0.1
0.1
0.1
0
0.2
0.1
0
0
0.1
0.2
0.1
0.1
0
0
0
0.1
0.1
0
0
0
0
0
0
0
0
0
0.1
0.1
12.1
0.1
0
3
0.1
0.1
1.5
0
0
0
0
0.6
0
0
0.1
2
0
0
0
0
0
0.1
0
0
0
0.1
0
0
0.1
0
0
0
0
0
0
0
0
0
0
0
0
0
0
0
0
0
0
0
6.2
0
0
0
0
0
0
0
0
0
0
0
0
0
0
0
0
0
0
0
0
0
0
0
0
0
0
14.5
3.8
0
16.5
0.5
0
0
10.1
0.2
0
0
0
0
2
0.1
0
0
0
4.2
0.1
0
2
0.2
5.1
0
0
0
0.2
0.1
0
9.1
16.3
0.1
0
0
0
1.3
0.1
0
0
0
0
0
0
1.3
13
0.1
2.9
0.9
0.1
0
0
7.2
0.8
0
2.2
21.2
0.1
0
0
0
0
0
0
0
0
0
0
0
0
14.7
0
0
0.2
0
0
0
0
0
0
1.2
0
0
0
0
0
0
0
0
0
0
0
0
0
0
0.1
0
1.4
30.3
0
0
0
0
0
0
0
9
0.1
0
0
0
0
0
0
0
0.2
7.3
0
0
0
0
0
0
0
0
0
0
0
0
0
0
0
7.7
0
0
8
0.1
0
0
0
0.7
0
0
0
0
0
0
0.2
0
0
0
0.4
11.4
7.7
0
0
2.7
0.1
0
0
2.5
38.6
2.9
0
0.2
1.5
0.1
0
0
19.1
11.1
0.1
2.4
0.1
0
0
0
0
0
0
0
0
0
0
0
0
0
0
0
0
0.4
0
0
0
0
6.5
0
0
0
0
0
0.5
0.1
66.8
7.1
0.1
0
0
0.1
0
0
0.1
0.7
4.3
4.4
2.3
0.6
1.5
0
0.1
0
0.1
1.7
0
0
0
5.5
0
0
0
0
0.1
0.1
0
15.2
0.6
0
0
0.1
0
0
0
0.1
0.6
0.2
0
31.1
7.2
0
0
0.1
0.1
0
0.6
0.1
0
0
0.2
0.1
0.1
0.1
0.6
17
5.4
0
0
0
0.2
0.1
0.2
0.2
0
0
0
0
0.1
0
0.1
0
0.1
0
0
0.1
7
0.1
0
0
0.1
0.1
0
0
0
1
1.1
66.4
45.7
29.8
0.2
0.7
0.2
0
0
0.1
0
0
0
0
0
0.1
0
0
0
0
0
0
0
0
0
0
0.1
0.1
0
0
0
0
0
0
0
0
0
0
0
0
0
0
6.1
0
0
0
0
0
0
0
0
0
0
0
0
0
7.5
0
0.1
0
0
0
0
0.2
0.1
0.1
0
0.2
0.2
0.3
1
1.7
3.2
0.3
0
0
0
0
0
0
0
0
0
0
15
0.8
0
0
0
6.2
23.3
2.4
19.4
1
2.6
0.1
0
1.9
0.4
0.2
0
0
0
0
0
0
0
0
0
0
0.1
14.6
0
1.9
2.5
11.2
0
1.7
0.1
0
0
0
0
0
0
0
0
0
0
0
38.9
0.3
0
32.7
1.5
23.9
13
0.1
0.2
39.3
0.1
1.3
3.8
1
2.8
0
0
0
16.9
0
6.8
0
25.6
0.1
0
0
0
4.1
0
0
0
0
0
0
24.3
12
0
0
0
0
0
0
0
0
0
9
2.4
0.1
0
0
0
0
0
0
0
0
0.5
0
0
0
0
0
0
0
0
0
27.2
2.2
0
0
0
0
48.1
0
0
0
0
2.1
4.4
0.1
0
0
0
0
0
0
0
0
0
0
0
19.6
21.5
9.5
0
0.6
0.1
0
0
0
0
2
3.4
6.5
2.9
0.1
0.1
0
0
0
0.2
0.1
4.5
0.5
0
33.1
1
0
0
0
0.5
0.1
0
0
0
0
8
0
0
0
0
0
0
34.2
2.6
0
0
0
5.5
0.1
0.1
0
0
0
0
0
4.3
0.1
0
0
44.6
0.2
0
0
0.1
0
0
0
9.3
11.9
0
0.3
9.9
0.2
0.2
0.1
0
0
0
0.2
0
0
0
0
0.1
0.2
0.1
0.1
0
0.1
1.4
4.4
16.8
23.7
0.1
0.1
0.1
0
0
0
0
0
1.6
0
0
0
0.9
0
0.1
0
0
0.1
0.9
12.2
0
0.1
0
0.2
0
0
0
0
0
0
0
0
0
0
0
0
0
0
0
0
0
10
0.1
0
0
0
0
0
0
0
0
0
0
0
4.2
0
0
0
0.1
0
0
0
0
0.1
0.1
0
0
0
0
0
3.1
2.4
0.6
0
0.1
4.1
0
3.8
1.1
0
0
0.1
0.1
0
0.1
18.2
0
0.1
0
0.1
0.1
0
0
0
0
0
4.1
12.2
0.1
0.2
0
0
0
1.1
0.1
0
0
0
0
11.4
0.9
0
0
0
0
0.1
0
0
0
0.1
0
0
0
0
0
0
0
0
0.4
0
0
1.2
0
24.8
0.2
0
0
0
11.6
0
0
0
2.1
1
0
0
0
0.2
11.7
0.7
0.8
1.4
14.2
24.2
0
0
0
0
0
3.6
0
6
6.7
2
0
0
0.5
0
0
0
0
0
0
0
0
0
0
0.1
0
0
0
1.4
17.6
0
2
0
0.1
0
1
9.6
0.3
0.1
7.8
0
1.9
0
0
0
0
0
2.1
0
0
6.5
0
0
1.7
0
0
0
0
0
0
0
0
0
0.1
0
0
0.1
1.9
0
0
0
0.4
0.2
0
4.7
0.3
0
0
0
0
0
0
0
0
0
0
0
0
0
0
0
5.8
0.1
0
0
5.8
0
0
0
0
0
0
0
0
0
0
0
0
0
0
3.5
0
0
0
0
2.4
27.7
0.1
0
0
0
0
3.6
0
0.2
0.2
13.3
0
6.4
0
0
0.6
26.2
0.1
0
0
0
0.1
10.1
0
1.8
0
8.2
0.1
0
0
0
0
0
0
0
0
0
0
0
4.1
16.9
0.2
0
0
0
0.3
0
0
0
0
0.1
0
0
0
0
0
0
0
0
0.1
0
0
0.1
0
9.9
0
8
0.1
0.1
0
0.1
0.1
0
0
0
0
0.1
7.1
10.8
1.3
0
0
0.1
0.9
0.1
0.2
0.1
0.1
0.2
1.6
24.5
6.5
2.3
0
0
0
0
0
0.4
0
0
0
0.2
0
0
0
0
0
0
0
0.1
0.2
0.1
0
0
0.1
0.1
0
0
0.3
0.3
0
0.1
0
0
0.1
0
0.1
0.2
0
0.1
0.2
0
1.5
0
0
0
0
1
0.1
0
0.1
0
0
0
0
0
0
0
0
0.1
0
0
0.1
0
0
0
0
0
0
0
0
0
0
0
0
0
0
0
0
0
0
0
0.7
0.1
0
0
0
1.3
0
0
0
0
0
0
0
0
0
0.1
6.1
0.1
0
0.1
0.3
0.2
0.5
0
0
1.3
23.8
0.4
0.4
0
0
0
0.1
0.3
5
5.2
0.4
0
0
0
2.4
0
0
0.4
48.2
0.5
0
0
3.3
0
0
0
0
0
0
0
0
0
0
0
0
0
0
0
4.8
1.9
11.6
0
8
0.6
0
0
0
0
0
23.3
14
4.2
15.3
0.1
0
0
0
0
2.1
0
0
0
0
0
0
0
0
0
0
0
0
0
0
32.2
4.9
0
0
0
0
0
0
0
0
0
0
0
0
0
13.7
0.1
0
0
0
0.2
0.2
0
0
0
0
0
0
13
1.3
0
0
0
0
19.9
0
0
0.1
0
0
0.1
0
0
1.5
0
0
0
0
0
0
0
0
0
0
0
0
0
0
0
0
0
0
0
0
0
0
0
0
3.1
0
0
0
0
4.9
0
24.4
0
0
1.4
0
0
0
0.1
0
0
2
6.4
0
0
0.4
0
0
0.1
28.3
5.7
0.1
0.1
0.7
0
5.5
0
0.2
0
0
0
0
0
0
0
0
0
0
0.6
1.8
21
0.2
0
0
0
0
0
0
11.9
20.7
2.7
0
0
0
0.7
0.2
0
0
0
0.1
0
0
1
2.5
0
0
0
0
0
0
0
0
0
0
0
0.9
0
0
0
0
0
0
0
0
0
0
0
0
0
0.1
0.1
0
0
0
0
0.1
0.6
0
0
0
0
0
-99
-99
-99
-99
-99
-99
-99
-99
-99
-99
-99
-99
-99
-99
-99
-99
-99
-99
-99
-99
-99
-99
-99
-99
-99
-99
-99
-99
-99
-99
-99
-99
-99
-99
-99
-99
-99
-99
-99
-99
-99
-99
-99
-99
-99
-99
