20000101
0
0
0
0
0
0
0
0
1.2
0
0
0
0
1.4
1.2
0.4
0
0.2
0
0
0
0
0
0
0.8
3.8
2.6
0
0.2
0
0
0
0
0.2
0
0
0
0
0
0
0
0
0.2
0.2
0
0
0
0
0
0
0
0
0
0
0
0
0.2
0
0
0
0
0
0
0.2
0
0
0
0
0
0
0
0
0
0
0
0
0
0.2
0
0
2.6
0
0.4
0
0
2.4
3.4
3.6
0
0
13
0
0.4
6
0.4
0
0
0
0
1.8
8.4
28.2
0
0
0.4
0
0.8
0.2
1
0
0
0
0
1
0
0.2
0.4
0
0
0
0
0
0
0
0
0
0
0
0
0
0
0.8
0
0
0
0
0
0
0
0
0
0
0
0.4
0
0
0
7.6
0
0
0
0
0
0
0
0
12.8
0
0
0
0
21.1
3.6
0.4
0.8
4
0
0
0
0
0
0
0
0
0
0
3
0
0
0
0
0
0
0
0
0
0
0
0
0
0
27.4
5.4
0.2
0
0
0
0
0
0
0
0
0
0
0.6
0
0
0
0
0
0
0
0
0
0
0.4
1.6
0
0
0
0
0
0
0.2
0
0
0
0
0
0
0
0
0
1
0
0
0
0
0
0
0
0
4.8
0
0
0
2.4
14
0
0
0
0
0
0
0
0
0
0
0.2
0
0
4.6
0
0
0
0
0
0
0
0
0
15.6
2.2
0.4
0
0.2
0
0
0.4
6
0
0
0
6
1.6
4.6
33
0
1.2
1.8
0
0
0
0.6
0.2
10.8
0
0
0.2
0
0.2
0
0.2
0
2.8
0.2
0.2
0
0
0
1.8
0
0
0
0
0
0
1.6
6.8
0
0
0
0
0
0
0
0
3.8
0
0
0
0.2
0
12.7
0.2
0
0.2
0
0.2
0
0.2
1
0
0
0
0
0
0
0.2
0.8
0
0
0
0
0
41.3
2.4
10.6
13.2
0
0
0
0.2
0
0
0
0
0
0
0
0
0.8
0
0
0
0
0
0
6.6
12.4
31.8
5.4
0.2
0
0.8
0
0.2
0
0
0
0
0
0
9.6
2.8
0
0
0
0
0
0
0
0
0.2
0
0
0
0
0.2
9
4.4
0.8
0
0
2.2
0.2
0
0
0
0.4
10.8
17.2
0.8
0
0
0
2.8
0
-99
-99
-99
0.8
3.2
0
0
0.2
2
0
0
0.2
0.6
0
0
0
0
0
0
0.2
0.2
0
4.2
0
0
13
0
0
0.2
0
0
0
0
-99
-99
-99
-99
-99
0
0
0
0.2
0
0
0
0.8
0
4.6
0.2
0
0
0
0
0
0
0
0
1.2
14
0.4
1.4
3.4
5.4
0
0
0
0
0
0.2
0.2
0
0
0
0
2.4
8.4
0
0
0
0
0
0
0
0
0
0
0
0
0
0
0
0
0
0
0
0
0
0
2.2
0.2
0
0
0
0
0
0
0
0
0
0
0
0
0
0
0
0
0
0
0
0
0
0
0
0
0
0
0
0
0
0
0
0
0
15
0
0
0
24.5
0
0
0
0
0
0
0
0
0
0
0
0
0
0
0
0
0
0
0
0
0
0
0
0
0
0
0
0.2
0
0
0
0
0
0
0
0
0
0
0
0
0
5.8
12.6
0.6
0
0
0
0
0
0
0
0
0.6
0
0
0
0
0
-99
-99
-99
-99
-99
0
48.9
0.2
0
0
0
0
10.2
0.2
0
0
0
0
32.7
0
0
0
0
7.2
0.6
0
0
1.2
0.2
0
0
0
18.9
0
1.2
0
0
0
0
0.2
0
0
0
0.4
0
0
3.2
0
0
0
-99
-99
-99
-99
0
0.6
9.8
1.4
0
0
1.4
0
0
0
0
0
0
0
0
0
0
0
0
0
0
0
-99
-99
0
0
0
0
0
0
0
0.2
0
0
0
2.8
3.2
0
0
0
0
0
0
0
0
0
-99
-99
-99
-99
-99
-99
-99
-99
-99
13
7.8
0
0
0
5.8
0
0
0
0
1.2
0
0.2
0
0
0
0
0
0
0.2
2
0
0.2
0
0
0
0
0
0
0
0
0
0
2.6
6.8
0
0
0
0
0
0
0
13.2
0.2
14.2
0.6
0
0
0
0
0
0
0
0
0
0.2
0
0
8
0
11
7.4
0
0
0
0
0
0
0
2.2
0
0
-99
-99
-99
-99
-99
-99
-99
-99
-99
-99
0.6
0
0
10.2
0
0
0
5.8
54.4
1.2
0
5
22
0.2
0
12.8
20.5
11.4
1.6
1
0.2
0
0
0.2
0
0
0
0
0
0
0
0
0
0
0
0
1
4
1.4
7
0.2
3.6
52.3
27.8
2.8
5
19.8
0
0
0
0
0
0.4
4
0
0
0
0
10.6
0
0
13.6
1.4
0
0
0
0
0
0.2
0
3
25
8.8
0.2
45
0
0
0
0
0.2
0
0
0
0
0
0
0
0
0
0
0
0
0
0
0
7.8
0.8
0
0
0
0
0
0.2
0
0
0
0
0
5.4
2.6
0.4
0.2
0
0
0
0
0
0
0
0
0
0
0
0
0
0
0
4.4
25.7
0
0
0
0
0.3
0
1.4
3.5
5
0
0
0
0
0.4
0
0
0
2.4
0.2
0
0
0
12.2
13.9
14
2.2
0
0
0
0.8
0.2
2
-99
-99
-99
-99
-99
-99
-99
-99
-99
3
0.2
0
0.2
0
1.8
0.2
0
0
1.6
11.8
11.8
0.2
0
0
0
0
0
6.6
0.2
0.6
0
0
0
0
0.2
22.1
84.1
9.6
0.2
0
0
0
0.2
0
0.2
0
0
0
0
0
0
0.2
0
0.2
0
0.2
0
0.2
0
0
0
0
0
0
2.2
6.4
0
0
0
0.4
0.2
0.2
38.5
1
0
0
0.2
0
1.2
0.6
0
3.2
27.7
1.4
0
0
0
0
0
0
0.4
0
0
0
0
0
1.2
2.8
42.3
0
0.2
0
0.2
0
0
0
0
0.2
0
0.2
0
0
0.2
0
0
0.2
0
0
2.8
0.4
0
0
0
0
8.4
30.1
0
1.2
0
0
0
0
0
0
0
0
0
0
8.6
0.2
0.8
0
0
0
0
0
0
0
0.8
0
0
0
0
0
0.6
0
0
0
0
0
0.4
0
0
0.4
0
0.2
0
0.2
0
17
17.8
6.6
1
1.8
0
21.6
15.4
0.4
0
0
0
0
0
0.2
0.2
0
0
0.2
0
0
0
0
0
0
0
0
0
0
0
0
0
0
0
0
0
0
9.8
1.4
19
1.4
0.2
5.4
0
0
0
0
0
7
27.9
1.2
0
0
0
0
0
0
0
0.2
0.4
0.6
0
0
0
0
0
0.6
0
0
0
0
0
0.2
0
0
0
0.8
3
0
0
0
0
0
0
0
0
0.8
0.4
0
4.4
0
0
0
0
0
9.2
5.6
0
0
0
0
0
0
0
0
0
0.2
0
0
0
0
0
0
0
0
0
0.4
0
0.2
0
0
0
0
0
0
0
0
0
0
0
0
0
0
0
0
0
0
0
0
0
0.2
0
0
0
0
0
0
0
0
0
0
0
0
0
0
0
0
0
1.6
0
0
0
0
0
0
0
0
0
0
0
0
0
0
0
0
0
0
0
0
28.9
0.2
0
0
0
0
0
0
0.2
0.2
0
0
0
0
29.5
0.6
0.2
0
4
30.9
0
24.7
0.2
5
0
0
0
0
0
0
0
0
0
0
0.2
0
48.6
0.4
0
0
0.2
10.8
7.8
0
17.6
0
0.2
0
14
2.4
0
0
0
0.2
0
0
0
6
0
21.6
22
42.9
14.4
3.6
0
0
6.2
0
1.2
0
8.4
3.8
1.6
0
0
2.4
0
0
0
0
0
0.2
0.2
0
0.8
0
0
0.4
0
0.2
0
0.6
0
0
0
0
3.4
0.6
11
3
0
0.6
1.8
0
0
0
14.6
5.8
40.4
9.8
0.8
0
15.4
0.4
0.2
0
0.2
0
0
0
0
0
0
1
1.8
0.2
1.2
3.2
0
0
0
0
0
7.4
0.2
0
0
0
0
0
0
0
0
0
0
0
0.2
0
0.2
0
0
0
0
0
0.2
0
0
0
0
0
0.2
0
0
9.2
1.8
0
0
0.2
0
0
0
0
0
0
0
0
0
0
0
0
0
0
0
3.8
0
2.2
0.4
26
5.2
0
0.8
0
8.6
24
0
0
0.6
0
0
0
0
0
11
0.2
0
0
0.4
0
0
0.4
0
0
0
0
0
0
0
0.6
9.2
0
0.2
2.2
0.4
14
0
55.6
4.4
0.2
0
0.4
0
0
0
0
2.2
16.8
0.2
0.8
0
0
0.2
2.8
0
88.5
0.8
7.4
0.2
0
0
0.8
0
0
0
0
0
13
44.3
0.2
0
0
5.6
0.4
11.4
0
2.2
0.6
0
7
14.2
1
0.8
0
0
0
0
0
0
0
0
0
0
0
0
0
0
0.4
0
0.2
0
0
0.2
0
0
0
0
0
0
0
0
0
1.2
0
11.5
0.4
1.2
0
0
10
0.6
5.2
0
0
0
0
0
0
0
0
0
0
0
0
0
0
0.6
0
0
0
0.6
10.6
0.2
0
0
0
0
0
0
0
0
0
0
0
0
0
0
0
0
0
0
0
0
0
0
0.8
2
0
0
0
0
0
0
0
0
0
0
0
0
0
0
0
0
0
0.4
0.4
0
0
0
0
1.2
0
0
0
2.4
20.1
0
0
0
5.2
0
0
0
3
0.2
0
24.7
9.4
3.4
0
0
0.2
0
0
0
0
0.2
0
0
0
0
0
0
0.2
0
0
0.2
0
0
0
0
0.2
0
0
0
0
0
0
0
0
0
0
0
0
0
0
0
9.7
12.8
2.2
0.2
0
9.8
18.7
2
0
0
0
0.2
0
0
0
0
0
0
0
0
0
0
0
0
0
0
0
0
0
0.2
0
0
0
0
0
4.8
0
7.8
0
0
31.4
0
0
14.6
10.4
2
0.2
0
0
0
0
0
0
0
0
0
0
0
0
0
0
9.6
0.2
0
0
0
0
0
0
0
0
0
0
0
0
0
0.2
0
0
0
0
0
0
0
0
0.2
0
0
0
0
0.2
0
0
0
0
0
0
0
0
0
0
0
0
16.1
8.4
20.4
27
1.2
0
0.2
0
6.2
0
0
0
0
0
0
4.2
2.6
0.2
0
0.2
0
0
0
2.4
0
0.6
0.4
0
1.2
0.2
0
0
0
0
0.4
0.2
0
0
0
0
0.2
0.2
0
0
0
0
0.6
1.8
0
0
0.2
0
8.2
1.2
0.2
0
0
0
0
0
0
0
10.4
2.4
0
0
0
0
0
2.8
1.4
0
0
0
0.4
0
0
0
0
0
0
0
0
0
0
0
2.6
0.8
0
2.1
0
0
0
0
0
0
0
0
1.1
0
7.3
24.4
0
0
0
0
0.3
0
0
0
0
0
0
0
0
0
0
0
0
0
0
0
0
0
0
0
0.3
0
0.2
3.2
0
0
0
0
0
0
0
0
0
0
0
0
0
0
0
0
0
0
0
0
0
0
0
0
1.4
1.7
0
0
0
0
0
0
0
0
0
0
0
0
0
0
0
0
0
0
0
0
0
4.8
12.6
0
0
0
0
0
0.1
0
0.3
0
0
0
0
0
0
0
0.5
10
65.1
0.1
0
0
0
0
0
3
0.1
0
0
0
0
0
0
0
4.9
20
21.7
11.7
0.9
0.3
0
0
0
0
0
0.5
16.5
3
0.1
0
0
0
0
0
51.3
2.8
0
0
0
0
0
54.7
0
0
0
0
0
0
0
0.5
51.4
25.3
95.3
17.4
9.4
0
0
0.5
0
0
0
0
0.2
0
0
0.1
0
0
0
0
0
0
0
0
0.2
0
0
0
0.1
27.6
0.6
0.2
12.6
20.7
36.2
0
4.1
0
0
0
0
0
0
0
0
10.9
0.2
0
0
0
0
0
23
0
0
0
0
0
0
0
0
0
0
0
0
0
0
0
0
0
0
0
0
0
0
0
0
0
0
0
0
0
0.3
0
0
0
6.8
0.1
34.2
7.4
21.3
1.7
0
0
0.2
0
1.7
1.7
0
0
0.1
0
0
0
0
0
0
12
34.8
38.7
29.6
16.9
0.2
0
0
0.1
0
0
0
0
0
0
0
0
0
0
0
0
0
0
0
0.1
0
0
0
0
0
0
9.6
0.1
0
1.5
0.1
0
0
1.7
0
0
0
0
0
0
0
0
0
0
0
0
1.9
6.6
0.1
0
1.9
0.1
0
0
0
0
0
0
0
0
0
0
0
0
0
0
0
0
0
0
0
0
0
0
0.1
0
0
0
0
0
0
0
0
0
0
0
0
0
0
0
0
0
0
0
0
0
0
0
0
0.5
0
0.3
0
0
0
0
0
0
0
0
0
0
0
0
0
0
0
0
0
0.1
1.5
0
0
0
0
0
0
0
0
0
0
0
0
0
0
0.1
0.1
0
0
0
0
0
0
0
0
0
0
0
0
0
0
0
0
0
0
0
0.2
0.1
0
0
0
0
2.7
0
0.5
0
0
0
0
0
0
0
-99
0
0
0
0
0
0
0
0
0
0
0.5
5.2
0
1.2
1.2
0
0.3
0
0.1
2.7
0.7
0.1
0.1
0
0.1
5.2
0
0
0
0
0
0.1
0.5
1.3
0.2
0
0.1
0.1
0
0
0
0
0
0
0
0
0
0
0
0
0
7.7
19.3
3.8
12.1
0
0
0
0.1
0
0
0
0.1
0
0
0
1.5
0
0
0
0
0
0.7
6.1
0
0
0
0
0.9
0.8
12.6
16.9
0.3
0
0
0
0
4.5
0.6
0
0
0
0
0
0
0
0
0
0
0
0
0
0
0
0
0
0
0
0
0
0
0
0
0
0
0
0
0.6
0
0
0
0
0
0
0
0
0
0
0
0
0
0
0.7
0
0
0
18.8
0
0.5
0.5
0.1
0
0.5
0
0
-99
-99
0.4
3.7
0
0
0
7.6
0
0
0
0
0
0
0
0
0
0
0.2
0
0
0
0
0
0
0
0
0
0
0
0.1
0
0
0
0
0
0
0
1
0
0
0
0
0
0
0
0
0.7
0.1
0
0
0
0.6
0.3
0
8.2
0
0
0
1
0.1
0
0
0
20.6
4.1
0.7
0.1
0
0
0
0.1
5.1
0.1
0
0
0
0
0
0
0
0
9.5
0
0
0.1
0
0
0
0
0
0
0
0
4.7
0.1
0
0
0
1
0.2
0.6
1.6
6.2
0.9
0
3.9
0.4
5.7
34.1
0.1
1.4
0
0
0
1.2
1.9
2.8
5
9.9
1.8
0
0
0
0
0
0
0
0
0.1
0
0
0
0
0
0
0
11.7
0
1.9
0.5
0
0
0
0
0
0
0
0
0
8.8
0
0
0
0
0.1
0
0.3
0
2.5
0.9
0
33.7
6.3
0
0
0
0
1.2
0.1
0
0
0
0
0
0.4
0
0
0
0
0
0
0
0
0
0.2
0
0
0
0
0
0
0
0.7
16.4
0
0
0
0
0
0
0
0
0
0
0
0
0
0
0
0
0
0
0
0
0
0
0
0
0
0
0
0
0
0
0
0
0
0
0
0
0
0
0
3.7
0
0.2
0
0
0
0
0
7.7
0
0.8
0
0.1
38.7
0.2
2.4
1.7
0
0.1
0
0
0
0
0
0
0
0
0
0
1.1
0
0
0
0
0
0
0
0
0
0.2
0
0
0
0.8
0
0
0
2
0
0
0.1
0.1
3.1
0.6
0.2
0
0
0
0
0
0
0
0
0
0
29.4
2.5
0
0
0
0
2
0.1
0
0
0
0
0
0
0
0
0
0
0
1.2
0
0
0
0
0
0
0
0
0
0
0
0
0
0
0
0
0
0
0
0
0
9.7
0.4
0.1
0
0
0
0
0
0
0
0
0
0
0
0
0
0
0
0
0
0
0
0
0
0
3.9
0
2.8
2.2
0
0.1
5.8
24.8
0.1
0
0
0
0
0
0
0
0
0
0.5
10.4
0.1
0
0
0
0
0
0
0
0.4
0
0
0
0
0
0
0
0
0
0
0
0
0.3
0
0
0
0
0
0
0
0
11.3
7.1
0
0
0
0
0
0
0
0
0
3.7
0
0
0
0.3
0.3
0.3
0.1
0
0
0
0
0
0
0
0
0
0
0
7.2
0
0
0
0
21
1.3
0
0
0
0
0
0
0
0
1.2
0
0
36.5
3.8
0
1.7
0.4
0
0
0
16
5.8
0
0
0
0
0
0
0
0
0
0
5.4
0.5
0
3.2
0.1
0
20.7
0.8
0
1.8
2.3
1.6
0.8
0.5
0
0
0
7.4
0
0
0
0
0
0
4.2
0.3
0.1
0
28.5
32
3
6.3
0
0
0
0.5
0.8
0.4
0.1
0.2
0
5.7
0.1
0.1
15.7
3.4
3.3
0
0
0
0.2
20.9
0
2
0
19.9
8.4
1.6
2.5
0
0.8
0
0
10.4
0
0
0
0.4
0
1.5
0
0
0
0
0
0
0
2.9
0
0
0
0
0
0
0
0
0.1
0
0
0
0
0
8.8
1.2
0
0
0
0
0
0
0
0
0
0
0
0
0
0
0
0
0
0
0
0
0
0
0
0
0
0
0
0
0
0
0
0
0
0
0
0
0
0
0
18.3
0
0
0.3
0
0
0
0
0
0
0
0
0
0
0
0.2
0
0
0
0
3.3
24.2
0
0
0
0
0
0
0.4
0
0
0.1
0
0
73.6
0
0
0
0
0
0
0
21.9
0
0
0
1.2
3.8
0
0
0
0
1.1
0
0.8
0.4
15.7
0.5
0.6
0
0
2.1
0
0
0
0
0.1
19.4
5.4
0.1
14.3
23.8
39.1
0
0
0
1.6
0.4
0
0
0
0
4.6
0
0.1
0
0
0
0
0
0
0.2
0
1.8
8.5
0
0
0
0
4.7
0
0
0
0.3
0
0
0
0
0
0
0.6
0
0
12.7
3.5
0.8
3.5
0.1
0
0
0
0
0
0
0
0
36.8
11.4
0.1
2.7
1.7
0.9
0
0
0
0
0
6
4.5
0
8.1
26.9
0
0
0
0
0
0
0
0
0
0.4
0
0.5
0.9
0
0.4
0.1
0
0
0
0.7
27.8
8.3
8.6
27.9
0.1
10.7
0.3
0.7
0
0
7.1
0.1
0
0
0
0
0
0
0
0
0.2
0
0
0
0
0
0
0
0.1
0.4
0
0
17.3
0.8
0
0
0
0.1
0.6
0
0.1
0
0
0
0
0
0
0
0.2
0
0
0
0
0
0
0
2.6
4.3
0.1
45.9
4.1
7.9
0.2
0
0
0
15.2
1
0
0.7
0.5
7.1
1
0
0
0
2.8
0
1.6
1.2
1
0
0
0
0
0.2
0
0.5
0
2.7
3.9
0
0
0
0
0
0
0
0
0
0
0
0
19.1
0
0
0
0
0
0.1
0
0
0
0
0
0
0
0
0
0
3
0.4
0
0
0
0.2
5.7
0.2
0
0
0
0
0
0
0
0
0
0
0
0.6
0.8
0
0
0
0
0
0
0
0
0
2.2
0.2
0
0
0
0
0
0
0.2
0.4
0
0
0
0
0
0
0
0.1
0
0
0
0
2.3
0
0
0
0
0
0
0
0
0
0
5.7
0
0
0
0
0
0
0
0
0
0.2
0
0
0
0
0
0
0
0
0
0
0
0
0
0.1
0
0
0
0
0
0.1
0
0
0.3
0
0
0
0
0
0
0
0
0
25.2
1.2
0
7.2
1.6
0
5.9
0
0
0
0
0
0
0
0
0
0
0
0
0
0
0
0
0
0.3
16.1
0
0
0
0
0
0
0
0
0
0
5.4
25.4
34.7
0
0
0
0
0.1
0
0
0
0.1
0.1
0
0
3.6
7.2
0
1.2
0
0
0
0
0
0
0
0
0
0
0
0
0
0.1
0
0
0
0
0.1
0
0
8
0
0
0
0
0
0
0
0
0
0
0
0
0
0
0
0
0
0
2
0
0
3
9.5
3.7
4.3
0
1.6
0.1
0
0
0
0
0
0
0
4.5
7.6
0
15
0.6
10.2
0
0
3
0.2
12
0
1.5
0.4
0.5
1.1
3.2
0
0
0
0.3
0
0
0
0
0
0
5.5
0
0
0
10
0
0
0
54.6
19.4
0
0
0
0
0
5.9
7.8
0.1
15.7
20.8
0
1.3
0
0
0
0
0
0
0
0
1
19.5
0
16.8
0
0.5
49.9
0
0
0
0
0
0
0
0
0.1
0
0
0
4.7
4.1
0.2
0
0
0
0
0
0
0.2
0
11.4
0.1
0
15.2
0.1
0
0
0
0
0
0
9.8
0
0
0.1
0
0
0.6
0
0.1
0
0.6
1.6
0
0
0
0
0
0
0.1
1.6
15.9
41.8
29.1
2.2
3.9
0
2.9
1
0
0
8
31.7
1
1.7
0
0
0
0
0
0
0
0
0
0
0
0.3
0
0
0
0
0
0
0
0
0
0.3
0
0
0
0.3
2.2
0.1
0
1.3
0.7
0
0
2.1
5.6
0.1
0
0
0
0
0
0
0
0
0
0
0
0
0
0
0
0
0
0
0
0
0
0
0
0
0
0
0
0
0
0
0
0
0
0
0
0
0
0.2
6.8
0.6
0
0
11.5
0
0
2.7
3.3
0
0
0
0
0
2.3
0
1.4
0
0
0
0
7.4
0
0
0
0
0
0
0
0
0.1
0.4
0
0
0
0
0
0
0
0.5
10.8
0.8
0
0
0
0.2
0
0
0
4.4
75.5
2.5
0
0
28.8
0.1
0.1
68
0
0.5
0
0
0
0
0
0
0
0.2
0
0
0
0
0.2
22
4.7
40.3
27
0
0
0.1
0
0
0
0
0
0
0
0.1
0
0
0
0
0
0
4.3
0.3
0
0
0
0
0.1
1.8
0
0
5.3
0.4
0
0
0
3.1
0
1
0.9
0.2
1.4
0
0
0
0
0
2.3
3.9
0
1.3
5.9
0.1
0
0
0
0
0
0
0.1
0.2
0
0.1
0
0
0
0
0
0
1.2
0.2
0
5.1
5.8
5.3
1.8
0
0
0
0
0
0
0.2
0
0
0
0
0
0
0
0
0.1
0.2
0
0
0
0.1
0.1
0
0
0.1
0
5.5
0
0
0
0
0
0
2.7
14.9
13.9
0.9
2.2
0
0
0
0
0
0.1
0.1
0
0
0.1
0
0
0
1
0.7
0
0.6
0
0.2
1.4
0
0
0
0
0
0
0
0
0
14.3
6
3.4
0
0
0
0
0
0
0
46
1.1
18.1
16.3
12.8
0
0.1
0
0
0
0.1
0
0
0
0
0.2
0
0.3
0
0
0
0
0
0
0
0.1
0.1
0
0
0
0
0
0
0
0
0
0
0
0
0
0
0.7
0.5
0.9
0
0.3
0.3
11.3
0
0
0
3.4
0.3
0
0
0
2.2
0
0.1
0
0
0
0
7.3
0.6
0
0
0
0
0
0
0.4
0
0
0
0
0
0
0
0
15
9.5
1.1
1
31.9
0
0
3.4
3.6
0
6.8
0.1
0
0.3
0
0
0
0
0
0
0
0
0
0
0
0
0
0
0
0
0
0
0
0.1
0
0
0
0
0
0
0
0
0.8
1.1
16.3
0
0
18.8
0.1
17.8
0
0
0
0
0
0
63.5
0
0
0
0.4
0
0
0
0
0
0
0
0
0
0
0
0
0
0
0
0
0
0
0
0
0
0
0
0
0
0
0
0
0
0
0
0
0
0
1.6
0
0
0
0
0
0
0
0
0
0
0
0
0
0
0.1
0
0
0
0
0
15.5
0.1
0
0
0
0
0
0
0
0
0
0
0
4.7
0
0
0
0
0
0
0
0
0
0
0
7.2
2
0
1.3
12.8
131.2
0.2
0
26.3
54
0
0
0
0
0.2
0
33.6
39.9
24.3
0.3
0
0
0
0
0.1
0.1
1.9
70
5.8
0
0
20.3
0
77.2
1.5
0
0
0
0.1
0
0
0
0
0
0
0
0
0
0
0
0
0.1
0
0
0
0
0
0
0
0
0
0
0
0
0
0
0
0
0
0
0
0
0
0
0
0
0
0
0
0
0
0
0
0
0
0
0
0
0
1.7
1.1
0
0
0
0
0
0
0
0
0
0
4.7
0.1
0
0
1.7
2.5
1.4
0
0
0
0
0
0
0
0
0
0
0
0
0
0
0
0
0
0
0
0
0
0
0
0
0
0
0
0
0
0
0
0
0
0
0
0
0
0
0
0
0
0
0
0
0
0.7
4
13.6
0
0
0
0
0
0
0
0
0
0
0
13.9
12
1.7
0
0
0
0
1.5
0
0.7
7.3
8.2
1.2
0
0
0.5
1.1
0
0.3
0
0
0
0
0
0
3.8
0
0.4
0
0
0
0
0
1.2
0.1
0
0
0
0
1.3
0.6
0.8
0
0
0
0
0
21
3.4
0.3
0
0
0
0
0
15.7
0.1
0
0
0
0
1
0
0
0
0
0
0
0.5
4.5
0.9
0
0
0
0
0
0
0
0
0
0
0
0
0
0
0
0.1
0
0
7.2
0
0
0.1
0
0
0
0
0
0
0
0
0
0
0
0
0
0
0
0
0
5
0
0
0
0
0.2
0
0
0
0
0
0
0
0
0
1.3
0
0
0
0
0
0
0
0
0
0
0
0
0
0
0
0
0
0
0
0
0
0
0
4.4
0
0
0
0
0
0
0
0
0
0
0
0
0.5
0
0
0
0
0
0
13.2
0
0
0
0
0
0
0
0
0.1
38.6
0
0
0
0
0
0
0
0
0
0
2.7
4
5.7
2
0.7
0
0
0
0.8
2.5
6.1
9.2
6.2
0
0
10.1
3
4.4
0
0
18.7
51
0
0
0
0.2
9.2
1.1
0
0
0.5
0
0
0
0
0
0
0
0.1
10.3
0
0
0.1
0
0
0
0
11.5
13.9
1.4
0
0
0
0
0
0
0
0
0
0
0
0
0
0.2
0.4
0
0
0
0
0
0
0
0
0
0
0
0
0.8
0.1
0
0
0
0
2
0
0
0
0
0
0
0.1
0
0
0
0
1.5
0
0
0
0
0
3.6
0
1.1
0.6
0.1
0
0
0
2.7
1.9
0
0
0
0
1.6
0
0
0
0.7
0
0
0
0
0
0
0
0
0
1.2
0
0
0
0
0
7.1
1
0
10.9
0
0.9
13
11.3
0
0
0.8
38.3
11.7
0
0
0
0
0
0.1
0
0
0
0
0.6
0.7
0.1
4.6
0
0
0
0.7
0.7
0
0
0
0
0
0.1
16.6
9.5
0.1
2.2
8.2
1.5
0
0
0
0
0
0
0
0
0
0
0
0
2.7
0
0
0
0
0
20.8
0.5
14.8
1.9
5.3
0.8
0
0
0
0
0
0
0
0.1
0
0
0
0
0
0.2
0.7
9.9
2.5
2.8
0
0
0
0
0
0.8
0.2
0.1
0
0.2
7.8
0
0
0
0
0
0
0
0
0
8.5
0
0
0
0
0
0
0
0
0
0.2
0.1
0
0.1
0
1.4
0
0
0
0.7
0
0
0
0
0
0
0
0
0
0
0
0
0
1
0
0
0
0
0
4.1
1.9
0
0
0
0
0
0
0
0
0
0
2.6
0
0
0
0
0
0
0
0
0
1.5
0
0
0
0
0
0
0
0
0
0
0.5
0
0
0
0
0.6
0.7
0.6
1
0
0
0
0
0
0
0
0
0
0
5
13.6
0
22
0.1
0
0
0
3.6
0.1
0
0
0
0
0
0
0
0
0
0
0
0
0
0
0
0
1.5
15.6
10.5
2.1
0
0
5.9
2.5
1.6
0
0
0
0
0
0
0
0
0
0
0.3
1.2
0
0
0
0
0
3.3
0
0
0
0
0
0
0
0
0
0
0
0
0
0
0
0
0
17.7
34.5
42.4
0.7
0
0
0
0
0
0
0
0.6
0
0
1.4
0
0
0
0
0
0
0
0
0
0.1
0
0
0
0
0
0
0.3
0
10.4
1.2
0
0
0
0.3
0.4
0
0
0
1.2
0
0
0
0
0
13.6
0.3
0
0
0
0
0
0
0.4
1.9
0.1
0
0
0
2.7
5.3
0
0
2.5
0
0
0
0.1
0.8
0
2.6
6.9
0
7.2
3.7
0
0
0.7
0
0
0
8.2
3.9
0
0
0
0
0
6.1
0.1
0
0
0
23.6
0.1
0
0
0
0.1
0
0
0
0
4.2
0
0.3
0
0
0
0
0
0
0
0
0
0
0
0
0
0
0
0
4.4
0.9
0.5
3.6
0.4
0
0
0
1.9
0
0
0
9.8
0.7
0.1
0
0
0
0
0
0.7
0
0
0
0
0
0
0
0
1.7
4.4
0.5
0.1
0
3.2
3.1
1.7
0
0
0
0
6.2
0
0
0
0
0
0
0
0
0
0.3
2.7
0.1
0
0
0
0
0
2.2
0.3
0.1
0
0
0
25.9
0
12.9
0.5
1.4
0
0
0.9
0
0
0
0
0
0
0
0
0
0
0
41
0.3
0
4.1
5.5
0
0
0
0
0
0
0
0.8
0
0
11.2
0
0
0
0
0.1
0
0
13.1
0.1
2.5
0
0
0
0
0
0
0
0
0
0
14
0
0
0
0
1.7
0.8
0
34.4
18.5
0
0
0
0.3
0
0
0
0.1
0
0.2
0
0
0
0
0.9
0.7
0
0
0
0
0
0
0.1
30.9
1.7
0
0
0
0
0
0.7
0
0
0
0
0
0
12
2.1
0
0
0
0
0
0
0
2.8
0
28.9
14.6
0
0
0
0
1.9
0.8
0
0
0
0
82.8
1.9
0.4
0
0
0
0
9.7
0
0
0
0
0
0
0
0
0
0
0
0
0
0
0
0
0
0
0
0
0
0
0
0
0
0
0
0
1.7
11.9
0.2
0
0
0
2.7
0.1
9.2
0
0
0.7
0
0
0
0
0
0
0
0
0
0.5
0
5
3.6
0
23.1
52.9
0.1
0
0.3
6.7
0.1
3.5
1.2
0
0
0
0
0
0
5.3
20.7
0
0
0
0
0
0
0.1
0
0.1
0
0
0
0
0
0
0
0
0
0
0
0
0
0.1
0
0
0
0
0
0
0
0
0.2
0
0.4
22.8
0
0
0
0
0
0
0
0
0
0
0
0
0
0
7.9
8.4
7
0
0.2
0
0
0
0
0
0
0
0
0
0
0
0
0
1.1
0
8.5
0
0
1
0
0
0
0
0
8
0
0
0
0
0
0
0
0
0
1.8
0
12.8
0.1
0
0
0
18.6
0
1
20.2
8.5
0.2
0
0
0
0
0
0
0
0
0
0
0
0
0
0
0
0
0
0
0
0
0
0
0
1.4
0
0
0
0.1
0
0
1.7
0
0.1
0.8
0
0
0
0
0
0
0
0
0
0
0
0.1
0
0.1
0
0
0
0
0
12.7
7.9
0.1
0
0
0
0
0
0
0
0
0
0
0
0
0
0
0
0
0
0
0.5
0
0
0
0
0
0
2.7
0
0
0
0
0
0
0
0
0
0
0
0
0
0
0
0
0
0
0
0
0
0
0
0
0
0
0
0
0
0
0
0
0
0
0
11.3
0
0.5
0
0
0
0
0.5
0
1.6
10.8
0
0
0.1
0
0
0
1.5
0.6
0
0
0
0.6
49.3
43.9
0
0
5.5
0
0
0
0.6
0
0
0
0
0
0
0
0
0
0
2.7
0.4
1.3
0
0
0
0
0
5.6
0
0.4
0
0
0
0
0
0
0
0
0
0
0.3
0
0
0
0
0
5.9
17.3
1.8
0.7
7.1
0
0
0
0
0
0
0
0
0
4.6
0.2
0
0
0
0
0
0
0
0
0
0
0
8.8
0.1
0.5
0
0
0.1
0
16.3
16.2
0.2
0
0.1
0
0
0
0
0
0
0
0
0
0
0
0
0
0
7.1
0
0
0
0
0
0
0
0
0
0
0
0
0
0.2
0
1
0
0.1
0
0.1
0
0
0
0
0
0
0.1
0
0
0
0
0
0
0
0.1
0.2
0
0
0.1
0
0
0
0
1
0
0
0
0
0
0
0
0
0
0
6.1
0
0
0
0
0
0
0
0
0
0
0
0
0
0
0
0
0
0
0.7
0
0
0
4.3
0
0
0
2.4
0.1
6.2
0.6
0
0
0
0
0
0
0
0
0
0
0
25.2
19.4
9.9
0
0
0
0
0
0
0.6
3.3
0.8
0.2
0
0
0
0
0
8.3
1.2
4.9
0
0
1
0
0
0
0
0
0
0
0
0
0
0
1.2
0
0
0.9
30.7
0
0.1
10.9
0
0
0
0
0
0
0
0
0
0
0
1.4
25.2
0.1
6.2
0.1
0
0
1.7
3.2
0
4.8
0
0
0
0
0
0.3
0.2
15.3
6.2
5.2
0.1
0.2
7.4
1.5
0
0
0
3.5
0.2
0
0
3.7
0
0
0
0
0
0.1
0.6
19.9
0.2
0
0
0
0
0
0
0
0
0
0
2.5
0
0
0
0
0
0
7
0.1
0
0
0
0
0
0
0
0
0
1.4
0
0
0
0
0
0
0
0
0
0
0
0
0
0
0
0
0
0
0
0
0
0
1.9
0
0
0
0
0
0
0
0
0
0
0
0
0
0.1
0
0
0
0.3
6.3
0
0
0
0
0
0
1.4
0
0
0
0
0
0
0
0
0
0
0
0
0
0
0
0
0
0
0
0
0
0
0.2
5
0
0
0
2.4
0
0
4.4
0
0
1.4
0
0
2.4
0
9.4
0
0
0
0
0
0
0
0
0
0
14
0
0
0
0.4
0
48.4
31
0.3
0
0
0
0.2
2.2
0
0
3.6
1.3
0.2
1.7
0
0.1
0
0.1
0.2
0
0
0
0
0.1
2.2
4.5
0
0
0
0
0
0
0
0
0
0
0
0
0
2.3
3.2
9.4
16.7
0.1
0
0.1
0
0
1.3
0
0
0
0
0.3
0
0
0
0
0.1
0
0
0.1
0
0
0
15.8
0.7
0
5.2
0.2
0
0
0
0
0
0
0
0
0
0
0
0
0
0
0
0
0
0
0
0
0
0
0
0.1
0
0
0
0
0
1.1
20.6
8.9
24.2
8.1
0
0
0.1
12.9
4.5
0.1
0
0
0
0
0
0
0
0
5.5
2.9
0
0
0
0
9.1
5
1.7
0.1
0.1
0
0
0
0
0
0
8.1
0
0
0
0
0
0
4.2
3.5
0
0
0
0
0
0
0
0
0
0
0
0
0
0
0
0
0
0.4
0
29.5
24.6
0
0
0
0
0
0.1
1.6
0.7
0
0
0.6
0
0
0
0
0
0
0
0
0
0
0
0
0
0
0
0
0
0
0
0
1.8
8.8
0.1
0
1.5
0
0
3.9
0.1
0
0
0
0
0
0
5.4
0
0
0
0
0
0
1.7
2.7
0
0
0
0
0
0
0
0
0
0
0.4
0
0
0
0
0
0
0
0
0
0
0
0
0
0
0
0
0
0
0
0
0
0
0
0
0
0.1
0.2
0
4.6
0
0
0
0
0
0
0
0
0
0.6
0
0
0
0
0
0
0
0
0
0
0
1.2
0
0
4.8
0
0.2
0
0
0
0
0
0
0.7
0
0
0
0
0
0
1
0.9
0
0.4
0
0
0
0
0.2
0
0
0
0
0
0
0
0.2
0
0
0
0
0
0
38.6
0
3
0
0.8
0
30.3
2.5
3.2
12.9
0
0
0.5
0
2.7
3
0.1
0
2.1
0
0
0
0
0
0
0.8
0.1
0
0
0
1.9
2.3
0
0
0
0
0.9
0
0
0
0
0
0
0
0
0
0
0
23.9
44
0
2.5
0.4
0
0
0
0
0
0
0
0
0
0
0
0
1.1
5.7
0
0
0.5
0
0
0
0
0
0
0
0
0
0
0
0
0
0
0
0
2
0
0
0
0.1
0
1.5
0
0
0
0
0
0
1
1.1
0
0.9
0.5
0
0
1.1
0
0
0.8
0
0
0
0
0
0
0
0
0.3
0
0
0
0
0
0
0
0
0
0
14.2
0.2
0
0
0.2
0
1.8
2.6
0
0
0.5
0
0
0
0
0
0
0
0
8.2
0.1
0
0
0.1
0.1
3.6
0
0
14.5
20
5.7
0
2.9
0
0
0
5.5
0.1
0
0
0
1.2
0
0
0
0
0
0
0
0
1.8
0.2
9.1
1.6
0.4
0
0.1
3.2
0
1.2
0
0
0.3
0
0
0.1
0
0
0
0
0
0.8
2.8
0
0
0
16.8
0.6
0.6
0.1
0
0
0
0
0
0
0
0
0
0
0
9.4
0.8
4.8
33.9
0
4.2
5.9
0
0
0
0
0
0
0
0
0
0
0
0
0
0
5.1
0
0.1
0
0.1
0.2
1.1
10
5.6
0.8
1.6
0
0
20.2
25
0.1
0
0
0
0
0
0
0
0
0
0
0
0.8
0
0
0
0
0
0
0
2.2
0.1
0
0
13.6
0.1
0
3.3
0
12.2
0
0
0
0
0
0
0
0
0
0
0
0
0
0
0
3.5
0
0
0
0
0
0
0
0
0
0
6.4
0
0
0
0
0
0
2.6
0
0
0
0
1.4
1.5
0
0.1
0
0
0
0
0
0
0
0
0
0
0
0
0
0
1
8.2
0
0
0
0
0
0
0
1.9
0
0
0
0
0
0
9.4
0
0
0
0
0
0
4.2
2.1
0
0
0
0
9.2
7.2
0
0
0
0
0
0
0
0.1
0.4
0
1.5
0
0
0
0
0
0
0
0
0
0
0
0
0
0
0
0
0
0
6.8
3.5
25.2
1.4
0.2
0
0
16.7
19.5
0.2
0.2
6
0
4
0
0
0.1
0
0
0
23
13.1
0
0.4
33.7
2.9
0
0
0
7.8
2
0
0
15.3
0.1
0
0
0
1.6
33.5
10.4
73.8
64.7
0.6
3.7
0.1
0
1.2
0
0.2
4.1
0.1
0
0
1.3
0
0
0
0
0.1
0
0.1
0
0
0
0.1
0
4.6
1.2
0
0.1
0
0.2
0
0
0
0
0
0
0
0
0
0
0
0.1
0
0
0.1
0
0
0
0
0
0
0
0
0
0
0
0
0
0
0
0
0.1
9.6
0
0
0
0
0
0
0
0
0
0
0
0
2.7
0
0
0
0
0
0
0
0
0
0
0
0
0
0
0
0.1
0
0
0
0
0
0
0
0
0
0
0
0
0
0
0
0.7
0
0
0
0
0
0
4.5
0
0
0
0
0.3
0
0
0
0
0
0
0
0
0
0
0
0
0
0
0.9
21.8
0
1.5
0
14.5
0.1
19.9
1.5
0
0
0
0
0
0
0
0
0
0.1
0
2.4
3.4
0
0
0
0
0
0.1
0.6
0
0.6
11.7
0.1
0
0
0
0.2
0
0
0
0
0
0
0
0
6.6
6.5
2
0.1
0
0
0
4.6
2.3
0
0.3
10.2
0.1
0
0
0
0
0
0
0
0
0
0
0
0
20.9
0.1
0
0
0
0
0
0
0
0
0
0
0
0
0
0
0
0
0
0
0
0
0
0
0
0
0.5
3.1
17.5
0
0
0
0
6.8
0
0
4.9
0
0
0
0
0
0
0
0
0
10.2
0
0
0
0
0
0
0
0
0
0
0
0
0
0
0
2.1
0
0
0
0
0
0
0
0
0
0
0
0
0
0
2.9
0
0
0
0
3.8
3.6
0
0
2.1
0
0.1
0
19.3
22.8
2.2
0
0.2
0.3
0
0
0
0.7
0
0
23.7
13.2
0
0
0
0
0
0
0
0
0
0
0
0
0
0
0
0
1.2
0.1
0
0
0
3.5
16.9
0
0
0
0
0.1
9.4
51.8
13.6
0
0
0
0
0.1
0
0
0.5
0
0
0.9
0
0.2
0
0.1
0
0
11.2
0
0
0
11.4
0
0
0
7.2
0
0
0
13.9
0.7
0
0
0
0
0
0
0
0
0
0
55.1
38.1
0
0
0
0
0
2.1
0
0
0
0
0
0
0
0.2
7.4
0
0
0
0
0
0
0
0
0
0
0
0
0
0
0
0
0
0
0
0
9.7
0
0
0
0
0
0
0
0
0
54.5
78.1
40.5
5
0
0
0.3
0.1
0
0
0
0
0.1
0
0
0
0
0
0
0
0
0
0
1.1
0
0
0
0
0
0.1
0
0
0
0
0.1
0
0.1
0
1
0
0
0
2.5
0
0
0
4.9
0
0
0.1
0
0
0.1
0
0
0
16.5
0
0
0
0.2
0
5.8
0.5
0
0
9
0.5
0
0.2
2.3
1.4
25.7
0
0
0
0
0
0
0
0
0
0
0
53.5
0
0.2
0
0
16.7
21.4
11.9
84.4
10.4
0.2
0
0
0
0.5
1.6
0
0
0
0
0
0
0
0
0
0
1.5
2.4
0
0
0.2
4.7
0
0
0
0
0
0
0
0
0
0
0
0
0
0
1.2
0
0
3
0
6.1
5.1
0
0
1.1
1.5
2.8
13.9
38.5
0
13.8
0
0
1.4
0
8
0
0.3
0
0
0
0
0
0
0
0
0
0
0
15.8
32.6
0.1
0
0
0
0
0
0
0
0
0.6
0.1
0
0.1
0
0
0
0
0
0
0
0.1
0
0
0
0
0
0
0
0
0.5
15.9
7.2
0
0
0
0
0
0
0
0
0
0
0
0
0
0.2
0
0
0
0
0
0
0
0
0
1.3
14.8
8.3
0
8.8
0
0
0
0
1.2
1.6
0.9
0.5
2.1
0
0
0
0
0
0
0
0
0
0
1
23
0
0
0
0.3
0
0
0
0
0
2.1
0
0
0
0
0
0
0.1
31.2
0.5
0
27.6
14.1
0.1
0
0
0
0
0
0
0.8
0
0
0
1.7
0
0
0
0
0.1
0
0
0
0.4
0
0.1
8.6
0.2
0
0
0.1
0
0.1
0
0
0
0
0.1
0.2
0
0
0
0
0
4.2
7.5
16.3
30.7
0
0
0
0
0
0
0
0
0.2
0
0
0.6
0.6
0
0
0
0
0.2
0
0.4
4.3
0
0
0
0
0
10.7
0
0
0
0
0
0
0
0
0
0
0.1
0
0
0
14.7
0
0
0
0
0
0
0
0
0
0
0
0
2.4
0
0
0
0
0
0
0.1
0.3
0
0
0
0
0
0
0
20.6
0.3
0.1
0
0
3.5
1
1.7
0
0
0
0
0
0
0.1
0.7
0
0
0
0
0.1
0
0
0
0
0
0
0
0
0.3
0.1
0
0
0.4
0
0
0
0
0
12.8
2.5
0
0
0
0
0
0
0
0
0
0
0.1
0
0
0
0
0
0
0
0.4
0
0
8.7
14.8
4.7
0
0
0
0.2
0.4
0
0
0.5
10.1
0
0
0
0
2.1
0.6
0.3
8.6
0.1
27.9
1.1
0
0
0
0
0
0
0.3
0.3
1.4
0
0
8.6
0
0
0
0
0.1
1.5
0
0
0
1.5
0.2
0
0.1
0
0
5.5
0
0.6
0
0
0
0
0.3
0.4
0
0
0
0
0
0
0
0
0
0.1
0
0
5.6
0
0
0.2
0
0
0
0
0
0
0
0
0
0
0
0
0
0
0.2
0
0
0
0
0
0
0
0
0
0
0
0
0
0
0
0
0
0
0
0
0
0
5.6
0.1
0
0
34.8
0
0
0
0
0
0
0
0
0
0
0
0
0
0
0
0
0
0
0
0
0.3
0.1
0
0
0
0
0.4
0
0.6
0
0
0
0
0
0
0
15.5
0.1
0
0
0
0
121.3
25.6
0.1
2.9
7.9
0.1
0
0.3
0.1
0.1
0
0.2
0
0
35.3
0
0
4.1
16
0.2
0.3
0.2
0
0.1
0
0.1
0
0
0
0
0.1
0
0
0
0
0.4
0.1
0
0
0
0.1
0
0
9.4
23.5
0
5.1
0.2
2.2
0
0.1
0
0
0
0
8.9
7.3
0.4
0
6.6
0.5
5.5
0
0.1
0
0
0
22.8
23.1
17.7
2
0.1
0.3
0.1
0
0
1.5
0.7
0
0
0
0
0.1
0.1
0
0
0
0
0
0
0.1
0
0
0
0
0.2
0
0
0
0
0
0
0
0
0.1
0
0
0
0
0.1
0
3.1
0.1
0
0
0
3.3
0
0
0
0.2
0
0
0
0
0.2
0
0
0
0
0
0
0.1
0
0
0
0
0
0
0
0.1
0
0.1
0
0.1
0
0
0
0
0.2
0
3.2
0.1
0.1
0
0
0.9
0.2
0
0.1
0
0
0
0
0
0
0
0.1
0
1
1.1
0
0
1.2
1.8
0.4
0.3
56.1
3.5
0
0.5
0
0
0
1.7
10.9
0.7
0.1
0
0.1
0
1.1
0
0
0.4
10.3
11.3
0.1
0.1
1.3
0
0
0
0
0
0
0
0
1.2
3
0
0
0
0.1
0
0.2
4.2
30.2
0
1.8
0
0
0
0.2
0
0
0.1
2.4
1.5
0.4
0.1
0
0
0
0
0
0
0
0
0
0
0
0
0
0.1
0
0
0
0
0
16
8.8
0
0
0
0
0
0
0
0.1
0
0
0
0
0
1.4
0
0
0
0
0.1
0
0
0
0
0
0
0.1
2.7
24.9
0
0
0
0
1.4
0
0
0
0
0
0
0
0
2
0
0
0
0
0
0
0
0
0
0
0
0
0
0
0
0
0
0
0
0
0.1
0.5
0
0
0
0
0
0
0
2.1
0.1
0.4
0
0
0
0
0.2
0
0
0
0
0.9
1.9
0
0
3.3
0
0
0
0
1.1
0.2
0
0
0
6.2
0
13.1
0
0
0
0
0
0
0
0
0
0
0
7.9
0
36.8
0
0
0
0
0
0
7.2
19.2
0
0
0.3
0.2
0.4
1.2
0
0
0
0
0
0
24.4
2.6
0
0
0
0
0
0
0.1
0.1
0
0
0
0
0.2
0
0
0
0
0.1
0.2
0
0
0
0
0
0
0
1
0
0
0
0
0.6
1.3
0
0
0.2
0
0
0
0
0.8
0.7
0
0.6
0.1
0
0
10.9
0
0
2.3
0
0
0
0
0.1
6.4
0
0
0.2
8.5
0.4
0
0
10.7
4.3
4.7
13.2
0
2.9
0.3
0
0
0.1
0
0
0
0
0.1
0
0
0
0
0.1
