20000101
0
0
0.2
0
0
0.2
0
0
0.2
0.2
0
0
0
1.4
6.8
0
0.2
0
0
0
0
0
0
0
0
0.4
0.6
0
0
0
0
0
0
0
0
0
0
0
0
0
0
0
0.2
0
0
0
0
0
0
0
0
0
0
0
0
0
0
0
0
0
0
0
0
0
0
0
0.2
0.2
0
0
0
0
0
0
0
0
0
0
0
0
0
0.6
4
0
0.8
0.2
0
4.4
0
14
16.4
0
0.4
2.2
0
0
0
0
0.6
1.8
22
4.6
0
0
0.8
0
10.4
0
0.2
0
0
0
0
0.8
0
0
0
0.4
1.4
0
0
0
0
0
0
0
0
0
0
0
10
0
0
0
0
0
0
1.8
0
0
3
8
1.8
0
0
1.6
2.2
1
0
0
0
0
0
0
0
0.4
11.8
0
0
0
60
93.6
0.8
0
0
0.2
0
0
0
0
0
0
0
0
0.4
0
0
0.2
0
0
0
0
0
0
0
0
0
0
0
0
0
1.4
0.2
0
0
0
0
5.4
0
0.4
0
0
0
0
1.4
0
0
0
0
0.8
0.2
1.2
0
0
0
0
15.8
0
0
0
0
0
0
0.2
0.2
0
0
0
0
0
0
0
0
0
0
0
0
0
0
0
0
0
5.4
0
0
0
0
0
0
0.2
0
0
0
0
0
1.6
0.2
0
0
0
0.4
3.2
17.4
0
0
0
0
0
0
0.2
0.4
31
5.4
0
0
0
0
0
0
0
0
0
0
1.6
1.2
0.4
3.6
0
0
0
0
0
0
0
1.8
19.2
1.8
0.4
0
18.6
0.2
0
0
0.2
10.4
0
3.2
0.2
0
1.8
3
0.2
0
0
0
0
0
4.8
0
0
0
0
0
0
0
0
1
16.8
0
0
0.4
1.2
0.2
5.6
0
0
0.2
0
0
0.2
1.8
4.4
0
0
0
0
0
0
0
0
0
0
0
0
0
2.2
13.4
32.8
58.2
0.2
1
0
2
0
0
0
0
0
0
0.2
0
0
0
0
0
0
0.2
0
2.4
5.2
3.8
0
0
0
0.2
0
0
0
0
0
0
0.6
0.6
3.2
0
0
0
0
0
0
0
0
0
0
0
0
0
0
0
12.2
23.4
0.2
0
0
0
0
0
0
0
0
1.2
1
0
0.4
0.2
0.4
3.4
0.2
0
3
0
8.6
3.4
0
0
0
0.8
0
0
0
0
0.2
0
0
0
0
0
0
0
0
0
3.8
0
1.2
0
0
0
0
0
0
0
0.2
0
0
0
0
0
0
0
0
0
0
0
0
0
0
0
0
0
0
0
0
0.2
0
1.4
29.2
3.4
0
1.2
0.2
0.4
0
0
0
3
4
0
0
0
0
0
0
5.6
1.6
0
0
0
0
1.4
0.2
0.2
0
0
0
0
0
0
0
0
0
0
0
0.2
0
0
0
2.8
0
0
0
0
0
0
0
0
0
0
0
0
0
0
0
0
0
0
0
0
0
0
0
0
1
0.8
0
0
0.6
0
0
0
0
2.4
0.2
14
0
0
29.2
0
0
0
0
0
0
0
0
0
0
0
0
0
0
0
0
0
0
0
0
0
0
0
0.2
0
0
0
0
0
0
0
0
0
0
0
0
0
0
0
0
0
0
0.6
0
0
5.6
0
0
0
0
0
0
0
0.6
0
0
0
0
0
0
0
0
0.8
0
46.6
4
0
0
0
0
7
8.2
0
0
0
0.8
4.2
0
0
0
0
29.8
1.2
0
0
0.6
0
0
0
3.8
15
19.8
11.6
0
0
0
0
0
0
0
0
0
0.2
0
0.2
0.2
0
0.2
0
0
0
0.2
0
0
10.8
0.2
0
0
14
55.2
8
0.2
0
0
0
0
0
0
0
0
0
0
0
0
0
0
0
0
0
0
0
0
0
0
0
0
0
0
0
0
0
1
0
0
0
0
0
0
0
0
0
0
0
0
0.6
1
8.4
12.4
6.4
0.2
0
0
0.2
0.2
3.2
0.2
0
0
0
0.8
0
0
0
0
0
0
0.6
2.6
0
0
0
0
0
0
0
0
0
0
0
0
2
0.4
0
0
0
0
0
0
0
0
0
0.8
0
0
0
0
0
0
0
0
0
0
0
0
0
2.4
0
2.4
19.2
0
0
0
0
0
0
0
2.4
0
0
0
1.4
0
0
0
0
0
0
0
0
0
0
0
6
0
0
0.2
5
20.4
11.2
0
5.8
17.6
0.8
0
20
1
7.8
0
1
0
0.2
0
0
0
0
0
0
0
0
0
0
0
0
0
0
4.8
2.2
4.6
0
0
5.4
15.4
21.6
3.6
0.6
8.6
0.2
0
0
0
0
0
0
0
0
0
2.8
0.2
0
0
1.4
0
0
0
0
0
0
0
0
13.4
1.4
0
0.8
9.4
0
0
0
0
0
0
0
0
0
0
0
0
0
0
0
0
0
0
0
0
0.8
0.2
0.2
0
0
0
0
0
0
0
0
0
0
0.8
0.2
0
0
0
0
0
0
0
0
0
0
0
0
0
0
0
0
1.2
0
3.8
0
0
0.2
0
0
0
4.6
7.4
0
0
0
0
0.2
0
0
0
2.4
0
0
0
18
3.2
16.8
0.4
0
34.8
0
0
0
36.4
0
8.4
3.6
2
0.8
0.4
0.2
0.2
0
0
0
0.2
0
0
0
14.6
13.2
0
0
8.4
2
0
0
0
0
0
0
0
0
0
0.6
4.2
0
0
0
0
0.2
15
60
7.4
0.2
0
0
0
0
0.2
0
0
0
0.2
0
0
0
0
0
0.2
0.2
0
0
0
0.2
0
0
0.2
0
0
0.8
3.4
0
0
0
0
0.4
3.2
7.4
1.2
0.2
16.8
0
0
24.8
0.2
0
1.6
24.8
0.2
0
0
0
0
0
0.6
0
0
0
0
0
0
0
16.2
51
0
0.2
0
1.4
0
0
0
0
5.8
2.6
0
0
0
0
0
0
0.4
0
0
5
0
0
0
0.2
0
7.6
2.4
0
0.2
0.2
0
0
0
0
0
0
0
0
0
0.6
2.4
0.8
0.4
0
0
0
0
0
0
0
1.2
0
0
0
0
0
0
0
0
0
0
0
0
2.4
15.6
15.8
0.4
0
0
0.6
14.6
31.6
0.4
0.4
0
0.2
33.4
24.6
0
0
0
0.2
0
0
3
3.8
0
0
0
0
0
0
0
0
0.6
0
0
0
0
0
0
0
0
0
0
0
0
21.8
0
2.6
16
1
0
0
0
0
0
0
0.2
10.2
0
0
0
0
2.8
1.6
0
0
0.2
4.4
2.2
0
0
0
0
0
0.2
0
0
0
0.2
0
0.6
0
0
0.2
29.8
47.2
3.2
0
0
0
0
0
0
1.6
2.4
1.6
0.2
6.4
0
0
0
0
3.4
11
0
0
0
0
0
0
0
0
0
0
2.8
0
0
0
0
0
0
0
0
0
0
0
0.2
0
0
0
0
0
0
0
0
0
0
5.6
0
0
0
0
1.8
0
0.6
0
0
0
0.2
0
0
0
0
0
0
0
0
0
0
0.2
0
0
0
0
0
0
0
0
0
0
0
0
0
0
0
0
0
0
0
0
0
0
0
0
0
0
0
35.4
0.2
0
0
0
0.8
4.2
0
0.2
0
0
0.2
0
0
23.2
0.8
0.8
7.4
0
0
0
10
5.4
0
0
0
0
0
0
0
0
0
0
0
0.2
0
9.2
0.2
0
0
0.2
27.8
0
0.8
11.2
18
0
0
0
0
0
0
0
0
0
0.2
7.2
1.2
0
7.8
26.8
57.8
6.4
17.6
0
0
4.2
0.2
0
0
17.8
5.2
4.8
0
0
4.4
0
0
0
0
0
0.2
0
1.8
1.8
11.6
0.2
0
0
0
0.2
23
3.4
0
0
0
1.8
0.2
4.8
6.8
0
1.8
0.8
0
0
0
9.4
0
6.2
24
17
0.2
0.8
4.4
0
0
0
0
0
0
0
0
0
1.2
0
0
0
0
0
0
0
0
0
1.6
0
0
0
0
0
0
0
0
0
0
0
0
0
0
0
0
0
0
0
0
0
0
0
0
0
1
3
0.4
0.4
0.6
0
0
2.2
0.6
0
0
0
0.2
0
0
0
0
0
0
0
0
0
0
0.2
5.8
8.4
0
4.2
45.8
2.4
0.6
0
3.6
21.2
34.2
0.2
0
0.2
0
0
0
0
0
0.2
0
0
0
0.2
0
0.4
0.2
0
0.2
0
0
0
0
0
0
1.6
0.4
0
0
0
8.8
13.4
42.4
7.2
1
1
15.4
0
0
0
0
0
24
2
0
0
0
0
0
1.2
23.2
1.2
8
0
0
0
0
0
0
0
0
0
0
0
0
0
0
0
0
0
0
0
0
0.2
0.4
14.2
2
3
0.2
0
0
0
0
0
0
0
0
0
0
0
0
0.8
0
0
0.2
0
0
0
0
0
0
0
0
0
0
0
0
8.4
0
1.4
6.4
0
0
0
10.8
0
0
0
0
0
0
0
0
0
0
0
0
0
0
0
3
2.8
0.6
0
0
8
19.8
0
0
0
0
0
0
0
0
0
0
0
0
0
0
0
0
0
0.6
0
0
0
0
0
2.6
0
0
0
0
0
0
0
0
0
0
0
0
0
0
0
0
0
0
0.2
0.2
0
0
0
0
6.4
0
6.6
0
8.6
8.2
0
0.2
5.6
2.8
0
0.2
0
1.6
0
0.2
0
0.4
0.2
0
0.2
0
0.2
0
0
0
0.2
0
0
0
0
0
0
0.2
0
0.2
0
0
0.2
0
0.2
0.2
0
0
2.8
0
0
0
0
0
1
0.4
0
2
0
0
0
5.4
1.6
10.8
0
0
0
0
6.6
0.2
0
0
0.6
0
0
0
0
0
0
0
0
0
0
0
0
0
0
0
0.2
0.2
0
0
0.2
0.2
0
0
6
0
20.2
0
2.2
3.8
2
0
4.6
9.6
3.6
0
0
0
0.2
0.2
0
0.2
0
0
0
0
0
0
0
0
0
0
0
0
0
0
0
0
0
0
0
0
0
0
0
0.2
0.2
0
0.2
0
0
0
0
0
0
0
0
0
0
0
0
0
0
0
0
0
0
0
0
0
0
0.2
1
10.6
15.6
6.2
3.2
0
0
0
0
0
0
0
0
0
0
0
0
0
0.4
0
0
0
0
3
4
1
0
0
0.2
0
0
0
0
0
2.6
0
0.2
0
0
0
0
0
0
0
0.8
1.4
6.4
0.6
0
0.2
0
0
2.6
0
0
0
0.8
0
0.2
0
0
0
1.2
0
0
0
0
0
0
0
0
0
0
0
0
0
0
0.2
7
0
0
0
0
0
0
0
0.2
6.4
0
0.2
0
0
0
1.4
0
0
0.4
11.6
0.4
0
33.4
11.4
0.2
0
0
0
0.8
0
0
0
0
0
0
0
0
0
0
0
0
0
0
0
0
0
0
0
0.4
0
2.6
0.2
0
0
0
0
0
0.8
0.6
0
0
0
0
0
0
3.2
0
0
0
0
0
0
0
0
2.8
3.6
13.6
0
0
0
0
0
0
0
0
0
0
0
0
0
0
0
0
0
0
0
0
8.2
0
9.4
3.8
0
0
0
0
0
0
1.4
0.6
13.2
0.2
0
0
0
0.8
1
2.2
0
0.2
0
0
0
0
0
0
0.2
0
0
0
0
0
0
0
0
0.4
20.2
30.2
36.6
0
0
0
0
2.6
0
0
0.8
1.6
0
0
0
0
0
0
0
16.2
0.4
0
0.2
0.4
0
0
0
0
0
0
1.4
0
0
0.2
1.8
15.6
6.8
18.6
29.4
2.8
0
0
7.6
0
0
0
0
13
0
0.2
0
0
0.2
0
0.2
4.8
0
0
0
0
0
0
0
0.2
17.2
4.6
5.4
3.6
44.8
24.2
7.2
0.2
0
0
0.2
0
0
0
0
0
0
0
0.2
0
0
0
0
7.8
0
0
1
0
0
0
0
0
0
0
0
0
0
0
0
0
0
0
0
0
0
0
0
0
0
0
0
0
0.4
0.2
0
0
0
3.6
1.2
26
12.8
15.6
4.2
0
0
0
0
3.2
4.2
0.2
0.2
0
0
0
0
0
0
0.2
0
0.8
0
31.2
13
0
0
0
0
0
0
0
0
0
0
0
0
0
0
0
0
0
0
0
2.2
0
0
1.2
0
0
0
5.6
0
0
0
0
0
0
0
0
0
0
0
0
0
0
2
0.2
0.2
0
0
3.2
0
0.8
0
0
0
0
0
0
0
0
0
0
0
0
0
0
0
0
0
0
0.2
0
0
0
0
0
0
1
0
7.6
0
0
6
0
0
0
0
0
0
0.2
0
0
0
0
0
0
0
0
0
0
0
0
0
0.2
0
0
0
0
0
0
0
0
0
0
0
0
0
0
0
0
0
0
1.6
9
0
0
0
0
0
0
0
0
0
0.6
0
0
0
0
0.6
0.2
0
0
0
0
0
0
0
0
0.4
0
0
0
0
0
0
0
-99
0
0
0
0
0
0
0
0
0
0
0
0
0
0
0
0
0
0
0
0
0
0
0
0.6
0
0
0
0
0
0
0
0
0
0
0
9.8
0
0
0
0.6
0
2.4
20
0
0.2
0
0
4.4
0.2
0
2.6
0.4
0
0
0
0
2.4
0
0
0
0.4
0.2
0
0
0
0
0
0
0
0.2
23
43.8
32.4
0.4
0
0
0
0.2
0
0
1.6
38.2
0.2
0
0
0
0
0
0
0
0
0.4
0
0
0
0
2.8
0.4
0.2
12.4
1.6
0.2
0
0.2
0
1
14
0.4
3
0
0
1.6
0
0
0
0
0
0
0
0
0
1.6
0
0
0
0
2.6
0
0
0
0.2
0
0
0
0
5
1.8
0
0
0
0
0
0
0
0
0
0
0.2
0.2
0
0
3.2
0.2
0
0
14.2
0
2.2
0
0
0
0
0
0
7
1
0
0
0
0
0
3.2
1
0
0
0
0
0
0
0
0
0
0
0
0
0
0
0
0
0
0
0
0
0
0
0
2
0
0
0
0
0
3.8
0.4
0
0
0
0
0
0
0
0.2
0
0
0
0.2
0.4
0
0
7
3
0.2
0
0.2
0
0
0
0
12
0
0
0.2
2.6
0.2
0
0
0
0
0
0
0
0
0
0
0
0
9.6
0
0
0
0
0
0
2.6
0
2
0
0
0
0
0
0
0
0
0
0
0.4
1.2
0.6
0
20
8.2
32.4
13.6
14.2
4.8
0.4
0
0
0
1
0
9.2
13.2
10.6
0
0
0
0
0
0
0
0
0
0
0
0
0
13.2
10.2
0.8
18.2
0
9.4
0.2
1
0
0
0
0
0
0
0
0
2.8
0
0
0
0
2.6
0
0.4
0
0.2
0
0
0
2.2
0
0
0
0
0
0
0
0
0
3.2
0
0
0
0
0
0
0
0
3.4
0
0
1.4
0
0
0
0
0
0
1.6
0
0
0
0
0
2
0
0
0
0
0
0
0
0
0
0
0
0
0
0
0
0
0
0
0
2.2
0
0
0
0
0
0
0
0
0
0
0
0
0
0
0
33.4
27
4.4
0
0
0
26
0.4
0
0
0
0
1.8
18
0
0
16.6
0.2
1.8
0
0
0
0
0.4
0
0
0
0
0
0
0
0
0
0
0
0
0
0
0
0.4
0
0
0
1.8
0.2
0
0
6
0
0
0.4
0
0
0
2.2
0
0
0.2
0.8
20.2
1.8
0
0
0
0
4
4.4
0
0
0.2
0.2
2
11.8
0
0
0
0
0
0
0
0
0
3.2
0
0
0
0
0
0
0
0
0
0.2
0
0
0
0
0
0
0
0
0
0
0
0
0
4.2
1
0
0
0
0
0
0
0
0
0
0
0
0
0
0
0
0
0
0
0
0
0
0
0
0.6
0
4.4
20.8
0.2
2.4
17.2
0
1
0.2
0
0
0
0
0
0
0
0
8
11.2
0
0
0.2
0
0.6
0
0.4
3.8
0
0
0.6
0
1.2
0
0
0
0
0.2
0
0
0.6
0
0
0
0
0
0
0
0
0
5.8
1.8
0
0
0
0
0.2
0
0
0
0
0.4
0
0.2
0
2.6
3.6
1.6
0
0
0
2.6
4.4
0
0
0
0
0
0
0
0
0.4
0
0
0
0.6
0
0
0
0
0
0
0
0
0
0
0
0
0.6
0.2
0.4
0
0
0.2
0
0
5.4
0
0
0
0
0
0
0
0.4
0.2
4.8
1.6
12.6
0
0
0.4
0
0
6.8
3.2
0.6
20.2
0
0
0
0
0
0
0
1.4
0
0
0
0
0
0
0
0
0
0.4
52.4
82.4
1
0
0
2.4
0.2
0.2
11
0
16.8
0
0
1.8
0.8
2
22
1
5
0.2
0
0
2.8
0.2
1
3.4
0
4.6
0
0
1.8
0.2
2.8
26
0
0
0
0.2
2.2
0
0
0
0
0
0
0
0
0
0
5.8
0
0
0.2
0
0
0
0
0
0.4
1
0
0
0.6
0
17.6
0
1
0.6
0
0
0
0
0
0.6
0
0
0
0
0
0
0
0
0
0
0
0
0
0
0.2
0
0
0
0
0
0
0
0
0
0
0
0
0
0
0.2
0
6.4
0.2
0
2.6
0.4
0
0
0
0
1.4
1.6
0
0
0
0
0.8
1.8
0
0.2
0
1.2
0
0
0
0
0
0
0
0
0
0
46.4
6.4
0
0.6
27
0.2
0
0.2
0
0
0
0
0
0
0
0.2
2.8
1.6
0
0
0.2
0
0.2
0.2
0
0
4.4
0
0.2
0.6
0.2
6.8
0
1.8
0
0
19.2
23.4
0
46.8
4.6
18.8
0
0
0.2
0
0
0.8
0
0
0
0
0
0
0
0
0
0
0
0
0
0
0
0
0
0
0.8
10.8
0.2
0
0
0
0
0
0.2
0
0.2
0.8
2.6
1.8
0
0
8.6
0.4
2
0.6
0
0
0
0
0
0
0
0
0
27.2
24.2
8.8
2.6
0.6
1.8
0
6.6
0
0
0
0.2
0.4
0
16.6
9
0
0
0
0
0
0
0
0
2.8
0
0
0.2
0.2
0.4
0
0.2
0
0
0.4
0
27
4
0.6
0
0
0.2
0.2
0
0
0
0
0
0
0
0
0
0
0
0
0
0
0
0
0
0
0
0
0
0.8
0.6
0.8
0
9
0.2
0
0
0
0.4
0.2
0
0
0
0
0
0
0
0
0
0
0
0
0
0
0
0
0
11
3
7
13.4
1.8
9
0.4
0
0
0.6
45.6
2.6
0.8
3.6
19.6
2.4
0
0
2.4
0
0
11.8
0.6
0
0
0
0
0
0
15
0
0
0
9.2
1.6
0
0
0
0
0
0
0
0.8
0.2
0
0
0
1
0
0
0
0
0
0
0
0
0
0
0
0
0
0
0
0
0
0
0
0
0
9.6
0.6
0
0
0
0
0
0
0
0
0
0
0
0
0
1.2
0
0
0
0
1.4
0
0
0
0
0
0
0
0
0
0
1.8
0.2
18.6
5
0
0
0
0
0.4
0
0
0
0
0
0
0.2
6
0
0
0
0
0
0
0
0
0
4.6
0
0
0
0
0
0
0
0.6
0
0.2
0
0
0
0
0
0
0
0
0
0
0
0
0
3.2
0
0
0
0
0
0
0
0
0.2
0.2
0.2
0
0
0
0
0
0
0
2
0.2
3
0
3.4
0.2
0
0
0
0
0.2
0
0
0
0
0
0
6.2
2.2
0
0.2
0
0
0
0
0
0
0
0
0
0
0.2
0
0
0
0
0
79
20.9
35.8
0
0
0
0
0
0
0
0
0
0.1
0
0
0
0
0
0
0
0
0
0
0
0
0
0
0
0
0
0
0
0
0.7
0
0
0
1.9
0.1
0
3.2
0
0
0
0
0
0
0
0
0
0
0
0
2.2
7.6
7.2
0
0
0.1
0
0
0
10.4
12.1
7
15.2
2.9
6.6
0
0
2.2
0
0.4
0
0
0.1
13
13.2
0
14.1
2.9
0
0
0
11.5
3.2
3.3
0
0
0
3.8
1.1
0
0
0
0
0.2
8.3
0
0
0
0
0
1
0
0
0
9
0.2
0
0
10.2
5.7
0
0
0
0
0
5.5
6.6
0.5
10.8
2
0
4
0
0
0
0
0
2.5
0
0
0.8
14.2
0
0.4
0
6.1
22.8
0
0
0
0
0
0
0
0
0
0
0.2
0
4.8
7.8
0
0.3
0.9
0
0
0
0
3.9
0
0
0
0
4
0
0
3.9
0
0
0
0
4.5
0
1.3
0
0.2
0
0
0
0
0
0.2
3
0
0
0
0
0
0
0
0.6
1
51.7
10.6
0
0
7.9
2.8
4.7
0
1.7
18.9
3.5
0.2
0
0
0
0
0
0
0
0
0
0
0
0
0.1
1.6
0
0
0
0
0
0
0
0
2.3
0
0
28.7
0.4
4.1
0
0
13.2
0.3
1.3
0
1.3
0
0
0
0
0
0
0
0
0
0.7
0
0
0
0
0
0
0
0
0
0
0
0
0
0
0
0
0
0
0
0
0
0
0
0
1.8
0
0
0
0
0
0
0.2
0.6
0.5
2.4
0
0
4
0
0
0
0
0
0
61.1
0.2
0
0
0
0
0
33.4
0
0
0
0
0
0
0
0
0
0
0
0.1
0
0
0
0
0
0.1
0
0
0
0
0
0
0
0
0
0.9
82.1
0
0
7.4
3.8
0.1
0
0
0
0
0
0
0
0
0
0
0
0.1
0
0
0
0
56.9
10
29.5
17
0.8
0
0
0
0
0
0
0
0
0
0.1
0
0
0
0
0
0
0.2
22.4
0
0
0
0
0
0.1
0
1.4
0
0
0
0
0
0
0.8
0
0.5
0
0
2.6
0
0
0
0
0
0
0
0
0.2
10.1
0.1
0
0
0
0.1
0.2
2.5
1.6
0.6
0
0
0
0
3.6
0
0
0
0
0.5
0
11.3
3.4
0.1
0
0
0
0
0
0
0
0
0.1
0
0
0
0.7
0
0
0
0
0
0
0
0
0
0
0
0
0
0
0
0
0
0
0
0
0
1.9
30.1
0
1.1
0.6
0
0
0
0
0
0
0
0
0
0.2
0.1
0
0
1.6
0.3
1.1
8.6
0
2
0.1
0
0
0
0
0
0
0
0.3
0
0
15.2
1.7
0.1
0
0
0.1
0
0
3.8
122
0.1
5.6
33.2
0.6
0
0
0
0
0
2.2
0
0
0.1
0
7.7
0
0
0.2
0
0
0
0
0
0
0
0
0
0
0
0
0
0
0
0
0
0
0
0
0
0.5
5.6
17.3
6.4
0.2
10.1
0
1.8
6.1
0.1
0
0
19.9
0
0
0
26.6
0.4
0
0
0
0
0
18.5
0.1
0
0.1
0
0
0
0
0
0
0
0
0
1.5
2.2
0.1
0
75.3
0
4.3
5.7
10.7
0.3
0.8
36.4
0
0
14.8
0
0
0.7
0
0
0
0
0
0
0.3
0
0
0
0
0
0
0
0
0
0
0
0
0
17.4
0
0
0
0
0
0
0
1.4
0
0
0
0
0
0.7
0
0
0.1
6.4
0
0
0
0
0.3
0
1.2
3.5
0
0
0
0
0
0
0
2.1
0.1
0
0
0
0
0.1
0
0
0
0
0
0
0
0
0
0
0
0
6.2
0
0
0
0
0
0
0
0
0
0
0
0
0
0
0
0
0
0
0
0
0
0.1
0
0
0
0
0
0.1
1.4
0
0
0
0
0
0
0
0
0
0
0
0
0
0
0
0
0
0
0
0
0
0
0
0
0
0
0
0
7.9
8.3
0
0
43.6
7.1
0
0
0.1
0.3
7.8
100.1
40.1
3
4.1
0.2
0
0
0
0.1
0
3.3
2.4
36.4
2.2
0.8
0.1
4.6
2.9
1.7
0.3
0
0
0
0
0
0
0
0
0
0
0
0
0
0
0
0
0
0
0
0
0
0
0
0
0
0
0
0
0
0
0
0
0
0
0
0
0
0
0
0
0
0
0
0
0
0
0
0
0
0
0.2
0.1
0
0
0.2
0
0
0
0
0
0
0
0
0
0
4.2
2.6
0
0
0
2
1.6
0
0
0.3
0
0
0
0
0
0
0
0
0
0
0
0
0
0
0
0
0
0
0
0
0
0
0
0
0
0
0
0
0
0
0
0
0
0
0
0
0
0
0
0
0
0
0
6.4
11.4
9.1
0
0
0
0
0
0
0
0
0
0
0
20
7.3
17.7
0
0
0
0
0
0
2.8
0.1
1.5
3.9
0
0
0
0.5
0
2.3
0.6
0
0
0
0
0
19.6
1.6
18.8
0
0
0
1.6
0.3
0
0
0
0
0
0
2
0
0
0
0
2.1
0
0.5
13.4
0
0
0
0
0
0
0
0
0
0
0
0
0
1.3
0
0.1
0
0
0.9
0
0
0.4
0
0
0
0
0
0
0.7
1.2
0
0
0
0
0
0
0
0
0
0
0
31.1
0
0
0
2.4
4.6
0
0
0
0
0
0
0
0
1.3
10.8
0
0
0
0
0
0
0
0
0.1
0
0
0
0
0
0
0
0
0
0
0
14.4
0
0
0
0
0
0
0
0
0
0
0
0
0
0
0
0
0
0
0
0
2.9
0
0
6.5
0
0
0
0
0
0
0
0
0
0
0
0
0
0
0
0
0
0
0
0.8
1.5
0
0.1
0
0
0
0.9
0
2.1
43.3
0
0
0
0
0
0
0
0
0
0
6.6
12.9
9
0.3
2.4
0
0
0
0.6
8.3
6.3
36.7
0.1
0
0.3
27.4
12.7
0.1
0
0
2.4
21.4
0
0
0
1.9
0
0
0
0
6
0
0.8
0
0.1
0
0
0.1
4.5
3.4
0
0
0
0
0
0
0
0
10.6
0
0
0
0
0
0
0
0
0
0
0
0
0
0
0
0
1.5
0
0
0
0
0
0
0
0
0
0
0
0
0
0
0
0
0
0
0
0
0
0
0
0
0
0
0
0
1.7
0.8
0
0.2
0
0
1.8
27.2
0
0
0
0
0.1
0
0.6
1.2
0
0
0
0
0
0
0
0
0
0
0
0
0
0.3
0
0
0
0
0
0
0.2
6.2
0
0.1
0.1
7.2
14.9
0
0
0
0
18.6
12.1
0
0
4
66
29.5
0.4
0.5
0
0
0.8
0
0.4
0
0
1.1
2.9
0.1
0.3
1.7
0
0
0
0
0
0.6
0.7
0
1.9
0
0
1.1
0
0
0.1
1.7
0.2
0
0
0
0
0
0
0
0
0
0
0
0
0
0
0
0
0
0
14.6
11.5
39.8
13.2
50.8
6.3
0.2
0
0
0
0
0
0
0
0.1
0.1
0
0
0
3
29.1
0.4
5
3
2.1
13.9
0.1
0
0
0
0
0
0
0
0
0
0
0
0
0
0
0
0
0
35.5
4.7
0
0
0
0
0.2
0
2.6
0.1
6
0.1
0
0
0
0
0
0
0.5
0
0
0
0
0
0
0
0
0
0
0
0
0
0
3.1
0
0
0
0
0
7
5.6
0.4
0
0
0
0
0
0
0
0
1.3
0
0
0
0
0
0
0
0
0
2.6
1.3
0
0
0
0
0
0
0
0.2
0
0.1
0
0.5
0
0
0
0.1
0
0.4
0
1.4
6.3
0
0
0
0
0
0
0
0
84.6
0.5
0
0
0
0
0
0
0
0
0
0
0
0
0
0
0
0
0
0
0
0
0
0
0
0
0.1
18.4
0
0
0
0
0
0
0.1
0
0
0
0
0
0
0
0
0
0
0.6
0.2
0
0
0
0
0
0
0
0
0
0
0
0
0
0
0
0
0
0
0
0
0
0
0
56.5
34.8
51.5
0
0
0
0
0
0
0
0
0
0
0
0
0
0
0
0
0
0
0
0
0
0
0
0
0
0
0
0
0
0
8.2
1.6
0
0
0
1
1.9
0
0
0
0
0
0
0.5
0
0
3.1
0
0
0
0
0
0
2
2.8
2.4
0
0.2
1.7
0.1
7.9
0.7
0
0
1.5
0
0
0
0
0
1.7
2.5
0
0
0.8
0
0
2.8
1.2
0
0
1.6
15.7
0.1
0
0
0
0
0
4.8
0
0
0
0
0
0
0
0
0
0
0
0
0
0
4.6
0
0
0
0
0
0
0
0
0
0
0
0
0
0
0
0
0
0.3
0.4
0
0.1
0
0.3
0
0
0
14.8
1.3
0
0.9
25.7
0.1
0
0
0
0
0
0
0
0
0
0
0
0
0
0
4
4.1
14.3
0.1
0
1.9
0
0
0
0
0
0
0
0
0
0
0
0
0
0
0
0
0.4
0.8
1.6
0
0
0
0
0
0
0.5
0
0.3
0.3
0
0.2
10
0
8.3
1.4
2.8
2.3
0
0
0
0
0
0
0
0
0
0
0
0
0.1
0
5.1
0
14.3
0.1
0
0
0
0
0
19.3
0
0
0
0
0
0
0.3
0.6
0.2
12.7
0
0
36.5
0
0
0.2
0
0
0
0
0
0
0
0
0
0
0
0
0
0
2.8
0
0
4.9
0
0
0
0
17
0.1
0
0
0
0
0
0
0
0
0.1
2.4
0
0
0.5
0
0
0
0
0
68
0
0
0.1
0
0
0
0
0
0
0
0
0
0
0
0.1
0
2.6
0
0
0
0
0
37.6
0
6.1
0.1
0
0.1
0
0
4.2
8.5
0.1
0
0
0
41.2
0.1
15.6
0
0
0
0
15
0
0
0
0
2.4
0
0.9
0
1.9
0.1
0
0
0
0
0
0
0
0
0
0
0
0
0
0
0.1
0.1
0
0.1
9.4
19.3
0
0
0
0
0.1
0
2.3
0
0
5
0
0
0
0
0
0
0
0
0
0
14.8
16.3
5.6
23.4
45.8
52
0
0
4.5
7.2
0
0
0
0
0
0
0
0
0.1
0.6
8.6
0
0
0
0
0
0
0
0
0
0
0
0
1.9
0
0
0
0
0
0
0
0
0.1
0
0
0
0
0
0
0
0
0
2.2
0
3.4
10.8
0.6
0.1
0
0
0
0
0
0
0
0
5.4
0
0
0
2.4
15.3
0
0
0
0
0
0
0
0
0
0
0
0
0
0
0
0
2.4
0
0.2
0
0
0
0
0
0
0
0
0
0
0
0
0
0
0
0
0
0
2.9
0.5
0.8
0.1
0.1
0
10.8
39.8
1.3
3.4
8.1
2.7
0
0
0
0
0
0
0
0
0
0
0
0
0
0
0
0
0
0
0
0
0
0
0
0
0.5
0
0
0.4
0
0
0
17.3
0.1
0
0
0
0
0
0
0
0
0
0
0
0
0
0
0
0
0
0
0
0
0
6.4
0
0
0
0
0
0
0
0
0
0
0
0
0
0
0
0
0
0
0
0
0
0
1.9
0
0.8
0.3
10.3
40.2
0
0
0
0
0
0
0
0
0
0
0
0
0
0
0
0
0
0
0
0
0
0
0
0
0
0
0
0
0
0
0
0
0
0
1.9
4.8
0.1
1.1
0.1
0
0
0
5.1
0
14.6
0.4
0
0
0.4
0
0
0
5.4
0
0
0
0
0
0
2.1
0
0.4
18.3
0
0
0
4.3
0
0
0
0
0
0
0
0
0.8
0
18.5
3.4
5
0
0
0
0
0
21.8
0.7
0.6
0.3
0
0
0
0.2
0
0
0
0
0
0
0
0
1.3
9.1
0
20.8
4.4
8.3
0.8
1.7
0
0.1
0
0
0
0
0
0
0.1
0.1
1.5
0
0
0
0
0
0.2
0
0
0
0
0
0.1
6.7
0
0
0
0
0.1
111.3
0
0
0
0
0
0
0
0
0
0
0
0
0
0
0
0
0
0
0.2
0
0
0
0
0
0
0
0
0
0
0
0
0
0
1.2
0.7
1.4
0
0
0
0
0
0
0
0
0
0
0.1
0
0
0
0
0
0
0.1
0
0
0.1
0
0
0.5
1
0
1
0
0
0
0
0
0
1
0
0
0
0
0
0
0
0
0
0
0
0
0.2
0.1
0
0
0.1
0
0
0
0
0
0
0
0
1.2
1
0
0
1.6
4
0.2
6
0
0
0
0
0.6
0
0
0
0.3
0
0
0
2
30.4
1.3
0
0
0
0
0
0
0
0
0
1.1
0
0
0
0
0.2
5.7
5.9
7.2
0
9
10.5
0.6
0
0
0
0
0
0
0
0
0
0
6
0
0
17
47.9
0
0
0
0
0.2
0.2
0
0
0
0
0
0.1
0
0
0.4
22.8
0.1
0.2
0
0
0
5.4
9.6
0
1.6
0
0
0
0
0
1.7
0
2.9
13.1
7.5
2.1
0
0
0
0
0
0
0
0
0
0
4.7
0
0
0
0
0
0
0
0
0
0
0
0
0
0
0
0
0
0
0.7
0.1
0
0
0
7.3
0
0.3
1.8
0
0
0
0
0
0
0
0
0
0
0
0
0
0
0
0
0
0
0
0.2
0
0
0.1
0
0
0
0
0
0
0
0
0
0.3
35.5
0
0
0
0
0
0
0
0
0
0
0
0
0
0
0
0
0
9.4
0
0
0
0
0
0
0.1
0
0
0
0
0
0
0
0
0
0
0
0
0.7
0
0
0
0
0
0
0
0
0
0
0
1.9
0
0
15.2
2.3
0
0
0
0
0
0
0
0
20.5
0
5.1
0
0
0
0
0.1
0.1
0
0
0
0
15
0.1
0
2.2
0.3
0
5.9
34.6
0.1
0
0
0
0
0
0.2
1.7
0.7
0
0.5
1.3
0
0
0.1
0
0
0.1
0
0
0
0.1
1.8
0.8
0
0
0
0
0
0
0
0
0
0
0
0
0.3
0.2
20
9.3
32.2
0
0
1.9
36.1
0.1
0
0
0.1
0
0
1.2
0
0
0
0
0
0
0
0
0
0
3.3
3.9
0.5
0
13
4.7
1.3
0
0
0
0
0
0
0
0
0
0
0
0
0
0
0
0
0
0
0
0
0
0
0
0
0
0
0
0
0
0.9
0.1
0.6
2.1
0
7.5
2
21.2
3.3
0
0
0
0
0.4
0.1
0
1
0
0
0
0
0
0.3
0
25.6
0.7
0.1
0
0
0
0
0
0
0
0
12.2
0
0.1
0
0
0
0
13.2
23.7
0
0
0
0
0
0
0
1.1
0
0
0
0
0
0
0
0
0
0
0
46.3
6.8
0
0.9
0
0
0
7.1
0.1
0
0
0
0.2
0
0
0
0
0
0
0
0
0
0
0
0
0.1
0.1
0
0
0
0
0
0.2
11.6
13.6
0
0.7
3.7
0
0
0.8
0
0
0
0
0
1.7
1
15.3
0
0
0.8
0
0
0
2.1
0
0
0
0
0
0
0
0
0
0
0
0
0
0
0
2.4
2.4
5.5
0
0
0
0.5
0
0
0
0
0
0
0
0
0
0
0
0
0
0
0
0.3
0.2
0
4
0.1
0
0.3
0
0
0
0
0
0
0.5
0
0
0
0
0
0
0
0
0
0
0
0
1.3
0
9.5
0
0
0
0
0
0
0
0
0.8
0
0
0
0
0
0
0.1
22.1
0.1
0
0
0
0
0
0
0
0
0
0
0
0
0.6
0.2
0
0
0
0
0.6
4.5
4.3
0
0
0.4
0.1
0
0
0
0
6
0
0
0
0
5.5
12.3
0.1
0
0.9
0
0
0
6
0
0
0
0
0
0
0
1.2
3.3
0
0
0.1
0
0
0
0
0.1
0.1
0
0
0
0
0
0
2
44.2
22.6
0
0.1
0
0
0
0
0
0
0
0
0
0
0
0
0
10.3
0.1
0
0
0
0
0
0
0
0
0
0
0
0
0
0
0
0
0
0
0
0
0
0
0
0
0
0
0
0
0
0
0
0
0
0.1
1.3
5.3
0
0
0
0
0
0
0
0
0
0
0
0
0
0
0
5
0
0
0
0
0
0
0
0
0
0.3
6.7
0
0
0
0
0
2.8
0
0
0
0
0
0
0
0
0
0
0
1.2
25.2
0
0
0
0
0
9.7
1.4
0
22.8
54.2
4.4
0
1.4
0.1
0
0
8
0
0.2
0
0
0
0
0
0
0
0.6
0
0
0
0.3
3.5
11.8
6.9
4.8
0.1
4.3
5.9
0.3
0
0
0
1.2
0.5
0
0.2
0
2.5
0
6.1
0
2.3
3.6
0
0
0.1
27.8
6.6
0
0
0
0
0.1
0.3
0
0
0
0
0
1.1
0
14.3
0.8
26.8
36.1
1
2
4.1
0
0.9
0
0
0
0
0
0
0
0
0
0
1
1.9
13.5
0.1
3.1
0.1
0
0.1
0.2
1
0.2
10.4
9.6
0.3
0
13.1
1.3
0
0
0
0
1.4
10.2
0.2
0
0.2
0
0
1
0
0
14.8
0.4
0.3
0
0
0
7.4
0
8
13
6.8
0
0
0
0
0.8
1.5
0
0
0
0
0
0
0
0
0
0
0
0
0
0
1
0
0
0
0
0
0
0
0
0
0
0
0
0.1
0.4
0
0
0
0
0
0.1
0
0
0.7
0.6
0
0
0
0
0
0
0
0
0
0
0
0
0
0
0
0
0.2
6.2
0.1
0
0
21
0
0
0
24.1
0
0
0
0
0
20.2
0
0
0
0
0.6
0.1
0.3
3.5
0.1
0.4
7.4
0.1
1.6
0.2
0
0
0
0
0
11.3
0.1
0
0
0
0.1
9.4
0.1
0
0
0
0
3.7
0
0
0
0
0
0
0
0
0
0
0
0
0
0
32.4
3.1
0.1
0
0
133.1
0.1
3.9
5.3
6.4
57.5
1.3
0
0
0
0
0
1.9
10.6
14.5
0
5.5
53.6
0.1
0
0
0
25.1
0
0
0.1
14.1
0
0
0
0
0
5
0.1
6.1
3.4
0.2
5.3
0.1
0
6.3
0
0.2
2.2
0
0
0
1.2
0
0
0
0
0
0
0
0
0
0
0
0
5.9
0.2
0
0
0
0
0
0
0
0
0
0
0
0
0
0
0
0
0
0
0
0
0
0
0
0
0
0
0
0
0
0
0
0
0
0.7
0.1
0.6
7.5
0
0
1.2
0
0
0
0
0
0.8
0
0.4
6
0
0
0
0
0
0
0
0
0
0
0
0
0
0
0
0
0
0
0
0
0
0
0
0
0
0
0
0
0
0
0
0
4.4
0
0
0
0
0
0
0
0
0
0
0
0
0.2
0
0
0
0
0
0
0
0
0
0
0
0
0
1.1
1.3
0
14.2
5.9
0
0
2
0
1
0
0
0
0.8
0
0
0
0
10.4
0.2
0.1
1.6
0
1.7
0
0
0.3
0.3
0.5
0
0
7.7
0
0
0
0.1
2.3
0
1
0.1
0
0
0
0
0.4
12.5
0
9.4
0
0
0
0
28.2
0.9
0
0
0
0
0
0
0
0
0
0
0
0
0
0
0
0
15.1
0
0
0
0
0
0
0
0
0
0
0
0
0
0
0
0
0
0
0
0
0
0
0
0
0
2.6
3.7
0
0
0
0
0
0
0
0
0
0
0
0
0
0
0
0
0
0.1
12.6
0
0
0
0.5
0
0
0
0
0
0
0
0
0
0
0
65.3
0
0
0
0
0
0
0
0.2
0
0
0
0
0
0.1
2
0
0
0
0.8
0
0
0
0
0
0
0
0
0
6.1
6.1
0
1.5
0
0
0
0
0
0
0
3.9
0.1
0
0
0
0
0
0
0
0
0.1
0
0
0
0
0
0
0
2.7
0.8
0.1
0.2
0
0.8
0
0
0
0
0
4.8
0
47.3
6.8
0.1
0
0
0
0
0.2
0
0
0
2.3
3.4
0
0
0
0
0
0
0.5
0
0
3.9
5.8
0
0
0
0
0
0
0
25.3
0.2
0
0
0
0
0
0
0
0.7
0.2
0
41.5
6.5
0
0
0
0
0
0
0
0
0
0
0
0.1
0
2.2
16.5
4.6
0
0
0
0
0
0
0
0.1
0
0
0.1
0.1
0
0
0
0.1
0.1
0
0.2
2.7
0
0
0
0
0
0
0
0.7
1.1
1.1
86.6
8.2
34.3
0
0.3
0
0
0
0
0
0
0
0
0
0
0
0
0
0
0.1
0
0
1
0.1
0
0
0.2
0.9
0
0
0
0
0
0
0
0
0
0
0.5
0.1
0
1.4
0
0
1.1
0
0
0
0
0
0
0
0
0
1.1
53.7
0.1
0
0
0
0
2.8
1.2
0
0.1
0.8
0.6
0
0
3.8
3
8.5
0.2
0.1
0
0
0
0
0
0
0
0
0
11.2
0.6
0.7
0.1
0
9.3
32.8
18.5
50.5
1.2
0.7
0
0
0
6.3
0.9
0
0
0
0
0
0
0
0
0
0
0
26.1
0
0.2
0
21.4
0.1
1.6
0
0
0
0
0
0
0
0
0
0
0
0
1.3
0
1.8
0
0
13.3
1.6
0
0.5
23.7
5.6
0.3
0
2.9
0.3
0
0
0
7.6
0
12.8
0
0
0
0.1
0
0
0
0
0
0
0
0
0
0
0
0
0
0
0
0
0
0
0
0
0
0
0
0
0
0.1
0
0
0
0
0
0.2
0
0
0
0
0
0
0
0
0
1
0
0
0
0
0
0
0
0
0.6
0
0
0.1
0
6.2
0
0
0
0
0
0
0
0
0
0.1
60.6
4.5
0
0
0
0
0
0
0
0
3.2
0
13.4
8.2
0
0
0
0
0
0
0
27.5
0.9
0
18.2
0.6
0
0.8
0
0
0
0
0
0
0
6.9
0
0
0
0
0.2
0
0
1.3
0
0
0
3.5
0
0
0
0
0
0
0
2.9
2.1
0
0
0
0
0
0
0
0
0
0
22.6
11
1.4
2.7
12.2
0.1
0
0
0
0
0.1
0.1
0
0
0
0
0
0
0
0
0.1
0
0.3
0.1
6.6
10.4
0
0
0
0
0
0
0
0
0
0.1
0
0.2
8
0
0
0
0.8
0
0
0.1
0.3
0.5
0
0
0
0
0
0
0
0
0
0
0
0.2
0
0
0
0
0
0
0
13.5
8.5
0.1
0
0
0
0
0
0
0
0.1
0.1
0
4.8
0
0
0.3
0
0
0
0
0
0
1
0
0
0
0
0
0
5.5
1.8
0.8
0
3.8
0
8.8
1.8
0.3
0.1
0
0
0
0
12.4
0.1
0
0
0.1
0
0
0
0
0
0
0
0
1.2
11.2
0.1
0
0
0
0
0
0
0
0
0
10.1
3.3
0
0
0
0
0
0
0
0
0
0
0
0
0
5
0.4
0.1
3.4
0
0
1.8
0
2.6
0
0
0
0
6
0.1
0
0
0.2
4.6
0
0
0
0.4
2.6
0
1
0.1
0.6
33
0
0
0
0
0
0
0
0.4
0.1
0
0
9.6
0
0
0
0
0
0.2
0.4
0
0
0
0
1.8
0
0
0
0
0
0
0
0
0
0
0
0.3
0
0
0
0
0
0
0
0
0
0
4
0.1
0.3
1.2
0
0.7
11.5
0
0
1.2
0.4
0
0
0.5
0
0
0
0
0
0
1.3
0
0
0
0
0
0
0
0
0
0
0
0
0
0
0
0
0
0
1.1
0
0
0
0
13.3
0.1
0
0
0.1
0
0
0
0
0
0
0
0
0
0
0
0
0
0
0.3
0
0
0
0.1
0.4
0
0
0
0
0
16.6
0.1
3.1
6.5
0
0
0
0
0
0
10.9
0.1
0
0.5
0
0
0
1.3
0
21.4
0.1
0
0
0
7.4
0
0
0
0
0
0
0
0
0.5
3
5.2
0
0
0
0
4.4
0
0.1
0
0
0
0
0
0
3.3
0.2
0.3
0.6
0.1
0
0
0
0.1
0
0
0.1
21.5
0
1.8
0
0.2
0
0
0
0
0
0
2.7
4.7
0.7
0
0
0
2.3
0
0
0
0
0
2.3
50.4
22.7
5.3
0
0
0
0
0
0
0
0
0
0
0
0
0.1
0
0
0
0
0
0.1
0
0
0
0
0.2
0
0
1.1
1
0.3
0
0
0
0
0
0
0
0
0
0
0
0.8
0
0
0
0
1.1
0
0
0
0
0
0
0
0
0.1
0
0
0
0
0.1
0
0
0
0
0
0
0
0
0
0
0
0
0
0
0
0.1
0
0
0.5
0
0.5
0
0
0
0
0
0
0
0
0
0
0
1.8
0
0
0
0
0
0
0
0.2
0
13.2
0.2
0.2
32.1
27.7
0
1.5
0.1
0
0.1
0
0.3
0.1
3.7
0.9
0.7
0
0
6.6
0
0
0
3.6
0.2
0
0
0
0
0
0
0
0
0
2.2
0
0
9.3
0
0
0
0
0
0.5
17.4
22.5
0
23.1
0
0
0
0
0
0
0
0
3.6
0.9
0
0
0
0
0.1
0
0
0
0
0
0
0
0
0
0
0
0
0
0
0
31.7
8.4
0
0
0
0
0
0
0
0
0
0
0
0
0
0
0
0
0
0
0
0
0
0
0
0
0
0
7.3
0.1
0
0
0
0
5.5
0.3
0
5.6
1
0
0
0
1.8
1
0
0
0
0
0
0
0
0
0
0
0
0
0
0
0
0
0
0
0
0
0
7.9
0.1
0
0
0
0
0
0
6.1
0
0
0
0
0
0
0
0
0.7
0
1
0.1
0.1
0
0
0
0
0
0.1
2.2
0
3.2
0
1
0.1
43.8
0
0.1
0.8
0.1
0
0
0
0.1
0
0
0
0.1
1.7
8.2
0
3.2
0
0
0
0
0.1
0
9.8
0.6
0
0
0
0
0
0
0
0
0
0
0.1
0.1
8
0.3
0.1
0
0
0
0
0
0.1
0.1
0
0
0
0.3
0.8
0
0
0
0
0
0
0
0
0.2
0
0
0
0.1
0
0
0
0
0
0
0
0
0
0
0
0
0
0.1
0
0
0
1.8
0
0
0
0
0
0
5
0
0
0
0
0.7
0.1
0
0
0
15.6
0.2
0.9
1.5
10.2
4.4
1.3
2.3
0
0
0
0
1.7
0.1
0
0
0
0
0
0
0
0
0
0
