20000101
-99
-99
-99
-99
-99
-99
-99
-99
-99
-99
-99
-99
-99
-99
-99
-99
-99
-99
-99
-99
-99
-99
-99
-99
-99
-99
-99
-99
-99
-99
-99
-99
-99
-99
-99
-99
-99
-99
-99
-99
-99
-99
-99
-99
-99
-99
-99
-99
-99
-99
-99
-99
-99
-99
-99
-99
-99
-99
-99
-99
-99
-99
-99
-99
-99
-99
-99
-99
-99
-99
-99
-99
-99
-99
-99
-99
-99
-99
-99
-99
-99
-99
-99
-99
-99
-99
-99
-99
-99
-99
-99
-99
-99
-99
-99
-99
-99
-99
-99
-99
-99
-99
-99
-99
-99
-99
-99
-99
-99
-99
-99
-99
-99
-99
-99
-99
-99
-99
-99
-99
-99
-99
-99
-99
-99
-99
-99
-99
-99
-99
-99
-99
-99
-99
-99
-99
-99
-99
-99
-99
-99
-99
-99
-99
-99
-99
-99
-99
-99
-99
-99
-99
-99
-99
-99
-99
-99
-99
-99
-99
-99
-99
-99
-99
-99
-99
-99
-99
-99
-99
-99
-99
-99
-99
-99
-99
-99
-99
-99
-99
-99
-99
-99
-99
-99
-99
-99
-99
-99
-99
-99
-99
-99
-99
-99
-99
-99
-99
-99
-99
-99
-99
-99
-99
-99
-99
-99
-99
-99
-99
-99
-99
-99
-99
-99
-99
-99
-99
-99
-99
-99
-99
-99
-99
-99
-99
-99
-99
-99
-99
-99
-99
-99
-99
-99
-99
-99
-99
-99
-99
-99
-99
-99
-99
-99
-99
-99
-99
-99
-99
-99
-99
-99
-99
-99
-99
-99
-99
-99
-99
-99
55.9
40.6
0
0
0
0
0
0
0
8.4
33.9
10.3
0
0
0
0
0
0
0
0
0
0
1.2
0
0
0
0
0
0
0
0
0
0
0
13.8
0.4
0
0
9.8
0.2
0
0.2
0
5.8
0
3.6
0.2
0
0.4
1
0
0
0
0
0
0
2.6
0
0
0
0
0
0
0
0
2.4
10.8
0.2
0
0.2
0.4
0.2
9
0
0.2
0.2
0
0
0
4
5.6
0
0
0
0
0
0
0
0
0
0
0
0
0
1.6
6.6
34.3
53.7
0.2
0.4
0
1.2
0
0.2
0
0
0
0
0.2
0.2
0
0
0
0
0
0.8
0
1.6
2
0.2
0
0
0
0.2
0
0
0
0
0
0.2
0.6
0
0.8
0
0
0
0
0
0
0
0
0
0
0.2
0
0
0
0.2
5
7.6
0.6
0
0
0
0
0
0
0
0
10.4
0.4
0
0
0
0.4
2.8
0
0
2.2
0.2
11.2
3.2
0
0.2
0
1
0
0
0
0
0
0
0
0
0
0
0
0
0
0.4
0
0
0.6
0
0
0
0
0
0
0
0
0
0
0
0
0
0
0
0
0
0
0
0.2
0
0.2
0
0
0
0
0
0
0
0
0.8
54.1
5.6
0.2
5
0.2
0
0
0
0
4.4
2.2
0
0
0
0
0
0
6.8
5
0
0
0
0.6
0.2
0
0
0
0
0
0
0
0
0
0
0
0
0
0
0
0
0
1
0
0
0
0
0
0
0
0
0
0
0
0
0
0
0
0
0
0
0
0
0
0
0
0
27.6
10.9
0
0
2
0
0
0
0
5
0.6
14.2
0.2
0.2
24.8
0
0
0
0
0
0
0
0
0
0
0
0
0
0
0
0
0
0
0
0
0
0
0
0
0
0
0
0
0
0
0
0
0
0
0
0
0
0
0
0
0
0
0
0
0
11.9
0
0
0
0
0
0
0
0
0
0
0
0
0
0
0
0.8
1
0
49
0.6
0.2
0
0
0
4
0.8
0.2
0.2
0.2
7
0.6
0
0.2
0
0
18.5
2.8
0
0
1.6
0
0.2
0
12
9.4
7.6
42
0
0
0
0
0
0.2
0.2
0
0.2
0
0.2
0
0.8
0
0
0.4
0
0
0
0
0
7.2
0.2
0
0
8.6
36.2
21.2
0
0
0
0
0
0
0
0
0
0
0
0
0
0
0
0
0
0
0
0
0
0
0
0
0
0
6.4
0
0
0
0.2
0
0
0
0
0.2
0
0
0
0
0
0
0
0
0.2
7.2
6.2
3.4
0
0
0
0
0
0.2
0.2
0
2
1.8
0.4
0
0
0
0
0.2
0
0.6
2.4
0
0
0
0
0
0
0
0
0
0
0.2
0
0.6
0
0
0
0
0
0
0.2
0
0
0
0
0
0
0
0
0
0
0
0
0
0
0
0
0
3.8
0
4.6
18.2
0
0
0
0
0
0
0
8
0
0
0
6.8
0
0
0
0
0
0
0.2
0
0
0
0
4.6
0
0.2
0.2
7
13.2
2
0
6.2
11.6
0.2
0.2
18.8
1.8
11.6
0.2
0
0
0
0.2
2.8
0.4
0
0
0
0
0
0
0
0
0
0.2
0
1.6
5.6
0.8
0
0
5.2
8.4
12.6
0.4
1
1.4
0
0
0
0.2
0
0
0
0
0
0
4.6
0
0
0
0.6
0.2
0
0
0
0
0
0
0
14.1
3
0
1
7.8
0
0
0
0
0
0
0
0
0
0
0
0
0
0
0
0
0
0
0
0
0
0
0
0
0
0
0
0
0
0
0
0
0
0.2
3
0
0
0
0
0
0
0
0
0
0
0
0
0
0
0
0
0.4
0
2.8
0
0
0
0
0
0
5.8
9.4
0
0
0
0
0
0
0
0
0.2
0
0
0
21.7
7
22.3
0
0
3.8
0.2
0
0
0.2
0
0.6
5.2
14.4
0
0
0.2
1
0.2
0
0
0.2
0
0
0.2
21.8
8.6
0
0.2
9.6
2.2
0
0
0
0
0
0
0
0
0
0.2
5.8
0
0.2
0.2
0.2
0
68
75.7
6.8
0
0
0
0.2
0.2
0.4
0.2
0
0
0.4
0.2
0
0
0
0
0.2
0
0.2
0.2
0
0
0.2
0
0.2
0
0
0.2
0.2
0
0
0
0
0.4
3.2
8.8
1.2
0
0
0
0.2
4.4
0.2
0
5
26.8
0.2
0
0
0
0
0
1.4
0
0
0
0
0
0
0
18.8
27.2
0.2
0.2
0
2.2
0.2
0
0.2
0
2.8
1.2
0.2
0.2
0.2
0
0
0
0.4
0
0
0.4
0
0
0
0
0
8
1.2
0
0.2
0
0
0
0
0
0
0
0
0
0
0.4
2.4
0.6
0
0
0
0
0
0
0
0
0
0
0
0
0
0
0
0
0
0
0
0
0
0.6
7.4
5.4
0.4
0
0
0
10.2
38
0.2
1.4
1.4
0
15.2
23
0
0.2
0
0
0
0
2.2
2.2
0.2
0
0.2
0.2
0
0.4
0.2
0
0.8
0
0
0.4
0
0
0
0
0
0
0
0
0.6
16.8
0
1.4
3.6
0.2
0
0
0
0
0
0
0
5.4
0
0
0
0
0.2
0.8
0
0
0
8
0.2
0
0
0
0
0
0.2
0
0
0
0
0
0
0
0
0
41.1
26.4
2.2
0
0
0
0.2
0
0
0.4
2.4
3.2
0
8
0.2
0
0
0
5.6
4.6
0
0
0
0
0
0
0
0
0
0
1.2
0
0
0.2
0
0
0
0
0
0
0
0
0
0
0
0
0
0
0
0
0
0
0
22.1
0
1.2
0
0
0
0
0
0
0
0
0.6
0
0
0
0
0
0
0
0
0
0
0.4
0
0
0
0
0
0
0
0
0
0
0
0
0
0
0
0
0
0
0
0
0
0
0
0
0
0
0
16.7
0
0.2
0
0
0.8
1.6
0
0
0
0
0.2
0
0
24.9
0.2
0.2
11.6
0.8
0
0
11.8
2.6
0
0
0
0
0.2
0.2
0
0
0
0
0
0.2
0
0.2
0.2
0.2
0
0
34.4
1
1.8
6.2
14.5
0
0
0.2
0
0
0
0
0
0.2
0.2
8.8
25.1
0
3.4
14.6
92.3
12.2
25.5
0
0
4.6
0
0
0
15.4
5.8
3.6
0
0
3.2
0
0
0
0
0.2
0.2
0
1.4
2
37.9
0.8
0
0
0.2
0.4
14.4
2.2
0
0
0
5.8
4.2
0.6
3.4
0
0.6
0.2
0
0
0
8.8
0
2.2
11.8
3.4
0.2
0.2
0
0
0
0
0
0.2
0
0
0
0
1
0
0.2
0
0
0
0
0.2
0.2
0
0.6
0
0
0
0
0
0
0
0
0.2
0
0
0
0
0
0
0
0
0
0
0
0
0
0
0
0
0.4
2
0.2
0
0.2
0
0
2.8
0
0
0.2
0.2
0.2
0
0.2
0
0.2
0
0
0
0
0
0.2
0
1.8
2.6
0
20.4
21.8
1.8
0
0
2.6
17.2
28
0.2
0
0
0
0
0
0
0
0.6
0
0
0
0.2
0
0
0.2
0
0.2
0
0
0
0
0
0.2
0
0
0
0
7.4
17.2
0.6
39.4
4.6
3.2
1.2
7.4
0
0
0
0.2
0
28
2
0
0
0.6
0
1.6
1.6
23.6
0
0.2
0
0
0
22
0
0
0
0
0
1.6
1
0.2
0.4
0.8
42.4
0.8
0
0.2
0
0
0.2
0.2
10.2
2.6
1
0
0.2
0
0
0
0
0
0
0.2
0
0
0
0
1
0
0
2.2
0
0
0
0
0
0
0
0
0
0
0
0
5.4
0.2
0.6
3.6
0
0
0
0.8
0
0
0
0
0
0
0
0
0
0
0
0
0
0
0
1
4.4
0.6
0
0
5.8
7.8
0
0
0
0
0
0
0
0
0
0
0
0
0
0
0
0
0
0.6
0
0
0
0
0
0.4
0
0
0
0
0
0
0
0
0
0
0
0
0
0
0
0
0
0
0
0
0
0
0
0
22.1
0
5.6
0.2
0.2
9
0
2.4
17.3
2
0
0.2
0.2
3.2
0.2
0
3.6
0.4
0
0
0
0
0.2
0.2
0
0
0
0
0
0
0
0
0
0.2
0.2
0.2
0
0
0
0.2
0
0
0
0
14.8
0
0.2
0
0
0
0.4
0.4
0
2.6
0
0
0.2
9.8
1.6
6.8
0
0.2
0
0
0.4
0
0
0
0.6
0
0
0
0
0
0
0
0
0
0
0
0
0
0
0
0
0
0
0
0.2
0
0
0.4
8.2
0
14
0
7.4
3
2.6
0
2.6
9.6
3.8
0.6
0
0
0
0.2
0
0
0
0
0
0
0
0
0
0
0.2
0
0
0
0
0
0
0
0
0
0
0
0
0
0.2
0.2
0
0.2
0
0
0
0.2
0
0
0
0
0
0
0
0
0
0
0
0
0
0
0
0
0
0
0
0
1.6
22
4.6
5
4
0.2
0
0
0
0
0
0
0
0
0
0
0
0.4
0
0
0
0
0
0.2
0.8
0
0
0
0
0
0
0
0
0
0.8
0.2
0
0
0
0
0.2
0
0
0
0.2
1.6
6.5
0.4
0
0.2
0
0
1.6
0
0
0
4.6
0
0
0
0.2
0
1.2
0
0
0
0
0
0
0
0
0
0
0
0
0
0
0
2.2
0
0
0
0
0
0
0
0.2
4.2
0
0
0
0
0
1.6
0
0
0.2
19.2
0.8
0
32.7
18.9
0
0.2
0
0
5.1
0.2
0
0
0
0
0
0
0
0
0
0
0
0
0
0
0
0.4
0
0
0.2
0.2
3.4
0.2
0
0
0
0
0
0.8
1.6
0
0
0
0
0
0
0.6
0
0
0
0
0
0
0
0
1.6
2.8
9
0.4
0
0
0
0
0
0
0
0
0
0
0
0
0
0
0
0
0
0
0
1.4
0
11.6
0
0
0
0
0
0
0
4
9.7
13.9
0.2
0
0.2
0
0
0
13.9
0
0
0
0
0
0
0
0
0.2
0
0
0
0
0
0
0
0
0
12.9
45.4
72.6
0.2
0
0
0
11.7
0.2
0
0.2
0.2
0
0
0
0
0
0.2
0
83.9
0.2
0.2
0.2
0.4
0.2
0
0
0
0
0
2.4
0.2
0
0.2
1.2
32.2
15.9
23.2
9.2
0.2
0
0
1.8
0
0.2
0.4
0.2
13.9
0.2
0.2
0
0.2
0
0.2
0.2
8.7
0
0
0.2
0
0
0
0.2
0
18.6
7.2
8.4
2.8
65.1
12.9
8.4
0
0
0
0
0
0
0
0
0
0
0
0
0
0
0
0
0.8
0
0
0.2
0
0
0
0
0
0
0
0
0
0
0
0
0
0
0
0
0.2
0
0
0
0
0
0
0
0
0.2
0
0
0
0
0
2.4
23.8
12.9
21.9
9
0
0.2
0
0.2
1.4
4.8
0
0
0.2
0.2
0
0
0.2
0
0.2
0
3
1.6
25.2
10.4
0.2
0
0
0
0
0
0
0.2
0
0
0
0.2
0
0
0.2
0
0
0
0
0.6
0
0.4
2
0
0
0
5.2
0
0
0
0
0
0.2
0
0
0
0
0
0
0
0
1.4
0.2
0.2
0
0
3.4
0
0.6
0.4
0
0
0
0
0
0
0
0
0
0
0
1
0
0
0
0
0
0
0
0
0
0
0
0.2
1.6
0.2
1
0
0
5.4
0
0
0
0
0
0
0
0
0
0
0
0
0.8
0
0
0
0
0
0
0
0
2.6
0
0
0
0
0.2
0.2
0
0
0
0
4
0
0
0
0
0
0
0.4
6.2
0
0.2
0
0
0
0
0
0
0
1.2
0
0
0
0
0
0.4
0
0
0
0
0
0
0
0.8
0.8
0.2
0
0
0
0
0
0
0
0
0
0
0
0
0
0
0
0
0
0
0
0
0
0
0
0
0
0
0
0
0
0
0
0
0
0
0
0
0
0
0
0
0
0
4.2
0
0
0
0
0
2.8
15.6
0.6
0.4
0
0.2
0
0
0
0.6
0
0.2
0
0
0
0
0
0
0
0
0
0
0
0
0
0
0
0
0
23.7
55.1
47.4
0.4
0
0
0
0.2
0.2
0
0.6
22.2
0.2
0
0
0
0
0.2
0
0.2
0.2
0
0
0
0
0
1.4
0
0.2
10.5
0.8
0.2
0.2
0.2
0.2
0
13.1
0.6
3.4
0
0
2.2
0
0.2
0
0.2
0.2
0
0.2
0
0.2
0
0
0
0
0.2
0.2
0
0.2
0.2
0
0
0.2
0
0
1.2
0.8
0
0
0.2
0
0
0
0
0.2
0
0.2
0
0
0
0.2
3
0.2
0
0
9.2
0.2
3
0
0
0
0
0.2
0.2
3.2
0.2
0
0
0
0
0
3.2
3.4
0
0
0
0
0.2
0
0
0.2
0.2
0.2
0
0
0
0
0.2
0
0
0
0
0.2
0.2
0
0.2
0.4
0
0.2
0
0
0
3.6
0.2
0
0.6
0.2
0
0
0
0.6
0.6
0
0
0.2
0
0.2
0
0.2
6
1.4
0.2
0
0
0
0.6
0
0
10.6
0
0.2
0.2
15.7
0
0.2
0
0
0
0
0
0
0
0
0
0
0
9.7
0
0
0
0
0
0
0
0
0
0
0
0
0
0
0
0
0
0
0.8
2.2
0.8
0.2
0
7.6
5.4
14.3
16
10.6
2.6
0.4
0
0
1.4
0.2
0
8
18.7
10
0.4
0
0
0
0
0
0.2
0
0
0
0
0
0
0
17.5
0
10.9
0
10.7
0
1.4
0
0
0
0
0
0
0
0
3.6
0
0
0
0
1
0
0.2
0
0
0.6
0
0
0.4
0
0
0
0
0
0
0
0
0
0
0
0
0
0
0
0
0
0
2.2
0.2
0
1.6
0
0
0
0
0
0
0
0
0
0
0
0
3.2
0
0
0
0
0
0
0
0
0
0
0
0
0
0.2
0
0
0
0
0
3.4
0
0.2
0
0
0
0
0
0
0
0
0
0
0
0
0
0.4
8.1
6.9
0
0
0
15.6
0.2
0
0
0.2
0
2
3.2
0
6.9
2.6
0.2
0.2
0
0
0
0
0
0
0
0
0
0
0
0
0
0
0
0
0.2
0
0.2
0
0
0
0
0
5
0.2
0
0.8
1.8
0
0.2
0
0
0
0
3.2
0.2
0
0.2
0.4
55.2
4
0.2
0.2
0.2
0
0
2.6
0
0.2
0.2
0.2
0.4
9.4
0
0.2
0
0
0.2
0
0
0
0
2.4
0
0
0
0
0
0
0
0.2
0
0.2
0
0
0
0
0
0
0
0
0
0
0
0
0
5.4
0.8
0
0.2
0
0
0
0
0
0
0
0
0
0
0
0
0
0
0
0
0
0
0
0
0
0.2
0
17.2
30.9
0
1.6
17
0
2.2
0.2
0
0
0
0
0
0
0
0.2
7.4
8.5
0
0
0
0
0.2
0.2
1.2
0.8
0
0
0.6
0
2.6
0
0
0.2
0.2
0.2
0
1
0.2
0.2
0.2
0
0
0
0
0
0
0
1.4
1.2
0
0
0
0
0.2
0
0
0
0
0.2
0
0
0
1
0.4
0
0
0.2
0
3
1.8
0
0.2
0.2
0
0.2
0
0.2
0
0
0
0
0
2.4
0
0
0
0.2
0
0
0
0
0
0.2
0
0
1.2
0
0
0
0
0
0
0
4.2
0
0
0
0
0
0
0
0.4
0
3
3.6
2.2
0.2
0
0
0
0
5
4
0.6
16.5
1.8
0
0
0
0
0.2
0
1.8
0
0
0.2
0
0
0
0
0
0
0.4
41.3
63.4
8.3
3.8
0
1.4
0
1.4
2.6
0.2
9.8
0
0
3.4
1.4
2.6
9.4
0.2
4.4
0.4
0
0
4.4
0
0.2
5.8
0
2
0
0
0
0
5.6
7.9
0
0
0
0
1.2
0
0.2
0
0
0
0
0
0
0
0
19
0
0
0.6
0
0
0
0
0
1.2
0
0
0
0
0
17.3
0
2.6
0.2
0
0
0
0
0
0
0
0
0
0
0
0
0
0
0
0
0
0
0
0
0
0
0
0
0
0
0
0
0
0
0
0
0
0
0
0
0
13.9
0
0
0
0
0
0
0
0
7.1
1
0
0.2
0
0
0.8
0
0.2
0
0
2.6
0
0
0
0
0
0
0
8.2
0
0.2
22.2
6
0.8
0.2
13.5
0
0.2
0.2
0
0.2
0
0
0
0
0.2
0.2
6.6
0.2
0
0
1
0
0.2
0.2
1
0.4
9
0
0.2
-99
-99
-99
-99
-99
-99
-99
-99
-99
0
-99
-99
-99
0
0
0
0
0
0
0
0
0
0
0
0
0
0
0
0
0
0
0
0
0
0
0
0
0
0
0
0
0
0
0
0
-99
0
0
0
0
0
0
0
0
0
0
0
0
0
0
0
0
-99
0
0
0
-99
-99
0
0
0
0
0
0
0
0
0
0
0
0
-99
0
0
0
0
0
0
0
0
0
0
0
0
0
0
0
0
0
0
0
0
0
0
0
0
0
0
0
0
0
0
0
0
0
0
0
0
0
0
0
-99
-99
0
0
0
0
0
0
0
0
0
0
0
0
0
0
0
0
0
0
0
-99
0
0
0
0
0
0
0
0
0
0
0
0
0
0
0
0
-99
-99
-99
-99
-99
-99
-99
-99
-99
-99
-99
-99
-99
-99
-99
-99
-99
-99
-99
-99
-99
-99
-99
-99
-99
-99
-99
-99
-99
-99
-99
-99
-99
-99
-99
-99
-99
-99
-99
-99
-99
-99
-99
-99
-99
-99
-99
-99
-99
-99
-99
0
0
0
0
0
0
0
0
0
0
0
0
0
0
0
0
0
0
12.5
8.5
0
0
0
0
0
0
0
0
0
0
0
0
4.9
1.7
0
0
0.7
0
0
0
0
0
0
0
0
0
0
0
0
0
4.6
2.6
0.3
0
0
0
0
0.3
0.1
0
0
0
0
0
0.9
3.9
0
0
0
0
0
0
0
0
0
4.6
0
0
0
0
0
0
0.6
25.2
0
0
0
0
0
0
0
0
0
0
0
0
0
0
0
0.8
0
0
0
0
0
0
0
0
0
2.3
0
0
0
0
0
0
0
0
1.7
0
6.6
0
8.4
0.4
0
0
0
0
0
0
0
0
0
0
0
11.8
1.5
0
0
0
0
0
0
0
0
0
0
0
0
0
0
0
0
0
0.2
51.3
9.4
40.8
0
0
0
0
0
0
0
0
0
0
0
0
0
0
0
0
0
0
0
0
0
0
0.2
0
0
0
0
0
0
0
0.9
0
0
0
1.2
0
0
2.3
0
0
0
0.1
0
0
0
0
0
0
0
0
4.8
7.2
9.1
0
0
0
0
0
0
11.3
11.6
4.3
13.6
2.3
3
0
0
1.7
0.1
0.1
0
0
0.1
14.5
6.8
0
26.2
4.1
0
0
0
8.5
3.7
3.5
0
0
0
4.9
1.2
0
0
0
0
0
7.5
0
0
0
0
0
1.3
0
0
0
8.4
0.6
0
0
7.7
2.2
0
0
0
0
0
3
2.6
0.5
16.4
0.8
0
2.1
0.1
0
0
0
0
3.1
0
0
0.6
15.7
0
0
0
14.6
13.1
0
0
0
0
0
0
0
0
0
0
0
0
5.7
5
0.1
0
0.3
0
0
0
0
1.6
0
0
0
0
0.3
0
0
2.9
0
0
0
0
6.1
0.7
0.1
0
0
0
0
0.4
0
0
0
0.3
0.1
0
0
0
0
0
0
1.7
0.6
48.9
1.6
0
0
8.1
1.9
3.2
0.1
1
26.8
2.6
0
0
0
0
0
0
0
0
0
0
0
0
0
0
0
0
0
0
0
0
0
0
0
3.8
0.1
0
35.6
4
0
0
0
5
0.4
2.3
0
0
0
0
0
0
0
0
0
0
0
0
0
0
0
0
0
0
0
0
0
0
0
0
0
0
0
0
0
0
0
0
0
0
0
4.6
0.4
0
0
0
0
0
0
0
0.5
2.3
4
0.1
0
0
0
0
0
0
0
0
41
1.4
0
0
0
0
0
38.5
0.1
0
0
0
0
0
0
0
0
0
0
0
1.9
0.1
0
0
0
9
1.7
0
0
0
0
0
0
0
0
0.3
86.2
0.2
0
17.6
3.8
0
14.3
0
0
0
0
0
0
0
0
0
0.1
0.1
0
0
0
0
22
3
4.5
-99
0
0
0
0
0
0
0
0
0
0
0.1
0.1
0
0
0
0
0
0.1
3.2
0
0
0
0
0
0.2
0
0.1
0
0
0
0
0
0.6
0.7
0
0.1
0
0
2.1
0
0
0
0
0
0
0
0
0.3
4.9
0
0
0
0
0.1
0.1
3
1.3
1.3
0
0
0
0
1.9
0
0
0
0
0.5
0
10.4
2.2
0.1
0
0
0
0
0
0
0
0
0.1
0
0
0
1.2
0.1
0
0
0
0
0
0
0
0.1
0
0
0
0
0
0
0
0
0
0
0
0
0.5
36.7
0
0.9
0.1
0
0
0
0
0
0
0
0.1
0
0
0
0
0.1
1.5
0.7
0.4
0.7
0
1.7
0
0
0
0
0
0
0
0
7.4
0
0
8.2
2.9
0
0
0
0
0
0
3.9
81.1
0
2.8
21.9
0.3
0
0
0
0
0
0.7
0
0
0
0
2.4
0
0
0.7
0
0
0
0
0
0
0
0.1
0
0
0
0
0
0
0
0
0.6
0
0
0
0
0.4
6.5
15.5
2.2
0.4
22.8
0
0
2.3
0
0
0
3.1
0.1
0
0
27.5
0
0.1
0.2
0
0
0
8.1
0
0
0
0
0
0
0
0
0
0
0
0
4.1
1
0
0.2
5.5
0
2.1
2
5.2
0
3
15.5
0
0
22.3
0
0
0
0.1
0
0
0
0
0
0.3
0
0
0
0
0
0
0
0
0.2
0
0
0
0
0.4
0
0
0
0
0
0
0
1.7
0
0
0
0
0
0
0
0
0.4
9.1
0
0
0
0.1
0
0.1
0.6
0
0
0
0
0
0
0
0
0
0
0
0
0
0
0.8
0
0
0
0
0
0
0
0
0
0
0
0
0
0
0
0
0
0
0
0
0
0
0
0
0
0
0
0
0
0
0
0
0
0
0
0
0
0
0
0
0
9.4
0.2
0
0
0
0
0
0
0
0
0
0
0
0
0
0
0
0
0
0
0
0
0
0
0
0
0
0
0.2
21.1
9.1
0
0
31.5
5.4
0.5
0
0
0.5
1
27
29.1
2.4
3.3
1.3
0
0
0
0.2
0
0
0
29.4
1.6
0.2
0.1
4.7
0.4
1.2
0.8
0
0.1
0
0
0
0
0
0
0
0
0
0
0
0
0
0
0
0
0
0
0
0
0
0
0
0
0
0
0
0
0
0
0
0
0
0
0
0
0
0
0
0
0
0
0
0
0
0
0
0
0
0
0
0
0
0
0
0
0
0
0
0
0
0
0
8.7
1.9
0
0
0
0.8
0.4
0
0
0.2
0
0
0
0
0
0
0
0
0
0
0
0
0
0
0
0
0
0
0
0
0
0
0
0
0
0
0.1
0
0
0
0
0
0
0
0
0
0
0
0
0
0
0.1
0
4.5
9.3
0.4
0
0
0
0
0
0
0
0
0
0
0
16
1.9
19.2
1
0
0
0
0.3
0
2.2
0.8
3.6
0.5
0
0
0
2.1
0
0.2
0.8
0
0
0
0
0
24.7
5
4.1
0
0
0
0.4
0
0
0.1
0
0
0
0
0.8
0
0
0
0
2.6
0
0.1
31
0
0
0
0
0
0
0
0
0
0
0
0
0
1.6
0
0
0
0
0.4
0.1
0
1.2
0
0
0
0
0
0
0.3
0.2
0
0
0
0
0
0
0
0
0
0
0
26.4
0
0
0
2.1
0.3
0
0
0
0
0
3.6
0.1
0
1.4
0
0
0
0
0
0
0
0
0
0
0
0
0.1
0
0
0
0
0
0
0
0.3
0.3
0
0
0
0
0
0
0
0
0
0
0
0
0
0
0
0
0
0
0
0
7.3
0.1
0
2.5
0
0
0
0
0
0
0
0
0
0
0
0
0
0
0
0
0
0
0
0.5
0.4
0
0
0
0
0
1.6
0
1.3
49.8
0
0
0
0
0.1
0.2
0.1
0
0
0
9.3
0.1
0
0
0
0
0
0
0
3.3
3.6
1
1.1
0
0
49.7
11.6
0
0
0
6.6
19.4
0
0
0
2.5
0
0
0
0
4.1
0.1
0
0
0.6
0
0
0
7.5
1.4
0
0.1
0.1
0
0
0
0.1
0.2
10.6
0
0
0
0
0
0
0
0
0
0
0
0
0
0
0
0
0.9
0
0
0
0
0
0
0
0
0
0.2
0.1
0
0
0
0
0
0
0
0
0
0
0
0
0
0
0
0
0
1.2
0.3
0
0
0
0
0.5
23.1
0
0
0
0
0.1
0
0.1
0
0
0
0
0
0
0
0
0
0.3
0
0
0
0
0.1
0
0
0
0
0
0
0
1
0.1
0
0
9.2
14.2
0
0
0
0
29
12.9
0
0
5
37.6
29.9
0.1
0
0
0
0
0
1.1
0
0
0.1
3
0
0.2
1
0
0
0
0
0
1.2
0.5
1.1
1.6
0
0
0.1
0
0
0.8
0.9
0
0
0
0
0
0
0
0
0
0
0
0
0
0
0
0
0
0
0
8.9
16
34.7
10.1
27.5
5.5
2.9
0.1
0
1.3
0
0
0
0
0.7
0
0
0
0
6.5
24.1
0
5.3
2.3
6.7
5.6
0
0
0
0
0
0
0
0
0
0
0
0
0
0
0
0
0
0
5
0.2
0
0
0
0
0.1
0
1.6
0.1
5
0
0
0
0
0
0
0
0
0
0
0
0
0
0
0
0
0
0
0
0
0
1.2
2.8
0
0
0.2
0
0
4.6
1.3
0.9
0
0
0
0
0
0
0
0
7.5
0
0
0
0
0
0
0
0
0
2.6
0
0
0
0
0
0
0
0
0.1
0
0
1.3
0
0
0
0
1.5
0
2.8
0
3.1
12
0
0
0
0
0
0
0
0
35.3
7.9
0
0.1
0
0
0
0.1
0
0
0
0
0
0
0
0
0
0
0
0
0
0
0
0
0
0
0
20.4
0
0
0.1
0.2
0.1
0.1
0.1
0
0
0
0
0
0
0
0
0.1
0.1
1.2
0.3
0
0
0
0
0
0
0
0
0
0
0
0
0
0
0
0
0
0
0
0
0
0
0
51.7
25.8
28.5
0
0
0
0
0
0
0
0
0.2
0
0
0
0
0
0
0
0
0
0
0
0
0.2
0
0.1
0
0
0
0
0
0.1
9.5
2.4
0
0
0
0.2
1.5
0
0
0
0
0
0
0.4
0
0
1.2
0
0
0
0.2
0
0.1
2.4
1.4
2.8
0
0.1
1.8
0
7.4
0.1
0
0
1
0
0
0
0
0
0.8
6
0
0
0.5
0
0
1.4
0.2
0
0
0.4
17.7
0.2
0
0
0
0
0
3.3
0.2
0
0
0
0
0
0
0.2
0
0
0
0
0
0
1
0
0
0
0
0
0
0
0
0
0
0
0
0
0
0
0
0
0.3
4
0
0
0
0
0
0
0
16.9
5.1
0
0.3
32.4
0
0
0
0
0.2
0
0
0
0
0
0
0
0
0
0
3.7
3.2
7
0.6
0
1.5
0
1.5
0
0
0
0
0
0
0
0
0
0
0
0
0
0
0.2
0.2
1.1
0
0
0
0
0
0
0
0
0
0.4
0
0
10.5
0
45.6
0
6.7
1.3
0.1
0
0
0
0
0
0
0
0
0
0
0
0
0
0.4
0
32.4
0
0
0
0
0
0
26.9
0.6
0
0.1
0
0
0
0.1
5.4
0.5
3.4
0
0
6.8
0
0
0.2
0
0
0
0
0
0
0
0.2
0
0
0
0
0
0
1.3
0
0
2.7
0.1
0
0
0.1
7.4
0.1
0
0
0
0
0
0
0
0
0.4
2.9
0
0
0
0
0
0
0
1.1
37.1
0.1
0
0
0
0
0
0
0
0
0
0
0
0
0.2
0
0
0.8
0.2
0
0
0
0
0.6
0
28.6
0.1
0
0.8
0.1
0.1
3.5
4.1
0.2
0.1
0
0.1
12.6
0.1
13.7
0.1
0.1
0
0
1
0
0
0
0
2.2
0.1
1
0.2
8.5
0
0
0
0
0
0
0
0
0
0
0
0
0
0
0
0
0
0
0.1
1
12.8
0
0
0
0
0
0
2
0
0
4.4
0
0
0
0
0
0
0
0
0
0
10.1
9.8
18.7
13.3
47.8
24.8
1.1
0
2.5
3.2
0
0
0
0
0
0
0
0
0.2
0.4
18.8
0
0
0
0
0
0
0
0
0
0
0
0
0.9
0
0
0
0
0
0
0
0
0
0
0
0
0
0
0
0
0
0
1.5
0
2.8
8.7
0.4
0
0
0
0
0
0
0
0
0
4.6
0
0
0
0.9
12.4
0
0
0
0
0
0
0
0
0.1
0.1
0
0
0
0
0
0
1.5
0
0.1
0
0
0
0
0
0
0
0
0
0
0
0
0
0
0
0
0
0
6.1
0.1
1.1
0.1
0
0
10.6
22.5
0.4
0.4
3
7.7
0
0
0
0
0
0
0
0
0
0
0
0
0
0
0
0
0
0
0
0
0
0
0
0.6
0.1
0
0
0.3
0
0
0
17.6
0
0
0
0
0
0
0
0
0
0
0
0
0
0
0
0
0
0
0
0
0
0
5.8
0
0
0
0
0
0
0
0
0
0
0
0
0
0
0
0
0
0
0
0
0
0
2.6
0.1
3.3
0
4.4
20.5
0
0
0
0
0
0.1
0.3
0
0
0
0
0
0
0
0
0
0
0
0
0
0
0
0
0
0
0
0
0
0
0
0
0
0
0
0
0.8
0
1.5
0.1
0
0
0
0.4
0
13.1
0.2
0
0
2.2
0
0
0
5.4
0
0
0
0
2
0
0.6
0
5.7
4.8
0
0
0
1.3
0
0
0
0
0
0
0
0
1.2
1.9
30.9
0.5
5.5
0
0
0
0
0
3.7
1.7
0.5
0.1
0
0
0
0
0
0
0
0
0
0
0
0
4.7
13.7
0
15.6
4.1
7.5
0.1
0.4
0
0
0.2
0
0
0
0
0.2
0.1
0.2
3.1
0
0
0
0
0.1
0.1
0
0
0
0
0
0
15.4
0.1
0
0
0.1
0
94.1
0.1
0.3
0
0
0.2
0.1
0.1
0
0
0.1
0
0
0
0
0
0
0
0
0
0
0
0
0
0
0
0
0
0
0
0
0
0.1
0
2.6
0.6
1.5
0
0.1
0
0
0
0
0
0
0
0
0
0
0
0
0
0
0.1
0.1
0
0
0.2
0
0
0.4
0.5
0
0.8
0
0
0
0
0
0
0
0
0
0
0
0
0
0
0
0
0
0
0
0.1
0.1
0
0
0
0
0
0
0
0
0
0
0
1.5
1.1
0
0
0.8
5
0
5.5
0.2
0
0
0
0
0
0
0
0.2
0
0
0
1.5
26.5
0.3
0
0
0
0
0
0
0
0
0.7
0.6
0
0
0
0
0.1
7.2
10.3
0.4
0
4.8
7.3
0.1
0
0
0
0
0
0
0
0
0
0
0.3
0
0
13.8
24.8
0
0
0
0
0
0.1
0
0
0
0
0
0
0
0
0.5
7.2
0.1
0.1
0.1
0
0
5.3
5.1
0
3.4
0
0
0
0
0
0.4
0
1.1
14.6
8.9
0.4
0
0
0
0
0
0
0
0
0.1
0
4.2
0
0
0
0
0
0.1
0
0
0
0
0
0
0.1
0
0
0
0
0
0
0
0
0
0
4.7
0
0.4
1.8
0
0
0
0
0
0
0
0
0
0
0
0
0
0
0
0
0
0
0.1
0.2
0
0
0
0
0
0
0
0
0
0
0
0.2
0
41
0
0
0
0
0
0
0
0
0
0
0
0
0
0
0
0
0
19.9
0
0
0
0
0
0
0
0
0
0
0
0
0
0
0
0
0
0
0
0.1
0
0
0
0
0
0
0
0
0
0
0.6
0
0
0
16.4
2.6
0.2
0.1
0
0
0
0
0
0
7.2
0
3
0
0
0
0
0.1
0
5.8
0
0.1
0
2
0
0
3.5
0.1
0
11.7
32.8
3.1
0.1
0.1
0.2
0
0
0.1
1.1
0.3
0.1
0.6
0.7
0
0.1
0.1
0.2
0
0
0
0
0
0.1
1.3
0.5
0
0
0
0
0
0
0
0
0
0
0
0
0.1
0.2
13.7
4.6
8.9
0.1
0
0.1
39.4
0.1
0
0
0.1
0.1
0
0.8
0
0
0
0.1
0
0
0
0
0
0.1
1.3
9.7
0.3
0
14.9
0.8
0.3
0
0
0
0
0
0
0
0
0
0
0
0
0
0
0
0
0
0
0
0
0
0
0
0
0
0
0
0
0
1.3
0
0
0.9
0
2.9
0.5
15.2
1.9
0
0
0
0
0.3
0
0
0.6
0
0.1
0
0
0
0
0
14.5
0
0
0
0
0
0
0
0
0
0
8.3
0
0
0
0
0
0
3.7
8.4
0
0
0
0
0
0
0
0.8
0
0
0
0
0
0
0
0
0
0
0
43.3
2.3
0
1
0
0.1
0
8.6
0
0
0
0
0
0
0
0
0
0
0
0
0
0
0
0
0
0
0.1
0
0
0
0
0
0.4
4.6
10.6
0
0.9
0.7
0
0
0
0.1
0
0
0
0
1.9
0.1
19.5
0
0
0
0
0
0
1.8
0.1
0
0
0
0
0
0
0
0
0
0
0
0
0
0
4.4
3.9
2.7
0
0
0
0
0
0
0
0
0
0
0
0
0
0
0
0
0
0
0
0
0.1
0
3.2
0
0
0
0
0
0
0
0
0
0.7
0
0
0
0
0
0
0
0
0
0.5
0.1
0
0.9
0
15.2
0.1
0
0
0
0
0
0
0
1
0
0
0
0
0
0
0
16.6
0
0
0
0
0
0
0
0
0
0
0
0
0
0
0.2
0
0
0
0
0.9
3.4
2
0
0
0.4
0
0
0
0
0
3.7
0
0
0
0
9.4
10.6
0.1
0
0
0
0
0
1.2
0
0
0
0
0
0
0
0.6
1.4
0
0
0
0.2
0
0
0
0
0.1
0.1
0
0
0
0.1
0
9.6
28.7
14.2
0
0.1
0
0
0
0
0.1
0.1
0
0
0
0
0
0
0
24.5
0
0
0
0
0
0
0
0
0
0
0
0
0
0
0
0
0
0
0.1
0
0
0
0
0
0
0
0.9
0
0
0
0
0
0
0
0
0.1
0.4
0
0
0
0
0
0
0
0
0
0
0
0
0
0
0.1
1.7
0
0
0
0
0
0
0
0
0
0.2
0.6
0.1
0
0
0
0
0
0
0
0
0
0
0
0
0
0
0
0
0.5
15.3
0
0
0
0
0
1.1
3.5
0
24.6
32.6
6.9
0
0
0
0
0
4
0
0.1
0
0
0.2
0
0
0
0
0
0
0
0
0.2
4.1
8.5
3.8
2.9
0.1
1.7
1.9
0.8
0
0
0.1
1
0
0
0
0
1.4
0
2.4
0
0.5
0
0
0
0
12.2
3.6
0
0
0
0
0
0
0
0
0
0
0
1.1
0
6.5
0.4
29.5
15.5
0
3.3
1.5
0.1
1.1
0
0
0
0
0
0
0
0
0
0
10.4
1.3
9.8
0
0.4
0
0
0.1
0.3
0
0
0.2
0
0
0
14.8
0.1
0
0
0
0
0.7
0
9.7
0
0
0
0
0
0
0
7.9
1.5
0
0
0
0
1.9
0
4.2
7.5
0.1
0
0
7.7
0.8
0
0
0
0
0
0
0
0
0
0
0
0
0
0
0
0
0
0
0
0
0
0
0
0
0
0
0
0
0
1.2
0.1
0
0
0
0.6
0
0.3
0
0.3
0
0
0
0
0
0
0
0
0
0
0
0
0
0
0
0
0
0
1.2
7.1
0
0
0
1.2
0
0
0
29.9
0
0
0
0
0
0
0
0
0
0
1.3
0.1
0
1.4
0
0
7.5
0.1
4.4
14.6
0.1
0
0
0
0
3.4
0.1
0
2.7
0.1
0
3.9
0
0
0
0
0
0.1
0
0.1
0
0
0
0
0
0
0
0
0
0
0
0
11.8
32
0.1
0
0
73.3
1.9
0.3
0
3.4
38.9
0.1
0.1
0
0.1
0.1
0
1.5
7.8
5.7
0
7.6
35.8
0
0
0
0
13.2
0
0
0.7
16.3
0
0
0
0
0
0.8
0
0.5
1
0.1
4.1
0.1
0
6.7
0
0
2.7
0
0
0
2.1
0
0
0
0
0.1
0
0
0
0
0
0.1
0
7.2
0
0
0
0
0
0.1
0
0
0
0
0
0
0.1
0
0
0.1
0
0
0
0
0
0
0.1
0
0
0
0
0
0
0
0
0
0
0
0
0
0.5
3.3
0
0
1.7
0
0
0
0
0
0.3
0
0
3.6
0
0
0
0
0
0
0.1
0
0
0
0
0
0.1
0.2
0
0
0
0
0
0
0
0
0
0
0
0
0
0
0
0
0
0
3.3
0
0
0
0
0
0
0
0
0
0
0
0
0
0
0
0
0
0
0
0
0
0
0
0
0
0
0.2
0.8
0
7.9
0
0
0.6
0.2
0
0
0
0
0
0
0
0
0
0
4
0.3
0.9
0
0
0.7
0
0
0
0
0.5
0
0
5.9
0
0
0
0
0
0
0.1
0
0
0
0
0
0
14.3
0.1
0.6
0
0
0
0
40.2
1.3
0
0
0
0
0
0
0
0
0
0
0.1
0
0
0
0
0
12.2
0
0
0
0
0
0
0
0
0
0
0
0
0
0
0
0
0
0
0
0
0
0
0
0
3
0.5
2.7
0
0
0
0
0
0.2
0
0
0
0
0
0
0
0
0
0
0
0.5
0
0
0
0
0.7
0
0
0
0
0
0
0
0
0
0
1.5
28.5
0
0
0
0
0
0.1
0
0
0
0
0
0
0
0.3
5.8
0
0
0
0
0
3.1
0
0
2.7
0
0
0
0.3
3.7
7.1
0
0.6
0
0
0
0
0.1
0
0
7.3
0
0
0
0
0
0
0
0
0
0
0
0
0
0
0
0
0
2.7
0.2
0
0.1
0
0.5
0
0
0
0
0
3.5
0
84.6
4.5
0
0
0.1
0
0
0.1
0
0
0
0.2
2
0
0
0
0
0
0
0
0
0
6.4
8.8
0
0
0
0
0
0
0
13.5
0.1
0
0
0
0
0
0
0
0.2
1.8
0
40.3
6
0
0.1
0
0
0
0
0
0
0
0
0.1
0.1
0
1.5
12.2
0.7
0.3
0
0
0
0
0
0
0.1
0
0
0
0
0
0
0
0
0
0
0.1
0.1
0
0
0
0
0
0.1
0
0.9
1.4
0.1
84.3
11.9
17.6
0
0.5
0
0
0
0
0
0
0
0
0
0
0
0
0
0
0.1
0
0
0.7
0
0
0.1
0
0
0
0
0
0
0
0
0
0
0
0
0
0
0
1.3
0
0
0.1
0
0
0
0
0
0
0
0.1
0
0
35.5
0.3
0
0.2
0.1
0
3.7
0.1
0
1.1
4.4
0.8
0
0
1.1
2.7
5.3
11.6
0.1
0
0.1
0
0.2
0
0
0
0
0
11.7
0
0.6
0.7
0
11.2
19.1
26.6
43.2
0.3
0.2
0
0.1
0
6.6
1.8
0
0
0
0
0
0
0
0.1
0
0
0
15.5
0.6
0.1
0.4
14.9
0.1
2.2
0
0
0
0
0
0
0
0
3.9
0
0
0
9.8
0
2.7
0
1.2
6.5
2.7
0
0.8
6.6
0
0
0
0
0.4
0
0
0
9.6
0
11.2
0
0
0
0.1
0
0
0
0
0
0
0.1
0
0
0
0
0
0
0
0
0
0
0
0
0.2
0
0
0
0
0
0
0
0
0
0
0
0
0
0
0
0.2
0
0
0
0
0
0.7
0
0
0
0
0
0
0
0
5.9
0
0
0
0
0.3
0
0
0
0
0
0
0
0
0.1
0
56.3
4.4
0
0
0
0
0
0.1
0
0
2.4
0
16.4
5.1
0
0
0
0
0
0
0
28
2.1
0
29
0.1
0
0.5
0
0
0
0
0
0.1
0.1
2.6
0
0
0
0
0
0
0
0.1
0
0
0
1.3
0
0
0
0
0
0
0
6
0.1
0
0
0
0
0
0
0.1
0
0
0.1
11.7
13
2.8
3.5
11.4
0.2
0
0.1
0.1
0.2
0.1
0
0
0
0.1
0
0.2
0
0
0
0.1
0
0.2
0.2
6.6
11.1
0
0
0.1
0
0
0
0
0
1.5
0
0
0.1
5.2
0
0
0
0.1
0
0.6
0.1
0.4
0.4
0.1
0
0.1
0
0
0
0
0.2
0
0
0
0.1
0
0
0
0
0
0
0
23.1
5.4
0
0
0
0
0
0
0
0
0.1
0.1
0.1
6.1
1.3
0
0.4
0
0
0
0
0
0
0
0
0
0
0
0
0
5
1.3
0.5
0
0.2
0.1
5.5
0.7
0.3
0.1
0
0.1
0
0
43
0
0
0
0.1
0.2
0
0
0
0
0
0
0
0.1
10.6
0
0
0
0
0
0
0
0
0
0
4.7
0
0
0
0
0
0
0
0
0
0
0
0
0
0
0.6
0
0
0
0
0
1.6
0
3.9
0
0
0
0
3.5
0
0
0
0.1
7.8
0
0
0.1
0.5
10.3
0
0.7
0
0.7
30.8
0
0
0
0
0
0
0
3.8
1.3
0
0
11.1
0
0
0
0
0
0.1
0
0
0
0.3
0
0.3
0
0
0
0
0
0
0
0
0
0
0
0
0
0
0
0
0
0
0
0
0
0
18.8
0
0.3
0.7
0.1
0
7.9
0
0
2.9
0.1
0
1.2
16.1
0.1
0
0
0
0
0
1.3
0
0
0
0
0
0
0
0
0
0
0
0
0
0
0
0
0
0
0.4
0
0
0
0
24.5
0
0
0
0.1
0
0
0
0
0
0
0.1
0
0
0
0
0
0
0
1.2
0.1
0
0
0
1.6
0
0
0
0
0
47.6
0
2.4
9.5
0
0
0
0
0
0
10.7
0.7
0
0.1
0.1
0
0
2.5
0
4.8
0
0
1
0.5
10.7
0
0
0
0
0
0
0
0
0.1
5.1
1.3
0
0
0
0
3.9
0.1
0.1
0
0
0.2
0
0
0
0
0.2
0.2
2.9
0.1
0
0
0
0
0
0.1
0.1
14.7
0
0.9
0
0.8
0
0
0
0
0
0
1.9
1.5
1.1
0
0
0
0.4
0
0
0
0
0
3.6
51.6
16.5
9.4
0
0
0
0
0
0.1
0
0
0
0
0
0
0
0
0
0
0.1
0
0.2
0
0
0
0
0.1
0
0
0.7
0.1
0.6
0.2
0
0
0
0
0
0
0
0.1
0
0
0.2
0
0
0
0
0.2
0.1
0
0
0
0
0
0
0
0
0
0
0
0
0
0
0
0
0
0
0
0
0
0
0
0
0
0
0
0
0.1
0
0
0
0.1
0.6
0
0
0
0
0
0
0
0
0
0
0
0
0
0
0.1
0
0
0
0
0
0.1
25.6
0.2
0
15.6
45.4
0.6
0.8
0
0
0.2
0.8
0
0
6.6
1
0.4
0
0
3.2
0
0
0
0.1
0.3
0
0
0
0
0
0
0
0
0
3.6
0
0.2
8.4
0
0
0
0
0
0.8
36
10.6
0
5.6
0
0
0
0
0
0
0
0
4.2
1.8
0
0.4
0
0
0
0
0
0
0
0
0
0
0
0
0.1
0
0
0
0
0
23.8
7.9
0
0
0
0
0
0
0
0
0
0
0
0
0
0
0
0
0
0
0
0
0
0
0
0
0
0
6.6
0
0.1
0
0
0
5.6
0
0
18.3
2.1
0
0
0
2.3
1.8
0
0
0
0
0
0
0
0
0
0
0
0
0
0
0
0
0
0
0
0
0
14.6
0
0
0
0
0
0
0
1.1
0
0
0
0
0
0
0
0
0.1
0
15.3
2.4
0
0
0
0
0
0
0.2
16.4
0
0
0
0.5
2.5
25.4
0.1
0
12
0.1
0
0.1
0
0.1
0
0
0
0
0.5
9.1
0
0.1
0
0
0
0
0
0
30.2
0.2
0
0
0
0
0
0
0
0
0
0.1
0.1
0.4
0.2
30.3
0
0.1
0
0
0
0
0
0.1
0
0.1
0.1
0.8
1.2
0
0
0.1
0
0
0.1
0
0.1
0
0
0.1
0
0
0
0
0
0
0.1
0.1
0
0
0
0.1
0
0
0
0.4
0.1
0
0
0.3
0
0
0
0
0
0
0.3
0.1
0
0
0.1
1.1
0.2
0.1
0
0
20.9
0.4
0.6
1.3
6.2
4
0.2
3.9
0
0
0.1
0
1.5
0.2
0
0
0
0
0
0
0.1
0
0
0
