20000101
0
0
0
0
0
0
0
0
0.4
0
0
0
1.2
0.4
0
0
0
0
0
0
0
0
0
0
0
0
0
0
0
0
0
0
0
0
0
0
0
0.4
0
0
0
0
0
0
0
0
0
0
0
0
0
0
0
0
0
0
0
0
0
0
0
0
0
0
0
0
0
0
0
0
0
0
0
0
0
0
0
0
0
0
0
0
1.2
0
0
0.2
0
2
0
1.4
3.2
0
0
0.6
0
0
0
0
0
0
7.4
2.2
0
0
0.4
0.2
0.8
0
0
0
0
0
0
0
0
0
0
0
0.8
0
0
0
0
0
0
0
0
0
0
0
3
0
0
0
0
0
0
1
0
0
0
1
4
0
0
0
0
2.4
0
0
0
0
0
0
0
0
2.8
0.2
0
0
0
19.2
5
0
0
0
0
0
0
0
0
0
0
0
0
0
0
0
0.2
0
0
0
0
0
0
0
0
0
0
0
0
0
0
0
0
0
0
0
0
0
0
0
0
0
0.2
0
4.8
0
0
0
0
0
0
0
0
0
2.6
0
0
0
0
0
0
0.6
0.6
0
0
0
0
0
0
0
0
0
0
0
0
0
0
0
0
0
1.2
0
0
0
0
0
0
0
0
0
0
0
0
0
0
0
0
0
0
0
2
0
0
0
0
0
0
0
0.4
-99
-99
-99
-99
-99
-99
-99
-99
-99
-99
-99
-99
-99
-99
-99
-99
-99
-99
-99
-99
-99
-99
-99
-99
-99
-99
-99
-99
-99
-99
-99
-99
-99
-99
-99
-99
-99
-99
-99
-99
-99
-99
-99
-99
-99
-99
-99
-99
-99
-99
-99
-99
-99
-99
-99
-99
-99
-99
-99
-99
-99
-99
-99
-99
-99
-99
0
0.2
0
0
0
-99
-99
-99
-99
-99
-99
1.4
0
0
0
0
0
0
1.2
3.2
11.8
7.6
0
0
0
0.2
0
0
-99
0
0
0
0.4
0
0
0
0
0
0
0.2
0.2
0.6
1.4
0.6
0
0
0
0
0
0
0
0
0
0
0
0
0.4
0
0
0
1.6
0
0
0
0
0
0
0
0
0
0
0
0.2
7.2
0
0
-99
-99
1.4
0
0
0
0
0
0.6
0
0
0
0
2
0
0
2.2
-99
3.4
-99
0
0
0
0
0
0
0
0
0
0
0
0
0
0
0
0
0
0
0
0.2
0
0
0
0
0
0
0
0
0
0
0
0.8
0
0
0
0
0
0
0
0
-99
-99
-99
-99
-99
0
0
0
0
0.4
0
0
7.6
2
0.8
1.2
2.4
2.4
0
0
0
0.5
6.7
0.2
0
0
0
0
0
0.2
3.8
0
0
0
1.6
0
1.8
0
0
0
0
0
0
0
0
0
0
0
0
0
0
0
0
1.4
0
0
0
0
0
0
0
0
0
0
0
0
0
0
0
0
0
0
-99
-99
-99
-99
-99
-99
-99
-99
-99
-99
-99
-99
-99
-99
-99
-99
-99
-99
-99
-99
-99
-99
-99
-99
-99
-99
-99
-99
-99
-99
-99
-99
-99
-99
-99
-99
-99
-99
-99
-99
-99
-99
-99
-99
-99
-99
-99
-99
-99
-99
-99
-99
-99
-99
-99
-99
-99
-99
-99
-99
-99
-99
-99
-99
-99
-99
-99
-99
-99
-99
-99
-99
-99
-99
-99
-99
-99
-99
-99
-99
-99
-99
-99
-99
-99
-99
-99
-99
-99
-99
-99
-99
-99
-99
-99
-99
-99
-99
-99
-99
-99
-99
-99
-99
-99
-99
-99
-99
-99
-99
-99
-99
-99
-99
-99
-99
-99
-99
-99
-99
-99
-99
-99
-99
-99
-99
-99
-99
-99
-99
-99
-99
-99
-99
-99
-99
-99
-99
-99
-99
-99
-99
-99
-99
-99
-99
-99
0
0
0
0
0
0
0
0
0
0
0
0
0
0
0
0
0
0
0
0
0
3.2
3
0
0
0
0
0
0
0
0
0
0
0
0
0
0
0
1.2
0
3
4.6
0
0
0
0
0.4
0
0.4
0
0
0
0
0
0
0
0
0
0
0
0
3
0
0
-99
-99
-99
0
0
0
0
0
0
0
0.4
0.2
0
0
0
0
0
0
0
0
0
1.2
0
0
0
0
0
0
0
0
0
0
0
-99
-99
-99
-99
-99
-99
-99
-99
-99
-99
-99
-99
0
-99
-99
-99
0
0
0
0
0
0
0
0
0
0
0
0
0
-99
-99
-99
-99
-99
-99
-99
-99
0
2.8
0
0
11.6
0.2
-99
-99
-99
-99
-99
-99
-99
-99
-99
0
0
0
0
0
0
0
-99
-99
-99
-99
-99
-99
-99
-99
-99
-99
-99
-99
-99
-99
-99
-99
-99
-99
-99
-99
-99
-99
-99
0
-99
0
0
-99
-99
-99
-99
0
0
0
0
0
0
6.2
4.2
0
0.4
8
0
0
0
0
0
0
0
0
0
0
0
0
0
0
0
0
0
0
0
0
0.4
0
0
0
0
0
0
0
0
0
0
-99
-99
0
0.2
0
0
0
0
0
0
0
0
0
0
0
0
0
0
0
0
2.8
0
0.8
0
0
0
0
0
0
0.4
0
6.4
0.2
0
0
0
0.4
0
0
0.1
0.3
0
0
1
0.6
8.4
0
0
27.8
0.6
0
0
1
0
0
3.4
0.8
0.4
0.4
0
4
0
0
0
0
0
0
0
1.2
2.8
0.4
0.6
2.2
7
0
0
0
0
0
0
0
0
0
0
1.4
0
0
0
0
0
7.2
41
8.8
0
0
0
0
0
0
0
0
0
0
0.4
0
0
0
0
0
0
0
0
0
0
0
0
0
0
0
0.4
3.2
0
0
0
0
0
0
5.2
1.4
0
0
0
0
12.4
1
0
1.4
26.4
0.2
0
0
0
0
0
0.4
0
0
0
0
0
0
0
3.4
23.2
0.4
0
0
0.8
0
0
0
0
0.6
0.8
0
0
0
0
0
0
0
0
0
1.8
0
0
0
0
0
9.4
5
0
0
0
0
0
0
0
0
0
0
0
0
0.8
2.2
1
0
0
0
0
0
0
0
0
0
0
0
0
0
0.8
0
0
0
0
0
0.4
0
0
21.8
6
0.6
0
0
2.4
11.6
17.4
0.2
1.2
0
0
14.8
27.4
0.2
0
0
0
0
0
0
2
0
0
0
0
0
0
0
0
1.6
0
0
0
0
0
0
0
0
0
0
0
0
26.4
0
0
0
0
0
0
0
0
0
0
0
9.8
0
0
0
0
0.2
0.6
0
0
0
1.4
2
0
0
0
0
0
0.4
0
0
0
0.2
0
0
0
0
0
8.4
24.8
7.4
0
0
0.2
0
0
0
0
0.5
1.5
0
5.6
0
0
0
0
1.6
9.4
0
0
0
0
0
0
0
1.6
0
0
4.4
0
0
0
0
0
0
0
0
0.4
0
5.8
1.4
0
0
0
0
0
0
0
0
0
0
0
0
0
0
0
0
0
0
0.4
0
0
0.2
0
0
0
0
0
0
0
0
0
0
0
0
0
3
0
0
0
0
0
0
0
0
0
0
0
0
0
0
0
0
0
0
0
0
0
0
0
0
50.8
0.4
0
0
0
0
0
0
0
0
0
0
0
0
37.2
0.6
0
0.4
0
0
0.4
22.6
2.6
0
0
0
0
0
0
0
0
0
0
0
0
0
9.4
0
0
0
0
12.4
0.2
1.6
9.2
31.8
0
0
0
0
0
0
0
0
0
0
0.6
0
0
0
16
47.8
9
9
0
0
0.4
0
0
0
27.4
1.8
9.8
0
0
5.2
0.2
0
0
0
0
0
0.2
1.4
2
1
0.8
0
0
0
0.2
15
0.6
0
0
0
0.8
0.2
4.5
9.1
0
0.6
0.8
0
0
0
10.6
0
6.2
19.4
6.6
0
0.8
1.6
0
0.2
0
0
0
0
0
0
0
0.6
0
0
0
0
0
0
0
0
0.2
0.2
0
0
0
0
0
0
0
0
0
0
0
0
0
0
0
0
0
0
0
0
0
0
0
0
0
0
0
0
0.2
0.2
0
0
0
0
0
0
0
0
0
0
0.2
0
0
0
0
0
0
0
0
3.4
15.4
0
0.1
21.9
0.6
0
0
0
15.4
34.8
0
0.8
0
0
0
0
0
0
0.4
0
0
0
0.2
0
0
0.4
0
0
0
0
0
0
0
0
0
0
0
0
0
14.2
3.4
30
17.4
1.8
0.4
10.6
0
0
0
0
0
17.4
1.6
1.6
0
1.6
0
0
0
15.4
0
0
0
0
0
17.6
0
0
0
0
0
6.8
21.8
0.2
3.4
1
8
0.8
0
0
0
0
0
3
12.8
1.6
0
0
0
0
0
0
0
0
0
0
0
0
0
0
2
0
0
1.2
0
0
0
0
0
0
0
0
0
0
0
0
5.2
0
4
2
0
0
0
17.2
0
0
0
0
0
0
0
0
0
0
0
0
-99
-99
-99
0
0
0.6
0
0
1.4
51.4
0
0
0
0
0
0
0
0
0
0
0
0
0
0
0
0
0
0
0
0
0
0
0
13.2
0
0
0
0
0
0
0
0
0
0
0
0
0
0
0
0
0
0
4.6
0.2
0
0
0
0
20.2
1.8
1
0
3.8
7.6
0
0
0.2
0
0
0
0
0.4
0
0
9.2
0
0
0
0
0
0
0
0
0
0
0
0
0
0
0
0
0
0
0
0
0
0
0
0
0
0
0
0.4
0
0
0
0
0
0
0.2
0
0.6
0.2
0
0
5
1.8
7
0
0
0
0
3.2
0
0
0
0
0
0
0
0
0
0
0
0
0
0
0
0
0
0
0
0
0
0
0
0
0
0
0
1
0
26
0
0
7.2
6.2
0
3.4
14.6
3.8
0
0
0
0
0
0
0
0
0
0
0
0
0
0
0
0.2
0.2
0
0
0
0
0
0
0
0
0
0
0
0
0.2
0
0
0
0
0
0.2
0
0
0
0
0
0
0
0
0
0
0
0
0
0
0
0
0
0
0
0
0
0
6.4
2.8
3.8
4
0
0
0
1
0
0
0
0
0
0
0
0
0
0
0
0
0
0
0
0
0.4
0.2
0
0
0
0
0
0
0
6
0
0
0
0
0
0
0
0
0
0
0
3.2
0
0
0.4
0
0
7.2
0
0
0
0
0
0
0
0
0
0
0
0
0
0
0
0
0
0
0
0
0
0
0
0
0
1.4
0.2
0
0
0
0
0
0
0
0
0
0.2
0
0
0
0.6
1.8
0
0
9.6
0.2
0.2
17.6
10.4
0
0
0
0
0
0
0
0
0
0
0
0
0
0
0
0
0
0
0
0
0
0
0
0
0.4
0
1.6
0
0
0
0
0
0
3.2
0.4
0
0
0
0
0
0
0.4
0
0
0
0
0
0.8
0
0
0
0.2
3.2
0.4
0
0
0
0
0
0
0
0
0
0
0
0
0
0
0
0
0
0
0
0.8
0
6.6
0.2
0
0
0
0
0
0
1
0.4
6.8
0
0
0
0
0
0.6
1.8
0
2.2
0
0
0
0
0
0
0
0
0
0
0
0
0
0
0
0
67.2
55.6
42.2
0
0
0
3.4
24.2
0.2
0
0
4.8
0
0
0
0
0
0
0
11.6
1
0
0
0
0
0
0
0
0
0
0
0
0
0
1
1.2
2.8
19.4
21.2
9.2
0
0
9.4
0.2
0
0
0
7.6
0
0
0
0
0
0
0
2
0
0
0
0
0
0
0
0
26.8
4.2
4.6
5.8
30.2
37.6
5.4
0
0
0
0
0
0
0
0
0
0
0
0
0
0
0
0
4.8
0.2
0
0
0
0
0
0.4
0
0
0
0
0
0
0
0
0
0
0
0
0
0.4
0
0
0
0
0
0
0
0.2
0
0
0
0
1.4
0.2
38.4
17
4.4
2
0
0
0
0
0.4
0.8
0
0
0
0
0
0.4
0
0
0
0.4
5.8
0
22.5
26.7
0
0
0.4
0
0
0
0
0
0
0
0
0
0
0
0
0
0
0
0
3.8
0
2.6
1.2
0.4
0
0
5
0
0
0
0
0
0
0
0
0
0
0
0
0
0
0
0
0
0
0
5.4
0.4
0
0
0
0
0
0
0
0
0
0
0
0
0
0
0
0
0
0
0
1
0
0
0
0
0
0
4.2
0.2
12.2
0
0
1.2
0
0
0
0
0
0
13.4
0.4
0
0
0
0
0
0
0
0
0
0
0
0
0
0.4
0
0
0
0
0
0
0
0
0
0
0
0
0
0
0
0
0
0
2.2
0
0
0
0
0
0
0
0
0
0
0
0
0
0
0
0
0
0
0
0
0
0
0
0
2.6
0
0
0
0
0
0
0
0
0
8.2
0
0
0
0
0
0
0.4
2.8
4.8
2.8
0
0.4
0
0
0
0
0.6
0
0
0
0
0
0
0
0
0
0
0
0
0
0
0
0
6.6
0
0
0
0
0
0
40
0.2
0.4
0
0
0
0
0
0.6
0.2
0
0
0
0
0
0
0
0
0
0
0
0
0
0
0
0
0
3.2
15.4
59
11.2
2.8
0
0
0
0
0
0
1
24
0.4
0
0
3.2
0
0
0
0
0
0
0
0
0
0
0
0
0
12.8
2.8
0.6
0.2
0
0
1.2
62.2
1.6
0.4
0
0
0.6
0
0
0
0
0
0
0
0
0
0
0
0
0
0
0
0
0
0
0
0
0
-99
-99
4.4
2.2
0
0
0
0
0
0
0
0
0
0
0
0
0
0
2
0.4
0
0
11
0
3.8
0
0
0
0
0
0
2.4
0
0
0
0
0
0
3
0.4
0
0
0
0
0
0
0
0
0
0
0
0
0
0
0
0
0
0
0
0
0
0
0
0
0
0
0
0
0
2.6
0.1
0
0
0
0
0
0
0
0
0
0
0
0
0
0
0
3.5
0.2
0
0
0
0
0
0
0
3.1
0.2
0.1
0
0.1
0.1
0
0
0
0
0
0
0
0
0
0
0
0
5.4
0
0
0
0.2
0
-99
0
0
10.8
0
0
1.4
0
0
0
0
0
0
0
0
0.7
0.9
0.2
31.4
3.4
52.2
18
51.3
2.8
0.3
-99
-99
0
0
0
3.8
8.4
14
0.2
0
0
0
0
0
0
0
0
0
0
0
3.6
0
1
0
15.4
0
17.6
0.4
0.2
0
0
0
0
0
0
0
0
1.4
0
0
0
0
2.2
0
0.8
0
0
0
2.4
0.2
0
0
0
0
0
0
0
0
0
0
0
0
0
0
0
0
4.6
0
0
3
0
0
3.2
4.6
0
0
0
0
0
0
0
0
0
0
0
2
0
0
0
0
0
0
0
0
0
0
0
0
0
0
0
0
0
0
0
2.8
0
0
0
0
0
0
0
0
0
0
0
15
0
0
0
96.2
5.4
0
0
0
0
39
0
0
0
0
0
0
4
0
1.2
26.8
0
0.4
0
0
0
0
0
0
0
0
0
0
0
0
0
0
0
0
0
0
0
0
0
0
0
0
0
0
0
0
0
0
0
14.2
0
0
0
0.4
0
0
0
15.7
23.3
17.6
0.4
0
0
0
2.6
3.6
0
0
0
0
2.4
23.2
0.2
0
0
0
0
0
0
0
0
2.8
0
0
0
0
0
0
0
0
0
0
0
0
0
0
0
0
0
0
14.2
0
0
0
0
3.2
0.6
0
0
0
0
0
0
0
0
0
0
0
0
0
0
0
0
0
0
0
0
0
0
0
-99
-99
1.2
2.4
0
0.8
7.6
-99
-99
-99
-99
-99
0
0
-99
0
0
0
7.2
13.8
0.6
0
0
0
0
0
0
1.2
0
0
1
0
1.2
0
0
0
0
0
0
0
0
0
0
0
0
0
0
0
0
0
3.4
7.5
0
0
0
0
0
0
0
0
22.8
4.6
0
0
0
3.4
0.2
0.1
0
0
0
1.2
6.4
0
0
0
0
0
0
0
0
0.2
0
0
0
0
0
0
0
0
0
0
0
0
0
1.6
0
0
4
0.7
0
0
0
0
0
0
8.2
0
0
0
0
0
0
0
0.2
0
5.2
1.4
27.4
0.2
0
0.4
0
0
6.2
2.8
0.2
34.8
0
0
0
0
0
0
0
0
10
0
0
0
0
0
0
0
0
0
42.8
80.7
12.6
-99
0
3
0.4
31.2
15
0.2
21.6
0
0
3
1
1.4
28.8
1
7.4
2.2
0
0
0.2
4.6
16.8
6.8
0.4
8.8
0.4
0
0
0
0.6
34.2
0
0
0
0
8.6
0.4
0
0
0
0
0
0
0
0
0
10.4
0
0
0
0
0
0
0
0
0
0.6
0
0
0
-99
-99
-99
9.8
0
0
0
0
0
0
0
0
0
0
0
0
0
0
0
0
0
0
0
0
0
0.6
0
0
0
0
0
0
0
0
1.2
0
0
0
0
0
0
0
38.2
0
0
0
0
0
0
0
0
0.2
3.6
0
0
0
0
1.2
0
0
0
0
5.2
0
0
0
0
0
0
0
9.2
0
0
5.8
5.6
0
0
0
1.6
0
0.4
0
0
0
0
0
0
0
0
0
0
0
0
0
0
0
0
0
0
0
0
0
0
0
5
0
0
0
0
21
30.4
0
34.2
7.4
27.8
0
0
0
0
0
0
0
0
0
0
0.8
0
0
0
0
0
0
0
0
0
0
1.6
0
0
0.4
5
0.4
0
0
0
0
0
0
0
0
0.5
8
0.3
0
0
4.7
3.3
1.1
0
0
0
0
0
0
0
0
0.1
0
13.3
21.8
5.1
-99
-99
-99
-99
-99
-99
-99
-99
-99
-99
0.1
17.7
9.4
0
0
0.1
0
0
0
0
0
0.4
0
0
0.2
0
0.1
0
0
0
0
0
0
23.3
8.8
1.7
2.3
0
0
0.4
0
0
0
0
0.2
0
0
0
0
0
0
0
0
0
0
0
0
0
0
0
0
1.9
0.5
1.1
0
2.7
0.1
0
0
0
0
0.5
0
0
0.1
0
0
0
0
0
0
0
0
0
0
0
0
0
0
16.4
5.6
3.4
21.4
0.3
7.2
0.1
0
0
1
36.5
3.2
0.1
2.2
13.7
4.4
0
0
2.6
0.4
0
0.1
15.5
0
0
0
0
0
0
14
0
0
0
16.2
1.6
0
0
0
0
0
0
0
0.8
0.2
0
0
0
6.9
0
0
0
0
0
0
0
0
0
0
0
0
0
0
0
0
0
0
0
0
0
7.7
0.1
0
0
0
0
0
0
0
0
0
0
0
0
0
1.4
0
0
0
0
21.1
23.6
0
0
0
0
0
0
0
0
0
2.2
3
0.3
39.9
0.1
0
0
0
0.1
0
0
0.2
0
0
0
0.2
4.8
0
0
0
0
0
0
0
0
0
2.2
0
0
0
0
0
0
3
22.8
0.1
0
0
0
0
0
0
0
0
0
0
0
0
0
0
1.5
0
0
0
0
0
0
0.8
0
0
0
0
0
0
0
0
0
0
3.2
0.7
0
0
0
7.1
0.1
0
0
0
0
0
0
0
0
0
0
0
0.7
35.3
0.1
0
0
0
0.1
0
0
0
0
0.1
0
0
0
0
0
0
0
0
21.4
14
22.7
0
0
0
0
0
0
0
0.1
0
0.1
0.1
0
0
0
0
0
0
0
0
0
0
0
0
0
0
0
0
0
0.1
0.1
0.4
0
0
0
0.4
0.2
0
0.2
0.1
0
0.1
0.1
0
0
0
0
0
0
0
0
0
0.1
4.4
0.1
0
0.1
0
0
0
10.7
0.1
-99
-99
-99
-99
-99
0
0.6
0.1
0.6
0
0
0
5.4
6.1
0
12.4
2.6
0
0
0.3
4.8
0.5
3.8
0
0
0
0.3
0
0.1
0
0
0
0
9.4
0.1
0
0
0
0
0
0
0
0
7.4
0
0
0
10.3
6.6
0
0
0
0
0
4.6
2.2
0.3
8.4
7.3
0.1
3.2
0.1
0
0
0
0
1
0
0
1.9
11.2
0
4.2
0
7.4
0
24.4
0
0
0
0
0
0
0
0.1
0.1
0
0
11.9
13.8
0
0
0.1
0.2
0
0
0
1.8
0.3
0
0
0
8.9
0
0
0.8
0.1
0
0
0
2.4
0.1
1.3
0.1
0
0
1
0
0
0
0
2.6
0.1
0.9
0
0
0
0
0
25.1
0.6
56
6.2
0
0
0.1
2.1
0.4
1.2
0.7
9.5
3.5
0
0
0
0
0
0
0
0
0
0
0
0
0
0
5.7
0.1
0
0
0
0
0
0
0
1.9
0
0
24.2
5.7
11.3
0
0
5.9
0.1
49.4
0.1
0
0
0
0
0
0
0
0
0
0
1.7
2.5
0
0
0
0
27.8
0
0
0
0
0
0
0
0
0
0
0
0
0
0
0
0
0
9.3
9.8
0
0
0
0
0
0
0
0
0
2.9
0.1
0
0
0.3
0
0
0
0
0
20
0
0.3
0
0
0
0
32.3
0
0
0
0
0
0
0
0
0
0
0
0
0
0
0
0
0
2.1
15.2
0.1
0
0
0
0
0
0
0
0.3
32
0
0
1.9
5.4
0
0
0
0
0
0
0
0.1
0
0
0
0
0.2
0
0
0
0
42.1
25.2
3.7
7
1.4
0
0
0
0
0
0
0
0
0.1
0
0
0
0
0
0
0
0.6
0.5
0
0
0
0
0
0.1
0
2.2
0
0
0
0
0
0
1.5
0
0.4
0
0
2.9
0.2
0
0
0
0.1
0
0
0
0
8.2
0
0
0
0
0
0
0.4
2.1
0
0
0.1
0.1
0
0
0
0
0
0
0.1
0
7.4
0.4
0.1
0
0
0
0
0
0
1.2
1.2
0
0
0.1
0
0.2
0.1
0
0
0
0
0
0
0
0
0
0.2
0.2
0
0
0
0
0
0
0
0
0
0.3
20.8
0.1
0
0
0
0
0
0
0
0
0
0.1
0.2
0.1
0
0
0
0.8
0.1
0
11.2
0
3
0.1
0
0
0
0
0
0
0
0.7
0
0
9.2
0.6
0
0
0
0
0
0
0
62.6
0
4.9
26.9
0
0
0
0
0
0.7
0
0
0
0
0.9
0.7
0
0
0.3
0
0
0
0
0
0
0
0
0
0
0.2
0
0
0
0
0
0
0
0
0
0
0.1
0.7
14.3
4.5
0.6
5.8
0.1
5.2
1.5
0
0
0
6.7
0.1
0
0
20
1.3
0
0
0
0
0
4.3
0
0
0
0
0
0
0
0.1
0
0
0
0.2
0
0
0
0.2
60.2
0
1.9
0.1
3.8
2.8
0
68.4
2.5
0
28.4
0
0
0.7
0
0
0
0
0
0
0
0
0.1
0
0
0
0
0
0
0
0
0
0
0.6
0.4
0
0
0
0
0
0
0
2.6
1.1
0
0
0
0
0
0
0
0
3
0
1.5
0
0
0.1
0
0
0
0
0
0
0.4
0
0
0.3
0
0
0
0
0
0
0
0
0
0
0
0
0
0
0
0
0
0
0
0
0
0
0
0
0
0
0
0
0
0
0
0
0
0
0
0
0
0
0
0
0
0
0
0
0
0
0
0
10.8
0
0
0
0
0
0
0
0
0
0
0
0
0
0
0
0
0
0
0
0
0
0
0
0
0
0
0
0
0
4.5
0
0
26.5
8.8
0
0
0.1
0
2.7
202.9
34.6
4.5
0.7
0.2
0
0
0
0
0
0
2.4
43.5
9.9
0
0
0.4
0.2
5.9
0.4
0
0.1
0.1
0
0
0
0
0
0
0
0
0
0
0
0
0
0
0
0
0
0
0
0
0
0
0
0
0
0
0
0
0
0
0
0
0
0
0
0
0
0
0
0
0
0
0
0
0
0
0
0
0
0
0
0.2
0
0
0
0
0
0
0
0
0
0
1
0
0
0
0
13.5
2.7
0
0
0
0
0
0
0
0
0
0
0
0
0
0
0
0
0
0
0
0
0
0
0
0
0
0
0
0
0
0
0
0
0
0
0
0
0
0
0
0
0
0
0
0
0
0.1
3.1
33.1
16.7
0
0
0
0
0
0
0
0
0
0
0
11.8
33.5
6.4
3.9
0
0
0
2.3
0
15.8
0.2
0.4
0.3
0
0
0
0
0
0.7
0
0
0
0
0
0
15.7
0
14.3
0
0
0
2.7
0
0
0
0
0
0
0
0
0
0
0
0
0
0
0
8.2
0
0
0
0
0
0
0
0
0
0
0
0
0
37.3
0.1
0
0
0
0
0
0
0
0
0
0
0
0
0
0.5
0.1
0
0
0
0
0
0
0
0
0
0
0
9.3
0
0
0
3.8
0
0
0
0
0
0
0
0
0
0
0.1
0
0
0
0
0
0
0
0
0
0
0
0
0
0
0
0
0
0
0
0
5.1
0
0
0
0
0
0
0
0
0
0
0
0
0
0
0
0
0
0
0
0
0
0
0
23.4
0
0
0
0
0
0
0
0
0.2
0.2
0
0
0
0
0
0
0
0
0
0
0
0
0
0
0
0
0.1
0
1.1
44.4
0
0
0
0
0
0
0
0
0
0
2.2
4.6
0
0
5.9
0
0
0
0.5
2.3
8.9
14.5
0.2
0
0
17.7
20.4
0
0
0
2.1
20.6
0
0
0
0.8
0
0
0
0
6.8
0
0.1
0
0
0
0
0.1
6
0.1
0
0
0
0
0
0
0
0.7
7.6
0
0
0
0
0
0
0
0
0
0
0
0
0
0
0
0
0.2
0
0.1
0
0
0
0
0
0
0
0
0.1
0
0
0
0
0
0
0
0
0
0
0
0
0
0
0
0
0
3.9
0.1
0
0
0
0
0.1
19.4
0
0
0
0
0
0
0.1
0
0
0
0
0
0
0
0
0
0
0
0
0
0
0.1
0
0
0
0
0
0
0
0
0
0
0
5.2
8.2
0
0
0
0
7.5
2.7
0
0
4
46
24
0
0.4
0
0
0.8
0
5
0
0
0
3.7
0.1
0.4
1.3
0
0
0
1.4
1.6
0
2.8
0
4.2
0
0
2.5
0
0
0.4
1.8
0
0
0
0
0
0
0
0
0
0
0
0
0
0.4
0
0
0
0
0
8.7
21.6
24.7
11.5
35.5
5.3
0
0
0
0.6
1.4
0
0
0
0.5
0
0
0
0
3.9
49.5
0.5
9.2
4.1
6.1
1.1
0
0
0
0
0
0
0.7
0
0
0
0
0
0
0
0
0
0
0
39.7
0.2
0
0
0
0
0.9
0
0
0.3
1.4
0
0
0.4
0
0
0
0
0
1
0
0
0
0
0
0
0
0
0
0
0
0
0.1
0.8
0
0
0
0
0
0
15.2
0
0
0
0
0
0
0
0
0
17.7
0.1
0
0
0
0
0
0
0
0
1
0.9
0
0
0
0
0.7
0
0
0.6
0.1
0
0.9
1.7
0
0
0
0
0
4.9
0
0
0
7.1
0
0
0
0
0
0
0
16.4
0
0
0
0
0
0
0
0
0
0
0
0
0
0
0
0
0
0
0
0
0.1
0
0
0
0
0
17.1
0.2
0
0
0
0
0.1
0
0
0
0
0
0
0
0
0
0
0
1.3
0.1
0
0
0
0
0
0
0
0
0
0
0
0
0
0
0
0
0
0
0
0
0
0
0
38.4
37
35.4
0
0
0
0
0
0
0
0
0
0
0
0
0
0
0
0
0
0
0
0
0
0
0
0
0
0
0
0
0
0
4.9
1.9
0
0
0
0.2
2
0
0
0
0
0
0
0.1
0
0
4.2
0
0
0
0
0
0
0.5
1.2
1.8
0
0
2.1
0
15
1.1
0
0
2.1
0
0
0
0
0
0.2
4.7
0.4
0
1.7
0
0
0.4
1.4
0
0
0.1
11.8
0.1
0
0
0
0
0
7.5
0
0
0
0
0
0
0
0
0
0
0
0
0
0
0.3
0
0
0
0
0
0
0
0
0
0
0
0
0
0
0
0
0
0
1.6
0
0.1
0
0
0
0
0
14.3
0.6
0
0.9
28.5
0.1
0
0
0
0
0
0
5.3
7.5
0
0
0
0
0
0
0.1
5
9.9
3
0
1.4
0
0
0
0
0
0
0
0
0
0
0
0
0
0
0
0
0.9
2
2
0
0
0
0
0
0
0
0.1
0
0.2
0
0
12.5
0
1
0.5
2
0
0
0
0
0
0
0
0
0
0
0
0
0
12.6
0.1
0
0
27.8
0.1
0
0
0
0
0
23.3
0
0
0
0
0
0
0
1.9
0.1
0.2
0
0
16.5
0
0
0
0
0
0
0
0
0
0
0.8
0
0
0
0
0
0
2.6
0
0
3.2
0
0
0
3.4
4.3
0.9
0
0
0
0
1.3
0
0
0
0
0
0
0
0
0
0.4
0
0
0.9
24.5
0.2
0
0
0
0
0
1
0
0
0
0
0
0
1
0
0
0
0.6
0
0
0
0
15.6
0
0
1
0
0.1
0
0.2
6.6
4.6
0
0
0
0
48.2
0
4
0.1
0.1
0
0
11.4
0
0.1
0
0
1.7
0.1
0.8
0
0
0
0
0
0
0
0
0
0
0
0
0
0
0
0
0
0
0
0
0
1.5
14.7
0
0
0
0
0.2
0
2.9
0
0
8.6
0.1
0
0
0
0
0
0
0
0
0.1
0.8
12.3
3.8
19.8
42.5
19.6
0.1
0
2
5.6
0
0
0
0
0
0
0
0
0
5.5
10.3
0
0
0
0
0
0
0
0
0
0
0
0
0
0
0
0
0
0
0
0
0
0
0
0
0
0
0
0
0
0
0
2.8
0
1.4
7.8
0.1
0
0
0
0
0
0
0
0
0
0.6
0
0
0
2.5
13.1
0
0
0
0
0
0
0
0
0
0
0
0
0
0
0
0
0
0
1.1
0
0
0
0
0
0
0
0
0
0
0
0
0
0
0
0
0
0
4
0
0
0
0
0
2.5
19.1
6.6
0.1
8.6
0.5
0
0
0
0
0
0
0
0
0
0
0
0
0
0
0
0
0
0
0
0
0
0
0
0
0.5
0
0
0.1
0
0
0
15.6
0
0
0
0
0
0
0
0
0
0
0
0
0
0
0
0
0
0
0
0
0
0
7.9
0
0
0
0
0
0
0
0
0
0
0
0.1
0
0
0
0
0
0
0
0.3
0
0
1.4
0
0
1
4.6
10.2
0
0
0
0
0
0
2.6
0
0
0
0
0
0
0
0
0
0
0
0
0
0
0
0
0
0
0
0
0
0
0
0
0
0
7.4
0
0.8
0
1
0
0
0
0
0.3
0
18
1
0
0
0
0
0
0
4.1
0
0
0
0
5.4
0
21.8
0
0
7.8
0
0
0
0.7
0
0
0
0
0
0
0
0
0.5
0
6.3
1.9
2.1
0
0
0
0
0
8.9
0
0.2
0
0
0
0
0
0
0
0
0
0
0
0
0
5.3
17.2
0
1.4
2.7
22.4
0.2
0
0
0
0
0
0
0
0
0
0.6
0.4
0.1
0
0
0
0
0
0.3
0
0
0
0
0
0
2.5
0.2
0
0
0
0
52.7
0
0
0
0
0
0.1
0.1
0.1
0
0.1
0
0
0
0
0
0
0
0
0.1
0
0
0
0
0
0
0
0
0
0
0
0
0
0.1
0
0.5
0.1
0
0
0
0
0
0
0
0
0
0
0
0
0
0
0
0
0
0
0
0.1
0
0
0
0
0.3
0
0.2
0
0
0
0
0
0
0.2
0
0
0
0
0
0
0
0
0
0
0
0
0
0
0
0
0
0
0
0
0
0
0
0
0
0.4
0.3
0
0
0.3
0.9
0.2
5.2
0.1
0
0
0
0
0
0
0
0.2
0
0
0
1.8
28.5
1.3
0
0
0
0
0
0
0
0
0
0.4
0
0
0
0
0
0
7.8
2.6
0
1.3
12.9
0.5
0.1
0
0
0
0
0
0
0
0
0
6.6
0
0
5.7
20.4
0.1
0
0
0
0
0.2
0
0
0
0
0
0
0
0
0.1
20.2
0.2
0.7
0
0
0
4.9
9.4
0
1.6
0
0
0
0
0
1
0
0.5
15.9
7.3
0.2
0
0
0
0
0
0
2.4
0
0
0
5.6
0
0
0
0
0
4.1
0
0
0
0
0
0
0.1
0
0
0
0
0
0
4.3
0
0
0
4.9
0
1
0
0
0
0
0
0
0
0
0
0
0
0
0
0
0
0
0
0
0
0
0.2
0
0
0
0
0
0
0
0
0
0
0
0
0
4.7
0
0
0
0
0
0
0
0
0
0
0
0
0
0
0
0
0
0.2
0
0
0
0
0
0.4
0
0
0
0
4.3
0
0
0
0
0
0
0
0
0
2.6
0
0
0
0
0
0
0
0
0
8.8
0.1
0
0
4.3
5.4
0.2
0
0
0
0
0
0
0
14
0
24.1
0
0
0
0
0
0
9.7
0
0
0
5.6
0
0
0.6
0
0
5.7
31.9
0
0.1
0
0.2
0
0
0
0.2
1.9
0
0.2
2.5
0
0
0
0.1
0
0
0
0
0
0
3.5
0
0
0
0
0
0
0
0
0
0
0
0
0
0
0
5.3
7
40.6
0
0
4.1
14.4
0.1
0
0
0
0
0
3.4
0
0.1
0
0
0
0
0
0
0
0
0
8.7
0.2
0
4.1
8.2
3.1
0
0
0
0
0
0
0
0
0
0
0
0
0
0
0
0
0
0
0
0
0
0
0
0
0
0
0
0
0
0.2
0.1
0
9.7
0
2.2
1.6
24.1
3.5
0
0
0
0
0.5
0.1
0
0.1
0
0
0.6
0
0
0.1
0
51.9
2.2
0
0
0
0
0
0
0
0
0
3
0
0
0
0
0
0
13.4
11.4
0
0
0
0
0
0
0
0
0
0
0
0
0
0
0
0
0
0
0.1
51.4
16.2
0
0.5
0
0
0
2
0.2
0
0
0
3.8
0
0
0
0
0
0
0
0
0
0.8
0
0
0
0.2
0
0
0
0
0
0.4
8.7
10.3
0
0
1.4
0
0
2
0
0.4
0
0
0
0
0
6.3
0
0
0
0
0
0
1.6
0
0
0
0
0
0
0
0
0
0
0
0.1
0
0
0.1
0.8
18.4
1.9
0
0
0
1.5
0
0
0
0
0
0
0
0
0
0
0
0
0
0
0
0.9
0.3
0
0.6
0
0
0.1
0
0
0
0
0
0
1
0
0
0
0
0
0
0
0
0
0
0
0
2.8
0
1.7
0
0
0
0
0
0
0
0
1.5
0
0
0
0
0
0
0
4.3
0
0
0
0
0
0
0
0
0
0
0
0
0
0
0.4
0
0
0
0
0.1
2.6
11.3
0.5
0
0.3
1
0
0
0
0
1.9
0
0
0
0
2.3
9.4
0
0
2.8
0
0
0
1.7
0
0
0.2
0
0
0
0
1.2
0
0
0
0
0
0
0
0
0
0
0
0
0
0
0
0
0.2
20.9
36.6
0.1
0
0
0
0
0
0
0.2
0
0
0
0
0
0
0
7.6
0.1
0
0
0
0
0
0
0
0
0
0
0
0
0
0
0
0
0
0
0
0
0
0
0
0
0
0
0
0
0
0
0
0
0
0
0.4
1.2
0
0
0
0.6
0
0
0
0
0
0
0
0
0
0
0
2.3
0
0.6
0
0
0
0
0
0
0
10.1
14.3
0
0
0
0
0
2.8
0
0
0
0
0
0
0
0
0
0
0
1.6
36.5
0
0
0
0
0
2.1
0.3
0
20.1
52.2
0.9
0
0
0
0
0
4.1
0
0
0
0
0
0
0
0
0
0
0
0
0
0
1.1
19.9
3.3
2.8
0.1
0
6.7
0.1
0
0
0.1
0.8
0.1
0
0.2
0
1.6
0
2.8
0
1.4
5.4
0
0
0
19.1
0.8
0
0
0
0
0
0.1
0
0
0
0
0
1.2
0
8.7
0.2
13.7
35.1
0
2.2
6.7
0
0.1
0
0
0
0
0
0
0
0
0
0
0
0.6
10.3
0
3.8
0
0
0.6
0.1
2
7.6
13.2
0
0
0
11.3
2.1
0
0
0
0
0
3.5
1.7
0
1.3
0
0
0.1
0
0
15.5
0.1
5.6
0.1
0.1
0
4.9
16.6
41.6
12.9
0.2
0
0
0.3
0
2.4
0
0
0
0
0
0
0
0
0
0
0
0
0
0
0
3.5
0
0
0
0
0
0
0
0
0
0
0.8
0
2
9.7
0
0
0
0.4
0
0
0
0
0
0
0
1
0
0
0
0
0
0
0
0
0
0
0
0
0
0
0
23.9
0.3
0
0
22.1
0.2
0
20.2
6.3
0.1
0
0
0
0
9
0.1
0
0
0
0
9.3
0
0
0
0
0
0
0.5
0.6
0
0.1
1
0
0
28.6
0.1
0.1
0
0
0
8.6
0
0
0
0
0
1.6
0
0
0
0
0
0
0
0
0
0
0
0.6
0
0
2.1
0.8
0.1
0
0
107.3
0
0
4.6
1.7
6.5
1.2
0.1
0
0.1
0
0
1.9
9.4
16.6
0
2.6
38.3
1.2
0
0
0
22.6
0.1
0
0
12.6
0
0
0
0.1
0
14.9
0.1
2.5
1.9
3.2
5.1
0.2
0
4.3
0.1
0
2.6
0
0
0
1
0
0
0
0
0.1
0
0.2
0
0
0
0
0
3.4
0
0
0
0
0.1
0
0
0.1
0
0
0
0
0.3
0
0
0
0
0.1
0
0
0.1
0
0
0
0
0
0
0
0
0
0
0
0
0
0
0
0
12
0
0
0.3
0
0
0
0
0
0
0
0
0.6
0
0
0
0
0
0
0
0
0
0
0
0
0
0
0
0
0
0
0
0
0
0
0
0
0
0
0
0
0
0
0
0
1.2
0
0
0
0
0
0
0
0
0
0
0
0
0.1
0
0
0
0
0
0
0
0
0
0
0
0
0
0
0.5
0
9.1
3.2
1.6
0
0.2
1.2
0
0
0
0
0.2
0
0
0
0
14.9
0.1
2.5
5.4
0
5.2
0.1
0
0
0
0
0
0
15.1
0.1
0
0
0
0
0
0.2
0
0
0
0
0
2
7.2
1.1
5.6
0.1
0
0
0.2
16.7
0.4
0
0.9
0
0
0
0
0
0
0
0
0
0
0
0
0
0
7.8
0
0
0
0
0
0
0
0
0
6.2
0
0
0
0
0
0
0
0
0
0
0
0
0
0
0.8
1.7
6.2
1.8
0
0
0
0
2.2
0
0
0.7
0
0
0
0
0
0
0
0
0.3
13.4
0
0
0
0
0.1
0
0
0
0
0
0
0
0
0
0.6
16.9
0
0
0
0
0
0
0
1.7
0
0
0
0
0
0
6.8
0
0
0
0.5
0
0
0
0
0
0
0
0
0
11
2.4
0
0.8
0
0
0
0
0.3
0
0
32.4
0
0
0
0
0
0
0
0
0
0
0
0
0
0
0
0
0
0
0
0
0
0
2.6
0.1
0
0
0
0
2.3
0.1
66.9
5.6
0.1
0
0
0
0
0
0
0
0.3
0.2
2
0
0
0
0
0
0
0
0
0
0
1.3
0
0
0
0
0
0
0
17
0
0
0
0
0
0
0
0
0
0
0
69
9.5
0.1
0
0
0
0
0
0
0
0
0
0
0.5
0
2.4
8.7
2.3
1.1
0
0
0
0
0
0
0
0
0
0
0
0
0
0
0
0
0
0
7
0
0
0
0
0
0
0
0
0
0.8
91
23.8
11.9
0
0.7
0
0
0
0
0
0
0
0
0
0
0
0
0
0
0
0
0
0
0
0
0
0
0
0
0
0
0
0
0
0
0
0
0
0
0
0
2.3
0
0
0.1
0
0
0
0
0
0
0
0
0
0.1
38.1
0
0
0
0
0
0
4.2
0
0.2
0.3
0.6
0
0
0.7
3.5
6.9
0
0
0
0
0
0
0
0
0
0
0
19.1
0.2
0
0
0
5.5
27.3
20.2
39.9
2
1
0
0
0
5.8
1
0
0
0
0
0
0
0
0
0
0
0
12.3
0
0.2
0
14.5
0.1
9.2
0.1
0
0
0
0
0
0
0
0
0
0
0
2.1
0
0
8.8
0
5.4
5
0
0.3
17.6
9
10.9
0.1
0
0.7
0
0
0.4
15.2
0
7
0
0
0
0
0
0
0
0
0
0
0
0
0
3.8
0.4
0
0
0
0
0
0
0
0
0.1
6.2
0
0
0
0
0
0
0
0
0
0
1.4
0
0
0
0
0
0
0
0
0
0
0
0
0
0
0
0
0
0
0
1.9
0
0
0
0
0
0
0
0
0
0
0
0
0
0
27.5
4.7
0
0
0
0
0
0
0
0
15.3
0.7
14.9
1.7
0
0
0
0
0
0
0
8.1
11.4
0
19.8
0
0
0
0
0
0
0
0
0
0
3.8
0
0
0
0
0
0
0
0.2
0
0
0
0.3
0
0
0
0
0
0
0
2
0.5
0
0
0
0
0
0
0
0
0
0
6.1
12.5
0.2
1
3.1
0.2
0.1
0
0
0
0
0.1
0
0
0
0
0
0
0
0
0
0
0.3
0
6.9
7.9
0
0
0
0
0
0
0
0
1.4
0
0
0
3.1
0
0
0
0
0
1
1.5
0.6
0.9
0
0
0
0
0
0
0
0
0
0
0
0.5
0
0
0
0
0
0
0
16.9
2.8
0.1
0
0
0
0
0
0
0
0
0
0.1
3.5
0.1
0.3
0
0
0
0
0
0
0
0.9
0
0
0
0
0
0
1.4
0.3
0
0
0.4
0.1
1.2
0
0
0
0.1
0.1
0.1
0
11.8
4.8
0
0
0
0
0
0
0
0
0
0
0
0
8.3
0
0
0
0
0
0
0
0
0
0
0
0
0
0
0
0
0
0
0
0
0
0
0
0
0
3.4
0
0
2.7
0.1
0
1
0
17.1
0.1
0
0
0
14.5
0.1
0
0
0.1
2.6
0
0
0
0.3
2.3
0
4.7
20
7.8
25.7
0
0
0
0
0
0
0
2.4
0.3
0
0
0.1
0
0
0
0
0
0
0.9
0
0
0
0
0.7
0
0
0
0.7
1.8
0.2
0.1
0
0
0
0
0
0
0
0.2
0
0
0
0
0
0
0
7.4
0
0.6
7.2
0
0
6.3
0
0
0
0
0.1
0
0.2
0
0
0
0
0
0
4.6
0
0
0
0
0
0
0
0
0
0
0
0
0
0
0
0
0
0
1.7
0
0
0
0
5.9
0
0
0
0.8
0
0
0
0
0
0
0
0.1
0
0
0
0
0
0
4.2
0
0
0
0
0.5
7.5
0
0
0
0
1.1
0
2.1
0.9
1.5
0
0
0
0
0
14.7
0.1
0.1
1.2
0
0
0.6
8.1
0
7.7
0
0
0
0
2.5
0
0.6
0.1
0
0
0.2
0
0
0
2.4
7.8
0
0
0
0
0
0
0
0
0
0
0
0
0
0
0
0
0
0
0
0
0
0
0
0
0
7
0
0
0
0.1
0
0
0
0
0
0.1
3
4.6
1.2
0
3.2
0
2.5
0
0
0
0
0
0.2
35.3
19.3
10.4
0
0
0
0
0
0
0
0
0
0
0
0
0
0
0
0
0
0
0
0
0
0
0
0
0
0
0
0
0.6
0
0
0
0
0
0
0
0
0
0
1.2
0.2
0
0
0
0
0
0
0
0
0
0
0
0
0
0
0
0
0
0
0
0
0
0
0
0
0
0
0
0
0
0
0
0
0
0
0
0
0
1.3
0.1
0.2
0
0
0
0
0
0
0
0
0
0
0
0
0
0
0
0
0
0
0
0.2
0
3.2
0
0
4.2
13.8
0.1
1.1
0
0
0.1
0
0
5
3.6
1.4
0
0
0
6.9
0
0
0.6
7
0.2
0
0
0
0
0
0
0
0
0
0
0
0
2.8
0
0
0
0
0
2.2
0.9
15.2
0
4.5
0
0
0
0
0
0
0.3
0
1.7
1.3
0
0.1
0
0
1.5
0
0
0
0
0
0
0
0
0
0
0
0
0
0
0
34.1
11.9
0
0
0
0
0
0
0
0
0
0
0
0
0
0
0
0
0
0
0
0
0
0
0
0
0
0
7.9
0
0
0
0
0
3.1
0.3
0
0.3
0.2
0
0
0
1.3
6.6
0
0
0
0
0
0
0
0
0
0
0
0
0
0
0
0
0
0
0
0
0
20.4
0
0
0.1
0
0
0
0
6.6
0
1.6
0
0
0
0
0
0
0
0
0
4.8
0.1
0
0
0
0
0
0
8.3
0
0
0
1
0
37.7
0
20.9
46.4
0
0
0
0
0
0
0
0
0
0.9
1.1
0
0
0
0
0
0
0
0
3.8
0.8
0.1
0
0
0
0
0
0
0
0
0
0
0
12.8
1.4
1.8
0.1
0
0.7
0.1
0
0
0
0
0
0
1.6
0.1
0
0
0
0
0
0
0
0
0
0
0.1
0
0
0
0
0
0
0
0.1
0
0
0
0
0
0
0
0
0
0
0
0.3
0
0
0
0
0
0
5.4
0
0
0
0
0.6
0.4
0
0
0
6.1
1.5
0.2
0
11.8
8.6
3.9
6.4
0
0
0
0
1.2
0.1
0
0
0
0
0
0
0
0
0
0
