20000101
0
0
0
0
0
0
0
0
4.3
0
0
0
0
1
0
0
0
0
0
0
0
0
0
0
1.7
0.3
0.9
0
0
0
0
0
0
0
0
0
0
0
0
0
0
0
0.9
0
0
0
0
0
0
0
0
0.2
0
0
0
0
0
0
0
0
0
0
0
0
0
0
0
0
0
0
0
0
0
0
0
0
0
0
0
0
0
0.2
0.6
0
0.6
1
5
9.79
0.1
1.8
10.6
0
0
0
0
0
0
0
0
0
9.6
12.09
0
0
0
0
0
0
0
0
0
0
0
0
0
0
0
0.1
11.8
0
0
0
0
0
0
0
0
0
0
0
32
0
0
0
0
0
0
0.9
0
3.4
0.8
0.62
22.37
0
0
0
0.9
2.3
0
0
0
0
0
0
0
0.3
13.9
0.5
0.1
0
0
16.99
0.4
0
1
0.3
0
0
0
0
0.1
0
0
0
0.1
0
0
0
0.4
0
0
0
0
0
0.3
0
0
0
0
0
0
0.5
0.1
0.1
0
0
0
0
0
0
0
0
0
0
1.2
0
0
0
0
0
0
0
0
0
0
0.1
1.2
0
0
0
0
0
0
0
0.3
0
0
0
0
0
0
0
0
0.6
0
0
0
0
0
0
0
0
4.8
0
0
0
1.9
0.2
0
0
0
0
0
0
0
0
0
0
0
0
0
2.8
10.49
0.5
0
0
0
0
0
0
24.29
9.55
3.24
0
7.5
0
0
0
0
0
0
0
0
0.9
0.2
1.9
14
0
0.4
0
0
0
0
0
4.2
8.29
2.6
0
0
0.6
0
0
0
0
2.7
0
0.1
0.2
0
0.33
3.37
0
0
0
0
0
0
4.9
0.2
0
0
0
0
0
0
0
0
6
0
0
0
0.6
0
13.1
0
0
0
0
0
0
0.2
2
0
0
0
0
0
0
0
0
0
0
0
0
0
9.5
3.4
37.29
19.69
0
0
0
0
0
0
0
0
0
0
0
0
0
0
0
0
0
0.2
0.1
3.39
8.51
32.78
0
0
0
0
0
0
0
0
0
0
0
0
0.7
0
0
0
0
0
0
0
0
0
0
0
0
0
0
0
1.03
12.94
0.03
0
0
0
0
0
0
0
0
1.5
0.7
0
0
0
0.1
3.4
0
0
2.2
0
4.3
4.5
0
0.1
0
0
0
0
0
0
0
0
0
0
0
0
0
0
0
0
0
0.6
0
0
0
0
0
0
0
0
0
0
0
0
0
0
0
0
0
0
0
0
0
0
9.8
0
0
0
0
0
0
0
0
0
6.3
4.6
0
3.8
4.5
4
0.1
0
0
0.6
0.9
0
0
0
0
0
0
3.7
5.1
0
0
0
0
0
0.8
0
0
0
0
0
0
0
0
0
0
0
0
0
0
0
0
11.3
0
0
0
0
0
0
0.3
0.4
0
0
0
0
0
0
0
0
0
0
0
0
0
0
0
0
0
0
0
0
0.4
0
0
0
0
0.1
21.89
1.9
0
0
26.08
0
0
0
0
0
0
0
0
0
0
0
0
0
0
0
0
0
0
0
0
0
0
0
0
0
0
0
0
0
0
0
0
0
0
0
0
0
0
0
0
0
3.2
0
0
0
0
0
0
0
0
0
0
18.1
0
0
0
0
0
0.1
17.89
0.1
2.4
0
0
13.49
0
0
0
0
0
6.6
0.7
0
0
0
0
8
0
0
0
0
3.9
0.1
0
0
3.7
0
0
0
0.1
21.99
0.9
0.9
0
0
0
0
0
0
0
0
0
0
0
0
0.1
0
0
0
0
0.1
0
0
0
19.79
0
0
0
13.59
12.39
18.99
0
0.1
0
0
0
0
0
0
0
0
0
0
0
0
0
0
0
0
0
0
0
0
0
0
0
0
8.5
24.98
0
0
0.4
0
0
0
0
0
0
0
0
0
0
0
0
0.1
0
3.8
3.15
1.05
0
0
0
4.3
0.1
0
0
0
0.2
0.1
0
0
0
0
0
0
0
0
4.2
0
0
0
0
0
0
0
0
0
0
0
0
1.3
0
0
0
0
0
0
0
0
0.2
0
4.9
0
0.3
0
0
0
0
0
0
0
0
0
0
0
8.4
0
1.3
47.37
0
0
0
0
0
0
0
1.56
0.14
0
0
2.4
0
0
0
0
0
0
0
0
0
0
0
16.09
0
0
0
0.5
28.98
7.8
0
0.15
11.35
0.2
0
24.74
1.65
7.5
0
0.5
0.2
0
0
0
0.3
0
0
0
0
0
0
0
0
0
0
0
0.7
8.3
0.9
0
0
3
20.43
10.96
21.1
1.4
17.09
0
0
0
0
0
0
0
0
0
0
0
0
0
0
6.13
0.17
0
0
0
0
0
0
0
2.7
0.5
0
0.03
17.46
0
0
0
0
0
0
0
0
0
0
0
0
0
0
0
0
0
0
0
0
0.53
2.27
0.5
0
0
0
0
0.6
0
0
0
0
0
0.1
2.5
0
0
0
0
0
0
0
0
0
0
0
0
0
0
0
0
0.7
2.1
16.99
1
0
0
0
0
0
4.8
0.5
47.4
0
0
0
0
0.2
0
0
0
0
0
0
15.2
0.9
20.5
0.09
10.49
2.4
0
0
0
2
0
1
0.9
0.6
0.5
2.7
0
0
2.1
0
0
0
0
0
0
0
6.8
0
0
1.2
2.7
0
0
0
0
0
0
0
0
0
0
8.2
0.3
0
0
0
0
2.3
93.27
37.99
0.1
0
0
0
0
0
0
0
0
0
0
0
0
0
0
0
0
0
0
0
0
0
0
0
0
0
0.1
7.29
0
0
0
0
0
0.08
11.31
1.9
0
2.3
0.1
0
10.19
0.1
0
3
22.99
0.2
0
0
0
0
0
0
0
0
0
0
0
0
0
0.38
48.3
0
0
0
0.7
0
0
0
0
0.2
2
0
0
0
0
0
0
0.5
0
0
1.2
0
0
0
0
0
6.59
5.5
0
0.9
0.1
0
0
0
0
0
0
0
0
0
1.4
0.25
0.85
0
0
0
0
0
0
0
0
0
0
0
0
0
0
0
0
0
0
0
0.2
0
0
15.49
5.3
0.3
0
0.3
0.4
11.2
19.79
1.1
0.8
0.1
0.2
5.3
12.17
10.12
0
0
0
0
0
0
0.3
0
0
0
0
0
0
0
0
1.5
0
0
0
0
0
0
0
0
0
0
0
0
7.1
0
1.2
0
0
0.8
0
0
0
0
0
0
5.9
2.3
0
0
0
1.2
0.4
0.1
0.1
0
1.23
1.08
0
0
0
0
0
0
0
0
0
0.3
0
0
0
0
0
5.1
22.4
4.3
0
0
0
0
0.1
0
0
1.8
0.3
0
4.6
0
0
0
0
1.6
10.39
0.2
0
0
0
0
0
0
0
0
0
0
0
0
0
0
0
0
0
0
0
0
0
0
0
0
0
0
0
0
0
0
0
0
0.3
0
0
0
0
7.7
0
0
0
0
0
1.4
0
0
0
0
0
0
0
0
0
0
0
0
0
0
0
0
0
0
0
0
0
0
0
0
0
0
0
0
0
0
0
0
0
0
0
0
0
0
34.19
0
0
0
0
0
0
0
0
0
0
0
0
0
0.1
0.7
0
0.2
7.4
0.9
0
20.7
0.6
0
0
0
0
0
0
0
0
0
0
0
0
0
0.2
0.1
1.9
0.1
0
21.8
9.1
2.2
11.9
4.9
0
0
0
0
0
0
0
0
0
0
1.9
0
0
12.94
25.76
47.8
7
17.3
0
0.74
14.56
0
0
0
13.6
3.6
2.4
0
0
3.7
0
0
0
0
0
0
0
0.03
1.98
0
0.1
0
0
0
0
1.53
0.57
0
0
0
0
0
3.6
2.8
0
0.3
2.4
0
0
0
7.6
0
7.4
14.5
0.6
0
0
0.1
0
0
0
0
0
0
0
0
0
0.3
0
0
0
0
0
0
0
0
0
0.2
0
0
0
0
0
0
0
0
0
0
0
0
0
0
0
0
0
0
0
0.5
0
0
0
0
0
0
0.3
0
0
0
0
0
0.08
0.02
0
0
0
0
0
0
0
0
0
0
0
0
0
0
0
13.7
22.3
0
8.3
16.5
0.2
0
0
0.13
12.57
28.5
0
0
4
2.1
0
0
0
0
8.1
2.9
0.1
0
0
0
0
1.1
0
0
0
0
0
0
0
0
0
0
0.1
0
0.2
12.4
0.8
27.4
18.9
3.6
0.1
3.6
0
0
0
0
0
14.22
3.08
9.1
0
7.8
0
5.08
0.13
33.2
0.4
0
0
0
0
8.93
5.68
0.1
0
0
0
3
34.8
0
0
0.4
6.7
4.2
1.6
0
0
0
0
7.9
10.8
3.5
0
0
0
0
0
0
0
0
0
0
0
0
0
0
0
0
0
0.9
0
0
0
0
0
0
0
0
0
0
0
0
1.8
6.5
0
11.3
0
0
0
6.5
0
0
0
0
0
0
0
0
0
0
0
0
0
0
0
0.3
0.9
0
0
0
0
19
0
0
0
0
0
0
0
0
0
0
0
0
0
0
0
0
0
0
0
0
0
0
0
23.1
0
0
0
0
0
0
0
0
0
0
0
0
0
0
0
0
0
0
0
0
0
0
0
0
4.7
0.6
0
0
7.9
31.1
0
0
1
6.5
0
0
0
3.6
0.2
0
0.9
0.7
3.3
0
0
0
0
0
0
0
0.9
0
0
0
0
0
0
0
0
0
0
0
0
0.1
0
0
0
0
0
0
0
0
0
0
0.4
0
0
0
0
0
0
2.2
4.7
4.2
0.1
0.2
0
2.07
7.03
0
0
0
0.1
0
0
0
0
0
0
0
0
0
0
0
0
0
0
0
0
0
0
0
0
0
0
0
2.2
0
15.6
0
0
5.05
5.85
0.4
1.3
1.1
1.8
12.15
7.17
0.92
0.66
0.2
0
0
0
0
0
0
0
0
0
0
1.97
1.73
0
0
0
0
0
0
0
0
0
0
0
0
0
0
0
0
0
0
0
0
0
0
0
0
0
0
0
0
0
0
0
0
0
0
0
0
0
0
0
0
0
3.2
2.96
1.93
1.81
1.38
0.94
0.8
0.2
0
0
0
0
0
0
0.5
0.5
0.1
0
0
0
0
0.2
6.7
0
0
0
0
0
0
0
0
0
0
12.5
0.1
0
0
0
0
0
0
0
0
0
0.4
2.9
1.2
0
0
0
0
7.3
0.1
0
0
0
0
0
0
0
0
1.2
0
0
0
0
0.1
0.02
0.08
0
0
0
0
0
0
0
0
0
0
0
0
0
0
0
0
1.5
1.7
0
0.1
0
0
0
0.2
0
0
0
1.3
0.4
0
12.2
13
0
0
0
0
2.1
0
0
0
0
0
0
0
0
0
0
0
0
0
0
0
0
0
0
0.6
0.1
0
0.4
1.9
0
0
0
0
0
0.7
0
0
0
0
0
0
0
0.5
0
0
0
0
0
0
0
0
0
0
3.4
8.5
0
0
0
0
0
0
0
0
0
0
0
0
0
0
0
0
0
0
0
0.1
0
3.6
22.3
0
0
0
0
0
0
2.4
0.1
3.4
0
0
0
0
0
0
0
0
0
0
0
0
0
0
0
7.8
0
0
0
0
0
0
0
0
0
16.6
43.8
12.3
0.1
0
0
0
33.5
0
0
0.4
17.3
0
0
0
0
0
0
0
47.5
0.3
0
0
0
0
0
0
0
0
0
0
0
0
0
0.1
1
19.07
16.13
16.3
35.5
0.1
0
15
0
0
0
0
0
0
0
0
0
0
0
0
0
0
0
0
0
0
0
0
0
19.6
4.4
5.2
0.5
42.1
19.6
12.5
0
0
0
0
0
0
0
0
0
0
0
0
0
0
0
0
5.7
0
0
0.29
0
0
0
0
0
0
0
0
0
0
0
0
0
0
0
0
0
0
0
0
0
0
0
0
0
0
0
0
0
0
1.8
0.3
28.1
24.3
1.4
5
0
0
0
0
0.5
0.9
0.1
0
0
0
0
0
0
0
0
0
14.2
21.6
19.5
14.4
0.3
0
0
0
0
0
0
0
0
0
0
0
0
0
0
0.1
0
0
0
1.1
0
0.8
3.2
0.1
0
0
2.7
0
0
0
0
0
0
2.6
0
0
0
0
0
0
0
0
0
0
0
0
1.8
0
0.7
0.4
0
0
0
0
0
0
0
0
0
0
0
0
0
0
0
0.8
0.1
0
0
0.2
0
0
0
0
0.2
0
0.6
0
0
0
0
0
0
0
0
0
3.7
0
0
0
0
0
0
0
0
0
0
0
0
0
0
0.9
0.1
0
0
0
0
0
0
0
0
0
0.2
0
0
0
0
0
0
0
4.8
0
0
0
0
0
0
0
0
0
0
0
0
0
0
2.6
0.5
0
0
0
0
0
0
0
0
0
0.1
0.1
0
0
0
0
0
0
0
0.3
0
0.5
0
0
0
0
0
0.1
0
0
0
0
0
0
0
0
0
0
0
0
0
0
0
0
0
0
0
0
1.8
0.4
0
0
0
12.9
0
0
0
25.15
0.05
0
49.8
0
0
0
0
0
0
0
1.1
0.57
0.33
0
0
0
0
0
0
0
0
0
0
0
0
0
0
0
0
0
54.3
66.8
34.6
2.8
0.1
0
0
0
0
0
0
11.8
2.5
0
0
0
0
0
0
0
0
0
0
0
0
0
0.1
0
0
15.4
6.1
0
0
0
0
0.3
13.2
0.3
0.2
0
0
0.4
0
0
0
0
0
0
0
0
0
0
0
0
0
0
0.5
0
0
0
0
0
0
0
0
0
0.9
0
0
0
0
0
0
0
0
0
0
0
0
0
0
0
0
0
0
16.2
0
0.8
0
0
0
0
0
0
7.7
0
0
0
0
0
0
4.8
0.9
0
0
0
0
0
0
0
0
0
0
0
0
0
0
0
0
0
0
0
0
0
0
0
0.6
0
0
0
0
0
1.8
0
0
0
0.3
0.2
0
0
0
0
0
0
0
0
0
0
0
7.1
0.4
0
0
0
0
0
0
0
18.4
0.5
0
0
0
0
0
0
0
0
0
0
0
0
0
0
0
0
6
0
0
0
0
0
0
0
0
0.1
0
0
1.5
0
0
0
0
0.1
0
0
0
3.3
0.1
0.07
5.03
0.3
55.2
11.6
8.4
3.1
0.3
0
0
0
1.4
0.2
3.3
6.35
7.15
0
0
0
0
0
0
0
0
0
0
0
0
0
0
0.4
0
5.4
0
3.8
0.1
1.2
0
0
0
0
0
0
0
0
10.3
0
0
0
0
1.1
0
4.2
0
0.1
0
0
0.3
0.6
0
0
0
0
0
0
0
0
0.3
0
0
10
0
0
0
0
0
0
0.4
0
0
0.2
0
0
0
0
0
0
0
0
0
0
0
0
-99
-99
-99
-99
-99
-99
-99
-99
-99
-99
-99
-99
-99
-99
-99
-99
-99
-99
-99
-99
-99
-99
-99
-99
-99
-99
-99
-99
-99
-99
0
0
0
0
0
0
0.9
0.4
1.6
0
0
0
36
0.3
0
0
3.7
0
0.1
7.5
0
11.3
8
0.2
0
0
0
0
0
0
0
0
0
0
0
0
0
0
0
0
0
0
0
0
0
0
0
0
2.1
0
0
0
0
0.3
0
0
0
0
0
0
0.5
0
0
0
4.04
19.66
0.2
0
0
9
8.4
19.3
0.4
0
0
0
0
11.7
0
0
0
0
0
0
0
0
2.8
0
0
0
0
0
0
0
0
0
0
0
0
0
0
0
0
0
0
0
0
0
0
0
0
0
1.1
0.4
0
0
0
0
0
0
0
0
0
0
0
0
0
0
0
0
0
0
0
0
0
0
0
1.2
0
4.4
0.7
0
0.65
9.65
0.3
0.1
0
0
0
0
0
0
0
0
0
4.2
19.1
0
0
0
0
0.1
0.86
0.44
0.6
0
0
0
0
0
0
0
0
0
0
0
0
0
0
0
0
0
0
0
0
0
0.2
1.6
2.8
0
0
0
0
0
0
0
0
0
0.6
0
0
0.07
7.33
2.4
0.9
0
0
0
2.5
1.4
0
0
0
0
0
0
0
0.1
0
0
0
0
0
0
0
0
0
0
0
0
0
0
4.4
0
0
1.3
3
0
0
0
0
0
0
5.1
5.7
0
0
0
0
0
0
0
0
1.4
0
10.05
1.15
0
0
0
0
9.6
1.6
0
0.3
0
0
0
0
0
0
0
0.4
0.1
0
0
0
0
0
0
0
0
0
20.7
0
0
0
0
0
0.5
13.4
3.4
0.8
0.8
0
0
1.2
0
7.2
32.8
0.9
6.9
0
0
0
0.7
9.8
2.3
1.2
0.1
29.2
1.2
0
0
0
3.4
0
0
0
0
0
0.3
0
0
0
0
0
0
0
0
0
0
9.6
0
0
0
0
0
0
0.1
0
0
0
0
0
0
0
31
0
0
0
0
0
0
0
0
0
0
0
0.1
0
0
0
0
0
0
0
0
0
0
0
0
0
0
0
0
0
0
0
0
1.9
0
0
0
0
0
0
0
18.3
0
0
0
0
0.1
0
0
0
0.3
0
0
0
0
0
0.1
0
0
0
0
0.9
0
0
0
0
0
0
0
19.7
0
0
19.4
0.8
0
0
3.4
0.1
0
0
0
0
0.2
1.4
0
0
9.5
0
1.3
0
0
0
0
10
0
0
0
5.1
2.7
0
0
0.1
0
1.8
0
0
0
0
42.14
33.16
0
19.7
10.4
19.9
0
0
0
0
0
0
0
0
0
1.4
0
0
0
0
0
0
0
0
0
0
0
0
0
0
3.08
7.82
2.9
0
0
0
0
0
0
0
0
0
12.4
6
0
0
3.05
0.25
2.6
1.8
0
0
0
0
0
0
0
0
0
43.5
38.6
6.3
1.1
0.42
0.37
0
0.4
0.4
0
0
12.3
2.2
0
8.1
15.9
0
0
0
0
0
0.1
0
0
0.4
0
0
0.2
0
0
0
0
0
0
0
0
24.55
13.27
4.97
5.3
0
0.8
1.7
0
0
0
0
0
0
0
0
0
0
0
0
0
0
0
0
0
0.1
0
0
0
0.27
0.82
0.2
0
1.5
0
0
0
0
0
0.1
0
0
0
0
0
0
0
0
0
0
0
0
0
0
0
0
0
14.38
7.62
4.8
24.2
5.4
5
3.5
0.1
0
0
21.3
2.1
0
3.1
6.9
3.2
0.1
0
0.2
2.8
0
0.1
0.4
0.1
3.9
0
0
0
0
10.9
0.1
0
0
7.2
6.9
0
0
0
0
0
0.1
0
0.02
0.07
0
0
0
8.6
0
0
0
0
0
0
0
0
0
0
0
0
0
0
0
0
0
0
0
0
0
5.5
0.5
0
0
0
0
0
0
0
0
0
0
0
0
0.1
1.2
0
0
0
0
2.8
0
0
0
0
0
0
0
0
0
0
0
0
0
38.2
0.1
0
0
0
0.3
0
0
0
0
0
0
0
3.5
0
0
0
0
0
0
0
0
0
0
0
0
0
0
0
0
0
1.4
0
0
0
0
0
0
0
0
0
0
0
0
0
0
0
0.2
0
0
0
0
0
0
0.2
0
0
0.1
0
0
0
0
0
0
0
0
0
8.2
0.4
0
12.4
0
0
3
0.6
0
0
0
0
0
0
0
0
1.8
1.5
0
0
0
0
0
0
0.1
0
0
0
0
0
0
0.3
0
0
0
0
18.6
19.4
46.2
0
0
0
0
0
0
0
0
0
0
0
0
0
0
0.1
0
0
0
0
0
0
0
0
0
0
0
0
0
0
0
0
0
0
0
0.2
0.1
0
7.3
0
0
0
0
0
0
0
0
0
0
0
0
0
0
11.47
0.63
0
0
0
0
0
7.1
5.4
6.3
6.9
2.95
4.05
0
1.7
0.7
0.1
0
0
0
0.2
8.1
8.4
0
20.3
3.1
0
0
0
4.2
0
3
0
0.3
0.5
3.4
0.6
0
0
0
0
0.3
6.7
0
0
0
0
0
0
0
0
0
9
0.1
0
0
15.4
10.1
0
0
0
0
0
3.95
2.85
0.1
7.5
21
0
2
0
0
0
0
0
0.1
0
0
0.7
11.2
0
0
0
8.2
26.4
0
0
0
0
0
0
0
0
0
0
0
0
4.4
3.3
0
0
0.2
0
0
0
0
3.1
0
0
0
0
5.2
0
0
0.7
0
0
0
0
3
0
0.2
0.1
0
0
0.1
6.7
0
0
0
0
0
0
0
0
0
0
0
2.17
5.73
59.35
15.15
0
0
1.25
4.05
0.9
0
0
6.3
12.9
5.2
0
0
0
0
0
0
0
0
0
0
0
0
0
2.8
0
0
0
0
0
0
0
0
3.6
0
0
21.1
1.4
13.3
0
0
3
2
0
0
0
0
0
0
0
0
0
0
0
0
0.1
0
0
0
0
0
0.1
0
0
0
0
0
0
0
0
0
0
0
0
0
0
0
0
0
0
0
0
0
0
0
0
2.8
2
0
0
2.3
0
0
0
0.8
0
0
0
0
0
8.6
0
3.4
0
0
0
0
18.8
0
0
0
0
0
0
0
0
0
0
0
0
0
0
0
0
0
0.7
1.2
0
0
0
0
0
0
0
0
0
35.72
0.07
0
1.7
11.3
0
0
0
0
0
0
0
0
0
0
0
0
0
0
0
0
0
1.8
58.41
9.89
8.8
2
0
0
0
0
0
0
0
0
0
0
0
0
0
0
0
0
0
5.3
0
0
0
0
0
0
0
0
0
-99
0
0
0
0
0
0
0.1
0
0
1.3
0
0
0
0
0
0
0
0
0.2
13.1
0.1
0
0
0
0
0
0
1.2
0.2
0
0
0
0
0
0
0
0
0
0
0
4.5
3.5
12.8
0
0
0
0
0
0
1.3
3
1.5
0.4
0
0
0.2
0
0
0
0
0
0
0
0
0
0
0
0
0
0
0
0
0
0
0
0
0
2
22.8
0
0
0.5
0
0
0
0
0
0
0
0
0
0
0
0
0
0
0.4
0
15.7
0
1
0
0
0
0
0
0
0
0
0
0
0
11.6
0.9
0
0
0
0
0
0
0
55.5
0
7.1
19.9
0
0
0
0
0
0.3
2.5
0
0
0
0
2.4
0
0.1
0
0
0
0
0
0
0
0
0
0
0
0.1
0
0
0
0
0
0
0
0
0
0
0
0.4
12
9.3
0
1.5
0
8.3
1.5
0
0
0
4.1
0
0
0
19.9
0
0
0
0
0
0
6.5
0.7
0
0
0
0
0
0
0
0
0
0
0
0
0
0
0.8
29.1
1.5
3.6
0
4.2
6.6
0
24.3
2.7
0
15.4
0
0
0
0
0
0
0
0
0
0
0
0
0
0
0
0
0
0
0
0
0
0
0
2.9
0
0
0
0
0
0
0
5.5
1.4
2.3
0
0
8.4
0
9.7
0
0
0
0
0
0
0
0
0
0
22.3
0
0
0
0
0
0
0
0
0
0
0
0
0
0
0
0
0
0
0
0
0
0
0
0
0
0
2
0
0
0
0
0
0
0
0.1
0
10.2
0
0
0
0
0
0
0
0
0
0
0
0
0.1
0
0
0
0
0
4.2
0
0
0
0
0
0
0
0
0
0
0
0
0
0
0
0
0
0
0
0
0
0
0
0
0
0
0
0
2.6
32.4
0.1
0
13.5
23.9
0
0
0
0
5.8
1.6
39.1
5.2
19.2
0
0
0
0
0
0
3.3
6.2
49.8
16.8
0
0
0
0
5.2
0.8
0
0
0
0
0
0
0
0
0
0
0
0
0
0
0
0
0
0
0
0
0
0
0
0
0
0
0
0
0
0
0
0
0
0
0
0
0
0
0
0
0
0
0
0
0
0
0
0
0
0
0
0
0
0
0.5
0.1
0
0
0
0
0
0
0
0
0
0
2
0
0
0
3.2
1.6
0
0
0
0
0
0
0
0
0
0.1
0
0
0
0
0
0
0
0
0
0
0
0
0
0
0
0
0
0
0
0
0
0
0
0
0
0
0
0
0
0
0
0
0
0
0
8.5
1.7
21.5
12.3
0
0
0
0
0
0
0
0
0
0
0
4.2
24.7
2.6
1.2
0
0
0
4.7
0
0.2
0
0
0.8
0
0
0.2
0
0
1.1
0.1
0
0
0
0
0
7.7
0
13.7
0
0
0
0
0
0
0
0
0
0
0
0
0.9
0
0
0
0.1
0
0
12.6
0
0
0
0
0
0
0
0
0
0
0
0
0
7.6
0
0
0
0
0
0
0
0
0
0
0
0
0
0
0
0
0
0
0
0
0
0
0
0
0
0
0
12.8
0
0
0
0
0
0
0
0
0
0
0
0
0
0
0
0
0
0
0
0
0
0
0
0
0
0.2
0
0
0
0
0
0
0
0
0
21
0
0
0
0
0
0
0
0
0
0
0
0
0
0
0
0
0
0
0
0
0
0
0
13.3
0.1
0
0
0
0
0
0
0
0
0
0
0
0
0
0
0
0
0
0
5.7
0
0
0
0
0
0
0.5
0
1
54.5
0
0
0
0
0
0
0
0
0
0
2.1
4.5
8.9
0
0.7
0
0
0
0.6
8.1
1.1
15.1
21.4
0
0
14.8
3
0
0
0
5.9
37.6
0
0
0
0.2
0
0
0
0
2.3
0.1
0
0
0
0
0
0
0.6
0.1
0
0
0
0
0
0
0
0.2
6.1
0
0
0
0
0
0
0
0
0
0
0
0
0
0
0
3.4
0.1
0
0
0
0
0
0
0
0
0
0
0
0
0
0
0
0
0
0
0
0
0
0
0
0
0
0
0
0
0
1.1
0
0
0
0
0
5.9
0.2
0
1.5
2.1
0
0
0.9
1.4
1.7
0
0
0
0
0
0
0
0
0
0
0
0
0
0
0
0
0
0
0.1
0.6
0.1
0
0
0
1.5
13.1
0
0
0
0.4
16.8
10.5
0
0
2.8
30.7
15.8
0
0.1
0
0
0
0
18.3
0
0
0.2
1.8
0.4
0
1.9
0
0
0
7.5
0.1
0
0
0
1.6
0
0
1.2
0
0
0
1.2
0.4
0
0
0
0
0
0
0
0
0
0
0
0
0
0
0
0
0
0
12.4
3
21.9
11.2
20.2
3.4
0
0
0
3.3
0
0
0
0
0
0
0
0
0
0.7
32.1
0.6
0
1.8
12
1.2
0
0
0
0
0
0
0
0
0
0
0
0
0
0
0
0
0
0
45.1
0
0
0
0
0
0
0
0
0
0.2
0
0
0
0
0
0
0
0
0
0
0
0
0
0
0
0
0
0
0
0
0
0
0.5
0
0
0
0
0
0
12.6
0
0.3
0
0
0
0
0
0
0
0
2.4
0
0
0
0
0
0
0
0
0.1
1.8
0
0
0
0
0
0
0
0.1
0
0
0
0
0
0
0
0.1
0.2
0.3
0
4.6
0.1
0
0
0
0
0
0
0
0
16.8
8.4
0
0
4
0
0
0
0
0
0
0
0
0
0
0
0
0
0
0
0
0
0
0
0
0
0.1
9.4
0.1
0
0
0
0
0
3.8
0
0
0
0
0
0
0
0
0
0
0
1.2
0
0
0
0
0
0
0
0
0
0
0
0
0
0
0
0
0
0
0
0
0
0
0
38.2
58
37.3
0.1
-99
-99
-99
-99
-99
-99
-99
-99
-99
-99
-99
-99
-99
-99
-99
-99
-99
-99
-99
-99
-99
-99
-99
-99
-99
-99
-99
-99
-99
-99
-99
-99
-99
-99
-99
-99
-99
-99
-99
-99
-99
-99
-99
-99
-99
-99
-99
-99
-99
-99
-99
-99
-99
-99
-99
-99
-99
-99
-99
-99
-99
-99
-99
-99
-99
-99
-99
-99
-99
-99
-99
-99
-99
-99
-99
-99
-99
-99
-99
-99
-99
-99
-99
-99
-99
-99
-99
-99
-99
-99
-99
-99
-99
-99
-99
-99
-99
-99
-99
-99
-99
-99
-99
-99
-99
-99
-99
-99
-99
-99
-99
-99
-99
-99
-99
-99
-99
-99
-99
-99
-99
-99
-99
-99
-99
-99
-99
-99
-99
-99
-99
-99
-99
-99
-99
-99
-99
-99
-99
-99
-99
-99
-99
-99
-99
-99
-99
-99
-99
-99
-99
-99
-99
-99
-99
-99
-99
-99
-99
-99
-99
-99
-99
-99
-99
-99
-99
-99
-99
-99
-99
-99
-99
-99
-99
-99
-99
-99
-99
-99
-99
-99
-99
-99
-99
-99
-99
-99
-99
-99
-99
-99
-99
-99
-99
-99
-99
-99
-99
-99
-99
-99
-99
-99
-99
-99
-99
-99
-99
-99
-99
-99
-99
-99
-99
-99
-99
-99
-99
-99
-99
-99
-99
-99
-99
-99
-99
-99
-99
-99
-99
-99
-99
-99
-99
-99
-99
-99
-99
-99
-99
-99
-99
-99
-99
-99
-99
-99
-99
-99
-99
-99
-99
-99
-99
-99
-99
-99
-99
-99
-99
-99
-99
-99
-99
-99
-99
-99
-99
-99
-99
-99
-99
-99
-99
-99
-99
-99
-99
-99
-99
-99
-99
-99
-99
-99
-99
-99
-99
-99
-99
-99
-99
-99
-99
-99
-99
-99
-99
-99
-99
-99
-99
-99
-99
-99
-99
-99
-99
-99
-99
-99
-99
-99
-99
-99
-99
-99
-99
-99
-99
-99
-99
-99
-99
-99
-99
-99
-99
-99
-99
-99
-99
-99
-99
-99
-99
-99
-99
-99
-99
-99
-99
-99
-99
-99
-99
-99
-99
-99
-99
-99
-99
-99
-99
-99
-99
-99
-99
-99
-99
0
0
0
0
0
0
0.1
0
0
1.4
4.3
0
0
0
0
0
0
0
0
0
0
0
-99
-99
-99
-99
-99
-99
-99
-99
-99
-99
-99
-99
-99
-99
-99
-99
-99
-99
-99
-99
-99
-99
-99
-99
-99
-99
-99
-99
-99
-99
-99
-99
-99
-99
-99
-99
-99
-99
-99
-99
-99
-99
-99
-99
-99
-99
-99
-99
-99
-99
-99
-99
-99
-99
-99
-99
-99
-99
-99
-99
-99
-99
-99
-99
-99
-99
-99
-99
-99
-99
-99
-99
-99
-99
-99
-99
-99
-99
-99
-99
-99
-99
-99
-99
-99
-99
-99
-99
-99
-99
-99
-99
-99
-99
-99
-99
-99
-99
-99
-99
-99
-99
-99
-99
-99
-99
-99
-99
-99
-99
-99
-99
-99
-99
-99
-99
-99
-99
-99
-99
-99
-99
-99
-99
-99
-99
-99
-99
-99
-99
-99
-99
-99
-99
-99
-99
-99
-99
-99
-99
-99
-99
-99
-99
-99
-99
-99
-99
-99
-99
-99
-99
-99
-99
-99
-99
-99
-99
-99
-99
-99
-99
-99
-99
-99
-99
-99
-99
-99
-99
-99
-99
-99
-99
-99
-99
-99
-99
-99
-99
-99
-99
-99
-99
-99
-99
-99
-99
-99
-99
-99
-99
-99
-99
-99
-99
-99
-99
-99
-99
-99
-99
-99
-99
-99
-99
-99
-99
-99
-99
-99
-99
-99
-99
-99
-99
-99
-99
-99
-99
-99
-99
-99
-99
-99
-99
-99
-99
-99
-99
-99
-99
-99
-99
-99
-99
-99
-99
-99
-99
-99
-99
-99
-99
-99
-99
-99
-99
-99
-99
-99
-99
-99
-99
-99
-99
-99
-99
-99
-99
-99
-99
-99
-99
-99
-99
-99
-99
-99
-99
-99
-99
-99
-99
-99
-99
-99
-99
-99
-99
-99
-99
-99
-99
-99
-99
-99
-99
-99
-99
-99
-99
-99
-99
-99
-99
-99
-99
-99
-99
-99
-99
-99
-99
-99
-99
-99
-99
-99
-99
-99
-99
-99
-99
-99
-99
-99
-99
-99
-99
-99
-99
-99
-99
-99
-99
-99
-99
-99
-99
-99
-99
-99
-99
-99
-99
-99
-99
-99
-99
-99
-99
-99
-99
-99
-99
-99
-99
-99
-99
-99
-99
-99
-99
-99
-99
-99
-99
-99
-99
-99
-99
-99
-99
-99
-99
-99
-99
-99
-99
-99
-99
-99
-99
-99
-99
-99
-99
-99
-99
-99
-99
-99
-99
-99
-99
-99
-99
-99
-99
-99
-99
-99
-99
-99
-99
-99
-99
-99
-99
-99
-99
-99
-99
-99
-99
-99
-99
-99
-99
-99
-99
-99
-99
-99
-99
-99
-99
-99
-99
-99
-99
-99
-99
-99
-99
-99
-99
-99
-99
-99
-99
-99
-99
-99
-99
-99
-99
-99
-99
-99
-99
-99
-99
-99
-99
-99
-99
-99
-99
-99
-99
-99
-99
-99
-99
-99
-99
-99
-99
-99
-99
-99
-99
-99
-99
-99
-99
-99
-99
-99
-99
-99
-99
-99
-99
-99
-99
-99
-99
-99
-99
-99
-99
-99
-99
-99
-99
-99
-99
-99
-99
-99
-99
-99
-99
-99
-99
-99
-99
-99
-99
-99
-99
-99
-99
-99
-99
-99
-99
-99
-99
-99
-99
-99
-99
-99
-99
-99
-99
-99
-99
-99
-99
-99
-99
-99
-99
-99
-99
-99
-99
-99
-99
-99
-99
-99
-99
-99
-99
-99
-99
-99
-99
-99
-99
-99
-99
-99
-99
-99
-99
-99
-99
-99
-99
-99
-99
-99
-99
-99
-99
-99
-99
-99
-99
-99
-99
-99
-99
-99
-99
-99
-99
-99
-99
-99
-99
-99
-99
-99
-99
-99
-99
-99
-99
-99
-99
-99
-99
-99
-99
-99
-99
-99
-99
-99
-99
-99
-99
-99
-99
-99
-99
-99
-99
-99
-99
-99
-99
-99
-99
-99
-99
-99
-99
-99
-99
-99
-99
-99
-99
-99
-99
-99
-99
-99
-99
-99
-99
-99
-99
-99
-99
-99
-99
-99
-99
-99
-99
-99
-99
-99
-99
-99
-99
-99
-99
-99
-99
-99
-99
-99
-99
-99
-99
-99
-99
-99
-99
-99
-99
-99
-99
-99
-99
-99
-99
-99
-99
-99
-99
-99
-99
-99
-99
-99
-99
-99
-99
-99
-99
-99
-99
-99
-99
-99
-99
-99
-99
-99
-99
-99
-99
-99
-99
-99
-99
-99
-99
-99
-99
-99
-99
-99
-99
-99
-99
-99
-99
-99
-99
-99
-99
-99
-99
-99
-99
-99
-99
-99
-99
-99
-99
-99
-99
-99
-99
-99
-99
-99
-99
-99
-99
-99
-99
-99
-99
-99
-99
-99
-99
-99
-99
-99
-99
-99
-99
-99
-99
-99
-99
-99
-99
-99
-99
-99
-99
-99
-99
-99
-99
-99
-99
-99
-99
-99
-99
-99
-99
-99
-99
-99
-99
-99
-99
-99
-99
-99
-99
-99
-99
-99
-99
-99
-99
-99
-99
-99
-99
-99
-99
-99
-99
-99
-99
-99
-99
-99
-99
-99
-99
0
0
0
0
0
0
0.1
12
0
0
0
0
0
0
10.3
10.6
0
0
0
0
0
0
0
0
0
0
0
0
0
0
0
0
0
0
0
73.4
15.6
0
0.4
0
0
0
0.7
8.4
1.9
0
0
10.3
0
0
0
0
0
0
0
0
0
0.3
0.1
0
0.1
0.1
0
0
0
0
0
0.1
5.2
16.7
0
0.1
0.9
0
0
4.5
0
0
0
0
0
0
0
10.9
0
0
0
0
0
0
0.1
0
0
0
0
0
0
0
0
0
0
0
2.6
0
0
0
0.3
4
7.7
0
0
0
0
0
0
0
0
0
-99
-99
-99
-99
-99
-99
-99
-99
-99
-99
-99
-99
-99
-99
-99
-99
-99
-99
-99
-99
-99
-99
-99
-99
-99
-99
-99
0
0
0
0
0
0
0
0
0
0
0
3.6
0.1
1.7
0
0
0
0
0
0
0
0
0
0
0
0
0
9.9
5.1
0
0
0
0
0
0
0
0
0
0.2
0.1
0
0
0
0
0
0
0
0
0
0.1
3.6
0
0
0
1
0
0
0.1
0
3
0
0
0.3
0
8.8
6.1
0
0
0.1
0
0
0
4.5
1.6
0
0.1
0
0
0
0
0.4
1
0
0
0
0
0
0
0
0
0
0
0
0
0
0
0
0
20.4
106.9
0
0
0
0
0
0
0
0
0
0
0
0.6
0
0
0
5.6
0.1
0
0
0
-99
-99
-99
-99
0
0
0
0
0
0
0
0
0
0
0
0
1.7
0
0
0
0
0
0
0
0
0
0
0
0
0
0
0
2.5
0
0
0
0.2
0
0
0
0
0
0
0
0
0
0
0
1.7
0
0.2
0
0
0
0
0
0
0
0
6.9
0
0
0
0
0
6.3
0.2
0
0
0
0
0
0
0
0
0
0
0.1
62.2
0
0
0
0
0
3.5
0.4
0
24.4
39
2.1
0
0
0
0
0
12.1
0.1
0
0
0
0
0
0
0
0.3
0
0
0
0
0
1.6
7.4
4
2.7
0.9
5.2
6.5
0
0
0
0
0.4
0.1
0
0
0
0.4
0
1.6
0.1
0.2
21.7
0
0
0
27.1
0.9
0.1
0
0
0
0
0
0
0
0
0
0
0.1
0
5.5
0.6
5.5
22
0.1
5.5
0
0
0
0.1
0
0
0
0
0
0
0
0
0
0.7
0
9.8
0.1
3
0
0.3
0.1
1.4
3
0
0.3
0.3
0
0
5.3
2.3
0
0
0
0
0
0
0
0
0.1
0
0
0
1
0
0
0
0
0
0
0
9.5
0.1
0.1
18.2
10
0
0
0.1
0
0
0
0
0
0
0
0
0
0
0
0
0
0
0
0
0
9
0
0
0
0
0
0
0
0
0
0
0
0
0
0
0
0
0
17.1
0
0
0
0
0.6
9.9
0
0
0
0
0
0
0
0
0
0
0
0
0
0
0
0
0
2.6
0
0
0
0
5.1
0
0
13.8
0
0
0
0
0
0
0
0
0.2
0
0
0
0.1
2.8
0
0
0
0
0
10.7
0
0
0
0.1
0
1.1
0
0
0
0
0
11
0
0
0
0
0
0
0
0
0
0
0
0
0
0
0
0
0
0
0
0.2
16.7
1.3
0
0
5.2
25.6
0.1
0
0.6
3.6
7.2
0.1
0
0
0
0.1
0
0.2
5.1
0.1
0
0
1.4
0
0
0
0
0
0
0
0
0
0
0
0
0
1.5
144.1
0.2
0.7
4.7
5.8
8.4
0.1
0
4.3
0
0
3
0
0
0
1
0
0
0
0
0
0
0
0
0
0
0
0
1.6
3
0
0
0
0
0
0
0
0
0
0
0
0
0
0
0
0
0
0
0
0
0
0
0
0
0
0
0
0
0
0
0
0
0
0
1.9
0
8.7
0.1
0
0.3
0
0
0
0
0
0
0
0
3.8
0
0
0
0
0
0
0
0
0
0
0
0
0
0
0
0
0
0
0
0
0
0
0
0
0
0
0
0
0
0
0
0
0.4
0
0
0
0
0
0
0
0
0
0
0
0
0
0
0
0
0
0
0
0
0
0
0
0
0
0
0
1.7
0
15.8
5
0.8
0
18.6
0.2
0
0
0
0
0.2
0
0
0.2
0
0.8
0
3.2
2.4
0
1.1
0
0
0
0
3.3
0
0
15.5
0.1
0
0
0
0
0
0.4
0
0
0
0
0
0.4
27.2
0.4
13.3
0
0
0
0
15.6
1.8
0.1
3.4
0.1
0
0
0
0
0
0
0
0
0
0
0
0
0
18.4
0
0
0
0
0
0
0
0
0
0
0
0
0
0
0
0
0
0
0
0
0
0
0
0
0
0.5
3.2
4.9
0
0
0
0
1.1
0
0
1
0
0
0.2
0
0
0
0
0
0.1
36.5
0
0
0
0
0
0
0
0
0
0
0
0
0
0
0
16.2
0
0
0
0.2
0
0
0
0
0
0
0
0
0
0
6
0
0
0
0
0
0.1
0
0
0
0
0
0
0
14.1
3.6
0
0
0
0
0
0
0
0
0
0
0
0
0
0
0
0
0
0
0
0
0
0
0
0
0
0
0
0
0.2
0
0
0
10.8
0
0
0
0
0
18.6
0.3
58.6
4.8
0
0
0
0
0
0
0
1.6
0.1
0
0.4
0
0
0
0
0
0
2.9
0
0
1.6
1.3
0
0
0
0
0
0.1
0
23
2.2
0
0
0
0
0
0
0
0
0
0
78
20.8
0.4
0
0
0
0
0.6
0
0
0
0
0
0
0
0.2
11.5
1.3
0
0
0
0
0
0
0
0
0
0
0
0
0
0
0
0
0
0
0
13.8
0
0
0
0
0
0
0
0
0.4
1.4
68
5
13.8
0
0
0
0
0
0
0
0
0
0
0
0
0
0
0
0
0
0
0
0.3
0
0
0
0
0.2
0.7
0
0
0
0
0
0
0.2
0
0
0
0
0
1.4
0
0
1.9
0
0
0
0
0
0
0
0
0
0
22.3
0
0
0
0
0
0.8
15
0
0
0
0
0
0
2.7
2.5
5
0
0
0
0
0
0
0
0
0
0
0
21.7
0
0
0
0
4.9
44.3
17.7
60.9
4.3
0.4
0
0
0
0.8
1.3
0
0
0
0
0
0
0
0
0
0
0
9.7
0
0.4
0
13.5
0.2
15.6
0
0
0
0
0
0
0
0
0
0
0
0
8.1
0
0
2.7
0
12.5
1.2
0
0.1
15.1
1.9
26.9
0.3
0.4
0
0
0
0
8.2
0
14.8
0
0
0
0
0
0
0
0
0
0
0
0
0
0
0.4
0
0
0
0
0
0
0
0
0
0.6
0
0
0
0
0
0
0
0
0
0
0
0
0
0
0
0
0
0
0
0
0.1
0
0
0
0
0
0
0
0
0
0
0
0
0
0
0
0
0
0
0
0
0
0
0
0
2.8
9.4
0
0
3.1
0
0
0
0
0
27.8
0
12.2
21.5
0
0
0
0
0
0
0
6.5
0
0
0.3
9.9
0
0
0
0
0
0
0
0
0
2.4
0
0
0
0
0
0
0
16.8
0.1
0
0
2.5
0
0
0
0
0
0
0
1.1
3.6
0
0
0
0
0
0
0
0
0
0
7.1
11.3
0
1.4
2.1
0
0
0
0
0
0
0
0
0
0
0
0
0
0
0
0
0
0
0.9
12.6
17.4
0
0
0
0
0
0
0
0
0.3
0
0
0
1.2
0
0
0
0
0
1.4
54.1
0
0.1
0
0
0
0
0
0
0
0
0
0
0
0
0
0
0
0
0
0
0
24.2
7
0
0
0
0
0
0
0
0
0
0
0
7
0
0
0
0
0
0
0
0
0
0
0
0
0
0
0
0
0.9
0.3
1
0
0.2
0
0.9
0.3
0
0
0
0
0
0
12.9
0.4
0
0
0
0
0
0
0
0
0
0
0
0.3
1.1
0
0
0
0.1
0
0
-99
-99
-99
-99
-99
-99
-99
-99
-99
-99
-99
-99
-99
-99
-99
-99
-99
-99
-99
-99
-99
-99
-99
-99
-99
-99
-99
-99
-99
-99
-99
-99
-99
-99
-99
-99
-99
-99
-99
-99
-99
-99
-99
-99
-99
-99
-99
-99
-99
-99
-99
-99
-99
-99
-99
-99
-99
-99
-99
-99
-99
-99
-99
-99
-99
-99
-99
-99
-99
-99
-99
-99
-99
-99
-99
-99
-99
-99
-99
-99
-99
-99
-99
-99
-99
-99
-99
-99
-99
-99
-99
-99
-99
-99
-99
-99
-99
-99
-99
-99
-99
-99
-99
-99
-99
-99
-99
-99
-99
-99
-99
-99
-99
-99
-99
-99
-99
-99
-99
-99
-99
-99
-99
-99
-99
-99
-99
-99
-99
-99
-99
-99
-99
-99
-99
-99
-99
-99
-99
-99
-99
-99
-99
-99
-99
-99
-99
-99
-99
-99
-99
-99
-99
-99
-99
-99
-99
-99
-99
-99
-99
-99
-99
-99
-99
-99
-99
-99
-99
-99
-99
-99
-99
-99
-99
-99
-99
-99
-99
-99
-99
-99
-99
-99
-99
-99
-99
-99
-99
-99
-99
-99
-99
-99
-99
-99
-99
-99
-99
-99
-99
-99
-99
-99
-99
-99
-99
-99
-99
-99
-99
-99
-99
-99
-99
-99
-99
-99
-99
-99
-99
-99
-99
-99
-99
-99
-99
-99
-99
-99
-99
-99
-99
-99
-99
-99
-99
-99
-99
-99
-99
-99
-99
-99
-99
-99
-99
-99
-99
-99
-99
-99
-99
-99
-99
-99
-99
-99
-99
-99
-99
-99
-99
-99
-99
-99
-99
-99
-99
-99
-99
-99
-99
-99
-99
-99
-99
-99
-99
-99
-99
-99
-99
-99
-99
-99
-99
-99
-99
-99
-99
-99
-99
-99
-99
-99
-99
-99
-99
-99
-99
-99
-99
-99
-99
-99
-99
-99
-99
-99
-99
-99
-99
-99
-99
-99
-99
-99
-99
-99
-99
-99
-99
-99
-99
-99
-99
-99
-99
-99
-99
-99
-99
-99
-99
-99
-99
-99
-99
-99
-99
-99
-99
-99
-99
-99
-99
-99
-99
-99
-99
-99
-99
-99
-99
-99
-99
-99
-99
-99
-99
-99
-99
-99
-99
-99
-99
-99
-99
-99
-99
-99
-99
-99
-99
-99
-99
-99
-99
-99
-99
-99
-99
-99
-99
-99
-99
-99
-99
-99
-99
-99
-99
-99
-99
-99
-99
-99
-99
-99
-99
-99
-99
-99
-99
-99
-99
-99
-99
-99
-99
-99
-99
-99
-99
-99
-99
-99
-99
-99
-99
-99
-99
-99
-99
-99
-99
-99
-99
-99
-99
-99
-99
-99
-99
-99
-99
-99
-99
-99
-99
-99
-99
-99
-99
-99
-99
-99
-99
-99
-99
-99
-99
-99
-99
-99
-99
-99
-99
-99
-99
-99
-99
-99
-99
-99
-99
-99
-99
-99
-99
-99
-99
-99
-99
-99
-99
-99
-99
-99
-99
-99
-99
-99
-99
-99
-99
-99
-99
-99
-99
-99
-99
-99
-99
-99
-99
-99
-99
-99
-99
-99
-99
-99
-99
-99
-99
-99
-99
-99
-99
-99
-99
-99
-99
-99
-99
-99
-99
-99
-99
-99
-99
-99
-99
-99
-99
-99
-99
-99
-99
-99
-99
-99
-99
-99
-99
-99
-99
-99
-99
-99
-99
-99
-99
-99
-99
-99
-99
-99
-99
-99
-99
-99
-99
-99
-99
-99
-99
-99
-99
-99
-99
-99
-99
-99
-99
-99
-99
-99
-99
-99
-99
-99
-99
-99
-99
-99
-99
-99
-99
-99
-99
-99
-99
-99
-99
-99
-99
-99
-99
-99
-99
-99
-99
-99
-99
-99
-99
-99
-99
-99
-99
-99
-99
-99
-99
-99
-99
-99
-99
-99
-99
-99
-99
-99
-99
-99
-99
-99
-99
-99
-99
-99
-99
-99
-99
-99
-99
-99
-99
-99
-99
-99
-99
-99
-99
-99
-99
-99
-99
-99
-99
-99
-99
-99
-99
-99
-99
-99
-99
-99
-99
-99
-99
-99
-99
