20000101
0
0
0
0.2
0.2
0
0.2
2.2
5
0
0.2
0.2
0
5.6
29.2
0.6
0
0.2
0
0
0
0.2
0
0
0
6.4
1.8
0.2
0
0.2
0
0.2
0
0.2
0
0
0
0
0
0
0
0
0.4
0.2
0
0
6.8
0.4
0
0
0
0
0
0
0
0.2
0
0.2
0
0
0
0
0
0
0
0
0
0
0
0
0
0
0
0
0
0
0
0
0
1
0.2
0
2.6
0.2
0.2
1.2
12.6
2
5.4
0
5.8
0.2
0.8
1.2
1.6
3.2
0.2
0
0
5.4
3.2
24.6
0
0
0
0
3
1.2
1.8
0.2
0
0
0.2
6
0
0.2
0
1.8
6
0
0
0
0
0
0
0.2
0
0.2
0
2
1.2
0
0
0
0
0
0
5.2
0
0
0
0
2.8
0
0
0
0
5.4
0
0
0
0
0
0
0
0
5.8
2.8
0
0
0
44.4
7.8
0.8
3.6
10
0
0
0
0.2
0
0.2
0
0
0
0
0
0.2
0
0
0
0
0
0
0
0
0
0.2
0
0
0
44.6
12.6
1.6
0
0
0
0
0
0
0
0
0
0
5
0
0
0
0
0
0
0
0
0
0
0
0
0
0
0
0
0
0
0
0
0
0
0
0
0
0
0
0
0.4
0
0
0
0.2
0.2
0
0
0
3.8
0
0
0
10.4
5
0
0
0
0
0
0
0
0
0
0
0
0
0
10.8
15.4
7.6
0.2
0
0
0
0
0
0
4.4
3.2
2.4
0.2
0
0
0
0
0
0
0
0
4.2
5
3.2
16.8
2.4
13
0.8
0
0.2
0
0.2
0
2.6
0.4
0
0.8
0
0.2
0
0.2
0
3.6
0
0.2
1.2
0
0.2
0
0
0
0
0.2
0
0.2
0.4
10
0
0
0
0
0
1.2
0
0
2.6
0.2
0
1.4
1.4
0.2
0.4
0.2
0
0.2
2.2
0
0.2
0
0
0
0
0
0
0.2
0
0.2
0.2
0
0.2
0
0.2
0.6
1
29.8
58.6
18.4
0
0
0
0
0
0
0
0
0
0
0
0
0.2
4.2
0
0.2
0
0.2
0
59.4
4
22.4
30.2
0
0.2
0.8
0
0.2
0
0
0.2
0
0.2
0
25.4
3.6
0
0
0
0
0
0.2
0
0
0
0
0.2
0
0
0.4
0
13.2
0
0.2
0
0
0
0.2
0
0.2
0
1.8
0.2
0
0
0
0
0.6
0
0
0.4
0
0.6
7.8
0
2.8
0.2
7.6
1.4
0.2
0
1.6
0
0.2
0
0
0
0
0
0
0
1.8
0
0.2
11.8
0.2
0
0
0
0
0
0
0
3.4
0
0
0
0
0
0
0
0
0.8
0.8
0
7.6
0.4
0.4
0
0
0
0
0
0
0
0
0.8
1.4
1.6
3
0
1.4
0
0
0
0
0.2
0
0
0
0
0
0
1.8
1
0
0
0.2
0.2
0
0.2
0
0
0
0
0
0
0
0
0
0
0
0
0
0
0
0
7
0.2
0
0
0.2
0
0
1.4
0
0.4
0
0
0
0
0
0
0
0
0
0
0
0
0
0.8
0
0
0
0
0
0
0
0
0
0
0
16.4
0.2
0
0
15.4
0.8
0
0
0.2
0
0
0
0
0
0
0
0
0
0
0
0
0
0
0
0
0
0
0
0
0
0
0
0
0.2
0
0
0
0
0
0
0
0
0
0
0.2
0
3.2
8.4
0
0
12.6
0.4
0
0
0
0
1
0
0
0
0.2
0
0
0
0.2
3.6
0
0
0
60.2
0.2
8.4
10.4
0.2
0
6.2
2
0.2
0.2
0
0.2
0.8
0.2
0
0
0
2.8
0
0.2
0.2
0.8
0.2
0.2
0
0.2
9.6
0
6.4
0
0.2
6.6
0.2
0.2
0.2
0.2
0
0.2
0.2
0
0.2
0
0
0.2
0
0
0.2
0.8
0.8
0
7.2
0.2
0
1.6
69.6
16.8
30.8
0
0.2
0.2
0
0.2
0.2
0
0
0
0.2
0
0.2
0.2
0.2
0
0.2
0.2
0
0.2
0
0
0.2
0
0.2
0
0.2
0
0
0
0
0
0
0.2
0
0.2
0
0
0
0
0
0.2
0
0.2
0
0.4
5.4
5.8
2.8
0.4
0.4
0
0.2
0.2
0
0.2
0
1.8
0
0.4
0
0
0
0
0.2
0.2
1.4
0.2
2.2
0.4
0
0
0.2
0
0.2
0
0.2
4
0.2
0
4.4
0.4
0
0
0
0
0
0
0
0
0
-99
-99
-99
-99
-99
-99
-99
-99
-99
-99
-99
-99
-99
-99
-99
-99
1.4
6
0
0
0
0
0
0
0
1
1.2
0
0
0
0
0
0
0
0
0
0
0
0
0
0.4
8.4
0.6
0
0
6.8
104
1.8
0
1.2
20
1.4
11.4
11.6
32.4
4.2
0.2
1.4
0.4
0
0
0
0
0
0
0
0
0
0
0
0
0
0
0
0.2
4.2
2.2
2.6
0
1.4
67.6
45
9.8
5.4
2
0
0.2
0.2
0
0
0
1.6
0
0
0
0
7.6
0
0
2
4.2
0
0
0
0
0
0
0
1.8
18.4
4.4
0
14.6
0
0
0
0
0
0
0
0
0
0
0
0
0
0
0
0
0
0
0
0
11.2
2.2
1
0
0
0
0
0
0
0
0
0
0
10
0.4
0.2
0
0
0
0
0
0
0
0
0
0
0
0
0
0
0
0.2
0.6
13
0.2
0
0
0
0
0
5.4
9.4
4.8
0
0
0
0
0
0
0
0
2
0
0
0
0
2.6
2.2
8.4
1.6
0
0
0
1.4
0.2
0.6
8.4
0
0
0.2
0
0
3
0
0
11.6
0.2
0
0
0
0
0
0.2
0
1.8
0
0
0
0
0
0
0
0
0
0
0
0
0
0
0
0
1.6
67
12
0.4
0
0
0
0
0.2
3.8
0.2
0
0
1.4
0
13.8
0.2
0
0
0
0
0
0
1
0
0
0.4
1
0
6
3.8
0
0
0
0
0
0
14.4
1
0
0
0
0
12.6
0.2
0
0.2
16.2
2
0
0.2
0
2.4
0.2
0.4
0.2
0
0
0
0
0
0
0.6
63.4
0.2
0
0.2
0
0
0
0
0
0
0
0
0
0.2
0.2
0
0
0
0
0
5
0.6
0
0
0
0
0.8
71
0
5.2
2.6
0.2
0
0
0.2
0
0
0.2
0.2
0
3.4
0.2
0
0
0
0
0
0
0
0
0
0
0
0
0
0
0.4
0
0
0
0
0
1
0
0
0
0
0
0
0
0
13.2
19.6
9.4
4.8
1.2
0.2
1.8
33.6
10
0.2
0
0
1.2
0
0.2
0.8
0
0
0.2
0
0
0
0
0
0.2
0
0
0.2
0
0
0
0
0
0
0
0
0
14.6
0.8
40.6
0.4
0.2
2.8
0.2
0
0
0
0
10
19.9
9.4
0
0
0
0
0
0
0
0
0
0
0
0
0
0
0
0.4
0
0
0
0
0
0
0
0
0
0.4
0.8
0
0
0
0
0
0
0
0
1.8
3.8
0
3.2
0
0
0
0
0
8.6
8.9
0
0
0
0
0
0
0
0
0
5
0
0
0
0
0
0
0
0
0
2
0
0
0
0
0
0
0
0
0
0
0
0.4
0
0
0
0
13.8
0.4
0
0
0.4
0
0
0
0
0
0
0
0
0
0
0
0
0
0
0
0
0
0
0
0
0
0
0
0.2
0
0
0
0
0
0
0
0
0
0
0
0
0
0
0
0
0
28.4
0
0
3.2
0.2
0.4
0
4.1
0
0
0
0
0
0
10.1
2.2
1
0
0.2
7.1
0
16.1
1.2
0
0
0
0
0
0
0
0
0
0
0
0.2
0.8
2.8
3.2
0
0
0
4.6
7.1
1
11.3
2
0
0
4.4
0.6
0
0
0
0
0
0
0
2.8
0
3.6
50
80.9
91.4
40.6
0
0
0.6
0
0.6
0.2
3.4
1.6
0.6
0
0
10.1
0
0
0
0
0
0
0.2
0
6.1
0
0
0.4
0
0
4.1
1
0
0
0
0.2
0.2
0.8
4.2
0.6
0
0
3
0
0.2
0
10.7
3.2
-99
-99
-99
-99
-99
-99
1
0
0
0
0
0
0
0.2
0
2.6
1
0
1
1
0
0
0
0.2
0
3.2
0
0
0
0
0
0
0
0
0.2
0.2
0
0
0.2
0
0
0
0
0
0
2.6
0
0
0.6
0
0
8.2
4.8
0.2
0
8.8
0
0.2
0
0
0
0
0
0.2
0
0.4
0.2
0
0
0
0
0
0
0
0
5.2
0
1.6
0.2
36.9
8
0.2
0.8
0
0.6
13.5
0
0
0.2
0
0
0
0
0
0
0
0
0
0
0
0.6
6.6
0
0
0.8
0.4
0
0
0
0
0.6
0.2
0
0.2
0.2
1.2
0.2
35.9
24.9
0.2
0
1.4
0
0
0
0
1.4
2.4
0
0
0
0
0
5.7
0.4
109.1
5.9
6.4
1.6
0
0
0.6
0
0
0
0
0
11.9
45.1
4.5
0.4
0.4
35.1
5.8
38
0.2
19
0.2
0
1.2
17.5
8.4
0.2
0
0
0
0.2
0
0
0
0
1.8
0.2
0
0
0
0
0
0
1.8
0
0
0
0
0
0
0
0
0
0
0
0.2
1.4
0.2
3.2
1.4
2
0
0
9.8
16.9
0
0
0
0
0
0
0
0
0
0
0
0
0
0
0.6
0.4
0
0
0.2
6.6
3.4
4.1
4.1
0
0
0
0
0
0
0.2
0
0
0
0
0
0
0
0
0
0
0
0
0
0
1.6
0
0
0
0
0
0
0
0
0
0
0
0
0
0
0
0
0
0
0
0
0
0
0
0
1
0.8
0.2
0
0.8
14.2
0
0
0.2
0
0
0.2
0
0.8
0
0
7.9
2.4
0
0
0.2
0
0
0
0
0
0.2
0
0
0
0
0
0.2
0
0
0.2
0.2
0
0
0.2
0
0
0
0.4
0.4
0
3.2
0
0.2
0
0
0
0
0
0
0
0.2
1.2
29.8
0.4
0.4
0
6.6
34
0.8
0
0
0
0
0
0
0
0.6
0.2
0
0
0
0
0
0
0
0
0
0
0
0
0
0
0
0
0
0
0
0
0
0
0
0
0
0
0
0
0
0
0
0
0
0
0.2
0
0.4
0
0
0
0
0
0
0.2
6
0
0
0.4
0.2
0
0
0
0
0
0
0
0.2
0.2
0.2
0
0.2
0
0.4
0
0.2
0
0
0.4
0.4
0.4
0
0
0
2
0.8
0
0
0
0
0.8
1
0
0.8
0
0
0
0
21.4
42.6
59.4
2.4
0
0.6
0.6
20.2
0.4
0
0
0
0
0.8
0
0
0
0
0
0
0
0
0
0
0.2
9
0
0
0.4
0
0
0
0
0
0
0
0.2
0
0.2
0
0
0
0
0
0
0
4.4
0
0
11.4
0
4.8
4.4
0
0.2
0
32.2
0
0
0.2
0
4.4
0
0
0
0
0
0
4
10.6
0
1.2
1.2
0
0
0
0
0
0.2
0
0
0
0
0
0
0.4
0
7.2
1.4
0
0
0
0.8
1
0
0
0.4
0.6
0
5.8
93.2
0
0
0
0
0
0
0
0
0
0
0
0
0.8
0
0
0
0
0
0
0
0
0
0
0
8
0
1
13.4
0
0
0
0
0
0
0
0
0
0
0
0
0
0.2
0
0
0
0
0
0
0
0
0
2.8
23
0.4
0
0
0
0
0
0
0
2.2
0
0
0
0
0
0
0
0.4
0
0
0
0
0
8.4
0.4
0
0
0
0
0
0.6
1.4
3.2
6.4
0.4
0.2
0
0
0
0
3.6
12
72
0.4
0
0
0
0
0
4.6
0
0
0
0.2
0
0
0
0.4
30.8
27
22.2
67.4
0.4
23.8
0.8
1
10
0
0
0.4
4.6
0
0
0
0.2
0
0
0
30.4
0.2
0
0
0
0
0
1.6
0
0
1.4
0.2
0.2
0
0
0.4
22
14.6
123.4
18
23.8
1
0.2
9
0
0.2
0
0.2
1
0
0.2
0.2
0
0.2
0
0
0
0.2
0
0
0.4
0.2
0
0
0
15.4
1.6
0
8.4
39
24
0
0.2
0
0
0.2
0
0
0.2
0
0
4.6
1.4
0
0.2
0
0
0.2
0.2
0.6
0.2
0
0
0
0
0.2
0
0
0
0
0
0.2
0
0.2
0
0
0
0.2
0
0.2
0.2
0
0.2
0
0
0
0
0
1.2
0.2
0
0
2.4
12.4
14.2
4
0.8
0
0.2
0.2
0.6
4.4
0.6
2.6
0.2
0
0
0
0
0
0
0
0.2
0.8
15.2
49.8
30.4
18.8
0.4
0
0.2
0
0
0.2
0
0
0.2
0
0
0.2
0
0
0
0.2
0.8
0
0
0
0
0
0
0
0
0.2
5.6
0
0
1.4
0.2
0
0
2.8
0
1
0.2
3
0.4
2.4
0
0
0
0
0
0
4.4
6.4
0
0
7.6
0
0
0
0
0
0
0
0
0
0
0.2
0
0
5.2
0.2
0
0
0
0
0
0
0
0
0
0
0
0
0
0
0
0
0
0
0
0
0
0
0
0
0
0
0
0
0
0
0
13.2
0
0
0
0
1.6
0
0
0
0
0
0
0
0
0
0
0
0
0
0
0
0
0.2
0.6
0
0
0
0
0
0
0
0.4
0
0
0.4
0
0
0
0
0
0.2
0
1
0
0
0
0
0
0
0
0
0
0
0
0
0
0
0
0
2.8
0
0
0
0
0
0
0
0
0
0
0
0
0
0
0
0
0
0
0
0
0
0
0
0
0
0
0
0.6
0
0
0
0
1.2
0
0
0
17.6
3.6
0.2
18.6
0.2
0
0
0
0
0
0
1.4
17.2
2.6
0
0
0.2
0
0
0
0
0
0
0
0
0
0.2
0
0
0
0
8.6
44.6
58
0
1.4
0
0.6
0
0.2
0
0.4
10
35
0.2
0
0
0
0.2
0
0
0.2
0
0
0
0
0
0
0.4
0
29.2
26.2
0
0
0
0
0.4
81.4
0.2
0
0
0.2
0
0
0
0
0
0
0
0.2
0
0
0
0
0
0
0.2
0
4.4
0.2
0.2
0.2
0.2
0
0
0
0.2
0.8
0
0
0
0.2
0
0
0
0
0
0
0
0
0
0
0
0
0
0
11.6
0
3.2
0
0.2
0
0.2
0
0.2
27
0
0.2
0
0
0.2
0
0.4
0
0
0.2
0
0.2
0.2
0.2
0.2
0
0
0.2
0
0
0
0.2
0
0
0
0
0.2
0
0
0.2
0
0
0.2
0
0
0
0
2
0.2
0
0.6
0
0
0
0
0.2
3.6
0
0.2
0
0
0
0.8
0.2
5.4
0.2
0.2
0
10.6
0.2
0.2
0
0
51.4
26.2
0.6
0
0
0
0
0.2
6.8
0.2
0
0.2
0
0
0
0
0
0
2.6
0.8
0
0.4
0
0
0
0
0
0
0
0
11
0.2
0.2
0.2
0
1.2
0
1.2
0
4.4
0.2
1.6
0.2
0.2
0
33.6
1.6
2.2
0
0
0
0.8
4
3.4
19.2
34.4
8.8
0.4
0
0
0.2
0
0.2
0.2
0
0.2
0
0
0
0
0.2
0
0
10
0.8
8
1.4
0
0
0
0
0
0
0
0
0
17.6
0.4
0
0
0
0
0.2
0
0
0
0
0
12.6
8.4
0.6
0
0
0.8
1
0
0
0
0
0
0
0
0
0
0
0
0
0
0
0
0
0.2
0.2
0
0
0
0
0
0
0.4
0
0
0
0
0.4
0
0
0
0.2
0
0
0
0
0.6
0
0.2
0
0
0
0
0.2
0
0
0
0
0
0
0
0
0
0
0
0
0
0
0.2
0
0
0
0
2.8
0.4
10.4
0
0
0
0
1
0
0
0
0
0
10.2
0
10.6
4.4
0
0
0
0
0
0.2
0.2
0.6
0.2
0
0
0.2
0.2
0
0
0
0
0
0
0
0
0
0
0
0
0
0.2
0
0
0
0
0
0
0.2
0
0
0
0
0.2
1.2
0
0.2
3.4
22.8
0
0
3.6
0
52.2
0.4
0
0
0
0
0
0.8
0
0
0
0
0
0
0
0.2
5.8
0
0
0
0
0.2
0
0
0
0
0
0.2
0
0
0
0
0
0
0
0
0.4
0
0
0
0
0.8
0
4
0
0
0
0.2
0
0
0
0
0.2
0
0
0
0
0
0
0.2
0
0.2
0
0
0
0
0
-99
-99
-99
0
0.2
10.2
61.2
6.6
0
0.2
0
0.2
0
0.2
0
0
0.2
0.4
9.2
24.6
2.6
0
0
0
0
0
2.2
1.8
0.2
0
0
0.2
0.2
0
0
0
1.2
0
0
0.2
0
0
0.2
0
0
0
0
0.2
0
10.6
8.4
0.2
0.2
0
0
0.2
0.2
0
0.2
0
0.2
0.2
0.2
0
1.8
4.2
1.8
0.2
0
0
0.4
0.8
0
0.2
0.2
0
0
0.2
0.2
7.4
1.6
0.2
0
0
20.6
0
0
0
0
0
0.2
0
0
0
0.8
0
0
22.6
0
0
0
6
0.2
0
0
10.8
2.4
0
0
0
0
0
0
0
0
0
0.2
2.2
0.2
0.8
4
0
0
13
3.4
0.2
1.8
7.8
0.4
1.6
0.2
0
0
0.2
7.6
0.2
3.4
0.2
0
0
0
0
0
0
0
17.4
19
0.2
15.2
0
0
0.2
0
0.2
7.2
0.2
0
0
0.8
0
-99
-99
4
11.8
0
0
0
0
22.2
0
1.8
0
0
-99
-99
-99
-99
-99
-99
0
0
-99
-99
-99
-99
-99
-99
-99
0
0
0
0
0
0
3.6
0
0
0
0
0
0
0.4
0
0.2
0
0.2
0
0
4.6
20
1.6
0
0
0
0.2
0
0
0.6
0.2
0
0
0
0
0.8
0
0
0
0
0.4
0
0
0
0.4
0.2
0
0.2
0
0
0
0
0
0
2.6
0.4
0
0.2
0
0
0
0
21.8
0
0
0
0
0
0
0
0
0
0.2
0
0.2
0
0
0
0
0
0
0.2
1.6
2
0.2
0
0
0
0
1.8
0
0
0
0
0
0
0
0
0
0
0
0
0
0
0
0
0
0
0.4
6.2
0
0
0
0.2
0.4
0
0
0.4
1.8
3.4
0
0.2
0
0.4
0
0.8
0.2
0
0
9.2
0.2
0
6.8
27.4
26.4
0
0.4
0.8
7.4
0
0.2
0
0.2
0
5
0.2
0
0
0
0
0
0
0
0
0
0
3
0
0
3.4
0.4
0.4
0
0
0
0
0.2
0
0
0
0
21.8
0
0
0
5.2
8.6
0.6
4.8
0
0
0
0
0
0
0.2
0.2
0.2
53.8
5.6
2
5.6
0.6
1.4
0
0
0
0
0.2
0.6
0
0
6.6
5.2
0
0.2
0.2
0
0.2
0
0
0.2
0.6
0.2
1.8
0.8
1.4
0
0.4
0
0
0.2
0
1.4
14.8
26.4
2
32.8
0
0.4
0
1
0
0
3.4
0
0
0
0
0
0
0.2
0
0
0
0
0
0
0
0
0.2
0
0.4
4.6
3.8
0
0.6
0
1.2
0
0
0
0
0
0
0
0
0
0
0
0
0
0
0
0
0
0
0
0
0
11
2
0
13.2
2
7
1.8
0
0
0
16.2
2.2
0
0.2
2.8
7.6
0
0
0.4
1.4
20
0
2
8.4
0.2
0
0
0
0.2
9.2
3.2
9
0.8
5.8
3.4
0
0
0
0
0
0
0
0
0
0
0
0
32.4
0
0
0
0
0
0
0
0
0
0
0
0
0
0
0
0
0.6
0
0
0
0
6.8
0
0
0
0
0.4
0
0
0
0
0
0
0
0
2.4
0.2
0.2
0
0
0.2
0
1.2
0
0
0
1.4
0
0
0
1
2.4
0
2.6
0
0
0
0
0
0
-99
0.6
0.2
0
0
0
0
0
0
0
0
0
0
0
0
0
0
0
0
5.4
0
0
0
0.2
2.6
0.2
0
0
0
0
0
0
0
0
0.2
0
0
0
0
0
0
0
0
0
0
0
0
0
0
0
0
0
11.4
0
0
0.2
0
0.2
0
0.2
0
0
20.6
0.4
0.2
4
1
0.4
0.2
0
0
0
0.2
0
0
0.2
0
0.2
0.2
2.4
0.2
0
0
0
0.2
0
0.8
0
0.2
0.2
0.2
0
0
0
0
0
0
0
3
24.6
28.4
0
0
0
0
0.2
0.2
0.2
1
0
0.2
3.6
-99
-99
8.4
0.2
4.2
0.2
0
0
0
0
0.2
0
0
0
0.4
0.2
0
0.2
0.2
0
0
0.2
0.2
0
0
0.2
3.2
1.2
0.2
0
0
0
0
0
0
0.2
0
0.2
0.2
0
0
0
0
0
0
0.4
0
0
0.2
4.8
0.2
1.2
0
4
0
0
0
0.2
0
3.8
0
0
3
20.4
0
20.6
0
0
0
0
5.2
0.2
2.4
0
0.2
0
0
0
2
0
0.2
0.2
0.4
0
0
0
0
0
0
0.8
0.4
0
0
11.2
1.4
0.2
0
47.8
16.6
0
0
0
0
0
3.8
30.6
0
13.6
10.8
0
0.2
0
0
0
0
0
0
0
0
1.8
26.6
2.4
3.4
0
1.2
29.6
4.2
0
0
0
0
0.2
0
0
0.2
0
0
0
2
10.6
0.2
0
0
0
0
0
0
0.2
1
5.4
0.2
0
6.4
0
0
0.6
0.2
0
0
0
8
0
0
0.6
0
0
0
0
0
0
0.4
0.6
0.2
0
0
0
0
0
0
0.8
9.2
34
40.2
27.6
4
0.2
0.4
0.4
0
0.2
13.8
9.2
0.8
0
0
0
0.2
0
0
0
0
0
0.2
0
0
0
0.4
0
0
0
0
0
0
0
0
0
0
0
0
0
3.2
0
0
1.2
0
0
0
3.3
14.9
0
0
0
0
0
0
0
0
0
0
0
0
0
0
1.4
0
0
0
0
0
0
0
0
0
0
0
0
0
0
0
0
0
0
0
0
0
0
0
0
32.8
0.9
0
0
15.4
0
0
0
0
0
0
0.8
0
0
8.6
0
1.3
0
0
0
0
8.1
0
0
0
0
0
0
0
0
0
0
0
0
0
0
0.1
0
0
0
5.2
0.5
0.1
0
0
0
0
0
0
12.4
46.4
1.3
0
0
22.3
0.1
0
44.1
0.1
0
0
0
0
0
0
0
0
0
0
0
0
0.1
0.4
60.7
14.1
41.6
6
0
0
0
0
0
0
0
0
0
0
0
0
0
0
0
0
0
2.4
0
0
0
0
0
0.1
6.1
0.1
0
3.2
0.1
0.1
0
0
4.3
0.1
0
0
0
0
0.2
0
0
0
0
0
0.1
0.2
2.1
12.3
0
0.5
0.1
0
0
0
0
0
0
0
0
0
0
0
0
0
0.7
0
0
0
0.5
8.5
2.8
1.8
0
0
0
0
0
0
0
0
0
0
0
0
0
0
0
1.3
0
0
0.1
0
0
0
0
0
0
0
0
0
0
0
0
0
0
2.7
30.2
23.2
4.8
0.7
0
0
0
0
0
0.1
0
0
0.1
0.1
0
0
0.2
0.3
0
0
3
0.1
0
2.3
0.3
0
0
0
0
0
0.5
0
0
0.7
1.6
11
0.6
0
0.1
0.3
0
0
0
50.5
0.8
10.7
27.2
7.8
0.4
0
0
0
0
0.3
0.1
0
0
0
0.9
3.4
4.2
0.2
1.1
0
0.2
0
0
0
0
0
0
0
0
0
0
0
0
0
0
0
0
0
0
0
12
22.6
0
0.2
0.1
0
7
0
0
0
0.7
0.5
0.1
0
0
0.1
0
0
0
0
0.5
0.1
22.4
0.1
0
0
0
0
0
0
0
0
0
0
0
0
0
0
0.2
2.2
0
0.1
0
9.8
0.1
0
8.3
0.7
0.1
1.7
0
0
4.7
0
0
0
0
0
0
0
0
0
0
0
0
0
0
0
0
0
0
0
0
0.3
0
0
0
0
0
0
0
0.8
0
0
0
0
0.3
0
15.2
0
0
0
0
0
1
77
0.4
0
0
0
0
0
0
0
0
0
0
0
0
0
0
0
0
0
3.3
0.2
0
0
0
0
0
0
0
0
0
0
6.2
0
0
0
0
0
0
0.1
1.3
1.6
1.1
0
0
0
0
0
0
0
0
0
0
0
0
50.6
0.1
0
0
0
0
0.7
0
0
0
0
0
0.1
0.2
0
0
0
0
0
0
0
0
0
0
0
0
0
0
0
0
0.1
7.2
0
0
0
0
32.8
0.2
0
31.9
49.8
1
0
0
0
0
3.1
22.4
19.5
44.3
1.2
0
0
0
0
0
3.4
1.8
17.5
7.6
0
0.1
12
5
44.1
3.5
0
0
0
0
0.1
0
3.4
0
0
0
0
0
0
0
0
0
0.1
0.1
0
0.1
0
0
0
0
0
0
0
0
0
0
0
0
0
0
0
0
0
0
0
0
3.2
0.1
0
0
0
0
0
0
0
0
0
0
0
0
6.2
11
0
0
0
0
0
0
0
0
0
0
1.3
0
0
0
0
2.9
0
0
0
0
0
0
0
0
0
0
0
0
0
0
0
0
0.7
0
0
0
0
0
0
0
0
0
0
0
0
0.1
0
0
0
0
0
0
0
0
0
0
0
0.1
0
0
0
0
2.6
8.3
22.9
0
0
0
0
0
0
0
0
0
0
0
6
4.2
0
0
0.1
0
0
3.5
0
2
0
3.1
0
0
0
3.5
13.4
0
1.8
0
0.2
2.4
0
0
0
3.9
0
1.1
0
0
0
0
0
2.5
0
0
0
0
0
0
1.5
3.1
0
0
0.7
0.1
0.2
34.9
7.1
3.4
0
0
0
0
0
0.3
0.1
0
0
0
0
3.4
0.2
0.1
0
0
0
0
1.3
0.1
1.5
0.4
0
0
0
0
0
0
0
0
0
0
0
0
0
0
0
0
0
2.7
0
0
0
29.3
0.1
0
0
0
0
0
0
0
0
0
0
0
0
0
0
0
0
0
0
0
0
0
0
0
0
0
0
0
0
0
0
0
0
0
0
0
0
0
0
0
0
0
0
0
0
0
0
0
0
0
0.4
0
0
0
0
3.5
0
0
0
0
0
0
0
0
0
0.3
0
0
40.3
0
0
0
0
0.8
7.8
3.9
0
0
0
0
0
0
0.6
0
0
17.1
0.1
0
0
0
0
0
0
0
0
0
2.4
1.5
0.9
0
2.7
0
0
0
0.3
3.4
19
18.7
3
0
0
7.8
41.1
1.4
0
0
40.9
34.1
0
0
0
0
0
3.1
0.1
0
0.1
0.1
1.4
0
0
0
0
0
1
8
0
0
0.1
0
0
0
0
16.1
9.8
0.7
0
0
0
0
0
0.1
0
0
0
0
0
0
0
0
0
0
0
0
0
0
0
0
0
0
0
0
0
0
0
0
0
0
0
0.1
0
0
0
0
0
0
0
0.1
0
0
0
2.7
0
0
0
0
0
1
0
0.4
0
0
0
0
0.2
1.4
0.1
0
0
0
0
7.2
0
0
0
0
0
0
0
0
0.1
0
0
0
0
0
0
0.6
0
0
3.8
1.9
0.1
0
0
0
0.7
6
42
0
0
2
44.1
8.4
0
0
0
0
0
12
0.5
0
0
0
1
0.8
0
4.6
0
0
0
0
0
0.8
0.7
3.5
0.1
15.8
0
15.9
2
0.1
1.5
0.7
1.3
0
0
0
0
0
0
0
0
0
0
0
0
3
0
0
0
0
0
8.7
0.2
21.4
4.9
10.2
1.1
0
0.1
0
0
0
0
0
0.7
0.2
0.1
0.1
0
0
0
0.1
3.4
0.8
4
3.6
0.1
0
0
0.9
3.1
9.2
0.1
0.2
10.3
8.1
0.9
-99
-99
-99
-99
-99
-99
-99
-99
-99
-99
-99
-99
-99
-99
-99
-99
-99
-99
-99
-99
-99
-99
-99
-99
-99
-99
-99
-99
-99
-99
-99
-99
-99
-99
-99
-99
-99
-99
-99
-99
-99
-99
-99
-99
-99
-99
-99
-99
-99
-99
-99
-99
-99
-99
-99
-99
-99
-99
-99
-99
-99
-99
-99
-99
-99
-99
-99
-99
-99
-99
-99
-99
-99
-99
-99
-99
-99
-99
-99
-99
-99
-99
-99
-99
-99
-99
-99
-99
-99
-99
-99
-99
-99
-99
-99
-99
-99
-99
-99
-99
-99
-99
-99
-99
-99
-99
-99
-99
-99
-99
-99
-99
-99
-99
-99
-99
-99
-99
-99
-99
-99
-99
-99
-99
-99
-99
-99
-99
-99
-99
-99
-99
-99
-99
-99
-99
-99
-99
-99
-99
-99
-99
-99
-99
-99
-99
-99
-99
-99
-99
-99
-99
-99
-99
-99
-99
-99
-99
-99
-99
-99
-99
-99
-99
-99
-99
-99
-99
-99
-99
-99
-99
-99
-99
-99
-99
-99
-99
-99
-99
-99
-99
-99
-99
-99
-99
-99
-99
-99
-99
-99
-99
-99
-99
-99
-99
-99
-99
-99
-99
-99
-99
-99
-99
-99
-99
-99
-99
-99
-99
-99
-99
-99
-99
-99
-99
-99
-99
-99
-99
-99
-99
-99
-99
-99
-99
-99
-99
-99
-99
-99
-99
-99
-99
-99
-99
-99
-99
-99
-99
-99
-99
-99
-99
-99
-99
-99
-99
-99
-99
-99
-99
-99
-99
-99
-99
-99
-99
-99
-99
-99
-99
-99
-99
-99
-99
-99
-99
-99
-99
-99
-99
-99
-99
-99
-99
-99
-99
-99
-99
-99
-99
-99
-99
-99
-99
-99
-99
-99
-99
-99
-99
-99
-99
-99
-99
-99
-99
-99
-99
-99
-99
-99
-99
-99
-99
-99
-99
-99
-99
-99
-99
-99
-99
-99
-99
-99
-99
-99
-99
-99
-99
-99
-99
-99
-99
-99
-99
-99
-99
-99
-99
-99
-99
-99
-99
-99
-99
-99
-99
-99
-99
-99
-99
-99
-99
-99
-99
-99
-99
-99
-99
-99
-99
-99
-99
-99
-99
-99
-99
-99
-99
-99
-99
-99
-99
-99
-99
-99
-99
-99
-99
-99
-99
-99
-99
-99
-99
-99
-99
-99
-99
-99
-99
-99
-99
-99
-99
-99
-99
-99
-99
-99
-99
-99
-99
-99
-99
-99
-99
-99
-99
-99
-99
-99
-99
-99
-99
-99
-99
-99
-99
-99
-99
-99
-99
-99
-99
-99
-99
-99
-99
-99
-99
-99
-99
-99
-99
-99
-99
-99
-99
-99
-99
-99
-99
-99
-99
-99
-99
-99
-99
-99
-99
-99
-99
-99
-99
-99
-99
-99
-99
-99
-99
-99
-99
-99
-99
-99
-99
-99
-99
-99
-99
-99
-99
-99
-99
-99
-99
-99
-99
-99
-99
-99
-99
-99
-99
-99
-99
-99
-99
-99
-99
-99
-99
-99
-99
-99
-99
-99
-99
-99
-99
-99
-99
-99
-99
-99
-99
-99
-99
-99
-99
-99
-99
-99
-99
-99
-99
-99
-99
-99
-99
-99
-99
-99
-99
-99
-99
-99
-99
-99
-99
-99
-99
-99
-99
-99
-99
-99
-99
-99
-99
-99
-99
-99
-99
-99
-99
-99
-99
-99
-99
-99
-99
-99
-99
-99
-99
-99
-99
-99
-99
-99
-99
-99
-99
-99
-99
-99
-99
-99
-99
-99
-99
-99
-99
-99
-99
-99
-99
-99
-99
-99
-99
-99
-99
-99
-99
-99
-99
-99
-99
-99
-99
-99
-99
-99
-99
-99
-99
-99
-99
-99
-99
-99
-99
-99
-99
-99
-99
-99
-99
-99
-99
-99
-99
-99
-99
-99
-99
-99
-99
-99
-99
-99
-99
-99
-99
-99
-99
-99
-99
-99
-99
-99
-99
-99
-99
-99
-99
-99
-99
-99
-99
-99
-99
-99
-99
-99
-99
-99
-99
-99
-99
-99
-99
-99
-99
-99
-99
-99
-99
-99
-99
-99
-99
-99
-99
-99
-99
-99
-99
-99
-99
-99
-99
-99
-99
-99
-99
-99
-99
-99
-99
-99
-99
-99
-99
-99
-99
-99
-99
-99
-99
-99
-99
-99
-99
-99
-99
-99
-99
-99
-99
-99
-99
-99
-99
-99
-99
-99
-99
-99
-99
-99
-99
-99
-99
-99
-99
-99
-99
-99
-99
-99
-99
-99
-99
-99
-99
-99
-99
-99
-99
-99
-99
-99
-99
-99
-99
-99
-99
-99
-99
-99
-99
-99
-99
-99
-99
-99
-99
-99
-99
-99
-99
-99
-99
-99
-99
-99
-99
-99
-99
-99
-99
-99
-99
-99
-99
-99
-99
-99
-99
-99
-99
-99
-99
-99
-99
-99
-99
-99
-99
-99
-99
-99
-99
-99
-99
-99
-99
-99
-99
-99
-99
-99
-99
-99
-99
-99
-99
-99
-99
-99
-99
-99
-99
-99
-99
-99
-99
-99
-99
-99
-99
-99
-99
-99
-99
-99
-99
-99
-99
-99
-99
-99
-99
-99
-99
-99
-99
-99
-99
-99
-99
-99
-99
-99
-99
-99
-99
-99
-99
-99
-99
-99
-99
-99
-99
-99
-99
-99
-99
-99
-99
-99
-99
-99
-99
-99
-99
-99
-99
-99
-99
-99
-99
-99
-99
-99
-99
-99
-99
-99
-99
-99
-99
-99
-99
-99
-99
-99
-99
-99
-99
-99
-99
-99
-99
-99
-99
-99
-99
-99
-99
-99
-99
-99
-99
-99
-99
-99
-99
-99
-99
-99
-99
-99
-99
-99
-99
-99
-99
-99
-99
-99
-99
-99
-99
-99
-99
-99
-99
-99
-99
-99
-99
-99
-99
-99
-99
-99
-99
-99
-99
-99
-99
-99
-99
-99
-99
-99
-99
-99
-99
-99
-99
-99
-99
-99
-99
-99
-99
-99
-99
-99
-99
-99
-99
-99
-99
-99
-99
-99
-99
-99
-99
-99
-99
-99
-99
-99
-99
-99
-99
-99
-99
-99
-99
-99
-99
-99
-99
-99
-99
-99
-99
-99
-99
-99
-99
-99
-99
-99
-99
-99
-99
-99
-99
-99
-99
-99
-99
-99
-99
-99
-99
-99
-99
-99
-99
-99
-99
-99
-99
-99
-99
-99
-99
-99
-99
-99
-99
-99
-99
-99
-99
-99
-99
-99
-99
-99
-99
-99
-99
-99
-99
-99
-99
-99
-99
-99
-99
-99
-99
-99
-99
-99
-99
-99
-99
-99
-99
-99
-99
-99
-99
-99
-99
-99
-99
-99
-99
-99
-99
-99
-99
-99
-99
-99
-99
-99
-99
-99
-99
-99
-99
-99
-99
-99
-99
-99
-99
-99
-99
-99
-99
-99
-99
-99
-99
-99
-99
-99
-99
-99
-99
-99
-99
-99
-99
-99
-99
-99
-99
-99
-99
-99
-99
-99
-99
-99
-99
-99
-99
-99
-99
-99
-99
-99
-99
-99
-99
-99
-99
-99
-99
-99
-99
-99
-99
-99
-99
-99
-99
-99
-99
-99
-99
-99
-99
-99
-99
-99
-99
-99
-99
-99
-99
-99
-99
-99
-99
-99
-99
-99
-99
-99
-99
-99
-99
-99
-99
-99
-99
-99
-99
-99
-99
-99
-99
-99
-99
-99
-99
-99
-99
-99
-99
-99
-99
-99
-99
-99
-99
-99
-99
-99
-99
-99
-99
-99
-99
-99
-99
-99
-99
-99
-99
-99
-99
-99
-99
-99
-99
-99
-99
-99
-99
-99
-99
-99
-99
-99
-99
-99
-99
-99
-99
-99
-99
-99
-99
-99
-99
-99
-99
-99
-99
-99
-99
-99
-99
-99
-99
-99
-99
-99
-99
-99
-99
-99
-99
-99
-99
-99
-99
-99
-99
-99
-99
-99
-99
-99
-99
-99
-99
-99
-99
-99
-99
-99
-99
-99
-99
-99
-99
-99
-99
-99
-99
-99
-99
-99
-99
-99
-99
-99
-99
-99
-99
-99
-99
-99
-99
-99
-99
-99
-99
-99
-99
-99
-99
-99
-99
-99
-99
-99
-99
-99
-99
-99
-99
-99
-99
-99
-99
-99
-99
-99
-99
-99
-99
-99
-99
-99
-99
-99
-99
-99
-99
-99
-99
-99
-99
-99
-99
-99
-99
-99
-99
-99
-99
-99
-99
-99
-99
-99
-99
-99
-99
-99
-99
-99
-99
-99
-99
-99
-99
-99
-99
-99
-99
-99
-99
-99
-99
-99
-99
-99
-99
-99
-99
-99
-99
-99
-99
-99
-99
-99
-99
-99
-99
-99
-99
-99
-99
-99
-99
-99
-99
-99
-99
-99
-99
-99
-99
-99
-99
-99
-99
-99
-99
-99
-99
-99
-99
-99
-99
-99
-99
-99
-99
-99
-99
-99
-99
-99
-99
-99
-99
-99
-99
-99
-99
-99
-99
-99
-99
-99
-99
-99
-99
-99
-99
-99
-99
-99
-99
-99
-99
-99
-99
-99
-99
-99
-99
-99
-99
-99
-99
-99
-99
-99
-99
-99
-99
-99
-99
-99
-99
-99
-99
-99
-99
-99
-99
-99
-99
-99
-99
-99
-99
-99
-99
-99
-99
-99
-99
-99
-99
-99
-99
-99
-99
-99
-99
-99
-99
-99
-99
-99
-99
-99
-99
-99
-99
-99
-99
-99
-99
-99
-99
-99
-99
-99
-99
-99
-99
-99
-99
-99
-99
-99
-99
-99
-99
-99
-99
-99
-99
-99
-99
-99
-99
-99
-99
-99
-99
-99
-99
-99
-99
-99
-99
-99
-99
-99
-99
-99
-99
-99
-99
-99
-99
-99
-99
-99
-99
-99
-99
-99
-99
-99
-99
-99
-99
-99
-99
-99
-99
-99
-99
-99
-99
-99
-99
-99
-99
-99
-99
-99
-99
-99
-99
-99
-99
-99
-99
-99
-99
-99
-99
-99
-99
-99
-99
-99
-99
-99
-99
-99
-99
-99
-99
-99
-99
-99
-99
-99
-99
-99
-99
-99
-99
-99
-99
-99
-99
-99
-99
-99
-99
-99
-99
-99
-99
-99
-99
-99
-99
-99
-99
-99
-99
-99
-99
-99
-99
-99
-99
-99
-99
-99
-99
-99
-99
-99
-99
-99
-99
-99
-99
-99
-99
-99
-99
-99
-99
-99
-99
-99
-99
-99
-99
-99
-99
-99
-99
-99
-99
-99
-99
-99
-99
-99
-99
-99
-99
-99
-99
-99
-99
-99
-99
-99
-99
-99
-99
-99
-99
-99
-99
-99
-99
-99
-99
-99
-99
-99
-99
-99
-99
-99
-99
-99
-99
-99
-99
-99
-99
-99
-99
-99
-99
-99
-99
-99
-99
-99
-99
-99
-99
-99
-99
-99
-99
-99
-99
-99
-99
-99
-99
-99
-99
-99
-99
-99
-99
-99
-99
-99
-99
-99
-99
-99
-99
-99
-99
-99
-99
-99
-99
-99
-99
-99
-99
-99
-99
-99
-99
-99
-99
-99
-99
-99
-99
-99
-99
-99
-99
-99
-99
-99
-99
-99
-99
-99
-99
-99
-99
-99
-99
-99
-99
-99
-99
-99
-99
-99
-99
-99
-99
-99
-99
-99
-99
-99
-99
-99
-99
-99
-99
-99
-99
-99
-99
-99
-99
-99
-99
-99
-99
-99
-99
-99
-99
-99
-99
-99
-99
-99
-99
-99
-99
-99
-99
-99
-99
-99
-99
-99
-99
-99
-99
-99
-99
-99
-99
-99
-99
-99
-99
-99
-99
-99
-99
-99
-99
-99
-99
-99
-99
-99
-99
-99
-99
-99
-99
-99
-99
-99
-99
-99
-99
-99
-99
-99
-99
-99
-99
-99
-99
-99
-99
-99
-99
-99
-99
-99
-99
-99
-99
-99
-99
-99
-99
-99
-99
-99
-99
-99
-99
-99
-99
-99
-99
-99
-99
-99
-99
-99
-99
-99
-99
-99
-99
-99
-99
-99
-99
-99
-99
-99
-99
-99
-99
-99
-99
-99
-99
-99
-99
-99
-99
-99
-99
-99
-99
-99
-99
-99
-99
-99
-99
-99
-99
-99
-99
-99
-99
-99
-99
-99
-99
-99
-99
-99
-99
-99
-99
-99
-99
-99
-99
-99
-99
-99
-99
-99
-99
-99
-99
-99
-99
-99
-99
-99
-99
-99
-99
-99
-99
-99
-99
-99
-99
-99
-99
-99
-99
-99
-99
-99
-99
-99
-99
-99
-99
-99
-99
-99
-99
-99
-99
-99
-99
-99
-99
-99
-99
-99
-99
-99
-99
-99
-99
-99
-99
-99
-99
-99
-99
-99
-99
-99
-99
-99
-99
-99
-99
-99
-99
-99
-99
-99
-99
-99
-99
-99
-99
-99
-99
-99
-99
-99
-99
-99
-99
-99
-99
-99
-99
-99
-99
-99
-99
-99
-99
-99
-99
-99
-99
-99
-99
-99
-99
-99
-99
-99
-99
-99
-99
-99
-99
-99
-99
-99
-99
-99
-99
-99
-99
-99
-99
-99
-99
-99
-99
-99
-99
-99
-99
-99
-99
-99
-99
-99
-99
-99
-99
-99
-99
-99
-99
-99
-99
-99
-99
-99
-99
-99
-99
-99
-99
-99
-99
-99
-99
-99
-99
-99
-99
-99
-99
-99
-99
-99
-99
-99
-99
-99
-99
-99
-99
-99
-99
-99
-99
-99
-99
-99
-99
-99
-99
-99
-99
-99
-99
-99
-99
-99
-99
-99
-99
-99
-99
-99
-99
-99
-99
-99
-99
-99
-99
-99
-99
-99
-99
-99
-99
-99
-99
-99
-99
-99
-99
-99
-99
-99
-99
-99
-99
-99
-99
-99
-99
-99
-99
-99
-99
-99
-99
-99
-99
-99
-99
-99
-99
-99
-99
-99
-99
-99
-99
-99
-99
-99
-99
-99
-99
-99
-99
-99
-99
-99
-99
-99
-99
-99
-99
-99
-99
-99
-99
-99
-99
-99
-99
-99
-99
-99
-99
-99
-99
-99
-99
-99
-99
-99
-99
-99
-99
-99
-99
-99
-99
-99
-99
-99
-99
-99
-99
-99
-99
-99
-99
-99
-99
-99
-99
-99
-99
-99
-99
-99
-99
-99
-99
-99
-99
-99
-99
-99
-99
-99
-99
-99
-99
-99
-99
-99
-99
-99
-99
-99
-99
-99
-99
-99
-99
-99
-99
-99
-99
-99
-99
-99
-99
-99
-99
-99
-99
-99
-99
-99
-99
-99
-99
-99
-99
-99
-99
-99
-99
-99
-99
-99
-99
-99
-99
-99
-99
-99
-99
-99
-99
-99
-99
-99
-99
-99
-99
-99
-99
-99
-99
-99
-99
-99
-99
-99
-99
-99
-99
-99
-99
-99
-99
-99
-99
-99
-99
-99
-99
-99
-99
-99
-99
-99
-99
-99
-99
-99
-99
-99
-99
-99
-99
-99
-99
-99
-99
-99
-99
-99
-99
-99
-99
-99
-99
-99
-99
-99
-99
-99
-99
-99
-99
-99
-99
-99
-99
-99
-99
-99
-99
-99
-99
-99
-99
-99
-99
-99
-99
-99
-99
-99
-99
-99
-99
-99
-99
-99
-99
-99
-99
-99
-99
-99
-99
-99
-99
-99
-99
-99
-99
-99
-99
-99
-99
-99
-99
-99
-99
-99
-99
-99
-99
-99
-99
-99
-99
-99
-99
-99
-99
-99
-99
-99
-99
-99
-99
-99
-99
-99
-99
-99
-99
-99
-99
-99
-99
-99
-99
-99
-99
-99
-99
-99
-99
-99
-99
-99
-99
-99
-99
-99
-99
-99
-99
-99
-99
-99
-99
-99
-99
-99
-99
-99
-99
-99
-99
-99
-99
-99
-99
-99
-99
-99
-99
-99
-99
-99
-99
-99
-99
-99
-99
-99
-99
-99
-99
-99
-99
-99
-99
-99
-99
-99
-99
-99
-99
-99
-99
-99
-99
-99
-99
-99
-99
-99
-99
-99
-99
-99
-99
-99
-99
-99
-99
-99
-99
-99
-99
-99
-99
-99
-99
-99
-99
-99
-99
-99
-99
-99
-99
-99
-99
-99
-99
-99
-99
-99
-99
-99
-99
-99
-99
-99
-99
-99
-99
-99
-99
-99
-99
-99
-99
-99
-99
-99
-99
-99
-99
-99
-99
-99
-99
-99
-99
-99
-99
-99
-99
-99
-99
-99
-99
-99
-99
-99
-99
-99
-99
-99
-99
-99
-99
-99
-99
-99
-99
-99
-99
-99
-99
-99
-99
-99
-99
-99
-99
-99
-99
-99
-99
-99
-99
-99
-99
-99
-99
-99
-99
-99
-99
-99
-99
-99
-99
-99
-99
-99
-99
-99
-99
-99
-99
-99
-99
-99
-99
-99
-99
-99
-99
-99
-99
-99
-99
-99
-99
-99
-99
-99
-99
-99
-99
-99
-99
-99
-99
-99
-99
-99
-99
-99
-99
-99
-99
-99
-99
-99
-99
-99
-99
-99
-99
-99
-99
-99
-99
-99
-99
-99
-99
-99
-99
-99
-99
-99
-99
-99
-99
-99
-99
-99
-99
-99
-99
-99
-99
-99
-99
-99
-99
-99
-99
-99
-99
-99
-99
-99
-99
-99
-99
-99
-99
-99
-99
-99
-99
-99
-99
-99
-99
-99
-99
-99
-99
-99
-99
-99
-99
-99
-99
-99
-99
-99
-99
-99
-99
-99
-99
-99
-99
-99
-99
-99
-99
-99
-99
-99
-99
-99
-99
-99
-99
-99
-99
-99
-99
-99
-99
-99
-99
-99
-99
-99
-99
-99
-99
-99
-99
-99
-99
-99
-99
-99
-99
-99
-99
-99
-99
-99
-99
-99
-99
-99
-99
-99
-99
-99
-99
-99
-99
-99
-99
-99
-99
-99
-99
-99
-99
-99
-99
-99
-99
-99
-99
-99
-99
-99
-99
-99
-99
-99
-99
-99
-99
-99
-99
-99
-99
-99
-99
-99
-99
-99
-99
-99
-99
-99
-99
-99
-99
-99
-99
-99
-99
-99
-99
-99
-99
-99
-99
-99
-99
-99
-99
-99
-99
-99
-99
-99
-99
-99
-99
-99
-99
-99
-99
-99
-99
-99
-99
-99
-99
-99
-99
-99
-99
-99
-99
-99
-99
-99
-99
-99
-99
-99
-99
-99
-99
-99
-99
-99
-99
-99
-99
-99
-99
-99
-99
-99
-99
-99
-99
-99
-99
-99
-99
-99
-99
-99
-99
-99
-99
-99
-99
-99
-99
-99
-99
-99
-99
-99
-99
-99
-99
-99
-99
-99
-99
-99
-99
-99
-99
-99
-99
-99
-99
-99
-99
-99
-99
-99
-99
-99
-99
-99
-99
-99
-99
-99
-99
-99
-99
-99
-99
-99
-99
-99
-99
-99
-99
-99
-99
-99
-99
-99
-99
-99
-99
-99
-99
-99
-99
-99
-99
-99
-99
-99
-99
-99
-99
-99
-99
-99
-99
-99
-99
-99
-99
-99
-99
-99
-99
-99
-99
-99
-99
-99
-99
-99
-99
-99
-99
-99
-99
-99
-99
-99
-99
-99
-99
-99
-99
-99
-99
-99
-99
-99
-99
-99
-99
-99
-99
-99
-99
-99
-99
-99
-99
-99
-99
-99
-99
-99
-99
-99
-99
-99
-99
-99
-99
-99
-99
-99
-99
-99
-99
-99
-99
-99
-99
-99
-99
-99
-99
-99
-99
-99
-99
-99
-99
-99
-99
-99
-99
-99
-99
-99
-99
-99
-99
-99
-99
-99
-99
-99
-99
-99
-99
-99
-99
-99
-99
-99
-99
-99
-99
-99
-99
-99
-99
-99
-99
-99
-99
-99
-99
-99
-99
-99
-99
-99
-99
-99
-99
-99
-99
-99
-99
-99
-99
-99
-99
-99
-99
-99
-99
-99
-99
-99
-99
-99
-99
-99
-99
-99
-99
-99
-99
-99
-99
-99
-99
-99
-99
-99
-99
-99
-99
-99
-99
-99
-99
-99
-99
-99
-99
-99
-99
-99
-99
-99
-99
-99
-99
-99
-99
-99
-99
-99
-99
-99
-99
-99
-99
-99
-99
-99
-99
-99
-99
-99
-99
-99
-99
-99
-99
-99
-99
-99
-99
-99
-99
-99
-99
-99
-99
-99
-99
-99
-99
-99
-99
-99
-99
-99
-99
-99
-99
-99
-99
-99
-99
-99
-99
-99
-99
-99
-99
-99
-99
-99
-99
-99
-99
-99
-99
-99
-99
-99
-99
-99
-99
-99
-99
-99
-99
-99
-99
-99
-99
-99
-99
-99
-99
-99
-99
-99
-99
-99
-99
-99
-99
-99
-99
-99
-99
-99
-99
-99
-99
-99
-99
-99
-99
-99
-99
-99
-99
-99
-99
-99
-99
-99
-99
-99
-99
-99
-99
-99
-99
-99
-99
-99
-99
-99
-99
-99
-99
-99
-99
-99
-99
-99
-99
-99
-99
-99
-99
-99
-99
-99
-99
-99
-99
-99
-99
-99
-99
-99
-99
-99
-99
-99
-99
-99
-99
-99
-99
-99
-99
-99
-99
-99
-99
-99
-99
-99
-99
-99
-99
-99
-99
-99
-99
-99
-99
-99
-99
-99
-99
-99
-99
-99
-99
-99
-99
-99
-99
-99
-99
-99
-99
-99
-99
-99
-99
-99
-99
-99
-99
-99
-99
-99
-99
-99
-99
-99
-99
-99
-99
-99
-99
-99
-99
-99
-99
-99
-99
-99
-99
-99
-99
-99
-99
-99
-99
-99
-99
-99
-99
-99
-99
-99
-99
-99
-99
-99
-99
-99
-99
-99
-99
-99
-99
-99
-99
-99
-99
-99
-99
-99
-99
-99
-99
-99
-99
-99
-99
-99
-99
-99
-99
-99
-99
-99
-99
-99
-99
-99
-99
-99
-99
-99
-99
-99
-99
-99
-99
-99
-99
-99
-99
-99
-99
-99
-99
-99
-99
-99
-99
-99
-99
-99
-99
-99
-99
-99
-99
-99
-99
-99
-99
-99
-99
-99
-99
-99
-99
-99
-99
-99
-99
-99
-99
-99
-99
-99
-99
-99
-99
-99
-99
-99
-99
-99
-99
-99
-99
-99
-99
-99
-99
-99
-99
-99
-99
-99
-99
-99
-99
-99
-99
-99
-99
-99
-99
-99
-99
-99
-99
-99
-99
-99
-99
-99
-99
-99
-99
-99
-99
-99
-99
-99
-99
-99
-99
-99
-99
-99
-99
-99
-99
-99
-99
-99
-99
-99
-99
-99
-99
-99
-99
