20000101
-99
-99
-99
-99
-99
-99
-99
-99
-99
-99
-99
-99
-99
-99
-99
-99
-99
-99
-99
-99
-99
-99
-99
-99
-99
-99
-99
-99
-99
-99
-99
-99
-99
-99
-99
-99
-99
-99
-99
-99
-99
-99
-99
-99
-99
-99
-99
-99
-99
-99
-99
-99
-99
-99
-99
-99
-99
-99
-99
-99
-99
-99
-99
-99
-99
-99
-99
-99
-99
-99
-99
-99
-99
-99
-99
-99
-99
-99
-99
-99
-99
-99
-99
-99
-99
-99
-99
-99
-99
-99
-99
-99
-99
-99
-99
-99
-99
-99
-99
-99
-99
-99
-99
-99
-99
-99
-99
-99
-99
-99
-99
-99
-99
-99
-99
-99
-99
-99
-99
-99
-99
-99
-99
-99
-99
-99
-99
-99
-99
-99
-99
-99
-99
-99
-99
-99
-99
-99
-99
-99
-99
-99
-99
-99
-99
-99
-99
-99
-99
-99
-99
-99
-99
-99
-99
-99
-99
-99
-99
-99
-99
-99
-99
-99
-99
-99
-99
-99
-99
-99
-99
-99
-99
-99
-99
-99
-99
-99
-99
-99
-99
-99
-99
-99
-99
-99
-99
-99
-99
-99
-99
-99
-99
-99
-99
-99
-99
-99
-99
-99
-99
-99
-99
-99
-99
-99
-99
-99
-99
-99
-99
-99
-99
-99
-99
-99
-99
-99
-99
-99
-99
-99
-99
-99
-99
-99
-99
-99
-99
-99
-99
-99
-99
-99
-99
-99
-99
-99
-99
-99
-99
-99
-99
-99
-99
-99
-99
-99
-99
-99
-99
-99
-99
-99
-99
-99
-99
-99
-99
-99
-99
-99
-99
-99
-99
-99
-99
-99
-99
-99
-99
-99
-99
-99
-99
-99
-99
-99
-99
-99
-99
-99
-99
-99
-99
-99
-99
-99
-99
-99
-99
-99
-99
-99
-99
-99
-99
-99
-99
-99
-99
-99
-99
-99
-99
-99
-99
-99
-99
-99
-99
-99
-99
-99
-99
-99
-99
-99
-99
-99
-99
-99
-99
-99
-99
-99
-99
-99
-99
-99
-99
-99
-99
-99
-99
-99
-99
-99
-99
-99
-99
-99
-99
-99
-99
-99
-99
-99
-99
-99
-99
-99
-99
-99
-99
-99
-99
-99
-99
-99
-99
-99
-99
-99
-99
-99
-99
-99
-99
-99
-99
-99
-99
-99
-99
-99
-99
-99
-99
-99
-99
-99
-99
-99
-99
-99
-99
-99
-99
-99
-99
-99
-99
-99
-99
-99
-99
-99
-99
-99
-99
-99
-99
-99
-99
-99
-99
-99
-99
-99
-99
-99
-99
-99
-99
-99
-99
-99
-99
-99
-99
-99
-99
-99
-99
-99
-99
-99
-99
-99
-99
-99
-99
-99
-99
-99
-99
-99
-99
-99
-99
-99
-99
-99
-99
-99
-99
-99
-99
-99
-99
-99
-99
-99
-99
-99
-99
-99
-99
-99
-99
-99
-99
-99
-99
-99
-99
-99
-99
-99
-99
-99
-99
-99
-99
-99
-99
-99
-99
-99
-99
-99
-99
-99
-99
-99
-99
-99
-99
-99
-99
-99
-99
-99
-99
-99
-99
-99
-99
-99
-99
-99
-99
-99
-99
-99
-99
-99
-99
-99
-99
-99
-99
-99
-99
-99
-99
-99
-99
-99
-99
-99
-99
-99
-99
-99
-99
-99
-99
-99
-99
-99
-99
-99
-99
-99
-99
-99
-99
-99
-99
-99
-99
-99
-99
-99
-99
-99
-99
-99
-99
-99
-99
-99
-99
-99
-99
-99
-99
-99
-99
-99
-99
-99
-99
-99
-99
-99
-99
-99
-99
-99
-99
-99
-99
-99
-99
-99
-99
-99
-99
-99
-99
-99
-99
-99
-99
-99
-99
-99
-99
-99
-99
-99
-99
-99
-99
-99
-99
-99
-99
-99
-99
-99
-99
-99
-99
-99
-99
-99
-99
-99
-99
-99
-99
-99
-99
-99
-99
-99
-99
-99
-99
-99
-99
-99
-99
-99
-99
-99
-99
-99
-99
-99
-99
-99
-99
-99
-99
-99
-99
-99
-99
-99
-99
-99
-99
-99
-99
-99
-99
-99
-99
-99
-99
-99
-99
-99
-99
-99
-99
-99
-99
-99
-99
-99
-99
-99
-99
-99
-99
-99
-99
-99
-99
-99
-99
-99
-99
-99
-99
-99
-99
-99
-99
-99
-99
-99
-99
-99
-99
-99
-99
-99
-99
-99
-99
-99
-99
-99
-99
-99
-99
-99
-99
-99
-99
-99
-99
-99
-99
-99
-99
-99
-99
-99
-99
-99
-99
-99
-99
-99
-99
-99
-99
-99
-99
-99
-99
-99
-99
-99
-99
-99
-99
-99
-99
-99
-99
-99
-99
-99
-99
-99
-99
-99
-99
-99
-99
-99
-99
-99
-99
-99
-99
-99
-99
-99
-99
-99
-99
-99
-99
-99
-99
-99
-99
-99
-99
-99
-99
-99
-99
-99
-99
-99
-99
-99
-99
-99
-99
-99
-99
-99
-99
-99
-99
-99
-99
-99
-99
-99
-99
-99
-99
-99
-99
-99
-99
-99
-99
-99
-99
-99
-99
-99
-99
-99
-99
-99
-99
-99
-99
-99
-99
-99
-99
-99
-99
-99
-99
-99
-99
-99
-99
-99
-99
-99
-99
-99
-99
-99
-99
-99
-99
-99
-99
-99
-99
-99
-99
-99
-99
-99
-99
-99
-99
-99
-99
-99
-99
-99
-99
-99
-99
-99
-99
-99
-99
-99
-99
-99
-99
-99
-99
-99
-99
-99
-99
-99
-99
-99
-99
-99
-99
-99
-99
-99
-99
-99
-99
-99
-99
-99
-99
-99
-99
-99
-99
-99
-99
-99
-99
-99
-99
-99
-99
-99
-99
-99
-99
-99
-99
-99
-99
-99
-99
-99
-99
-99
-99
-99
-99
-99
-99
-99
-99
-99
-99
-99
-99
-99
-99
-99
-99
-99
-99
-99
-99
-99
-99
-99
-99
-99
-99
-99
-99
-99
-99
-99
-99
-99
-99
-99
-99
-99
-99
-99
-99
-99
-99
-99
-99
-99
-99
-99
-99
-99
-99
-99
-99
-99
-99
-99
-99
-99
-99
-99
-99
-99
-99
-99
-99
-99
-99
-99
-99
-99
-99
-99
-99
-99
-99
-99
-99
-99
-99
-99
-99
-99
-99
-99
-99
-99
-99
-99
-99
-99
-99
-99
-99
-99
-99
-99
-99
-99
-99
-99
-99
-99
-99
-99
-99
-99
-99
-99
-99
-99
-99
-99
-99
-99
-99
-99
-99
-99
-99
-99
-99
-99
-99
-99
-99
-99
-99
-99
-99
-99
-99
-99
-99
-99
-99
-99
-99
-99
-99
-99
-99
-99
-99
-99
-99
-99
-99
-99
-99
-99
-99
-99
-99
-99
-99
-99
-99
-99
-99
-99
-99
-99
-99
-99
-99
-99
-99
-99
-99
-99
-99
-99
-99
-99
-99
-99
-99
-99
-99
-99
-99
-99
-99
-99
-99
-99
-99
-99
-99
-99
-99
-99
-99
-99
-99
-99
-99
-99
-99
-99
-99
-99
-99
-99
-99
-99
-99
-99
-99
-99
-99
-99
-99
-99
-99
-99
-99
-99
-99
-99
-99
-99
-99
-99
-99
-99
-99
-99
-99
-99
-99
-99
-99
-99
-99
-99
-99
-99
-99
-99
-99
-99
-99
-99
-99
-99
-99
-99
-99
-99
-99
-99
-99
-99
-99
-99
-99
-99
-99
-99
-99
-99
-99
-99
-99
-99
-99
-99
-99
-99
-99
-99
-99
-99
-99
-99
-99
-99
-99
-99
-99
-99
-99
-99
-99
-99
-99
-99
-99
-99
-99
-99
-99
-99
-99
-99
-99
-99
-99
-99
-99
-99
-99
-99
-99
-99
-99
-99
-99
-99
-99
-99
-99
-99
-99
-99
-99
-99
-99
-99
-99
-99
-99
-99
-99
-99
-99
-99
-99
-99
-99
-99
-99
-99
-99
-99
-99
-99
-99
-99
-99
-99
-99
-99
-99
-99
-99
-99
-99
-99
-99
-99
-99
-99
-99
-99
-99
-99
-99
-99
-99
-99
-99
-99
-99
-99
-99
-99
-99
-99
-99
-99
-99
-99
-99
-99
-99
-99
-99
-99
-99
-99
-99
-99
-99
-99
-99
-99
-99
-99
-99
0.01
0
0
0
0
0
0
0
0
0
0
0
0
0
0
0.33
0
0
0
0
0
0
0
0
0.05
0.46
0
0
0
0
0
0.01
0
0
0
0
0
0
0.01
0.79
0.1
1.68
0
1.45
0.32
0.25
1.38
0.07
0
0
0
0
0
0
0
0
0
0
0
0
0
0.8
0
0
0
0
37.6
24.8
4.8
40
77.6
0
0
0
0
0
0
0
0
0
0
0
20.8
0
9.6
14.4
110.4
1.6
84.16
3.84
0
3.2
0
0
0
53.6
-99
-99
-99
-99
-99
0
0
0.2
0.2
0.2
0.2
0.2
2.2
0.6
0
0.2
0
0
0
0.2
21.4
0
0
0.2
0.2
0.8
0
2.6
11
0
1.4
3.8
0
0
0
7.2
0
132
23.06
3.34
0.2
0.2
0.4
0.2
0
0.2
0.2
0.24
0.36
0
0
0.2
1.6
0
0.2
0.2
0
0
0
0
0.2
0.27
0
0
0
0.07
0
0
0
0
0.07
0.13
0
0.13
0.27
0.2
0.2
0.2
0.2
0
0.2
0
0.2
0
0
0
0
0
0
0.2
0
1
0.6
0
0
0
0
0
0.2
0
0.2
0
0.2
0
0.2
0
0.4
0
0
0
0.2
0
3
1.6
0
0.2
1.65
0.55
0.2
0
0
7.66
12.94
0
0
0
0
0
0
0
0
5.6
0.2
0
0
0
0
0
2.6
0
0.2
0
0
0
0
0
0
0.2
0
0
0
0
2.57
7.17
11.4
19.4
2
1
7
0.2
0
0
0
0
15.45
0.55
1.2
0.2
4.6
0
4.8
0.2
8.4
0.2
3.2
0
0
0
18
0
0
0
0
3.8
6.2
4.2
0.2
0.4
3.2
8.8
0.8
1
0
1.8
0.2
0
3.4
4.8
0.4
0
0
0.2
0.2
0
0
13.4
0.2
0
1
0.2
0.4
0
0
1
0
1.8
1
0.2
0
0
0
0
0
0
0
0
0
0
4.2
5.8
0
10.4
0.8
0.2
0
0
7.6
0
0
0
0
0
0
0
0
0
0
0
0
0
0
0
0.2
5.4
6.8
0
0
12.8
3.8
0
0
0
0
0
0
0
0
0
0
0
0
0
0
0
0
0
12
0.2
0
0
0
17.8
21.6
0.2
0
0
0
1
0
0
0
0
0
0
0
0
0
0
0
0
0
5.2
1.4
0
0
0
0
40.2
1.4
0
0.2
0
1
0.2
0
0.69
2.11
0
0
0
1
0.4
0
0
0.6
0
0
0
0
0
0
0
0
0
0
0
0
0
0
0
0.2
0
0
0
0
0
0
0
0
0
0
0
0
0
0
0
0
0.2
0.4
0.4
0.4
0
0.2
0
6.83
1.57
10.83
0.37
2.6
0
0
11.4
0
0.2
0.2
0
0
0
0.2
0
0
0
0
0.2
0
0
0
0
0.2
0
0.2
0
0.2
0
0
0
0.2
0
0.2
2
0.4
10.2
0.2
0.2
9
3.4
0
7.2
8
1.2
0
0.2
0
0.2
0.2
0
0.2
0
0.2
0
0
0.2
0
0.2
0.4
0.6
0
0
0
0
0
0
0
0.2
0
0.2
0.2
0
0
0.2
0.2
0
0
0
0.2
0
0.2
0.2
0
0.6
0
0
0
0
0.2
0
0
0
0
0
0
0
0
0
0
0.2
0
0
0
0.4
0.8
0.8
0.2
0
0
0
0.4
0
0
0
0
0
0
0
0.8
0
0.8
0
0
0
0
0.2
0.4
0.2
0
0
0
0
0
0
0
0
0
0
0
0
0
0
0
0
0
0
0.2
2.2
0
0
0.8
0
0
1.4
0
0
0
1
0
0
0
0
0
0.8
0
0
0
0
0
3.46
2.34
0
0
0
0
0
0
0.2
0
0.8
0.2
0
0
0
0
0
0
0.2
0
0
0.4
0
0
0
2.86
0.94
4.65
3.15
13.03
4.17
0.3
1.3
17.2
0
0
0
0
0
0
0
0
0
0
0
0
0
0
0
0
0
0
0
0
0
0
0
0
0
0
0
0
0
0
0
0
0.27
1.67
7.2
0
6
0
0
0
0.02
1.78
0
0
0
0
0
0
0
0
0
0
2
0
0
0
0
0
0
0
0
0
0
0
0
0
0
0
0
0
0
0
0.6
0
6.6
11.86
0.54
0.2
0
0
0
0
0
2.8
2.2
3
0.2
0
0
0
1.85
0.75
2.2
0.4
1.4
0
0
0
0
0
0
0.4
0.4
0
0
0
0.2
0
0
0
0.45
9.55
5.8
3.8
0
0
0
0
10.2
0.2
0
4.6
4.4
0
0
0.4
0
0
0
3.2
6.6
0.2
0
0
0
0.2
0
0
0
0
0
2.6
0
0.2
0
1.2
1.4
6.4
18.4
8.8
1.8
0.2
0
17
0
0.2
0
0.2
19
0.2
0.2
0
0.2
0
0
0
0
0
1.8
0
0
0
0.2
0.2
0
10.2
1.6
3.6
1.8
5.6
3.6
1
0
0
0.2
0
0.2
0
0.2
0.6
0
0
0
0.2
0
0.2
0
0
12.6
0.2
0.4
0.2
0
0.2
0
0
0
0.2
0.2
0
0
0
0
0
0.2
0.2
0
0
0.2
0
0.2
0
0
0
0
0.2
0
0
0
0
0
0
0
0.2
3.2
3.2
1
0
0
0
0.2
0
0.4
0
0
0.2
0.2
0.2
0.4
0
0
0
0
0
0
0
0.2
6.8
4
0
0.6
0.2
0
0
0
0
0.2
0
0.4
0
0
0.2
0
0.2
0
0
0
1.8
0.2
0
0.6
0
0
0.4
4
0
0
0
0
0
0.6
0.2
0
0
0
0
0
0
0
0
0
0
0
0
1.2
0.2
2.2
0
0.2
0.2
0.2
0
0
0.4
0
0
0
0
0
0
0
0
0
4.6
9.2
0.2
0
0
0
0
0
0
0.8
0.2
3.4
0.2
0
13.8
0
0.2
0
0
0
0
0
0
0
0
0
0
0
0
0.2
0
1.6
0.07
0
0
0
0
11.6
0
0
0
0.2
0.07
0
0
0
0
0
0
0
0
0
0
0
0
0
0
0
0
0
0
0
0
0
0.2
0
0
0
0
0
0
6.2
0
4.2
0
0
0.4
0
0
0
0.4
0
0
0
1.2
0
0
0
0
0
0
3.2
0
0
0
0
4.6
0
0
0.2
47.4
0.2
0.2
0
0
0
0
0
0
0
0.2
0
0.2
0
0
0
0
0
0
1.2
0
0
0
0
0
0
0
0
0
0
0
10.4
0
0
0
0
0
0
0
11.2
0.2
0
0
0
0
0
0
0.4
0
0
0
0
0
0
0
21.6
0
0
0
1.8
19.2
13.2
0.2
0.2
0
0
0
0
0
0.4
16.2
0.2
0.2
0
0
0
0
0.2
0
0
0
4.2
0
0.2
0
0
0
0
13.6
0.07
0
0
0
0
0.6
15.6
1.8
0.2
0.2
0
3.8
0.2
0
0
0
0
0
0.2
0.2
0.2
0
0.4
0
0
0.2
0
0
0.2
0.2
0
0
0.2
0
0.2
6.2
0.67
0.2
0.2
0
0.2
0
0
0
0
0.2
0
0.2
0.6
0
0.2
0
0
0
0.2
4.6
0
10.2
0.2
0
0.2
0
0
0.2
1
0
0.2
0
0.2
0
0
0.4
1
0
0.2
0
0
0
0.2
0
0.2
0
0.2
0.2
0
0.2
0
0
0.2
0
0.6
0.2
0
0.2
0
0.2
0
0
0.2
0
0.2
0.2
11
0
0
0
0
0
0
0
0
0.4
0
0
0.2
0
0
0
0
3.6
3.2
0.2
0.06
0.74
0
0.8
0
0
5
0
0.2
0
0
0
0.2
0
2.8
0.2
0
0
0
0
0
0
0
0
6.4
0
0
0
0
0.2
0
0
0.8
2.8
0.2
0
1.4
0
0
0
0
0
0
0
0
0
0.6
0.22
12.38
5.67
26.4
25.27
11.04
3.76
0.4
0
0
0
0
0
4
3.8
8
0.6
0.6
3.8
3.4
0.07
2.6
4.24
0.16
0
0
0
0
0.2
0.6
0.2
4.31
30.53
0.16
4.4
0.2
0
0
0
0
0
0
0
0
0
2.8
0
0
0
0
3.6
0
0
0
0
0
10
0.6
1.8
0
0
0.4
0.6
0
0
0
13.8
6.8
0.2
0
0
0
0
0
25.2
0.2
0.4
2.6
0
0
2
0
0
0
0
0
0
0
0
0
0
0
0
1.2
0.2
0
0
0
0
0
0
0
0
0
0
0
0
0
0
0
0
0
0
0.8
0
0
0
0
0
0
0
0
0
0
0
0
0.4
0
0
0.6
1.2
0
0
0
0
19.4
0
0
0
0
0
0
0.4
0
8.4
1.6
2
0
5
0
0
0
0.8
0
0
0
0
0
0
0
0
0
0
0
0
0
0
0
0
0
0
4
0.2
0
0
0
6.8
0.2
0
0
0
0
0
5
0.2
0
0
0.8
4.8
0.4
0.2
0
0
0.2
17.4
2.8
0
0
0.2
0
0.2
0.4
1.2
0.2
0
0
0
0
0
0.4
0
0
0
0
0
0
0
0
0
0
0.2
0.2
0.2
0.2
0
0
0.2
0.2
0
0
0
0
0
0
0
12.8
0.6
0
0
0
0
0.2
0.2
0
0.2
0
0.2
0
0
0.2
0.26
0.14
0
0.2
0
0
0
0
0
0
0.4
0
0
0.2
0
0.2
0
0
0
0.2
0.2
0
0
0.2
0
0
0
0.2
4.6
5.6
0.2
0
0
0.2
0.8
0
0.4
4
0
0.2
0.6
0.2
1.6
0
0.2
0.2
0.2
0
0.2
0
0.2
0
0.2
0
0.2
0
0.2
0
0
0
2.4
1.87
0
0.2
0
0.2
0
0
0
0.2
0
0
0
0.2
0
3.2
0.8
0.2
0
0.2
0
0.2
1.6
0.2
0
0
0
0.2
0.2
0
0
0.4
0
0
0
1
0.2
0
0
0
0
0
0
0
0
0
0
0
0.8
0
0
0
0
0
0
0
0.2
0
0
0
0
0
0
0
0.8
5.4
6.6
5.8
2.2
0
1.6
0.2
0.2
0.2
8.4
7.4
0.4
39
0.2
0
8.6
0.2
0
0
0
0.6
0
0
0
0
0
0
0
0
0
0
22
29.46
2.94
13.8
0.2
16
0.2
1.4
16.8
0
10.8
0.6
0
5.6
9.6
9.6
12.4
0.8
6.2
9.4
0.2
0
1.8
0.8
15.2
6.2
0.2
8.8
0.4
0
0
10.8
0.2
2.66
0.14
0
0
0
7.6
1
0
0
0
0
0
0
0
0
7.11
11.69
0
0
22.8
0.2
0
0
0
0
0
0
0
0
0
25.8
8.6
0.2
0
0
0
0
0
0
0
0
0
0
0
0
0
0
0
0
0
0.4
0
0
0
0
0
0
0
0
0
0
0
0
0
6.6
0
0
0.4
0
0
0
0
0
0
0
0
0
0
0.2
0
0
15.4
0
0
0
0
0
4.2
0.2
0.2
0
0
1.6
1
0.2
0
0
0
0
0.2
0.6
0.2
0
0
3.4
7.8
0.2
5.8
4
0
0
0
0
0
0
0
0
0
0
0
0.2
0
0
3.4
0
0.2
0
0.8
0
21.2
0.2
0
0.2
0.4
1.4
0.2
0
0.2
0.2
17.4
9
1.4
22.8
10.8
0.2
0
0
0
0
0
0.2
0
0
0.6
7.4
0
0
0.2
0
0.2
0.2
0
0.2
0.2
0
0
1.8
0.2
0
0
0
1.6
0
0
0
0
0
0
0.2
0
0
10
0
0
0
6.45
4.35
0
0.2
0.2
0.2
0
0
0.2
0.2
0
0.2
0
0.8
0.2
0
5.6
0.4
0
0
0.6
0
0
0
1.8
0.2
0.2
0.6
12.2
0.2
0
0
0
0.2
0.2
0
0
0.6
0
0
1.4
0.4
1.6
0.4
0.2
0.2
0
0
0.2
6
14.2
1.4
0.4
0.2
0.4
2.4
0
0
0
0
0.2
0.2
0
0
0
0
0
0
0.2
0
0
0.2
0
0
0
0
0.2
3.6
2.2
3.2
2.8
5.6
0.2
0
0
0
0
0
0
0
0
0
0
0
0
0
0
0
0
0
0
0
0
0
0
21
3.2
1.2
12.6
0
3
0
0
0
0
31.2
3
0.2
1.2
8.8
0.6
0
0
8.6
0
0.2
0
0
0.2
0
0
0
0
0
17
0
0
0
2.8
0.2
0
0
0
0
0
0
0
1.2
3.6
0
0
2.6
1
0
0
0
0
0
0
0
0
0.2
0
0
0
0
0
0
0
0.4
0.2
0
0
0.2
19.8
0
0
7.2
0.2
0
0
0
0
0
0
1.6
0
0
0
0
0
0
0
0
20.2
0.2
0
0
0
0.2
0.6
0
0
0.8
0
33.2
5.6
0
0
0
0
0
0
0.2
0
0
0
0
0
0
1.6
0
0
0
0
0
0
0
0
0
0
16.2
0.2
0
0
0
0
0
0.4
2.6
0
0
0
0
0.2
12.4
0.2
0
0
0
0
0
0
0
0
0
0
0
0
0
0
0
0
0
0
0
0
0
0
0
0
0
1
7.4
3.4
0
2
0
12.2
0.2
0
0
0.6
0.2
0
0
0
0
0
0
0
0.4
1.6
0.2
0
0
0
0
0
2.6
1.4
0
0
0
0
0
0
0
0
0
0
2.2
17.2
7.8
0
0
0
0
0.2
0.2
0.2
0
0.2
0
2.2
0
0.2
0
0
1
0
0
0
0.2
0
0.2
0
0
0
0
0
0
0
0
0.2
0
0.2
0
0.6
0.2
0
4.4
0
0.2
0.4
0
0.2
0
0
0.2
0
0.2
0.2
0
0.2
0
0
0
0
0
0
0
0
2.6
14.4
13.2
10.8
1
4.6
0
0.2
1
0
2.6
0
0.2
0
1.6
8.8
0
3.2
0
1.2
0
0
4.6
1
9.4
0
0
0
0
0.6
0.2
0.2
0
0.2
0
2.6
1.4
0.2
0
0
0
0.2
0
0
0.2
5.6
1.2
0
0
5.6
3.6
0
0
0
0
0
0.4
2
4.6
0.2
4.6
0
2.2
1.6
0.6
0.6
0.2
0
1.6
0.2
0
3.2
12.2
0.4
0.2
0
1.4
0.4
14.8
0
0
0.4
0
0
0.2
0
0.4
0
0
0.2
5.6
18.8
0.2
0.2
5.6
2.2
0
0
0
2.8
0
0
0
0
3.8
0.2
0
2
0
0
0
0
8.2
0
1.8
1.4
2
0.2
0
2.6
0
0
0.2
0.6
0
0
1.8
0
0
0
0.4
0
1.4
29
0
0.8
0
0
0.6
7.4
0.6
0
2.6
2
3.8
0.2
0
0
0
0
0.4
0
5.6
0.4
0
0
0
1.8
1.8
0
0
0
0
0
0
0
0
5.6
0
0
24.8
11.2
7
1
0
22.6
0.2
0.4
0
7.6
0.6
0
0
0
0
0
0
3.6
2.8
6
19.6
0.2
0
0
0
9
0
0
0
0
0
0
2.6
0
0
0
0
0
0
0
0.8
3.6
0
0
2
0
0
0
0
0
1
0.2
0
0
17.6
0.8
0
0
0
0
0
0
0
0
8.2
0
0
0
0
0
0.4
4
0.2
0
0
0
0
0
0
0
0
0
0
0
0
8
0
0
0
1.2
1.6
0
0
0
0.2
0
0
0
0
17.4
15.6
5.8
0
4
0.8
0
0
0
0
0
0
0
0
0
0
0.2
0.6
0.8
0
0
0
0
4.8
41.8
5.2
1.8
6.8
0
0
0
0.2
0
0
0
0
0.2
0
0
0
0
0
0
0.4
0.8
5.6
0
0
0
0.2
0.2
0
0.2
2
0.6
0
0.2
0
0
0.2
1.2
0.2
0.6
0.2
0
5.6
0.2
0
0.2
0
0.2
0
0.2
0
0
7.2
1.4
0
0.2
0
0.8
0
0.2
2.6
1
0
0.2
0
0.2
0
0
0
0
0.2
0
0.2
12.8
4
8.8
0
0
0
0
0
0
0
0
0
0
0
0.2
0.2
0.2
0
0.2
0.6
0
0.2
0.2
0
0.2
0
0.2
0
0.2
0
0
0
0
0
0
0
0.2
0
5.6
0
0
0.2
0.2
0
0
0.4
0.2
0
0
0.2
0
0
0
0
0.2
3
0
0
2.2
0
1.8
0
0.2
0
0
0
0.2
0
0
0
0
0
0.2
0
0
0
0
0
0
0
0.8
14.8
0.2
1
24.6
0.2
0
0
0
0.2
2.4
0.2
0
0
0
0
0.4
0
3.8
0.4
0.2
0
0
0.2
0
0
0
0
0
0
0
0
0
0
0
0
0
0
0
0
0
0
0
0
0
0
0
0
0
0
0
0
0
0
0
0
0
0
0
0
0
0
0
0
0
0
0
0
0
0
0
0
0
0
0
0
0
0
0
0
0
0
0
0
0
0
0
0
0
0
0
0
0
0
0
0
0
0
0
0
0
0
0
0
0
0
0
0
0
0
0
0
0
0
0
0
0
0
0
0
0
0
0
0
0
0
0
0
0
0
0
0
0
0
0
0
0
0
0
0
0
0
0
0
0
0
0
0
0
0
0
0
0
0
0
0
0
0
0
0
0
0
0
0
0
0
0
0
0
0
0
0
0
7.53
0.07
0.07
0.13
0
0.4
0.07
0
0
0
0
0
0
0
0
0
0
0
0
0
0
0
3
0.07
2.8
0
0.07
0
0
0
0
0
0
0
0
0
0
0
0
0
0
0
0
0
0
0
0
0
0
0
0
0
0
0.13
1.53
0
0.07
2.47
2.07
0.07
0.07
0
0
0.13
3.73
6.47
0
0.07
1
0.07
0
0.07
0.13
0
0
0.2
3.8
2.13
0.13
0.07
0.07
0
1.13
1.2
0.07
0.07
0.07
0.07
0.07
0
0.07
0.07
0
0.07
0
0
0
0.07
0.07
0.07
0.07
0
0.13
0
0.07
0
0.07
0
0
0
0
0.07
0
0.07
0
0.07
0.07
0
0.07
0
0.07
0
0
0
0.07
0.07
0
0.07
0
0
0.07
0.07
0.07
0
0.07
0
0
0.07
0
0
0
0.07
0
0
0.07
0
0.13
0
0.07
0
0.6
0
0
0
0.13
0
0.4
0
0
0
0
0
0
0
0
0
0
0
0
0
0
0
0
0
0
0
0
0
0
0
0
0
0
0
0
0
0
0
0
0
0
0
0
0
0
0
0
0
0
0
0
0
1
4.67
5.6
0.07
0
0
0
0
0
0.13
0
0
0
0
3.13
4.27
1.47
3.53
0.07
0
0
0.53
0
1.8
0
0.27
0
0
0.07
0.2
0.2
0
1.2
0
0
0
0
0
0
4.27
0.07
6.33
0.6
0.07
0
0
0.13
0
0
0.33
0.07
0
0
0
0.53
0
0
1.27
0
0.13
3
3.27
0
0
0
0
0
0
0
2.67
0.13
0
0
0
0
9.33
0
0
0
0
0
0
0
0
0.2
0
0
0
0
0
0
2.4
0.07
0
0
0
0
0
0
0
0
0
0
2.6
0
0
0
4.87
0.07
0
0
0
0
0
0
0
0
0
0
0
0
0
0
0
0
0
0
0
0
0.33
0
0
0
0
0
0
0
0
0.87
0
0
0
0
0
0
0
0
0
0
0
0
0
0
0
0
0
0
0
0
0
0
0
0.67
2
0
0
0
0
0
0
0
0
6.07
0.2
0.07
0
0
0
0
0
0
0
0
0
0.13
0
0
0
0
0
0.33
0
0.33
20.93
0
0
0
0
0
0
0
0
0
0
0.87
1.2
0.33
0
1.2
0
0
0
0
2.4
1
5.2
0
0
0
2.87
0.87
0
0
0
0.53
0.27
0
0
0
0.8
0
0
0
0
3.07
0.2
0
0.07
0
0
0
0
2.2
2.93
0
0
0
0.33
0
0
0.2
1.07
2.67
0
0
0
0
0.07
0
0
0
0.07
0.07
0.07
0
0.07
0
0.07
0
0.47
0.2
0.6
0.07
0.07
0
0
0
0
0
0
0
0
0
0.07
0.07
0
0
0.07
0.07
0
0.07
0
0.07
0
0.07
0
0.07
0.07
0.2
0.33
0
0
0
0
0.47
9.4
0.13
0
0.07
0
0.07
0
0
0.4
0.07
0
0
0
0
0.07
0
0
0
0
0
0
0
0.4
0
0
0
0
0
0
0
0.07
0
0
0
0.67
0.73
0
0
0
0
0
0
0
0
0.67
5.53
1.87
0.73
0.33
0.67
0.07
0.47
2.53
1.6
0
0
0.47
2.4
0.27
0
0.73
0
0
0
7.47
0.93
0
0.33
0.07
1.87
0.13
0
2.67
0.67
0.07
0.13
1.07
0
0
0.13
0
0
0
0
0
0
0
0
0
0
1.07
0
0
0
0
0
2.07
6.4
6.67
3.6
7.47
2.6
0
0
0
0
0.07
0.07
0
0
0.2
0
0
0
0
3.87
12
0.07
2.53
3.2
6.73
1.33
0
0
0
0
0
0
0.47
0.07
0.53
0.07
0
0
0
0
0
0
0
0
3.33
0.87
0.07
0
0
0
0.27
0
0
0.07
0.93
0
0.07
0
0.07
0
0
0
0
0.53
0
0
0
0
0
0
0
0
0
0
0.2
0
5.53
0.07
0
9
3.13
0.07
1.67
1.13
5.13
0
1.2
1.6
0
0
0
0
0
0
0.13
0.07
0
0
0
0
0
0
0
0
0.53
0.6
0
0
0
0
0.4
0.07
0
2.07
0.87
0
0.27
0
0
0
0
0
0
0
0
0
0
0.4
0
0
0
0
0
0
0
2.87
0.13
0
0.47
0.07
0
0
0
0
0
0
0
0
0
0
0
0
0
0
0
0
0
0.13
0
0
0
0.8
5.33
0
0
0
0
0
0
0
0
0
0
0
0
0
0
0
0.13
0
0.47
0
0
0
0
0
0
0
0
0
0
0
0
0
0
0
0
0
0
0
0
0
0
0
0
3.07
11.67
4.47
0
0
0
0
0
0
0
0.07
0.07
0
0.07
0
0
0.07
0
0
0.07
0.13
0.07
0.07
0.07
0
0.07
0
0
0.07
0
0.07
0
0
1.2
0.4
0.07
0
0
0.93
0.6
0
0
0.53
0.07
0
0.07
0.33
0.07
0
3.53
0
0
0
0
0
0
0
0
0.8
0.07
0
0.2
0.07
6.4
0.07
0
0.07
0.13
0
0
0
0
0
0.2
2
0.07
0.07
0.6
0.07
0.13
0.4
2
0
0.6
0.13
2.53
0.93
0.07
0
0
0
0.33
3
0.07
0.2
0
0
0
0
0
0
0.67
0.07
0.07
0
0
0
0.73
0
0
0
0
0
0
0
0
0
0
0
0
0
0
0
0
0
0
1.2
0.2
0
0
0
0
0
0
1.93
0.13
0.07
0
3.93
0.2
0.07
0
0
0
0
0
0.87
0
0
0
0
0
0
0
0.07
0.6
1.07
0.07
0
2.67
0.07
0.33
0
0
0
0
0
0
0
0
0
0
0
0
0
0
0.13
0.33
1.53
0
0
0
0
0.47
0
0
0.07
0
0
0
0.73
4.4
0
3.67
0.93
3.33
0.07
0
0
0
0.07
0.47
0
0
0
0
0
0
0.4
0.67
0
0
0
0.47
3
0.07
0
0
0
3.93
6.93
2.13
1.2
0
0
0
0
0.07
0
0.8
0
0
0
12.13
0
0
0
0
0
0
0
0
0.33
0
0
0.47
0
0
0
0
0
3.07
0.07
0
1.33
0
0
0
0.2
0.6
0
0
2.27
0
0
0
0
0
0
0
0
0
0
0
0
0.27
0.07
9.8
1.47
9.8
0.07
0
0
0
0
0.2
0.07
0.07
0
0
0
0
16.07
0.07
0
0
0.07
0
0
0
0
0
13.87
0.07
0.4
0
2.53
0.2
0
0.07
3
0.6
0.07
0.13
0
0
6.33
0.07
0
0
0
0
0
2.47
0
0
0
2.4
3.6
0.07
2.87
0.07
0
0
0
0
0.07
0
0
0
0
0
0
0
0
0
0
0
0
0
0
0
1.33
5.33
0.07
0
0.07
0
0.07
0
1.6
0
0.07
2.73
0.2
0
0.07
0
0.07
0
0.07
0
0
0.13
0.2
4.4
0.93
3
12.67
5.07
0
0
0.07
0.33
0
0.07
0
0
0
0
0
0.07
0.07
0.2
1.13
0.07
0
0
0.13
0.07
0
0.07
0.07
0
0
0.07
0
0.2
0
0
0
0.07
0
0
0
0.13
0
0
0.07
0
0.07
0.07
0
0
0
0
0.47
0
0.13
3
0.2
0
0
0.07
0
0
0
0
0
0
0.2
0
0.07
0
0.27
1.07
0
0
0
0
0
0.07
0
0
0
0
0
0
0
0
0
0
0.27
0.07
1
0.13
0
0
0
0
0
0
0
0.53
0
0
0
0
0
0
0
0
0
0
0.07
0
0
0
0
0
2.8
4.8
0.4
0.53
0.73
0
0
0
0
0
0.13
0
0
0
0
0
0
0
0
0
0
0
0
0
0
0
7.13
0.07
0.53
2.53
0
0
0
0.07
0
0.13
5.33
1
0.07
0.87
0.07
0
0
0
0
0
0
0
0
0
0
0
0
0
0
0
0
0
0
2.4
0.27
0
0
0
0
0
0
0
0
0
0
1.73
0
0
0
0
0
0
5.27
1.07
0.47
4.47
0.93
0.53
4.93
0.13
4
0.93
0.07
0
0
0
0
0
15.93
0.07
0
0
0
0
0
0
0
0
0
0
0
0
0
0
0
0
0
0
0
0
0
0
0
0
0
0
2.73
0.07
0
0
0
0
0
0
0
0.33
2.93
0.27
0
0
0.33
0
0
0
4.4
0
0
0
0
0
0
0.87
0.07
0.13
8.87
0.07
0
0
7.67
0.07
0
0
0
0
0
0
0
0.73
0.07
2.8
11.33
2.4
0.07
0
0
0
0
2.4
0
0
0
0
0
0.07
0.07
0
0
0
0
0
0
0
0
3
3.27
0.07
0.13
0
3.6
0.33
0
0
0.2
0
0
0
0
0
0
2.93
0.47
0
0
0
0
0.13
0
0
0
0
0
0
0
0
0
0.07
0
0
0
0
34.33
0.07
0.07
0
0
0
0
0
0.07
0.07
0.07
0
0.07
0
0.07
0
0
0
0.07
0
0
0
0
0
0
0
0
0.07
0.07
0.07
0.07
0.07
0
0.07
0
0
0
0
0.07
0.07
0.07
0
0.07
0
0.07
0
0
0
0
0
0.07
0.07
0
0.07
0.07
0
0
0
0
0
0
0.07
0.07
1.07
0
0
0.07
0
0
0
0.07
0
0.07
0
0
0
0
0
0
0
0.07
0.07
0
0
0
0.07
0.07
0
0
0.07
0
0.07
0.07
0.07
0
0
0
2.33
0.07
0
0.47
0.2
1.27
1.8
2.93
0.07
0
0
0
0
0.07
0
0.27
0.07
0
0.07
0
8.4
0
0.07
0
0
0
0.93
0.13
0
0
0.07
0.27
0.07
0
0
0
0.47
0.07
2.13
1.67
0.07
0.73
4.6
1.47
0.07
0
0
0
0
0
0
0
0
0
0.2
0
0
4.4
5.27
0.07
0
0
0
0
0.6
0
0
0
0.27
0
0
0
0
0
8.27
1.4
1.27
0.07
0
0
0.2
3.47
0.07
0.33
0
0
0
0
0
0.13
0
1.47
10.47
1.93
1.47
0.4
3.67
0.07
0
0
0
0.2
0.07
0
0
0
0
0
0
0
0
3.8
0
0
2.93
0
0
0
2.2
0
0
0
0
0
0
2.13
0
0
0
0.2
0.07
0
4.33
0
0
0
0
0
0
0
0
0
0
0
0
0
0
0
0
0
0
1.8
0.33
0
0
0
0
0
0.2
0
0
0
0
0
0.6
0.13
4.2
0.07
0
0
0
0
0
0
0
0
0
0
0
0.07
0.07
0
0
0
0.4
0.07
0
0
0
0
0
4.6
0.07
0
0
0.07
0
0
0
0
0
0
0
0
0
0
1.93
0.07
0
0
0
0
0
0
0
3.93
0.13
0
0
2.53
0.33
0.07
0
0.07
0.07
0
0
0
0
0
0
0.93
0.07
0
0
0
0
0
0
0
0
0.4
2.27
0.07
0
0
0
0
1.07
10.73
0.47
0.07
0
0.13
0
0
0
0.07
0.47
0.07
0.13
0.67
0
0
0
0
0
0
0
0
0
2.47
3.6
0.13
0
0
0
0
0.07
0
0
0
0.07
0
0
0
0.07
0.2
4.2
3.6
12
0.07
0
3.07
0.07
0.07
0
0
0.07
0.07
0.07
0
0
0.07
0
0.07
0.07
0.07
0.07
0
0.07
0.07
0.07
0.27
0
0.07
0
0.47
0
0.07
0
0
0.07
0
0.07
0.07
0
0.07
0.07
0
0.07
0
0
0
0.07
0
0.07
0
0.07
0
0
0.13
0
0
0
0
0
0
0
0
0
0
0
0.13
1.93
2.93
0.8
0
0.07
0
0
1
0.6
0.27
1.67
0
0
0
0
0
0
0
2.93
4.4
0
0
0
0.07
0
0
0
0
0
0
0
0.07
0
0
0
0
1
4.27
0
0
0
0
0
0
0
0.07
0
0
0
0
0
0
0
0
0
0
0.07
14.47
14.13
0
1.93
0.07
0
0
0.33
3.47
0.07
0
0
0
0
0
0
0
0.07
0.07
0
0
0
0
0
0
0
0.73
0
0
0
0
0
2.47
3.2
3.07
0
0
2.6
0.07
0
0.47
0
0
0.67
0
0
0
0.07
3.33
0.27
0
0
0
0
0
1.13
0
0
0
0.33
0
0
0
0
0
0
0
0.67
0.33
0
8.07
0.73
1.47
0.47
0.07
0
0
0.4
0
0
0
0
0.47
0
0
0
0
0
10.93
0
0.53
0
0
1.4
0.8
0
0.47
0
0
0
0
0
0
0
0
0
1.4
0
0
0
0
0
0
0
0
0
0
8.13
0
2.47
0
0
0
0
0
0
0
0
0
0
0.13
0
0
0
0
0
0
0
5.6
0.2
0.07
0
0
0
0.13
0
0
0
0.27
0
0
0
0
0.8
0
0
4.2
0
0
0.53
0
0
0
0
0
0
0
0
0
2.07
0.13
0
0
0
0.87
8
0.07
0
0.33
0.07
0
0
11.6
0.13
0
0
0
0
0
0
1
0.07
0
0
0
0
0
0
0
0
0
0.13
0
0
0
0
0
0
1.2
4.53
0
0.07
0
0
0.13
0
0
0.07
0.13
0
0
0
0.07
0
0.13
0.07
0.13
0
0
0
0
0.07
0
0
0.13
0
0
0
0
0
0
0.07
0.13
0.07
0.33
0
0
0
0.13
0.07
0.2
0.13
0
0
0
0
0
0.07
0.13
0
0.07
0.73
1.27
0
0.13
0
0.4
0
0
0.2
0.07
0
0
0.2
0
0.07
0.13
0
2.4
0.13
0.53
0.07
0.13
0.2
0
0.2
0
0
7.47
4.2
0.13
0
0.07
0.13
0
0.07
1
0
0.13
0
0.07
0.13
0
0
0
0.07
0.13
0
17.2
0
0
0.07
0.13
0.07
0.4
0
0
4.6
11.93
0.47
0
0
0.13
0
0
0.2
0
0.07
0
0.6
0
0.13
0
0
0
0
0
0
0
0.07
4.53
15.27
9.07
1
0.73
0
3.8
1.27
0
0
0.47
4.8
0.6
0.13
0
1.2
4.6
0
0.27
0
2.53
2.67
0
0
0
16.73
6
0.2
0
0
0
0
0.07
0
0
0
0.93
0
0.4
0.2
9.07
1
6.53
18.4
0.2
3
1.6
0.07
2.53
0.07
0
0
0
0
0
0
0
7.33
0
0.4
0.07
7.53
0
0
0.07
0
0
0.13
5.6
1.07
2
0.53
0.07
0
11.2
1.13
0.07
0
0
0.13
10
6.6
5.6
1.2
5.4
0.07
0
0.6
0
0
3.73
4.6
13
0.07
0
0
0.13
0
0
2.67
6.33
0
0
0
0.13
0
0
0
0
0
0
0
0
0
0
0
0
0
0
0
0
12
0.13
0
0
0
0
0
1.2
0
0
0
0.07
0
0
0
0
0
0
2.8
0
0
0
0
0
0.27
0
0
0
0
0
0
0
0
0
0
0
0
0
0
0
0
0.4
0.07
0
0
0.07
0
0
0
0
21.87
0.07
0
0
0
1.13
0.6
0.07
0
0
0
0.53
0.2
0
0
0
0
0.07
0.07
2.93
0.07
0
0
0
5.07
0.07
0
0
0
0
8.93
0.07
0
0
0
0
0
0
0
0
0.33
0
0
0
0
0
0
0
0
0
0.07
0
0.07
2.47
0.67
0
0
0
29.53
6.27
0.07
0.27
0.13
0.07
0.07
0
0
0
0.13
0.07
1.27
6.27
1.67
0
1
7.67
0.53
0
0.07
0
8.53
0
0
1.27
9.53
0.07
0
0
0
0.47
5.87
0.07
1.2
0.13
5.27
2.47
0.07
0
1.53
0
0.07
0.07
0
0.07
0
0.33
0
0.07
0
0
0
0.07
0.13
0
0.07
0
0.07
0
1.13
0
0
1.13
0.07
0.07
0.2
0
0.07
0
0
0.07
0.07
0
0
0
0.07
0
0.07
0.07
0
0
0.07
0
0.07
0
0
0.07
0
0
0
0.07
0
0.07
0
0.13
0.07
0.07
0.8
0
0.07
0.67
0.07
0
0
0
0.2
0.07
0
0
4.2
0.07
0
0
0
0
0
0
0
0
0
0
0.07
0
0
0
0
0
0
0
0.07
0
0
0
0
0
0.47
0
0
0
0
0
0
0.73
0.07
0
0
0
0
0
0
0
0
0
0
0
0
0
0
0
0
0
0
0
0
0
0
0
0
0
0.67
0.47
0
4.67
1.87
0
0
4.2
0.07
0
0
0
0
0.4
0.07
0
0
0
2.67
0.2
0.07
0.27
2.4
1.33
0
0
0
0
0
0
1.87
1.47
0.07
0
0
0
0.07
0.07
0
0
0
0
0
0
0.2
5.93
0
0
0.07
0
0
0
6.13
1.93
0.07
0.2
0
0
0
0
0
0
0
0
0.07
0
0.47
0
0
0
3.93
0.07
0
0.07
0
0
0
0
0
0.6
0.8
0
0
0
0
0
0
0
0
0
0
6.8
0.07
0
0
0
0.07
5.67
8.07
0.33
0
0
0
0.33
0
0
1.27
0
0
0
0
0
0
0
0
0.07
1.4
0
0
0
0
0
0
0
0
0
0
0
0
0
0
0
0
0
0
0
0
0
0
0
6.33
0
0
0
0
0
0
0.13
0
8.8
0.07
1.6
0
0.13
0
0
0
0
0
0
0.8
1.4
0.07
0
0
5.13
1.87
0
0
0
2.47
0.07
0.47
0.07
0
0
0
0
0
0
0
0
0
0
0
0
0
0
0
0
0
0
0
0
0
10.6
0.07
0
0
0
0
3.93
0.2
14.93
4.33
0
0.07
0
0.07
0
0
0.07
0.07
0.4
0.07
1.13
1.87
0.07
0
0.4
0
0.07
0.13
0.07
0
0
1.13
0.07
0
0
0.07
0.07
0
0.07
4.87
0.13
0
0.07
0.13
0.4
0
0
0.13
0.13
0
0
3.33
1.13
0
0
0.07
0.13
0
0.07
0.47
0
0
0.07
0.07
0.4
0.13
1.27
8.87
3.67
0.13
0
0.07
0.07
0
0.07
0
0.07
0
0
0.07
0
0.07
0
0.07
0.07
0
0.07
0.07
1.27
0
0.07
0
0.13
0.07
0
0
0.07
0
0
8.53
11.8
15.07
0
0
0.07
0
0
0.07
0
0
0
0
0.07
0
0
0.07
0.07
0
0
0
0
0
0
0
0
0.07
0.07
0
0
0.07
0.07
0
0
0.07
0.07
0
0
0
0
0
3.6
0.07
0
0.13
0.07
0
0
0
0
0
0
0
0
0.2
6.33
0
0
0
0
0
0
0.2
0
0.07
0.6
0.2
0
0.07
0.27
1.67
1.13
0.53
0
0
0
0
1.47
0.07
0
0
0
0
4
0
0
0
0
0.8
1.27
5.6
9
0.33
0
0
0.4
0.53
1.67
1
0
0.07
0
0
0
0
0
0
0
0
0.07
4.8
0.07
0.13
0.47
3.67
0.07
1.6
0
0.07
0
0
0
0
0
0
0
0
0.27
0.27
2.53
0.07
1.4
8.2
12.67
0.47
1
0.07
1
2.6
3
0.47
0.13
0.13
0
0
0
0.2
2.67
0.13
3.33
0
0
0
0
0
0
0
0
0
0
0
0.27
0.33
9.07
1
0
0
0
0
0
0
0.4
0
0
0.2
0.07
0
0
0
0
0
0
0
0
1
0.73
0
0
0
0
0
0
0
0
0
0.07
0
0
0
0
1.47
0.07
0
0
1.4
0
0
0
0
0
0
0
0
0
0
0
0
0
0
0
3.47
1
0.07
0
0
0
0
0
0
0
0
0
4.2
1.2
0.07
0
0
0
0
0.33
0
4.47
0.4
0
3.13
0.07
0
0
0
0.2
0.07
0
0
0
0
3.8
0
0.07
0
0
0.2
0
0
4.27
0
0
0
0
0.07
0
0
0
0
0
0
3.67
0.07
0
0.27
0.2
0
0
0
0
0.07
0
0.07
2.2
3.93
0.13
0.93
5
0.07
0.07
0
0.07
0
0.07
0
0.07
0
0
0.07
0.07
0
0.07
0
0.07
0
0.07
0.13
3.33
0.53
0.07
0.07
0
0.07
0
0
0.07
0
0.87
0
0
0.07
0.8
0
0
0.07
0
0
0
0
0.2
0.4
0
0.07
0
0
0.07
0
0
0.2
0
0.07
0
0
0
0
0
0
0.07
0
0
4.47
2.47
0.2
0.27
0
0
0.07
0
0.07
0
0.07
0.07
0
2.33
0.87
0.27
0.07
0
0
0.07
0.07
0.87
0.93
0.13
0.07
0
0
0
0
0.47
0.8
1.47
0.07
0.07
0.07
0.07
0.27
0.07
0
0
0
0
0
0
3.47
0.13
0
0
0.07
0
0.13
0.07
0
0
0
0.4
2.8
0.07
1.27
0
0
0
0
0
0
-99
-99
-99
-99
-99
-99
-99
-99
-99
-99
-99
-99
-99
-99
-99
-99
-99
-99
-99
-99
-99
-99
-99
-99
-99
-99
-99
-99
-99
-99
-99
-99
-99
-99
-99
-99
-99
-99
-99
-99
-99
-99
-99
-99
-99
-99
-99
-99
-99
-99
-99
-99
-99
-99
-99
-99
-99
-99
-99
-99
-99
-99
-99
-99
-99
-99
-99
-99
-99
-99
-99
-99
-99
-99
-99
-99
-99
-99
-99
-99
-99
-99
-99
-99
-99
-99
-99
-99
-99
-99
-99
-99
-99
-99
-99
-99
-99
-99
-99
-99
-99
-99
-99
-99
-99
-99
-99
-99
-99
-99
-99
-99
-99
-99
-99
-99
-99
-99
-99
-99
-99
-99
-99
-99
-99
-99
-99
-99
-99
-99
-99
-99
-99
-99
-99
-99
-99
-99
-99
-99
-99
-99
-99
-99
-99
-99
-99
-99
-99
-99
-99
-99
-99
-99
-99
-99
-99
-99
-99
-99
-99
-99
-99
-99
-99
-99
-99
-99
-99
-99
-99
-99
-99
-99
-99
-99
-99
-99
-99
-99
-99
-99
-99
-99
-99
-99
-99
-99
-99
-99
-99
-99
-99
-99
-99
-99
-99
-99
-99
-99
-99
-99
-99
-99
-99
-99
-99
-99
-99
-99
-99
-99
-99
-99
-99
-99
-99
-99
-99
-99
-99
-99
-99
-99
-99
-99
-99
-99
-99
-99
-99
-99
-99
-99
-99
-99
-99
-99
-99
-99
-99
-99
-99
-99
-99
-99
-99
-99
-99
-99
-99
-99
-99
-99
-99
-99
-99
-99
-99
-99
-99
-99
-99
-99
-99
-99
-99
-99
-99
-99
-99
-99
-99
-99
-99
-99
-99
-99
-99
-99
-99
-99
-99
-99
-99
-99
-99
-99
-99
-99
-99
-99
-99
-99
-99
-99
-99
-99
-99
-99
-99
-99
-99
-99
-99
-99
-99
-99
-99
-99
-99
-99
-99
-99
-99
-99
-99
-99
-99
-99
-99
-99
-99
-99
-99
-99
-99
-99
-99
-99
-99
-99
-99
-99
-99
-99
-99
-99
-99
-99
-99
-99
-99
-99
-99
-99
-99
-99
-99
-99
-99
-99
-99
-99
-99
-99
-99
-99
-99
-99
-99
-99
-99
-99
-99
-99
-99
-99
-99
-99
-99
-99
-99
-99
-99
-99
-99
-99
-99
-99
-99
-99
-99
-99
-99
-99
-99
-99
-99
-99
-99
-99
-99
-99
-99
-99
-99
-99
-99
-99
-99
-99
-99
-99
-99
-99
-99
-99
-99
-99
-99
-99
-99
-99
-99
-99
-99
-99
-99
-99
-99
-99
-99
-99
-99
-99
-99
-99
-99
-99
-99
-99
-99
-99
-99
-99
-99
-99
-99
-99
-99
-99
-99
-99
-99
-99
-99
-99
-99
-99
-99
-99
-99
-99
-99
-99
-99
-99
-99
-99
-99
-99
-99
-99
-99
-99
-99
-99
-99
-99
-99
-99
-99
-99
-99
-99
-99
-99
-99
-99
-99
-99
-99
-99
-99
-99
-99
-99
-99
-99
-99
-99
-99
-99
-99
-99
-99
-99
-99
-99
-99
-99
-99
-99
-99
-99
-99
-99
-99
-99
-99
-99
-99
-99
-99
-99
-99
-99
-99
-99
-99
-99
-99
-99
-99
-99
-99
-99
-99
-99
-99
-99
-99
-99
-99
-99
-99
-99
-99
-99
-99
-99
-99
-99
-99
-99
-99
-99
-99
-99
-99
-99
-99
-99
-99
-99
-99
-99
-99
-99
-99
-99
-99
-99
-99
-99
-99
-99
-99
-99
-99
-99
-99
-99
-99
-99
-99
-99
-99
-99
-99
-99
-99
-99
-99
-99
-99
-99
-99
-99
-99
-99
-99
-99
-99
-99
-99
-99
-99
-99
-99
-99
-99
-99
-99
-99
-99
-99
-99
-99
-99
-99
-99
-99
-99
-99
-99
-99
-99
-99
-99
-99
-99
-99
-99
-99
-99
-99
-99
-99
-99
-99
-99
-99
-99
-99
-99
-99
-99
-99
-99
-99
-99
-99
-99
-99
-99
-99
-99
-99
-99
-99
-99
-99
-99
-99
-99
