20000101
0
0
0
0
0
0
0
0
0
0
0
0
0
0
2
23
0
0
0
0
0
0
0
0
0
0
0
0
0
0
0
0
0
0
0
0
0
0
0
0
0
0
0
0
0
0
0
0
0
0
0
0
0
0
0
0
0
0
0
0
0
0
0
0
0
0
0
0
0
0
0
0
0
0
0
0
0
0
0
0
5
0
4
0
0
0
0
0
0
0
42
0
0
17
0
0
0
0
0
0
14
26
3
0
0
0
0
22
0
0
0
0
0
0
0
0
0
0
7
0
0
0
0
0
0
0
0
0
0
0
0
45
0
0
0
0
0
0
0
0
0
0
5
0
0
2
0
1
0
0
0
0
0
0
0
0
0
12
0
0
0
20
3
0
0
1
0
0
0
0
0
0
0
0
0
0
0
0
0
0
0
0
0
0
0
0
0
0
0
0
0
0
0
0
0
0
0
0
0
0
0
0
0
0
0
1
0
0
0
0
0
0
0
0
0
0
0
0
0
0
0
0
0
0
2
1
0
0
0
0
0
0
0
0
0
0
0
0
0
0
0
0
0
6
0
0
0
0
0
0
0
0
0
0
0
0
0
0
0
0
0
7
0
2
0
0
0
0
0
0
0
22
11
0
0
0
0
0
0
0
0
0
0
0
0
0
0
0
0
0
0
0
0
0
0
130
25
4
0
16
0
0
0
3
6
0
0
5
0
0
0
0.8
0
0
0
0
0
0
3
0
0
0
0
0
0
0
0
10
5
0
0
0
0
0
14
0
0
0
0
0
4
4.5
0
0
0
0
0
0
0
0
0
0
0
0
0
0
7
14
16
10
1.5
0
0
1
0
0
0
0
0
1
0
0
0
0
0
0
0
3
0
1
0
13
3.63
3.64
0
0
0
0
0
0
0
0
3
4
0
0
0
0
0
0
0
0
0
0
0
0
0
0
0
0
0
0
0
0
0
0
0
0
0
44
0
0
0
0
0
0
1.5
0
0
1
0
0
13.5
0
0
0
3.93
2
0
0
0
0
0
0
0
0
0
0
0
0
0
0
0
3.88
0
0
0
3.88
0
0
0
0
0
0
0
0
0
0
0
0
0
0
0
1
0
0
0
0
0
0
0
0
0
0
0
0
30
26.5
0
0
0
0
0
0
0
0
18
0
0
0
0
0
0
3
0
0
0
0
2
0
0
0
0
0
0
0
0
0
0
0
0
0
0
0
0
0
0
0
0
0
0
0
0
0
0
0
0
0
0
0
0
0
0
0
0
0
0
0
0
0
0
0
0
14
0
0
17
0
0
0
0
0
0
34
0
14.5
1.5
0
0
0
0
0
0
0
0
0
0
0
0
0
0
0
0
0
0
0
0
0
0
0
0
0
0
0
0
0
0
0
0
0
0
0
0
0
0
0
0
0
0
0
0
0
8.5
0
0
0
0
0
0
0
0
0
0
0
0
0
0
0
0.5
0
17
59
7
0
0
0
4
0
0
0
0
0
0
0
0
0
0
0
7.5
1.5
0
0
0
0
0
0
45
0
20
0
0
0
0
0
0
0
0
0
0
0
0
0
0
0
0
0
0
0
0
0
0
1
0
2.5
0
30
43
9
0
0
0
0
0
0
0
0
0
0
0
0
0
0
0
0
0
0
0
0
0
0
0
0
0
0
0
0
0
1.56
0
0
0
0
0
0
0
0
0
0
0
0
0
2
0
6.5
14.5
0
0
0
0
0
0
0
0
0
0
0
0
0
0
0
0
0
1.5
0
1.5
0
0
0
0
0
0
0
0
0
0
0
0
6
0
0
0
0
0
0
0
0
0
0
0
0
0
0
0
0
0
0
0
1.91
0
0
0
0
0
0
24
16
0
0
0
0
0
0
0
15
0
0
0
14
0
0
0
0
0
0
0
0
0
0
4
3.5
0
0
0
15
8.5
0
0
5
1
1
0
30
0
14.5
0
0
0
0
0
0
0
0
0
0
0
0
0
0
0
0
0
0
0
0
0
0
0
16
22
35
0
0
0
0
0
0
0
0
0
0
0
0
0
1
0
0
0
1.5
0
0
0
0
0
0
0
0
21
1.5
0
3
1
0
0
0
0
0
0
0
0
0
0
0
0
0
0
0
0
0
0
0
0
0
0
0
0
0
0
0
0
0
0
0
0
0
0
0
0
0
0
0
0
0
0
0
0
0
0
0
0
0
0
0
0
0
0
0
0
0
0
0
0
7
0.5
0
0
0
0
0
0
0
0
0
0
0
0
13.5
0
3
0
0
0
0
0
0
0
0
0
0
11
0
0
4
0
0
0
0
0
0
0
0
26
0
0
0
10
5
0
0
0
0
0
0
0
0
0
5.5
5
0
0
0
0
0
42
20
0
1.5
0
0
0
0
0
0
0
0
0
0
0
0
0
0
0
0
0
0
0
0
0
0
0
0
0
0
0
0
0
0
0
0
1.5
0.5
0.5
3
0
0
3.5
10
0
27
9
0
0
0
0
0
0
0
0
0
0
0
0
0
0
0
7
1
0
0
5
0
5
0
0
1
4
0
0
0
0
0
0.02
0
0.5
0
0
0
0
0
0
0
5.5
4
0
0
0
0
0
0
0
0
0
0
0
0
0
0
4
0
0
0
0
0
0
0
0
0
0
0
0
0
0
0
0
0
0
0
0
0
0
0
0
5
0
0
0
1
45
32
3
15
0
0.5
20
25
0
0
0
0
0
0
2.5
0
0
0
0
0
0
0
0
0
0
0
0
0
0
0
0
0
0
0
0
0
20
20
56
4
4
0
0
0
0
0
0
0
0
5
0
0
0
0
8.5
0
0
0
0
7
0
0
0
0
0
0
0
0
0
0
0
0
0
0
0
15
49
20
0
0
0
0
0
0
0
1
7.5
0
0
7
0
0
0
0
7
0
0
0
0
0
0
0
0
0
0
0
0
0
5
0
0
0
0
0
0
0
0
0
0
0
0
0
0
0
0
0
0
0
3
0
0
0
0
0
0
10
3
0
0
0
0
0
0
0
0
0
0
0
0
0
0
0
0
0
2
0
0
0
0
0
0
0
0
0
0
0
0
0
0
0
0
0
0
0
0
0
0
0
27
13
0
0
0
0
0
0
0
0
0
0
0
0
0
0
4
10
0
16
0
4
3.5
5
0
0
0
0
0
0
0
0
0
0
0
0
0
0
0
0
0
0
2
0
2
50
0
0
0
0
0.2
0
0
0
0
0
1
2.5
8.5
0
0.5
4
38.5
0
23
0
0
4
0
8
0
0
6
2
0
0
0
0
0
0
0
0
0
0
3.5
3
49
0
0
12
0
0
0
1.5
0
0
0
7
3
0
0
0
3
0
0
3
0
0
0
0
33
2
2.5
0
0
0
0
0
0
0
0
0
0
0
3.5
0
0
0
0
0
0
0
0
0
0
0
0
0
0
0
0
0
0
0
0
0
0
0
0
0
0
0
0
0
0
0
0
0
0
0
2
0
0
0
0
0
0
0
0
0
0
0
0
0
0
0
0
0
0
0
0
0
0
0
0
0
0
9
9
17
0
0
16
23
2
0
0
0
0
0
0
0
0
0
0
0
0
0
0
0
0
0
0
0
0
0
0
0
0
0
0
0
14.5
14
20
0
52
0
0
2.15
0
0
0
0
0
4
18
0
0
1.5
0
0
1
9
25
0
0
0
0
0
22.5
0
0
0
0
0
0
0
4.5
6
0
33.5
0
0
0
0
0
0
10
12
9
0
0
0
0
0
0
0
0
0
0
0
0
0
0
0
0
0
1
0
0
0
0
0
0
0
0
0
0
0
0
0
0
0
6
0
0
0
0
0
0
0
0
0
0
0
0
0
0
0
0
0
0
0
6
3
0
0
0
5
0
0
0
0
0
0
0
0
0
0
0
0
0
0
0
0
0
0
0
0
0
0
0
0
0
0
0
0
0
0
0
0
0
0
0
0
0
0
0
0
0
0
0
0
0
0
0
0
1
3.5
0
0
8
9
0
0
0
34
0
0
0
4.5
15
4.5
0
0
0
0
0
0
0
0
0
0
0
0
0
0
0
0
0
0
0
0
0
0
0
0
0
0
0
0
0
0
0
0
0
0
0
1
0
0
2.5
0
0
0
6
0
10
0
0
0
0
0
0
0
0
0
0
0
0
0
0
0
0
0
0
0
0
0
0
0
0
0
0
0
0
0
0
0
0
0
0
0
0
8
16
2
0
4.5
9
4
0
0
0
0
0
0
0
0
0
0
0
0
0
0
0
0
0
0
0
0
0
0
0
0
0
0
0
0
0
0
0
0
0
0
0
0
0
0
0
0
0
0
0
0
0
0
0
0
0
0
0
0
0
0
0
0
0
4
5
0
16.5
0
0
0
0
0
0
0
0
0
0
0
0
0
1.5
0
0
0
0
0
0
2
0
0
0
0
0
0
0
0
0
0
0
0
0
0
0
0
0
0
0
3.5
0.5
0
0
0
0
0
0
0
0
0
10
0
0
0
0
0
0
0
0
0
0
0
0
0
0
0
0
0
0
0
0
0
0
0
0
0
0
0
0
0
0
6
0
0
0
0
0
0
0
0
0
0
10
4
36.5
0
0
0
0
0
0
0
0
0
0
0
0
0
0
0
0
0
0
0
0
0
0
0
0
0
0
0
0
4.5
0
0
0
0
0
0
0
2
0
0
0
0
0
0
0
0
0
0
0
0
0
0
0
0
0
0
0
0
0
0
0
0
0
0
0
0
0
0
0
0
0
0
0
0
0
0
0
0
19
0
0
0
0
0
0
0
0
4
13
0
0
0
0
0
0
0
0
0
0
0
0
0
0
0
0
0
0
0
0
0
0
0
0
0.5
0
66.5
0
0
0
0
0
1.5
0
0
0
0
0
0
0
0
0
0
0
16
0
0
0
0
0
0
0
0
0
2
11
0
0
0
0
56
14
12
33
18
0
0
0
0
0
0
9
0
0
0
0
0
0
0
0
0
0
0
0
0
0
0
0
0
0
10
0
7
36.5
52
0
0
0
0
0
0
0
0
0
0
0
0
0
0
0
0
0
8
1.5
0
1
0
0
0
0
0
0
0
0
0
0
0
0
0
0
0
0
0
0
0
0
0
0
0
0
0
0
0
0
0
0
0
0
0
10
0
2.5
0
0
0
0
0
1
0
0
0
0
0
0
0
0
0
0
5
0
0
12.5
2.5
0
0
0
0
0
0
0
0
0
0
0
0
0
0
0
0
0
0.5
0
0
0
3
0
0
25.5
0
0
0
0
0
0
0
0
0
0
0
0
0
0
0
0
0
0
0
4
1
0
1.5
0
0
0
0
0
0
0
0
0
0
0
0
0
0
0
0
0
0
0
0
0
0
0
0
0
0
6
0
0
0
0
0
0
0
0
0
0
0
0
0
0
0
0
0
0
0
0
1
0
0
0
2
0
0
0
0
0
0
0
0
0
0
0
0
0
0
0
0
0
0
0
0
0
0
0
0
0
0
0
0
0
0
0
0
0
0
0
0
0
0
0
0
0
0
0
0
0
0
0
0
0
0
0
0
0
0
0
0
0
0
0
0
0
0
0
0
0
0
0
0
0
0
0
0
0
0
0
0
0
0
0
0
0
0
0
0
0
0
0
0
0
0
0
0
0
0
0
0
0
0
0
0
0
0
0
0
0
0
0
0
0
0
0
0
0
0
0
0
0
0
0
0
0
0
0
82
30
8.5
0
0
0
0
0
0
0
42
11
0
0
0
0
0
0
0
0
0
0
0
0
0
0
0
0
10
0
0
0
0
0
0
4
50
0
0
0
0
0
0
0
0
0
0
0
0
0
0
0
0
0
0
0
2.5
0
0
0
0
0
0
0
0
1.5
0
0
0
0
0
0
0
0
0
0
0
0
0
0
0
0
0
0
0
0
10
0
5
0
0
0
0
0
0
0
0
0
0
0
0
0
0
0
0
0
0
0
0
0
0
0
0
0
0
0
0
0
0
0
0
0
0
0
0
0
0
0
0
0
0
0
0
0
0
0
0
0
0
0
0
0
0
0
0
0
0
0
0
0
0
0
0
0
0
0
0
4
3
0
0
0
0
0
0
0
0
0
0
0
0
0
0
0
0
0
0
0
0
0
0
0
0
0
0
0
0
0
9
0
0
0
0
0
0
2
0
4
0
0
0
0
0
0
8.5
0
0
0
1
0
0
22
0
21
7.5
2
0
0
0
0
0
0
0
0
0
0
0
0
0
0
2.5
0
0
0
0
0
0
0
0
0
0
0
0
0
0
0
0
0
0
0
0
0
0
0
0
0
0
0
0
0
0
0
0
0
0
0
0
5
0
0
0
0
0
0
0
0
0
0
0
0
0
0
0
0
0
0
0
0
0
0
0
0
3
0
0
0
0
0
0
0
0
0
0
0
0
0
0
0
0
0
0
4
0
0
0
0
0
0
0
0
0
0
0
0
0
0
0.5
0
0
9.5
0
0
0
0
0
0
0
0
0
0
0
0
0
0
0
0
0
0
0
0
0
0
0
0
0
0
0
0
0
0
0
0
0
0
0
0
0
0
0
0
0
0
0
0
18.5
0
0
0
0
0
0
0
0
0
0
0
4
30
0
0
0
0
0
3
1
0
0
0
0
0
0
0
0
0
0
0
0
0
0
0
0
0
0
0
0
0
0
0
0
0
0
0
0
0
0
0
0
0
0
0
0
0
0
0
6
0
0
0
0
0
0
0
0
0
0
0
0
0
0
0
0
0
0
0
0
0
0
0
0
0
0
16.5
0
0
16
4
3
2
0
0
0
0
0
0
0
0
0
0
0
0
0
0
0
0
0
0
3
0
0
1.5
2
0
0
0
0
0
0
0
0
0
0
0
0
0
0
0
0
0
0
0
0
0
0
0
0
0
0
0
0
0
0
0
0
0
2
4
0
0
0
0
9
4.5
0
0
0
0
0
0
0
0
0
0
0
0
3
0
0
0
0
0
0
0
0
0
0
0
0
0
0
0
0
2.5
0
0
0
4.5
0
0
0
0
0
0
0
0
4
0
2
8
0
0
0
0
2
8
2
4
17
0
0
0
0
0
0
0
1
0
0
0
0
0
0
0
0
0
4
38
70
0
9
0
5
0
3.5
7
0
9
0
0
0
0
20
20
3
4.5
0
0
0
10
0
0
5
0
0
0
0
0
0
6
9
0
0
0
0
2
0
0
0
0
0
0
0
0
0
0
0
0
0
1.5
0
0
0
0
0.5
6
0
0
0
0
19
39.5
0
0
0
0
0
0
0
0
0
0
0
0
0
0
0
0
0
0
0
0
0
0
0
0
0
0
0
0
0
0
0
0
0
0
0
0
0
0
0
0
4.5
0
0
0
0
0
0
0
0
0
0
0
0
0
0
0
0
0
0
0
0.4
0
0
0
0
0
0
0
0
0
0
41.5
7.5
0
0
0.3
0
0
0
0
0
0
0
0
0
0
0
0
2
0
1.5
0
0
0
0
6
48
0
0
0
15
4
20
0
0
0
0
43
6
5
14
25
5.5
0
0
0
0
2.5
0
0
0
0
0
0
0
0
0
0
0
0
0
0
0
0
0
0
0
0
0
0
0
0
0
0
0
0
0
0
3
5
0
0
0
7
0
0
0
0
0
0
0
0
0
0
0
0
19
21
7
1
0
0
6.5
0
0
0
0
0
0
0
1
30
3
0
0
0
0
0
0
0
0
0
0
0
0
0
0.5
0
0
0
0
1
2
10
1
0
0
1
0
0
0
0
0
0
0
0
0
0
0
0
0
0
0
0
0
0
0
0
0
0
0
1.5
0
0
4
0
0
0
0
0
0
0
0
0
0
0
0
0
0
0
0
0
0
0
0
0
0
1
12
0
9.5
0
0
5.5
0
0
0
0
48.5
1
0
56
3.5
0
0
2
3
1
0
0
0
0
0
0
0
0
6
0
0
0
0
2.5
0
0
0
0
0
0
0
0
0
0
0
0
0
0
0
0
0
0
0
0
0
0
0
0
0
0
0
0
0
0
0
0
0
0
0
0
0
0
0
0
0
0
0
0
0
0
0
0
0
0
0
0
0
0
0
0
0
0
0
0
0
0
0
0
0
0
0
0
1
0
0
0
0
0
0
0
0
0
0
0
0
1
0
0
0
0
0
0
0
0
0
0
0
0
0
0
0
0
0
0
0
0
0
0
0
0
0
0
0
0
0
0
0
0
0
1.5
0
0
0
0
0
0
0
0
0
0
0
0
0
0
0
0
0
0
0
48
0
6
0
20
4
0
0
0
0
0
0
0
0
0
0
10
0
0
0
0
0
0
0
0
0
0
0
0
0
0
0
0
0
0
0
0
21
0
14
0
0
0
0
0
0
0
0
0
0
0
0
0
0
0
0
0
0
0
0
0
0
0
0
0
0
0
0
0
0
0
0
0
0
0
0
0
0
0
0
0
0
0
0
0
0
0
0
0
0
4
3.5
24
0
0
0
0
0
0
6.5
7.5
2.5
5
8
5
0
0
4
0
0
0
0
0
14
0
0
49
49
0
0
0
13
6
0
0
0
0
11.5
0
0
0
0
0
0
2.5
0
0
0
0
0.5
0
0
0
0
2.95
0
0
0
5.5
0
0
0
0
0
0
4.5
1
1
14.5
0
0
0
0
0
0
0
0
4
0
0
1
3
0
0
0
20
0.5
0
0
0
0
0
0
0
0
0
0
0
0
7.5
0
0
0
0
0
0
0
4
0
0
0
0
0
0
0
0
5
0
0
0
0
22
0
0
0
0
3
0
0
0
0
0
0
0
0
0
0
0
0
0
6
16
42
0
0
0
0
0.5
0
0
0
0
7
0
0
0
0
0
0
0
0
0
0
0
0
0
0
0
0
0
0
0
0
0
0
6.5
1
0
27
22
0
0
0
0
13
0
16
0
0
0
0
0
0
0
0
0
0
0
0
0
0
0
0
0
0
0
0
0
0
0
0
0
0
0
0
0
0
0
0
0
0
0
0
0
0
0
0
0
0
0
0
0.5
5
5
0
0
0
0
0
0
0
0
0
0
7
0
0
0
0
0
17
0
0
0
0
0
0
0
0
0
0
0
0
0
0
0
0
0
5.5
2
0
0
0
0
0
0
0
0
0
110
0
0
23
0
0
0
0
0
0
0
0
0
0
0
0
0
0
0
0
0
0
32
0
25
15
0
0
0
0
0
0
0
0
0
0
0
0
0
0
0
0
0
0.5
0
0
0
0
0
0
0
0
2
0
0
0
0
0
1
0
0
0
0
0
1.5
0
0
0
0
0
0
0
0
3
3
0
0
0
0.7
0.1
1.4
1.7
0.8
0
0
0
0.3
3.2
0
0
0
0
0.6
0
8.8
1
1.7
0
0
0
0
0
0
0
0.1
0.1
0
0
0
0.2
0
0
0
0
0
0
0
0
0
0
0
0
0
0
0
0
0
0
0
0
0
3.7
0
0
0.1
0
0
0.1
0
0
0
0
0
0
0
0
0
0
0
0.4
1
0.1
1.5
0
0.1
0
0.2
0
0
0
0
0
0
3.8
0
0
7.2
22.8
0
0
0
0
0
0
5.3
106.6
0
4.2
19.2
1.7
0
0
0
0
0
1.2
0
0
0
0
0.1
0
0
0.2
0
0
0
0
0
0
0
0
0
0
0
0.6
0
0
0
0.3
0.3
0
0
0
0
4.7
8.8
2.8
15.2
1.5
3
0
0
0
0
0
0
1.8
0
0
0
21.8
2
0
0
0
0
0
6.5
0
0
0
0
0
0
0
0
0
0
0
0
1.5
0.7
0.8
0
0
0
1.7
5.5
5.6
0
0
0.2
0
0
12.6
0
0
0
0
0
0
0
0
0
0
0
0
0
0
0
0
0
0
0
0
0
0
0.1
0.6
0
0
0
0.2
0
0
0
1.2
0
0
0
0
0
0
0
0
1.7
1.6
0
0
0
0
0.2
0
1.3
0.2
0
0
0
0
0
0.2
0
0
0.1
0
0
0
0
0.3
0
0
0
0
0
0
0
0
0
0
0
0
0
0
0
0
0
0
0
0
0
0
0
0
0
0
0
0
0
0
0
0
0
0
0
0
0
0
0
0
0
8.3
0
0
0
0
0
0
0
0
0
0
0
0
0
0
0
0
0
0
0
0.7
0
0
0
0
0
0
0
0
60.6
8.9
0
0
14.9
1.8
0.6
0.5
0.4
0.4
0.3
0.3
0.3
1
29.6
18.1
1.6
0
0
0
0
0
0
6.9
4
3.9
2.5
0.9
0.4
0.3
0.2
0.1
0.2
0.2
0.1
0.1
0.2
0.1
0.1
0.1
0.1
0.1
0.1
0.1
0.1
0
0.1
0
0.1
0
0
0.1
0
0
0
0
0
0
0
0
0
0
0
0
0
0
0
0
0
0
0
0
0
0
0
0
0
0
0
0
0
0
0
0
0
0
0.2
0
0
0
0
0
0
0
0
0
1.1
0
0
0
0
0
0
0
0
0.2
0.4
0
0
0
0
0
0
0
0
0
0
0
0
0
0
0
0
0
0
0
0
0
0
0
0
0
0
0
0
0
0
0
0
0
0
0
0
0
0
0
0
0
0.7
0.4
0.3
0.4
0.2
0.1
0.1
0.1
0.1
0.1
0.1
0
0.1
0
0.1
0.1
0
0.1
0.1
0.1
0
0.1
0.1
0
0.1
0
0
0.1
0
0
0
0
0
0
0
0
0
0
0
0
0
0
0
0
0
0
0
0
0
0
0
0
0
0
0
0
0
0
0
2.7
0
0.2
2
0.1
0
0
0
0
0
0
0
0
0
0
0
0
1.5
0
0
0
0
0
0
0
0
0
0
0
0
0
0
1.1
0.7
0
0
0
0
0
0
0
0
0
0
0
0.3
0.1
0
0.1
0
0
0
0
0
0.1
0
0.1
0
0
0
0
0
0
0
0
0
0
0
0
0
0
0
0.3
0
0.4
0
0
0
0
0
0.1
0
0
0
0
0
0
0
0
0
0
0
0
0
0
0
0
0
0
0
0
0
0.5
0
0
3.5
0.3
0
0
0
0
0
0
0
0
0
0
0
0
0
0
0
0
0
0
0
0
0
0
0
0
0
0
0
0.5
2.7
1.6
0.9
0.6
0.2
0.1
0.1
0.1
0
0
0
0
0.1
0
0
0
0
0
0
0
0
0
0.1
0
0
0.1
0
4.3
3.9
0.7
0.8
1
1.3
1.6
0.8
0.6
0.4
1.2
1.5
1
0.7
1
0.7
0.4
0.4
0.3
0.2
0.1
0.2
0.1
0.2
0.2
0.1
0.1
0
0.1
0.1
0.1
0.1
0
0.1
0
0.1
0
0
0.1
0
0
0.1
0
0
0
0
0.1
0
0.1
0
0.1
0
0
0
0
0.1
0
0
0
0.1
0
0
0
0
0
0
0
0
0
0
0
0
0
0
0
0
0
0
0
1.2
0.2
0
0
0
0.4
1.1
0.9
0.3
0.1
0
0.1
0
0
0.1
0.1
0
0
0
0
0.3
0
0
0.2
0.1
0
0
0
0.8
0
0
0
0
0
0
0
1.3
0
0
0
1.4
6.1
1.5
0.4
0.2
0
0.5
1
0.4
0.2
0.3
0.5
0.8
102.6
0.1
0
0
0.1
0
0.3
0
0
0.2
2.5
0
0.4
1.3
0
0
0
0
0.1
5.1
0.5
0.1
1.3
0
0
1.1
0
0.2
0.7
0
0.3
0
0
0
0
0
0
0
0
0
0
0
0
0
0
0
0
0
0
5.8
14.1
7.2
14.6
46.6
4.3
6.5
0
0
0
0.9
0
0
0
1.2
0
0
0
0
10.4
17.6
0
2.2
4.9
1.4
0.5
0
0
0
0
0
0.1
0.1
0
0
0
0
0
0
0
0
0
0.1
0
19.5
2.1
0
0
0
0.4
0.1
0
0
0.3
7.1
0
0
0
0
0
0
0
0
0
0
0
0
1.2
0
0
0
0
0
0
0
0
0
0
0
0.2
0
0
0
0
0
0.1
0
0
0
0
0
0
0
0
0
0.1
0
0
0
0
0
0.1
0
0
0
0.1
0
0
0
0
0
0
0.1
0
0
0
0.1
0
0
0
0
0
0
0
0.1
0
0
0
0.1
0
0
0
0
0
0
0
0
0.1
0
0
0
0
0
0
0
0
0
0
0
0
0
0
0
0
0
0
0
0
0
0
0
0
0
0
0.1
0
0
0
0
0
0
0
0
0
0
0
0
0
-99
-99
-99
-99
-99
-99
-99
-99
-99
-99
-99
-99
-99
-99
-99
-99
-99
-99
-99
-99
-99
-99
-99
-99
-99
-99
-99
-99
-99
-99
-99
-99
-99
-99
-99
-99
-99
-99
-99
-99
-99
-99
-99
-99
0
0
0
0
0
0
0
0
0
0
0
0
0
0
0
0
14.8
1.9
0
0
0
0
3.2
0
0
0
0
0
0
0.7
0
0
1.8
0
0
0
0
0.1
0
3
0.1
0.6
0
0.2
2.9
0
29.4
0
0
0
1.3
0
0
0
0
0.3
2.1
0.2
0
0
0.1
0
0
2.2
0.3
0
0
0
16
0.2
0.1
0
0
0
0
5.1
0.1
0
0
0
0
0
0
0
1.3
0
0
0.8
0
0.1
3.2
0
0
0
0
0
0
0
0
0
0
0
0
0
0
0
0
0
0.1
2.2
0
0.1
4.7
0
0
0
0
15.1
0
0
0.2
50.6
0
0
0
0
0
0
0
1.1
0
0
0
0
0
0
0
1.4
4.3
38.8
0
0
5.4
0
0.4
0
0
0
0
0
0
0
0
0
0
0
0
0.1
0
0.2
1.5
6.3
0
0
0
0
0
0
0
2.6
0.5
2.8
0.3
0
6.5
0
5.1
0
4.2
1.7
0
0
0
0
0
0
0
0
0
0
0
0
0
0
0
0
8
0
0
0
0
0
0
9.6
3.6
0
0
0
0
0
1
0.6
6.6
8.3
0
0
0.1
0
0
0
0
0
0
0
0
0
0
0.2
0
0
0
0
0
0
2.9
0
0
0.3
0
0
0
0
0.4
0
0
0
0
0
0
0
0
0
1
0.1
0
0
0
0
0
0
6.2
4.1
4.5
0.1
0
0
0
0
0
0.5
0
0
0
0
0
0
12.5
0
0
0.5
5.4
0
0
0
0
7.6
0
1.6
9.1
0
0.7
0
1.1
7.1
0.5
0
0
0
0
6.6
1.1
0.2
0.4
0.2
0.1
0.1
0.1
0.1
0.1
0
0.1
0
0.1
0
0.1
0.1
0
0
0
0
0.1
0
0
0
0
0
0
0
0
0
0
0
0
0
0
0.2
0.3
0.1
0
0
0
0
0
0.1
0
0
0
0
0
0
0
0
0
0
0
0
0
0
0
0
0.1
0
0
0.1
0
0
0.1
0
0
0
0.1
0
0
0
0
0.1
0
0
0
0.1
0
0
0
0
0
0.1
0
0
0
0
0
0
0
0
0
0
0
0
0
0
0
0
0
0
0
0
0
0
0
0
0
0
0
0
0
0
0
0
0
0
0
0
0
0.9
2.2
0.1
0
0
0
0
4.9
0.5
0.1
0
0
0
0
0
0
0
0
0
0
0
0
0.3
0
2.4
1.1
0
0
0
0
0
0
0
0
0
0
0
0
0
0
0
0
0
0
0.2
1.9
1.1
0.3
0
0
0.1
0.2
0.1
0
0.1
0
0
0
0
0
0
0
0
0
0
0
0
0
0
0
0
0
0
0
0
0
0.2
0
0
0.2
0
0
0
0
0
0
1.5
0.2
0
0
0
0
0
0
0
0
0
0
0
0
0
0
0
0
0
0
0
0
0
0.7
0
0
0
0
0
0
0
0
0
0
0
0
0
0
0
0
0
0
0
0
0
0.4
0.5
0
2.7
0.1
0.9
8
0.5
0
0
0
0
0
5.8
1.5
0
0
0
0
0
0
0
0
0
0
0
0
0
0
0
0
0
0
0
0
0
0
0
0
0
0
0
0.1
0
0
0
0
0.3
0.1
0
0.8
0.5
0.2
0
0
0
0
0
0
0.7
0
0
0.1
0
0
0
0.1
0
0
1.2
0
0
0
1.7
0
0
0
0
0
0
0
0
1
3.5
1.4
1.1
0.6
0.3
0.4
1.1
1.2
0.2
0.7
0.7
0.3
0.2
0.1
0
0.1
0
0
0
0
0
0
0
0
0
0
0
0
10.9
5
0.7
0.6
0.1
0.1
0
0
0
0
0
0
0
0
0.3
0.6
0
0
0
0
0
0
0
0
0
0
0
0
2.9
0
0
0
0
0.1
30.3
0
0.4
0.3
0
0
0
0
0
0
0
0
0
0
0
0
0
0
0
0
0
0
0
0
0
0
0
0
0
0
0
0
0
0
1.1
0.1
0
0
0
0
0
0
0
0
0
0
0
0
0
0
0
0
0
0
0
0.1
0
0.4
0
0
0.2
0
0.4
0.5
0
0
0
0
0.1
0
0.4
0
0
0
0
0
0
0.2
0
0
0
0
0
0
0
0
0
0
0
0
0
0
0
0
0
0
0.1
1.8
0
0.2
0.7
6.8
0.4
8.1
2.5
0
0
0
0
0
0
0
0
0
0
0
4.7
41.4
0.1
0
0
0
0
0.3
0.5
0
0
0
2.6
0
0
0
0
11.3
28.6
0
0.3
0
16.5
15
0
0
0
0
0
0
0
0
0
0
0
9.3
0
0
24.7
49.2
0
0
0
0
0
0.6
0
0
0
0
0
0
0
0
0
0
0
0
0.1
0
0
12.7
14.4
0.1
1.3
0
0
0
0
0
0
0
0
33.2
10.5
1
0
0
0
0
0
0
1.3
0
0
0
0
0
0
0
0
0
13.1
0
0
0
0
0
0
0
0.1
0
0.1
0
0
0
0
0
0
0
0
0.1
0
0.1
0
0
0
0
0
0
0
0
0
0
0
0
0
0
0
0
0
0
0
0.1
0
0
0
0
0
0
0
0
0
0
0
0
0
0
0.1
0
0
0
0
0
0
0
0
0
0
0
0
0
0
0
0
0
0.1
0
0
0
0
0
0.1
0
0
0
0
0
0
0
0
0
0
0
0
0
0
0.1
0.1
0
0
0
0
0
0
0
0
0
0
0
0
0
0
0.1
0
0
0
0
0
0
0
0
0
0.1
0
0.1
0
0.1
0
0
0
0.1
0
0
0.1
0
0
0
0
0
0
0
0.1
0
0
0
0.1
0
1.9
0.6
0
0
0.2
0
0
0
0
0
0
0
0
0
0.3
2.6
0
0
0
0
0
0
0
0
0
0
0
0
0
0
1.6
19.7
4.2
20.7
0
0
1
45.6
0
0
0
0
0
0
0.5
0.5
0
0
0
-99
-99
-99
-99
-99
0
4.7
99
0.2
0.1
11.3
1.7
0
0
0
0
0
0
0
0
0
0
0
0
0
0
0
0
0
0
0
0
0
0
0
0
0
0
0
0
0
0
2.7
0.1
0.9
2
0
0
0
13.4
2.7
-99
0
0
0
0.8
0
0
4.5
0
0
0
0
0
0
0
13
0.1
0
0
0
0
0
0
0
0
0
2.7
0
0
0
0
0
0
22.7
27.8
0
0
0
0
0
0
0
0
0
0
0
0
0
0
0
0
0
0
0
38.4
7.5
0
5.8
0
0
0
8
0
0
0
0
0
0
0
0
0
0
0
0
0
0
0
0
0
0
0
0.1
0
0
0
0
0
0
0
0.1
2.2
0.7
0
0
0
0
0
0
0
0
3.8
0.2
13.9
0
0
0
0
0
0
0.4
0
0
0
0
0
0
0
0
0
0
0
0
0
0
0
3.3
12.1
2.4
0
0
0
0
0
0
0
0
0
0
0
0
0
0
0
0
0
0
0
0
0
0.1
0
0
0
0
0
0
0
0
0
0.1
0
0.1
0
0
0
0
0
0
0
0
0
0.1
0
0
0.1
0
0.1
0
0
0
0
0
0
0
0.5
0
0
0
0
0
0
0.1
1
0
0
0
0
0
0
0.1
0
0
0
0
0
0
0
0
0
0
0
0
0
0.8
0
0
0
0
0
0
0
0
0
2
0
0
0
0
0.3
5.8
0
0
0.1
0
-99
0
14.8
0
0
0
0
0
0.3
12
0
0
0
0
0
0
0
0
0
0
0
0
0
0
0
0
0
0
0
0
0
0
0
0
0
0
0
0
0
0
0
0
0
0
0
0.1
0
0.9
0
0
0
0
0
0
0
0
0
0
0
0
0
0.1
0
0
0
0
0
0
0
0
0
0
0.8
0
0
0
0
0
0
0
0.2
0
1.4
0
0
0
0
0
0
0
0
0
0
0
0
0
0
0
5.7
0.6
0.5
0
0
0
0
0
0
0
0.2
15.7
0
0
0
0
0
0
0
0
0
0
0
0
0
0
0
0
0
0.1
8.1
0
0
0
0
0
0
0
0.9
18.5
33.8
14.8
0
0
0
0
0
0.4
0
0.3
0
0
0
0
0
0
0
0
0
0
0
3.8
7.8
16.9
2.4
2.6
0.1
0
5.3
1.8
0
0
0.9
2.1
0.1
0.6
0.1
0
0.3
0
5.9
0
1.6
0
0
0
0
3
0
0
0
0
0
0.2
0.1
0
0
0
0
0
0
0.2
0
0
8
17.9
0.1
17.8
1.7
0
1.5
0
0
0
0
0
0
0
0
0
0
0
0
0
0
0
0
0
0
0.1
0
0
0
0
0
0
18.3
0
0
0
0
0
0.6
0
0
0
0
0
0
0.1
0
0
0
0
0
0
0
0
2.3
0
0
13.1
0
0
0
0.1
0
0.1
0
0
0
0
0
0
0
0
0
0
0
0
0
0
0
0
0
0
0
0
0
0
0
0
0
0
0
0.1
0
0.1
0
0
0
0.2
0
0
0.1
0
0.1
0.1
0
0
0
0
0
0
0
0
0
0
0
0
0
0
0
0
0.1
0
0
0.1
0
0
0
0
0
0
0
0
0
0
0
0
0
0
0
0
0
0
0
0
0
0
0
0
0
0
0
0
0
0
0
0
0
0
0
0
0
0
0
0
0
0
0
0
0
0
0
0
0
0
0
0
0
0
0
0
0
0
47.2
13.5
0
0.1
0.2
50.7
1.8
0.7
0
11.7
59.7
0
0
0
0
0
0
1.6
7.5
0.1
0
6.8
36.7
0
0
0
0
18.8
0
0
3.8
13.4
0
0
0
0
0
6.5
1.1
1.3
3.5
0.5
8.7
0
0
6
0
1
3.1
0
0
0
2
0
0
0
0
0
0
0
0
0
0
0
0
3.5
0
0
0
0
0
0
0
0
0
0
0
0
0
0
0
0
0
0
0
0
0
0
0
0
0
0
0
0
0
0
0
0
0
0
0
0
0.6
1.7
0
0.1
3.2
0
0
0
0
0
3.7
0
0.8
2.4
0.2
0
0
0
0
0
0
0
0
0
0
0
0
0
0
0
0
0
0
0
0
0
0
0
0
0
0
0
0
0
0
0
1
0
0
0
0
0
0
0
0
0
0
0
0
0.1
0
0
0
0
0
0
0
0
0
0
0
0
0
0
0
0
3.1
0
0
5.2
2.5
0
0
0
0
0
0
0
0
0
0
7.3
0.2
5.1
0
0
1
0
0
0
0
0
0
1.4
1.4
0
0
0
0
0.3
0
0.3
0
0
0
0
0
0
11.6
0
0
0
0
0
0
20.7
0.6
0
0
0
0
0
0
0
0
0
0
0.4
0
0
0
0
0
0.7
0
0
0
0
0
0
0
0
0
0
0
0
0
0
0
0
0
0
0
0
0
0
0
0
0
0.2
1.4
0
0
0
0
0
0
0
0
0
0
0
0
0
0
0
0
0
0
0
0
0
0
0
0
0
0
0
0
0
0
0
0
0
0
0
0
0
0
0
0
0
0
0
0
0
0
0
0
0
0
0
0
0
0
0
0
0
0
0
0
0
0
0
0
0
0
0
0
0
0
0
0
0
0
0
0
0
0
0
0
0
0
0
0
0
0
0
0
0
0
0
0
0
0
0
0
0
0
0
0
0
0
0
0
0
0
0
0
0
0
0
0
0
0
0
0
0
0
0
0
0
0
0
0
0
0
0
0
-99
-99
-99
-99
-99
-99
-99
-99
-99
-99
-99
-99
-99
-99
-99
-99
-99
-99
-99
-99
-99
-99
-99
-99
-99
-99
-99
-99
-99
-99
-99
-99
-99
-99
-99
-99
-99
-99
-99
-99
-99
-99
-99
-99
-99
-99
-99
-99
-99
-99
-99
-99
-99
-99
-99
-99
-99
-99
-99
-99
-99
-99
-99
-99
-99
-99
-99
-99
-99
-99
-99
-99
-99
-99
-99
-99
-99
-99
-99
-99
-99
-99
-99
-99
-99
-99
-99
-99
-99
-99
-99
-99
-99
-99
-99
-99
-99
-99
-99
-99
-99
-99
-99
-99
-99
-99
-99
-99
-99
-99
-99
-99
-99
-99
-99
-99
-99
-99
-99
-99
-99
-99
-99
-99
-99
-99
-99
-99
-99
-99
-99
-99
-99
-99
-99
-99
-99
-99
-99
-99
-99
-99
-99
-99
-99
-99
-99
-99
-99
-99
-99
-99
-99
-99
-99
-99
-99
-99
-99
-99
-99
-99
-99
-99
-99
-99
-99
-99
-99
-99
-99
-99
-99
-99
-99
-99
-99
-99
-99
-99
-99
-99
-99
-99
-99
-99
-99
-99
-99
-99
-99
-99
-99
-99
-99
-99
-99
-99
-99
-99
-99
-99
-99
-99
-99
-99
-99
-99
-99
-99
-99
-99
-99
-99
-99
-99
-99
-99
-99
-99
-99
-99
-99
-99
-99
-99
-99
-99
-99
-99
-99
-99
-99
-99
-99
-99
-99
-99
-99
-99
-99
-99
-99
-99
-99
-99
-99
-99
-99
-99
-99
-99
-99
-99
-99
-99
-99
-99
-99
-99
-99
-99
-99
-99
-99
-99
-99
-99
-99
-99
-99
-99
-99
-99
-99
-99
-99
-99
-99
-99
-99
-99
-99
-99
-99
-99
-99
-99
-99
-99
-99
-99
-99
-99
-99
-99
-99
-99
-99
-99
-99
-99
-99
-99
-99
-99
-99
-99
-99
-99
-99
-99
-99
-99
-99
-99
-99
-99
-99
-99
-99
-99
-99
-99
-99
-99
-99
-99
-99
-99
-99
-99
-99
-99
-99
-99
-99
-99
-99
-99
-99
-99
-99
-99
-99
-99
-99
-99
-99
-99
-99
-99
-99
-99
-99
-99
-99
-99
-99
-99
-99
-99
-99
-99
-99
-99
-99
-99
-99
-99
-99
-99
-99
-99
-99
-99
-99
-99
-99
-99
-99
-99
-99
-99
-99
-99
-99
-99
-99
-99
-99
-99
-99
-99
-99
-99
-99
-99
-99
-99
-99
-99
-99
-99
-99
-99
-99
-99
-99
-99
-99
-99
-99
-99
0
0
0
0
0
0
0.7
1
35.9
11.3
0
0
0
0
0
0
0
0
0
0.2
0
8.7
1
1
0
0
0
0
0
0.1
0
0
0
0
0
0
0.4
0
2.3
1.5
2.8
0
0.2
0
6.8
1.4
0.5
0
0
0
0
0.3
3
0
0
0
0
0
0.6
0
0
0
0
0
0
0
2.4
0
0
0
0
0
0
0
0
0
0
0.2
0
0
0
0
0
0
0
0
0
0
0
0
0
0
0
0
0
0
0
0
2.2
0.5
4.2
0
0
0.4
0.1
2.9
0
0
0
0.5
5
0.2
0
0
0.9
6.2
0
1.7
0.1
3.1
18.2
0
0
0
0
0
0
0
0.6
0.7
0
0.2
8.4
0
0
0
0
0
0
0
0
0
0.2
0
0
0
0
0
0
1.2
0
0
0
0
0
0
0.9
0
0
0
0
0
0
0
0
0
0
47.1
0
0.2
14
0
0
6
0
0
2.6
0
0
0
24.1
0
0
0
0
0
0
0.9
0
0
0
0
0
0
0
0
0
0
0
0
0
0
0
0
0
0
2.7
0
0
0
0
12.9
0
0
0
0
0
0
0
7.5
0
0
0
0
0
0
0
0
0
0
3
0
0
0
0
0
8.5
0
0
0
0
17.3
8.9
2.6
10.9
0.5
0
0
0
0
0
33.5
0.1
0
0
0
0
0
4.2
0
0
0
0
2.3
4.3
18.5
0
0
0
0
0
0
0
0
0
2.8
0
0
0
0
0.1
0
0
0
0
0
0
0
0
0.6
0
0
0
0
0
0
0
0
0
0
0
0.1
10.6
0.1
1.3
0
0
0
0
0
0
0
0
0.8
1.1
1.8
0
0
0
0
0
0
0
0
0
19.8
26.7
13.4
4.5
0
0
0
0
0
0
0
0
0
1.7
0.1
0
0.8
0.9
0
0
0
0
0
0
0
0
0
0
0
0
0.3
0.1
1.9
0.1
0
0
0
0
0
0
0
0
0
0
2.4
0
0
0
0
0
0
0
0
0
0
0
0
0
0
0
0
0
0
0
0
0
0
0
0
0
0
0
0
0
0
0
0
0
0
0
0
0
0
0
0.4
0
0
0
0
0
0
0
0
0
0
0
0.3
0
0
0
5.7
0
0
0
1.2
2.8
4.2
0.2
0
16.2
24.3
0.8
1.8
0
0
0.2
1.3
0.1
0.2
0.6
1.9
0.3
0.7
0.2
8.5
0
0
0.6
0.1
0.5
0
0
0
0
0
0
0
0
0
4.5
0
0.8
19.9
0.1
0
0
0
0
0.8
9.7
9.8
0
5.4
0
0
0
0
0
0
0
0
1.9
1.2
0
0
0
0
0
0
0
0
0
0
0
0
0
0
0
0
0
0
0
0
20.3
3.3
0
0
0
0
0
0
0
0
0
0
0
0
0
0
0
0
0
0
0
0
0
0
0
0
0
0
2.7
0
0.3
0
0
0
1.9
0
0
0
0
0
0
0
2.2
8.8
0
0
0
0
0
0
0
0
0
0
0
0
0
0
0
0
0
0
0
0
0
3.1
0
0
0
0
0
0
0
8.1
0
0
0
0
0
0
0
0
0.5
0
3.9
0
0
0
0
0
0
0
0.5
0
0
0
0
8.1
0
13.5
0
0
20.7
0
0
0
0
1.3
0
0
0
0
1.4
16.7
0
0
0.1
0
0
0
0
0
2.1
0
0
0
0
0
0
0
0
0
0
0
0
0
0.1
4.6
0
0
0
0
0
0
0
0
0
0
0
1.3
0.9
0
0
0
0
0
0
0
0
0
0
0
0
0.9
0
0
0
0
0
0
0
0
0
0
0
0
0
2.1
0
0
0
3.1
0
0
0
0
0
0
0.7
0
0
0
0
0
0
0
0
0
13.4
0.2
1.1
0.7
6.7
3.4
0.3
2.4
0
0
0
0
0.7
0.1
0
0
0
0
0
0
0
0
0
0
