20000101
0
0
0.1
0
0
0.1
0
0
1.5
0
0
0
0.1
0.1
0
0.1
0
0
0.1
0
0
0.1
0
0
0
0
0
0
0
0
0
0
0
0
0
0
0
0
0
0
0
0
0.1
0
0
0
0
0
0
0
0
0
0
0
0
0
0
0
0
0
0
0
0
0
0
0
0
0
0
0
0
0
0
0
0
0
0
0
0
0
0
0
3.7
0.1
0
1.2
0.3
13.49
0
3.6
7.09
0
0
0
0
0
0
0
0
0
17.52
29.85
0
0
3.7
0
0
0
0
0
0
0
0
0.2
0
0
0
0
18.79
0
0
0
0
0
0
2.1
0
0
0
0.1
32.69
0.7
0
0
0
0
0
9.09
0.1
0
0
4.1
16.19
0
0
2
1.7
3.8
0
0
0
0
0
0
0
0
17.79
0.1
0
0
0
113.36
0.5
0
0.2
1.3
0
0
0
0
0
0
0
0
0
0
0
0
0
0
0
0
0
0
0
0
0
0
0
0
0
0
0
0
0
0
0
0
0
0
0
0
0
0
1
0
0
0
0
0
0
0
0
0.2
0
0.7
1
0
0
0
0
0
0
4.52
2.08
0.1
0
0
0
0
0
0
0
0
0
0
0
0
0
0
0
0
8.2
0.7
0
0
0
0.4
0
0
0
0
0
0
0
0
0
0
0
0
0
0
13
0.9
0
0
0
0
0
0
0
8.99
4.4
0
7.6
0
0
0
0
0
0
0
0
0.5
0.3
0.5
15.4
0
2.8
0
0
0
0
0
1.2
8.11
2.88
0
0
0
0
0
0
0
4.2
0
1.9
0.8
0
1
2.9
0
0
0
0.1
0
0
5.2
0.1
0
0
0
0
0
0
0
0.1
10.39
0
0
0
0
0.1
12.43
0.07
0
0
0
0.1
0
2.5
4.1
0.1
0
0
0
0
0
0
0
0
0.1
0.1
0
0.03
2.67
22.18
17.19
28.38
0
0.1
0
0.6
0.1
0
0
0
0
0
0.5
0
0.1
0
0
0
0.1
0.9
0.2
0.5
13.25
11.33
0
0
0.1
0
0
0
0
0
0
0
0
0
2.8
0
0
0
0.1
0
0
0
0
0
0
0
0
0
0
0
3.9
36.17
0
0
0
0
0
0
0
0
0
0.1
0
0
0
0
0.1
6.1
0.6
0
2.7
0
11.29
7.19
0
0.1
0
1
0
0
0
0.1
0
0
0
0
0
0
0
0
0
0
0
0
2.5
0
0
0
0
0
0
0
0
0.1
0
0
0
0
0
0
0
0
0
0
0
0.1
1
0
0
0
0
0
0
1.9
0
0
15.08
2.6
4.2
1.8
5.3
0.3
0
0
0
0.17
0.23
0
0
0
0
0
0
3.95
5.34
0
0
0.1
0.3
1.8
11.89
0
0
0
0
0
0
0
0
0
0
0
0
0
0
0
0
3.2
0
0
0
0
1.7
0
0
0
0
0
0
0
0
0
0
0
0
0
0
0
0
0
0.3
0
0
0.2
0
0
7
0
0
0
0
13.16
1.24
0
0
0
22.18
0
0
0
0
0
0
0
0
0
0
0
0
0
0
0
0
0
0
0
0
0
0
0
0
0
0
0
0.5
0.6
0
0
0
0
0
0
0
0
0
0
0
0
0.3
0
0
0
0
0.7
0
0
0
0
0
0
0
0
0
1.5
0
0
0
0
0
0.7
0
18.59
0.2
0.1
0
0
0
2.6
4.6
0.1
0
0
0
1.3
0
0
0
0
9.49
0.8
0
0
0.1
0
0
0
1.4
24.19
5.3
45.59
0.1
0
0
0
0
0
0
0
0
0
0
0
0
0
0
0
0
0
0
0
0
4.2
0.1
0
0.5
2.17
23.35
25.46
0.1
0
0
0.1
0.1
0
0
0
0
0
0.1
0
0
0
0
0
0
0
0
0
0
0
0
0.1
0
0
0.9
9.69
3.2
0
0
0
0.1
0
0
0
0
0
0
0
0
0.1
0
3
0.1
2.8
1.1
1
0
0
0
0.5
0
0
0
0.1
0
0
0
0
0
0.1
0
0.1
0.1
0
2.4
0
0
0
0
0
0
0
0
0
0
0
0
2.88
2.52
0
0
0
0
0
0
0
0
0
3.9
0.2
0
0.1
0
0
0
0
0
0
0
0
0
0
2.3
0
0
2
0
0
0
0
0
0
0
1.3
1.9
0
0
0
0
0
0
0
0
0
0
0
0
2.5
0
1.4
0
0
0
1.6
37.82
1.35
0
0
6
0
0
15.98
2.57
1.63
1
2.7
0
0
0
0.9
19.1
0
0
0
0
0
0
0
0
0
0
0
0.87
23.47
0.65
0
0.9
2.5
4.4
2.8
1.6
1.5
16.69
0
0
0
0
0
0
3.4
0
0
0
0.13
0.88
0
0
3.52
0.18
0
0
0
0
0
0
0
15.8
21.52
0.17
0.09
17.1
0
0
0
0
0
0
0
0
0
0
0
0
0
0
0
0
0
0
0
0
2
0
0
0
0
0
0
0.5
0
0
0
0
0
13.9
0.6
0
0
0.1
0
0
0
0
0
0
0
0
0
0.3
0
0
0
23.1
0.1
1.3
0
0
0
0
0
0
0
0
0.2
0
0
0
0
2.1
0.6
0
0
1
0
0
6.99
0.1
8.4
1.1
0
15.3
0
0
0
0.1
0
0
6.4
7.5
1.3
0
0
0.4
0.3
0
0
1.2
2.2
0
0
0
1.3
0.1
0
0.2
6.5
0
0
0
0
0
0
0
0
0
0
2.2
0
0
0
0
0
0.7
59.85
18.09
0
0
0
0
0
0
0
0
0
0
3
0.1
0
0
0
0
0
0
0
0
0
0.1
0
0
0
0
0.13
0.67
0
0
0
0
0
0.08
5.02
1.5
0
0
0.1
0
28.59
2
0
0.8
21.39
0.1
0
0
0
0.1
0
0.1
0
0
0.1
0
0
0
0
0
20.79
1.6
0
0.2
0.7
0.1
0.1
0
0
0.4
0
0
0
0
0
0
0
1.7
0.1
0
1.4
0
0
0
0
0
3.9
9.79
0.2
0
0
0
0.3
0
0
0.1
0
0.1
0
0.1
1.2
1.1
2.2
0
0
0
0
0
0
0
0
0.1
0
0
0
0
0
0
0
0
0
0.1
1.7
0
0
1.6
0.3
0.8
0.1
0.3
4.7
14.7
16.89
0
0
0.1
0.1
8.6
16.19
0.3
0.1
0
0
0
0
0
1
0
0
0
0
0
0
0
0
7.5
0
0
0
0
0
0
0
0
0
0
0
0
12.1
0.8
2.3
0
0
0
0
0
0
0
0
0
10.29
0
0
0
0
0
0
0
0
0
1.3
0.9
0
0
0
0
0
0.1
0
0
0
0.3
0
0
0
0
0
2.2
8.2
4.19
0
0
1
0
0
0
0
1.8
0.9
0
6
0
0
0
0
0.5
14.19
0
0
0
0
0
0
0
0
0
0
0.8
0.2
0
0
0
0
0
0
0
0.2
0
0
9.6
0
0
0
0
0
0
0
0
0
15.29
1.2
0
0
0
0
0
0
0
3.8
0
0
1.2
0
0
0
0
0
0
0
0
0
0
0.1
0
0
0.1
0
0
0
0
0
0
0
0
0
0
0
0
0
0
0
0
0
0
0
0
0
0
0
0
0
0
0
0
0
0
0
0
0
0
0
0
0
0
0
0
0
0
0
0
0
0
0
0
0
0
0
0
0
0
0
0
0
0
0
0
30.4
0
0
0
0
6.4
0.2
1.4
8.4
34.4
0
0
0.1
0
0
0
0
0
0
0
0.7
0
0
1
13.8
11.17
0.73
12.1
0.1
0
0.6
0
0
0
32.2
1
7.7
0.1
0
4.1
0.1
0
0
0
0
0
0.1
0.6
2
0
0
0
0
0
0.1
25.2
0.1
0
0.1
0
0
0.4
2.2
9.1
0
0.15
0.75
0
0
0
10.6
0.1
13.3
22.1
4.4
0.1
1.7
1.1
0.1
0.1
0
0
0
0.1
0
0
0
0.3
0.1
0
0
0
0
0
0
0.1
0
0.3
0.1
0
0.1
0.1
0
0
0.1
0
0.1
0
0.1
0
0
0
0.1
0
0
0.1
0
0
0
0
0
0
0
0
1.2
0.2
0.3
0.2
0
0
0
0
0
0
0
0
0
0
0
0
0
0
0.1
0
0
0
0
11.6
7
0.1
0
14.6
0.7
0
0
0
8.5
36.9
0
0
0
0.1
0
0
0
0
0.2
0.1
0
0
0.5
0
0
1.8
0
0.1
0
0
0
0
0
0
0
0
0
0.8
0
10.1
0.5
7.3
20.15
8.35
0.2
12.2
0
0
0
0
0
24.1
0.7
1.4
0.1
6
0.1
9.8
0.1
6.6
0
1
0
0
0
15.6
0
0
0
0
0
6.2
16.6
0.6
1.8
0.3
2.2
0
0.2
0.2
0.4
0
0
1.4
14.4
2
0.1
0
3.1
0.1
0
0
0
0
0
6.3
0.1
0
0
0
4.6
0
0
5.8
0
0.2
0.1
0
0
0
0
0
0
0
0
1.5
8.4
2.7
3.5
3.5
0
0
0
3.3
0.1
0
0
0
0
0.3
0
0
0
0
0
0
0
0
0
5.1
4.35
0.75
0
0
3
17.4
0
0
0
0
0
0
0
0
0
0
0
0
0
0
0
0
0
16.1
0.1
0
0
0
0
2.6
0
0
0
0
0
0
0
0
0
0
0
0
11.4
0.1
0
0
0
0
0.9
0.2
0
0
0
0
25.5
0.8
4.4
0
10.5
12.5
0.1
0
0
0
0
0
0
0.3
0
0
12.9
1.5
0
0
0
0
0
0
0
0
0
0
0
0
0
0
0
0
0
0
0
0
0
0
0
0
0
0
0
0
0
0
0
0
0
0.2
0
3
0
0
0
3.76
2.94
2.4
0.1
0
0
0.1
0.7
0
0
0
0.1
0
0
0.1
0.1
0
0
0
0
0
0
0
0
0
0
0
0
0
0
0
0
0
0
0
4.4
0.1
8.1
0
0
10.4
2.2
0
2.4
5.8
1.1
0.2
0
0
0
0.1
0
0
0
0.1
0
0
0
0.1
0
0
4.48
0.02
0
0.1
0
0
0.1
0
0
0
0.1
0.1
0.1
0
0.1
0.1
0
0
0
0.1
0
0
0
0
0
0.1
0
0
0
0
0
0
0
0
0
0
0
0
0
0
0
0
0
0.3
4.2
5.3
0.9
0.1
0
0
0
0.2
0
0
0
0
0
0
0
0
0
0
0
0
0
0
0
0.3
0.2
0
0
0
0
0
0
0
1.6
0
0
0
0
0
0
0
0
0
0
0
3.5
0.1
0
0
0
0
7.2
0
0
0
0
0.1
0
0
0
0
0.6
0
0
0
0
0
0
1
0
0
0
0
0
0.7
0
0
0
0
0
0
0
0
0
0
0.2
0
0
0
0
0
0
1.6
0.6
0
0.1
6.6
0.1
0.3
5.7
13.5
0
0
0
0
2.2
0
0
0
0
0
0
0
0
0
0
0
0
0
0
0
0
0
0
0
1.9
0
1.1
3.3
0
0
0
0
0
4.4
0.4
0
0
0.2
0
0
0
0.3
0
0
0
0
0
1.5
0
0
0
1.07
8.57
0.46
0
0
0
0
0
0
0
0
0.1
0
0
2.1
0
0
0
0
0
0
0
0
0
0.3
0
0
0
0
0
0
0
0
0
0
0
0
0
0
0
0
0
0
0
0
0
0.1
0
0
0
7.8
0.1
0
0
0
0
0
0
0
0
8.8
9
9
0
0
0
1.6
11
0
0
2
2.1
0
0
0
0
0
0
1.5
6.7
0.9
0
0
0
0
0
0
0
0
0.1
7.1
0
0
0
0.3
1.8
24.1
23
5.2
3.1
0
0.1
11.9
0.1
0
0
0
3
0.1
0
0
0
0
0
0
2.31
0.19
0
0
0
0
0
0
0
9.9
0.6
0.5
0.9
7.3
14.9
17.2
0
0
0
0
0
0
0.1
0
0.1
0
0
0
0.1
0
0.1
0
12.9
0.1
0
0
0
0.1
0
0
0
0
0.1
0
0
0
0.1
0
0
0.1
0.1
0
0.1
0.1
0
0
0.1
0
0
0
0
0
0
0
0
0
1.3
0.6
6.4
0.8
0.4
0.8
0
0
0
0.1
1.6
0
0
0
0
0
0
0
0.1
0.1
0
0.3
6.8
4.33
4.57
0
0
0
0
0
0
0
0
0
0.1
0
0
0
0
0
0
0
0
0
0
0.6
0
0
0.3
0
0
0
1.8
0
0
0
0
0
0
0
0
0
0
0
0
0
0
0
0
0
0
0
0
0
0
0
0
0
0
0
0
0
0
0
0
0
0
0
0
0
0
0
0
0
0
0
0
0
0
0
0
0
0
0
0
0
0
0
0
0
0
0
0
0
0
0
0
0
0
0
0
0
0
0
0
0
0
0
0
0
0
0
0
0
0
0
0
0
0
0
0
0
0
0
0
0
0
0
0
0
0
4.1
0.1
0
0
0
0
0
0
0
0
0
0
0
0
0
0
0
0
0
0
0.5
0
0
0
0
0
0
0
0
0
0.1
0
0
0
0
0
0
0
38.2
17.1
26.5
0
4.8
0.1
0
0
0
0
0
0
0
0
0.15
0.05
0
0
0
0
0
16.4
0
0
0
0
5.4
0
0
0
0
0
0
46.2
0
0
0
0
0
0
0
0.8
0
0
0
0
0
0
0
0
0
0
0
0
0
0
0
0
0
0
0
0
0
0
0
0
0
0
0
0
0
0
0
0
0
0
0
0
0
0
0
0
0
0
0
0
0
0
0
0
0
0
0
0
0
0
0
0
0
0
0
0
0
0
0
0
0
0
0
0
0
0
0
0
0
0
0
0
0
0
0
0
0
0
0
0
0
0
0
0
0
0
0
0
0
0
0
0
0
0
0
0
0
0
0
0
0
0
0
0
0
0
0
0
0
0
0
0
0
0
0
0
0
0
0
0
0
0
0
0
0
0
0
0
0
0
0
0
0
0
0
0
0
0
0
0
0
0
0
0
0
0
0
0
0
0
0
0
0
0
0
0
0
0
0
0
0
0
0
0
0
0
0
0
0
0
0
0
0
0
0
0
0
0
0
0
0
0
0
0
0
0
0
0
0
0
0
0
0
0
0
0
0
0
0
0
0
0
0
0
0
0
0
0
0
0
0
0
0
0
0
0
0
0
0
0
0
0
0
0
0
0
0
0
0
0
0
0
0
0
0
0
0
0
0
0
0
0
0
0
0
0
0
0
0
0
0
0
0
0
0
0
0
0
0
0
0
0
0
0
0
0
0
0
0
0
0
0
0
0.1
0
-99
0.3
-99
-99
-99
0.3
1.6
-99
-99
-99
-99
-99
-99
0.1
-99
-99
3.3
-99
-99
1.3
-99
-99
-99
-99
-99
-99
-99
-99
-99
-99
0.1
-99
1.7
-99
-99
-99
-99
-99
-99
-99
-99
-99
-99
-99
-99
-99
-99
-99
-99
-99
-99
-99
-99
-99
9.9
-99
-99
-99
-99
-99
-99
-99
-99
-99
-99
-99
-99
-99
37.2
11.5
0.5
-99
-99
-99
7.6
0.1
-99
-99
-99
-99
-99
25.1
-99
15.6
12.2
-99
0.4
-99
-99
-99
-99
0.2
0.5
0
0
0
0
0
0
0
0
0
0
0
0
0
0
0
0
0
0
0
0
0
0
0
0.2
0
0
0
0
0
0
0
0
0
0
13
0.5
0
0
2.9
0
22.6
0.1
0
0
0
0
0.15
3.85
0
0
0
0
0
0
0
0.5
0.1
0.9
0
0
0
0
0
0
0
0
0
0
0
0
0
0
0
0
0
0
0
0
0
0
0
2.6
0.9
0
0
0
0
0
0
0.1
0
0
0
0
0
0
0
0
0
0.1
0
0.1
0
0
0
0
0
0
0
0
0
0.1
0.2
0.2
0.3
0
0
0
0
0
0
0
0
0
2.92
6.57
1.71
0
0
0
0
0
0
0
0
0
0.4
0
0
0
0
0
0
0
0
0
0
0
0
0
0
0
0
0
0
0
1.75
4.55
3.8
0
0
0
0
0
0
0
0
0.3
0
0
0
3.04
0.56
0.2
0.1
0
0
1.1
2.5
0
0
0
0
0
0
0
0
0
0
0
0
0
0
0
0
0
0
0
0
0
0
0
0
0
9.2
0
0
0
0
0
0
0
8.9
1.2
0
0
0
0
0
0
0
0.4
1.8
2.5
13.9
0.1
0
0
0
0
4.7
4.9
0.1
14.8
0.8
0
1.3
0.1
0
0
0
1.3
0.1
0
0
0
0
0
0.1
0
0
0
23.9
24.4
2.3
0
1.6
1.5
0.3
12.4
3
0.3
1.1
0
0
8
0.91
22.39
34.6
0.22
8.48
0
14.7
0
0.2
0.4
12.8
15.3
0
13.27
1.83
6.2
3.8
16.2
1.4
3.3
0
0
0
0
6.5
0.6
0
0
0
0
0
0
0
0
0.4
13.6
0
0
0
0
0
0
0
0
0
0
0
0
0
4
14.52
0.08
0
0
0
0
0
0
0.6
0
0
0
0
0
0
0
0
0
0
0
0
0
0
0
0.4
0
0.1
0
0
0
0
0
0
8.5
0.1
0
0
0
0
0
0
13.7
0.1
0
16.9
0
0
0
0
0
7.6
0.2
0
0
0
0
2.8
0
0
0.1
0
11.2
0
0
0
0
0
0
0
7
0
0
2.2
1.7
0
0
0
0
0
0
0
0
0
0
0
0
0
0.8
0.7
0
0
0
0
0
0
0
0
0
0.1
0
0
0
0
3.9
0
0
0
0
19.2
26.4
0.3
14.1
15.1
9.6
0
0
0
0
0
0.3
0
0
0.1
4.8
0
0.1
0
0
0
0
0
0
0
0
0
0.1
0
0
0.1
0.7
1.8
0.1
0
0
0
0
0
0
0.1
0
3.6
1.2
0.1
0
5
2
0
0.3
0
0.1
0.1
0
0.1
0.1
0.1
0
0
2.7
2.97
0.13
2.82
0.48
0.8
0
0.5
0
0
0
3.5
0.4
0.1
1.2
5.7
0
0
0.1
0
0
0
0
0
0.9
0.1
0.1
0.8
0
0
0
0
0
0.1
0
0
20.22
8.57
3.1
4.8
0
0
0.4
0
0
0
0
0.1
0.1
0
0
0
0
0
0
0
0
0
0
0
0
0
0
0
0.17
3.43
0.2
0.1
6.5
0
0
0
0
0
0
0
0
0
0
0
0
0
0
0
0
0
0
0
0
0
0
0
17.9
7.2
1.8
14.82
0.18
4.4
5.7
0
0
0
18.26
0.54
0
2.9
6.1
2.8
0
0
5.8
0.6
0
0.2
0
0.1
0.3
0
0
0
0
7.1
0
0
0
9.8
0
0
0
0
0
0
0
0
0.4
0.7
0.2
0
0.4
1.9
0
0
0
0
0
0
0
0
0
0
0
0
0
0
0
0
2.2
0
0
0
0
7.3
0
0
0
0
0
0
0
0
0
0
0
0
0
0.2
0
0
0
0
0
0.6
0.1
0
0
0
5.4
0.3
0
0
0
7.6
0.1
21.9
0.6
0
0
0
0
0
1.7
0
0
0
0
0
0
1.6
1.5
0
0
0
0
0
0
0
0
0
0
0
0
0
0
0
0.5
3
16.7
0
0
0
0
0
0
0.1
0
0
0
0
0
0
0
0
1.4
13.6
0
0
0
0
0
0
0
0
0
0
0
0
0
0
0
0
11.8
3.4
20.6
0.4
0.1
8.3
0.1
0
5.5
0.1
0
0
0
0
0
0
0
0
1.4
29.9
0.1
0
0
0
0
0
0.5
0
0
0
0
0
0
0
0
0
0
0
24.5
19.2
12.6
0.1
0
0
0
0
0
0
0
0
0
1
0
0
0
0
0
0
0
0
0
0
0
0
0
0
0
0
0
0
0
0.5
0
0
0
0.57
0.63
0
0.3
0
0
0.7
0.1
0.1
0
0
0
0
0
0
0
0
0
0.1
0
0
0
0
0
0
8.2
21.2
5.4
11
0
4.9
0
0
0.3
0
0.6
0
0
0
3.35
7.85
0
1.9
0.8
0
0
0
3
0.14
6.66
0
0
0
0.6
0.5
0
0
0
0
0
8.4
0
0
0
0
0
0
0
0
0
7.5
0
0.1
0
9.55
11.55
0.1
0
0
0
0
2.3
1.5
0.7
4.6
12.4
0
1.8
0.8
0
0
0
0
0.3
0
0
2.9
9.1
0.1
0.1
0
6.9
12.3
9.8
0
0
0
0
0
0
0
0
0
0
0
6.7
7
0
0
0.1
0.1
0
0
0
0.4
0
0
0
0
10.8
0
0.1
2.1
0
0
0
0
5.8
0
0.4
0.5
0
0
0
0
0
0
0.2
0.5
0
0.1
0
0
0
0
0.3
5.6
0.1
60.9
11.5
0.2
0
0
1.6
0.1
0.1
0.3
0.6
0
0
0
0
0
0
0
0
0
0
0
0
0
0
0
2
0
0
0
0
0
0
0
0
1.8
0
0
16.8
3.9
8.1
0
0
42
0.1
0
0
0
1.1
0
0
0
0
0
0
0
0
18.8
3.3
0
0
0
0
43.2
0
0
0
0
0
0
0
0
0
0
0
0
0
0
0.2
0
0
0
7.8
0
0
0
0
0
35.6
0
0
0
16.1
0
0
0
0
0
0
0
0
0
7.2
0
0
0
0
0
0
13
0
0
0
0
0
0
0
0
0
0
0
0
0
0
0
0
0
0.1
48.6
0.1
0
0
0
0
0
0
0
0.1
19.6
0.4
0
0.6
2.6
0
8.1
0.1
0
0
0
0
0
0
0
0
0
0.4
0
0
0
0
0.2
49.4
8.8
2.7
1.3
0.1
0
0
0
0
0
0
0
0
0
0
0
0
0
0
0
0.4
5.3
0
0
0
0
0
0
0
1
0
0
0
0
0
0
1.5
0
0.7
0.1
0
4.8
0
0
0
0.1
0
0.1
0
0
0
8.5
0.4
0
0.1
0
1.3
0
0
1.6
0
0
0
0.1
0
0
0
0
0
0
0
0
8.2
2.4
1.1
0
0.1
0
0
0
0
0
0.4
0
0
0
0
0
0
0
0
0
0
0
0
0
0
0
0
0.1
0
0
0
0
0
0
0
0
0
0.1
24.6
0.1
3.6
0.2
0
0
0.1
0
0
0
0.1
0
0
0
0
0.1
0
0
0
0
6.1
0
1
0.1
0
0
0
0
0
0
0
0
0
0
4.2
0.1
0
0
0
0
0
0
0
45.3
0.2
4.9
35.1
0.3
0
0
0
0
0
0
0
0
0
0
2.5
0
7
0.3
0
-99
-99
-99
-99
-99
-99
-99
-99
-99
-99
-99
-99
-99
-99
-99
-99
-99
-99
-99
-99
-99
-99
-99
-99
-99
-99
-99
-99
-99
-99
-99
-99
-99
-99
-99
-99
-99
-99
-99
-99
-99
-99
-99
-99
-99
-99
-99
-99
-99
-99
-99
-99
-99
-99
-99
-99
-99
-99
-99
-99
-99
-99
-99
-99
-99
-99
-99
-99
-99
-99
-99
-99
-99
-99
-99
-99
-99
-99
-99
-99
-99
-99
-99
-99
-99
-99
-99
-99
-99
-99
-99
-99
-99
-99
-99
-99
-99
-99
-99
-99
-99
-99
-99
-99
-99
-99
-99
-99
-99
-99
-99
-99
-99
-99
-99
-99
-99
-99
-99
-99
-99
-99
-99
-99
-99
-99
-99
-99
-99
-99
-99
-99
-99
-99
-99
-99
-99
-99
-99
-99
-99
-99
-99
-99
-99
-99
-99
-99
-99
-99
-99
-99
-99
-99
-99
-99
-99
-99
-99
-99
-99
-99
-99
-99
-99
-99
-99
-99
-99
-99
-99
-99
-99
-99
-99
-99
-99
-99
-99
-99
-99
-99
-99
-99
-99
-99
-99
-99
-99
-99
-99
-99
-99
-99
-99
-99
-99
-99
-99
-99
-99
-99
-99
-99
-99
-99
-99
-99
-99
-99
-99
-99
-99
-99
-99
-99
-99
-99
-99
-99
-99
-99
-99
-99
-99
-99
-99
-99
-99
-99
-99
-99
-99
-99
-99
-99
-99
-99
-99
-99
-99
-99
-99
-99
-99
-99
-99
-99
-99
-99
-99
-99
-99
-99
-99
-99
-99
-99
-99
-99
-99
-99
-99
-99
-99
-99
-99
-99
-99
-99
-99
-99
-99
-99
-99
-99
-99
-99
-99
-99
-99
-99
-99
-99
-99
-99
-99
-99
-99
-99
-99
-99
-99
-99
-99
-99
-99
-99
-99
-99
-99
-99
-99
-99
-99
-99
-99
-99
-99
-99
-99
-99
-99
-99
-99
-99
-99
-99
-99
-99
-99
-99
-99
-99
-99
-99
-99
-99
-99
-99
-99
-99
-99
-99
-99
-99
-99
-99
-99
-99
-99
-99
-99
-99
-99
-99
-99
-99
-99
-99
-99
-99
-99
-99
-99
-99
-99
-99
-99
-99
-99
-99
-99
-99
-99
-99
-99
-99
-99
-99
-99
-99
-99
-99
-99
-99
-99
-99
-99
-99
-99
-99
-99
-99
-99
-99
-99
-99
-99
-99
-99
-99
-99
-99
-99
-99
-99
-99
-99
-99
-99
-99
-99
-99
-99
-99
-99
-99
-99
-99
-99
-99
-99
-99
-99
-99
-99
-99
-99
-99
-99
-99
-99
-99
-99
-99
-99
-99
-99
-99
-99
-99
-99
-99
-99
-99
-99
-99
-99
-99
-99
-99
-99
-99
-99
-99
-99
-99
-99
-99
-99
-99
-99
-99
-99
-99
-99
-99
-99
-99
-99
-99
-99
-99
-99
-99
-99
-99
-99
-99
-99
-99
-99
-99
-99
-99
-99
-99
-99
-99
-99
-99
-99
-99
-99
-99
-99
-99
-99
-99
-99
-99
-99
-99
-99
-99
-99
-99
-99
-99
-99
-99
-99
-99
-99
-99
-99
-99
-99
-99
-99
-99
-99
-99
-99
-99
-99
-99
-99
-99
-99
-99
-99
-99
-99
-99
-99
-99
-99
-99
-99
-99
-99
-99
-99
-99
-99
-99
-99
-99
-99
-99
-99
-99
-99
-99
-99
-99
-99
-99
-99
-99
-99
-99
-99
-99
-99
-99
-99
-99
-99
-99
-99
-99
-99
-99
-99
-99
-99
-99
-99
-99
-99
-99
-99
-99
-99
-99
-99
-99
-99
-99
-99
-99
-99
-99
-99
-99
-99
-99
-99
-99
-99
-99
-99
-99
-99
-99
-99
-99
-99
-99
-99
-99
-99
-99
-99
-99
-99
-99
-99
-99
-99
-99
-99
-99
-99
-99
-99
-99
-99
-99
-99
-99
-99
-99
-99
-99
-99
-99
-99
-99
-99
-99
-99
-99
-99
-99
-99
-99
-99
-99
-99
-99
-99
-99
-99
-99
-99
-99
-99
-99
-99
-99
-99
-99
-99
-99
-99
-99
-99
-99
-99
-99
-99
-99
-99
-99
-99
-99
-99
-99
-99
-99
-99
-99
-99
-99
-99
-99
-99
-99
-99
-99
-99
-99
-99
-99
-99
-99
-99
-99
-99
-99
-99
-99
-99
-99
-99
-99
-99
-99
-99
-99
-99
-99
-99
-99
-99
-99
-99
-99
-99
-99
-99
-99
-99
-99
-99
-99
-99
-99
-99
-99
-99
-99
-99
-99
-99
-99
-99
-99
-99
-99
-99
-99
-99
-99
-99
-99
-99
-99
-99
-99
-99
-99
-99
-99
-99
-99
-99
-99
-99
-99
-99
-99
-99
-99
-99
-99
-99
-99
-99
-99
-99
-99
-99
-99
-99
-99
-99
-99
-99
-99
-99
-99
-99
-99
-99
-99
-99
-99
-99
-99
-99
-99
-99
-99
-99
-99
-99
-99
-99
-99
-99
-99
-99
-99
-99
-99
-99
-99
-99
-99
-99
-99
-99
-99
-99
-99
-99
-99
-99
-99
-99
-99
-99
-99
-99
-99
-99
-99
-99
-99
-99
-99
-99
-99
-99
-99
-99
-99
-99
-99
-99
-99
-99
-99
-99
-99
-99
-99
-99
-99
-99
-99
-99
-99
-99
-99
-99
-99
-99
-99
-99
-99
-99
-99
-99
-99
-99
-99
-99
-99
-99
-99
-99
-99
-99
-99
-99
-99
-99
-99
-99
-99
-99
-99
-99
-99
-99
-99
-99
-99
-99
-99
-99
-99
-99
-99
-99
-99
-99
-99
-99
-99
-99
-99
-99
-99
-99
-99
-99
-99
-99
-99
-99
-99
-99
-99
-99
-99
-99
-99
-99
-99
-99
-99
-99
-99
-99
-99
-99
-99
-99
-99
-99
-99
-99
-99
-99
-99
-99
-99
-99
-99
-99
-99
-99
-99
-99
-99
-99
-99
-99
-99
-99
-99
-99
-99
-99
-99
-99
-99
-99
-99
-99
-99
-99
-99
-99
-99
-99
-99
-99
-99
-99
-99
-99
-99
-99
-99
-99
-99
-99
-99
-99
-99
-99
-99
-99
-99
-99
-99
-99
-99
-99
-99
-99
-99
-99
-99
-99
-99
-99
-99
-99
-99
-99
-99
-99
-99
-99
-99
-99
-99
-99
-99
-99
-99
-99
-99
-99
-99
-99
-99
-99
-99
-99
-99
-99
-99
-99
-99
-99
-99
-99
-99
-99
-99
-99
-99
-99
-99
-99
-99
-99
-99
-99
-99
-99
-99
-99
-99
-99
-99
-99
-99
-99
-99
-99
-99
-99
-99
-99
-99
-99
-99
-99
-99
-99
-99
-99
-99
-99
-99
-99
-99
-99
-99
-99
-99
-99
-99
-99
-99
-99
-99
-99
-99
-99
-99
-99
-99
-99
-99
-99
-99
-99
-99
-99
-99
-99
-99
-99
-99
-99
-99
-99
-99
-99
-99
-99
-99
-99
-99
-99
-99
-99
-99
-99
-99
-99
-99
-99
-99
-99
-99
-99
-99
-99
-99
-99
-99
-99
-99
-99
-99
-99
-99
-99
-99
-99
-99
-99
-99
-99
-99
-99
-99
-99
-99
-99
-99
-99
-99
-99
-99
-99
-99
-99
-99
-99
-99
-99
-99
-99
-99
-99
-99
-99
-99
-99
-99
-99
-99
-99
-99
-99
-99
-99
-99
-99
-99
-99
-99
-99
-99
-99
-99
-99
-99
-99
-99
-99
-99
-99
-99
-99
-99
-99
-99
-99
-99
-99
-99
-99
-99
-99
-99
-99
-99
-99
-99
-99
-99
-99
-99
-99
-99
-99
-99
-99
-99
-99
-99
-99
-99
-99
-99
-99
-99
-99
-99
-99
-99
-99
-99
-99
-99
-99
-99
-99
-99
-99
-99
-99
-99
-99
-99
-99
-99
-99
-99
-99
-99
-99
-99
-99
-99
-99
-99
-99
-99
-99
-99
-99
-99
-99
-99
-99
-99
-99
-99
-99
-99
-99
-99
-99
-99
-99
-99
-99
-99
-99
-99
-99
-99
-99
-99
-99
-99
-99
-99
-99
-99
-99
-99
-99
-99
-99
-99
-99
-99
-99
-99
-99
-99
-99
-99
-99
-99
-99
-99
-99
-99
-99
-99
-99
-99
-99
-99
-99
-99
-99
-99
-99
-99
-99
-99
-99
-99
-99
-99
-99
-99
-99
-99
-99
-99
-99
-99
-99
-99
-99
-99
-99
-99
-99
-99
-99
-99
-99
-99
-99
-99
-99
-99
-99
-99
-99
-99
-99
-99
-99
-99
-99
-99
-99
-99
-99
-99
-99
-99
-99
-99
-99
-99
-99
-99
-99
-99
-99
-99
-99
-99
-99
-99
-99
-99
-99
-99
-99
-99
-99
-99
-99
-99
-99
-99
-99
-99
-99
-99
-99
-99
-99
-99
-99
-99
-99
-99
-99
-99
-99
-99
-99
-99
-99
-99
-99
-99
-99
-99
-99
-99
-99
-99
-99
-99
-99
-99
-99
-99
-99
-99
-99
-99
-99
-99
-99
-99
-99
-99
-99
-99
-99
-99
-99
-99
-99
-99
-99
-99
-99
-99
-99
-99
-99
-99
-99
-99
-99
-99
-99
-99
-99
-99
-99
-99
-99
-99
-99
-99
-99
-99
-99
-99
-99
-99
-99
-99
-99
-99
-99
-99
-99
-99
-99
-99
-99
-99
-99
-99
-99
-99
-99
-99
-99
-99
-99
-99
-99
-99
-99
-99
-99
-99
-99
-99
-99
-99
-99
-99
-99
-99
-99
-99
-99
-99
-99
-99
-99
-99
-99
-99
-99
-99
-99
-99
-99
-99
-99
-99
-99
-99
-99
-99
-99
-99
-99
-99
-99
-99
-99
-99
-99
-99
-99
-99
-99
-99
-99
-99
-99
-99
-99
-99
-99
-99
-99
-99
-99
-99
-99
-99
-99
-99
-99
-99
-99
-99
-99
-99
-99
-99
-99
-99
-99
-99
-99
-99
-99
-99
-99
-99
-99
-99
-99
-99
-99
-99
-99
-99
-99
-99
-99
-99
0
0
0.1
0
0
0
0
0
0
0.3
0.1
0
0.3
0
0
0
0
0
0
0
0
0
0
0
0
0
0
1.5
0.1
0.1
0
0
0
-99
-99
-99
-99
-99
-99
-99
-99
-99
-99
-99
-99
-99
-99
-99
-99
-99
-99
-99
-99
-99
-99
-99
-99
-99
-99
-99
-99
-99
-99
-99
-99
-99
-99
-99
-99
-99
-99
-99
-99
-99
-99
-99
-99
-99
-99
-99
-99
-99
-99
-99
-99
-99
-99
-99
-99
-99
-99
-99
-99
-99
-99
-99
-99
-99
-99
-99
-99
-99
-99
-99
-99
-99
-99
-99
-99
-99
-99
-99
-99
-99
-99
-99
-99
-99
-99
-99
-99
-99
-99
-99
-99
-99
-99
-99
-99
-99
-99
-99
-99
-99
-99
-99
-99
-99
-99
-99
-99
-99
-99
-99
-99
-99
-99
-99
-99
-99
-99
-99
-99
-99
-99
-99
-99
-99
-99
-99
-99
-99
-99
-99
-99
-99
-99
-99
-99
-99
-99
-99
-99
-99
-99
-99
-99
-99
-99
-99
-99
-99
-99
-99
-99
-99
-99
-99
-99
-99
-99
-99
-99
-99
-99
-99
-99
-99
-99
-99
-99
-99
-99
-99
-99
-99
-99
-99
-99
-99
-99
-99
-99
-99
-99
-99
-99
-99
-99
-99
-99
-99
-99
-99
-99
-99
-99
-99
-99
-99
-99
-99
-99
-99
-99
-99
-99
-99
-99
-99
-99
-99
-99
-99
-99
-99
-99
-99
-99
-99
-99
-99
-99
-99
-99
-99
-99
-99
-99
-99
-99
-99
-99
-99
-99
-99
-99
-99
-99
-99
-99
-99
-99
-99
-99
-99
-99
-99
-99
-99
-99
-99
-99
-99
-99
-99
-99
-99
-99
-99
-99
-99
-99
-99
-99
-99
-99
-99
-99
-99
-99
-99
-99
-99
-99
-99
-99
-99
-99
-99
-99
-99
-99
-99
-99
-99
-99
-99
-99
-99
-99
-99
-99
-99
-99
-99
-99
-99
-99
-99
-99
-99
-99
-99
-99
-99
-99
-99
-99
-99
-99
-99
-99
-99
-99
-99
-99
-99
-99
-99
-99
-99
-99
-99
-99
-99
-99
-99
-99
-99
-99
-99
-99
-99
-99
-99
-99
-99
-99
-99
-99
-99
-99
-99
-99
-99
-99
-99
-99
-99
-99
-99
-99
-99
-99
-99
-99
-99
-99
-99
-99
-99
-99
-99
-99
-99
-99
-99
-99
-99
-99
-99
-99
-99
-99
-99
-99
-99
-99
-99
-99
-99
-99
-99
-99
-99
-99
-99
-99
-99
-99
-99
-99
-99
-99
-99
-99
-99
-99
-99
-99
-99
-99
-99
-99
-99
-99
-99
-99
-99
-99
-99
-99
-99
-99
-99
-99
-99
-99
-99
-99
-99
-99
-99
-99
-99
-99
-99
-99
-99
-99
-99
-99
-99
-99
-99
-99
-99
-99
-99
-99
-99
-99
-99
-99
-99
-99
-99
-99
-99
-99
-99
-99
-99
-99
-99
-99
-99
-99
-99
-99
-99
-99
-99
-99
-99
-99
-99
-99
-99
-99
-99
-99
-99
-99
-99
-99
-99
-99
-99
-99
-99
-99
-99
-99
-99
-99
-99
-99
-99
-99
-99
-99
-99
-99
-99
-99
-99
-99
-99
-99
-99
-99
-99
-99
-99
-99
-99
-99
-99
-99
-99
-99
-99
-99
-99
-99
-99
-99
-99
-99
-99
-99
-99
-99
-99
-99
-99
-99
-99
-99
-99
-99
-99
-99
-99
-99
-99
-99
-99
-99
-99
-99
-99
-99
-99
-99
-99
-99
-99
-99
-99
-99
-99
-99
-99
-99
-99
-99
-99
-99
-99
-99
-99
-99
-99
-99
-99
-99
-99
-99
-99
-99
-99
-99
-99
-99
-99
-99
-99
-99
-99
-99
-99
-99
-99
-99
-99
-99
-99
-99
-99
-99
-99
-99
-99
-99
-99
-99
-99
-99
-99
-99
-99
-99
-99
-99
-99
-99
-99
-99
-99
-99
-99
-99
-99
-99
-99
-99
-99
-99
-99
-99
-99
-99
-99
-99
-99
-99
-99
-99
-99
-99
-99
-99
-99
-99
-99
-99
-99
-99
-99
-99
-99
-99
-99
-99
-99
-99
-99
-99
-99
-99
-99
-99
-99
-99
-99
-99
-99
-99
-99
-99
-99
-99
-99
-99
-99
-99
-99
-99
-99
-99
-99
-99
-99
-99
-99
-99
-99
-99
-99
-99
-99
-99
-99
-99
-99
-99
-99
-99
-99
-99
-99
-99
-99
-99
-99
-99
-99
-99
-99
-99
-99
-99
-99
-99
-99
-99
-99
-99
-99
-99
-99
-99
-99
-99
-99
-99
-99
-99
-99
-99
-99
-99
-99
-99
-99
-99
-99
-99
-99
-99
-99
-99
-99
-99
-99
-99
-99
-99
-99
-99
-99
-99
-99
-99
-99
-99
-99
-99
-99
-99
-99
-99
-99
-99
-99
-99
-99
-99
-99
-99
-99
-99
-99
-99
-99
-99
-99
-99
-99
-99
-99
-99
-99
-99
-99
-99
-99
-99
-99
-99
-99
-99
-99
-99
-99
-99
-99
-99
-99
-99
-99
-99
-99
-99
-99
-99
-99
-99
-99
-99
-99
-99
-99
-99
-99
-99
-99
-99
-99
-99
-99
-99
-99
-99
-99
-99
-99
-99
-99
-99
-99
-99
-99
-99
-99
-99
-99
-99
-99
-99
-99
-99
-99
-99
-99
-99
-99
-99
-99
-99
-99
-99
-99
-99
-99
-99
-99
-99
-99
-99
-99
-99
-99
-99
-99
-99
-99
-99
-99
-99
-99
-99
-99
-99
-99
-99
-99
-99
-99
-99
-99
-99
-99
-99
-99
-99
-99
-99
-99
-99
-99
-99
-99
-99
-99
-99
-99
-99
-99
-99
-99
-99
-99
-99
-99
-99
-99
-99
-99
-99
-99
-99
-99
-99
-99
-99
-99
-99
-99
-99
-99
-99
-99
-99
-99
-99
-99
-99
-99
-99
-99
-99
-99
1
5.1
0
0
0
28.7
2.9
4.6
0
0
0.1
0
0
0
0
0
0
0
1.2
0
10
0.7
2.3
21.7
0
4.4
8.3
0.1
0
0
0
0
0
0
0
0
0
0
0
0.2
0
10.4
0
2.4
0
0
0.2
0.7
3.7
29.1
28.5
0.5
0.7
0
21.3
1.5
0
0
0
0
0
39.2
0.1
6.6
0.2
0
0
0.8
0.2
0
15.2
0.5
10.3
0.1
0
0
2.2
0.3
5.4
4
1.5
0
0
0
0
0
0
0
0
0
0
0
0
0
0
0
0
0
0
0
0
36.4
0.1
0
0
0
0
0
0
0
0.1
0
1
0
0
0
0
0
0
5.6
0
0
0
0.2
0
0
0
5
0
0
0
0
0
0
0
0
0
0
0
0
0
0
0
3.9
2
0
0
17.3
0.1
0
0
4.9
0
0
0
0
0
8
0
0
0
0
0
26.3
0.1
0
0
0
0
0
0
5.2
0
0
0
0
0
0.9
0
0
0
0.8
0
1.1
0
0
0
0
0
0
0
0
0
0
0
0
0
0
0
0
0
0.2
0.2
0.1
9.1
0.1
0
0
0
67.4
4
0
0.8
0.5
0
1
0
0
0
0
0
1.6
14.9
13.8
0
2.6
33.1
1.4
0
0
0
12.6
0.1
0
0
14.3
0.1
0
0
0
0
20.5
0.1
5
0.3
8.6
8.6
0.2
0
4.6
0.1
0
3.7
0
0
0
1
0
0
0
0
0.1
0
0
0
0
0.1
0
0
2.5
0.1
0
0.6
0
0
0.1
0
0
0
0
0
0
0.1
0
0
0
0
0.1
0
0.1
0
0.1
0
0.1
0
0
0
0.1
0
0
0
0
0
0
0
0
0
6.8
0.1
0.1
1.5
0
0
0
0
0
0
0.1
0
0.9
0
0
0
0
0
0
0
0
0
0
0
0
0
0
0
0
0
0
0
0
0
0
0
0
0
0
0
0
0
0
0
0
2.6
0
0
0
0
0
0
0
0
0
0
0
0
0
0
0
0
0
0
0
0
0
0
0
0
0
0
0
4.1
0
14.9
1.6
1.1
0
0.7
0.2
0
0
0
0
1
0
0
0
0
4.8
0
0
0.3
0.1
12.2
0.1
0
0
1.2
0.9
0
1.4
16.6
0
0
0
0
0
0
0
0
0
0
0
0
2.4
6.2
0.1
6.5
0.1
0
0
0
17.9
0.5
0.1
0
0
0
0
0
0
0
0
0
0
0
0
0
0
0
9.2
0
0
0
0
0
0
0
0
0
4.4
0
0
0
0
0
0
0
0
0
0
0
0
0
0
1.1
0
1.3
6.3
0
0
0
0
0
0
0
47.7
0
0
0
0
0
0
0
0
0
4.2
0
0
0
0
0
0
0
0
0
0
0
0
0
0
0
14.4
0
0
0
0
0
0.1
0
1.1
0
0
0
0
0
0
5.5
0
0
0
12.5
2.8
0
0
0
0
0
0
0
5.9
9.9
0.5
0
0.3
0
0
0
0
0.3
0
0
2.6
0
0
0
0
0
0
0
0
0
0
0
0
0
0
0
0
0
0
0
0
0
0
0
0
0
0
0
0
7.1
0
79.2
11.3
0
0
0
0
0
0
0
0
0.5
0
1
0
1.6
0
0
0
0
0.3
0
0
0
5.5
0
0
0
0
0.1
0
0
14.5
0.5
0
0
0.2
0
0
0
0
0.2
0
0
20.7
3.6
0
0
0
0
0
0
0.1
0
0
0
0
0.2
0
1
15.1
3.7
0
0
0
0
0
0
0
0
0
0
0
0
0
0
0.1
0
0.1
0
0
5.7
0
0
0.1
0.1
0
0
0
0
2.7
0
40.1
23
13.3
0.1
1
0
0.1
0
0
0
0
0
0
0
0
0
0
0
0
0
0
0
0
0
0
0
0
0
0
0
0
0
0
0
0
0
0
0
0
0
0
10.4
0
0
0
0.1
0
0
0
0
0
0
0
0
0
16.5
0
0
0
0
0
0
0.1
0
0.1
0
0.2
0
1.1
0.7
2.3
2.6
0
0
0
0
0
0
0
0
0
0
0
10.8
0.1
0
0
0
4.4
4.5
14.7
1.2
0
0
0
0
0
0
0
0
0
0
0
0
0
0
0
0
0
0
39.4
0
0.2
0.1
18.3
0.6
13.4
0
0
0
0
0
0
0.1
0
0
0
0
0
10.5
0
0
17.2
0
8.4
3.9
0
0
28
0.1
3.8
0
0
5.4
0
0
0
13.5
0
6.1
0
0
0
0
0
0
0
0
0
0
0
0
0
4
2.7
0
0
0
0
0
0
0
0
0.1
29.8
0
0
0
0
0
0
0
0
0
0
2.6
0
0
0
0
0
0
0
0
0
0.1
0
0
0
0
0
0
0
0
0
2.9
0
0
0
0
0
0
0
0
0
0
0
0
0
0
4
13.1
0
0
3.5
0
0
0
0
0
0.2
2.4
15.9
4.5
0
0
0
0
0
10.7
0
3.2
4.2
0
1.3
0
0
0
0.7
0.1
0
0
0
0
0
12.8
0
0
0
0
0
0
0
5.8
0
0
0
5.6
0
0
0
0
0
0
0
3.4
0.2
0
0
0
0
0
0
0
0
0
0
6.2
16.7
0.1
0.2
3.6
0.1
0.1
0
0
0
0
0
0
0
0
0
0
0
0.1
0
0
0
0
0.4
10.6
7.2
0.1
0
0.1
0
0
0
0
0
2.5
0
0.1
0.1
2.3
0
0
0
0
0
1.5
5.4
0.1
1.6
0.1
0
0
0
0
0
0
0
0
0
0
0
0
0
0
0
0
0
0
2.1
1.7
0.1
0
0
0
0
0
0
0
0.1
0.1
0
2.4
0.2
0
0
0
0
0
0
0
0
1.4
0
0
0
0
0
0
3.5
1.2
0.1
0
0.6
0.1
3.9
0
0
0
0
0
0
0
6
0
0
0
0
0
0.1
0
0
0
0
0
0
0
2.2
0
0
0
0
0
0
-99
-99
-99
-99
-99
-99
-99
-99
-99
-99
-99
-99
-99
-99
-99
-99
-99
-99
-99
-99
-99
-99
-99
-99
-99
-99
-99
-99
-99
-99
-99
-99
-99
-99
-99
-99
-99
-99
-99
-99
-99
-99
-99
-99
-99
-99
-99
-99
-99
-99
-99
-99
-99
-99
-99
-99
-99
-99
-99
-99
-99
-99
-99
-99
-99
-99
-99
-99
-99
-99
-99
-99
-99
-99
-99
-99
-99
-99
-99
-99
-99
-99
-99
-99
-99
-99
-99
-99
-99
-99
-99
-99
-99
-99
-99
-99
-99
-99
-99
-99
-99
-99
-99
-99
-99
-99
-99
-99
-99
-99
-99
-99
-99
-99
-99
-99
-99
-99
-99
-99
-99
-99
-99
-99
-99
-99
-99
-99
-99
-99
-99
-99
-99
-99
-99
-99
-99
-99
-99
-99
-99
-99
-99
-99
-99
-99
-99
-99
-99
-99
-99
-99
-99
-99
-99
-99
-99
-99
-99
-99
-99
-99
-99
-99
-99
-99
-99
-99
-99
-99
-99
-99
-99
-99
-99
-99
-99
-99
-99
-99
-99
-99
-99
-99
-99
-99
-99
-99
-99
-99
-99
-99
-99
-99
-99
-99
-99
-99
-99
-99
-99
-99
-99
-99
-99
-99
-99
-99
-99
-99
-99
-99
-99
-99
-99
-99
-99
-99
-99
-99
-99
-99
-99
-99
-99
-99
-99
-99
-99
-99
-99
-99
-99
-99
-99
-99
-99
-99
-99
-99
-99
-99
-99
-99
-99
-99
-99
-99
-99
-99
-99
-99
-99
-99
-99
-99
-99
-99
-99
-99
-99
-99
-99
-99
-99
-99
-99
-99
-99
-99
-99
-99
-99
-99
-99
-99
-99
-99
-99
-99
-99
-99
-99
-99
-99
-99
-99
-99
-99
-99
-99
-99
-99
-99
-99
-99
-99
-99
-99
-99
-99
-99
-99
-99
-99
-99
-99
-99
-99
-99
-99
-99
-99
-99
-99
-99
-99
-99
-99
-99
-99
-99
-99
-99
-99
-99
-99
-99
-99
-99
-99
-99
-99
-99
-99
-99
-99
-99
-99
-99
-99
-99
-99
-99
-99
-99
-99
-99
-99
-99
-99
-99
-99
-99
-99
-99
-99
-99
-99
-99
-99
-99
-99
-99
-99
-99
-99
-99
-99
-99
-99
-99
-99
-99
-99
-99
-99
-99
-99
-99
-99
-99
-99
-99
-99
-99
-99
-99
-99
-99
-99
-99
-99
-99
-99
-99
-99
-99
-99
-99
-99
-99
-99
-99
-99
-99
-99
-99
-99
-99
-99
-99
-99
-99
-99
-99
-99
-99
-99
-99
-99
-99
-99
-99
-99
-99
-99
-99
-99
-99
-99
-99
-99
-99
-99
-99
-99
-99
-99
-99
-99
-99
-99
-99
-99
-99
-99
-99
-99
-99
-99
-99
-99
-99
-99
-99
-99
-99
-99
-99
-99
-99
-99
-99
-99
-99
-99
-99
-99
-99
-99
-99
-99
-99
-99
-99
-99
-99
-99
-99
-99
-99
-99
-99
-99
-99
-99
-99
-99
-99
-99
-99
-99
-99
-99
-99
-99
-99
-99
-99
-99
-99
-99
-99
-99
-99
-99
-99
-99
-99
-99
-99
-99
-99
-99
-99
-99
-99
-99
-99
-99
-99
-99
-99
-99
-99
-99
-99
-99
-99
-99
-99
-99
-99
-99
-99
-99
-99
-99
-99
-99
-99
-99
-99
-99
-99
-99
-99
-99
-99
-99
-99
-99
-99
-99
-99
-99
-99
-99
-99
-99
-99
-99
-99
-99
-99
-99
-99
-99
-99
-99
-99
-99
-99
-99
-99
-99
-99
-99
-99
-99
-99
-99
-99
-99
-99
-99
-99
-99
-99
-99
-99
-99
-99
-99
-99
-99
-99
-99
-99
-99
-99
-99
-99
-99
-99
-99
-99
-99
-99
-99
-99
-99
-99
-99
-99
-99
-99
-99
-99
-99
-99
-99
-99
-99
-99
-99
-99
-99
-99
-99
-99
-99
-99
-99
-99
-99
-99
-99
-99
-99
-99
-99
-99
-99
-99
-99
-99
-99
-99
-99
-99
-99
-99
-99
-99
-99
