20000101
0
0
0
0
0
0
0
0
0
0.2
0
0
0
0.2
4.2
0
0
0
0
0
0
0
0
0
2.9
0.2
0.2
0
0
0
0
0
0
0
0
0
0
0
0.4
0
0
0
2.4
0
0
0
0
0
0
0
0
0.8
0
0
0
0
0
0
0
0
0
0
0
0
0
0
0
0.2
0
0
0
0
0
0
0
0
0
0
0
0
0
0
1.8
0
0
0
1.2
5.2
0
0.2
24
0
0
1.6
0
0
0
0
0
0
5.9
3.6
0
0
0
0
6.6
0.2
0
0
0
0
0
0
0
0
0
0.2
1.8
0
0
0
0
0
0
0
0
0
0
0
4.5
0
0
0
0
0
0
0.2
0
8.6
1.5
6.1
8.1
0
0
0
1.5
3.9
0
0
0
0
0.2
0
0
0
3.1
0
0
0
0.2
53.7
1
0
1.9
0.2
0
0
0
0
0
0
0
0
0.8
0.2
0.2
0
0
0
0
0
0.2
0.2
0
0
0
0
0
0
0
1
0
0
0
0
0
0
0
1.2
0
0
0
0
0.6
0
0
0
0
0
0
0
0
0
0
0
19.6
0.2
0
0
0
0
0
1.8
0.2
0
0
0
0
0
0
0
0
1.4
0
0
0
0
0
0
0
0
7.4
0
0
1.9
1.9
0.4
0
0
0
0
0
0
0
0
0
0
0
0
0
15.1
26.8
0.4
0
0
0
0
0
0.2
14.9
22
3.8
0
0
0
0
0
0
0
0
0
0
1.3
0.4
10.5
13.3
0
0
0
0
0
0
0
0.4
16.1
1
0.4
0
7.6
0
0
0.2
0
4.3
0
0.2
0.2
0
1
3.4
0
0
0
0
0
0
2
0.8
0
0
0
0
0
0
0
0.4
8.4
0
0
0.4
1
0
8.2
0.4
0.4
0
0.2
0
0
1.1
3.5
0
0
0
0
0
0
0
0
0
0
0
0
0
4.1
14.3
15.5
38.7
0
0.6
0.7
0.4
0
0
0
0
0
0
0.2
0
0
0
0
0
0
1
0
3.7
6.6
3.6
0
0
0
0
0
0
0.2
0
0.2
0
0
0
1
0
0
0
0
0
0
0.2
0
0
0
0
0
0
0
0
0.8
10.5
0.6
0
0
0
0
0
0
0
0
4.5
3.9
0
0
0
0.4
4.4
0.6
0
3
0
9.4
4.7
0
0.2
0
0.6
0
0
0
0
0
0
0
0
0
0
0
0
0
0
0
0
1.2
0
0
0
0
0
0
0
0
0
0
0
0
0
0
0
0
0
0
0
0
0.2
3.7
0
0
0
0
0
0
0
0
0
12.3
5.9
5.3
4
1.5
6.8
0.2
0
0
1.2
1.2
0
0
0
0
0
0
4.4
5.3
0
0
0
0
0
0.2
0
0
0
0
0
0
0
0
0
0
0
0
0
0
0
0
3.5
0
0
0
0
0.2
0
0
0
0
0
0
0
0
0
0
0
0
0
0
0
0
0
0
0
0
0
0
0
0.8
0
0
0
0
0
44.8
28.7
0
0
28
0
0
0
0
0
0
0
0
0
0
0
0
0
0
0
0
0
0
0
0
0
0
0
0
0
0
0
0
0
0
0
0
0
0
0
0
0.2
0
0
0
0
5.4
0.4
0
0
1.2
4.9
0
0
0
0
0
0
0
0
0
0.2
0.2
0
1.8
0.4
0
0
0
26.2
0
0
0
0
0
8.5
5.2
0.4
0
0.2
0.2
0.2
0
0.4
0
0
14.4
1.3
0
0
3.3
0
0
0
2.8
18.9
3.9
1.7
0
0
0
0
0
0
0
0
0.2
0
0
0
0
0
0
0
0
0
0
0
0
13.4
0.2
0
0
31.2
43.7
0.8
1.2
0
0
0
0
0
0
0
0
0
0
0
0
0
0
0
0
0
0
0
0
0
0
0
0
0
0
0
0
1.2
2.2
0
0
0
0
0
0
0
0
0
0
0
0
0
0.4
4.2
7.9
7
0
0
0
0.2
0.2
0
0
0.2
1.8
0.6
1.3
0
0
0
0
0
0
0
1.3
0
0
0
0
0
0
0
0
0
0
0
0
3.3
0.2
0
0
0
0
0
0
0
0.4
0
9.3
0
0
0
0
0
0
0
0
0
0
0
0
0
5
0
1.2
30.5
0
0
0
0
0
0
0
0.2
0
0
0
5.8
0
0
0
0
0
0
0
0
0
0
0.2
11.5
0
0
0.2
1.7
30.9
15.6
0
3.7
13.9
0.4
0
25.9
3.2
18.9
0
0
0
0
0
0
0.2
0
0
0
0
0
0
0
0
0
0
0
0.8
13.7
5.6
0
0
3.3
17.3
20.4
5.3
1.4
17.6
0.4
0
0
0
0
0
0
0
0
0
0
2.8
0
0
5.6
1.4
0
0
0
0
0
0
0
2.4
0
0
1
33.9
0
0
0
0
0
0
0
0
0
0
0
0
0
0
0
0
0
0
0
0
0.6
0.4
0.2
0
0
0
0
0
0
0
0
0
0
0.8
0
0
0
0
0
0
0
0
0
0
0
0
0
0
0
0
0
2
0
23.4
0.8
0
0
0
0
0
8.8
4.8
11.8
0.2
0
0
0
1
0
0
0.2
0.6
0
0
29.3
4.4
19.2
0
0
16.6
0.2
0
0
0.2
0
2
3
0
3.2
11
0
0.2
0
0
0
36.2
0
0
0
3.4
70.9
0
0.2
2.6
2
0
2
0
0
0
0
0.6
0
0
0
1
0
0
0
0
0.2
32.4
174.7
12.4
0
0
0
0
0.2
0
0
0
0
0
0
0
0
0
0
0
0
0
0
0.2
0
0
0
0
0
0
4.2
11
0
0
0
0
0.4
1.4
6
2.4
0
1.8
0
4.2
15
0.2
0
5.8
28.2
0
0
0
0
0
0
1
0
0
0
0
0
0
0
0.6
98.5
0
0
0
1.2
0
0
0.2
0
0.4
2
0
0
0.2
0
0
0
0.8
0
0
1.6
0
0
0
0
0
10.4
6.6
0
0.4
0
0
0
0
0
0
0
0
0
0
1.8
1.2
0.8
0
0
0
0
0
0
0
0
0
0
0
0
0
0
0
0.4
0
0
0
0.6
0
0.2
8.2
2.6
0
0
0
0
8.8
38.5
3
0.4
0
0
20.4
12.6
2.4
0.2
0
0
0
0
0
1
0
0
0.2
0
0
0
0.2
0
1
0
0
0
0
0
0
0
0
0
0
0
0
12.2
0
1.6
0.8
0
0.4
0
0
0
0
0
0
4.6
0.2
0
0
0
1.6
0.8
0
0
0
5.6
0
0
0
0
0.2
0
0
0
0
0
0.2
0
0
0
0
0.6
24.5
18.5
2.2
0
0
0
0
0
0
1.2
1
1.2
0.2
5
0.4
0
0.2
0
4
10.4
0
0
0
0
0
0
0
0
0
0
0.8
0
0
0
0
0
0
0
0
0
0
0
0
0
0
0
0
0
0
0
0
0
0
5.2
0
0.2
0
0
0
0
0
0
0
0
0.4
0
0
0
0
0
0
0
0
0
0
0
0
0
0
0
0
0
0
0
0
0
0
0
0
0
0
0
0
0
0
0
0
0
0
0
0
0
0
9.4
0
0
0
0.2
1
0.6
0
0
0
0
0
0
0
33.6
0.2
0
5.2
12.2
0
0
15.2
3.6
0
0
0
0
0
0
0
0
0
0
0
0
1
1.2
0
11.8
0
0
21.4
0
0.4
33.4
0
0
0
0
0
0
0
0
0
0
0
0.8
12.2
0
12.8
34.6
52.9
10.4
10.2
0
0
6.8
0.2
0
0
7.2
5.4
3.2
0.2
0
14.2
0
0
0
0
0
0.2
0.2
0.2
2.4
10
1
0
0
0
0.2
9.6
2.8
0
0
0
0
0
3.2
2.2
0
0.4
0.6
0
0
0
11.2
0
7.8
14.2
6.4
0
0.6
0.6
0
0
0
0
0
0
0
0
0
1
0
0
0
0
0
0
0
0
0
0.6
0
0
0
0
0
0
0
0
0
0
0
0
0
0
0
0
0
0
0
0
0
0
0
0
0
0
0.6
0.2
0
0.2
0
0
1
6.2
0
0
0.2
0
0
0
0
0
0
0.2
0.2
0
0
0
0
17.4
3.4
0
0.4
14.6
1.4
1.2
0
1.4
15.6
28.6
0
0
0.2
0
0
0
0
0
0.6
0
0
0.2
1.4
0
0.4
1.8
0.2
0
0
0
0
0
0
0
0
0
0
0
2
15
0.4
40.2
9.8
0.4
0.2
3.8
0
0
0
0
0.4
9.8
9
0
0
7
0
0.2
0
36.8
0
0.4
0
0
0
10.8
5.2
0
0
0
0
2.6
14.2
0.2
0
1.6
12.8
6
0.8
0
0
0
0
0.4
10
3.6
1.4
0.2
0
0
0
0
0
0
0
0
0
0
0
0
0
0
0
0
0
0
0
0.4
0
0
0
0
0
0
0
0
2.6
0.4
0
19.2
0.4
0
0
2.8
0
0
0
0
0
0
0
0
0
0
0
0
0
0
0
0.4
1
0.2
0
0
0
17.6
0
0
0
0
0.2
0
0
0
0
0
0
0
0
0
0
0
0
0.6
0
0
0
0
0
12.4
0
0
0
0
0
0
0
0
0
0
0
0
0.2
0
0
0
0
0
0
0
0
0
0
0
0
0
0.2
0
6.8
35.1
0
0
18
8.2
0
0
0
4
0.2
0
0.6
7
2
0
0
0
0
0
0
0
0
0
0
0
0
0
0
0
0.2
0.2
0.2
0
0
0
0
0
0
0
8.4
0
0
0
0
0
0.2
0.4
0
1
0.2
0
0
4.6
2.6
6.8
0
0.8
0
17.5
7
0
0
0
1.6
0
0
0
0
0
0
0
0
0
0
0
0
0
0
0
0
0
0
0
0
0
0
0
3.8
0
13.4
0
0
1.2
1.6
0
8.6
5.8
9.2
0
0
0
0.2
0.2
0
0.2
0
0
0
0.8
0.6
0
0
0.2
1
0
0
0
0
0
0
0
0
0
0
0
0
0
0
0.2
0
0
0
0
0
0
0
0
0
0
0
0
0
0
0
0
0
0
0
0
0
0
0
0
0
0
0.2
12
13.2
4
2.2
0
0
0
0
0
0
0
0
0
0
0
0
0.6
0
0
0
0
0
16.8
1.4
0.8
0
0
0
0
0
0
0
0
1.4
0.2
0
0
0
0
0.2
0
0
0
0.2
1.2
0.4
1.8
0
0
0
0
2
0
0.2
0
0
0
0
0
0
0
0.6
0
0
0
0
0
0
0
0
0
0
0
0
0
0
0
0
0
0
0
0
0
0
0
3
3
0
0.6
0
0
0
0.4
0
0
0
3.6
1.4
0
15.4
12.9
0
0
0
0
10.5
0
0
0
0
0
0
0
0
0
1.4
0
0
0
0
0
0
0
0
0
0
0
3.4
0
0
0
0
0
0
0.4
0
0
0
0
0
0
0
2
0
0
7.7
0
0
0
0
0
0.4
4.6
7.1
0
0
0
0
0
0
0
0
0
0
0
0
0
0
0
0
0
0
0
0
9.9
0
5.4
4.5
0
0
0
0
0
0
1
1.6
2.6
0
0
0
0
0.2
0.4
0
8.7
8.7
0
0
0
0
0
0
0
0
0
0
0
0
0
0
0
0.8
9.6
53.4
9.4
0
0.2
0
0
13.9
0
0
4.2
87.1
0
0
0
0
0
0
0
46.1
0.8
0
0.2
0
0
0
0
0.2
0
0
0
0
0
0
0.4
10.7
1.4
23.3
4
12.4
0.4
0
1
0.2
0
0.2
0
0.4
0
0
0.2
0
0
0.2
0.2
0.6
0
0
0
0
0
0
0
0
21.2
5.2
3.6
48.9
72.5
32.4
49.7
2.4
0.2
0
0
0
0
0
0
0
0
0
0
0
0
0
0
3.4
0.2
0
1.2
0
0
0
0
0
0
0
0
0
0
0
0
1
0.4
0
0
0
0
0
0
0
0
0
0
0
0
0
0
0
0
1.8
0
30.5
12.4
0.8
1.8
0
0
0
0
7.1
6.2
0
0
0
0
0
0.2
0
0
0
0
18.4
20.7
28.9
15.8
0.6
0
0
0
0
0
0
0
0
0
0
0
0
0
0
0.6
0.2
0
0
0.8
0
0
0.4
0.2
0
0
6
0
0
0
0
0
0
1
0
0
0
0
0
0
0
0
0
0.2
0
0
2
0
1.8
1
0
0
0
0
0
0
0
0
0
0
0.2
0.2
0
0
0
0
0
0
0
0.2
0
0
0
0
1.8
0
0.6
0
0
0.4
0
0
0
0
0
0
0.2
0
0
0
0.2
0
0
0.2
0
0
0
0
0
0
0
1.2
0
0
0
0
0
0
0
0
0
0
0
0
0
0
0
0
0
0
13.6
0
0
0
0
0
0
0
0
0
0
0
0
0
0
1
0.6
0
0
0
0
0
0
0
0
0
0
0
0
0
0
0
0
0
0
0
0
6.4
0
0
0
0
0
0
0
0
0
0
0
0
0
0
0
0
0
0
0
0
0
0
0
0
0
0
0
0
0
0
0
5
0
0
0
4.6
2.8
2.4
21
0
0.6
0
0
0
0
0
1.2
5
1.4
0
2.6
0
0
0
0
0
0
0
0
0
0
0
0
0
0
0
33.9
16.4
28.9
0.2
0
0
0
0
0.2
0
0
16
5.4
0
0
0
0
0.2
0.2
0.2
0.2
0.2
0
0
0
0
0.2
0
0.2
21.1
7.4
1.4
0
0.2
0.2
0
3.6
0.2
0.4
0
0
0.8
0.2
0
0
0
0.2
0
0
0.2
0
0
0
0
0
0
0.2
0
0.2
0.2
0
0
0
0
0.2
0.2
1.6
0
0
0
0
0
0
0
0
0
0
0
0.4
0
0
0.2
0.2
0
0
21.8
0.2
1.4
0
0
0
0
0.2
0.2
13.4
1.8
0
2.2
0
0
0
6.6
2.2
0
0
0
0.2
0.4
0
0.2
0
0
0
0
0
0
0
0
0
0
0.2
0
0
0
0.2
0
0.6
0.2
0
0
0
0
1.4
0
0
0
0
0
0
0
0
0
0
0
0
0
0
0
0
5
2
0
0
0
0
0
0
0
24
0.2
0.2
0
0
0.2
0
0
0
0
0
0
0
0
0
0
0
0
11.4
0
0
0
0.8
0
0
0
0
0.2
0
0
0
0
0
0
0
0.2
0
0
0
8.4
2.8
0.4
2.6
0.8
22.4
10.6
19.8
2
0.6
0
0
1.6
0
0
1.6
5.2
6.6
0
0
0
0
0
0
0
0
0
0
0
0
0
0
16.4
0
12.6
0
11.4
0
0
0
0
0
0
0
0
0
0
6.6
0
0
0
0
0
0
2.4
0
0
0.6
0
0
0
0
0
0
0
1.6
0
0
0
0
0
0
0
0
0
0
0
0
0
0
0
0
0.4
0
0
0
0
0
0
0
0
0
0
0
0
0.6
0
0
0
0
0
0
0
0
0
0
0
0
0
0
0
0
0
0
0.4
0
0
0
0
0
0
0
0
0
0
0
0
0
0
0
0
0.2
0.6
98.5
0
0.2
0
45.5
4.2
0
0.2
10.2
0
1.8
17.6
0.2
0
13.4
0
0
0
0
0
0
0
0
0
0
0
0
0
0
0
0
0
0.2
0
0
0
0
0
0
0
0
0
0
0
0.2
4.8
0
0
0
0
0
0
3.2
0
0
0
0.2
21.4
1.4
0
0
0
0
0
1.6
0
0
0
0
0.2
20
0
0
0
0
0.2
0
0
1.4
2.4
7.6
0
0
0
0
0
0
0
0
0
0.2
0
0
0
0
0
0
0
0
0
0
0
0
0
1.2
1
0
0
0
0
0
0
0
0
0
0
0
0
0
0
0
0
0
0
0
0
0
0
0
0.8
0
2
9.2
0
2.2
20.6
0.6
0
0
0
0
0
0
0
0
0
0
6.2
26.9
0.2
0
0
0
0
0
0.4
1
0.2
0
0
0
0
0
0
0
0.2
0.2
0
0
0
0.2
0
0
0
0
0
0
0
3.4
4.2
0.6
0
0
0
0
0
0.2
0
0
0
0.2
0
0.2
1.6
4.4
1.6
0.2
0
0
0
3
1.8
0
0
0.2
0
0
0
0
0.2
0
0
0
0
0.6
0
0
0
0
0
0
0.2
0
0
5.2
0.2
0
0.6
2.8
0
0
0
0
0
0
2.8
0.2
0
0
0
0
0
0
0
0
2
0
8.8
0.2
0
0
0
0
6.4
2
0
3.4
0
0
0
0
0
0
0
1
0
0
0
0
0
0
0
0
0
0
26
96.5
5.2
0
0
0
1.8
0
1
0.2
15.7
0
0
2.4
1
6.6
9.8
4.8
1
0
0.2
0
0.8
14.9
0
2.2
0
2.8
0.2
4.4
0.8
0
2.4
0
0
0
0
0
0.6
0.2
0
0
0
0
0
0
0
0
0
5
0
0
3.6
1.2
0
0
0
0
0
0
0
0
0
0
51
0.2
0
0
0
0
0
0
0.6
1.4
0.2
0.2
0
0
0
0
0
0
0
0
0
0
0
0
0
0
0
0
0
0
0
0
0
0
0
0
0
0
0
0
0
10.8
0.6
0.6
0.2
0
0
0
0
0
0
0
0
0
0
0
0
0
0
0
0
0.2
0
0
0
0
0
0
0
0
0
0
6.4
7
0.4
0
0.2
0
0
0
0
0
0
0
0
0
0
0.2
3.2
0
0
0
0
0
0.2
0.2
0
0
4.6
0
0
0.2
0
2.2
0
0
0
0
30
30.4
0
11.8
15
14
0
0
0
0
0
0
0
0
0.2
0.8
0
0
0
0
0
0
0
0
0
0
0
0
0
0
0.6
11
2.6
0
0
0
0
0
0
0
0
0
12.6
5
0.2
0
4.4
0.4
4.8
2.6
0
0
0
0
0
0
0.2
0
0
23
17.8
3.8
0.6
1
0.2
0
5
0
0
0
2
0
0
36.1
10.6
0.2
0
0
0
0
0.2
0
0
0
0
0
0.2
0.2
0
0
0
0
0
0
0
15.4
14
3.2
2.8
0
2.4
0
0
0
0
0
0
0
0
0
0
0.2
0
0
0
0
0
0
0
0
0
0.2
0.2
2.4
0.4
0.2
0.4
6
0
0
0
0
0
0.2
0
0.2
0.2
0
0
0
0
0
0
0
0
0
0.2
0
0
0
0
12
7
6.4
14.4
15.4
6.8
3.6
0.2
0
0.2
16.6
1.4
0
0.6
18.2
3
0
0
0
0
0.2
0
0
0.4
0.2
0
0
0
0
9.4
0
0
0
5.2
13.6
0.2
0
0
0
0
0.4
0
0.6
0
0
0
0
3
0
0
0
0
0
0
0
0
0
0
0
0
0
0
0
0
0
0
0
0
0
7.4
2.6
0
0
0
0
0
0
0
0
0
0
0
0
0.4
0.6
0
0
0
0
1.6
0
0
0
0
0
0
0
0
0
0
0
0
0
2
0
0
0.2
0
0.2
0
0
0
0
0
0
0
0
0
0
0
0
0
0
0
0
0
0
0
0
0
0.6
0
0
0
0
0
0
0
0
0
0
0
0
0
0
0
0
0
0
0
0.4
0
0
0
0
0
0.2
0
0
0
0
0
0
0
0
0
0
0
0
0.4
13.2
2
0
9.6
0.2
0.2
0
0.6
1.6
0
0
0
0
0
0
0
5.4
0.8
0
0
0
0.2
0.2
0.2
0
1
0
0
0.2
0
0
0
0
0
0
1
5.2
14.2
38.6
0
0
0
0
0
0
0.2
0
0
0.2
0
0
0
0
0
0
0
0
0
0
0
0
0
0
0
0
0.2
0
0
0.2
0.2
0
0.2
0
0.4
0
0
5
0
0
0
0.2
0
0
0
0
0
0
0
0
0
2.6
29.2
4.8
0
0
0
0
0
10.4
5.2
9.4
9.8
1
3.2
0.2
0
1.4
0
0.4
0
0
0.2
11.8
11.6
0
18.2
4.4
0
0
0
7.6
1.6
2
0
0.4
2.4
2
0.8
0
0
0
0.2
1.8
6.8
0.2
0
0
0
0
1.2
0.4
0
0
10.4
0.2
0
0
14.2
6.2
0
0
0
0
0
2.2
1.6
0.6
10
7.8
0
4.2
0
0
0.2
0
0
0.6
0
0
0.4
16.6
0
0.2
0
10
24
0.8
0
0
0.4
0
0
0
0.2
0.2
0
0.2
0
4.6
6.6
0
0
0
0
0
0
0.2
1
0
0
0
0
2.4
0
0
5.2
0
0
0
0
1
0
0.6
0
0.6
0
0
0.8
0
0
0.4
1.6
0
0
0
0
0
0
0
0.2
1
71.6
20.8
0.4
0
0
0
0.8
0
0.6
38.9
1.4
2.6
0
0
0
0
0
0
0
0
0
0
0
0
0.2
0.2
0
0
0
0
0
0
0
0.2
3.6
0
0
18.2
0.8
2.2
0.2
0
18.4
1.8
0.8
0
0
0.2
0
0
0
0
0
0
0
0
0
6.4
0
0
0
0
0
0
0
0
0
0
0
0
0
0
0
0
0
0
0
0
0
0
0
0
0
0
0
0
0
0
0
0
0.4
1.8
0
0
0
0
0
0
0.2
0
0
35.8
0.8
1
0
0
0
0
15
0
0
0
0
0.2
0
0.2
0.2
0
0
0
0
0.4
0.2
0
0
0
1.2
0
0
0
0
0
0
0
0
0
3
38.6
1.6
0
14.2
8.8
0
0
0
0
0
0
0
0
0
0
0
0
0.2
0
0
0
0
34.2
11
13.4
12.4
0.4
0
0
0
0
0
0
0
0
0
0
0.2
0
0
0
0
0
0.2
1.2
0
0
0
0
0
0
0
0
0
0
0
0
0
0.2
0.2
0
0.2
0
0
1.8
0
0
0
0
0
0
0
0
0.4
6.2
0
0
0
0
0
0.2
1.2
2.6
2.4
0
0
0
0.8
0
0
0
0
0
0
0
8.6
1.8
0.2
0
0
0
0
0
0
3
1.2
0.4
0.6
0
0
1.2
0.2
0
0.2
0
0
0
0
0
0
0
0
0
0
0.2
0
0
0
0
0
0
2.6
1.6
38.7
0.2
10.6
3.2
0
0
0
0
0
0
0
0
0
0
0
0.2
0
1
0.8
0.6
12.6
0.2
1.4
0.2
0.2
0
0
0
0.2
0
0
1.4
0.2
0.2
24.2
0.4
0
0.2
0
0
0
0.2
0
69.4
0.2
2.8
17.2
0.2
0
0
0
0
0
0.6
0
0
0
0
2.2
0
0
0
0
0
0
0
0
0
0
0.2
0
0
0.2
1.2
0
0
0
0
0
0
0.2
0
0
0
2.8
9.2
25.5
0
1.4
0
1.4
2
0
0.2
0
4.4
0.2
0
0
26.7
0
0.2
0
0.2
0
0
8.4
0.2
0
0
0
0
0
0
0
0
0
0
0
0
0.8
0
0.2
28.5
0.4
1.8
0.4
5.4
1.4
0
14.2
0
0
8.6
0
0
0
0
0
0
0
0
0
0
0
0
0
0
0
0
0
0
0
0
0
0
0.2
0
0
0
0
0
0
0
0
8
0.4
10.4
0
0
0
1
28.3
0
0
0.6
0.2
0
0
0
0
0
0
7.6
0
0
0
0
0
0
0
0.6
0
0
0
0
0
0.2
0
0
0
0
0
0
0
0
0
0
0
0
1.2
0
0
0.4
0
0
0
0
0
0
6.6
0
0
0
0.2
0
0.2
0
0
0
0
0
0.2
0
0
0
0
0
0.2
2.2
0
0
0
0
0
0
0
0.2
0
0
0
0
0
0
0
0
0
0
0
0
0
0
0
0
0
0
0
5.6
3.6
41.4
0
0
35.7
10.2
0
0
0
0
9.6
1.8
54.4
6
14.4
0
0
0
0
0.2
0
0
2.4
20.2
9
0
0
0
0.4
0.6
0
0
0
0
0
0
0
0
0
0
0
0
0
0
0
0
0
-99
-99
0
0
0
0
0
0
0
0
0
0
0
0
0
0
0
0
0
0
0
0
0
0
0
0
0
0
0
0
0
0
0
0
0
0
0
0
0.2
0
0
0
0
0
0
0
0
0
0
2
2
0.2
0
0
4.8
1.8
0
0
0
0
0
0
0
0
0
0
0
0
0
0
0
0
0
0
0
0
0
0
0
0
0
0
0
0
0.2
0.4
0
0
0
0
0
0
0
0
0
0
0
0
0
0
0
0
4.4
29.6
14.8
0
0
0
0
0
0
0
0
0
0
0
6.4
34
7
1.4
0.2
0
0
0
0
2.4
0
0.4
3.6
0
0
0
0.8
0
0.4
0.6
0
0
0
0
0
10.8
0
19.8
0
0
0.2
0
0
0.6
0
0
0
0
0
0.4
0
0
0
0
0.8
0.2
3.2
8.2
0.2
0
0
0
0
0
0
0
0
0
0
0
0
0.2
0
0
0
0
1.8
0.2
0
0
0
0
0
0
0
0
0
0.4
0
0
0
0
0
0
0
0
0
0
0
16.4
0
0.2
0
0.2
0
0
0
0
0
0
0
0.2
0
0
0
0
0
0
0
0
0
0
0
0
0
0
0.2
0
0
0
0
0
0
0
0
13.2
0
0
0
0
0
0
0
0
0
0
0
0
0
0
0
0
0
0
0
0
0.4
0
0
10.4
0.2
0
0
0
0
0
0
0
0
0
0
0
0
0
0
0
0
0
0
10.8
0.4
0.2
0
0
0
0
1.5
0
1.6
59.6
0
0
0
0
0
0
0.1
0
0
0
5.6
1.3
6.5
0.1
1.1
0
0
0
1.5
7.4
5.5
21
2.1
0
0
49.2
26.2
0
0
0
4.1
29.5
0
0
0
2
0
0
0
0
1
0.1
0
0
0
0
0
0
0.4
0.3
0
0
0
0
0
0
0
0.5
6.8
0.1
0
0
0
0
0
0
0
0
0
0
0
0
0
1.2
4.8
0.3
0
0
0
0
0
0
0.2
0
0.2
0.3
0
0
0
0
0
0
0
0
0
0
0
0
0
0
0
0
0
0
0
2.4
0
0
0
0
0.7
12.3
0.1
0
3.5
0
0
0
1
2.4
1.4
0
0
0
0
0
0
0
0
0
0
0
0
0
0
0
0
0
0
0
0.1
0
0
0
0
3.4
16.2
0
0
0
0
49
30.1
0
0
5.4
40.2
10.9
0.5
0.1
0
0
0
0
15.7
0
0
0
2
0.2
0
2
0
0
0
0.3
0.1
0
0.2
0
1.7
0.1
0
0.3
0
0
2.5
1.5
2.6
0
0
0
0
0
0
0
0
0
0
0
0
0
0
0
0
0
0
15.6
9.1
22.7
10.6
31.2
2.7
0
0
0
0
0.4
0
0
0
0.2
0
0.3
0
0
1.3
17
1.3
0.2
5.1
1.6
0.2
0
0
0
0
0
0
0
0
0
0
0
0
0
0
0
0.4
0
0
7.9
1.3
0
0
0
0
0
0
0
0
0.6
0
0
7.6
0.1
0
0
0
0
0
0
0
0
0
0
0
0
0
0
0
0
0
0
0.7
0.1
0
0
0
0
7.5
5
1.4
0.2
0
0
0
0
0
0
0
2.1
0.1
0
0
0
0
0
0
0
0
0.1
0.3
0
0
0
0
0
0
0
1.2
0.1
0
0.2
0
0
0
0
4
0.1
0.8
0.5
2.8
1.8
0
0
0
0
0
0
0
0
9.3
11.9
0
0
6.7
0
0
0
0
0
0
0
0
0
0
0
0
0
0
0
0.1
0
0
0
0.1
0
1.6
6.2
0.1
0.3
3.9
0
14
0.1
0.2
0
0
0
0
0
0
0
0
0.2
0.1
1.4
3
0
0
0.2
0
0
5
0
0
0
0
0.2
0
0
0
0
0
0
0
0
0
0
0
0
60.8
30.9
71.3
0.3
0
0
0
0
0
0
0
0
0
0
0.3
0
0
0
0
0
0
0
0
0
0
0
0
0
0
0
0
0
0
9.4
3.3
0
0
0
1.3
1.7
0
0
0
0
0
0
0
0
0
1.4
0
0
0
0
0.1
0
1.7
0.8
3
0
0
0.8
0
1.2
4.1
0
0
3.2
0
0
0
0
0
0.1
7.8
2.4
0
1.3
0
0
1.3
1.4
0
0
0.1
17.3
0.3
0
0
0
0
0
7.6
0.1
0
0
0
0.2
0
0
0.1
0
0
0
0
0
0
0
0
0
0
0
0
0
0
0
0
0
0
0
0
0
0
0
0
0
0.3
0
0
0
0.5
0.8
0
0
7.3
1
0.1
0.3
15.3
1.2
0
0
0
0
0
0
0.4
0
0
0
0
0
0
0
1.8
2
3.2
0.1
0
0.1
0
0
0
0
0
0
0
0
0
0
0
0
0
0
0
0
2.3
2.6
0.4
0
0
0
0
0
0
1.8
0
0.1
0
0
0
16.4
0
1.1
0
4
2
0
0
0
0
0
0
0
0
0
0
0
0
0
0.1
1.2
0
18.4
0.1
0
0
0
0
0
4.6
0
0
0
0
0
0
0
0
0.4
12.9
0
0
23.3
0.1
0
0
0
0
0
0
0
0
0
0
0
0
0
0
0
0
0.5
0
0
1.8
0
0
0
0
0.8
0
0
0
0
0
0
0
0
0
0
0
0
0
2.2
0.1
0
0
0
4.5
45.8
0
0.6
0
0
0
0
0
0
0
0
0
0
0
0.2
0
0
1.6
0
0
0
0
0
21.5
0.1
3.7
9.6
0.1
0
0.1
0.2
5.6
2.3
0
0.1
0
0
23.5
0.1
2.6
0.1
0
0
0
3.1
0
0
0
0
0.3
0.1
5.1
0.1
0
0
0
0
0
0
0
0
0
0
0
0
0
0
0
0
0
0
0
0
2.7
14.9
0
0
0
0
0.5
0
6.1
0
0
1.2
0.4
0
0
0
0
0
0
0
0
0
0
28.3
1.4
10.3
31.5
30
0.8
0
6.1
1.3
0
0
0
0.2
0
0
0
0
0
46.4
11.6
0
0
0
0
0
0
0
0
0.1
0
0
0
0
0
0
0
0
0
0
0
0
0
0
0
0
0
0
0
0
0
0
0.8
0
3.3
6.6
0.1
0
0
0
0
0
0
0
0
0
0.5
0
0
0
1.8
13.6
0
0
0
0
0
0
0
0
0
0
0
0
0
0
0
0
0.4
0
0.4
0.1
0
0
0
0
0
0
0
4.7
0
0
0
0
0
0
0
0
0
2.4
0.1
1
0
0
0
12.1
41.9
0
3.6
1.4
0.9
0
0
0
0
0
0
0
0
0
0
0
0
0
0
0
0
0
0
0
0
0
0.2
0
0
1.7
0
0
0.1
0
0
0.1
8.7
0.1
0
0
0
0
0
0
0
0
0
0
0
0
0
0
0
0
0
0
0
0
0
5
5.5
0
0
0
0
0
0
0
0
0
0
0
0
0
0
0
0
0
0
0
0
0
2.8
0
0.3
0.5
10.1
9.6
0
0
0
0
0
0
0
0
0
0
0
0
0
0
0
0
0
0
0
0
0
0
0
0
0
0
0
0
0
0
0
0
0
0
0.5
0.9
0
0
12.2
0
0
0.5
0
0
15.3
3.3
0
0
3
0
0
0
3.2
0
0
0
0
0
0
3.9
0.1
2.5
13.5
0
0
0
2.8
0
0
0
0
0
0
0
0
0.4
0
10.1
2
3.4
0.1
0
0
0
0
22.3
0.1
0.8
0.1
0
0
0
0.1
0
0
0
0
0
0
0
0
0
3
0
2
8.1
4.7
0
18.4
0
0
0
0
0
0
0
0
0
4.4
0.9
0
0
0
0
0.3
0
0
0
0
0
0
0.2
0.9
4.4
0
0
0
0
43
13.6
0.3
0.1
0
0
0.1
0.1
0
0
0.1
0
0
0
0
0
0
0
0
0
0
0
0
0
0
0
0
0
0
0
0
0
0
0
0
9.4
0.5
0.1
0
0
0
0
0
0
0
0
0
0
0
0
0
0
0
0
0.1
0
0
0
0
0
0
0.7
0
1
0
0
0
0
0
0
0
0
0
0
0
0
0
0
0
0
0
0
0
0
0
0
0
0
0
0
0
0
0
0
0
0
0
1.4
0
0
0.5
2
0
5
0.9
0
0
0
0
0
0
0
0
0
0
0
0
22.6
4.6
0
0
0
0
0
0
0
0
0
0.2
0
0
0
0
5
10.8
8
0.4
0
1.3
14.9
0.1
0
0
0
0.3
0.1
0
0
0
0
0
16.4
0
0
8
22.3
0
0
0.1
0
0
0.6
0
0
0
0
0
0
0
0
0.8
14.2
0.1
3.4
0.1
0
0
3.6
3.7
0
2.2
0
0
0
0
0
1.3
0
0.2
3.4
11.2
0.1
0
0
0
0
0
0
0
0
0
0
3.2
0
0
0
0
0
5.3
0
0
0
0
0
0
0
0
0
0
0
0
0
0
0
0
0
0
0
0
3
0
0
0
0
0
0
0
0.6
0
0
0.1
0
0
0
0
0
0
0
0
0
0
0
0
0
1.2
0
0
0
0
0
0
0.3
0.3
9.1
0
0
0
0
0
0
0
0
0
0
0
0
0
0
0
0
0
8.2
0
0
0
0
0
0
0
0
0
0
0
0
0
0
0
0
0
0
0
0
0
0
0
0
0
0
0
0
0
0
0
0
0
0
16.8
2.3
1.5
0
0
0
0
0
0
0
1.7
0
0.2
0
0.1
0
0
0
0
0
0
0
0
30.4
0
3.3
0.1
1.6
0
17
19
0.2
0
0.1
0
0
0
0.4
0.3
13.3
0
1.9
3.9
0
0
0.1
0.2
0.1
0
0
0
0
0
1.1
0.4
0
0
0
0
0
0.3
0
0
0
0
0
0
0
0.3
8.8
6.8
29.3
0
0
4.3
41.3
0.1
0
0
0
0
0
0.2
0.9
0
0
0
0
0
0
0
0
0
0
3.2
1.9
0
6.8
7
0.7
0
0
0
0
0
0
0
0
0
0
0
0
0
0
0
0
0
0
0
0
0
0
0
0
0
0
0
0
0
3.7
1
5.9
1.3
0
1.3
0.4
14.4
1.7
0
0
0
0
0.1
0
0
0
0
0
0.1
0
0
0
0
5.3
0.2
0
0
0.1
0
0
0
0
0
0
13
0.1
0
0
0
0
0
10.9
8.3
0
0
0
0
0
0
0
0.1
0
0
0
0
0
0
0
0
0
0
0
48.5
4.6
0
0.6
0.1
0
0
4
5.9
0.1
0
0
5.4
0.1
0
0
0
0
0
0
0
0
0
0
0
0
0
0
0
0
0
0
0.4
9.2
21.5
0
0
4.2
0
0
0.9
0
0
0
0
0
0
0.1
13.1
0
0
0
0
0
0
1.1
0
0
0
0
0
0
0
0
0
0
0
3
0
0
0
0.6
2.4
28.2
0
0.2
0
0
0
0
0
0
0
0
0
0
0
0
0
0
0
0
0
0.3
0.3
0
1.3
0
0
0
0
0
0
0
0
0
1.3
0
0
0
0
0
0
0
0
0
0
0
0
0
0
8.3
0.1
0
0
0
0
0
0
0
0.1
0
0
0
0
0
0
0.2
6.5
0.2
0
0
0
0
0
0
0
0
0
0
0
0
0
0
0
0
0
0
0
2.6
1.5
0
0
0.5
0.3
0
0.8
0
0
3.9
0
0
0
0
3.1
4.9
0.1
0
0.1
0
0
0
1.4
0.1
0
2.9
0.1
0
0
0
1
3.2
0
0
0
0
0
0.3
0
0
0
0
0
0
0
0
0
0
23.1
50.2
0.1
0
0
0
0
0
0
0.2
0
0
9
1.5
0
1.2
0
15.1
0.1
0
0
0
0
0
0
0
0
0
0
0
0
0
0
0
0
0
0
0
0
0
0
0
0
0
0
0
0
0
0
0
0
0
0
0.1
1.4
0
0
0
0
0
0
0
0
0
0
0
0
0
0
0
2.2
0
0
0
0
0
0
0
0
0
0
19.9
0.1
0
0
0
0
1.6
0
0
0
0
0
0
0
0
0
0
0
0.2
25.6
0
0
0
0
0
2.8
0.3
0
37.2
53.1
5.9
0
0.1
0.1
0
0
14.7
0
0
0
0.2
2.4
0
0
0
0
0.3
5.3
0
0
0
2.1
6.8
2.7
3
0.3
0.5
5.6
0
0
1.3
0.1
0.9
0.7
0
0
0
0.6
0
2.3
0
0.3
15.4
0
0
0
36.7
1.1
0
0
0
0
0.1
0
0
0
0
0
0
0.1
0
4.6
0
10.3
28.7
0.1
6.4
10.1
0
0.4
0
0
0
0
0
0
0
0
0
0
2.7
0.1
2.9
0
5.4
0.1
0
0.6
0.9
3.9
0
0.5
1.9
0
0
5.5
1.6
0
0
0
0
0
0.1
0
0
0
0
0
0.1
0.3
0
0.3
0
0.7
0
0
0
20.4
0.1
3.3
83.1
12.4
0
0
0.1
0
0
0
0
0
0
0
0
0
0
0
0
0
0
0
0
0
0
0
0
0
0
0
0
0
0.4
0
0
0
0
0
0
0
0
0
5.3
0
0
0
0
0.4
0.2
0
0
0
0
0
0
0
0
0
0
0
0
0
0
0
0
0
7.2
0
0
0
5.9
2
0.1
0
19.4
0
0
0
0
0
0
0
0
1.1
0
0.1
2.1
6
24
0
0
10
0.1
0
14.4
5.5
0.1
0
0
0
26
0
0
0
0.1
0
20.9
0
0
0
0
0
0
0
0
0
0
0
0
0
0
0
0
0
0
0
0.6
20.4
3.9
0.1
0
23.3
41.4
0
0
0
5.7
54.2
0.4
0
0
0
0
0
0.1
12.8
22.4
0
12
41
2.4
0
0
0
18.9
0.1
0
3.4
18.6
0
0
0
0
0
3
0
0
4.3
1.4
6.8
0
0
6.8
0
0.1
2.2
0
0
0
0.4
0
0
0
0
0
0
0
0
0
0
0
0
4.4
0.5
0
0
0
0
0
0
0
0
0
0
0
0
0
0
0
0
0
0
0
0
0
0
0
0
0
0
0
0
0
0
0
0
0
5.6
6
3.7
10
0.1
0
0
0
0
0
0
0
0
0
0
4.9
0
0
0
0
0
0
0
0.1
0
0
0
0
0
0.1
0
0
0
0
0
0
0.2
0
0
0
0
0
0
0
0
0
0
0
0.1
0
0
0
0
0
0
0
0
0
0
0
0
0.9
0
0
0
0
0
0
0
0
0
0
0
0
0
0
1.6
0
6.5
2.7
4.7
1
0
1
0
0
0
0
0
0
0
0
0
1.5
0.1
0
0
0
0.7
0
0
0
0
0.1
0
0
10.5
0.1
0
0
0
0.1
0
0.3
0
0
0
0
0
0.3
15.2
0.2
18.6
0.1
0
0
0
26
2.7
1.9
0
0
0
0
0
0
0
0
0
0
0
0
0
0
0
23.6
0.1
0
0
0
0
0
0
0
0
0
0
0
0
0
0
0
0
0
0
0
0
0
0
0
0.6
0.6
7.5
1.7
0
0
0
0
0
0
0
0
0
0
0
0
0
0
0
0
0.7
2.7
0
0
0
0
0
0
0
0
0
0
0
0
0
0
0
42.2
0
0
0
6.9
0
0
0
0
0
0
0
0
0
0.3
4.7
0
0
0
0
0
1.7
0
0
4.6
0
0
0
0
14.1
14.1
0
0.4
0
0
0
0
0
0
0
0.5
3.4
0
0
0
0
0
0
0
0
0
8.2
0
0
0
0
0
0
0.2
0.5
0
0
0
1.4
0
0
0
0
0
0.7
0.7
41.9
10.1
0
0
0
0
0
0
0
1.5
0.1
1.4
3
0
0
0
0
0
0
3.9
0
0
2.5
13.3
0
0
0
0
0
0.2
0
16.2
1.6
0
0
0
0
0
0
0
0
0
0
59.4
7.5
0
0
0
0
0
0
0
0
0
0
0
0
0
1
11.1
0.7
0
0
0
0
0
0
0
0
0
0
0
0
0
0
0
0
0
0
0
19.3
0.1
0
0
0
0
0
0
0
2.2
12.4
128
2.3
9.9
0
1.5
0
0
0
0
0
0
0
0
0
0
0
0
0
0
0
0
0
0.1
0
0
0
0
0.1
1
0
0
0
0
0
0
0.1
0
0
0
0
0
1.5
0
0
0.3
0
0
0
0
0
0
0
0
0
0
36.3
0
0
0
0
0
0.7
1
0
0.4
1.3
0.2
0
0
7.7
3.1
5.3
0
0
0
0.1
0
0.1
0
0
0
0
0
8.3
0
0
0
0
7.4
49.7
26.6
56.5
2.7
0.1
0
0
0
3
1.9
0
0
0
0
0
0
0
0
0
0
0
5.5
0
0.1
0
17.8
0.3
6.3
0
0
0
0
0
0
0
0
0
0
0
0
1.8
0
0.1
0.2
0
11.3
1
0
0
16.3
0.1
4.5
0
0
0
0
0
0
1.9
0
17.3
0
0
0
0
0
0
0
0
0
0
0
0
0
0
4.6
0
0
0
0
0
0
0
0
0
0.2
0
0
7.9
0.3
0.3
0
0
0
0
0
0
0
0
0
0
0
0
0
0
0
10.4
0.7
0
0
0
0
0
0
0
0
0
0
0
0
0
0
0
0
0
0
0
0
0
0
0
8.6
16
0.2
0
0
0
0
0
0
4.2
52.6
0.1
10.6
2.2
0
0
0
0
0
0
0
20.7
0.1
0
0
0
0
0
0
0
0
0
0
0
0
2.2
0
0
0
0
0
0.8
0
44
0.2
0
0
4.8
0
0
0
0
0
0
0
0.9
1.5
0
0
0
0
0
0
0
0
0
0.1
6.4
9.6
0.3
1.7
5.1
0.1
0
0
0
0
0
0
0
1.4
0
0.1
0.1
0
0
0
0
0
1
0.7
8.6
23.2
0
0
0.1
0
0
0
0
0
1.7
0
0
0
2.2
0
0
0
0
0
1.9
27.6
0
0
0
0
0
0
0
0
0
0
0
0
0
0.4
0
0
0
0
0
0
0
11.6
13.8
0
0
0
0
0
0
0
0
0
0
0
11.6
0
0
0.3
0.6
0
0
0
0
0
0
0
0
0
0
0
0
2.3
0.3
0.1
0
1.2
0.4
5.5
1.1
0.1
0
0
0
0
0
7.3
0.1
0
0
0
0
0
0
0
0
0
0
0
0.6
1.9
0
0
0
0
0.1
0
0
0
0
6.5
7.7
0.1
0
0
0
0
0
0
0
0
0
0
0
0
0
2.8
0.1
0
0
0
0
1
0.2
0.5
3
0
0
0
2.2
0
0
0
0.1
2.3
0
0
0
0.1
5.5
0
0.4
0.1
0.9
22.8
0.1
0
0
0
0
0
0
0.1
1.7
0.1
0.3
5
0.4
0
0
0
0.1
0.8
0.2
0
0
0
0
0
0
0
0
0
0
0
0
0
0
0
0
1.3
0
0
0
0
0
0
0
0
0
0
1.1
0
0
0
0
0
10.4
0
0
1.1
0.1
0
0
0
0
0
0
0
0
0
0
0
0
0
0
0
0
0
0
0
0
0
0
0
0
0
0
0
0
0
0
0
0
0
13
0.1
0
0
0
0
0
0
0
0.2
0
0
0
0
0
0
0
0
0
0.1
0
0
0
0
7.1
0
0
0
0
0
12.6
0
1.7
4.1
0
0
0
0
0
0
2.3
3.3
0
0
0
0
0.1
0.6
0
8.6
0
0
0
0
10.1
0
0.4
0
0
0
5.6
0.2
0
0
13
13.8
0
0
0
0
4.7
0
0
0
0
0
0
0
0
0.6
0
0
0.2
0
0
0
0
0
0
0
1.2
21
0
1.3
0
0.1
0
0
0
0
0
2.2
6.8
6.2
0.7
0
4.7
0.1
3
0
0
0
0
0
0.7
43.8
21.2
9.6
0
0
0
0
0
0.5
0
0
0
0
0
0
0
0
0
0
0
0
0
0
0
0
0
0
0
0
0.3
0.8
0.4
0.1
0
0
0
0
0
0
0
0
0
0
1.2
0
0
0
0
0.1
0
0
0
0
0
0
0
0
0.1
0
0
0
0
0
0
0
0
0
0
0
0
0
0
0
0
0
0
0
0
0
0
0
0.5
0.1
0
0
0
0
0
0.1
0
0
0
0
0
0
5.6
0
0
0
0.1
0
0
0
4
0
4.6
0.2
1
3.6
21.9
1
0.5
0
0
0.5
0
0.5
0
2.4
0.7
1.8
0.1
0
1.7
0
0
0.1
2.8
0.2
0
0
0
0
0
0
0
0
0
0
0
0
6
0
0
0
0
0
0.1
3.7
12.5
0
2.2
0
0
0
0
0
0
0
0
0.9
1.7
0
0.5
0
0
0
0
0
0
0
0
0
0
0
0
0
0
0
0
0
0
23.6
8.6
0
0
0
0
0
0
0
0
0
0
0
0
0
0
0
0
0
0
0
0
0
0
0
0
0
0
9.3
1.1
0
0
0
0
0
0
0
0
0
0
0
0
2.9
1.9
0
0
0
0
0
0
0
0
0
0
0
0
0
0
0
0
0
0
0
0
18.1
3
0
0
0
0
0
0
0
2.6
0
0
0
0
0
0
0
0
0.1
0
2.3
5.1
30
0
0
0
0
0
0
1.2
0
0.4
0
0.1
0
67.4
0
0
0
0
0
0
0
0
0
0
0.1
0
0
4.8
0
0
0
0
0
0
0
0
11.7
1.6
0
0
0
0
0
0
0
0
0
0
0
0
11.1
0
0
0
0
0
0
0
0
0
0
0
0
0
0.4
0
0
0
0
0
0
0
0
0
0
0
0
0.1
0
0
0
0
0
0.1
9.1
0
0
0
0.4
0
0
0
0.2
0
0
0.4
0
0
0
0
0
0
2.2
0
0
0
0
0.1
1.1
0
0
0
16.2
0
0.3
0.8
9.6
1.7
0.7
0.6
0
0.1
0.1
0
1
1.2
0
0
0
0
0
0
0
0.1
0
0
