20000101
0
0
0
0.2
0
0.2
0
0
0.6
1
0
0
0.2
0.8
1.2
0
0.2
0
0
0
0
0
0
0
0
0.2
0.2
0
0.2
0
0
0
0
0
0
0
0
0
0
0
0
0
0.6
0
0
0
0.2
0
0
0
0
0.4
0
0
0
0
0
0
0
0.6
0
0
0
0
0
0
0
0
0
0
0
0
0
0
0
0.2
0
0
0
0
0
0
2.8
0
2.2
0.6
0.4
8
0.2
12.6
15.6
0
0.2
4.6
0
0
0
0
0
0
19.8
5.6
0
0
0.6
0
6.2
0
0
0
0
0
0
0
0
0
0
1
2.2
0.2
0
0
0
0
0
0
0
0
0
0
7.4
0
0
0
0
0
0
1.6
0.6
2
1.6
8.2
3
0
7.8
2
0.6
2
0
0
0
0
0
0
0
0
4.4
0
0
0
1.6
51.2
2.2
0
0
1.4
0.2
0
0
0
0
0
0
0
1
0
0
0
0
0
0
0.4
0
0
0
0
0
0
0
0
0
3.6
0
0
0
0
0
1
0
0.2
0
0
0
0
0.4
0.2
0
0
0
0
0
1.4
0
0
0
0
24.4
0
0
0
0
0
0
0
0.4
0
0
0
0
0
0
0
0
0
0
0
0
0
0
0
0
0
5.6
0
0
0
0
0
0
0
0
0
0
0
0
0.2
0.2
0
0
0.2
0.2
3
26.6
0
0
0
0
0.2
0
0
5.6
17.8
6.2
0
0
0
0
0
0
0
0
0
0
1
0.2
0.2
6.8
0
0.2
0
0
0
0
0
0.2
18
3.4
0.4
0
2.6
0.2
0.4
0.2
4.6
3
0.2
0.8
0
0
0.8
2.8
0
0
0
0
0
0
1.6
0
0
0
0
0
0
0
0
0.8
12.2
0
0
0.6
1.4
0.2
3
0
0
0
0
0
0
1.2
3.6
0
0
0
0
0
0
0
0
0
0
0
0
0
5.8
14.2
26.8
32.2
0.4
0.6
0.6
1.2
0
0
0
0
0.2
0
0.2
0
0
0
0
0
0
0.8
0
2
5.6
2.4
0
0
0
0
0
0.2
0
0
0
0
0
0.2
1.8
0
0
0
0
0
0
0
0
0
0
0
0
0
0
0
6.6
26.2
0
0
0
0
0
0
0
0
0
0.4
0.8
0
0
0.6
0.2
3.4
0
0
2.8
0
8
3
0
0
0
0
0
0
0
0
0
0
0
0
0
0
0
0
0
0
1
0
1.4
0
0
0
0.2
0
0
0
0
0
0
0
0
0
0
0
0
0
0
0.2
0.2
0.2
0.2
0
0
0
0
0
0
6.4
0
1
22.2
5.4
0.2
1.6
1
1.2
0
0
0
3.2
4.2
0
0
0
1
0
0
9
6.4
0
0
0
0
0
1.2
0.2
0
0
0
0
0
0
0
0
0
0
0
0
0
0
0
2.2
0
0
4.8
0
0
0
0
0
0
0
0
0
0
0
0
0
0
0
0
0
0
0
0
0
0
0.4
0
0
1.2
0.2
0
0
0
1.4
0.8
8.8
0
0.2
34.2
0
0
0
0
0
0
0
0
0
0
0
0
0
0
0
0
0
0
0
0
0
0
0
0
0
0
0
0
0
0
0
0
0
0
0
0
0
0
0
0
0
0
0
0
0
0.8
0
0
0
0
0
0
0
0
0
0
0.4
0
0
0
0.2
0
0.2
0
35.6
0
0.2
0
0
0.2
7.2
29.2
0.2
0.2
0.2
0.2
5.6
2.4
0
0
0
21.2
1.2
0
0
1.6
0
0
0
3.2
9.4
50.4
2
0
0
0
0
0
0.2
0.2
0
0.2
0.4
0.2
0.2
0
0
0.2
0.2
0
0.2
0.2
0
0
12.8
0.2
0
0
27.2
53.4
6
0
0.2
0
0.2
0
0.2
0
0
0.2
0
0
0.2
0.2
0
0.2
0
0.2
0
0
0.2
0
0
0
0
0
0
4.6
16.8
0
0.4
0.8
0
0.2
0
0
0
0
0
0
0
0.2
0
0
0.4
0.8
7.2
6.6
1.8
0
0.2
0.2
1.2
0
0
0.2
0
0
0.2
1
0
0
0
0.2
0
0
0.2
3.4
1
0
0
0
0.6
0
0.2
0
0
0
0
0
1
0.4
0
0
0
0
0.2
0
0
0.2
0
3.6
0
0.2
0
0
0
0
0
0
0
0
0
0
0
3.2
0.2
0.4
30
0
0
0
0
0
0
0
1.2
0
0
0
0.6
0
0
0
0
0
0
0
0
0
0
0
7.2
0
0
0
3.4
32.4
13.8
0
7.4
17.6
0.4
0.2
32.4
2.2
11.8
0
0.2
0
0
0
0
2.2
0
0
0
0
0
0
0
0
0
0
0
1.8
4.6
1.8
0
0
8.8
9.6
23.4
9
1
12.6
0.2
0
0
0
0
0
0
0
0
0
0.6
1.8
0
0
1.2
0
0
0
0
0
0
0
0
10.2
0.2
0
1
13
0
0
0
0
0
0
0
0
0
0
0
0
0
0
0
0
0
0
0
0.4
0.6
0
0
0
0
0
0
0
0
0
0
0
0
2.6
1.6
0
0
0
0
0
0
0
0
0
0
0
0
0
0
0
0
6.4
0.8
8.6
0
0
0
0
0
0
4
2.6
4.6
0
0
0
0
0.4
0
0
1.2
0.4
0
0
21.8
19.6
25
1.6
10.8
9.8
0.2
0.2
0
2.6
-99
1.6
1
3.6
-99
-99
-99
-99
0
0
0
0
2
0
0.2
6.4
17.4
0
0.2
4.6
2.4
0.2
0
0
0
0
0
0
0
0
0
3
0
0
0
0
0
7
111
19.2
0
0
0
0.2
0
0.2
0
0
0
0.2
0
0
0
0
0
0
0.2
0
0.2
0.2
0
0.2
0
0
0
0
2.6
5.8
0
0
0
0
0.4
3.4
10.2
1.8
0
0
0.2
0
16.2
0.2
0
1
25.2
0.2
0
0
0
0
0
0.4
0
0
0
0
0
0
0
6.4
56.8
0
0.2
0
1
0.2
0
0
0
2.6
2.2
0.2
0.2
0.2
0
0
0
1
0.2
0
1
0.2
0
0
0
0
8.4
2.4
0
0
0.2
0.2
0
0
0
0
0
0.2
0
0
0.6
2.4
0.8
1.8
0
0
0
0
0
0
0
0.2
0
0
0
0
0.2
0
0
0
0
0.2
0
0
0
13.6
9
0.2
0
0
0
12.4
26.2
0.2
0.2
0
0
31
23
0.2
0
0
0
0
0.2
0.4
1.8
0
0
0
0.2
0
0.2
0
0
1
0
0
0
0
0
0
0
0
0
0
0
0
46.6
0.2
3
4
0
0.2
0
0
0
0
0
0
8.2
0
0
0
0
1.4
0.4
0
0
0
3.6
1.4
0
0
0
0
0
0
0
0
0
0.2
0
2.4
0
0
0.2
14.2
23.2
0.4
0
0
0
0
0
0
1.4
1
2.2
0
3
0
0
0
0
3.4
17
0
0
0
0
0
0
0
0
0
0
1.8
0
0
0
0
0
0
0
0
0
0
0
0.6
0
0
0
0
0
0
0
0
0
0
0.8
0
0
0
0
14.6
0.2
0.4
0
0
0
0.2
0
0
0
0
0
0
0
0
0
0
0
0
0
0
0
0
0
0
0
0
0
0
0
0
0
0
0
0
0
0
0
0
0
0
0
0
0
0
24.4
0
0
0
0
0
0.6
0
0
0
0
0
0
0
26.8
0
1
6.4
0
0.6
0.2
14.8
5.2
0
0
0
0
0.2
0
0
0
0
0
0
0
1.2
3.2
0
0
0
0
20.2
0
5.2
20.6
17
0
0.2
0
0
0
0
0
0
0
0.2
2.8
0.2
0
4
36.6
52.4
5.6
14
0
0
1.8
0
0
0
22.2
3.8
2.6
0
0
6.2
0
0
0
0
0
0.2
0.2
1.2
3.2
11.2
1
0
0
0.2
0.2
20.6
2.6
0
0
0
4.4
0
3
5.2
0
0.8
1
0
0
0
10.8
0
7
14.6
9.2
0
1.8
1.6
0
0
0
0
0.2
0.2
0.2
0
0
1
0
0.2
0
0.2
0
0
0.2
0.2
0.2
0.6
0.2
0
0
0
0
0
0
0
0
0
0.2
0
0
0
0.2
0
0
0
0
0
0.2
0
0
0
0
0.4
1.2
0.4
0
0
0
0
0.6
0.2
0
0
0.2
0.2
0.2
0
0
0
0
0
0
0
0
0
0.2
16.6
7.6
0
11.4
15.2
1.2
1
0
2
21.6
35
0.2
0
0.4
0.2
0
0
0
0
0
0
0
0
0
0
0.6
0.6
0
0.2
0
0
0
0
0
0
0.2
0
0
0
0
15.4
1.6
33.2
5.2
9.2
1.4
13.2
0
0
0
-99
0
20
1.6
0
0
1.4
0
1.4
0.2
34
0.2
0.2
0
0
0
26.2
0
0
0
0
0
3.4
5.4
0.6
0
0.6
13
1.2
0
0
0
0
0.2
16
18
2.6
1.4
0
0
0
0
0
0
0
0
0
0
0
0
0
1
0
0
0
0
0
0
0
0
0
0
0
0
0
0
0
3.8
2.6
0
3
0
0
0
5.6
0.2
0
0
0
0
0
0
0
0
0
0
0
0
0
0
3.2
2
0.2
0
0
0.4
21.5
0
0
0
0
0
0
0
0
0
0
0
0
0
0
0
0
0
1.2
0
0
0
0
0
12.4
0.2
0
0
0
0
0
0
0
0
0
0
0
0.2
0
0
0
0
0
0
0.6
0
0
0
0
1.2
0.2
6.4
0
18.8
10.6
0
0
18.7
4.4
0.2
0
0.2
2.4
0.2
0
0
5.8
0
0
0
0.2
0
0.2
0
0
0
0
0
0
0
0
0.2
0
0.2
0
0.2
0
0
0
0
0
0
0
2.4
0
0
0
0
0
0.2
0.2
0
1.2
0.2
0
0
3.8
1
7.2
0.2
0
0
0
6.2
0
0
0
1.2
0
0
0
0
0
0
0
0
0
0
0
0
0
0
0
0.2
0
0
0
0
0.2
0
0
2.6
0.2
11.4
0
0.6
3.6
2.8
0
3
7.6
4.2
0
0
0
0.2
0.2
0
0.2
0
0
0
0
0
0
0
0.2
0.2
0
0
0
0
0
0
0
0
0
0
0
0
0
0.2
0
0.2
0.2
0
0
0
0
0
0
0
0
0
0
0
0
0
0
0
0
0
0
0
0
0.2
0
0
0
1
11
11.6
10.6
1.2
0
0
0
0
0
0
0
0
0
0
0
0
0.4
0
0
0
0
0
10.8
0
0
0.2
0
0
0
0
0
0
0
4.4
0.2
0
0
0
0
0
0
0
0
0.4
3.8
5.4
0.4
0
0
0.2
0
2.2
0.2
0
0
0.2
0
0
0
0
0
1.4
0
0
0
0
0
0
0
0
0
0
0
0
0
0
0
1.2
0
0
0
0
0
0
0
0.4
6
0
0.8
0
0
0
0.8
0
0
0.2
5
0.4
0
22.4
10.6
0
0
0
0
0.6
0
0
0
0
0
0
0
0
0
0
0
0
0
0
0
0
0
0
0
0.4
0
2
0.2
0
0
0
0
0
0
0.6
0
0
0
0
0
0
0
0
0
0
0
0
0
0
0
0
0
0.4
0
0
0
0
0
0
0
0
0
0
0
0
0
0
0
0
0
0
0
0
8.8
0
9.4
0.2
0
0
0
0
0
0
2
0.2
8.4
0.4
0
0
0
0.2
1.2
1.8
0
0
0
0
0
0
0
0
0
0
0
0
0
0
0
0
0
0
22
30.2
18.8
0.2
0
0
0.6
1.2
0.2
0
2
31.4
0
0
0
0
0
0
0
14.8
0.6
0
0.2
0.2
0
0
0
0
0
0.2
0
0.2
0
0.2
1.6
3.2
10.2
12
22.8
15.2
0
0
8
0.2
0
0
0.2
7.6
0
0.2
0
0
0.2
0.2
0.2
1.6
0
0
0
0
0
0.2
0
0
31
4
6.8
13.8
25.6
29.6
6.2
0.2
0
0
0
0
0
0.2
0
0.2
0.4
0
0
0
0
0
0
16.8
0
0
0.8
0
0
0
0.2
0
0
0
0
0
0
0.2
0
0
0
0
0.2
0
0
0
0
0
0
0
0
0
0
0
0
0
0
3.4
1.6
37.8
13.8
7
1.2
0
0
0
0
4.2
3
0
0
0.2
0.2
0
0
0
0
0.2
0
11.2
12.2
17.2
14
0
0
0
0
0
0.2
0
0
0
0
0
0
0
0
0
0.2
0
0
0
2
0
0
1.6
0
0
0
4.2
0
0
0
0
0
0
0
0
0
0
0
0
0
0
0.4
0.4
0.2
0
0
2.2
0
0.8
4.2
0
0
0
0
0
0
0
0
0
0
0
0
0
0
0
0
0
0
0
0
0
0
0
0
1.4
0
9.6
0
0
1.4
0
0
0
0
0
0
0.6
0
0
0
0
0
0
0
0
0
0
0
0
0
0
1
0
0
0
0
0
0
0
0
0
0
0
0
0
0
0
0
0
0.2
6.8
0.2
0
0
0
0
0
0
0
0
0
0
0
0
0
2.2
0.2
0
0
0
0
0
0
0
0
0.4
0
0
0
0
0
0
-99
-99
-99
0.4
0.6
1.2
0
0
0
0
0
0
0
0
0
0
0
0
0
0
0
0
0
0
0
0.2
0
0
0
0
0
0
0
0
0
0
0
5.2
0.2
0
0
0.2
0
2.2
9.2
0
1.4
0
0
0
0
0
1.6
0.2
0.4
0
0
0
0
0
0
0
0
0
0
0
0
0
0
0
0
0
24.3
28.6
23.6
0.2
0
0
0
0
0
0
1
28
0
0
0
0
0
0.2
0
0
0
0
0
0
0
0
1.2
0
0
14.7
2.6
0.2
0.2
0.2
0.2
0
2
0.6
2
0
0
1
0
0
0
0
0.2
0
0
0
0.2
0
0
0
0
0
0.2
0
0
0.2
0
0
0.2
0
0
1.6
1.4
0
0
0
0
0
0
0
0
0
0
0
0.4
0.2
0.2
1.2
0.2
0
0.2
12.6
0.2
1.2
0
0
0.2
0
0
0
16.2
10.8
0
1.6
0
0
0
3.8
1.2
0
0
0
0
0
0
0
0
-99
-99
-99
-99
-99
-99
-99
-99
-99
-99
-99
-99
-99
-99
-99
-99
-99
-99
-99
-99
-99
-99
-99
-99
-99
-99
-99
-99
-99
-99
-99
-99
-99
-99
-99
0.2
0.2
0
7.6
4.4
0
0
1.8
0
0
0
0
15.9
0
0
0
2.2
0
0
0
0
0
0
0
0
0
0
0
0
0
6.8
0.4
0
0.2
0
0
0
0
0
5.6
0
0
0.6
0
0
0
0
0
0
0
0.4
0.6
0
0.2
14.6
4.4
60.2
12
27.6
2.2
0.2
0
0
0
0.2
4.4
5.4
10.2
8.6
0
0
0
0
0
0
0
0
0
0
0
0
0
0
3.6
0.2
9.4
0
4.2
0.6
0
0
0
0
0
0
0
0
0
1.4
0
0
0
0
0.6
0
0.8
0
0
0
0
0
0.8
0
0
0
0
0
0
0
0
0
0
0
0
0
0
0
0
0
0
0.8
0
0
0.2
0
0
0
0
0
0
0
0
0
0
0
0
1.2
0
0
0
0.8
0
0
0
0
0
0
0
0
0
0
0
0
0
0
0
0.4
0
0
0
0
0
0
0
0
0
0
0
0
0
0
0
1.6
11
19
0
0
0
12.6
2.8
0
0.2
0
0
0.8
18.5
0.2
0
12.4
0
0.6
0
0
0
0
0
0
0
0
0
0
0
0
0
0
0
0.2
0
0
0
0.2
0
0
0
0
0.4
0
0
0.2
1.4
0
0
0
0.2
0
0
5.4
0.2
0
0.2
4.8
38.7
0.4
0
0
0
0.2
0.8
2
0.2
0
0
0.2
6.4
12.2
0.2
0.2
0
0
0.2
0
0
2
0.2
3.2
0.2
0
0
0
0
0
0
0
0.2
0
0
0
0
0
0
0
0
0
0
0
0
0
0
3.2
1.4
0
0
0
0
0
0
0
0
0
0
0
0
0
0
0
0
0
0.4
0.2
0
0
0
0
0.8
0
1.4
7.8
0
3.4
10.4
0
0.4
0.2
0
0
0.2
0
0
0
0
0
5
11.8
0.2
0
0
0
0.4
0
0.4
1.8
0.4
0
0.2
0
0.2
0
0
0
0.2
0.2
0.2
0
0
0
0
0
0
0
0
0
0
2.8
11.2
1.4
0
0
0
0
0
0
0
0
0
0.2
0
0.2
0
3.8
2.6
0.6
0
0
0.2
2.4
3.2
0
0.2
0.2
0
0
0
0
0.2
0
0
0
0
3.2
0
0
0
-99
-99
-99
-99
-99
-99
-99
-99
-99
0
-99
-99
-99
-99
-99
-99
-99
-99
-99
0
-99
-99
-99
-99
-99
-99
-99
2.6
1.2
9
0
0
0.2
0
0
6.4
4.2
0.2
16.4
2
0
0
0
0
0
0
1.4
0
0
0
0
0
0
0
0
0
0.2
38.8
99.7
0.6
0.2
0
0.6
0
-99
8.4
3
2.8
0
0
0.6
2.2
5.2
9.6
0
2.2
0
0.2
0
0.8
16
3.2
0.2
0
4.2
0
0
0
0.2
1.4
5.6
0.2
0
0
0
0.6
0
0
0.2
0
0
0
0
0
0
0
5
0
0
0
0
0
0
0
0
0
0
0
0
0
0
0
-99
0
0
0
0
0
0
0
0
0
0
0
0
0
0
0
0
0
0
0
0
0
0
0
0
0
0
0
0
1
0
0
0
0
0
0
0
0
0
0
6.4
0
0.2
7
0
0
0
0
0
1.4
0.2
0
0
0
0
1
0
0
0
0
0.4
0
0
0
0
0
0
0
0.4
0.2
0
22.1
6
2.2
0
5.6
0
0
0.2
0
0
0
0
0
0
0
0
10.4
0.6
0
0
0
0
0.2
0
2.2
0
2.6
0
0.2
0
0
0
0
0.4
0
0
27.8
18
0
29.9
20.4
15.6
0
0
0
0
0
0.4
0
0.2
0
0
0.2
0
0
0
0
0.2
0
0
0.2
0
0
0
0
0
0.2
13.8
1.6
0
0
0
0
0
0
0
0
0
11.8
1.8
0
0
0
0
3.2
0
0
0
0
0
0
-99
0
0
0
20
-99
0
0
0
0
0.2
4.4
1.4
0
0.2
0.2
2.2
0
22.4
4.2
0
0
0
0
0.2
0
0.2
0
0.6
0
0
0
0
0.2
0
0
0
0
0
0
27.2
12.6
1.8
0.2
0
0
0.6
0
0
0
0
0
0
0
0
0
0
0
0
0
0
0
0
0
0
0
0
0.2
0.6
0.2
0.4
0
4.6
0
0
0
0
0.2
0
0
0
0
0
0
0
0
0
0
0
0
0
0
0
0
0
0
9.8
5.8
8
15.2
1.8
7.8
2.2
0
0
0.6
34.4
2.2
0.2
0.8
19.3
1.2
0
0
0.4
0.2
0
0.6
0
0
0
0
0
0
0
5.2
0
0
0
6.8
1.4
0
0
0
0
0
0
0
0.4
0
0
0
0
4.8
0
0
0
0
0
0
0
0
0
0
0
0
0
0
0
0
0
0
0
0
0
5.2
1.6
0
0
0
0
0
0
0
0
0
0
0
0
0
1.2
0
0
0
0
0.2
0
0
0
0
0
0
0
0
0
0
0.2
8
5.4
20.2
0
0
0
0
0.8
0
0
0
0
0
0
0
4.2
0
0
0
0
0
0
0
0
0
0
0
0
0
0
0
0
0
0.2
0
0
0
0
0
0
0
0
0
0
0
0
0
0
0
28.1
0
0
0
0
0
0
0
0
0
0
0
0
0
0
0
0
0
0
23.3
9
1.4
0
11
0.8
0.2
0
0
0.2
0
0
0
0
0
0
0
7.8
2
0.2
0
0
0
0.2
0.2
0
0.2
0
0
0.2
0
0
0
0
0
0
0
25.2
21.4
37.5
0
0
0
0
0.2
0.2
0
0.2
0
0
0.2
0
0
0
0
0
0
0
0
0
0
0
0
0
0
0
0
0
0
0
0.2
0
0
0
0.8
0
0
1.2
0.2
0
0
0
0
0
0
0
0
0
0
0
0.2
7.6
7.8
0.8
0
0
0
0
0
7.4
8.8
10.2
13.4
1.8
6.2
0
0
1.2
0
0.6
1
0
0
11.8
9.6
0
12.4
1.6
0
0
0
5.8
2.2
4.8
0
0
0
2.6
1
0
0
0
0
1
4.4
0
0
0
0
0
1.8
0
0
0
9.6
0
0
0
15.6
4.4
0
0
0
0
0
5.8
2.6
1
12
5.4
0
4.4
0.2
0
0
0
0
1.2
0.2
0
1
15.6
0
0
0
11
23
0
0
0
0
0
0
0
0
0
0
0.2
0
9.4
15.8
0
0.2
0
0
0.2
0
0
4
0
0
0
0
6.8
0
0
1.4
0
0
0
0
3
0
1.4
0
0.6
0
0
18.7
0.2
0
0
1.4
0
0
0
0
0
0
0
4.4
1.4
68.6
20.2
0.2
0
10.4
5.8
6.2
0
1
7.8
1.4
0.2
0
0
0
0
0
0
0
0
0
0
0
0
0
0.2
0
0
0
0
0
0
0
0
1.4
0
0
11.8
2.2
5.2
0
0
30.8
0
0.8
0
0
0
0
0
0
0
0
0
0
0
2
0
0
0
0
0
0
0
0
0
0
0
0
0
0
0
0
0.2
0
0
0
0
0
0
0
0
0
0
0
0
0
0
0
0.2
0
2.8
0
0
5.4
0
0
0
0
0
0
15.2
0.2
1
0
0
0
0
52.6
0.2
0
0
0
0
0
0
0
0
0
0
0
0.2
0.6
0
0
0
0.4
1.8
0
0
0
0
0
0
0
0
0.4
58.6
0.2
0
3
3.2
0.2
0
0
0
0
0
0
0
0
0
0.2
0.2
0.2
0
0
0.2
0
65.4
15.6
16.2
11.8
1.6
0
0.2
0
0
0
0
0
0.2
0
0.2
0.2
0
0
0
0
0
0.8
25.4
0
0
0
0.2
0
0.4
0
0.2
0.2
0
0
0
0
0
0.8
0
1
0
0
2.2
0.2
0
0
0
0.2
0
0
0
0
12.2
0.2
0
0
0
0
0.4
2
2
0.2
0
0
0
0
0
0
0
0
0
0.2
0
10.2
1.8
0
0
0
0
0
0
0
0.4
0
0
0
0.2
0
0.4
0.2
0
0
0
0
0
0
0
0.2
0
0
0
0
0
0
0
0
0
0
0
0
1.2
31.2
0
1.2
0.4
0
0
0
0
0
0
0
0
0
0
0
0.2
0
1.6
0.6
0.6
9.8
0
2
0
0
0
0
0
0
0
0
0
0
0
18.2
0.4
0
0
0
0
0
0
1.4
90.6
0
5.4
27.8
0
0
0
0
0
0
1.8
0
0
0
0
3.4
0
0
0.2
0.2
0
0
0
0
0
0
0
0
0
0
0.4
0
0
0
0
0
0
0
0
0
0.2
3.8
16.2
13.2
0.2
9.2
0
8
1.6
0
0
0
9
0.2
0
0
24.4
0
0.2
0
0
0
0
20.6
0.2
0
0
0
0
0
1.2
0
0
0
0
0
0
0
0
1
44.8
0
7.8
6.8
43
1.4
0.2
17.6
0
0
18.6
0
0
0
0
0
0
0
0
0
0
0
0
0
0
0
0
0
0
0
0
0
0
0
9.4
0
0
0
0
0
0
0
3.2
0.4
0
0
0
0
3
0.2
0
0
1.6
0
0
0
0.2
0
0
0
41.4
0
0.2
0
0
0
0
0
0
0
0
0
0
0
1
0
0
0
0
0
0
0
0
0
0
0
0
6
0
0
0
0
0
0
0
0
0
0
0
0
0
0
0
0
0
0
0
0
0
0.2
0.2
0
0
0
0
0
3.6
0
0
0
0
0
0
0
0
0
0
0
0
0
0
0
0
0
0
0
0
0
0
0
0
0
0
0
0
4.4
8.6
0.2
0
26.6
6.8
0
0
0.2
1.6
2.2
9.4
68.6
4.4
5.6
0.2
0
0.2
0
0.2
0
0.2
4.2
18.8
0.2
0
0.2
0.2
10.6
2
0
0
0.2
0.2
0
0.2
0
0
0.2
0
0
0
0
0
0.2
0
0
0
0.2
0
0
0
0
0
0
0
0
0
0
0
0
0
0.2
0
0
0
0
0
0
0
0
0.2
0
0
0
0
0
0
0.2
0.2
0
0.2
0.2
0
0
0
0
0.2
0
0
0
0
0
0
0.2
0
3.2
2.2
0
0
0
3.6
2
0
0
0
0.2
0
0
0
0
0
0
0
0
0
0
0
0
0
0
0
0
0
0
0
0
0
0
0
0
0
0
0
0
0
0
0
0
0
0
0
0
0
0
0
0
0
0
4
21.8
20.2
0
0
0
0
0
0
0
0
0
0
0
12.4
13.4
15
4
0
0
0
2.2
0
8.8
0.2
2
0.2
0
0
0
1.2
0
2
0.6
0.2
0
0
0
0
25
0.2
16.8
0.2
0
0
0.6
0.2
0
0
0
0
0
0
0.2
0
0
0
0
2.4
0
0.6
22.2
0
0
0
0
0
0
0
0
0
0
0
0
0
7.8
0
0
0
0
0.2
0
0
0.4
0
0
0
0
0
0
0
0.2
0
0
0
0
0
0
0
0
0
0
0
25.8
0.2
0
0
0.6
2.2
0
0
0
0
0
0
0.2
0
2.8
1.6
0
0
0
0
0
0
0
0
0
0
0.6
0
0
0
0
0
0
0
0
0
23.8
0
0
0
0
0
0
0
0
0
0
0
0
0
0
0
0
0
0
0
0
0
0.2
0
6.8
0
0
0
0
0
0
0
0
0
0
0
0
0
0
0
0
0
0
0
2.8
0.2
0
0
0
0
0
0.4
0
1.6
43
0
0
0
0
0.2
0
0
0
0.2
0
5.6
9.8
8
0.2
1
0
0
0
1.6
5.4
9.8
22.6
0.4
0
0.2
18.2
4.4
0
0
0
3.2
32.2
0
0
0
1.4
0
0
0
0
2.8
0
0.6
0
0
0
0.2
0
3.6
0.8
0
0.2
0.2
0
0
0.2
0
1.8
9
0
0
0
0
0
0
0
0
0
0
0
0
0
0
0
0
0.2
0
0
0
0
0
0
0
0
0
0.4
0
0
0
0
0.2
0
0
0
0
0
0
0
0
0
0
0
0
0
0.2
0.2
0
0
0
0
0.4
18.8
0
0
0.2
0
0
0
0.4
0.8
0
0
0
0
0
0.2
0
0
0
0
0
0
0
0
0
0
0
0
0.2
0.2
0
0.4
0
0.2
0
7.4
14.4
0
0
0
0
23.8
20.6
0
0
4.8
49
18
0.4
0
0
0
0
0
1.6
0
0
2
3
0.2
0.2
1.6
0
0
0
0
0.2
0
0.2
0
1.4
0
0
1.6
0
0
0.4
1.2
0
0
0
0
0
0
0
0
0
0
0
0
0
0
0
0
0
0
0
11.2
8
23.2
10.6
40.4
2.6
0
0.2
0
0
0
0
0
0
0
0
0
0
0
2.6
23.6
0.6
18.4
5.2
11
24.6
0
0
0
0
0
0
0.4
0
0
0
0
0
0
0
0
0
0
0
16.6
0.6
0
0
0
0
0
0
0.4
0
1.6
0
0
0
0
0
0
0
0
0
0
0
0
0
0
0
0
0
0
0
0
0
0.2
2.4
0
0
0
0
0
5.8
5.4
0.2
0
0
0
0
0
0
0
0
2.6
0
0
0
0
0
0.8
0
0
0
2
5
0
0
0
0
0
0
0
5
0.2
0.2
0.2
0
0
0
0
4.2
0
0
0
1.4
0.6
1
0
0
0
0
0
0
0
28.6
8.8
0
0.2
0.2
0.2
0
0
0
0
0
0.2
0
0
0
0
0
0
0
0
0
0
0
0
0
0
0.1
12.7
0
0
0
0
0
0
0.1
0
0
0
0
0
0
0
0
0
0
0.2
0.2
0
0
0
0
0
0
0
0
0
0
0
0
0
0
0
0
0
0
0
0
0
0
0
50.6
33.6
45
0
0
0
0
0
0
0
0
0
0
0
0
0
0
0
0
0
0
0
0
0
0
0
0
0
0
0
0
0
0
8.1
1
0
0
0
2.3
2.7
0
0
0
0
0
0
0
0
0
3.3
0
0
0
0
0
0
2.6
3.3
2.5
0
0
1.2
0
11.4
7.4
0
0
1.2
0
0
0
0
0
0.4
1.3
0.4
0
1.2
0
0
1.6
2
0
0
0.5
16.7
0.1
0
0
0
0
0
4.9
0.1
0
0
0
0
0
0
0
0
0
0
0
0
0
1.3
0.1
0
0
0
0
0
0
0
0
0
0
0
0
0
0
0
0
0.3
4.2
0.1
0
0
0
0
0
0
10
0.2
0
0.7
17.3
0
0
0
0
0
0
0
0.1
0
0
0
0
0
0
0
5.2
2.8
14.2
0.3
0
0.2
0
0
0
0
0
0
0
0
0
0
0
0
0
0
0
0
0.4
0
0.1
0
0
0
0
0
0
0.6
0
0
0
0
0
8.8
0
9.2
0
10.7
3.3
0
0
0
0
0
0
0
0
0
0
0
0
0
0
2.2
0
31.7
0
0
0
0
0
0
7.4
0
0
0
0
0
0
0.1
0.2
0.1
1.8
0
0
53.1
0
0
0
0
0
0
0.3
0.1
0
0
0
0
0
0
0
0
0
0.9
0
0
3.9
0
0
0
0
14
0.1
0
0
0
0
0
0
0
0
0
0.8
0
0
0.4
0
0
0
0
0
63.7
0
0
0.3
0
0
0
0
0
0
0
0
0
0
0
0
0
0.5
0
0
3.7
0.1
0
41
0
2.5
0.1
0
0
0
0
3.3
12.7
0
0.5
0
0.1
28.9
0
2
0.1
0
0
0
38.5
0
0.1
0
0
3.5
0.1
1.5
0
0.2
0
0
0
0
0
0
0
0
0
0
0
0
0
0
0
0
0
0
0
6.5
23.8
0
0
0
0
0.1
0.1
2.9
0
0
6.3
0
0
0
0
0
0
0
0
0
0.1
40.6
12
9.9
16
23.9
25
0
0
4.6
4.3
0
0
0
0
0
0
0
0
0
9.2
12.7
0
0.1
0
0
0
0
0
0
0
0
0
0
0
0
0
0
0
0
0
0
0
0.1
0
0
0
0
0
0
0
0
0
1.3
0
2.9
8.7
0.6
0
0
0
0
0
0
0
0
0
1.3
0.1
0
0
2
31.6
0
0
0
0
0
0
0
0
0
0
0
0
0
0
0
0
7.2
0
0.5
0
0
0
0
0
0
0
0
0
0
0
0
0
0
0
0
0
0
6.1
0
0
0
0
0
6.5
22.1
0
2.1
6.3
0.2
0
0
0
0
0
0
0
0
0
0
0
0
0
0
0
0
0
0
0
0
0
4.1
0
0.9
1.6
0
0
0.5
0
0
0
12.9
0
0
0
0
0
0
0
0
0
0
0
0
0
0
0
0
0
0
0
0
0
0
8.9
0
0
0
0
0
0
0
0
0
0
0
0
0
0
0
0
0
0
0
0
0
0
0.1
0.1
0.6
0.3
8.6
29.9
0
0
0
0
0
0
0
0
0
0
0
0
0
0
0
0
0
0
0
0
0
0
0
0
0
0
0
0
0
0
0
0
0
0
1.1
2.4
0
0.9
5.6
0
0
0
3.7
0
9
1.1
0
0
1.2
0
0
0
3.5
0
0
0
0
0
0
18
0.1
0.2
22.9
0.1
0
0
3.3
0
0
0
0
0
0
0
0
0.6
0
17.7
5.4
1.6
0
0
0
0
0
13.9
0.1
0.3
0
0
0
0
0
0
0
0
0
0
0
0
0
3.6
0.4
0
10.9
4.1
2.1
0.4
3.2
0
0.1
0
0
0
0
0
0
0
0
0
0
0
0
0
0
0
0
0
0
0
0
0
0
1
0
0
0
0
41.6
0.1
0
0
0
0
0.1
0.2
0
0
0.1
0
0
0
0
0
0
0
0
0
0
0
0
0
0
0
0
0
0
0
0
0
0.1
0
1.8
0.6
0.1
0
0
0
0.1
0
0
0
0
0
0
0
0
0
0
0
0
0
0.1
0
0
0
0
0
0
1.6
0
1.2
0
0
0
0
0
0
0.1
0
0
0
0
0
0
0
0
0
0
0
0
0.2
0.1
0
0
0
0
0
0
0
0
0
0
0
0.7
1.1
0
0
0.2
1.3
0.1
5.3
0.1
0
0
0
0
0
0
0
0.5
0
0
0
0.9
20.1
0.6
0.1
0
0
0
0
0
0
0
0
0.4
0
0
0
0.2
0
2.2
3
7
0
4.7
8.2
0
0
0
0
0
0
0
0
0
0
0
10.8
0
0
10.4
30.9
0
0
0
0
0
0.8
0
0
0
0
0
0
0
0
0.2
19.5
0.1
0
0
0
0
4.5
7.4
0
1.2
0
0
0
0
0
1.8
0
0.9
8.1
6.2
0.4
1
0
0
0
0
0
0
0
0
0
3.6
0
0
0
0
0
0
0
0
0
0
0
0
0
0
0
0
0
0
0.6
0.7
0
0
0
2.4
0
0
2.7
0
0
0
0
0
0
0
0
0
0
0
0
0
0
0
0
0
0
0
0
0
0
0.1
0
0
0
0
0
0
0
0
0
0.3
17.5
0
0
0
0
0
0
0
0
0
0
0
0
0
0
0
0
0
4.1
0
0
0
0
0
0
0.2
0
0
0
0
0
0
0
0
0
0
0
0
0
0
0
0
0
0
0
0
0
0
0
0.1
0
0
0
31.7
3.1
0
0
0
0
0
0
0
0
2.9
0
13.8
0
0
0
0.1
0
0
0
0
0
0
23.5
0.1
0
0.3
4.4
0
6.8
22.1
0.1
0
0
0
0
0
0
0.7
2.7
0.1
1.2
1.4
0
0
0.2
0
0.1
0.1
0
0.1
0
0
1
0.1
0
0
0
0
0
0
0
0
0
0
0
0
0
0
49.7
9.4
42.8
0
0
27.4
11
0
0
0
0
0
0
2.2
0
0
0
0
0
0
0
0
0
0
0
1.9
0.7
0
7.4
7.6
1.1
0
0
0.1
0
0
0
0
0
0
0
0
0
0
0
0
0
0
0
0
0
0
0
0
0
0
0
0
0
0
0.8
0.1
1.2
2.7
0
4.3
1.6
25.4
2.9
0
0
0
0.1
0.1
0.1
0.1
0.9
0
0
0
0
0
0.5
0
13.8
1.2
0
0
0
0
0
0
0
0
0
8.6
0
0
0
0
0
0
11.8
14
0
0
0
0
0
0
0
0
0
0
0
0
0
0
0
0
0
0
0
41.4
5.9
0
0.1
0
0
0
2.4
5.7
0
0
0
0.8
0
0
0
0
0
0
0
0
0
0
0
0
0
0
0
0
0
0
0
0.1
8.7
14.4
0
0.1
4.6
0
0
0.6
0
0
0
0
0
0.6
0.1
15.2
0
0
0.3
0
0
0
0.7
0
0
0
0
0
0
0
0
0
0
0
0.1
0
0
0
1.7
0.8
13.1
0
0
0
1.4
0
0
0
0
0
0
0
0
0
0
0
0
0
0
0
1.5
0.1
0
3.5
0
0
0
0
0
0
0
0
0
0.9
0
0
0
0
0
0
0
0
0
0
0
0
4.4
0
9.6
0.1
0
0
0
0
0
0
0
0
0
0
0
0
0
0
0
14.3
0
0
0
0
0
0
0
0
0
0
0
0
0
0.9
0.1
0
0
0
0
0.4
2.8
13.7
0.1
0
0.3
0
0
0
0
0
3.1
0
0
0
0
7.8
7.7
0
0
0
0
0
0
0.4
0
0
0
0
0
0
0
0.9
2.2
0
0
0
0.1
0
0
0
0
0
0
0
0.1
0
0
0
0
21.6
49.2
0
0
0
0
0
0
0
0
0
0
0
0
0
0
0
38.8
0
0
0
0
0
0
0
0
0
0
0
0
0
0
0
0
0
0
0.1
0
0
0
0
0
0
0
0
0
0
0
0
0
0
0
0
0.3
1.7
0
0
0
0
0
0
0
0
0
0
0
0
0
0
0
3.5
0
0
0
0
0
0
0
0
0
1.9
16.3
0.1
0
0
0.1
0
5
0
0
0
0
0
0
0
0
0
0
0
1.7
31.9
0
0
0
0
0
9.1
0.6
0
27.4
56.6
4.6
0
3
0
0
0
5.1
0
0
0
0
4.6
0
0
0
0
1.1
0.4
0
0
0.3
2.9
14.6
5.9
3.6
0.2
3.5
7.7
0
0
0
0.1
0.3
0.1
0
0
0
0.6
0
2.6
0
0.3
4.7
0
0
0
17.9
0.5
0
0
0
0
0
0.1
0
0
0
0
0
1.1
0.1
10.6
0
16.2
28
0.3
5.2
7
0
0.3
0
0
0
0
0
0
0
0
0
0
1.8
1.3
11.8
0
4.5
0
0
0.1
0
2.2
0
4.7
1.7
0
0
7.7
1.3
0
0
0
0.2
0
0
0
0
0.5
0.1
0
0.2
0
0
2.2
13.2
1.1
0
0
0
7.3
0
3.6
17.5
0.6
0
0
0
0
0.4
0
0
0
0
0
0
0
0
0
0
0
0
0
0
0
0.3
0
0
0
0
0
0
0
0
0
0
0
0
0
0
0
0
0
2
0
0
0
0
3.7
3.7
0
0
0
0
0
0
0
0
0
0
0
0
0
0
0
0
0.2
9
0
0
0
21.4
0
0
0
9.8
0
0
0
0
0
0.1
0
0
0
0
0.1
0
0
7.4
0.1
0.5
1.3
0
0.2
1.5
0
0
0
0
0
6
0
0
0
0
0
29.1
0
0
0
0
0
0
0
0
0
0
0
0
0
0
0
0
0
0
0
0
21.7
3.2
0.1
0
0.3
91.8
0.1
0
1.7
3.8
49.3
0.6
0
0.1
0.1
0
0
1.9
7.6
17.9
0
7.5
45.6
0.9
0
0
0
13.8
0
0
0.1
12
0
0
0
0
0
12
0
0.2
5
0.3
4.2
0.1
0
7.6
0.1
0
2.5
0
0
0
0.6
0
0
0
0
0
0
0.1
0
0
0
0
0
4.1
0.2
0
0
0
0
0
0
0
0
0
0
0
0
0
0
0.1
0
0
0
0
0
0
0
0
0
0
0
0
0
0
0
0
0
0
1.3
0.1
0.1
10.4
0
0
0
0
0
0
0
0
0
0
0
2.4
0
0
0
0
0
0
0
0
0
0
0
0
0
0
0
0
0
0
0
0
0
0
0
0
0
0
0
0
0
0
0
0
1.2
0.1
0
0
0
0
0
0
0
0
0
0
0
0.5
0
0
0
0
0
0
0
0
0
0
0
0
0
0
3
0
7.3
6.8
2
0
0.9
2.5
0
0
0
0
0.1
0
0
0
0
3.1
0.2
0
0.9
0
1
0
0
0
0
0
0
0
13.3
0.1
0
0
0
0
0
1.2
0
0
0
0
0
0.4
10.1
0.1
12.2
0
0
0
0
35.5
1.2
0
0
0
0
0
0
0
0
0
0
0
0
0
0
0
0
20.4
0
0
0
0
0
0
0
0
0
0
0
0
0
0
0
0
0
0
0
0
0
0
0
0
0
1.3
2.9
0.9
0
0
0
0
0
0
0
0.2
0
0
0
0
0
0
0
0
0
15.9
0
0
0
0
0
0
0
0
0
0
0
0
0
0
0
39.4
0
0
0
0
0
0
0
0.4
0
0
0
0
0
0
16.5
0
0
0
0
0
0
0
0
0
0
0
0
0.1
5.9
4.9
0
0.4
0
0
0
0
1.4
0
0
0.9
0
0
0
0
0
0
0
0
0
0
0
0
0
0
0
0
0
1.3
0.5
0
0
0
1.9
0
0
0
0
0
3.6
0
45.6
7.8
0.1
0
0
0
0
0.2
0
0
0
0.8
1
0
0
0
0
0
0
0.2
0
0
2.5
1.8
0
0
0
0
0
0
0
32.5
1.2
0
0
0
0.1
0
0
0
0.4
0.1
0
45
5.9
0
0.2
0.1
0
0
0
0
0
0
0
0
0.1
0
2.2
11.3
3.2
0
0
0
0
0.1
0.1
0
0
0
0.1
0
0.1
0
0
0.1
0
0.1
0
0.1
5.5
0.1
0.2
0
0
0
0
0
0.8
0.6
5.8
75.5
5.3
14.6
0
0.1
0
0
0
0
0
0
0
0
0
0
0
0
0
0
0
0
0
0.5
0
0.1
0
0
0.4
0
0
0
0
0
0
0
0
0
0
0
0
0
1.6
0
0
1.1
0
0
0
0
0
0
0
0
0
0.1
50.4
0
0
0
0.1
0
1.3
0.4
0
0
2.5
0.5
0
0
4.7
2.8
4
0
0
0
0
0
0
0
0
0
0
0
7.4
0.1
0.5
0
0
8.1
32.2
18.7
59.1
1.9
0.1
0
0
0
4.1
0.2
0
0
0
0
0
0
0
0
0
0
0
8.2
0
0.1
0
10.5
0.2
11
0
0
0
0
0
0
0
0
0
0
0
0
0.6
0
0.5
0.4
1.4
28.4
1.3
0
0.2
14.7
6.8
17.3
0.1
0.6
0
0
0
0
10.9
0
10.8
0
0
0
0
0
0
0
0
0
0
0
0
0
0
0
0
0
0
0
0
0
0.1
0
0.1
0.6
0
0
0
0
0
0
0
0
0
0
0
0
0
0
0.2
0
0
0
0
0
0.6
0
0
0
0
0
0
0
0
0
0
0
0
0
0.1
0
0
0
0
0
0
0
0
0
0
24.1
9.3
0
0
0
0
0
0
0
0
12.3
0
10.8
30
0
0
0
0
0
0
0
22.1
1.8
0
2.2
0
0
0
0
0
0
0
0
0
0
5.9
0
0
0
0
0
0
0
0.3
0
0
0
4
0
0
0
0
0
0
0
1.3
4.2
0
0
0
0
0
0
0
0
0
0
18.3
14
0.8
1.7
6.4
0.3
0
0
0
0
0.1
0
0
0.1
0
0
0.1
0
0
0
0.1
0
1.2
0.1
8.4
13.1
0
0
0.1
0
0
0
0
0
0.3
0
0
0
2.2
0
0
0
0.3
0
2.7
2.9
0.1
0.5
0
0
0
0
0
0
0
0
0
0
0
0
0
0
0
0
0
0
0
14.1
5
0.9
0
0
0.1
0
0
0
0
0
0
0.1
4.2
0.1
0
0
0.1
0
0
0
0
0
0
0
0
0
0
0
0
1.6
0.6
0
0
0
0.1
3.8
0.2
0.4
0
0
0
0
0
6.2
0.1
0
0
0
0.2
0
0
0
0
0
0
0
1.1
5.6
0
0
0
0
0
0
0
0
0
2.1
3.2
0
0
0
0
0
0
0
0
0
0
0
0
0
0
4.5
0
0
0.8
0
0
0.9
0
1
0.4
0
0
0
4.3
0
0
0
0.1
0.5
0
0
0
0.3
1.3
0
0.7
0
0.6
19.9
0
0
0
0
0
0
0
0
0.2
0
0
2.2
0
0
0
0
0
0
0.7
0
0
0
0
0
0
0
0
0
0
0
0
0
0
0
0
1.4
0
0
0
0
0
0
0
0
0
0
0.9
0
0
1.2
0
0
8.3
0
0
0.7
0.2
0
0
0
0
0
0
0
0
0
0
0
0
0
0
0
0
0
0
0
0
0
0
0
0
0
0
0
0
0.7
0
0
0
0
19.2
0
0
0
0
0
0
0
0
0
0
0
0
0
0
0
0
0
0
1.6
0
0
0
0
0.7
0
0
0
0
0
12.2
0
5
4.2
51.1
0.1
0
0
0
0
15.8
11.6
0
2.1
0
0
0
9.9
0
32.7
0.1
0
0
0
6.9
0
0
0
0
0
0
0
0
0
5
9.6
0
0
0
0
1.3
0
0.3
0
0
0
0
0
0
0.1
0.1
0.7
0.1
1.9
0
0
0
0
0
0
0.1
19.9
0
0.8
0
0
0
0
0
0
0
0.1
3.1
5.3
0.4
0
1.4
0
1.6
0
0
0
0
0
0.4
53.5
31.3
3.9
0
0
0
0
0
0.1
0
0
0
0
0
0
0
0
0
0
0
0
0.3
0
0
0
0
0.2
0
0
0.4
0.6
0.5
0.2
0
0
0
0
0
0
0
0
0
0
0.1
0
0
0
0
1.1
0
0
0.1
0
0
0
0
0
0
0
0
0
0
0
0
0
0
0
0
0
0
0
0
0
0
0
0
0
0
0
0
0
1.4
0.1
0.2
0
0
0
0
0
0
0
0
0
0
0
0
0
0
0
0
0
0
0
5
0
12.2
0.1
0.9
12
27.7
0.1
1.2
0
0
0
0.1
0.1
0.5
1.5
1
0
0
0
7.1
0
0
0
6.8
0.3
0
0
0
0
0
0
0
0
0
0.4
0
0
3
0
0
0
0
0
0.8
20.9
24.9
0.1
20.1
0
0
0
0
0
0
0
0
5
0.6
0
0
0
0
0
0
0
0
0
0
0
0
0
0
0
0
0
0
0
0
26.8
8.2
0
0
0
0
0
0
0
0
0
0
0
0
0
0
0
0
0
0
0
0
0
0
0
0
0
0
7.2
0
0
0
0
0
1.7
0
0
0
3.3
0
0
0
1
1.2
0
0
0
0
0
0
0
0
0
0
0
0
0
0
0
0
0
0
0
0
0
6.7
0.9
0
0
0
0
0
0
4.1
0
0
0
0
0
0
0
0
0.4
0
0.2
17.4
0
0
0
0
0.8
0
0
3.3
0
1.3
0
0.9
0
60.5
0
0
0
0
0
0
0
0
0
0
0
0
0.4
11.9
0
0
0
0
0
0
0
0
10.8
0.9
0
0
0
0
0
0
0
0
0
0
0
0
3.2
0
0
0
0
0.2
0
0
0
0
0
0
0
0
0.6
0
0
0
0
0
0
0
0
0
0
0
0
0.1
0
0
0
0
0
0
0.1
0
0
0
0
0
0
0
0.2
0
0
1.1
0
0
0
0
0
0
4
0
0
0
0
0.3
0.7
0
0
0.1
10.9
0.2
0.8
0.5
11
4.9
1.5
5.1
0
0
0
0
2.1
0.2
0
0
0
0
0
0
0
0
0
0
