20000101
0
0
0
0
0
0
0
0
0
0.1
0
0
0
2.4
0.4
0
0
0
0
0
0
0
0
0
0.2
0.2
0.1
0
0
0
0
0.1
0
0
0
0
0
0
0
0
0
0
0.4
0
0
0
0
0
0
0
0
0
0
0
0
0
0
0
0
0
0
0
0
0
0
0
0
0
0
0
0
0
0
0
0
0
0
0
0
0.2
0.2
0.15
4.94
0
0
0
0.25
17.84
0
4.1
7.7
0
0
0
0
0
0
0
0
0.1
31.58
3.2
0
0
0.4
0
0
0
0
0
0
0
0
1
0
0
0
1.3
0
0
0
0
0
0
0
0
0
0
0
0.6
18.69
0
0
0
0
0
0
0.8
0
0
0.2
0.3
0.2
0
0
0
0.8
0.5
0
0
0
0
0
0
0
0
15.79
0
0
0
11.2
27.1
1.2
0
0.6
0
0
0
0
0
0
0
0
0
0.3
0
0
0
0
0
0
0
0
0
0
0
0
0
0
0
0
1.2
0
0
0
0
0.4
25.89
0.5
0
0
0
0
0
1.6
0
0
0
0
0
0
0.2
0
0
0
0
0
0
0
0
0
0
0
0
0
0
0
0
0
0
0
0
0
0
0
0
0
0
0
0
0.4
0
11.5
0
0
0
9
3.6
0
0
0
0
0
0
0
0.1
0.1
0
0
0
0.1
0
4.6
0
0
0
0
0
0
0
3.8
7.49
0.4
0
0
0
0
0
0
0
0
0
0
0.7
0.15
0.35
3.6
0
0
0
0
0
0
0
0.3
29.19
2.9
0
0.9
2.3
0
0
0
0
10.5
0
1.6
0
0
0.1
0.7
0
0
0
0
0
0
1
0
0
0
0
0
0
0
0
1.9
14.59
0.1
0
0
0
0
10
0
0
0
0
0
0
1.32
4.38
0
0
0
0
0
0
0
0
0
0
0
0
0
0
4.3
32.29
39.48
0
0.6
0.2
0.9
0
0
0
0
0
0
0.1
0
0
0
0
0
0
1
0
3.5
3.5
1
0
0
0
0
0
0
0
0
0
0
0.9
0
3.1
0
0
0
0
0
0
0
0
0
0
0
0
0
0
0
0.6
10.19
1.5
0
0
0
0
0
0
0
0
8.29
0
0
0
0
0.3
1.4
0
0
1.7
0
7.29
3.5
0
0.7
0
0.2
0
0
0
0
0
0
0
0
0
0
0
0
0
0
0
0
0.2
0
0
0
0
0
0
0
0
0
0
0
0
0
0
0
0
0
0
0
0.4
0
0
0
0
0
0
0
0
0.3
0
0.4
45.57
4.6
0
1.5
0.7
0
0
0
0
4
10
0
0
0
0
0
0
3.44
3.15
0
0
0
0
0
0
0
0
0
0
0
0
0
0
0
0
0
0
0
0
0
0
0.7
0
0
0
0
0
0
0
0
0
0
0
0
0
0
0
0
0
0
0
0
0
0
0
0
0
0.1
0
1
20.9
0
0
0
0
0
1.5
20.59
0
0
21.29
0
0
0
0
0
0
0
0
0
0
0
0
0
0
0
0
0
0
0
0
0
0
0
0
0
0
0
0
0
0
0
0
0
0
0
0
0
0
0
0
0
0
0
0
0
5.2
0
0
0
0
0
0
0
0
0
0
0
0
0
0
0.2
0.8
0.8
0
79.77
0.4
0
0
0
0
3.6
1.2
0
0
0
0
0.3
0
0
0
0
27.89
4.2
0
0
2
0
0
0
13.39
9.4
0.1
4.9
0
0
0
0
0
0
0
0.1
0
0
0
0
0.7
0
0
0
0
0
0
0
0
7.76
0.14
0
0.6
6.1
34.77
54.59
3.3
0
0
0
0
0
0
0
0
0
0
0
0
0
0
0
0
0
0
0
0
0
0
0
0
0
6
5.9
0
0
0.4
0
0
0
0
0.7
0
0
0
0
0
0
0
0
0.6
5
7.4
11.79
0
0
0
3.5
0.1
0
0
0
1.1
0.1
0.3
0
0
0
0
0
0
0.6
0.8
0
0
0
0
0
0
0
0
0
0
0
0
0.9
0
0
0
0
0
0
0
0
0
0
0
0
0
0
0
0
0
0
0
0
0
0
0
0
6.19
0
12.49
25.08
0
0
0
0
0
0
0
3.5
0
0
0
15.89
0
0
0
0
0
0
0
0
0
0
4.3
6
0
0
0
9
10.5
5.7
0
4.7
4.7
0.2
0
17.79
0.2
8.9
0
0
0
0
0
0
0
0
0
0
0
0
0
0
0
0
0
0
0.3
10.39
0.1
0
0
5.4
9.2
30.78
0.77
0.23
0
0
0
0
0
0
0
0
0
0
0
1.57
0.03
0
0
21.97
0.23
0
0
0
0
0.2
0
0
2.7
0.3
0
0.25
6.65
0
0
0
0
0
0
0
0
0
0
0
0.8
0.2
0
0
0
0
0
0
0
0
0.2
0
0
0
0
0
0
0
0
0
0
0
0
0
0
0
0
0
0
0
0
0
0
0
0
0
0
0
0
0
0.2
0
2.2
0
0
0
0
0
0
7.4
3.3
0
0
0
0
0
0.3
0
0
0.14
0.16
0
0
39.28
3.9
15.99
0.1
0
2.4
0
0
0
0
0
3.8
0
1.05
0.05
0
0
16.3
0
0
0
29.89
0
0
0
28.39
26.29
0
0
2.2
0.4
0
0
0
0
0
0
0.4
0
7.6
0
9.2
0
0
0
0
0
22.88
70.39
9
0
0
0
0
0
0
0
0
0
0
0
0
0
0
0.2
0
0
0.6
0
0
0
0
0
0
0
0
0
0.3
0
0
0
0
0.4
0.2
6.1
0.9
0
0
0
0
1.2
0.1
0
4.8
14.69
0
0
0
0
0
0
0.1
0
0
0
0
0
0
0
14.19
16.19
0
0
0
3.7
0
0
0.5
0.1
2.18
0.83
0
0
0
0
0
0
0.6
0
0
0.9
0
0
0
0
0
7.65
0.45
0
1.2
0
0
0
0
0
0
0
0
0
0
0.2
2.4
0.5
0.7
0
0
0
0
0
0
0
0
0
0
0
0
0
0
0
0
0
0
0
0
1.42
9.28
10.45
0.35
0
0
0
11.8
44.77
0
0.6
0.3
0
16.79
13.79
0
0
0
0
0
0
0.1
1.5
0
0
0
0
0
0
0
0
0.1
0
0
0
0
0
0
0
0
0
0
0
0
22.79
0
1.7
0
0
0
0
0
0
0
0
0
2
0
0
0
0
2.2
5.9
0
0
0
10.49
0
0
0
0
0
0
0
0
0
0
0
0
0
0
0
0
56.9
6.77
1.6
0
0
0
0
0
0
0.3
0.13
1.37
0
1.9
0
0
0
0
2.4
5.1
0
0
0
0
0
0
0
0
0
0
1.6
0
0
0.9
0
0
0
0
0
0
0
0.1
0
0
0
0
0
0
0
0
0
0
0
0
0
0
0
0
0
0
16.2
0
0
0
0
0
0
0
0
0
0
0
0
0
0
0.1
0
0
0
0
0
0
0
0
0
0
0
0
0
0
0
0
0
0
0
0
0
0
0
0
0
0
0
11.4
0
0
0
6.9
1.4
1.5
0
0
0
0
0
0
0
0
0
0.2
7
1.1
0
0
12.5
3.6
0
0
0
0
0
0
0
0
0
0
0
0
0
0
19.9
15.5
0
0
0.7
2.6
31.4
7.1
0.1
0
0
0
0
0
0
0
0
0
0.1
8.7
0
0
4.3
2.8
80.2
19.1
14.8
0
0
2.9
0
0
0.4
6.8
4.4
4.4
0
0
0.6
0
0
0
0
0
0
0
1.3
1.33
57.27
1.4
0
0
0
0
6.5
2
0
0
1
1.9
4.6
0
8.1
0
0.2
0.3
0
0
0
7.7
0
0
9.4
2.3
0
0.2
0
0
0
0
0
0
0
0
0
0
1.1
0
0
0
0
0
0
0
0
0
1.3
0
0
0
0
0
0
0
0
0
0
0
0
0
0
0
0
0
0
0
0
0
0
0
0
0
0
0.9
0
0
0
0
0
0.4
0.1
0
0
0
0
0
0
0
0
0
0
0
0
0
0
0
13.6
0.3
0
9.1
16
0.1
0
0
1.85
12.15
26.6
0
0
0
0
0
0
0
0
0.4
4.5
0
0
0.2
0
0
0.3
0
0
0
0
0
0
0
0
0
0
0
0
6.9
18.7
0
54.2
3.6
0
0.04
4.26
0
0
0
0
0.02
35.48
1.8
0
0
0
0
0.01
0.39
18.6
0
0.7
0
0
0
32
0
0
0
0
0
1.7
0.5
0
1
0.73
45.94
0.93
0
0
0
0
0.1
0
9.8
1.4
0
0
0
0
0
0
0
0
0
0
0
0
0
0
0
0
0
2
0
0
0
0
0
0
0
0
0
0
0
0
1.1
0
2.5
24
0
0
1.5
7
0
0
0
0
0
0
0
0
0
0
0
-99
-99
-99
-99
-99
-99
-99
-99
-99
-99
-99
-99
-99
-99
-99
-99
-99
-99
-99
-99
-99
-99
-99
-99
-99
-99
-99
-99
-99
-99
-99
-99
-99
-99
-99
-99
-99
-99
-99
-99
-99
-99
-99
-99
-99
-99
-99
-99
-99
-99
-99
-99
-99
-99
-99
-99
-99
-99
-99
-99
-99
-99
-99
-99
-99
-99
-99
-99
-99
-99
-99
-99
-99
-99
-99
-99
-99
-99
-99
-99
-99
-99
-99
-99
-99
-99
-99
-99
-99
-99
-99
-99
-99
-99
-99
-99
-99
-99
-99
-99
-99
-99
-99
-99
-99
-99
-99
-99
-99
-99
-99
-99
-99
-99
-99
-99
-99
-99
-99
-99
-99
-99
-99
-99
-99
-99
-99
-99
-99
-99
-99
-99
-99
-99
-99
-99
-99
-99
-99
-99
-99
-99
-99
-99
-99
-99
-99
-99
-99
-99
-99
-99
-99
-99
-99
-99
-99
-99
-99
-99
-99
-99
-99
-99
-99
-99
-99
-99
-99
-99
-99
-99
-99
-99
-99
-99
-99
-99
-99
-99
-99
-99
-99
-99
-99
-99
-99
-99
-99
-99
-99
-99
-99
-99
-99
-99
-99
-99
-99
-99
-99
-99
-99
-99
-99
-99
-99
-99
-99
-99
-99
-99
-99
-99
-99
-99
-99
-99
-99
-99
-99
-99
-99
-99
-99
-99
-99
-99
-99
-99
-99
-99
-99
-99
-99
-99
-99
-99
-99
-99
-99
-99
-99
-99
-99
-99
-99
-99
-99
-99
-99
-99
-99
-99
-99
-99
-99
-99
-99
-99
-99
-99
-99
-99
-99
-99
-99
-99
-99
-99
-99
-99
-99
-99
-99
-99
-99
-99
-99
-99
-99
-99
-99
-99
-99
-99
-99
-99
-99
-99
-99
-99
-99
-99
-99
-99
-99
-99
-99
-99
-99
-99
-99
-99
-99
-99
-99
-99
-99
-99
-99
-99
-99
-99
-99
-99
-99
-99
-99
-99
-99
-99
-99
-99
-99
-99
-99
-99
-99
-99
-99
-99
-99
-99
-99
-99
-99
-99
-99
-99
-99
-99
-99
-99
-99
-99
-99
-99
-99
-99
-99
-99
-99
-99
-99
-99
-99
-99
-99
-99
-99
-99
-99
-99
-99
-99
-99
-99
-99
-99
-99
-99
-99
-99
-99
-99
-99
-99
-99
-99
-99
-99
-99
-99
-99
-99
-99
-99
-99
-99
-99
-99
-99
-99
-99
-99
-99
-99
-99
-99
-99
-99
-99
-99
-99
-99
-99
-99
-99
-99
-99
-99
-99
-99
-99
-99
-99
-99
-99
-99
-99
-99
-99
-99
-99
-99
-99
-99
-99
-99
-99
-99
-99
-99
-99
-99
-99
-99
-99
-99
-99
-99
-99
-99
-99
-99
-99
-99
-99
-99
-99
-99
-99
-99
-99
-99
-99
-99
-99
-99
-99
-99
-99
-99
-99
-99
-99
-99
-99
-99
-99
-99
-99
-99
-99
-99
-99
-99
-99
-99
-99
-99
-99
-99
-99
-99
-99
-99
-99
-99
-99
-99
-99
-99
-99
-99
-99
-99
-99
-99
-99
-99
-99
-99
-99
-99
-99
-99
-99
-99
-99
-99
-99
-99
-99
-99
-99
-99
-99
-99
-99
-99
-99
-99
-99
-99
-99
-99
-99
-99
-99
-99
-99
-99
-99
-99
-99
-99
-99
-99
-99
-99
-99
-99
-99
-99
-99
-99
-99
-99
-99
-99
-99
-99
-99
-99
-99
-99
-99
-99
-99
-99
-99
-99
-99
-99
-99
-99
-99
-99
-99
-99
-99
-99
-99
-99
-99
-99
-99
-99
-99
-99
-99
-99
-99
-99
-99
-99
-99
-99
-99
-99
-99
-99
-99
-99
-99
-99
-99
-99
-99
-99
-99
-99
-99
-99
-99
-99
-99
-99
-99
-99
-99
-99
-99
-99
-99
-99
-99
-99
-99
-99
-99
-99
-99
-99
-99
-99
-99
-99
-99
-99
-99
-99
-99
-99
-99
-99
-99
-99
-99
-99
-99
-99
-99
-99
-99
-99
-99
-99
-99
-99
-99
-99
-99
-99
-99
-99
-99
-99
-99
-99
-99
-99
-99
-99
-99
-99
-99
-99
-99
-99
-99
-99
-99
-99
-99
-99
-99
-99
-99
-99
-99
-99
-99
-99
-99
-99
-99
-99
-99
-99
-99
-99
-99
-99
-99
-99
-99
-99
-99
-99
-99
-99
-99
-99
-99
-99
-99
-99
-99
-99
-99
-99
-99
-99
-99
-99
-99
-99
-99
-99
-99
-99
-99
-99
-99
-99
-99
-99
-99
-99
-99
-99
-99
-99
-99
-99
-99
-99
-99
-99
-99
-99
-99
-99
-99
-99
-99
-99
-99
-99
-99
-99
-99
-99
-99
-99
-99
-99
-99
-99
-99
-99
-99
-99
-99
-99
-99
-99
-99
-99
-99
-99
-99
-99
-99
-99
-99
-99
-99
-99
-99
-99
-99
-99
-99
-99
-99
-99
-99
-99
-99
-99
-99
-99
-99
-99
-99
-99
-99
-99
-99
-99
-99
-99
-99
-99
-99
-99
-99
-99
-99
-99
-99
-99
-99
-99
-99
-99
-99
-99
-99
-99
-99
-99
-99
-99
-99
-99
-99
-99
-99
-99
-99
-99
-99
-99
-99
-99
-99
-99
-99
-99
-99
-99
-99
-99
-99
-99
-99
-99
-99
-99
-99
-99
-99
-99
-99
-99
-99
-99
-99
-99
-99
-99
-99
-99
-99
-99
-99
-99
-99
-99
-99
-99
-99
-99
-99
-99
-99
-99
-99
-99
-99
-99
-99
-99
-99
-99
-99
-99
-99
-99
-99
-99
-99
-99
-99
-99
-99
-99
-99
-99
-99
-99
-99
-99
-99
-99
-99
-99
-99
-99
-99
-99
-99
-99
-99
-99
-99
-99
-99
-99
-99
-99
-99
-99
-99
-99
-99
-99
-99
-99
-99
-99
-99
-99
-99
-99
-99
-99
-99
-99
-99
-99
-99
-99
-99
-99
-99
-99
-99
-99
-99
-99
-99
-99
-99
-99
-99
-99
-99
-99
-99
-99
-99
-99
-99
-99
-99
-99
-99
-99
-99
-99
-99
-99
-99
-99
-99
-99
-99
-99
-99
-99
-99
-99
-99
-99
-99
-99
-99
-99
-99
-99
-99
-99
-99
-99
-99
-99
-99
-99
-99
-99
-99
-99
-99
-99
-99
-99
-99
-99
-99
-99
-99
-99
-99
-99
-99
-99
-99
-99
-99
-99
-99
-99
-99
-99
-99
-99
-99
-99
-99
-99
-99
-99
-99
-99
-99
-99
-99
-99
-99
-99
-99
-99
-99
-99
-99
-99
-99
-99
-99
-99
-99
-99
-99
-99
-99
-99
-99
-99
-99
-99
-99
-99
-99
-99
-99
-99
-99
-99
-99
-99
-99
-99
-99
-99
-99
-99
-99
-99
-99
-99
-99
-99
-99
-99
-99
-99
-99
-99
-99
0.1
0.03
0
0
0
0
0
0
0
0
0
0
0
0
0
0
0
0
0
0
0.03
0
0
0
0
0
0
0
0
0
0
0
0
0
0
0
0.04
2.27
0.17
0
0
0
0.02
0
0
0
0
0.02
0
0.02
0
1.58
1.69
0
0.12
0.08
0
0
0
0
0
0
0
0
0
0
0
0
0
0
0
0
0
0
0.06
0.06
0
0
0
0.24
0.17
0
0.08
0.09
0
0
0
0
0
0
0.33
0
0
0
0
1.47
2.02
0.01
0
0
0
0
0.17
0
0
0
0
0
1.25
0
0
0
0
0
0
0.02
0
0
0.15
-99
-99
-99
-99
0
0
0
0
0
0
0
0
0
0
0
0
0
0
0
0
0
0
0
0.48
0.27
0
0.05
0
0
0
0
0
0
0
0
0
0
0
0
0
-99
-99
-99
0
0
0
0
0
0
0
1.62
0.61
0.03
0.61
2.92
0
0.08
0
0
0
0
0
0
0
0
0
0.42
0.07
0
0
0
0
0
0
0.23
0
0
0
0.04
0
0.04
0
0
0
0
0
0
0
0
0
0
0
0
0
0
0
0
0
0.09
0.03
0
0
0
0
0
0
0
0
0.02
0
0
0
0
0.06
0.16
0
0
0
0
0.33
0.18
0.02
0
0
0
0
-99
-99
0
0
0
0
0
0
0
0
0
0
0
0
0
0
0
0.17
0.34
0
0
0
0
0
0
0.04
0
0
0.75
0.42
0
0
0
0
0
0
0.02
0.02
0.18
0
0.21
0.17
0
0
0
0
0.71
0.19
0
0.87
0
0
0
0
-99
0
0
0
0
0
0
0
0
0
0
0
0
0
1.75
4.9
2.42
0.17
0
0
0
0
0.37
0.17
1.1
0
0
0
0.02
0.3
0.64
0.01
0.37
0
0
0
-99
-99
0
0.45
0.01
0.03
0.08
0
0
0.01
0.57
0.51
0.17
0
0
0
0.33
0.18
0
0
0
0
0
0
-99
-99
-99
0.01
0
0
0
0
0
0
0
0
0.5
0
0
0
0
-99
4.58
0.01
0.02
0.07
0
0
0
0
0.08
0
0
0
0
0
0
0
0
0
0
0
-99
-99
-99
-99
-99
-99
-99
0
0
0
0
0
0
0
0
0
0
0
0
0
0
0.84
0
0
0
0
0
0
0
0
4.75
0
0
-99
0
0
0
0
0
0
0
0.02
0
0
0
0
0
0
0
0.02
0
0.05
0
-99
-99
-99
-99
-99
-99
-99
-99
-99
0
0
0
0
0
0
1.5
0.92
0
0
0.11
0
0
0
0
0
0.77
0.01
0
0
0
0.89
0
0.08
-99
0
0.2
1.17
0
1.38
0.25
2.58
0
0
0
0
0
0.5
0
0
0
0
0
0
0
0
0
0
0
0
0
0
0
0
0
0
0.01
0.02
0
0
0
0
-99
-99
-99
-99
-99
-99
-99
-99
-99
-99
-99
-99
-99
-99
-99
-99
-99
-99
-99
-99
-99
-99
-99
-99
-99
-99
-99
-99
-99
-99
-99
-99
-99
-99
-99
-99
-99
-99
-99
-99
-99
-99
-99
-99
-99
-99
-99
-99
-99
-99
-99
-99
-99
-99
-99
-99
-99
-99
-99
-99
-99
-99
-99
-99
0
0.1
0
0
0
0
0
0
0
0
0
0
0
0
0
0
0
0
0
0
0
0
0
0
0.1
-99
-99
0
0
0
0
0
0
0
0
0
0
0
0
0
0
0
0
0
0
0
0
0
0
0
0
7.9
2.2
15.8
10.5
2.6
5.3
0.1
0
0
2.4
39.5
7
0.1
12.3
15.5
1.1
0
0
0.7
0
0
0
0
0
0
0
0
0
0
10.1
0
0
0
1.6
1.1
0
0
0
0
0
0
0
0.2
0
0
0
0
0.2
0
0
0
0
0
0
0
0
0
0
0
0
0
0
0
0
0
0
0
0
0
4.4
1.6
0
0
0
0
0
0
0
0
0
0
0
0
0.4
0
0
0
1.1
0
0
0
0
0
0
0
0
0
0
0
0
0
8.1
2.5
0.3
0
0
0
0
0.2
0
0
0
0
0
0
0
0
0
0
0
0
0
0
0
0
0
0
0
0
0
0
0
0
0
0
0
0.2
0
0
0
0
0
0
0
0
0
0
0
0
0
0.6
0
0
0
0
0
0
0
0
0
0.1
0
0
0
0
0
0
0
0
0.3
1.5
7.6
0
12.9
0.2
0
0
0
0
0
0
0
0
0
0
0
15.8
0.4
0
0
0
0
0
0
0.1
0.4
0
0
0
0
0
0.2
0
0
0
0.1
21.1
3.8
39.8
0
0
0
0
0
0
0
0
0
0
0
0
0
0
0
0
0
0
0
0
0
0
0
0
0
0
0
0
0
0
0.3
0
0
0
0.4
0
0
1.5
0
0
0
0.3
0
0
0
0
0
0
0
0
14
7
18.7
0.9
0
0
0
0
0
8.4
6.9
3.6
8.3
1.4
2.7
0
0
3.9
0.1
0.3
0
0
0
12.4
3.4
0
19.8
5.4
0
0
0.1
9.4
4.4
2.6
0
0
0
6.5
0.5
0
0
0
0
0.3
4.2
0
0
0
0
0
0.5
0
0
0
8.1
0.2
0
0
6.4
0.5
0
0
0
0
0
2
2.3
2.4
12.4
1.1
0
0.8
0
0
0
0
0
2.9
0
0
0.1
9.5
0
0.1
0
10.4
13.5
0
0
0
0
0
0
0
0
0
0
0.1
0.1
3.6
2.1
0
0
0.1
0
0
0
0
1.4
0
0
0
0
0.6
0
0
3.9
0
0
0
0
6.9
0.9
0.1
0
0
1.7
0.1
0
0.1
0
0
3.8
0.1
0
0
0
0
0
0
1.6
0.3
48.9
0.9
0
0
0.8
2.4
5.2
0
0
0
1.5
0
0
0
0
0
0
0
0
0
0
0
0
0
0.4
0.4
0
0
0
0
0
0
0
0.2
5.5
0
0
16
0.9
0.2
0
0
11.7
0.3
3.5
0
0
0
0
0
0
0
0
0
0
0
0
0
0
0
0
0
0
0
0
0
0
0
0
0
0
0
0
0
0
0
0
0
0
0
0.2
3.8
0
0
0
0
0
0
0
0
0.8
14
0
0
0
0
0
0
0.1
0
0
7.7
0
0
0
0
0
0
34.1
0
0
0
0
0
0
0
0
0
0
0
0.3
0
0
0
0
0
0
3
0
0
0
0
0
0
0
0
0
36.5
0.2
0
11.2
16.3
0
14
0
0
0
0
0
0
0
0
0
0
0
0
0
0
0
18.7
3.3
12.6
23.8
0.2
0
0
0
0
0
0
0
0
0
0
0
0
0
0
0
0
0
0.2
0
0
0
0
0
0
0
0.1
0
0
0
0
0
0
0.5
0
0
0
0
1.6
0
0
0
0
0
0
0
0
0.4
3.1
0.1
0
0
0
0.7
0.1
1.1
1.6
1.6
0
0
0
1
1.4
0
0
0
0
0
0
9.3
0.5
0
0
0
0
0
0
0
0
0
0
0
0
0
0.2
0
0.1
0.1
0
0
0
0
0
0
0.1
0
0
0
0
0
0
0
0
0
0
0
1.2
35.2
0
0.6
0.3
0
0
0
0
0
0
0
0
0
0
0
0
0
1.1
0.8
0.3
0.4
0
0.9
0
0
0
0
0
0
0
0
4.6
0
0
3.9
16.2
0
0
0
0
0
0
5.9
65
0
3.8
23.5
0.4
0
0
0
0
0
5
0
0
0
0
1.2
0
0
0.1
0
0
0
0
0
0
0
0
0
0
0
0
0
0
0
0.3
0.4
0
0
0
0
0.4
7.3
1.4
1.9
1.2
14.3
0
0
0
0
0
0
0
0
0.1
0
23.1
0
0
0
0
0
0
2.3
0
0
0
0
0
0
0
0
0
0
0
0
0.7
0.5
0
0
4.2
0
2.1
0.6
1.3
0
0
37
0
0
32.5
0
0
0
0
0
0
0
0
0
0
0
0
0
0
0
0
0
0
0
0
0
0.1
0
0.1
0
0
0
0
0
0
0
2.2
0
0
0
0
0
0
0
0
0
6.3
0
0
0
0
3.8
0
0.4
0
0
0
0
0
0
0
0
0
0
0
0
0
0
0
0
0
0
0
0
0
0
0
0
0
0
0
0
0
0
0
0
0
0
0
0
0
0.4
0
0
0
0
0
0
0
0
0
0
0
0
0
0
0
0
0
0
17.8
0
0
0
0
0
0
0
0
0
0
0
0
0
0
0
0
0
0
0
0.5
0
0
0
0
0
12.6
1.5
0
14.4
17.1
0
0
24.4
13.2
3.4
0
0
1.6
0.5
5.6
24.9
0.7
5.5
1.6
0
0
0
0
0
0
0.3
91.7
2.2
0.3
0
1.4
0
2.2
1.9
0
0
0
0
0
0
0
0
0
0
0
0
0
0
0
0
0
0
0
0
0
0
0
0
0
0
0
0
0
0
0
0
0
0
0
0
0
0
0
0
0
0
0
0
0
0
0
0
0
0
0
0
0
0
0
0.1
0
0
0
0
0
0
0
0
0
3.3
0
0
0
0
1.1
0
0
0
0.3
0
0
0
0
0
0
0.2
0
0
0
0
0
0
0
0
0
0
0
0
0
0
0
0
0
0.1
0
0
0
0
0
0
0
0
0
0
0
0
0
0
0.1
0
0
9.3
6.4
16.6
0
0
0
0
0
0
0
0
0
0
0
0
9.4
3.2
25.9
2.3
0.2
0
0
0
0
3.3
0
0
0
0
0
0
0
0
0.1
2
3.6
0
0
0
0
21.7
2.5
2.3
0
0
0
0.4
0
0
0
0.2
0
0
0
0
0
0
0
0
1.2
0.5
0.1
9.2
0
0
0
0
0
0
0
0
0
0
0
0
0
1
0
0
0
0
2.2
0
0
0
0
0
0
0
0
0
1.4
0.8
0
0
0
0
0
0
0
0
0
0
0
12.5
0
0
0
0.2
11.5
0
0
0
0
0
0.1
0
0
0
0
0
0
0
0
0
0
0
0
0
0
0.3
0.3
0
0.4
0
0
0
0
0
0
0
0
0
0
0
0
0
0
0
0
0
0
0
0
0
0
0
0
0
0
0
0.8
0
0
5.7
0
0
0
0
0
0
0
0
0
0
0
0
0
0
0
0
0
0
0
0
0.2
0
0
0
0
0
1
0
1.3
83.5
0
0
0
0
0
0
0
0
0
0
16.1
0
0
0
0.3
0
0
0
0.1
8.3
5.4
57.6
0.2
0
0
38.3
21.7
0
0
0
7
26.7
0
0
0.1
4.4
0
0
0
0
3.5
0.1
0.8
0
0.5
0
0
0.1
2.5
8.9
0
0
0
0
0
0
0
0.1
4.3
0
0
0
0
0
0
0
0
0
0
0
0
0
0
0
0
1
0
0
0
0
0
0
0
0
0
0
0
0
0
0
0
0
0
0
0
0
0
0
0
0
0
0
0
0
0
0.9
0
0
0
0
0.1
11.8
0
0
0.2
0
0
0
0.1
1
0
0
0
0
0
0
0
0
0
0
0
0.2
0
0
0
0
0
0
0
0
0
1.3
0
0
0
9.7
20.2
0
0
0
0
35.2
9.8
0
0
6.6
41
40.8
0.2
0.1
0
0
0.1
0
1
0
0
0.1
1.8
0.2
0.1
1.4
0
0
0
0
0
2.5
1.6
0.3
1.1
0
0
0.1
0
0
0.2
0.7
0
0
0
0
0
0
0
0
0
0
0
0
0
0
0
0
0
0
0
5.9
8.7
23.8
11.7
48.8
3.3
1.6
0
0
0
1.4
0
0
0
0.9
0
0
0
0
4.9
19.1
0.1
1.9
1
15.8
0.6
0
0
0
0
0
0
0
0
0
0
0
0
0
0
0
0
0
0
7.2
0
0
0
0
0
0.1
0
0
0
1.3
0
0
0
0
0
0
0
0
0
0
0
0
0
0
0
0
0
0
0
0
0
0
0
0
0
0
0
0
1.9
2.7
0
0
0
0
0
0.4
0
0
0
3
0
0
0
0
0
0
0
0
0
1.4
0.1
0
0
0
0
0
0
0
0.1
1.8
0
1
0
0
0
0
0
0
1.3
0
3.5
21.4
0.2
0
0
0
0
0
0
0
15.2
0
0
0
0
0
0
0
0
0
0
0
0
0
0
0
0
0
0
0
0
0
0
0
0
0
0.2
18.5
0
0
1.4
0
0
0
0
0
0
0
0
0
0
0
0
0
0
1.2
0.3
0
0
0
0
0
0
0
0
0
0
2.2
0
0
0
0
0
0
0
0
0
0
0
0
56.7
100.8
25.6
0
0
0
0
0
0
0
0
0.2
0
0
0
0
0
0
0
0
0
0
0
0
0
0
0
0
0
0
0
0
0
12.6
2
0
0
0
0.2
0.5
0
0
0
0
0
0
0.2
0.1
0
0.3
0
0
0
0
0
0
0.6
0.1
1.8
0
0
3
0
11.1
0
0
0
0.8
0
0
0
0
0
0.6
0
0
0
0.2
0
0
2.4
0.3
0
0
0
16.9
0.2
0
0
0
0
0
2.4
0
0
0
0
0
0
0
0
0
0
0
0
0
0
0.7
0
0
0
0
0
0
0
0
0
0
0
0
0
0
0
0
0
0.2
1.2
0
0
0.3
0
0
0
0
46.5
0.2
0
0.2
43.7
0
0
0
0
0
0
0
0.7
0
0
0
0
0
0
0
7.1
2.3
12.2
9.5
0
1
0
0.1
0
0
0
0
0
0
0
0
0
0
0
0
0
0
0
0
6.2
0
0
0
0
0
0
0
0.2
0
0
0.6
0
32.3
0
4.6
0
1.4
0.7
0
0
0
0
0
0
0
0
0
0
0
0
0
14.2
3.5
0
5.2
0
0
0
0
0
0
35
0
0
0
0
0
0
0.3
1.5
0.7
11
0
0
0
0
0
0
0
0
0
0
0
0
0
0
0
0
0
0
0
0
0.3
0
0
1.7
0
0
0
0.3
0.1
0
0
0
0
0
0
0
0
0
0.7
1.9
0
0
1.7
0
0
0
0
1.1
3.6
0
0
0
0
0
0.1
0
0
0
0
0
0
0
0.4
0
0
0.9
0
0
0
0
0
2.4
0
0
0
0.3
4
0
0.6
4.4
1.4
3.9
0
0
0
2.8
0
15.7
0
0
0
0
1
0
0
0
0
4.5
0
0.4
0
0.1
0
0
0
0
0
0
0
0
0
0
0
0
0
0
0
0
0
0
0
11
14.2
0
0
0
0
0
0
2.1
0.1
0
3.2
0
0
0
0
0
0
0
0
0
0
0
13.2
25
12.1
21.1
22.3
38
0
9.2
6
0
0
0
0
0
0
0
0
0
0
28.7
0
0
0
0
0
0
0
0
0
0
0
0
0
0
0
0
0
0
0
0
0
0
0
0
0
0
0
0
0
0
0
1.2
0
2.1
5.3
0.4
0
0
0
0
0
0
0
0
0
2.8
0.1
0
0
0.1
14.1
0
0
0
0
0
0
0
0
0
0
0
0
0.1
0
0
0
0.2
0
1.4
0
0
0
0
0
0
0
0
0
0
0
0
0
0
0
0
0
0
2.5
0.1
0
0
0
0
15.8
26.6
0.2
1.1
1.5
10.1
0
0
0
0
0
0
0
0
0
0
0
0
0
0
0
0
0
0
0
0
0
0
0
0.2
0
0
0
0.2
0
0
0
10.4
0
0
0
0
0
0
0
0
0
0
0
0
0
0
0
0
0
0
0
0
0
0
3.1
0
0
0
0
0
0
0
0
0
0
0
0
0
0
0
0
0
0
0
0
0
0
1.6
0
43.4
0
0.3
30.7
0
0
0
0
0
0
0.2
0
0
0
0
0
0
0
0
0
0
0
0
0
0
0
0
0
0
0
0
0
0
0
0
0
0.3
0
0
0
0
0
0
0
0
0
0.1
0
32.2
0.1
0
0
0.3
0
0
0
3.6
0
0
0
0
0
0
1.1
0
0.6
19.8
0
0
0
1.5
0
0
0.6
0
0
0
0
0
0
1.8
43.5
12
8.2
0
0
0
0
0
16.3
4.2
0.7
0
0
0
0
0
0
0
0
0
0
0
0
0
0.1
9.3
0
43.9
1.6
31.4
0
18.7
0
0
0
0
0
0
0
0
0
1.5
7.3
0
0
0
0
0
0
0
0
0
0
0
0
1.7
0
0
0
0
0.2
27.4
0
0.5
0.6
0
0
0
0
0
0
0
0
0
0
0
0
0
0
0
0
0
0
0
0
0
0
0
0
0
0
0
0
0
0.1
3.1
1
0.4
0
0
0
0
0
0
0
0
0
0
0
0
0
0
0
0
0
0
0
0
0
0
0
0
0.2
0
0.5
0
0
0
0
0
0
0
0
0
0
0
0
0
0
0
0
0
0
0
0
0
0
0
0
0
0
0
0
0
0
0
0
0.4
0.6
0
0
1.6
5.2
0
3.9
1.2
0
0
0
0
0
0
0
0
0
0
0
0.7
24
0.1
0
0
0
0
0
0
0
0
0
0.2
0
0
0
0
2.6
16.4
14.8
0
0.1
5.7
14
0
0
0
0
0
0.1
0
0
0
0
0
4.3
0
0
13.8
19.4
0
0
0
0
0
0
0
0
0
0
0
0
0
0
0.1
5.3
0
1.6
0
0
0
6.5
3.6
0
1.4
0
0
0
0
0
0.3
0.3
0.1
9.1
8.9
0.2
0
0
0
0
0
0
0
0
0.9
0
0
0
0
0
0
0
0.7
0
0
0
0
0
0
0.8
0
0.5
0
0
0
0
0
0
0
0
3.8
0
0
1.3
0
0
0
0
0
0
0
0
0
0
0
0
0
0
0
0
0
0
0
0.4
0
0
0
0
0
0
0
0
0
0
0
0
0
15
0
0
0
0
0
0
0
0
0
0
0
0
0
0
0
0
0
0.9
0
0
0
0
0
0
0
0
0
0
0
0
0
0
0
0
0
0
0
0.8
0.1
0
0
0
0
0
0
0
0
0
0
1.3
0
0
7.5
0.3
0.6
0
0
0
0
0
0
0
3.1
0
0
0
0.1
0
0
0
0
0
0
0
0
4.3
0
31.1
1.7
0
0
16.2
20.7
0.7
0
0
0.1
0.1
0
0
0.8
0.1
0
0.8
1.1
0
0
0
0
0
0
0
0
0
0
1.9
0
0
0
0
0
0
0
0
0
0
0
0
0
0
0.7
13.4
3.4
7.1
0
0
0.5
59.4
2.7
0.2
0
0
0
0
4.4
0
0
0
0
0
0
0
0
0
0
4.6
32
0
0
7.8
3.4
0.6
0
0
0
0
0
0
0
0
0
0
0
0
0
0
0
0
0
0
0
0
0
0
0
0
0
0
0
0
0
4.7
0
0.8
1.8
0
0
0.2
9.4
7.7
0
0
0
0
0.1
0
0
1.9
0
0
0
0
0
0
0
6.5
0.1
0
0
0
0
0
0
0
0
0
6.6
0
0
0
0
0
0
1.8
4.9
0
0
0
0
0
0.1
0
0
0.1
0
0
0
0
0
0
0
0
0
0
40.4
1.8
0
1
0
0
0
4.2
0
0
0
0
0
0
0
0
0
0
0
0
0
0
0
0
0
0
0
0
0
0
0
0
0.2
5.3
11.2
0
0
0.8
0
0
0
0
0
0
0
0
1.2
0.3
8.7
0
0
0
0
0
0
0.4
0
0
0
0
0
0
0
0
0
0
0
0
0
0
0
0.8
3.6
1.5
0
0
0
0
0
0
0
0
0
0
0
0
0
0
0
0
0
0
0
0
0.1
0
6.2
0
0
0
0
0
0
0
0
0
0.5
0
0
0
0
0
0
0
0
0
0.3
0
0
0
0
17.4
0
0
0
0
0
0
0
0
0.8
0
0
0
0
0
0
0
1.6
0
0
0
0
0
0.1
0
0
0
0
0
0
0
0
0
0
0
0
0
0.9
3.3
15.4
0
0
0.5
0
0
0
0
0
2.2
0
0
0
0
24.4
9
0
0
0
0
0
0
0.4
0
0
6.3
0
0
0
0
0.4
0
0
0
0
0
0
0
0
0
0
0
0
0
0
0
0
0
22.6
21.5
0
0
0
0
0
0
0
0
0
0
0
0
0.1
0
0
9.7
0
0
0
0
0
0
0
0
0
0
0
0
0
0
0
0
0
0
0
0
0
0
0
0
0
0
1.2
0
0
0
0
0
0
0
0.1
0
0.9
0
0
0
0
0
0
0
0
0
0
0
0
0
0
0.1
2.8
0
0
0
0
0
0
0
0
0
0.1
3.7
0
0
0
0
0
0
0
0
0
0
0
0
0
0
0
0
0
0.2
14.1
0
0
0
0
0
6.1
1.4
0
13.8
28.9
15.7
0
0
0
0
0
0
0
0
0
0
0
0
0
0
0
0
0
0
0
0.9
6.8
9.5
3.8
2.8
0.1
0
1.4
0.2
0
0
0.2
1.2
0.2
0.1
0
0
1.4
0
1.7
0
0.5
0
0
0
0.1
6.6
1.4
0
0
0
0
0.2
0.5
0
0
0
0
0
1
0.1
13.6
0.4
6.6
12.6
0
3.8
0.2
0
1.3
0.1
0
0
0
0
0
0
0
0
0
0.2
1.2
4.5
0
0.5
0
0
0
0
0
0
0.1
0
0
0
1.8
0.1
0
0
0
0
0
0
0
0
0
0
0
0
0
0
0.5
0
0
0
0
0
2.2
0
0
0.8
0
0
0
6.3
0
0
0
0
0
0
0
0
0
0
0
0
0
0
0
0
0
0
0
0
0
0
0
0
0
0
0
0
0.3
0
1.4
0
0
0
0
0
0
0
0
0.2
0
0.1
0
0
0
0
0
0
0
0
0
0
0
0
0
0
0
0
0
6.2
0
0
0
44.3
0
0
0
24
0
0
0
0
0
0
0
0.7
1.2
0
0.1
0.1
0
0.9
0.2
0.1
0.5
0
16.3
10.4
0
0
0
0
0.2
1.1
0
0
9
0
0
6.3
0
0
0
0
0
0
0
0
0
0
0
0
0
0
0
0
0
0
0
0
89.5
98.4
0
0
0
101.2
0.5
0
0.1
5.4
58.6
0
0
0
0
0
0
0.7
5.3
3.4
0
4.3
19.1
0
0
0
0
9.4
0
0
14.3
17.7
0
0
0
0
0
1.5
0
1.4
6.5
1
3.7
0
0
4.9
0
0.1
4.1
0
0
0
1.4
0
0
0
0
0
0
0
0
0
0
0
0
5.2
0
0
0
0
0
0
0
0
0
0
0
0
0
0
0
0
0
0
0
0
0
0
0
0
0
0
0
0
0
0
0
0
0
0
0
0
0.8
2.5
0
0
0
0
0
0
0
0
0.8
0
0
3
0
0
0
0
0
0
0
0
0.1
0
0
0
0
0
0
0
0
0
0
0
0
0
0
0
0
0
0
0
0
0
0
0
0.4
0
0
0
0
0
0
0
0
0
0
0
0
0
0
0
0
0
0
0
0
0
0
0
0
0
0
0
1.5
0
4.8
0.4
0
2.8
0.8
0
0
0
0
0
0
0
0
0
0
2.5
0
8.2
0
0
0.3
0
0
0
0
0
0
0.7
3.8
0
0
0
0
0.1
0
0.7
0
0
0
0
0
0
8
0
0
0
0
0
0
28
2.8
0
0
0
0
0
0
0
0
0
0
0.3
0
0
0
0
0.2
6.7
0
0
0
0
0
0
0
0
0
0
0
0
0
0
0
0
0
0
0
0
0
0
0
0
3.8
0.1
1.5
0.6
0
0
0
0
0
0
0
0
0
0
0
0
0
0
0
0
0
0
0
0
0.5
1.9
0
0
0
0
0
0
0
0
0
0
0
37.1
0
0
0
0
0
0
0
0
0.3
0
0
0
0
0.4
37.7
0
0
0
0
0
0
0
0
0
0
0
0
0
5.3
14.6
0
1.1
0
0
0
0
0
0
0
1.3
11.1
0
0
0
0
0
0
0
0
0
0
0
0
0
0
0
0
0.2
0.2
0
0.2
0
0.5
0
0
0
0
0
2.9
0
108.3
0.8
0
0
0
0
0
0
0
0
0
0.1
0.5
0
0
0
0
0
0
0.2
0
0
6.5
1.5
0
0
0
0
0
0
0
7.6
0.3
0
0
0
0
0
0
0
0
0
0
17.7
5.3
1
0.2
0
0
0
0
0
0
0
0
0
0
0
0.7
6.5
1.2
0
0
0
0
0
0
0
0
0
0
0
0
0
0
0
0
0
0
0
1.6
0.1
0
0
0
0
0
0
1.2
7.4
0.7
55.8
6.7
24
0
0
0
0
0
0
0
0
0
0
0
0
0
0
0
0
0
0
0
0.7
0
0
0
0
0
0
0
0
0
0
0
0
0
0
0
0
0
0
0.2
0
0
0.3
0
0
0
0
0
0
0
0
0
0
21.6
1
0
0
0
0
4.3
0
0
0.1
9.1
0
0
0
1.3
5.7
3.9
4.4
0.1
0
0
0
0
0
0
0
0
0
4
0
0
1.9
0
9.9
19.8
22.2
42.5
1.2
0
0
0
0
4.1
0.3
0
0
0
0
0
0
0
0
0
0
0
7.8
0
0
0
10.4
0
10
0
0
0
0
0
0
0
0
4.5
0
0
0
0
0
0.7
0.1
0
15.2
1.7
0
0
25.3
0
0
0
0
0
0
0
0
11.3
0
13.9
0
0
0
0
0
0
0
0
0
0
0
0
0
0
0
0
0
0
0
0
0
0.1
0
0.3
0
0
0
1.2
0
0
0
0
0
0
0
0
0
0
0
0
0
0
0
0
0
0
0
0
0
0
0
0
0
0
0.2
0
3.1
0
0
0
0
0
0
0
0
0
0
0
0
0
47.6
9.7
4.7
0
0
0
0
0
0
0
1.2
0
4.8
0.9
0
0
0
0
0
0
0
6.2
0
0
0.4
0
0
0
0
0
0
0
0
0
0
2.8
0
0.4
0
0
0
0
0
0
0
0
0
0.7
0
0
0
0
0
0
0
8.5
0
0
0
0
0
0
0
0
0
0
0
6.9
5.1
7.1
3
8.2
0.1
0
0
0
0
0
0
0
0
0
0
0
0
0
0
0
0
0
0
12.4
22.1
0
0
0
0
0
0
0
0
0
0
0
0
7.7
0
0
0
0.1
0
0
18.2
0.1
0.2
0
0
0
0
0
0
0
0
0
0
0
1.1
0
0
0
0
0
0.5
0
27.5
9.2
0
0
0
0
0
0
0
0
0
0.1
0
5.6
0.6
0.1
0
0
0
0
0
0
0
0
0
0
0
0
0.2
0
3.1
0.7
0.9
0
0.1
0
1.6
0.4
0
0
0
0
0
0
5.1
0.1
0
0
0
0
0
0
0
0
0
0
0
0
2.6
0
0
0
0
0
0
0
0
0
0
2.6
0
0
0
0
0
0
0
0
0
0
0
0
0
0
0
0
0
0
0
0
0.8
0
1.8
0
0
0
0
0.7
0
0
0
0.5
4.8
0
0
0
0.4
6
0.6
0.4
0
0.1
30.7
0
0
0
0
0
0
0
0
2.6
0
0.1
7.8
0
0
0
0
0
0
0
0
0
0.1
0
0
0
0
0
0
0.7
0
0
0
0
0
0
5.6
0
0
0
0
0
0
0
0
0
0
4.5
0
0
0.3
0
0
6.5
0
0
2
0
0
0
0.8
0
0
0
0
0
0
0
0
2.8
0
0
0
0
0
0
0
0
0
0
0
0
0
0
0
0
0.2
0
0
0
0
26.2
0
0
0
0
0
0
0
0
0
0
0
0
0
0
0
0
0
0
1.2
0
0
0
0
0
4.4
0
0
0
0
26.1
0
4.8
10.5
0
0
0
0
0
0
0.2
0
0
0
0
0
0
3.3
0
0.8
0
0
0.6
1.3
20.1
0
0
0
0
0
0
0
0
0
3.7
0.6
0
0
0
0
0
0
0
0
0
0
0.8
0
0.1
0
0
0
12.4
0.1
0
0
0
0
0
0.3
0
18.8
0
1.7
0
0
0
0
0
0
0
0
2
1.4
1.6
0
0
0
0
0
0
0
0
0
38.6
74.7
18.6
4
0
0
0
0
0
0.5
0
0
0
0
0
0
0.1
0
0
0
0
0
0
0
0
0
0
0
0
0
0.2
0
0.3
0.1
0
0
0
0
0
0
0.1
0
0
0.1
0.3
0
0
0
0
0
0
0
0
0
0
0
0
0
0
0
0
0
0
0
0
0
0
0
0
0
0
0
0
0
0.1
0
0
0
0
0
0
0
0
0
0.1
0
0
0
0
0
0
0
0
0
0
0
0
0
0
0
0.2
0
0
0
0
1
2.5
0
2.1
12.1
48.9
0.4
0.5
0
0
0.3
0.4
0
0
0
4.1
0.1
0.1
0
8.5
0
0
0
0
0
0
0
0
0
0
0
0
0
0
0.7
0.1
0.7
12.5
0
0
0
0
0
0.1
40.1
12
0
7.5
0
0
0
0
0
0
0
0
0.7
0.6
0.1
0
0
0
0
0
0
0
0
0
0
0
0
0
0
0
0
0
0
0
33
4
0
0
0
0
0
0
0
0
0
0
0
0
0
0
0
0
0
0
0
0
0
0
0
0
0
0
4
0
0
0
0
0
3.7
0
0
0.4
0
0
0
0
0.3
2.3
0
0
0
0
0
0
0
0
0
0
0
0
0
0
0
0
0
0
0
0
0
12.8
0
0
0
0
0
0
0
0.8
0
0
0
0
0
0
0
0
0.2
0
0.2
0
0
0
0
0
0
0
0
4.1
0
0
0
4.2
0
9.9
0
0
15.3
0
0
0
0
0.1
0
0
0
0
0.9
31.2
0
0
0.2
0
0
0
0
0
130.4
7.2
0
0
0
0
0
0
0
0
0
0
0
0
7.3
10.3
0
0
0
0
0
0
0
0
0
0
0
0.2
0.6
0
0
0
0
0
0
0
0
0
0
0
0
0.6
0
0
0
0
0
0
0
0
0
12
0.2
0
0
0.6
0
0
0
0.7
0
0
0
0
0
0
0.1
0
0
0
0
0
0
0
0
0
18.2
0.1
0.5
0.2
5.7
3.4
0.5
1.8
0
0
0
0
0.5
0.4
0
0
0
0
0
0
0
0
0
0
