20000101
-99
-99
-99
-99
-99
-99
-99
-99
-99
-99
-99
-99
-99
-99
-99
-99
-99
-99
-99
-99
-99
-99
-99
-99
-99
-99
-99
-99
-99
-99
-99
-99
-99
-99
-99
-99
-99
-99
-99
-99
-99
-99
-99
-99
-99
-99
-99
-99
-99
-99
-99
-99
-99
-99
-99
-99
-99
-99
-99
-99
-99
-99
-99
-99
-99
-99
-99
-99
-99
-99
-99
-99
-99
-99
-99
-99
-99
-99
-99
-99
-99
-99
-99
-99
-99
-99
-99
-99
-99
-99
-99
-99
-99
-99
-99
-99
-99
-99
-99
-99
-99
-99
-99
-99
-99
-99
-99
-99
-99
-99
-99
-99
-99
-99
-99
-99
-99
-99
-99
-99
-99
-99
-99
-99
-99
-99
-99
-99
-99
-99
-99
-99
-99
-99
-99
-99
-99
-99
-99
-99
-99
-99
-99
-99
-99
-99
-99
-99
-99
-99
-99
-99
-99
-99
-99
-99
-99
-99
-99
-99
-99
-99
-99
-99
-99
-99
-99
-99
-99
-99
-99
-99
-99
-99
-99
-99
-99
-99
-99
-99
-99
-99
-99
-99
-99
-99
-99
-99
-99
-99
-99
-99
-99
-99
-99
-99
-99
-99
-99
-99
-99
-99
-99
-99
-99
-99
-99
-99
-99
-99
-99
-99
-99
-99
-99
-99
-99
-99
-99
-99
-99
-99
-99
-99
-99
-99
-99
-99
-99
-99
-99
-99
-99
-99
-99
-99
-99
-99
-99
-99
-99
-99
-99
-99
-99
-99
-99
-99
-99
-99
-99
-99
-99
-99
-99
-99
-99
-99
-99
-99
-99
-99
-99
-99
-99
-99
-99
-99
-99
-99
-99
-99
-99
-99
-99
-99
-99
-99
-99
-99
-99
-99
-99
-99
-99
-99
-99
-99
-99
-99
-99
-99
-99
-99
-99
-99
-99
-99
-99
-99
-99
-99
-99
-99
-99
-99
-99
-99
-99
-99
-99
-99
-99
-99
-99
-99
-99
-99
-99
-99
-99
-99
-99
-99
-99
-99
-99
-99
-99
-99
-99
-99
-99
-99
-99
-99
-99
-99
-99
-99
-99
-99
-99
-99
-99
-99
-99
-99
-99
-99
-99
-99
-99
-99
-99
-99
-99
-99
-99
-99
-99
-99
-99
-99
-99
-99
-99
-99
-99
-99
-99
-99
-99
-99
-99
-99
-99
-99
-99
-99
-99
-99
-99
-99
-99
-99
-99
-99
-99
-99
-99
-99
-99
-99
-99
-99
-99
-99
-99
-99
-99
-99
-99
-99
-99
-99
-99
-99
-99
-99
-99
-99
-99
-99
-99
-99
-99
-99
-99
-99
-99
-99
-99
-99
-99
-99
-99
-99
-99
-99
-99
-99
-99
-99
-99
-99
-99
-99
-99
-99
-99
-99
-99
-99
-99
-99
-99
-99
-99
-99
-99
-99
-99
-99
-99
-99
-99
-99
-99
-99
-99
-99
-99
-99
-99
-99
-99
-99
-99
-99
-99
-99
-99
-99
-99
-99
-99
-99
0.02592
-99
-99
-99
-99
-99
-99
-99
-99
-99
-99
-99
-99
-99
-99
-99
-99
0.53424
17.30016
21.26448
21.19248
4.2768
-99
-99
2.88432
8.01072
24.3216
15.01344
8.46144
12.3048
12.18096
12.5208
22.65552
22.20336
21.86064
21.77568
22.5576
22.0824
17.47008
13.6008
13.16448
11.1456
20.84688
22.30128
8.57376
19.68768
22.06224
14.18112
7.89408
22.78944
22.37472
17.99424
22.46688
21.23136
21.55392
15.8184
23.58864
18.78768
23.73984
22.98528
22.95936
19.88928
21.96
18.72288
22.38336
18.09936
17.14176
22.59648
22.248
21.40848
21.89376
17.46576
16.23168
16.33392
22.28256
20.43216
20.47824
14.20704
19.836
13.39488
14.52096
19.11168
20.49264
10.4184
9.29232
21.62016
9.74736
6.33168
20.4336
22.61808
21.80016
20.34576
15.16896
17.83296
20.28528
20.61216
18.47232
20.52576
19.77552
18.92304
18.69984
16.25184
13.20768
10.65744
16.74432
13.72464
17.9424
10.09296
19.09872
15.68448
19.8576
19.47312
19.2744
18.39312
15.82992
15.23664
17.49456
17.44416
10.26864
14.31216
1.8576
-99
-99
-99
-99
-99
-99
-99
-99
-99
-99
17.65152
17.62704
13.35312
7.88688
15.38496
17.66304
16.02144
16.61904
12.68496
9.80928
14.19264
16.42464
16.092
9.072
16.06896
14.79312
4.42368
10.98144
11.22192
8.18064
15.16752
6.10992
17.19648
3.46752
10.92672
15.15744
14.0544
5.69664
6.60384
14.0688
14.7816
11.25936
13.98672
13.28832
9.34272
9.88128
14.13216
14.40576
6.47568
9.37296
11.1816
12.34368
6.17328
10.77408
11.0592
12.15504
9.73008
11.8296
11.10672
6.77952
11.17296
12.46464
9.2088
11.61792
10.15776
9.58752
9.99648
10.29744
10.22688
10.66752
7.50528
10.91664
6.77808
10.1664
10.18944
4.39488
8.56512
9.37296
8.0712
9.78336
6.78528
1.44576
6.98256
9.19872
5.6808
0.96768
2.6352
2.16288
7.03296
7.6752
7.8768
5.90544
8.3016
8.3232
7.7976
7.3152
6.5664
3.88512
6.948
7.58592
5.31504
7.57152
4.57344
6.78672
6.35472
3.19824
7.94016
8.34336
4.31424
8.04816
8.08272
8.16624
8.08416
8.10288
1.7928
1.6272
8.04672
5.46192
2.70576
6.63408
6.53616
6.58656
6.0408
3.78576
7.23024
7.3368
5.97456
6.90192
6.61104
6.588
3.44304
1.27296
1.78128
0.93312
3.0672
1.18656
1.76976
5.83632
6.77952
2.87136
4.1688
4.16304
6.8256
7.01568
3.85632
6.48288
3.49776
6.1632
7.40016
7.46064
6.24096
7.38432
7.9632
2.93472
5.94
7.76304
7.41456
7.96752
7.0848
7.5744
7.86816
6.24096
5.34528
7.8264
8.9496
8.6544
5.92992
7.02864
9.03168
9.95472
8.91648
9.37872
7.3296
9.4104
9.86544
9.27504
3.276
5.18112
2.376
5.3136
10.37664
7.91856
9.39024
11.94192
10.40688
9.20448
10.6776
6.48144
8.62848
12.24144
6.35616
7.36848
2.52
12.24
11.7
1.8864
6.18336
7.99488
13.30416
10.8648
13.20768
12.64032
8.9856
11.7432
13.40064
14.49216
12.45312
10.8504
10.89072
12.42432
14.78592
10.98576
13.82256
13.51872
16.04448
10.03248
14.02128
14.16384
7.78752
2.26512
11.08656
13.05216
15.68304
5.71104
1.62864
11.87136
16.18416
10.97568
6.9192
1.4904
10.9656
2.55312
1.55952
5.292
9.60192
2.96496
9.72576
10.80864
17.2008
14.24016
10.14624
13.896
19.33344
13.18896
19.32912
17.2152
19.24416
13.26384
12.77712
12.3408
8.62848
19.63296
9.06624
3.91392
11.6136
12.97008
10.76976
9.75744
2.3328
1.4112
6.552
5.69376
3.56544
19.95984
20.4984
20.6064
18.036
20.24352
14.80752
13.1472
21.27168
18.97344
17.79552
12.76128
8.25264
20.28384
10.21536
14.66352
15.62976
16.94448
20.25936
19.9224
21.01968
17.52768
20.94048
18.10944
10.6416
8.6256
11.61504
15.59664
3.4056
21.5928
13.09968
21.12912
20.6784
20.71728
21.0096
21.33216
20.90448
20.74608
20.17728
20.0736
16.33248
20.10816
20.01888
20.33856
20.22336
18.9072
18.7992
12.1176
-99
-99
-99
8.7912
16.24752
17.14896
12.95424
17.29728
4.15728
19.93248
17.5608
18.37728
9.05616
17.7336
13.58064
5.57712
7.47504
8.3808
4.7736
13.67136
19.50048
20.17584
19.52496
19.22688
17.99856
18.66528
18.24048
14.38848
16.77024
16.77744
16.12512
14.95152
9.25488
7.28208
10.50048
15.26688
18.46944
17.78976
17.63712
14.03712
15.38784
7.9128
9.14256
7.31232
19.69488
19.14768
17.77968
16.4808
10.68336
16.93584
17.10432
16.95312
16.42032
12.636
13.3128
4.176
12.94272
5.84208
7.90992
5.9904
4.61232
14.8248
16.57872
14.1264
9.74016
10.2312
9.24336
11.628
11.17584
8.49456
13.28688
14.53824
11.09376
15.74928
15.36336
14.0904
6.34176
11.78208
15.23808
14.80176
12.44448
10.75392
11.19024
12.6648
9.83376
4.49136
7.59312
10.3752
13.64256
8.5464
13.49424
11.32272
9.41904
8.59968
7.74432
8.38512
3.852
8.52192
10.81296
10.76832
11.14992
8.07264
9.75888
0.98352
5.5368
9.09648
7.94736
11.12688
10.84752
9.11232
10.3968
6.33744
10.44576
8.88768
10.10736
8.99424
9.576
5.72976
5.35104
7.07904
9.3168
9.31824
6.86016
5.48064
7.78896
2.71152
8.26992
7.44336
6.12288
6.1416
8.18784
7.74288
8.16048
8.0208
6.07392
7.58736
6.66288
4.05072
6.76656
4.88448
1.34928
7.25904
4.90032
6.73632
6.56496
1.80288
5.01408
6.89184
4.6728
0.81648
1.83168
6.78672
6.4152
5.55984
2.99376
6.50736
2.50848
4.21056
6.34032
5.78304
2.8872
5.14512
4.06368
4.70736
1.8864
0.80496
4.07808
5.27904
5.28768
3.0528
4.58784
5.39856
2.35152
1.17648
1.85616
2.2608
4.9248
4.58352
3.44016
4.76784
5.2776
4.5936
1.75968
4.7304
4.46832
1.03248
5.87232
3.58704
4.54464
5.5296
2.31408
2.45952
0.67248
4.63536
1.17936
3.0528
5.11056
6.70608
6.46272
6.156
6.52032
6.4944
5.80464
6.24672
5.72832
3.73968
6.5088
7.13088
6.59808
4.91184
7.60608
7.8048
2.46672
6.31872
6.97392
7.41312
6.98688
7.64352
8.45856
8.31312
7.89264
4.9896
8.19072
8.06544
7.1208
9.21312
8.4096
8.96544
6.77376
2.72592
3.04272
2.76768
5.49216
9.54288
6.24384
8.17488
1.34352
0.33264
1.92528
5.07744
4.84272
3.64032
0.79488
0.42768
5.96016
9.39024
8.65296
8.35056
9.13104
11.8728
11.37024
4.26384
10.7208
10.71648
11.04192
12.95136
11.60496
12.9528
11.79936
8.85456
3.32784
13.91328
14.65488
13.41936
10.85472
14.57424
13.94352
14.40432
13.55328
14.5872
14.8104
14.39712
10.78704
2.0376
5.7816
2.3688
13.07376
11.81232
3.53088
17.08416
17.712
17.27424
17.39952
16.85952
3.87792
15.32016
13.02336
14.62464
12.22128
17.27856
2.71584
13.34016
9.43488
14.35824
12.23136
10.10448
13.0968
11.70864
16.704
17.14608
16.93008
18.144
10.93248
18.95472
18.88992
16.62192
10.8792
17.18208
15.876
18.40176
16.1928
13.47696
7.5168
12.50352
15.64704
17.6544
14.64048
15.73488
15.29568
9.31968
13.23072
12.6072
13.17312
6.87744
19.1232
19.53648
12.89088
11.52576
18.51696
21.2976
11.24784
6.75504
5.75568
14.26896
18.10224
20.1024
16.82928
17.92656
20.52144
15.4224
13.0248
20.22048
8.13456
15.516
21.03552
18.53712
19.21824
19.31472
20.97648
20.8152
19.52928
18.91728
14.7888
16.5744
10.16496
9.90432
22.248
22.19184
21.5352
21.84624
21.13776
11.42352
15.52464
19.63728
10.21536
13.96512
19.35216
21.47472
22.04064
12.66768
10.44576
13.94352
14.18544
13.63392
20.47824
14.66496
8.30448
19.88496
19.9152
20.08368
20.088
17.17488
20.33424
19.152
18.48096
20.33856
18.99792
13.53744
19.3392
18.64656
16.04592
10.50768
18.92592
18.93312
12.93264
17.44416
17.8848
15.20064
16.74288
17.90784
19.2024
19.1952
19.36512
18.70848
18.88704
13.51296
11.1096
17.43984
17.49024
17.80128
17.3592
17.37216
15.8616
14.73408
13.25952
8.53056
15.5016
16.51824
15.39072
13.21632
15.06816
14.49936
13.5504
12.33216
14.90112
16.13952
12.672
17.2728
16.22736
6.41088
8.32752
8.75088
11.76192
7.12368
8.90064
9.16848
4.55184
10.06128
8.13744
15.42384
14.39856
14.8968
13.74624
13.00608
14.93424
14.79456
14.7528
14.38848
10.15632
9.60624
13.0464
7.09632
9.69552
11.1816
11.7936
9.792
3.01104
7.1712
5.84784
5.12928
11.11968
11.51568
11.78352
6.06384
6.44112
10.06848
12.14352
9.24336
11.30112
10.03248
9.1224
4.62384
4.62672
4.45536
0.59616
4.85712
0.35424
2.088
3.93552
10.76112
5.47776
4.58064
10.36368
6.43248
9.82944
1.1448
2.75616
3.81744
6.876
6.3288
1.96704
6.04656
7.82352
8.85744
8.39664
8.1792
8.03088
7.79472
1.68912
2.50416
3.50928
3.75552
4.7016
3.93552
5.37696
4.77216
1.63728
5.63904
7.18848
6.14304
2.47536
3.82464
3.25296
1.87776
6.32592
5.62032
5.94144
5.28768
4.22928
5.48064
4.11984
0.82944
2.86272
1.00512
5.78592
2.11536
5.27472
3.8664
4.56336
6.25824
2.08944
6.13296
5.94288
5.43888
3.38112
3.94416
5.5656
4.19616
2.32704
2.7504
5.47488
4.6872
5.73984
3.88512
2.67408
5.8752
6.05952
4.8816
0.85824
4.56624
5.71104
4.84848
3.47616
6.53184
6.60672
6.02496
5.36976
5.43744
4.752
5.51808
4.9032
4.57632
5.61024
2.49552
2.44224
3.66912
4.78368
6.25104
5.508
4.18752
6.98112
4.12128
5.7672
6.48432
6.23376
2.37168
2.25936
5.5152
0.24624
5.32944
8.28144
9.2232
8.5608
7.67232
7.26336
9.60192
6.31152
8.55936
5.98176
7.6176
6.48432
10.32624
10.65312
9.82656
10.49184
10.62144
9.29952
9.89712
1.512
10.91808
5.61888
8.0208
4.45248
1.91088
9.2736
8.2368
6.99696
2.56608
1.85904
11.07072
10.97136
8.41392
11.77344
11.9808
13.31856
10.87776
7.8552
7.90848
9.46368
9.06912
13.44528
6.31296
13.01184
8.064
0.99792
8.26992
12.7152
12.38688
13.99104
10.3824
12.37968
9.2232
3.20112
6.6744
16.47504
14.0688
13.57488
13.34448
2.55456
11.17584
1.59984
5.62608
6.84144
12.88944
11.33424
14.03136
16.63056
15.35328
2.27376
2.49552
3.41568
13.48848
14.40576
15.58224
9.36
16.81632
3.6576
14.40864
1.04688
9.28512
12.7152
14.19408
16.4376
19.2528
4.10112
13.91616
19.40112
20.01312
15.18912
19.4112
12.81312
2.56464
11.25216
8.86752
7.46928
0.52848
9.37584
4.13424
16.7256
14.26752
17.10432
17.79552
8.34192
3.65904
8.3592
17.56512
19.80288
18.70128
21.21408
15.34464
21.61584
21.25872
22.08528
16.69248
11.69568
18.06768
22.00176
19.10304
11.4048
15.72768
18.2952
16.28064
12.07008
7.86096
11.42064
13.70304
18.67104
21.2328
21.78576
21.65904
21.32208
21.81456
21.53952
20.4984
14.02704
11.02896
22.43232
20.5416
12.71088
10.21536
22.59072
22.75776
5.652
7.96032
16.43904
19.10592
15.93072
11.53872
15.89328
20.26656
21.63744
19.14048
18.44496
20.628
19.57248
19.17216
17.9496
19.30896
14.23296
15.36768
20.19024
16.46928
11.78352
13.70304
10.30176
15.56064
13.9968
15.82992
21.1752
17.3016
20.81808
19.80576
18.60624
18.50976
17.532
20.02608
13.41072
15.25104
17.8704
17.35776
16.2072
19.44864
14.82048
16.82208
18.78768
17.8632
14.4432
17.96832
8.14032
13.84704
16.64784
15.34176
18.37584
15.46128
12.84912
18.75888
17.29296
18.22752
17.24256
17.96112
12.05136
11.04624
18.94464
18.0576
17.80128
16.12224
17.15328
13.01472
9.10944
14.95584
12.62736
17.09136
15.0264
8.00928
12.24144
3.29328
10.50912
11.1312
5.88672
14.32512
8.56224
12.05568
6.35904
14.43168
13.7664
13.91616
13.23936
9.21456
14.01264
6.95376
8.08848
12.90096
15.39072
14.90688
11.99376
4.5144
8.7192
13.76352
13.23072
10.20096
14.70096
13.92912
13.67568
10.67904
10.62864
11.58912
11.9304
11.77056
11.36448
11.96208
7.43904
10.21824
9.28368
10.46016
10.69056
12.2544
9.55872
6.67728
9.60624
6.75648
5.77584
8.60256
7.36272
5.46336
7.19424
7.54416
5.40144
11.1096
10.27296
9.1152
8.15328
2.9304
5.17248
8.42256
8.23104
7.47936
5.79168
3.7368
9.32256
7.452
4.45968
3.14208
7.4016
6.8976
7.64064
6.7536
5.37552
5.74272
5.50656
8.2368
8.48304
7.89264
7.7832
7.23168
5.39136
6.86304
5.77008
7.17408
5.56272
6.32448
5.70528
5.64912
5.8104
6.51456
4.98528
0.83232
6.3864
2.91456
6.74208
5.40576
0.67392
5.12496
2.01024
0.18144
0.70848
0.39888
3.63312
6.39216
1.6848
5.8032
3.48336
2.5128
4.42944
5.56704
3.91104
5.6088
4.56048
3.672
6.31872
4.57632
6.26112
1.66752
4.46256
2.65824
2.9304
6.61392
6.624
6.3144
6.30576
6.52032
6.47424
6.67008
6.3144
6.65856
6.57936
6.33456
6.68448
6.62112
6.68448
6.38352
6.87024
7.12368
6.76512
4.79952
6.192
6.57792
5.87088
7.02864
8.05392
7.4664
7.0416
5.62464
8.6472
8.02224
8.04096
3.09312
8.62128
9.24624
8.59824
8.66304
8.63424
8.40384
8.12304
5.43744
2.49264
0.78624
2.68848
4.07376
10.13472
8.2152
8.05824
9.16704
9.32544
10.38672
11.61072
11.28096
10.86336
10.56096
7.07616
11.02464
6.2856
9.46368
4.80528
8.63712
11.43648
10.8792
10.64448
12.92976
10.81152
9.8352
11.46816
12.06864
14.88528
15.1776
14.74128
14.18256
13.68144
2.5776
14.67648
14.40864
13.5216
12.00384
14.32944
14.21856
15.47712
15.90048
15.13872
6.26688
4.46544
7.776
4.12704
9.41328
11.25072
12.42864
14.27328
10.29168
10.27584
12.64032
14.44608
1.59552
5.93424
6.54624
8.69472
16.21152
16.82928
2.59344
14.22864
20.13264
17.55936
17.86752
12.79008
17.92224
4.0536
10.70496
20.35728
10.89504
16.092
11.5128
12.37968
10.9512
19.00224
9.51264
15.16752
20.80368
15.67296
20.79648
20.46384
20.63376
19.60128
10.39248
14.60448
11.50128
18.46224
21.71952
21.84624
21.01824
15.16032
12.5352
15.7464
13.08384
17.8704
14.22576
19.49472
17.75664
3.132
19.2456
22.65696
22.05792
20.59776
19.14336
13.98816
21.84336
22.9536
23.4
23.14944
22.23072
22.00896
10.41552
12.58848
19.27008
22.95936
21.62304
19.77264
18.62064
14.95728
22.90464
19.08432
22.66272
22.62672
16.79616
16.80336
10.85472
5.69088
18.31392
13.57632
23.2344
22.5
21.57984
15.32016
14.22864
21.18672
17.56224
15.8544
22.788
22.60224
18.98928
13.24512
19.39536
18.36864
10.764
-99
-99
-99
-99
-99
-99
-99
-99
-99
-99
19.62432
14.53968
22.06368
19.9368
21.66768
19.86624
13.5648
19.29024
19.85328
19.60128
17.43552
19.30608
19.65168
8.27568
19.39968
20.43504
20.33136
14.88672
11.27088
11.76624
7.13808
8.85168
21.74976
21.53088
20.64528
19.97424
17.32032
13.92912
13.62816
11.67696
9.18576
20.55456
13.57488
13.53168
13.51872
16.51104
14.49936
6.00048
7.4448
10.92096
15.09264
18.38736
18.08496
17.12304
17.9424
10.6632
4.15728
15.29856
17.96112
18.18864
17.99712
14.56416
16.30368
16.8624
15.49152
11.27664
8.70336
7.58592
6.83712
13.95792
10.34064
15.12
13.61088
10.68624
15.4512
16.05312
13.86432
3.46032
14.66064
12.38544
15.69888
15.05376
14.004
10.7136
12.46032
8.88048
11.16432
12.11184
10.59984
4.5576
13.11552
10.25712
8.36208
11.45664
2.49552
5.08896
12.04848
12.5064
12.66336
10.65312
4.1688
2.43936
3.07008
3.80016
1.60992
2.97504
8.41392
8.86752
1.42416
9.60912
8.79984
10.69632
10.80288
4.87152
7.62048
7.94304
8.59536
6.72768
5.36256
7.60176
9.0792
4.50432
7.6896
7.5672
8.604
2.8944
8.42544
9.5328
9.3744
9.36
1.58976
0.97056
5.0688
3.76416
2.49984
1.28448
4.08096
7.80336
4.42224
5.12496
7.21584
3.58704
7.01136
6.62832
4.79664
7.52688
4.34592
6.9336
5.77152
7.43904
6.43392
7.49808
6.83424
2.20752
4.73616
5.96016
5.62752
6.36192
7.15248
2.89872
6.912
7.04016
6.8328
3.01968
3.51648
6.21936
5.64768
6.46128
6.32592
5.48352
6.2856
6.57792
6.29568
6.26256
6.26112
5.98176
6.35472
5.8608
2.28672
6.31728
6.49872
5.60304
4.08096
5.88816
6.552
6.92352
5.96736
1.73232
3.348
0.72288
2.17872
3.57408
2.68272
6.03936
7.22016
6.5016
6.03216
4.46256
2.4912
6.46848
3.03984
7.9992
3.02544
6.78816
7.14672
8.08272
3.25152
5.55408
5.07456
1.7064
0.24624
0.74592
0.41328
4.50288
8.1936
8.29584
4.69008
6.80688
8.63136
9.18576
8.99568
8.9424
7.50816
6.91488
7.01424
7.55712
7.78752
8.73792
6.93648
4.58352
11.05776
8.96832
8.5536
10.7136
4.13856
9.54432
7.05456
7.92864
10.8
1.64736
9.28656
12.06144
5.36976
12.5784
12.05424
8.90208
2.16288
14.0688
12.64176
5.24448
9.10224
12.52224
14.53104
14.35104
5.68512
14.08464
12.38544
7.992
9.4104
2.0376
1.35792
8.46864
12.18384
6.97824
13.88592
15.8976
15.81696
11.29536
12.19536
10.12464
12.9168
15.02496
14.38848
12.89088
16.30944
11.96208
15.4152
15.63552
4.69872
12.74832
12.32352
16.7184
2.73168
19.09584
17.0424
18.37872
15.9264
12.3048
11.76912
7.52976
12.50208
15.81408
7.85808
8.51472
17.51616
9.87552
15.87024
19.09728
15.14736
10.2312
17.0352
18.62064
15.87744
19.71648
19.26576
16.15824
13.75344
19.65024
17.34048
17.32464
9.24912
19.02528
5.82048
19.728
13.56048
6.14592
17.41536
19.69488
17.64864
14.57568
14.36256
10.75824
13.06512
19.94688
19.49616
13.66128
20.48832
21.51216
21.32496
21.01392
21.02112
21.11904
6.26688
19.61568
21.4704
21.76128
22.44384
22.58928
20.56752
21.8808
21.10176
17.13744
18.38448
17.72784
19.19232
21.9672
21.0456
21.89952
17.23824
12.40704
20.40336
19.1448
16.79328
5.60016
15.43392
16.51968
18.8136
19.29456
16.9128
19.65168
15.41232
13.74624
15.21936
12.83904
15.4872
19.53936
18.87984
19.30176
15.48144
10.24128
17.25408
15.68016
14.99904
19.86768
17.6328
15.2856
8.09568
8.12592
13.18608
19.54224
16.44336
18.59184
15.92208
20.36592
23.02992
22.45968
17.01792
20.24928
18.26064
15.82992
17.05104
14.37408
20.34144
20.29824
19.53504
11.76336
13.62816
8.12736
19.4976
18.22608
18.65664
19.8288
13.54176
19.26288
14.97744
15.02928
7.78032
16.52976
14.9256
7.12512
14.544
15.75216
12.99312
16.76736
17.50176
19.10304
18.17136
18.11088
7.86672
14.05296
14.34672
18.26784
14.30208
14.02848
10.07424
17.63424
15.06384
8.03232
16.43328
16.55856
16.55136
5.05152
9.98352
11.71584
14.97168
15.70896
15.04944
9.86976
4.61808
3.64896
8.34624
8.75664
13.04208
9.28368
14.256
13.15728
12.70656
2.24496
3.95712
10.60992
12.45024
15.156
14.24016
10.99296
12.92256
13.19472
14.12784
13.47552
12.78864
7.91424
12.11328
12.92976
12.1104
8.06688
3.29472
6.76512
5.80608
3.29472
7.62048
12.29328
9.68112
9.33696
6.55056
2.952
8.80848
9.2232
11.24352
9.5184
10.12608
10.8072
8.028
8.73792
9.51264
10.21104
9.2232
10.18656
7.99056
5.12784
8.10432
10.15632
3.67776
6.90048
9.09216
4.06512
6.68304
8.0568
8.18064
7.33968
5.76144
7.7904
7.98912
6.47856
3.00816
1.85184
7.81056
7.6824
4.43808
4.90032
6.42672
6.91632
6.43248
2.90736
4.44384
6.59664
2.89152
3.71952
6.11424
6.85872
3.2112
6.43968
5.14512
6.32304
0.57888
5.31216
2.24352
6.62976
5.72256
6.30288
5.46912
4.08816
6.41664
1.77408
5.65488
5.49936
3.30768
5.12208
3.03696
6.44112
3.27312
2.74032
2.83248
6.48288
6.26832
6.1632
6.19632
6.49008
6.0408
5.98752
-99
-99
-99
-99
-99
-99
-99
-99
-99
-99
-99
-99
-99
-99
-99
-99
-99
-99
-99
-99
-99
-99
-99
-99
-99
-99
-99
-99
-99
-99
-99
-99
-99
-99
-99
-99
-99
-99
-99
-99
-99
-99
-99
-99
-99
-99
-99
-99
-99
-99
-99
-99
-99
-99
-99
-99
-99
-99
-99
-99
-99
-99
-99
-99
-99
-99
-99
-99
-99
-99
-99
-99
-99
-99
-99
-99
-99
-99
-99
-99
-99
-99
-99
-99
-99
-99
-99
-99
-99
-99
-99
-99
-99
-99
-99
-99
-99
-99
-99
-99
-99
-99
-99
-99
-99
-99
-99
-99
-99
-99
-99
-99
-99
-99
-99
-99
-99
-99
-99
-99
-99
-99
-99
-99
-99
-99
-99
-99
-99
-99
-99
-99
-99
-99
-99
-99
-99
-99
-99
-99
-99
-99
-99
-99
-99
-99
-99
-99
-99
-99
-99
-99
-99
-99
-99
-99
-99
-99
-99
-99
-99
-99
-99
-99
-99
-99
-99
-99
-99
-99
-99
-99
-99
-99
-99
-99
-99
-99
-99
-99
-99
-99
-99
-99
-99
-99
-99
-99
-99
-99
-99
-99
-99
-99
-99
-99
-99
-99
-99
-99
-99
-99
-99
-99
-99
-99
-99
-99
-99
-99
-99
-99
-99
-99
-99
-99
-99
-99
-99
-99
-99
-99
-99
-99
-99
-99
-99
-99
-99
-99
-99
-99
-99
-99
-99
-99
-99
-99
-99
-99
-99
-99
-99
-99
-99
-99
-99
-99
-99
-99
-99
-99
-99
-99
-99
-99
-99
-99
-99
-99
-99
-99
-99
-99
-99
-99
-99
-99
-99
-99
-99
-99
-99
-99
-99
-99
-99
-99
-99
-99
-99
-99
-99
-99
-99
-99
-99
-99
-99
-99
-99
-99
-99
-99
-99
-99
-99
-99
-99
-99
-99
-99
-99
-99
-99
-99
-99
-99
-99
-99
-99
-99
-99
-99
-99
-99
-99
-99
-99
-99
-99
-99
-99
-99
-99
-99
-99
-99
-99
-99
-99
-99
-99
-99
-99
-99
-99
-99
-99
-99
-99
-99
-99
-99
-99
-99
-99
-99
-99
-99
-99
-99
-99
1.0152
1.94976
0.48528
2.84832
6.41376
6.67296
5.13216
6.84432
6.77376
6.53184
6.57216
7.19424
6.88464
5.19552
3.02832
5.12928
3.51072
6.39936
6.5376
1.29888
4.25088
3.8304
6.61248
7.8192
6.8472
4.83552
5.35392
4.0536
6.91488
7.86816
6.34752
6.79248
7.96464
6.69024
8.48016
7.8048
8.2872
8.8704
9.05904
9.1656
9.1656
6.87456
7.42752
4.716
3.75408
7.17552
7.73568
9.71856
10.2672
10.27008
10.59264
10.79856
10.56816
6.56928
5.35824
8.47296
4.17744
11.29104
9.83088
5.05728
1.99728
2.02752
1.32624
11.27088
12.06864
12.37248
9.29952
3.4848
9.396
9.18144
7.89264
11.12256
9.00432
13.63392
11.38176
8.78976
15.3504
15.43536
8.208
11.34144
7.62912
5.86512
14.74128
9.9576
11.73456
15.15888
10.26288
15.36192
11.56752
7.16112
2.448
17.9496
8.24544
5.55408
13.37184
16.6392
13.8888
9.68832
8.95104
9.53136
15.63552
14.41008
13.80528
20.12976
13.50144
18.54288
19.30464
19.08576
12.7944
3.56112
13.608
11.7576
18.5112
4.86288
15.37344
19.71504
15.45696
17.7552
15.95088
5.3136
8.41104
17.60256
13.4712
11.6352
16.06752
21.38976
20.63952
19.18944
22.09248
20.76048
12.67776
22.83984
9.47664
22.69728
22.75776
22.52592
21.45168
13.51296
8.19792
22.5072
18.40176
2.28384
2.33136
8.6904
4.392
19.5048
14.34384
12.79008
10.66176
8.78544
-99
20.38032
21.30192
20.0376
9.28656
19.69344
12.47904
1.65744
19.46592
5.86944
15.18768
18.40032
15.77232
10.33056
6.80256
15.58224
12.43584
17.43696
13.92624
16.95888
9.65088
25.08624
19.19664
13.5072
15.12288
23.75568
14.34672
7.22304
10.55376
18.49824
8.37216
24.084
24.8688
24.05808
24.51888
25.92432
24.37776
14.6376
17.50176
23.79312
23.4648
25.01424
24.74496
20.40768
20.19168
21.89376
7.72416
25.14816
21.39408
16.24176
8.172
17.45424
24.13008
23.21136
19.10736
13.25232
12.71808
20.1024
24.80832
18.91584
15.18912
17.06544
24.12864
21.17376
6.6528
24.19776
23.92416
21.20112
21.12192
12.80736
21.67056
22.78224
20.55024
23.2704
22.88736
20.34288
21.14928
21.90528
20.63808
21.38544
21.3624
16.6104
18.46224
20.72304
19.8
15.4296
21.73536
11.72592
10.58832
18.576
9.99648
14.8392
20.49408
19.84608
9.02016
19.41264
5.36256
4.30416
18.6984
9.53136
11.736
18.97632
17.244
19.04688
19.16352
12.35952
10.44864
17.64
17.91072
12.57264
16.04448
9.06048
14.37552
18.2376
10.74384
13.18032
10.56384
4.99824
12.93264
14.27184
17.50176
14.61744
14.23872
10.35792
11.16432
12.69504
13.1616
5.34816
3.59424
4.25088
10.56816
7.83504
15.08832
14.56848
12.9384
14.04576
11.51856
10.25856
9.3744
14.2776
14.2992
13.9392
12.93264
2.54304
5.80896
13.12704
9.74304
4.48992
6.21216
10.89072
11.0736
9.10224
5.07744
1.82736
8.10864
8.4888
10.61568
4.30272
7.29504
3.21408
10.48176
11.16432
10.39104
1.26144
1.55232
8.42976
2.99088
6.07104
0.79776
10.27008
2.55744
3.9384
4.11408
7.05456
5.47344
8.36352
8.62272
4.92048
1.4328
6.73056
8.87184
8.87472
8.85888
8.40384
4.09824
7.7616
7.60032
7.79184
5.37408
5.17104
5.09328
6.78096
8.42112
3.53088
5.59152
2.98656
5.43888
6.75792
5.29056
6.2424
4.37904
6.11424
3.71952
3.66192
2.1024
1.50768
3.52656
7.3728
7.22016
6.1848
1.47024
1.60272
1.27296
5.24016
4.66416
5.77584
5.2416
6.90912
6.93504
6.65136
6.53616
6.23664
0.68832
0.34848
0.66672
1.36944
5.29632
5.86368
4.8024
2.56176
1.78128
6.89328
6.47856
0.81504
3.48768
6.588
1.3608
1.64736
7.55136
7.82928
7.8696
6.3432
5.63184
6.06672
6.96384
7.28784
7.11216
4.9536
8.26992
6.41232
5.64624
4.81248
9.86688
7.25328
8.97984
8.49456
8.44848
6.24816
1.41264
3.132
4.34304
2.48112
9.80784
5.9832
6.49872
9.09792
9.11808
9.51552
4.79376
4.25808
11.0952
9.67536
8.92656
3.64032
10.59264
11.33424
11.9952
10.38816
10.04688
11.31264
9.936
11.28384
12.5496
13.03776
12.58272
13.25664
7.98192
2.90736
4.5648
3.672
4.50144
12.12048
13.57344
15.2136
15.34032
7.46064
13.44816
6.6312
14.9976
15.58368
15.16176
15.15024
16.09776
16.51968
15.6744
16.1208
17.00928
16.45344
17.10288
17.208
14.19696
17.58528
17.00928
16.68672
2.01888
7.1352
4.64112
2.36016
7.49664
3.17664
8.1648
16.65936
14.1984
16.34832
4.42224
4.428
13.5648
3.74688
13.55616
3.98304
11.35008
18.68976
17.26704
12.69648
10.48752
14.24016
13.62672
11.41056
14.34528
21.61584
22.32864
19.56816
14.20848
6.96384
16.78608
7.26336
16.84224
15.804
20.6352
23.57856
20.37888
15.4728
22.89456
23.28048
22.48272
17.59536
17.78976
18.07344
14.12352
20.74464
9.92592
6.34752
16.15104
24.50448
19.31616
20.83536
24.27264
21.85344
21.19536
19.34496
18.72576
19.3176
18.00288
14.34672
25.20576
22.89744
24.44112
23.57712
16.06464
21.6576
21.2976
23.62176
18.21888
8.25552
20.14704
16.4952
15.91344
21.26304
24.3792
24.25248
24.81984
23.87664
17.60688
17.96256
20.4912
23.45184
22.91328
13.47264
11.78928
24.30864
22.4928
25.18992
16.0488
17.96976
17.58528
20.6784
22.5576
23.16528
16.65648
16.42896
18.54864
23.55984
19.25856
15.25392
11.30688
9.08784
10.82592
10.80144
12.75552
20.09664
23.52384
23.66928
19.20528
23.81328
23.04288
12.71952
23.4936
23.49216
21.86496
22.58784
20.47104
23.112
23.08464
22.36032
22.17744
19.20096
22.27536
22.80384
18.792
22.212
22.58208
17.064
9.24768
19.76544
22.03344
21.72528
8.35344
16.02576
9.83952
13.98528
20.98656
21.05136
21.78144
21.42
19.97712
21.21552
19.44144
20.01312
21.10032
20.33856
19.56096
17.69904
19.74528
19.116
7.7184
15.06816
17.19648
13.7664
13.61664
18.65808
15.3144
15.73056
9.9864
6.40944
6.81408
18.18144
19.01088
18.6264
16.69968
17.93664
16.35264
15.70032
10.68192
10.69632
12.13056
3.78144
15.41664
12.48912
13.21632
12.9672
8.64576
11.10672
11.5488
14.32224
15.70464
14.81616
13.3776
10.16352
10.0152
14.37984
9.45072
10.4184
12.34512
13.61808
13.16016
13.36752
13.51152
12.77712
10.0728
7.00272
8.21664
13.40064
10.34928
13.6728
11.18736
11.69856
12.84192
12.82752
12.92832
10.3392
2.46816
3.56688
2.0088
11.2464
10.88352
6.97248
9.26928
10.4616
10.04688
10.25424
10.296
7.28208
8.66736
3.6216
8.96256
2.59344
7.25904
8.90784
6.92928
8.06976
8.10864
6.61968
6.70896
5.95584
4.23072
7.82208
8.5896
8.07408
7.10784
6.63552
3.38976
7.03008
6.87024
5.25744
6.47136
7.30224
7.7976
6.82848
4.67136
8.0424
4.06512
7.10784
7.68816
7.1496
3.9168
4.51152
5.42304
1.90944
4.43088
5.88816
6.39648
6.14304
6.82992
6.26688
6.19632
0.90144
3.28032
3.9312
2.34288
5.67936
6.9192
6.85872
2.12976
0.8856
1.95984
1.4904
6.34464
1.96272
6.86304
4.3272
3.68928
5.02704
5.30208
3.90816
4.61664
3.13488
2.9448
1.93104
3.74976
0.85536
2.96064
4.45824
6.30288
6.14016
4.15872
6.6456
5.12496
7.56
4.00032
2.0664
3.6072
1.20672
3.94704
8.22096
8.10576
4.72608
3.6864
2.14704
8.64864
7.57584
8.74656
4.1832
9.38304
3.49632
9.04896
9.21456
9.98064
2.7216
10.0296
9.42192
10.33488
3.41856
2.89872
9.23328
13.39488
10.7928
5.33808
9.67392
1.99296
1.30464
9.97632
10.27008
3.04992
12.56976
8.79984
8.3016
8.24688
13.14576
8.39232
10.85328
4.9968
6.732
13.63104
11.8368
0.87552
8.7192
10.43424
14.54256
6.18624
0.612
12.64896
13.5216
13.4208
6.74352
14.2128
15.72192
15.0984
16.30224
15.79824
12.4848
14.58
12.50496
7.22016
5.14512
10.66608
10.65168
7.43328
18.8352
18.77472
16.16688
15.5952
16.38432
17.43264
6.62688
16.77024
17.30448
11.5704
19.73376
14.0688
4.52736
6.80544
19.04976
20.1456
18.1296
3.42288
12.35808
10.07856
11.4264
14.1768
19.71648
18.3672
14.77872
18.94176
16.75728
8.74512
8.97696
15.08688
15.3072
14.5584
16.5816
22.40928
21.30336
19.56528
6.3936
4.87872
2.952
5.51088
13.60944
8.6544
14.22
21.9744
18.35712
15.92784
17.54208
5.78448
6.5952
10.64736
19.51776
19.79856
22.4424
23.84784
18.1368
24.52752
24.23808
18.95616
24.8184
25.2864
24.64128
22.98672
16.14528
6.93792
-99
-99
-99
-99
-99
24.82416
24.73488
24.47424
9.11376
22.41792
21.62736
5.47056
17.0424
7.71696
20.448
17.1936
12.59424
13.87152
17.1576
20.88432
15.64704
13.82688
25.82928
26.11728
24.69024
23.70816
24.50736
24.14592
21.83184
19.34784
19.10448
18.7344
20.91024
20.86128
24.05088
23.53968
13.98816
23.63328
23.37408
23.8248
23.00112
17.73072
23.16528
22.60656
23.02416
23.11488
23.34384
19.78704
22.2624
18.15984
22.96656
20.47392
15.69168
22.3488
11.0736
10.51776
20.13552
19.41984
17.3088
22.96512
20.9808
11.18304
10.05408
14.472
21.38544
8.71488
15.11712
16.53408
11.12688
20.07648
22.55184
19.99296
15.49008
19.14192
18.43776
13.45248
12.79008
7.9416
14.57712
20.92464
19.86768
17.0784
10.37232
20.6064
20.62368
20.48976
18.96912
16.60464
19.87344
20.09088
17.80416
18.27072
16.69104
13.15152
19.68192
15.21072
10.61856
17.26992
13.99392
16.82784
17.10576
13.42368
12.70368
13.01904
16.344
17.39808
16.596
15.8256
17.36784
14.9472
12.29328
4.9824
4.70304
14.04288
10.77696
3.39696
15.70752
8.91792
8.57808
15.25824
12.47472
13.7952
10.73376
14.11776
12.88224
7.41456
8.45424
12.48768
11.66112
9.2448
14.1984
12.05856
4.5216
6.76224
2.64384
3.76416
0.98784
6.26688
6.8904
8.892
7.20432
10.93536
12.9384
12.74112
8.59104
11.07216
11.1096
8.47152
8.31888
10.12032
12.04416
11.0304
9.7704
9.01872
4.81104
7.70544
6.3864
9.17712
9.03888
9.78768
7.83216
9.0288
2.16864
3.88656
9.25056
9.55008
9.27504
7.992
8.32896
8.7408
3.29904
8.89344
4.5288
6.65136
4.67856
4.05648
6.9408
8.02368
6.52608
6.19056
7.5168
8.01792
6.71184
4.66272
1.32336
1.75104
5.73408
4.87584
6.5304
7.51248
3.2184
5.27616
5.7312
5.6232
1.73952
6.49152
7.07328
6.516
6.2928
3.93552
7.44192
6.9336
2.47104
5.1048
6.13152
5.87088
0.96912
2.25648
3.60432
3.89664
7.1064
7.24464
6.28848
6.516
3.41712
1.72656
2.90448
3.1968
6.31152
6.64992
5.07888
4.644
2.0736
6.53472
7.31808
3.312
6.96672
6.9408
5.87376
7.12224
7.58016
7.65792
7.68096
2.39328
7.36128
4.7736
7.95744
8.26704
8.78688
8.02512
8.45424
8.51472
7.7256
2.00016
1.20384
6.15168
6.79248
5.07456
9.57024
10.1088
8.38224
9.8928
9.9216
10.52928
9.72288
9.56736
7.44768
9.37728
9.11952
9.3672
10.34496
1.21104
3.51216
11.25936
2.00592
11.57904
8.72208
9.93456
9.70992
8.69472
9.8496
7.84224
12.48912
9.82944
11.12256
13.15584
13.35024
7.66224
3.27744
2.58048
12.8232
14.59584
14.46192
2.53728
11.61792
14.25312
13.53888
0.58896
14.52096
1.2096
1.0224
4.59936
12.53376
16.5384
11.8872
16.4016
12.6216
7.5024
17.52192
17.68032
14.25312
11.56896
13.98096
10.73952
5.19984
12.95856
13.79088
17.67312
18.85968
14.97744
12.24864
18.756
19.51632
19.11744
19.42416
19.39104
16.18848
19.83744
18.50976
18.324
12.38976
14.64192
16.38864
19.9152
21.50064
13.824
16.98336
16.9272
4.5432
12.42288
11.63376
9.67968
14.0112
17.91072
7.0344
15.15456
11.94192
18.9792
8.40528
15.83712
20.16288
18.60192
20.34288
4.248
20.9376
20.29824
23.24736
22.41792
15.52752
15.56208
13.91472
17.49312
23.72688
24.0912
24.444
24.39936
24.82704
24.52176
20.75328
24.59952
24.06528
24.2928
23.0544
11.8512
20.15136
24.08976
17.24688
9.108
17.89344
9.35856
12.29904
7.68096
14.37264
16.8768
12.57696
3.43728
18.17136
7.99488
15.29568
19.09728
16.07904
17.31744
24.01056
21.168
18.52992
15.04944
23.8968
24.64272
24.24528
24.4224
14.50944
17.91792
25.04592
24.93216
25.4016
24.53184
21.3696
23.48928
23.82912
22.28832
17.66016
16.67232
23.46912
22.88016
22.29984
19.54224
24.49872
22.41072
23.95008
9.67248
17.25264
12.3624
19.94832
23.84928
7.056
20.50992
10.95552
19.44432
8.12304
11.68416
16.6176
15.89904
15.04656
9.7056
10.27872
14.69952
11.22192
9.74736
17.52912
18.216
20.80224
16.71408
21.204
18.45216
20.07504
14.23872
7.7328
21.75696
22.37616
21.86928
21.93696
20.69712
15.768
19.75392
20.94768
20.86992
20.09232
20.68128
20.17152
21.00096
19.41264
20.06928
12.71376
14.42304
10.72512
17.91072
18.41184
11.9808
16.11072
13.8384
18.8064
15.74496
11.69856
10.224
9.50256
18.88704
17.89056
17.78544
17.79264
17.85456
14.09184
16.90416
16.96464
15.94656
16.70544
16.83072
14.09328
2.97504
16.7832
16.6824
15.50448
15.4944
14.80896
5.89248
15.09552
15.41952
14.89536
14.97312
14.18976
13.2624
13.91616
15.06528
14.46192
14.4792
14.08752
12.60144
5.94
13.18752
13.75776
13.53456
13.42656
13.41792
12.82032
13.07376
7.6824
9.03312
8.97408
10.8576
8.89488
12.19968
11.74752
7.23168
7.96896
5.54112
11.36304
10.87488
1.1088
1.96272
1.21248
9.27072
5.58432
6.87456
6.39792
2.74176
1.91376
2.61936
1.3248
5.34528
7.26336
8.04528
7.62192
6.97104
7.93152
0.9576
2.0232
0.54576
0.66528
5.52096
4.37616
4.38048
3.09312
1.81728
0.58896
7.71984
7.65792
7.54416
7.45056
6.96816
5.86512
5.14656
6.89184
7.26192
4.00608
5.87808
6.7464
6.24096
3.76704
6.70464
4.10976
4.45968
6.30144
5.09616
6.30864
4.24944
5.43744
5.3928
3.84768
5.85072
6.26976
4.51152
4.36896
3.89232
5.65056
6.45552
5.87952
6.41088
6.60528
4.74768
6.60816
6.27408
6.4872
5.45328
6.59952
2.78352
6.32448
6.10416
3.04704
5.59872
7.5096
6.90912
6.39648
7.08048
7.02576
7.29216
7.46928
7.10928
7.13088
0.94464
6.70752
5.06016
7.51104
7.61472
7.46064
8.01648
8.61696
7.4592
8.28432
7.884
5.68368
3.54816
2.94768
9.41328
5.44752
1.45152
4.21056
8.52192
10.40256
5.75712
11.09088
10.89648
6.1992
10.26576
10.46592
11.49408
10.31616
10.96992
5.652
11.15136
11.67408
9.2088
11.01744
7.3296
12.84768
12.30336
12.7368
13.00032
12.26736
9.93456
12.85344
11.42784
12.66336
13.09104
13.15008
13.9464
6.16608
9.30672
12.30336
11.08224
14.6376
15.30144
15.6456
14.82192
15.14016
15.24672
15.52032
15.58944
15.49728
16.03872
15.52176
12.1248
13.05936
11.89872
0.7488
6.3
15.43392
17.13168
17.24544
16.77456
17.18928
17.49024
17.7408
18.48528
18.27648
18.40752
17.6976
5.23728
3.26304
10.87056
13.17888
17.82
17.46576
10.64592
11.50704
16.27056
6.7896
7.68096
12.33216
13.72896
5.09616
21.45312
9.04032
15.0336
16.19424
16.71408
9.79488
14.68656
14.20128
18.40464
22.2768
11.74176
8.95248
21.8232
15.77664
18.35712
20.75328
16.55568
14.45328
23.112
9.35856
16.54128
13.01616
14.26032
22.89744
23.65056
17.17488
5.9256
21.72096
9.864
19.27728
19.24848
14.56704
11.43504
6.57792
12.82032
5.30496
23.79744
22.53888
17.86176
16.416
22.15728
9.0504
18.98352
17.29584
23.2632
24.36336
20.69856
8.59392
13.90608
25.0272
11.37456
22.8744
17.46864
20.3832
15.38496
17.70624
19.24128
18.15264
25.13664
25.4664
25.55712
24.6528
21.07872
12.1248
24.51888
24.39072
23.88528
24.72048
23.45472
23.76288
23.80032
24.19632
23.27184
22.5936
22.23504
5.4144
25.2
21.80304
22.86144
15.156
16.17984
23.91264
13.16304
24.06528
22.41936
20.57472
22.5216
21.83904
14.30352
17.03952
23.97456
24.53328
24.50448
23.61168
22.48992
12.14208
20.74752
21.90096
23.51808
22.8888
21.50496
16.488
20.1672
18.69264
19.90224
22.63968
19.92096
22.58496
22.35312
22.55904
21.63024
15.6672
22.71456
22.15872
21.28464
21.54384
20.52
14.14368
18.8928
21.20976
21.20976
20.74752
20.43648
19.78416
18.70704
14.76864
19.42272
19.26864
19.07712
19.02384
13.4712
20.30832
18.33264
7.62912
13.79952
2.83248
16.6032
21.10176
10.6488
13.95216
17.42256
15.29712
17.5608
16.59168
14.04
13.94208
13.3128
17.4888
7.88112
17.93232
18.07344
17.26272
16.8912
9.14832
3.77568
5.0688
9.15984
9.82944
8.03952
14.724
12.2832
14.82624
8.58528
10.2528
5.80464
0.65232
8.18064
11.27952
14.81472
14.47488
13.07088
13.89312
12.94272
11.36016
10.5624
10.59264
7.49376
6.37344
4.18176
9.52992
11.74896
11.9448
11.6496
11.31264
2.3616
4.60656
3.21696
7.32384
6.29136
9.42768
10.8936
3.30768
5.82192
4.98672
12.09312
11.51856
1.14192
2.46816
10.72368
10.4112
6.66432
4.64112
7.72272
4.67856
9.32688
9.2448
4.94928
5.60304
5.14368
9.30816
3.1752
1.17936
7.92432
3.57984
2.38752
1.14048
4.9104
8.16192
5.796
4.66128
7.9416
8.11152
5.49216
3.32208
2.38464
1.53648
5.904
7.96176
5.28624
7.59024
6.67872
6.29424
7.3944
7.2144
7.35984
7.2288
7.70832
6.82704
5.28768
5.80032
4.77504
1.4688
4.89456
6.80688
4.96944
6.4872
2.72592
3.73104
6.09696
3.57408
6.75216
4.95072
4.80672
5.24592
6.47856
5.82048
7.02288
6.55488
6.88032
1.99728
6.5448
7.21728
4.26672
7.37136
7.36272
6.54048
7.35264
3.68496
7.05744
6.98976
6.35472
2.54736
5.51808
5.95152
4.29552
7.75296
5.52672
1.8288
6.44688
4.62528
7.23024
3.53232
6.93792
9.44928
8.08992
4.6872
9.08208
8.49312
8.12736
8.82288
8.8344
6.02784
10.91664
8.39232
9.27072
9.11232
11.26656
4.61376
9.33984
8.09856
6.48
11.28096
11.016
10.02096
6.66864
4.89456
3.53664
2.58048
4.8888
12.37968
6.80256
1.23264
10.68768
8.96256
9.17424
12.16512
4.66992
3.09744
2.17296
13.05072
12.7656
5.57568
0.59616
3.1824
11.76336
13.23792
14.08176
15.60816
14.82624
7.14528
2.81664
16.02864
17.27568
10.12608
7.9272
16.00416
8.92224
8.68176
12.86208
17.4384
8.19792
6.552
15.94656
7.62192
3.37104
12.09888
9.23328
9.83088
14.28336
2.48976
13.43952
19.34928
5.07312
3.672
9.9792
18.47232
7.83072
15.39216
16.12224
18.38736
20.64384
20.67984
21.42144
18.77184
18.96336
20.92464
20.75472
5.28768
17.35776
18.28224
16.344
22.31712
22.95936
1.6416
6.70464
3.97584
2.29248
0.94896
17.95104
22.8744
17.19504
19.30752
14.87808
19.78128
21.85344
17.82288
15.04512
13.38912
5.37552
16.16832
17.40672
22.932
10.97856
4.46688
5.9616
15.27408
23.08032
7.95024
10.26288
16.45632
18.3384
17.3376
15.02208
9.52992
20.12544
16.40592
10.31184
14.95152
17.58096
15.24816
23.10192
17.0136
23.70816
17.18496
21.50928
24.65424
20.96928
10.86192
13.81824
19.8936
21.93984
24.58368
24.34608
24.87024
24.69168
23.26176
22.92624
9.31104
24.75072
15.16032
17.08992
21.74544
8.1288
23.93424
21.924
23.904
22.89024
15.44976
21.79872
23.01984
20.05632
22.98672
13.80816
24.73056
25.20864
24.84576
22.15584
22.3272
22.15008
16.9344
13.85856
23.79024
15.10416
18.22176
20.556
21.86496
15.0768
17.10432
16.61472
16.61184
20.32272
21.12912
18.96912
23.12496
22.99824
21.32208
21.83328
18.78192
19.04976
23.07168
23.38416
23.69232
22.1688
16.64928
22.04208
22.29984
21.33216
12.53664
18.16704
22.78656
22.45248
22.10688
19.5192
14.96304
20.27664
19.76256
12.47184
15.08112
18.6552
15.34464
20.89008
21.06288
17.5464
18.20592
11.35584
17.58816
6.24672
11.62368
13.3992
14.82048
17.74944
18.4824
19.476
15.2496
19.65456
19.3032
19.10304
16.00704
5.33088
8.95392
13.71744
9.39312
10.27152
12.82176
15.5304
17.59248
6.40512
15.13584
9.75024
16.55568
16.7904
14.08896
16.57008
16.4304
16.33536
15.7032
12.66192
14.86512
14.1048
7.54272
12.56544
13.29408
12.816
11.37312
4.4208
0.65664
11.87568
9.78912
11.61648
13.22928
7.33248
4.74336
2.14128
13.53744
12.30336
12.15216
8.9424
12.28896
9.60768
3.96576
8.36352
9.1152
10.38384
10.0944
10.8792
10.80288
8.83152
5.97744
10.88064
10.85904
2.02896
6.38064
9.17424
8.928
8.36496
7.47072
2.65968
9.49824
9.76176
6.64272
7.74576
4.94208
4.7088
9.09936
5.70528
4.1256
7.48656
6.81696
1.98
2.98944
0.5688
6.05376
8.54352
6.07968
7.37136
5.16384
5.19696
7.596
7.704
6.96384
7.47792
7.19424
2.40768
6.83712
1.75248
6.81408
7.17264
6.88464
6.53904
6.82992
6.64416
6.4584
5.66496
6.34752
6.38928
5.96736
6.15024
6.47424
5.93136
2.2104
5.79744
0.9144
3.06576
4.76928
6.9696
5.4144
2.10816
2.34432
6.48432
5.38992
5.33232
5.49072
5.79744
4.40928
5.904
3.96
3.58992
3.92976
6.0264
6.10704
6.18624
5.11344
5.7384
3.36672
3.31776
3.13488
2.41488
6.00048
4.92336
1.728
7.65072
1.56672
3.1968
5.56848
8.136
2.76624
6.68736
6.56064
3.33216
7.07328
3.76848
5.7168
7.37136
5.19408
8.20368
2.11968
9.56448
8.2224
8.568
7.80768
8.4168
4.95792
6.1416
5.35536
6.39072
7.42464
10.48896
10.16352
9.8568
-99
-99
11.04912
2.82672
9.2448
10.67904
3.61008
10.50624
11.91888
8.73504
9.65952
7.57296
6.8328
6.3576
10.59552
12.45744
6.70464
14.23008
10.00944
14.35104
14.17104
14.2056
14.6736
14.11776
10.74096
13.02048
12.62736
12.57264
14.95728
15.7248
15.74064
15.23088
13.64112
7.33968
13.83264
8.27856
11.02896
13.52016
10.31904
8.91072
11.75616
15.32016
10.48176
0.9072
7.22736
15.34032
7.21008
2.04912
11.16288
18.42048
18.4968
18.0216
11.45232
18.55152
18.1512
9.63504
17.48304
18.44496
16.98912
19.09872
20.29536
19.03392
16.96464
7.33392
3.9024
6.42816
6.90768
18.04464
20.0088
12.55248
17.41248
17.1288
15.264
14.10768
9.44496
13.56336
18.936
21.71376
22.3632
22.49136
18.59904
16.64784
18.57456
21.51792
15.44112
7.53264
14.9472
8.63712
23.13936
23.97024
23.24448
19.33344
16.42896
18.04176
6.91344
6.65712
12.64752
19.2816
14.27472
10.43136
7.18416
17.18208
11.65248
12.05136
9.32544
18.91296
23.09472
11.51568
20.73168
13.99104
23.94864
16.76736
22.70448
23.0184
17.95968
18.99936
21.15072
17.92224
13.24512
0.67392
18.2808
17.85312
10.98144
15.63552
23.35968
24.0264
23.3928
15.37632
20.74032
13.92768
11.4624
12.7224
19.89792
23.35392
9.29664
20.66544
15.27696
13.46832
14.86944
19.6848
21.47904
21.69792
3.99456
16.1208
7.96896
22.6584
17.31456
13.55184
17.29872
14.21568
16.09056
19.80576
22.74336
21.18672
18.34992
11.5992
20.0016
23.23728
22.90752
22.01328
9.93024
18.79488
17.6184
7.9776
16.8768
22.16736
21.76128
13.59936
12.35952
18.14544
13.57488
13.85568
18.2376
14.38704
17.75232
17.51904
19.46736
13.57344
16.50096
10.73376
19.67904
10.91808
13.54608
20.73888
18.26352
15.99984
7.40736
9.78336
5.39856
12.91968
14.56128
16.56144
16.87968
17.8344
16.93584
12.06288
13.04208
14.41008
17.09856
15.2208
13.02624
4.69296
8.47152
13.85568
15.98544
13.58064
11.92608
16.73424
14.84928
9.85536
15.89184
8.8056
12.45888
13.56912
12.0672
12.67056
13.12128
14.616
9.9648
4.96224
9.48816
6.62832
11.54016
14.10048
15.02352
1.91664
10.1232
4.75488
9.76752
12.66192
13.3272
11.63232
8.34912
10.59984
11.62512
13.35312
12.74256
11.42496
12.52512
10.2024
11.60064
5.22
9.45792
11.34576
10.84752
11.69712
10.22112
9.8136
9.53424
10.00944
10.7784
10.81584
10.3968
9.62208
2.88288
3.93552
6.81696
7.8408
7.63632
4.92912
9.05472
4.15152
2.99952
5.32512
9.0504
9.25344
7.54848
4.72176
4.57776
2.43216
8.31456
8.31312
2.952
8.0496
8.17056
6.44256
7.68096
7.92576
7.32384
6.32736
4.33728
3.63312
2.0016
2.87424
2.70144
4.9896
3.4848
0.70128
0.504
2.58768
6.58512
3.75552
1.53504
2.25216
4.82832
6.6744
5.20992
6.89904
5.15664
5.66064
4.97952
3.98448
3.37824
0.76608
3.06
2.27232
5.43312
5.95152
6.10272
6.4224
6.41952
6.51168
6.3072
6.27984
6.2784
2.35728
6.55776
6.92208
6.82848
6.76512
6.81264
6.70032
6.49152
6.64704
6.7896
6.36624
5.30784
6.65856
6.7824
6.93216
6.53616
7.51392
6.72912
4.824
7.12656
2.4192
5.74128
6.88896
1.19808
4.81824
4.62816
7.8912
8.23824
8.6256
8.85168
2.448
4.70016
6.83856
7.33968
6.20352
6.8904
9.21744
8.04384
1.41984
2.1456
7.68096
8.49168
5.07744
9.8928
10.26576
10.38816
8.37504
8.61408
8.22672
6.7032
5.39136
8.05104
4.09824
10.65168
11.27376
11.07072
2.80368
12.87504
7.78752
12.996
7.85664
4.48704
7.3872
13.1256
9.42624
9.7272
9.12528
2.24784
14.99184
14.25888
12.8448
10.29456
13.86432
12.92688
12.79296
13.83264
12.89808
4.50576
8.172
4.212
9.0072
5.9544
10.54368
5.24592
1.14912
5.94
3.95424
1.5336
6.0912
15.85008
16.95168
14.9976
7.91136
10.03104
17.73504
12.34512
17.59248
16.54992
10.78416
11.4264
18.2088
17.13024
19.57392
19.9152
18.9864
15.48288
19.14912
19.50048
20.27952
17.4672
9.46224
14.06592
16.5672
10.94688
14.99328
20.68128
11.2464
15.09408
18.2736
14.68944
12.22416
7.37856
15.79536
11.10672
19.41408
9.54432
15.74928
17.43408
18.37728
12.86496
17.36064
20.58192
18.16416
21.51216
20.88
20.8944
22.51152
16.56
15.99984
17.10432
18.09648
23.27328
22.98096
4.12848
10.27296
23.904
24.49296
22.61376
15.82992
20.17008
20.23632
23.32656
23.15088
23.32944
21.14496
18.85968
17.59824
23.48352
21.35808
24.03936
24.39072
24.25824
23.13504
13.57776
10.476
21.58272
16.704
11.20176
21.71088
11.52288
12.9312
14.0688
23.35392
24.59808
20.0376
23.32368
22.47984
23.85072
13.87728
20.94768
24.57072
24.03504
23.06016
23.79312
23.79024
22.95936
22.95648
19.66896
21.53808
20.71152
23.2488
22.84128
21.88512
13.57632
23.36544
23.2272
22.7664
21.92256
21.30624
21.15072
19.87488
21.53952
21.24144
21.312
16.9272
16.3008
21.12048
20.01312
15.76512
14.58
11.51568
20.20464
9.66096
18.82224
12.44448
16.092
18.50256
16.44912
21.62592
20.84688
16.89552
20.74464
20.83392
18.02592
8.11584
11.60064
21.29184
21.10752
15.67728
12.06576
11.5416
10.53216
19.00656
17.06544
9.48096
18.52272
19.32912
17.9856
11.54448
14.22
11.37888
19.78416
19.49472
18.69408
17.45136
19.09728
18.87408
16.34112
13.7952
9.81072
10.52064
3.83616
10.09296
16.2576
16.5672
13.63104
16.57152
4.49856
10.23408
13.10544
10.78128
8.79696
12.50784
15.82704
15.75216
12.6792
15.2208
15.81264
15.79536
11.37312
11.54592
15.65568
15.18624
14.03856
10.32768
9.92304
3.31056
1.08144
9.93312
9.252
10.05552
4.84704
10.2096
14.0904
9.29376
10.94256
13.34592
12.38256
11.80944
5.92272
3.63024
5.3208
6.45552
7.43616
8.33328
9.63216
3.50352
4.71168
4.2264
9.63072
10.87488
3.36816
6.55056
2.14272
5.74272
10.75392
8.24544
9.84528
10.1088
5.904
0.54288
7.93152
8.9856
9.02736
9.26352
8.89488
2.63808
8.51328
8.65296
8.5536
8.64144
8.04816
8.3232
8.4672
8.04384
8.13168
6.336
7.73136
6.65136
4.12704
6.84432
8.26992
8.40528
5.47056
8.03952
7.668
6.5448
7.17264
7.20288
7.06032
5.99328
5.07744
5.85792
4.5792
5.24448
2.91744
4.65264
4.9392
4.99392
6.46704
5.3064
4.54608
5.2344
4.97376
5.4576
4.8168
5.256
2.45376
1.42128
5.72688
6.20928
5.77728
6.18768
5.40144
6.21936
6.02928
6.30864
5.2704
6.0984
5.86656
4.18896
4.11696
2.81952
1.96416
2.46816
6.8616
4.53888
7.15248
4.17744
4.95216
7.03008
7.25904
6.17904
2.52
4.04928
8.18352
6.6528
3.30768
7.3368
6.85728
4.90896
6.01632
7.14096
6.13584
7.37136
5.96304
7.91568
5.19552
3.17232
8.08704
3.0744
9.22032
8.55792
5.30208
9.90864
9.48384
4.92624
3.25008
9.99648
6.1848
9.1368
1.60128
7.4592
10.1376
7.32816
11.28528
11.60496
11.22336
4.59216
10.25136
11.42928
10.49184
8.41392
8.10432
9.32112
7.64208
6.26976
6.94944
5.96016
11.34
13.032
11.45664
12.63024
12.38832
12.64464
9.88992
6.94656
14.8968
4.84848
14.5872
15.0048
14.76
12.19968
4.63536
8.00928
3.68208
2.83392
11.55312
6.8544
6.94512
9.16416
10.42992
15.92496
17.028
7.05888
16.68672
9.3168
9.80064
12.86064
17.9208
14.27904
9.94752
8.712
17.46432
8.8128
2.1672
15.61248
11.87424
13.71312
18.58608
17.51904
15.7104
14.00544
19.81728
19.07856
18.37296
18.25632
17.96688
11.32416
18.81792
17.856
10.008
11.18736
11.55168
12.12912
20.92608
7.29792
3.79728
6.80976
14.91696
3.07872
18.35424
22.73328
21.0384
22.5864
22.06656
10.3896
9.92304
2.89296
1.3392
9.56304
13.93776
16.11504
11.40912
15.13152
16.85952
13.0752
12.34224
15.32448
3.9024
18.60192
23.52816
15.57504
21.51792
19.5048
20.51712
21.68352
22.23216
14.94288
16.70688
14.60592
15.06816
15.54048
17.3376
18.52128
10.70496
20.42208
18.79056
14.69376
21.32352
21.29184
18.46656
12.22416
15.18768
13.39056
14.82768
16.30656
16.91856
16.01712
7.87248
21.636
24.04656
23.83056
24.30576
24.8976
24.4008
21.7584
12.57696
18.52272
23.44464
19.1304
22.31424
23.13792
22.0464
22.29408
22.85712
17.07552
18.27216
21.8736
14.00832
23.3784
22.80672
22.17168
13.17744
11.5992
12.36816
24.33168
23.75568
23.44464
24.10992
23.81616
16.75296
20.07216
10.99008
13.75056
20.60208
20.33136
20.35152
15.69744
19.52496
20.94336
20.9448
16.68672
15.08688
19.62432
20.75184
18.36144
15.09552
21.68784
22.16736
21.78864
13.09392
17.58384
20.17584
20.21184
21.30768
20.89152
20.988
15.29856
14.62176
15.97392
18.73152
12.70512
18.4608
20.232
20.15424
20.18736
20.00736
19.8432
18.05184
17.55936
7.33536
12.924
18.30816
15.39072
18.18144
14.8896
14.7096
16.97616
17.62848
17.31168
15.35616
9.71136
12.97872
16.29936
15.71328
16.3512
7.07904
14.08752
14.32656
5.21712
13.58928
15.0264
8.7264
13.65696
14.832
11.26512
13.3344
11.25648
11.83968
12.5712
14.90688
14.52816
14.44032
10.86192
8.8776
9.32976
12.3912
11.36592
3.3624
13.37328
9.88272
5.8968
6.96096
5.75568
4.06224
3.23136
7.0272
12.312
9.75456
3.43584
9.93888
5.4288
6.81984
7.9488
2.25792
6.81552
7.85664
3.99024
6.54192
10.02816
10.06272
10.48752
9.97056
9.50832
9.7776
9.47232
5.43456
7.16544
7.19424
3.33936
4.8816
9.39744
8.47296
6.6672
8.18208
7.59312
5.20416
8.4816
8.45712
8.23968
7.84656
6.48288
6.59376
5.25024
2.77344
4.44096
1.4328
7.05168
5.99616
2.14416
4.62816
4.54608
1.60992
4.92912
7.35408
7.36704
6.696
1.76688
2.39472
6.48432
6.52464
6.25104
6.7752
6.2928
6.55488
6.11424
6.31008
6.33456
4.2336
0.67248
3.0024
6.05664
2.40336
1.37232
1.34208
5.95872
6.20064
6.2424
4.87296
5.80608
5.80752
6.6384
6.79248
6.19056
6.45552
6.80256
6.14448
6.23232
6.52608
6.68304
7.22304
6.20064
4.36176
6.8976
3.11472
7.29216
6.17472
6.56928
7.87824
6.59808
5.30784
8.01504
6.28848
4.41504
0.70128
0.77904
0.7992
1.48176
7.55136
1.57248
3.20832
1.18656
3.73392
7.90416
8.16192
8.21952
6.90192
5.28912
7.24608
7.1928
3.78
9.94608
7.55856
8.604
10.51056
5.5872
4.17024
1.87056
1.1304
7.84944
3.89952
7.73712
11.124
9.6768
11.08368
11.2392
11.7
11.36448
4.56768
3.34656
12.12624
12.40704
12.3912
0.05184
-99
10.05696
9.13248
8.47584
11.35584
13.41216
10.98432
9.92736
13.85856
14.60448
13.788
4.99968
7.848
15.05088
15.0984
15.36192
15.49296
14.6952
15.44688
15.75216
11.46528
14.61456
10.728
2.73456
9.4392
14.49504
11.17152
11.76048
17.79984
17.7408
12.6576
4.80384
16.93296
17.4456
15.4296
12.81168
18.76176
19.19232
18.91872
19.35072
16.23024
15.32592
19.6632
19.56096
18.27648
12.68064
17.71632
18.9864
14.26032
20.5704
21.67488
21.30912
21.09744
20.64384
21.01824
19.37376
2.7936
4.05216
21.10176
20.83248
12.44016
14.53248
12.21984
7.44192
17.61264
15.25248
15.98976
18.8352
21.41712
18.2736
18.99936
14.07312
24.19632
22.27536
14.30784
23.05872
22.16448
21.39552
18.06912
14.07168
18.67248
22.65408
19.14336
23.57136
23.29776
23.31216
22.12992
22.37328
22.43088
21.29184
4.824
16.67808
15.66864
19.28736
15.87312
10.88928
12.15216
18.9936
23.04432
23.80176
21.9528
23.54976
23.99616
23.63616
24.12
23.77728
22.67568
19.54368
24.28848
24.16752
23.99904
22.76784
16.86528
16.91424
22.85856
22.58208
9.38016
18.87264
21.43728
15.73056
17.03952
18.22176
15.17616
23.25312
24.3792
24.37488
24.516
19.89504
21.33504
9.77472
12.41712
21.12048
18.12528
19.9368
12.64464
16.5096
22.81968
23.30928
21.44448
21.28896
21.06144
15.70752
10.57968
21.2328
16.49088
16.9776
14.83488
17.97408
22.04784
22.02336
22.03776
21.84768
21.16368
10.73232
18.54432
18.4104
20.27376
18.77328
13.7232
16.7688
7.48224
14.43168
15.82272
16.56288
20.27952
20.00304
20.69424
18.04608
16.73136
19.7568
18.97056
13.54176
16.128
20.13408
19.59984
17.25552
17.99136
17.9856
17.80704
15.54192
15.95808
13.14144
13.54608
5.2704
11.2896
16.1352
12.78576
12.92256
16.812
5.52816
16.46496
11.3904
3.528
16.70688
14.63328
11.09952
16.8192
7.6104
2.52144
11.19168
16.55712
6.63984
13.77504
14.04144
15.05808
10.04544
11.1024
14.68368
6.95376
9.89568
11.41632
11.71872
13.41072
6.37632
7.63344
7.91568
6.8832
10.6416
12.51792
7.23456
13.35312
13.42368
11.88432
10.59984
12.84912
11.59056
11.81088
11.12688
11.124
11.85984
8.37936
8.87616
1.67184
9.2016
10.67904
8.56368
11.11104
10.77552
10.80432
10.35504
10.33056
9.3384
10.53648
7.59888
7.88976
7.67664
7.7472
8.63712
3.67776
7.5024
9.96336
9.65088
5.54256
4.31424
7.54992
4.536
8.7552
9.216
8.96112
8.64432
8.31168
7.64064
7.30368
7.7472
7.64352
7.97904
7.62048
7.29936
4.95648
3.24432
7.49376
6.82272
7.45776
0.96336
7.42032
2.30688
2.83248
7.85952
7.11072
6.75216
6.5088
5.88672
3.3912
4.57488
1.85184
2.58336
2.03184
3.65328
2.86128
2.62944
6.69888
7.40448
1.88352
5.55552
4.16448
6.18048
5.24448
6.05088
6.10128
6.4872
2.37744
6.33024
5.82768
3.34368
6.02496
5.4936
6.58224
4.81824
5.02128
6.48
6.984
3.69936
0.88848
3.4056
7.00848
6.76368
5.82912
7.14672
3.96576
3.02256
6.9264
7.75008
6.38928
7.28928
4.75056
6.1704
4.18176
6.45984
8.02224
8.0784
6.64848
1.10448
5.11488
8.5968
8.61696
8.47296
8.71776
1.35648
5.17968
8.93952
1.88784
1.70064
8.33904
4.56624
3.42
9.8136
9.30384
7.09632
1.1304
8.80416
7.56576
10.79136
4.90464
1.4904
9.98496
6.68016
5.77296
11.39328
9.36288
9.95472
10.63872
10.49616
4.17888
8.97408
1.46592
6.16752
12.4488
12.49776
7.16256
5.75136
13.85568
12.60576
8.18352
13.4136
11.41776
12.78576
10.07136
9.86544
12.01824
14.13936
9.94752
10.47888
9.7488
13.6944
11.81808
17.36784
15.6312
14.26896
1.59696
5.05728
11.72736
15.06528
16.84512
11.52576
18.29664
15.69888
17.88768
15.20064
15.06816
14.9832
18.55584
15.10128
9.35424
1.14048
16.48656
15.60528
7.1136
10.56528
5.14368
3.4416
16.22448
9.33264
20.1744
20.11392
17.424
20.00592
20.01888
17.45712
14.904
19.46448
17.96688
19.89216
18.68544
18.44208
10.4904
18.576
9.4536
21.32496
13.54896
9.72
6.70464
11.30112
17.82288
13.93056
13.11552
4.67712
22.00896
14.44464
9.70416
12.81024
15.696
12.77712
16.10208
17.44128
12.8592
22.01904
14.35824
15.0624
19.29312
22.23072
16.63776
18.65808
17.74368
14.436
15.65568
8.80704
15.552
17.42256
16.2216
5.5728
16.79184
14.05152
10.37376
10.11456
18.648
21.24864
13.34304
14.80032
16.76592
17.12304
21.18672
18.06048
20.124
17.65152
23.82912
24.25824
23.86512
12.56112
19.26144
20.43504
22.20048
21.82032
23.39856
22.3776
12.23136
21.04704
23.51808
23.25744
21.73248
20.79072
23.95296
12.24
20.0016
16.98912
23.51088
17.74368
18.79056
16.70976
20.59776
19.29024
22.37472
22.41792
12.07152
19.70352
21.94704
22.95072
20.79936
17.26272
11.38896
22.58496
13.81536
20.01888
22.15728
19.93536
14.6088
21.528
17.78688
19.95408
16.74144
18.13536
19.87344
15.33456
14.4936
16.83504
15.05232
9.64656
5.5512
17.7768
20.2896
17.67888
13.28832
16.14528
20.58768
17.95104
7.02288
17.80128
20.12256
19.78992
18.8136
19.0368
13.51872
10.84896
-99
-99
-99
16.04736
10.2096
10.2096
4.29264
7.95312
15.228
8.89488
15.72768
15.00768
9.40464
14.72544
13.27536
10.40832
9.08496
16.30512
11.49264
15.58224
12.37536
8.67888
13.60656
11.49696
6.75072
14.6736
15.14304
14.72112
13.87872
14.832
8.90064
10.64448
7.56864
15.26976
14.6808
12.44592
9.40752
11.98944
14.67936
14.1048
10.74096
13.6152
12.15792
7.44048
9.02736
8.34768
5.22
11.4552
10.49184
4.46544
4.91904
3.85632
5.90832
6.44688
1.32912
3.47904
8.76816
10.96128
10.22544
11.1168
11.32848
10.95552
7.91568
1.1088
2.48688
2.71872
9.252
2.1384
8.69328
7.10496
9.54288
6.264
4.2696
9.52416
9.0864
4.81392
3.7512
8.12592
8.81136
7.00128
3.49056
5.83776
1.14048
1.50048
1.32336
1.23552
0.77184
4.01472
7.1568
5.2848
1.66176
5.80464
4.34304
3.60576
7.4304
6.4584
5.09184
2.56032
5.21424
6.49584
4.44096
4.8888
6.13872
6.1488
4.38048
4.4352
6.66864
5.11056
6.06528
5.63328
1.67328
3.9096
4.65264
1.5192
5.83776
4.88592
6.16896
5.61888
5.2056
6.13296
5.91696
5.92704
5.91408
4.51728
6.04224
2.56896
6.28128
6.75216
6.48576
6.5592
6.92352
7.38864
6.52464
6.8688
8.03808
7.10928
6.01488
7.06464
7.36272
8.12448
7.24896
5.9832
5.18832
7.62624
7.33104
4.78656
4.176
5.42016
2.18592
5.44896
7.14816
3.35664
8.93664
8.4888
8.32176
5.24736
5.60448
2.52576
8.84448
5.21712
7.69824
4.80816
10.08
9.89136
8.42832
9.4104
7.39152
7.87824
8.24832
7.08912
7.96032
11.02464
10.57824
11.4696
11.81376
11.7792
11.87856
10.23264
7.61184
7.61472
11.52288
12.09168
11.96496
12.096
12.10896
11.99232
13.09248
12.20832
12.42
11.93328
12.11184
10.3176
11.088
9.48528
10.48608
13.16448
13.51296
14.29488
10.12752
11.26656
5.43024
11.96784
15.54912
15.77664
14.97024
13.5216
11.82816
16.63344
16.64352
16.20288
16.32528
16.63488
16.31376
18.49536
17.73936
17.13456
17.4384
17.676
7.85088
17.01504
7.97472
6.61248
16.32384
12.528
19.53792
10.188
16.7688
6.1056
12.41424
7.35408
18.12096
19.69488
16.54704
15.22368
9.86544
16.61184
10.4688
14.67792
8.58096
6.6672
3.04992
10.32336
18.70992
14.976
15.68448
15.90624
13.68576
13.08528
19.38672
20.71152
11.77632
3.8232
17.80416
23.32368
22.14432
20.71728
13.5864
21.51792
18.42768
6.50016
23.44176
24.1128
23.05152
23.15088
22.00752
4.91328
9.98496
13.16304
16.63632
19.18512
22.90464
22.20768
4.00176
-99
0.13968
20.11536
11.07936
21.30768
23.31792
24.08256
24.3792
22.92912
21.93984
23.10768
20.92176
20.34144
21.9312
24.06672
9.86112
17.00208
2.24064
23.51376
22.86144
15.63264
17.62128
23.96016
24.17328
23.16816
22.89024
20.63088
15.88464
20.46672
22.7448
22.76064
22.8816
23.0904
23.34096
23.1768
20.916
22.52736
21.61584
21.07872
17.05536
22.57488
22.6008
21.26304
18.89568
8.5968
8.71632
23.13504
22.0968
22.7304
21.94416
11.9304
22.12848
22.67136
9.94896
16.18848
17.71344
20.44224
21.23424
21.43296
21.7584
21.4056
21.80736
16.11792
6.45984
19.13904
22.51296
15.36912
20.77344
21.2112
21.43296
21.42
20.43936
20.59056
20.29104
11.59488
19.2312
21.42576
19.40544
20.17152
8.71776
18.92016
18.18432
13.25376
20.38032
20.27376
19.85184
12.62736
10.98144
19.7856
19.3824
19.11168
17.88624
19.28016
16.67232
4.33728
17.3376
16.76448
13.10544
15.71472
11.40624
10.27584
18.65952
18.33408
9.38304
17.8056
17.06832
13.97376
17.17488
4.61808
5.91552
17.31024
9.06912
14.29344
14.71392
15.13008
15.85008
12.97728
13.32
14.1624
1.4184
14.94432
14.70672
15.26976
8.22096
11.41776
10.90944
9.88848
14.7528
14.292
13.06512
11.30688
12.96144
13.59936
11.3472
6.75216
11.9232
13.02192
4.89312
9.76896
12.28176
8.08704
9.33984
7.80912
11.29248
12.32784
11.61072
6.50304
10.92384
7.26768
1.76544
1.48752
4.64832
10.3968
11.04192
10.476
9.89568
5.20704
8.71344
8.82432
4.9896
6.63264
9.81792
6.28848
6.45552
9.64368
8.77104
3.26592
6.86016
7.9344
6.01776
7.69248
8.8056
4.60656
1.59264
4.97808
8.13744
6.8256
6.72912
7.56144
7.39872
6.99984
4.21488
6.39792
6.41808
7.37856
6.56496
4.28688
6.86448
5.1984
7.30512
4.94928
5.76432
3.17376
0.18864
0.55008
6.1272
6.64272
6.23808
6.64128
6.50736
3.32208
4.83696
3.72528
3.86496
6.36192
2.45376
4.10688
3.51648
5.19696
4.47984
5.74848
6.51312
6.3648
5.71248
6.4512
5.07744
4.6296
6.22512
5.36976
6.13008
6.26688
5.39712
6.28848
4.96944
6.36912
6.96096
6.6168
6.41952
6.84144
6.8184
3.72672
7.26912
7.55568
6.07536
7.79328
6.65712
7.2072
7.57296
5.04144
4.28688
1.15776
0.09936
0.81792
4.65264
7.45488
4.73904
5.47344
5.09616
7.27776
6.35184
5.66352
8.68032
7.61904
8.97552
8.83008
7.0272
9.78624
9.4392
8.20656
5.30352
9.50976
9.82368
2.4912
1.25856
9.39456
10.04976
3.42864
10.6056
7.78608
7.60032
8.88192
11.0808
11.4768
11.61504
12.14352
12.58416
6.91056
10.3392
11.3112
11.50416
10.51344
13.18752
7.5744
9.60912
11.54448
12.26304
10.01376
14.84352
12.71088
7.56288
12.60864
14.5296
13.08384
10.30608
7.6536
14.4792
1.55808
3.82608
10.20528
15.91488
15.81264
9.38736
6.54048
2.15136
4.2048
8.34192
3.4632
6.69888
10.46016
14.01984
2.68416
4.56912
1.25712
4.0536
15.79824
18.78048
19.26288
16.98336
12.31056
18.08496
16.39584
19.43136
17.83872
16.40016
1.37664
19.62
9.76752
10.49328
15.30288
9.9144
3.50208
4.99248
1.83744
2.08368
14.2632
18.36432
20.68128
14.59872
12.07008
12.69504
21.95712
12.78144
14.39136
19.07136
17.352
21.32784
15.62832
19.8144
18.84528
21.01824
4.67568
5.95584
12.45312
14.32944
21.348
4.64544
16.28064
14.51088
20.49984
22.88304
23.54688
23.59152
22.58352
21.31632
19.54224
15.60672
16.01568
23.44032
22.84848
22.17168
16.01424
14.82768
20.36016
16.164
20.6568
11.73744
7.2072
19.88352
20.14704
3.86496
7.77744
12.10464
16.12368
11.68704
22.03344
18.41904
16.66512
15.52032
6.38928
13.9536
11.3328
15.36048
13.92048
22.40352
21.6576
23.53536
23.00544
20.84112
23.4216
23.1048
19.76832
19.80864
14.61456
22.61664
13.104
9.08208
24.31152
23.52528
20.8584
23.2416
23.46624
21.27024
10.18656
18.68256
16.69392
14.832
11.61648
10.25136
18.04464
18.39168
21.14928
22.9608
16.77888
22.13712
21.11616
18.27936
15.20928
20.75328
21.4272
21.49056
19.69632
21.21264
21.38832
19.6704
20.97072
14.48496
17.20944
16.1208
21.67344
21.42432
20.55168
14.30208
14.17824
18.7344
18.4824
17.18352
11.63376
16.82352
18.66816
16.7112
17.568
6.73344
20.00304
20.00304
19.26
15.27552
16.43184
16.92
18.95472
18.55296
16.12512
11.81376
6.24096
17.26704
18.26208
13.68864
13.6944
17.43696
18.1656
17.33472
8.07984
11.12112
6.76224
9.02016
12.04128
14.0616
16.488
16.73856
16.48224
15.07536
13.8528
11.63952
4.23504
9.0792
9.8064
8.23104
13.59072
15.20496
12.06432
13.79088
12.02256
7.39872
14.35104
13.13424
13.58928
9.78192
4.15584
13.572
12.41712
12.87792
13.00464
6.46848
11.04912
12.01536
2.88576
11.592
13.13712
10.7568
3.8304
9.75456
11.60352
11.6928
11.016
10.61424
6.6024
5.15232
3.51072
11.01312
10.548
7.79472
4.91184
7.80192
9.44064
7.77456
10.12176
9.85392
9.35568
9.03168
3.51648
4.03488
5.2992
2.54592
1.31184
8.79984
7.97904
7.27056
8.6184
7.10496
6.22656
6.22944
7.596
1.9872
7.75008
7.45776
7.49952
4.6368
7.72704
7.65648
7.33536
6.65424
2.94912
0.6768
1.40544
0.43056
6.97248
6.63552
2.83104
6.80256
6.62544
3.91248
4.2768
6.14736
3.67344
5.13648
6.76656
5.32944
5.32512
6.50448
5.09472
3.8376
5.93136
4.25664
3.01248
1.20384
4.7952
3.25872
5.55552
6.03648
4.8888
3.31776
6.2856
6.19056
3.24
6.22224
5.15088
6.58224
5.88384
3.4722
3.114
8.2458
8.3934
5.9652
7.7292
4.3092
7.1064
0.7452
4.5936
8.5644
8.3718
9.369
9.4752
9.3438
9.153
9.3024
7.4358
9.7074
6.1092
7.7526
4.6566
8.7516
10.233
6.3036
8.2368
8.9496
8.7102
7.8606
3.5964
11.4246
11.3076
9.63
10.7712
10.1862
9.2664
8.523
1.9854
2.9556
5.4504
8.5662
10.017
6.4998
10.2456
1.5984
3.8142
12.7458
12.006
10.35
10.989
13.8366
4.527
1.2708
8.352
14.9886
14.328
13.2426
14.7078
10.1934
7.4052
5.5638
6.993
8.0982
9.5004
5.8572
5.4936
8.1018
14.301
17.5788
17.0622
2.0268
18.7866
7.7544
18.4968
19.1502
18.3726
17.361
10.8756
20.7828
20.8044
19.4418
18.5508
20.9016
19.2744
16.9074
9.5328
21.2022
21.5676
21.2418
19.4544
20.7054
21.5118
21.3462
17.8542
21.1878
10.7928
12.915
24.129
12.4956
3.1734
13.7178
18.5544
19.44
21.2706
19.0854
5.8896
10.9314
22.1904
24.2712
6.0534
4.0536
10.6596
26.3322
26.0496
18.2916
8.0478
6.7644
8.3106
7.8408
9.2556
5.7726
10.4814
26.6994
24.6294
22.1022
26.7912
16.6662
27.5796
18.8118
9.3168
15.0408
25.3494
23.3838
13.1022
19.5804
12.8142
11.5254
21.3534
17.0514
21.6486
27.0594
13.5054
13.9734
20.3526
10.9224
24.1614
27.5004
23.0562
19.4508
18.801
19.7064
20.0178
18.6174
25.8174
19.4922
19.2672
14.22
20.6172
27.3384
22.2696
23.5332
18.4068
28.9386
27.279
27.2466
27.7416
24.4548
9.6408
26.6994
17.3862
17.9082
27
20.0124
13.6674
23.3622
26.5878
25.6788
26.9586
21.861
16.9776
24.2406
22.4568
28.0242
21.2904
8.9442
27.9504
16.6572
17.5266
20.9916
27.8208
27.5004
26.3286
15.1272
20.9016
17.6688
20.1744
24.8778
27.8748
27.45
26.2764
25.38
26.9154
27.6858
26.3502
25.1658
21.4128
15.93
27.9198
19.251
27.2106
18.8136
16.8876
16.9164
22.7628
22.6566
8.4258
19.7694
22.0194
17.0334
15.903
22.7862
16.263
20.0124
22.986
24.6906
24.1056
23.3136
23.3802
25.3674
25.0452
16.5204
23.8392
23.4396
23.4072
11.9826
13.4262
16.4088
23.6916
17.1306
19.4328
18.7362
15.5088
18.9828
14.0022
4.6818
15.2334
16.2774
20.9934
14.769
12.0024
18.7794
19.1988
11.3004
19.944
16.0092
16.9884
14.0094
15.7284
14.0364
17.8434
10.9674
20.3778
8.9262
11.232
14.8824
12.7836
11.0736
16.308
12.9888
16.0434
15.9228
11.097
15.921
11.3364
15.9858
10.9278
6.1848
15.6186
12.3696
16.902
15.9408
7.2594
7.794
16.2954
13.7412
15.5106
15.6042
11.6874
12.8358
10.2456
12.0204
13.9734
13.9158
4.5378
12.9114
14.5746
12.6234
10.2276
11.9628
11.574
11.2392
8.2746
3.9852
8.3106
3.987
7.1388
5.769
10.9386
11.8098
12.2544
11.4768
11.7756
5.2218
1.2078
2.0178
2.8908
8.6922
4.7862
4.7646
3.5622
8.5086
9.6534
9.7218
7.794
5.6646
2.8548
1.7712
1.197
6.1542
7.9218
7.3566
7.128
9.495
8.9154
7.7562
7.6302
8.6706
7.2414
8.5788
8.9334
6.5196
6.4116
6.9372
4.0554
8.226
8.0478
7.911
8.082
7.9272
7.5906
7.6554
7.8768
7.6464
7.8336
5.3172
5.7438
7.3026
4.392
6.57
6.9804
6.597
6.3774
7.5924
6.7968
7.9092
8.3862
3.1878
7.6302
8.6472
4.4262
8.9748
8.7624
7.0434
7.614
0.954
9.1674
8.91
9.8118
9.2862
9.5778
9.5364
9.702
9.5544
7.7742
8.8398
8.5896
9.8982
10.161
10.035
9.999
10.7496
10.7046
11.1492
11.3832
11.358
10.629
10.9134
11.6874
10.881
7.7976
6.5574
10.485
12.1392
12.339
12.753
12.681
10.4994
5.8176
5.0364
5.652
13.671
9.9396
11.8962
14.4594
1.431
14.5998
14.8356
13.3938
14.5764
13.6368
8.172
15.7878
13.905
10.9116
11.7648
9.333
12.7548
10.7118
6.0984
4.0086
6.057
9.4698
11.709
7.5582
6.9786
1.6488
9.2178
2.8386
2.196
3.0024
4.3038
1.9764
1.0026
3.6162
4.7466
15.984
9.7002
6.0462
17.631
8.9928
14.0328
17.0424
11.1474
6.822
7.416
17.343
20.772
16.2432
22.7934
22.0662
15.0786
21.9744
22.1022
8.4618
23.8824
21.915
3.0132
2.1366
21.402
23.589
24.4764
24.192
24.7788
10.9368
2.448
2.7414
22.4244
12.8106
22.6152
21.5532
24.6006
19.5138
21.5028
23.409
8.4186
18.7974
10.845
14.3154
13.8618
19.8486
27.0468
25.7724
14.9436
19.3716
27.0558
28.4238
28.6182
27.1296
26.4384
26.5104
26.8704
27.7506
23.3514
27.1152
25.9506
27.6606
28.2834
23.4018
4.5198
11.187
29.763
21.5208
28.8252
29.1978
26.8074
29.8332
29.6298
27.4176
28.7208
27.3618
26.1738
27.4392
20.1114
13.1256
23.553
30.7746
28.3446
26.8704
27.7578
22.788
24.3288
26.8848
25.7238
28.5858
28.9584
25.1964
14.3622
23.7834
28.4238
20.2896
30.7854
24.7968
22.5342
24.3108
25.056
24.6186
28.7874
28.152
27.6966
28.8324
26.7174
13.6908
28.6866
30.5694
29.5164
29.5056
29.142
28.6092
28.503
28.35
27.9774
27.459
28.3878
27.4788
27.4914
26.3844
27.0954
26.541
25.5348
27.3366
26.2476
23.6358
24.4188
13.8816
13.0932
13.653
22.023
22.977
26.4528
26.307
26.235
17.7102
23.3892
19.7028
23.4846
23.3262
22.8924
18.819
19.3626
20.79
21.7674
17.2746
18.1998
10.6452
9.5742
25.4196
25.1982
19.2348
19.62
22.455
23.8338
17.7408
18.4878
14.337
19.656
21.231
19.0602
8.8686
21.3336
14.4
15.5574
22.4514
20.7108
21.519
18.171
14.8482
16.5186
19.7028
21.0474
16.5978
13.797
10.8612
17.19
13.2606
16.5312
19.8378
19.9926
18.5076
19.0782
12.9366
11.9736
10.4616
12.5784
18.099
13.3884
16.6032
7.884
15.6114
16.875
17.8272
16.5654
17.064
17.1234
14.5116
3.8304
6.0606
10.8054
9.9594
8.055
15.0498
13.6818
13.23
15.0696
13.6872
8.6256
12.3984
11.1528
8.478
10.7118
12.1932
6.4386
11.7054
12.1806
11.16
11.1096
11.6892
10.26
10.9332
10.593
8.361
10.7802
4.2516
10.0116
12.231
11.79
11.1798
8.5554
4.707
9.8046
8.7012
9.4518
9.1728
6.6366
5.2488
7.218
5.4198
3.4074
7.155
10.071
2.6496
5.7528
8.9946
6.453
4.9158
5.8212
8.0082
2.8278
6.9138
8.6814
7.0794
5.3964
8.0982
7.5078
8.208
7.65
6.7554
3.1014
8.379
3.5208
3.906
3.3102
2.5632
2.619
7.056
3.5856
4.6962
7.5294
7.6482
7.2936
5.9868
6.84
5.0814
7.5366
8.1576
7.1802
7.5096
7.8228
5.9346
4.248
7.8912
