20000101
8.21952
8.36496
8.13456
8.67744
7.98336
8.83728
8.3592
6.26544
4.45968
8.19504
8.56368
8.4096
5.43024
8.65584
6.34464
8.06544
9.3528
9.67968
8.77968
9.35136
10.4616
9.93744
10.29888
10.4256
4.5288
5.71104
9.92304
8.5752
10.04976
9.49248
9.44928
10.08144
9.83664
9.37296
11.08224
10.9224
7.25328
9.86112
6.8616
11.28672
12.38544
11.42208
7.7832
7.88544
11.52576
12.2184
10.79856
10.65168
12.50784
12.37104
12.30336
5.0904
6.43392
12.29472
12.57408
12.92688
13.48128
12.59856
11.28672
6.90192
13.98672
14.43744
13.88448
13.54464
13.71888
9.82656
6.82704
14.28048
14.04288
14.31648
14.38272
13.62528
15.52176
12.276
14.46048
15.516
13.97808
15.28416
9.26928
11.61936
14.12064
11.02176
5.39712
16.31088
13.16592
5.92128
9.41328
9.72576
17.13456
13.09968
11.5488
17.34624
7.76448
19.06128
16.416
11.55168
20.11392
19.2096
7.44768
7.67808
6.8904
11.92896
18.74736
19.03104
19.38384
19.76976
10.77552
21.60432
19.12176
21.56112
17.45424
21.17952
19.44
19.54944
21.87648
22.14576
19.62864
12.40704
0.33552
23.21424
20.43504
23.28624
23.1984
22.18032
15.76944
15.83424
20.71008
20.2752
12.4272
16.47648
4.10112
4.13136
-99
-99
-99
-99
-99
-99
-99
-99
-99
-99
-99
2.79792
15.1416
19.25424
21.31632
11.74608
14.31504
21.0024
21.97152
17.67888
20.52
19.6272
21.14352
16.88832
13.4136
20.1672
21.72672
22.3416
17.0208
5.17536
4.59648
4.91472
7.46496
9.15408
21.62304
21.69504
21.60432
22.42656
17.99568
21.89088
21.57264
21.28464
8.34768
12.6648
16.85376
12.39408
20.45376
20.56464
18.81072
17.26128
21.3336
18.24192
18.37728
19.08432
21.57552
19.54224
19.35216
20.93904
17.50896
8.7912
22.16592
20.988
21.41136
17.97264
13.63248
10.02096
13.5144
14.724
19.18224
19.93248
19.93536
19.55088
9.90144
16.64352
17.46864
20.0592
20.13264
18.91728
12.50208
13.60224
18.79344
16.44624
17.68896
15.624
16.12512
18.17856
18.576
19.38384
18.6984
18.62928
18.79344
15.696
17.0568
14.88672
17.35776
17.61552
16.95744
16.812
14.86512
17.20944
17.05104
11.16
17.24544
12.94848
15.66144
14.64624
12.996
14.79312
12.68496
14.26896
9.59616
15.15744
14.44752
7.66944
10.9152
14.58288
14.54112
13.71024
10.7424
14.00976
14.256
14.14656
13.68576
10.00656
12.34224
12.2688
12.40992
10.5336
4.32144
3.98448
6.2424
11.37888
11.60064
11.23344
10.75536
11.42928
10.17504
9.9288
4.77504
9.43056
11.49984
10.64592
7.59024
10.15632
7.6392
9.59184
8.23104
5.94
9.58896
9.46368
8.91216
2.5344
2.81232
1.89792
0.45936
7.1208
8.44416
4.9248
8.82
8.06112
7.54704
7.18848
3.7512
0.9648
4.48128
5.38992
3.44592
5.9832
6.8112
6.94656
7.17984
5.63904
3.6504
7.43904
2.4264
7.87968
7.18848
4.85424
5.89248
6.86592
8.6184
7.89408
8.30448
6.35184
4.71456
1.99584
7.40736
1.82304
6.08688
5.15952
4.26816
7.10064
3.12768
7.2216
6.15312
1.33632
6.38352
6.27696
6.70032
6.23664
6.41088
2.98368
5.23152
4.34304
3.55968
6.43248
5.09328
2.96928
3.53808
1.79424
4.60512
6.10272
5.22432
4.968
4.55616
5.35104
5.1408
4.5504
5.89968
6.2208
5.88096
5.40288
5.2416
2.08368
1.92096
1.01808
0.3528
5.724
5.88672
3.41712
2.91456
6.444
0.80352
6.81408
4.74912
5.2776
5.88672
6.37488
3.21408
1.40976
5.3928
7.02432
3.94992
5.80464
4.2336
5.89968
3.08016
1.23984
0.66816
3.18384
5.75712
1.90656
4.58064
6.64416
6.72192
4.30416
5.47344
5.52384
6.81408
6.59664
4.3776
6.03792
5.96304
8.23392
7.9488
7.71696
7.97328
8.36352
7.71264
8.33904
6.94512
5.21568
8.81856
9.13536
8.44704
8.55216
8.47008
2.37024
5.1552
5.82336
8.57808
8.57376
7.1424
9.60192
9.63072
8.99136
9.81936
3.29328
0.70272
6.04512
10.39824
8.13744
8.44272
8.2152
3.5856
8.92512
3.0456
8.9712
6.5736
6.5376
11.0808
7.0704
5.64048
11.38896
8.36784
11.76624
11.6496
10.66032
4.46688
11.50416
12.38976
11.67984
10.332
10.332
10.59552
11.52432
8.4528
12.90672
11.84256
12.49776
11.3904
7.15248
13.88736
13.968
13.92336
14.43312
12.86496
13.72464
2.052
12.09168
11.43216
15.0624
14.54544
13.42224
12.06864
15.37488
12.15072
14.94576
15.30864
14.91264
13.08096
2.53728
13.27968
9.072
12.96144
17.21232
17.74944
16.0056
17.57232
17.45136
15.12288
17.1648
9.5256
5.472
12.27312
10.51344
5.44176
13.6656
15.18336
15.13584
17.22384
18.51696
15.95952
4.68288
8.88336
19.63872
18.14688
14.0904
20.46816
19.90368
9.5328
4.66272
20.592
14.2704
18.62208
18.29952
15.47568
15.6528
19.50192
19.34208
20.01024
19.8
19.84248
19.74456
19.42848
16.71696
18.62928
16.00272
20.68272
15.63552
15.77376
19.08576
19.494
15.7212
7.57728
20.97216
19.07856
19.36728
19.93752
16.16544
21.49488
12.5064
18.8856
20.84112
20.59488
20.304
20.268
19.81008
19.39392
19.57536
19.76112
13.73184
18.49536
20.9304
20.82096
20.63304
19.84824
18.20304
13.17024
17.5536
18.32976
21.28176
18.73296
16.33968
19.52928
13.11984
9.16272
18.13824
15.77952
11.42496
8.5248
18.48096
17.26416
5.10336
20.37888
19.68768
19.86912
17.55792
14.55408
18
17.66448
17.67168
18.42768
18.25632
17.29296
16.77456
16.56288
15.25968
15.57072
11.35728
15.08544
6.39216
-99
2.99376
17.62272
15.24096
15.1488
14.47488
16.75728
15.48576
11.08944
13.69296
10.63728
13.04928
11.92608
13.4496
15.45984
15.16032
14.77728
14.95872
14.95872
14.4864
14.6016
13.76784
13.12272
9.21888
6.4656
9.91728
13.99824
9.58464
10.72368
13.26384
12.03696
13.248
13.50864
12.3696
7.61184
8.136
13.28832
11.61792
9.2448
12.9744
10.40544
7.7184
9.90576
6.71184
7.12728
10.71288
4.572
9.60192
8.1072
3.89232
11.43504
9.16848
4.60656
6.71904
7.85952
10.09584
11.268
9.31248
8.72496
4.56624
8.79696
10.13616
10.00656
5.61024
5.03136
6.76512
8.91648
4.94928
7.55568
7.05888
8.79696
6.12144
9.18288
5.74992
5.97024
7.22592
8.66592
8.73648
9.1944
8.352
6.43392
6.38352
6.38928
7.05888
6.8976
4.32864
7.91856
4.9536
7.82352
7.66656
1.87488
7.39584
7.49952
7.056
5.11776
5.01696
1.35648
5.26608
6.92352
3.62304
1.22688
1.77408
1.88064
2.81808
6.70176
6.17472
6.0408
6.4728
6.73632
6.5016
6.42384
5.35824
2.02176
6.42384
5.89608
4.30344
5.84496
4.16448
5.47344
5.1912
5.96592
6.1488
5.97744
3.96288
6.20928
4.42512
5.98752
5.83632
5.88528
0.91152
1.18656
6.24528
3.91104
1.46448
5.84928
5.72112
4.58928
5.9832
2.9232
6.20352
6.516
4.84272
5.41872
5.93568
6.15456
1.62144
0.7344
1.4184
0.9504
2.60208
1.45152
1.76832
6.23952
6.228
2.1816
3.51792
2.77344
6.38352
6.81264
3.32208
6.408
4.968
5.71248
6.43104
6.23232
5.54688
7.13808
7.07616
5.97168
3.69648
7.25616
7.1208
7.63488
7.21584
7.53984
6.90192
5.89536
6.01488
7.78608
8.3016
5.18256
7.39728
6.48432
8.27712
8.76672
8.57232
8.63712
8.53488
8.16336
8.34048
7.8768
5.54112
6.37488
1.40112
5.82624
9.30816
9.02016
8.16768
7.55856
9.11664
9.69696
9.17136
9.7776
9.66096
10.08288
8.04384
5.04576
2.8224
10.05264
9.12384
0.86256
4.53456
5.55984
10.03248
9.38448
11.5128
10.08864
6.03792
10.16928
11.70144
11.23488
10.76112
7.76016
10.512
11.89152
12.25008
11.91888
11.88864
11.48832
10.48896
9.24768
12.71664
11.9952
11.78064
1.7424
14.67792
13.9032
14.00256
4.48128
1.58832
12.61728
14.36112
11.12688
7.68672
2.88432
14.4864
2.45664
8.9208
3.92544
13.94928
10.78992
9.29952
8.13024
16.35264
11.38032
13.26816
16.24176
17.29152
16.7688
16.36416
10.5192
-99
-99
-99
-99
-99
-99
1.2528
4.176
6.53904
18.0072
15.62832
7.49952
3.5856
5.27328
10.58688
6.2928
1.72368
19.8288
19.78272
19.87776
18.06624
19.59984
16.35264
20.7792
20.74608
18.47952
19.78704
8.27856
14.08752
20.35584
20.04048
12.71664
16.08192
20.66256
19.78992
10.37232
21.73824
19.91808
21.3984
18.01152
8.0208
14.64048
19.83456
19.836
3.26592
23.08464
12.26592
21.61584
21.55104
21.46176
21.26736
21.65616
21.61152
21.64176
20.84544
20.54592
15.33168
20.24496
20.98656
21.30768
20.14848
19.584
17.2728
18.77472
19.04112
3.6576
9.33696
7.74
19.88928
18.44784
11.98656
13.67424
5.03568
21.12048
18.33696
19.87632
17.50608
20.33856
17.90064
9.12816
10.35648
13.28688
14.1624
16.02864
20.05488
19.80864
19.76976
19.66032
18.72576
19.6344
19.52208
15.70608
18.65952
19.4328
18.63792
17.87184
16.2432
9.7848
6.81264
8.5176
17.42688
15.47568
11.75616
15.37632
17.32032
11.43792
15.06672
9.71712
20.09232
19.1232
14.1048
16.69536
14.50512
15.90192
16.47792
16.15824
14.79744
15.17616
15.1704
8.73072
14.93856
2.90736
13.24944
12.18384
5.47056
15.85872
10.32912
16.93296
10.63584
0.09792
-99
6.50592
13.71168
13.5936
16.56
13.0248
12.9168
15.55776
14.84784
8.97552
9.3456
13.16304
14.83776
14.85504
7.84656
9.73296
11.85264
13.3344
10.5552
7.19856
12.35952
9.77472
13.7664
13.90896
13.79952
11.85408
11.32416
6.59232
11.56608
9.61632
4.2552
11.80944
7.13952
7.23456
11.10816
10.76976
8.66592
2.0952
7.92288
10.6344
6.89616
10.8864
10.152
10.4904
9.40464
9.65376
10.08864
10.13616
10.20816
6.43392
9.83664
9.19296
7.61904
8.52912
9.83952
9.69408
7.83216
9.23904
4.15872
5.28624
8.46432
8.12304
6.50304
6.82992
9.06768
8.5248
8.26848
7.19856
7.83216
8.19072
6.59232
4.35888
8.52768
3.98448
2.6424
7.24752
7.0812
7.46712
6.94224
1.872
4.84848
7.61904
5.17392
0.83808
2.3832
7.41744
7.236
3.3624
5.11344
6.84144
2.80368
6.31152
5.64912
6.95376
4.04064
6.42816
5.73408
3.38112
5.48208
0.98064
5.67648
6.09264
6.10704
2.57328
6.01632
5.62032
3.61728
3.55392
2.41344
2.51424
5.83056
5.22864
5.148
5.92704
6.10272
5.11344
1.50048
6.71184
5.74416
2.12688
6.732
4.48848
5.0328
5.65776
2.42928
4.63824
2.51856
5.32512
1.74096
6.28416
4.37544
7.5348
7.71552
7.4448
7.45488
7.15248
7.3008
6.6744
6.408
3.6864
6.86592
7.92864
8.00496
8.03376
8.4168
8.61408
4.15872
8.04672
8.2944
8.60544
3.88656
7.27344
9.19728
8.892
7.29504
8.29584
8.5752
7.4232
7.26048
9.072
8.56224
7.53552
8.2296
2.772
1.4544
3.07008
4.36464
10.13184
6.36048
9.14688
1.67328
2.94192
9.05616
6.66144
9.62784
8.55072
0.88128
0.71424
4.82976
9.16704
9.2304
7.36128
8.21232
11.32272
5.88096
7.74
11.14272
11.4696
11.1744
11.85552
12.25152
11.97504
11.9088
11.7504
5.85648
13.86864
13.3272
13.43088
13.54176
13.02768
11.14704
14.27472
14.1696
14.61312
13.91184
9.90144
12.52152
2.94984
12.54672
5.48208
9.91584
13.48272
4.9248
16.10064
15.60528
15.66
15.65424
12.91248
5.31072
7.46064
15.71472
13.96368
12.43872
16.72848
1.77696
12.04704
12.21264
15.7536
15.33312
8.70912
8.56656
18.34848
16.38288
16.46928
15.53328
17.89632
14.02128
19.05552
18.85824
16.704
11.07072
15.7824
18.73728
18.42768
18.17568
9.04608
8.03664
9.47808
18.98784
19.0368
20.3904
18.05328
19.58256
12.11184
15.03216
8.26704
7.83648
12.94128
20.52432
20.4984
17.15616
5.65776
20.20608
22.1616
15.59808
7.05744
6.97248
20.52432
20.20176
21.43152
21.03984
20.75904
21.61872
19.728
15.95232
21.2544
10.89216
21.10032
21.09312
18.4824
19.332
20.11536
21.38256
21.41424
21.87072
20.37312
18.8136
17.78112
16.75728
15.67152
21.3048
21.56976
21.71088
21.21984
20.26656
9.94176
17.60976
19.27584
18.61344
9.91296
17.61984
20.24928
21.54528
18.44784
17.28144
15.31872
17.25696
18.73872
22.05216
20.052
8.08704
21.0888
20.78784
20.84688
20.68704
19.36368
20.29536
16.24464
20.83248
20.40192
20.34864
12.46896
14.184
18.54288
12.33648
16.46928
18.35568
18.96336
17.79552
17.35344
18.72144
18.32976
10.62
17.23392
18.83664
18.8568
18.7632
18.42192
18.64224
15.4008
16.57296
16.79328
17.00784
16.1424
16.32816
16.57008
15.012
15.19488
14.44608
9.3528
15.0696
17.43408
15.97536
11.19456
14.62752
16.3008
14.32656
15.9768
15.36912
15.7104
10.27872
16.12512
14.90688
13.80816
12.64608
13.83984
12.76128
8.43552
9.82944
13.1976
4.62672
12.40128
10.07712
14.5584
11.24928
13.29552
13.74912
14.05584
14.00112
13.36032
13.23216
13.5216
13.21776
12.89232
12.32784
9.5472
12.57408
4.8096
12.3408
9.39744
1.74096
10.3392
6.93072
2.95776
9.42768
8.79984
11.24064
7.98048
7.16688
9.1008
10.99584
10.63584
10.56672
11.10816
9.09072
3.92976
9.7776
6.1632
4.08096
3.12624
2.25072
3.62736
1.48608
9.4968
5.71968
4.35024
10.11456
9.09936
7.69104
0.88128
2.85696
5.84352
7.10352
6.16896
1.0296
7.39728
8.15616
8.83584
8.63568
8.26848
7.0632
7.9272
3.13056
3.23568
6.24384
4.11408
4.46832
5.99184
4.4856
3.79008
2.99952
3.50784
6.65568
4.35312
3.02976
5.0544
4.88448
1.14912
6.8904
5.79168
4.50144
7.0344
6.264
6.21216
4.9896
1.11312
3.53952
1.17216
4.07664
6.04944
5.59296
5.58144
6.13296
6.59088
5.9472
6.20064
6.26112
5.85216
3.9024
6.30288
6.25392
2.78784
3.348
4.3272
5.26176
3.91248
5.868
4.42224
4.75632
6.33312
5.96448
5.4864
1.4544
4.30128
5.54112
6.23232
2.8872
6.44688
6.81984
6.08688
6.8184
6.2856
6.15024
6.00624
4.58496
6.336
5.07744
3.93264
3.56688
5.15664
5.43744
7.27056
5.94288
6.32448
7.2072
4.88304
7.5888
7.52256
7.26336
2.98224
4.06224
5.88384
1.63296
8.74944
8.59248
5.3208
5.83488
7.12656
7.55136
6.43104
8.39088
8.5104
8.75088
6.46416
6.9912
9.16848
9.504
9.30816
9.53712
9.54288
8.78112
9.58176
2.61216
9.46368
7.98912
9.49536
3.44448
2.62368
10.0152
10.27584
3.28752
1.52784
2.304
8.87328
11.10096
8.29728
10.26144
11.0592
10.45152
10.44864
5.06016
10.3824
11.5344
7.48368
11.85696
5.0112
8.2512
4.84128
2.13408
7.65072
9.36432
11.13552
9.77472
10.116
11.49408
11.22912
11.51568
8.45136
13.15008
14.5296
11.56032
10.60128
2.37168
11.17296
3.97584
5.22
10.7136
13.16592
9.26784
14.80752
14.37408
14.20704
7.96608
11.30112
2.2176
12.46032
13.55472
13.51872
6.48864
14.36832
10.77696
17.16624
2.25648
12.9096
13.42368
18.59328
17.30592
17.61552
3.68928
13.032
18.21888
18.77904
17.89056
18.52128
14.84352
3.29328
12.23856
13.38624
11.3472
2.81088
11.57328
10.30464
22.14432
17.172
20.56176
19.46448
9.60624
2.91744
10.1952
18.19152
15.9048
20.48976
21.07728
21.02976
21.51648
20.71872
19.944
21.22848
15.15456
19.05264
19.60704
15.91488
13.98672
20.1384
18.96336
20.9304
13.69872
15.41088
17.3448
13.90896
21.28752
20.41776
21.07584
21.708
20.57904
20.29536
20.57184
20.4768
17.18784
16.57584
14.12496
20.36304
14.16384
15.79248
21.58848
21.90816
10.34352
19.89504
16.49376
16.79904
18.77904
20.49696
18.51264
20.7072
21.75264
13.12704
20.6568
21.14064
20.98944
19.94688
10.83312
20.7144
14.10912
14.22432
20.26512
21.4344
20.79072
17.06112
5.66784
16.0488
20.20176
19.91664
20.58048
20.24784
18.49536
17.9352
19.11024
17.79408
17.57952
14.41872
13.94208
15.84
16.70112
15.69024
18.01728
18.70272
13.2552
16.28928
17.50608
16.76592
12.54384
15.48288
9.25776
17.5752
16.39296
15.74352
16.92864
15.10992
15.22944
17.43984
17.08992
17.1432
9.2664
15.6096
14.79168
12.86064
16.49808
13.58208
12.34944
16.0488
14.60016
9.13392
10.57968
10.94832
14.47344
11.0808
9.84384
6.05376
7.76736
8.49888
13.37184
5.24016
8.40816
11.76624
7.97184
10.60128
8.14608
12.10032
12.28176
12.35664
12.28608
12.5208
8.86032
9.26928
9.54864
10.8072
12.9744
11.75328
11.77776
6.47136
7.09632
12.13632
11.71584
11.4192
12.16656
11.84832
10.7496
8.31168
9.09648
8.44704
10.3104
7.9416
10.67616
10.18224
6.444
9.00432
8.89776
9.17856
9.69408
10.35072
10.2672
7.33536
8.73216
10.09728
8.36352
6.88608
10.32192
5.56128
6.78384
8.58672
8.15184
8.72352
8.85168
8.20224
5.14368
2.22048
3.276
7.97472
8.028
6.56064
7.6176
2.60064
8.2728
5.99472
4.55472
3.29616
6.7608
6.38208
7.60032
6.78672
6.36624
4.31856
5.9688
7.66224
7.87104
6.89472
7.43904
6.85008
7.164
6.6312
2.10816
5.79024
6.68592
6.05664
4.81104
1.14192
5.46912
6.53328
4.89744
4.0104
6.46848
1.78704
6.1632
3.95424
1.8144
3.32352
3.56976
2.9592
4.66272
1.57392
4.2984
6.2784
5.38992
5.43168
4.14144
4.71024
5.49936
5.20704
5.85504
5.364
5.41296
4.42512
6.02928
5.54256
6.11568
1.15488
3.9456
2.31264
2.20176
6.18624
5.97888
6.02352
6.13728
6.26688
6.2856
6.51024
5.6736
6.22368
6.52464
6.05088
6.2928
2.39472
6.75936
6.7248
6.46128
6.7968
6.41232
3.09456
5.91696
6.66576
6.8976
6.74064
7.18992
7.19856
7.37712
3.27168
8.59968
8.57808
8.22816
4.14144
6.63264
8.84448
8.26416
8.38656
7.51824
8.1144
7.18704
5.98896
2.7432
4.13424
5.7528
6.77376
8.48016
7.71984
8.29008
9.2304
8.46576
9.68544
9.31392
9.01728
9.90144
10.13616
7.3008
10.68912
5.03712
9.76896
4.8528
5.05296
9.4968
10.78416
6.04368
11.52576
6.27552
11.63952
8.54784
10.84032
9.01728
11.93472
11.59344
11.35728
11.65968
3.29616
10.77696
11.99808
5.724
6.29136
9.64368
12.48912
12.59136
12.69072
10.50048
1.8
7.08192
8.81568
7.6176
4.11696
10.692
14.43456
11.14992
11.628
12.61728
11.47104
13.788
4.66416
12.80016
9.62496
10.4472
14.17968
12.3624
3.76848
7.97472
16.31088
15.28848
15.43248
15.19056
12.44448
5.24016
13.97664
17.34192
13.13856
17.26416
12.72384
9.24912
11.36592
15.38784
11.016
17.21952
17.8632
18.00288
17.95248
16.51536
18.01296
17.00784
8.07264
15.9624
12.0888
14.46912
19.57824
19.03968
20.2176
13.48992
13.50432
16.26192
17.66448
15.24672
20.88864
18.96048
19.76256
3.23424
20.63952
20.63664
20.36304
18.11664
17.92224
21.52944
20.90016
21.61872
21.76128
21.19536
20.3976
19.6488
10.12752
9.90864
11.06928
20.03616
19.40256
18.06336
19.4112
18.11088
18.94176
17.23824
19.4832
19.40832
15.15888
12.3336
7.41888
12.38688
15.22656
18.47808
20.61072
20.71152
20.54448
18.97488
16.14816
19.85184
17.28576
17.02368
20.26512
19.43568
14.73696
12.13056
20.04048
20.38896
10.45584
-99
-99
-99
11.74896
20.47536
3.08736
11.38608
6.95376
13.32144
20.54304
19.94976
20.1096
19.96704
18.64224
19.3824
15.36768
13.30848
14.56272
16.80192
19.04832
18.12672
17.59536
17.77104
13.25376
17.54784
15.99264
15.82992
14.27184
11.99088
15.11136
5.50368
9.09792
18.03168
17.62272
16.3224
16.00128
14.26464
10.6488
12.46464
6.13872
7.344
15.36336
15.0264
14.35392
0
10.59264
6.78096
9.59472
4.93776
11.60784
12.17088
23.18112
25.30224
1.58256
-99
-99
-99
-99
12.6576
12.74832
12.27312
11.92464
12.2256
12.14208
-99
0
0
0.10224
-99
-99
-99
-99
-99
-99
-99
-99
-99
-99
-99
-99
-99
-99
-99
-99
-99
-99
-99
-99
-99
-99
-99
-99
-99
-99
-99
-99
-99
-99
-99
-99
-99
-99
-99
-99
-99
-99
-99
-99
-99
-99
-99
-99
-99
-99
-99
-99
-99
-99
-99
-99
-99
-99
-99
-99
-99
-99
-99
-99
-99
-99
-99
-99
-99
-99
-99
-99
-99
-99
-99
-99
-99
-99
-99
-99
-99
-99
-99
-99
-99
-99
-99
-99
-99
-99
-99
-99
-99
-99
-99
-99
-99
-99
-99
-99
-99
-99
-99
-99
-99
-99
-99
-99
-99
-99
-99
-99
-99
-99
-99
-99
-99
-99
-99
-99
-99
-99
-99
-99
-99
-99
-99
-99
-99
-99
-99
-99
-99
-99
-99
-99
-99
-99
-99
-99
-99
-99
-99
-99
-99
-99
-99
-99
-99
-99
-99
-99
-99
-99
-99
-99
-99
-99
-99
-99
-99
-99
-99
-99
-99
-99
-99
-99
-99
-99
-99
-99
-99
-99
-99
-99
-99
-99
-99
-99
-99
-99
-99
-99
-99
-99
-99
-99
-99
-99
-99
-99
-99
-99
-99
-99
-99
-99
-99
-99
-99
-99
-99
-99
-99
-99
-99
-99
-99
-99
-99
-99
-99
-99
-99
-99
-99
-99
-99
-99
-99
-99
-99
-99
-99
-99
-99
-99
-99
-99
-99
-99
-99
-99
-99
-99
-99
-99
-99
-99
-99
-99
-99
-99
-99
-99
-99
-99
-99
-99
-99
-99
-99
-99
-99
-99
-99
-99
-99
-99
-99
-99
-99
-99
-99
-99
-99
-99
-99
-99
-99
-99
-99
-99
-99
-99
-99
-99
-99
-99
-99
-99
-99
-99
-99
-99
-99
-99
-99
-99
-99
-99
-99
-99
-99
-99
-99
-99
-99
-99
-99
-99
-99
-99
-99
-99
-99
-99
-99
-99
-99
-99
-99
-99
-99
-99
-99
-99
-99
-99
-99
-99
-99
-99
-99
-99
-99
-99
-99
-99
-99
-99
-99
-99
-99
-99
-99
-99
-99
-99
-99
-99
-99
-99
-99
-99
-99
-99
-99
-99
-99
-99
-99
-99
-99
-99
-99
-99
-99
-99
-99
-99
-99
-99
-99
-99
-99
-99
-99
-99
-99
-99
-99
-99
-99
-99
-99
-99
-99
-99
-99
-99
-99
-99
-99
-99
-99
-99
-99
-99
-99
-99
-99
-99
-99
-99
-99
-99
-99
-99
-99
-99
-99
-99
-99
-99
-99
-99
-99
-99
-99
-99
-99
-99
-99
-99
-99
-99
-99
-99
-99
-99
-99
-99
-99
-99
-99
-99
-99
-99
-99
-99
-99
-99
-99
-99
-99
-99
-99
-99
-99
-99
-99
-99
-99
-99
-99
-99
-99
-99
-99
-99
-99
-99
-99
-99
-99
-99
-99
-99
-99
-99
-99
-99
-99
-99
-99
-99
-99
-99
-99
-99
-99
-99
-99
-99
-99
-99
-99
-99
-99
-99
-99
-99
-99
-99
-99
-99
-99
-99
-99
-99
-99
-99
-99
-99
-99
-99
-99
-99
-99
-99
-99
-99
-99
-99
-99
-99
-99
-99
-99
-99
-99
-99
-99
-99
-99
-99
-99
-99
-99
-99
-99
-99
-99
-99
-99
-99
-99
-99
-99
-99
-99
-99
-99
-99
-99
-99
-99
-99
-99
-99
-99
-99
-99
-99
-99
-99
-99
-99
-99
-99
-99
-99
-99
-99
-99
-99
-99
-99
-99
-99
-99
-99
-99
-99
-99
-99
-99
-99
-99
-99
-99
-99
-99
-99
-99
-99
-99
-99
-99
-99
-99
-99
-99
-99
-99
-99
-99
-99
-99
-99
-99
-99
-99
-99
-99
-99
-99
-99
-99
-99
-99
-99
-99
-99
-99
-99
-99
-99
-99
-99
-99
-99
-99
-99
-99
-99
-99
-99
-99
-99
-99
-99
-99
-99
-99
-99
-99
-99
-99
-99
-99
-99
-99
-99
-99
-99
-99
-99
-99
-99
-99
-99
-99
-99
-99
-99
-99
-99
-99
-99
-99
-99
-99
-99
-99
-99
-99
-99
-99
-99
-99
-99
-99
-99
-99
-99
-99
-99
-99
-99
-99
-99
-99
-99
-99
-99
-99
-99
-99
-99
-99
-99
-99
-99
-99
-99
-99
-99
-99
-99
-99
-99
-99
-99
-99
-99
-99
-99
-99
-99
-99
-99
-99
-99
-99
-99
-99
-99
-99
-99
-99
-99
-99
-99
-99
-99
-99
-99
-99
-99
-99
-99
-99
-99
-99
-99
-99
-99
-99
-99
-99
-99
-99
-99
-99
-99
-99
-99
-99
-99
-99
-99
-99
-99
-99
-99
-99
-99
-99
-99
-99
-99
-99
-99
-99
-99
-99
-99
-99
-99
-99
-99
-99
-99
-99
-99
-99
-99
-99
-99
-99
-99
-99
-99
-99
-99
-99
-99
-99
-99
-99
-99
-99
-99
-99
-99
-99
-99
-99
-99
-99
-99
-99
-99
-99
-99
-99
-99
-99
-99
-99
-99
-99
-99
-99
-99
-99
-99
-99
-99
-99
-99
-99
-99
-99
-99
-99
-99
-99
-99
-99
-99
-99
-99
-99
-99
-99
-99
-99
-99
-99
-99
-99
-99
-99
2.44512
1.2744
2.59488
5.51664
6.19632
6.66864
5.256
6.33024
6.50592
6.32448
5.54112
6.80256
6.6816
5.3496
2.16432
5.20272
4.0392
6.2064
4.87728
2.77776
5.16672
2.39328
5.148
7.46784
7.03872
3.50928
5.81184
3.57552
6.70464
7.16976
7.11072
7.38288
7.3008
6.11424
7.21152
6.17184
7.60464
7.95744
8.1216
8.66448
8.41824
7.2648
7.50096
5.37696
3.04416
4.968
9.51696
9.43776
9.63936
9.27072
10.0224
10.07712
10.05696
9.29232
6.65568
10.34208
6.87888
10.15632
10.14192
5.81328
3.4776
2.7576
4.83552
10.80144
10.77696
11.11536
5.02704
4.61088
9.05184
4.56336
5.80608
10.70496
9.44928
13.13424
6.65568
12.33504
14.1912
14.4
7.76736
12.96288
7.33536
8.1072
13.94784
11.40624
8.6688
14.51808
9.42336
14.55264
11.09808
12.09024
8.66016
16.07472
12.81456
9.9
13.3632
15.2568
15.28992
13.56048
10.9728
5.5728
7.72992
14.59152
13.644
17.92512
14.36112
17.14608
12.45024
17.7696
17.38512
6.47136
12.95424
8.59968
14.63328
9.50544
16.39152
19.10592
19.4112
19.45296
17.80704
7.31952
9.52272
20.14848
10.75392
17.59392
20.37312
20.33568
20.47968
19.29888
20.56752
18.83664
5.97168
18.24192
21.19536
21.62016
21.132
21.23712
21.27744
14.97024
19.61424
20.68416
15.1344
2.03904
2.79648
14.6232
8.5752
19.93104
15.93648
17.5032
14.42448
8.43264
20.07072
9.63936
20.68992
21.59424
12.38544
12.46032
15.90336
2.1888
16.0632
9.76176
14.89968
22.52736
20.14848
7.87968
12.0024
20.80224
15.23232
22.72608
15.3432
17.52912
18.10656
23.10624
18.3672
7.416
21.34656
19.7064
12.77136
15.372
7.52976
20.1096
14.87088
25.01712
24.22944
24.28848
24.0768
25.14672
23.33088
14.6304
21.45312
23.4072
21.3192
23.77152
23.97024
23.0256
22.91616
21.38112
12.70656
22.46688
23.63472
19.63008
19.68768
21.39264
21.36096
21.83616
22.03776
17.28
24.44544
21.54096
23.3424
18.43776
19.4904
20.91312
23.11776
19.4472
11.18016
23.13216
16.33248
21.0384
21.66048
22.04784
22.25664
21.63744
21.8952
22.6008
22.38912
20.67408
21.87504
21.924
21.15792
21.07152
21.08016
16.09776
17.94816
18.34992
20.15712
11.69424
20.57328
16.2504
12.05712
21.41136
15.29424
16.33968
20.3328
19.14336
11.07936
17.75088
8.88336
5.14224
13.9176
12.1896
12.98448
19.008
18.9072
18.82368
18.4536
15.0624
17.7912
16.74864
15.75216
13.78656
15.04224
13.69584
18.42768
17.55072
9.9864
13.90752
14.20848
10.63152
17.1216
17.496
17.24256
8.24976
11.2968
6.94944
13.1112
7.80048
13.16736
1.91376
3.75696
10.17072
13.10976
9.73152
15.40224
14.99472
14.67792
13.068
12.97296
13.84416
11.43936
14.25168
14.35104
13.99824
11.73744
8.0856
3.79296
13.16736
11.15856
4.10112
6.30864
11.3328
11.29536
10.9368
5.74128
2.08512
7.15392
8.11584
10.82736
3.096
3.72672
8.676
9.98064
10.97856
10.8288
1.16928
1.40688
9.06048
3.15216
5.5368
2.49552
10.24272
6.9336
6.61968
6.54624
8.18064
5.50944
8.76384
8.08848
5.74128
1.17216
7.54848
8.9064
8.80128
8.85168
8.78688
3.60864
8.13456
8.3664
8.35776
4.93488
4.23504
5.99184
7.0848
7.43904
4.07808
6.18912
3.20256
4.59792
7.5816
7.2648
6.876
4.87584
7.03152
5.26896
2.49696
2.39616
2.55888
2.42928
7.5744
7.05744
5.87232
5.7744
2.34576
1.83744
6.39648
6.93936
5.74704
7.05744
7.1424
6.90048
6.70464
6.57504
7.14528
0.98784
2.47824
1.99872
0.83088
4.77936
5.02272
4.21056
2.60208
0.90432
7.10496
6.48432
1.6848
3.33792
3.3624
3.3552
5.47776
7.848
8.04384
8.29584
6.9552
7.97184
6.05952
7.25904
7.65936
6.40368
8.66016
8.73072
5.34384
5.87088
6.15312
9.09936
8.36208
9.40032
8.88336
3.49056
2.5992
1.23264
2.7864
3.23136
4.55328
10.18512
3.492
7.55856
10.41696
9.51264
8.47728
6.7392
7.77456
10.82448
9.62352
11.05776
5.47776
10.49184
11.23056
12.09312
11.19744
10.8648
10.53648
12.15936
11.69136
12.0096
10.70208
12.78576
13.3488
5.85936
3.3912
7.12224
5.00688
5.61312
11.63952
14.92848
15.07392
15.09984
9.45072
14.07744
8.10144
14.64768
15.34752
15.39936
15.38496
16.38432
16.63344
15.984
15.99264
16.32096
11.41344
17.03952
17.424
15.84432
17.02224
14.98608
17.55504
2.27808
8.85168
7.71696
2.85984
9.43632
3.06288
11.66976
18.42912
18.03168
17.91936
6.01632
7.49232
18.11664
4.88304
13.74912
5.68368
19.16928
18.30528
15.52752
12.03552
17.49744
16.2
15.20496
14.54688
15.87456
18.55872
21.86928
20.3472
16.95744
14.27904
20.8008
16.47936
22.14288
17.04384
14.95152
22.99104
22.464
18.1296
22.40496
22.8744
21.98448
18.80784
16.33968
16.63344
14.65344
20.97792
9.71856
7.7904
23.40432
24.08832
22.54176
23.05584
23.7384
21.4776
21.69936
12.68352
14.62464
15.41232
11.37744
23.40288
22.74336
22.0536
23.79456
24.20352
21.86208
24.09552
24.0624
23.60016
18.288
8.13456
15.69024
21.06864
16.4664
21.5856
23.20704
24.34032
24.36336
23.23152
20.3472
17.24832
20.6208
23.89536
23.44608
12.33216
17.74944
21.50208
23.57712
23.06016
21.1608
22.40352
24.00912
23.58576
23.73696
21.1248
21.22128
22.43664
21.47472
22.75776
23.6952
23.54832
20.67696
12.06432
8.16768
4.4352
11.84688
7.5528
22.96944
23.36832
20.29248
22.1976
18.6696
14.96592
24.38784
23.67648
22.51728
22.27536
18.78192
22.25376
22.86288
21.29184
22.45248
18.8928
21.84768
21.94416
21.58848
21.70656
19.32912
19.34928
15.95376
20.10096
21.53088
21.38688
18.42192
19.79568
13.968
15.1056
20.628
19.78848
20.51424
20.40192
20.57184
20.56176
20.21328
19.65024
20.6928
20.24208
19.58976
18.32112
19.47744
18.67248
12.74112
15.33024
18.5184
18.25488
13.61808
18.47232
9.22464
14.13072
14.4072
13.76928
12.87936
11.77632
18.13104
18.43344
17.68608
18.18576
17.21376
16.46352
16.51536
10.06128
5.30064
2.67264
16.12944
11.016
12.77712
14.98176
12.70944
13.6008
11.89008
15.3792
15.37776
14.9472
13.79376
14.68944
9.25488
13.43952
6.8616
12.87216
13.7808
12.2256
13.2696
13.21488
13.34016
12.55392
11.24928
12.46752
10.5336
13.14144
12.168
13.26384
11.26656
9.88272
12.8232
13.09248
13.12992
6.29136
2.81952
5.07312
1.45584
11.76336
11.43792
8.18496
3.4128
8.49024
5.48928
9.40608
10.21392
6.87888
7.20576
7.07616
10.38384
9.56304
9.55152
10.0728
8.43696
7.63344
7.92288
8.7984
4.07376
5.59296
6.19632
6.90048
8.16624
7.78464
4.21344
6.33744
3.13056
7.05168
5.19552
5.23152
7.68096
7.58304
7.34112
7.51248
5.21424
7.80768
2.62224
6.68736
7.77024
6.90912
3.68496
4.4064
5.93712
6.85728
5.6448
6.47712
6.5952
6.68448
7.00272
4.26096
1.84464
1.03968
2.5632
4.44528
2.664
6.57936
7.51968
7.57584
0.80208
1.24848
1.31328
0.64656
6.68304
1.69056
7.12512
3.14928
3.20832
5.06736
5.51232
7.37424
4.69296
5.04576
1.85616
1.5912
7.69824
0.82512
3.16368
4.608
7.78608
6.37632
4.60368
7.44336
4.0032
7.59168
5.83776
2.05632
0.80784
1.36368
2.7432
8.25696
8.39808
5.20848
4.42944
1.12176
9.072
8.02224
9.33408
8.44992
9.68112
1.85472
9.89136
6.11568
10.0728
1.9008
9.94752
10.19232
10.40256
1.4616
2.08656
10.9872
10.98576
10.90656
3.1464
7.7112
2.65968
1.9872
5.97312
10.35648
5.25456
12.76272
4.47696
6.8472
10.92096
13.3488
8.36784
13.59072
4.8096
8.70336
13.65696
10.8864
0.99504
12.98592
6.48288
14.44896
5.14944
1.76256
15.52752
13.63392
14.03424
3.27312
14.56848
15.90624
15.31152
16.14816
16.3872
13.18464
13.18752
11.56464
5.40864
5.32944
13.12416
6.40224
8.42688
18.30096
18.28512
15.54624
14.68656
17.51184
17.96976
13.49856
15.59952
14.93568
12.39552
18.20592
13.51584
5.06592
5.63616
18.54288
19.22256
19.56384
4.52592
10.2168
7.8048
11.43216
12.38544
14.92128
10.08144
17.9928
20.20752
18.21456
5.57136
7.64928
21.00096
17.9208
18.6984
21.2976
21.78576
20.26224
18.92016
10.46448
18.396
2.12256
3.55968
16.51248
14.12784
17.6184
20.88288
14.62176
21.94704
22.05936
12.71232
11.53008
8.25552
21.68928
24.15312
23.54544
23.67792
22.23072
23.06016
22.284
16.27344
23.61456
24.58512
23.13504
22.53024
22.23936
13.4136
23.10336
20.2248
18.09936
14.58432
18.82944
23.86944
24.31296
23.91984
6.16176
22.27392
21.87648
4.644
14.78448
10.2168
21.63888
23.86368
10.3248
15.41808
23.97888
21.92544
22.40208
18.21168
23.40288
25.62192
24.92496
23.44752
23.81184
24.25248
22.63248
23.41152
21.56832
21.40272
22.44672
23.10912
23.72544
22.54608
18.4176
23.20848
22.94496
23.49648
22.3488
18.92448
22.56624
22.58352
21.8304
22.91184
22.968
20.63664
21.7944
22.23072
22.13856
21.1608
21.55104
21.78
13.48272
12.15936
21.1968
20.50272
21.03984
22.53024
22.15008
16.7256
15.8544
16.74144
20.91456
16.29216
18.26352
18.91296
13.33728
19.83168
21.2472
19.81152
15.95808
11.94048
18.1944
17.07552
12.06144
16.25328
17.32608
15.56784
18.74736
20.2104
10.83744
20.3328
19.87632
20.6064
16.23744
18.85824
19.4616
19.37232
19.25712
19.65456
18.89568
17.70336
18.21312
9.99504
13.1904
18.03456
17.18208
17.6904
16.54704
13.32432
18.48672
15.83856
16.1784
17.29728
17.532
17.27424
14.6736
14.97312
12.03264
3.42432
2.7144
17.04816
5.23872
5.72544
15.13584
7.812
13.23936
14.63472
12.6216
15.41376
11.16576
15.01488
13.43952
11.28384
11.65248
13.13568
13.64976
12.37248
13.6008
12.01968
8.75952
11.7432
4.72896
8.172
4.50288
5.81472
12.11472
11.4048
12.46032
12.01104
12.73824
12.64464
11.8224
7.55136
9.3168
9.62496
8.748
10.44144
11.95488
11.02608
9.21744
8.80416
5.76288
8.49456
5.22864
9.22896
9.7056
9.66384
9.91296
9.10944
6.51312
3.54096
9.53568
9.14976
9.53424
9.10656
8.6112
5.96304
5.28192
9.22032
2.89296
8.32032
3.5712
3.92976
6.88896
8.10144
8.36208
7.45488
8.06256
8.23968
7.66368
6.768
2.448
2.43504
6.93504
5.57856
7.43472
7.20288
3.24864
3.924
4.27968
5.70096
3.47328
6.8472
7.25184
5.89536
3.92112
3.10608
7.23456
7.4232
3.68496
5.71104
4.59792
6.52032
0.6624
1.86336
5.02272
6.49296
7.48512
7.7616
7.29936
5.43168
5.5368
2.6352
2.27808
3.51072
6.99696
2.58192
5.33376
5.56992
4.36608
6.72336
7.31952
5.98032
3.83184
7.51968
6.75072
7.34688
7.51824
7.7688
7.7688
6.33456
6.90624
3.924
5.17392
8.7408
7.58592
8.64
8.63856
8.91504
8.68896
1.908
3.60288
8.05536
5.90256
4.37904
9.56592
10.19808
9.30384
9.82944
9.88272
10.29888
8.5752
8.43408
10.22256
10.2168
8.65152
9.86976
9.96192
2.61072
3.32496
11.2176
2.37024
12.2184
8.1072
3.76704
9.8424
7.10928
10.77696
11.09808
12.55536
8.29584
9.01872
8.43552
12.87792
10.29024
3.14208
10.30752
13.67424
14.46336
14.64336
9.98496
9.9432
14.38992
6.42096
0.67824
14.49072
3.79008
2.06496
5.05728
14.3568
16.29072
15.40368
15.88752
15.67584
15.56064
17.24112
17.14752
14.97456
15.88032
12.32784
17.41248
11.71584
15.4944
17.58816
17.86608
18.43056
9.39024
15.42384
18.09792
17.58384
18.21024
18.92304
19.41696
18.17712
18.8712
18.98208
15.95952
11.34288
18.36288
19.22256
20.15136
20.988
11.51712
14.36832
17.80128
4.65408
19.71504
15.57648
8.2512
12.88656
21.34656
17.46864
15.29136
21.05568
19.152
9.49392
19.22688
21.36384
20.76912
21.92688
5.5584
19.73808
17.7192
22.41504
22.96656
19.66032
21.9528
19.5192
23.38704
23.6376
23.65632
21.24576
21.3696
23.688
22.70736
23.65344
23.73696
23.49504
23.67072
21.4992
21.2472
13.26816
22.36608
17.03664
8.35776
20.15856
8.77248
13.95936
20.98944
13.16448
24.57504
13.81824
9.24336
15.31152
5.30928
14.32224
21.49632
20.67264
24.23664
24.05376
22.56912
22.60224
19.75104
17.748
20.59776
23.44896
24.3072
24.00912
22.90752
24.25392
24.62688
24.83568
24.372
22.3632
21.76848
23.77152
20.2176
19.10592
13.94352
23.90832
16.24608
23.78736
22.66992
22.70304
22.33584
22.99104
7.37136
22.30272
10.92384
22.35312
20.4336
14.48064
17.26992
23.3136
22.39344
21.99888
8.78544
23.06736
18.21312
19.41552
14.85936
17.52768
22.42368
12.87936
10.18224
20.74176
19.82736
20.64816
20.70432
21.58272
18.43344
16.09344
14.09472
16.86528
22.09968
21.2328
21.57408
21.0816
19.99008
19.82592
20.59056
20.5416
20.54592
18.66528
20.42928
20.2824
20.49264
18.11808
18.7704
17.59536
18.68976
16.7472
19.09296
18.12096
15.9912
12.99312
14.0688
18.10224
14.90832
10.15632
15.95664
15.36624
16.34544
14.16672
17.10288
17.80272
17.54496
13.50576
15.97104
17.12448
16.16544
17.08128
16.9272
15.77808
6.36912
16.12944
15.97248
15.90192
15.77376
15.3576
4.04496
15.67584
15.25968
15.18336
14.868
14.53248
14.25744
14.48928
14.79744
14.38704
14.17104
14.0112
13.42224
5.74416
13.64256
13.7448
13.49424
13.2624
13.27392
11.55456
12.39264
11.10096
11.12256
11.17728
12.05856
11.15136
10.09728
5.86512
9.42912
5.0328
5.33664
11.65968
10.75536
2.34
4.01904
6.9048
9.57168
7.23456
6.95232
7.55856
3.26592
1.7064
4.38336
2.12832
5.7888
9.54576
8.97408
7.92144
8.50464
5.44608
1.90656
1.94688
1.23984
2.088
6.17472
4.63248
3.86208
7.02576
3.36096
3.27312
7.93152
7.74288
7.64496
8.0712
5.43456
3.8016
6.39072
7.2144
7.2288
5.87376
6.40224
6.9984
6.70464
7.01856
7.23312
6.4296
5.5656
6.1488
5.42592
7.03152
5.83488
5.79168
6.02064
3.81888
7.37712
7.2432
5.85792
4.91184
3.84768
6.47136
7.07184
5.256
7.12224
6.95664
5.28048
7.17552
6.52176
7.02864
7.15968
6.9264
6.23088
6.56496
6.24096
1.40544
5.66928
7.45776
7.32528
7.04304
7.16688
7.17264
6.73056
7.97184
5.0112
4.5864
3.38112
6.2856
7.67232
7.47936
7.2864
7.87536
8.1504
8.09568
7.75152
8.43408
7.68384
4.40064
1.43136
6.16608
9.55008
4.94208
1.296
3.40992
9.85248
10.64016
4.37184
10.60704
11.16144
7.9488
10.78992
10.60128
10.584
10.93824
11.13984
7.24752
11.83248
11.77344
6.23232
11.56752
5.45328
12.36384
12.30048
12.60864
12.91968
12.25296
11.2752
12.59424
11.37168
11.70144
13.18896
13.11264
13.86144
11.58048
8.92656
14.68656
12.91104
14.30784
14.65056
15.3864
14.85216
15.27264
15.31296
15.76368
14.7168
9.13968
15.50736
15.91488
16.77888
16.2
12.708
1.51776
9.81216
16.96752
17.17632
17.42112
15.60672
16.57008
17.7192
17.91648
17.78976
18.02304
18.24336
15.8832
6.46128
4.26816
6.228
13.69296
19.49328
19.90512
13.18752
10.26288
19.7064
6.3936
11.5416
16.7184
13.81968
15.20352
21.70656
9.37152
18.58032
20.3832
18.5328
10.63584
15.06096
19.39392
14.83776
22.0032
8.82864
9.28944
22.75344
20.2608
22.87152
23.0904
22.87872
15.50736
20.08368
18.06192
21.87648
17.43984
21.25872
22.99536
23.18256
20.56032
18.4248
23.32368
22.70592
15.45408
10.11456
14.90688
13.23504
12.56688
12.32784
14.34672
22.10256
23.61888
23.57136
19.35216
23.65632
20.58336
23.41584
23.28624
22.99248
22.92912
22.76352
12.15072
19.87056
23.7528
20.63088
22.6368
19.2456
19.60272
18.13104
19.81008
22.104
20.2392
22.05072
22.51296
24.68448
24.09408
21.84624
13.15152
23.22288
23.73264
23.8608
23.71968
23.5944
23.78592
23.73984
23.0112
22.22496
21.46032
20.7576
6.3144
24.37776
23.1696
22.5864
19.6776
21.77568
20.8872
20.98944
23.10192
22.76064
22.4352
20.54304
19.54512
15.84144
19.51632
22.37472
23.45328
23.6664
22.24944
22.7736
13.62096
19.37232
21.82608
22.77936
22.57776
20.02176
18.21312
21.86064
21.79152
19.584
21.83184
21.5352
21.63456
21.54096
21.21984
20.772
20.3256
21.28752
21.61152
20.55024
20.95344
19.6416
17.064
20.37024
20.71872
19.87632
20.24928
19.836
19.27728
17.44992
18.82224
18.66096
19.2096
19.34352
18.44784
17.98128
15.67152
16.09488
15.14304
17.58384
5.9688
18.76896
15.89616
12.78432
17.47152
18.35856
17.30736
17.17632
16.91856
12.72528
15.44976
15.96816
16.93872
14.08032
15.89472
17.49456
16.524
13.34448
8.72064
5.63184
5.90112
3.32208
13.33872
15.2784
5.076
16.15104
14.184
9.66528
6.46128
5.92704
0.70992
12.1464
14.7888
14.11344
14.09184
13.76496
13.82544
12.88224
11.79216
11.00736
12.63888
9.86688
6.17472
4.63824
7.98192
11.17728
13.14288
11.65968
12.31776
5.74704
5.68368
5.20128
8.39232
6.61104
9.9792
11.00304
3.51792
4.9464
7.092
11.99088
11.42928
3.11616
4.29696
10.73376
10.36656
5.48784
4.84128
9.58176
5.78736
8.41536
9.47664
5.57568
6.0912
5.62032
9.25344
3.1176
3.58992
8.28
8.00928
2.88
3.52512
7.30512
8.2224
4.40496
5.70816
7.56576
7.59744
6.3
3.14496
1.74528
1.88928
6.2856
8.03808
7.79472
8.03088
7.4808
5.77008
7.57728
7.4304
7.13808
7.57152
7.52256
5.28336
4.01184
4.93488
5.0544
3.17088
5.13072
6.9984
6.192
6.42528
2.9016
3.83328
5.59584
5.55408
7.00992
5.17824
3.3192
6.43824
7.28208
5.71824
7.07904
6.9192
6.94656
2.45952
7.23168
5.78736
6.52752
7.44624
7.44048
7.57584
7.272
6.84288
5.71824
7.78464
6.4872
1.47168
5.12784
5.43024
3.35088
6.5808
4.08672
2.0664
5.96736
7.28352
6.93504
6.35904
7.24032
9.67392
7.86384
5.34096
9.61344
8.52048
7.452
9.3888
9.22896
6.99264
10.99872
10.06848
9.504
9.92592
11.18736
5.90688
10.97856
7.884
6.69744
10.76688
11.44368
10.7208
11.02752
3.96288
6.87312
5.42592
11.32128
12.4128
5.36544
1.22688
9.3888
12.34512
9.03024
13.30128
8.37648
4.4424
4.3632
13.52448
12.32928
3.46752
2.24784
2.76912
11.97504
14.51232
14.57568
15.43104
14.2272
13.36752
1.08
16.73712
16.64496
9.36576
5.94576
17.36064
16.31664
15.17184
15.89328
16.54848
11.78064
9.0936
17.5032
14.53248
10.58976
14.62032
9.70128
13.00464
17.9784
6.56784
18.48384
16.6824
7.32816
3.84624
13.85136
18.19584
14.53968
19.62
18.59616
17.95968
20.35296
20.48976
21.0384
19.3824
18.40176
20.47104
20.44512
10.1376
21.4848
20.4048
20.16144
21.19968
22.07088
4.09824
9.82944
3.17088
2.2896
3.32928
19.1016
22.97232
21.85056
22.25232
19.26576
21.61872
22.61664
19.26576
16.22736
15.69888
11.10384
17.48592
21.79584
21.52944
7.70256
9.97344
11.03328
22.47984
15.90048
17.83584
16.72992
21.6072
21.17952
22.35744
24.12
21.23424
18.95616
19.10592
13.36176
22.56768
18.59328
16.66224
22.94496
23.00544
23.34528
24.3648
21.74832
24.09552
20.25504
17.16624
13.74912
24.21216
23.46192
24.29856
23.86224
23.94144
23.30064
23.58864
20.19312
9.10944
24.7752
22.14144
20.71152
22.99536
16.41168
19.8648
22.2048
22.20624
21.8376
20.06784
23.49504
20.53296
23.92848
21.69936
21.67488
16.96032
23.31936
24.01776
23.12064
21.32928
23.30784
22.10256
15.90768
23.18976
20.80944
21.67056
22.9176
22.66416
19.89072
18.3744
18.63648
20.11968
21.11184
22.69872
21.85488
21.564
22.36896
21.66192
19.85472
19.4328
23.11488
22.79808
22.72896
22.95216
21.26736
11.95344
21.53808
20.34
20.41776
12.95424
20.34432
22.1904
21.51792
21.56688
21.00096
19.40832
17.42256
20.79792
19.33776
15.60816
20.15424
16.9416
19.43856
18.05904
18.75744
19.58256
16.91136
14.98752
3.64752
18.79344
12.2904
13.55472
18.0072
17.08128
18.63216
14.53104
15.76512
18.88992
18.63648
17.53056
8.43264
13.05216
12.48192
15.51888
5.49792
13.72896
17.19504
16.65936
2.92608
16.96608
6.99408
16.9632
14.83344
16.37568
16.06896
15.9984
16.03152
15.41232
15.33744
14.00832
14.0832
7.53408
14.49504
11.17728
13.52736
10.10592
7.7256
2.53152
14.41296
11.57616
13.46832
11.6064
8.00352
11.62656
2.22192
12.52512
11.97936
11.4624
7.81056
12.30912
7.06608
4.35456
9.55872
9.34416
11.04624
9.27792
10.20096
10.05984
10.64592
7.58304
11.09664
10.35504
1.21248
4.55904
8.93952
9.54576
8.63424
7.91568
4.44096
8.96832
9.68976
9.44352
8.90352
7.33824
6.54624
8.71488
9.19872
5.2416
8.61696
9.41184
0.74016
3.52656
1.55232
5.3928
8.23392
6.80256
8.55648
6.65712
5.11632
8.33328
7.57872
7.11936
7.8408
7.52688
2.79072
7.46784
2.10816
7.23888
7.77888
7.50096
7.3152
7.32672
6.45696
6.82128
6.28272
3.09024
6.62688
6.73776
6.5376
7.09776
3.24144
2.74608
6.37632
1.59552
3.7584
5.29056
6.7968
4.74336
3.09744
1.40544
7.37712
6.37632
6.79968
6.98832
6.68448
4.7736
6.50592
4.75488
4.28688
3.59424
5.58144
7.33536
7.06752
6.51024
6.73056
3.02544
2.41776
5.976
2.87568
5.54544
5.49936
1.33488
7.6968
3.93408
6.37632
5.9472
8.77824
2.25216
8.2224
6.5664
3.31056
7.97904
8.76528
6.63264
7.76592
8.30736
9.4392
1.7208
10.296
7.93872
9.92736
8.53776
9.81216
10.68912
7.04448
4.69872
5.89824
7.90272
11.16864
10.6848
11.06928
-99
-99
10.64736
3.66048
9.83376
11.04624
5.83056
12.61872
12.89376
10.61856
9.32112
11.68128
6.60528
10.53936
9.252
12.86064
11.29248
13.10112
12.19392
13.67424
14.86656
14.71824
15.09984
14.56848
7.87248
14.77872
15.35328
9.30384
15.45552
15.8328
16.03296
15.68016
13.74336
14.70528
10.73952
9.9936
16.81056
17.02944
13.75488
10.27008
18.03312
15.82416
9.936
1.47024
15.56928
14.18688
7.33104
3.40272
15.64704
19.14192
19.31328
18.78912
16.13376
18.70704
18.94608
17.31744
15.11712
18.05616
18.42192
17.33184
19.89936
19.57536
18.42912
15.9192
6.80256
12.47328
13.35456
20.8152
19.55232
15.28128
19.40832
20.916
18.77904
20.97648
20.98224
20.83248
18.7488
22.72176
21.7152
23.02128
19.09296
17.35488
21.0384
22.30272
20.28384
17.0424
11.80224
6.03072
23.70816
23.58864
23.60592
20.45808
14.7528
21.31488
5.83488
11.4624
16.6248
23.00112
20.09376
16.04304
12.6864
20.6352
12.1608
14.46624
9.06336
16.78608
24.01488
21.5568
20.63376
20.95488
24.08976
17.78544
23.688
22.56336
18.96912
23.15952
22.57776
16.89984
17.51184
6.34608
17.92512
18.78624
9.22176
22.16016
22.9536
24.15312
23.41152
14.91408
22.17168
12.48048
12.93552
15.93216
21.51936
21.27744
18.2808
23.6376
19.6488
20.53872
15.13152
21.29904
23.88096
20.73744
8.36208
24.4584
18.25344
24.36624
24.05376
22.30848
22.95936
13.70448
22.032
23.51088
23.0544
20.36448
18.74592
20.052
22.2264
23.46336
23.22864
22.176
15.30288
22.01184
22.11552
9.17424
17.15904
23.076
22.68144
16.38576
15.84144
21.4272
19.62864
21.39696
20.38032
18.4104
20.6064
18.62928
20.07792
20.61648
15.26256
14.9184
19.38096
14.75568
11.58192
18.05472
14.46912
17.65296
10.29456
11.28528
4.3344
15.90192
16.28208
18.19872
19.17504
19.53216
18.88704
12.20256
17.3088
18.15552
16.25328
14.0112
16.93152
7.23312
12.1176
16.16256
15.77808
15.84864
14.64192
17.64432
16.90128
14.45184
12.94416
11.49264
16.65792
15.61968
11.07072
12.93264
16.13088
14.1624
9.53568
2.37024
8.65008
11.22048
14.48352
14.45616
15.24384
2.45232
13.23072
7.08912
11.84112
14.02704
13.76064
13.7736
10.8
9.94176
12.29328
13.53744
12.852
10.16496
12.35808
11.10816
12.99744
4.91472
9.972
11.23776
12.24864
12.40128
11.37888
11.3328
10.43856
12.05568
11.67696
11.27376
10.79136
10.51344
8.63136
8.39088
10.27728
8.8776
8.79696
6.2136
8.136
5.65776
3.50928
8.496
10.16784
9.8496
2.62944
4.52448
4.07376
2.82096
9.44208
8.91504
2.78928
8.91504
8.892
7.90848
8.40528
8.5248
8.34048
6.59376
3.28464
5.33664
2.49984
2.78208
3.34656
4.77072
5.06304
0.85248
1.68912
4.25808
6.03936
1.77552
1.53792
6.35904
7.01136
7.46496
4.7376
7.31808
5.81472
7.20288
6.52896
5.42736
4.66416
1.404
5.40864
3.10752
6.192
6.93216
6.21504
7.3296
6.8328
6.85728
6.19632
7.10928
5.90112
3.82752
7.24896
7.50096
7.35984
7.48656
7.07904
7.40448
7.30944
7.3944
7.39584
7.15104
3.58128
7.75584
7.89696
7.56
6.34032
8.07552
6.11568
7.38864
7.50528
2.93616
7.34112
8.30592
1.40976
5.05584
6.37776
7.83648
8.83296
8.964
8.68752
4.7304
5.45328
8.6904
7.05312
4.38336
8.54208
7.90416
7.69824
2.72592
2.03904
8.91216
9.51552
9.83088
10.72512
10.73664
11.09232
8.83152
8.47728
10.06848
4.80096
6.37488
10.45872
3.31776
10.95264
11.76624
10.9872
4.58208
13.55904
9.30384
13.45392
9.71712
6.50592
9.0648
11.56464
9.96768
9.09216
13.42512
2.48688
15.48576
14.67792
13.6944
12.06144
14.2632
14.79456
13.71456
13.9608
12.75264
7.57008
15.99552
15.3936
14.8752
11.58768
13.0104
6.00768
4.9176
-99
8.24976
5.61024
7.77888
17.748
17.8488
16.34832
13.34016
10.53072
18.41616
12.23712
18.85968
17.80128
16.9128
16.15248
18.62496
19.09872
20.42352
20.6136
18.7632
18.47664
19.0152
20.23488
20.844
17.18496
10.67184
19.34208
18.96336
15.89616
19.99296
21.38544
11.19456
21.492
18.504
11.34
9.12528
16.88544
22.23072
16.02432
19.76256
14.73696
19.68624
20.75472
12.5352
14.2128
22.4352
22.10544
22.0536
22.45968
21.36816
21.73248
23.0472
19.94256
16.44048
20.4912
21.27024
23.56848
23.55264
6.13296
11.31408
22.68864
24.33024
23.31072
20.57472
21.63888
22.72752
23.688
24.16464
23.07024
23.53536
22.77648
23.44752
24.02064
23.27328
24.48288
24.63984
24.87888
23.90112
18.47952
14.13648
22.15008
18.82656
19.50192
18.91728
22.52592
18.19872
17.57088
24.67872
24.40944
23.36688
24.50016
24.29568
23.56128
19.33632
24.00048
24.23808
24.1272
23.23296
24.084
24.24672
23.43024
22.78656
18.864
23.00688
22.05936
22.61088
22.85424
22.36032
22.39344
23.97024
23.7024
22.60944
22.392
22.47408
22.2192
19.70928
21.44304
21.60576
21.54384
19.60848
20.09952
21.68784
21.68208
21.21696
20.97216
12.06432
17.82576
6.85152
4.66704
19.10304
10.93392
16.60464
18.50544
22.4568
20.83968
19.51344
21.11328
20.90592
19.43712
10.66608
18.27072
21.4776
21.43728
12.1392
13.90032
16.76304
9.82224
20.52
12.84192
9.37728
20.2104
19.39392
18.03744
13.3416
18.828
19.75392
19.944
19.7424
19.2096
18.74304
19.62576
18.86832
15.10704
17.95392
9.48384
13.176
5.40576
18.4968
14.73264
15.78672
17.20944
17.54496
5.18256
9.58896
14.5584
13.15584
10.88784
11.57616
16.67376
17.568
16.0776
13.95648
16.4592
16.17264
15.31584
11.84544
15.46128
15.912
12.40416
11.48832
15.08112
6.73488
2.35008
7.0344
14.12496
4.80096
6.48864
10.25424
13.60512
11.1384
10.67472
11.6784
12.94992
12.12336
6.78816
2.48112
7.8408
11.556
10.6272
10.17792
5.42736
3.51072
3.72528
6.58944
11.48688
11.30832
3.44592
4.8024
3.94704
7.3296
10.50048
9.9648
10.2456
10.70064
9.12816
1.79712
7.68528
9.91872
9.32688
9.50256
7.67376
7.27488
9.17568
9.08208
9.21024
7.92
7.31232
8.90928
9.12528
9.07632
8.8776
8.19504
8.00352
7.60464
5.17536
8.65872
8.53056
8.66448
6.90768
7.39728
7.56432
7.23024
7.42608
7.64928
7.39296
6.12576
6.17328
6.51168
2.7288
4.51872
3.08448
4.24512
5.06448
5.48352
6.28128
5.13072
5.79888
4.51008
5.76
6.16032
5.17824
5.89392
3.98592
1.54944
6.26832
6.33744
5.4144
3.52944
5.88672
6.54624
6.65712
5.1048
5.75424
6.73488
6.06672
3.30624
5.29632
3.384
2.10672
5.92992
6.60096
4.41072
7.27632
4.72896
6.7248
5.68512
7.812
5.19984
3.56112
3.168
8.50464
8.27856
6.02784
7.82496
7.95456
7.9848
5.15808
7.26768
3.8448
4.91472
7.22448
8.4384
7.80624
3.41424
7.45488
6.80256
9.50544
8.60688
8.36496
10.08864
9.72144
6.5376
6.56064
10.05696
7.23456
6.67296
2.94912
5.96592
10.41552
10.91232
10.4688
12.00096
12.27024
5.868
11.55888
12.36384
10.31328
9.4896
11.06928
10.9944
11.94336
7.84512
9.16128
11.92752
12.6216
13.66992
11.9088
14.34672
13.87872
14.76
12.56256
14.7456
14.42304
4.73472
14.61024
15.49872
15.35904
15.39504
10.2672
5.14944
9.76608
5.55408
13.8744
5.12208
13.94208
11.86272
13.36752
15.89904
17.50176
13.284
11.14704
12.82464
11.72736
14.56128
13.89024
15.62256
4.60368
9.48528
15.59376
8.96832
2.19888
16.17264
19.38672
12.34368
19.12032
20.06784
19.89648
18.83808
19.74096
20.42784
19.18656
20.4768
17.6616
20.84112
18.63792
17.13888
12.15648
12.1248
19.5048
21.35664
20.0304
22.17744
6.10848
6.7752
18.79632
8.60544
23.7312
23.17392
21.90672
22.9464
22.45104
10.51056
8.69904
4.99968
2.52144
9.86976
17.97408
18.1296
19.42848
20.22048
23.3712
23.35824
21.98592
22.10256
22.45248
23.25312
24.08544
17.06112
24.1776
21.74544
19.1088
21.92688
23.40288
14.15088
24.5592
21.10176
21.24864
24.63696
24.25824
23.6952
15.8328
23.9616
19.82304
24.37344
23.256
21.16512
20.68992
19.49184
16.5168
22.2984
24.69888
22.26384
19.63584
20.73744
17.92512
25.56864
24.40224
24.26976
24.65712
25.0344
24.6168
23.53392
22.89888
23.21712
23.00688
17.34912
23.09472
23.73264
23.4144
12.2184
22.87152
22.39488
23.30928
21.43296
20.88864
23.544
23.67216
21.3912
22.61952
20.15136
23.93856
24.21504
22.67136
24.08256
24.78816
24.44832
18.1152
19.4976
9.66528
18.41328
23.25024
22.17744
22.8528
19.63296
22.5792
21.63744
21.8952
18.36
19.69632
21.25152
21.94128
15.89184
17.14176
21.16944
22.30704
22.2768
18.3456
15.5808
21.09168
21.25584
21.9384
21.6576
21.80016
16.5384
17.2656
18.45792
19.73376
17.41968
20.05344
20.24784
20.76912
20.75328
20.54736
20.41344
19.548
18.32976
10.00944
8.5392
18.82512
18.12528
17.8632
17.29152
15.72768
18.19152
18.09216
18.19152
17.6688
15.0264
12.74976
17.30592
17.0352
16.53696
13.11408
12.48624
16.45344
9.90864
16.45776
16.88112
9.06192
16.90704
14.35104
9.19872
11.92176
14.02848
13.13424
12.57264
15.32736
14.93136
15.08112
11.21184
9.8424
10.49184
10.2384
13.50576
4.752
13.23504
5.72112
6.11712
3.21984
5.9544
4.05792
4.21632
10.25136
12.72672
11.24496
5.39856
7.632
5.09328
2.77776
2.9736
4.23648
7.848
6.46704
2.54736
4.62096
7.6176
10.27728
10.71792
9.39744
8.52048
9.53856
9.81216
8.88336
5.7816
6.88608
7.14384
6.27696
10.02096
9.81792
9.25632
9
4.66992
5.46624
8.10288
8.84016
8.58528
8.24544
7.28784
5.56416
5.63616
2.53872
4.90896
1.38096
7.20864
6.9552
2.60064
6.3
6.99984
4.74912
7.42032
7.75584
8.05248
5.25456
4.26816
5.148
7.03584
7.1928
7.33536
7.11648
6.58224
7.1136
6.83424
6.72048
6.29568
4.13856
2.8368
6.07824
4.40496
0.91152
1.55808
5.60016
6.66144
6.95376
6.84432
6.1632
6.73056
6.61968
7.3008
7.44048
6.52752
5.86368
7.25328
6.40368
5.31936
6.91488
6.87744
7.16688
6.8184
7.4088
6.1128
3.5424
7.79328
7.58304
8.11296
8.2656
7.90704
8.1144
8.58672
8.19792
5.832
2.86848
3.672
3.40848
1.62
8.09712
0.99072
5.4792
1.27152
4.63392
9.50688
8.316
7.95168
7.236
6.38352
6.52608
8.60256
6.44112
9.87264
8.84016
10.29168
11.18304
6.624
5.75136
4.59792
2.14128
11.60352
10.08144
9.97488
11.35728
9.34416
11.63664
11.69856
11.844
12.39552
5.49936
1.43856
13.2408
13.41504
12.73536
0.10944
-99
9.88992
5.02848
12.05568
12.95568
13.66848
13.43952
10.61136
14.66064
14.93568
14.0832
8.60256
13.41648
15.3864
15.42384
16.00128
16.4448
16.05312
16.51536
16.43616
9.51984
13.9608
14.27328
2.9808
10.02672
-99
9.03168
18.28944
18.35424
18.4392
11.8656
4.4712
18.5832
18.75456
18.87408
11.87856
19.3896
19.64592
20.03472
19.98
19.73808
19.3752
20.49696
20.12832
20.18016
15.47856
19.57536
20.66256
13.66128
8.64
21.83904
22.13424
21.69504
20.0448
21.98448
18.87552
3.22416
4.65984
22.47696
20.52432
7.80048
20.97504
12.42864
7.06176
21.6144
18.81504
23.69376
22.95792
22.53024
20.07648
17.11152
14.75136
23.34528
23.19264
21.93408
23.6088
22.53744
21.1968
17.84304
24.74208
24.07536
23.50656
23.5872
23.28192
23.5296
19.33344
20.6928
23.84208
20.81232
18.8784
9.36864
23.80032
23.84928
23.00832
15.74208
13.20192
11.87424
22.31136
7.78176
24.42528
19.92384
24.36048
24.6384
24.41664
24.9696
24.22512
23.15952
23.59584
23.83632
24.63696
23.328
24.02064
18.84384
23.52384
23.48784
23.27472
14.82192
19.97856
19.76832
18.87696
23.53824
23.24448
21.66768
25.00128
24.68736
24.912
25.02432
19.2528
20.772
12.94704
22.11984
19.61568
21.59712
22.43088
21.67488
5.98176
22.23792
22.53168
22.74624
19.65744
20.06928
19.22112
17.11584
21.59136
14.9184
23.36688
16.98912
17.54208
22.8816
21.95136
22.104
21.48048
20.99952
8.69472
19.08288
16.272
21.1824
20.97072
19.8576
20.844
9.94032
17.856
21.06864
18.2736
21.68208
21.06576
21.4488
17.712
16.75872
20.35584
19.7136
11.68992
16.66944
17.54064
20.52432
17.5968
17.50608
18.6624
18.08208
15.91776
15.86304
12.28752
14.544
6.48432
14.22
17.7624
12.14784
17.2656
18.396
9.53568
12.10464
9.77904
4.79088
17.43696
17.10288
10.39392
17.49168
9.05184
1.90224
16.72992
16.20576
11.052
15.70032
15.84432
13.18464
9.80784
13.60656
15.27408
10.656
12.28608
14.66928
12.1896
14.69088
8.00352
1.8792
10.08144
9.88992
6.81984
14.04288
9.1584
12.564
13.86432
12.024
12.75264
12.92976
11.48256
12.32496
10.60128
12.27888
11.88144
11.65104
8.15616
2.2752
7.75008
11.36448
11.4408
10.57536
11.11248
11.30256
10.84608
10.30608
8.69328
11.2608
10.0152
9.05328
9.64656
7.4376
7.06752
7.12944
9.84528
10.51632
10.3248
4.356
8.35488
8.35776
4.36032
9.34992
9.72432
9.35568
9.15264
6.21936
8.77824
8.06112
8.38656
8.2224
8.532
7.81056
7.17408
6.06528
2.43792
6.64128
7.08624
8.18352
4.72608
8.09712
3.2544
4.95648
8.05824
7.7688
7.54272
7.19856
5.87376
3.57696
3.37968
3.744
1.83456
3.0384
5.14368
2.7216
6.44112
7.49232
7.44912
2.21472
6.45264
4.97808
6.49584
5.87808
6.90912
7.13664
3.83616
5.7168
7.32672
6.57792
4.02192
6.80544
5.78016
6.94368
6.2496
5.86656
7.62192
7.52256
4.15728
0.50256
6.28128
7.28064
7.67088
8.244
6.32448
4.76928
8.12304
7.78608
8.0352
8.1288
8.28144
5.31648
8.06688
7.4664
8.5464
8.11296
8.52336
0.7488
0.7488
6.948
9.0144
9.12816
8.928
9.37296
2.46384
5.15664
8.91936
1.99008
2.4984
5.54688
10.53504
3.49344
10.0296
11.05344
9.62928
1.18224
8.60112
7.27776
9.80208
6.14304
3.29904
10.33632
5.12928
7.25904
9.80352
10.8792
10.18368
12.65184
12.64608
4.62528
3.93408
1.40544
7.65648
10.17072
13.4712
8.24976
7.56288
8.67456
15.00192
7.23168
13.77216
14.1624
10.548
13.23216
8.85024
11.2032
12.7368
14.32368
10.00656
16.25616
13.41936
11.67264
16.99056
16.15392
15.49728
1.50192
5.06448
15.25824
15.2496
17.82144
17.15472
17.10288
18.22032
18.74736
14.5008
16.19136
19.19376
18.09504
13.10976
9.17136
4.3776
18.99936
15.02496
15.27984
17.65872
4.61232
3.33792
18.89856
6.18624
20.48976
20.61648
20.10384
20.27232
20.61072
18.66816
16.33392
19.11168
19.16496
19.5552
20.19024
19.05984
12.42576
17.2152
10.8432
23.25024
13.0752
8.1072
7.31232
13.05936
17.07696
15.70608
14.0328
16.35984
23.22144
11.7072
13.27248
19.21968
21.13632
16.88688
20.29248
18.27216
20.04336
22.4568
15.76512
16.38864
22.22928
22.33584
19.76832
17.18208
19.51776
19.72944
22.88304
20.06352
23.904
23.0832
15.624
5.58864
24.43824
16.092
14.4216
13.07808
23.17392
21.13488
17.43696
22.67856
19.84608
19.56096
24.1416
19.87776
21.45168
19.41552
24.48864
24.37344
24.53616
13.52592
23.37552
23.05584
21.35808
23.97024
23.09184
22.5864
17.39664
23.33952
23.71104
23.28624
20.73024
23.93856
24.04368
12.79296
17.97552
22.92912
22.29696
22.14576
20.35296
21.7728
22.66704
14.23296
22.85424
22.05072
14.34816
23.54688
22.08384
23.3136
22.15728
17.23824
14.43168
23.3568
21.15648
21.53088
22.97952
21.6
20.84832
22.3848
20.53152
22.04496
21.25728
20.06208
19.34928
-99
-99
-99
16.33968
19.04256
10.4976
20.5416
21.09024
18.16128
18.504
18.42048
20.44224
18.6048
10.40688
17.62848
20.124
20.18736
18.62784
19.67472
19.40976
18.68688
13.79232
13.94208
14.47776
16.62912
13.94208
14.4432
4.41936
10.51776
17.06976
11.16288
18.0576
14.18112
15.65568
17.46288
14.47344
10.13472
5.73696
16.15248
10.98
15.9264
15.44256
8.17056
13.46688
16.1928
8.50752
15.31296
16.29072
13.95792
14.56272
15.66
8.42256
15.09264
15.0408
15.57216
15.28704
14.4144
13.76064
11.74032
14.9832
14.37264
14.4792
14.11776
10.35936
7.59888
5.30496
11.1168
11.08656
12.13056
9.5328
4.22784
9.5112
8.03808
11.6712
9.6552
4.26672
8.09424
10.12176
11.22336
11.02464
11.25648
11.85984
11.37744
8.54928
0.86688
3.85056
5.16096
10.04256
3.59424
9.3528
7.00272
10.11312
7.10064
4.95936
9.38016
8.91216
4.44528
2.78496
8.68464
8.9784
5.93856
7.848
7.1712
3.31488
2.13552
3.38112
2.24496
6.0624
4.5288
7.32096
5.27472
1.44576
8.19792
4.04352
4.04784
7.75584
7.0056
5.11488
4.1472
5.83056
6.89184
5.1768
7.07904
6.80976
6.90048
7.30944
5.79168
6.97104
6.14016
5.08896
4.70448
1.05264
4.37328
6.72192
2.3256
6.45552
4.34592
7.07472
6.56208
6.45408
6.53472
6.45264
6.86448
5.02992
3.2256
6.68736
6.5736
7.06464
7.54992
7.24608
6.39792
7.48224
7.19712
6.73344
7.46496
7.89264
7.26336
7.2864
7.62768
7.776
7.85232
7.80768
6.74064
5.94576
8.05392
5.17536
5.83632
3.16656
7.80192
1.8792
8.43264
7.30224
7.272
9.33264
8.84736
9.12384
8.80272
8.68032
2.3832
9.42192
7.42608
6.42672
4.90176
10.37088
10.60704
8.66016
9.84096
7.1424
9.8928
9.99504
8.82576
9.18144
11.38896
11.45376
11.736
11.8872
12.1032
12.01248
10.24416
8.78688
7.27056
11.82672
12.63168
12.3192
12.62304
12.54384
13.02192
13.14
12.78288
11.56176
12.93984
13.04064
11.5272
12.22992
4.22208
13.00752
14.48928
14.60304
14.70528
13.21488
12.23568
5.56128
14.64336
15.9768
16.17696
14.7384
16.15968
11.27088
16.79184
17.0784
16.61472
17.38944
17.20944
16.62336
18.28944
18.02736
17.81712
18.0576
17.64864
12.03552
17.63712
12.45024
8.80848
19.6416
10.044
17.00928
15.12
17.23968
9.87408
13.70448
13.25088
19.90656
20.40048
16.91856
16.42608
16.80048
14.33664
10.11312
13.6944
4.464
11.49984
3.9168
13.86
18.87984
7.94448
21.9744
22.14432
9.27936
12.47616
18.36
21.58704
14.86656
2.28816
22.35168
24.02064
21.51648
5.76
15.74064
22.10256
21.98016
18.2448
23.87232
22.50144
23.68656
22.25376
21.56688
5.44608
17.56656
16.76016
23.4
22.66704
23.87952
22.72464
2.83392
-99
-99
22.72608
13.70736
23.5224
24.51456
24.59808
24.91488
24.70176
23.39712
24.1056
20.76912
22.18464
23.99184
24.45984
13.35888
22.7304
2.17584
24.34752
23.23584
18.39168
19.70064
24.04512
25.17696
24.41664
24.56928
20.35872
23.13936
23.0112
23.68656
23.30928
23.56848
23.79744
24.17184
24.05376
23.92272
23.22
21.43008
23.47056
23.2992
23.076
23.43744
21.31776
17.95248
6.57792
18.09072
23.9544
23.75424
23.11056
22.09392
12.57984
22.01328
23.99328
14.72112
21.276
23.06736
22.49712
21.97152
22.57632
22.51008
22.19184
21.45312
19.1304
10.2312
23.65344
22.896
19.08864
20.63232
20.86416
22.24368
22.04784
21.6
21.59712
20.0664
14.22576
21.096
21.58416
21.39696
20.44944
16.73712
19.53504
21.02256
16.89696
11.97504
20.80944
19.51344
18.60912
12.6936
19.46448
19.09872
19.60272
19.9008
19.95984
16.98336
4.9464
18.8712
18.27072
18.73152
15.68592
13.02192
13.02192
18.9792
18.90288
14.14512
18.0792
18.13968
8.64864
16.092
2.2248
14.32224
17.5104
8.57808
14.40144
15.65136
14.73552
16.45776
15.87168
14.9832
15.09264
4.14432
14.93712
12.81024
15.99696
12.93552
15.14592
12.4056
11.73744
15.13296
14.65056
13.79088
13.64544
13.9536
14.35248
6.80256
5.58
12.78432
13.14576
5.02272
4.59072
6.0696
10.10736
11.05056
9.49392
13.26816
12.17808
12.12192
7.46496
10.8936
8.72496
2.19024
3.44592
6.82992
11.2824
11.35296
11.01312
10.64304
5.07888
8.7264
10.10448
5.13648
7.056
9.33984
8.48592
9.4104
9.89136
9.88992
5.94576
8.96256
7.64352
7.03584
8.2008
9.2016
3.8592
2.00592
7.01568
8.66592
7.41312
6.60528
8.48448
6.29568
6.14448
5.5944
7.59024
8.10432
7.7544
7.55568
6.8256
6.82416
6.31872
7.37856
6.43248
5.25168
3.96
0.46368
1.97712
5.4648
7.1208
7.21728
7.11648
5.78448
4.0464
4.11696
3.924
6.984
7.0992
2.45808
3.36672
4.65264
3.82032
3.46176
5.52096
7.1928
6.72048
6.28416
7.03008
6.45984
7.28496
6.24096
5.4288
4.40496
5.96448
6.92784
6.0912
5.78448
7.24608
7.47072
7.2144
7.08048
7.15248
7.092
2.1672
7.6536
7.92
7.04448
7.9632
7.10496
7.66224
7.93872
7.0848
2.49552
3.59568
0.61488
1.28304
7.70256
7.78608
3.8808
6.98256
6.83136
5.22576
6.06384
7.82928
8.964
7.74576
9.46368
8.50464
8.5248
10.20816
10.008
5.3928
7.2
9.81216
10.23552
7.75584
1.83888
10.02816
5.92704
10.66464
5.72832
10.38672
11.67552
11.86128
11.56176
11.86848
11.75472
12.56976
12.63168
7.488
13.32864
11.18448
6.73776
9.38016
12.70944
11.84976
7.06176
7.6392
10.4616
12.72816
14.60448
13.6656
12.8088
11.60064
14.9616
11.87568
13.07808
11.4048
13.83552
1.24416
6.6672
12.32352
14.64336
16.27344
15.7248
15.39072
11.51712
13.48848
9.00864
12.74688
10.2384
14.87664
15.9336
1.7568
3.6576
2.81232
10.73664
16.74576
19.26576
20.03184
18.60336
14.23008
18.792
18.64944
17.56944
17.30304
18.22608
3.56832
19.1808
17.52768
16.14672
13.13568
13.52448
1.92384
5.09184
3.20112
12.46464
15.50304
21.06864
21.68496
20.89152
15.23952
21.14496
20.77488
18.22032
22.36896
21.83616
22.64832
21.97584
13.70736
21.85632
20.35584
21.94848
6.29568
6.3792
22.25952
17.91216
20.15712
5.40288
22.608
14.87952
17.8848
23.74416
24.048
23.90976
23.19552
24.09984
22.52592
18.13968
20.83104
24.13008
24.46272
24.2712
20.89296
23.44752
24.20208
12.8232
21.4776
20.73888
11.38896
24.51168
23.47776
10.87056
14.1624
16.14816
22.01472
14.62464
23.0328
23.2344
18.8784
23.79024
6.9336
22.79088
19.69488
17.57952
23.95584
24.53616
24.336
24.49728
24.44112
23.95584
24.23232
23.78448
24.18192
20.78496
15.408
24.1416
23.70096
13.74768
23.36544
24.48
23.46768
20.6928
23.63184
21.65184
17.27424
23.33232
18.4104
17.3952
21.08736
19.01232
15.6744
17.63424
22.50864
23.904
17.21376
23.4144
19.10304
21.90816
19.57536
22.4136
22.22496
22.38336
18.93744
22.0896
22.12416
20.6136
21.89376
20.88144
19.656
19.15488
21.79728
22.42224
21.89088
19.40112
20.37456
18.10944
18.0648
17.18784
19.49616
17.5392
20.6712
18.96912
18.20592
10.80288
20.56464
20.7
19.44864
19.62576
14.76288
15.01632
19.66896
19.5264
19.12896
17.42256
7.91136
19.70352
18.79632
12.74832
17.23824
17.61264
18.67536
18.12816
17.74944
12.07728
9.7992
5.94144
15.05952
17.42112
17.15328
17.316
17.1144
14.96448
15.90192
10.83888
5.58576
14.18832
16.2504
4.7376
12.78144
15.16608
11.2032
16.22736
15.49584
7.87968
15.22368
14.0832
14.14512
11.96784
3.63456
12.62448
13.07232
14.5224
13.52736
8.37504
9.70704
11.87568
2.81232
13.62816
13.84272
12.73248
8.25984
11.71584
12.9096
12.27744
10.29744
8.32032
8.80416
6.67584
3.54816
11.12112
11.21904
8.70336
9.71136
9.45216
8.32032
9.21888
10.40256
10.40112
10.14048
9.86976
4.02336
2.87424
6.11712
2.74032
1.92528
8.5752
8.136
7.63056
8.98704
6.04512
6.96384
7.83072
8.25264
5.7888
7.93728
8.21664
8.03664
5.23152
8.28576
8.1144
7.8192
6.69168
6.25536
4.61232
3.99888
1.47456
7.2216
6.38352
4.88016
7.7616
7.40304
4.99968
5.56272
6.55632
3.49344
4.17744
7.00704
6.5592
4.4568
7.16832
5.72688
3.10752
5.364
6.9408
2.62224
1.14192
5.9904
5.93856
6.13584
6.6024
4.1184
2.16576
6.39216
6.46704
4.24224
7.16256
7.23888
1.89504
6.61536
1.9602
7.299
8.5176
8.892
6.9318
9.1782
3.7296
6.0282
1.1826
1.7352
9.198
9.7434
9.9504
10.1196
8.0028
9.8298
10.1826
5.31
9.1584
4.0932
8.2242
5.8752
8.9136
10.8234
3.8826
7.8768
11.0124
8.622
10.5426
9.63
10.2294
12.078
11.799
8.982
7.5564
10.062
9.0612
6.0516
3.8682
5.9976
8.217
13.3794
5.5314
13.5684
1.8702
2.3544
8.3916
14.0058
9.6156
10.7964
9.9738
9.4464
2.1042
12.5946
15.7302
12.5928
9.909
15.1632
15.9984
9.5094
6.2604
11.5632
11.0988
11.916
10.5372
8.0028
5.3352
15.6384
18.6246
17.487
6.7392
19.2132
13.9608
19.8828
19.5678
17.2386
18.7236
8.3826
20.5542
21.4164
19.8828
21.501
21.7296
19.8036
14.7762
18.2394
22.0914
21.9924
21.834
20.9538
21.1104
22.464
22.1778
19.0152
22.7736
11.0466
14.1084
24.7086
9.4698
3.1356
10.4256
20.7108
22.0338
22.0716
20.7018
13.581
19.2042
25.7796
24.7842
12.8844
10.4148
20.7666
27.2988
25.65
19.9638
6.984
14.5998
14.4432
13.6998
13.527
12.06
17.037
27.0144
28.0332
27.9198
26.9802
25.2774
28.4526
20.7864
13.7808
23.328
22.5828
28.9188
20.988
23.9418
17.7804
26.1702
18.4986
23.8824
28.2474
28.5102
21.2976
11.718
29.2392
14.2398
25.7706
28.8324
29.5884
29.0322
24.7752
23.3334
18.3888
29.7288
26.1954
20.7306
25.9794
22.7664
30.7044
30.861
28.0782
30.4704
26.595
30.195
30.2742
29.8422
29.5128
22.9032
14.2686
27.2232
15.8274
18.5994
30.1608
28.8234
18.4824
30.9762
30.3768
27.2448
29.2752
29.2518
20.8998
23.6574
28.386
30.204
26.5968
24.9984
30.204
24.7032
17.9784
27.0522
28.458
29.6388
25.8642
16.38
27.171
27.468
27.3402
29.376
29.4318
29.2536
29.3238
28.7388
28.6794
28.6506
26.6094
26.7156
25.0704
15.3414
28.665
25.9002
27.8766
25.9812
15.4242
26.6382
25.137
24.372
10.323
26.6364
19.0152
22.734
20.4678
16.2324
14.3262
16.083
23.5566
25.2864
24.021
22.2732
24.102
25.1712
24.0138
10.9494
21.6864
24.5322
24.1794
12.006
18.2808
20.6478
21.771
22.8834
21.492
16.8426
9.2952
22.7736
9.2376
8.9568
18.2358
19.3266
21.3372
20.0898
14.4216
20.3814
17.5284
14.652
20.2626
15.6528
16.4952
16.6824
17.6886
17.7048
20.322
8.2062
21.4416
14.256
7.4448
12.7944
9.8856
9.2142
16.4646
18.0738
18.8496
18.2322
8.3736
15.8562
15.066
17.8254
10.224
5.5512
16.5402
11.5794
17.1684
16.8912
9.3528
7.713
16.6068
15.6942
13.0842
15.354
10.1898
14.0292
14.2128
13.0662
14.4486
8.6076
5.9634
10.287
13.131
14.211
13.329
13.4352
11.709
13.203
8.0136
3.429
11.4768
12.5802
9.8658
8.442
9.387
11.4174
12.852
12.717
12.1554
4.7106
1.8972
6.255
5.1012
7.3692
5.2938
4.4496
4.0032
10.1574
10.2474
10.0926
7.3314
7.452
4.6116
2.7738
2.8962
4.311
9.6786
7.0128
7.6842
9.432
6.0102
7.3836
9.0486
9.2304
7.506
8.4798
8.5806
8.8308
9.2178
5.4522
5.0796
8.1126
8.757
8.6166
8.2422
8.694
7.8714
8.0928
8.3358
8.1702
8.5932
6.4044
1.4022
1.5768
3.0006
6.9534
6.9084
7.3926
6.8778
7.9254
7.9704
8.4276
8.9226
8.4888
7.5762
8.7732
5.4396
9.828
9.5868
6.2982
8.6256
0.8568
9.6714
9.378
9.7326
8.7516
10.1664
10.1736
10.4382
9.9108
8.145
9.7092
7.011
10.674
10.602
9.1728
10.7334
11.1096
11.3436
11.0720680851064
11.565
11.7882
8.8434
11.8998
12.2058
12.1824
7.0614
5.8482
11.5362
12.816
11.997
13.2084
13.2156
11.0628
3.8448
6.741
11.7306
13.9644
10.9764
14.5494
14.8626
2.0106
15.453
15.561
15.5502
15.228
13.2894
8.01
7.1406
16.0362
12.5586
16.785
3.681
16.551
9.585
10.683
3.7818
10.2006
4.4568
13.7376
9.6228
8.3376
2.5884
10.8162
5.2884
5.3982
5.1444
5.607
6.8238
3.0366
11.2302
15.2766
16.0542
11.3508
4.4478
16.0434
3.4794
16.9686
18.0864
8.0586
10.2996
12.0852
24.39
23.1048
9.315
19.3194
22.4226
21.8934
24.4296
22.122
16.3872
19.2006
21.8646
4.7178
2.7342
23.6268
24.291
24.8922
24.7932
22.7538
8.5824
7.3692
2.8026
21.7944
11.5218
26.2494
27.1944
26.7786
17.6724
23.0274
25.6662
21.5262
26.2638
16.0866
13.2516
13.0392
21.5424
27.6228
27.4212
21.4614
24.858
27.684
28.9512
28.6866
28.269
27.4482
27.1152
27.1134
25.4826
28.4886
27.6984
28.5984
27.882
28.9602
27.7416
7.587
9.9846
30.2994
22.9302
29.9808
30.2346
28.7676
30.5154
30.276
25.0416
26.8308
26.955
30.0762
29.6388
29.1708
19.5966
29.664
30.6954
30.5406
28.818
29.772
24.4422
25.218
29.7072
28.1232
27.1386
28.5786
25.38
14.0094
19.4274
29.9628
30.5532
30.2526
28.9332
21.0636
30.4128
30.4506
27.5148
30.1554
27.7812
26.6544
29.0988
26.4546
10.2492
29.0232
30.078
29.8908
30.0132
29.79
29.3886
29.0448
28.9836
28.6128
28.1916
28.6128
27.8226
28.2186
27.459
27.6336
27.7992
21.3822
28.1016
23.4648
26.028
13.8024
16.0452
20.5218
23.7348
26.7462
27.828
27.972
27.9234
27.5832
20.628
26.8974
23.5332
27.2412
26.631
26.649
26.0424
26.0586
21.8196
23.1606
26.3304
17.2584
16.1802
16.9074
26.7012
26.2494
21.2742
21.5514
25.0758
24.2622
21.9078
22.4442
16.1658
22.5666
19.9836
22.1832
9.9792
23.9886
17.5086
14.544
20.9664
18.3996
22.5882
19.5966
12.5514
14.9922
20.1582
13.23
19.2564
10.2204
6.9336
21.6198
13.797
15.1614
18.774
20.3652
18.4824
19.9944
18.3798
15.7176
10.1682
18.9306
18.351
16.8876
13.4784
12.2832
17.7624
19.017
18.7182
16.3602
18.1314
17.6238
14.4486
4.0392
11.9934
13.2462
12.7242
9.2448
15.9264
14.2884
15.651
15.3108
12.9888
10.5768
13.6476
9.288
6.4602
12.8322
10.8018
7.02
11.7774
12.6342
12.1662
10.5642
10.7802
8.3916
10.1466
10.071
12.6522
11.196
5.5818
13.0878
12.8898
12.5496
9.5634
9.9234
6.7968
10.9494
10.9386
10.26
10.1826
8.1774
6.624
8.7714
4.9986
2.8152
9.7236
10.593
2.9844
5.7906
7.9038
7.2972
7.8174
8.091
8.4348
3.492
9.0756
7.749
6.588
5.4612
8.8722
4.1868
8.6598
6.4692
6.498
2.7954
8.631
6.9534
3.1104
3.5838
2.7054
8.6202
7.5348
6.786
3.411
8.0892
6.7032
6.9462
7.7958
7.5564
8.568
8.5104
8.6364
6.9732
8.406
8.5518
6.5772
5.1084
8.451
