20000101
-99
-99
-99
-99
-99
-99
-99
-99
-99
-99
-99
-99
-99
-99
-99
-99
-99
-99
-99
5.45184
-99
-99
-99
-99
-99
-99
-99
-99
-99
-99
-99
-99
-99
-99
-99
-99
-99
-99
-99
-99
-99
-99
-99
-99
-99
-99
-99
-99
-99
-99
-99
-99
-99
-99
-99
-99
-99
-99
-99
-99
-99
-99
-99
-99
-99
-99
-99
-99
-99
-99
-99
-99
-99
-99
-99
-99
-99
-99
-99
-99
-99
-99
-99
-99
-99
-99
-99
-99
-99
-99
-99
-99
-99
-99
-99
-99
-99
-99
-99
-99
-99
-99
-99
-99
-99
-99
-99
-99
-99
-99
-99
-99
-99
-99
-99
-99
-99
-99
-99
-99
-99
-99
-99
-99
-99
-99
-99
-99
-99
-99
-99
-99
-99
-99
-99
-99
-99
-99
-99
-99
-99
-99
-99
-99
-99
-99
-99
-99
-99
-99
-99
-99
-99
-99
-99
-99
-99
-99
-99
-99
-99
-99
-99
-99
-99
-99
-99
-99
-99
-99
-99
-99
-99
-99
-99
-99
-99
-99
-99
-99
-99
-99
-99
-99
-99
-99
-99
-99
-99
-99
-99
-99
-99
-99
-99
-99
-99
-99
-99
-99
-99
-99
-99
-99
-99
-99
-99
-99
-99
-99
-99
-99
-99
-99
-99
-99
-99
-99
-99
-99
-99
-99
-99
-99
-99
-99
-99
-99
-99
-99
-99
-99
-99
-99
-99
-99
-99
-99
-99
-99
-99
-99
-99
-99
-99
-99
-99
-99
-99
-99
-99
-99
-99
-99
-99
-99
-99
-99
-99
-99
-99
-99
-99
-99
-99
-99
-99
-99
-99
-99
-99
-99
-99
-99
-99
-99
-99
-99
-99
-99
-99
-99
-99
-99
-99
-99
-99
-99
-99
8.16624
8.8704
8.02368
7.28208
6.79392
4.27104
2.4984
3.77856
4.83696
6.9048
6.08112
7.10928
3.74256
3.71088
6.42672
2.61792
7.79328
3.2256
5.21712
7.47648
5.60448
6.60672
6.95232
7.25472
5.51664
6.80688
4.29408
5.90832
3.74112
5.95584
2.52432
4.38912
6.20352
5.08176
5.72256
2.7432
5.95728
5.22864
3.17376
5.58
5.63328
5.5872
5.35248
5.0256
3.06144
5.46912
4.71888
4.95648
5.38992
3.98448
4.71312
4.19184
3.81024
4.87008
5.5008
4.98816
3.89952
3.9168
3.48624
5.66784
2.71872
6.65424
6.70176
6.5808
6.10848
6.56208
1.88784
1.6416
1.80864
1.8792
5.4072
6.156
3.9744
4.62816
6.52896
2.48112
6.83568
6.21072
6.47712
5.796
6.51744
5.54832
1.73808
4.41216
7.23024
3.15072
5.57136
5.6016
2.96352
3.816
1.80576
1.25424
5.27472
5.62608
4.37904
-99
-99
-99
-99
-99
-99
-99
-99
-99
-99
-99
-99
-99
9.51264
8.23968
9.12528
9.25344
8.91504
5.7456
6.79104
9.75456
9.03024
10.08
9.96336
9.52416
4.22064
1.9728
9.87696
10.42272
-99
-99
11.5272
11.53728
11.00304
11.5848
11.20896
2.4984
10.06128
12.03984
12.6
9.88272
11.85408
6.34608
10.86192
10.03536
7.81776
8.56656
10.21392
5.06016
13.13856
8.67168
12.4632
8.24256
14.45904
14.2488
14.15232
6.8184
11.88144
12.33936
15.0048
11.53728
11.5272
12.97872
14.62608
11.6928
12.492
9.88992
13.41792
12.10176
6.4008
16.50528
17.63424
17.09856
16.5168
11.70288
15.45552
11.64528
16.93152
9.3888
19.1376
13.04352
16.33536
17.14752
19.66176
8.92656
19.81872
17.29008
6.62688
3.79872
4.59504
8.07984
12.00384
14.68224
20.12256
18.88848
18.5184
12.5496
17.06976
14.2344
18.69552
16.53696
5.92416
12.94416
8.2296
9.02448
11.14128
7.99776
12.33072
12.3696
16.05168
16.43904
7.38576
16.30512
19.4832
17.47728
15.36624
21.2688
19.00368
11.35872
9.108
23.47344
14.25456
9.5544
11.18448
13.8024
12.69792
19.36944
21.1464
21.22704
21.30192
21.80736
21.49488
16.23888
12.87648
12.78
11.47248
21.07008
19.01664
10.16064
20.2104
21.4344
9.0144
5.17536
22.35024
21.66912
17.85744
21.75696
21.2328
17.58816
15.44256
23.328
22.97232
22.44672
22.10544
21.78288
20.52144
20.97936
18.47664
21.75696
17.23104
19.44
22.39632
21.92688
21.19104
21.744
16.28352
14.76576
17.5536
18.81216
15.8688
18.54144
14.00832
17.11152
9.75744
7.81056
18.79488
20.59488
9.13104
10.11456
20.16144
10.11888
6.98256
19.3104
21.47904
20.5272
18.39312
16.13232
16.64352
18.3528
19.1088
16.52832
19.09152
18.62928
18.02448
17.59824
16.53696
13.35888
10.58688
17.25984
11.93328
15.3432
12.92256
17.22816
15.83136
19.3176
18.81072
18.2376
17.72496
14.87952
14.36832
15.65136
16.20432
10.86048
14.73552
18.3672
18.88848
18.6264
18.3456
18.41184
18.20448
18.06336
18.46656
16.30656
11.61792
10.17648
18.4032
18.63216
14.74992
6.084
16.02576
17.57376
16.79904
14.84928
16.056
10.06272
15.9768
17.1072
15.88464
10.45728
16.58592
15.95376
3.46752
13.46688
7.48656
7.83792
11.92608
4.96224
11.57328
2.3544
8.70048
13.02624
10.0872
5.79456
6.20352
12.21408
11.376
10.6272
10.55808
11.18016
5.30496
7.0632
10.6344
10.1952
4.97232
8.21376
8.81712
10.11456
5.6088
9.59472
9.48384
10.27296
7.6896
9.85536
9.36576
5.88816
9.2952
10.22112
7.10496
8.31744
8.94816
7.72848
8.65296
7.99056
7.61328
8.71488
6.02064
9.37296
5.09472
8.4168
8.37072
3.36096
7.18704
7.8552
4.96512
7.98048
4.91328
1.2096
5.26608
6.4728
5.18832
0.71856
2.13696
2.4408
6.16032
4.09824
6.93072
6.31728
7.98048
7.63776
7.37424
7.58304
6.0696
3.26448
5.69232
6.78672
5.13504
6.72192
5.19264
6.36192
5.75424
6.87168
6.70176
6.88752
4.20048
6.5232
5.94
6.67296
6.72048
6.69744
1.08864
1.52928
6.8328
5.89824
2.52864
6.21792
6.47424
6.1704
6.4728
3.72672
7.02432
7.02
5.12208
6.8112
6.768
5.61456
2.82096
0.67536
1.6056
0.86688
1.73376
0.62928
1.60992
6.68736
7.07616
3.75552
5.83776
5.65344
6.9768
7.2432
4.85568
5.91552
3.93984
7.23024
7.23888
7.78752
6.32448
7.97904
8.4672
5.72832
5.30928
7.66224
7.7688
8.38224
7.52112
8.22384
8.16192
5.9184
5.56272
8.17488
9.1584
6.804
8.17344
6.048
9.1152
10.65168
9.28224
9.70704
7.92144
10.04544
10.40688
10.06272
5.17104
5.44608
3.05424
3.65472
11.27952
11.74752
5.63472
12.54816
10.70208
8.57232
10.11456
4.33008
8.09856
12.71952
4.35888
7.67376
2.9232
13.60368
12.8016
2.7648
6.19056
8.92368
14.51952
12.3552
14.92128
13.01904
9.4968
12.17952
13.43376
14.9976
12.57696
11.82528
12.03264
12.58848
15.75072
10.83888
16.03152
16.28928
17.88336
11.78352
16.1712
16.59312
10.98864
2.2032
10.836
13.2768
16.31808
7.22304
1.19088
13.05792
18.00864
15.52896
6.87312
2.12688
11.67984
3.89808
1.68624
5.60448
9.47088
3.09744
7.66512
17.27424
19.98
10.44864
10.79568
19.20672
21.87216
21.2112
19.42848
18.94896
21.66624
14.73984
14.0688
14.24016
11.57328
21.14928
11.69424
5.09184
14.80752
14.3928
13.28688
10.836
4.4784
2.10528
12.68496
8.90784
4.89168
20.1384
22.85712
22.42512
20.96352
22.57632
18.5256
18.30816
23.98896
22.28544
22.28832
9.37296
9.48816
23.5944
16.08912
13.7736
9.49536
17.47584
21.60144
22.29552
22.66416
18.93744
23.04144
19.7928
11.58768
8.41536
10.9656
20.08512
4.45248
21.35952
11.76768
19.83024
20.38176
20.38752
21.6144
21.45168
21.96432
21.54096
20.93904
20.8008
16.9488
20.82384
20.85408
21.25584
21.77712
20.88
19.02672
17.64576
19.19664
13.86
5.99472
11.61648
14.69088
17.97264
17.86752
14.77872
4.27104
21.38256
19.02672
17.74224
8.60256
18.3384
14.256
7.10784
6.47568
9.1008
4.80816
16.52688
8.52048
20.21184
21.09024
21.3552
19.76832
21.36096
20.1024
18.04752
19.49184
20.17152
20.0448
16.59456
11.70864
14.8824
13.032
19.75248
20.2824
19.16064
19.61712
15.74064
19.11312
7.20288
11.4984
10.8648
21.94416
21.60432
20.7936
19.55808
12.636
18.4968
19.05552
18.87984
15.13296
17.26992
16.16256
6.31152
17.0352
8.47584
9.14256
9.3888
3.74688
17.49312
18.36288
17.07696
11.48112
11.39184
11.88144
12.75264
12.55968
10.2672
15.61392
13.28256
9.29232
13.1688
16.51824
14.94864
4.23072
11.29968
16.812
16.66944
13.2624
6.59088
12.83328
14.97888
9.3528
5.32224
7.85808
15.06816
16.74
16.09632
15.27696
13.75344
12.52656
12.27888
12.02544
10.96704
4.49712
9.62928
12.31632
10.92384
13.03776
9.29952
8.9424
1.1664
3.38544
9.99648
9.36288
12.12192
11.33712
12.17232
11.42928
7.6392
10.71072
9.7704
11.3184
10.14624
11.36448
5.20992
6.59376
8.74512
10.4184
10.53936
10.06128
5.12208
8.58528
2.70288
9.31824
8.38512
6.39792
4.65552
9.88992
8.9784
9.42336
8.86032
7.22016
8.36352
7.11648
6.31728
7.79328
5.28912
1.93248
8.16624
6.26832
7.93008
7.6464
1.89648
2.83104
7.9416
6.22944
1.31328
2.08368
7.5312
7.27056
6.45408
3.14208
7.21728
2.45808
5.07744
7.26624
6.8544
2.79648
4.29984
5.3928
6.30144
3.24144
0.98784
5.43744
5.87232
6.34752
3.48912
5.65344
6.15456
1.96416
2.50416
1.41264
2.49552
5.68944
5.56272
3.61584
5.43456
6.3648
5.81472
2.08224
5.19552
4.5936
1.65888
6.58944
3.30624
3.84912
5.85504
2.78784
3.87792
0.40752
5.11344
1.39104
3.88944
6.00912
7.73712
7.4808
7.63344
7.42464
7.42464
6.49152
7.17696
6.79248
2.82816
7.25184
8.03808
7.69248
5.35104
8.75664
9.2808
2.51856
8.53632
8.15184
9.09648
6.88608
6.63408
9.04896
8.83584
7.19856
6.70608
7.72416
9.53856
7.79616
9.60912
8.74656
8.44848
6.57792
2.87712
3.19104
3.86928
7.71984
10.36656
6.0768
8.90064
1.6344
0.49968
4.79808
4.80816
6.46848
4.0032
1.28304
0.66672
7.06752
11.07936
6.9624
8.6904
6.99408
12.996
12.45168
6.44256
11.99952
12.32496
12.74688
14.12352
13.58064
13.57632
13.34448
11.77632
3.64032
14.95584
15.60816
14.48208
15.74784
15.74064
14.96592
15.30432
15.3792
11.30544
16.29504
15.05088
11.42928
1.66248
6.61464
2.88288
16.69248
12.996
5.12352
19.10736
19.27296
18.99936
18.98208
18.93168
3.78432
17.89344
11.32704
10.69776
17.69328
18.42624
4.2624
14.86368
15.41952
14.72256
15.34752
12.96288
13.2336
12.70944
15.45408
20.86704
19.31616
17.14176
10.10448
21.2688
20.6352
19.57104
10.50336
19.28304
18.68832
20.9808
17.97696
12.92976
10.75392
15.59376
17.75808
19.51056
17.72064
15.12288
15.90912
6.65856
15.42096
13.89024
17.75952
9.18432
21.33936
20.49408
11.57184
19.3824
17.35344
23.06736
15.3432
7.64928
4.36608
17.6544
20.40192
21.64176
19.05984
20.01312
21.4416
16.76016
11.55744
22.27536
7.93728
15.47712
21.30624
20.29824
22.16592
21.89376
22.56048
22.49856
22.0608
20.43504
13.3416
15.74784
12.38256
17.85456
24.60816
24.33024
23.15664
22.81392
22.87008
13.28976
17.50896
20.81952
11.25216
16.3656
21.88368
22.9104
20.25072
16.67376
10.55952
18.42192
16.10496
17.29728
20.41776
16.03008
9.79776
22.35456
21.19248
21.55824
21.51792
17.928
21.53232
21.168
19.97136
22.01328
21.67776
13.33008
20.74176
20.23776
17.87184
15.84288
20.56752
20.73744
14.71248
18.21168
19.51488
16.72992
20.11536
21.62592
21.204
20.6208
20.91456
20.5992
20.47824
13.90032
17.65728
18.63648
18.93312
19.60416
18.30672
17.8272
15.984
15.38496
13.6872
9.2448
18.16272
19.02816
15.06816
14.06304
17.08272
18.21024
14.67504
18.13968
14.94144
17.64
15.372
19.07424
12.98592
10.33632
8.4312
10.0296
13.66272
9.51408
9.504
10.80864
4.61952
12.85056
10.94688
15.99552
16.20144
17.04384
15.624
15.27552
16.60176
16.57008
16.47072
16.0128
15.16032
12.84336
14.17536
10.42992
11.09376
10.13184
14.58288
11.76768
3.2112
8.31456
5.49072
5.00688
11.15136
10.94688
11.34432
4.25376
6.9264
9.86256
11.8152
9.24336
11.1096
10.68336
10.15056
5.81184
3.74976
6.2352
0.83088
5.79456
0.44064
1.83744
4.73184
7.7976
4.14144
5.98608
7.93728
5.61024
8.26848
0.72864
3.1968
3.41136
4.22064
5.29776
1.94832
6.156
6.33312
7.164
6.82128
6.624
6.7824
5.9904
1.33488
1.3968
2.72736
2.73744
3.68928
3.37104
3.9384
4.03632
1.28736
5.37408
5.5584
4.9464
2.72736
3.48336
2.64096
2.07936
4.64256
5.076
4.37904
3.71808
3.28464
3.8664
3.2976
0.36432
2.17584
1.02384
5.56272
3.76992
5.56128
2.9232
4.248
6.20496
2.62944
6.09408
5.73696
5.3352
4.09104
5.31216
5.9544
4.43664
3.33072
2.90736
5.11056
4.2696
6.21504
3.31776
4.38336
6.27984
6.048
4.88304
0.5328
4.59936
6.29136
4.9536
3.5208
6.7392
6.67152
6.38208
6.13008
3.60288
3.04704
5.68656
3.46176
3.72384
5.80752
2.96208
2.73024
2.32704
5.0328
6.95088
4.54896
4.6512
6.86016
4.1472
6.4728
3.97728
3.456
1.71072
2.03328
4.78656
0.44496
8.928
4.7016
7.59024
7.87104
7.5096
6.4368
6.98688
3.43584
7.95168
2.55312
6.4584
6.97536
9.2664
9.36576
8.50032
9.35136
9.37296
8.19936
9.06336
0.8496
9.70992
3.81744
8.15616
4.70592
1.35072
6.1128
7.1136
7.37424
2.07792
2.87712
8.63568
11.62512
8.784
12.55824
12.51504
12.74832
10.24704
8.496
7.71984
11.59344
11.73168
13.47984
3.47904
11.59632
5.34816
0.53424
7.62624
12.70224
12.57408
13.7448
9.8352
12.45312
9.0504
2.7648
6.13008
16.68672
15.228
12.73248
13.9464
3.61152
10.70208
3.08016
7.056
7.54416
14.34672
9.86544
15.624
16.02576
15.97104
2.59344
1.62576
4.43232
13.80528
14.23152
17.83584
11.38176
16.39872
5.50512
14.84784
0.864
8.7048
12.99456
17.83296
12.32064
19.332
4.6152
14.97168
19.5264
20.21184
18.76608
18.17136
12.92832
2.5488
11.73456
14.67648
7.21872
0.65232
10.87488
3.3624
14.75712
16.33392
20.0952
15.40656
10.2672
4.4568
9.30816
19.93392
21.35664
20.89872
21.39264
20.30256
21.45456
21.05712
21.79008
15.88032
10.36368
20.48976
22.25808
18.38016
10.89792
16.21872
18.97776
17.95536
11.29392
10.41984
12.10896
15.5232
18.93312
21.68064
22.33296
21.69792
21.00528
21.06432
21.87936
20.63664
12.50064
11.016
22.10688
22.30128
16.98768
13.2984
22.95936
21.97008
6.05088
6.88752
19.52496
15.04656
19.47888
8.80704
15.10992
18.1368
21.37536
18.78336
17.46288
20.73744
17.56224
14.7312
17.81136
21.19824
15.81408
15.63408
19.88208
16.056
11.61792
13.27104
7.776
15.76656
13.43088
16.57296
20.124
16.94448
19.7712
19.6704
18.31968
17.98848
14.46048
19.29168
13.20912
14.49936
19.76112
17.9424
18.62208
19.04688
15.81984
17.712
18.77328
17.32608
13.70016
17.55792
7.81776
16.5024
18.91728
14.7744
18.73152
14.20272
16.01856
18.36288
15.64416
15.30144
18.36144
18.42192
16.26624
9.81648
19.08
18.38304
16.28496
14.27616
16.91424
11.7288
10.8648
12.83472
16.5096
17.3664
12.71232
8.25264
7.91568
2.78064
13.0032
7.79328
5.44752
13.89312
9.06048
12.35376
9.91152
14.08752
13.73184
13.54032
13.07808
11.4336
13.92048
6.74928
10.51632
14.98032
15.39792
14.73552
11.93616
4.38624
5.97456
14.12352
14.15232
10.28448
14.95296
14.5944
13.9248
13.07808
10.76832
12.09888
11.71728
11.4912
11.9088
12.00384
7.1568
9.86544
9.66672
10.46304
11.10672
12.2688
8.41824
8.01792
7.57296
8.57232
6.96672
10.17072
9.5544
3.35376
5.58576
6.85152
10.05408
11.37024
10.13616
9.47952
8.54352
4.92768
4.62384
9.47664
8.95536
7.96176
6.6024
4.78944
9.57168
7.59168
4.46256
3.97152
7.7544
8.26848
8.58672
7.5816
6.16176
7.77024
6.69024
8.5752
8.63856
7.98192
5.11344
7.56
7.66224
7.87248
6.61536
7.7112
4.85568
6.87744
6.18768
6.3216
5.84928
7.11936
6.20784
1.31328
6.6312
2.64384
7.12512
5.64192
0.94032
5.73408
2.46528
1.02384
1.044
0.61344
4.25808
6.21648
3.1392
6.18912
3.90096
2.96208
5.43744
6.2064
5.26752
5.8464
5.89968
6.01344
2.95488
4.96512
6.26976
1.57968
5.05728
3.68208
3.58416
6.71184
5.87952
5.59152
5.77872
5.96016
6.05664
5.98896
5.35968
6.18768
6.03072
5.76144
6.30288
6.31152
6.07248
5.8464
6.21072
6.52032
6.12864
5.00832
5.8608
6.1488
5.34528
6.876
6.76944
6.92784
5.82336
6.55632
8.00352
7.53696
7.524
2.00736
7.95456
8.56512
8.08992
8.25552
7.81776
8.28432
7.6608
4.99536
2.68272
1.43712
2.86272
5.68512
9.23472
8.2872
7.20144
8.19072
9.85824
10.36512
10.34784
10.50768
10.80576
10.61856
6.39504
11.43936
6.48576
10.4184
5.3136
9.52272
11.41488
10.35792
8.4528
12.77712
12.57264
7.1208
12.65184
12.06
14.18256
15.02208
14.49936
14.30928
13.52736
4.76496
14.76432
14.18688
13.65696
11.02032
14.38272
12.13056
15.38208
15.63264
14.7528
2.97936
3.3048
7.26912
6.6888
4.77504
13.20336
8.51328
14.42448
8.36496
10.63584
16.812
16.98192
2.51568
4.716
6.6312
8.5104
15.48
16.88544
2.24496
15.28992
20.2032
17.21232
18.2088
14.148
18.51408
4.24656
12.84048
20.06064
12.78576
14.66784
12.30336
13.2984
12.11328
19.82448
7.47216
16.68096
20.76192
20.58336
20.7144
18.91728
20.79216
19.12752
10.73952
12.8376
9.61632
20.50128
21.852
21.64032
20.6496
15.3792
12.56256
15.90048
14.75856
16.75008
13.00608
20.04912
14.84352
2.80368
21.86784
22.5144
20.11536
18.73152
19.21248
12.91104
22.04496
15.6672
23.00256
22.9536
21.7944
22.00608
10.95408
13.36752
20.45232
23.05584
20.67264
17.94816
18.12816
15.5808
22.71888
20.2176
22.52016
22.14144
16.12368
16.7328
10.43136
7.5168
17.23392
17.4096
23.33088
22.49712
21.63168
14.37264
13.21776
20.26368
16.1424
14.71248
22.8024
22.48272
18.42768
13.5648
20.9952
17.1072
16.51392
21.05856
21.53376
10.32912
18.28512
14.2848
13.87152
10.41264
7.44768
21.14064
22.32576
22.11408
18.74592
21.67488
20.14128
21.36672
20.27232
13.21344
21.3624
20.31984
19.11456
16.93152
15.28128
18.64224
10.2384
14.79312
20.16288
19.89216
15.70896
13.32288
13.51296
7.0632
10.77408
18.0432
21.80592
21.01968
20.09376
19.02672
15.3288
16.40736
12.0744
9.11808
20.66976
14.60304
14.05296
13.88304
18.01008
15.21216
8.08704
9.36576
8.5896
13.97088
18.06624
18.99648
17.17344
18.19008
13.8096
3.09456
15.0912
18.13824
18.26928
18.19008
16.82208
16.6896
16.88976
12.87936
12.45168
8.20224
9.88992
6.28848
16.83936
10.81872
14.112
13.28544
8.40096
15.81984
16.28496
14.53968
6.3
16.54272
9.86544
15.97392
15.4584
14.1336
13.3128
12.8016
11.22912
10.5624
12.58704
11.03184
3.1968
13.4352
11.26224
11.67696
11.19024
3.19392
4.56192
12.49632
13.1976
12.46176
12.05856
5.28336
2.58768
2.61648
4.3992
2.088
5.09328
8.74512
9.396
0.67536
9.10656
7.99488
10.99584
10.27584
3.89232
10.4616
6.12144
7.2576
6.81264
4.64544
6.67584
7.86528
4.25376
6.9048
6.85872
7.74576
2.89728
7.88976
8.20224
7.99344
8.0136
1.16352
1.58832
5.04864
4.85856
2.47536
1.39824
4.60944
6.98544
4.24656
5.9184
6.29424
4.70736
6.03936
5.80752
6.6096
6.4512
3.83184
4.61232
5.46624
6.24816
6.2856
6.49296
5.6808
2.07792
4.35312
4.2336
4.9968
4.41792
5.63616
2.41056
5.61744
5.55264
5.57568
3.28896
3.29616
5.2056
5.1768
5.36832
5.08752
5.17248
5.21856
5.28048
5.25888
5.15664
5.04144
4.95936
4.93056
4.28112
4.2264
5.56416
5.31072
4.03632
3.68208
5.14368
5.98032
5.71536
5.57712
1.59264
3.87936
0.80784
2.43504
4.25952
3.70512
5.82336
6.1488
5.18976
4.47552
5.94432
2.67552
5.71104
3.04128
6.70464
6.35616
6.40224
7.16112
7.21152
6.07824
6.38784
4.66848
2.72736
0.75312
0.88128
0.94032
5.7384
7.61904
6.66432
4.68288
6.8616
8.18064
8.32752
8.2872
8.54496
7.81488
7.77888
8.52048
8.47296
5.93424
8.11008
6.6888
5.36688
9.79632
9.14544
7.88688
9.81792
4.56912
9.6624
7.2936
9.2736
10.75968
3.44736
11.38464
10.33344
5.7456
12.21552
11.64096
7.94592
3.02832
9.61488
11.2464
4.91472
9.10512
10.68624
13.12272
13.73472
10.04976
13.40928
11.74176
10.5048
10.16928
1.98288
0.73296
9.79632
9.04176
6.10416
12.58416
14.87952
15.07536
10.55952
11.11968
10.80288
13.66272
13.11408
14.16816
12.54384
10.53936
11.10672
12.75696
11.1744
4.95072
14.97312
13.14864
14.69088
3.22272
18.56736
15.30864
17.16048
-99
-99
-99
11.26368
17.92368
15.4584
8.7048
11.09088
15.34176
10.94832
16.0776
18.9288
17.3952
12.74112
19.78704
19.00224
17.39376
19.0512
16.96752
17.24976
14.30928
18.60624
16.17552
17.82576
11.088
18.0288
5.77584
20.30112
13.72032
7.23456
18.28368
18.66816
18.10224
17.5176
15.408
15.5592
18.23616
19.97856
19.03968
16.9128
21.19392
21.57264
21.52224
21.51504
20.8944
20.78784
10.51488
20.77776
22.85856
23.44896
23.5368
22.81968
21.11184
21.62304
21.54528
17.75232
17.96112
18.88704
20.69712
18.2376
21.77136
22.90608
18.4608
14.55408
20.92032
20.09232
17.7552
7.67664
15.99408
17.48304
20.3256
-99
-99
-99
18.0792
13.91184
18.36576
17.1
16.78032
21.60144
21.132
21.50352
19.93248
15.04944
20.57904
-99
-99
-99
-99
16.89552
8.70768
10.48608
3.82896
-99
-99
19.5984
16.54416
18.50256
4.02336
-99
14.57424
17.0712
18.08496
20.3616
18.35856
-99
-99
19.5048
14.12352
14.28336
9.72
10.95552
18.07632
16.35552
19.94256
20.38032
12.9744
20.19168
13.20336
13.54896
4.35168
14.7744
14.39712
7.11648
16.85664
14.256
16.34256
15.50304
15.64272
18.49968
17.83584
17.4888
8.62272
12.92832
16.4304
18.01872
13.23936
14.03856
9.73296
17.78544
16.41312
5.82048
15.7968
16.28352
16.17264
3.84768
8.67456
11.52864
14.68224
14.94144
13.30272
6.42384
3.7152
3.35808
10.00224
6.39648
14.3712
10.96272
14.30928
13.36608
12.38832
2.10816
2.98944
7.7112
13.05216
14.42304
13.72176
11.46096
8.56512
9.49104
12.71232
11.67696
9.74016
-99
12.16368
11.64816
9.96768
10.188
2.07072
7.6464
6.8328
2.11248
9.92448
10.77264
8.80992
9.82656
7.17552
2.59056
8.6328
3.88224
-99
6.8904
0.88992
8.7336
6.79968
7.11504
7.32816
8.16768
7.66368
8.29584
6.39504
4.41072
8.9136
8.34912
4.33296
8.14752
7.42608
5.90256
6.68016
7.13664
7.29648
6.93072
5.04864
7.25472
6.78672
6.10272
3.44016
1.41984
6.52752
6.55344
5.15664
4.05216
5.7888
5.6952
5.09472
3.97296
2.8368
5.89104
2.68272
4.88448
4.96224
0.46656
0.11232
6.58512
4.0608
6.15168
0.58752
5.34816
1.89504
5.53536
6.49584
6.5304
5.76576
5.68224
6.01344
2.28528
5.8968
5.38704
4.60656
6.30288
4.71024
6.4656
2.88
3.29616
3.09888
5.41296
5.75424
6.15024
6.17328
6.26112
6.20784
5.62464
-99
-99
-99
-99
-99
-99
-99
-99
-99
-99
-99
-99
-99
-99
-99
-99
-99
-99
-99
-99
-99
-99
-99
-99
-99
-99
-99
-99
-99
-99
-99
-99
-99
-99
-99
-99
-99
-99
-99
-99
-99
-99
-99
-99
-99
-99
-99
-99
-99
-99
-99
-99
-99
-99
-99
-99
-99
-99
-99
-99
-99
-99
-99
-99
-99
-99
-99
-99
-99
-99
-99
-99
-99
-99
-99
-99
-99
-99
-99
-99
-99
-99
-99
-99
-99
-99
-99
-99
-99
-99
-99
-99
-99
-99
-99
-99
-99
-99
-99
-99
-99
-99
-99
-99
-99
-99
-99
-99
-99
-99
-99
-99
-99
-99
-99
-99
-99
-99
-99
-99
-99
-99
-99
-99
-99
-99
-99
-99
-99
-99
-99
-99
-99
-99
-99
-99
-99
-99
-99
-99
-99
-99
-99
-99
-99
-99
-99
-99
-99
-99
-99
-99
-99
-99
-99
-99
-99
-99
-99
-99
-99
-99
-99
-99
-99
-99
-99
-99
-99
-99
-99
-99
-99
-99
-99
-99
-99
-99
-99
-99
-99
-99
-99
-99
-99
-99
-99
-99
-99
-99
-99
-99
-99
-99
-99
-99
-99
-99
-99
-99
-99
-99
-99
-99
-99
-99
-99
-99
-99
-99
-99
-99
-99
-99
-99
-99
-99
-99
-99
-99
-99
-99
-99
-99
-99
-99
-99
-99
-99
-99
-99
-99
-99
-99
-99
-99
-99
-99
-99
-99
-99
-99
-99
-99
-99
-99
-99
-99
-99
-99
-99
-99
-99
-99
-99
-99
-99
-99
-99
-99
-99
-99
-99
-99
-99
-99
-99
-99
-99
-99
-99
-99
-99
-99
-99
-99
-99
-99
-99
-99
-99
-99
-99
-99
-99
-99
-99
-99
-99
-99
-99
-99
-99
-99
-99
-99
-99
-99
-99
-99
-99
-99
-99
-99
-99
-99
-99
-99
-99
-99
-99
-99
-99
-99
-99
-99
-99
-99
-99
-99
-99
-99
-99
-99
-99
-99
-99
-99
-99
-99
-99
-99
-99
-99
-99
-99
-99
-99
-99
-99
-99
-99
-99
-99
-99
-99
-99
-99
-99
-99
-99
-99
-99
2.38176
2.1456
0.50832
4.09104
6.55344
6.64272
5.05872
6.78528
6.70176
6.23088
6.71616
7.09776
6.7032
3.09168
2.97936
3.81888
3.73968
5.61312
6.07392
1.40976
4.52304
4.66272
5.3424
6.95088
6.79824
3.59712
5.26032
3.69648
6.60096
7.0776
7.4664
6.89328
7.48512
7.01856
8.14032
7.59168
8.08128
8.51616
9.02304
8.23824
8.90784
7.128
8.0208
4.71744
4.39632
6.03936
5.65632
9.54432
9.8064
9.9288
9.98928
10.38672
10.152
5.2056
5.94
6.64128
4.8888
10.68048
9.90432
5.42304
3.73104
2.01312
1.42704
10.9152
11.76336
11.86704
7.16544
3.94848
8.55072
10.75536
6.3648
10.70928
9.14112
13.15584
9.60336
6.61824
15.44688
15.35616
8.6976
13.76208
10.02672
6.63552
15.02928
10.54656
13.96368
15.25968
10.63728
10.368
10.67472
7.08048
1.77984
18.1872
8.82432
5.88672
13.51872
15.65568
14.27472
9.86976
8.46
16.05888
14.148
16.06608
15.60672
20.38896
15.13152
19.01952
20.30832
19.44
12.0024
4.03776
16.272
11.39328
16.33392
3.79152
18.3024
19.52496
15.75216
20.36736
16.52544
5.61744
10.15344
19.8216
13.95504
13.9104
17.08272
21.40128
18.8712
18.9792
22.608
20.58624
9.04032
22.17888
9.48528
23.4072
22.0176
23.09616
19.11168
13.79808
7.70832
21.8448
18.08784
3.52512
3.75408
9.5328
4.7952
19.88064
15.76944
15.15168
10.79424
8.54496
9.06624
21.83472
21.39264
20.02896
12.02112
17.69328
15.05088
2.08656
17.30016
5.55552
14.01696
20.49408
18.9216
10.53648
4.6512
14.5368
14.34096
3.5784
-99
-99
-99
24.7896
23.36976
13.38048
17.18784
23.74416
9.29232
6.01632
10.33632
18.504
11.95056
24.14448
25.416
24.14304
24.52464
26.12592
24.23952
15.93504
23.6088
22.2048
23.08896
25.31088
24.7104
17.1432
20.8008
20.49408
6.75216
25.2144
22.7808
18.69984
11.83824
20.33568
23.72688
23.35392
17.86032
13.36464
13.2408
22.06512
25.55568
18.99648
17.27712
18.37584
24.26688
21.61152
6.96816
24.93648
24.07824
21.54384
21.49776
14.88528
19.09728
22.81248
21.87792
23.48208
23.16096
18.45072
21.97872
22.35456
21.3696
21.4488
21.88224
16.77456
19.64592
21.6648
19.16208
13.79808
20.13696
14.6808
10.95984
19.9368
12.92256
17.82
21.09024
19.26288
13.20048
20.19024
3.66624
1.71648
19.30464
11.61504
12.0096
19.00368
18.43776
19.21968
19.1448
12.82176
12.90528
17.30592
15.83856
13.62528
15.9192
8.15184
16.20864
18.2664
9.9792
13.1688
11.96784
7.78608
14.41728
11.46096
17.99712
15.21216
12.91824
9.85392
12.97008
15.21072
12.68496
5.90976
3.50208
4.9104
14.4792
6.84576
15.2208
14.6232
15.27552
12.22272
11.6424
11.24208
9.8784
14.42304
14.48208
14.12208
13.0896
3.13056
7.30944
13.14288
11.79648
5.36976
6.3864
11.43792
11.20896
8.9856
6.90768
2.65392
9.73584
10.3536
10.9224
4.3056
8.97264
2.0304
10.96272
11.27232
10.34352
1.23552
2.06928
9.93456
5.72256
6.20928
0.83952
10.45152
2.27088
3.52656
4.97952
7.80624
6.25392
8.61264
8.41824
6.5808
1.49472
7.63632
9.0936
8.8128
8.7768
8.4888
3.93552
8.27856
7.4304
7.40448
5.05296
5.31216
3.80016
7.94448
7.99056
4.7376
5.98032
3.27312
5.69664
6.30144
6.19056
5.6808
4.14432
6.23664
3.7368
4.29264
3.56688
1.4112
4.59072
7.19568
6.9552
6.38784
1.98
1.54224
1.29312
5.43024
4.9104
5.8392
6.01488
7.0272
7.02432
6.62544
6.47136
5.61456
0.91584
0.36864
0.86544
1.22832
6.2208
5.63328
5.19552
2.88288
3.07296
7.1136
6.59808
0.84528
6.43248
6.6312
1.61856
2.16
7.41456
7.66368
7.68528
6.41664
6.32448
6.32736
6.984
7.416
6.25536
4.14864
8.25408
5.76864
5.11632
3.6648
8.0496
5.26752
8.80992
8.66016
8.53056
4.58928
0.97344
3.84624
5.508
2.75904
10.15776
6.96384
6.9768
7.7184
9.47952
9.42912
3.05568
3.34368
10.73232
8.93232
10.53936
8.172
10.512
11.54304
12.2328
11.02032
11.95488
12.2256
10.26576
12.21696
12.96576
13.212
12.90528
13.03344
8.63568
2.27232
5.18976
3.26016
2.77632
12.1032
15.9984
15.22944
15.60816
5.59296
13.49712
7.89552
15.17328
15.72048
15.04224
15.40224
16.29072
16.51104
15.97968
16.78752
17.42976
17.02656
17.5248
17.67744
15.48288
17.01504
17.52336
16.06752
2.39904
8.08848
11.8296
2.31408
12.93264
3.27456
10.188
18.80352
14.48064
18.84672
3.60288
8.47584
16.87104
4.2336
7.0416
3.36672
9.2448
20.02464
16.66656
13.96944
10.90944
18.52992
15.47856
9.36144
17.65872
22.04928
22.76352
19.90224
11.41056
5.8608
17.00928
4.63248
16.75008
15.1344
22.68288
23.88096
21.10608
17.06688
23.29632
23.43888
21.40416
16.67808
17.16048
18.7344
16.77024
18.03456
9.55296
6.8904
21.58272
24.4152
20.19456
23.1696
24.73056
22.37616
15.54192
19.10736
19.44
19.91232
18.05904
17.13888
26.25264
23.49504
25.21872
23.2272
15.2712
21.68352
25.3656
24.82992
19.94256
8.36928
16.31808
18.93888
17.24976
20.60928
25.42752
19.4328
24.99984
23.78448
16.92576
18.31392
18.43488
24.36336
23.80752
12.32064
14.33088
25.80192
25.06032
26.37072
20.5272
16.8264
15.1416
21.49488
22.92192
20.16
16.70976
14.94144
16.04016
23.82624
16.85664
16.8984
8.26992
9.75744
12.91392
7.7544
12.26304
21.50064
23.26176
24.41088
20.55024
24.2208
21.79728
13.05648
23.69952
24.04224
22.35744
23.67504
21.49056
24.3
24.15024
24.06096
23.41872
21.744
22.44384
22.76352
20.75616
21.636
22.80384
15.5736
8.6544
22.46544
22.36608
21.95568
10.2384
18.35424
11.02464
17.67312
21.38832
20.37744
21.95568
22.01472
20.26512
21.58992
18.80064
19.8936
21.13344
20.84832
19.97856
18.84816
20.13696
19.43136
7.13088
17.64864
19.5912
19.19232
14.6304
19.87488
18.97632
16.9128
11.412
8.82432
8.5752
19.0152
19.57392
18.95184
16.63632
17.23104
16.55712
17.72064
12.69216
11.79072
7.40736
5.23584
17.1864
12.93552
14.28912
14.87808
10.58976
10.78416
11.7432
15.38928
16.05024
14.98464
13.49424
11.62656
11.62224
14.98176
11.6784
11.32416
13.90176
12.96432
12.83904
13.18464
14.06448
13.3776
11.22624
5.37696
8.93088
13.32
12.02688
14.19408
13.15584
13.47984
13.3128
13.38192
13.3272
11.97936
4.08096
2.93328
2.29968
11.80656
10.85904
6.34464
9.56736
10.97712
10.40256
10.71936
10.21968
7.91856
7.94592
2.94624
9.39456
1.32336
8.45424
9.38016
5.60304
6.60384
6.06528
6.23376
6.61824
5.83632
4.05072
7.51968
9.32832
7.8048
6.08544
6.89904
2.92032
6.16752
6.84432
5.14368
7.4016
7.11072
8.14608
7.31088
5.8248
7.11216
4.45824
6.1272
7.69248
7.09344
4.41504
2.68704
5.52096
2.84832
3.85632
5.69952
6.45696
6.42672
7.15536
6.9408
7.01424
2.47968
2.95488
3.56832
2.21328
6.43968
7.18848
7.11216
0.8496
3.72672
2.29104
1.81296
5.17248
2.448
6.85728
4.15728
3.83328
6.27264
6.43392
6.2856
5.33232
2.77056
2.20176
1.8504
3.46032
0.93744
2.68848
5.62176
6.3288
6.20928
4.65696
7.1136
3.41424
7.92864
4.36176
2.07936
4.70016
1.11888
3.95856
8.30592
8.15184
5.03568
3.79584
2.98224
8.94528
7.20432
7.70976
7.56432
8.97984
4.87872
9.45072
9.05904
10.12896
2.4912
7.14816
8.99856
10.73232
3.68784
2.50704
10.89936
11.38464
10.78848
9.252
7.94448
2.95056
1.45296
9.65952
7.69824
3.30192
12.51792
5.78304
8.87328
9.24048
12.42864
6.65712
9.5832
6.22944
6.30144
12.10896
11.60784
1.14048
9.24192
12.94704
15.31296
8.3232
1.05696
14.86368
13.11408
14.15376
6.35616
15.17184
16.19136
16.5096
16.5888
16.7328
12.97584
14.67792
13.33008
8.01072
6.91776
15.24384
9.25056
7.38
18.83952
16.7256
15.9408
16.28064
13.248
14.58432
8.85888
16.93296
17.25984
10.5048
18.70128
14.04144
3.90816
6.98832
19.79568
20.2536
18.49968
4.39776
15.0552
10.0368
12.02976
14.2992
19.3248
21.00672
15.65856
18.97056
17.48736
10.04544
8.97984
17.6976
18.37152
17.0064
22.10544
22.7016
21.18528
18.89712
6.99984
5.1912
3.14208
4.02768
14.81904
7.62624
8.26272
19.5768
19.08576
21.27456
19.06416
7.45632
4.74624
12.63888
21.12768
24.28992
23.5584
23.58576
23.93712
24.97824
24.45552
22.92048
25.09344
25.36992
24.55344
24.08976
16.11216
8.1648
20.74752
16.23744
6.88032
11.22192
17.25552
25.05744
24.4584
24.6888
8.88192
23.19984
21.62016
6.14736
15.49872
7.97616
20.6064
15.50736
14.10624
16.46496
22.0032
14.4648
15.40368
15.44112
27.53712
26.496
25.848
24.50304
24.90624
24.6888
21.50208
18.63936
14.53536
18.97776
22.25808
19.72944
24.32304
24.02496
14.7672
22.91616
23.7168
24.21792
23.07888
18.65232
19.53072
21.06
23.21136
23.54256
23.84352
23.32368
22.62096
20.8152
22.72896
22.32288
17.41968
22.49568
13.27392
7.64496
22.48848
22.3344
21.2904
21.27024
22.04352
15.92208
10.86336
15.82848
21.71088
12.11904
20.79936
18.07344
14.92128
21.24
22.82832
19.57104
13.35744
17.06544
17.928
10.97136
17.59824
8.316
12.91104
20.52144
20.50128
17.76384
11.38176
18.38304
20.82816
20.84832
18.88848
16.956
20.23632
20.04912
16.57296
18.35136
17.84448
14.23008
20.49264
16.48368
7.80768
17.30592
14.20416
18.0504
14.70528
13.76496
10.44
16.992
18.44064
17.44848
16.92432
16.78032
17.96688
15.96672
11.58768
6.26832
4.536
15.96816
9.99936
2.85552
14.8032
7.95888
6.97536
15.93216
15.93504
12.55824
11.17728
14.42592
12.5064
9.53712
8.92944
13.82688
13.28832
11.99088
14.4216
11.75616
5.45904
5.27616
2.95056
1.57824
1.78704
5.69952
7.05168
12.2112
7.8624
13.36752
13.27248
13.12848
11.88576
11.14704
10.46448
9.09792
7.68528
11.85552
12.44448
11.04048
9.9
9.1584
6.74352
9.34272
6.7032
9.99936
9.57888
10.09008
8.12592
9.39744
2.38608
5.29776
9.91008
9.45072
9.3384
9.09072
7.46208
9.36576
2.50992
9.24624
4.34448
7.92864
4.59792
2.78784
7.78176
7.96176
7.43184
7.32384
8.00784
8.0136
6.35904
4.572
1.55232
1.63008
6.02352
4.90032
6.02352
7.66224
3.59712
5.00976
6.30144
6.5304
2.22768
7.35984
7.41456
6.72768
7.14096
6.14304
7.58304
7.524
3.86496
4.69584
5.87088
6.53472
1.66896
2.25072
4.10256
4.26672
7.40592
7.84512
6.00768
6.5376
3.3192
1.41264
3.13488
2.49696
6.95088
6.7248
4.92336
3.75696
2.4336
6.98832
7.92288
3.20544
7.7832
6.83424
5.16096
7.19568
7.8768
7.92576
7.94736
2.45808
7.60752
5.292
8.92224
8.8416
8.73936
7.97904
8.63856
8.95104
7.67232
2.28096
2.61072
5.88096
8.1216
4.43088
9.80496
10.5552
8.60832
10.3392
10.4112
10.97424
8.09568
7.39584
3.84192
8.45856
8.22096
9.75456
10.74384
1.53792
3.94848
11.32272
2.58912
12.13776
9.84816
8.28288
9.94464
7.26192
12.30912
10.51488
13.08816
11.016
14.328
13.80096
14.30352
7.69824
5.13072
5.08896
13.9824
14.50656
14.46048
2.16576
11.83968
14.7168
13.68288
0.74304
15.17184
1.46304
1.1376
6.11712
8.8704
17.19504
15.79968
17.2008
10.18512
11.3904
17.80848
17.50464
13.07088
14.12064
13.39776
12.57984
4.78512
14.22576
13.65984
18.44784
17.27856
15.34608
13.09536
19.04112
19.73088
19.59408
19.66608
19.72224
17.11728
20.02896
19.65456
18.10512
16.23312
17.50176
18.80064
18.83952
21.38256
15.24816
16.63344
18.33408
4.54896
15.07968
16.82928
11.97504
16.61472
18.67392
6.32016
15.6456
15.39504
19.43424
9.36864
15.8976
21.10608
20.88576
21.62304
6.3576
20.63952
23.35248
23.30928
22.24944
14.4432
17.6328
12.71808
22.91616
24.52464
23.72112
24.64992
25.18992
24.82128
24.3216
22.82976
24.91776
24.70752
24.33024
22.23216
10.0152
17.75952
24.13872
16.41312
10.044
18.83808
12.23136
12.71376
12.37536
18.0576
14.67504
16.0848
5.8824
15.87168
9.396
11.8944
18.11664
11.9592
18.36144
20.2392
22.41216
15.64416
14.71248
23.19552
24.64704
23.33232
24.1128
15.01344
17.98272
25.56576
25.16832
25.83216
24.71184
23.2056
22.0032
22.90176
23.0256
17.4168
15.80256
24.55056
22.54464
22.73328
22.14432
24.7032
23.77008
24.00048
10.4616
15.36912
10.91664
18.01728
20.99376
6.9624
15.20064
11.90016
20.61648
10.78848
11.87568
18.144
14.07168
13.81104
6.61392
13.20912
14.90976
13.10976
9.45792
18.99216
21.09744
20.5776
16.69536
20.62656
17.68176
20.24064
12.21264
6.26256
23.0184
22.97376
22.12848
22.04784
20.31552
16.57008
17.91216
20.62656
21.00384
20.304
20.49264
20.43792
21.19104
20.21184
20.32416
14.96448
13.71888
14.09904
18.21456
19.1376
16.18128
17.0568
13.51008
16.2792
15.13872
11.86704
10.29456
8.60544
18.42768
17.75088
18.28512
17.9784
17.56512
14.13216
17.47296
16.90992
15.68736
16.75296
15.02928
15.21792
3.37104
14.21712
17.44128
16.1424
16.03728
15.74064
6.29712
16.02288
15.79248
15.08112
15.72192
14.58432
14.34672
15.05664
15.77232
15.08256
15.11424
14.59008
14.0184
8.43984
13.70592
14.43024
14.1408
14.1912
14.16096
13.6728
13.71456
11.00736
11.38464
10.76688
11.17584
10.22688
13.34304
12.53232
7.38576
6.40656
6.64128
12.15504
11.42928
1.1808
2.08944
1.91664
10.3608
6.336
8.19936
7.64208
2.43936
2.0016
2.40768
2.15856
6.25536
8.90496
9.60336
7.85664
7.07472
6.1704
0.99936
2.06496
1.03392
0.8064
7.10064
5.7096
5.23584
4.04784
1.89648
0.77472
8.37936
8.14752
8.06544
8.09136
7.67376
4.86144
7.47072
7.52976
7.5456
4.752
5.9472
7.24752
6.99408
4.56048
7.1064
6.41376
5.16384
6.0192
5.2344
7.2
5.31072
5.01264
5.86224
3.4632
4.9752
7.40016
3.42864
4.41072
4.98672
6.36624
7.05168
6.95664
6.81696
7.04016
5.24304
7.12656
6.90192
7.06176
4.0608
7.12944
3.456
5.49072
6.41088
3.49776
6.69168
7.95888
7.64496
7.27488
7.64496
7.59312
7.28352
8.0352
7.84656
7.79616
2.14272
7.47792
6.89616
7.73136
8.11728
7.90992
8.28
8.44704
8.49312
8.52192
7.76448
5.58
4.86288
1.78848
9.504
5.47056
2.03616
6.33168
8.06688
10.6776
6.53184
11.34288
11.17584
5.45472
10.54656
11.63808
11.26368
10.44144
9.6984
8.09856
11.60928
12.00672
10.9224
11.4912
9.2664
13.00752
12.19248
12.98448
13.20624
12.46176
10.70928
13.51008
11.50272
13.20192
13.4712
13.31424
14.12352
4.22496
10.1304
12.1032
9.34272
14.83056
15.75936
16.06896
15.3504
15.65856
15.61536
15.76512
15.85584
14.52528
15.47712
15.62976
10.3536
14.68224
11.66832
1.08864
2.69136
15.40944
17.36208
17.7984
16.17696
17.42544
17.964
17.86752
18.76176
18.44784
18.63936
17.99424
6.04944
5.35824
11.8008
17.60688
16.75008
18.5544
13.26672
13.1256
14.99616
9.0864
11.28672
12.46176
13.3416
4.84128
21.89376
7.4232
12.28752
16.26336
18.828
7.64064
20.32416
15.69312
16.37856
22.61376
11.53008
6.62544
22.02912
17.75952
22.69728
23.13936
23.21424
15.38496
23.03712
10.40256
21.54384
15.26256
13.38912
22.87296
23.75136
16.93008
6.02496
23.12496
14.0112
21.00672
16.39152
14.49936
11.79936
6.90192
11.96208
5.94144
23.14656
23.84496
20.7288
15.2568
17.57952
10.08432
19.81872
14.76576
22.15728
24.46992
20.052
9.10944
13.392
23.616
16.07472
22.80384
16.34256
19.2888
16.51824
15.6888
17.78256
14.74128
25.17408
18.45216
25.848
24.95664
12.51504
11.76048
24.75648
22.87008
24.88752
24.38496
23.00688
23.66784
22.6944
19.48896
23.868
22.64688
22.83408
5.80752
18.7272
23.076
22.11552
17.74656
16.8408
25.4808
12.47184
23.97456
22.22496
20.5704
23.14512
19.31184
13.90464
18.37872
24.3072
25.12512
24.88752
23.14368
19.84032
11.04336
22.47408
23.0976
23.59584
22.96512
21.73536
17.22528
21.04272
19.3896
21.47904
18.0432
21.11904
23.02128
22.38768
22.88304
21.44448
19.48608
21.86208
22.39488
21.66192
21.92112
20.70864
14.85072
19.81584
21.39264
21.6
21.55392
20.81376
19.91088
17.94384
13.82256
19.692
19.12752
19.10592
19.2816
14.38272
20.7288
19.47456
8.46288
11.07648
2.4552
19.51344
21.26448
17.21808
11.26368
16.20144
11.44512
17.32032
17.74512
15.27984
13.8888
15.69168
16.44048
8.39952
17.54496
18.4752
17.69184
17.05536
12.45312
4.5072
5.6448
16.51968
11.61216
6.99552
14.59872
13.56912
14.65056
8.47872
10.6416
5.65776
0.85248
6.7608
14.21568
14.70816
14.71536
12.4344
12.888
12.92544
11.18736
12.07152
6.89616
10.30608
7.43184
3.02976
6.95232
8.69184
13.08816
12.0744
11.19168
1.476
3.97584
1.97136
7.78608
6.42096
9.16416
10.944
3.57408
5.33232
3.92976
11.91024
11.34432
6.96672
2.84256
10.7424
10.2744
4.29408
6.58368
9.33552
6.05376
9.64944
9.11376
4.87728
5.25888
6.3504
8.36064
3.67344
1.152
7.23024
1.98
2.50992
1.32048
6.408
7.76592
5.18544
4.21776
7.46064
7.55568
5.26752
2.3112
2.47968
1.30464
5.84064
7.55568
6.34752
7.164
5.51808
5.6736
6.83424
6.84288
6.89472
6.96384
6.9192
6.67152
6.59232
6.19632
4.34592
1.03104
4.66272
6.3792
6.58512
5.7456
2.90016
3.89808
5.33376
4.36608
6.55776
4.89888
4.17168
5.92416
5.9544
5.75712
6.85584
6.23088
6.05952
1.95984
6.84432
7.01568
4.27536
7.13952
7.1136
6.21216
6.95952
2.06208
6.87744
7.24608
6.732
2.90448
5.43312
5.39568
5.6304
7.88832
4.45824
3.22848
5.46192
4.392
7.15536
2.15136
6.20208
9.26496
5.87664
4.62816
9.17712
8.29296
8.42112
9.02304
8.48448
6.68592
10.73808
8.6976
9.69984
7.41024
9.972
4.10688
7.86528
7.72992
6.44544
10.34208
11.196
8.8704
9.81648
6.83712
5.5368
2.83392
6.55344
12.13776
8.75664
1.87056
10.56672
6.83568
10.94112
11.94336
6.4008
3.59136
3.96864
12.82896
10.77696
6.89184
0.60192
2.58336
9.48528
12.91104
14.1624
12.86928
12.3048
9.01584
4.9248
16.8192
16.68816
9.88848
7.61184
9.76896
12.39696
12.71376
16.81776
16.42032
9.38304
7.84512
14.65776
9.5256
2.58624
8.81712
11.16576
8.87472
14.16096
2.23632
13.34448
16.71984
4.41936
3.11904
11.232
18.52272
8.10288
16.15824
17.72928
15.60672
18.86832
20.47392
21.53808
18.19008
14.93712
20.81952
20.88576
6.52032
21.168
16.75296
21.06864
22.15584
22.52016
2.61792
9.3744
4.76928
3.20688
1.66752
17.64576
23.31504
18.43776
18.9144
15.98832
18.13104
23.05728
18.9936
17.64144
14.6088
5.93424
16.54128
14.07744
21.96864
12.03696
3.1104
6.76512
21.14352
24.01776
9.05328
9.90864
18.78192
21.90096
17.27424
11.76336
8.54064
19.37664
16.3368
11.1528
15.1272
19.84176
13.9896
24.73632
22.32576
22.78944
16.41744
20.8296
24.9336
22.83696
13.068
14.87376
21.40416
22.1256
24.68016
24.90768
24.444
24.76224
24.11136
20.58912
7.77888
23.5368
14.83632
13.36176
19.06416
10.47888
23.45184
24.02208
25.79472
22.40784
17.1648
20.54736
22.6872
23.3424
23.03856
14.5512
25.3512
25.68672
24.90048
22.86288
23.25168
22.00464
15.86592
14.85936
23.33664
15.93936
17.01792
23.6304
21.63168
16.5528
14.95584
14.97024
15.76656
20.95488
20.8872
19.43136
23.45904
23.19264
23.40576
21.14928
19.11312
17.98848
23.51952
23.63472
23.8752
22.07664
16.40448
22.19184
22.6728
21.12048
13.25808
18.16416
23.03568
22.73328
22.73328
21.28608
15.24528
21.66336
21.42144
14.0904
16.56
20.9664
13.95072
22.2552
21.4488
20.41056
16.01712
9.81072
17.73648
7.18848
10.404
12.64752
14.8536
19.36512
19.6848
19.72656
16.9992
19.77984
19.4328
19.06704
16.83216
6.21504
11.26944
11.25216
8.9424
11.90016
11.89296
15.54912
16.38576
2.93616
15.23808
12.4416
16.33248
16.53408
15.35328
17.0352
16.68384
16.40736
15.92064
12.77712
13.62672
14.03424
7.37712
9.21456
13.57632
14.91408
12.76416
4.92048
0.76032
11.9448
12.6864
13.46976
11.7432
5.46192
4.06944
2.76192
13.97952
13.08528
12.86496
8.7912
12.52656
10.34784
3.66192
7.67952
9.07776
11.46672
10.45584
10.40976
11.09376
8.21952
6.30144
11.02752
11.12544
1.89504
7.7976
8.23968
8.71488
8.58096
4.85568
3.01536
9.04752
9.86976
9.2304
8.95968
7.7112
5.0904
10.68192
9.71856
4.55616
7.84224
7.38432
3.44736
2.79504
0.99072
6.29856
8.73936
5.76864
7.15392
4.66272
4.41648
7.70688
7.7688
6.25392
7.28784
7.1424
2.03472
6.99552
2.02176
6.85152
7.17264
6.90912
6.71616
6.90192
6.84576
6.71904
4.04064
6.46416
6.40512
6.09264
6.29568
6.52464
5.33952
2.91744
6.11136
1.62144
4.36464
5.77008
6.51456
5.50944
1.92672
2.53296
6.49728
5.43312
2.44224
5.36256
6.2568
4.82544
5.87232
4.71024
3.92976
4.248
6.18624
5.43744
5.75568
5.91264
3.04992
3.86928
2.88576
3.99312
2.30832
6.40656
4.86864
2.39616
7.6608
2.89728
3.28464
6.52608
8.23824
3.22416
8.0352
6.66864
3.67776
5.89968
2.86128
5.9112
7.11792
4.76496
7.70832
3.19104
9.27504
8.2368
9.5688
5.50512
8.1936
4.90608
6.58512
5.90112
6.51456
7.92864
10.72656
10.40688
7.89984
-99
-99
11.22192
3.33648
9.4536
10.7712
3.44736
11.70288
12.24432
11.7144
10.25136
8.568
7.5384
6.78672
11.94912
12.84192
8.5896
14.37984
13.59792
14.61024
14.1984
14.35968
14.8248
14.18112
10.51488
13.39488
14.31504
13.5504
15.02496
15.1128
15.86448
14.98896
14.13648
6.96384
11.16
6.948
15.26976
13.104
10.00224
9.88272
10.82304
15.75504
9.65664
1.93536
10.69344
15.14736
7.26624
2.16576
13.13424
18.9576
18.4824
18.5688
10.27152
18.89136
17.34768
7.91712
15.984
18.77328
18.37728
19.8792
20.61648
19.78848
15.71328
7.53552
3.62592
7.43184
7.91568
20.5056
19.49328
15.67728
18.76464
18.99936
12.95856
14.6304
10.548
14.75856
19.31472
22.464
22.72896
22.47408
16.94736
14.67216
18.96336
21.51072
15.71904
5.72688
11.60064
13.30272
19.82016
24.64992
23.67648
21.12912
17.86176
22.24944
7.63488
3.49056
13.4136
18.72
17.08272
12.13488
6.31152
15.79968
12.72672
9.93456
11.06352
19.49328
24.54048
13.10544
20.89584
17.0856
23.53968
17.55792
17.97408
23.0616
20.2968
23.59152
21.3696
18.7704
15.87888
0.90864
19.2528
19.01232
12.52368
15.13872
23.77728
23.68368
23.24592
16.06464
16.6032
15.48144
11.81232
10.86048
23.2704
24.04944
9.03168
19.11744
15.52176
13.068
14.71104
17.61552
20.1888
20.99088
4.9392
14.98896
8.31024
22.33296
17.38368
16.38432
14.05152
14.10912
15.42528
23.15376
22.53312
20.72592
17.24544
10.34064
21.14928
23.23296
22.79808
20.63952
9.02736
19.296
18.59472
7.31088
18.14832
22.16592
21.8304
13.56624
10.34928
18.69408
17.496
13.84128
19.82736
14.59872
18.432
16.2864
19.2816
16.00272
14.72832
7.67376
19.23264
12.57264
12.92544
20.46528
18.70704
15.20928
7.81776
11.63808
3.77856
10.57536
13.49856
16.04592
17.9568
13.58928
18.13968
10.908
10.4832
15.4584
18.9144
18.52128
17.8632
5.50656
11.0592
15.27984
16.54416
14.94
12.55536
15.67152
15.37056
12.15792
14.80464
9.46944
13.79088
14.17392
13.8672
13.66704
14.9904
14.6016
8.4096
6.00048
10.64016
5.36256
14.6592
14.95584
15.27696
2.33712
11.27664
4.15584
12.03264
13.5504
13.8384
11.72592
8.1
11.88144
11.2032
13.7088
12.73248
11.97216
12.83184
11.4768
12.9456
5.48784
9.53856
11.4768
11.7144
12.0312
10.21824
9.34848
6.41376
11.00304
11.21328
11.41344
10.04256
10.44432
3.80736
5.21856
7.68672
6.80112
9.42336
6.27408
9.28944
5.09472
2.65392
7.84224
9.57024
9.44208
8.57808
5.70816
4.644
4.74912
8.13744
8.2008
3.62592
7.65792
7.7904
6.38208
8.00352
7.85664
7.00992
6.29856
3.47616
3.1968
2.61648
2.59344
2.88576
5.4
4.89888
0.6984
0.67104
2.47248
6.47136
5.6592
1.28448
2.00736
5.92416
6.76944
4.23936
6.97248
5.27184
6.52896
5.16528
4.04928
3.15072
0.73152
3.98448
1.95696
4.41648
6.02928
6.18192
6.54192
6.59376
6.39936
6.38064
6.18624
5.6736
1.42704
6.8904
7.0992
7.07904
7.03728
6.56352
6.63552
6.6456
6.26688
6.96096
6.58368
6.65856
6.77376
6.9336
7.04448
7.05888
7.53408
5.85504
7.00704
7.22448
2.8296
7.27344
6.16032
1.50336
5.99616
5.39424
8.12448
8.1288
8.09136
7.78608
2.20032
4.97664
7.79616
6.93072
6.39936
5.26752
8.46
7.84224
1.82016
2.30976
8.87184
7.92576
3.50928
10.1304
10.53648
10.52496
9.18864
8.98416
8.82144
7.35696
5.36112
7.63488
3.45168
11.32416
11.32848
11.31264
2.97504
13.10832
7.11216
13.1184
7.07904
3.69936
10.28448
12.53088
7.1136
9.48528
5.07312
2.20464
15.0048
14.41872
13.17456
9.5832
13.68432
12.87072
12.73392
14.38704
10.29024
5.48064
5.13072
5.20416
7.68384
8.1432
10.71216
5.34672
0.92016
8.01792
5.48064
2.95632
7.17408
16.42752
16.85088
15.9552
8.5968
13.01472
17.0856
15.13008
17.42256
15.99408
14.78736
17.12736
17.99424
14.904
19.89792
20.07072
19.08864
15.57072
19.46592
19.63584
20.29248
17.78544
9.66528
13.05936
16.18416
8.79696
15.2496
20.85408
10.13616
13.3488
19.0656
14.56992
10.9224
5.18544
19.18512
12.64608
19.82016
13.52592
17.16336
15.7032
18.89568
11.59632
19.87488
19.87344
19.4544
21.67056
20.81376
20.8008
16.86096
14.41872
16.59744
16.66944
22.02768
23.43024
23.06016
4.45536
12.31632
24.57648
24.57792
21.72384
16.1856
20.17008
23.8968
24.32736
22.27104
22.644
20.06928
19.3896
17.97408
22.86864
22.56624
23.7384
24.51024
24.33024
23.04288
14.3136
10.45584
18.60192
20.61792
9.53856
20.06928
16.00848
13.4064
17.25264
23.36256
24.63696
21.75264
24.38496
22.88304
23.26752
12.15936
23.06304
23.8752
23.69232
22.87296
23.62464
23.54544
22.51872
22.99104
19.93248
16.8552
21.96
22.0896
22.77216
21.89232
20.35152
23.84064
23.3136
22.72608
22.3056
21.21264
21.168
20.50848
21.53952
20.20608
21.3912
18.99648
17.86896
20.43648
17.8056
20.59056
13.33296
11.4624
20.02176
8.39232
15.03504
10.27296
14.61024
19.16928
18.75024
21.94992
20.99088
18.54576
19.75248
20.47104
18.61344
8.55216
13.66992
20.61936
21.024
18.57888
12.42432
12.528
10.51344
18.28512
15.87312
10.36512
15.94224
19.83312
18.05904
11.84256
15.56784
16.04448
19.57536
19.51488
18.81648
16.39584
18.7992
18.86544
16.18272
13.8816
11.36304
10.66752
4.48848
11.9952
17.86464
17.60544
17.23536
17.48592
4.93488
13.27824
14.54544
11.484
11.88
10.26288
16.4664
16.00992
12.57552
12.18528
16.2504
15.77808
9.7416
13.59936
15.552
15.15744
13.8384
14.20848
14.18544
5.19552
1.1736
11.05344
11.4984
10.22688
4.51872
9.62496
12.34944
9.87552
12.09744
13.68576
12.99312
12.01824
5.85792
4.39056
8.07984
10.11168
10.64592
8.92224
10.2672
4.74192
6.03936
4.4712
10.55088
11.20464
3.65184
8.08992
2.13408
7.59024
11.43504
8.33472
10.35648
10.28592
5.60448
1.3248
8.72064
9.576
9.19584
9.28224
9.01296
2.98368
7.236
8.84016
8.78832
8.5392
7.57584
8.55648
8.43696
8.23104
8.29728
6.95376
7.71696
6.56496
4.4928
7.86528
8.13744
8.1
4.356
3.8664
7.82928
6.66864
7.13952
7.26624
7.12656
3.80304
3.40416
5.8608
3.69936
6.10128
3.43152
4.80528
6.08976
4.46976
6.552
5.53824
3.55968
4.30992
5.21856
5.74416
5.08608
3.91392
2.45088
1.64304
5.84784
6.23664
6.01056
6.95088
5.56272
6.15312
6.08976
5.50368
5.42304
4.44672
5.85072
3.168
2.38032
3.17664
1.44144
1.01664
6.59808
4.3344
7.16688
3.9312
6.40656
5.9256
7.30368
7.21584
2.65824
4.46688
7.87248
6.79824
4.78368
8.65296
8.34336
8.3736
6.39792
7.96464
3.4848
6.87888
5.12064
8.676
8.63568
3.3768
8.68752
2.40912
10.3176
9.69552
5.07024
9.55152
9.65232
6.42096
3.70512
9.99792
5.35104
6.4368
0.79776
7.86528
10.14912
7.03584
11.67984
9.85536
11.41344
4.84848
11.4408
11.67696
10.78704
9.17712
9.5472
9.52416
8.29296
3.59136
6.48
9.23904
9.41616
13.30272
11.5776
13.70304
13.58064
9.96192
11.97648
9.81936
15.21072
5.51232
13.99104
14.8464
14.78736
14.47776
9.10656
8.244
4.17744
3.75984
10.34064
7.58736
7.41168
13.37616
11.54304
3.2616
14.73552
6.444
16.59312
8.86896
8.77104
13.79232
17.83872
13.33152
12.07728
9.81936
17.01792
14.39568
3.10752
14.95728
12.70656
14.42448
19.65312
16.65792
18.88992
17.61984
15.87744
19.35648
20.04048
19.404
17.68464
14.28048
19.2096
18.14976
8.94816
11.80944
12.14208
16.15968
20.94192
7.92144
4.13856
7.41168
17.03376
3.20832
15.16896
22.7736
21.32352
22.71744
21.56544
11.4768
12.54384
3.42432
1.10016
10.84032
12.312
16.17264
11.65968
13.83264
20.6784
12.46032
10.1952
16.09056
6.02496
23.0832
23.42016
14.81472
21.28464
22.22352
21.4416
21.34944
21.88224
9.0432
11.81664
14.25456
14.34816
14.40576
14.60016
20.25792
13.32144
19.99728
19.26864
20.16576
19.82592
18.03168
17.84448
9.90432
14.38272
11.18736
13.15008
18.19296
9.7488
21.8808
5.92704
21.08016
24.22656
22.98528
24.1344
24.69744
24.05088
21.36096
16.02288
15.14304
22.58496
17.532
16.4448
22.74624
20.17152
21.95568
22.968
19.68048
19.9656
21.99456
15.56352
23.4072
22.54464
21.08304
12.59568
12.82032
14.9328
24.71184
23.98896
23.50224
24.25392
23.5728
16.96608
20.01456
9.40896
12.58272
21.85776
21.6648
20.85264
18.40896
19.62144
21.06144
20.40192
15.69744
19.32912
21.26736
21.2112
18.9576
19.5192
21.74976
22.35744
21.8232
13.65408
20.09808
20.5488
20.94768
21.21264
20.95344
20.72304
15.75504
13.93488
14.868
18.37584
12.1392
20.21184
20.50272
20.18592
20.24352
20.09808
19.84032
18.60912
16.84656
8.45424
11.72304
18.47952
15.06672
18.05328
13.43088
13.77072
16.61472
18.06912
15.08112
16.97184
11.0304
15.4584
16.71696
16.6752
16.36704
5.77008
14.26176
15.2208
3.76416
15.86592
15.97824
6.09984
10.0656
14.98032
11.86272
14.60736
11.00592
12.7152
13.14864
14.99328
14.61744
14.64912
11.48112
10.03968
9.62208
11.72016
11.64096
3.72384
11.01744
8.20512
9.64656
9.3096
5.05728
4.15728
2.59776
6.32016
12.39984
8.8488
3.6288
9.9432
7.5384
8.47728
11.28672
2.51424
9.54432
6.9624
4.27968
7.00992
10.60272
10.54368
10.61712
10.26288
8.24112
9.96912
9.36288
9.34416
5.7312
6.21504
3.62016
7.41744
9.3456
9.12816
5.6016
8.68896
7.38576
3.86352
8.65584
8.604
8.26128
7.93728
6.3144
5.66352
5.22576
2.30832
4.46256
1.61712
7.98768
6.09264
3.07728
4.63392
5.81328
1.71648
4.51584
7.29072
7.4736
6.732
2.0304
1.6704
6.65136
6.52464
6.51744
6.6816
6.57216
6.56496
3.65904
6.1776
6.85296
4.81536
1.71936
3.72096
6.516
3.14352
1.65312
2.20032
6.05232
6.57216
6.56496
4.72896
5.92128
6.25104
6.98256
7.08336
6.48432
6.7104
6.9192
6.11856
6.73776
6.91632
7.04304
7.38
6.31008
3.73536
7.03584
2.8656
6.67872
6.46128
5.31216
8.14608
6.44976
4.44528
8.32464
6.79536
5.14368
0.98352
1.1376
1.53936
1.92816
8.38512
1.836
4.40496
2.69856
3.67488
8.68032
7.86528
7.42608
6.58944
6.56208
8.05392
7.66656
3.13776
10.74096
6.48
9.8064
10.86624
6.83856
4.30704
2.6352
1.01088
6.2928
3.1176
7.89984
11.52144
9.54864
10.39536
11.78064
12.1896
12.30768
5.22864
4.12128
12.99168
12.86784
12.76992
0.03744
-99
10.39104
9.25488
8.9928
12.08304
12.82752
11.69856
12.47472
14.292
14.89968
14.61024
5.90112
8.964
15.58512
15.35184
15.5736
15.6384
14.7384
15.52464
15.90912
9.10368
14.63184
11.76048
2.86848
11.37024
15.39072
11.36448
17.75664
17.8776
17.98848
13.53744
6.87456
17.58816
17.76816
15.77952
14.91984
19.08144
19.33344
19.04544
19.49328
17.40672
17.66304
19.45728
19.41408
15.8688
11.76048
20.0664
19.75968
18.7344
22.0968
21.98736
21.29184
21.2832
20.88864
19.09152
19.21824
3.66336
4.76208
21.89664
16.73136
11.02752
16.0056
11.10384
3.89952
14.41152
15.4008
12.4416
16.01712
22.22064
19.3608
15.19632
14.17968
23.37408
18.58032
14.89824
22.60512
21.99024
21.75408
17.52912
10.56528
16.07184
22.82544
21.17952
23.4072
23.33232
23.37696
22.82544
22.52016
22.33008
21.53088
5.79024
15.73344
18.8136
18.58464
15.32592
12.4488
14.77584
16.38864
22.55616
23.44608
19.33776
23.05152
23.472
23.34528
23.8176
23.5152
18.82944
22.7376
24.78384
24.42672
23.89536
22.17456
17.92656
15.81984
18.06336
22.14288
11.04624
14.57856
22.02048
14.27616
15.24672
12.70512
17.34912
23.46192
24.3792
24.32016
24.63264
20.14992
21.708
9.37008
16.75728
21.42144
16.99488
19.11744
13.8312
17.74656
23.80608
23.54112
21.57552
21.57408
19.53648
17.79408
11.92896
21.07584
17.712
18.9864
16.79328
19.84464
22.14864
21.68064
21.98448
19.46736
20.93616
9.8208
18.94032
19.60128
20.83248
20.5056
17.69472
17.08848
8.2728
15.01776
16.35264
14.8248
20.7288
20.39328
20.72448
17.78976
15.95952
19.72224
19.06992
14.51952
16.6176
20.73888
19.9296
19.01808
17.67312
18.5616
16.86384
14.3136
16.23888
15.1056
14.00256
3.98592
14.11056
19.01232
11.88576
14.74704
16.6536
4.41072
14.49504
14.11776
3.49344
17.85168
14.54832
9.18288
17.21664
10.3392
2.66544
13.068
16.56
6.77664
15.2136
16.58736
15.56928
11.18448
9.63792
14.93856
7.07184
9.91008
14.63904
11.72304
11.97216
5.26032
8.57232
8.73792
11.33136
11.79936
14.03568
12.19104
14.3568
13.84704
12.54528
11.7432
13.26672
11.8512
11.8872
5.9904
12.20544
12.37104
9.51408
9.93744
3.34368
10.44288
10.66752
10.83024
11.65104
11.30688
11.23776
9.6408
10.87776
10.58688
10.9872
9.4896
10.52928
10.18224
8.72208
8.2512
4.26672
8.3736
10.34064
10.01952
6.63696
2.89152
7.76448
6.04368
9.19872
9.63792
9.58176
8.9496
8.80128
8.4528
7.94736
8.14896
8.13168
8.20512
8.05824
7.24032
4.32144
3.1536
7.89984
6.89616
5.38128
1.548
7.96464
1.94688
2.04768
7.7904
7.5168
7.20576
7.01424
6.30288
3.32784
4.99968
2.04192
2.15856
2.86416
3.55536
3.14064
1.9224
7.1856
6.74064
1.57968
6.0336
3.204
6.71472
4.83408
6.55776
5.60448
6.58224
3.72096
6.18336
6.40656
3.0816
6.26976
6.26256
6.75504
3.86064
6.4296
6.42384
7.3224
4.32864
1.34928
3.3624
7.20576
7.17264
4.83264
7.29504
4.49424
2.73744
7.53408
8.26848
3.97296
7.01568
6.48288
4.07808
5.82336
5.21856
8.532
8.52912
6.28416
1.11456
4.34304
8.95104
9.036
8.7768
8.37072
0.99648
5.24736
9.2088
2.4768
2.76048
8.97408
3.52944
3.66048
10.04256
9.85104
5.24448
3.53952
8.80128
7.20864
11.09376
5.54256
1.512
10.54512
8.92368
5.80032
11.52
11.27664
10.88064
10.91376
10.73808
6.22224
8.20368
2.21472
4.86576
13.08816
12.75408
7.78464
6.32448
14.40144
11.42928
7.11504
13.15008
11.3976
14.76864
10.97424
9.26784
11.10816
14.11056
13.12704
10.21248
11.55456
14.36688
12.7224
17.91648
16.80192
16.42176
2.39904
6.27696
13.13136
13.25952
15.80544
13.07232
17.78256
13.30992
18.61488
15.52032
15.7248
19.04976
18.70992
15.77232
10.1304
0.75744
18.5976
16.47792
7.3512
13.6656
5.27904
4.8312
17.4096
12.88368
20.40048
20.21328
19.70064
20.19168
20.18736
17.02368
14.00256
19.77552
17.73216
20.09232
20.25936
20.35584
10.05552
16.524
10.3248
22.28688
8.96112
9.46368
8.07552
12.63312
15.99408
13.5648
11.67984
6.59952
22.68576
16.6608
13.53456
13.26672
10.77984
13.73328
16.25616
19.48032
15.51456
22.5792
18.35568
12.996
18.43488
22.51872
16.93728
18.75024
17.15616
14.50944
17.8416
10.90224
14.61456
17.84016
16.18704
6.38352
18.01296
13.14144
8.8344
14.2344
22.21776
20.70576
12.22848
13.90896
12.79584
21.73824
24.52032
14.63616
20.32128
20.1672
24.15744
24.67152
24.04944
10.6632
18.43344
23.49504
22.05504
22.22496
23.60736
22.73328
9.4968
21.1032
23.6664
23.33232
19.75536
21.57984
23.90976
13.35024
18.97344
16.9704
21.25152
16.18272
20.01024
14.80176
20.75328
18.55008
22.56336
22.81248
12.28752
20.92464
22.46832
23.08176
21.70944
13.2768
9.37152
22.89024
13.36032
18.55872
20.64384
21.35232
15.66144
21.90384
19.08864
20.13408
15.9984
19.23696
19.74384
16.02576
17.32176
16.84512
15.80832
13.82544
4.95504
18.7992
20.3616
18.14112
14.328
15.54768
20.20464
18.29376
7.31664
19.02528
19.93536
20.48112
18.1368
19.29312
13.4064
16.01136
11.70864
16.596
19.07568
17.25984
11.32992
10.02672
4.35312
12.39264
16.75584
6.05088
17.0856
14.616
9.504
14.11344
15.20208
9.60048
12.05712
16.86384
11.60928
16.46352
12.1392
9.26784
15.34896
13.0032
7.74576
14.00976
16.03152
15.1416
14.74848
15.37344
10.07856
11.49552
4.4712
15.82992
15.0048
10.80288
11.2392
13.70592
15.5664
14.89392
14.49792
13.72032
12.35808
8.6472
10.43136
9.20016
5.46912
12.14352
9.67248
6.68016
2.83824
4.15008
8.56512
6.3504
2.45088
5.30064
7.9848
11.5848
11.26656
11.6856
11.88432
11.5344
6.45408
1.0008
2.31408
2.07792
9.73872
3.37824
10.11888
7.71984
9.31968
7.40736
5.148
9.99936
7.86096
7.55424
4.5936
8.15904
7.94448
6.408
3.86208
5.7168
2.55024
1.4904
1.37808
0.99072
1.58688
4.0032
7.49232
5.32224
1.6992
7.94304
4.0968
3.54528
7.73136
5.94576
5.69952
2.77488
5.51232
6.01488
4.78368
5.26032
6.32016
6.2208
3.56688
5.36976
6.86016
3.9168
6.44688
5.76
1.98864
6.43968
4.3272
1.1664
5.8752
5.36112
6.51744
5.99472
5.23296
6.51168
6.1992
6.20064
6.53616
5.48208
6.46416
3.35232
6.80544
7.20864
6.87312
6.92784
7.58736
7.49232
6.67872
7.14672
5.87808
7.4016
6.01056
7.21872
7.83648
7.84512
7.65504
6.00912
7.50096
7.9056
7.19136
5.91696
5.34816
7.6176
2.22768
7.92288
7.76304
2.4984
9.30672
8.9568
8.8272
3.76848
3.3552
2.58192
9.22752
7.61472
7.79472
3.708
10.53792
10.34352
6.96096
9.86688
7.54128
8.60976
7.9416
5.74992
10.46448
11.25936
10.9512
11.54304
11.76768
12.01392
11.82384
10.57536
7.48224
9.51552
11.75328
12.39552
12.35376
12.32064
12.3984
12.14784
13.30272
12.80016
13.03344
12.2256
11.91744
8.23104
12.55968
10.48752
9.44208
14.15232
13.76208
14.1768
11.56176
13.95648
7.7112
12.47328
15.60096
15.97824
15.59232
15.91632
15.64704
16.93296
16.75728
16.42752
16.62336
16.90272
16.70544
18.67824
18.02016
17.35056
17.35056
17.59968
10.51056
16.83072
8.89632
7.37712
17.5176
13.11696
19.28016
15.77088
12.68784
6.78384
13.41216
4.92624
20.00736
20.42496
16.72416
15.26976
7.49232
16.9272
10.57104
14.92416
9.78336
7.30368
3.82176
11.4768
20.44512
17.70912
16.45488
14.84784
11.87712
9.79344
19.7208
20.20032
8.11008
5.08464
17.46288
23.90112
22.77936
18.6552
12.12912
20.99088
16.25616
9.57024
23.8536
23.17104
23.33808
23.57712
15.17904
5.13648
7.75152
16.26768
15.01488
15.46704
23.31216
22.34016
4.58208
-99
0.18144
21.00816
10.03392
23.15376
23.18832
24.05808
24.44688
22.42944
19.38672
22.65984
19.71936
20.20752
22.1904
24.21792
10.36368
17.52192
2.79504
21.76416
23.08608
15.97392
16.76304
23.8032
24.25392
22.608
22.8312
21.05568
17.06544
21.98736
22.64832
22.30992
22.33584
22.76496
22.94064
22.93632
21.46896
22.20768
19.75968
19.9728
15.43968
22.60944
22.52736
21.54384
17.57664
9.80784
9.74304
22.75488
22.78368
22.70592
21.83328
10.00944
24.07968
21.528
11.484
18.01152
19.27152
20.09952
20.36304
21.43152
21.70656
21.5136
21.89232
17.38224
6.26256
21.65616
22.60512
10.39536
20.74752
21.7728
21.71088
21.6144
20.23776
20.68128
20.0736
11.92176
20.21616
21.5424
20.66256
20.3616
10.48896
20.02608
21.04848
11.0016
20.15424
20.33712
20.03904
16.5312
11.48112
20.33424
19.77408
19.48608
18.1008
19.55232
16.84512
5.75424
17.86608
17.59968
14.81328
17.18496
11.7
13.8168
19.17792
18.74592
10.19232
18.77472
17.62272
9.39456
16.58448
5.44464
7.83936
17.92368
10.44288
14.58144
15.22512
15.58656
15.99264
12.39984
14.3496
13.18896
1.0728
12.67632
13.74768
15.62832
8.22528
14.36112
11.71872
11.33856
14.9544
4.94928
13.67136
14.4
11.95488
14.11632
9.68688
6.14592
10.98864
13.31136
5.364
9.75744
12.81168
7.91856
9.49392
7.62192
11.21472
12.24864
11.64384
7.23024
12.45168
7.01712
1.63728
2.91888
4.9176
10.44
11.3112
10.81008
10.5624
5.68224
8.856
9.504
4.32288
6.82272
9.62208
6.06096
7.1712
8.44992
7.13376
3.83184
8.32176
8.57952
7.26048
7.63344
9.27792
5.44752
1.44864
4.88304
8.424
6.2424
5.99616
8.3808
7.51824
7.06608
4.49136
5.81904
7.416
7.40304
6.90048
4.77648
6.62256
5.9328
6.60384
4.47552
6.50016
3.17088
0.19728
1.12176
6.39792
6.76368
6.40224
6.54192
6.88176
3.60288
4.8816
6.60528
3.51792
6.54336
2.14416
4.33008
4.20192
5.35104
4.66704
5.74416
6.59376
6.3432
5.55696
6.24384
4.90608
5.6376
6.29136
6.09552
6.10704
6.2856
5.83344
6.11712
4.78944
6.50592
6.99552
6.6024
6.62112
6.90768
6.87888
4.07088
7.23024
7.49376
6.12864
7.16976
6.61392
7.1424
6.12432
6.23664
4.6728
1.43712
0.1296
0.94608
5.7312
7.32096
5.14512
4.91904
4.72752
7.41456
7.11504
5.3928
6.90192
7.4952
8.81568
8.83296
8.14464
10.0368
9.59616
8.43408
6.54192
9.58176
9.79632
2.04048
1.87776
6.5664
7.3224
2.49408
10.09584
8.81136
5.47056
9.91872
11.13264
11.664
11.62224
12.26016
12.62736
7.28784
10.404
11.592
11.20176
9.01296
13.28688
5.63328
9.42624
9.63216
9.54
7.72272
14.79168
13.35168
13.54752
12.4056
14.61456
13.27104
10.24848
10.48464
13.92624
1.67472
3.94848
9.38448
16.06896
15.89328
12.96
7.93008
3.10752
4.89312
11.11392
3.34224
7.64352
10.99872
15.24384
3.2832
6.25392
1.68336
5.34096
15.72768
18.83808
19.5408
17.87616
13.104
16.43616
18.8424
19.55376
19.25568
17.60544
1.52208
19.84608
8.71488
10.6056
13.65408
9.0792
4.33296
7.27632
2.6136
2.47968
14.00688
19.28016
20.35584
15.16752
12.7872
10.87056
18.66096
12.12912
16.6824
18.94896
21.93408
21.74112
15.64848
18.80352
20.1888
20.29536
4.65984
6.07536
14.05008
15.5736
18.63792
5.32656
14.67072
11.74032
19.54512
24.0264
24.08832
24.1344
22.27104
22.31424
19.87056
15.16032
23.39136
23.94432
23.44032
23.112
18.49536
13.38048
22.64256
16.08192
17.98416
11.42784
8.7912
17.54928
14.82192
5.31072
10.1376
13.06656
15.49728
14.63328
23.80176
16.92144
14.87088
14.68512
5.71536
11.76912
12.68064
13.90752
16.5096
24.15456
22.8744
23.30352
23.04288
19.836
23.30928
22.5792
18.3024
14.10048
13.572
23.00256
12.26592
11.4408
24.19776
23.81472
22.9176
23.87232
23.52384
21.83184
11.50272
20.91888
18.02448
15.80256
11.74032
9.6912
17.892
20.01312
23.26464
22.87872
20.74896
22.39056
21.50064
15.0408
15.552
21.62592
22.01904
21.816
20.80512
21.59856
22.05072
19.99584
21.2832
16.57872
12.28896
20.15136
22.16016
22.02624
20.97648
14.40432
14.73552
19.81872
16.2144
17.62992
12.72384
15.88176
17.45136
15.49872
19.67616
8.98128
20.31408
20.41056
18.93456
17.23824
19.01088
15.8256
19.17504
18.46944
16.44624
11.02176
6.36624
15.82704
19.35072
13.51008
15.96528
18.13248
18
15.47568
7.89696
15.89904
10.0728
11.80656
11.25648
15.79248
16.97904
17.13024
16.87392
15.85296
14.45328
13.92192
4.7016
10.47744
12.168
7.0344
11.97504
13.82256
9.33696
14.79456
9.20592
7.86384
12.59712
12.4488
13.64112
10.35648
4.36752
13.6944
12.30336
10.7784
13.28832
8.52192
10.35936
12.21408
2.56896
11.57472
13.3992
8.496
6.86736
12.79584
11.37744
11.78496
11.44512
10.32048
8.55216
6.05088
3.64896
10.63296
10.52784
7.6608
6.25104
8.4384
9.80208
7.87248
10.44432
9.80352
9.58752
7.26048
2.93904
2.76912
5.22432
3.0168
1.25712
8.80128
8.60832
8.05536
8.90784
7.89264
6.62256
7.70976
7.87536
2.45376
8.2728
7.50672
7.77888
5.21712
8.11008
8.00496
7.63344
7.1712
3.94272
0.71856
1.78272
0.47952
7.21872
4.63968
2.4696
7.19136
6.984
2.81808
4.07952
7.07616
4.26528
5.0832
7.02
5.94576
5.91264
6.71616
5.22
4.15008
6.2856
7.52256
2.91168
2.48544
4.41216
3.16368
5.96016
5.96016
4.63968
1.58544
6.4728
6.768
3.38688
6.18768
5.19264
6.29856
5.79888
5.04
2.313
8.091
8.3214
6.7032
7.029
4.6044
7.6644
1.1952
3.7332
9.3024
8.847
9.5958
9.7524
9.396
9.8172
-99
-99
10.0854
5.8842
7.686
3.5298
8.2926
9.5184
5.6664
10.0314
9.3348
9.2574
9.1062
2.7936
10.6884
11.2878
10.3788
11.322
10.4706
8.1234
8.7102
2.5272
3.645
6.84
9.8568
12.9546
5.625
12.2454
2.007
8.5572
12.546
13.9338
13.239
11.2698
14.1264
5.2416
0.9432
10.5732
15.3972
14.7222
14.7726
15.2658
11.2608
7.0362
6.7752
7.2108
7.1064
8.9982
5.4144
6.5286
9.405
15.4584
18.3402
16.3314
1.512
18.3348
8.6724
17.9856
19.8864
17.6274
19.2528
13.374
21.4398
20.8674
20.1474
20.745
20.9196
20.0952
19.4994
14.3532
21.7188
22.176
21.7278
20.025
21.924
20.5956
22.0122
17.7228
22.2336
8.6724
21.2058
24.3396
14.2686
3.1284
13.8348
21.717
21.8412
24.2352
20.196
11.8494
8.9388
22.9428
25.1262
7.9344
7.6842
13.5234
27.0612
26.9082
17.4816
8.9154
6.8544
8.5608
10.0044
7.7706
5.085
9.8046
24.876
27.9432
21.5406
26.658
16.7508
28.1754
20.8926
9.4626
17.2098
25.0956
26.982
24.0156
22.761
14.6592
14.382
26.7966
10.395
25.3332
28.7694
12.0528
15.4044
19.143
13.4856
25.2468
28.8036
23.7492
18.2376
16.1118
24.7302
19.9638
17.55
23.751
20.313
19.1412
11.5308
20.1888
30.1914
25.1064
26.0568
14.3874
28.6866
29.574
28.7928
29.4984
25.1496
11.9394
27.4266
19.1898
20.9214
26.748
24.0966
15.0696
24.5376
25.704
24.9498
28.3464
25.1784
16.2504
21.8988
24.1596
29.5398
24.0858
11.5542
29.763
18.4986
17.2854
22.8636
24.8796
26.8488
26.712
17.082
22.7196
20.4552
21.0402
28.1286
28.53
29.5488
28.7748
22.6602
27.333
27.7128
26.9982
25.8624
21.0402
14.733
24.8526
23.922
27.0972
22.1274
18.1368
16.4988
20.7414
21.798
6.516
22.3596
21.384
21.285
16.9794
24.1128
17.973
21.1032
23.8392
25.0722
24.0714
23.5458
25.2702
25.8192
25.6248
15.7572
24.6618
22.1328
19.8468
11.0412
12.1194
19.3194
24.3936
18.4698
18.981
19.2816
17.2242
18.6732
16.7328
6.8256
13.4982
21.4866
21.231
14.031
15.0336
16.794
17.6166
11.2194
18.8118
15.066
17.8236
16.3836
15.9894
14.733
15.6078
12.6612
19.4904
7.8498
11.4372
15.6888
13.4298
12.0168
17.784
12.7872
17.0658
15.1164
10.6308
15.0498
11.3004
17.0982
10.7802
7.7094
13.824
13.9428
17.5338
16.8858
7.0056
9.4374
16.776
14.8914
16.2054
15.9444
13.545
13.6224
9.3276
12.8898
13.9554
14.6646
5.2596
13.9068
14.796
10.2528
12.0906
12.8196
11.9862
10.647
9.9072
4.7448
8.217
2.4372
9.4374
4.5072
11.2608
12.2796
12.5784
11.898
12.2184
4.8438
1.323
2.9286
2.6298
9.018
6.948
4.5738
3.5208
9.8946
10.1376
10.0224
8.613
6.3108
3.9708
2.214
1.0944
4.6638
9.3258
5.5044
7.4556
9.5904
9.1062
7.0218
8.3394
8.9298
5.8158
8.1036
9.0144
6.1758
5.445
6.1776
5.7546
8.4402
8.3196
7.6716
8.361
8.199
8.0046
7.9488
8.217
7.8642
8.253
3.924
5.2146
7.6608
4.5234
4.0824
6.9876
6.7752
6.336
6.6942
7.1298
8.208
6.7878
2.6118
7.317
8.3988
5.517
9.3204
9.0828
7.8894
8.1054
1.8108
9.7884
9.4518
9.5562
9.5778
9.7794
9.81
9.9576
9.8712
8.6274
8.8776
9.0054
10.2906
10.4292
9.7344
9.6462
10.8972
11.1006
11.3598
11.4534
11.556
10.7172
11.3202
11.9304
10.8954
7.6608
8.6526
11.1186
12.4038
12.7062
13.0248
12.411
9.891
5.211
7.272
5.9994
13.3398
9.0864
9.1062
14.8176
1.4688
14.9814
15.1218
13.536
15.129
14.427
8.9442
16.4142
14.1192
10.6074
11.349
11.1654
14.1534
9.7326
4.302
5.6772
6.453
13.1688
13.8312
9.8352
6.3684
2.1348
9.9774
2.5614
2.7162
3.51
4.4802
4.0932
2.0646
3.5406
4.4208
15.7032
12.0762
6.8706
18.396
9.7146
15.2856
17.5104
10.8954
11.1564
7.5942
22.626
21.159
20.3472
23.3172
22.815
15.426
21.7152
22.7106
6.7968
23.337
22.194
3.186
3.9816
22.5594
24.4908
25.0884
25.7382
25.0938
12.2004
4.0842
3.9978
23.148
14.292
22.2336
25.605
26.3862
20.1906
23.1642
26.5356
8.8362
22.9356
10.9602
10.8594
13.9446
26.1648
27.1602
24.5916
15.5268
21.4218
27.7992
28.7658
28.656
26.973
26.415
24.7518
26.847
28.1682
26.4582
27.288
28.1268
27.7398
28.2312
24.9732
4.0932
15.2712
28.1862
21.0762
30.006
27.018
26.055
30.0006
30.0618
27.6192
28.4004
28.107
25.524
27.4194
17.82
15.6366
28.0116
31.2426
30.5064
25.11
24.4998
20.9376
25.614
27.1692
26.1576
28.6506
28.5732
25.497
15.3126
23.5008
29.6496
23.256
30.5964
27.504
25.7958
28.3986
30.1914
25.4646
28.989
29.1366
27.2448
28.9548
26.7174
15.3522
29.6496
31.0068
30.1428
29.9304
29.3094
28.4418
28.6398
28.2276
27.324
27.6858
28.503
27.3258
27.423
24.2298
26.1162
25.776
23.445
27.1782
25.1622
23.9616
26.0748
18
16.5564
10.3878
21.7242
25.4718
25.6428
26.4906
25.5006
18.981
22.3092
17.6346
22.392
22.8564
21.0096
18.8424
17.3628
17.3052
19.8828
17.9604
18.7758
11.8476
11.2824
25.8228
25.65
18.6336
23.8986
23.9274
24.228
19.9116
22.2066
13.3074
23.0166
22.2012
22.2228
7.8246
23.229
17.6958
15.1092
19.8702
20.3238
22.347
17.4222
15.4386
14.9814
21.4596
21.1716
16.7886
14.9526
12.3426
15.723
14.751
18.567
20.439
20.0286
19.3446
18.9594
15.6186
16.8228
11.4354
12.7656
14.9292
16.5564
17.1054
8.4132
16.3368
16.5942
17.1288
17.1522
17.2836
16.2792
15.3018
3.9204
4.3344
15.1092
12.447
8.2386
14.9472
13.716
14.4378
14.2434
13.3308
9.2466
10.9404
10.9692
9.2916
11.6712
12.6288
8.0424
12.3426
13.2624
11.3562
9.6984
8.5806
9.972
11.4948
10.4094
10.6758
11.0862
2.5758
9.0252
11.2932
11.8188
11.7396
8.2548
4.9356
9.7416
8.8056
9.3816
5.8302
7.3584
3.9798
7.3638
5.5656
1.9134
7.8552
9.9576
2.5668
7.9956
8.2764
5.3082
4.5072
6.0678
8.1738
2.5164
6.0318
8.8992
6.7914
5.706
8.4546
8.5086
8.4654
6.696
6.3378
1.8306
8.0244
5.661
4.6314
2.4444
2.3652
3.9564
6.6906
5.1156
6.7788
7.9326
8.0928
8.208
6.5484
6.6312
7.101
7.7184
8.1594
7.2162
7.6806
8.0856
5.6862
4.6404
7.7166
