20000101
-99
-99
-99
-99
-99
-99
-99
-99
-99
-99
-99
-99
-99
-99
-99
-99
-99
-99
-99
-99
-99
-99
-99
-99
-99
-99
-99
-99
-99
-99
-99
-99
-99
-99
-99
-99
-99
-99
-99
-99
-99
-99
-99
-99
-99
-99
-99
-99
-99
-99
-99
-99
-99
-99
-99
-99
-99
-99
-99
-99
-99
-99
-99
-99
-99
-99
-99
-99
-99
-99
-99
-99
-99
-99
-99
-99
-99
-99
-99
-99
-99
-99
-99
-99
-99
-99
-99
-99
-99
-99
-99
-99
-99
-99
-99
-99
-99
-99
-99
-99
-99
-99
-99
-99
-99
-99
8.89488
22.59504
20.10816
21.92832
18.9432
21.49488
20.69136
19.56384
22.2048
22.71456
21.54672
12.39264
11.85984
22.39344
20.0808
21.27888
22.49136
21.31632
15.11568
16.21872
19.74528
18.29952
18.00144
19.62864
4.58352
22.55472
23.10912
23.24304
23.96016
23.18976
22.5432
16.95744
16.46784
5.0328
5.54256
7.82208
7.54272
20.7792
16.65072
22.24224
23.7096
11.04336
16.85376
20.98656
17.55792
14.18832
18.94464
18.80208
19.8864
16.37136
16.69392
-99
-99
-99
-99
-99
-99
-99
-99
-99
-99
-99
-99
-99
14.92848
19.26432
15.26688
19.18656
4.18032
12.00672
11.81664
8.79552
19.13472
19.40112
14.3064
15.52176
18.83808
17.30304
17.57088
13.428
19.29456
17.4024
15.53904
19.50192
12.98016
4.36032
19.224
16.28496
15.64272
16.70976
12.56688
10.85904
12.02256
12.40992
16.59024
18.49392
18.57312
18.01152
9.23904
14.26752
15.40656
18.72288
18.612
14.80176
16.17264
11.69712
1.7856
-99
-99
-99
-99
-99
-99
-99
13.97232
15.21072
18.26352
15.34896
15.7896
15.46704
17.05824
17.11584
17.07408
16.60896
15.21072
15.768
15.78096
9.97776
17.13168
13.62672
14.8896
14.67216
12.81168
15.44976
8.62704
14.96016
8.8056
12.94704
13.50864
5.14368
5.82624
12.88368
13.8888
15.89616
10.7856
12.60288
15.72336
15.70896
15.4584
11.772
11.5128
12.99456
14.09328
7.452
3.94272
2.8944
7.34688
13.3488
14.2056
13.69296
13.72464
11.97504
6.63984
9.5112
4.4136
10.05408
11.40768
13.25952
7.33392
13.27968
10.33488
10.35936
10.10448
7.31088
11.83104
11.8368
10.11888
3.15936
4.18464
2.66832
1.1592
8.67168
7.7184
6.72336
10.82016
9.936
8.84448
4.46544
1.87776
1.52352
2.73888
5.58
5.02848
4.98384
8.7768
8.22672
8.36784
5.24016
3.1968
9.01728
3.77712
8.8416
8.9208
5.9904
7.4664
7.72128
8.93376
8.44704
7.58304
5.72256
4.63392
2.02896
7.884
2.3472
5.86368
6.156
4.31568
6.95232
3.45816
7.4052
6.7032
1.6128
6.97248
6.91488
6.76512
6.7968
6.6528
3.5424
5.44464
4.11696
3.21696
6.68448
5.85216
2.736
3.97008
2.02752
4.76784
6.26688
5.36832
5.97456
5.39568
6.01344
5.75568
4.90896
6.60384
6.85584
6.41664
5.99616
4.94784
2.31984
1.14336
1.81152
0.60912
5.72544
6.35328
3.9672
3.40272
6.48
1.4832
7.04736
5.33808
5.23872
5.83344
6.15312
3.41424
1.28448
5.65344
7.14096
4.18176
6.16752
4.43664
5.50512
3.4848
1.07136
1.14624
2.91744
6.01344
2.22768
7.23456
7.51392
7.4304
5.2128
5.9616
5.02992
7.20144
7.40592
6.0912
5.17104
6.37776
9.05904
8.2296
7.98624
8.68176
8.86752
8.31024
8.64432
7.25904
5.74848
7.92432
9.53568
8.6904
9.18864
9.00288
3.64608
4.47552
5.20272
9.29232
8.99712
6.90048
10.92528
11.1816
10.3752
11.27664
6.01056
0.8496
4.27968
11.98944
8.43696
10.44144
7.82352
3.23208
8.94744
3.55392
7.21872
7.87968
7.28928
11.08224
11.14272
7.93584
11.66256
12.48912
13.71312
13.52016
12.16944
4.56048
13.29696
12.55968
12.76992
11.62368
11.62368
11.42784
13.55328
9.63072
13.32144
13.46688
13.25232
9.9576
7.63056
15.7752
15.18768
15.41808
15.06096
11.69424
15.15168
3.54672
14.99904
16.00704
14.96304
14.38992
15.29856
16.82208
16.78464
11.9736
16.75008
16.0056
12.7872
13.644
3.4812
18.37944
11.27376
19.08216
18.51768
19.41408
18.65808
20.2608
20.664
9.288
19.65312
10.51632
3.24576
13.0824
9.34272
7.54416
12.46608
15.13872
18.45504
18.27792
17.0496
15.84576
5.18256
9.49968
20.32272
19.83312
13.9392
19.73808
21.29904
10.52352
1.03536
7.76736
13.46544
20.04048
16.56864
16.25904
16.52544
20.68704
20.74896
21.12336
21.04848
21.38112
21.67776
20.47536
14.68368
18.22608
3.3624
-99
9.5256
12.30048
19.66032
21.204
15.9984
7.58736
21.19968
20.23776
15.46128
21.4776
17.46288
22.37472
11.8728
18.79056
22.22064
22.07664
21.85632
21.72816
20.80512
20.66112
19.87344
21.2904
13.13424
20.64096
21.87072
21.06864
21.15216
20.20752
19.30176
13.1904
13.94208
16.5744
21.8088
18.48528
13.90896
20.7576
12.90384
7.90272
16.90272
12.0096
7.95744
7.74144
20.72736
17.90784
5.2056
19.5552
21.43296
21.48624
18.88272
10.46736
17.90208
16.71696
17.59392
17.89488
17.9856
16.75296
16.33104
15.83568
14.6016
11.51424
8.59104
9.41184
11.65248
18.18144
9.1656
19.152
16.15536
14.33952
15.3288
19.06272
17.92656
12.85056
15.2352
18.61056
14.652
10.27008
16.74432
18.52992
18.00432
17.55648
17.68896
17.91792
17.76384
11.81808
17.93232
16.0848
8.8848
5.26464
11.79792
15.8832
7.70544
9.41184
14.01984
12.276
15.32448
16.9992
11.58624
8.29872
8.01072
12.71952
14.94864
5.9616
16.16976
6.97824
11.38176
15.25248
7.41312
6.6168
14.19552
4.90896
13.63392
10.26864
12.34368
6.80688
7.42608
3.1824
6.012
4.59792
10.76112
10.3536
10.53792
6.01632
3.5604
8.65512
10.35072
9.49248
5.80824
5.1372
6.87744
9.01008
4.05936
8.06976
6.96672
9.3168
4.61232
9.55584
4.0032
3.9096
6.92928
9.1224
8.87616
8.67744
8.47152
6.58944
5.0472
5.91264
7.42032
4.69872
2.90736
8.34624
4.1616
9.56016
9.40464
2.05344
9.2304
9.18576
8.92656
7.14384
6.45552
1.27872
4.73904
8.0136
3.95136
0.8352
1.22688
0.62352
2.91456
7.07616
6.00192
6.19344
7.77744
8.3016
7.6608
7.54992
6.56496
1.512
8.04096
3.96864
5.75136
7.02288
3.36816
6.8328
6.09552
7.18416
6.85728
6.88752
4.33872
6.97968
4.86576
7.04448
6.92784
7.56576
0.74736
1.24416
7.2
5.15088
0.98208
6.8256
7.1424
6.93648
7.36848
2.52432
7.38288
7.67952
6.18048
7.02864
4.7088
7.20864
1.45296
0.66096
1.17648
0.63792
1.89936
0.60912
1.23696
6.79968
7.42032
2.52576
3.95136
2.78208
7.42752
7.65936
2.59056
7.3728
5.85648
7.0056
7.72848
7.32384
6.50736
8.12304
9.01296
6.92784
6.372
8.73648
8.62992
8.5104
7.95312
4.70736
8.92512
7.11216
7.42032
9.78192
10.44288
4.78368
6.96528
7.9272
10.82592
11.4768
10.98432
10.82448
10.48032
11.20752
10.75104
10.70928
4.1976
8.80128
1.14048
7.78608
12.28032
12.30048
10.34496
13.49136
12.27888
12.27312
12.09312
13.16592
8.32752
13.37328
5.796
4.0824
2.8728
9.47952
9.90288
0.57744
4.70592
6.19488
14.1552
12.6576
14.1336
13.31712
6.786
12.9924
15.04512
14.72544
10.18368
3.26592
13.03632
15.09408
15.73488
15.948
15.71328
13.14144
11.04336
7.85664
12.88224
6.08256
12.8304
1.71792
11.91024
17.57664
17.77824
4.84416
1.77408
13.79376
18.49248
11.09088
5.51808
2.66976
14.25888
2.50848
5.49504
4.75488
16.66224
7.35408
9.26352
17.94312
19.5012
15.33024
8.68752
20.93328
23.0256
23.02272
14.14512
20.19312
21.0744
20.16144
15.51024
9.86688
21.79728
17.73072
6.81264
6.336
10.23408
18.756
15.74496
10.45584
5.92416
5.47056
10.31184
8.20368
5.08608
20.78064
21.09312
21.024
20.67552
21.29328
17.27712
20.55888
22.04496
20.1816
17.79552
9.05184
18.09216
21.40416
19.72368
12.34512
17.31168
16.23312
22.76784
22.92192
23.56848
20.4192
22.00752
19.65024
7.4664
16.58592
21.3264
21.37104
7.07904
23.10624
8.98416
21.79008
22.22784
21.95712
22.44816
22.22784
22.45392
22.16016
21.72672
21.30912
16.70112
21.71376
22.3056
22.48704
21.59424
21.68784
14.09616
18.37728
20.11104
3.74976
6.43104
7.62768
18.37728
17.5464
11.90448
9.29808
3.9672
19.88496
14.49216
18.33552
13.6872
19.47168
18.23184
6.11424
12.2184
16.63776
14.83344
20.23344
19.57824
19.51488
19.7712
19.2024
14.33808
6.4512
19.74672
8.89488
14.87232
19.39536
19.60128
18.55872
16.57152
10.94544
5.67072
8.81712
17.21088
13.88736
7.47216
14.05584
14.20704
11.02608
13.55328
7.39872
19.91376
19.3032
10.30176
16.88112
14.59728
16.29936
17.89488
16.0992
14.73696
16.74576
15.33312
8.25984
13.34448
1.80432
13.40208
10.8072
7.15104
17.14896
16.29504
11.3328
11.38896
15.68448
6.61968
10.16928
12.73968
13.8024
15.10128
11.48544
9.94176
15.768
15.28704
6.99408
3.46032
9.72288
15.5232
15.38496
4.85712
5.77296
11.04336
14.508
9.88704
6.13296
10.75392
7.74288
14.53104
14.6304
14.45616
12.92112
7.43328
6.34032
6.81696
6.62832
1.98432
11.1096
12.71808
6.38496
12.96144
4.35744
8.03664
1.52352
7.35264
10.4616
6.9552
11.75616
10.94688
11.59056
9.32976
9.86256
11.02032
10.43856
10.368
5.78304
9.94464
10.37952
8.02512
10.15056
10.02384
10.17792
5.80176
9.5544
3.34224
5.2992
9.27648
8.10144
6.29424
7.8768
8.73792
7.34976
8.9136
8.23392
8.27856
8.1
7.44624
3.86784
8.14824
4.08744
2.15568
7.2504
6.33888
7.69536
7.42104
1.46016
4.04712
7.82208
4.92192
0.93168
2.13984
5.20704
7.64784
5.00976
5.61168
7.33968
2.61648
6.62688
5.36544
7.05456
3.7944
5.976
5.86368
3.48624
6.37776
0.74736
4.68432
6.2136
6.11136
2.22912
6.38496
5.90976
3.33936
2.87856
1.55232
1.50624
6.19488
5.39568
5.02848
5.89824
6.39648
4.7016
1.23696
6.66288
6.06384
1.79856
6.78528
3.97296
5.04432
5.56272
2.2392
4.44528
2.4624
5.41008
1.88208
6.61536
5.36544
7.76304
8.0424
7.95888
7.776
7.7112
7.58736
5.796
5.50944
3.02112
6.79392
7.96032
7.94304
8.4744
8.45424
8.82432
3.53808
7.8048
8.7912
6.69312
7.90704
7.62768
9.19872
8.5176
7.74
8.23392
8.8776
4.09968
5.73552
9.56736
9.41616
7.08192
7.8336
2.05488
0.7776
2.09376
4.11264
10.92096
5.29344
10.39104
1.29888
1.85472
7.48512
3.924
8.20224
4.83984
0.50256
0.72576
3.94272
10.83168
9.45936
7.21008
8.15616
12.70368
4.9248
5.84496
12.4776
10.61856
12.8016
12.9816
14.0616
13.78944
13.36464
11.4768
7.60032
14.53824
14.63616
15.03216
15.03504
14.79456
14.89176
14.4324
14.95296
14.4792
10.476
8.59104
9.28512
2.45808
9.27072
3.30048
10.66176
15.00912
4.9824
17.676
17.15328
17.424
17.56944
10.48608
4.84704
10.16784
17.388
13.13136
11.63952
17.75952
1.21248
13.25088
12.16656
16.02288
15.31152
8.23248
9.43344
18.70128
14.60664
16.3188
12.66048
18.24048
13.3704
19.47168
19.1376
17.0712
10.48752
15.80832
17.6688
18.88128
17.42832
6.1488
6.80688
8.11152
14.54832
18.39024
19.65168
17.78256
19.368
13.46976
13.75488
7.31664
7.29216
12.82464
19.8072
19.9368
16.17984
10.85328
19.09584
21.01968
15.14736
6.77088
6.90912
19.84176
15.27264
20.5632
20.28096
18.90144
20.44656
18.06192
16.6536
19.86624
10.14912
19.84464
19.2024
17.15184
18.62496
19.39104
20.23488
20.3832
20.90016
19.64448
17.80704
16.82496
15.6312
11.54592
20.34144
21.26592
21.13632
20.66256
19.79712
8.75952
17.65584
18.47232
17.79984
9.20016
12.06432
14.58576
20.99664
18.50688
16.24752
13.02336
15.67008
16.65504
20.26944
18.96192
8.7264
20.30112
19.95552
19.56384
20.28816
14.42736
16.25184
20.85984
14.48496
19.84752
20.37312
10.46448
18.72576
13.44672
13.4928
17.7048
18.72864
19.52784
15.32448
16.89696
15.96096
18.94896
8.77968
18.42336
20.17872
20.1384
20.1024
19.872
20.01744
18.32112
18.9072
17.44272
19.12032
18.36432
18.76464
18.97776
18.14976
16.4448
15.1704
9.43776
15.93936
18.07488
17.65008
9.82224
14.0328
16.50096
15.49584
13.38912
15.6096
17.00928
8.1648
17.71344
16.6104
11.68704
11.42496
11.98656
12.66768
6.9048
10.3464
12.4704
2.8944
13.94496
13.3344
16.65072
13.53744
15.07824
13.64112
15.70176
15.97824
15.39504
15.24384
15.25968
12.53376
12.67056
9.88128
11.54592
13.72032
7.62624
10.64304
7.04736
1.116
6.4728
6.3288
2.63808
10.6056
9.82656
11.82672
5.84496
9.22752
9.57312
12.888
9.21456
12.3912
8.26704
7.34976
4.01472
4.9248
8.73792
2.6784
4.87008
1.36224
4.27104
0.97488
10.96704
5.8824
4.05648
11.53296
9.42624
7.92
1.3068
2.80296
6.15024
8.59824
7.51824
1.0728
7.21872
9.41616
5.56128
9.576
9.30816
7.66224
9.37728
2.86704
3.3192
2.92608
4.6512
4.23936
7.1856
5.77728
3.54384
2.99232
3.65472
7.72704
6.02928
4.04352
6.54624
3.05568
1.77264
7.96896
6.12576
7.32096
8.21376
7.49664
6.95952
5.652
1.692
1.35216
1.20672
3.91392
5.85792
6.74784
5.1768
5.55264
6.61968
5.54976
6.36336
6.64128
6.28992
3.97872
6.6888
6.54768
1.5408
2.34864
4.25088
5.6088
3.3048
6.70464
3.94992
5.00112
6.60672
6.17328
4.64832
0.66816
4.0752
5.83776
5.82624
2.66256
6.80112
7.04592
6.10704
6.696
6.40944
6.21072
5.94432
3.97728
6.33888
5.148
3.66336
3.38976
3.81168
5.47776
7.4736
6.64416
5.3424
7.59456
4.71168
8.14032
8.25696
7.79616
2.48688
4.44528
6.15168
1.89216
9.46512
9.07056
3.97008
4.56192
7.13808
9.37296
8.43408
8.37072
9.04752
9.44208
5.83344
7.40592
8.05824
9.45792
9.55728
9.8856
9.79344
7.34976
9.9936
2.29824
10.3824
9.1656
9.24768
2.5056
1.85328
11.29536
12.19536
2.8584
1.5408
2.1096
9.37872
13.77792
6.46992
11.96064
12.07728
11.33856
11.82528
4.99536
10.06416
12.74688
7.83936
12.456
3.49776
9.26064
3.41424
1.36656
6.47424
10.67328
12.19248
2.43936
9.47952
12.02112
13.12992
13.23504
12.0456
14.6088
12.35376
8.4528
9.648
2.60352
12.98592
2.02032
3.8448
9.80352
16.51824
9.70272
18.07632
17.16048
16.8552
10.4472
9.46944
2.60928
15.804
12.88512
16.37856
10.89792
19.24704
7.94736
17.11584
1.76256
13.11264
13.56048
20.02176
18.50832
19.61856
3.95712
15.91056
20.08656
20.5776
12.6
21.45744
14.49936
5.04144
15.23952
16.2072
11.63376
1.50336
11.7576
7.62768
22.35456
20.57184
22.1688
21.36528
9.66672
2.91456
10.91232
20.1168
14.66352
22.44672
23.12928
22.39056
23.07312
22.98384
23.79024
22.28976
15.79104
18.66096
21.9096
18.18288
16.55712
22.74048
15.3216
23.14944
16.4376
7.84224
16.33392
10.7136
22.73904
22.74912
23.12064
23.40576
21.75264
22.49424
22.73616
23.09328
20.35872
20.48112
18.2736
22.50432
17.82144
20.09232
23.56848
23.98752
10.78704
21.55968
16.88544
16.05888
20.97936
21.3192
17.13312
22.49424
23.23152
15.42168
22.13784
22.80816
22.0752
16.40016
11.99088
22.7304
16.49952
15.40944
21.72528
22.59216
19.32336
17.25552
6.88032
16.64784
16.78032
22.22208
22.8384
22.69008
19.86912
20.47824
20.75616
13.2696
14.77296
21.67488
17.02944
19.03824
20.24928
15.83712
13.17888
18.73008
14.3928
19.99872
20.59488
19.81584
14.34096
19.8792
10.16784
18.92016
12.99024
19.42056
17.28504
9.29592
18.27576
20.4084
20.91096
19.3104
12.12912
19.11888
14.81184
13.45392
20.73456
12.13488
12.2616
15.15456
14.57856
9.30384
12.35952
13.35312
18.20304
10.24128
9.73728
5.20416
8.77248
7.66656
11.64096
4.00464
9.50112
15.51312
9.20016
12.92832
13.11264
13.76208
15.16464
12.10608
15.1596
14.61384
9.74016
11.6928
11.85984
11.76408
15.20568
15.46992
16.31952
8.33472
4.91616
15.6312
15.29424
15.5304
17.13168
16.17696
14.69232
15.23376
13.75344
11.34432
13.35168
9.59328
13.99968
13.83696
8.77536
11.81088
11.81232
11.00016
13.48416
14.24016
13.40496
7.8408
10.404
12.46896
9.44208
10.49904
12.50928
4.3848
9.54864
10.9584
10.59264
11.55744
12.1536
10.94976
7.05312
3.09456
3.90096
9.0648
10.03968
8.17056
9.85968
3.81168
7.80048
7.5168
5.40432
3.39264
8.53344
7.36992
9.28656
7.94016
6.6168
4.752
6.4656
8.99712
9.14256
8.45856
8.90928
8.1072
8.45424
8.04672
2.0232
7.0272
6.44976
7.3656
6.2568
4.12704
3.42
6.9768
5.72832
5.18544
7.22304
2.85408
6.91776
4.87296
2.41056
3.60864
3.80592
2.11248
4.91328
0.50976
5.40864
6.768
4.38768
6.03216
4.2768
4.50288
5.8464
5.72832
6.29712
5.2344
6.07968
5.01264
6.39792
6.03504
6.72768
1.41264
3.86784
4.49424
2.55312
6.56352
3.06
8.14464
8.1576
8.26992
8.3232
8.37936
7.6176
8.424
8.46864
8.48592
8.64288
2.89872
8.7048
8.78976
8.53056
9.1584
8.44848
2.952
8.316
8.48304
3.46464
8.04528
8.8632
8.72928
8.77392
7.47504
9.49824
8.59968
8.95968
5.58288
7.30944
9.90144
9.5256
9.84528
8.89344
9.76464
8.6904
4.53888
3.20544
4.33008
7.81344
6.59664
10.48608
10.47024
9.07056
11.15568
10.88064
12.15216
11.13408
10.09728
12.17376
11.03328
8.50896
12.93264
6.43824
11.25936
3.37248
5.35536
12.25152
13.38912
4.1472
11.39904
6.4008
13.8096
9.79488
13.13136
9.07488
15.40368
14.9112
14.91984
10.1592
1.96128
13.98096
12.81024
5.5152
4.24224
12.02832
14.5728
16.4592
16.70832
15.0624
2.34576
6.67296
8.1432
9.0576
3.5064
9.70128
16.0056
14.2416
13.16448
15.68016
16.10784
17.68752
2.81952
12.00096
11.59776
13.88736
17.86032
14.78448
4.94208
10.6416
20.24784
17.9136
18.80208
19.09728
15.25392
4.68576
17.88192
20.65536
15.1128
20.69424
15.54768
4.95648
11.35584
16.80192
10.73376
20.06352
21.33504
21.00528
21.35808
20.22336
20.93472
20.09664
8.52912
17.76096
16.74
18.00288
22.03344
20.8584
20.8944
15.18768
14.99328
18.34992
19.63152
13.21056
19.50912
20.67552
18.87696
4.17168
21.34944
22.29264
22.02048
20.0952
20.0664
22.53168
15.02208
22.85136
23.4216
22.97376
22.17024
21.5208
11.44368
10.54512
11.90448
21.88656
21.41136
20.15136
20.00736
15.22512
20.19168
19.03968
22.3272
19.93824
16.74432
13.3416
6.99264
8.82432
17.94816
18.67392
21.9024
22.3632
21.63888
20.1816
19.00512
21.30336
19.008
18.6984
22.72752
21.78
16.99056
13.56048
21.28608
21.69072
5.98896
17.0496
21.79584
14.35104
21.61872
20.72304
2.21472
7.62624
7.97184
15.58512
21.7512
21.31488
21.68496
21.59568
20.38032
21.00528
16.91856
10.23696
21.85776
17.56944
13.70016
20.18016
19.61136
17.388
7.6392
19.94544
19.37232
20.30112
16.01136
16.4664
19.89216
9.41328
14.22576
21.87504
21.60576
20.53872
20.70864
13.0824
14.13648
14.18832
9.42624
9.58896
20.53296
18.6048
13.51152
7.00272
11.33568
6.86592
7.45632
6.34032
11.73312
16.65648
19.33056
19.224
13.6872
18.17856
13.08816
2.51424
11.52576
16.7904
18.3672
18.16416
12.57408
17.44992
17.75952
16.84944
8.53344
11.44368
3.83472
5.99904
15.68736
10.64016
13.7664
15.52032
5.43888
16.31088
16.32528
15.42672
2.0232
16.452
16.19424
12.14208
15.2424
13.92192
8.6328
9.29088
6.9696
11.34576
12.17376
9.14112
6.54624
13.76928
10.50768
9.82944
12.75552
13.91904
5.03568
5.45904
13.53744
7.93872
10.55808
2.5344
2.67408
5.32512
3.25152
2.24496
4.27104
10.728
9.756
1.9296
11.06496
10.67904
10.20816
11.03616
6.23808
10.14624
8.43552
6.35904
3.36096
6.22944
5.3064
8.83872
4.49424
7.8912
7.86096
8.11296
4.25376
8.74512
9.84672
9.53568
9.21312
3.00816
6.23664
2.4984
3.5856
1.69056
5.77008
3.11472
6.65424
8.10144
1.90656
5.23872
3.0672
6.49872
5.34816
1.656
8.00352
4.356
7.95312
4.2048
6.64848
6.37632
7.10352
6.98976
0.74304
7.5456
5.77584
7.14096
7.20144
7.65072
2.30832
7.34544
7.29504
7.20576
2.49552
3.48768
6.95952
7.16976
7.36416
6.87168
1.63152
5.36976
6.85296
7.40736
6.85008
6.99984
5.02416
5.93712
4.63248
0.9432
6.9336
6.10416
3.92544
3.46896
7.05168
7.31952
7.46352
6.37776
0.94752
3.32208
0.92016
2.0808
4.18176
1.85184
6.85296
7.60608
6.732
7.61184
2.86704
1.60128
6.33312
4.33296
7.96176
7.7616
4.42368
3.96864
8.9712
5.54832
7.47072
7.44048
1.66464
1.29888
5.26464
2.20464
6.68016
7.83792
9.27936
6.01488
5.7888
9.9648
10.1088
10.08432
10.20384
5.688
3.86352
4.11696
6.39072
5.01264
7.00992
6.52464
5.29776
10.08576
9.35856
4.8744
9.12528
7.19136
8.77392
5.06592
2.36736
11.09664
0.57312
8.01936
10.83744
6.80544
12.07008
11.24928
6.624
1.34352
12.97584
9.02448
7.60464
9.75456
13.12128
12.50064
12.13776
0.22032
8.04816
9.88272
9.70128
3.84192
1.60416
3.69216
5.8104
11.39472
12.0456
12.0528
14.4936
14.42304
13.18176
10.8216
16.19136
12.2256
13.27104
15.05664
11.97072
16.0416
12.87504
14.63184
14.90688
1.40112
8.7048
16.2576
14.51376
3.07152
17.86752
17.53776
14.2056
13.05072
11.0952
15.06528
3.86064
17.04384
15.4584
7.76592
3.99888
14.74704
8.73936
17.2368
19.07424
18.10368
7.85088
17.76096
18.88704
12.61728
17.964
12.03264
12.5424
10.15488
18.34992
18.26928
17.42976
10.8
14.44752
4.89456
13.02336
14.8176
14.11344
17.72784
16.6536
15.16896
16.66224
11.52432
12.8088
15.59232
18.53568
14.45472
10.67904
18.67248
17.0064
19.84608
19.74096
20.2464
19.61712
12.37968
8.00928
20.08368
16.44768
17.92368
20.1528
19.3608
20.8656
19.90944
18.71712
14.35824
10.72224
19.90656
19.89072
18.65952
19.3896
15.25392
12.90096
19.83312
18.72432
15.79824
4.23936
11.29104
16.04736
18.792
18.92448
19.44288
19.584
15.39504
13.4928
18.85824
18.65232
18.36
20.25072
17.6328
17.85168
17.13168
17.1792
19.86624
19.08432
15.12288
19.24992
17.78976
15.92784
12.1824
15.39648
16.9992
18.12672
16.46784
18.50976
16.524
17.5248
19.39392
17.41392
19.03104
17.97552
18.45792
19.15056
13.65264
14.70528
22.70592
22.14864
20.91456
17.3736
15.1272
13.51584
21.20688
16.8912
14.06448
21.528
16.47936
19.70064
14.04
11.91024
5.8752
17.964
9.83376
3.89664
16.23888
14.38272
17.73216
20.65968
19.79568
19.92384
12.19824
19.5552
10.06416
14.45472
11.17008
10.4616
12.46176
4.6224
14.08608
14.56272
13.42656
3.44448
17.8416
17.19792
16.42464
11.02464
12.22128
15.90912
16.02576
15.89904
13.32
10.63152
6.7536
3.80304
14.43024
11.45664
16.14816
11.15136
8.42544
15.94656
8.60832
1.9368
2.36016
10.8288
14.43744
13.76064
10.3104
7.3296
11.53152
11.14992
14.49504
11.66832
13.93056
11.62944
13.8312
10.81728
13.4136
2.37168
2.2176
11.64816
4.48416
2.1744
8.28432
12.40992
11.6568
9.63072
5.8248
2.14128
8.95248
8.2872
10.72656
9.15408
6.78096
11.07648
7.812
8.70048
6.22944
10.49184
7.67952
10.38096
5.6592
8.1864
4.6296
7.1064
4.83552
4.72608
10.224
3.72672
6.85008
7.32384
5.5224
3.48912
4.76352
8.08272
8.27712
6.32736
3.06576
1.33776
7.2432
7.82784
6.74208
3.2616
5.64336
7.00128
5.94
1.33056
4.5216
6.72048
2.71008
4.35456
6.86304
6.34896
2.3256
6.264
5.8752
5.57712
0.15696
5.11056
1.64736
6.87024
6.38208
6.69312
5.74848
2.40048
6.3432
1.98576
4.20192
5.10192
1.4112
5.01264
2.49552
6.45984
4.3128
3.2904
2.63808
6.46416
6.34608
6.00768
6.22944
6.38208
6.02928
6.06672
-99
-99
-99
-99
-99
-99
-99
-99
-99
-99
-99
-99
-99
-99
-99
-99
-99
-99
-99
-99
-99
-99
-99
-99
-99
-99
-99
-99
-99
-99
-99
-99
-99
-99
-99
-99
-99
-99
-99
-99
-99
-99
-99
-99
-99
-99
-99
-99
-99
-99
-99
-99
-99
-99
-99
-99
-99
-99
-99
-99
-99
-99
-99
-99
-99
-99
-99
-99
-99
-99
-99
-99
-99
-99
-99
-99
-99
-99
-99
-99
-99
-99
-99
-99
-99
-99
-99
-99
-99
-99
-99
-99
-99
-99
-99
-99
-99
-99
-99
-99
-99
-99
-99
-99
-99
-99
-99
-99
-99
-99
-99
-99
-99
-99
-99
-99
-99
-99
-99
-99
-99
-99
-99
-99
-99
-99
-99
-99
-99
-99
-99
-99
-99
-99
-99
-99
-99
-99
-99
-99
-99
-99
-99
-99
-99
-99
-99
-99
-99
-99
-99
-99
-99
-99
-99
-99
-99
-99
-99
-99
-99
-99
-99
-99
-99
-99
-99
-99
-99
-99
-99
-99
-99
-99
-99
-99
-99
-99
-99
-99
-99
-99
-99
-99
-99
-99
-99
-99
-99
-99
-99
-99
-99
-99
-99
-99
-99
-99
-99
-99
-99
-99
-99
-99
-99
-99
-99
-99
-99
-99
-99
-99
-99
-99
-99
-99
-99
-99
-99
-99
-99
-99
-99
-99
-99
-99
-99
-99
-99
-99
-99
-99
-99
-99
-99
-99
-99
-99
-99
-99
-99
-99
-99
-99
-99
-99
-99
-99
-99
-99
-99
-99
-99
-99
-99
-99
-99
-99
-99
-99
-99
-99
-99
-99
-99
-99
-99
-99
-99
-99
-99
-99
-99
-99
-99
-99
-99
-99
-99
-99
-99
-99
-99
-99
-99
-99
-99
-99
-99
-99
-99
-99
-99
-99
-99
-99
-99
-99
-99
-99
-99
-99
-99
-99
-99
-99
-99
-99
-99
-99
-99
-99
-99
-99
-99
-99
-99
-99
-99
-99
-99
-99
-99
-99
-99
-99
-99
-99
-99
-99
-99
-99
-99
-99
-99
-99
-99
-99
-99
-99
-99
-99
-99
-99
-99
-99
-99
-99
-99
-99
-99
-99
-99
1.89072
1.06704
1.48032
5.75136
6.20928
6.60528
5.22
6.37632
6.21648
6.22512
5.20848
6.55776
6.61248
5.2632
1.63728
5.51952
4.21488
5.868
5.14944
2.9304
4.97376
1.8936
5.48784
7.27776
6.93936
3.57696
5.51808
3.85488
6.87312
7.2
6.57648
7.59888
7.93296
7.0704
7.2504
5.48208
7.88256
7.85952
8.38656
8.4312
8.08128
7.05456
7.63344
5.51232
2.57184
4.19184
9.02304
9.23904
9.40608
9.33408
10.50624
10.70496
10.81296
6.7608
6.86016
9.82224
5.80608
9.3744
10.70352
4.96368
1.99008
1.19952
2.22336
9.65232
11.65968
12.2832
4.65696
2.75472
7.9056
9.13248
5.51664
12.05568
10.07568
13.9608
6.36336
12.6432
14.93856
15.15456
8.60112
14.02272
5.68656
8.31312
14.56128
11.82672
3.38112
15.75072
9.79632
14.93136
12.83904
9.16128
4.99248
16.94448
13.63392
9.42768
12.64176
17.02944
16.34688
13.31568
11.25936
4.50576
5.5728
14.30928
14.35248
18.63504
15.48432
18.42192
14.53824
18.61056
18.84384
6.08976
13.7664
7.9848
15.08256
9.37008
17.424
18.2304
15.16896
15.18912
16.15536
7.17552
6.50592
20.10528
7.07328
18.42912
21.13488
20.52
20.83968
19.69776
21.01824
19.44864
5.3856
13.22928
20.04624
21.84624
21.30192
21.17808
21.53088
15.36192
20.71008
20.70864
15.37488
1.74816
1.41696
12.35088
9.72576
21.64464
13.84848
12.71088
11.43216
7.47072
17.98416
7.35696
21.09744
21.55536
11.67552
11.42064
9.72864
1.52784
13.94064
9.24048
9.08208
20.97936
21.0168
5.04432
5.59296
13.4568
-99
20.97072
0.46224
-99
1.51632
17.61408
17.29296
0.49968
1.49616
5.74416
0.00288
-99
-99
-99
-99
24.64416
23.72832
23.62464
22.88304
24.22224
22.572
13.86288
21.9096
22.68
18.09936
23.03856
23.00112
21.72384
22.77504
17.92656
11.51136
21.7368
22.97808
17.80272
13.31712
20.96784
19.48608
21.15072
15.63408
15.83568
21.61008
16.19424
14.976
17.67024
18.99936
21.80304
22.67856
19.26576
10.59408
22.32
14.07024
20.06352
21.168
21.55248
21.6
20.85264
18.46656
21.62736
21.3984
18.44208
20.75472
20.376
20.43648
17.00064
19.86912
15.32304
15.38064
17.03664
16.61184
6.05088
19.78848
14.35824
12.20832
18.97488
14.0904
13.644
18.612
17.58816
8.02944
11.00736
6.15456
4.4928
9.74736
6.4008
8.12592
18.14832
18.12528
18.18576
17.55936
9.13824
17.45424
15.41376
11.84256
12.7584
14.19984
10.98144
17.11296
15.62688
8.74512
13.49424
12.81888
11.37024
16.8192
16.35552
16.48656
7.25328
8.73792
5.15088
12.15936
5.70816
10.76544
1.34784
3.75264
10.01376
11.44224
6.048
14.53536
14.33952
14.40864
9.14976
11.26224
10.39248
10.25568
13.48416
13.47984
13.10976
8.86464
5.04144
3.66624
12.07728
9.57312
1.60704
5.40144
9.9288
10.4976
10.29024
3.25152
2.16288
9.1224
8.21808
13.64544
1.93968
2.3256
5.6088
6.7752
7.29216
7.12656
1.10448
1.3968
10.13472
3.7512
11.27808
2.60784
11.3616
8.28432
6.9984
7.14816
9.04176
6.05376
9.47808
14.99184
6.08688
1.79568
8.31168
10.06704
3.456
11.89224
8.97624
3.00672
7.6968
8.40528
7.44624
5.20416
3.46752
7.13808
7.67808
6.2136
3.79008
6.6024
2.8584
4.5288
7.18848
6.8544
6.38928
4.6656
6.7752
4.99392
2.14272
2.2032
2.10816
1.656
2.1024
6.624
5.57136
6.15888
2.44512
1.80288
6.06672
6.71616
5.44464
6.55776
6.71616
6.51888
6.14448
6.19056
6.9552
1.0296
1.06128
1.15632
0.64512
3.88944
4.67856
3.59712
2.17728
0.67104
6.18624
6.55488
2.25792
3.40128
3.71232
2.96496
4.42224
7.15536
7.37424
7.46496
6.50448
7.48512
5.30928
6.52032
7.3296
6.41808
8.52192
8.72928
4.66992
4.7232
5.31216
8.93088
7.68816
9.51264
8.59248
2.8008
2.18016
1.48464
1.25136
2.34864
4.53456
9.26928
3.17664
5.92704
9.43056
8.26272
7.58016
6.09408
6.55344
8.33184
8.7408
8.53344
3.9024
7.1136
10.50192
10.82448
8.82432
8.8128
9.63216
11.13408
10.5624
10.19808
6.73632
11.808
11.91024
4.43664
3.42576
4.69872
2.55312
4.25088
10.09872
13.3056
13.3632
13.48416
4.49424
12.58128
3.9096
12.76848
15.18768
15.59664
15.44688
16.54416
16.75584
16.4664
16.4664
16.60176
13.43808
16.31376
17.84592
13.66848
17.41248
10.98144
17.6904
2.26512
8.8776
6.36336
2.82672
7.02144
2.89728
12.43872
16.11936
17.78976
17.25408
3.68064
4.5144
19.14336
2.4984
13.00464
6.8616
19.26
19.50768
14.94576
12.51216
12.74832
13.0968
20.03904
14.85216
15.28416
19.18944
22.51008
20.50704
14.78592
14.74128
20.98224
14.6736
22.00752
16.77744
14.77008
23.29632
21.3768
17.34912
22.88736
23.0544
23.08176
18.24192
14.39136
16.90848
10.64304
21.68064
9.81936
4.34304
23.35968
24.43104
22.19904
22.72896
23.7816
21.51504
21.8232
10.74816
14.2416
15.5376
11.50704
23.076
22.45392
22.40064
24.24528
24.59664
21.59136
23.9616
24.10416
23.99472
18.3672
8.07408
17.53056
18.4248
13.96944
21.93984
23.81904
23.6808
24.72768
23.49504
20.51712
16.24032
20.71296
23.9544
23.46912
11.90304
14.98896
19.63296
19.26288
23.77872
18.3096
19.52208
24.2496
24.0912
23.56848
22.64544
23.88384
22.8672
20.86848
22.80528
24.00624
22.34016
19.5984
9.47952
3.83184
3.13632
12.86352
6.85152
17.16336
23.62176
19.22112
17.784
18.81792
8.22384
24.5736
20.61648
22.9752
22.32
19.01952
22.60224
23.08752
19.80432
22.00608
19.65168
21.348
22.35744
21.88512
21.77424
15.0624
16.67088
15.768
19.46592
21.50784
21.29328
17.99568
19.764
12.6288
12.37104
20.6568
19.81584
20.52
20.49408
21.1752
20.5992
20.412
19.81152
20.75616
20.1024
19.58976
13.7664
19.42272
19.33632
7.9416
16.73136
18.792
18.63648
10.1952
14.51232
6.46272
9.61632
10.59408
9.90144
6.75216
9.9648
16.76592
18.40176
15.62832
18.30816
17.41536
15.88032
16.1208
9.37584
8.9712
2.62512
17.05392
9.70848
12.15504
15.13296
9.6768
14.11776
10.53504
15.51888
15.5736
13.86
13.7592
14.904
8.6544
13.48848
6.56352
12.99312
12.75552
9.11376
13.29696
13.63824
13.09392
12.44448
10.9512
10.4832
6.82848
13.17168
12.32064
13.38768
11.13696
9.6696
12.9312
12.88656
12.40992
4.5576
1.00368
4.77936
1.24992
11.36592
11.12688
7.8696
2.45088
6.42816
3.15504
9.60912
9.94608
7.29216
6.4512
7.17552
10.22976
8.77392
9.93888
9.73872
7.14096
7.41456
8.36784
8.50752
4.7448
5.88672
6.52896
7.35264
8.00928
7.87968
6.36048
6.20784
3.18672
6.72192
5.05728
5.54688
7.60752
7.67232
7.6032
7.56864
4.56912
7.74432
2.41344
6.66864
7.63632
6.71904
3.46176
3.52944
5.70528
6.67296
5.8176
6.56496
6.55344
6.66432
6.69456
3.93408
1.6344
0.96048
2.33424
4.34592
2.77776
6.35328
7.29936
7.2576
0.56736
1.13472
0.9648
0.72
6.52752
1.68912
6.87456
3.04704
3.20688
4.80528
5.30784
7.10064
4.7232
4.19472
1.16208
1.584
7.37856
0.9648
3.21984
4.48848
7.74576
6.38784
4.30416
7.40592
4.11984
7.59456
5.97456
1.66752
0.86976
1.28592
3.12912
8.16768
8.5176
4.46544
4.28544
0.78336
8.42544
7.13232
9.60192
7.43616
9.09504
2.9304
9.88704
5.77872
10.1088
1.86624
9.41616
10.41984
10.34208
1.27584
1.94976
11.2032
11.36016
10.91232
3.28464
7.28064
2.84688
3.05424
5.83632
10.45296
5.52096
12.61872
4.13136
6.6672
10.18656
13.00032
8.02944
13.3272
4.11408
8.85744
13.90464
10.79136
1.06992
13.95936
6.60384
14.29632
4.54896
2.38464
15.76656
12.64608
14.54832
2.38032
14.6736
16.25904
15.24672
16.42608
16.2648
13.40496
12.816
11.99088
3.8808
2.59632
12.19824
2.25504
4.53888
18.53856
18.63072
14.86512
11.88432
14.83056
17.87472
10.64016
16.26336
14.02992
11.6208
13.5432
13.47984
4.44384
6.47568
18.91584
19.78128
20.16
4.26096
6.8832
6.68016
11.74608
11.96928
15.34176
10.46016
18.88416
21.16224
18.80208
5.11056
9.86832
21.3336
20.22192
20.52864
21.78864
22.02336
21.19824
19.01664
10.13328
16.27632
2.21616
3.58416
15.76224
8.68032
16.42752
17.62848
14.2776
20.48976
19.03392
7.65072
11.81232
4.76064
19.95408
23.85216
24.17328
24.14592
23.80032
23.56128
23.74848
17.46432
24.31152
24.99552
23.97024
22.82544
23.12784
11.40768
23.1768
20.86416
18.49104
10.45008
9.88848
23.21712
24.53472
24.17904
5.93568
16.21584
21.7872
2.83536
13.84848
9.05616
20.664
24.01488
10.91232
15.40944
24.38064
20.23632
23.46912
19.55376
23.34096
25.9488
21.55392
20.42064
24.25392
24.68448
23.01408
23.49792
21.20256
21.33792
23.24448
23.82048
24.24816
22.78512
19.15632
23.44176
18.6408
24.13872
22.91904
18.80064
22.30704
22.96224
22.428
23.42448
22.47984
18.82512
21.86928
22.17888
21.34368
13.81104
21.23856
21.59712
13.87008
11.97648
21.15072
19.02384
21.708
23.12496
22.72608
15.78384
9.4392
13.212
18.85248
15.16032
15.50592
11.7432
10.20096
18.1152
18.5184
20.19312
16.04592
7.73856
16.1928
16.83792
9.52416
15.4008
15.76944
10.224
13.69728
20.39616
7.10352
18.09936
20.3976
20.9592
15.08544
19.28592
19.97856
19.8288
20.21328
19.8288
17.88336
13.5072
12.44592
6.34176
9.31392
18.32976
17.6832
15.08976
16.77744
9.83376
16.85232
11.38464
11.34144
17.32752
17.604
17.1432
9.60624
15.2928
8.55936
2.94912
2.51136
17.05536
2.61072
4.13424
11.25936
6.44832
11.25936
14.6232
9.8208
15.37632
12.13776
12.67632
10.14624
10.56384
6.36336
10.42416
14.07744
12.47328
13.69152
11.47392
4.21488
8.40384
4.38768
5.86944
2.916
5.75856
7.29648
11.43936
11.7864
11.0808
11.85696
11.844
9.57024
6.70032
7.91568
9.60336
9.08208
11.66832
12.05424
11.12112
9.10368
8.51904
5.6952
8.38368
5.17248
8.58672
10.2672
9.71856
9.7704
9.41184
6.15744
3.68784
8.47296
9.4104
9.56592
9.14112
8.63136
5.84928
6.1992
9.14256
2.93616
8.58672
3.37824
3.67056
7.8912
8.16048
8.46864
8.07264
8.04528
8.29872
7.812
6.5088
2.27952
2.76336
7.5384
5.89968
7.38864
7.32096
3.2616
3.91248
4.18464
5.63472
2.87712
6.88176
7.39008
5.6592
3.13632
3.29472
7.272
7.452
3.85776
4.77648
4.2552
6.75504
0.50832
1.72512
4.5072
7.2
7.40736
7.70976
6.8688
5.44608
5.148
2.56896
1.92816
3.18384
7.128
3.3912
5.67072
5.20992
4.33872
6.99552
7.46784
6.11424
5.04
7.5384
6.6816
7.62336
7.98336
8.06112
8.07984
7.66368
7.09056
3.09024
3.79152
8.62272
6.97248
8.60832
2.16144
-99
-99
-99
0.57168
0.20736
0.15984
5.49648
9.83376
10.36368
9.20448
10.13472
10.2168
10.53504
9.89424
9.99072
10.74096
10.9152
8.43264
10.32336
10.37232
1.86048
3.08736
11.04048
1.45728
12.3768
7.40592
4.0968
9.75456
7.25472
9.11376
11.20896
12.82608
7.14096
9.6624
9.22752
13.25376
7.16832
2.52864
9.31248
12.8664
14.54688
14.84352
6.67872
6.89616
14.56416
7.26336
0.58896
14.0832
1.43136
0.51552
5.51376
13.59216
15.39504
15.56064
12.60864
14.7384
13.35888
16.94016
16.71264
10.11888
15.08544
11.1816
15.2352
12.70224
12.92256
17.15328
17.97696
18.3096
9.18864
15.86304
17.97408
18.98064
19.11168
19.14912
19.29312
18.23472
18.74736
18.97488
12.55104
8.84736
17.98272
17.88768
20.12256
15.75648
-99
-99
16.47792
3.7152
13.13568
11.6712
7.39008
12.28464
21.32352
16.93872
9.82944
19.40256
18.61488
4.86
20.232
16.6464
20.90016
20.96064
3.25728
15.65568
22.44816
21.45312
22.87584
19.06704
21.9096
19.00512
23.54976
13.94352
19.02528
21.12192
21.74688
22.59648
22.31424
23.46768
23.91696
23.9688
23.86368
21.276
16.3152
12.81744
17.17632
17.16912
6.84
19.48896
8.02368
9.68256
16.85664
11.628
20.20896
9.65808
6.54768
13.7808
3.11616
13.43664
16.80768
16.2216
24.59088
23.7888
22.50576
22.8024
16.61184
14.66064
14.6304
23.42016
24.12432
21.35376
21.6144
23.98464
24.61824
24.56064
24.25392
22.41072
18.84672
-99
-99
-99
-99
-99
-99
23.54976
21.25296
22.51008
21.5784
22.80528
6.3936
22.18176
6.82272
17.13168
17.50464
9.09072
14.25456
20.9232
22.45104
19.84608
9.3096
0
-99
-99
-99
-99
22.4784
11.9808
6.79536
17.46432
12.70656
20.08656
20.35728
22.04064
18.28944
8.68752
13.30848
17.24976
22.05648
15.87312
18.77904
21.13056
19.98288
18.93312
20.68272
20.59344
20.7648
18.81072
20.67984
20.54304
20.7144
18.31392
17.81712
9.24192
11.38032
15.26112
19.84752
13.04352
11.95632
11.7576
7.8768
15.02208
13.53456
10.23408
15.15744
11.86992
14.84496
17.64576
13.72608
18.04752
17.91648
12.6072
12.87936
16.98624
16.07328
16.24032
17.11008
10.57392
4.14288
5.79744
-99
-99
15.86736
12.22416
3.9816
15.67152
15.27264
15.3144
15.10272
14.47776
13.95216
14.35392
15.08976
14.59152
14.09328
14.38704
11.63952
6.09408
13.30992
13.90032
13.72752
13.47984
13.5432
10.4472
11.94192
9.4896
7.48368
7.93872
11.52
10.50768
7.65504
3.9888
7.94736
4.04496
3.93264
11.80368
10.76832
1.33056
3.05424
4.96944
8.68032
5.46912
6.21072
7.66512
1.7136
1.19088
2.65248
1.77696
6.3864
9.39456
8.97552
8.04096
9.22464
6.3864
1.86768
1.55376
0.91296
1.59408
4.71312
5.01408
3.58992
6.4152
3.29904
2.7648
8.16192
7.7472
7.79472
8.21952
5.62032
4.68144
6.97392
7.42752
7.53984
6.16752
6.31008
7.16112
7.03152
7.21728
7.43616
5.85936
5.75856
6.54912
6.1632
7.1352
5.87376
5.82336
5.97744
3.51936
7.25616
7.28064
5.54256
4.97088
3.51504
6.50304
7.2504
5.85072
7.1208
6.89472
5.18832
7.28784
6.89472
7.07184
7.07904
7.07472
6.5376
6.67872
6.40944
1.46304
5.36256
7.6464
7.50672
7.34256
7.38576
6.57792
7.47792
8.08272
4.81968
6.31872
3.38832
7.43184
8.1792
7.90848
7.85232
8.29008
8.55216
8.24544
8.70624
8.8776
8.02224
3.48624
1.50048
6.10128
9.71712
4.84992
1.03536
2.63088
9.96336
10.55376
4.00896
10.7136
10.9728
7.97904
11.0088
10.8864
11.44224
11.13408
11.27232
7.36272
11.81952
11.8152
4.48704
11.77632
4.66992
12.43152
12.21264
12.61872
13.11984
12.12336
11.62944
12.89952
8.92512
9.46944
13.31136
13.30128
14.11776
11.11968
9.56448
14.9472
13.12272
14.41728
13.73472
13.9464
14.86224
15.15888
15.28704
15.51312
15.49152
15.70752
16.11936
15.78096
16.38864
14.47488
13.49424
0.75744
8.03232
16.88688
17.208
17.532
2.65968
6.88896
17.84448
17.98848
18.27648
18.11664
18.27792
17.30736
4.18896
3.27744
6.26544
6.444
17.34912
20.01168
10.37088
9.59904
19.66464
5.65488
13.75056
14.53536
11.7432
15.65136
21.55248
7.14528
14.18544
18.50832
16.49664
6.9192
12.13776
20.82384
14.71536
20.59776
7.58304
7.18704
22.9536
15.90192
22.89312
23.24016
23.04864
14.82336
20.01456
18.0648
21.62592
17.03376
21.82608
23.33952
23.5872
21.55536
16.64064
23.21136
21.92544
12.81168
7.59312
10.67328
10.83888
8.39232
12.07152
13.48128
23.81184
23.92416
23.98896
19.46016
23.6016
20.55168
23.17248
23.60736
23.18544
23.25168
23.46336
11.34576
14.06016
19.41984
19.09728
22.81104
15.2784
20.78784
15.04944
17.79264
23.93424
8.31168
21.68352
24.81408
24.91632
24.46704
21.99168
13.30416
23.652
24.27984
23.83776
23.92992
23.80896
24.04512
23.99472
23.14656
22.74192
21.90384
21.97008
6.19056
24.83712
23.62464
23.1624
12.132
21.48048
13.40784
19.9008
23.64048
19.66032
22.12272
19.0656
15.01056
16.056
15.32304
18.99936
24.09696
24.30144
23.67504
22.88592
12.75984
17.06256
22.38336
23.15952
23.00688
20.00592
18.51696
21.98448
19.9224
12.10752
20.23488
22.69296
22.07664
21.9888
21.924
21.47472
19.76832
21.26592
21.89808
20.79072
21.25872
19.52784
17.70624
20.75472
20.14704
18.21744
20.71584
20.1528
19.57392
17.38944
19.17792
19.28736
19.48464
19.35216
18.2448
13.34736
16.84656
12.36096
7.80912
16.71984
6.60384
18.99648
12.68496
13.44096
17.15328
18.216
17.0928
17.56512
17.15904
12.09168
15.5232
14.68656
11.93472
14.4792
15.44976
17.70768
14.23872
12.06576
4.77936
3.16656
4.5648
3.87936
10.14048
11.29536
4.94208
16.26192
14.13648
10.44288
6.0696
5.48784
0.66528
9.80928
15.07104
9.71856
13.86864
13.86288
13.60512
11.03904
12.02976
10.32624
11.9088
6.28848
5.48928
4.39344
6.50016
11.67552
13.25808
11.82096
9.59616
1.96272
3.61008
1.84752
6.26976
6.516
9.03168
11.03616
3.05568
4.6656
6.05952
11.95344
11.53008
2.51856
6.36336
10.73232
9.98208
5.148
4.18464
9.63504
5.6448
8.29152
9.4896
5.15232
6.04512
2.94336
9.38016
3.18672
2.89584
8.37216
4.61808
1.72656
4.55328
7.7832
8.60112
4.05504
5.61744
7.97472
5.66208
6.264
2.10528
1.67904
1.99152
6.16608
8.18352
7.20144
8.10432
7.60176
6.28992
7.66224
7.36992
7.25184
7.59312
7.62912
6.42384
3.63744
4.00464
5.328
3.04272
5.23584
7.09776
6.43968
6.44544
2.94768
3.81888
5.57712
5.17104
7.27344
6.3648
4.74192
6.48
7.20288
5.1552
7.29936
6.96096
7.1064
2.58768
7.40448
6.22944
6.4728
7.79328
7.63776
7.37712
7.6824
7.43328
5.5944
8.02512
6.6672
1.89504
4.96368
5.67936
4.0392
3.81024
3.492
1.44432
5.7672
5.71392
6.7536
7.33104
7.66656
9.74016
7.11648
5.11632
9.60336
8.47728
7.44048
9.48816
9.47664
7.14096
10.69488
10.15776
9.52704
9.87264
11.0304
5.75712
10.84176
7.02144
6.06096
11.052
11.54304
10.7352
8.43264
4.16448
4.38192
3.26448
6.57648
12.61152
4.37184
1.25136
9.31968
12.20832
5.45184
12.6144
9.05472
2.88288
2.23344
12.96288
12.38976
1.76688
0.89568
2.87712
11.53296
14.80896
14.44752
14.9544
13.50144
8.45712
1.18224
16.76016
16.63776
7.47216
4.81104
17.06544
11.99088
14.148
15.88032
17.00064
11.2608
9.8784
17.30016
13.71024
5.75712
13.49568
9.81648
13.0176
17.89056
10.65024
17.9064
11.33712
3.83472
3.47184
14.12064
18.05904
13.39488
19.692
17.424
17.58384
20.47968
20.53152
21.11472
18.8496
18.3888
20.59056
21.12192
13.1688
21.42288
12.80448
19.49328
21.11472
22.04784
3.12624
9.26208
4.2264
2.94336
2.14416
18.33984
22.81824
21.37104
23.47344
19.47312
21.69504
22.9536
19.8288
16.32528
15.5808
6.31728
16.2432
13.16448
20.07072
6.99552
5.52672
11.62656
19.73376
16.55712
16.1424
12.4128
17.9568
16.56576
22.83984
20.80656
15.27552
14.364
14.11344
14.47632
21.70224
18.7632
15.9624
22.82112
24.192
21.132
23.3208
22.4208
24.11568
19.85184
15.96096
13.99824
23.97456
22.7016
24.54048
23.93712
24.00336
23.64768
23.49504
19.8072
6.7464
25.14096
19.57104
19.01952
18.5904
8.91648
19.16064
19.37808
16.66512
21.81312
18.08352
23.16384
13.09824
24.15312
22.54608
21.33504
13.5864
23.75136
24.2928
23.796
21.15504
23.4144
22.40064
16.79184
23.2632
20.94912
21.888
23.12928
22.9248
20.55024
18.53424
19.39824
20.28384
21.55824
22.53168
22.0536
21.59568
22.77792
21.32208
18.98928
20.55168
23.24448
19.99872
23.02848
23.37984
21.61008
10.40544
21.89808
20.50992
18.44928
8.61408
20.50848
22.5288
18.53712
21.80592
21.31632
20.06784
19.37952
21.01824
14.50368
15.76944
19.18224
17.9928
19.5408
15.22512
13.96368
13.68864
13.24656
14.52528
2.77056
17.50896
8.39808
11.21904
15.34176
18.47952
18.94608
15.1488
19.19376
18.01296
18.73152
16.12656
5.43888
8.14752
10.65312
16.04592
4.94928
11.46528
14.0616
16.13664
2.35584
17.21232
6.7608
17.32896
13.57632
16.74288
15.97248
12.8232
15.57216
9.63504
15.64128
14.46336
14.00976
6.51888
13.65552
11.1816
13.6368
11.98944
3.52224
1.34928
14.25168
9.2592
13.75488
7.95168
6.68592
9.37152
1.97856
10.5984
12.01968
11.94192
8.0568
12.4776
2.64816
5.6736
5.1336
9.08208
10.65312
8.99712
10.116
9.54288
6.67872
5.26752
11.20752
10.80576
1.09584
4.00176
10.692
9.36
9.03312
5.94432
4.284
9.0432
9.92304
9.76608
8.84736
7.84944
7.06464
9.49248
9.5256
5.27904
8.98992
8.78256
0.42192
1.78128
1.26864
6.38928
8.37504
5.68944
8.73648
6.69312
4.97952
8.65296
7.82064
7.74144
8.0352
7.77888
2.9736
7.61184
2.01744
7.39584
8.16192
8.064
7.80336
7.56432
6.77952
7.06752
7.03584
2.54592
6.72192
7.3224
6.99552
7.3296
3.09456
2.14848
6.7104
1.52496
3.64032
4.98816
7.27488
4.86576
3.26016
1.32912
7.42464
6.5808
6.96816
7.37856
6.74496
4.93344
6.57504
5.00544
4.39776
3.70512
6.46416
7.48368
7.34256
6.6528
6.94368
3.56112
2.3616
6.46992
2.64528
5.26032
5.2416
1.29168
7.8624
0.9792
6.38784
6.90624
9.04752
1.90368
8.26704
6.59952
2.71872
8.11296
9.53568
6.51168
7.19856
8.70624
8.44704
2.05056
10.42272
7.53264
9.87408
7.03008
9.79344
10.92528
5.9112
4.41648
6.17184
7.46352
11.3472
10.69776
11.0232
-99
-99
10.75248
3.72528
10.15344
11.35296
6.40224
12.9456
13.12272
8.676
9.83088
11.58192
6.51312
11.39904
8.60544
13.09248
10.76544
13.14432
12.05568
10.50048
15.17328
15.04224
15.4296
14.30352
10.16064
13.5072
14.508
9.93456
15.91344
16.26768
16.59744
15.85152
14.42736
12.01824
8.37792
9.62784
16.68096
11.42064
14.56848
11.18592
17.67744
13.25376
9.34272
0.93456
8.24688
14.2272
5.78736
1.92672
16.1424
19.54512
19.39248
19.43424
16.20576
19.01376
19.21824
15.87312
12.4128
18.54576
19.2672
17.85024
19.46016
16.37136
19.4544
13.51584
6.67008
5.0256
11.24064
18.63216
19.656
17.712
18.69984
21.44304
20.45808
13.88016
19.64304
21.58272
17.48304
22.09824
20.3184
23.3928
19.01664
16.4736
20.10528
22.47552
20.73744
16.2648
10.46016
4.85856
23.65056
23.1984
23.65344
18.07488
12.27312
17.12592
3.15072
7.78032
17.38368
23.83056
16.99488
15.53328
8.28288
20.58048
9.17136
11.7288
7.5672
16.69392
24.45552
20.66112
21.96
18.61776
23.98464
18.144
23.99904
23.43456
18.62208
22.52448
23.04144
17.62704
18.90432
6.26256
16.1208
16.4736
10.31472
22.36176
22.87008
24.52896
23.78736
12.01824
20.916
11.08512
12.27168
17.91792
20.34
24.1776
17.49744
18.45936
15.38784
10.99152
14.49504
21.72672
23.96736
18.64512
4.47552
22.72464
16.89696
24.66288
24.40656
16.95024
22.72464
7.13664
12.37104
23.7312
23.40864
19.90368
17.99712
19.1376
22.95792
23.9616
23.82048
22.28112
15.17904
21.93696
19.55808
7.76304
17.20224
23.46336
23.10768
16.29504
13.22064
19.11456
18.0504
19.8216
18.28224
16.75872
20.484
17.04672
21.08736
20.66832
11.96928
13.07808
16.80192
6.1272
11.49984
18.54864
14.11776
13.11408
9.70272
10.22832
4.63104
14.57712
13.8312
14.90256
19.92384
18.67824
18.82944
11.03472
17.5968
17.68896
12.49632
8.68608
18.144
4.76064
5.63184
12.02544
11.21904
13.32432
14.6088
17.56512
16.78896
14.51808
8.33328
9.10512
16.0488
12.22848
11.2608
10.32192
14.45328
14.0976
9.66672
2.24784
4.67424
6.93072
11.70864
13.01904
15.73488
1.92672
12.09168
5.48352
11.4408
14.75424
13.73472
14.20848
9.93744
8.34336
12.84048
14.23584
13.23792
7.78896
12.46032
10.64016
13.3056
4.73472
10.15488
11.78928
7.14528
12.83184
11.78784
11.89728
10.62432
12.08448
11.96208
11.4696
11.00304
10.55232
5.59296
5.43024
8.57952
5.74848
5.55984
6.35904
6.29712
6.0048
3.34224
8.34336
10.50192
9.9288
2.5344
3.42576
4.27104
2.69424
9.55296
9.14112
2.36592
9.27648
8.8488
7.94592
8.46288
8.56944
6.53616
5.832
3.30336
5.0328
2.92608
1.3608
3.1824
3.92256
3.53664
0.66384
1.66752
4.1616
6.7392
2.25504
1.5984
6.17904
7.59744
7.60896
5.03712
7.55856
5.9688
7.40736
7.11072
5.72832
2.8584
1.39536
5.63472
3.1536
6.04224
7.25328
6.04656
7.56
7.2504
7.2792
6.97536
7.22016
5.1048
3.85776
7.54992
7.62192
7.47936
7.53408
7.0488
7.53696
7.45344
7.69104
7.63344
7.47792
3.05568
8.05392
8.06976
7.8336
7.38576
8.3736
6.31152
7.40016
7.8768
2.87568
8.28288
8.388
1.65168
5.01696
6.2352
7.94448
9.01872
8.75088
9.10512
4.57776
5.58864
8.568
7.1136
4.03776
8.7264
10.01952
6.74928
3.58128
3.71088
9.05328
9.90432
9.17568
11.06784
11.00592
11.4984
8.59248
8.2224
10.91664
4.53456
5.2848
10.64592
3.66912
9.25632
11.84256
11.20608
4.74912
13.6224
8.964
13.5
8.75808
6.23088
9.97488
11.304
10.71792
8.69184
12.59424
1.7928
15.56208
14.99904
13.98384
12.13632
14.42304
15.06384
14.184
14.50368
12.41712
3.68784
16.39152
11.49264
15.98544
9.50688
13.40928
7.49232
1.97424
9.99072
4.54896
2.95632
7.63056
17.74512
18.31392
16.68672
13.56624
11.16576
18.648
9.36144
19.0368
17.3304
10.66608
10.57248
18.16704
18.8496
20.61504
20.55024
18.7128
17.6184
19.72656
20.32848
21.08016
16.92864
11.86128
18.69408
18.88128
11.43936
10.97712
21.56112
11.7072
21.2184
18.42624
7.11504
7.28784
15.03216
21.91968
14.616
19.3968
15.55056
19.58688
21.11472
14.48496
14.436
22.44816
22.25088
22.12704
23.00544
22.14576
22.41072
23.51088
20.26224
16.37424
21.75408
22.71744
23.80896
24.00192
5.58432
8.8056
22.83696
24.5592
22.59648
20.92896
19.61712
21.8808
20.04768
24.64272
23.63904
23.796
23.4864
23.5008
24.30288
10.84032
24.7608
25.27344
25.22448
24.56208
18.77616
12.65472
21.16944
18.14544
20.5704
17.55648
21.2616
10.48608
16.81344
24.77952
24.86304
22.97376
24.96528
24.39936
23.82912
19.64592
24.05376
24.43392
24.88608
23.84352
24.51744
24.69024
23.91984
23.49216
18.20304
22.77936
22.53744
22.74912
23.27472
23.36688
15.57504
24.11568
24.30432
20.3904
22.73472
17.25984
22.46688
20.30832
22.07088
21.80304
21.80304
21.03984
16.67808
21.53952
22.1256
21.50208
21.62736
11.80512
16.73136
7.46064
3.98016
15.13152
10.94976
15.85584
15.34752
22.72896
21.29472
18.61056
21.3984
21.73248
20.26656
9.35136
18.73152
22.47552
21.73248
8.03808
9.75456
16.092
7.74432
16.63056
11.41632
9.31104
18.70992
13.23792
15.49728
14.20992
17.856
20.16432
19.0728
16.91856
18.936
17.79552
19.80576
18.52992
15.52464
17.30448
6.84144
12.8232
5.0976
14.9616
13.56768
13.83552
16.95744
17.45568
5.45616
9.08352
12.18672
14.22288
11.12256
9.12528
13.50144
17.88192
14.60304
10.6488
14.112
12.31632
10.26432
13.572
15.2856
16.0632
6.46704
9.34416
15.33168
6.59664
1.7496
6.9624
14.23584
4.15008
6.80832
10.01808
14.20992
10.88208
8.77248
10.85328
13.34016
12.3048
7.80192
3.14928
7.16256
10.51344
7.68528
10.22976
4.82976
4.56192
2.78064
7.84368
12.00528
11.45088
0.0432
5.01264
3.14496
5.69088
10.14048
9.76464
10.5552
10.9584
9.0648
0.68688
8.30592
10.13472
9.05472
9.85248
9.62208
7.25328
9.74736
9.69408
9.51408
8.77392
5.3712
9.22608
9.07344
9.19584
9.1296
8.34336
8.31744
7.83936
4.86144
8.40384
8.64576
8.78256
6.48864
7.45776
8.33184
7.45344
7.9056
7.956
7.95168
6.55344
5.47056
6.93936
2.90016
3.57552
2.2752
3.61872
5.97888
6.99408
6.31728
5.03712
6.51456
4.68144
6.11568
6.372
5.7744
5.9472
4.4136
1.18368
6.68736
6.85584
5.5656
3.0672
5.99328
7.092
7.24176
5.00688
6.10416
7.08336
6.77952
2.2968
5.56992
3.29328
2.0664
6.1056
6.36912
4.45824
7.51968
4.70736
6.18336
5.23008
8.01216
6.45696
3.79584
2.98512
8.74224
8.27424
5.9472
8.22096
7.75296
5.18256
4.91472
7.7184
2.2608
5.46768
7.70112
9.02304
8.23536
3.34368
7.86384
6.65712
9.98496
8.84016
8.93664
10.43424
10.13472
4.55616
6.50736
10.46736
7.0992
6.23088
2.19168
5.64192
9.19872
11.3472
12.30192
12.22416
12.50064
5.7456
6.09408
12.69216
10.53792
9.78336
11.34864
11.06352
10.908
7.81632
6.61392
11.28816
12.32208
13.83552
11.70144
13.80816
14.35824
14.95584
12.3912
14.15376
9.8064
4.428
14.40864
15.72192
15.58944
14.03712
9.576
6.15024
9.30096
6.73488
10.96128
2.14128
11.60208
10.3752
12.96432
16.59888
17.77248
12.2256
11.67264
12.40848
11.22048
15.26256
18.37152
16.25904
3.94992
9.78048
15.0696
5.7168
2.28384
17.17056
19.80432
13.21632
19.72656
18.21456
20.34144
18.03744
19.91376
20.8296
19.18656
20.8152
18.3528
20.69712
18.24192
17.0784
9.4608
9.35568
18.43344
21.76848
19.99728
19.54512
3.3408
5.24736
13.05504
5.71248
23.75712
23.51088
22.8528
23.41008
22.28544
9.75168
8.04816
3.12336
1.9224
9.60624
14.0688
16.23024
17.38512
21.05856
23.28192
20.39472
14.92848
21.67056
20.53152
20.9952
24.30144
13.95648
24.372
22.27104
18.8064
22.02912
23.47344
12.49776
25.3728
17.67024
21.8736
25.02
24.3
23.80608
14.8176
24.57216
20.592
24.52176
23.26608
21.87936
20.99664
18.38016
18.03168
12.94272
24.99552
18.98208
17.8272
16.21152
14.59872
25.73136
24.57504
24.804
25.02864
25.42608
24.96672
23.88096
20.1024
22.11408
23.08176
17.08416
21.81888
13.95072
21.21552
11.30544
22.87152
19.93392
23.37696
21.63312
21.18528
23.96016
24.1488
22.36896
22.6872
19.40976
23.58
24.05088
20.51424
24.33456
24.99552
24.84576
18.22176
19.64304
12.95568
20.89584
23.45472
23.28768
23.4072
19.68912
22.99392
21.75984
22.24368
18.37152
19.50048
20.31264
22.28688
19.63152
13.44528
18.50832
22.16304
22.39344
18.2952
14.4
21.41424
21.50352
21.99024
21.7872
22.07808
16.65504
17.66736
12.33792
20.05632
14.06304
20.63808
19.89648
20.67984
20.69568
20.55312
20.52288
19.64016
18.73728
6.76512
9.07056
18.8928
18.576
18.28656
17.84736
15.9048
18.34272
18.30384
18.2592
15.46272
12.71232
12.8952
17.34624
17.3376
16.34976
12.79872
11.72448
16.72272
10.99296
15.60816
17.0856
9.03168
14.15232
8.97696
6.8616
-99
-99
-99
-99
2.98944
17.94672
18.17712
11.09808
7.41744
9.52848
5.8536
13.07808
4.59072
9.45504
3.07152
5.37264
2.0664
6.264
3.91968
3.5208
10.09008
12.2616
11.20464
5.472
8.55072
3.492
2.58912
2.37744
4.10832
7.03872
8.62704
2.33856
4.11984
5.05152
9.1224
11.0592
10.02816
5.83056
9.92016
9.96048
8.72352
5.80032
4.63824
9.36432
7.01856
10.06704
9.74016
9.23616
9.06336
4.98672
5.03568
8.54928
8.8344
8.532
8.28432
7.55568
5.28768
5.34528
1.11024
4.19904
0.96192
6.51168
7.58016
2.38032
5.70816
5.46048
5.58576
6.78816
7.92864
8.01648
5.98464
2.30256
3.45456
7.3008
7.308
7.27344
7.28064
6.67008
7.16688
6.79824
6.49296
5.95584
3.39552
1.70064
4.87728
5.43312
0.97488
2.81664
5.89104
6.7608
7.05024
6.97104
6.14592
7.09488
6.50736
7.488
7.5816
4.45392
5.59728
7.3512
6.85008
4.63536
6.95952
6.88464
7.1064
7.03152
7.4808
7.04304
2.1384
7.86384
7.668
7.79616
8.17776
8.1792
8.06832
8.44704
8.48304
5.4936
1.95696
3.16656
2.7504
2.13984
7.86672
0.93312
5.11488
0.80352
4.30704
9.30528
9.58896
6.87168
7.5168
6.35616
6.51168
5.7168
6.4656
9.60624
9.40176
10.20816
11.14992
5.85792
3.92688
1.10448
0.73872
11.12976
8.352
9.03744
11.78064
10.42416
12.05856
12.41856
12.46464
12.61152
5.21856
1.47744
13.38192
12.99456
11.93904
0.10224
-99
9.82944
2.628
10.944
11.70576
13.5504
13.5792
11.64096
14.76
15.23952
14.16672
8.21664
12.8016
15.29856
15.17472
15.57648
12.18096
16.06608
16.57728
16.5528
7.33536
13.3488
6.43536
3.22128
10.86912
17.39664
8.17344
18.15408
18.35424
18.6264
11.58048
4.14144
18.51984
17.18352
19.00944
9.48096
19.39392
19.56096
20.10384
20.1168
20.11536
19.332
20.46528
20.09664
20.27376
15.5736
20.59488
20.44224
8.0568
6.94224
21.11472
22.04064
21.85344
19.9872
22.08528
18.0576
2.34432
4.79952
22.04496
16.40016
6.19488
17.66592
12.53952
5.08896
20.79792
17.86464
23.86512
20.9808
21.44736
20.42784
12.92832
14.0328
23.60736
23.04
22.05504
23.66352
22.8888
20.78064
17.29152
24.08832
22.22208
23.69232
23.34816
23.50224
23.616
24.17184
24.16608
21.46032
22.23792
12.89376
9.68976
23.38272
23.63328
23.54832
14.37264
10.6128
13.15152
21.26016
7.7976
23.5368
19.88928
24.5232
24.79392
24.53616
25.28352
24.51168
23.29344
24.07536
24.07536
24.77952
24.35328
24.58368
19.692
23.7168
23.67504
22.28544
8.36064
20.38608
16.17984
20.01024
23.64048
21.59856
20.82672
25.14384
24.92064
24.98544
25.19568
22.24368
29.85984
29.85984
29.85984
32.24304
25.73712
23.21712
15.91344
4.7232
20.16144
22.11552
22.70016
22.13136
20.49984
18.48816
14.64336
17.69328
13.66848
23.04
14.94
16.14096
22.49424
20.25792
22.23792
22.02768
20.91024
7.3872
18.68688
18.09072
21.35088
20.87136
19.63872
18.93744
10.69632
14.34672
21.096
13.66128
17.80848
20.29824
21.60288
15.78528
17.37072
20.58768
19.93824
7.84512
11.90304
14.06304
20.88
18.75744
17.53488
18.03168
17.4816
15.77232
16.33248
12.2904
13.9104
4.64688
10.23552
19.12752
11.844
16.28352
18.61056
6.10128
8.69328
7.4088
4.26384
17.41824
16.01136
6.57072
12.74832
6.71328
1.73376
15.52464
16.24608
9.86256
10.84896
14.81904
10.96992
5.73552
9.27936
15.43248
10.19376
11.72592
10.46592
9.26928
12.59424
7.88544
2.49408
7.13376
8.68896
3.61152
14.30784
7.34544
11.82096
14.02848
7.18848
9.93312
11.68992
8.15904
11.98368
7.39296
10.50912
10.34352
11.48256
5.92128
1.62288
6.89472
11.70288
11.06928
10.2312
11.05632
11.21616
10.91088
10.3536
8.2368
11.31696
10.78128
7.92
8.89488
6.39648
6.0912
5.92848
9.9288
10.25568
10.20816
4.09824
9.04176
8.31888
3.9096
9.3096
9.56736
9.35568
9.18288
7.24752
4.34304
7.66368
8.58672
7.29936
8.38224
8.01504
7.11072
6.14736
2.33136
7.488
7.1208
8.11152
4.33872
8.13888
3.16944
4.90608
8.01792
7.65216
7.54992
7.42752
6.15168
3.23856
3.74544
3.54384
1.72368
3.49488
5.37984
2.79216
6.13584
7.47792
7.33536
2.03184
6.22512
6.08832
6.408
5.73984
6.94368
7.14384
4.15584
5.62464
7.28784
5.55696
4.40928
6.93936
5.58
6.92784
6.12288
5.5728
7.2216
7.43616
3.52368
0.49536
6.6528
7.2504
5.66928
7.89408
7.8624
4.63824
7.55712
7.92
8.00208
7.96608
8.27568
5.31792
8.04384
7.69392
8.57376
8.30592
8.5968
1.5264
0.66672
6.44544
8.99856
9.34128
9.26496
9.58608
2.38032
4.7736
8.68176
1.13472
1.60272
5.43024
10.67472
4.99248
9.9
11.05632
9.84672
0.80784
8.16912
5.30064
11.32704
6.22224
3.41424
11.1816
2.96784
7.02144
9.07488
9.91008
10.96416
12.92256
12.8232
3.2616
2.05488
1.44432
4.2984
10.38528
13.36896
7.34976
6.48288
14.26464
15.19344
7.89984
14.02416
14.1768
9.88128
14.3784
7.8192
11.4192
12.81888
13.92192
9.29808
16.17552
12.32064
11.34
16.65648
15.99408
12.10032
2.03184
6.07824
15.42672
16.06176
11.06928
16.6896
16.95024
17.38512
18.5832
14.38272
16.60752
19.23408
18.00576
13.3272
6.6888
4.80096
17.96832
11.8584
8.54928
16.44912
2.32272
2.9592
18.9864
6.47856
20.81664
20.69856
20.23632
20.4624
20.83536
18.48384
16.51824
19.20384
19.73664
18.98496
20.20896
19.41696
9.3528
9.7992
10.39392
23.12928
13.51152
8.09136
6.66576
11.2464
16.46208
14.83488
14.07744
12.34656
22.89744
6.93216
11.27088
19.8288
22.22352
20.46528
20.78784
18.08352
20.53296
22.11984
21.65616
14.58288
21.93696
22.51872
20.37888
14.4144
18.44496
11.08512
19.6632
15.34608
21.44592
22.98528
15.2712
4.26384
23.37264
9.19296
9.98496
10.65024
22.58352
20.74752
17.712
21.1032
18.44064
21.22272
21.63168
18.96048
23.03136
17.74656
24.75072
24.73056
24.72048
13.46544
23.59584
23.83488
22.63104
23.83632
22.9824
22.68576
18.07488
23.04576
24.03648
21.63888
18.45936
24.5016
24.51456
12.30192
13.87296
20.06352
22.7304
22.80816
21.81888
16.33824
22.93344
15.38208
23.1912
22.65696
14.89536
23.10048
22.05504
23.4
22.06944
17.91216
13.35312
23.47632
20.63952
21.37248
23.22432
21.54096
21.11616
19.2024
21.46608
22.35024
21.816
21.024
21.08016
20.4624
20.08944
19.36656
16.632
14.70384
7.85232
20.6352
20.99088
13.716
15.9984
14.84496
20.30832
11.3472
9.69984
18.1296
20.48256
20.37456
19.21536
19.72656
19.25856
18.96048
10.30032
10.91808
9.99936
16.3656
12.9816
14.58576
3.7656
6.36048
16.16256
4.4136
16.58592
11.9448
11.81376
11.96064
6.0984
7.55712
6.18192
15.68736
8.88336
16.66368
12.62448
6.40656
11.83104
13.12992
5.8104
14.49216
16.236
14.80608
13.29264
15.30288
6.74208
15.3216
12.08736
15.192
15.3864
14.69376
13.82832
11.7576
15.08688
14.57856
14.38704
14.00544
8.72928
8.78256
6.68016
6.66
10.08864
11.96784
6.14016
3.05856
5.27616
10.32192
13.10832
10.53648
4.248
8.57664
9.64224
11.45376
10.69056
11.66544
12.02544
11.42928
5.73264
0.81648
3.8376
5.59296
9.67104
3.29904
9.28512
6.68448
10.35648
7.27488
3.55824
7.40304
8.95824
4.19184
2.24784
8.65152
8.92512
5.73696
7.90416
5.07456
1.10736
2.49696
2.32992
3.18384
4.84272
3.78144
7.50096
2.69136
1.3824
8.2296
4.2696
4.33872
7.80192
6.79968
5.26032
4.86576
5.87088
6.84144
5.05584
7.00704
6.984
7.02576
7.40592
5.23152
6.84144
5.98176
6.54048
4.57488
1.08144
3.88368
6.23664
2.12256
6.2208
4.05072
6.70608
6.588
5.75568
6.51456
6.37344
6.81696
4.25664
3.19104
6.86592
6.68304
7.05456
7.4232
7.17408
4.31424
7.50384
7.24032
6.43104
7.46064
7.86672
7.00272
7.4664
7.7184
7.65504
7.89264
7.70976
6.62976
5.46192
8.15616
4.25232
5.31216
3.168
6.46704
1.63728
8.52336
7.10352
7.59744
9.19008
8.75664
9.1224
8.7048
8.82
2.57904
9.40896
6.05664
6.02928
6.91632
10.30752
10.6128
10.45584
9.94176
8.31312
9.95472
10.2744
8.7984
10.04688
11.4984
11.47248
11.85696
11.95488
12.10752
11.88432
8.2224
6.56352
5.94
12.1104
12.84768
12.42576
12.59136
12.63744
13.02336
13.55328
12.7944
11.23344
13.23936
13.1544
11.7288
12.11472
2.80368
12.77856
14.35392
14.50656
14.7024
9.69696
10.3248
2.916
15.00048
15.83712
16.36992
12.07728
11.47392
11.8944
16.77312
16.89264
16.52688
17.47008
17.172
16.84224
18.23328
18.0432
17.7696
17.98272
15.38208
11.17152
17.50752
12.92832
8.00352
19.69344
5.59872
15.16176
14.60736
16.74864
6.12144
14.07168
15.64416
20.33136
20.51424
16.81776
16.09488
15.73776
13.09968
9.7776
14.63328
4.17312
11.9952
3.64032
13.82688
18.22176
7.75296
22.42512
20.32416
6.11424
10.71648
15.94368
21.3048
12.47328
2.02464
22.212
24.07968
20.45376
3.84624
13.57776
17.64144
20.29824
16.90704
24.23952
18.7056
23.18688
19.45152
20.60064
5.8176
14.2776
11.49552
23.77872
24.15888
24.09264
22.43376
2.42064
-99
0.16416
23.1624
9.54864
23.47056
24.56064
24.7968
25.08768
24.78816
22.94208
24.36192
16.43616
11.64816
20.39328
24.40224
12.35664
23.61744
2.21472
22.07232
22.74048
17.98848
19.01952
24.23232
25.37136
24.2496
24.7752
20.22336
21.07728
23.38272
24.0264
23.07168
23.58576
23.8536
24.1488
24.4584
24.08976
24.15744
23.93856
23.41584
23.19984
23.1768
23.57712
21.72528
17.77392
6.47424
15.7104
24.16032
24.0912
23.47056
21.99888
14.17248
19.42704
23.92992
14.40576
21.72384
15.70032
22.716
21.3048
22.47696
22.66704
22.35456
22.43952
19.23408
9.02304
23.75856
22.44096
16.63488
18.40176
20.736
22.35168
22.17744
21.71664
21.50064
19.37232
10.49472
20.46672
21.86208
20.56032
20.34
15.54768
20.11536
18.12528
15.04368
10.548
20.37168
19.71072
14.10336
11.43648
18.92736
19.17216
19.53648
19.33632
19.9656
16.25184
5.48928
18.90864
18.09216
18.98064
16.20144
12.54816
13.99104
18.34848
18.78048
13.1256
17.24256
16.2
9.88704
15.6528
1.92528
13.23792
17.40528
7.94016
13.62672
15.33312
14.11488
16.40016
15.89328
14.41872
15.17472
4.212
14.03136
10.92816
15.95376
12.23424
13.5936
6.46992
13.3776
15.19776
13.92768
14.29488
13.63248
14.00112
12.90816
3.73392
3.40848
13.44816
11.60352
3.63024
4.392
5.0976
5.81184
5.85648
6.76512
13.21632
12.06288
12.24288
7.44192
8.85456
7.9632
2.27952
2.5992
5.6304
11.49552
11.48256
11.0448
10.58976
5.10192
8.73216
10.22832
5.20848
5.77008
8.70768
8.9208
7.92144
9.52128
9.99072
5.6808
8.74944
7.5528
7.40736
7.9272
9.27936
4.02768
1.96992
7.35552
8.30448
7.10064
5.98752
8.52768
5.95152
6.34032
5.49648
7.77744
8.14176
7.74
7.51824
6.79824
6.72768
5.7816
7.40592
6.3504
4.90896
4.4712
0.19728
1.60272
5.46624
7.0272
7.19712
7.20144
5.80464
4.23072
4.08528
4.30992
6.96672
7.03296
1.50912
2.96784
4.06224
3.25872
3.18384
5.34672
6.98256
6.55056
6.31728
6.95664
6.18336
6.96528
6.54624
4.10256
4.18608
6.12288
7.05744
6.25536
5.54544
7.25472
7.37856
7.21152
7.4736
7.03296
6.11856
2.03184
7.74432
7.93728
7.11072
8.01792
7.1928
7.79472
7.91712
7.43328
3.54096
2.8368
0.16272
0.54432
7.13808
8.03664
3.59424
7.1928
6.88176
5.07024
5.52096
7.236
9.0288
7.7688
9.44064
8.37648
8.6544
10.296
10.35504
4.80816
4.7376
9.88848
10.3248
6.25248
1.06992
10.45296
3.22704
11.0736
4.3776
10.49904
10.41696
12.0024
11.7144
12.13056
12.06288
12.90096
12.96432
6.82704
13.31712
11.30832
5.06736
9.63936
11.42208
12.29184
5.8176
6.79248
10.34928
11.29824
15.08688
13.66416
13.9608
11.2824
15.10128
14.20992
13.57056
6.80544
10.0584
0.60768
6.26112
13.20624
15.23088
15.52752
15.3936
7.1208
7.43616
11.12544
8.33616
11.58048
10.34064
14.98752
17.17776
2.00016
4.13856
1.26576
8.39088
15.72624
19.39248
19.89648
18.01296
13.50288
18.04032
18.0864
18.72288
16.30224
18.74304
1.80288
19.58544
15.81408
17.5176
12.9744
9.48672
1.88064
4.69008
1.87344
11.052
14.67216
21.76848
21.5928
19.91952
10.03248
20.46384
19.64016
17.98992
19.67472
22.01328
22.66704
22.01472
13.81104
20.89152
20.1744
21.50352
4.43232
4.1904
21.7656
11.30832
18.6552
3.82032
19.9728
9.76608
18.26352
23.64048
24.14736
24.06816
23.00976
24.31872
22.54032
16.92288
20.94336
23.95728
24.56064
23.9904
20.89152
17.55216
18.66816
9.84528
16.812
18.52128
10.52352
24.23664
20.53008
10.66608
10.0224
13.35168
21.21696
9.34992
22.9968
23.31072
14.59152
22.56624
7.1208
19.54224
17.32896
17.78832
15.90336
23.87376
23.5872
24.77808
24.43104
23.868
24.14304
22.65696
24.15744
13.10976
12.48768
24.1272
22.40352
9.90576
20.73024
24.56928
23.76432
15.78672
23.58432
21.49632
16.9632
23.01696
17.30304
18.468
21.16368
20.65104
9.59616
15.00192
20.41632
24.08256
17.2296
23.36688
18.52992
22.37616
19.50912
21.53376
21.672
22.52304
19.296
22.10112
22.0896
19.29312
22.04352
21.07152
17.25696
13.16592
20.51856
22.57056
22.12704
19.35504
20.80656
17.40528
16.77456
17.2872
16.43904
15.44256
18.50112
12.59856
16.28208
10.82304
20.54448
20.65248
18.57888
19.3104
13.31424
8.83584
18.20736
19.66464
13.16016
14.58864
8.7336
14.09184
19.75824
9.42624
13.97232
12.24
18.42912
17.27424
17.928
14.05008
10.29888
4.0464
14.09616
17.14896
17.064
17.24832
16.95888
15.67296
15.7176
10.14192
3.27888
2.48832
2.48832
2.48832
11.1816
14.73552
10.88208
16.0992
15.42672
0
3.82608
11.97216
14.22864
12.6
2.46384
12.82464
12.29472
14.21568
13.36176
5.59872
6.86016
9.288
1.62432
13.66704
13.87728
11.10528
10.42992
11.40048
13.05504
12.20976
8.49456
6.8616
6.10416
6.98256
2.9016
11.39328
11.232
8.59392
10.05696
9.29376
8.30736
8.28144
10.54656
10.72512
10.4544
10.23408
3.88656
2.74752
5.44752
1.6056
1.53648
8.51904
8.04816
8.29728
9.21456
6.36048
7.08336
7.74144
8.24976
4.9968
7.77168
6.21072
8.17344
5.07888
8.18208
8.20224
8.01216
6.80544
4.48992
3.01968
1.56816
1.4904
6.9624
6.82704
4.99248
7.95312
7.39728
4.71888
5.55552
6.17616
3.1608
3.9096
6.74496
6.61968
4.356
7.15824
6.05376
3.01104
4.75488
6.99264
2.30544
0.52848
5.9832
5.12064
6.24096
6.78672
4.04784
2.32992
6.06816
6.57648
4.16448
7.1136
7.1352
6.77232
6.8688
1.935
7.2414
8.6778
8.793
6.723
7.5762
3.4902
5.958
1.368
1.4418
9.2484
9.621
9.9648
10.2006
8.1936
9.8712
10.062
5.2452
10.1412
3.285
8.2674
5.1624
9.1494
9.8604
4.3956
6.5826
11.178
9.0486
10.2996
10.0764
9.6912
11.9106
11.8062
8.8506
10.494
9.5148
8.514
7.7778
4.419
5.643
8.064
13.275
5.832
11.8188
1.1646
2.565
8.3844
13.6116
9.3168
12.2148
10.719
4.2498
1.6362
11.6604
14.9454
13.7034
8.1252
11.691
15.1848
9.378
5.2002
9.8802
9.1404
11.2428
10.251
7.5114
4.8042
11.7108
18.9486
16.8228
6.363
18.1494
10.9152
19.8216
19.0368
15.6402
15.921
7.3008
20.4624
21.4308
19.791
21.4884
21.87
20.9322
14.2956
17.352
22.14
21.9924
22.0014
20.5524
20.8116
22.77
22.3038
16.4232
22.6836
9.4608
12.2526
23.778
8.073
2.1006
5.7744
20.8746
19.6002
20.565
21.7602
13.6026
20.2176
26.4492
17.4492
11.5092
5.6034
17.6094
28.6810434782609
25.3044
19.9746
7.1712
11.1204
10.395
8.2512
10.44
13.842
15.4854
26.8704
28.575
26.2008
26.4132
20.8548
28.5174
18.9
15.0444
25.551
23.103
27.8352
17.5662
23.2452
17.757
20.1438
15.9786
20.2068
27.6354
28.26
20.8494
11.1996
28.2078
12.8646
24.8346
28.7514
29.7198
29.2428
24.7356
22.7952
18.2466
25.4628
15.9858
19.7748
24.9066
23.4216
29.5578
30.897
28.3104
28.6848
25.0506
30.2184
30.4326
30.141
29.5416
22.2894
6.8274
27.2466
14.7978
17.7462
30.1248
28.8846
17.514
31.3254
29.6946
27.0828
30.0726
22.4082
10.926
16.4628
28.1682
30.1122
26.2674
19.2168
30.2886
17.2008
18.0972
28.2942
26.604
29.4318
23.6808
13.0338
26.2746
26.8956
24.9462
27.0936
27.3492
28.7892
29.0304
28.4418
28.0692
28.1268
25.8444
26.3268
22.05
13.7988
28.2276
26.838
27.0594
19.4382
13.9716
25.9272
17.991
21.8538
12.2112
26.7894
15.0048
19.7406
21.2634
15.9372
13.3452
16.0488
23.0004
25.3782
23.985
21.4722
23.1444
25.0542
21.9636
9.9
16.2936
24.2082
21.5298
8.0658
14.4144
19.4958
21.1104
21.1464
18.5544
18.387
5.5944
18.7974
8.1702
11.7432
19.4832
11.1132
21.6018
16.8606
12.5946
18.207
17.8362
12.3264
18.1098
10.539
14.4288
14.5332
18.4986
11.7
20.3238
6.2658
21.5388
12.9744
6.3882
11.826
10.3068
9.072
16.2954
18.3888
18.486
17.793
8.1414
10.6488
12.2562
16.281
6.0588
5.6394
17.5086
11.1204
16.7184
11.7126
6.075
7.2396
16.0056
16.3602
11.4714
13.8276
10.6056
12.2778
8.9838
8.6652
12.7404
7.3872
6.0228
9.8946
14.1912
13.4532
12.5892
13.7322
11.4966
12.879
6.6204
3.3048
10.7946
12.2868
9.594
8.9298
7.038
11.4876
13.005
12.8106
12.24
5.6934
1.7136
4.7196
4.9122
9.8334
5.3874
4.266
3.6846
10.7388
10.3644
10.152
6.1974
7.398
6.0246
1.863
1.3068
4.3074
9.9576
7.8408
7.5888
8.8866
6.6186
7.0542
9.1926
9.2934
7.398
8.6724
8.2728
8.649
9.0702
5.7042
4.8924
7.7418
8.8794
8.8614
8.8092
8.7228
8.1936
7.425
8.4906
8.235
8.7228
5.9076
1.305
1.7838
2.8602
6.939
7.4736
7.056
6.921
8.0838
8.046
8.7336
9.3222
9.2862
8.1018
8.9136
5.1498
10.0134
9.7038
6.0012
8.4942
0.5742
10.0962
6.3252
9.8856
9.6246
10.5642
10.2924
10.6416
10.1736
6.498
10.0926
9.0162
10.8882
10.7352
8.7318
11.079
11.3958
11.5236
12.1446
11.718
12.0798
11.5758
12.1212
12.5136
12.6144
7.2198
4.8888
12.1068
13.023
8.8362
13.6764
12.1716
12.0816
3.1536
7.2198
11.0196
14.1084
9.657
14.7276
15.2784
1.764
15.5988
15.813
15.9174
15.4134
13.563
5.6718
5.2866
15.7896
7.4736
16.8102
2.4912
15.8814
10.7892
13.4028
4.2408
9.5562
3.6972
9.603
6.8454
2.7612
4.221
9.9072
2.259
2.1096
3.2868
6.4494
5.4162
2.7234
5.6214
7.7904
13.8654
9.423
5.6592
15.4206
3.3084
16.9866
17.793
6.8904
6.7338
13.9446
24.5142
21.1644
8.6724
18.6102
23.2236
19.2744
24.2064
21.2382
10.6524
16.929
18.1854
2.8242
1.3518
22.9752
23.8212
25.1208
25.4106
23.2434
9.1656
2.5524
3.321
21.06
10.7028
25.4196
26.7228
26.9352
16.1784
23.6016
25.9146
21.6702
26.5878
15.0678
12.7944
12.753
21.6702
29.0772
26.4114
26.4852
26.3826
27.8136
29.3292
28.9224
28.5678
27.54
27.2502
27.6642
29.0034
28.7046
27.7722
28.5732
28.2132
29.2392
26.8218
6.2406
8.9874
30.0006
23.085
30.5244
28.8162
29.1942
30.6108
30.6882
24.4296
28.3806
28.8414
30.51
30.024
28.2636
17.1864
21.2058
29.5416
30.8376
28.6362
29.7738
22.3236
25.164
29.601
28.3626
28.773
26.5284
19.8774
13.8834
18.7272
28.2114
30.0564
30.1446
25.2216
15.8418
30.8448
30.7206
27.117
27.5634
27.8694
26.5176
29.403
26.6184
10.7352
28.8576
30.3246
30.0816
30.204
29.8602
29.4894
29.6442
29.295
28.8684
28.3014
28.1736
27.9198
28.3986
27.0792
28.0422
28.035
16.7688
28.2528
20.8602
20.6892
11.8026
13.8276
11.2068
17.5356
27.4194
27.306
27.4554
27.8406
27.441
22.752
26.1738
22.9536
26.9892
26.7912
26.7264
26.2692
26.001
21.492
21.7278
26.127
14.715
15.3774
15.2946
26.6292
26.1864
16.0434
17.7012
24.9372
23.9958
19.8252
22.1904
15.8598
22.0716
19.116
21.7224
10.0404
23.6574
11.6838
14.013
18.018
14.2866
22.6314
15.8202
13.3362
13.2714
15.9876
11.4714
18.8838
9.603
6.5502
21.2868
12.816
17.1036
18.6264
20.2086
16.974
19.9512
17.8218
8.3286
9.7488
16.308
18.6084
15.8238
13.0518
11.9214
17.6346
18.6966
18.657
15.3468
17.991
14.9886
12.8556
2.3994
10.638
9.8622
8.091
7.2288
15.7212
12.2202
15.2442
15.7716
10.0188
6.4404
10.1142
8.64
5.3928
11.0016
11.0286
6.4458
11.34
12.7314
11.9466
12.015
12.8016
10.9134
9.3168
9.261
11.5686
11.556
5.7132
12.969
12.6558
12.4236
9.2016
8.5536
6.7032
10.2114
10.503
9.1746
10.6308
8.3826
6.4944
9.9594
4.7934
4.338
10.1142
10.6812
2.7684
6.8382
8.3412
6.6546
7.2432
8.2674
8.5662
3.8394
9.3078
7.0578
4.8276
5.6016
8.8776
4.3524
8.4744
6.5304
5.49
1.9008
8.5356
7.4412
3.1266
3.5244
2.619
8.2638
6.4116
8.2026
2.2716
8.4708
6.7644
6.0228
8.037
7.5978
8.3844
8.6292
8.6598
6.9228
8.5158
8.73
6.309
4.7988
8.5788
