20000101
-99
-99
-99
-99
-99
-99
-99
-99
-99
-99
-99
-99
-99
-99
-99
-99
-99
-99
-99
-99
-99
-99
-99
-99
-99
-99
-99
-99
-99
-99
-99
-99
-99
-99
-99
-99
-99
-99
-99
-99
-99
-99
-99
-99
-99
-99
-99
-99
-99
-99
-99
-99
-99
-99
-99
-99
-99
-99
-99
-99
-99
-99
-99
-99
-99
-99
-99
-99
-99
-99
-99
-99
-99
-99
-99
-99
-99
-99
-99
-99
-99
-99
-99
-99
-99
-99
-99
-99
-99
-99
-99
-99
-99
-99
-99
-99
-99
-99
-99
-99
-99
-99
-99
-99
-99
-99
-99
-99
-99
-99
-99
-99
-99
-99
-99
-99
-99
-99
-99
-99
-99
-99
-99
-99
-99
-99
-99
-99
-99
-99
-99
-99
-99
-99
-99
-99
-99
-99
-99
-99
-99
-99
-99
-99
-99
-99
-99
-99
-99
-99
-99
-99
-99
-99
-99
-99
-99
-99
-99
-99
-99
-99
-99
-99
-99
-99
-99
-99
-99
-99
-99
-99
-99
-99
-99
-99
-99
-99
-99
-99
-99
-99
-99
-99
-99
-99
-99
-99
-99
-99
-99
-99
-99
-99
-99
-99
-99
-99
-99
-99
-99
-99
-99
-99
-99
-99
-99
-99
-99
-99
-99
-99
-99
-99
-99
-99
-99
-99
-99
-99
-99
-99
-99
-99
-99
-99
-99
-99
-99
-99
-99
-99
-99
-99
-99
-99
-99
-99
-99
-99
-99
-99
-99
-99
-99
-99
-99
-99
-99
-99
-99
-99
-99
-99
-99
-99
-99
-99
-99
-99
-99
-99
-99
-99
-99
-99
-99
-99
-99
-99
-99
-99
-99
-99
-99
-99
-99
-99
-99
-99
-99
-99
-99
-99
-99
-99
-99
-99
-99
-99
-99
-99
-99
-99
-99
-99
-99
-99
-99
-99
-99
-99
-99
-99
-99
-99
-99
-99
-99
-99
-99
-99
-99
-99
-99
-99
-99
-99
-99
-99
-99
-99
-99
-99
-99
-99
-99
-99
-99
-99
-99
-99
-99
-99
-99
-99
-99
-99
-99
-99
-99
-99
-99
-99
-99
-99
-99
-99
-99
-99
-99
-99
-99
-99
-99
-99
-99
-99
-99
-99
-99
-99
-99
-99
-99
-99
-99
-99
-99
-99
-99
-99
-99
-99
-99
-99
-99
-99
-99
-99
-99
-99
-99
-99
-99
-99
-99
-99
-99
-99
-99
-99
-99
-99
-99
-99
-99
-99
-99
-99
-99
-99
-99
-99
-99
-99
-99
-99
-99
-99
-99
-99
-99
-99
-99
-99
-99
-99
-99
-99
-99
-99
-99
-99
-99
-99
-99
-99
-99
-99
-99
-99
-99
-99
-99
-99
-99
-99
-99
-99
-99
-99
-99
-99
-99
-99
-99
-99
-99
-99
-99
-99
-99
-99
-99
-99
-99
-99
-99
-99
-99
-99
-99
-99
-99
-99
-99
-99
-99
-99
-99
-99
-99
-99
-99
-99
-99
-99
-99
-99
-99
-99
-99
-99
-99
-99
-99
-99
-99
-99
-99
-99
-99
-99
-99
-99
-99
-99
-99
-99
-99
-99
-99
-99
-99
-99
-99
4.29408
15.42384
16.35552
21.92976
22.76496
23.60448
24.49152
25.10208
21.456
17.28288
19.1592
22.67856
24.10704
20.84688
24.00624
18.5328
25.75152
23.40576
13.70736
9.31392
26.1288
22.65552
21.09168
23.8032
18.09504
23.004
20.34576
24.8688
24.83568
24.6384
24.2928
21.98016
21.86784
22.22496
21.4344
22.66848
14.67936
24.4728
24.516
16.98912
21.72384
21.00096
12.94272
13.1616
10.87056
18.64224
23.10912
20.27232
7.3872
20.0592
22.30992
23.20272
20.39472
17.55504
16.64928
8.50896
22.94496
20.97648
7.22592
23.62608
23.18832
22.716
21.39696
17.18496
12.40848
16.4808
17.12592
14.01264
19.4616
20.05776
18.3744
18.7488
18.7776
12.9168
15.95808
21.26304
18.9504
15.49872
14.74272
10.55664
20.47392
21.4704
15.54192
17.27568
17.19936
16.15104
6.87168
17.65152
10.06848
11.42064
18.432
20.14272
19.58832
14.42016
14.9904
17.0568
18.28368
16.74144
18.5256
14.62176
12.38832
17.46
15.264
18.9792
17.1216
13.56048
18.38592
18.468
17.98992
16.632
18.27792
17.65296
17.89776
17.76096
13.60656
17.69328
18.70848
17.86752
18.32544
17.79984
16.61328
10.1736
13.41072
6.10416
12.7152
12.0888
15.3936
16.50528
16.16688
8.03664
7.52688
15.00768
14.75712
14.51664
10.09008
13.83552
9.12384
9.62928
14.0328
7.29504
7.18128
7.66944
9.83376
11.90448
6.5952
8.57664
11.76336
11.2608
3.53808
11.22336
7.36128
3.74688
12.2112
12.01824
10.5048
11.45664
10.77696
11.04048
10.94256
9.33552
10.06128
11.00448
10.12896
11.4192
7.03872
10.4688
10.34496
5.31072
10.25856
10.50624
10.03104
7.69968
7.5672
2.01456
8.34048
6.91344
2.55744
1.57968
1.95552
4.12128
4.9896
7.9128
8.94816
8.82432
8.76816
7.89264
8.60112
7.65792
6.05088
7.44912
6.94224
8.26704
3.3912
8.208
7.62768
7.97328
4.72032
7.3584
7.08336
7.19712
7.3656
6.94224
7.31232
7.26336
7.6752
7.90704
3.20832
1.7496
7.62768
6.90048
6.9336
6.40368
6.99696
7.29216
6.85584
3.48336
7.80336
7.98048
6.53328
7.58304
6.87456
6.87168
4.3632
1.89072
2.88144
1.5552
2.67552
2.61504
2.37312
7.5816
7.26336
5.86944
7.04736
7.34112
7.33104
8.00208
3.21264
7.0992
5.06304
6.76944
9.42192
9.72864
6.20496
9.19728
10.0008
9.11808
3.97008
9.60768
9.78048
10.00368
7.24032
9.70272
8.84448
7.0704
8.0568
9.14688
10.88496
10.3824
9.6768
7.43184
7.9632
11.08224
10.3896
10.64016
10.82448
11.47104
11.09088
10.00944
8.94672
6.18912
3.564
6.04224
12.69216
12.9168
8.37792
10.78128
10.00512
9.84672
11.61504
12.68496
9.11088
9.40464
8.42544
2.1528
3.39408
14.06592
8.67168
4.2912
5.46048
6.34176
14.976
12.69936
15.20928
13.08672
5.94288
13.37904
11.69568
15.77664
13.19904
7.5744
12.57552
11.81808
15.5016
16.5024
15.31584
14.37984
18.42912
10.85904
17.98704
17.06688
13.10256
3.07008
11.09376
16.10208
14.02704
6.8328
2.6064
9.3024
18.85536
9.0576
7.2576
5.36832
11.10816
5.93136
9.0576
7.48368
19.40976
10.8504
9.9936
18.58464
19.26864
15.27696
17.89056
17.3664
21.672
21.74256
18.6408
19.81152
19.7352
17.2008
18.18144
14.72688
21.05856
21.9888
14.04
6.43824
13.5432
18.07488
16.70832
7.38576
6.6384
8.45712
13.31136
8.20656
8.08848
23.23296
22.80384
23.41008
13.5936
22.65696
16.32384
22.9824
24.26976
23.54688
20.60064
10.11888
12.4992
21.08592
21.5064
16.48224
14.83056
22.95072
22.31424
20.42496
19.46016
15.68448
21.58272
15.3
12.28464
9.57312
16.73712
21.23712
5.54976
24.33168
24.51456
21.30048
18.46656
17.12736
23.63616
22.44528
22.94064
23.00976
14.95872
21.83616
19.39104
22.1688
22.6368
22.59216
21.57408
22.04064
19.67184
17.21232
19.5264
14.74416
17.95104
14.94
20.47824
21.55968
22.2912
22.56336
18.80352
22.47264
19.47168
15.93216
23.35968
20.35872
11.85696
17.14032
10.18224
14.59584
12.5784
23.05872
22.17456
18.80352
19.94112
19.89216
19.48464
17.57232
19.79424
17.6328
19.45728
18.53136
19.68336
13.5288
11.30112
15.336
18.58032
18.26352
17.83152
19.11168
18.68976
19.39248
21.21552
5.004
12.14352
17.25984
21.93408
18.00144
21.20976
18.2952
10.56816
16.93008
17.66448
16.02
16.4808
15.84
16.8336
8.48448
14.93568
6.264
10.3464
8.9928
5.98032
14.99328
8.56512
1.75536
9.15696
16.04304
15.32304
12.44016
12.29616
11.5704
18.26064
14.07888
11.84976
13.96512
17.30304
16.69104
9.37584
10.01088
16.82352
16.86096
14.27472
11.0664
7.41744
13.87872
12.3912
8.10864
10.008
16.37712
16.8336
16.45632
15.90192
15.61392
15.4584
13.99968
13.49856
12.9024
3.94704
11.67264
12.18384
13.8096
14.31216
13.9464
10.74096
1.89504
3.9384
5.02704
10.90656
11.8224
11.95056
12.26736
11.77776
10.25136
11.73312
10.95264
11.49696
6.04224
10.77408
8.63136
8.56368
9.91152
10.32624
9.80784
10.61424
9.62784
8.19504
4.96512
9.89424
8.6544
7.59168
6.68448
10.01664
9.00576
7.08192
5.66928
5.36112
9.93456
7.11504
4.71744
6.9984
4.2912
2.6424
5.60736
5.43888
8.01504
7.9848
1.33056
4.1328
8.1432
2.3328
1.02672
3.34368
8.05104
7.78752
5.24448
6.47424
4.45968
2.95776
6.57792
4.9032
7.43472
3.70368
4.81392
6.81408
6.9408
6.53184
1.6776
3.12336
3.00816
6.50736
2.39904
5.15376
5.88384
3.09168
2.75328
4.40208
5.16384
2.64528
5.16096
4.92048
5.98032
6.66144
4.90752
1.38096
5.66928
3.16512
1.65312
6.26976
3.73248
5.87952
6.58224
5.87232
6.1848
1.2816
5.65056
3.78144
3.9816
7.46064
8.0424
8.34048
8.49312
6.20208
7.71408
7.84368
7.89984
6.86304
3.04416
6.38784
6.40944
7.46208
8.60688
8.99712
9.19584
3.78144
6.79536
8.00784
8.37648
3.71232
9.17712
9.78912
9.72576
8.29152
2.38896
4.83408
10.50624
9.78192
10.53504
9.05328
10.73232
6.77376
6.82416
9.79344
10.20672
8.11152
11.82816
13.05792
11.6928
4.58928
3.56832
10.73376
6.56784
11.63376
5.62608
1.73664
1.98576
7.63056
11.55744
8.2728
9.66384
7.37856
13.62672
13.73328
12.81888
13.19328
13.93632
14.47344
14.99184
12.08016
15.04368
13.93056
12.29904
12.1752
15.7968
16.19424
10.1448
16.34832
16.40592
17.05392
14.71824
16.54272
16.44192
16.52256
15.64704
7.98192
5.14368
12.06144
7.4232
12.7728
14.90256
9.62064
14.19408
19.7856
19.56672
18.38304
19.1592
9.56016
15.06384
16.36848
12.67056
14.76
19.77264
9.108
13.64256
15.61536
11.5488
12.5064
12.0096
11.86704
16.35264
17.63568
20.72448
15.72768
18.43632
7.632
21.53664
19.07136
16.88544
13.88592
14.53968
21.12192
21.6792
19.54368
14.81616
9.67104
11.54016
12.492
17.34048
15.79536
16.70832
19.44288
19.68912
19.38384
20.35152
14.46336
17.8848
21.97872
21.37104
23.4432
21.2328
23.20128
23.67792
8.85168
13.51728
9.25632
15.5232
19.92816
18.684
18.7344
14.76864
12.66192
11.64816
12.82896
20.13984
6.57504
20.5056
21.71664
11.72592
21.07584
22.0032
19.84176
12.024
22.45248
17.80128
17.74224
11.35296
14.79744
18.59904
23.82336
23.9184
22.212
21.82176
21.92832
18.89712
18.41184
19.17792
13.09392
20.0304
18.42624
22.20624
24.0984
11.17152
17.14464
23.45616
20.56608
13.91184
20.96064
14.75856
9.04176
21.73104
17.2152
17.11296
15.65568
22.02912
20.27808
16.62336
20.86848
21.35088
22.29408
17.0712
21.25008
18.64656
17.8416
18.34992
21.34512
18.54
15.60384
21.51936
20.45952
18.95904
14.51808
21.5856
21.0096
16.668
20.61792
17.94528
17.8704
11.45952
12.1104
14.3784
15.84576
19.62432
14.64624
10.68768
12.87072
10.52928
11.50272
8.48304
17.31744
16.16688
14.77296
10.0728
14.97024
14.3784
15.98256
14.80608
15.76224
12.47472
14.63616
17.74224
18.26064
12.29328
15.44832
4.22928
14.43312
12.47904
15.2136
15.70752
4.95648
12.57552
6.02064
16.95456
17.15472
16.63632
15.4728
16.47072
15.73776
16.55712
14.44752
15.56064
15.48432
13.04928
12.96864
10.31904
11.15568
14.89392
14.05152
10.62144
4.068
9.64512
12.72096
4.97808
13.32
11.556
13.10544
8.2368
9.79776
12.67344
13.09968
4.61952
12.99888
13.19184
12.71952
7.62048
6.1848
5.07888
4.77648
7.84656
4.76928
7.21152
3.0816
6.8544
7.42464
8.95248
10.83888
11.1312
10.60704
1.60272
2.99088
4.26816
8.90352
7.44768
1.06128
8.62416
9.42336
9.91584
9.53568
9.43344
8.8632
9.48672
8.28144
1.39104
4.27968
4.62528
5.32224
7.63632
5.06736
3.07008
1.18152
8.2332
8.2224
7.31952
4.28832
3.18384
1.9944
1.98432
7.98912
7.06752
6.68448
7.46208
4.25808
5.09184
3.83904
1.47744
5.47632
0.3168
6.34464
5.92416
6.80688
5.62176
3.73248
2.32416
6.8688
6.3432
7.07328
6.56352
5.29776
7.44768
6.99696
6.37488
6.10416
4.03632
2.58624
5.0976
2.9592
7.23888
6.24528
6.77376
7.00272
5.41872
1.58256
4.86288
7.60896
3.51216
4.31856
5.20992
7.55712
7.49376
6.66576
7.35264
6.83712
5.8896
5.976
5.27904
6.2352
4.536
6.72048
2.98656
7.54128
6.37056
4.80096
6.14592
6.36048
1.92528
3.50208
8.21088
4.47696
4.68864
5.01408
3.04416
5.52096
9.46944
7.28496
8.496
7.39008
8.09856
9.39456
5.28768
10.31328
10.584
10.69488
9.75168
9.34272
8.33184
10.94256
8.59104
10.96272
15.69024
16.87392
-99
7.58592
14.55696
13.39632
13.45104
12.01392
10.83744
15.14736
13.78656
7.48368
3.77424
7.14096
10.476
13.55904
12.37536
13.77216
14.49504
13.20192
10.34496
10.37808
7.30656
15.64992
12.4704
12.76848
11.05776
14.86656
9.9504
2.24352
9.8424
14.66928
13.10256
14.89104
13.35888
14.79888
12.8088
15.70608
12.35376
11.3112
17.81712
17.79984
18.29088
7.4952
13.05648
11.052
2.85264
5.71824
13.99536
7.99488
18.89568
17.15616
18.29664
19.24992
15.88032
4.64976
17.67888
19.51632
16.4664
16.5816
20.22912
4.46976
18.64224
7.03296
15.67728
14.9256
21.71808
19.24992
21.56976
3.30192
13.79376
21.80448
22.6656
20.45088
16.86672
6.03648
6.38496
10.40256
10.78272
9.50832
4.47696
14.79744
5.17968
20.89872
18.4824
21.51504
16.15536
9.08352
6.69456
8.24544
21.70656
22.76928
20.6784
23.6088
17.11872
18.78768
15.88752
17.33184
11.53008
9.37728
21.88368
23.50944
19.66896
21.28608
16.52256
23.59728
18.66672
8.83728
11.63664
16.76736
24.43392
25.61616
23.93424
25.01856
24.84432
21.2616
16.97472
16.54128
6.65568
12.94992
12.8952
25.67664
23.09472
10.43136
12.58992
25.02144
24.54336
7.54272
17.36496
21.49632
18.03456
22.92336
15.75504
22.0248
21.36384
23.07744
20.96352
15.59376
21.61152
20.68704
23.84064
23.40144
22.52016
18.64368
15.40368
19.39392
19.19952
23.68656
14.59584
20.03328
16.81344
6.03792
22.23504
21.2616
14.4864
20.4696
19.1376
18.5544
21.50784
21.87504
22.14864
18.32688
19.50768
22.39488
22.40064
21.43008
20.2248
11.89872
18.0144
19.0728
14.904
13.3344
11.55456
9.2592
17.14608
21.32496
14.71392
19.33776
15.67008
15.44688
21.55968
11.80944
21.51072
18.96912
19.77984
16.70544
12.36816
17.47584
17.23392
19.54224
20.58048
18.52128
15.85008
17.45568
18.82656
20.0232
19.78992
18.23184
10.94832
15.70032
15.92496
15.87312
13.42368
6.98688
13.94928
8.62992
10.82304
7.8624
16.14816
7.67664
16.36848
13.61808
14.25312
17.77392
9.42768
9.34128
18.07488
18.82512
17.95104
15.55056
15.84288
16.56864
17.29584
16.91424
8.4456
17.21232
16.67664
16.37424
16.29504
15.67152
15.11568
14.21712
14.6592
14.57424
13.86144
7.57008
7.25616
11.34144
12.36096
9.67248
13.9968
11.19024
6.92496
12.93696
11.4696
10.16784
7.704
13.05648
9.50112
8.13024
4.71744
7.04448
10.73376
12.53376
10.45872
8.61696
9.82512
4.39344
10.93392
7.39728
9.16992
6.71472
4.73184
9.32832
6.94224
8.4096
7.44336
7.58304
9.15264
5.34096
8.76816
6.45264
6.12288
8.51472
8.58384
9.70128
8.60976
8.7624
9.23904
9.08064
6.65424
8.47152
8.80704
8.43408
8.04816
9.01584
8.82144
6.12576
8.3664
5.9544
7.52256
8.05248
6.21648
2.83104
5.0832
3.85344
6.25104
7.25616
3.78432
2.61504
3.05712
4.90176
7.9704
4.14432
7.5168
6.72912
2.02752
6.01776
7.48656
7.5312
6.98112
6.3792
6.73488
8.08992
5.75856
7.62336
2.08656
6.93648
4.32144
3.97152
2.56464
7.72128
5.98752
7.48224
7.74432
7.79904
8.24112
7.82928
7.90416
8.09712
8.27424
8.67024
8.55072
8.70768
7.67664
8.23104
9.3744
8.48304
5.83488
8.38368
6.8328
1.66896
7.23024
7.96896
9.11376
8.8344
8.6328
7.03008
8.06688
10.07136
3.1464
9.47664
10.69776
10.58256
9.27936
8.49744
10.75968
10.85616
8.51184
4.81536
2.10816
5.05728
5.22576
11.20032
8.88192
6.77376
11.96208
4.92768
10.90656
11.81808
12.73824
12.09312
11.84256
9.70128
12.996
5.39424
13.08528
12.132
10.92384
10.88064
12.2544
15.1992
14.6808
13.9464
11.19312
13.41648
15.21216
14.64768
15.43392
15.95808
16.32096
16.28352
9.7416
16.40016
16.63056
14.47344
15.01632
13.23792
15.5376
16.51536
17.08704
15.69312
5.92992
7.06032
6.88752
14.77872
12.51792
12.99168
14.0256
15.13728
8.8776
13.77648
18.4464
18.18144
3.74976
5.44896
11.0232
13.53312
15.3936
18.00864
5.01264
12.22992
6.60672
17.57232
18.54432
18.4968
15.36768
8.36208
13.18176
19.76112
17.3808
18.04032
15.0336
10.96992
18.02736
18.9792
10.6272
23.39424
22.61232
22.4208
22.04928
18.81648
22.49712
20.3832
9.06336
19.39824
17.26992
20.90016
23.46624
22.68864
20.65248
15.45408
12.89088
14.44896
9.62208
15.17328
21.80592
21.50064
15.75936
6.696
23.58864
22.01616
22.61808
18.65808
17.64432
24.57072
23.99616
23.82912
23.9328
23.9688
23.09616
21.62736
8.61408
14.25888
22.44816
21.05568
16.54272
21.32064
23.4216
16.3584
24.00192
22.74912
24.6312
18.5184
15.336
14.8608
13.212
16.04016
19.8216
20.40192
22.28832
21.09024
19.06848
10.68624
12.28896
22.40496
14.35392
15.30864
22.35888
24.08688
18.38304
6.97104
20.80512
21.10896
17.93232
20.73456
21.49344
17.29872
22.83408
19.83168
19.8288
13.14576
13.02912
20.89296
24.624
22.62672
20.448
23.07744
20.5128
23.23728
20.95776
17.52912
23.89824
22.3776
20.78352
14.54688
18.06768
20.28672
17.33328
18.70416
21.92256
21.10032
15.49296
17.64432
22.0176
7.28064
17.88192
23.28768
23.31216
22.85136
19.548
20.8008
16.96032
19.07712
14.77728
13.67712
19.61424
19.0728
20.94192
20.57472
19.89792
16.79328
11.96928
17.07696
11.23056
11.44656
21.26448
18.9216
18.68256
19.8072
13.63392
5.76576
17.244
15.1488
18.53136
18.64512
16.70544
18.51984
16.13664
15.0912
13.61376
7.89552
9.09216
9.25488
17.63136
7.99488
18.57168
12.2544
11.45232
17.88624
18.0864
15.08832
14.71104
18.21024
15.91344
17.28864
17.1576
16.56864
15.11568
8.96112
9.05472
10.13328
13.47408
14.47632
10.48464
13.66128
12.66336
14.29344
13.48848
4.9032
6.10416
12.93408
14.03424
13.63968
13.62096
5.34528
7.30368
5.36976
4.25952
2.84544
5.9256
9.23328
8.81424
1.94256
7.49376
10.96128
12.20688
11.41056
5.47488
12.1104
8.60544
10.66896
10.2456
6.01344
6.72048
9.77328
2.72304
8.06112
8.928
9.94896
4.23216
10.65024
10.93968
10.39248
10.60272
2.8224
0.84384
0
1.1088
2.4768
1.68048
2.46672
6.97392
6.2208
8.93232
8.83728
7.452
7.56576
8.78544
6.43536
7.87248
4.54464
7.66656
7.96608
8.1
7.65504
8.38512
7.59024
1.88352
7.28784
5.37408
4.1472
4.43664
8.33904
3.4128
7.75872
8.58384
8.352
3.41424
4.47264
7.95168
7.90704
8.11008
7.00992
7.91136
8.09568
7.8552
8.35488
7.8912
7.9416
7.9128
7.58304
6.48576
7.53984
8.22384
8.12448
5.65488
3.61152
7.056
1.93104
8.2152
7.83648
5.85216
3.38832
1.9368
2.50272
6.1056
8.1504
7.64208
8.17344
7.70688
8.1648
5.40432
4.57344
6.69888
2.1528
8.93808
9.01152
8.31456
9.72432
10.00944
8.33616
3.52512
9.36
4.16448
0.89136
2.46384
5.58288
7.2864
8.44704
10.47168
10.6632
10.9584
11.52144
10.52208
11.93328
12.19824
11.7648
11.04192
12.15936
11.51568
10.044
11.0016
5.06016
7.3656
9.90144
12.06432
6.9552
13.0968
9.47952
10.23696
11.58336
11.71296
13.78512
6.05232
14.45616
15.62256
14.43456
15.372
13.392
7.56432
8.75664
9.54576
11.52144
10.22976
14.53104
12.97584
13.5576
6.36768
16.97616
17.09136
15.19344
15.56928
14.87232
3.36096
7.8336
10.71072
11.66688
8.72496
13.0032
15.93216
16.97184
10.04544
-99
-99
-99
-99
-99
-99
18.71712
16.44336
16.7832
16.72416
14.86512
13.536
13.33728
12.24576
6.41952
21.1536
20.49984
20.92896
16.69248
15.8832
17.72352
12.46896
21.55536
17.9856
12.60576
18.8496
15.05232
10.93392
18.3168
19.58112
21.00672
12.49776
22.95504
23.03568
18.1944
22.03344
15.46128
17.77824
13.5792
10.33632
13.37184
13.7232
17.50608
23.23152
18.9864
19.09152
18.8208
13.01904
20.44512
18.53712
21.5712
19.10304
16.31664
24.3144
18.67824
17.75952
23.92848
13.01328
25.76592
24.30864
23.79888
23.38416
20.68848
20.66112
24.44688
26.41968
25.64784
23.6808
26.24256
25.272
22.43664
21.4272
23.72688
22.48992
15.08112
20.79792
21.5064
25.12656
19.69344
23.82336
20.04624
13.60944
22.10544
17.856
20.40336
9.81216
17.27856
15.4224
22.65696
21.61584
15.6672
18.15696
19.22688
14.41296
21.21552
15.14016
13.9608
23.21712
21.60432
24.04368
21.15792
18.6768
20.45664
20.73168
14.03568
21.82032
15.58368
16.05744
12.1392
12.14352
13.25664
15.25968
17.73648
19.70352
15.46272
18.07488
23.184
19.77408
22.81536
15.9552
16.46496
21.87648
18.7416
17.45568
19.07136
22.22352
21.33216
21.48768
20.0808
19.88784
20.69424
22.38336
21.42576
22.98816
15.78384
22.58928
16.99344
19.80144
15.87024
21.78
20.6856
4.97952
15.85728
14.18976
20.2104
17.20656
20.57328
20.99952
20.6352
16.4592
10.04112
11.00304
19.84032
20.61216
15.408
19.82592
17.9784
19.45728
19.03104
11.65248
17.6832
16.72272
15.34464
11.71584
11.92176
12.92112
13.35888
13.94496
15.38352
10.22976
3.81168
3.71376
11.68992
6.03216
15.9192
16.14528
16.47216
15.87024
11.63232
9.1512
2.3256
8.15184
13.71312
16.14672
15.92784
13.27968
13.96224
10.66176
14.5728
8.31168
10.00512
8.44848
13.20624
12.54384
11.73456
12.73968
9.58608
11.80944
5.9544
3.81024
8.50896
12.30624
12.1896
10.91664
4.81536
1.57104
6.62688
5.91552
9.21888
7.91712
4.0392
10.55664
8.50752
6.56496
9.54576
9.83376
8.22384
9.87696
9.69984
9.50688
10.25712
9.25632
8.78112
9.56448
8.72784
9.13392
7.88832
8.85024
8.87904
8.73648
3.15792
8.29584
8.5104
8.07696
2.48976
2.86272
7.67088
6.35904
6.86016
3.93984
6.06096
7.11504
6.228
4.60368
4.29696
6.768
3.75264
5.66064
7.272
6.96096
2.29248
5.4
4.91184
3.05856
1.91376
4.28832
2.6064
6.82272
6.66432
6.6672
5.86944
6.43392
6.93072
1.69632
6.85008
4.42368
5.15376
7.668
4.9824
7.34832
3.58416
4.72608
3.80016
7.2576
7.35264
7.28496
7.16544
7.76016
7.5528
6.87456
-99
-99
-99
-99
-99
-99
-99
-99
-99
-99
-99
-99
-99
-99
-99
-99
-99
-99
-99
-99
-99
-99
-99
-99
-99
-99
-99
-99
-99
-99
-99
-99
-99
-99
-99
-99
-99
-99
-99
-99
-99
-99
-99
-99
-99
-99
-99
-99
-99
-99
-99
-99
-99
-99
-99
-99
-99
-99
-99
-99
-99
-99
-99
-99
-99
-99
-99
-99
-99
-99
-99
-99
-99
-99
-99
-99
-99
-99
-99
-99
-99
-99
-99
-99
-99
-99
-99
-99
-99
-99
-99
-99
-99
-99
-99
-99
-99
-99
-99
-99
-99
-99
-99
-99
-99
-99
-99
-99
-99
-99
-99
-99
-99
-99
-99
-99
-99
-99
-99
-99
-99
-99
-99
-99
-99
-99
-99
-99
-99
-99
-99
-99
-99
-99
-99
-99
-99
-99
-99
-99
-99
-99
-99
-99
-99
-99
-99
-99
-99
-99
-99
-99
-99
-99
-99
-99
-99
-99
-99
-99
-99
-99
-99
-99
-99
-99
-99
-99
-99
-99
-99
-99
-99
-99
-99
-99
-99
-99
-99
-99
-99
-99
-99
-99
-99
-99
-99
-99
-99
-99
-99
-99
-99
-99
-99
-99
-99
-99
-99
-99
-99
-99
-99
-99
-99
-99
-99
-99
-99
-99
-99
-99
-99
-99
-99
-99
-99
-99
-99
-99
-99
-99
-99
-99
-99
-99
-99
-99
-99
-99
-99
-99
-99
-99
-99
-99
-99
-99
-99
-99
-99
-99
-99
-99
-99
-99
-99
-99
-99
-99
-99
-99
-99
-99
-99
-99
-99
-99
-99
-99
-99
-99
-99
-99
-99
-99
-99
-99
-99
-99
-99
-99
-99
-99
-99
-99
-99
-99
-99
-99
-99
-99
-99
-99
-99
-99
-99
-99
-99
-99
-99
-99
-99
-99
-99
-99
-99
-99
-99
-99
-99
-99
-99
-99
-99
-99
-99
-99
-99
-99
-99
-99
-99
-99
-99
-99
-99
-99
-99
-99
-99
-99
-99
-99
-99
-99
-99
-99
-99
-99
-99
-99
-99
-99
-99
-99
-99
-99
-99
-99
-99
-99
-99
-99
-99
-99
-99
-99
-99
-99
-99
-99
-99
3.74256
4.42944
6.2208
6.59232
6.95232
7.09776
4.69872
7.52976
7.14096
7.10064
7.22016
6.48864
7.33536
5.43888
1.60992
6.2928
4.68
6.14592
6.5376
4.644
4.48272
5.21568
4.88448
8.29152
7.41168
5.71392
5.28768
6.39792
7.69824
7.26768
8.35632
8.77824
8.8272
7.04448
8.4168
7.77168
7.44048
9.1944
9.05184
9.32832
7.79616
9.5112
10.1448
4.84128
9.87696
6.95664
9.19872
10.48464
10.43568
10.79568
10.89504
10.44288
10.86912
10.85184
11.95344
11.16576
10.61712
11.37168
11.86272
11.60208
6.67152
8.64864
7.51536
10.41696
12.74544
12.63744
11.24352
5.32944
6.19632
11.94336
8.16912
9.36864
4.07088
14.28624
12.26016
8.61984
10.188
14.51088
11.05488
15.37056
7.37568
9.99072
10.4904
11.4912
15.98832
16.10928
9.62352
16.164
11.26512
8.4312
13.49136
17.5536
13.09968
14.96448
16.98768
9.85104
15.55488
11.05632
6.91632
17.59248
17.97552
12.26736
13.8528
18.87552
18.07776
19.45584
20.22912
20.24064
20.17872
16.5168
14.1264
12.92976
8.67168
5.92416
19.83168
19.07424
15.68736
22.1832
17.80416
9.80208
8.13456
13.65264
5.02992
19.42416
19.54656
15.66432
22.31136
20.4624
22.17312
18.1224
11.43072
22.7304
18.11952
19.90368
21.33504
20.95776
11.93184
7.14816
16.13088
15.23376
17.93664
4.82688
6.3576
11.052
12.80304
15.64992
8.57664
15.18336
9.29232
7.3296
19.10304
12.15648
23.34816
20.2032
9.51408
7.79328
10.09296
2.40912
18.71568
4.10832
12.0528
23.61024
19.52496
8.22672
9.79488
16.17408
21.06288
20.09664
15.05808
17.84304
22.2192
25.94016
13.6944
10.05696
15.12288
24.33168
16.87104
23.74272
16.04592
12.04704
11.25216
25.41456
24.37776
24.45984
25.5456
26.52048
24.7248
15.2856
23.4936
21.48336
25.24896
26.15616
21.16656
9.46944
18.07056
20.04048
19.4544
25.85088
24.95088
17.50752
23.4576
23.36832
24.87024
20.87712
22.2912
15.58656
20.36448
25.51536
25.93728
20.30832
13.74336
19.19232
24.7464
21.60576
10.68912
25.6176
24.69744
21.84336
19.4184
20.53152
21.66624
20.08656
17.16192
22.76064
21.08448
17.20368
20.00592
23.54112
18.56448
21.3264
22.20336
13.61232
22.87584
22.27248
22.65696
13.12416
17.76816
16.30368
14.13792
22.8096
10.27296
15.372
20.28528
14.19984
20.3328
20.97792
16.14384
4.73328
20.26512
16.80048
13.18176
15.68592
15.79824
19.94544
18.70848
12.68784
18.23472
17.43696
13.45104
13.5144
14.94
5.50368
19.6704
18.10944
9.95616
12.84624
5.30928
12.91968
15.88464
13.04352
18.80496
18.47232
15.05808
9.216
10.5768
17.72064
15.9624
14.3928
9.88416
8.23536
16.7976
14.5512
15.7968
15.67872
14.6016
15.67152
14.33232
14.8968
15.97104
13.86576
15.20928
14.96304
12.63888
7.3584
7.06752
13.8672
11.24496
6.66
7.1064
11.53872
12.30048
10.73232
12.17664
3.51648
6.64704
9.88416
6.39792
6.97392
10.20384
9.73008
11.7648
12.17232
11.26656
1.2528
3.14352
9.12672
2.64096
4.16016
1.71072
10.09584
5.1984
5.98032
5.12352
6.55632
10.21536
9.13392
9.18288
4.81104
3.13776
9.00288
9.84672
9.86544
9.7272
9.37152
4.90464
9.14256
8.9856
8.95104
6.68304
5.67648
6.156
8.75088
8.6256
4.64976
6.89328
1.92528
8.04528
6.30432
6.03792
5.4432
4.3344
5.55696
5.89104
6.70896
7.3296
2.68992
6.9696
8.5896
7.62048
5.76144
1.58976
3.32064
3.26736
3.50784
4.73184
6.57504
2.69568
7.86384
8.3304
8.26128
7.88832
6.14736
1.07136
4.16592
3.46752
1.85616
3.03984
4.32576
5.78448
3.76272
7.86384
7.71984
8.93088
1.2384
8.84304
7.75008
3.30624
3.45888
7.63488
7.57296
6.16896
8.14176
8.68176
8.63712
7.27776
8.01216
3.21984
7.32384
8.52192
7.35552
5.74704
3.672
9.21456
8.78112
8.37648
9.2952
9.3456
9.56304
6.57504
3.05136
4.42512
7.16544
10.03536
5.08608
3.3048
9.05616
10.14768
10.20528
8.46288
1.25856
7.308
7.30368
12.99312
11.49984
12.42576
10.03248
12.636
13.59792
13.8024
13.99392
12.05424
13.1328
14.2776
14.59584
14.38704
14.74848
9.7416
4.00176
7.15248
9.81936
5.1264
13.12704
14.94432
12.64032
16.4016
16.56432
15.53184
9.45936
16.56288
16.89984
15.2352
16.75008
17.72352
17.43696
17.46432
17.97696
18.39168
17.93232
18.42768
18.53712
14.26752
18.35136
18.55152
18.52992
3.34512
15.70032
17.28576
6.85728
12.54528
5.65776
17.4168
16.74288
17.3304
20.65536
1.59264
6.9912
19.73232
5.19408
10.51488
6.27264
14.71104
17.03088
5.43312
14.2776
12.08016
21.3192
22.74624
13.54176
15.13152
17.16192
24.36912
22.24656
16.83072
5.74416
20.38032
20.1024
23.62176
16.91568
22.30272
24.804
23.80464
20.0448
23.38128
22.74048
13.42656
12.59712
16.49088
13.95936
18.2088
23.67936
7.128
6.85728
26.39376
22.77504
17.48016
22.7952
25.0776
22.35744
18.1296
15.85152
12.6144
12.06
23.14656
20.53872
26.68032
24.34032
24.76368
19.3824
14.44608
24.10704
24.2208
24.08832
21.45168
7.18848
24.41088
18.96768
10.56528
26.04096
25.44912
26.58096
26.532
24.79248
14.80032
15.7392
14.112
24.80976
23.50656
15.29424
27.03312
26.44272
26.98128
27.756
22.48272
10.29312
21.32496
25.524
24.264
17.31024
11.412
17.36496
18.6696
24.16176
14.256
18.85104
12.79008
19.32048
26.79264
21.9456
19.08576
24.56784
24.18048
24.94656
22.54464
25.04016
24.10272
21.55248
26.15184
25.47648
21.38112
24.09984
22.41792
24.95088
24.89472
25.0848
24.11424
19.57104
21.92112
23.43744
22.58784
23.41728
20.0376
21.20544
16.12656
22.7664
21.3624
21.78288
14.36832
13.5504
11.52576
20.96208
22.31424
19.24704
22.6656
21.49488
16.15824
19.57392
18.57744
17.50032
21.54528
21.08448
20.052
18.21888
19.91664
17.24112
8.65728
18.24768
16.596
14.8464
18.9432
20.50416
20.00304
16.25184
15.72768
18.1512
16.10928
19.72944
20.06064
17.49744
16.80048
18.39312
18.72864
17.42688
12.15216
13.34448
16.16688
8.2944
18.19728
12.32928
7.23888
12.85776
10.80288
13.05936
11.1672
13.71456
16.84512
15.23952
13.63824
11.7648
12.51792
15.72912
10.86048
12.25152
15.89904
15.75072
14.30352
14.48928
12.70512
10.86336
14.0256
13.36464
10.86912
14.31936
13.5144
14.25456
10.52064
14.5008
14.07024
14.19696
13.6368
12.31632
2.4048
4.47696
4.2984
11.7144
8.8776
7.34688
11.89872
12.12624
11.53728
11.232
10.79568
8.24688
9.51984
6.76656
10.17936
2.94624
8.82576
9.85536
7.66944
5.07744
9.95184
4.3992
7.38432
6.732
6.4224
7.21296
7.41168
8.92368
7.38864
7.98192
5.67072
8.11152
6.54336
7.23888
8.56944
8.10144
8.24544
8.33328
7.07904
6.9696
2.83536
6.06384
8.77536
6.95232
6.70608
3.36384
5.87088
2.71152
3.67344
6.71904
7.13376
6.06672
7.54704
8.16912
7.79328
3.16368
4.38768
3.86352
5.1624
7.5312
7.73136
7.97328
1.15344
3.22992
1.27152
0.69264
7.43472
2.63088
7.54416
5.17248
3.98016
6.42672
5.48352
6.46128
7.65504
3.41424
4.6368
3.02688
5.75712
1.44
2.85408
8.04672
8.5608
6.65712
4.05504
8.23248
3.24576
8.4672
4.94496
4.33296
7.60752
4.27248
5.1552
9.04752
8.70768
5.87232
3.79872
5.69376
10.4688
6.79824
8.71488
9.37152
8.15472
6.03072
11.376
10.548
10.91952
2.94048
9.54864
9.75744
11.19744
4.18176
4.06512
12.40272
8.17488
12.132
12.1176
11.99376
8.03088
6.10704
6.1488
12.12336
4.40352
12.80448
8.07408
8.56224
13.06656
12.36672
5.8968
14.6016
5.81184
7.03296
14.77584
13.15872
2.71584
11.8296
13.60656
15.18912
9
4.66416
18.22032
16.9776
16.88544
17.36064
17.5248
18.08064
18.17568
18.71712
17.7048
14.46624
14.53536
12.55392
7.73136
8.4744
17.46576
12.56112
12.15504
18.89568
18.62208
15.84288
16.8768
14.34096
16.5744
16.34112
16.70688
14.50224
17.88624
20.58192
15.77232
4.77936
9.6912
16.46496
20.89152
20.2248
5.18112
18.74448
9.54288
7.75296
18.47808
19.06272
19.2024
14.83776
19.88064
18.7416
11.15424
10.45296
16.24896
18.90144
17.99424
22.69152
22.27536
20.94768
17.54208
12.51936
16.5024
3.30192
11.58192
17.35776
12.82032
19.19088
19.04832
7.84512
19.0512
20.1168
11.23632
8.74368
11.46672
20.49408
24.83136
25.344
24.46128
21.84336
25.01424
24.02928
22.49856
20.7576
24.87168
22.05792
24.1848
18.12384
9.68544
23.86656
13.08672
10.89216
16.05888
22.09968
26.09424
24.76656
23.41008
10.23264
22.61088
14.30496
4.15584
12.31632
8.98704
17.8632
14.62608
8.2656
13.4208
20.33712
18.09792
12.92256
13.63824
27.1656
26.67744
26.17056
24.8616
21.51936
18.45504
14.6736
16.91136
17.21232
14.72544
20.61504
21.33936
23.59008
18.94608
16.94736
24.94368
25.26048
24.52896
21.92256
16.65792
21.0888
14.26464
22.70304
24.1488
20.59488
24.18336
21.30336
22.6008
22.40064
16.05312
16.6104
22.52304
13.63824
23.12352
21.67488
21.80448
20.1384
23.37264
18.6192
16.59312
21.08304
20.81232
18.85968
15.16752
23.14368
18.0576
22.79232
23.34528
22.21344
19.21104
17.67168
16.95024
18.99504
7.6248
20.6064
13.74048
18.98208
22.22496
21.85776
17.47296
11.35728
17.2728
21.03552
19.58256
19.70064
16.22304
20.16288
19.81728
18.92448
20.06352
20.47536
20.32272
20.75472
19.25856
11.5488
18.36288
15.67152
17.17632
12.48912
10.29744
15.9192
14.49792
18.60912
16.92864
13.60224
18.30096
17.87184
16.07184
6.80544
6.05088
6.35184
17.06544
15.37776
3.4488
14.41872
8.064
9.37008
16.96752
16.71408
15.80976
14.82192
15.63408
12.92544
12.4128
13.70016
12.18816
11.556
14.22432
14.36976
13.04352
12.97872
10.69488
2.268
2.79792
6.62256
5.34816
13.58208
13.8744
13.43088
13.56912
13.30272
12.7584
12.89088
10.4976
12.20256
10.94688
7.56144
7.14384
12.18672
11.24064
10.62288
8.15616
6.46848
4.72032
4.47552
10.89216
10.28448
9.91152
9.77328
10.08
5.74416
6.80112
5.88096
4.9752
10.81296
9.16128
6.21504
8.8992
2.17584
9.5976
2.66544
8.07696
3.42144
2.8368
4.53024
6.36192
8.32752
8.93088
9.01152
9.04608
8.08128
7.47792
3.68208
2.38176
5.3136
7.59312
5.83344
8.10576
4.13568
2.06208
3.53232
4.06368
4.89744
7.46928
7.46352
6.58224
7.40304
7.31088
4.57632
6.64272
5.98032
7.8192
7.46064
6.83424
1.83744
1.4472
3.4128
7.04448
6.45984
7.47216
5.80464
6.36336
4.39776
3.816
3.79584
6.32304
7.05312
8.29008
6.54336
5.30928
3.132
4.69584
7.16544
2.66976
7.10208
7.55712
5.07024
6.33456
8.55216
8.892
8.79552
8.63568
8.3304
5.48064
8.8488
8.92368
8.79408
9.37728
9.96048
9.09072
10.22544
4.50432
4.00608
3.65472
7.45056
7.87248
11.26944
10.32768
5.39568
10.6272
10.30608
10.89216
11.05632
11.61216
11.79072
12.02832
11.10096
11.49408
10.93248
2.65968
5.33952
11.15136
3.39408
12.29616
9.41328
12.6648
8.57808
7.52976
12.29904
13.02912
13.39056
13.27536
8.47296
12.5568
13.84704
11.55744
6.54336
12.82608
13.47984
15.16176
15.39792
13.4136
12.12048
15.36336
13.76928
1.74096
14.16096
5.15664
2.54304
8.54208
7.97472
17.22816
16.11648
17.88768
13.26096
9.35856
19.18224
18.09648
14.6808
15.9768
15.2208
13.11264
7.95888
16.7832
13.66128
18.87264
17.71632
11.23344
18.36144
19.17792
19.67472
19.83024
20.10816
19.88208
13.46832
20.51856
20.56896
20.55888
12.17376
17.6328
21.00384
18.88992
21.492
16.26336
13.68432
13.95648
11.18016
8.8776
18.072
13.0176
20.38176
21.42864
9.76176
20.14416
15.1848
16.73424
11.56608
15.43536
19.01664
18.8352
15.87456
7.09344
13.77072
23.53392
22.53312
18.72864
12.74832
13.4496
19.31616
25.11648
23.72688
20.48976
16.32672
17.90064
23.90112
20.1456
20.77776
24.37776
23.31648
22.40784
15.38064
20.02176
24.7104
24.42528
12.82464
13.8384
20.8152
17.22096
9.67248
6.94944
17.0352
15.76944
11.04192
15.33744
24.44976
12.34368
19.91088
18.56736
16.04736
18.73008
19.71792
18.29664
20.93616
23.74416
25.68816
25.2216
12.84624
22.27968
21.14928
23.9976
25.21296
24.87024
25.17552
19.89216
19.27728
23.79888
23.98896
21.70512
16.68096
11.2392
24.9552
20.58048
23.46048
23.90688
22.05936
23.1552
23.41008
12.1248
19.692
18.46224
24.51312
21.47616
13.17024
23.71248
20.08512
23.89536
23.3928
17.41248
23.65488
21.36096
11.7576
8.40384
18.43632
19.48752
18.85392
18.55296
22.068
21.91536
19.2744
17.99712
20.35872
14.69952
17.3592
11.0232
18.56592
23.17104
23.2848
22.69584
21.29472
19.12464
17.41392
16.17552
19.23264
20.70576
17.95392
21.11184
19.1736
21.02256
16.62624
20.6064
20.4552
19.72512
15.37632
21.2112
20.29824
17.99136
18.03168
11.05632
18.47664
17.9856
9.68832
10.55232
17.31312
18.50976
17.84448
18.78048
18.41328
16.44768
12.1968
15.24672
17.35056
14.60592
14.57424
11.15424
15.93504
6.55056
18.1008
17.136
15.98688
12.17376
15.16752
5.80752
13.644
15.33312
14.02704
15.45696
14.22288
15.35184
15.44832
15.4584
15.13584
15.15456
14.5584
13.92912
10.67328
14.56848
11.92464
13.69584
13.84128
13.74048
13.62528
13.58496
11.12256
12.90096
12.37392
12.63312
10.33488
12.15504
12.36528
12.06
7.58592
4.91904
11.50848
11.02032
2.01888
2.01312
4.92768
10.15776
9.9432
5.9688
4.788
1.31184
2.46672
5.31648
4.65552
5.9112
9.2376
9.4608
7.2432
8.54352
7.1928
5.77152
4.76208
2.73888
4.67568
5.4
4.89744
6.50592
2.38032
4.95072
5.06016
8.14752
8.12448
8.33616
8.20512
8.3304
8.65296
8.29152
7.63344
8.25696
6.12
4.63536
7.19568
6.61824
7.46064
7.79328
7.66368
5.73552
6.26544
6.10128
7.53696
6.06384
5.84352
6.26256
4.93632
4.10832
7.50384
2.67696
3.6072
3.03264
5.17392
7.14384
7.4088
7.08768
7.00848
5.69232
7.45344
6.97392
6.88608
3.40848
5.49648
4.2048
6.7608
6.7824
5.43456
5.5008
6.47712
8.11296
7.44336
7.9344
8.01504
7.8624
8.172
7.95456
8.60688
8.43264
7.93152
8.75664
6.95232
7.2648
8.30304
8.4672
8.06256
8.75088
8.79984
8.79984
5.39856
7.61472
7.75152
9.81936
6.54192
5.8392
5.05296
9.92736
10.45728
2.54016
10.98
11.27232
7.87392
11.25936
11.7792
11.63664
11.5776
9.83664
8.43264
11.97216
11.25648
12.81024
12.34944
11.86848
13.02768
12.84912
13.212
13.104
12.73968
11.14704
13.77504
11.05344
13.85856
14.0184
13.78944
14.45904
5.64768
8.84304
13.46976
11.06928
14.50656
15.02928
15.84864
15.70896
15.83424
16.0128
16.2936
16.61904
16.3584
16.75584
16.1064
16.72848
15.52752
16.7184
3.93984
4.37472
17.43264
18.13392
18.3672
11.94624
14.28912
14.46624
16.33104
18.86544
18.84096
17.55072
13.13424
5.44608
7.7616
11.1456
9.28368
17.32032
20.94768
20.7576
11.96208
14.96736
11.1744
14.95584
14.29488
18.70704
14.004
21.87648
12.85056
13.06944
13.59936
20.80224
16.48224
13.79952
17.22528
20.54016
22.248
5.24592
5.83632
12.01248
13.64832
17.82
22.35888
21.08592
16.49232
22.0176
16.6608
22.1904
15.5376
22.73616
22.644
22.53456
13.84704
13.62672
23.01984
21.7656
25.03872
18.864
20.87712
22.55472
7.90704
9.1728
6.67008
23.9112
22.7376
18.00144
15.2784
21.08304
14.0976
16.30224
21.5568
20.5632
22.41648
16.55136
11.77776
22.98384
25.30512
21.21264
20.75184
14.5584
18.97344
16.25328
18.94032
18.91584
20.19168
23.97024
24.36336
25.63488
18.99072
16.0272
10.73952
24.768
25.2864
21.71088
24.45984
22.80672
20.93184
19.00944
23.96736
24.07392
24.40512
23.26176
5.95296
24.9912
24.40368
18.24192
13.62528
22.32144
24.86448
25.86096
24.38064
23.30208
21.888
24.56784
24.89472
17.34624
25.34832
24.8616
25.23888
24.99984
21.58128
23.00832
18.85824
21.73248
23.688
24.34464
19.43424
17.75952
16.09632
22.71888
21.38976
23.4
20.9808
23.93568
23.50224
21.91536
19.93104
19.49904
19.37232
22.23936
22.03488
22.07232
21.11184
19.42704
17.93664
19.54224
19.71216
21.36528
21.07296
20.80224
20.12688
12.3192
16.08768
19.1808
17.83152
17.63712
18.94464
14.42592
20.91024
20.09088
16.46208
12.24432
7.79904
20.88864
18.31104
17.21952
14.88528
16.25616
15.29712
17.32032
17.83008
11.0664
15.84
13.60224
13.80528
10.50768
17.59824
17.5896
17.99136
17.48736
13.3344
8.95536
16.08192
16.81056
16.31232
16.25184
13.51872
15.6024
13.78368
3.41856
12.88224
5.27616
1.04688
7.38288
15.03936
14.90256
14.77728
14.43456
14.1264
13.25088
9.98064
10.60848
13.66992
10.44144
9.1944
9.15552
12.86208
10.31472
12.26592
12.36384
12.4848
8.86032
3.80592
5.7672
4.06656
5.61024
9.8928
11.12976
2.83968
4.0464
6.98544
11.4336
11.36736
7.75872
6.22656
9.29232
10.61136
6.05376
2.844
10.22976
8.6328
10.95408
8.3232
5.21856
4.59216
4.83552
9.7488
8.72784
8.18928
4.99968
8.4672
3.89232
3.65904
8.03088
6.34896
3.0528
5.25744
7.96896
6.01776
4.57344
2.82384
1.70352
2.34864
4.7592
8.10144
8.91072
6.41232
5.38272
6.63264
2.06496
7.82496
7.28352
7.67808
7.72704
8.07984
8.47008
7.21872
3.98736
2.2176
6.25536
7.14816
5.7384
8.10288
2.69424
3.2328
6.01344
4.35168
7.36272
5.97456
3.30768
6.98688
7.67808
6.23376
7.78176
7.21584
7.3152
2.952
7.02144
7.53696
2.79504
7.30512
7.64352
6.97104
7.69968
8.58528
7.62768
8.12592
7.27632
3.82464
5.93136
0.75744
6.59952
8.7264
5.66496
2.83824
5.85792
7.6752
7.72272
4.5504
5.86944
9.5256
8.63856
5.24736
8.71776
6.67296
8.38368
9.60624
9.05616
3.02976
10.35792
6.03936
10.24704
5.28048
7.80048
2.70864
9.0864
9.28656
7.64064
11.68272
12.5568
10.58688
12.50928
12.82896
11.48688
9.97632
11.94768
13.43808
13.38624
11.46528
13.68576
13.69872
6.77088
11.7072
8.6544
8.00352
7.44336
13.95216
13.96944
4.80816
2.49408
5.51376
10.83744
13.76928
10.76544
14.82336
14.05584
8.74656
8.34048
9.64368
17.09856
9.49536
2.99376
13.3416
16.64064
15.52752
17.55648
17.0712
14.09328
11.29392
15.084
16.68384
12.69648
14.02128
13.284
14.59584
15.35184
5.56128
13.7376
19.93968
10.60272
5.2344
11.1096
18.7992
12.66192
15.29712
14.29776
17.63856
20.98656
21.03408
21.47328
17.76528
17.46432
20.93472
21.71232
4.8744
22.90896
20.55168
22.45824
20.78928
22.99536
3.49488
9.0936
10.43856
4.63392
2.89728
19.65168
23.0112
15.47424
21.64176
21.85776
22.99536
19.73232
11.85984
13.25664
4.41792
21.79584
21.61728
22.31136
24.46128
11.43792
4.59504
12.25152
17.19936
11.99376
10.89648
14.11632
20.18016
17.6976
24.60528
22.23792
25.31664
25.44912
12.8088
11.02464
15.90048
15.54192
14.27904
16.95312
17.34336
25.92288
21.01824
15.98256
22.35168
16.10496
12.91968
12.852
22.15728
18.84816
22.13568
21.79296
24.71904
22.05936
25.056
18.98064
6.72912
19.81728
20.08512
15.34608
22.01328
19.13616
26.10144
24.01056
26.08416
24.32736
17.6256
25.1712
22.79664
16.8912
22.37184
17.77968
25.9704
25.75008
21.76416
18.73728
18.08208
15.85584
11.38896
16.75872
22.10688
13.8528
17.60832
22.2192
15.66432
12.68496
17.7264
15.78096
17.60112
18.2088
21.89088
16.9776
22.04352
18.40464
20.75904
22.51296
14.28192
24.29424
23.18544
23.71824
23.22576
20.2464
18.21744
22.56912
22.54176
20.952
9.54288
19.89648
22.96224
22.97088
21.16512
18.26208
11.43648
19.0872
20.48544
14.16528
13.88448
21.02112
11.72448
22.14144
21.56544
18.08784
17.36928
10.78128
17.84448
15.51168
13.51296
13.95792
14.64336
16.50384
20.00304
20.04336
17.25264
19.5768
19.61136
18.89424
16.11216
3.78288
10.3896
17.03376
7.1208
13.53312
16.95312
17.136
17.95536
17.83728
16.81776
16.47072
17.53488
18.28944
14.82336
17.25552
16.4376
16.32816
14.02848
14.47056
15.03792
13.26816
11.27088
13.52304
13.00176
14.25024
12.38112
5.33664
5.8968
12.4344
12.672
14.34816
12.59568
13.83696
13.70304
6.06096
13.92336
12.84912
12.43872
8.29728
12.44736
11.96496
4.19904
7.97472
9.41472
10.57104
9.25632
11.74608
10.37232
8.08848
10.26864
10.79856
10.80432
5.48496
7.59744
10.71504
7.49376
8.928
9.05328
6.8184
6.30144
9.72288
9.55296
6.62976
8.59248
5.69376
6.14448
7.11648
7.47072
9.3168
4.28688
5.64048
2.03328
2.14272
3.74688
8.8992
4.21632
7.81776
6.13872
4.9824
8.47584
8.23824
8.22096
9.0144
9.13968
3.024
7.8048
3.98448
7.61616
8.53344
7.9632
8.35488
7.87968
8.42832
8.37936
8.72784
8.5248
8.5464
8.4384
6.7032
8.0856
7.86816
6.57648
7.6392
1.18224
3.9744
7.3584
7.5744
6.63984
1.42128
2.8872
2.44368
6.97248
4.01472
8.39664
5.95728
5.5656
6.34752
4.3992
3.25872
3.50496
4.54752
5.44608
7.20144
7.21872
6.20928
7.11504
5.16672
6.90624
2.4912
4.76208
3.36672
1.1808
6.88896
1.27728
3.2904
7.2864
8.36784
2.11392
8.58384
3.91824
4.59648
7.99344
6.74784
8.25984
8.59248
7.9848
10.67616
1.48464
9.20304
8.54784
9.69696
8.55216
6.65568
6.71472
5.4504
5.56128
5.85504
6.408
10.90224
10.46592
8.74656
-99
-99
11.052
5.71104
11.71008
9.7272
5.99472
13.33728
13.76208
13.0824
10.52208
10.83168
7.50672
5.92128
11.73744
13.83552
12.852
8.87472
12.20688
15.59232
16.37424
16.52832
15.91488
16.15248
13.19328
15.86592
16.12368
15.74352
16.1352
16.99488
16.89696
15.46704
16.28928
14.25024
12.168
10.58976
12.40416
12.50208
11.13264
13.12848
18.16416
15.78096
10.37376
2.65104
14.86944
13.86144
8.04384
2.94048
15.8544
0.47088
-99
4.0032
12.66192
19.39968
18.84816
11.99088
17.81136
20.51712
20.8152
20.83824
21.8808
21.9312
17.6256
21.84624
10.17504
14.2776
11.94192
20.84256
6.79392
21.47328
17.84016
22.81248
14.81184
18.67536
18.41904
20.10528
16.51104
23.12208
24.59232
23.60448
19.05696
19.09872
21.1032
17.5608
17.70048
16.41312
24.67008
19.19088
25.39728
25.6752
25.63776
19.3104
17.68032
22.85856
16.02
10.2528
22.64256
15.91488
11.92464
17.74368
13.66848
18.95904
15.408
16.88112
15.69744
17.78832
26.01504
18.20448
22.25376
14.5944
23.89104
18.51984
23.90976
24.60816
19.78416
25.23024
16.5456
20.38032
15.43536
5.65488
23.67504
18.98064
21.42576
17.95824
22.24656
21.64464
22.97952
21.07008
16.46352
7.93296
10.10304
15.15744
17.74224
19.49328
17.81568
25.92288
10.13904
15.16032
7.86384
14.95296
25.63488
16.19136
10.81728
23.45616
23.18544
22.94784
24.90624
15.70896
16.90416
20.09376
18.15696
17.2368
24.06096
19.55376
17.05968
12.09744
23.47632
24.74064
24.44976
21.02688
11.7864
23.23008
19.5912
5.76432
20.04912
22.53888
23.3784
12.3336
9.19152
21.22272
18.47808
19.95264
21.09888
21.30912
20.72736
17.99136
22.51296
20.76336
13.85856
14.89392
23.13648
23.03712
20.13696
21.51504
19.32336
18.01872
13.03488
20.37456
8.08416
18.17856
20.53152
19.75104
20.38752
18.99072
20.47968
14.5008
13.44096
16.35984
19.54224
20.06928
18.40896
13.82256
15.372
16.90272
14.32368
14.35392
12.99744
15.60816
14.85072
14.7816
16.56864
12.50928
14.88816
13.536
13.23792
12.60432
13.16592
12.69792
9.45504
6.98976
10.86768
13.53744
16.7688
16.46784
15.98832
5.25744
9.76752
8.40384
13.09104
15.14016
10.83744
13.51872
12.01536
13.67568
11.45952
13.70304
8.20656
9.9288
11.97072
7.43616
10.48464
4.80096
10.10016
12.73392
12.58704
12.73536
10.6704
3.09744
10.7352
9.96336
11.71872
10.4544
8.71344
10.00368
6.82992
10.2888
10.8648
10.25136
10.59984
10.46304
10.45296
3.8736
1.91808
9.20016
10.88784
10.06848
7.992
2.69424
7.74432
6.36768
6.22944
8.4888
1.95552
8.79552
8.5392
6.83712
9.09216
8.8776
8.35344
8.10576
5.11776
2.94192
4.30848
4.392
1.6632
2.37744
1.56096
0.94176
1.27728
5.92848
4.85856
7.94592
3.744
7.23744
6.54768
6.43392
5.22
4.3992
3.04128
7.43472
5.5008
6.11712
3.61152
1.51056
4.19184
2.3976
3.48624
7.15824
7.4376
7.78752
7.69536
8.13312
8.36928
7.81056
5.6232
2.35584
6.21648
7.54416
7.32384
7.57296
7.23888
6.9336
6.97248
5.51952
7.74576
7.97616
8.83296
8.46864
7.43472
7.92576
7.33824
8.13744
7.52256
8.45568
8.50032
2.48112
7.78608
7.776
1.76976
5.42304
5.73696
9.77328
6.57072
6.61824
7.31664
4.52016
8.06256
8.42112
7.46208
1.37952
7.16256
3.22416
7.884
4.19904
4.3704
9.65664
9.68112
9.15264
11.46528
11.09664
12.36672
11.52432
8.61552
10.34352
7.98624
5.3424
11.69568
8.50176
12.15504
13.0824
12.78288
8.42832
11.55744
9.85104
3.73392
4.79952
6.95664
13.10112
14.15376
8.25696
10.4688
13.58928
5.93856
15.33312
15.30432
14.67936
14.50944
14.60448
14.09616
14.4576
15.67584
11.0232
10.26864
6.00912
9.79632
17.4672
11.15568
14.33376
11.1096
2.7576
12.6
5.44896
7.04448
16.6392
18.39024
16.11504
17.8776
12.67488
10.8648
19.49616
18.72864
19.32192
16.64352
20.4768
20.80224
20.76624
20.86416
20.016
21.23568
17.55072
14.36544
14.5872
17.87472
21.06432
18.11232
8.1216
13.89312
15.948
13.52736
20.30688
21.15792
12.02688
18.31824
20.14128
13.02912
8.24544
9.16704
21.87936
11.41056
22.76208
10.53216
16.0344
16.71696
18.14112
12.06864
15.46992
22.74768
21.79872
23.50512
22.76208
22.04784
23.32368
17.9064
18.18144
20.0736
25.52832
24.56784
25.05456
3.11472
22.3272
26.0712
24.95376
22.8672
19.1448
19.79856
25.69104
25.95744
24.67584
19.9224
16.92288
17.61696
21.00816
18.22032
16.8768
21.1176
25.34256
20.19744
14.4072
14.89824
13.10832
8.93376
12.52656
19.30896
12.20256
17.76096
14.43312
15.22368
26.26416
25.9056
24.81696
26.04816
23.45184
24.22656
13.00176
20.40912
21.67632
23.93712
19.92672
24.04368
24.5448
24.20784
23.08752
16.44912
22.032
23.80608
19.86768
23.17392
23.72832
24.59808
25.60752
24.67152
23.61888
21.22128
18.85824
20.124
22.40208
20.48112
20.35872
18.19728
19.27296
16.88112
14.70528
17.76096
19.00944
22.21632
22.12704
21.1968
24.97968
23.90688
22.20048
9.39744
12.89808
22.2912
23.36256
21.98592
13.428
19.7352
22.6656
21.59712
6.36912
17.2368
22.2696
21.996
19.45728
13.55904
11.10528
9.67104
21.492
11.9088
15.27408
18.072
20.2824
17.90064
11.39184
15.13296
20.91168
20.92608
20.84256
18.09504
19.81872
19.7064
19.93536
16.77312
15.10128
15.876
10.7928
6.54336
19.21536
18.79344
18.1512
16.1928
16.11936
7.48368
15.0336
12.79584
13.35024
13.00752
9.15408
4.54608
17.68464
17.388
17.20656
17.75808
17.30736
17.1
14.32368
15.91632
16.73856
12.68928
9.83664
14.76288
9.55152
3.78
9.15984
10.61856
11.20752
8.33616
5.16096
14.91984
13.38768
13.16448
14.08896
13.608
13.17024
9.48816
8.11872
14.02272
14.04432
13.33584
11.98656
6.62976
7.89552
6.89616
12.17808
6.6816
11.9088
5.03568
8.7192
3.69792
6.408
10.15632
8.61984
10.72368
6.9552
10.66896
1.1808
8.20368
4.85568
9.72
9.756
9.59184
9.52992
9.60768
9.60048
9.63648
9.39024
9.04464
9.29376
9.19728
9.21312
9.5328
8.18928
8.60112
7.08768
5.44032
6.46704
7.94304
8.66592
4.83552
3.76128
7.24464
7.4664
9.39888
8.5608
8.77392
7.3584
8.51904
7.23888
6.7248
6.41808
6.75504
4.92912
6.98976
6.72912
8.47296
6.26688
6.89472
5.82048
5.292
5.49216
5.80464
6.42528
6.58656
6.804
7.14528
7.47648
7.70112
6.84864
6.85584
7.41888
8.01216
6.10704
5.64912
5.61312
4.82832
3.04416
4.47264
3.30192
1.72368
3.96864
4.56624
4.61952
7.06464
4.88592
5.03136
7.36272
8.48736
8.7912
4.77648
5.66208
8.6688
6.2136
0.03456
7.67952
7.40592
9.06768
6.05664
7.77744
9.01008
8.83872
8.92224
9.31104
6.90912
7.26336
7.43616
1.07568
10.41696
7.09776
10.05696
10.30464
10.83024
10.9512
8.39376
11.46816
6.0912
9.26928
6.67296
5.89392
10.5696
9.88992
11.11248
12.1608
13.33584
4.77648
13.26096
13.06944
12.81312
7.71552
11.86416
12.16512
7.8984
8.79408
5.71968
9.73872
13.29984
13.04784
13.65264
14.4792
11.0088
11.556
9.67248
11.736
16.13376
6.1488
16.23888
16.35552
17.50464
16.7832
5.652
9.54
8.44416
9.5976
14.38272
5.01552
14.51664
17.16048
16.05744
17.65728
18.68832
9.10224
18.0144
12.45456
9.86976
15.55776
15.8976
14.72256
12.82032
5.24736
18.62496
6.63984
3.43584
17.46576
19.99008
20.39472
17.50176
11.86848
20.78208
17.24832
18.33984
20.42928
18.828
17.26416
20.03472
21.04704
20.12256
17.0568
7.63632
13.13136
14.35536
23.31504
23.3136
22.48272
17.40096
11.91456
23.47776
15.74208
21.48192
22.68
21.98016
24.2208
21.4848
6.81408
9.5184
5.31504
3.45456
11.53008
12.41136
17.01072
19.12032
17.54928
25.05888
19.93968
22.0968
17.28576
24.31584
24.46128
21.89952
14.77872
25.73568
23.7096
23.36544
21.0528
21.7008
13.55616
22.09536
18.27792
14.72544
18.05472
23.98464
19.52784
15.23376
23.23152
18.0864
22.57056
9.15264
18.98496
15.26544
18.19584
16.19424
18.38736
23.85072
11.844
20.77056
18.56016
15.64992
25.5168
26.07984
23.13792
25.128
25.49376
24.67296
19.64016
23.52672
23.06016
24.22224
14.59152
15.63408
20.27952
20.92896
24.31872
21.16224
10.9008
19.30032
19.37664
12.28032
23.46192
19.06128
16.49952
18.2664
22.83552
24.33456
25.65072
25.33824
24.32448
24.41376
24.4584
14.36976
19.13472
6.82272
20.8728
23.7744
19.9944
17.5248
18.8352
23.48208
21.50928
18.17712
16.08768
21.15216
22.30128
21.15072
18.30816
23.39424
22.95504
23.42448
22.90464
11.81664
21.57408
22.60944
22.05072
20.68704
20.25648
17.97552
13.35456
15.24528
16.66368
18.26208
11.50272
20.06208
21.39264
20.79216
20.9016
20.8656
20.7288
20.38176
17.9136
15.58512
18.57312
14.0688
14.8104
17.1864
12.83904
15.4224
18.11664
18.08208
18.64656
17.16768
14.8968
17.75952
17.34624
17.61984
16.65072
9.39744
11.016
13.9392
12.88944
15.9264
16.45056
11.28672
15.54048
16.37856
11.75616
13.65984
8.93232
13.11552
13.12416
15.88608
15.76368
15.29136
12.5424
14.06592
13.63104
13.00608
10.19952
4.10976
13.64112
14.02416
13.2264
14.04576
11.69424
3.52368
3.10176
5.45184
13.02048
10.76832
5.7456
11.98512
10.45296
10.92384
12.08736
5.89104
6.14304
8.4528
6.45264
6.69456
11.69136
11.75616
11.61072
11.66256
11.19168
10.9224
10.8648
10.50768
3.95136
2.53584
10.11168
8.07696
10.77984
9.87552
9.61776
8.02368
8.52048
4.91472
8.48736
9.73296
8.8704
8.82432
3.78288
5.85792
5.3208
1.70352
2.09808
3.53808
5.72256
8.28144
2.29392
6.33024
7.48368
8.26416
6.72192
8.26416
8.73792
8.65728
2.54016
2.7072
6.43824
7.77024
7.80624
7.86816
6.84432
7.46496
6.92208
7.54704
8.2368
5.89104
1.85184
6.588
8.21376
6.99408
3.9888
6.63696
6.50304
7.24464
6.81552
6.65424
6.51744
7.2864
8.67312
8.93376
8.02944
8.32896
8.064
7.07472
7.128
8.10288
7.81344
7.57008
6.10416
5.26176
7.86384
2.66112
4.9392
6.22656
3.86352
5.16384
2.60352
2.11248
8.5104
7.83504
8.16624
5.54832
5.04432
4.104
3.92256
9.14832
6.18912
3.2616
1.5984
8.4024
7.8624
8.0136
9.94032
9.11952
4.62816
6.03792
7.88976
4.78224
3.18816
6.92784
8.98848
11.304
5.89536
6.4656
6.56928
2.34288
9.78912
11.15712
9.91008
12.45168
12.02256
12.95856
13.64688
12.70512
13.78224
7.10496
9.77904
13.97232
13.66848
14.004
0.03744
-99
11.52
9.19008
11.48112
13.5
14.01264
7.65936
12.22704
14.63904
16.16256
15.75792
8.29296
6.42672
14.93712
16.66368
16.74288
16.49664
15.92928
14.48352
15.4224
13.99104
15.3576
9.92592
4.25952
6.8544
15.97536
6.15024
17.47584
19.47888
19.06272
12.08736
10.89792
18.648
19.64016
18.9504
15.18336
20.268
20.47536
19.63152
16.28064
19.39824
19.6632
21.27312
18.22176
17.90064
10.39968
21.39984
19.3752
22.15008
22.73616
23.18832
22.55472
22.20048
20.33568
20.77344
14.53536
7.32672
14.6448
24.41088
22.62672
9.2664
23.15232
12.47616
15.8904
18.44496
15.4368
22.61232
24.42672
23.92416
18.94608
15.72624
11.20752
21.9456
22.77216
21.31344
22.96656
18.8496
20.17152
12.06864
21.78576
25.28064
23.06592
17.89776
20.59344
23.6448
21.41136
23.49216
22.45392
23.97024
20.40192
6.31296
16.24608
17.79552
17.67456
12.37968
8.54496
23.26752
20.12688
22.97664
25.59312
22.86144
21.8448
23.33088
22.99104
24.48576
22.18176
23.03856
22.48704
26.39664
25.60032
25.47216
14.05008
16.75728
19.40832
22.63968
22.16016
20.13984
10.31328
20.44656
19.91808
20.65536
20.25792
18.78336
25.78608
25.05456
25.45344
25.61472
18.21312
19.04544
8.72928
14.72832
16.46064
21.30048
24.89616
24.83856
24.36336
25.64928
21.76848
21.61008
21.55248
17.90928
15.912
17.38368
18.90864
18.52992
19.47312
22.66272
21.30048
23.92848
22.1976
22.85568
16.49952
21.78864
12.91968
15.63552
18.02736
21.06288
18.29808
17.6832
21.37392
19.43136
8.35632
19.71072
18.0648
22.36608
20.95488
19.35792
15.93792
19.43712
18.94608
16.71408
17.98992
21.36528
21.132
20.4048
17.43552
18.5112
15.22368
16.46928
15.25536
16.39152
13.57344
15.33744
6.11856
19.08
20.07504
10.5192
11.00592
17.4528
14.59296
17.38512
17.80272
4.14288
18.98784
14.73552
16.71408
17.93232
13.26528
3.46752
14.55264
15.43824
9.73008
17.86608
17.424
15.42672
9.75168
12.5928
16.08912
9.24048
12.83616
15.27984
14.94576
15.30432
5.4792
7.9488
11.28384
14.40432
14.52096
15.03648
14.77008
15.01632
14.33952
8.25408
10.79424
13.64256
12.81024
13.1688
12.6792
12.65184
12.6432
12.89088
5.25888
4.11552
10.63872
10.296
12.18816
11.60784
11.18448
11.47968
11.41344
11.20032
11.64096
11.232
11.22912
11.16576
10.54368
6.8976
9.73296
3.08736
10.26288
8.00496
10.2672
7.46928
5.38272
8.15184
3.27312
9.0936
10.04544
9.45936
5.89104
9.12816
8.22096
9.144
8.604
8.53488
9.10512
9.25056
7.61616
5.34096
5.36688
8.29008
7.37856
8.17488
6.60528
8.01792
3.79872
4.5792
4.25376
7.51536
8.52192
8.04672
6.72624
5.32512
7.6752
1.27152
1.54224
4.37616
4.93056
5.544
5.55552
7.66368
6.97392
1.81728
7.12944
1.69488
6.60672
3.6648
7.49232
7.58016
8.31744
3.58704
3.5856
4.22064
2.79216
7.13664
6.62112
6.48864
4.52592
7.24176
7.00272
7.35408
3.46752
0.76176
4.30704
3.28752
8.2152
8.02368
7.49808
4.04496
5.02272
7.06896
8.7048
8.81856
9.47376
8.38368
6.93936
2.27808
7.53984
7.21584
9.46656
5.95728
2.44656
7.80912
9.9576
8.85744
10.0512
9.86256
2.01888
9.504
8.86896
4.01904
1.12608
8.892
11.69712
10.3392
8.58096
10.77984
6.68016
8.72928
11.03328
8.93088
10.28448
4.77216
6.59088
12.3768
10.47312
13.02624
11.30112
13.3128
14.12784
12.43152
11.664
7.39152
14.292
3.17232
8.40384
13.59504
14.16384
6.87168
8.6112
14.63328
14.53968
11.06496
13.76352
8.17632
10.19808
12.75408
11.15712
11.6496
13.69152
9.94608
10.40544
14.35104
14.03136
16.71264
17.10144
16.8768
15.56784
2.35152
9.94896
7.49808
7.33104
18.252
16.41456
16.63056
14.58576
19.11888
17.22384
16.5024
19.58544
19.77552
14.91552
16.77312
2.06352
13.13856
11.8512
9.02304
16.6176
3.41136
5.472
18.9864
6.6024
21.66624
20.16576
15.97824
21.3984
21.49056
17.2872
8.81856
21.22848
16.3872
20.96496
16.43904
16.18128
8.1504
18.2088
12.55968
23.05728
15.18048
15.20208
9.08064
12.22992
15.8184
15.408
20.50128
16.87104
23.31648
11.89152
19.71216
15.17472
15.20352
13.4712
21.92256
18.59328
14.96592
13.7232
13.34304
15.5088
21.68784
21.70656
14.68944
12.5784
18.82944
10.36368
9.74592
7.8768
18.05328
19.48032
16.13664
9.32832
18.55008
11.29392
7.10928
14.27616
20.35008
20.1456
7.48512
16.67232
12.78
12.4344
25.09056
14.36544
23.16384
22.33584
25.69824
25.03152
23.66208
8.29728
21.47328
23.96736
22.1832
24.00768
21.7368
21.29904
12.8448
21.16224
24.02928
23.66928
20.52576
12.86208
25.4952
14.20128
23.19696
20.49552
19.95408
19.05552
23.61456
21.11616
21.4272
21.15792
23.9256
23.90544
11.124
24.43104
21.6936
23.77872
22.85712
19.46592
14.33232
24.5304
16.2072
15.53616
18.63504
20.67696
20.68704
23.16384
22.1256
15.5592
20.52864
20.34576
21.672
22.2552
14.79744
13.0608
13.12992
16.63488
8.3664
18.29088
19.94544
17.60832
18.10224
22.248
22.35888
17.20656
7.51824
18.25056
21.0024
21.3192
17.5392
17.82288
17.35344
17.81424
15.4368
19.51632
20.33136
17.38368
16.83648
15.62544
16.84512
19.17648
16.956
17.72784
17.38368
16.1424
15.28416
15.21072
17.31168
14.9256
14.7744
14.71392
15.21936
17.24688
17.01504
12.44592
13.50576
15.23376
10.55088
15.7968
16.68816
14.4
15.4944
15.33312
16.31952
16.11216
16.17264
16.32096
16.05168
14.40144
13.66704
15.45264
15.61248
15.20928
14.8392
14.62608
14.36112
12.31344
9.62208
10.98288
6.66
10.92096
11.48544
12.37248
4.92768
4.572
9.8568
10.224
4.6152
7.79616
6.192
12.01248
12.15648
12.17664
11.88864
11.808
8.09856
1.78992
4.05216
4.212
10.65024
1.2816
8.6184
6.58512
10.70784
8.98128
5.6088
9.51552
7.85376
4.70304
6.8832
8.6472
8.68896
7.65504
8.58384
7.6968
1.86768
3.05424
4.6296
3.54816
7.26336
3.4488
7.5888
7.0272
1.57392
6.15744
4.87296
5.90112
7.80048
6.8616
6.41952
4.6368
7.12944
7.02864
5.87232
6.1632
6.88176
7.15104
7.97328
6.1848
7.79472
4.74192
7.19856
6.38064
1.368
4.01472
5.42304
1.8648
5.71248
5.07024
6.75216
7.0128
6.09984
6.70896
6.31296
6.41952
6.38352
6.89904
7.6248
7.98768
7.5456
7.63056
6.60528
7.84512
7.83792
7.55136
6.876
7.488
7.04304
6.8616
3.49776
8.0496
7.87536
7.58016
7.84656
5.0328
4.572
8.5824
8.62848
4.39056
6.36768
8.49456
6.43824
6.43536
5.4792
0.46368
8.67744
5.15664
8.96832
9.3744
0.7776
1.00224
5.52384
9.15696
7.30944
5.3568
10.73376
10.45872
6.83856
10.88496
4.71024
10.41264
10.58112
9.66096
11.3256
12.77136
12.49776
12.69936
12.64752
13.45392
13.23216
11.70864
11.69424
12.9096
13.41792
14.15232
13.2336
13.0032
13.79376
13.12128
14.11056
13.10256
15.33744
12.0456
11.45088
12.53664
10.58688
8.50464
13.5864
14.12496
15.228
14.88672
16.34112
15.1488
14.2632
16.47792
16.66656
17.172
17.15616
17.44848
16.66512
18.00288
17.98704
15.04944
17.88624
17.46432
18.69408
19.44864
19.09728
18.86688
13.42368
19.04544
13.9248
7.32528
10.75392
4.73184
19.59264
8.3736
13.58208
14.59152
13.13568
12.05712
12.3048
12.35664
20.20896
22.60944
11.56176
15.4728
10.58256
18.73728
8.73216
10.56096
14.112
8.4456
9.36288
11.93184
8.44848
6.95088
16.61184
19.48896
21.83904
19.86768
23.89104
18.792
13.28544
6.2352
23.41296
25.1496
24.58512
20.8872
16.19136
22.99968
20.77488
16.90128
25.39008
24.24384
25.04016
25.35696
22.35744
11.17872
13.95936
20.08368
20.4552
19.03392
22.98528
20.12832
3.97584
-99
0.24336
20.84832
25.48512
24.26112
25.28208
23.832
25.32096
18.67248
18.63072
24.0552
18.86544
18.16848
22.30704
25.58448
14.5944
14.80752
3.36672
26.61552
24.32016
14.10192
23.86368
26.10864
24.94656
21.57408
24.55344
8.22672
12.49632
25.524
24.64128
22.77216
24.67008
24.336
25.0272
25.69392
23.3568
24.51456
24.71328
17.62128
14.57856
24.51024
24.56208
24.20208
22.54896
10.02384
13.68144
24.56496
18.32112
24.67872
22.47408
12.57552
25.75008
24.47424
13.96656
18.5832
24.25536
22.24944
22.9176
22.58784
23.91408
20.43792
23.30928
13.1544
8.42832
24.3144
24.14736
19.19664
23.30928
22.5072
22.9104
22.87152
21.1248
20.99664
20.34144
16.28784
22.50576
22.6656
16.59024
14.55696
17.07696
18.24048
21.40272
17.18352
22.02192
17.93376
20.35728
15.6312
7.04016
19.30464
21.7008
20.30112
17.928
19.78848
18.32688
8.24544
14.10048
16.94016
14.724
17.33616
10.75968
16.69824
19.78848
18.67536
19.56672
19.74816
18.9288
18.9432
17.80416
5.09616
11.06064
18.3312
9.77184
13.284
15.38064
16.30944
14.66496
9.17568
11.64528
12.1824
7.992
14.72688
15.44832
16.28064
14.3064
15.82992
15.86304
15.58944
15.86304
15.444
14.07168
11.88288
11.21328
15.14592
14.64768
10.45008
13.76208
13.69008
12.7584
13.96224
13.61232
9.58032
11.57904
10.12032
13.16016
12.15072
11.81232
8.31168
12.07296
1.68912
6.00912
2.13696
6.14304
8.86176
11.4912
11.50416
10.7136
4.28256
9.55008
9.47232
5.8752
6.26832
4.8672
8.21952
6.264
9.71712
4.74624
4.64832
6.58656
9.36576
8.70768
7.76304
9.26928
7.4952
1.27152
10.24128
9.3816
8.59248
7.73136
9.46224
7.36848
8.46
3.06432
3.096
8.16912
7.93296
6.23664
6.5952
6.4872
7.45056
7.3368
5.96736
8.1432
8.08704
2.0448
3.708
6.7104
7.41168
7.58016
7.2792
7.8408
2.76336
4.7808
1.83024
5.544
3.96864
3.12192
3.24144
5.64192
3.39408
5.00976
4.92768
6.15312
7.02144
6.22368
7.52112
5.71824
6.37056
7.19568
7.96608
7.35264
7.80768
7.4736
7.48656
5.71104
7.94736
8.09856
7.8336
7.87248
6.22656
7.848
5.6952
7.95888
8.53776
7.11072
8.676
6.79104
9.24768
7.55424
6.084
5.72976
2.92032
0.63072
0.3672
2.60064
3.22848
3.43008
4.18752
5.16384
7.89552
8.6544
6.53472
7.26192
7.28784
8.78976
8.82144
10.36944
10.36512
11.32128
6.95808
10.7712
9.4968
10.57392
10.19232
10.45728
10.09152
11.57184
11.95344
11.78064
7.90416
12.32064
11.78208
12.33216
13.7448
13.01328
13.29264
13.74912
8.26704
13.3056
14.27904
12.54672
10.90656
11.16432
10.92816
7.3512
10.40256
8.73648
9.83232
15.26976
14.79168
10.56096
9.36576
15.7248
14.47344
12.1104
16.25472
16.45488
1.368
5.10912
11.86272
16.67664
16.848
17.08416
13.7808
7.93728
17.06832
11.47536
10.66176
13.26528
9.16992
16.95744
5.49504
5.44176
6.6456
10.65312
20.06352
20.29104
20.34432
15.73632
10.5264
11.77776
15.59232
19.77264
19.91376
13.23792
3.9528
15.35184
19.2672
18.036
16.48656
18.76608
6.88608
10.9224
5.69376
14.18544
12.97008
16.01136
12.23856
12.59856
8.15616
22.57632
21.31488
19.36656
18.144
19.82736
22.39632
22.92048
16.01568
22.932
18.96048
22.30704
14.32224
3.1032
12.53808
17.49168
20.57616
6.79104
14.26032
14.3352
24.74352
25.52832
25.13808
25.16544
23.5728
23.26752
21.25152
18.30096
23.51376
25.42176
19.18944
21.10896
20.47392
21.61872
18.26784
17.95536
13.8816
12.65904
11.74176
17.93088
19.89792
11.55888
18.88992
13.33872
20.30112
7.75872
18.40752
21.98736
18.4176
22.77936
8.44128
23.88528
22.99968
19.656
19.86768
23.37984
23.36112
24.4296
17.9136
17.1936
22.16736
24.82848
23.93568
21.23712
24.67152
23.95728
19.57104
24.74208
25.83792
25.14528
23.98896
25.76304
24.43968
12.83184
19.13472
20.98368
16.54704
14.94576
15.18912
11.14848
22.2912
25.17552
24.984
22.79952
19.00656
22.2624
21.95568
18.87264
21.94272
23.87232
23.02272
22.84848
21.6936
21.71808
22.97952
22.39056
19.82304
20.07504
19.7064
23.6088
23.55984
23.02704
17.1432
14.95584
11.72592
14.38992
16.8624
13.1616
13.38336
18.50976
17.51904
19.76688
17.25264
10.78704
21.39696
21.00816
20.37168
21.21696
21.21696
20.5632
20.55456
19.79856
18.5472
14.78592
11.14272
17.29728
18.52992
14.9544
17.73216
19.3896
19.3608
17.5536
14.5656
19.38672
14.184
8.57808
13.89168
18.47808
16.59024
17.66448
17.27856
16.0488
14.21856
13.28256
3.97872
9.38016
16.57872
6.05232
15.39936
15.65136
12.6432
12.27168
10.6992
11.19168
13.34736
14.10768
14.87952
10.80144
1.54656
7.50384
13.01184
13.62672
11.58624
9.43056
13.59072
12.34224
8.7984
11.04912
13.97088
0.3744
-99
8.78112
13.788
12.9096
12.672
12.21408
3.55536
10.50624
2.7504
11.93184
11.14128
9.20016
7.91136
8.4384
10.49472
9.5472
11.02032
10.99296
10.39824
10.12176
4.79808
2.46384
7.9272
5.1696
1.37808
4.92048
7.56288
9.34128
9.55008
5.53392
5.95296
9.07056
7.43616
8.06256
8.74368
8.60688
7.98048
7.18704
8.57088
8.50608
8.76672
8.04384
7.5168
2.08512
2.00016
2.12688
6.86304
7.95024
2.14128
5.48064
6.13296
3.98016
7.6824
6.42384
3.60864
3.6792
8.784
5.61456
5.88096
4.23648
5.28048
3.6864
3.5568
4.17456
6.7536
5.26608
5.31216
4.212
5.68944
6.6096
5.77872
5.13936
5.83056
8.1504
3.43584
6.29856
6.84864
5.34672
7.15104
6.9264
4.4208
8.8344
8.6904
6.678
9.7812
4.041
9.432
1.6362
4.9464
9.7776
7.2306
9.3798
10.6938
10.458
11.2464
11.2752
10.206
11.817
8.1072
6.8616
3.5964
7.2072
10.5768
7.1766
12.7296
7.5888
9.7974
11.1006
4.3866
12.2022
12.5982
11.2734
12.3984
10.1556
9.54
6.1866
9.8424
2.2284
6.0984
9.5634
13.7772
5.22
6.102
10.9656
12.8304
11.5308
14.5206
13.8204
15.2208
15.2442
14.931
2.5578
5.1264
15.0066
15.6456
13.9158
17.4618
10.8648
14.5224
6.3828
7.866
10.1178
10.6884
6.2298
8.5608
16.6338
19.4886
19.908
18.0828
11.9016
20.2734
21.069
19.5732
21.186
21.105
20.2446
13.8672
21.1698
22.0284
20.4822
22.8762
22.8798
21.609
19.0764
21.3174
23.2884
23.0958
21.8916
21.987
22.2966
20.6424
23.58
21.8754
23.9958
25.209
26.3106
23.9238
14.364
10.8378
7.0542
27.3294
25.3278
17.9424
18.2358
15.4746
26.7084
26.1054
22.7628
9.4608
8.6922
22.0428
27.7758
26.8488
16.1946
3.483
12.3588
14.0724
16.3998
12.78
11.6964
20.1582
24.4656
25.2774
26.676
29.2644
23.3928
24.2982
16.9164
17.5392
17.5212
27.702
26.424
30.1194
26.1936
25.6482
29.052
31.221
29.6064
27.9144
25.7706
27.0918
7.9236
26.2188
29.2446
25.9758
24.8796
19.1502
17.8812
16.4862
24.3072
17.1072
23.472
30.6702
22.1886
27.5742
23.2128
21.2454
30.4092
24.6978
20.1528
15.561
26.6454
30.6648
22.1868
21.672
22.5576
9.9558
25.2306
14.7708
20.565
29.178
18.2304
10.2834
28.6164
32.4864
22.7034
23.0058
24.0102
28.008
31.3848
29.1438
30.222
24.4224
27.8226
30.0042
21.4002
19.5354
32.751
32.0508
30.609
29.1366
19.1574
19.6236
22.5126
22.8132
30.9618
31.3452
31.0662
29.3778
18.945
24.9048
27.621
27.6822
28.6956
18.9198
14.0832
28.1052
25.6248
26.9604
19.4598
20.4696
24.6744
30.0582
22.4424
17.0154
23.6448
27.405
21.8142
24.0462
26.9964
26.1036
23.7366
26.1612
26.694
26.2728
24.8958
27.1062
22.9698
26.3574
17.8524
25.1316
23.5044
24.8868
19.845
22.7196
16.6356
23.2884
23.517
25.857
20.6082
20.8908
17.2548
14.4108
16.7454
18.1368
21.0816
22.2894
21.0636
14.3496
21.4848
12.4074
17.8452
21.2382
22.3398
17.217
11.871
16.8894
10.6686
21.6162
11.9034
22.824
14.4558
12.744
15.867
10.2942
11.9412
10.8558
18.864
17.0496
14.211
17.8686
17.1288
17.7642
15.5592
2.7162
13.4586
13.6422
13.6674
17.3826
18.0792
17.2026
16.7418
17.9046
16.3656
17.0784
16.875
13.1544
16.1928
15.0624
15.1164
15.615
13.5126
9.9612
14.8194
15.3522
14.8752
14.4594
14.247
12.4416
13.4676
7.137
6.7464
9.0882
12.0438
12.3588
9.4392
11.9862
13.3614
12.9078
12.8538
12.5172
11.0862
2.4264
3.3048
3.9618
9.081
11.1546
7.3926
7.1208
10.8648
10.6236
10.4742
8.118
9.4752
7.1946
4.3866
3.0402
9.5418
9.0072
7.0452
9.8874
6.5232
9.6822
6.3198
8.6616
9.792
6.84
3.6468
9.7578
6.804
5.4396
7.1172
4.2012
7.7922
8.4456
8.7264
8.7048
8.5464
8.5194
8.4312
8.6382
8.8146
8.6544
7.9254
8.2548
8.1972
5.9076
7.4286
6.9714
6.8706
4.7448
5.6916
7.7328
8.7336
8.9514
6.0534
7.2774
6.219
6.8148
9.486
7.9524
8.046
3.4956
1.5678
9.8352
10.017
10.0386
11.0844
11.142
11.4642
10.1592
10.341
10.2672
10.4778
10.7028
10.7928
10.8162
11.0448
11.106
11.2824
11.628
11.6262
11.1924
11.7756
11.5416
11.3418
12.0438
10.4544
7.4322
12.6504
11.952
11.8908
13.3956
13.5234
13.7286
7.8678
10.3878
3.5442
8.6868
14.409
7.7436
11.9952
14.8518
3.33
15.4602
15.8832
14.2146
15.8148
14.0976
12.0258
17.0532
16.0632
15.7392
17.4708
10.4904
15.633
13.5126
9.3582
7.7598
14.7978
11.52
17.2494
9.216
3.9042
4.9608
11.7036
3.0942
14.6358
5.967
5.8914
6.1164
12.2148
7.0254
6.4314
18.7344
22.0374
11.664
19.0386
11.0268
11.9376
16.5582
8.5932
12.1716
17.2854
22.9554
23.6052
23.3568
25.2918
24.2154
20.3418
23.9796
23.0472
23.7798
25.1838
22.329
13.752
5.6304
22.0878
13.5396
25.2684
26.7696
23.382
8.775
10.7802
8.8938
21.8196
13.392
17.6166
26.7624
25.8084
17.0172
16.0632
25.5132
21.2058
22.6404
8.9784
10.53
16.7436
29.0286
23.7096
24.048
21.249
23.958
27.4806
29.259
27.4302
25.5654
23.9976
25.335
27.6966
29.1456
24.2442
23.7168
24.2532
27.405
25.2774
26.037
13.0932
16.8624
30.8772
29.061
29.9826
26.7282
20.8674
25.7544
25.9542
25.5816
28.8612
25.8588
30.1788
28.9062
20.2122
15.6618
31.2552
31.509
25.9686
18.9018
25.8894
17.3718
20.448
24.1452
21.9258
28.8432
29.0142
22.0014
13.8528
26.1018
23.2794
27.4374
17.7894
27.072
12.8466
31.3092
26.9676
20.943
31.4064
29.4606
25.4196
24.0156
24.7194
15.336
31.14
31.23
31.005
30.3984
20.349
24.8994
28.6812
29.3544
27.7488
28.1898
27.9828
25.9362
27.6786
23.3118
22.338
23.4216
25.9506
28.3356
21.177
28.7838
28.6686
15.2388
16.7706
23.0814
18.1458
22.032
23.922
21.7098
20.8152
13.905
21.5802
18.7416
17.694
15.1542
16.4376
17.8632
16.5366
22.293
25.5186
21.2094
17.505
15.9516
17.4276
26.2458
24.0642
17.7012
25.2468
22.383
20.8692
16.1334
19.782
18.7362
21.2706
17.73
23.8302
7.7886
23.8428
20.8368
20.889
17.0208
21.9708
21.3282
19.2456
17.9262
18.018
22.0104
21.3984
16.6986
5.9616
14.1948
18.8118
19.4004
21.2562
19.6308
19.7748
19.5642
20.1744
19.1106
15.5304
12.6504
18.2718
19.71
15.4314
18.2466
11.5038
18.0504
17.3574
17.9802
14.76
17.6436
16.8318
16.164
5.3838
9.3114
15.8832
15.2712
10.7694
13.572
13.4208
14.2308
14.8842
12.7944
9.5544
14.427
8.46
2.1906
9.9288
11.2644
2.331
10.5282
11.169
9.6534
8.4942
10.8666
10.8648
11.3886
9.1656
12.7008
9.0234
3.4704
9.2844
11.4768
11.9808
12.0186
10.5768
9.414
10.7928
9.8586
10.4832
10.7496
7.4772
6.6024
10.2654
10.0764
5.5836
10.6362
11.0052
3.213
9.252
9.0936
5.5944
4.2084
7.5384
8.5896
6.3252
5.166
8.9064
9.8316
9.5832
9.0504
4.6134
9.0018
6.876
7.3044
3.5082
5.5188
8.0046
3.5982
4.3992
1.0008
4.977
6.6438
4.887
6.9624
8.631
7.7166
7.515
7.5258
7.2504
6.894
7.0434
8.4564
8.2134
8.073
8.028
6.543
4.869
7.1352
