20000101
5.81616
6.3576
6.34032
6.3792
5.62896
6.77232
6.3936
2.28384
2.77056
5.66064
6.97824
6.76224
6.73056
6.69024
3.54384
4.60368
6.01632
7.71984
7.87824
6.67584
7.53264
6.58368
7.9128
8.3664
2.40624
2.94192
8.03664
6.6312
7.956
7.34112
7.44768
5.73552
7.59744
7.16544
9.36576
9.03168
6.07248
8.21952
2.93472
9.18
10.16496
7.33968
7.29504
5.19696
9.936
9.62928
6.17616
4.90032
10.28736
10.29888
7.1424
9.72144
4.90464
10.20384
10.47456
11.09808
11.30544
11.8008
10.16064
8.95824
9.42048
12.87504
12.4272
11.2464
12.47184
11.20752
8.55504
12.64176
13.04352
13.30272
13.20048
13.27392
10.85472
13.28688
13.392
14.05152
14.17248
13.71888
11.99664
7.5672
5.85792
9.43488
1.97568
12.65904
10.9872
3.49488
5.68512
6.64848
11.1816
14.99184
9.95184
14.44896
8.05392
16.99632
15.7176
14.24448
14.82624
18.3168
5.30064
6.38784
4.30272
9.10224
14.45328
16.14672
19.14624
19.40688
13.64544
12.51504
18.67392
20.1888
17.05248
19.36368
19.4976
7.092
21.096
20.87568
19.82016
12.42576
4.9248
19.15344
12.89376
19.69632
19.92096
20.64096
9.75312
14.0472
14.56848
12.36528
13.4208
9.38592
2.21184
22.65408
21.79296
20.7072
21.80016
21.30192
20.82672
15.77664
10.83168
4.11408
13.45392
14.10192
2.65824
14.64336
19.27728
16.7832
22.39344
7.6104
14.52528
19.04976
20.73744
18.05184
21.63888
19.64736
22.38912
21.90384
18.15696
17.64432
22.70304
23.7096
22.62096
5.24592
6.0336
7.13952
11.08656
11.45952
23.87664
23.88816
-99
-99
-99
-99
-99
-99
3.40416
8.98992
0.07776
-99
-99
-99
10.9368
14.80608
22.22064
21.1896
21.8016
21.43728
22.61088
21.25584
22.22064
17.24688
17.72928
6.95952
14.004
19.72656
17.21088
13.7448
14.85936
16.65504
13.03344
13.3344
21.08736
21.1752
21.42864
21.16944
9.48528
18.21456
18.5472
21.46032
-99
-99
-99
-99
-99
-99
-99
11.13696
2.05056
-99
-99
8.43408
20.04912
18.96192
20.18304
19.0728
16.56576
17.04816
18.7848
18.87984
19.10016
18.97776
17.28288
19.01952
19.12176
10.08864
10.5192
17.17056
16.2792
16.18992
12.7944
16.6248
16.65216
14.20416
-99
10.21104
16.81488
7.41168
6.58656
16.50384
17.13024
14.8608
12.74688
17.55648
17.52624
17.48592
16.48368
13.62528
14.85936
15.1488
14.63184
12.312
6.7824
3.54816
6.23376
13.28688
15.09264
15.34176
14.81904
13.3272
9.9432
13.87008
5.68368
13.26816
6.984
13.4784
7.22448
12.96432
11.42784
12.59568
9.89424
7.25184
12.69648
12.16656
12.03552
3.04992
3.68928
3.29184
1.45152
10.78416
4.55328
8.65728
11.41056
10.19088
9.63648
8.30736
3.02256
1.5192
4.25376
6.70752
4.03776
7.23744
8.95536
8.13744
5.47056
8.72208
2.61216
9.5256
2.448
8.20944
9.90144
6.97392
8.90928
8.32608
9.62064
7.97904
8.15472
5.43168
6.51744
4.84416
8.15472
2.30544
4.9032
6.8112
6.55488
6.90048
3.04128
7.21584
7.11072
2.59776
7.16832
6.50736
6.48144
6.8832
6.48576
2.8296
5.184
5.47488
4.45248
6.87456
5.03136
5.67504
4.17312
3.33504
4.70448
6.66864
6.0624
5.52816
4.43088
4.78512
5.37984
1.99296
6.46128
6.49008
6.19344
4.57056
5.51952
0.74016
1.57536
0.77184
1.0008
5.25456
7.06176
3.43296
4.78224
6.86592
1.7568
7.42464
5.91984
6.04656
4.98672
6.04512
4.43664
1.58832
3.50064
6.8688
4.3056
7.09776
6.0624
3.2112
5.0472
1.24416
0.88992
3.4992
5.71968
2.96784
3.94128
6.7608
6.99552
5.0688
6.7752
6.87168
7.49376
7.71552
8.5824
1.67904
7.092
8.61408
8.03376
9.9216
8.6544
9.43776
9.33408
9.1296
7.47648
6.62112
10.42272
9.22464
10.19952
10.18944
8.92944
1.97712
2.74176
8.08992
10.72656
10.58112
9.52272
11.54736
11.68992
10.67904
11.448
10.6848
1.59264
6.69024
12.9096
10.78704
11.42352
11.35152
6.3288
10.66176
8.29296
7.20288
9.94176
10.86336
7.88544
10.6416
8.51328
11.75328
13.4352
13.40928
14.34096
13.26672
6.56496
12.99024
12.7368
14.04576
11.988
11.89584
12.69504
14.29632
11.18016
15.38352
7.58448
15.984
12.43872
5.4432
15.31872
16.9704
16.34112
16.60608
12.87792
13.788
8.75376
16.4304
3.888
17.964
10.94544
15.18624
14.77152
18.4896
10.99296
18.72432
17.79552
4.75776
5.02992
4.22352
7.8048
10.79856
11.88144
19.0332
18.19944
17.83872
19.05264
17.1936
15.1344
17.39376
17.98848
6.46848
11.16288
7.14384
9.9144
9.63504
9.74016
14.57424
9.05184
14.58144
15.6456
5.86368
15.6024
19.89792
19.2528
15.42672
21.46896
20.58912
8.92368
7.65072
22.18032
16.24464
8.35632
11.76048
14.25744
10.05552
20.36736
19.53504
20.47392
20.35296
21.024
20.6424
17.21376
12.2256
14.49936
10.27296
20.29104
20.3472
8.32608
20.06064
21.1176
13.8096
5.81904
17.91936
20.61216
16.20144
20.95632
16.24752
20.95488
13.32864
21.45168
21.14784
22.14
21.86928
21.71376
19.08
20.85552
18.83376
21.23136
16.1424
19.37664
21.61584
21.44016
20.78784
21.19104
17.75376
15.20784
16.78176
18.19728
21.16944
20.91024
13.76064
18.5832
17.50176
15.75504
18.81216
20.5632
9.13536
9.17568
20.42784
5.832
4.25952
16.26048
18.71856
18.19728
16.6968
11.61648
15.30288
16.94736
17.31312
15.79104
17.38944
16.6248
16.0704
15.58512
14.41872
11.57904
11.54448
14.53824
9.86256
16.4088
8.9496
15.38928
14.79312
16.5456
16.66944
16.31664
15.8616
13.96656
11.16144
15.50304
13.60944
11.04768
9.79056
17.36208
17.04816
16.74432
16.54992
16.90704
16.69968
16.3296
16.69104
14.28336
10.2744
12.55104
12.20256
16.64064
15.768
8.28
13.76928
15.73344
13.34016
13.81536
11.4768
5.96448
12.80016
14.89968
13.90608
7.45488
14.904
12.096
3.02688
13.6944
8.78688
7.32384
12.132
4.2408
11.04912
4.66128
10.13184
13.44096
11.088
3.4992
6.18048
11.07072
11.6352
11.99808
11.45952
11.37744
6.66144
8.82144
11.40768
11.58912
4.33584
8.4024
10.00224
10.16496
4.8312
10.10592
9.00864
10.33776
6.69312
9.92736
7.0344
5.80032
9.3024
8.0856
9.23616
9.68688
9.1872
7.36416
8.97264
7.91712
7.52832
8.96976
5.1552
9.03456
4.29984
8.7192
8.49312
3.1968
7.42464
8.05392
6.63696
7.70976
5.65488
1.14048
5.17536
7.04736
4.2912
0.41904
2.47248
1.74816
5.30496
6.34608
5.97312
7.2144
7.15104
6.99984
6.50016
6.14304
5.30208
3.33504
5.52528
6.18048
4.82832
6.08832
4.8096
5.75712
5.15664
5.95152
5.80464
6.22512
3.18096
5.7312
4.77576
5.84856
5.83344
6.03792
0.52272
0.73728
5.97888
3.9024
1.78704
5.19264
5.60736
5.8896
4.74768
2.45808
6.96528
6.38928
5.06592
5.52384
6.31584
5.54832
2.14704
0.16704
1.2744
0.6264
2.19168
0.63648
1.17072
5.7456
6.12576
3.25008
5.97888
3.43008
6.32016
6.67152
3.1824
6.22224
3.82464
6.14592
7.08336
7.04592
5.85504
6.91488
7.52256
2.79072
5.9832
7.67664
7.72272
8.18208
6.66864
8.11728
8.14032
6.09984
5.08176
7.95456
9.44928
6.40944
7.60896
6.51888
9.42624
10.24992
9.01584
9.73584
7.81344
9.62496
10.16496
9.67104
2.42784
4.17312
1.99296
3.46608
7.83936
10.17792
9.55584
11.76912
10.6632
9.07776
10.9872
7.58016
8.08992
12.11328
8.028
7.18272
2.21904
11.54016
11.35152
1.04256
6.47712
9.26064
13.32432
11.69424
13.34448
13.15728
8.15616
11.49984
14.36112
13.99968
12.27456
10.47456
10.83744
10.35072
11.43216
15.73056
15.39936
15.50016
17.46144
11.68128
15.51456
15.15744
10.3392
2.4696
11.5848
15.42816
17.36496
6.16464
2.29392
12.74256
17.57088
15.30144
8.39952
2.24208
13.3344
2.88864
3.76272
5.6808
9.70416
4.62672
3.8448
10.36944
18.74304
16.57728
15.10704
16.93584
21.17088
20.54592
20.39904
18.41328
20.18016
14.8968
13.212
13.94352
13.47264
20.808
12.5208
4.42224
12.23568
14.31936
9.33552
10.35504
3.95568
2.60352
9.7848
8.68752
4.70592
20.99376
22.54464
22.25664
20.7144
22.38912
19.3824
15.81552
23.00544
21.10176
22.38912
13.06944
8.57808
15.36768
14.70816
16.02432
13.60512
15.36336
21.91248
21.10176
21.83184
19.58976
21.80736
18.81936
9.95184
10.1304
10.85184
19.01232
3.13056
20.20896
14.59152
21.7224
21.384
21.60144
21.89376
22.09104
21.48048
21.54384
21.24144
21.01824
17.9784
20.71008
20.87712
21.29616
20.99232
20.03472
18.7848
13.28112
13.10544
13.0752
7.14096
9.92016
18.9504
18.74736
11.12544
19.73088
4.76928
19.81872
18.92736
20.42064
13.6152
19.82736
12.53952
-99
-99
0.83952
4.23648
21.07008
20.26944
21.21984
20.34288
-99
19.43568
20.22624
18.51264
13.05792
18.3024
18.1728
19.30176
14.9976
10.20096
8.07264
8.3232
15.5808
18.95616
18.5688
19.63728
12.0384
15.02208
9.95328
12.46896
6.89616
20.46384
20.03904
16.12656
17.64864
12.0096
18.27648
18.06336
17.88624
15.67008
13.68
13.77216
6.6096
15.71472
5.0832
8.70048
9.77472
4.09536
17.32608
17.72496
13.08096
9.07632
11.40624
9.82368
13.70448
12.12192
9.84672
11.47824
12.81456
11.38464
15.02496
15.43968
12.19968
5.17392
12.04848
16.14384
15.6672
12.28608
11.73456
9.83376
14.33232
6.13584
4.89024
12.00816
11.56176
13.67136
14.76864
-99
12.93696
11.04624
11.94192
9.59472
11.952
3.73536
10.70496
11.60496
10.98288
12.10896
9.22608
10.13472
1.0656
5.73264
9.29376
8.35344
11.66976
11.32272
11.93184
10.8792
5.32944
11.26368
10.67184
11.25216
9.33552
11.43504
6.39216
4.7808
8.18208
9.9144
10.29744
9.3312
8.35632
8.71488
2.7
9.2736
8.07552
6.43824
6.5664
9.43632
8.90496
9.24336
8.35344
7.11216
8.73504
6.61104
3.8448
7.48224
5.00256
1.908
8.2512
5.61024
7.84368
5.976
1.50624
5.9688
8.13024
5.65488
1.14624
1.9584
7.68528
7.29792
5.54256
4.25664
7.34976
2.55456
5.292
7.15104
7.20432
3.2112
4.95504
4.64976
5.4504
2.29536
0.936
5.07168
5.85648
6.1056
2.67552
5.328
6.1128
3.03264
1.45728
2.1312
1.99872
5.72256
5.25888
4.23072
5.2632
6.40944
5.20992
1.91808
5.74992
6.23376
1.87056
4.30128
4.12848
5.53104
6.14736
2.20752
2.5344
0.71712
5.14368
1.2168
4.76928
5.68656
7.524
7.66512
7.68816
7.78464
7.60896
6.7464
7.5888
6.52752
4.22928
7.0488
8.51616
5.904
8.01792
8.88768
9.1152
3.07872
8.02512
8.27424
9.27936
7.55424
8.95104
9.65232
8.66448
9.072
6.0264
8.66304
9.8928
7.7184
10.3032
9.31392
10.692
7.96752
2.70576
3.78432
3.4992
4.95216
9.90288
7.0416
7.63632
1.584
0.68112
3.71376
5.73552
9.6912
4.83984
0.8568
0.55008
5.54688
11.23632
9.648
9.60912
8.316
13.25808
12.71664
5.6952
11.6136
11.07936
12.2184
13.7952
13.08816
13.31136
12.63168
10.79136
4.8888
14.81472
15.18624
13.6656
12.40992
15.50736
14.98464
15.43968
15.12432
15.16896
16.10064
15.74784
11.82816
2.03904
8.27856
3.0816
12.96864
13.25232
3.5496
18.39168
18.86688
18.33552
18.42336
17.95536
3.40848
16.03872
12.77424
15.21648
16.87392
18.56736
2.54448
11.35008
11.14272
14.51808
15.74064
9.288
14.07312
13.19184
16.82928
18.55728
18.33696
19.65744
12.41712
20.63664
19.88928
18.02304
10.56528
18.27072
18.09216
20.196
17.37504
13.62096
9.52128
11.2752
18.78336
18.5544
15.43104
18.37872
19.54656
10.92096
10.73232
13.99536
15.96528
6.91056
20.86704
20.88432
10.76112
12.26016
12.62304
22.70448
16.2432
7.05744
6.5088
14.30784
19.65024
21.64464
19.43712
20.88576
21.40848
16.38288
16.488
21.79728
8.85024
17.87472
21.77424
20.412
19.98864
21.42288
21.82752
21.83328
21.06432
20.09808
16.68384
16.97904
13.51728
10.93248
23.01264
18.52704
22.61808
22.49712
22.068
10.68048
18.30384
20.10096
11.41344
13.94064
21.3408
21.40128
23.24448
19.24992
13.18752
14.184
18.2808
18.60768
21.97296
16.8264
8.34048
15.69456
21.10752
21.03552
21.24432
21.88368
21.22272
21.71808
21.31344
21.58704
21.07152
14.32944
20.124
19.62288
16.2288
14.88096
19.7784
20.27088
13.01904
18.26208
16.9632
16.84944
16.84944
20.46384
20.65824
20.64096
20.736
20.26512
20.3256
15.62112
14.14224
19.06272
18.5976
19.12608
18.432
14.23872
17.26992
15.37632
13.92624
8.36784
17.20512
18.53856
16.092
15.1992
15.77952
15.4656
15.9624
14.35968
16.21296
17.12736
13.89888
18.108
17.70048
10.0224
14.22864
9.48816
12.57408
9.0288
9.99072
11.16
4.99824
12.07152
9.41472
16.23888
15.46704
15.6672
14.472
13.02048
15.23952
15.69456
15.65136
11.25216
15.26688
13.16304
14.00256
10.8792
12.46752
11.89584
13.3992
10.7424
2.64816
7.66512
7.00272
5.70096
11.12688
10.07424
12.37824
6.05952
5.39856
11.31696
12.8664
10.0512
12.29904
10.9008
8.61264
6.55344
4.30128
6.85152
1.12176
4.61232
0.49968
2.47536
4.63968
11.94192
7.28064
4.11264
10.81728
7.7184
11.06352
0.81216
3.57264
6.21072
7.34544
7.51824
1.53216
8.1288
8.7552
10.19808
9.6912
9.30528
8.95536
9.16128
1.37376
2.18016
3.87792
3.99168
4.76352
3.98448
5.83056
5.96016
1.28736
5.89968
7.95456
6.1344
2.15424
4.48992
4.09248
1.67904
5.7456
6.39648
6.6168
5.89248
5.90112
6.02352
4.89312
0.89136
3.07152
1.21248
6.19776
3.82464
6.78096
4.89888
5.77872
7.51968
3.72528
7.40736
7.03296
6.45984
4.69008
7.20144
6.25536
5.57856
3.85488
2.58624
6.15312
5.796
6.75504
4.17744
3.56976
6.83568
6.70752
5.30784
1.24848
4.97376
6.74496
5.72976
4.10832
7.30512
7.27488
6.90192
6.37056
6.03792
5.22288
6.34176
5.61312
6.21936
6.40224
1.98864
2.9664
6.03648
6.41664
4.75344
6.3792
4.29984
7.32384
4.11984
6.68304
5.28912
6.79968
2.71872
4.19616
5.328
0.4608
9.15984
9.18864
8.25552
8.51616
7.54992
6.4944
8.26848
5.7024
7.6248
6.94368
7.31664
7.10352
9.99216
10.36368
9.7344
10.09152
10.26864
9.2376
10.08144
1.16496
10.05264
6.804
4.51728
4.48416
1.59696
7.09344
7.84224
6.80688
2.46816
1.81728
11.0664
10.14192
7.86096
11.57472
13.27968
12.86064
10.9584
8.33472
10.11888
10.60992
7.95024
13.73328
4.48992
11.94048
8.8128
1.22976
7.5816
12.5352
8.33616
13.66848
12.28032
12.57408
10.45152
5.4792
6.40224
15.5592
11.85264
9.41328
11.98224
3.1896
12.65904
2.14848
5.98896
10.1808
16.76016
9.32688
12.57984
16.97328
17.02656
2.42064
3.83904
3.4848
12.53952
13.69152
15.0696
8.62992
17.5392
4.41072
15.23088
1.8864
11.4264
12.38256
14.63904
17.2728
19.81584
4.11408
16.3512
19.97424
20.7
17.9424
19.50336
14.49504
2.6352
15.732
14.40864
11.59344
0.96624
10.19088
3.80448
17.48448
11.84112
19.34496
17.39952
7.05024
3.456
11.52144
18.52704
15.32448
19.6992
21.36816
20.43648
21.68352
21.312
22.02336
19.07136
13.42944
18.96624
22.02768
18.24624
12.15216
16.84368
19.61568
17.8272
12.64752
10.11312
10.66032
10.8216
17.89632
21.61296
21.67632
22.08672
20.40912
-99
-99
-99
-99
-99
-99
-99
-99
-99
-99
-99
-99
-99
-99
-99
-99
-99
-99
-99
-99
-99
-99
-99
-99
-99
-99
-99
-99
-99
-99
-99
-99
-99
-99
-99
-99
-99
-99
-99
-99
-99
-99
-99
-99
-99
-99
-99
-99
-99
-99
-99
-99
-99
-99
-99
-99
-99
-99
-99
-99
-99
-99
-99
-99
-99
-99
-99
-99
-99
-99
-99
-99
-99
-99
-99
-99
-99
-99
-99
-99
-99
-99
-99
-99
-99
-99
-99
-99
-99
-99
-99
-99
-99
-99
-99
-99
-99
-99
-99
-99
-99
-99
-99
-99
-99
-99
-99
-99
-99
-99
-99
-99
-99
-99
-99
-99
-99
-99
-99
-99
-99
-99
-99
-99
-99
-99
-99
-99
-99
-99
-99
-99
-99
-99
-99
-99
-99
-99
-99
-99
-99
-99
-99
-99
-99
-99
-99
-99
-99
-99
-99
-99
-99
-99
-99
-99
-99
-99
-99
-99
-99
-99
-99
-99
-99
-99
-99
-99
-99
-99
-99
-99
-99
-99
-99
-99
-99
-99
-99
-99
-99
-99
-99
-99
-99
-99
-99
-99
-99
-99
-99
-99
-99
-99
-99
-99
-99
-99
-99
-99
-99
-99
-99
-99
-99
-99
-99
-99
-99
-99
-99
-99
-99
-99
-99
-99
-99
-99
-99
-99
-99
-99
-99
-99
-99
-99
-99
-99
-99
-99
-99
-99
-99
-99
-99
-99
-99
-99
-99
-99
-99
-99
-99
-99
-99
-99
-99
-99
-99
-99
-99
-99
-99
-99
-99
-99
-99
-99
-99
-99
-99
-99
-99
-99
-99
-99
-99
-99
-99
-99
-99
-99
-99
-99
-99
-99
-99
-99
-99
-99
-99
-99
-99
-99
-99
-99
-99
-99
-99
-99
-99
-99
-99
-99
-99
-99
-99
-99
-99
-99
-99
-99
-99
-99
-99
-99
-99
-99
-99
-99
-99
-99
-99
-99
-99
-99
-99
-99
-99
-99
-99
-99
-99
-99
-99
-99
-99
-99
-99
-99
-99
-99
-99
-99
-99
-99
-99
-99
-99
-99
-99
-99
-99
-99
-99
-99
-99
-99
-99
-99
-99
-99
-99
-99
-99
-99
-99
-99
-99
-99
-99
-99
-99
-99
-99
-99
-99
-99
-99
-99
-99
-99
-99
-99
-99
-99
-99
-99
-99
-99
-99
-99
-99
-99
-99
-99
-99
-99
-99
-99
-99
-99
-99
-99
-99
-99
-99
-99
-99
-99
-99
-99
-99
-99
-99
-99
-99
-99
-99
-99
-99
-99
-99
-99
-99
-99
-99
-99
-99
-99
-99
-99
-99
-99
-99
-99
-99
-99
-99
-99
-99
-99
-99
-99
-99
-99
-99
-99
-99
-99
-99
-99
-99
-99
-99
-99
-99
-99
-99
-99
-99
-99
-99
-99
-99
-99
-99
-99
-99
-99
-99
-99
-99
-99
-99
-99
-99
-99
-99
-99
-99
-99
-99
-99
-99
-99
-99
-99
-99
-99
-99
-99
-99
-99
-99
-99
-99
-99
-99
-99
-99
-99
-99
-99
-99
-99
-99
-99
-99
-99
-99
-99
-99
-99
-99
-99
-99
-99
-99
-99
-99
-99
-99
-99
-99
-99
-99
-99
-99
-99
-99
-99
-99
-99
-99
-99
-99
-99
-99
-99
-99
-99
-99
-99
-99
-99
-99
-99
-99
-99
-99
-99
-99
-99
-99
-99
-99
-99
-99
-99
-99
-99
-99
-99
-99
-99
-99
-99
-99
-99
-99
-99
-99
-99
-99
-99
-99
-99
-99
-99
-99
-99
-99
-99
-99
-99
-99
-99
-99
-99
-99
-99
-99
-99
-99
-99
-99
-99
-99
-99
-99
-99
-99
-99
-99
-99
-99
-99
-99
-99
-99
-99
-99
-99
-99
-99
-99
-99
-99
-99
-99
-99
-99
-99
-99
-99
-99
-99
-99
-99
-99
-99
-99
-99
-99
-99
-99
-99
-99
-99
-99
-99
-99
-99
-99
-99
-99
-99
-99
-99
-99
-99
-99
-99
-99
-99
-99
-99
-99
-99
-99
-99
-99
-99
-99
-99
-99
-99
-99
-99
-99
-99
-99
-99
-99
-99
-99
-99
-99
-99
-99
-99
-99
-99
-99
-99
-99
-99
-99
-99
-99
-99
-99
-99
-99
-99
-99
-99
-99
-99
-99
-99
-99
-99
-99
-99
-99
-99
-99
-99
-99
-99
-99
-99
-99
-99
-99
-99
-99
-99
-99
-99
-99
-99
-99
-99
-99
-99
-99
-99
-99
-99
-99
-99
-99
-99
-99
-99
-99
-99
-99
-99
-99
-99
-99
-99
-99
-99
-99
-99
-99
-99
-99
-99
-99
-99
-99
-99
-99
-99
-99
-99
-99
-99
-99
-99
-99
-99
-99
-99
-99
-99
-99
-99
-99
-99
-99
-99
-99
-99
-99
-99
-99
-99
-99
-99
-99
-99
-99
-99
-99
-99
-99
-99
-99
-99
-99
-99
-99
-99
-99
-99
-99
-99
-99
-99
-99
-99
-99
-99
-99
-99
-99
-99
-99
-99
-99
-99
-99
-99
-99
-99
-99
-99
-99
-99
-99
-99
-99
-99
-99
-99
-99
-99
-99
-99
-99
-99
-99
-99
-99
-99
-99
-99
-99
-99
-99
-99
-99
-99
-99
-99
-99
-99
-99
-99
-99
-99
-99
-99
-99
-99
-99
-99
-99
-99
-99
-99
-99
-99
-99
-99
-99
-99
-99
-99
-99
-99
-99
-99
-99
-99
-99
-99
-99
-99
-99
-99
-99
-99
-99
-99
-99
-99
-99
-99
-99
-99
-99
-99
-99
-99
-99
-99
-99
-99
-99
-99
-99
-99
-99
-99
-99
-99
-99
-99
-99
-99
-99
-99
-99
-99
-99
-99
-99
-99
-99
-99
-99
-99
-99
-99
-99
-99
-99
-99
-99
-99
-99
-99
-99
-99
-99
-99
-99
-99
-99
-99
-99
-99
-99
-99
-99
-99
-99
-99
-99
-99
-99
-99
-99
-99
-99
-99
-99
-99
-99
-99
-99
-99
-99
-99
-99
-99
-99
-99
-99
-99
-99
-99
-99
-99
-99
-99
-99
-99
-99
-99
-99
-99
-99
-99
-99
-99
-99
-99
-99
-99
-99
-99
-99
-99
-99
-99
-99
-99
-99
-99
-99
-99
-99
-99
-99
-99
-99
-99
-99
-99
-99
-99
-99
-99
-99
-99
-99
-99
-99
-99
-99
-99
-99
-99
-99
-99
-99
-99
-99
-99
-99
-99
-99
-99
-99
-99
-99
-99
-99
-99
-99
-99
-99
-99
-99
-99
-99
-99
-99
-99
-99
-99
-99
-99
-99
-99
-99
-99
-99
-99
-99
-99
-99
-99
-99
-99
-99
-99
-99
-99
-99
-99
-99
-99
-99
-99
-99
-99
-99
-99
-99
-99
-99
-99
-99
-99
-99
-99
-99
-99
-99
-99
-99
-99
-99
-99
-99
-99
-99
-99
-99
-99
-99
-99
-99
-99
-99
-99
-99
-99
-99
-99
-99
-99
-99
-99
-99
-99
-99
-99
-99
-99
-99
-99
-99
-99
-99
-99
-99
-99
-99
-99
-99
-99
-99
-99
-99
-99
-99
-99
-99
-99
-99
-99
-99
-99
-99
-99
-99
-99
-99
-99
-99
-99
-99
-99
-99
-99
-99
-99
-99
-99
-99
-99
-99
-99
-99
-99
-99
-99
-99
-99
-99
-99
-99
-99
-99
-99
-99
-99
-99
-99
-99
-99
-99
-99
-99
-99
-99
-99
-99
-99
-99
-99
-99
-99
-99
-99
-99
-99
-99
-99
-99
-99
-99
-99
-99
-99
-99
-99
-99
-99
-99
-99
-99
-99
-99
-99
-99
-99
-99
-99
-99
-99
-99
-99
-99
-99
-99
-99
-99
-99
-99
-99
-99
-99
-99
-99
-99
-99
-99
-99
-99
-99
-99
-99
-99
-99
-99
-99
-99
-99
-99
-99
-99
-99
-99
-99
-99
-99
-99
-99
-99
-99
-99
-99
-99
-99
-99
-99
-99
-99
-99
-99
-99
-99
-99
-99
-99
-99
-99
-99
-99
-99
-99
-99
-99
-99
-99
-99
-99
-99
-99
-99
-99
-99
-99
-99
-99
-99
-99
-99
-99
-99
-99
-99
-99
-99
-99
-99
-99
-99
-99
-99
-99
-99
-99
-99
-99
-99
-99
-99
-99
-99
-99
-99
-99
-99
-99
-99
-99
-99
-99
-99
-99
-99
-99
-99
-99
-99
-99
-99
-99
-99
-99
-99
-99
-99
-99
-99
-99
-99
-99
-99
-99
-99
-99
-99
-99
-99
-99
-99
-99
-99
-99
-99
-99
-99
-99
-99
-99
-99
-99
-99
-99
-99
-99
-99
-99
-99
-99
-99
-99
-99
-99
-99
-99
-99
-99
-99
-99
-99
-99
-99
-99
-99
-99
-99
-99
-99
-99
-99
-99
-99
-99
-99
-99
-99
-99
-99
-99
-99
-99
-99
-99
-99
-99
-99
-99
-99
-99
-99
-99
-99
-99
-99
-99
-99
-99
-99
-99
-99
-99
-99
-99
-99
-99
-99
-99
-99
-99
-99
-99
-99
-99
-99
-99
-99
-99
-99
-99
-99
-99
-99
-99
-99
-99
-99
-99
-99
-99
-99
-99
-99
-99
-99
-99
-99
-99
-99
-99
-99
-99
-99
-99
-99
-99
-99
-99
-99
-99
-99
-99
-99
-99
-99
-99
-99
-99
-99
-99
-99
-99
-99
-99
-99
-99
-99
-99
-99
-99
-99
-99
-99
-99
-99
-99
-99
-99
-99
-99
-99
-99
-99
-99
-99
-99
-99
-99
-99
-99
-99
-99
-99
-99
-99
-99
-99
-99
-99
-99
-99
-99
-99
-99
-99
-99
-99
-99
-99
-99
-99
-99
-99
-99
-99
-99
-99
-99
-99
-99
-99
-99
-99
-99
-99
-99
-99
-99
-99
-99
-99
-99
-99
-99
-99
-99
-99
-99
-99
-99
-99
-99
-99
-99
-99
-99
-99
-99
-99
-99
-99
-99
-99
-99
-99
-99
-99
-99
-99
-99
-99
-99
-99
-99
-99
-99
-99
-99
-99
-99
-99
-99
-99
-99
-99
-99
-99
-99
-99
-99
-99
-99
-99
-99
-99
-99
-99
-99
-99
-99
-99
-99
-99
-99
-99
-99
-99
-99
-99
-99
-99
-99
-99
-99
-99
-99
-99
-99
-99
-99
-99
-99
-99
-99
-99
-99
-99
-99
-99
-99
-99
-99
-99
-99
-99
-99
-99
-99
-99
-99
-99
-99
-99
-99
-99
-99
-99
-99
-99
-99
-99
-99
-99
-99
-99
-99
-99
-99
-99
-99
-99
-99
-99
-99
-99
-99
-99
-99
-99
-99
-99
-99
-99
-99
-99
-99
-99
-99
-99
-99
-99
-99
-99
-99
-99
-99
-99
-99
-99
-99
-99
-99
-99
-99
-99
-99
-99
-99
-99
-99
-99
-99
-99
-99
-99
-99
-99
-99
-99
-99
-99
-99
-99
-99
-99
-99
-99
-99
-99
-99
-99
-99
-99
-99
-99
-99
-99
-99
-99
-99
-99
-99
-99
-99
-99
-99
-99
-99
-99
-99
-99
-99
-99
-99
-99
-99
-99
-99
-99
-99
-99
-99
-99
-99
-99
-99
-99
-99
-99
-99
-99
-99
-99
-99
-99
-99
-99
-99
-99
-99
-99
-99
-99
-99
-99
-99
-99
-99
-99
-99
-99
-99
-99
-99
-99
-99
-99
-99
-99
-99
-99
-99
-99
-99
-99
-99
-99
-99
-99
-99
-99
-99
-99
-99
-99
-99
-99
-99
-99
-99
-99
-99
-99
-99
-99
-99
-99
-99
-99
-99
-99
-99
-99
-99
-99
-99
-99
-99
-99
-99
-99
-99
-99
-99
-99
-99
-99
-99
-99
-99
-99
-99
-99
-99
-99
-99
-99
-99
-99
-99
-99
-99
-99
-99
-99
-99
-99
-99
-99
-99
-99
-99
-99
-99
-99
-99
-99
-99
-99
-99
-99
-99
-99
-99
-99
-99
-99
-99
-99
-99
-99
-99
-99
-99
-99
-99
-99
-99
-99
-99
-99
-99
-99
-99
-99
-99
-99
-99
-99
-99
-99
-99
-99
-99
-99
-99
-99
-99
-99
-99
-99
-99
-99
-99
-99
-99
-99
-99
-99
-99
-99
-99
-99
-99
-99
-99
-99
-99
-99
-99
-99
-99
-99
-99
-99
-99
-99
-99
-99
-99
-99
-99
-99
-99
-99
-99
-99
-99
-99
-99
-99
-99
-99
-99
-99
-99
-99
-99
-99
-99
-99
-99
-99
-99
-99
-99
-99
-99
-99
-99
-99
-99
-99
-99
-99
-99
-99
-99
-99
-99
-99
-99
-99
-99
-99
-99
-99
-99
-99
-99
-99
-99
-99
-99
-99
-99
-99
-99
-99
-99
-99
-99
-99
-99
-99
-99
-99
-99
-99
-99
-99
-99
-99
-99
-99
-99
-99
-99
-99
-99
-99
-99
-99
-99
-99
-99
-99
-99
-99
-99
-99
-99
-99
-99
-99
-99
-99
-99
-99
-99
-99
-99
-99
-99
-99
-99
-99
-99
-99
-99
-99
-99
-99
-99
-99
-99
-99
-99
-99
-99
-99
-99
-99
-99
-99
-99
-99
-99
-99
-99
-99
-99
-99
-99
-99
-99
-99
-99
-99
-99
-99
-99
-99
-99
-99
-99
-99
-99
-99
-99
-99
-99
-99
-99
-99
-99
-99
-99
-99
-99
-99
-99
-99
-99
-99
-99
-99
-99
-99
-99
-99
-99
-99
-99
-99
-99
-99
-99
-99
-99
-99
-99
-99
-99
-99
-99
-99
-99
-99
-99
-99
-99
-99
-99
-99
-99
-99
-99
-99
-99
-99
-99
-99
-99
-99
-99
-99
-99
-99
-99
-99
-99
-99
-99
-99
-99
-99
-99
-99
-99
-99
-99
-99
-99
-99
-99
-99
-99
-99
-99
-99
-99
-99
-99
-99
-99
-99
-99
-99
-99
-99
-99
-99
-99
-99
-99
-99
-99
-99
-99
-99
-99
-99
-99
-99
-99
-99
-99
-99
-99
-99
-99
-99
-99
-99
-99
-99
-99
-99
-99
-99
-99
-99
-99
-99
-99
-99
-99
-99
-99
-99
-99
-99
-99
-99
-99
-99
-99
-99
-99
-99
-99
-99
-99
-99
-99
-99
-99
-99
-99
-99
-99
-99
-99
-99
-99
-99
-99
-99
-99
-99
-99
-99
-99
-99
-99
-99
-99
-99
-99
-99
-99
-99
-99
-99
-99
-99
-99
-99
-99
-99
-99
-99
-99
-99
-99
-99
-99
-99
-99
-99
-99
-99
-99
-99
-99
-99
-99
-99
-99
-99
-99
-99
-99
-99
-99
-99
-99
-99
-99
-99
-99
-99
-99
-99
-99
-99
-99
-99
-99
-99
-99
-99
-99
-99
-99
-99
-99
-99
-99
-99
-99
-99
-99
-99
-99
-99
-99
-99
-99
-99
-99
-99
-99
-99
-99
-99
-99
-99
-99
-99
-99
-99
-99
-99
-99
-99
-99
-99
-99
-99
-99
-99
-99
-99
-99
-99
-99
-99
-99
-99
-99
-99
-99
-99
-99
-99
-99
-99
-99
-99
-99
-99
-99
-99
-99
-99
-99
-99
-99
-99
-99
-99
-99
-99
-99
-99
-99
-99
-99
-99
-99
-99
-99
-99
-99
-99
-99
-99
-99
-99
-99
-99
-99
-99
-99
-99
-99
-99
-99
-99
-99
-99
-99
-99
-99
-99
-99
-99
-99
-99
-99
-99
-99
-99
-99
-99
-99
-99
-99
-99
-99
-99
-99
-99
-99
-99
-99
-99
-99
-99
-99
-99
-99
-99
-99
-99
-99
-99
-99
-99
-99
-99
-99
-99
-99
-99
-99
-99
-99
-99
-99
-99
-99
-99
-99
-99
-99
-99
-99
-99
-99
-99
-99
-99
-99
-99
-99
-99
-99
-99
-99
-99
-99
-99
-99
-99
-99
-99
-99
-99
-99
-99
-99
-99
-99
-99
-99
-99
-99
-99
-99
-99
-99
-99
-99
-99
-99
-99
-99
-99
-99
-99
-99
-99
-99
-99
-99
-99
-99
-99
-99
-99
-99
-99
-99
-99
-99
-99
-99
-99
-99
-99
-99
-99
-99
-99
-99
-99
-99
-99
-99
-99
-99
-99
-99
-99
-99
-99
-99
-99
-99
-99
-99
-99
-99
-99
-99
-99
-99
-99
-99
-99
-99
-99
-99
-99
-99
-99
-99
-99
-99
-99
-99
-99
-99
-99
-99
-99
-99
-99
-99
-99
-99
-99
-99
-99
-99
-99
-99
-99
-99
-99
-99
-99
-99
-99
-99
-99
-99
-99
-99
-99
-99
-99
-99
-99
-99
-99
-99
-99
-99
-99
-99
-99
-99
-99
-99
-99
-99
-99
-99
-99
-99
-99
-99
-99
-99
-99
-99
-99
-99
-99
-99
-99
-99
-99
-99
-99
-99
-99
-99
-99
-99
-99
-99
-99
-99
-99
-99
-99
-99
-99
-99
-99
-99
-99
-99
-99
-99
-99
-99
-99
-99
-99
-99
-99
-99
-99
-99
-99
-99
-99
-99
-99
-99
-99
-99
-99
-99
-99
-99
-99
-99
-99
-99
-99
-99
-99
-99
-99
-99
-99
-99
-99
-99
-99
-99
-99
-99
-99
-99
-99
-99
-99
-99
-99
-99
-99
-99
-99
-99
-99
-99
-99
-99
-99
-99
-99
-99
-99
-99
-99
-99
-99
-99
-99
-99
-99
-99
-99
-99
-99
-99
-99
-99
-99
-99
-99
-99
-99
-99
-99
-99
-99
-99
-99
-99
-99
-99
-99
-99
-99
-99
-99
-99
-99
-99
-99
-99
-99
-99
-99
-99
-99
-99
-99
-99
-99
-99
-99
-99
-99
-99
-99
-99
-99
-99
-99
-99
-99
-99
-99
-99
-99
-99
-99
-99
-99
-99
-99
-99
-99
-99
-99
-99
-99
-99
-99
-99
-99
-99
-99
-99
-99
-99
-99
-99
-99
-99
-99
-99
-99
-99
-99
-99
-99
-99
-99
-99
-99
-99
-99
-99
-99
-99
-99
-99
-99
-99
-99
-99
-99
-99
-99
-99
-99
-99
-99
-99
-99
-99
-99
-99
-99
-99
-99
-99
-99
-99
-99
-99
-99
-99
-99
-99
-99
-99
-99
-99
-99
-99
-99
-99
-99
-99
-99
-99
-99
-99
-99
-99
-99
-99
-99
-99
-99
-99
-99
-99
-99
-99
-99
-99
-99
-99
-99
-99
-99
-99
-99
-99
-99
-99
-99
-99
-99
-99
-99
-99
-99
-99
-99
-99
-99
-99
-99
-99
-99
-99
-99
-99
-99
-99
-99
-99
-99
-99
-99
-99
-99
-99
-99
-99
-99
-99
-99
-99
-99
-99
-99
-99
-99
-99
-99
-99
-99
-99
-99
-99
-99
-99
-99
-99
-99
-99
-99
-99
-99
-99
-99
-99
-99
-99
-99
-99
-99
-99
-99
-99
-99
-99
-99
-99
-99
-99
-99
-99
-99
-99
-99
-99
-99
-99
-99
-99
-99
-99
-99
-99
-99
-99
-99
-99
-99
-99
-99
-99
-99
-99
-99
-99
-99
-99
-99
-99
-99
-99
-99
-99
-99
-99
-99
-99
-99
-99
-99
-99
-99
-99
-99
-99
-99
-99
-99
-99
-99
-99
-99
-99
-99
-99
-99
-99
-99
-99
-99
-99
-99
-99
-99
-99
-99
-99
-99
-99
-99
-99
-99
-99
-99
-99
-99
-99
-99
-99
-99
-99
-99
-99
-99
-99
-99
-99
-99
-99
-99
-99
-99
-99
-99
-99
-99
-99
-99
-99
-99
-99
-99
-99
-99
-99
-99
-99
-99
-99
-99
-99
-99
-99
-99
-99
-99
-99
-99
-99
-99
-99
-99
-99
-99
-99
-99
-99
-99
-99
-99
-99
-99
-99
-99
-99
-99
-99
-99
-99
-99
-99
-99
-99
-99
-99
-99
-99
-99
-99
-99
-99
-99
-99
-99
-99
-99
-99
-99
-99
-99
-99
-99
-99
-99
-99
-99
-99
-99
-99
-99
-99
-99
-99
-99
-99
-99
-99
-99
-99
-99
-99
-99
-99
-99
-99
-99
-99
-99
-99
-99
-99
-99
-99
-99
-99
-99
-99
-99
-99
-99
-99
-99
-99
-99
-99
-99
-99
-99
-99
-99
-99
-99
-99
-99
-99
-99
-99
-99
-99
-99
-99
-99
-99
-99
-99
-99
-99
-99
-99
-99
-99
-99
-99
-99
-99
-99
-99
-99
-99
-99
-99
-99
-99
-99
-99
-99
-99
-99
15.17328
20.1168
20.18016
6.34752
18.2736
14.48352
14.02272
20.34
21.43008
2.17152
9.53568
3.77712
2.47392
1.31184
17.712
22.49856
21.59856
15.33024
15.32448
20.2896
22.2624
18.0504
15.80832
15.75648
4.73328
16.7976
15.84432
20.68272
10.40256
4.59792
8.0568
22.17888
16.15104
7.92144
9.68688
16.73424
17.51184
18.38304
9.46944
8.89488
21.7728
16.29936
10.83888
15.69888
15.27696
15.9336
22.5792
20.37744
23.05152
21.9744
20.29536
23.10768
18.61632
12.6288
15.81408
18.95472
19.87632
23.65488
23.91264
23.6736
23.44464
22.40928
20.21184
7.15104
22.82976
17.00208
15.99984
16.992
9.41904
19.96128
21.6072
22.58064
20.89728
14.84352
21.2256
20.68272
20.96064
22.6224
17.01648
22.78368
24.23664
23.89968
22.33152
22.02192
21.56688
16.05168
12.84912
22.8816
18.28368
19.95552
22.54752
21.94128
14.8536
18.00288
19.94112
13.6152
20.45088
20.59344
18.35136
22.29984
22.23648
21.73248
20.68704
18.93024
22.32432
20.85552
22.56624
22.94064
21.77856
15.35472
21.24576
21.3264
20.57616
9.80064
17.34336
21.5856
21.6216
21.58272
19.75104
15.5952
17.5248
20.23776
13.64112
15.61392
17.42688
15.76512
19.98432
20.29248
19.51344
18.0576
12.40272
15.16176
7.75728
9.67104
12.9672
13.19472
17.59824
17.6256
18.76464
14.82336
19.04688
18.67968
18.50544
16.668
5.97744
10.48608
15.74208
8.76096
6.74352
10.75248
13.7304
14.35536
6.49152
13.45104
10.2096
15.15888
15.09408
13.40928
16.27344
16.01136
15.77952
15.34032
12.54528
14.66208
13.76784
8.51328
9.86256
12.07584
14.436
11.55888
5.50368
0.72864
10.78848
9.88704
9.34416
10.6632
7.128
4.6368
3.09024
13.0248
12.45024
11.19168
7.75296
11.93616
10.60128
3.8088
9.00288
8.67024
10.91808
9.60768
10.05696
10.55088
7.1352
6.97248
10.44288
10.35792
1.81728
6.46848
8.36496
8.76384
8.31888
7.39872
2.94048
8.70768
9.26928
8.01072
7.92
7.88256
4.90032
9.34848
8.9856
4.9896
7.28064
6.34032
1.53936
3.37104
0.74304
6.57216
8.03664
7.272
7.57296
5.61744
5.18976
7.70112
7.7256
7.26336
7.38288
7.092
2.4768
6.77952
1.76256
6.984
7.23312
7.00992
6.60672
6.95088
6.70752
6.27408
6.16608
6.14304
6.20496
6.2064
6.13296
6.56496
4.72896
2.68704
6.05952
1.16064
2.76912
4.83264
6.34464
4.97232
2.53872
2.14848
6.74352
5.46048
5.97312
4.72032
6.16608
4.5288
6.22512
4.1904
5.22288
3.83616
5.90832
6.48
6.2424
5.37696
5.66352
3.4272
2.93328
4.3416
2.52576
5.69232
3.90816
2.86128
7.70112
1.8504
3.41136
6.1272
8.33328
3.48192
6.74928
7.04736
3.72672
7.6392
3.26304
6.19344
7.53264
6.58656
8.67312
2.49552
9.58896
8.40384
9.756
9.17136
9.0576
5.0832
6.26544
5.10192
6.0552
7.6824
10.75824
10.30176
10.584
-99
-99
11.18736
2.95488
9.54864
10.9296
3.1536
11.08944
12.5424
11.0736
10.11456
9.8928
7.05456
6.28272
11.30112
12.65184
7.07472
14.77008
10.04688
14.7168
14.5584
14.7168
15.21648
14.7312
10.64592
13.01904
15.07824
11.93472
15.12288
16.16976
16.16832
15.57072
12.63744
7.86528
14.74416
7.78464
12.19248
14.56416
11.23488
8.9208
10.20528
15.77952
10.9944
1.26576
8.2512
15.89184
6.8616
2.70432
11.56608
18.93024
19.06128
18.95904
11.67696
19.03392
18.72864
15.44688
19.05552
18.38736
18.05184
19.17648
20.70576
20.14128
17.53344
9.11952
3.97152
8.0856
6.36336
18.54
18.43488
11.97792
20.01024
18.14544
13.98528
14.48784
11.20176
15.08256
17.81856
22.1616
22.61376
22.88016
18.95904
17.82288
19.8864
22.01472
15.408
9.52992
18.30384
8.00064
23.3208
24.03504
23.48928
20.94336
16.5096
22.16016
5.66064
5.22432
13.68576
20.83536
17.65584
11.736
8.05824
13.89456
10.6488
10.02816
9.44352
19.12032
23.6952
9.68256
21.9456
13.98816
23.9472
17.71632
23.53968
23.07456
18.14256
23.90256
21.37824
18.7848
14.0184
1.7856
17.26416
18.80928
11.60928
15.93504
22.45824
24.15744
23.5512
13.09824
22.27968
14.69808
12.51216
12.8808
23.60736
21.5064
11.53296
18.73152
17.90208
12.28464
17.22816
20.06928
23.10624
19.50912
4.81968
18.11952
8.68032
22.76496
21.09024
13.91328
16.5384
14.55264
19.91952
15.15312
23.07456
20.29536
18.02016
17.85312
22.40208
23.36112
22.89456
22.31568
10.656
19.16208
17.17632
7.29648
17.47728
22.59792
21.5568
14.40864
13.38912
21.168
17.03232
14.31792
18.84816
15.84144
20.35872
16.42608
19.94688
17.46288
19.74384
9.81504
19.4472
12.7944
13.51152
18.39312
18.20304
18.33696
11.21328
11.7576
3.31488
11.33712
12.4632
17.34768
18.1152
18.83376
18.87552
11.89872
14.796
15.0264
16.30368
18.25488
16.46208
5.38704
9.25632
14.97456
16.06032
15.5232
11.20032
17.59968
15.76224
13.33584
16.5456
9.95328
14.9832
13.23792
8.4888
12.21984
15.05808
14.61312
9.31392
4.14576
9.11664
8.96832
14.94
14.38848
15.32016
1.7208
12.83184
5.73552
11.00016
13.34448
14.0184
11.36016
10.30752
12.78432
11.89728
13.66992
12.89232
11.82384
12.89376
11.17584
12.9528
4.8456
10.01232
11.79072
11.69424
12.21984
10.35936
9.46368
9.96912
10.6704
11.42784
10.93248
10.36224
10.224
3.15504
6.42384
8.8848
6.60816
9.06048
6.02208
9.8208
4.36032
2.74752
6.16032
8.72208
9.43344
7.07472
4.94496
4.96944
4.72608
8.60256
8.48304
3.53952
8.59248
8.71056
6.78528
8.30016
8.172
6.7752
5.47776
4.86288
3.71664
3.54096
3.1176
3.25152
5.04576
4.0824
0.9288
0.7488
2.85264
6.97968
4.92912
1.46304
2.62224
5.4288
7.04016
5.17968
7.2864
5.74416
5.7528
6.04656
4.13424
3.3048
1.03824
3.66336
2.35152
5.5872
5.8248
6.4368
6.6384
6.79824
6.55344
6.70176
6.32304
6.15888
2.27952
6.70464
7.31664
7.2648
7.2072
6.79104
6.75792
6.83136
7.32816
7.14672
6.85728
6.97248
7.03296
7.14384
7.20576
5.98896
7.71264
6.7176
7.3008
7.33824
2.7144
7.76448
7.48944
1.07424
6.02928
4.6872
8.39952
8.5464
8.7912
9.49104
2.53152
5.07024
7.33968
7.29792
7.08624
6.36768
8.4456
8.28
1.58688
1.92528
6.87312
8.81568
5.94432
10.2168
10.65168
10.8144
8.3808
8.61696
8.9712
6.00336
6.71184
8.75376
4.04496
10.98288
11.70144
11.55888
3.13056
13.34304
9.1368
13.36464
5.9184
4.14144
6.73488
13.54896
10.17792
9.50832
12.82896
2.28528
15.46272
14.64048
13.6512
11.0232
13.9464
13.44816
13.00032
14.28048
13.06512
5.97888
8.60112
6.13728
10.92528
6.93216
11.55456
5.50224
2.124
8.94528
3.7152
2.08944
6.35616
16.704
17.40816
14.71824
8.75664
9.8712
18.1224
12.2472
18.01296
17.2512
11.0304
11.5848
17.89056
17.28576
19.91376
20.16576
19.19232
16.89264
19.41264
19.85472
20.56464
17.60688
9.0432
17.11728
17.06688
9.76896
14.86224
21.21408
11.21472
19.7784
19.57536
15.75648
14.1768
7.7616
20.3616
13.19472
19.08
10.35648
17.43984
17.38368
18.2808
13.54464
20.77344
21.63312
18.46224
21.87648
20.71152
21.3696
22.59792
19.3392
16.524
18.13824
17.59536
23.27472
23.0472
4.53024
8.66736
22.52736
24.1056
22.25376
16.10784
21.85056
19.5048
23.71104
23.33088
23.05728
23.10048
19.52208
19.41696
23.54688
22.41216
24.03936
24.50592
24.36336
23.65056
14.62032
12.05856
22.19328
19.476
14.63904
21.51936
12.3696
15.63696
15.72336
21.52368
24.61104
21.98448
23.72976
23.40432
24.13296
15.78528
21.61152
24.77952
24.0192
23.14224
23.96304
23.88384
22.66992
23.10192
19.81008
21.55824
20.952
23.11056
22.97376
22.47408
16.74144
23.52096
23.48784
22.96368
22.16592
21.33504
21.62016
19.19088
20.94192
21.46176
21.63312
19.99008
17.6616
21.38112
21.56832
17.56944
17.96688
12.25728
20.36736
10.58976
20.89728
16.52832
17.26272
18.84096
18.51552
21.456
21.13632
19.5264
21.2112
21.60864
19.45872
8.46
11.37456
20.59776
21.35808
16.85952
13.75632
10.8216
9.51264
19.16496
16.60464
11.66544
17.34048
19.3896
18.6552
15.23232
13.92768
13.06224
20.07936
19.84608
19.08144
18.144
19.3968
19.0368
16.37136
13.0824
10.116
11.45952
4.10688
10.89792
15.51168
15.62256
13.79952
17.496
5.20704
11.11536
12.1896
12.2328
11.7432
13.87728
15.11712
16.51968
15.75504
14.19408
16.01712
13.46976
12.46752
9.73584
15.97536
15.9552
14.12496
11.34576
10.32768
3.89232
1.44
10.58688
11.0448
7.9416
4.98816
9.32112
14.18688
8.18928
9.32112
13.62528
13.3992
12.41712
9.1872
3.97872
6.10128
12.48192
7.6536
11.03904
9.39312
5.35968
5.21568
3.62016
9.77472
11.23344
3.27024
6.6888
2.48688
7.39584
11.06928
8.55792
10.31328
10.35648
8.02224
1.03536
8.99424
9.32256
9.20304
9.32544
9.19152
6.01056
8.24256
8.89344
9.05328
9.07488
7.31808
8.48736
8.712
8.28
8.55792
6.96816
7.8552
7.06608
4.5504
8.32464
8.20656
8.42256
5.59008
7.7832
7.84224
6.76512
7.3656
7.42608
7.272
5.79744
5.7744
6.33744
3.45744
5.72688
4.01184
5.17536
5.40864
4.5792
6.5376
5.13936
4.8744
4.17744
4.92624
5.82048
5.2704
5.74848
2.13408
1.60416
5.98464
6.30144
6.048
6.4224
5.6088
6.41664
6.18192
6.07104
5.44176
6.24816
6.06096
3.76992
4.248
2.99952
2.00592
3.98736
6.92208
4.48992
7.34256
4.18176
6.35184
5.23584
7.38432
6.93504
3.2256
3.28032
8.3952
6.876
3.8664
7.64928
6.69312
8.08128
6.32736
7.36128
4.4784
6.54192
6.12
8.17056
7.65072
3.23856
7.66224
4.05648
9.42624
8.86464
5.6736
9.972
9.80352
7.66944
3.30192
10.30176
6.63696
7.15824
1.78272
8.2728
10.97136
3.924
11.66832
11.63664
11.49696
4.33008
11.64816
11.77056
10.50912
9.37296
8.64144
10.45152
9.11376
5.0688
6.35904
9.09504
11.54736
13.36464
11.76336
13.38912
13.59648
11.84544
9.2952
7.2864
15.03072
5.19984
14.87232
15.1416
14.04432
13.22496
5.6952
10.27008
3.38112
2.80944
12.42144
6.44544
6.26976
10.66752
11.63232
16.23456
17.33904
7.16688
16.83792
7.0128
9.71568
12.6288
18.36
14.67648
11.90736
11.52864
17.23824
13.32864
2.10672
17.1504
13.37904
13.00752
19.40976
19.77696
20.61504
17.64432
19.78416
19.68624
13.32288
20.40192
18.76176
17.53488
19.47312
18.12816
11.016
12.02832
13.36032
12.11184
20.80944
11.73168
6.88608
7.38576
16.50816
3.93264
19.14768
22.85856
21.05568
22.8672
22.56192
9.37584
9.21744
3.75264
1.19952
8.93952
12.56832
15.96816
14.37408
16.4736
18.02592
15.90912
12.29184
19.51056
4.56048
22.57488
23.81616
15.58512
22.752
21.85776
20.66832
22.23792
23.4288
13.07808
15.16176
21.4488
13.77936
19.44144
18.936
20.65968
10.51488
23.2848
18.39456
23.82192
22.82976
22.60512
19.79856
13.33872
14.67792
13.66128
20.62368
15.192
16.10064
18.64368
6.84576
21.8376
24.12288
23.97456
24.28416
24.73776
24.37776
23.58144
15.43248
18.10368
23.2776
16.94304
22.18032
22.8528
22.45392
22.65696
22.71744
18.21024
21.68352
22.11408
14.35824
23.44896
22.92912
22.7016
20.18304
14.63904
9.68112
24.06816
23.88384
23.58432
24.33168
24.11424
17.33184
19.80576
10.91664
15.48432
21.5784
19.94256
20.81808
17.03808
21.29184
21.25152
21.59424
18.85248
17.03232
20.71296
21.32928
18.78768
12.68784
21.58992
22.28256
21.8592
15.4584
17.18208
19.83312
20.79072
21.49056
21.16224
21.2688
16.33248
14.09616
17.06832
19.12752
11.02608
18.91584
20.39616
20.3976
20.41488
20.27952
20.07936
19.01088
18.24768
10.73088
13.16448
16.9272
17.87616
18.30528
15.52176
14.77584
17.30592
18.01296
16.91136
17.37072
10.89072
13.67136
17.12016
17.21088
16.65648
11.24928
14.15808
14.51808
6.11424
13.81392
16.23888
7.41744
10.93824
15.39216
9.93312
13.94496
11.81952
13.16448
13.58784
15.23376
14.86224
14.88384
10.95552
10.28304
12.204
12.85776
11.6856
4.28832
10.67472
12.21984
7.164
6.72192
8.64
5.02128
3.36384
8.45568
12.132
10.29888
3.7584
9.14544
3.8304
8.73792
7.91136
2.28528
8.97552
6.49872
3.07152
6.0048
9.97632
10.37088
10.62432
10.188
9.73728
10.0368
9.68976
5.43888
6.92064
4.74768
3.63168
6.71616
9.25632
8.93088
7.58304
8.12304
5.48208
4.91616
8.73216
8.80416
8.44128
8.1648
7.02
5.98176
5.22576
1.8432
3.99744
0.89856
8.19792
6.88752
2.94624
4.6008
4.43232
2.05776
5.25744
7.54416
7.62192
6.97536
2.07072
1.96848
6.4008
6.74208
6.99696
6.94224
5.98608
6.71904
6.40368
6.31584
6.588
4.61376
1.37952
3.70656
5.55984
2.1096
2.38032
3.1752
6.40656
6.55488
6.67008
5.26032
6.25536
6.07824
7.02576
7.0704
5.99328
6.66576
6.9192
6.14592
6.44832
6.77232
7.01568
7.5816
6.66432
5.11056
6.8616
3.70512
7.26768
6.79392
4.00608
7.1712
7.08048
6.0048
8.24832
6.23952
5.33664
1.48032
1.87632
1.25856
1.88208
7.87392
2.26224
4.2912
1.58832
4.39632
8.84448
8.26272
8.52624
6.17184
6.75216
7.40592
6.83568
4.19184
10.57824
8.14896
9.252
10.71792
7.5456
4.5216
2.85984
1.09584
8.9424
4.2624
9.8568
11.44224
9.52272
11.32992
11.78208
12.0672
11.8224
4.56768
2.71872
12.61296
12.9024
12.6648
0.07056
-99
10.09296
7.54848
10.02816
12.4848
13.69296
13.572
9.48528
14.2704
15.06384
14.62176
5.27472
9.85968
15.36768
15.51024
15.80976
15.91776
15.40224
15.90912
16.27632
13.96224
13.65408
14.30208
2.93328
13.01328
15.87024
11.10816
17.88768
18.144
18.21456
12.36096
4.81248
16.59456
18.50688
13.85856
11.1672
19.06992
16.39152
19.25424
19.75968
17.388
18.54144
20.09808
19.82304
19.16064
12.81312
19.19808
19.89792
15.06528
20.07648
22.15728
21.72096
21.44736
21.17088
21.55248
19.29024
3.06576
4.05936
20.40624
18.85968
10.25856
13.17312
11.73744
8.08416
19.30896
18.07344
16.18992
22.22064
22.90896
18.72144
18.40176
14.5224
23.51664
23.38416
17.56368
23.1912
22.29264
22.0824
18.76752
14.6376
18.99216
23.18112
20.26656
23.38704
23.33952
23.39424
23.04144
22.932
22.3128
21.14496
4.9896
19.37376
15.89472
19.82448
16.19136
10.96848
10.73376
20.66832
21.07584
23.94
22.1472
23.41584
23.92704
23.64336
24.11568
23.7024
22.6872
22.95072
24.08544
24.192
23.97168
23.148
17.75808
17.45712
23.10912
13.28112
-99
16.24752
21.53232
15.3216
18.11808
14.48208
18.13824
24.26256
24.53904
24.54336
24.83856
19.54224
20.94624
9.9648
12.0024
21.73968
18.96912
22.25088
16.04736
14.51808
22.56624
23.45616
21.62592
22.46256
20.07936
15.01488
11.0376
21.7656
18.52992
15.56784
14.61744
15.74928
22.3344
21.37968
21.73104
21.94704
21.14352
9.45936
18.98064
19.56096
20.76768
20.34288
16.20864
19.78704
6.30432
14.02272
15.62544
12.94272
20.06928
20.3616
20.916
18.67104
16.79904
19.99152
19.56384
13.64976
17.54496
20.51136
20.04912
17.9424
17.66736
18.63792
18.31104
16.28064
17.94096
16.10784
13.95504
5.8608
13.716
14.328
11.2392
14.85648
17.33328
4.87008
16.08336
14.05152
3.0672
16.35984
14.56416
11.01744
17.23536
10.24128
2.40912
15.27696
16.52832
6.46128
14.25168
16.02144
15.67296
10.16352
13.25808
14.94432
8.54784
7.88112
13.7304
13.75488
14.0976
7.4232
7.74864
7.87104
8.89488
10.51488
12.98736
12.32352
14.34816
13.69296
10.74672
11.10096
12.86496
11.5056
12.11328
9.91872
12.08448
11.08656
11.79648
10.02816
1.7856
9.9216
11.20176
8.62128
7.00272
11.10096
10.99872
10.47168
10.56528
10.00512
10.5264
8.4888
9.6912
9.7344
7.4592
8.83296
5.75136
6.05376
10.12752
9.72144
4.932
4.78512
7.9776
4.2408
8.88336
9.47232
9.0792
8.80992
8.46576
8.1288
7.23888
7.97616
7.89552
8.11728
7.80336
7.31232
5.74704
2.68128
7.56144
7.05744
7.53984
1.404
7.63632
2.25936
2.97216
7.46352
7.2648
7.13664
6.92352
5.9904
3.58704
5.2272
2.51136
2.33712
3.45312
4.11264
2.87856
-99
-99
-99
0.96336
5.75136
3.35232
6.44256
5.54256
6.31008
6.39936
6.26688
3.22848
6.89616
5.73696
3.39696
6.12576
6.14016
6.516
5.79168
4.53456
6.5736
7.18848
4.25808
0.94608
3.64464
7.15536
7.04448
5.00544
7.6536
4.79808
4.24224
7.4808
7.77024
4.536
6.91632
4.90752
6.3144
4.13136
7.1064
8.2152
8.32464
6.94512
1.43136
4.59072
8.81856
8.8992
8.37792
8.58816
1.48752
5.616
9.18288
1.7856
1.908
7.05744
5.83632
2.24496
10.46016
9.07632
7.06608
0.8352
9.21312
7.82496
11.24064
4.464
1.81008
9.86544
6.97536
6.52752
11.74032
9.53424
10.656
11.09952
10.86336
6.3936
9.22032
1.45728
5.80896
12.86208
13.7592
8.49456
6.10416
14.70384
14.21568
9.0288
13.10976
14.4864
13.4496
10.34352
7.41744
11.4336
13.58352
11.28528
10.34928
13.26096
13.33584
13.34592
17.9064
17.96256
14.7024
1.75392
5.79168
11.83392
15.62688
17.40672
12.92976
18.69696
15.92064
18.02592
15.30288
16.5888
14.5008
18.72
14.53968
9.27072
1.72656
19.93248
15.55632
8.82288
13.89744
4.7304
4.1688
16.7832
10.49904
20.48688
20.4768
18.37296
20.30112
20.48112
17.58096
14.51664
19.6056
18.4896
18.9216
17.43984
19.57104
10.69344
15.50448
9.21744
22.53744
14.42016
10.6992
8.56656
10.296
16.48944
14.28768
12.38832
3.76704
22.15872
17.38512
10.21968
15.4512
15.37488
15.24672
16.45776
19.11168
13.98672
22.2768
16.2216
15.33456
21.87936
22.80816
16.74576
20.52144
18.13392
15.78672
20.63808
13.03632
15.15168
19.00368
17.44704
5.72832
21.74544
15.06096
16.80192
11.48112
20.24352
21.8376
13.2264
17.18208
17.62272
18.97776
22.6296
18.77184
21.71952
18.3096
23.25888
24.40512
24.1848
13.42368
18.17568
19.22544
19.91952
22.49424
23.652
22.91616
14.28048
22.16592
23.87808
23.78016
20.10384
22.55328
24.192
10.24704
17.30016
19.34496
23.77728
16.67232
19.09296
22.63248
21.8088
19.5552
22.5144
22.72896
12.64752
17.41536
21.96144
23.1336
21.28896
15.03216
8.32176
23.05008
14.84208
21.23136
22.24368
21.78288
16.9488
22.04352
19.17216
20.84832
17.5536
18.82512
19.91232
17.23968
16.092
17.92368
18.72432
14.78016
6.38496
21.0816
21.03264
19.39536
15.77232
14.004
19.95264
18.71712
7.45488
17.44272
20.0664
20.088
18.072
19.28592
14.5728
14.10336
7.85664
16.4664
17.96688
17.3376
14.74992
12.132
6.83568
9.38592
16.44624
6.95088
16.24608
17.21808
10.14192
9.47232
13.76208
10.47312
8.47728
16.524
10.89504
15.08976
14.88528
8.95104
13.21776
13.12416
5.4576
14.46192
15.84864
15.24384
13.85856
15.17184
7.91424
10.45584
7.91856
15.54048
15.01344
14.17968
8.00208
9.17568
15.20928
14.364
10.29024
13.83696
12.63888
7.7112
7.99344
10.404
5.8464
11.85552
10.54656
3.18528
3.55248
4.284
7.164
6.71328
2.37888
5.34528
8.67456
11.1528
10.37664
11.25792
11.34144
11.124
7.80768
1.11888
2.69136
2.90304
9.60048
2.304
9.94032
7.26192
9.64944
6.59232
4.97664
8.97984
8.82
5.53536
4.27248
8.85888
8.81136
5.37696
4.644
5.14656
2.30256
1.32048
1.6776
1.99728
4.05216
3.09024
6.77232
4.92624
1.66896
7.24608
6.72624
3.75552
7.41888
6.36336
5.24448
2.8152
5.63904
6.94512
5.07888
5.77152
6.46128
6.30288
5.90832
5.64048
6.98688
4.99248
6.01776
5.472
1.46016
4.72752
4.17312
1.4904
6.24672
5.21856
6.68304
6.03936
5.62464
6.43536
5.9688
6.21648
6.26832
5.98176
6.39648
4.55328
6.60816
7.03872
6.86304
6.90192
7.18848
7.12512
6.60384
7.10928
8.18784
7.26768
6.20352
7.2288
7.57584
7.61616
7.3656
6.34896
4.58064
7.80048
7.22448
5.5512
4.13568
7.64208
2.12112
5.9544
7.33824
3.83184
9.1224
8.77536
8.51472
5.24304
6.912
2.42208
9.24624
5.99904
7.26768
5.50656
10.19952
10.16208
8.51616
9.75024
8.83872
9.42192
9.27936
8.21088
7.04304
11.09664
11.01312
11.57184
11.78928
11.87568
11.76336
10.25424
6.52032
7.88688
11.71872
12.30912
12.19968
12.3336
12.31344
12.1752
13.31424
12.53952
12.40704
12.4704
11.43648
11.27088
12.64176
8.85456
11.50128
13.76928
13.50432
14.41728
12.38544
11.1672
4.46112
12.564
15.9408
16.16832
15.93216
12.39984
14.38848
17.11152
17.07984
16.60464
16.53552
16.99488
16.46064
18.9648
3.67632
11.92896
17.89056
16.00272
11.13408
17.08848
10.23552
7.19712
17.29728
11.96928
16.20288
10.4112
16.62624
6.12144
13.1544
9.0216
17.77392
19.84032
16.7976
15.46416
8.29728
16.09632
10.45728
14.69952
8.07696
8.63712
4.60224
13.21344
20.94624
13.58352
18.17136
14.56848
8.63424
10.71216
20.03184
20.69568
12.70368
4.18608
20.19744
23.65632
22.43952
20.85696
16.2144
22.932
20.96496
9.25776
22.87584
22.82976
23.19264
23.17968
21.32208
5.80896
8.37216
12.48048
20.72016
18.44064
23.64048
22.42944
3.83616
-99
-99
20.61216
9.63648
18.90144
23.88528
24.18192
24.5304
23.66208
22.69008
23.76432
22.11408
23.3424
22.6872
24.24384
11.84976
22.3272
2.67264
25.17696
22.58928
15.91344
21.41568
23.6592
24.51744
23.52096
22.7448
21.63456
18.98352
19.91088
22.536
22.84272
22.70592
23.20992
23.4864
23.40144
22.60656
22.84992
20.86848
22.11696
20.05488
22.93344
22.93632
21.6072
19.24272
8.49744
9.6624
23.59008
22.81104
22.81392
21.90096
11.0736
20.93328
22.68432
9.90432
18.14256
18.09648
19.60992
21.82032
21.7008
21.94704
21.59568
22.09104
17.9928
8.3088
20.16432
22.66416
18.24912
21.93264
21.97152
21.77568
21.69792
20.56176
21.17808
20.50992
13.76784
19.53072
21.37392
20.92608
20.19024
11.376
18.60048
17.48736
10.89072
20.47968
20.46096
20.08944
16.24032
11.92896
20.20464
19.68624
19.33344
18.50688
19.60416
17.84304
4.23792
18.13536
18.11664
14.41008
16.13664
12.55536
8.53776
18.9144
18.648
8.28
18.04176
16.70688
10.90944
16.31664
4.15872
8.17776
17.68176
8.72208
14.616
14.89104
15.29856
16.09632
13.81536
14.84496
13.56336
1.59408
13.66128
14.74704
15.49872
9.5256
8.25552
14.15664
14.06304
14.8536
14.56704
13.77072
12.4488
13.16304
13.61376
7.68528
7.71264
12.00528
13.13136
5.71824
10.54224
12.18096
8.5176
7.2216
7.632
11.35872
12.52656
11.89296
6.66288
10.37088
7.13664
1.7352
2.38176
4.90464
9.31104
11.04624
0.47232
-99
1.33632
8.6832
9.49536
5.00688
7.02288
9.036
6.25824
7.26624
9.684
8.72784
4.04208
8.12448
8.06976
6.5088
7.56864
8.90064
4.76784
1.62
4.86432
7.13232
6.5952
6.6528
8.1216
6.71904
7.01136
3.4704
5.81184
7.2864
7.50384
7.05168
4.9896
7.04592
5.55696
7.26048
4.26384
5.41584
2.94336
0.19296
0.83952
5.78736
6.804
6.60528
6.59664
6.75936
3.49776
4.7664
2.99952
4.42224
6.624
2.49696
4.22064
3.59424
5.65056
4.40496
5.74992
6.84864
6.49728
6.01056
6.72768
5.0328
4.716
6.0984
5.29488
6.3
6.39648
5.54832
6.5232
4.97232
6.70464
7.07904
6.73632
6.79392
7.03152
7.03872
3.78288
7.46928
7.71696
6.43824
7.58448
7.01856
7.24032
7.62336
5.98032
5.19696
1.76688
0.12096
1.03248
5.43024
7.54704
4.80528
5.00112
5.92416
6.55632
7.52544
5.28048
8.31744
7.524
9.05904
8.99856
7.9056
9.87696
9.72144
8.32896
8.52912
9.68976
9.9288
2.31696
1.24128
9.48384
8.74944
4.36464
11.11248
9.21456
6.4008
9.10512
11.1456
11.628
11.91024
12.27456
12.68928
6.68448
11.84832
11.6568
11.40192
10.15632
13.42512
8.21232
9.28656
12.61296
11.68848
10.29024
14.84784
13.05792
8.29008
12.62016
14.74992
13.35168
10.20384
6.18912
15.29568
1.38528
5.03856
11.4408
16.18272
15.73056
9.18576
8.93952
3.79008
4.60512
9.66528
5.09904
6.52176
11.8584
13.6584
2.55888
3.96576
1.65168
6.1704
15.51312
18.9072
19.52928
16.8336
13.5432
16.46208
14.4504
19.67328
19.3896
17.388
1.86912
19.51776
9.86688
11.99808
14.8968
9.79776
2.89728
6.71328
2.21616
2.88
14.11488
19.7856
21.05568
17.45856
15.36768
18.52416
20.70576
13.43664
17.60688
19.47024
21.37104
21.58848
16.40736
20.48544
19.61856
21.83472
4.104
7.63056
14.93856
15.5448
17.44992
4.39776
14.37696
12.74544
17.91072
23.42736
23.64336
23.63184
22.51152
21.86928
20.88576
15.08256
19.66032
23.47776
23.49216
22.96656
17.32176
13.68144
22.72176
13.72608
19.68048
12.71664
5.98752
19.8648
21.45024
5.51376
8.40528
12.54816
13.96224
14.83632
24.10992
18.66816
18.468
17.17056
7.64496
19.224
14.12352
22.41072
16.77024
23.07744
20.11104
23.8968
23.39856
21.00672
23.45472
23.32944
21.3192
21.63024
13.89744
22.6152
15.29568
10.476
22.71312
23.67504
22.73328
22.10544
21.9528
21.56976
11.51712
21.37536
17.3016
14.94
11.40192
8.31024
11.39184
17.91504
20.73168
23.27328
17.10144
22.47984
20.47824
19.39824
16.13664
21.55392
21.77136
21.58272
20.44368
21.45456
21.61872
19.6272
21.26736
18.02736
14.68512
18.1512
20.6784
21.87648
21.0816
15.08688
15.46992
19.23552
19.36512
16.61616
14.28192
19.15344
20.47536
19.1592
19.77984
6.26112
19.68912
20.31984
19.3896
19.188
16.90272
16.19424
19.37808
18.88416
16.60608
14.33376
7.36704
10.73376
17.7264
13.65552
12.95712
17.42544
18.34272
16.8984
6.08544
9.81792
7.95888
9.93456
12.75696
13.48272
16.72272
17.03376
16.87968
15.68736
13.5504
12.12336
4.83552
12.02976
10.63152
6.42096
6.67152
15.02784
11.66976
14.24448
13.30416
8.15904
13.78224
12.77712
13.7808
9.86256
4.80096
12.72384
13.56768
12.23136
13.068
6.77376
11.9088
11.05632
3.1176
11.92464
13.0176
6.42672
3.86208
9.14976
10.58976
11.96784
11.05776
11.59344
6.43392
6.56496
3.89664
11.27088
10.68912
8.48304
3.83616
8.7048
9.52272
8.39088
10.5552
10.01232
8.62272
9.18576
3.95568
3.68928
6.50016
2.88288
1.17792
8.8272
7.83648
7.59456
8.748
7.1064
6.90768
8.07408
8.17344
2.64528
7.96032
7.5888
7.65936
4.90896
8.38368
7.91568
7.52544
7.07616
3.21552
1.12176
1.94976
0.99792
7.11936
6.44688
2.70144
6.66144
6.89328
4.43232
4.24224
6.25824
3.45888
6.4368
6.9912
6.18336
5.30208
6.63408
5.00256
3.93552
6.55056
5.688
2.4192
1.53936
5.32512
3.65472
6.05952
6.48288
5.11632
3.74832
6.3
6.62544
3.67632
6.7824
5.4216
6.79392
6.85296
4.176
3.3714
8.7588
8.7786
7.506
8.6436
4.518
6.7482
0.9774
5.5008
8.0406
8.37
9.5904
9.7164
9.7722
9.4806
9.6426
7.74
9.9342
6.615
8.127
4.0554
7.686
10.9656
4.6944
9.0702
9.171
9.0342
9.3366
4.8528
11.4678
11.6784
10.1934
10.692
10.3932
9.1188
8.8074
1.8972
3.4236
6.6906
8.0766
10.8936
6.7482
11.1456
1.8216
4.9968
13.1598
13.7916
13.0986
10.9134
14.1552
4.9122
1.971
10.1646
15.444
14.6718
13.0248
15.0948
12.627
7.4034
5.616
7.713
8.8992
10.6254
9.3618
6.1254
7.7058
15.8958
17.8236
17.2818
3.78
18.387
7.794
19.3968
19.7442
18.3762
18.2268
11.9196
21.1932
21.1824
19.2006
18.954
21.2562
19.8072
17.5608
10.8486
21.4902
22.113
21.6414
19.2582
20.4984
21.8646
21.1122
17.5248
20.2986
12.6666
13.383
24.0102
11.0322
2.7216
15.8454
14.8248
19.872
22.1976
18.7398
5.8734
12.3696
24.552
25.5672
6.5556
4.293
12.7674
26.6328
25.4178
18.8442
7.2882
6.5304
7.9758
13.8708
9.5058
6.8454
15.2532
26.9748
26.0838
26.0802
27.3456
18.225
28.0278
22.2534
11.8368
15.3162
25.7688
24.8994
11.4498
19.809
11.736
9.0108
24.1722
12.7098
22.5036
27.7704
19.3734
15.156
21.4686
9.7182
24.1758
28.2834
24.8364
21.3138
20.376
23.9418
20.5668
20.5722
27.0144
21.2922
23.0436
15.3738
25.0992
26.244
23.3568
25.965
21.285
29.0358
29.3004
28.4904
29.0736
24.885
9.756
27.3222
18.1566
16.956
24.8958
22.14
13.1886
24.3108
28.7568
27.8262
23.9022
24.2244
21.1446
22.4136
26.2512
28.944
26.1954
9.4536
29.0088
16.848
17.64
19.9152
27.4806
28.4022
26.397
13.3956
22.5666
17.1612
17.1558
24.5556
28.9116
28.7244
28.1016
26.3466
27.1908
27.567
27.7056
24.219
24.7752
16.0056
27.6552
25.587
26.0802
23.7744
17.541
15.75
18.5652
25.0002
7.9416
24.1758
21.2112
18.6282
18.4464
19.8882
14.4594
19.7964
22.2768
24.6636
24.0156
23.0688
23.5602
25.2702
24.8238
18.8298
24.3198
24.156
23.1444
12.8358
13.4316
19.9944
23.8374
15.489
19.962
16.8336
18.6876
20.3904
13.815
5.508
15.6204
18.5544
21.8826
16.4718
13.5306
21.4488
16.8066
9.972
18.4806
16.7742
16.983
18.3906
17.2602
13.212
19.3824
10.8774
19.953
9.9738
11.0862
14.0256
13.1328
11.223
16.3764
17.4726
16.6932
15.5718
11.916
15.9678
12.2148
17.1036
8.3754
5.787
14.4504
9.9972
17.1108
16.8714
8.5446
8.7678
16.587
13.8474
14.4594
15.7302
11.8098
13.0806
12.6126
13.374
14.5296
10.7064
4.7574
11.8476
14.427
13.3074
12.1878
12.8988
12.4254
11.2104
7.5978
4.896
7.9074
4.8852
9.684
4.0104
9.8406
11.6424
12.3876
11.358
11.8044
4.7034
1.5444
3.5028
4.086
9.3078
4.8222
4.9968
3.9816
8.5734
9.801
9.9198
8.2224
5.6088
1.6344
2.4714
1.3284
6.669
7.8516
8.3934
7.002
9.1926
9.0216
8.2422
7.4952
8.8812
7.398
7.722
8.8128
6.12
8.7192
7.3764
3.8196
7.8732
8.3214
8.0838
6.8598
8.3376
7.8912
8.1144
8.1864
7.8858
8.2314
5.6664
4.0068
7.7958
4.5342
5.769
7.3764
5.9418
7.704
8.253
7.533
7.8876
7.5078
4.0824
7.6698
8.766
4.8492
9.2952
9.0846
7.4646
7.8282
0.8064
9.4284
9.198
9.6354
9.459
9.7794
9.8604
10.0278
9.765
8.7246
8.3142
8.793
10.2402
10.4166
10.1808
10.0782
11.0016
11.0034
11.2338
11.4804
11.529
10.5192
11.3364
11.9682
10.3986
9.0036
7.101
11.8206
12.384
12.5532
13.1706
12.9672
10.6074
6.5574
10.143
6.4656
13.3164
10.5516
12.9276
14.7582
1.3662
15.0048
15.345
14.1606
14.9148
13.9212
7.848
16.6824
14.6286
12.4488
13.4388
11.8944
10.8234
10.584
4.86
5.202
5.715
12.663
14.4162
8.8992
5.6772
1.692
10.7406
2.7036
2.0664
2.718
4.7286
2.529
1.6236
3.0726
4.3794
11.9682
8.6364
5.3136
18.072
8.2566
14.3964
17.1936
10.179
7.3296
7.2108
18.8136
22.7178
9.837
22.68
22.941
13.0464
22.8762
20.9448
8.9226
20.9214
22.4622
3.2418
1.8306
21.8952
23.1534
24.7176
25.74
25.2
16.101
3.1284
2.9628
22.1976
10.4454
22.5684
22.6548
26.5104
18.9918
22.4136
25.3152
8.8398
20.5218
12.4218
10.7478
13.3038
23.0868
26.0388
25.9884
17.8416
19.2474
27.306
28.5174
28.6686
27.3708
26.4078
26.1954
26.3718
28.0224
26.3196
26.7012
27.045
27.5526
28.1484
26.6688
3.906
9.9954
29.781
19.386
29.1438
29.9646
27.3024
29.8746
29.8926
25.3314
28.0332
27.0648
29.7342
27.9216
25.2216
13.4604
24.2586
30.7116
30.2292
27.5742
27.8712
23.8608
24.4098
27.5346
25.9452
28.5894
28.6182
25.4106
14.6358
21.7638
30.0654
22.6386
30.4326
27.8208
24.3108
27.3348
30.0546
28.0836
29.6424
28.161
27.081
28.6866
26.775
12.5676
28.4724
30.3804
29.6676
29.5902
29.5488
28.9818
28.7046
28.566
28.0656
27.6714
28.5444
27.5346
27.5796
26.6796
27.4176
27.729
25.551
27.342
26.5266
24.5358
23.0328
15.9858
13.698
14.3946
23.715
26.5572
26.811
26.5032
26.3052
18.5886
24.84
20.8368
24.9048
25.272
23.346
21.8232
19.8234
24.4494
18.342
19.0494
18.2682
13.257
10.4778
25.0092
25.3764
18.819
18.9522
21.0276
24.1542
19.2798
17.6076
13.7916
23.7528
20.4624
22.4316
8.9784
23.5296
13.1346
19.4202
22.4658
19.71
22.2354
19.1682
14.1786
15.7626
21.4596
20.7918
17.7498
13.8114
10.1538
16.7904
10.7136
14.5512
19.7586
20.1816
18.9648
19.8594
12.5352
17.4312
10.4292
14.2074
16.551
16.6554
15.9984
8.298
14.7366
17.1396
18.3168
16.2666
17.4816
17.136
14.139
3.4884
6.3162
10.0854
11.1546
8.1342
13.5972
13.2246
14.1354
15.579
13.9248
7.5816
9.2034
11.844
8.1486
11.7918
11.3544
8.0964
12.1914
12.5064
10.98
11.7834893617021
12.1374
10.4562
11.0412
10.989
10.8774
10.9548
4.878
10.8198
12.1626
11.664
11.5434
9.4554
5.3532
10.5228
9.1116
8.6994
9.7362
8.0964
6.4494
9.7344
5.1192
2.8026
6.9804
10.2024
2.6064
4.8744
9.0756
7.3152
5.8302
5.9346
8.2998
2.7612
6.1362
8.6166
9.0468
6.1578
8.6778
5.2686
8.4132
7.3026
7.0794
2.8206
8.7498
3.0852
4.3776
3.9564
2.2428
2.8152
7.2576
5.3766
4.653
8.0226
7.9488
7.6068
7.5042
6.8508
7.8228
7.6482
8.5248
7.1334
8.082
8.2764
6.0174
4.2912
8.352
