20000101
-99
-99
-99
-99
-99
-99
-99
-99
-99
-99
-99
-99
-99
-99
-99
-99
-99
-99
-99
-99
-99
-99
-99
-99
-99
-99
-99
-99
-99
-99
-99
-99
-99
-99
-99
-99
-99
-99
-99
-99
-99
-99
-99
-99
-99
-99
-99
-99
-99
-99
-99
-99
-99
-99
-99
-99
-99
-99
-99
-99
-99
-99
-99
-99
-99
-99
-99
-99
-99
-99
-99
-99
-99
-99
-99
17.97552
17.1432
16.86528
12.0096
9.18432
8.24688
10.296
8.56368
12.07584
10.89792
14.86944
14.10768
12.98592
18.61776
10.48608
12.9096
16.83504
7.85808
20.3328
16.79616
17.64288
20.38032
19.0872
5.77152
10.22832
3.24576
11.6208
16.75296
18.5184
19.35504
20.29248
5.0904
21.7008
17.388
21.66624
18.75456
20.94624
19.05984
20.32272
19.31472
22.02048
20.73168
10.65168
13.3776
19.83024
13.4784
18.25776
22.04064
19.14192
15.19344
12.45168
18.08064
15.15024
16.32816
15.62544
5.65776
23.1768
22.20912
22.20912
23.16672
22.83552
19.3752
12.45888
19.05984
6.90912
0.95616
0.87984
1.84752
4.81968
14.3568
16.25184
22.37616
17.98128
14.364
22.07952
22.15872
20.29536
22.11408
21.47328
22.95648
18.43056
19.2888
23.13072
24.14304
23.904
19.91664
8.16624
8.45712
14.56704
8.9784
16.4232
23.05152
23.40144
22.94928
24.00048
23.98608
23.83776
19.93968
22.84704
5.04864
20.37024
22.54752
9.64368
22.41648
22.27248
21.25296
15.73632
21.88656
20.9592
22.46544
24.2064
22.27536
19.91232
22.73616
22.87728
20.83824
12.0672
23.93424
21.79872
22.28256
20.56176
22.54176
11.71008
14.40864
15.67728
21.01824
20.16864
21.81024
20.71872
8.80704
20.68416
21.024
21.61296
17.44416
15.39792
20.72736
16.19424
19.296
17.55792
18.3744
13.91328
16.98336
20.26512
18.26208
21.21408
20.71152
20.26944
20.47824
16.69248
14.85216
17.91504
18.79776
19.0512
18.99936
18.21888
17.45712
19.17216
17.41248
13.2696
19.18224
15.14448
15.5808
16.78464
14.45904
17.88048
13.8528
16.6248
11.6352
13.14864
18.036
14.02128
13.7664
15.57504
17.94816
17.12736
15.43824
12.62016
17.26848
16.97904
16.54704
12.04848
15.58224
15.81408
15.77808
14.84928
6.54048
8.89056
1.38528
-99
-99
-99
-99
-99
-99
-99
-99
-99
-99
-99
-99
-99
-99
-99
-99
-99
-99
-99
-99
-99
-99
-99
-99
-99
-99
-99
-99
-99
-99
-99
-99
-99
-99
-99
-99
-99
-99
-99
-99
-99
-99
-99
-99
-99
-99
-99
-99
-99
-99
-99
-99
-99
-99
0.63792
9.19872
3.43728
7.08768
8.18208
4.8672
7.57872
3.9024
7.58592
6.79536
2.32416
5.7816
6.84432
6.81624
6.94584
7.06176
3.49776
5.04432
4.4064
5.89824
7.47648
6.50448
3.97728
4.12416
1.98576
5.67936
6.31584
4.0248
5.01984
4.27248
5.46192
3.04704
4.43376
5.85936
5.83056
5.436
5.17968
4.35024
2.25792
1.61424
1.65024
0.47376
5.13072
5.62608
3.75696
3.0024
6.85872
2.02032
6.3288
4.8528
4.88592
5.53824
6.49584
2.4624
1.70784
7.07904
6.93936
4.1544
5.8176
2.41776
6.10272
4.06512
1.19664
1.24992
3.492
5.30064
1.66896
7.60752
8.79696
8.7336
5.93568
4.82112
5.32368
8.06976
6.39792
7.056
6.42528
6.64704
8.42688
8.18928
8.85744
9.26208
9.98352
8.35776
8.16048
6.52896
3.84048
8.8992
9.48528
8.86176
8.72496
8.82
6.41808
3.35232
3.93408
9.26064
9.85824
8.95392
10.78128
10.71792
10.27584
10.61568
9.80064
4.48704
10.85616
12.35808
7.57296
9.53136
10.05552
4.15728
8.73792
3.45024
9.19872
7.48512
7.69248
11.57328
8.80272
6.70464
11.89872
12.13632
13.84992
14.00688
13.54464
6.27408
13.11408
13.49568
12.83616
10.33632
10.33488
12.35088
14.18832
11.08512
14.94864
8.5176
8.65152
12.51072
12.0888
16.13232
15.20208
16.18992
16.38576
13.45968
16.0416
8.51184
15.66
17.23392
17.5464
15.97104
15.88896
18.1872
18.50544
14.34528
18.72576
17.64
13.87872
13.54032
4.90464
17.65008
14.69952
18.54288
16.5168
17.81424
17.35632
20.38896
19.044
15.31296
19.55808
5.64912
3.95136
14.00688
14.66784
9.06336
10.7208
17.51616
17.19936
15.69024
18.70848
10.76544
3.63456
9.7776
17.73072
18.46368
10.33488
19.20816
19.90656
10.8504
6.21216
19.8072
15.588
17.79408
16.00704
10.09872
12.31776
19.36656
21.0024
20.78496
21.03696
21.55392
21.384
20.62368
18.24336
20.11824
20.45808
20.39616
15.1632
12.84768
20.68848
20.71008
16.70688
9.69408
20.09808
19.50192
16.17984
21.63168
17.58816
22.05936
20.81952
21.99456
22.04496
21.78
20.84688
21.14928
20.89584
20.09664
20.02608
20.64816
15.45264
24.50736
24.94512
24.25392
24.012
23.64192
22.49568
16.48656
16.48224
16.54848
25.00704
21.69792
13.94352
22.4568
22.56624
17.5464
19.01088
16.52256
17.59536
10.42992
22.17888
20.52432
8.08704
22.8096
21.95568
21.88944
19.3248
18.01728
22.18464
21.71664
21.5568
21.41856
21.47616
20.84256
20.16864
19.53072
19.09008
13.02192
16.96896
20.76624
20.26512
19.404
12.45888
18.0864
20.40624
19.23696
14.4792
19.84176
19.07136
14.13072
14.06448
20.02464
15.8472
12.3696
18.21312
19.78128
19.13472
18.88416
18.93024
19.03536
17.8416
18.3096
18.89136
15.9696
12.68496
15.4728
16.53264
14.13504
10.09296
11.55744
17.41392
15.228
15.87024
16.77456
16.78752
5.99616
5.8608
14.26752
15.6744
13.57344
15.28848
15.62976
13.83264
15.28704
10.47168
6.67728
13.57344
1.32336
10.93104
9.66096
14.33664
14.14512
9.5832
3.50784
6.1416
10.31616
14.2056
12.05424
13.19184
7.1424
7.95312
11.86128
13.16448
11.42352
10.49904
2.76768
7.32096
10.3752
4.60368
11.99232
7.83216
12.20256
6.72192
12.18816
5.2056
-99
-99
0.69696
8.47872
8.47008
8.13312
6.02208
6.30288
7.18704
7.42032
7.5024
4.80096
-99
-99
-99
-99
-99
-99
-99
-99
-99
-99
-99
-99
-99
-99
-99
-99
-99
-99
-99
-99
-99
-99
-99
-99
-99
-99
-99
-99
-99
-99
-99
-99
-99
-99
-99
-99
-99
-99
-99
0.5256
6.1272
6.7608
6.00768
0.88848
1.71936
5.59728
5.8104
2.8512
6.94224
6.4296
6.69888
6.21504
3.15504
6.59664
7.9704
5.69664
6.98256
6.4584
6.44112
1.04832
0.95184
1.77696
1.12464
1.68048
0.63936
1.22688
5.76
5.99904
2.91456
4.82976
1.85184
6.20064
6.63408
2.30544
6.37488
4.9248
6.8472
6.83424
3.50352
3.64608
6.82992
6.9624
3.69648
3.78432
6.40224
6.39648
6.60672
4.81104
6.81408
6.61824
5.20848
6.09264
7.33104
7.5888
6.1848
7.05888
6.0696
8.94816
9.41472
9.4032
9.26784
9.44496
9.47664
9.58752
9.59472
7.93872
8.24112
1.56672
5.31072
8.10432
11.62944
7.9632
11.13552
11.53296
11.42064
11.36448
11.3616
9.23832
11.27016
6.41088
2.86128
3.7296
9.44352
6.4728
2.10096
5.96448
6.99552
13.2192
11.40624
13.40928
8.93376
6.13512
10.3428
12.48192
11.28672
6.28992
5.15952
9.41904
13.06368
13.42224
13.86864
13.28544
10.55808
7.272
5.76576
8.50176
8.5248
11.9232
2.26512
16.72416
15.22224
17.6472
4.04208
1.39248
11.24496
18.4608
11.9736
8.17632
4.176
17.11728
3.9888
8.56368
2.36448
17.13744
8.41536
7.9632
9.47952
19.95552
11.89008
10.85184
14.69376
19.74528
9.70128
18.81792
18.6768
20.48976
17.36928
16.07472
10.476
21.0888
22.71888
2.11104
7.14096
7.67664
22.41936
14.74704
8.97264
1.99728
3.72096
7.72128
4.53744
3.37392
22.89312
23.84352
23.256
21.37248
23.57856
18.50112
22.04064
23.11488
20.91456
20.7
6.6096
15.40944
23.20704
21.40704
16.40592
16.60608
23.2848
22.10256
21.6288
23.14368
20.37312
22.28112
19.06704
8.3592
8.3088
21.6
19.5408
8.41824
24.27264
22.1328
22.74192
22.068
23.05296
23.0544
22.68576
22.76784
22.57488
22.18032
21.73104
12.24576
21.88224
22.9032
22.72464
21.76128
21.63024
19.8648
20.37168
22.47264
3.6216
7.41024
9.97488
19.09728
16.9056
16.75296
15.96672
4.3488
22.06368
16.75872
21.53376
17.31456
20.06928
17.47728
14.5008
18.76176
16.88256
10.38816
20.97216
21.80736
21.47904
20.86272
20.1528
20.20608
14.9544
21.45456
18.13824
20.16144
21.25296
19.81728
19.89216
17.01216
11.77632
7.15392
9.29232
19.76112
16.27488
10.26144
18.85824
15.5736
13.43952
16.47504
12.24
21.94272
21.0744
20.34576
18.90288
15.5808
18.16704
19.02384
16.77168
15.62976
18.93744
15.39216
6.55344
14.75712
2.44368
15.01776
12.60576
4.61664
18.576
18.2448
18.5112
11.27664
19.15056
8.67312
13.27824
13.76784
17.99136
17.47152
12.9744
15.18912
18.32832
16.77024
9.82944
3.89664
10.76688
17.83152
17.44272
7.3944
6.09408
12.28752
15.50448
10.6992
6.63264
12.53664
13.49424
15.68448
15.66864
7.88688
12.43008
6.82848
4.37616
9.45504
8.79552
2.24496
7.84944
10.61712
10.84032
13.76928
10.2168
8.44416
1.5696
6.85296
12.37104
9.07488
12.23856
11.78064
12.00672
10.476
10.97712
11.3616
10.60128
10.11168
6.14304
10.83744
10.34784
3.68496
9.20304
9.42624
10.5696
3.79728
10.01088
6.02064
5.7096
9.28512
8.22384
6.4224
6.3648
8.71776
7.48368
8.95392
7.3656
7.51104
8.83584
7.0848
5.45328
9.7416
4.12704
1.76976
8.17776
6.60816
7.1496
7.28784
0.8496
4.41216
7.452
2.66976
0.4176
2.48112
7.90848
4.74624
5.3496
5.99616
7.15968
2.39328
6.96384
5.39712
8.60112
4.5648
6.00336
5.83488
4.2444
6.33096
0.5544
5.28624
6.09408
5.56848
1.62576
6.89328
7.02576
3.54096
3.37968
1.50336
2.71872
4.87152
5.0904
4.8456
4.97088
5.82768
4.85424
0.69696
6.24816
5.66208
1.04688
7.20864
3.33648
3.96
5.67504
3.132
4.49136
3.60432
2.91024
1.5408
4.68144
5.61456
7.7616
8.2008
8.90928
8.77392
8.80272
8.71488
6.3432
6.15024
3.42432
6.7536
8.64
8.13456
7.95168
9.10368
9.52848
2.98944
9.56016
5.41296
10.25712
9.96768
9.32832
9.98784
9.33984
6.68736
8.22384
8.84304
9.94608
6.98472
10.74456
10.28448
8.84016
9.7704
1.90944
1.09584
1.32048
4.98672
11.42352
9.91584
10.50192
0.99216
2.32704
7.81632
4.13856
5.56848
3.23424
0.2088
1.04832
6.38064
12.36528
10.31184
5.112
8.48016
12.94272
3.15072
10.3752
11.92896
10.30176
12.8664
13.38048
14.20848
14.07312
13.44816
11.9592
5.94576
14.45328
15.83136
16.06464
15.71904
11.25072
15.44688
10.88496
15.60096
15.99696
16.5888
14.90544
10.008
2.73168
10.86912
4.4064
12.8304
16.27344
7.31376
18.9792
18.50688
18.37008
18.8208
13.76352
3.29616
9.9432
19.44288
14.74848
11.96784
18.7416
0.7416
12.68208
12.53664
16.80192
12.7152
9.54432
11.41344
19.95552
16.26048
16.00704
16.92576
19.36224
11.03184
20.8872
20.82384
17.22528
13.22496
17.35776
20.09232
21.27312
19.06272
10.43712
4.88736
5.4288
12.03264
20.12544
21.3192
17.95968
20.13552
14.69664
20.26512
13.3128
6.0048
11.3544
22.0752
14.45472
23.2632
18.29808
20.75328
23.00544
13.37616
8.48736
12.3912
20.6712
21.40128
22.12992
22.21776
17.6328
21.2616
20.196
17.2008
21.28032
10.26144
20.93472
22.11984
17.2872
20.93472
21.42432
21.95136
22.63536
23.14944
20.53152
18.65232
17.316
16.21296
21.74832
23.09904
23.15952
23.41584
23.2776
21.3552
14.50944
18.4392
20.0664
17.61696
13.2192
14.5872
22.0824
20.91744
15.0192
12.6648
20.24352
7.88112
18.92304
22.69872
21.45888
10.77984
22.73472
22.24512
22.24944
22.2696
21.1824
19.6632
24.50448
12.32496
21.91824
22.7304
13.23216
21.04848
19.92672
14.60592
21.44592
17.17632
20.6352
17.2296
21.19536
21.41568
20.53872
21.28032
15.17616
21.50928
21.1464
21.2976
21.13344
20.88144
19.73808
20.07648
19.47168
19.5336
18.9864
19.14768
20.00448
18.75024
17.6328
15.35328
9.504
16.04448
20.14128
18.144
11.44944
11.33424
18.40176
17.028
19.63584
18.23904
18.06624
12.87648
20.57472
19.31328
15.228
9.47088
9.23328
11.83536
6.29424
12.7584
13.87584
3.91392
14.59152
15.66144
18.23184
15.95808
17.3016
12.89808
16.65072
16.99056
16.9704
16.77168
16.46784
13.28832
13.98528
11.51856
9.3456
13.64832
13.5072
8.41536
5.54256
0.94752
10.9152
6.50592
0.77904
11.93328
10.84032
12.94272
9.54
11.73744
7.72272
13.85712
11.07504
12.67776
12.48912
8.48736
4.26672
5.73264
7.10064
2.16288
5.076
0.19872
2.8008
0.66816
11.02032
7.28928
4.2696
11.952
10.91664
7.88256
0.25632
2.19888
3.81744
7.80912
7.48224
1.14192
9.49968
9.34848
9.81936
9.504
9.29952
5.93136
8.98992
2.19744
2.37024
1.43712
3.5784
3.7152
6.75504
4.87872
1.73808
1.98
3.86208
7.27488
5.17392
3.41856
6.90912
0.91152
0.97632
7.19856
6.26832
6.33456
7.37856
7.1568
6.02064
4.2552
0.9
6.1632
3.21696
3.34368
1.21104
4.87008
3.81888
5.53536
3.636
5.42448
5.5584
5.59728
5.33808
4.0608
5.82048
5.54256
1.30464
1.78848
3.23856
5.24592
1.67184
5.78016
4.59936
4.08096
5.54832
5.31792
3.61584
0.8496
3.4344
5.52672
6.10848
2.64672
6.22224
6.57504
6.44256
6.31008
6.30432
5.87952
5.1624
2.7864
5.79744
4.74336
3.27168
3.1464
2.85696
6.85152
5.38992
6.07104
4.62528
6.95664
3.63456
6.30288
2.3904
6.79536
1.19664
6.31584
6.408
7.7184
9.14832
9.12096
3.12624
4.6152
7.99344
7.76736
8.14752
7.57008
5.26176
7.52976
8.11728
8.0712
9.47088
10.13328
10.11312
8.5392
9.36864
7.84944
10.20384
1.75536
11.08512
7.91856
9.3168
1.83456
2.09376
11.55312
6.91056
1.5048
1.40832
2.0376
9.99648
12.20112
5.90832
-99
10.11456
11.86128
10.53648
4.32864
9.23904
12.89664
6.82848
12.95856
4.56336
12.90528
5.01264
2.8008
8.39664
10.65168
11.96208
13.42224
7.68672
10.74816
13.59504
12.37968
12.54528
14.7384
14.19984
13.07088
8.19072
2.50848
9.55728
1.3752
5.45184
6.5376
16.35552
8.80992
15.97248
17.06832
16.98768
17.79696
9.96192
1.54368
15.20784
12.75696
17.00784
8.61984
19.25856
7.59168
15.9408
2.53584
11.24208
11.83824
20.1384
16.58304
19.73088
2.628
18.85824
20.2176
20.45664
19.30464
19.90944
9.98064
3.47328
11.74608
11.2104
8.41968
1.45008
15.21792
18.7632
21.86208
21.4632
21.55104
16.36272
7.0488
3.39984
12.816
20.85552
8.88912
19.94256
21.23568
20.04768
21.66192
14.17536
22.33296
21.31632
14.63472
16.54848
19.03968
17.5176
16.56576
15.8112
16.26624
19.35792
11.98512
13.40496
20.26512
20.32992
22.18032
20.99664
21.73392
21.80304
18.7344
20.85264
21.27312
21.35376
19.11456
18.33984
17.53488
16.64784
13.02336
14.87376
22.40496
22.27536
8.6184
18.3024
18.0216
16.54128
14.94144
17.03808
16.6536
21.0312
21.99024
18.85248
21.4128
21.62592
18.78048
20.42784
11.23056
20.556
13.66704
13.47696
21.46176
23.04288
22.36032
15.70176
5.5224
17.16336
21.88368
17.51472
21.56112
20.48256
17.04528
18.31392
18.88128
12.98592
10.29744
20.63952
15.38064
17.18496
19.82016
18.89568
17.2584
18.81648
13.48128
18.68688
19.68048
18.4896
13.36608
17.52912
10.85472
20.65896
17.04168
17.65584
18.58752
16.06608
18.02592
19.91808
18.85392
18.17856
16.43472
16.14096
15.22944
10.44864
19.39968
17.0712
14.66928
19.56816
12.87216
10.404
13.2336
15.74352
18.54
13.59936
8.78256
5.4288
10.30752
3.66912
11.17728
1.2888
7.65936
14.2632
9.59328
13.21056
12.13056
11.87568
15.48288
13.98384
13.05792
11.14848
9.25344
9.16416
8.18928
13.98816
15.4368
15.51024
14.33376
9.44928
14.45616
10.35792
16.19424
15.38352
17.03232
15.61392
14.62464
14.7168
10.09296
11.88288
13.75632
10.53504
13.3128
13.15728
11.86128
11.24496
10.26288
11.53152
11.1456
11.66688
12.77136
8.89776
12.4128
11.052
7.32528
10.60416
12.0744
5.0688
8.11728
10.2096
8.55504
10.80144
11.42208
10.04256
4.17312
7.04736
2.54016
8.29296
9.38592
5.43888
5.35248
3.98592
9.95616
6.90048
6.15168
4.37184
8.57664
8.35776
9.2088
8.43696
7.94304
7.43904
6.55776
9.01296
9.07056
8.136
8.46288
8.2584
8.2872
8.01072
5.97024
5.84496
5.52384
5.40864
7.70544
5.92272
4.30416
7.32096
4.62816
3.71664
7.33104
3.75552
7.0632
5.98752
2.03616
3.74112
4.02048
2.24064
4.87296
1.47168
3.5856
6.90048
5.19696
6.14736
3.79584
5.08464
5.90112
6.09984
6.96528
5.9832
6.33024
4.8384
6.43104
6.11136
6.73056
2.41344
5.44032
6.31872
1.60128
7.23096
6.07176
7.67952
7.76592
7.83216
7.81488
7.5924
7.2108
8.14176
8.09424
8.1216
7.64928
4.29696
8.81136
7.96176
7.75872
8.14176
8.43552
4.9248
8.41968
7.68672
8.82144
8.68032
9.0504
8.73648
9.14544
9.03456
6.63552
9.02448
9.20592
6.49152
8.88768
9.70416
8.55504
9.41616
8.65872
9.79344
7.90416
7.86816
3.32928
2.24496
6.63984
5.02272
9.26784
10.16064
9.08208
11.1312
11.42352
11.87568
11.52864
11.6712
11.83824
12.18096
8.83728
12.82464
4.81824
10.63584
7.06464
6.6024
10.04112
13.52592
7.97904
9.60336
7.80192
13.77792
12.25296
14.02416
12.312
15.0984
14.6952
14.55984
13.8456
1.50192
12.96144
13.74624
10.00368
4.34448
9.30528
14.52672
15.93792
16.01424
15.0624
2.97648
7.75728
3.15216
11.124
4.48704
11.03184
16.09056
14.35824
14.85216
17.5032
17.43408
16.44768
3.56688
6.768
9.4464
7.90272
17.02512
14.68944
6.33456
17.97696
17.7912
15.99552
17.20368
16.56432
16.2432
7.63344
16.62768
17.07984
16.97904
18.44784
18.5688
9.14832
8.67744
15.90192
10.18512
21.09024
20.7216
20.21184
20.92752
19.74096
20.556
18.53136
6.84576
17.3592
15.12
15.31728
12.90384
19.94688
19.82736
15.18912
12.37536
16.79328
16.34976
14.36688
21.76704
20.15712
16.86096
5.15664
22.19904
21.9024
21.56256
16.31376
16.8048
22.6872
21.10176
22.51296
22.87296
22.56192
20.57472
19.07712
9.59616
10.6488
11.13984
20.57904
20.18592
19.38384
20.48688
21.09888
19.89504
17.2728
19.63152
17.94096
13.91328
14.34528
8.3376
12.1608
19.54368
17.26128
20.75616
21.97152
21.81168
19.03968
16.06608
20.27376
19.39536
14.44032
20.55744
21.26448
15.85008
7.65072
21.5856
21.20544
16.80768
18.74736
21.31776
13.176
21.33072
21.57984
15.41952
19.10736
8.60256
18.04608
21.70512
21.7728
21.24
21.09456
20.05632
20.54592
15.96672
19.16352
21.5352
20.51136
20.45664
19.19376
17.86608
18.38592
11.60928
13.35168
19.34208
19.40112
14.05008
12.708
15.0336
2.5704
5.90832
21.32928
20.88864
20.35728
20.31408
19.05696
10.1736
12.79584
10.02384
9.10224
19.3968
18.32544
18.87696
14.03712
7.09632
11.93904
10.46592
8.00064
16.32816
19.02528
19.3104
18.95328
16.47792
1.20384
7.57728
5.28624
10.99296
16.09632
18.71424
17.97264
15.7104
18.1296
17.86608
16.58304
7.22736
5.60736
1.88208
2.92176
17.36208
18.10368
16.72272
14.4576
-99
-99
8.54352
16.23888
4.73328
17.37504
17.52336
17.19648
16.83648
15.69168
11.94912
13.12704
9.11664
7.64784
14.63904
13.3848
12.02112
14.18256
12.68208
13.08672
13.72896
15.01344
11.04192
5.84208
13.74624
10.47312
12.09312
5.292
4.36464
8.0424
5.62752
2.96208
-99
-99
8.91504
4.53456
12.32352
11.61792
12.1392
10.84032
6.12576
11.76336
10.03968
8.8776
7.87392
7.55136
9.54864
10.00512
6.92928
8.5464
9.38304
9.59472
5.49792
10.26864
10.88928
10.35648
7.4016
2.11824
3.67488
3.7008
5.86656
5.34384
8.96976
7.09632
9.25776
9.21024
7.17408
5.91984
3.36384
6.9192
5.5512
3.67344
9.01152
4.21488
7.8984
0.02016
8.80272
8.47296
9.38736
7.83648
4.0752
8.60256
6.43392
8.67888
7.45776
8.22096
3.95424
8.60256
8.43696
8.57808
3.67056
4.09392
7.52688
7.69968
8.0136
7.51248
3.26736
7.99632
7.7184
7.97904
8.14608
7.9848
6.10992
7.30944
8.03232
5.51952
7.3152
7.51824
3.87648
4.1184
7.92288
8.1
8.38224
8.20944
4.07808
6.11712
5.60304
5.2992
7.36416
6.38064
7.35408
8.9352
6.0048
8.50896
3.48192
5.9976
8.74656
6.7032
3.636
8.0352
4.04496
5.75136
8.90352
6.39504
8.30448
6.3936
1.13616
2.196
5.84064
2.04048
6.61392
9.38592
9.46512
8.42832
4.9968
9.73584
9.97776
9.76752
10.1232
9.72432
7.14096
4.82544
5.472
9.52272
9.75024
8.892
7.44768
11.62656
10.90512
9.13248
10.58112
9.16416
8.72208
8.73216
5.50656
12.45168
1.728
12.32928
13.63104
10.65168
13.9608
12.7512
6.23232
5.81184
14.59008
13.536
10.28304
9.06192
14.28048
14.86224
14.57424
1.82304
9.48384
11.55456
4.55472
4.35168
3.54672
3.50208
7.9776
8.95248
12.01824
11.82096
15.31584
15.56928
13.80384
12.01968
17.51616
12.71808
13.46112
15.83136
13.61952
17.532
13.88592
15.76368
17.0496
6.48
7.04592
17.39232
14.0616
15.35904
17.74224
19.12608
19.2312
15.34464
12.26736
15.81552
3.46176
16.2576
17.50032
10.76976
6.10848
16.03008
10.01232
17.30736
18.80352
17.08848
10.65888
20.72016
21.03696
17.32608
18.72144
20.07648
10.27008
9.88992
14.75856
20.268
15.73056
14.91696
19.8072
15.38064
14.41296
18.62352
16.49376
20.07072
19.95984
18.38448
19.36512
12.92832
21.14928
17.45856
20.39616
18.45072
10.40256
22.90608
20.00592
22.0608
21.70224
22.37328
21.87072
18.02592
10.53504
23.69088
19.68336
23.13792
22.95648
22.75776
22.9464
21.87648
21.35808
17.7912
13.36464
22.66128
22.81968
20.5416
21.04992
17.73504
15.00912
20.99376
21.05712
16.48512
10.53648
19.45152
19.42704
19.88496
20.11968
18.4176
21.4632
16.02288
16.43616
21.0744
16.70832
19.10304
22.17168
21.15504
21.4776
17.0064
15.18768
22.57632
20.95488
18.51552
21.65184
18.19008
12.42576
10.548
17.98704
17.81136
17.98272
18.27216
20.5704
18.05328
19.63152
21.36096
20.51568
20.55456
18.24912
19.73664
20.82672
13.5216
16.44768
21.06864
19.82736
19.48752
15.9192
20.22912
15.13872
19.44144
18.40608
14.24736
19.90368
15.6672
20.11104
19.57104
15.48576
14.35104
14.69376
10.44288
3.80448
15.1992
12.11328
18.05616
15.03504
16.5816
19.31184
17.87904
18.00144
10.57392
17.13888
14.6376
17.78256
14.45904
17.41536
13.43088
13.84848
15.03216
3.92832
16.37424
15.95664
15.6024
12.492
11.98368
12.43872
15.14736
14.5296
14.52384
9.31248
8.69616
3.132
15.6096
7.63488
14.80464
12.84192
13.53312
14.6664
9.8928
6.10416
0.99648
8.01936
14.85216
14.9616
14.21568
8.43552
12.34944
12.09168
13.48848
10.17072
12.13776
10.81728
12.47184
12.13344
11.91888
1.0944
2.68704
8.86464
4.64976
3.25584
9.03744
12.01248
9.9936
5.71968
5.70816
1.86624
7.74432
6.26112
10.92672
8.55072
4.83264
10.02672
6.372
7.31952
9.0792
9.64224
6.98256
9.50112
8.39952
6.66576
2.19312
2.14704
3.75408
3.64176
9.49824
2.94768
4.34736
7.84368
7.83936
3.7152
5.66784
8.45136
8.352
5.85648
2.12256
2.74608
7.49808
8.01216
5.39712
3.93408
7.4376
7.18272
5.45184
2.4984
4.60368
7.0632
2.58624
3.07872
7.05744
6.73056
2.3184
6.68304
6.72336
5.98752
0.5256
5.31216
3.32352
6.98832
4.25664
6.85008
6.34176
5.3496
6.7176
2.14128
5.76288
5.00832
1.73664
6.61104
3.96432
6.62544
4.11696
3.88512
3.95568
6.40224
6.56064
6.41376
6.58656
6.64704
6.31008
6.39216
-99
-99
-99
-99
-99
-99
-99
-99
-99
-99
-99
-99
-99
-99
-99
-99
-99
-99
-99
-99
-99
-99
-99
-99
-99
-99
-99
-99
-99
-99
-99
-99
-99
-99
-99
-99
-99
-99
-99
-99
-99
-99
-99
-99
-99
-99
-99
-99
-99
-99
-99
-99
-99
-99
-99
-99
-99
-99
-99
-99
-99
-99
-99
-99
-99
-99
-99
-99
-99
-99
-99
-99
-99
-99
-99
-99
-99
-99
-99
-99
-99
-99
-99
-99
-99
-99
-99
-99
-99
-99
-99
-99
-99
-99
-99
-99
-99
-99
-99
-99
-99
-99
-99
-99
-99
-99
-99
-99
-99
-99
-99
-99
-99
-99
-99
-99
-99
-99
-99
-99
-99
-99
-99
-99
-99
-99
-99
-99
-99
-99
-99
-99
-99
-99
-99
-99
-99
-99
-99
-99
-99
-99
-99
-99
-99
-99
-99
-99
-99
-99
-99
-99
-99
-99
-99
-99
-99
-99
-99
-99
-99
-99
-99
-99
-99
-99
-99
-99
-99
-99
-99
-99
-99
-99
-99
-99
-99
-99
-99
-99
-99
-99
-99
-99
-99
-99
-99
-99
-99
-99
-99
-99
-99
-99
-99
-99
-99
-99
-99
-99
-99
-99
-99
-99
-99
-99
-99
-99
-99
-99
-99
-99
-99
-99
-99
-99
-99
-99
-99
-99
-99
-99
-99
-99
-99
-99
-99
-99
-99
-99
-99
-99
-99
-99
-99
-99
-99
-99
-99
-99
-99
-99
-99
-99
-99
-99
-99
-99
-99
-99
-99
-99
-99
-99
-99
-99
-99
-99
-99
-99
-99
-99
-99
-99
-99
-99
-99
-99
-99
-99
-99
-99
-99
-99
-99
-99
-99
-99
-99
-99
-99
-99
-99
-99
-99
-99
-99
-99
-99
-99
-99
-99
-99
-99
-99
-99
-99
-99
-99
-99
-99
-99
-99
-99
-99
-99
-99
-99
-99
-99
-99
-99
-99
-99
-99
-99
-99
-99
-99
-99
-99
-99
-99
-99
-99
-99
-99
-99
-99
-99
-99
-99
-99
-99
-99
-99
-99
-99
-99
-99
-99
-99
-99
-99
-99
-99
-99
-99
-99
-99
-99
-99
-99
2.12976
0.76752
2.74032
6.16176
7.08048
7.40016
4.31712
7.41888
7.45344
7.0632
7.128
6.74496
7.60176
5.24016
1.39248
5.68512
4.6872
6.91776
5.71392
3.06864
3.35952
2.5056
6.61968
8.41536
7.7904
3.59856
5.7816
5.09616
7.51392
8.17056
7.67088
8.70336
8.70336
7.22304
8.54496
7.45776
8.6688
8.90352
9.50832
9.68976
8.9352
9.49536
9.54576
5.08032
5.436
4.51296
9.4536
10.24416
10.66176
10.56096
10.872
11.00448
11.20464
5.56704
8.2656
7.44912
5.90544
10.77264
9.5256
6.12432
2.48544
1.55376
2.3112
7.89984
11.60784
12.61152
7.55568
3.52368
6.66144
10.65744
8.39232
9.21168
10.97856
14.36544
12.73248
12.42432
15.57216
15.79392
12.26592
15.62544
8.64576
8.28
14.97024
10.18224
12.20544
-99
-99
-99
-99
-99
0.94464
17.32752
15.13152
12.0672
17.3232
17.98272
18.26496
12.14352
10.92816
10.25856
13.34592
14.83056
18.59328
19.56816
17.02224
19.19376
11.1456
18.79632
19.4616
3.47328
12.83904
7.81488
16.3008
11.54016
18.144
15.80544
17.99568
20.7
17.07696
12.60288
8.58672
18.036
4.81392
16.69104
22.45392
21.51792
21.72096
21.1176
21.71376
19.78992
3.77856
14.57712
23.0256
22.6944
21.93696
22.62384
23.09472
14.65344
21.1824
21.25152
16.35984
2.29536
1.45008
13.75344
11.55744
21.41424
8.05968
14.74416
12.95856
7.65072
16.5528
7.08912
23.34384
23.44176
12.168
15.084
19.0656
2.60352
13.8312
9.43632
11.3472
22.23216
23.69952
6.61824
11.31984
13.7952
19.42992
23.70816
12.29184
24.2352
16.8408
16.8984
14.87664
9.2952
13.44672
24.34176
20.11104
6.6888
8.68608
13.13136
9.84384
-99
-99
-99
-99
-99
22.81968
13.88448
22.69296
23.90256
17.54352
24.0408
23.98608
13.30416
23.60448
18.97056
17.90928
22.09824
23.84784
19.24416
13.47696
19.01232
18.55584
21.89664
20.02896
10.0944
24.35328
18.82512
23.28768
17.93952
19.98432
21.99456
23.38272
19.10448
19.21824
23.16384
21.08016
20.22336
21.6
22.35888
22.44096
21.63024
18.59904
22.7232
22.69584
20.85696
22.608
22.38192
21.5928
20.13264
20.77488
16.12656
22.02768
18.93744
20.65248
13.29408
20.84256
13.35312
11.83536
22.1256
15.49152
15.85872
20.15712
19.38816
10.35216
13.09968
9.17568
4.39488
20.41488
9.50688
8.97552
19.03968
18.79488
19.23552
18.58176
12.54384
14.60448
15.93072
14.41152
15.5448
14.04864
8.1432
13.84128
17.7768
8.69472
14.6808
13.60944
12.07152
17.7192
17.89488
17.712
17.2584
5.49936
5.98464
10.67328
14.56848
8.55648
2.016
3.40416
7.28352
11.63808
9.11088
14.66064
14.90256
12.73968
13.1904
14.26032
14.49792
11.01456
13.77072
14.5296
14.1624
11.98656
6.912
4.5648
12.39984
9.53136
2.13984
6.21504
6.17328
11.30688
9.54288
7.21296
1.07568
8.30304
9.65808
10.89648
5.93856
4.70304
10.16208
9.89712
11.0952
10.73376
0.66096
1.1376
6.01488
2.91024
5.61888
2.5272
10.18368
8.17776
6.38784
5.2632
7.34976
5.60592
8.8056
7.07904
4.71888
1.71072
9.2664
9.37728
8.90064
8.9856
8.99712
4.09248
8.2872
8.51472
8.33184
6.16608
8.01648
8.42544
7.94736
8.2872
3.63024
7.43472
4.12128
5.18544
8.10432
7.5888
5.10768
3.85344
7.2216
4.72032
2.44656
1.59264
2.17296
5.54832
7.50528
7.12368
5.79456
6.20064
4.17456
3.25008
5.90976
7.3224
6.37344
5.35824
7.25616
7.38432
6.80544
6.92208
7.27632
1.76544
2.0736
1.14336
0.81648
2.988
4.62096
5.01696
2.17008
1.55664
5.72544
6.72336
2.1888
4.48848
5.2056
2.13552
3.492
7.78176
7.9632
6.06096
7.99488
7.84656
6.17472
7.03584
7.38432
6.47136
8.31888
8.76528
4.35744
5.10624
7.96608
8.60544
7.55856
9.53136
7.94304
5.43744
2.18736
1.19808
1.60704
4.44528
8.41248
9.70272
4.21632
5.7888
8.77248
9.25632
7.57728
6.09264
9.40464
7.98912
10.29744
11.32992
5.35824
5.00832
11.43072
11.91024
11.24784
7.10352
9.5544
12.48192
12.49488
12.0672
6.54624
12.96288
13.22352
5.42304
2.9376
4.64544
3.61872
5.44176
11.5128
15.1992
15.14016
15.0696
8.74368
15.28416
9.33408
13.7448
15.48144
14.93424
15.45264
15.86304
16.3872
16.2216
16.24464
16.72992
12.31344
14.26752
17.68464
15.85584
17.82
17.76096
17.59536
2.37168
10.0152
5.27904
3.65904
8.0208
4.1976
14.76144
14.27472
17.83152
14.55696
3.40272
6.52896
19.00656
3.9168
12.22704
8.55216
19.20384
19.41984
14.3208
13.92048
18.03168
13.28112
15.04944
17.67024
19.97712
21.32784
22.5504
20.43792
17.70192
14.95584
22.37904
19.56816
22.72176
16.14672
17.5248
23.23872
20.15136
17.63712
22.96944
23.34384
22.27104
18.04896
16.00416
18.49536
14.1624
21.6864
10.69488
5.91408
22.01472
24.05376
23.05728
22.1688
23.88096
19.9152
21.92688
9.08784
13.4352
14.50656
17.78256
24.51168
24.62256
23.2848
24.35904
24.69888
22.26672
24.10272
24.31728
23.82192
18.1584
6.65712
19.28016
16.5384
15.50736
22.15728
22.71456
24.2928
24.7464
23.1912
21.03264
15.95088
18.52128
23.8536
22.95648
13.67568
17.21808
24.7104
24.89328
20.5992
21.02976
21.00528
24.37776
24.14448
22.81824
23.32656
22.81392
23.95584
23.13792
22.65552
24.37632
22.356
17.72928
11.33568
5.23584
3.01392
14.40144
12.18672
23.44464
23.79312
18.19872
19.29456
23.01984
20.808
25.10928
23.57568
22.43088
21.78
20.24928
22.3992
23.41584
23.7456
23.23152
19.2816
22.53888
22.63104
22.67424
22.1688
12.15216
19.66896
12.05712
20.51856
21.93264
21.81456
17.70336
16.45488
11.40192
18.48672
20.83392
20.90448
20.6568
20.69856
21.04416
21.12048
20.8584
20.2824
21.3192
20.68128
19.96272
19.56672
19.89936
18.92016
6.28848
16.98336
18.60624
18.42336
18.37584
14.97312
10.2744
13.88304
9.54144
13.32144
10.22544
9.40896
14.89392
18.24192
16.77744
18.1512
17.37936
15.07392
14.02416
8.1144
11.61072
3.30336
16.02144
9.59904
10.1736
14.93136
11.46384
13.99968
8.20944
14.79024
15.85872
14.9832
14.14944
13.9392
8.03808
12.86208
10.32336
11.37456
14.36688
13.10112
13.53456
13.50576
13.54896
10.93104
8.68176
9.53712
10.44864
13.4928
12.69936
13.77504
12.03552
10.77552
13.05072
13.04352
11.8224
4.02048
0.72288
7.18128
1.0008
11.772
11.48112
7.16688
5.66496
7.61616
6.57504
9.56592
10.19232
5.72112
8.86752
5.42448
10.5624
8.55648
7.3584
10.00944
8.29584
8.93232
7.7688
7.3224
5.87664
6.10416
6.732
6.73056
7.992
8.48736
5.67936
6.50016
4.17168
7.39728
4.95648
6.40512
7.99488
7.49232
7.68096
7.29936
3.9456
7.85664
2.41056
5.29488
8.21376
6.18912
6.34032
5.50368
6.79104
5.9832
4.16304
7.272
6.51744
6.95808
6.84576
2.62512
0.95328
1.60992
2.73888
3.89952
2.78784
6.31296
7.5096
7.30656
0.54288
0.9864
0.78768
0.90864
6.8544
1.11168
6.0048
3.42864
3.1032
4.70448
5.38992
6.9552
3.6144
4.82544
2.43936
1.1376
7.66512
1.1952
1.40256
5.73696
7.452
6.85008
3.48624
7.50816
3.9456
8.20224
5.42448
1.99728
2.08368
1.25136
7.86672
7.8768
8.424
3.37248
4.32144
1.3536
9.24624
4.93488
9.55008
6.68016
9.65808
6.08976
10.20528
7.4304
10.13328
2.20608
9.8136
10.64448
10.63872
1.7352
2.53152
11.57184
10.65456
10.90368
9.39888
11.29104
3.53952
2.97072
5.19552
10.5408
8.39088
12.76128
3.04848
5.08752
8.85168
13.00176
5.87376
13.59648
2.71152
8.79552
12.19248
10.86768
1.41408
13.12128
9.12096
14.69088
4.25376
3.20688
16.07184
15.70896
12.60864
5.56128
14.86368
16.3512
16.07184
16.29072
16.77024
12.38688
11.95488
11.59488
5.13072
5.72832
12.92112
4.90464
6.03216
18.73584
18.67392
14.73552
10.7856
18.80352
18.00432
13.284
16.7472
15.0408
15.04944
14.94864
13.69296
2.25792
14.64048
17.8704
19.83024
20.12832
3.59136
6.91488
6.97824
11.53008
10.5696
13.0248
10.79712
13.59072
19.99296
19.20384
6.98544
16.84944
16.75008
19.76256
18.6552
21.63888
22.28688
20.83824
19.18656
10.64448
15.13872
2.62512
7.65216
14.976
14.00544
17.52768
14.40288
9.8856
15.01344
21.99024
7.86384
12.38256
7.64208
22.9608
24.74352
24.41808
23.77584
20.83536
23.92272
24.00912
21.69504
23.724
25.09056
23.37984
22.40064
20.09952
8.30016
21.17376
21.84912
19.67328
15.0984
13.48128
24.948
24.8184
24.3216
7.74
23.67936
18.04896
4.6224
17.43264
8.8128
23.66208
23.73552
13.10976
19.116
24.372
21.70512
21.84336
19.05264
24.77952
25.99056
23.60592
24.36624
24.81408
24.59664
19.98
23.60304
20.19168
20.62944
23.8896
24.2784
24.40512
22.31712
16.56288
22.88592
24.40368
24.08976
22.84272
19.61136
22.68
22.9536
22.56624
23.68656
21.75696
21.7512
21.40416
23.28336
23.60736
19.97568
21.61584
20.25648
10.36512
18.19008
24.9264
23.38992
22.90464
23.21856
22.932
17.14608
13.75488
15.9408
16.32672
15.83136
12.79296
19.52784
19.93536
21.28464
22.284
19.09152
18.45648
15.85152
18.38736
14.99328
10.28016
15.31872
17.32608
13.4928
18.93456
20.77344
6.5808
19.95552
20.57616
21.07008
17.35344
17.95536
20.15568
19.86624
19.89648
20.39184
19.78416
18.47088
16.11936
5.35968
6.95808
18.05616
16.91136
16.37136
15.8328
11.03472
19.296
18.73296
13.36896
17.70912
16.73712
18.14688
16.97184
15.984
7.48512
3.37104
5.15664
17.3304
3.22416
6.46848
13.51872
8.3736
14.33664
16.54416
13.35744
15.73632
9.80496
15.49728
13.06224
8.99136
8.3736
9.51408
12.1464
14.01696
14.1624
12.64176
6.58656
6.5664
4.15008
8.6616
3.04848
4.61664
12.54816
12.93408
12.25296
13.40352
13.48128
13.07664
12.65616
8.22384
9.34992
9.47808
10.06272
12.19392
12.05856
11.28816
9.3672
7.45776
5.79888
8.14032
5.21568
10.51488
10.3464
9.94176
9.0144
9.61344
5.17248
3.73104
9.38016
7.99632
9.64224
9.1224
8.47584
6.93216
7.04016
9.3672
3.86352
8.25264
2.988
3.36096
6.14448
8.49168
8.61264
7.71264
8.05392
8.45712
7.54272
7.20864
2.49696
2.03616
5.30784
5.11056
7.29072
7.58592
2.28672
4.17744
4.29984
4.9248
3.59568
7.23312
7.27344
5.62608
2.59776
4.87296
7.48656
7.61616
4.24224
7.0776
4.5288
6.93936
0.612
1.01232
3.41136
7.40736
7.65216
7.8624
7.17552
6.50736
5.64912
2.49264
2.54304
2.75616
7.25184
6.37488
4.49712
4.36896
3.80592
6.58368
7.41024
5.24016
7.75008
7.35264
7.7256
8.01216
8.01792
8.04672
8.05392
5.97168
7.4016
5.43888
7.76736
9.11376
8.83296
8.82144
8.86896
8.92224
8.95824
2.17008
2.51136
8.24976
4.1184
8.0712
10.02096
10.51056
9.12528
10.19952
10.22544
10.52208
10.3464
10.66464
10.7856
10.54656
9.64656
9.4968
9.75168
5.15232
2.89872
11.2824
0.89712
12.53376
8.6544
8.16912
8.90208
10.06992
10.61568
11.6496
12.94704
3.72816
13.83696
11.7288
14.15376
10.36224
1.91376
7.94736
12.51072
14.73696
14.69808
7.0344
8.48448
14.82048
11.92896
0.92016
12.74112
2.07504
1.62576
10.22832
14.68656
16.61616
16.10928
14.56992
15.74064
10.47888
16.82352
16.6968
14.80464
15.56496
13.94496
17.44128
8.8056
11.5632
17.67024
18.34128
18.56736
10.28016
16.452
18.32112
19.2744
19.7064
19.46016
19.42848
18.78768
18.57744
19.97136
11.17728
8.0136
19.25424
16.99632
20.6424
21.3192
9.70416
9.27936
16.98912
5.17968
14.97888
10.15488
8.57376
16.29216
21.75552
18.3528
12.16944
22.16304
19.872
10.31904
17.99424
18.96192
20.1456
21.5712
6.64848
13.80672
21.05424
18.936
23.22288
19.72368
22.51296
19.07568
24.17472
24.12432
24.01056
23.1336
21.74832
24.19776
24.00192
23.39856
24.10704
23.508
24.3648
20.45664
13.08672
16.344
18.71136
18.07632
7.19136
23.01552
14.08176
11.72448
12.35376
9.43056
18.49536
9.06192
12.29472
13.68
6.70752
19.21392
21.29472
13.7304
24.732
24.41376
22.56192
22.6512
19.008
23.7456
14.45328
22.90176
24.53328
20.84544
24.61392
21.78432
25.17984
25.03152
24.3792
22.40064
24.21216
24.63408
22.85568
17.25552
10.152
20.052
19.97136
21.80448
21.636
21.43584
21.87504
21.59568
9.64224
22.95792
14.64624
22.73184
18.77472
15.05952
20.17296
23.74848
23.46624
20.70576
8.40528
18.13392
16.39584
18.37872
15.12
15.90192
17.83152
8.1432
15.408
19.17792
9.88992
19.1016
19.68624
21.43728
15.36048
15.18048
13.53168
16.37136
22.22784
19.7136
18.51984
20.088
17.29296
18.12096
20.02752
20.14416
19.90368
16.30944
20.1456
19.86048
20.16
16.67664
19.2168
16.00416
16.60176
13.71168
20.16
16.65648
12.54672
15.40944
12.43584
17.19792
14.41584
8.86752
12.06144
10.94976
17.0064
17.39376
17.4024
16.80048
16.6824
11.92608
13.95216
16.48224
15.81984
16.25616
15.91776
11.48112
8.49744
16.20288
15.696
15.36192
14.96448
13.48848
6.70032
14.66208
14.56272
14.40144
14.33808
13.77216
13.81248
13.932
13.94784
13.60944
13.44816
13.32576
12.564
10.58976
12.61296
12.99744
12.78
12.61152
12.492
12.1176
9.87408
6.98256
9.3816
8.78544
11.37024
10.07856
9.15552
5.7528
7.84656
5.96736
3.46752
11.46528
10.03248
1.08432
2.98656
4.716
8.32752
4.94064
6.02496
3.58272
1.52064
1.61712
6.27552
1.89792
9.12384
7.40592
8.88336
8.33904
8.93232
6.9696
3.7008
3.35376
1.5984
4.90032
3.32352
6.83712
4.87872
3.744
4.2912
2.02464
7.85952
7.43904
7.73856
8.06976
6.33312
6.15024
5.25888
7.3008
7.28352
5.07888
6.60528
7.42032
5.56704
7.4736
7.37856
6.948
5.48208
6.5952
5.94432
6.03648
6.05232
5.65776
6.06528
4.2192
7.18848
7.34544
6.27552
6.07392
3.82032
6.3072
7.67376
6.47568
7.70688
7.48944
5.28048
7.82928
7.75296
7.6824
7.87248
7.64928
7.69104
7.72704
7.28352
3.44016
6.29856
8.29008
8.33328
8.16624
7.7688
5.37264
7.61184
7.72848
5.1768
5.45904
2.94768
5.57856
8.172
8.1144
8.4312
8.64
8.64144
9.16128
8.96112
8.90928
7.63632
2.04624
3.17088
7.6824
9.83088
4.76496
0.80352
3.0744
10.15632
10.67328
2.77776
11.01744
11.24064
8.04672
11.04912
11.2608
11.79504
11.72016
11.65392
9.22176
11.9736
12.20976
6.36048
11.88864
8.62416
13.0968
12.56544
12.96432
13.22928
12.53088
12.18528
13.57632
11.59056
12.97584
13.29552
13.75344
13.34304
11.54592
8.38944
15.28272
12.77424
14.58
14.64336
14.74272
15.42528
15.61392
15.49296
15.67728
15.42672
16.01856
16.6536
15.99408
17.0856
16.27488
13.89024
1.43424
6.01488
16.07328
17.35632
17.64288
16.34256
16.32672
17.98272
17.89344
18.78624
18.00144
18.4464
17.0208
6.36912
2.7072
5.37408
10.11888
19.63296
20.43792
12.93552
8.49888
17.928
6.68016
16.40448
12.42864
15.18192
20.36592
21.66768
11.8008
15.92352
19.67328
13.60944
14.82624
10.06128
22.10688
16.38288
21.15216
7.66512
9.03744
22.60656
15.12144
23.17536
22.88736
22.68432
16.44192
19.42848
14.12064
17.56512
15.97104
23.03424
23.27184
23.49936
21.78576
19.68912
22.35888
23.93136
16.86816
4.64688
16.68528
10.71936
8.42256
9.11376
15.26256
24.01488
23.70672
23.57856
19.45872
23.7888
23.48208
22.66992
24.07248
23.544
24.06384
24.20496
11.88
21.05712
24.34896
20.97216
20.89728
20.09088
17.54208
14.93856
12.23424
26.02512
16.45344
19.9872
25.0632
24.9264
23.724
22.03056
10.22112
23.95728
24.44688
23.10768
24.05952
24.12432
24.84864
24.18624
23.20272
23.14656
23.3208
19.908
4.09824
24.44256
23.33808
22.20624
13.16016
17.85744
13.85712
15.7608
22.28112
19.12752
20.73744
24.66144
22.25808
19.47312
16.66944
24.05952
24.0264
24.44976
23.92704
23.2128
15.98688
19.37232
18.27648
23.19696
22.92048
19.5408
17.86176
17.79552
20.6568
17.29728
20.1168
22.5432
22.13856
22.3776
22.5432
20.81376
20.71152
21.19248
22.05504
21.18096
21.37824
19.32048
15.79248
20.66976
20.53296
19.23264
20.89728
20.19744
19.96848
15.75504
19.2888
19.5552
19.56816
20.09088
18.68256
15.2712
20.5344
13.56336
13.34448
15.82128
4.3992
18.89136
12.72816
16.64784
17.65296
17.68032
13.48128
15.29568
17.32176
14.436
14.42592
15.80112
14.38416
15.0264
17.47008
17.58384
17.74512
14.7672
4.04208
5.91264
5.364
3.8088
8.08416
13.99536
5.24736
16.48944
14.39424
8.14896
6.82992
5.50944
0.79488
10.28736
15.16032
14.5656
13.63968
13.6584
14.21424
13.74048
11.92032
12.11184
13.6368
7.5816
7.39728
6.4944
12.97584
10.86768
13.54896
11.38752
9.24048
5.47344
5.58576
3.73104
5.84352
7.57008
11.38464
10.8504
1.01952
5.65344
5.88096
12.0456
11.54592
4.23792
8.27856
10.77696
9.63792
6.66288
3.88224
9.83808
4.98384
8.04384
9.08784
3.18384
6.1416
3.2184
9.53424
3.21408
3.204
7.87248
7.8408
1.68192
3.43872
7.33248
8.5032
3.7368
5.9616
7.8768
4.7448
4.6944
2.33712
1.40544
2.41056
7.58736
8.17632
7.89984
8.2008
7.53552
6.9408
7.78032
7.51104
6.06816
7.7112
7.59312
7.12368
5.37408
2.05488
5.42592
2.916
5.47056
7.0704
6.7032
6.57072
2.56464
4.25808
5.0328
5.68944
7.07184
6.92496
4.55904
6.85008
6.9336
6.6168
7.21008
7.13952
6.84576
4.16016
7.01712
7.40448
7.61328
7.8696
7.60608
7.04304
7.6896
7.50528
5.11344
8.12304
7.08048
4.29264
5.41872
6.96384
3.71232
8.35488
3.1752
1.4544
6.2784
7.0992
6.33888
8.54928
8.1864
9.84384
8.27568
4.33152
9.71712
8.4816
7.63632
9.45216
9.66384
8.78256
10.75824
10.4328
9.67392
11.01168
11.23056
5.76576
10.86624
7.46928
4.87152
11.84112
11.86128
10.3104
11.2608
5.11632
6.84144
2.78496
3.97728
12.38832
7.97328
1.0152
9.56448
13.0896
5.88528
10.61136
6.62976
2.52144
2.37168
13.38912
12.84624
2.30544
0.95472
4.8168
10.72224
14.22864
14.40576
13.6656
13.01328
15.23664
2.16576
16.45488
17.10144
5.06304
4.00608
17.6184
16.92
12.05424
15.6384
15.57648
11.97792
11.52864
17.028
11.51568
5.3496
13.02912
9.08496
14.64912
16.87824
13.65696
18.73008
18.58032
6.29568
5.1264
16.33104
17.81424
15.62256
18.59616
16.62768
17.2584
20.83536
20.57328
21.40704
18.432
19.03392
20.67696
21.24432
12.5856
22.2264
18.22752
18.23328
20.48112
22.14864
2.06496
8.97696
5.69232
3.3768
1.8
16.58592
21.42576
13.21056
19.3608
17.532
20.35152
22.92768
18.67824
15.33024
14.04
20.64384
23.4072
23.48784
23.5872
5.41584
2.65392
16.8264
19.4688
16.1568
14.63184
9.0648
14.55408
23.26752
24.89184
24.4368
25.42896
17.12016
17.41824
16.02576
25.33824
22.81968
17.20656
23.72112
24.42384
25.31664
24.84864
21.54096
23.79024
20.29392
13.78224
13.28112
22.176
20.77632
24.65856
23.48784
23.02704
24.0912
23.51664
21.33072
9.7632
18.99216
19.99008
15.29568
25.20576
15.04512
24.4584
25.092
22.10112
22.42944
18.97488
24.84288
20.18592
24.4944
22.32288
19.87776
23.40288
24.37056
24.43392
24.14304
22.38336
23.80032
22.73904
15.58944
23.27616
21.20832
19.61424
23.19696
23.10336
21.58848
19.85184
19.42848
20.02752
22.4928
21.28176
20.17584
22.5288
22.76496
22.42368
21.45024
22.37184
23.90976
21.32928
23.03424
23.29344
22.35744
9.5256
22.03488
20.67264
20.25792
9.52848
21.49056
22.6656
21.5352
21.94416
20.30112
20.9232
18.43344
14.04288
19.1736
11.77632
16.35408
20.05632
20.16288
18.0216
13.87872
15.81552
14.66352
17.90208
4.98384
14.7888
7.71984
16.32816
10.12608
16.94736
19.31616
14.32656
13.35456
18.11232
19.01232
15.13296
2.6856
9.504
14.8968
16.98912
9.96192
17.71776
17.64
16.57296
10.1376
17.18784
17.73792
17.54352
16.47648
16.2576
16.51968
14.64336
16.3152
9.96048
15.516
15.31152
13.45104
8.98272
15.42672
10.06992
12.75408
12.93408
4.76352
3.312
14.64912
11.5416
11.0736
10.67616
13.26528
12.49344
8.49744
12.12624
12.67632
11.65536
7.85088
12.4776
6.3288
4.58352
5.67648
8.70912
11.09664
8.23536
11.03616
10.39824
6.89616
6.8688
11.31552
10.73664
2.70432
10.10736
10.8288
9.68544
9.29664
8.71344
4.7304
7.99488
10.02384
9.48384
8.39952
8.32608
6.16464
9.61488
9.00288
8.31168
8.9784
7.50528
0.65808
2.5056
1.17072
3.46896
4.716
4.39776
8.83152
7.67664
5.17968
8.568
8.26416
7.8048
8.0712
7.74864
4.32144
7.42752
2.36304
7.1496
7.89408
7.74576
7.71696
7.53264
6.00192
6.39648
7.01568
2.9952
7.0848
7.23888
6.624
7.16544
2.58624
3.58416
6.71328
1.15632
3.132
6.1704
6.76224
5.06304
3.12192
1.52064
7.41456
6.46848
6.732
7.43904
6.20208
5.0256
5.8968
5.23296
4.02624
3.636
5.7096
7.32672
7.1064
6.8976
6.71328
2.11248
2.70576
5.63328
1.76544
4.63536
3.52656
1.1088
7.26624
1.06704
4.69152
7.19712
8.73648
2.2968
8.31024
7.3296
2.84544
7.29216
9.24336
5.70384
6.36192
10.06128
7.35984
2.016
10.45728
6.9768
8.95392
8.07408
10.04688
9.78048
5.53104
4.10976
5.63328
6.33888
11.21904
10.72224
10.6056
-99
-99
11.3112
4.72896
10.31328
10.86768
6.57648
13.14432
13.07664
9.57888
9.36288
10.29312
7.1424
11.20896
6.8616
12.75696
14.55552
13.72176
10.1304
13.07808
15.17904
15.17904
15.516
14.95728
12.12912
14.56416
14.2056
11.24496
16.03728
16.74432
16.52976
16.1352
12.708
10.76544
10.65888
8.76672
16.03872
15.2064
12.91824
12.62304
11.88
15.1128
10.53216
1.15488
10.03968
14.57424
6.23232
2.6568
17.14608
19.3536
19.25424
19.01232
18.65808
19.23984
18.84528
17.0856
18.59616
18.51264
19.51776
17.3592
20.26944
19.85184
20.3832
11.58192
5.99904
3.73248
11.82816
20.9664
19.63872
20.35728
15.41808
22.45824
21.0744
20.89152
16.23312
17.65584
22.43952
23.4144
22.6584
23.01408
20.0736
18.18864
21.1536
22.59504
21.20256
13.74048
6.85584
14.61168
24.51456
24.06528
23.58
20.39328
15.33456
17.97984
9.45936
12.024
17.20512
20.50704
12.52224
19.42416
13.72608
17.13456
9.32832
9.8496
9.75744
15.02208
20.53296
20.21184
21.54096
19.07712
23.9616
19.72512
23.52528
23.35536
20.29248
22.43808
22.79664
15.5304
20.22048
6.53616
13.96944
22.45104
13.38048
24.20928
24.41376
24.27552
23.27616
17.27136
21.85632
9.84384
15.03216
18.88272
22.3056
23.4648
22.00032
25.24896
13.34736
13.25376
9.31248
23.73984
24.3864
17.5176
8.01936
24.99552
18.8136
24.8904
24.53472
19.6632
23.4864
18.52128
23.01408
23.8392
23.55408
18.4824
19.1448
22.82832
23.97024
23.95872
23.85072
21.52368
15.5232
22.4352
18.828
8.77536
16.86672
23.4576
23.02992
13.34016
9.4608
19.24272
16.6104
19.63728
19.2312
21.05424
17.94384
17.88912
21.61296
17.42544
7.78896
19.7712
20.08224
17.03232
13.47264
20.23488
13.70592
11.94624
9.41616
11.06784
2.6496
20.64528
15.13728
19.34784
20.20896
16.36704
19.59984
11.98656
17.59104
18.70848
15.8904
14.66496
16.53264
6.86736
9.55296
13.57488
12.55248
13.95936
12.21984
17.57088
11.88432
13.71024
14.18832
7.12944
17.03952
15.336
11.90592
11.24208
13.79376
14.03568
9.72144
2.73024
6.48432
11.0016
14.436
12.56256
15.6888
2.53296
12.40416
3.96288
10.68624
14.82336
13.89744
12.12624
10.09584
11.47392
12.29328
14.1336
13.27392
10.1232
11.9808
10.60416
12.84192
5.25168
9.66096
12.024
11.93328
12.6936
11.8872
11.81088
11.22336
12.53088
12.04128
11.37744
11.01024
10.33344
5.21136
6.39216
6.97104
6.79104
9.1872
4.1688
5.29344
5.38272
2.35872
9.3672
10.55808
9.88272
3.4848
2.49552
6.97824
4.21632
9.75744
9.21744
2.25792
7.34112
7.79616
6.21504
8.24256
8.49168
6.67296
5.69088
4.40064
4.8384
5.17824
3.11184
3.05424
2.10672
4.12992
0.65232
1.584
5.80896
7.34544
6.8976
1.38384
7.33104
7.40592
7.668
6.03792
6.48432
7.00704
7.39152
7.09488
5.8464
2.60352
1.04256
5.86944
2.51136
6.70032
7.2288
5.04288
7.41168
7.3584
6.65568
7.3944
7.16832
7.06464
3.99024
7.57152
7.67232
7.4736
7.65792
6.00768
7.36416
7.27776
7.59744
7.6032
7.5816
5.13792
7.9632
7.87824
7.6464
7.28496
8.13024
7.0056
8.02224
7.75872
3.07728
8.52048
6.60384
2.64672
5.07024
5.87088
8.7768
9.1512
9.1584
9.504
6.72048
5.18112
8.64
6.33456
2.94624
8.90352
10.37232
4.2768
5.81184
4.82976
9.10656
10.70784
10.05984
11.00592
10.95264
11.4552
7.89696
5.63328
9.70272
5.13648
5.79456
11.90736
3.49056
10.22832
11.43648
11.96496
4.86144
13.608
9.4248
13.65552
12.15216
10.48752
12.48912
12.32496
10.91232
8.42688
13.13424
5.75424
15.4296
14.25168
14.15952
14.98608
13.10976
15.18912
14.56704
14.88384
11.8944
10.52352
13.0032
10.73232
15.17472
9.02736
12.45312
8.92512
4.07808
8.19072
6.36048
5.08896
11.14848
18.25488
18.05904
17.86176
13.66992
13.04064
19.1304
18.61488
18.79488
16.94016
17.00064
15.0552
17.0352
16.37856
20.76624
20.592
19.26288
17.07984
18.22032
20.3832
20.99664
14.1336
13.59648
16.09344
17.8632
16.58592
15.45696
21.24
11.38032
18.40176
17.964
12.25296
13.5432
13.97808
22.59216
13.608
18.89424
16.32816
19.6632
20.11536
11.90736
15.65856
20.88144
21.76992
23.23584
23.16096
21.9024
22.32576
23.15232
20.35008
15.00192
24.37776
24.09264
24.28272
20.27376
4.14288
13.0896
25.2144
25.06464
20.1096
16.3944
16.97904
23.71248
24.85152
24.71904
23.20992
23.42448
22.18608
24.25824
24.3936
19.83024
25.1352
25.35264
25.16544
24.20208
15.93792
15.12864
17.07264
16.9488
19.30752
15.08544
17.29584
11.22912
12.88944
24.73344
25.42032
23.84784
25.01136
25.02288
24.14448
14.89536
23.17968
24.31872
24.93504
23.4864
24.77808
24.58512
23.87088
23.4504
12.55968
21.82752
22.48848
23.12352
23.74416
23.17824
20.62368
25.05888
24.36336
21.7512
21.79152
24.02784
23.5728
23.31216
22.3056
21.70224
21.79584
22.52448
18.99648
21.1536
22.87728
20.97216
20.5704
12.63312
19.68624
8.39808
14.93856
16.7256
8.90352
8.51472
14.34528
22.82544
20.87712
20.86272
21.70944
21.88944
20.26656
7.42032
21.56688
22.13568
21.57552
11.40768
15.80688
17.26272
13.14288
21.48624
11.2464
7.40448
18.63504
17.84736
18.68544
12.59712
18.24192
20.79072
18.29952
19.19808
19.30464
19.59552
19.82304
19.30752
16.2
19.2816
6.29568
9.70272
4.54608
18.39888
15.15024
15.94656
14.58288
17.33616
7.06464
5.71968
14.0904
14.85792
11.51712
11.82672
16.90992
17.73792
16.0992
16.22592
17.28864
17.23248
16.60032
13.04064
14.9544
15.9912
9.81792
9.56016
15.20784
6.09408
2.86848
7.87392
12.4848
5.8392
5.47056
9.89424
13.91904
14.30208
12.25296
11.412
12.6144
12.11616
10.1736
4.78368
9.05328
13.18176
12.1896
8.064
5.74128
3.22704
2.82384
9.59472
12.19392
11.3616
3.18816
7.17552
3.7656
5.50368
10.22688
9.57888
10.53216
10.89792
8.95536
0.47232
8.62704
10.0728
10.23696
10.00368
9.6264
8.7192
9.43776
9.41184
9.62496
9.34416
2.99664
9.12096
9.25344
8.5392
9.14256
8.32464
8.29008
7.8048
7.24608
4.77792
8.80272
8.54496
8.19216
8.01216
8.6472
8.14176
7.90704
7.93728
8.05536
7.1712
7.03872
6.9984
5.12208
1.73088
1.6632
4.2912
5.48496
7.42752
6.96672
5.3568
6.33312
4.14864
5.97312
6.624
5.616
5.98896
6.49728
1.06992
6.16752
6.77376
4.78512
2.77632
5.7456
7.05744
7.1712
3.60576
5.81184
7.13808
5.15232
2.57472
5.33808
3.38544
2.64096
5.78592
6.04368
5.92992
7.14528
4.90176
5.79024
5.94288
8.00928
7.25616
3.69648
5.28768
8.85312
7.05312
6.14736
7.95456
8.09136
8.15616
4.82832
7.62624
2.56176
4.38336
6.984
8.81136
7.98336
4.43664
9.06048
6.19488
9.90288
8.97552
7.99776
10.39248
9.87552
1.83888
8.028
10.26432
6.54048
5.24016
3.7584
7.61472
10.5912
10.34784
12.024
12.33072
12.4344
5.6304
10.94976
12.77568
10.7496
9.84384
12.348
10.48608
10.96704
6.70608
5.79312
7.2504
10.05408
13.24368
13.52016
13.77072
13.43808
15.41952
15.52608
8.76096
15.81984
5.30928
16.00704
16.13376
15.60384
15.71616
9.43776
5.73264
8.51616
7.13232
11.65968
2.61936
12.67344
12.79728
10.58976
16.42176
17.82144
12.09456
15.3144
11.29392
8.21088
13.10832
18.29664
17.13744
8.80704
10.3392
13.16304
5.44752
2.36592
17.83872
19.20096
16.308
20.38896
17.4384
19.83456
16.6248
20.0088
21.04272
20.58912
19.94688
19.25136
19.42848
18.15696
16.55568
7.58016
9.47952
17.46
22.752
22.33584
22.40784
4.95504
3.66624
18.01728
17.24688
23.9544
23.89968
23.3064
23.56848
22.10832
9.67104
8.24544
3.73392
2.8656
8.90064
17.17056
16.51104
21.96864
21.05136
20.43792
24.10848
18.5256
22.05648
23.02992
23.50512
23.99904
13.43088
24.4512
21.35088
17.784
22.70304
21.67344
20.9448
24.75216
18.10368
12.672
25.12944
24.01776
22.9032
13.91184
24.22656
18.74448
24.46128
24.37056
21.7368
21.31344
16.5168
17.13312
23.2776
25.80192
13.7736
5.97744
11.0664
19.5336
24.03648
24.624
24.94656
25.12368
25.54416
24.72912
23.99184
21.0816
24.74208
23.26608
16.00848
23.41584
24.0624
23.42448
20.58192
22.40352
17.5248
23.13648
20.22912
16.63488
24.27408
23.85504
20.52144
16.03728
23.3712
24.28992
24.70032
24.0912
24.37344
24.75792
24.62688
15.8688
20.23776
15.58224
18.17424
21.70656
22.91184
23.39712
22.17024
22.608
21.75408
22.16304
21.25008
23.06736
22.34448
22.20768
19.98576
14.23872
22.44672
21.49488
22.59792
20.47104
16.04016
21.67776
21.48192
21.80592
21.76128
22.0536
15.1704
18.44928
12.67488
19.67184
9.288
21.72096
20.62512
20.72016
20.9016
20.69712
20.65104
19.63152
17.17632
5.05728
9.2952
15.8688
18.88992
18.60624
17.9208
16.04736
18.16416
18.47952
17.04672
12.38688
13.01472
11.19744
14.51232
14.3712
15.3576
12.69216
9.88416
16.63776
9.66816
17.0856
17.12448
9.56304
16.19424
12.29472
6.7248
14.18112
10.81008
11.1528
9.51408
15.41088
15.03072
15.00048
10.88208
9.288
7.812
9.96048
12.08592
5.20704
11.87424
10.76112
1.10304
3.04272
10.67904
3.1752
4.25232
7.63056
13.25952
10.14192
4.66704
8.62416
9.2808
7.9992
2.38752
3.55824
8.93088
8.48448
3.18672
5.1768
6.18048
10.13184
11.18592
9.94896
4.40352
10.47456
10.008
9.73872
4.51152
5.8104
8.37936
10.38672
10.28592
9.2808
9.56016
9.31392
4.7448
6.63408
8.66016
9.03888
8.83296
8.65584
7.47072
7.67376
6.40224
1.29456
3.0312
3.46752
6.92352
6.58224
2.93904
1.21968
7.9704
7.25184
7.62336
7.69968
7.8912
6.08832
3.06144
4.42944
6.60384
7.46208
7.34256
7.31232
6.34032
7.39584
7.1424
6.56928
6.53616
1.39392
3.924
4.7664
6.64272
1.692
4.40064
6.5736
6.45552
4.55472
7.18992
6.13152
6.768
6.39936
7.5744
7.77744
6.76368
4.91616
7.5096
6.2928
7.1352
6.98688
7.37856
7.60464
7.51968
8.19648
7.66656
5.328
8.44272
7.40448
8.08992
8.43696
7.9272
8.37072
8.80704
8.52192
4.70448
1.74096
2.1888
2.03472
3.58272
6.91776
0.936
3.708
0.91728
3.55248
9.20304
7.25904
7.41024
6.94368
3.71376
6.88032
8.78256
6.53904
9.26208
9.01008
10.29024
11.33568
5.80752
4.61232
4.41648
1.98144
9.52416
10.24848
10.26288
11.83824
11.8584
10.656
12.17664
12.4416
12.7728
4.84992
1.8
12.47616
13.2408
13.23072
0.05616
-99
10.22832
1.90224
9.13824
11.93904
14.2632
14.96448
12.43872
15.2064
15.50592
14.45904
4.93056
8.66016
15.42816
15.67872
16.5312
16.76448
16.452
16.52544
16.86672
14.39856
13.70304
13.77072
4.64832
12.5208
14.29344
7.79184
13.716
18.57744
18.61632
11.92608
9.86112
19.53504
19.29312
15.69168
10.28016
19.87344
19.60128
19.97424
20.2536
20.06496
16.51392
20.57184
20.27088
20.45088
15.40512
20.89008
18.09504
17.51904
11.77344
21.10896
22.37472
22.13136
20.30688
22.34016
16.81776
3.0456
5.49216
22.77648
12.41136
11.56896
21.69072
13.47264
6.8184
21.20688
18.03456
24.48288
22.66704
21.348
20.8872
20.6496
11.95056
22.50432
22.16736
18.87984
23.66208
23.30208
20.38176
16.11504
24.95808
24.46416
22.78944
23.16672
22.1472
24.15168
24.46128
24.39792
21.45024
23.05872
12.03408
11.45664
23.94864
22.9392
22.89024
8.07264
10.04688
11.54304
20.00736
19.55088
23.76432
20.90592
24.59088
24.88032
24.67152
25.42464
24.60672
22.896
24.64848
24.43392
24.9048
24.77808
24.552
20.76624
23.68656
23.6664
23.02128
11.3112
21.16368
18.47952
21.0312
24.70176
25.24032
18.68256
25.2576
24.9768
25.24608
25.08768
16.8264
19.64016
13.27248
15.444
21.22272
21.73392
23.63616
23.4792
18.63648
21.2688
22.82256
22.73472
21.27168
20.45952
16.4592
10.20816
17.80992
14.00256
23.99184
19.26432
19.32048
23.18688
21.19104
22.42512
22.32576
20.90736
8.06112
19.74528
20.72736
21.63456
20.79504
18.51984
14.84784
12.22416
12.99888
22.23792
22.98384
22.02048
21.3192
21.6432
17.73648
18.35136
20.72592
19.60416
14.84784
17.4312
20.60928
20.8728
16.89552
18.18576
18.10368
17.61984
14.95872
17.01792
8.79696
11.1312
6.90624
14.78304
19.9224
13.752
12.30192
18.7056
12.48768
17.90784
15.5016
5.13648
18.77184
18.40464
16.30368
17.8272
12.72384
1.82592
16.9488
15.67008
9.48384
17.53488
15.7968
13.75488
8.03232
14.79024
15.57792
8.43264
10.5048
13.64688
12.33648
15.2712
7.36848
4.8744
7.07328
7.57008
9.2448
14.42592
14.42448
10.21968
14.12784
11.75328
11.7576
12.64896
10.53792
12.54096
7.45056
9.27072
10.57392
11.75472
5.06304
2.93328
9.44496
10.59984
12.26736
11.98368
11.51424
11.46528
11.21616
11.28816
11.1168
11.51424
10.82304
8.02368
5.9544
6.46704
7.51248
6.78096
10.28304
10.64592
10.50192
5.508
8.62272
8.07984
4.37328
9.60048
9.95904
9.67248
9.24048
9.01296
8.72352
8.60832
8.54064
5.14944
8.66736
8.4024
6.78096
6.4584
1.90656
8.46864
7.19424
8.22096
5.80608
8.40672
2.51712
7.00272
8.35632
7.69824
7.57296
7.52256
5.67792
2.50848
7.51824
3.2832
2.67264
6.60096
4.90032
3.60144
7.35696
7.60464
7.53696
2.1816
6.84
6.08976
6.90912
5.6304
7.08192
7.2216
2.28096
6.03936
7.53264
6.52464
4.69152
6.56496
4.58784
6.9336
6.17472
5.50512
7.61616
7.60896
2.61648
0.68688
5.57136
6.92496
7.5528
8.09856
8.2224
3.5928
6.99264
8.1288
8.3304
8.63136
8.47152
5.7888
8.46288
6.42816
8.59392
8.33184
8.77392
1.8648
0.91296
6.10272
9.12816
9.42912
9.3384
9.63072
1.692
7.11504
6.3648
1.54224
1.04976
3.21408
11.16
8.06688
9.53856
11.59632
10.27584
3.86928
9.12816
3.04272
11.43792
5.76144
6.36912
12.21408
9.83952
6.22368
11.01024
12.04416
11.9592
12.83616
13.05072
3.3624
2.83536
1.22544
3.85344
9.5904
13.82256
6.04224
8.65584
12.94992
15.45264
8.00784
14.04
13.18176
12.1536
12.87072
7.98768
10.73376
12.74112
12.28752
9.11808
17.53632
11.49264
13.05936
15.83424
16.71984
16.6464
2.28672
6.33312
17.53056
16.28784
18.9
14.44176
17.21664
18.07056
18.81504
14.32944
17.76096
19.60416
18.8424
14.54544
11.04768
6.77808
18.57024
11.79216
8.31456
15.54336
4.29264
4.40352
19.85472
7.07616
21.13776
20.72016
19.89504
20.50272
21.16224
18.56592
16.08192
16.8624
19.7784
21.01536
20.06208
10.21392
7.21008
17.77968
10.79568
23.68944
13.39344
9.3816
8.92944
9.7992
12.8304
12.74976
14.54256
10.80576
23.7312
2.70288
24.03072
22.3848
22.62384
20.64096
18.39168
16.38576
16.6824
14.93136
22.33872
14.47056
22.46112
23.41008
20.89152
12.34944
18.61488
9.9576
20.16144
14.436
17.0208
21.64176
18.90864
5.80608
23.20848
11.27952
8.09424
9.57312
21.67632
20.27952
15.44544
20.09232
16.72128
18.97632
23.76144
22.32
24.12576
21.95856
24.99408
25.10784
24.81408
13.9968
24.39072
22.95936
20.8512
22.72752
23.7312
22.17456
17.01792
23.60304
23.97456
23.76144
17.98992
21.66912
25.15248
10.81728
23.05584
21.96144
23.49216
20.70144
22.49424
16.28496
22.62816
18.15264
22.8816
22.89888
18.42048
20.18448
22.0464
23.24304
19.75968
15.1488
15.07104
23.67936
21.384
21.07728
23.46192
21.5568
21.23712
21.65904
21.20688
22.66272
22.392
21.35376
21.31488
15.92928
20.48256
18.72144
17.85024
16.63776
7.25616
14.21856
19.88064
14.42448
19.22112
17.9928
21.4488
17.70624
7.92576
19.08
18.15264
20.86272
19.2816
19.01808
15.36192
19.872
14.34528
15.61104
13.36608
14.88816
16.02576
14.60304
3.03552
6.9264
15.33744
10.68624
15.6528
12.81888
12.2184
15.41664
12.08736
11.63952
11.2536
16.16832
11.49696
15.53904
15.6888
5.79024
13.13424
14.43456
8.55792
12.69648
16.24752
15.11856
15.8544
15.77232
11.22768
12.98304
12.49488
14.59296
15.6888
15.0624
14.04432
14.43888
15.6816
14.87664
14.67648
14.31792
10.91232
9.58032
7.40304
7.7904
8.07984
11.92464
10.37664
6.60672
6.9984
12.62016
11.78496
11.96496
4.49136
6.624
7.704
11.28096
10.14768
11.8296
12.18672
11.81376
8.34048
1.70208
4.01328
7.59168
9.56592
4.14
10.98144
7.5456
10.77264
9.9216
2.0088
7.3224
8.85168
4.11984
7.22448
7.8624
9.24624
7.4448
7.67376
4.14576
0.85824
7.0848
1.36368
3.80304
3.65472
3.49776
7.09776
5.51808
1.60992
8.4168
4.18896
5.84208
8.29152
7.18848
5.85216
6.46272
5.51088
7.14672
5.4072
6.87888
7.02
7.43904
7.6392
6.15744
6.97824
5.71392
6.63984
5.9544
1.15776
5.11344
6.17616
1.55808
5.91984
4.04928
6.80544
7.08912
6.39648
6.89184
6.51888
7.1424
7.24032
4.01184
7.0344
6.95952
7.31808
7.59456
7.38864
7.47792
7.776
7.53552
6.89472
7.63632
8.16624
6.7464
7.61472
8.18928
8.16192
8.09856
7.99776
7.05024
5.43744
8.33904
5.62464
6.02352
5.5152
8.04096
2.68848
8.9424
7.83648
7.54416
9.58464
9.1512
9.33264
8.94672
8.69472
2.71296
8.6112
6.68736
6.8616
8.388
10.7784
10.56816
10.28016
10.31184
8.78976
10.09008
10.00656
8.40528
10.89792
11.69136
11.84256
11.9664
12.2688
12.52368
12.24
10.21104
8.26128
6.1632
12.16368
13.1904
12.564
13.07376
12.97008
13.20912
13.94928
13.08528
13.61088
13.41504
13.1256
11.2536
12.81888
1.93968
14.34384
12.92976
14.75856
15.33024
14.94576
6.64704
12.86496
14.94576
16.45776
16.65648
16.36704
16.37424
11.2968
16.72272
17.21088
16.6104
17.61264
17.0856
17.604
18.67824
18.3168
18.29952
15.93936
16.5816
9.56016
16.69248
10.57392
6.8472
19.83456
10.64016
16.91712
14.51664
14.66064
9.84384
10.18656
18.80928
20.81952
21.1536
19.5048
15.30576
16.98912
17.57088
10.65024
15.0048
5.17824
7.72992
5.20272
15.8616
16.34256
9.28512
22.5936
21.61872
16.2648
10.1304
15.34608
21.00096
15.71472
3.47328
23.52528
24.59808
23.12496
6.33744
14.5008
22.5
15.11568
19.09728
24.59952
21.47616
24.03216
21.75696
17.9136
6.696
22.896
13.12992
22.16448
21.06288
23.89104
21.84048
2.64384
-99
0.06624
22.29264
16.67952
24.32448
24.64128
25.09056
24.91632
24.93216
23.7384
24.61104
14.42304
20.61792
23.54256
23.91696
9.08496
22.2264
2.71296
22.9464
22.20768
17.24976
24.57072
23.65632
25.21584
23.85216
24.58656
21.79008
15.59232
23.58864
24.19632
23.25312
23.184
23.9832
24.39504
24.83424
24.42384
24.71184
24.46848
23.05296
23.64768
23.40144
24.01056
21.28464
17.11872
7.07472
14.38704
24.44976
24.23664
23.51952
21.49056
14.16528
23.24592
24.1848
14.4072
20.03616
22.27248
22.79376
22.41216
23.07456
22.9968
22.7736
22.96368
16.3296
12.6936
24.06672
23.30496
15.25248
17.00208
22.54176
22.6296
22.22352
21.81744
21.8304
19.91952
11.75328
21.5928
21.8448
21.69936
20.24496
14.976
20.44944
22.23216
20.20752
17.0784
20.73744
18.80352
12.51216
7.63776
17.72208
16.80768
20.1096
19.31616
19.9512
15.1272
6.9768
18.92592
17.23968
18.5688
15.42528
13.52448
15.228
19.48176
19.12752
15.1632
18.828
17.8776
17.75952
9.78912
2.82672
11.92032
17.67456
7.33536
13.35168
16.12656
14.08176
16.55136
15.75504
12.996
15.01056
6.1272
11.29824
11.86128
16.28928
12.2904
15.73056
10.4112
11.04336
15.3144
12.82752
14.21136
15.25392
14.16528
14.46192
11.07504
10.5984
11.92464
10.77552
5.66352
5.73552
4.06944
8.93808
9.0792
5.84496
13.52592
12.47472
11.93184
9.31392
11.11248
5.148
5.06736
2.27088
6.2568
11.5488
11.81088
11.45088
10.88208
4.36176
8.78112
9.7056
6.22944
6.58656
9.936
9.30096
9.8928
8.49024
10.28304
5.36976
7.81056
8.22816
8.75232
8.06832
9.612
4.34016
2.0952
7.54704
7.76736
5.62752
7.54416
8.80992
5.5224
6.61824
3.55248
6.44544
8.52048
7.71264
7.6896
6.90192
6.86448
5.07744
7.61616
4.18464
6.88896
4.52016
0.30096
1.86192
5.5152
7.34976
7.3872
7.57584
5.6736
4.12704
2.35728
3.78576
5.30064
7.26624
1.24704
3.23712
5.43024
3.15216
4.42944
4.9896
7.21872
6.90768
6.42816
7.15392
6.29856
7.31952
6.91344
5.09904
5.17824
5.44896
7.40736
5.364
5.82624
7.4808
7.71264
7.42752
7.54848
7.164
7.5312
2.71152
8.0856
8.11728
6.76368
8.18352
7.20576
7.94592
8.06688
7.4376
3.51072
1.69056
0.15696
1.72224
6.27408
8.33184
3.76848
7.86528
7.13088
5.48496
5.8752
6.55488
8.71488
8.08704
9.56304
9.32688
9.63216
10.55376
10.55664
3.96144
4.284
8.95104
10.95984
8.04672
1.37376
10.40832
9.84384
9.95616
9.65808
10.23264
12.37824
12.4128
11.84256
12.50352
12.1824
12.82896
13.02768
7.14672
12.61872
11.79216
6.01344
10.32192
12.6504
13.67136
10.59984
6.9048
11.52
14.05584
14.67504
14.28336
15.02928
9.2664
15.34464
14.09904
11.34288
13.47696
10.29024
0.76176
5.53824
10.476
14.84928
15.10992
16.22304
9.20736
5.94144
7.39872
7.26048
8.64144
13.60368
13.50864
16.62912
2.952
3.17376
1.62432
8.50608
14.36976
19.87488
19.91664
17.83296
8.24112
16.44912
20.0088
18.68112
12.54816
19.27152
3.12912
20.04768
15.12288
17.30304
14.02704
10.71072
3.62736
4.95936
2.62368
10.22256
11.8152
21.75552
21.83904
12.89664
6.88896
22.00176
20.02464
17.92944
19.07424
17.27136
22.49136
21.94128
14.55984
22.50576
20.76912
22.40352
5.58576
6.4152
21.94416
10.90368
18.98064
5.076
14.17968
14.67072
20.47968
23.56128
24.44688
24.49728
22.2912
24.26688
22.3128
17.32176
18.55296
24.25536
24.2424
24.12432
23.0328
16.09056
21.54384
12.29904
16.41312
19.75968
12.20256
24.43248
23.84352
7.95744
15.77664
19.25568
21.46752
8.41824
17.44704
24.78528
22.65696
22.0752
6.49152
17.59392
15.54048
16.05312
20.48112
24.59664
24.64272
24.97104
23.82768
24.03936
24.04656
23.85072
24.13872
13.26096
19.8144
24.34752
22.44672
16.98768
25.416
24.51888
24.5016
22.97664
23.61024
21.0888
20.92608
23.77728
17.5392
19.41984
21.10032
20.96352
14.8536
21.28464
23.51232
24.03648
13.46688
23.23296
16.8336
23.15664
21.57552
20.64672
22.60944
22.65696
20.98944
22.2048
22.15584
20.17872
22.26816
20.26368
22.37328
20.39904
22.45536
22.74048
21.96576
20.9952
19.23984
11.99376
14.42736
15.61824
19.23408
18.5256
19.44
17.00208
14.93856
9.48816
20.97792
20.40336
20.28672
18.28656
16.36704
19.36224
19.5048
18.85968
17.56944
13.51728
9.4608
19.548
20.07216
14.48496
16.57008
18.90432
18.96624
17.8632
17.96688
14.7168
11.01024
8.22528
15.1704
17.77824
17.51904
17.50896
16.91712
15.40512
15.76944
9.96192
4.032
9.81792
16.09344
8.01648
12.1968
14.45328
9.54864
16.6752
15.75648
6.57648
15.60096
14.77584
13.932
13.02912
2.73024
12.50496
12.70944
10.94832
13.5072
8.712
13.21632
10.55088
5.35392
14.10624
14.12928
13.21488
8.8128
11.80368
13.36464
12.40992
12.34512
7.40304
4.43232
7.72272
2.4912
11.87712
11.41056
9.69408
11.34288
10.60704
8.64864
10.3392
10.86048
10.81584
10.59408
10.24848
2.4264
1.74528
6.9768
1.13328
2.32848
8.76528
8.892
8.46
9.20448
7.02
7.84224
7.32816
8.25552
4.57776
8.78976
7.95312
8.3664
6.95664
8.532
8.32608
8.12592
5.56848
3.23856
2.8224
2.20464
1.91664
6.6456
7.44048
5.38416
7.53984
7.6464
4.47696
7.29072
5.86944
2.91456
3.0096
6.46416
6.72336
4.36032
7.51392
6.40944
3.74688
5.17248
7.20144
4.01472
2.38896
5.35248
4.032
6.0624
6.96384
4.92192
2.81376
7.59312
7.1208
3.85632
7.59024
6.4368
6.43536
7.69248
2.565
7.263
9.1854
9.4248
8.226
9.6228
3.7566
5.814
1.5966
2.4858
10.0746
10.4202
10.179
10.5426
8.2548
10.0728
10.6146
7.6212
10.6758
3.6846
8.4042
7.8444
9.8082
10.4346
5.7546
10.3032
11.4624
9.8208
10.4724
9.162
9.9306
12.348
11.8818
10.2312
9.5544
8.7264
6.5106
10.0044
4.9122
5.8752
11.142
13.707
6.5934
13.1184
1.17
2.088
12.4812
14.31
12.2508
10.782
11.8782
5.6232
1.8558
12.4272
13.0104
10.2276
7.1136
11.898
10.0728
8.3448
5.3568
11.025
8.91
12.0006
8.5122
7.4322
8.3052
11.52
19.386
16.6122
6.687
19.908
18.3528
20.4318
20.808
17.8164
19.7892
10.3986
20.0484
22.0788
21.3192
22.1238
22.068
20.6406
18.0918
11.0934
22.7808
22.0302
22.0914
22.8276
21.2778
23.3352
21.2274
22.4406
23.0094
22.5126
17.982
17.6724
7.9308
4.4622
6.0426
24.6978
18.5958
10.044
20.718
13.2606
18.981
25.9632
24.156
10.1826
5.778
12.3714
27.4716
24.6546
20.7018
4.5486
10.395
11.3292
14.6916
10.53
18.5886
17.6436
27.1044
27.567
26.6634
24.1902
25.9578
28.7118
18.243
17.3718
27.5634
22.2876
23.9994
25.2558
24.2946
19.5894
24.0948
14.1066
25.974
29.6658
29.349
19.7496
11.4966
29.4264
8.2584
21.8682
29.5038
29.097
30.8034
25.1802
23.5944
19.7514
30.2994
28.62
19.3536
23.0616
21.2454
30.393
31.1706
28.7586
30.9132
21.9816
30.8556
31.1958
31.1364
29.3328
21.141
8.802
29.0142
14.4252
16.9812
27.3312
20.1636
12.726
31.4838
31.788
24.3702
30.69
25.1424
27.3618
12.5172
28.2726
30.7296
27.1602
18.5688
31.0392
24.471
19.872
30.3912
27.5184
30.2724
26.7804
17.3232
28.8144
29.0988
26.5086
30.573
30.2256
29.8116
30.096
29.6496
29.2644
29.4408
26.0244
28.2492
23.8446
10.323
29.1852
20.9592
28.6866
23.3658
13.221
22.7106
24.9894
24.03
20.4282
27.8082
15.1758
24.9966
14.7096
19.9134
15.5556
19.332
23.832
26.2206
24.8742
21.708
24.9318
26.0748
26.9658
11.9466
23.31
25.1172
24.6942
17.1576
12.519
20.5308
22.4892
23.895
20.5398
10.683
5.958
14.4
8.2008
13.5558
16.029
16.3386
24.183
21.4542
14.3658
22.3056
13.0374
15.7158
16.6176
14.4216
14.112
15.8544
18.8532
11.4084
17.4492
6.5862
21.6072
17.9496
10.89
8.2998
9.3852
7.1298
17.082
18.6048
19.4112
15.885
10.8972
16.9128
14.859
16.2054
8.2296
7.9056
17.7678
16.4322
17.3196
16.3944
5.4486
9.0144
16.9848
16.5024
15.543
10.755
10.7424
8.4294
10.6614
11.484
13.5846
4.9518
8.4762
11.8026
14.9796
14.643
14.3892
12.6216
12.4452
13.572
5.3334
4.6116
11.331
11.313
8.262
10.2744
12.9852
12.2526
13.1598
13.0536
12.123
8.9694
2.763
4.2246
4.8024
9.5508
10.7118
5.886
2.5596
10.7622
10.4418
10.2312
5.5962
8.7894
6.516
1.1142
1.9098
6.1182
10.0224
7.7634
7.4484
9.5598
9.4896
7.263
9.54
9.1296
6.3252
9.6588
8.1144
8.5032
9.3726
7.7094
5.3802
8.4366
8.7138
8.7192
8.8884
8.8182
8.073
6.6744
8.5662
8.1972
8.6058
7.2612
2.4768
3.1446
3.2094
7.1424
7.5582
8.5986
5.94
8.3466
8.568
8.7174
9.3168
9.1692
8.4942
9.1782
6.489
10.0224
9.513
7.2378
7.7112
1.026
10.0152
7.65
9.9648
9.8046
10.4076
10.4076
10.5048
10.458
9.1998
10.0818
9.7236
10.8684
10.7586
10.9512
11.025
11.4714
11.592
12.0816
11.7972
12.0924
12.0636
12.231
12.7782
12.5172
8.685
5.6682
12.9942
13.2084
11.142
13.6296
13.5954
12.105
4.3614
3.5838
11.6694
13.9338
6.4602
14.3784
15.2514
1.5912
15.7122
16.119
16.2846
15.21
13.0446
8.9838
4.365
12.2976
9.7362
16.974
5.193
15.1794
10.296
12.2058
4.4838
5.7312
3.9546
14.1534
6.498
2.3364
8.8398
11.6604
3.1968
4.1238
6.138
5.67
3.7746
2.6586
6.9174
8.8308
10.6254
8.307
3.8448
17.2512
2.7684
18.5994
17.9604
7.6662
7.9488
22.3236
25.0596
23.859
17.0496
20.4498
22.3938
18.3204
25.0056
23.9022
22.032
9.2088
21.9006
4.4424
1.9044
18.846
23.3568
25.371
26.3754
24.4188
12.753
4.7412
5.2218
20.3202
13.014
27.3798
24.8634
27.0828
14.175
18.4176
27.5562
25.272
24.2136
10.3446
14.823
13.3578
23.7456
29.169
22.8744
20.223
26.2008
28.4292
29.6928
30.1302
29.223
27.8802
26.4258
28.5804
29.4984
29.367
28.8738
28.3734
28.6254
29.4408
27.7578
3.3768
11.826
30.753
27.2268
31.4064
29.6442
29.6658
31.0338
30.9726
29.4318
30.9816
30.033
31.572
28.7496
30.2472
20.916
30.5046
31.6584
31.2498
28.1106
30.3732
24.795
29.2248
25.5204
30.2328
29.5578
30.2202
19.8882
14.9148
26.5032
29.1852
32.0472
31.5018
25.9002
14.0922
32.2596
31.0788
26.685
31.3956
28.6434
25.7634
30.3102
26.7318
12.2598
29.0682
31.1508
30.8214
31.0284
30.6612
30.5406
30.2346
30.195
29.6442
28.989
27.0576
28.863
29.0178
28.4958
28.7838
28.206
27.4932
28.9188
25.8372
28.1754
21.519
16.5402
14.6574
16.0524
26.6166
28.4472
28.314
28.4328
27.981
20.484
26.1324
25.0884
27.1368
27.2088
27.3528
26.9388
26.3646
20.8512
21.9186
26.0028
13.2174
13.3704
17.3502
27.3456
26.712
16.902
20.7162
25.9128
24.1452
22.3254
21.3606
19.9098
21.2778
18.036
22.1166
14.6232
24.3252
14.3586
11.2878
22.2048
19.332
23.4342
19.7064
13.2264
18.3528
19.71
15.4908
20.2284
7.2018
9.9342
20.0898
17.262
19.2168
19.2618
18.8766
15.858
16.9794
15.2298
11.8152
7.6122
20.0016
19.8036
16.1514
11.34
8.9478
19.593
18.8388
18.8982
15.8112
17.19
17.6274
13.9662
4.401
11.187
14.2434
10.872
7.2486
13.3128
15.0912
16.0452
15.5268
14.8194
9.387
13.104
11.0196
4.1202
10.4274
11.988
5.3226
11.4354
11.3706
11.277
11.9808
13.1166
11.8314
9.3906
6.39
11.3022
10.1448
5.9058
13.0356
12.798
12.672
10.3536
10.6992
7.6482
11.3364
10.6362
9.747
10.7154
8.6508
6.0984
10.1556
4.4352
5.913
10.8018
10.4796
2.6064
5.2182
8.2926
7.182
6.9408
8.2098
8.7048
5.2002
9.1602
7.2036
4.2408
8.1756
6.5826
5.4342
7.5528
6.2946
5.0742
1.5372
8.8362
7.4502
2.7864
2.5398
2.2374
7.8444
7.4052
5.5944
4.2012
8.3538
6.3414
5.697
7.5456
8.1396
8.4798
8.6058
8.4078
7.8426
8.4888
8.7714
5.0094
4.3956
8.5986
