20000101
5.4144
5.3712
4.80384
5.1696
4.52016
5.43168
5.52672
5.11344
2.42496
2.66256
5.96448
5.93568
5.69376
3.24288
1.1736
5.97312
6.2136
6.59664
6.49152
5.50656
6.7392
6.77808
6.85152
6.90624
5.52384
3.63888
1.77984
6.06672
7.04304
7.24032
6.9048
5.364
7.02432
7.96176
7.96176
7.34544
6.10704
7.07616
6.15168
8.78544
8.35776
7.28208
8.48016
5.17824
7.42608
9.01584
7.97184
9.00288
9.59472
8.64432
9.73008
8.8488
8.0568
7.40592
9.58608
9.70992
10.12464
10.20384
5.67792
5.46624
10.224
11.07936
10.88352
9.82512
10.23408
4.00176
4.64688
10.65168
11.20752
11.484
11.31408
10.03104
3.50784
11.05056
11.96496
12.16224
12.15648
11.53152
10.85472
3.50352
5.112
2.8584
5.05008
11.5992
8.23392
12.1032
7.9632
12.24576
11.82528
5.36256
10.332
12.69072
3.97296
14.15088
9.23904
14.41584
14.83776
13.3344
3.45888
7.2072
2.48832
10.91664
18.79488
19.03824
15.27984
18.41472
4.60944
22.28112
17.60112
12.64464
21.10032
20.31408
14.96736
20.5128
17.75376
23.29056
18.84672
8.97552
19.2168
12.14064
13.57056
19.19376
23.17824
14.22144
16.2648
11.27088
20.16864
19.10448
15.89184
9.4176
9.54576
20.70432
21.89088
24.75072
24.33888
24.97392
24.15888
11.78496
24.02784
20.51136
16.3008
4.81536
19.19376
14.80464
17.60256
22.43952
19.10592
21.09312
16.3728
20.71584
24.80976
22.34304
16.91568
17.53776
23.87376
19.04256
19.64736
26.44128
26.56368
18.22752
14.4216
12.9384
9.072
20.68704
20.52432
22.05072
25.56288
25.27488
25.42464
23.83056
25.72992
19.45296
12.28896
14.28624
18.38736
17.05824
21.01968
13.06224
22.9392
24.07248
18.12672
9.96048
14.2128
10.32336
16.88976
17.28
16.9416
21.17088
23.67648
24.43392
25.26048
13.91904
24.15312
25.46496
24.7464
23.37264
24.5736
17.80992
6.98832
13.54176
18.65808
12.07008
21.13632
16.60176
6.4728
21.66768
21.69792
22.63392
21.71088
21.90384
22.95792
16.71264
18.32688
13.21632
15.42096
13.54464
21.49776
17.49888
21.5712
21.68496
21.24864
21.04704
19.84752
10.3464
18.38736
19.332
19.41696
20.33712
19.41264
16.96176
16.57872
18.25776
16.84656
18.04176
19.14048
13.45392
12.63024
16.80912
17.44704
18.49392
10.74672
17.38224
8.39808
19.22256
18.58176
18.7704
18.70128
20.01888
18.33408
18.55296
19.01232
17.11296
13.84704
17.0568
15.14304
14.15808
9.26208
12.68208
14.2128
13.76208
6.08256
12.64752
9.7992
15.14304
15.1344
14.85792
12.9888
9.53856
6.73632
10.08144
8.05104
8.80272
13.65408
13.84704
11.7792
13.07088
13.09968
12.15648
8.39952
12.39552
12.72672
12.64176
12.58128
10.54944
3.99888
2.0016
2.81232
12.10464
8.37648
5.61744
11.19024
10.95264
8.63136
7.68816
1.66896
0.70992
0.324
0.828
2.59344
9.04608
9.18864
9.34416
8.47584
5.60016
8.50176
9.74448
1.73952
9.85968
9.61056
4.33872
8.3808
6.552
8.89488
8.52624
8.69616
2.07072
5.98608
1.21392
8.42112
2.77776
8.19648
8.0208
6.05808
5.2344
1.80864
7.3872
5.98752
4.24944
5.71104
5.56272
7.07184
5.97456
3.42
0.6408
6.69168
4.13568
4.90608
6.70464
5.8176
2.97504
2.844
0.47952
3.85056
6.31872
4.33152
4.40496
5.09184
5.70528
3.87216
5.76864
6.3864
6.29424
5.96448
3.90528
2.89008
0.72288
2.53152
4.99392
1.404
5.89968
5.61312
5.15808
1.656
6.4512
3.85776
6.40224
3.59424
4.72464
5.51952
5.92416
1.2168
2.6424
6.13728
6.84576
3.41712
6.02352
2.68416
2.76192
5.96016
2.44224
2.63664
4.84272
6.9552
2.41056
7.41312
7.31664
7.37856
3.6864
5.9184
4.26384
6.61824
5.7888
6.37632
4.56768
6.93648
8.39664
8.7192
9.07776
8.33328
8.93376
8.208
8.62848
4.5792
5.81184
6.40656
10.16928
9.25632
9.8352
9.96912
10.32336
2.36448
2.42064
9.38448
10.74816
8.6472
10.73088
11.30832
11.07936
11.30688
11.60496
6.56928
9.78624
12.53808
7.3008
12.20256
8.6976
4.8096
8.5248
4.68
10.40832
7.2216
6.1344
11.45664
9.78048
8.86752
12.96576
10.80144
14.20272
14.12928
1.49472
5.39856
12.50784
11.74752
13.69152
12.80736
12.80736
13.4928
12.996
11.91888
16.25184
13.83984
11.17728
15.50736
14.06304
14.80896
16.70544
16.92288
14.68944
12.31488
16.09632
13.82832
14.24592
16.3872
18.06192
18.0936
16.32528
17.78832
22.04928
20.53584
22.10688
21.58272
20.78496
9.47088
7.35552
21.12048
21.70656
23.25024
11.82672
17.27424
22.11552
23.83488
22.41504
14.02848
23.112
9.5472
9.68832
11.61936
21.348
15.2568
21.55248
23.8608
25.08624
24.28416
24.05808
9.8784
2.0592
20.29248
23.25168
21.05424
15.31872
23.69664
24.38208
17.00208
18.00432
22.14288
20.1744
19.42272
19.0008
18.03744
20.75904
25.17912
25.07832
24.41808
24.6024
24.76368
25.164
24.38928
20.32848
20.16
24.48144
12.64176
10.4904
21.78144
20.06928
15.2784
14.74848
15.17184
20.9088
19.40256
21.49632
19.33056
17.29728
22.95792
21.9528
22.9968
22.55616
22.20912
21.84768
21.63312
21.15216
19.34928
20.88432
21.2112
19.11024
22.72608
21.5784
21.37104
20.96784
20.12112
16.45056
10.0512
18.4104
12.02112
22.05648
15.67728
4.9752
20.27952
20.60208
17.33472
13.39776
13.25808
18.6984
5.18544
21.28608
21.4056
15.07824
22.13568
21.41856
19.46448
18.61776
18.57456
20.15136
19.46592
16.00704
19.12032
19.50192
17.43696
17.49168
16.89552
17.45136
18.1296
16.704
17.70624
19.24848
16.6968
15.6816
13.23936
16.87824
17.0064
6.47568
16.74288
16.36128
10.13472
6.14304
16.97904
9.53136
9.144
14.88816
14.616
15.42096
12.34512
14.81328
14.99472
15.33312
16.72128
16.69536
15.49728
15.01632
15.1272
13.32432
12.34656
6.38928
14.57424
17.25408
12.0384
15.68448
16.66512
17.19648
16.812
11.53296
15.56352
14.84784
15.81552
15.51168
15.33168
15.7176
13.22928
5.84784
6.97536
9.75744
2.45088
8.07984
9.6192
13.67568
12.75552
11.59632
4.57632
7.04304
12.49056
11.47104
9.34848
9.65232
4.07808
7.04592
10.69632
12.60288
10.31904
9.48528
1.59408
7.01568
7.47504
4.9104
11.22192
7.12944
11.3616
4.96224
11.3976
6.49728
8.19648
6.82848
10.99296
10.66896
10.6344
10.00368
5.47632
6.7608
7.0704
8.59536
9.19296
5.20704
8.4024
4.464
8.93664
8.54352
3.02688
7.72416
8.85888
8.83584
9.00288
8.50032
2.10816
6.54336
7.98768
2.00304
1.38816
1.99152
6.5232
3.37392
6.3864
7.5528
4.16736
6.23664
6.69456
7.22736
6.5736
5.16672
6.42384
7.08048
6.57072
6.43824
6.55776
4.28832
5.652
5.67072
6.67152
6.46704
6.0624
1.66896
6.2352
3.59568
4.608
6.46992
6.3576
2.5848
3.61584
4.3704
5.43024
1.40688
5.22
5.30352
6.14016
6.12144
1.65024
6.56064
6.34464
5.10912
6.20928
6.084
6.29712
1.35648
0.89568
0.53856
0.65952
1.31328
0.54576
1.79568
3.66048
6.09408
0.84528
5.6736
3.63312
5.4792
6.23808
3.03984
6.87456
4.9896
7.26192
7.14384
4.36032
3.22704
7.16112
6.92064
7.7184
2.7504
7.92144
7.71408
8.05248
7.6752
8.04528
8.04096
2.43072
7.72128
8.72784
4.38192
1.41552
6.51888
7.81056
9.99504
10.24128
9.65952
9.58752
9.75456
9.93168
10.17792
9.85968
10.67616
11.72448
4.24512
10.34064
11.91024
12.57408
9.76896
12.54384
12.79728
10.79856
13.16304
13.02912
11.63952
13.16304
8.9496
4.3416
5.66928
8.02224
6.31296
3.43008
7.73712
5.65344
14.61024
13.41648
14.73264
3.38688
2.74176
4.33584
9.936
15.74496
7.32672
11.50848
11.18592
17.40528
16.61328
16.46496
16.39008
17.05248
8.69616
12.62448
7.02432
7.19568
6.55488
2.56176
18.15984
14.24016
16.93296
3.4992
5.69232
17.1864
19.02528
9.67536
10.09008
9.30672
17.4744
9.13248
5.67792
2.7504
19.15344
15.73632
11.6136
18.60192
19.92816
18.61344
18.1224
20.94192
20.61792
21.07728
20.592
20.29968
20.9016
16.98336
17.25552
6.84
19.41408
15.71184
4.36176
8.78256
9.8928
22.87296
13.83264
5.74848
1.39104
1.51488
7.60464
12.55968
17.13744
23.22288
22.86576
22.36176
19.54944
21.97152
16.05168
23.95728
23.74128
21.888
19.70784
6.7608
21.71808
23.00976
23.10192
18.64512
24.0984
23.52816
21.18816
22.91616
22.79376
22.46256
22.40352
13.248
5.52384
-99
-99
1.0512
15.71184
22.57488
22.5288
21.77136
20.66976
21.71664
21.8376
20.58336
21.07728
21.04272
20.49264
20.4264
12.48768
11.50848
19.83168
19.42992
19.0152
19.09296
16.04736
17.31888
19.34928
3.08016
4.35456
13.61088
18.684
12.0528
18.4176
11.92464
16.8048
3.84048
13.9824
18.21456
16.65504
14.60592
12.79728
16.3872
20.44944
19.3392
19.61136
19.57248
18.37008
13.58496
18.61056
18.3528
17.64432
16.0488
19.00944
19.296
19.15344
15.8544
13.46544
14.60016
15.93936
13.06512
9.8136
4.47408
8.76816
14.07744
10.8648
18.8424
16.38144
8.97984
12.888
14.04144
19.16352
18.68256
18.4176
12.07728
14.63328
14.76864
16.11792
11.66832
16.26048
15.47712
12.81024
2.93472
8.6688
2.69424
13.33152
11.8368
7.96896
11.1528
16.56432
16.04592
15.1272
15.92352
5.69952
10.48608
11.35008
15.82272
13.76208
11.11248
12.64896
11.7288
13.73616
11.94912
11.70288
2.87568
10.40688
8.86608
6.14304
5.42592
4.83696
12.96432
6.3144
7.87824
13.824
13.38768
13.97952
13.76064
14.28912
11.40048
10.91232
6.29568
5.66064
7.22448
3.09168
9.77472
10.51776
11.6856
11.29536
12.26592
5.54832
1.48464
12.50928
9.94608
8.49168
11.36592
8.13744
10.84608
8.42688
10.43568
9.9216
5.55408
9.03456
6.84288
9.80928
10.07568
6.19488
9.22608
9.84672
9.91872
5.3352
9.12096
4.68864
8.99136
9.26352
7.91424
7.60464
7.6464
9.20448
6.87312
7.2936
6.97824
5.50368
8.92944
6.4008
4.99968
8.1288
2.77344
2.12688
6.58944
7.1496
5.60016
2.8872
1.116
6.09264
7.11648
2.66544
2.14416
3.492
7.14528
6.73488
3.71376
4.37904
5.18976
2.91024
4.17888
5.53248
6.36336
6.66144
6.15456
6.01632
4.5432
4.41072
4.4352
5.6664
5.80896
4.43376
1.3752
5.97312
5.24304
1.52496
2.35152
0.54576
2.4408
4.15728
5.28336
4.7088
5.08608
5.256
3.70368
1.40544
6.12
4.8672
0.99792
4.91328
4.78512
2.99088
2.772
2.1672
3.37392
2.43504
1.92528
3.26304
2.62224
3.74832
6.61824
6.46992
6.5592
6.59808
6.408
6.34752
4.41072
4.032
2.3256
4.4424
6.14448
5.32944
7.25184
7.43616
7.72128
2.79648
7.11216
6.33312
7.92288
6.40512
8.18928
8.24688
8.54064
8.3016
7.26912
7.96176
3.72096
2.75184
6.66432
8.13312
8.15904
8.25696
3.94704
2.93616
7.1856
2.37312
9.9432
9.9576
8.54352
0.62496
1.41552
7.05888
2.98944
2.18592
4.0032
0.072
2.73744
3.816
10.06992
9.05184
8.39088
5.292
11.78928
1.88064
11.56176
9.51408
8.2656
11.7648
11.83392
7.1928
12.12768
10.87776
9.63792
1.74096
13.536
13.94928
14.36688
13.30848
13.45392
13.51296
3.55968
9.0936
12.27168
12.14784
5.2848
4.91616
5.09328
8.37072
2.808
10.15488
13.9896
10.11312
16.28064
16.13232
15.9696
15.52176
12.75552
3.43008
8.33472
16.26336
9.5328
13.716
13.968
0.70416
2.16864
11.6208
15.732
14.71104
4.26096
7.24752
16.61328
14.71536
15.78672
13.82688
13.45968
8.04384
14.99328
15.52032
14.12928
8.44992
17.07552
18.14976
18.80496
17.04096
8.21808
0.94608
2.83536
7.01568
18.01872
19.0584
14.05152
18.7272
18.59328
18.52416
7.15968
9.03312
17.24976
14.0904
16.58592
19.37232
19.82736
19.7784
20.4408
13.0248
14.47056
16.71552
19.6704
18.73008
19.89216
19.95696
19.17216
14.63616
16.3728
10.54224
13.47408
11.65248
17.40384
19.31184
11.19456
15.3144
16.97328
18.6264
19.54944
19.404
16.98048
16.27488
18.30384
18.47808
13.37184
20.20896
19.9944
20.41632
19.82304
17.6184
15.40512
14.82048
15.45984
17.17488
14.47344
9.64944
19.18224
19.44432
19.26288
14.17104
19.5624
5.148
11.27808
16.91136
12.45312
15.40944
18.75312
17.86752
16.53408
18.51696
11.79504
15.00048
19.89216
14.95728
11.196
17.74224
8.87904
17.55504
16.66944
7.89552
17.01648
8.03808
14.06304
17.08416
10.03392
18.54
13.95792
18.65088
15.85296
18.22608
17.73504
17.57952
18.13248
14.79312
21.3408
20.53584
19.99584
20.09664
19.188
20.58912
20.8584
18.86112
17.31024
6.9264
11.88288
14.28768
18.47232
13.2912
6.45696
14.45472
17.41392
12.81456
18.80784
14.88816
14.35392
11.6928
19.1232
18.54144
13.86432
12.08016
4.31856
13.464
2.95488
12.91824
11.26512
9.96624
9.24192
14.73264
18.45216
17.9352
17.23104
16.20864
14.97744
17.00208
17.2368
17.28
16.09632
14.7096
15.01056
5.28336
7.1208
12.1752
16.092
10.14624
6.06096
4.21776
12.51936
9.216
3.48912
12.80448
7.93872
10.48176
13.01184
13.71024
10.47024
14.41296
12.9744
5.44176
13.40208
4.66992
5.45328
4.00176
3.78
1.76688
2.33424
7.30368
5.29344
2.8728
9.94896
6.38208
6.29568
12.29904
11.7504
5.46336
2.26944
1.32768
4.27104
5.976
5.93424
1.49904
10.58112
10.31616
9.50688
10.03824
8.48304
6.4512
8.3088
6.31728
0.7632
0.2304
8.10144
3.6648
6.228
5.1624
1.47024
4.60656
2.91456
7.90416
5.88384
2.0376
6.72624
2.69712
2.26656
7.33248
6.61968
6.79392
8.09136
2.8152
6.75648
6.36912
2.5704
7.164
4.52736
3.05568
3.91248
4.00464
5.43168
3.28032
4.61808
6.41232
5.21712
5.45472
5.20704
0.60624
5.41584
5.35392
1.83744
1.78992
1.8432
3.73248
2.844
5.4576
4.66848
3.6
5.3136
4.77648
4.89024
2.5272
2.83104
2.47824
5.69232
3.10752
4.92624
5.77872
5.58432
5.58
5.61888
4.32576
4.57776
3.94704
5.24736
4.32144
2.28528
5.50656
5.83776
5.99616
6.59952
5.94144
5.5584
7.41456
5.02992
7.11504
7.51824
5.364
4.5144
5.73984
3.85488
2.32128
7.75728
7.70976
5.43888
5.98752
5.63904
6.24384
6.68592
5.32368
6.60816
7.54848
7.12512
4.32864
9.01152
7.90848
7.49232
9.1584
8.64864
7.09056
8.98704
5.60736
9.22464
5.97456
10.03392
0.64656
3.79728
10.34352
9.36144
1.92672
1.27584
1.97136
6.01056
11.18736
11.4264
5.01264
11.83104
11.03184
9.39888
4.0464
11.95632
12.1968
12.20688
10.99008
3.4056
11.12832
4.27104
5.51808
6.30576
8.92368
7.29216
7.83648
3.73536
10.10592
12.56976
12.5568
13.9104
14.36112
5.17968
15.46848
8.62128
1.9296
3.61584
0.37008
4.92048
6.34896
12.15792
8.74512
15.37488
14.62464
14.32656
16.5816
15.77376
1.35504
12.69504
12.39984
16.11216
13.01616
17.52912
12.15072
13.77792
1.41264
11.97504
10.60704
16.32096
17.90208
17.50176
2.75328
18.33696
18.4248
18.76464
16.70256
15.55488
5.21568
13.23936
10.90368
9.15696
8.36784
1.42704
13.76352
15.17616
17.78256
20.02032
19.97856
16.18848
6.62544
2.58768
11.40912
19.24848
14.80896
19.15056
19.18944
19.09584
19.28736
19.35936
19.4832
18.92016
8.81568
15.56352
15.75504
5.5224
11.9304
18.6696
21.57264
18.70848
17.75232
19.04832
20.28384
22.74912
23.28912
21.36528
23.00544
22.09824
20.09376
21.00096
21.34368
20.25648
21.13776
19.40544
15.71328
18.04608
11.5488
18.47952
23.27904
23.688
8.24832
13.97952
14.63904
8.604
21.7224
19.93104
18.84384
20.04048
22.59936
19.00512
21.3624
15.52032
14.78448
22.41216
5.84064
18.57168
13.96512
13.54176
21.9888
23.73984
22.15728
13.42656
10.79136
23.02992
23.4504
21.80448
21.87648
17.68464
11.39184
19.1304
12.63744
14.02992
8.02656
15.88176
13.94352
19.24128
21.36816
21.0168
22.11408
16.2288
11.4192
20.38608
20.79792
18.68976
8.6832
17.52624
20.85984
21.81456
16.38576
16.62768
10.24128
17.31888
18.07056
21.17952
18.34416
19.9008
19.93968
14.16384
11.54448
12.03552
20.67552
19.27728
18.04032
19.71504
13.44672
7.96608
15.25392
10.97424
20.11824
14.112
10.89792
10.99152
5.98176
5.63904
2.27808
10.2888
9.44064
11.13264
8.94384
2.3832
5.48496
5.88672
8.33904
8.04096
6.2712
-99
4.59072
8.54208
10.18656
13.43088
13.38624
12.35808
11.5632
8.38512
7.55712
16.58448
16.44192
14.73984
16.13664
15.77808
15.57936
14.86656
7.66512
9.6624
13.26096
10.1952
12.40272
12.45744
6.26688
7.68816
3.37536
7.0416
10.00224
12.14352
13.27536
7.73136
13.51008
12.48912
8.56944
9.20304
10.86768
9.03888
8.87904
8.62272
6.98256
11.34
11.50416
6.88752
5.2056
10.12032
2.37744
9.70848
11.07504
10.04832
8.71776
6.77232
11.06208
7.05456
6.67152
3.31488
8.65008
8.83584
9.57456
9.13968
7.52688
5.2128
6.0408
9.57024
9.792
9.44352
9.1584
8.95824
8.70336
8.67024
7.92864
6.17616
7.74144
8.09712
8.04528
6.82272
6.19344
7.49376
5.96304
5.70816
6.20784
2.17296
5.76432
4.17456
2.09232
2.20032
6.08976
1.06272
3.96288
1.15632
6.96528
6.65424
0.64944
4.61952
4.77648
5.68512
5.98608
7.0848
7.24896
5.89248
7.2576
5.3136
7.08048
7.23312
7.25184
2.7792
5.27472
7.02864
3.23856
6.98544
7.05456
7.3656
7.55568
7.27632
7.51104
7.51248
6.82848
7.51104
6.98256
6.08544
7.73712
3.98016
8.04816
7.72272
7.95312
8.1
2.95632
4.96656
7.64496
7.62192
8.3376
8.7264
8.99712
8.97264
8.69616
9.40752
9.66384
9.63936
8.91504
7.59024
9.5904
10.3608
10.03392
10.13616
9.83376
10.5552
8.05824
6.84432
4.2984
7.59312
5.95008
7.26048
10.7064
11.52432
4.8456
11.69424
6.59232
12.39408
12.40416
12.44736
12.40272
10.64304
9.28656
13.41216
2.70288
9.84096
6.68592
3.47328
9.88704
14.0976
5.87376
5.36688
7.6968
14.13936
13.78512
14.94576
11.86992
15.62112
15.39648
15.4368
15.28272
9.58464
14.4144
13.37616
4.94208
3.78288
11.60928
15.62976
16.67808
15.9984
14.41152
1.78704
10.2024
3.22848
15.32736
3.92256
5.38272
18.23184
11.71584
16.28064
15.23952
17.60832
15.408
1.98288
7.2504
16.81632
9.20448
11.82528
11.09664
6.5448
18.396
20.07648
18.47232
18.36864
19.47168
14.30352
17.75232
20.016
15.84144
13.75056
17.78112
16.30944
7.6176
10.94976
8.16192
11.33712
21.78144
20.58048
21.24288
21.77568
20.25504
-99
18.468
5.45184
20.25648
11.45088
22.77648
22.74768
22.18032
0.00288
14.34384
13.88736
17.94672
14.02704
9.93024
22.1112
2.12256
14.4288
11.72304
23.60304
22.90896
21.74832
15.588
15.81264
23.06304
22.5288
24.06672
23.58144
22.85568
21.94992
19.38384
9.37872
15.36048
18.91152
21.80736
21.49488
19.40544
22.05936
23.35248
22.26096
15.34896
21.94848
9.56304
15.98544
8.05104
8.62848
21.9672
19.69488
22.58928
22.92624
23.35104
22.6152
20.1024
20.6856
17.39088
21.4056
12.73392
22.24944
21.27744
14.30352
9.43056
22.76352
19.00368
22.14144
21.34944
19.01808
15.33744
23.09904
23.41584
20.58624
15.21936
13.48704
22.09824
22.86
22.22352
21.8736
21.70224
20.69424
21.20256
14.3064
21.64464
21.58272
20.91456
20.36016
19.75392
18.12096
19.01664
14.73552
19.19232
15.65856
15.49296
16.52976
13.3128
4.95216
3.42144
20.31696
22.25664
21.84336
21.84768
21.36528
21.24576
7.88976
5.8752
10.96848
13.56912
20.36016
20.34144
19.95696
17.9064
12.2544
13.48704
7.83504
10.19952
17.66736
20.63232
20.31552
15.02496
0
15.70176
11.38752
11.73888
9.54576
13.2408
17.05248
5.09616
10.57536
16.59312
17.07408
15.5808
12.27024
11.09088
0.92736
9.81648
17.15904
17.08416
15.68736
16.21296
16.7184
15.86304
16.57728
15.53184
10.7352
17.28864
16.9848
16.9488
16.29504
13.03488
6.33024
6.98976
8.67888
11.12832
12.96576
12.48192
11.45232
13.76064
13.28544
15.01344
13.2768
14.61456
13.94352
3.5136
7.47504
7.58592
7.07184
6.56064
2.80224
1.45152
4.54896
4.25808
6.66864
10.67184
9.144
3.04272
11.02896
11.304
9.43632
10.4184
7.1712
11.4048
9.49968
6.14304
6.1344
3.80448
4.95072
2.94912
3.17232
7.71408
9.29952
8.0712
5.59872
9.92304
10.09008
9.27072
8.12592
4.82688
1.80432
1.39392
5.24016
2.664
1.71792
4.35456
-99
1.44576
7.06752
3.43584
2.13552
3.84768
3.91536
7.81344
8.31168
3.55824
6.15456
4.59648
6.78384
7.71696
7.56144
6.64848
2.95344
7.6464
3.39264
6.156
7.38144
7.50816
4.46544
7.4592
7.50096
7.39152
2.5416
3.79296
6.68736
7.16688
7.28064
7.12368
5.43024
6.88896
6.80256
6.98832
7.09632
5.64624
4.00032
6.26976
5.97168
4.20192
6.69888
6.54048
5.5296
3.45168
7.13376
7.48944
7.48224
7.10784
2.06496
-99
-99
2.088
2.1384
2.376
7.56576
-99
-99
7.20144
2.22624
2.11104
2.96208
7.18848
8.17488
8.03376
3.7512
8.36064
8.64288
3.54672
3.47616
8.28576
3.1032
3.43872
9.37152
0.59616
3.05856
9.38592
7.95456
8.04528
7.58016
10.00944
10.40544
10.368
10.68048
11.11248
11.32848
7.69104
6.08112
10.59984
10.16784
9.45792
5.54544
12.10752
9.56016
6.90048
8.35056
7.49808
8.26992
8.7696
7.272
12.26592
1.32192
13.31136
14.22144
14.09904
13.84704
11.73312
3.03984
7.6824
15.05232
10.95696
11.35152
7.44048
14.3136
15.6024
15.81696
3.77424
9.37008
12.924
6.82416
2.3544
2.27376
3.6432
9.04032
10.33776
14.30496
11.51136
13.18176
15.69744
14.74416
10.68336
17.38512
16.09488
12.9456
16.32528
13.12272
15.94656
12.15792
10.86624
15.52032
4.68288
6.61104
13.46832
12.76704
17.10864
20.18304
19.75536
19.56384
13.73328
10.98432
14.97168
9.83088
20.40192
16.83792
13.86288
8.5536
17.03088
15.54624
18.18432
16.50672
19.27296
16.85808
19.7424
21.15504
21.5856
13.75632
17.39232
5.7168
7.3656
16.53264
20.85696
7.6248
14.77008
16.64784
4.1328
18.51984
17.27136
15.57648
20.49696
18.6912
16.92288
18.58896
12.98736
20.99664
19.224
10.16784
18.17568
14.92416
23.92128
18.65952
19.36224
19.61424
22.2048
21.11616
17.3088
10.45584
23.7024
20.90016
21.90672
23.29056
22.72608
22.71456
18.24192
11.26656
7.73424
12.4848
22.26672
20.98224
17.23104
16.28928
17.01648
14.73552
20.38464
18.35568
17.90352
15.2568
20.09088
17.4312
15.98688
19.93248
20.05056
12.8304
16.4664
13.75056
18.80064
19.0872
20.53584
20.2176
19.44
13.48128
15.30576
20.43936
21.3984
17.26992
15.98832
20.08224
17.47728
18.47808
18.67824
19.15776
15.5592
16.59888
20.4336
14.87664
17.98272
19.63728
20.448
19.85904
20.08944
15.80112
20.26944
20.67264
9.9432
20.47536
20.27664
15.99264
19.5624
15.23952
21.22848
20.37168
21.89232
21.27024
21.4776
21.5352
20.59776
21.20688
21.30336
21.4344
21.72384
20.69568
10.92672
8.00352
16.26624
10.08576
19.11888
20.32704
19.40976
20.27808
18.1296
18.00864
11.81664
17.208
19.04976
19.76112
19.03536
19.38384
12.24
8.68176
8.8128
6.46128
17.2368
17.67024
16.93728
13.69728
12.09744
16.6464
13.8744
13.1832
8.45712
9.16416
9.84096
5.25024
16.13808
5.73552
16.9128
14.76144
16.49952
11.0952
10.9224
7.02144
2.76336
14.34096
16.33824
16.18848
15.74352
10.51632
12.5496
10.5768
14.08752
7.4376
12.05136
14.33952
14.60304
13.86432
13.1904
9.64368
8.68752
7.60464
7.33824
11.52288
9.98208
12.60288
2.62368
3.7728
5.51664
2.20464
8.72496
6.34464
10.89936
9.68544
1.7352
9.72864
7.02288
4.2264
4.81968
10.43712
8.93088
10.3464
8.9136
8.64144
2.33136
1.88496
2.94624
7.44192
9.44064
1.8792
4.77504
8.79408
7.36128
8.32896
8.49168
9.33552
8.98128
5.38128
4.0464
4.66848
7.92864
8.27712
7.13664
5.64624
1.93824
8.10288
6.54336
3.49056
4.89312
7.9848
3.70368
5.8608
8.09856
6.27552
4.12704
7.49664
7.09488
6.64704
1.34496
5.37552
5.25312
7.89696
7.86384
7.88832
7.54416
4.09824
7.2792
3.00816
6.4872
6.10992
7.85952
7.2216
2.84256
7.49376
3.70512
2.51424
3.53088
6.8832
8.24112
8.08416
7.8408
7.84512
7.56576
7.41888
-99
-99
-99
-99
-99
-99
-99
-99
-99
-99
-99
-99
-99
-99
-99
-99
-99
-99
-99
-99
-99
-99
-99
-99
-99
-99
-99
-99
-99
-99
-99
-99
-99
-99
-99
-99
-99
-99
-99
-99
-99
-99
-99
-99
-99
-99
-99
-99
-99
-99
-99
-99
-99
-99
-99
-99
-99
-99
-99
-99
-99
-99
-99
-99
-99
-99
-99
-99
-99
-99
-99
-99
-99
-99
-99
-99
-99
-99
-99
-99
-99
-99
-99
-99
-99
-99
-99
-99
-99
-99
-99
-99
-99
-99
-99
-99
-99
-99
-99
-99
-99
-99
-99
-99
-99
-99
-99
-99
-99
-99
-99
-99
-99
-99
-99
-99
-99
-99
-99
-99
-99
-99
-99
-99
-99
-99
-99
-99
-99
-99
-99
-99
-99
-99
-99
-99
-99
-99
-99
-99
-99
-99
-99
-99
-99
-99
-99
-99
-99
-99
-99
-99
-99
-99
-99
-99
-99
-99
-99
-99
-99
-99
-99
-99
-99
-99
-99
-99
-99
-99
-99
-99
-99
-99
-99
-99
-99
-99
-99
-99
-99
-99
-99
-99
-99
-99
-99
-99
-99
-99
-99
-99
-99
-99
-99
-99
-99
-99
-99
-99
-99
-99
-99
-99
-99
-99
-99
-99
-99
-99
-99
-99
-99
-99
-99
-99
-99
-99
-99
-99
-99
-99
-99
-99
-99
-99
-99
-99
-99
-99
-99
-99
-99
-99
-99
-99
-99
-99
-99
-99
-99
-99
-99
-99
-99
-99
-99
-99
-99
-99
-99
-99
-99
-99
-99
-99
-99
-99
-99
-99
-99
-99
-99
-99
-99
-99
-99
-99
-99
-99
-99
-99
-99
-99
-99
-99
-99
-99
-99
-99
-99
-99
-99
-99
-99
-99
-99
-99
-99
-99
-99
-99
-99
-99
-99
-99
-99
-99
-99
-99
-99
-99
-99
-99
-99
-99
-99
-99
-99
-99
-99
-99
-99
-99
-99
-99
-99
-99
-99
-99
-99
-99
-99
-99
-99
-99
-99
-99
-99
-99
-99
-99
-99
-99
-99
-99
-99
-99
-99
-99
-99
-99
-99
-99
-99
-99
-99
-99
-99
-99
-99
-99
-99
0.77616
0.36144
0.82512
3.3984
6.6744
6.95088
6.43824
6.9408
5.75136
5.40288
6.81696
7.47648
7.34688
3.98304
2.32416
6.76944
5.70528
6.97536
6.79968
1.91664
5.43024
3.1824
6.81408
7.65936
7.524
3.89376
5.93712
5.6592
5.07168
7.63632
7.84512
8.12736
7.8552
8.20368
8.26128
2.25072
8.4816
8.1648
8.11872
9.42912
9.32688
9.15696
9.63792
6.33456
7.60608
5.90832
8.12736
10.11888
10.27152
10.31616
10.5696
6.50016
10.2816
1.34928
6.85584
5.292
3.62304
7.06464
5.94864
6.71184
2.32128
1.08
2.64528
8.33184
12.18672
12.82176
3.03264
1.5264
10.39968
12.4632
3.44304
11.50848
9.41472
14.96592
14.00688
16.20432
16.37136
16.47072
14.6376
16.03008
10.7424
9.72
13.06944
13.01904
16.00704
11.38608
3.54528
16.82496
13.48704
15.61824
18.0288
18.51552
17.06688
10.74528
19.2456
16.91136
17.37216
9.2952
12.32208
15.01488
13.52448
11.91024
19.404
20.052
19.188
20.32272
7.2792
19.91232
17.18064
1.98
16.6104
6.95808
12.63312
16.776
21.85488
16.5096
22.60944
22.10256
11.86704
14.29488
11.50992
14.6952
7.04304
16.87248
23.13072
21.5208
22.51728
21.13632
22.42512
19.41264
3.97728
22.05504
22.90464
21.30192
22.22928
23.47776
19.35936
22.1832
18.43056
16.18272
7.26336
3.33216
1.8432
14.43312
12.14928
22.54608
2.96352
19.75968
11.3904
10.22688
18.2808
5.28768
25.272
24.41952
16.05888
13.47696
17.15616
2.29536
14.8824
6.63408
15.43392
22.76064
22.64832
3.18528
16.452
19.12752
25.09632
22.82544
12.528
25.30656
20.67696
19.94256
9.18288
9.70128
11.3832
25.08768
25.10208
25.74
8.89488
7.24464
23.98176
25.50816
18.8784
24.14592
25.3512
25.7616
19.476
17.02224
24.23376
22.5936
21.07584
24.68304
23.46048
23.16096
22.06368
12.2256
24.70608
21.37968
23.09184
15.34032
19.42128
6.51456
6.2712
19.4832
20.91024
8.94672
25.84224
25.1064
24.66576
15.6816
18.46224
24.10272
23.08464
16.39152
22.64688
25.09056
11.02752
11.01312
21.27312
23.09184
21.4776
10.31616
13.5936
22.95936
22.60224
17.67168
22.95648
22.0824
20.5632
14.62896
19.87344
14.80032
22.2912
21.30624
7.14384
8.96112
21.54672
12.81312
3.5784
21.99888
16.22448
20.1096
15.34464
13.89024
8.53632
7.21872
9.93888
4.09392
19.87632
14.652
6.73776
13.97952
19.94832
19.73088
18.324
12.20256
18.0936
8.66592
15.72336
17.27136
13.91904
8.928
14.7456
9.97632
6.81408
13.6728
15.32304
17.06256
13.3416
18.09936
17.82576
17.11296
10.13616
8.532
11.12688
13.45968
6.9912
2.31696
1.40976
6.2208
12.88368
13.25232
8.10288
15.00192
15.56208
15.57216
15.31008
15.13296
15.77808
14.64768
15.08112
13.92624
12.3912
8.05104
6.07104
6.12144
3.40992
1.1664
7.42176
9.2736
11.38464
10.94976
10.5768
0.67536
8.01216
6.75936
6.01632
3.36816
2.12832
10.09296
11.5848
11.79216
10.944
1.66464
3.43872
7.86816
5.904
4.47696
2.57616
10.8936
10.68768
8.66736
9.59328
9.52416
9.13968
9.31248
7.62336
5.27328
6.91488
9.6048
9.86112
9.39744
9.34416
9.30528
4.60656
8.91504
8.85888
8.72064
8.7984
8.01936
6.6744
7.92576
7.9776
7.28064
7.76736
5.16096
4.93632
7.28064
7.11648
4.10544
3.4272
6.55776
1.72224
4.68576
1.07136
1.25136
7.02864
6.98976
6.65424
5.01264
4.50576
5.16384
3.8808
5.40864
5.9976
6.20352
6.40368
7.02288
7.08768
6.54192
6.35184
6.98688
1.74528
3.76272
0.85968
1.11744
2.76336
3.42288
4.93488
5.43888
2.08368
6.64272
6.66864
4.14144
7.43616
6.05664
1.4184
7.44192
7.34112
7.47936
4.5288
7.93296
7.704
6.2136
7.54848
7.59024
3.93984
8.21232
8.59536
4.9752
4.3992
9.58752
6.56352
7.65504
7.29648
5.9616
5.17824
5.09328
1.78848
2.88144
3.48624
9.6552
10.58688
5.88384
5.14656
9.52128
9.54288
9.77328
11.03472
11.66256
9.4752
12.1968
12.4344
1.87632
4.32
12.4344
12.8664
12.63312
2.8512
11.90304
12.74112
13.59936
12.57696
5.18832
13.03344
13.65264
3.77856
10.28592
9.4032
2.82528
6.13296
14.41872
16.02432
15.7968
16.00128
16.26768
15.40224
13.75344
12.32208
15.52608
15.33456
15.18624
15.95952
16.80048
17.20944
16.68528
17.04096
11.28816
15.6528
17.80992
17.49888
18.3024
18.40032
17.856
3.29328
9.2304
3.46752
8.54208
7.3656
7.80624
15.25248
16.28208
16.18416
4.24944
2.33712
8.99568
20.32704
4.82976
12.08448
18.0504
18.01584
19.3824
15.42816
14.3136
19.86192
13.8168
17.82432
21.2544
19.29024
20.38032
22.46544
21.0816
12.8664
19.35648
22.82256
20.12256
20.40192
16.34256
16.76592
23.7096
23.31072
20.44368
23.40864
23.35248
21.00528
18.88272
7.01712
9.80352
10.1232
22.30704
9.08352
13.93056
25.0776
24.23088
14.47632
24.2712
24.13728
18.72864
18.74016
10.40976
11.8512
16.7832
16.8264
24.88752
25.13808
24.29424
24.29568
23.8968
17.3952
24.62112
24.8832
22.98528
19.7784
8.88192
16.34832
19.87344
11.0952
21.56544
22.54752
23.88672
24.91344
21.08016
18.01152
18.52848
21.78432
23.78304
17.0424
14.89536
23.75712
25.7904
25.31952
17.59824
15.92064
15.81552
19.692
22.75344
21.67632
23.20992
22.0608
22.96944
22.77936
20.4552
21.78864
23.2992
12.8592
15.93504
4.64832
5.30928
20.35296
8.7048
16.19136
19.4472
13.65264
18.19872
14.60016
22.87296
25.2792
23.95872
19.40832
13.76784
14.17824
21.852
22.9752
23.18112
21.52368
18.04896
22.70016
20.088
22.53312
16.56
11.08224
20.06352
10.87344
8.17488
13.284
11.47536
14.83056
10.97568
13.91472
17.0928
19.99152
21.19968
21.14784
20.9808
21.87648
21.3768
21.19392
20.05632
21.61872
20.89152
20.13696
20.16288
18.108
18.3672
4.36032
19.0656
17.74512
19.12608
18.61344
20.1312
13.81248
11.37888
10.12464
19.19952
18.8352
8.0712
8.24544
9.83952
16.41024
16.28928
17.90352
14.91696
14.5872
9.49248
13.02768
5.17392
15.24096
12.61152
12.0312
16.31808
15.7968
15.15168
12.04416
15.65712
16.53552
16.36704
15.54912
11.63232
5.70528
9.252
12.35376
14.55408
14.37408
15.6312
14.13072
12.15792
9.65232
4.97088
11.6496
13.67136
11.16
13.94496
13.97232
14.15808
12.87936
12.86928
11.00592
13.82688
12.528
9.32976
5.51376
12.01968
5.90256
8.11872
11.86272
7.35696
9.31824
9.11808
4.716
10.3176
10.09584
6.63552
7.55568
7.45344
9.81504
10.36944
9.60624
8.77536
7.38
7.97616
9.48528
6.33744
6.09408
8.23536
7.55424
6.3936
6.46992
8.0568
6.70896
6.0696
3.78
4.05504
4.74336
7.12656
7.60464
7.6032
7.13088
5.15376
3.65472
7.22304
0.99504
5.52672
6.31728
5.81184
3.41712
2.4048
6.41376
6.67152
5.35104
6.804
6.0984
5.96592
6.22368
4.9248
1.32048
0.94896
2.47968
3.33072
2.7432
4.1616
6.44832
6.34896
0.71136
0.99936
1.35648
1.75968
5.3496
1.06128
5.9328
2.41776
2.3904
6.04656
3.95568
6.55344
3.3408
4.74048
1.24848
2.52864
6.63552
0.91872
2.29104
7.76736
6.62112
5.72688
1.1664
6.15312
2.56176
7.24032
4.8456
1.6488
0.75888
1.48464
6.52752
6.05376
7.5528
2.73456
4.536
1.63584
5.71104
6.81984
8.54064
7.18416
8.71776
4.5504
9.468
8.10144
9.108
1.224
9.10656
9.88272
6.74784
2.28672
6.30576
10.8432
11.20896
10.78128
7.88256
11.11536
3.2688
3.64464
6.47424
9.57024
9.45216
12.45312
3.5496
5.24304
7.7472
11.25792
5.72112
12.27312
2.05344
6.09696
12.76848
9.8064
2.9088
12.6216
10.08864
13.25664
3.78144
12.72096
15.57072
13.8672
13.17888
14.92416
15.408
15.74928
16.18416
15.4656
14.16384
8.5248
3.55392
6.012
4.08384
9.19296
7.56
2.86704
3.65616
17.83584
18.12384
15.71616
7.28064
13.932
16.23024
16.78608
17.79984
15.92496
18.70128
15.91344
16.0704
3.54384
19.87488
16.46064
19.71936
19.83744
2.2104
5.97744
5.33376
14.20272
8.62992
4.72032
3.04272
17.68608
18.94752
16.78608
7.46352
8.13168
21.85776
19.35072
20.95488
21.7368
22.09536
17.0496
6.67296
7.62192
16.24176
2.8656
9.70128
23.89968
21.15792
11.9736
20.66544
6.96096
20.05056
21.50064
16.31664
15.88032
18.22608
25.2216
25.10784
24.9336
24.62688
24.46992
24.408
24.49152
23.49936
23.77728
24.01632
20.29104
21.6
10.88928
12.88944
24.51744
23.68512
23.8176
17.68032
16.78464
24.6456
24.7608
20.96352
8.84304
20.9448
8.21376
5.72832
20.52576
15.18048
22.81968
23.13504
9.49968
19.5696
19.09152
24.53616
18.72864
23.87664
25.9344
25.61184
24.1344
21.80736
22.78656
19.78272
21.91824
23.87952
19.63008
21.88368
23.71536
23.73408
21.87072
17.92656
22.49712
24.07104
24.52752
23.36544
21.17232
21.16224
21.27456
21.9816
21.31776
16.95888
21.02832
17.3304
17.61696
22.77216
22.18176
17.52624
17.85024
19.24128
4.752
16.94736
24.2208
23.62176
5.09472
-99
-99
21.38544
23.26896
18.47808
14.98176
9.61488
17.5248
22.7664
23.64336
22.968
21.80592
15.91344
16.4304
15.57072
17.87328
15.62112
3.92976
16.86528
15.48576
13.33584
15.79824
17.06832
4.20624
20.50128
20.5848
20.71152
17.55216
19.73232
19.94544
18.0144
20.20896
20.21904
20.10816
20.36448
9.46512
6.372
9.54864
18.18
16.52256
17.06112
12.20256
13.8096
19.38672
19.11312
18.60192
14.61888
17.65296
17.64288
17.79984
15.19056
6.95664
3.1464
10.55808
16.93296
5.84208
13.716
8.5392
6.78816
15.372
16.66512
16.48224
15.16464
15.0912
15.64704
13.96512
10.55952
9.53136
10.53216
14.22432
14.73408
13.37616
5.67504
5.8032
4.26816
8.52192
12.88944
1.45152
6.82992
13.48848
13.2408
13.2552
13.16592
13.45248
12.99456
12.7224
11.29536
9.32112
8.0496
10.07856
11.58192
12.25872
11.2608
9.4536
4.28112
5.49936
7.27632
5.60736
10.7352
10.0872
10.1448
9.89568
9.73728
6.45696
4.40496
9.4968
9.44352
10.16352
8.92224
8.74368
8.52192
7.81776
8.12448
3.80448
8.57808
2.41488
4.33872
5.25024
4.88304
5.94864
8.00496
7.956
8.5032
6.91344
6.8904
2.07648
2.13552
6.0912
4.88448
7.45344
7.29072
2.2176
3.12048
1.34496
4.5288
3.91248
6.13296
6.66
4.88592
3.4488
6.82128
7.10352
7.16256
7.05168
5.48064
4.3704
5.30928
0.5328
1.50336
4.88592
7.54128
7.29648
7.53264
6.81264
5.9184
3.44448
1.6848
2.71584
2.87136
7.23744
7.34688
6.70896
4.18608
3.86496
3.93264
6.96096
6.87024
7.37424
7.32528
7.24896
7.64208
7.6608
7.68528
5.92128
6.81264
6.29136
6.71328
6.66144
8.87184
8.67744
8.76816
8.7696
8.98992
3.71232
1.55088
0.7704
6.9552
7.67808
7.30656
9.68688
10.41408
9.5616
10.26288
10.36224
10.59696
9.68112
8.42832
8.80128
7.65216
4.91616
10.4184
9.7848
10.08
1.95264
10.89648
9.0216
12.51792
6.984
12.96144
10.2816
9.6336
11.484
13.00896
13.21056
10.24128
13.0752
8.16048
14.41152
10.34064
4.02768
6.2784
11.6064
14.52096
14.6952
2.64528
7.71696
14.76576
6.1056
1.07568
13.45392
1.16496
1.91664
5.23728
15.60096
17.28432
17.17776
15.13296
14.19408
9.93744
10.99584
7.34976
12.66912
12.02256
13.71312
17.3808
15.588
17.2512
17.77392
18.56304
17.44128
3.22272
17.03232
18.42048
18.68832
19.78272
19.94544
18.7488
19.83024
18.04032
19.90944
19.15056
13.61952
19.8864
16.13088
20.01744
19.33776
3.60864
7.47072
2.93184
2.64384
10.48608
11.9448
7.32384
19.07568
21.62736
17.46576
10.81296
20.27664
17.65728
12.82896
20.49696
22.33728
20.92176
12.23424
3.34368
22.9752
20.3688
17.18208
17.92512
18.86256
19.79136
18.40464
24.32448
23.61312
20.92896
20.22048
12.54384
24.1272
23.8392
22.63824
23.97888
24.00336
24.18048
16.87824
15.86016
12.492
7.848
14.88816
14.29056
24.27696
17.62128
15.01776
19.5624
20.34144
17.5536
7.42176
23.2488
21.01968
16.57008
21.32928
14.60448
8.08416
24.15024
23.65488
20.50128
15.79824
23.41872
22.04496
14.4504
12.2256
18.86688
21.54672
24.1848
23.83632
24.69168
22.86576
23.04288
20.74608
20.0592
23.73984
17.86032
9.85392
18.13824
23.4
23.16528
22.25952
23.90688
9.76896
19.01808
23.16384
5.53104
24.79392
23.19984
23.47632
18.36
19.01376
20.7072
23.86944
22.81968
22.66416
8.57808
23.48784
23.64048
22.15584
15.99696
22.04208
19.89216
9.23472
19.45584
17.11584
7.30944
15.17616
18.64656
21.68784
6.24816
15.22512
12.19248
22.54464
22.75632
22.17168
10.03968
16.3224
14.07456
18.77184
18.75312
19.69776
18.216
13.01472
18.48816
20.32848
20.39472
17.9208
18.97344
11.91888
16.8912
13.78368
20.7936
13.2264
10.13472
14.22576
11.69424
14.688
12.46608
16.16112
15.63408
17.43264
18.58752
18.29232
18.30384
15.54912
15.36048
12.32208
14.47344
16.63488
16.94592
15.72912
13.60512
6.61248
6.4152
17.36928
16.78752
15.48864
12.62592
11.60928
9.76752
15.4224
15.48864
15.28128
14.58
14.48928
14.1912
13.93488
14.34384
14.58576
14.35248
14.16672
13.91616
9.30528
13.66416
13.95072
13.64544
13.63536
13.56912
13.44096
10.72224
5.1264
10.12896
11.72448
11.89296
9.63936
11.86416
5.14656
9.22752
6.32736
3.97296
10.98576
9.63072
2.23056
4.3272
2.95632
9.1728
6.58512
6.4008
4.54608
3.7656
1.33632
8.41968
2.50848
9.44208
8.58528
9.32832
8.39664
7.93008
4.64688
4.08528
2.2752
2.99952
8.64864
4.7016
3.18672
2.70288
2.40768
2.52864
1.04256
7.20288
7.5672
5.45472
7.31088
5.70672
6.34752
6.65568
7.06752
5.61312
4.45536
6.16464
7.08912
5.49504
6.85296
6.92064
6.75072
4.428
6.2424
6.52464
4.48992
5.7456
3.30192
5.57856
3.81024
6.4368
6.88896
6.8976
6.12144
6.23088
6.94368
7.06032
7.11936
7.11216
6.2568
4.21488
7.1208
7.04736
6.15168
6.15744
6.88464
5.7456
7.04592
6.26112
2.97648
5.9616
7.344
7.51392
7.49808
7.14384
6.79824
6.6384
4.27968
5.96448
6.93792
0.5688
3.49632
8.08416
8.05104
8.36064
8.56944
8.49024
8.53344
8.79984
8.69904
6.7752
1.46304
7.57296
9.71712
9.93168
5.22288
3.10032
6.624
10.28304
10.39824
1.98
10.92384
11.26368
11.03328
10.89792
11.36016
11.97216
11.9736
12.01104
8.28288
12.04128
12.38688
12.09168
11.98512
12.26592
13.06512
12.99456
13.3344
13.68432
12.67632
12.07872
13.50432
12.8016
12.98736
13.45536
13.70016
7.91856
12.9528
7.15536
14.16528
14.85072
14.89248
15.10992
15.43536
14.88672
15.78096
15.62112
15.86304
16.12656
15.77088
16.18272
15.6528
14.56128
15.6024
10.57104
4.11552
15.68448
16.10928
17.73216
17.94672
16.9416
16.87824
18.25488
18.08928
18.66672
17.56368
18.4968
14.79744
6.53616
7.57008
7.50384
11.98368
13.59792
20.52144
20.09664
12.48912
18.95904
7.93728
20.088
10.3608
17.18208
20.3256
21.54528
13.75344
15.83712
15.58944
12.17808
16.80624
18.58176
21.74976
14.69376
19.87056
9.17712
4.23216
21.27024
13.69584
22.20336
21.348
19.7784
15.39792
13.57776
18.76896
22.33872
18.52848
22.74336
22.7016
22.89888
20.81376
21.5136
14.01264
24.48
18.06336
3.5424
9.25776
7.29648
12.95568
12.71664
20.96208
24.47568
23.90112
23.724
15.96528
23.04288
23.71248
20.41344
23.41008
23.08752
23.61888
22.02624
12.34368
21.64896
22.18608
22.01616
12.6648
18.60192
19.43712
16.488
12.33936
25.77312
21.49632
18.4464
24.00624
23.26176
22.61232
20.232
10.23984
22.64256
23.94288
24.08256
23.38992
23.71824
24.16464
23.544
20.1672
21.92976
22.47552
18.40176
5.55696
23.88528
18.51552
8.19072
10.27728
9.42624
12.07296
14.0832
9.64944
18.76176
18.5112
22.71024
20.83104
17.92512
20.18016
24.0912
24.28128
24.05664
23.47488
22.08096
20.4768
21.39696
21.48192
18.1008
15.984
17.1936
18.34848
16.18848
21.07584
5.0544
16.17408
21.53232
21.22848
22.42944
20.88864
9.00144
21.78
20.9088
21.31776
17.34192
20.79072
17.56944
18.31968
12.39552
13.46976
20.03328
19.56672
17.58672
18.4752
12.1896
15.47712
17.8272
17.71488
17.81568
16.61616
17.93664
16.87536
9.49392
15.65424
8.63712
4.87584
17.97552
9.7344
19.92096
19.24272
18.54144
17.60976
17.76384
17.24112
14.21712
12.7584
13.75056
13.94352
15.44688
15.56208
18.13968
17.87472
12.56688
11.06064
7.1064
12.9816
3.86928
10.4256
6.69456
7.79184
16.44912
14.67504
7.39296
6.8616
6.02784
1.5552
15.23952
14.9976
13.86144
11.27808
13.76928
12.17952
11.5992
11.10528
11.85264
13.65264
10.1088
6.1488
7.45776
11.91744
11.95776
13.63392
10.46304
9.36864
4.5504
3.53664
1.01808
9.2448
11.27808
10.584
10.1664
1.55808
6.70176
3.64176
11.87856
11.49552
2.44656
10.1736
10.74672
10.29312
5.49072
2.736
9.6408
4.61808
5.33088
7.23888
3.18672
6.39216
2.91168
9.24624
2.81664
1.56384
5.60736
3.33648
0.82512
1.86336
8.16768
7.9632
4.29984
5.1408
7.13952
5.23872
3.38544
3.0384
1.87488
2.37024
7.67664
7.74144
7.50528
7.64784
7.20576
6.56928
7.29216
7.32816
6.22512
7.34112
7.15104
6.27984
6.69024
3.82608
5.07168
2.08368
5.0832
6.57216
3.77712
7.32672
4.06224
4.45536
3.92544
5.50944
6.70464
5.28192
2.8584
6.90048
6.73632
6.74928
6.88752
5.688
6.1272
2.85552
6.76224
6.63984
7.0848
7.35552
7.29792
7.24032
7.34976
6.60672
2.6496
7.79904
6.4368
5.27472
3.33504
8.13168
3.11904
6.4944
4.69296
1.02528
5.12496
7.74864
4.58496
8.16192
8.55072
9.24192
8.928
5.00112
9.50688
8.42976
7.69392
9.35424
9.80496
7.7616
10.71216
10.06128
9.73584
10.61712
10.908
7.74
10.99296
7.57296
6.75216
9.93888
11.92896
10.52928
12.18384
5.58288
3.61728
3.81312
2.32416
11.71584
7.64208
2.47968
12.87792
4.6224
7.92864
8.72208
13.608
1.13904
2.1456
13.50288
11.37744
1.23408
1.02816
8.57952
8.91072
10.89648
12.43728
12.41712
9.94752
14.41728
13.23216
16.72848
16.7328
7.86528
4.10544
17.1792
13.68576
18.08928
15.26688
7.95312
11.94912
15.47568
13.9608
6.70032
10.81008
12.78432
10.44144
19.05984
16.78176
14.43888
17.66736
16.2792
8.85456
7.98336
16.92432
16.956
11.23488
19.7568
15.47856
15.38784
19.91232
20.54448
19.43712
17.8848
18.4392
20.62224
20.61072
18.81072
22.01472
21.9024
19.12032
21.6936
21.91392
1.92528
5.724
14.29488
2.77776
1.70208
15.94656
22.55328
22.10976
22.41504
22.0104
22.62672
22.83696
17.94816
12.27456
18.07344
21.6504
22.80528
24.1128
23.4576
6.09696
6.11568
22.41072
20.61792
13.44384
15.89472
14.82048
21.2544
23.81328
25.05744
21.5856
25.50672
19.16208
16.21296
11.30256
21.62736
22.2912
20.99808
23.71968
24.93072
24.60672
24.31152
15.28992
20.40768
14.58864
16.15824
10.80576
22.48128
24.0264
24.25392
21.20688
21.32352
23.60592
24.28416
13.72752
3.00528
21.94128
19.60416
13.53168
24.8544
21.10608
25.31952
25.08768
24.4944
23.22288
22.896
24.58224
24.19632
23.29776
21.35808
18.5472
24.08256
23.97744
24.26544
24.07392
22.84272
21.08448
15.45984
20.88144
21.024
17.54784
17.28144
22.8312
20.45952
20.25648
16.956
15.90768
21.91536
22.1832
22.86576
19.34064
20.19024
18.69408
19.72224
16.81776
21.34944
23.868
21.75408
23.2056
21.70368
18.93744
5.65488
21.20112
15.49584
16.41024
8.58816
19.50768
22.78656
22.58784
21.71664
15.34896
17.84736
20.90016
14.77728
14.03568
18.88128
16.63344
18.29232
14.02272
12.81312
4.77936
11.62224
17.02224
16.84656
12.52656
16.62336
4.4064
14.80032
11.376
19.2672
19.19952
11.15424
19.0584
15.70032
18.48528
11.86272
2.39616
12.27888
18.36144
16.69536
10.00656
17.98416
18.00288
13.42656
17.42256
17.46432
16.39872
17.65728
16.91712
16.92288
16.54992
16.14672
4.22928
11.94624
7.23312
10.60272
8.98128
9.87264
13.66992
9.93168
12.2184
13.51872
2.08512
4.5504
14.8608
14.6232
14.25312
14.02272
13.5504
13.73328
9.06192
10.57968
11.6424
11.17728
7.84944
12.8232
11.63952
3.45312
5.52816
6.71184
10.32768
3.76992
9.96912
8.25408
4.8528
8.23536
10.944
10.63008
4.95936
8.36496
11.1312
10.41408
8.1288
8.49888
5.49792
4.92912
10.03248
9.3528
7.92864
8.27136
3.27312
9.03744
9.1512
7.21584
9.19152
9.12528
0.38592
5.89824
2.34864
5.76
7.86096
6.9408
8.50896
8.23824
7.47504
8.15184
7.90128
7.75296
7.62624
7.55568
3.07728
6.79968
2.9736
5.53824
7.34112
7.308
7.30368
7.19424
5.99904
6.70752
6.20928
4.14576
6.34896
6.77952
6.55488
5.85648
2.08944
1.65024
6.42816
1.64304
3.49344
6.58656
6.64272
5.54256
2.69568
1.81008
6.91776
5.43312
4.89888
6.97392
6.1416
5.7816
6.01776
3.75264
2.07936
3.47184
4.33728
6.3072
6.83424
2.79648
4.8816
1.58256
2.15856
6.82992
1.55664
2.3544
3.85632
1.19088
6.90192
2.4048
5.66208
5.30784
4.92912
2.53296
7.32816
8.16768
6.90768
8.3808
9.42048
9.1368
6.45408
9.72576
9.3384
4.27248
10.2888
5.53968
9.4752
6.05664
10.06128
10.03824
6.81984
3.06432
3.07008
4.284
10.70928
10.30752
10.68624
-99
1.81296
10.36512
5.6592
10.99728
10.81728
8.72352
12.98592
12.04416
11.45664
8.93088
10.0944
6.68592
9.72576
6.25104
7.61616
14.02704
13.93632
11.05632
13.6728
15.13008
15.58224
14.7384
15.46704
12.18528
13.07232
11.31552
12.13488
15.93216
16.57008
16.64496
15.36192
13.8672
10.2528
7.1208
8.4528
18.29088
15.20496
11.32704
16.65216
17.07264
11.05632
1.66752
1.68624
14.54256
9.22608
6.08832
1.88208
17.31312
19.50336
19.49184
18.21168
14.29488
17.35488
18.94176
12.68352
18.37152
19.77552
19.40256
14.2848
19.33776
18.47952
21.38544
17.61696
10.22112
7.4664
19.01808
19.99296
15.9912
23.32512
13.90464
21.8232
16.59312
21.66336
19.9872
20.92176
21.24432
23.65776
23.58144
14.23584
15.06672
10.06128
18.85968
22.00608
21.43584
17.28288
2.73888
24.01632
23.98608
22.95216
23.49648
23.93712
11.98512
14.13648
8.67456
15.90336
16.51392
20.6928
6.13584
16.6104
22.58064
16.33104
5.93568
22.13136
15.33024
22.26672
24.36768
23.23872
24.3
20.45232
21.73824
11.39184
19.39248
21.78288
23.31936
21.78144
23.79456
19.65312
23.69952
8.0712
21.30768
23.36544
18.68256
23.60592
13.61232
21.50784
24.02496
15.96672
17.0136
6.192
16.51536
19.0584
19.77984
21.2112
22.45104
24.0696
11.28816
9.28944
10.70208
24.0696
24.24528
14.44464
14.09616
19.88064
25.0776
25.236
25.0632
24.6888
21.46896
20.39616
18.99648
21.22272
20.99376
15.66288
19.53216
21.28032
24.408
24.264
23.55552
19.1376
20.71728
21.528
22.23936
15.72048
23.6232
23.68368
22.91472
8.81712
8.5536
19.6632
14.1264
11.77056
20.05488
20.56752
12.91824
9.3816
19.76256
17.8704
2.59632
22.04064
20.19456
19.8288
15.75216
15.46128
12.42432
19.08288
7.59312
4.80384
9.57888
21.15936
7.69536
12.07728
20.16
18.06768
8.71056
8.32752
15.81984
18.41472
19.50192
16.24752
10.48752
8.18496
11.53728
8.11728
14.4864
13.18752
13.38192
15.19056
17.91648
16.8624
13.15584
9.78192
14.15664
6.86304
14.54688
11.22336
14.41008
16.31376
9.52272
1.07568
8.71056
14.37552
15.64992
15.7608
13.1112
1.81872
10.94256
7.13376
10.67904
14.65632
14.1696
12.53952
12.18528
10.40976
11.7504
14.23008
11.7864
6.03648
11.38176
11.66112
12.97584
4.20768
10.14048
11.80368
11.51424
12.65904
10.88928
12.05424
11.8728
12.53232
12.52512
11.83248
10.67328
10.12608
4.03632
2.81952
5.11056
8.15184
5.49936
4.73328
6.84576
7.45488
3.10752
10.27728
10.56816
8.99568
5.99616
5.05584
9.69552
2.25216
6.79104
9.13536
4.05792
8.5248
8.6256
8.856
7.67088
8.388
4.82112
5.09328
1.45728
4.06368
3.37248
4.59792
6.35472
4.40064
4.10976
1.1736
0.66528
6.07392
7.53984
6.26832
1.0008
7.46784
6.59808
7.416
5.73984
7.42752
7.1064
7.20432
6.90336
5.0832
2.58048
1.49616
5.05728
3.75984
7.06464
6.87024
7.11936
7.08768
5.34528
6.70752
6.6888
6.83424
6.86448
3.0384
6.28992
7.34112
7.28352
7.47648
6.44832
7.31664
7.128
7.33248
5.6592
7.26192
7.25184
7.62624
7.59456
7.52112
3.7008
7.85376
7.43184
7.68528
7.43904
4.3776
8.31456
6.03792
3.17232
4.716
4.23504
5.8896
9.57456
7.23024
9.97344
8.86608
6.3792
9.2664
6.43392
3.13776
10.728
10.368
2.97072
9.13248
3.82032
9.75168
11.39472
10.74384
11.33568
11.18304
11.92608
4.30272
4.47408
10.26432
3.99888
5.87088
12.47472
6.05952
11.55888
12.07584
10.09008
10.42992
13.56768
9.31536
14.15664
8.70192
12.50496
14.71104
11.23344
10.94976
10.38672
10.52928
14.46624
15.95808
15.3144
15.38208
12.71376
12.90384
12.41136
15.3144
14.96016
14.83488
15.88464
11.6784
13.66992
16.20144
3.1464
10.09584
7.17408
1.5984
3.0744
1.92816
1.79424
15.94368
16.96608
19.04688
19.19952
12.82176
6.2568
18.9648
19.71792
19.57392
16.776
20.12544
19.53792
10.73664
19.4472
20.85984
19.06416
17.316
14.14368
14.03712
20.1456
19.9944
6.33888
14.60736
16.5888
17.00496
21.81888
21.0024
20.37888
11.99808
20.40336
16.77744
13.42224
13.53888
13.63392
20.77488
14.45328
19.00944
15.17184
20.1816
19.26576
7.34976
13.92624
23.54976
15.73776
23.08752
22.9968
21.12192
22.22352
22.932
18.1224
14.17536
24.38064
24.54192
24.59808
23.87808
6.72048
22.428
25.20864
25.13376
22.39344
19.3032
20.92752
25.09776
25.05744
24.0552
21.35808
20.0448
24.48432
22.93776
18.96912
23.18976
25.15248
25.46784
25.06752
25.56144
24.58368
19.57536
7.07472
10.92384
20.7
9.4248
21.42864
15.3864
18.29952
25.22736
25.35408
25.19136
25.34688
24.34752
16.50672
19.24128
24.41232
24.5952
24.6816
24.01776
24.50016
18.69552
23.6304
21.10032
8.56368
20.39328
22.95072
23.59152
23.15376
21.89232
22.26384
24.34608
16.1928
22.56192
23.06016
24.20208
23.17824
21.86928
20.79792
19.30608
20.53296
22.33296
22.39488
17.89776
23.44896
23.83344
13.19616
21.2256
21.50928
23.0184
18.30672
16.25616
2.19168
2.79504
19.31904
14.57136
12.95856
21.168
20.03472
14.15952
15.83712
7.3728
20.32848
22.7088
14.74272
14.91408
20.29536
22.32
11.93616
22.0824
10.5192
3.52656
15.58512
17.55648
13.7736
12.744
15.63552
17.99424
19.24128
15.5808
14.11488
16.44048
17.73792
15.7464
13.47984
19.0296
6.33024
5.2128
3.26304
18.05472
16.07616
13.13424
5.9184
18.0432
7.99632
8.1648
7.596
15.9336
12.15792
13.97232
17.68752
17.91648
16.21296
16.74576
17.80416
17.5536
17.18784
11.24208
14.83056
15.80688
12.29904
10.61856
15.9624
10.62144
4.5144
10.68048
12.2904
3.81888
4.70736
4.63536
12.71952
14.78304
14.65344
14.37696
12.42
10.728
11.07216
3.56544
13.15728
14.28624
12.62448
1.44144
7.49232
1.68336
2.6352
12.44304
12.76704
11.42784
2.61216
6.36336
6.42384
5.47776
10.36224
10.73232
7.0776
4.5936
1.89072
0.3528
7.1568
9.95184
10.34352
10.39392
10.00944
5.17392
9.38592
10.24992
10.12032
4.80384
8.49168
8.95104
7.48368
9.62352
9.45648
8.77824
8.74224
8.4384
7.75584
3.94704
9.22464
8.28576
7.91568
8.28576
8.51472
8.66448
8.25696
8.29872
8.08992
6.87168
7.47072
7.29792
3.99024
2.66112
4.6872
6.41952
5.19408
5.55552
5.62464
5.67792
7.17696
3.5064
5.77152
6.94224
5.66784
6.1992
4.83696
0.74016
6.76512
5.25024
2.86416
4.50288
5.7528
5.77008
6.57072
1.77552
4.90896
7.38864
5.77872
3.51648
4.77648
3.48912
2.05488
6.94368
6.34608
4.9176
7.56
4.8744
5.31504
5.32368
8.03664
7.79472
2.81088
5.23584
9.1656
7.85952
7.56576
7.94016
8.60688
8.89056
4.10544
6.62544
2.92464
2.66688
3.06
8.13168
8.22528
3.47616
9.3456
7.38432
10.3824
9.20736
9.22176
10.73232
10.3824
7.2648
10.59408
11.16432
6.54624
3.60576
3.924
5.53248
8.00064
9.15408
13.13568
13.48272
13.64112
6.41952
13.73904
13.87296
12.17376
10.25856
14.18544
8.68752
12.84192
7.37712
6.88176
11.3832
13.2264
14.28336
11.60496
13.81104
13.62384
15.18048
12.99024
10.40112
12.98448
6.06816
16.0416
16.10208
16.02864
15.65856
1.71216
7.72848
9.54432
15.444
4.87008
4.80672
13.9392
8.8488
11.53008
17.37504
18.10944
9.97344
17.1144
14.74992
12.17232
14.2272
11.41776
12.98304
8.87616
18.91152
9.13104
4.91184
3.35088
17.73936
20.27952
19.1376
19.04256
15.22512
19.25712
18.09936
20.05776
20.81232
14.09904
19.5552
14.57712
20.61792
15.31872
7.4952
16.33536
7.07472
19.764
22.81536
22.57776
22.4856
11.62224
5.5872
19.62144
20.29392
23.9472
23.64912
23.54112
22.95216
18.04032
7.30368
5.8608
2.4984
5.10048
6.79104
16.04304
14.0832
23.33088
24.03792
22.99104
24.24384
21.65184
8.44704
20.96784
23.93712
14.10624
11.44656
19.6272
15.82704
9.9072
17.36064
21.81312
20.04912
20.88864
21.97008
23.50944
25.54128
24.72624
17.53056
10.92816
23.64624
15.98112
23.80896
23.11056
22.56912
19.76256
19.44432
17.54784
24.40656
25.00128
22.75344
16.59168
18.56592
20.56464
25.74432
25.25328
23.54112
25.04448
24.1416
23.94288
23.6592
23.47776
24.37488
21.55968
17.23392
21.02112
17.1216
24.05376
20.48688
22.50864
23.33952
21.8664
18.52272
21.55968
23.90688
23.16816
18.62784
20.32272
22.70448
18.38448
24.82704
23.4792
24.40512
23.59728
22.85424
10.60992
18.3024
19.05696
20.46096
23.71824
23.43312
22.94928
21.19536
22.27392
19.40832
16.06176
21.15504
22.55904
20.71584
19.40832
19.04832
22.1328
22.69872
21.89376
22.51728
20.1312
11.68704
22.38768
21.4848
19.91952
20.87856
20.64816
8.77536
18.41904
18.6912
13.97376
15.3072
20.38176
20.56032
19.47744
20.29968
20.5848
18.85104
17.47296
10.39248
10.10592
4.2624
9.55872
18.70992
18.1368
17.77248
16.72272
17.95968
18.54864
11.08656
6.50736
14.1768
13.90464
17.48016
14.15664
12.888
11.93184
9.35856
16.39008
4.92912
17.84016
17.1432
7.74
16.3656
11.41344
7.6392
15.2352
11.5128
8.48304
14.50944
15.4512
14.62032
14.0544
13.03776
10.48032
8.67888
13.10688
7.50672
4.02192
11.3688
13.59936
6.07536
8.90208
14.0472
2.66256
5.75568
8.2008
12.92976
8.90208
4.4064
8.38512
8.85024
5.72832
4.00608
3.36096
8.676
6.47568
3.48912
3.56544
9.68112
8.7912
10.53504
9.7992
7.35552
8.06112
9.41328
9.37584
4.21344
4.0464
9.60912
10.25712
10.14768
9.55584
9.56304
9.16128
8.7048
7.31232
6.69888
9.03312
8.83728
8.54496
7.35696
8.4888
4.84128
1.91088
1.95984
0.38736
5.80752
7.8192
1.19088
1.59984
5.90976
3.8088
4.66704
5.56848
6.33888
4.01184
2.22768
6.25968
6.72192
4.99392
6.17472
5.9544
6.41376
6.6312
6.23376
6.43104
5.77296
4.94928
1.17792
1.53936
4.59072
1.20816
4.25376
5.75712
6.25824
6.67296
6.74208
5.98464
5.70384
5.75136
6.2856
7.28352
6.588
6.76656
6.1704
5.4936
6.11856
7.16688
7.54992
7.5312
7.47648
7.53552
7.5384
3.77424
7.25616
6.78816
8.01216
8.20656
6.67728
8.54928
8.74656
8.532
2.27808
0.61776
1.55376
1.48464
4.0968
6.96384
9.14976
4.4424
2.75904
4.716
6.14592
4.06368
3.36528
7.32096
3.44016
6.87024
5.16528
6.86304
8.44848
8.42112
11.07936
11.28816
3.69072
2.63664
2.88864
1.53072
11.412
10.13328
7.51968
11.2896
12.26736
10.38096
12.32784
12.81744
10.34064
5.57568
2.88288
13.17168
11.58048
12.6504
0.12096
-99
10.4616
2.84112
14.41584
9.83088
13.58928
14.82336
14.00976
14.9832
15.13584
14.65488
15.67008
6.2136
15.36768
15.4728
16.3152
16.76736
16.59744
16.74
16.41024
13.58928
14.36256
16.72272
4.08096
13.52016
14.69808
7.5672
17.66016
18.16272
18.02448
11.3472
19.10592
19.57248
19.37952
19.22112
12.62592
19.66176
19.59264
19.9656
19.73088
19.9368
19.90512
20.36016
19.92528
19.9152
17.41104
20.412
18.88272
20.01888
7.18848
12.74544
21.94848
21.98448
18.80928
21.86496
9.91296
9.85104
7.00848
20.72016
8.36784
16.5672
24.0624
15.5304
9.13392
13.33728
14.03856
24.01056
23.44752
23.11056
14.36976
11.73744
15.89616
18.40752
18.98208
23.35392
22.6728
23.44176
18.62496
9.22752
23.97024
24.5232
15.2784
22.37472
23.91408
24.41664
24.92064
22.5504
13.5432
23.43744
17.7912
20.52144
23.67648
24.156
15.12144
9.91008
6.07248
14.04864
24.6528
20.31696
13.46688
21.3768
23.13216
24.64704
24.8112
24.97392
24.34896
18.47952
22.57776
24.95376
24.13296
21.98736
21.88512
24.7176
23.51664
21.78
21.17664
16.18704
21.83616
13.20768
18.65232
23.17536
25.75728
24.58368
25.33104
24.9984
24.7176
24.18336
10.51344
14.4072
13.572
22.65984
12.29472
21.24
21.59568
16.91568
20.9304
22.60656
23.78016
17.41392
18.2088
17.20368
14.80752
12.4056
7.41456
6.80256
24.09552
23.70096
23.41584
23.21568
19.36368
13.66848
15.69456
15.00192
7.23024
13.67856
21.45312
21.45168
18.63216
11.9088
11.98944
22.59792
10.78848
22.5792
22.40784
22.0608
21.37104
21.24288
11.93472
15.85008
20.4624
18.96912
17.86608
18.44928
17.52048
17.93088
13.92768
18.7344
14.15376
13.5144
11.74464
17.14032
5.66784
11.47392
13.06944
19.30464
19.93536
13.15008
12.72096
17.87328
17.7048
17.5752
17.25408
4.91616
18.7848
17.7912
11.62368
17.69904
17.44992
2.18016
17.74512
15.17328
17.25264
17.61696
16.74432
9.96048
5.65776
12.46752
15.23664
13.73616
11.26224
9.55152
11.83968
13.11552
6.49872
8.54208
12.91968
14.29344
11.07792
14.11344
14.49072
5.99328
14.06448
14.10912
12.92112
8.5536
9.31392
9.0648
5.40576
7.59024
10.14768
9.57168
2.89296
3.14352
11.7792
11.29248
12.11184
12.06144
11.556
11.56032
11.08512
11.1456
10.99584
11.39472
10.74096
5.48496
6.70752
6.92064
6.84576
6.49872
10.06704
10.5192
10.47024
3.25008
9.91152
8.81712
9.2016
9.58176
9.6912
9.5112
8.5104
8.94816
8.8776
8.78976
8.86032
8.66736
8.4816
7.992
6.984
6.9696
2.39328
8.22528
6.9336
7.72128
7.5816
8.028
5.54976
7.81632
7.85808
7.47936
7.41024
7.08336
5.44752
3.19248
4.57632
3.54816
2.16576
6.67872
4.4352
3.7728
6.36912
7.23312
7.29648
3.13056
6.9912
5.72976
6.85008
5.37408
6.71328
6.97248
5.6952
4.90464
7.2576
6.11568
4.89744
6.41808
4.22784
7.08336
4.59504
5.30208
7.40736
7.36128
2.29248
3.44592
5.45904
6.98688
7.10208
5.9976
8.03952
3.24432
4.19472
7.82064
8.02944
8.12448
8.1216
5.81472
6.9768
8.84448
8.92512
8.25408
7.64064
2.82528
1.23984
3.97584
6.94368
9.34416
9.3384
9.35568
2.36736
6.31008
5.11344
2.07504
2.5992
2.49984
8.3664
7.59456
9.62208
11.51424
5.36256
4.932
6.56496
3.19968
11.28816
7.50528
8.6184
12.12912
8.2656
6.58944
8.2872
12.72528
12.80016
10.6416
13.12272
4.94784
1.06272
1.06128
2.27088
5.86224
11.5272
6.49296
10.31472
10.68912
15.43104
8.59824
13.12272
11.94624
12.096
11.87136
7.99776
9.5688
9.48528
14.09904
6.89328
8.52768
9.51264
12.82752
16.29648
15.92784
11.49552
6.19488
15.96816
18.1512
18.2376
18.38304
18.01296
13.01472
19.4616
18.23904
8.65872
12.1176
17.51472
18.44208
11.97504
2.9304
10.04688
17.98416
10.48752
9.3312
13.6152
14.61312
6.50448
19.95408
2.31552
20.82384
20.72448
20.19168
20.51568
18.38736
15.87456
17.51328
19.14048
18.84384
21.02544
16.85808
5.26608
10.92384
13.62816
19.64016
22.57488
15.61536
9.63936
13.75344
10.04544
12.77712
12.92976
21.14208
19.38096
19.98
2.83248
24.82128
21.2688
24.15456
23.20704
22.07232
14.20704
21.42432
22.3272
19.26144
18.52848
15.23376
21.11472
20.32128
4.9608
11.3328
4.62528
16.60032
6.25392
18.12384
22.59648
21.74544
6.91776
19.95264
14.41008
11.79072
20.38752
17.64288
15.01488
13.41792
21.04128
20.6928
24.92496
24.8112
24.42528
24.13728
24.372
25.28784
24.80832
25.00272
14.16528
23.86224
21.91392
19.21104
18.75312
21.95568
13.22064
11.77776
19.90512
23.34816
23.67216
23.55696
22.18176
22.05504
13.77792
23.98032
17.97264
22.99824
16.82208
23.01696
18.18288
21.51792
18.13248
23.26608
21.85776
24.0912
24.28704
18.81216
21.96288
18.04464
15.37488
15.39792
21.96288
17.37504
20.09664
20.66688
21.61008
22.04208
20.124
22.67136
21.51936
22.54032
22.3344
21.7872
21.55248
20.7576
20.51856
14.10912
16.74864
8.10432
15.08544
7.26768
15.05088
20.40192
20.65392
21.6144
14.6952
14.71968
21.42144
20.81232
20.63952
19.68048
17.60832
16.12944
19.92672
19.4832
19.26144
17.01216
9.144
14.68512
15.36624
16.45344
18.2592
12.93696
7.87248
13.01184
10.44576
13.1544
17.99424
9.30384
11.59632
10.81152
14.8104
10.75536
17.07552
15.63984
3.47472
14.33232
10.27584
9.31248
15.88176
15.84
15.72192
15.5664
16.03008
16.18272
4.00464
10.28016
15.7104
15.71904
15.1704
14.85936
14.83488
15.36768
14.82336
14.51376
14.04
8.40384
13.71024
8.50032
12.29904
10.59984
11.47248
10.96272
10.06128
4.3056
11.57184
3.04128
12.68928
4.644
0.73584
4.05648
11.44656
10.9872
11.92896
12.07584
11.81232
9.3024
2.55168
8.76384
10.09872
8.52192
5.83488
10.87632
8.3808
10.76976
10.35504
1.99152
9.11664
7.98624
3.39552
9.5976
8.07696
8.43264
4.31568
2.90592
5.04432
2.0304
4.99392
3.16512
2.11104
2.31984
4.69872
7.26912
4.4424
1.73232
8.2152
4.45248
7.2
7.74432
7.52112
5.32656
7.21872
4.0752
6.93504
4.75632
6.65136
6.47712
7.20288
7.39872
6.64704
5.71536
5.83344
6.20064
5.508
1.03104
5.83488
4.04928
2.41776
4.46112
4.90752
6.7536
5.85648
6.68304
6.62688
6.52752
6.96816
6.12
4.7736
6.99408
7.04736
6.98112
7.34976
7.33392
7.31232
7.4952
6.95808
7.65792
7.65216
7.71408
7.44048
7.55856
7.69536
7.98336
7.8696
7.82784
6.59088
7.81344
8.0352
4.60368
6.34032
6.10128
7.40592
3.43152
8.7696
5.976
5.47488
8.54784
8.2368
9.2304
9.16992
9.58464
2.03472
9.51264
8.09568
6.5016
7.11216
10.69776
10.6056
10.43712
10.30752
9.13968
10.3032
10.17648
7.48224
10.7784
10.44576
10.14768
10.97424
9.34704
12.46608
12.00528
9.24624
8.56656
10.19808
12.05856
12.87936
12.8088
11.43648
12.90672
13.1256
13.89168
13.06224
14.07456
13.66272
14.184
10.84032
12.27312
2.55168
14.7096
13.91472
14.56992
14.96592
15.47136
12.0096
15.73776
14.45328
16.30368
16.04592
16.55136
17.07552
13.6224
15.85296
17.08992
16.1568
17.3304
17.46576
17.55792
18.27216
18.26928
18.24048
17.37216
17.00784
5.0256
6.68448
12.56688
6.08544
20.15136
14.48496
14.32656
20.4336
10.8792
16.98768
20.55024
21.12048
20.14272
21.11904
17.14896
13.27104
19.05408
8.48016
9.6696
8.90928
4.43664
4.68
4.212
15.43104
15.54624
14.67504
22.70016
21.57696
22.68864
13.56624
14.82768
19.37232
18.78768
4.4352
23.74272
24.52896
24.23664
5.28048
12.23712
21.89808
15.92208
23.42448
24.65424
22.30992
24.1704
15.19632
8.89632
13.58208
15.83136
14.5944
24.00624
24.264
24.372
19.70784
3.88224
-99
0.28224
24.82272
24.92784
25.31952
24.82992
24.73776
24.90336
24.912
20.1888
17.34048
10.26288
22.76784
22.79808
23.87376
11.67408
22.46688
5.5656
25.88112
10.70208
20.37312
25.42608
24.50592
23.66064
21.13632
24.1272
22.032
14.06736
22.88592
22.99392
23.68944
15.64704
23.616
24.06384
25.2144
25.0488
24.83856
23.80608
23.54112
24.27552
22.81536
23.6952
20.40192
16.22736
9.67104
23.2128
24.39504
23.84784
22.82976
18.47376
18.86112
24.2496
22.86
22.81968
23.16096
21.23424
21.46032
22.07232
22.2624
22.76208
22.35024
19.99008
10.88208
16.82496
23.97168
22.99392
22.3344
13.86288
18.81648
22.68576
21.79008
19.296
20.75472
17.94672
13.46256
21.86352
21.3912
21.30048
16.38288
18.77328
19.32192
21.51072
20.78208
18.22464
12.52656
10.4256
8.10576
7.3872
15.43968
20.60784
20.27808
20.10384
19.95408
14.81616
4.03488
19.68624
16.68528
18.9
17.676
14.55552
18.50688
19.59984
18.94464
19.13904
19.13472
17.26416
18.40176
15.59952
8.52048
6.444
16.66368
6.29424
11.83824
15.2784
15.14592
14.98032
12.48624
13.43808
9.1872
9.19584
11.61936
10.34352
16.19424
15.34032
15.59664
11.17152
9.04896
14.8032
11.53872
13.01904
15.16464
14.63328
14.64768
14.59152
12.2256
13.21632
13.356
8.25264
4.2696
9.0792
7.21728
7.75008
3.72672
13.62816
11.74032
11.12544
8.96256
11.71008
2.60784
9.95184
0.6768
8.60688
11.72016
11.64528
11.2608
10.9296
3.61296
8.9928
9.77616
9.90432
7.63632
7.76736
9.64512
9.74304
9.3744
9.756
4.48704
7.81776
5.75424
9.60048
7.58592
9.24912
6.48144
2.71296
6.92352
8.84592
5.43456
7.66368
8.80272
5.26896
6.87888
3.72672
3.39984
7.85088
7.56432
7.39584
6.79968
6.52608
4.82832
6.83424
5.46048
5.69088
2.75616
0.31536
1.7424
5.53392
6.444
7.00128
6.90336
6.27408
4.85424
3.6648
2.30544
7.44336
6.90048
1.36944
3.38256
6.07248
2.87568
2.62656
5.59872
6.10128
6.47568
5.66352
7.01712
7.15968
7.17984
7.01712
6.14592
5.61312
6.28272
6.9912
5.3568
5.24016
7.15968
7.3944
6.6816
7.77312
7.2
6.34176
2.60496
7.83504
8.01216
6.9552
8.43696
7.02
7.49088
8.14032
7.46928
1.04688
0.57456
0.11376
3.38688
8.10864
7.78176
3.39264
7.96752
7.42032
2.83968
6.40656
7.4952
6.2784
7.72992
9.02448
8.71344
8.19936
10.53792
9.2088
5.0832
7.53696
9.5976
10.76832
10.48752
3.26448
8.96688
11.1672
10.03392
4.9464
10.89216
10.3536
12.47904
10.51776
12.40848
12.50352
12.88224
13.27824
7.00272
10.08288
12.88656
9.91584
8.72496
10.69488
12.36672
8.05248
11.0736
8.93376
12.97008
12.1248
14.75856
12.67344
8.78544
14.90256
13.71456
12.8448
16.03728
8.19072
0.7632
3.70512
9.86256
12.708
12.56832
14.31936
3.19248
4.80816
9.21024
5.3568
9.59904
17.40384
15.42528
17.3592
4.24368
0.68112
0.78192
5.9544
15.39648
13.70592
9.10944
9.00576
9.58176
17.60832
19.5192
11.92176
11.70288
16.65792
6.70032
19.23264
7.50528
17.9208
6.27696
12.31056
10.85472
8.6544
5.86944
10.53936
15.47424
20.0952
19.52784
20.97072
6.43248
15.16032
21.96
14.22432
16.82064
19.7496
22.2048
16.93296
13.83984
21.64176
18.26496
15.66576
10.09584
6.10416
19.19232
8.68464
19.01232
4.8816
19.37376
21.1896
21.10032
24.40944
24.50448
24.28128
23.616
24.08544
21.42
18.05904
8.47152
24.26688
22.0968
23.44896
24.3576
13.70448
11.79936
18.05904
15.52896
12.37392
10.04256
25.32672
22.6368
17.3232
23.47056
25.72128
20.85552
8.89488
20.26944
24.17472
23.08896
23.31216
7.69968
16.2792
19.22688
7.68816
13.22928
24.67152
25.02288
24.156
18.44784
23.1552
23.81904
23.93568
18.22176
18.12384
20.31264
22.87584
21.05712
23.148
25.4592
24.79824
24.54624
25.38144
16.62912
15.6096
23.50656
23.63904
15.14304
23.11776
19.34496
23.26752
24.15168
24.01632
23.92848
21.95424
16.9128
21.77136
13.644
23.01264
20.92464
22.45104
20.99232
21.5784
20.14416
21.42288
21.62736
20.5056
21.12336
21.47616
21.04704
22.87008
20.9016
21.87648
20.63088
17.04096
17.676
13.7304
11.1384
14.38416
16.78752
11.45376
13.61952
21.30048
19.34928
12.44736
20.6496
18.37584
18.87984
19.80432
12.63024
20.23344
18.43632
13.42944
15.46704
11.16144
10.63872
20.43936
19.70352
13.64832
19.0584
19.04544
17.73792
15.35904
17.47872
16.06896
14.76288
8.85888
16.524
17.37792
17.31744
17.39664
15.72912
14.75712
14.86944
8.44272
4.9104
12.69648
11.96928
12.54528
13.41936
12.17232
8.0352
16.23168
12.852
15.21072
15.80256
14.45472
13.68144
13.16736
1.98288
14.69808
10.81152
14.76144
13.5216
11.09088
8.85312
9.52848
10.73664
14.01264
13.95792
13.38048
13.48272
10.95984
13.20912
12.30048
11.69856
10.47312
2.57184
9.07488
3.08304
11.00304
11.45952
9.78336
11.36592
11.2536
8.55216
10.57248
10.764
10.6128
10.37952
9.71424
6.74784
1.476
0.80496
0.73584
3.3336
8.29584
8.78832
9.02448
8.72064
2.05632
4.87296
6.16464
7.7688
8.62704
8.62704
5.44752
8.17776
8.09568
8.42112
8.15328
7.88976
5.31792
6.67728
2.40912
2.28816
2.16432
6.69744
7.4016
6.084
7.7616
7.48512
4.02336
7.29072
7.46208
3.672
3.07728
7.39584
7.05456
4.19616
7.34832
6.53184
1.80864
6.13872
6.81984
3.27456
5.544
6.2064
6.72048
5.69952
6.69024
4.37328
3.40992
7.4664
7.60752
4.60224
7.23456
5.94864
3.74976
7.07184
7.0488
9.6498
9.477
9.1638
9.0432
9.5166
1.9332
3.6612
1.8342
3.3588
9.8532
10.1988
10.0404
10.3878
6.0318
10.2816
10.3338
9.2502
9.1782
2.8692
8.2566
8.2764
6.471
11.2158
3.3408
7.1856
9.2772
11.0682
9.927
8.2854
9.3636
12.213
12.213
9.1404
5.7366
2.4048
9.378
12.5406
6.372
3.5784
13.4352
12.6432
6.0498
12.2706
1.44
2.2374
13.9068
11.871
4.842
5.2272
5.4324
1.6524
9.3474
11.2878
6.5106
6.6834
7.2378
14.3766
9.612
1.9872
1.6236
9.0234
13.3542
12.951
7.8498
7.7328
3.4182
17.1882
19.125
17.1036
15.5268
18.6084
20.6298
20.2986
20.5362
19.4292
18.432
11.5902
21.7764
20.3562
21.3876
21.9834
21.555
21.636
17.0676
10.4724
22.3236
21.7458
21.2544
23.2218
18.441
20.6676
20.5902
21.6576
23.7744
25.011
18.4374
4.3002
4.5018
3.5298
10.7622
26.5446
19.6722
2.7792
11.9124
18.6804
22.473
26.8326
20.4948
13.41
7.3332
5.9022
26.469
20.3382
22.1256
8.073
7.8462
9.0036
19.9872
18.5688
21.9852
16.6626
22.419
27.2772
28.557
22.5234
26.4168
19.8324
13.9698
11.9808
27.108
20.3724
25.0524
29.916
25.1388
21.0582
23.5584
16.8516
30.249
28.1772
15.768
19.1196
6.6582
26.7408
20.5146
6.7032
26.8056
23.1408
30.1932
21.6288
25.6518
14.3928
25.9578
22.3938
15.6348
15.1074
21.0312
31.2876
29.9448
30.0672
30.5316
14.1084
30.4596
28.0782
30.5442
26.4276
18.0468
8.6742
27.6066
10.926
17.4474
25.4412
27.5688
23.4828
32.004
30.6792
13.6872
26.6922
27.6336
31.1184
5.6304
16.3656
19.5804
24.3486
26.1558
15.273
25.7526
16.4412
29.061
26.172
29.5776
15.7806
16.4502
24.8544
29.3562
30.3192
30.4074
30.2724
29.898
29.1942
24.372
27.189
28.1232
22.6836
27.2124
22.8438
11.5596
27.171
17.244
17.0208
20.16
9.6948
28.8324
23.0562
17.6454
24.8634
27.54
17.6544
27.7218
18.288
17.865
13.266
17.2782
23.3514
25.2396
20.2122
17.7084
26.4222
26.9208
26.4636
9.4698
18.153
20.4066
21.5334
7.4016
12.3804
16.1784
20.3364
23.6592
20.7954
5.4594
6.7464
13.572
2.7162
20.907
14.3784
11.3166
16.4538
16.3206
12.6288
16.0974
16.4376
19.827
9.1998
18.198
11.6658
13.8978
18.918
14.544
21.0942
12.996
21.789
19.0584
13.6962
7.7778
7.6446
7.2774
17.0118
19.215
18.477
14.967
16.74
17.0712
15.2442
9.6246
12.9132
16.7904
16.0308
17.9118
17.8542
6.6204
6.6636
14.4054
16.8588
16.9218
16.8102
9.0288
12.5298
15.1902
9.4248
8.3376
12.6702
11.808
12.1518
9.6534
14.9292
14.859
14.346
12.942
11.511
8.4636
7.5816
4.131
11.4804
12.0942
7.1208
12.1518
13.1724
11.8584
13.2336
13.1076
12.5568
11.4984
3.537
5.7978
5.7528
10.8288
11.2626
10.7694
7.686
10.9764
10.7046
10.521
3.7674
8.352
6.3846
2.8458
2.8872
7.7382
10.17
6.912
6.3954
7.8696
6.1974
8.6472
6.921
9.4338
7.137
9.3942
8.2764
8.3808
9.5436
9.126
3.6306
9.7704
8.8866
6.7266
9.189
9.225
8.2728
1.6956
8.622
8.8452
8.6562
6.8544
2.9088
4.869
2.5704
7.3584
8.2116
6.6816
8.1432
9.072
8.9154
8.8488
9.225
8.9208
8.0154
8.3862
5.607
10.0098
9.5868
6.363
5.868
9.4104
7.038
9.999
10.0332
9.4914
10.0458
10.2528
10.6074
10.5138
10.0782
10.4976
10.8486
9.6786
9.207
6.6834
11.3148
11.682
11.8404
12.2292
12.1284
12.2652
12.4632
12.3048
13.041
12.7476
10.341
8.0496
13.1508
13.104
13.3488
12.1536
11.9178
12.258
5.9598
8.3286
12.7062
12.609
7.8264
15.1902
15.0804
1.611
15.8562
16.1334
16.4574
13.6836
10.7982
10.35
4.4298
8.4528
9.6498
16.2864
7.8354
16.5726
15.282
10.3752
4.3776
1.9404
6.372
16.236
10.4166
3.4344
17.676
17.3484
1.2132
6.8094
1.9026
5.1624
6.174
2.799
6.1092
1.3608
9.1782
7.47
1.917
14.1228
3.114
19.3176
17.1738
9.1242
7.5888
21.9312
24.6438
23.9508
23.1606
17.73
19.9458
19.5786
25.7508
22.2768
23.3604
3.6918
13.2912
4.0392
1.305
19.7298
22.2012
25.4124
26.0514
24.8706
11.8026
1.4544
12.7134
20.3274
13.6728
25.1136
26.4384
24.4782
14.1264
16.9218
26.7318
23.0202
25.9956
17.5752
14.3622
10.647
25.7796
28.1124
27.3222
26.6868
28.5552
28.62
27.7002
27.3096
28.7172
26.2332
26.964
27.9738
28.3068
27.7308
21.492
27.0558
27.6048
26.3106
28.0278
3.897
8.325
30.8664
29.646
30.195
25.5582
29.1636
30.312
26.6994
25.0002
29.6298
24.9318
30.69
23.2092
29.2626
22.8726
31.4766
30.7764
30.24
26.5914
29.358
20.4444
29.1132
29.079
29.0556
29.8746
22.0176
17.0946
14.67
28.9998
29.862
29.5812
27.7236
23.922
9.9756
31.6296
18.3096
24.3702
30.9258
24.9642
22.941
29.5398
27.0288
15.4602
30.1698
31.3056
30.7476
30.7008
27.8154
29.4516
29.7558
28.6542
29.214
28.4292
28.8396
27.9864
24.6798
27.5616
25.4952
26.2548
27.423
25.8984
25.9398
27.4284
21.132
11.691
15.8472
12.2436
25.1874
26.343
27.8748
23.0454
24.0732
24.633
26.3718
16.8426
20.1942
25.2738
26.874
25.416
25.749
15.291
23.3154
25.9812
15.066
23.4738
23.1066
27.0558
26.3268
19.6776
26.1036
25.3656
17.7966
20.7576
17.6994
24.8472
19.4868
15.8058
18.1782
19.4706
17.6814
20.0268
14.0346
13.815
13.6638
23.2812
18.9378
15.3684
19.4904
12.9582
16.668
16.4736
3.5568
11.5416
19.8198
17.5788
20.646
4.0608
19.485
16.794
16.2612
10.0548
11.3112
13.032
20.1744
15.8436
13.626
11.3688
12.6234
18.2078608695652
18.9954
18.774
15.381
11.1186
12.618
9.711
8.793
7.2522
13.2804
9.7578
6.6888
15.6924
15.5736
16.1514
12.9132
11.2284
8.3178
10.4004
5.2956
2.3508
6.5034
9.2178
5.4612
10.7262
7.5924
10.1124
7.6176
11.5704
6.3756
7.0146
6.588
12.1194
6.6906
5.3568
13.1472
13.131
12.726
10.1862
11.4336
7.0488
11.943
3.7206
3.294
10.3644
8.8632
6.273
7.4052
4.3074
4.0266
11.0664
10.647
2.5092
7.9776
8.3286
8.9496
8.4492
9.036
9.1692
5.7132
9.828
9.594
5.6682
9.4248
5.0058
3.2562
2.1474
7.1064
3.9204
1.0566
7.6464
7.1496
1.5624
1.3482
2.1654
6.9948
7.0326
8.4654
8.6904
5.4126
5.7366
4.8546
8.145
8.478
8.262
8.6688
8.6238
7.92
8.6472
8.7462
6.1344
5.094
8.6148
