20000101
-99
-99
-99
-99
-99
-99
-99
-99
-99
-99
-99
-99
-99
-99
-99
-99
-99
-99
-99
-99
-99
-99
-99
-99
-99
-99
-99
-99
-99
-99
-99
-99
-99
-99
-99
-99
-99
-99
-99
-99
-99
-99
-99
-99
-99
-99
-99
-99
-99
-99
-99
-99
-99
-99
-99
-99
-99
-99
-99
-99
-99
16.27632
16.11648
14.8032
14.38128
14.46624
7.79616
15.31728
16.40304
16.62768
16.81632
15.99408
16.1784
15.912
17.29152
17.30304
14.6448
17.48448
14.24448
8.70048
14.076
13.10544
8.71056
14.0976
11.70288
13.96224
11.15568
7.54272
-99
-99
-99
-99
-99
-99
-99
8.75088
22.7016
21.91824
6.45984
12.16656
4.34304
10.2672
17.65728
20.1456
14.84784
22.54464
4.4856
22.6368
20.7432
22.20624
19.79568
21.72816
20.5056
17.35488
23.56128
23.8104
22.09248
9.74304
14.57424
16.41456
16.05168
22.94208
23.56848
22.46256
13.6872
14.64336
22.17168
18.21024
21.05568
17.0424
5.50656
19.02528
23.02848
24.68592
24.9264
24.25824
23.09904
15.59952
21.4128
20.53728
9.11664
9.1656
14.61168
22.64688
21.88512
19.52496
23.20128
17.6184
16.9776
17.50896
23.51952
23.7384
24.2856
24.16752
25.7616
21.84048
22.5504
24.52464
27.10656
26.50032
23.0976
3.88224
10.74384
16.98336
9.73008
18.71856
26.26272
26.25264
25.53264
26.61408
26.16912
26.30736
25.36848
24.51888
15.77088
25.5528
25.57584
20.44656
24.77088
24.07248
24.40944
16.42896
24.70752
23.364
24.32592
24.9192
24.8832
22.80672
25.20144
24.32592
23.65776
12.47472
25.39728
26.84304
25.22736
19.76112
20.43792
16.25328
17.60976
19.67616
23.69664
23.47488
23.9544
23.68944
9.46224
22.29408
16.73568
24.59952
24.4512
22.15728
24.86448
21.79296
23.27904
19.67472
22.08384
16.99056
20.55744
20.1384
20.3112
23.53536
22.84416
22.4208
22.37184
18.86832
14.5008
18
21.01968
21.13056
21.61872
20.772
19.71936
22.26528
21.86064
15.4224
22.02336
17.97696
18.84816
19.31904
16.09344
21.25584
17.48016
19.65456
12.07584
19.93248
20.15136
17.17632
19.29312
19.84032
20.93472
20.22336
17.16912
15.2424
20.14992
20.27664
20.05056
15.98256
16.15392
16.8912
16.52832
17.36496
10.27584
13.14432
9.468
14.868
19.17504
18.74016
18.20592
16.83504
16.40592
16.5384
12.23712
14.7024
16.1928
17.78544
13.7376
18.03456
13.32864
16.25904
13.23216
15.40656
16.68528
16.69536
15.72912
9.10368
5.39712
4.80096
2.7936
15.07248
4.91328
7.67232
14.48928
13.32288
11.75904
7.6896
8.4384
4.8096
6.5736
8.18784
10.29456
8.7048
9.47376
10.53792
7.59744
7.24176
7.11216
13.42944
5.41296
11.50128
10.8936
8.2944
11.21472
8.16336
12.33792
11.38896
11.56176
8.56224
7.41888
3.55104
11.3688
4.45248
8.15904
8.59824
7.6608
10.07568
4.38192
9.89568
9.0864
3.75552
9.58464
7.64064
10.15776
9.11808
5.19408
5.17824
5.23008
4.72896
6.16176
7.97328
7.63488
6.96096
5.86944
4.34592
8.54496
9.80352
7.51968
7.23888
6.71616
6.79824
8.3664
6.94944
9.5112
8.9136
8.72208
8.13024
6.67296
3.53376
3.62448
3.81888
2.22192
7.88688
9.05616
6.76512
4.81392
9.75456
3.44592
10.24848
8.136
7.0776
8.7048
8.71056
5.06304
3.14496
6.4512
9.71712
5.82336
8.352
4.45104
7.98768
5.77584
2.43072
2.77056
6.54768
5.7888
3.1248
9.93456
9.58464
9.10224
6.13008
7.96752
8.75376
10.32912
10.20096
11.66256
7.90704
10.656
12.62304
11.59056
12.2688
12.17952
12.38256
11.81232
12.15648
8.01936
5.48352
12.01536
13.2696
13.12848
11.88432
12.67488
5.03712
5.21712
8.31744
13.65696
10.35072
12.13632
14.49216
12.53088
14.12928
14.31216
13.69728
10.61568
15.11568
16.74432
9.79488
13.2408
12.36672
5.53968
12.14928
7.6464
12.89088
9.85392
11.12544
15.78384
14.93712
10.63872
15.99984
15.5664
18.036
18.13536
16.50816
8.31168
15.7896
16.94592
17.69616
13.9176
12.25008
15.97536
16.3296
13.43952
19.656
18.39024
12.47328
18.12528
13.8312
20.57616
20.85696
21.18096
20.5704
18.93744
20.4192
16.8696
18.13248
18.21168
22.84992
18.26064
20.3328
21.89232
22.49136
16.53408
23.34528
22.76208
20.92464
13.48704
7.24464
21.50496
15.96816
24.17328
20.55312
23.25888
21.4848
24.59664
21.23568
20.66976
23.7096
15.54768
5.9112
20.32704
14.81904
8.07408
15.18192
16.67808
20.63808
21.38112
22.2192
15.14304
7.18272
18.11376
22.968
24.25536
16.0704
24.7032
22.7016
14.99328
10.19376
22.74624
20.9808
20.06784
17.09424
13.896
15.49008
23.23152
24.99408
25.39152
25.03008
25.31376
25.23744
23.72112
20.5848
24.0336
25.51824
24.41232
20.76336
15.77376
25.6032
24.77952
21.6
13.59504
26.91072
24.0912
23.82336
25.46928
22.21632
27.60048
26.96544
26.52192
26.76096
26.37504
25.7904
25.6752
24.61248
24.8256
24.73488
25.0848
20.29392
25.94016
25.71696
24.91632
24.98832
24.53184
22.2912
15.85728
19.41984
17.8776
27.09504
24.33888
11.0376
25.5168
24.14592
20.63376
22.64976
17.85456
15.87888
13.83552
25.76592
24.6888
7.98624
26.52624
25.83936
25.75152
23.2416
15.66864
22.9536
23.61456
24.76224
23.07744
24.19776
23.27904
22.36896
22.18032
22.29984
16.26768
19.66032
20.2968
23.02992
22.59936
18.69984
22.5216
22.63536
22.70736
18.6336
22.01616
21.51072
16.704
16.7832
18.61776
20.2968
15.98688
19.3464
21.9528
21.47184
20.38896
21.29616
21.65904
21.08304
20.84832
21.24864
20.80368
18.98352
17.4816
21.01824
20.49984
16.31952
14.49792
18.46224
18.52704
18.38016
18.6408
17.92944
9.00144
15.28848
16.85088
16.49088
14.6808
17.7408
17.29152
15.80976
15.73488
15.31008
8.71776
15.11712
5.47488
12.03264
9.75312
16.29792
16.04448
10.764
4.25664
6.57792
10.50192
12.276
12.54384
12.8592
10.512
9.684
10.39968
13.6584
11.03328
9.77904
4.27248
8.44416
11.16288
5.71824
11.7576
8.41392
11.21904
9.54288
0.39168
6.52464
6.0408
11.1528
11.2176
11.1096
11.65392
11.24064
9.28224
8.12736
9.4464
9.10512
9.75888
8.45136
10.13328
7.26048
10.11744
8.064
3.2112
7.91856
8.95968
7.09632
7.57008
7.47072
2.96352
6.80544
8.22816
5.78448
1.83456
1.30176
2.32128
4.60944
7.776
6.85872
5.328
7.68384
6.94512
8.07264
8.11872
5.18256
2.18304
6.8328
5.70384
5.65488
7.15536
4.21776
0.34128
4.3992
7.00272
6.60528
6.9264
6.95952
7.23168
6.10992
7.40304
7.42608
6.98688
1.23984
1.8
6.23808
3.49776
3.62304
5.84352
6.61248
6.18624
6.96528
3.27888
7.13088
7.6464
6.7608
6.49152
6.4944
6.42816
2.58912
1.21104
1.75536
1.28304
2.03904
1.51488
2.9664
4.75056
3.05712
2.96352
6.70896
4.33296
5.05728
8.23248
4.50432
6.45408
3.39264
8.1648
8.5464
7.884
6.26688
8.37504
8.54208
7.23024
5.8248
8.676
8.89056
8.90496
8.45424
8.56512
8.09424
7.0056
6.72624
8.3016
9.37584
8.16336
7.98624
7.1856
10.01376
10.59408
9.97632
10.01376
9.38736
7.30656
10.00368
8.95104
8.88624
8.46576
1.7424
7.32096
9.3744
11.3832
9.00288
12.3552
11.68416
10.9152
12.05136
12.48912
8.8632
12.19392
7.50528
4.08528
3.4848
9.82944
6.97536
2.08944
6.7464
7.81344
13.0176
11.73312
13.56912
12.16368
7.48656
11.93616
12.44448
14.1192
12.31776
6.55776
11.39472
13.63968
14.64912
14.67648
14.38272
14.46912
12.62016
11.14272
13.52448
11.9304
10.1448
2.66688
15.65712
13.15008
16.30152
4.1868
2.21184
14.0112
17.53632
11.44944
6.3648
4.33008
13.8744
7.23312
8.63568
5.62464
16.52544
7.83648
10.30176
13.32
18.45936
15.03504
14.38992
16.42752
18.75744
18.77472
18.40896
17.3376
18.8424
2.14272
-99
-99
-99
-99
-99
7.41312
11.43792
20.41848
14.47272
10.25568
4.12992
6.1704
10.88784
4.93776
3.37248
21.05352
21.7908
20.86848
19.6272
20.99088
15.228
20.10816
22.44528
20.88576
20.736
14.55984
13.55904
22.8168
21.05856
15.34464
18.11088
22.8312
20.96496
20.67984
22.16592
16.74
22.02048
18.64368
13.72464
8.14176
19.48176
21.02472
6.31368
23.42592
22.70448
22.37328
21.83472
22.13568
22.2192
22.09824
21.93552
21.76704
21.34224
20.75472
16.27344
20.96064
21.63744
21.61296
20.75184
20.72304
19.05264
16.50816
22.29408
5.29488
10.95408
12.91968
19.96416
19.98432
16.89696
20.37168
13.94208
21.84768
18.61344
20.40336
20.13984
20.05776
15.38064
16.13952
14.7816
13.104
10.08576
20.56176
21.1464
21.1176
20.27376
19.8648
16.99488
18.08928
19.60992
20.33424
20.61936
20.04048
18.32832
-99
15.2136
16.9272
11.92464
14.652
18.58896
18.22608
14.56128
19.32336
19.59264
14.07888
14.41872
12.79152
21.27312
20.5632
20.15712
18.6624
15.77232
17.748
18.57888
16.96752
13.28832
18.4824
16.38288
7.96176
15.2136
3.6648
12.60864
13.95288
6.17112
17.42688
17.43408
18.0576
11.46816
16.9632
10.65312
10.06848
16.9056
16.46352
16.9416
14.33664
10.8
16.75008
16.19136
13.33152
11.60064
14.58432
16.7184
16.33824
11.232
10.28016
10.21536
13.46112
11.39616
5.4216
14.51088
15.50592
16.45488
16.0848
15.63264
14.11056
11.64672
11.1024
12.94704
12.23568
3.15216
10.32192
12.00672
12.56688
13.22496
12.22272
9.45792
2.03616
8.70048
11.88
8.76384
12.942
12.30264
12.19824
10.92384
11.37168
12.06864
11.51136
8.4816
8.86464
9.52992
10.35936
8.29008
10.33632
10.45296
10.29024
7.94016
5.98032
7.49088
5.15664
8.7192
7.58016
7.80912
8.96688
9.56592
8.60976
9.89568
8.21664
9.68832
9.5256
6.9048
4.82112
7.98768
5.112
2.66544
8.30304
7.35408
7.75008
7.21296
2.3832
4.51872
8.22816
4.20768
1.77408
3.02976
-99
-99
-99
-99
-99
2.59776
7.34328
5.6556
7.31664
4.70304
6.3144
4.7088
5.09184
5.84352
1.22256
4.53888
4.10688
5.69232
1.99584
5.56272
4.62528
3.21264
2.97216
1.47744
3.40416
3.04992
5.53392
4.86576
5.95872
6.70176
4.98096
1.1736
6.8904
5.27904
1.94256
7.14384
5.48064
4.90752
4.40064
3.23136
3.34512
2.19168
4.00752
1.96992
5.97744
6.04656
7.95456
7.81488
6.29136
7.80336
7.62624
7.46928
7.10928
5.06304
3.94272
0.20808
8.04168
8.1072
8.83728
9.11376
9.44496
3.53808
8.8272
9.3384
9.11232
8.42976
9.63648
9.95184
7.8264
8.19504
8.172
10.36656
9.58032
7.10496
10.00944
9.1224
10.368
6.50736
2.31984
1.34928
4.70592
3.61008
9.8784
8.14752
10.71072
1.70208
4.16304
10.25568
3.93408
6.88608
6.16032
1.28304
2.19168
5.8608
9.75816
9.73224
10.79568
11.94768
13.71168
9.62784
8.93952
13.26528
11.09808
13.2408
13.53744
14.51088
14.42592
13.85856
13.392
7.24176
15.70032
16.29504
15.48432
15.86448
15.64992
15.18912
14.10768
15.80688
15.8904
12.67632
15.17184
10.13184
3.00528
10.368
6.00768
12.63168
14.8824
6.50448
18.90864
18.37872
18.4032
18.50256
17.55504
5.66496
12.60288
18.55296
12.99168
11.06784
18.8424
2.29104
14.5656
12.384
16.38144
10.37808
11.31552
9.11952
18.92736
17.18208
19.53936
17.06688
18.9144
11.79216
18.648
17.23968
16.72416
13.3992
16.73712
18.42192
20.1312
17.69616
13.24944
8.52336
9.78912
17.63712
19.27008
20.93904
18.89424
18.71136
14.41872
18.32688
19.02672
12.04704
16.97328
21.05856
19.3248
21.72384
20.22336
20.02752
21.6648
13.48272
11.99808
9.8496
19.296
15.76944
21.528
20.84544
20.8224
21.20832
19.04112
14.24736
20.35584
9.972
19.53216
20.97792
15.82704
19.54224
20.14416
21.09744
20.74752
21.1536
19.08432
17.00784
13.10976
13.1472
18.49824
21.16512
21.132
20.81376
20.89152
19.8576
14.43456
17.12592
18.3096
15.84576
12.29472
17.63136
17.64864
22.26384
15.04512
11.5056
20.23344
15.62832
16.87392
20.73312
18.63936
6.88176
20.55168
20.30112
19.90512
19.6704
20.46528
18.4248
21.68496
18.60192
20.124
19.87632
11.7144
18.73872
18.43488
12.06288
18.46656
15.82848
19.2528
17.21808
15.23952
19.97568
19.71792
19.48032
18.38448
-99
19.37376
19.59984
19.01232
19.33776
16.78464
15.54192
18.1152
18.54288
16.4736
14.01696
18.16848
17.01072
16.52256
12.6216
8.80848
17.33472
18.3744
16.4736
14.3568
14.14224
16.09776
14.67504
16.8624
16.37712
16.61904
12.14208
17.62992
17.31456
12.50064
12.06432
7.34112
12.5856
7.3656
14.63328
13.84416
4.72896
13.11264
13.18752
17.04816
14.4576
16.16256
13.9248
15.82848
16.11936
15.72768
15.57216
14.8536
11.0448
14.94288
12.76992
8.64576
12.80736
14.77728
12.60432
11.50992
4.33872
11.36304
8.88048
3.59424
12.84912
9.39312
13.14432
9.67392
9.17568
10.14768
13.61664
11.99952
12.07296
12.63024
10.36944
4.94064
7.86528
8.30592
2.3904
7.11648
2.988
4.99968
2.1528
11.76192
5.17392
5.36976
11.73744
10.9512
10.14912
1.53792
3.47328
6.95088
8.37216
7.04736
1.512
8.136
9.33552
10.04832
9.70704
9.29376
6.59088
8.50032
3.05136
3.90528
5.17536
3.21408
4.77072
5.67072
4.18464
2.32416
2.69136
6.14736
6.75648
5.9472
6.03072
7.12944
3.7944
2.37024
8.11296
6.27264
6.63552
8.15904
6.6528
4.15872
4.5144
1.30032
5.64192
2.59344
5.66496
5.72832
6.1992
5.03424
5.87376
3.40128
6.62544
4.27824
6.38928
4.3992
4.53744
6.68304
3.5136
3.87504
3.52656
2.21328
3.6072
3.20688
7.21584
4.5648
5.36544
4.95504
6.60528
3.5856
1.37664
4.2408
5.8824
6.33024
3.71664
6.93504
7.11072
6.74784
6.40512
6.2712
5.64768
5.73264
4.32144
6.12432
4.02912
3.71232
2.79504
2.72304
7.27632
3.83904
6.02064
6.48
9.20304
5.2272
8.09712
4.67712
7.93296
1.68768
6.8472
6.696
5.22144
9.47376
9.3744
3.90096
5.62896
7.1712
7.64784
8.94384
9.11232
8.79408
9.7344
7.6464
4.33728
7.1352
10.3536
10.08144
10.21104
10.00656
8.1216
7.54416
0.39024
8.2728
6.80688
9.94032
3.11184
3.26016
12.03696
11.48976
2.69136
2.44512
1.30464
8.9424
13.34736
8.25552
12.54096
14.09472
14.15952
12.18096
6.65424
10.10304
15.33312
13.27968
14.77584
5.5224
13.3416
8.68752
3.33648
9.73296
11.52288
12.63456
14.2128
10.6848
13.2624
12.58848
14.96736
7.5168
15.97824
16.4448
16.6032
14.94144
4.10976
10.44576
4.46976
4.42656
7.6968
12.60144
9.28368
18.45792
18.50832
18.48528
18.37872
12.37392
1.836
12.97584
15.77088
19.36656
12.37536
19.7208
6.87168
19.26144
3.28608
11.99232
13.81824
21.71952
19.27728
20.8008
2.45232
18.93888
20.98368
21.17952
13.50864
20.81952
10.06848
3.7656
13.99392
9.55728
10.23984
1.19808
15.03504
16.46784
23.00256
18.56448
22.7088
19.44144
8.77536
3.1176
13.52016
21.01968
17.18352
20.484
21.95136
21.43152
21.90096
21.34656
22.76064
18.05328
16.0848
20.4768
18.38016
17.96256
16.0848
18.20016
19.19088
21.52368
11.52288
15.65136
17.19936
21.46752
23.31792
20.85552
23.0832
22.98096
21.6216
22.19616
22.12128
22.58928
18.19872
18.04752
20.6568
19.33632
17.8992
16.50816
23.48208
18.24048
7.5888
18.39024
15.85008
20.85696
22.37472
19.53792
18.4968
22.21488
22.97952
19.45152
22.00608
22.47696
21.38688
22.90896
16.41168
21.76272
13.00608
12.96432
20.99664
23.85216
22.00896
16.53984
13.20912
17.98848
23.07744
21.3408
22.11264
21.456
20.34288
20.9664
14.69088
17.30016
19.40256
20.65824
13.53312
19.41696
20.30256
19.34352
20.95344
20.52864
15.27264
18.80208
20.04048
19.15776
14.292
17.96544
10.27584
18.8856
18.63648
15.49152
19.28016
18.02592
18.28224
20.59056
19.89648
20.15856
19.54512
19.24128
16.18128
10.94112
18.95616
18.56736
18.94608
20.09808
14.43888
12.17088
17.00496
17.9064
18.97632
16.10496
15.65856
8.43984
11.988
5.79456
14.10048
10.26864
8.36352
13.60512
9.1296
14.71392
12.03552
15.28992
15.05952
14.88384
12.45456
11.4192
11.65392
5.94
10.99296
15.46848
16.39728
15.68736
12.816
7.68384
13.92768
15.4224
10.49328
14.22432
16.17696
15.41952
14.66928
13.22496
10.83744
11.06352
13.17168
11.66544
11.35152
13.0536
10.14912
10.69344
10.92096
10.89072
10.43136
13.1976
11.64672
8.01072
12.33072
11.83536
9.19008
7.28496
11.664
8.064
8.11728
8.46288
7.65648
10.12896
11.21184
9.86976
7.90992
6.63264
1.90512
7.47648
7.01424
8.69472
7.07328
4.9032
8.68608
6.08688
6.64128
3.74544
6.56352
7.5744
9.0144
8.41536
7.47072
7.4592
7.44336
8.96256
9.11088
8.2008
8.83296
8.24256
7.93152
5.36544
7.24176
7.308
2.56752
4.89168
5.12352
0.48672
-99
-99
-99
1.57824
5.2272
4.18896
6.74352
6.19344
1.55376
4.43808
2.31408
2.14992
5.46912
1.836
3.09456
6.408
5.23872
5.84208
3.816
4.5576
5.292
4.16304
6.2352
6.13296
6.21792
5.19696
6.47712
5.57136
2.5344
0.79488
5.42736
5.54832
2.55312
6.97392
6.77376
6.264
6.5448
2.8872
4.78944
6.67584
4.26528
7.10208
7.22448
6.94944
7.15104
6.04224
4.09248
6.95952
7.51968
8.16912
7.84224
4.12128
4.79808
5.22864
8.52192
8.26704
6.16608
6.9192
4.16304
8.00928
8.7336
9.63936
9.37296
6.5304
9.09504
10.04544
9.7776
9.67248
9.936
10.17216
9.44784
8.37072
3.4128
4.1616
6.65568
4.65696
9.71568
9.08208
8.39664
11.32416
8.80848
11.772
12.1392
11.96208
12.30048
12.01248
8.05536
13.98384
5.32512
9.6264
9.36288
9.18144
11.56032
12.96
11.052
10.95696
7.23168
13.70448
13.00608
12.21984
12.86784
15.58656
15.19056
15.10992
14.54688
2.7504
13.8456
14.48208
13.3272
11.51856
11.15136
14.54832
15.74352
16.74432
12.13344
6.4008
10.86768
9.93456
13.17312
9.9432
10.85184
18.12384
16.75296
13.77504
16.16256
18.50544
18.02448
4.72464
8.91504
10.89936
9.21456
17.59104
17.12304
7.5528
16.1712
20.2896
19.21392
18.86688
19.3104
15.9912
11.57328
17.01072
19.69056
19.59552
20.09664
13.42512
12.96432
10.32768
17.5752
10.86192
21.71376
21.1896
21.18672
21.44448
19.3752
21.19824
19.74384
8.07552
17.43264
12.24
18.64512
22.4568
21.7296
22.08672
17.08272
14.4576
17.28
17.65728
17.67024
22.11264
18.69552
18.03744
4.87152
23.60592
23.0112
22.17888
20.08944
18.6624
23.83632
23.01984
23.364
23.54688
23.6016
22.28976
21.16656
10.56672
9.98208
19.33056
22.64688
21.3768
20.74032
23.24016
21.78144
22.79952
20.03904
22.91328
22.6872
19.34784
17.70768
9.16848
14.33088
19.32336
20.81664
21.38688
23.37696
23.4072
18.32832
13.4064
21.86352
22.69584
12.8232
23.25312
22.9968
17.31888
9.14256
23.06736
18.75888
22.43232
22.11264
22.37472
15.87888
23.60016
21.8088
21.19536
20.48832
14.99616
17.78976
23.03424
22.63248
22.62528
22.68576
21.30336
21.90672
18.648
21.86496
22.91472
20.75328
21.4344
20.07792
17.44416
20.39472
15.56208
20.2536
20.72592
20.50992
17.29584
16.11504
11.16432
5.89536
15.97824
22.57776
22.09968
21.31344
21.08016
19.69488
18.00864
15.26976
13.13424
9.84672
21.09168
19.22544
18.96912
19.61136
16.90848
14.75856
14.9544
9.78192
15.32592
17.83152
20.23488
20.0592
18.98064
19.11456
13.65984
5.29344
13.10688
16.67808
18.22464
18.60768
17.31168
17.5464
18.02736
17.10576
8.9064
6.30144
6.23952
8.25552
14.26896
16.16112
18.10224
16.57296
13.17312
16.30368
16.92864
16.08048
7.41168
17.67888
15.65712
16.44192
16.28064
15.55776
13.78368
13.91616
6.63408
9.35568
11.93472
11.23632
10.09152
14.0112
13.60656
14.06304
13.5144
14.0832
9.81216
9.62352
11.78496
11.0088
11.72304
4.7952
2.58624
4.28256
3.46752
2.74608
6.26976
10.0728
9.67104
2.4624
12.0312
8.18352
6.8832
10.67328
5.01552
9.88704
9.24192
7.24896
8.92944
7.17696
9.4608
9.26496
3.9384
7.13664
7.96752
8.6832
4.068
9.36576
9.8784
9.5976
8.3664
1.31328
3.32352
2.09376
1.97568
2.83392
4.9248
4.49568
8.6112
7.77024
5.06592
6.60672
5.29488
4.8168
3.09312
1.66176
7.92144
2.04768
6.60672
5.2272
7.77888
6.7104
7.78608
5.88816
1.152
7.34688
5.71104
6.35472
6.88464
7.3008
2.91024
6.38496
7.36992
6.80976
2.39184
2.9664
3.65328
4.62096
6.45696
6.17184
5.076
4.40064
6.8544
6.69168
6.47856
6.91632
5.87808
4.04496
5.66352
3.7512
6.70176
6.18912
6.444
3.3192
6.73776
7.0416
7.36272
6.6168
0.87984
2.79936
1.01088
3.21408
4.51728
3.6576
3.65616
5.4216
5.30928
7.704
1.91232
2.12544
5.1192
4.09824
4.0896
6.5304
4.87008
3.97728
8.09136
7.15968
5.30064
7.30944
1.13472
0.33696
2.50848
4.53024
7.33536
5.88096
9.65952
9.37152
2.92608
6.31152
9.31248
9.8496
10.08864
9.35856
6.18336
5.38704
8.92224
9.55872
9.88128
5.79744
7.70256
11.81952
10.42272
7.64208
12.19536
10.4544
7.05168
9.31536
8.40096
12.43152
2.10528
13.0248
13.67136
11.14704
14.20128
12.99456
8.12592
5.33088
14.65056
13.75776
9.7056
9.62496
11.23344
15.12576
14.90544
3.29616
10.89072
10.1736
12.50496
13.2696
3.38688
4.15728
11.06064
14.184
12.60288
12.6288
13.9536
16.03152
14.78592
11.73168
17.63424
13.81968
14.28912
16.25616
13.73472
17.8848
14.83344
14.96304
16.1136
15.4152
14.30064
12.63024
13.07952
13.8528
19.56672
18.57456
18.5472
15.11712
11.96496
15.09264
2.90016
19.3824
16.416
9.63936
9.33264
16.20288
9.51408
18.21312
17.93952
16.89264
11.21472
17.83728
20.97792
20.8368
20.78928
19.12752
11.19744
11.628
12.17376
20.42352
18.05904
14.36832
19.64304
11.35008
20.0592
17.59248
15.0552
20.01024
19.72512
19.5912
18.97344
12.79728
21.36096
15.13728
20.25936
18.78768
13.50144
22.92912
22.34448
21.51504
21.62592
21.84624
21.66048
19.24848
18.84528
23.51088
16.4088
22.788
23.42016
21.26448
23.02272
22.4424
19.46304
19.02528
13.9248
22.97664
22.95648
21.90672
21.79872
18.08496
13.54032
21.05568
21.22704
16.95312
8.77824
17.2368
19.872
20.17152
19.97712
16.29648
21.64032
17.14608
17.12448
22.22928
18.7848
20.60208
22.56048
21.42144
21.73248
19.2816
17.15472
22.4208
20.25792
16.97184
21.1104
15.88608
11.81808
11.40768
15.2712
16.7616
20.59056
19.04544
20.9592
16.94448
19.71936
21.70224
21.09168
21.1032
18.80352
18.29664
21.27168
15.26112
16.2216
21.6936
20.24064
20.052
17.50032
20.68992
17.09424
21.76992
21.10176
20.62944
20.97216
16.56576
20.68416
19.60704
18.98784
17.0856
16.34112
16.71696
6.31728
17.58816
12.54672
15.88176
19.52064
16.50384
19.72944
18.27216
17.72784
9.00576
17.36496
17.76384
18.1728
16.8984
17.58384
14.13792
17.79264
17.34192
7.28784
16.43616
16.23024
15.85728
13.63536
10.95696
12.00528
15.5304
15.228
16.20288
9.85968
7.12224
3.14208
16.6824
8.41392
16.11216
14.24016
14.63616
13.23216
11.20896
7.2576
1.3536
11.24784
15.26256
15.39072
15.0048
11.18304
10.82016
12.1824
13.7664
12.29904
12.28752
11.59344
13.72752
12.89232
12.7512
6.912
4.55472
9.54432
4.5288
3.51936
8.99712
12.18528
11.9304
11.13264
6.94512
2.35152
6.23808
7.54272
11.12976
8.48592
5.36112
7.33104
6.73632
8.352
8.73504
9.31824
8.29152
9.2016
8.36352
2.2176
5.58144
6.54192
4.5648
6.5232
9.0288
4.94928
5.60016
8.06256
6.95376
3.77856
4.57776
8.16768
7.81344
6.65136
1.48464
2.57472
7.59312
6.88752
4.84848
4.19904
6.732
6.66864
5.79024
2.9304
4.28544
6.7248
3.66336
3.75408
4.3992
4.91616
2.84544
5.23008
5.65488
5.32944
0.61776
4.71168
2.67552
6.3504
6.06384
3.89376
5.15376
6.01488
6.1632
2.16576
5.80752
3.56544
2.69424
5.65344
3.42576
5.9328
4.87008
3.61728
3.43728
5.80032
6.21648
6.0768
6.05088
6.05376
5.8752
5.976
-99
-99
-99
-99
-99
-99
-99
-99
-99
-99
-99
-99
-99
-99
-99
-99
-99
-99
-99
-99
-99
-99
-99
-99
-99
-99
-99
-99
-99
-99
-99
-99
-99
-99
-99
-99
-99
-99
-99
-99
-99
-99
-99
-99
-99
-99
-99
-99
-99
-99
-99
-99
-99
-99
-99
-99
-99
-99
-99
-99
-99
-99
-99
-99
-99
-99
-99
-99
-99
-99
-99
-99
-99
-99
-99
-99
-99
-99
-99
-99
-99
-99
-99
-99
-99
-99
-99
-99
-99
-99
-99
-99
-99
-99
-99
-99
-99
-99
-99
-99
-99
-99
-99
-99
-99
-99
-99
-99
-99
-99
-99
-99
-99
-99
-99
-99
-99
-99
-99
-99
-99
-99
-99
-99
-99
-99
-99
-99
-99
-99
-99
-99
-99
-99
-99
-99
-99
-99
-99
-99
-99
-99
-99
-99
-99
-99
-99
-99
-99
-99
-99
-99
-99
-99
-99
-99
-99
-99
-99
-99
-99
-99
-99
-99
-99
-99
-99
-99
-99
-99
-99
-99
-99
-99
-99
-99
-99
-99
-99
-99
-99
-99
-99
-99
-99
-99
-99
-99
-99
-99
-99
-99
-99
-99
-99
-99
-99
-99
-99
-99
-99
-99
-99
-99
-99
-99
-99
-99
-99
-99
-99
-99
-99
-99
-99
-99
-99
-99
-99
-99
-99
-99
-99
-99
-99
-99
-99
-99
-99
-99
-99
-99
-99
-99
-99
-99
-99
-99
-99
-99
-99
-99
-99
-99
-99
-99
-99
-99
-99
-99
-99
-99
-99
-99
-99
-99
-99
-99
-99
-99
-99
-99
-99
-99
-99
-99
-99
-99
-99
-99
-99
-99
-99
-99
-99
-99
-99
-99
-99
-99
-99
-99
-99
-99
-99
-99
-99
-99
-99
-99
-99
-99
-99
-99
-99
-99
-99
-99
-99
-99
-99
-99
-99
-99
-99
-99
-99
-99
-99
-99
-99
-99
-99
-99
-99
-99
-99
-99
-99
-99
-99
-99
-99
-99
-99
-99
-99
-99
-99
-99
-99
-99
-99
-99
-99
-99
-99
-99
-99
-99
-99
-99
-99
-99
-99
-99
-99
-99
-99
-99
-99
-99
-99
2.3112
1.20096
2.79648
5.31072
6.14736
5.70096
4.11552
6.1488
6.43536
6.37632
6.61536
5.99328
6.69888
4.38048
1.404
5.472
4.98672
6.19344
4.44672
1.64304
3.81312
2.736
6.23664
7.22736
6.53472
3.35664
3.88512
3.38976
7.47648
7.33536
2.76768
4.55328
6.36336
7.05168
7.8552
6.04224
5.29632
7.5456
8.64288
8.9208
8.36496
8.48448
7.40448
4.40208
3.97728
6.30576
9.3384
9.68544
9.86256
9.74592
9.96048
10.38096
10.3896
8.51616
6.53616
7.87104
4.6944
10.31184
9.3168
5.15952
2.14848
1.84032
2.952
9.57168
10.67616
11.42064
10.39968
4.34736
7.12368
8.85744
8.40672
10.32336
9.99648
13.3272
12.06576
9.40032
14.1048
14.63472
11.0736
14.12352
6.97824
7.96176
14.0904
8.5392
14.18112
14.03712
9.05184
15.04368
11.53152
7.60464
5.22288
16.34256
12.13632
11.79792
17.00064
16.80336
17.2944
13.0104
9.36576
13.19472
14.0976
13.1256
17.02224
18.27648
14.2776
17.02656
17.4024
17.4024
17.44272
2.74032
11.79504
8.12592
15.06672
7.96752
18.86688
17.7768
17.88624
19.7352
15.84864
7.4304
7.65216
15.98544
4.04496
17.26704
19.584
19.22688
19.14336
19.3248
20.07792
18.33552
8.25696
18.52128
21.1608
21.0096
20.59488
20.58048
20.232
12.26448
18.99792
19.23552
15.90336
2.81232
2.73168
10.6272
11.22912
19.656
11.448
10.71648
9.96048
11.74608
19.15632
8.90928
21.04416
20.41344
9.22032
13.44816
14.95728
2.40768
15.72768
7.48656
13.03056
17.064
18.33552
7.704
13.54032
16.02144
15.4728
21.36816
14.97312
22.4136
20.66688
22.8816
15.42384
8.83152
14.03856
22.60944
21.26304
18.69408
14.09616
14.37408
16.2864
23.77008
22.68864
22.55184
22.60512
23.30496
21.45024
12.49632
19.66608
21.85632
19.26864
22.77216
22.35312
20.23056
22.11696
19.00656
12.92256
22.37472
21.85632
18.63072
15.17184
18.17712
21.15216
19.70496
21.54384
12.20256
20.58336
22.09248
21.10752
17.14464
15.50304
21.8664
21.1392
19.2096
15.70752
22.00032
21.28464
18.66528
18.66672
17.88768
20.6856
20.08224
18.83232
20.50272
20.67984
18.828
20.94768
20.5488
19.70928
19.36368
19.5696
15.8688
20.42784
20.81088
19.37952
15.53904
19.54224
12.79152
7.54416
20.44224
14.2056
16.93296
19.23552
18.81936
9.93456
17.85888
12.06864
3.83328
19.20096
15.3576
13.24944
17.41824
17.71776
17.62992
17.39664
9.83952
15.47136
14.02992
15.2568
13.87008
13.59216
8.04672
13.38768
16.95168
8.04816
13.18896
11.59488
11.93904
17.17632
16.83648
16.8696
15.93216
11.07792
9.21168
12.71664
13.66272
12.384
3.75696
3.21696
7.67088
13.67424
9.21456
13.54608
14.20704
13.65984
12.75696
13.32144
13.8024
13.83264
13.62096
13.92336
13.42512
11.39904
5.86944
4.29696
12.18096
10.188
5.41728
7.23168
8.96976
10.476
8.2512
9.21456
2.0736
9.58752
6.44688
9.54
5.47776
4.77936
9.70272
10.04256
10.35792
9.57168
0.8352
0.94896
4.87296
2.6928
4.4136
2.05056
9.46224
6.28992
6.47712
6.42528
7.30656
6.55344
6.75072
7.08336
3.40416
1.78416
9.09504
8.73648
8.53344
8.24544
6.7464
3.0312
6.81264
5.50656
6.89616
3.9312
7.3368
5.84208
7.85088
7.97904
3.33072
6.69312
3.46176
5.71824
6.25536
6.41232
3.82608
3.8304
6.26256
4.95936
2.7504
1.38672
2.57328
5.04432
7.04592
6.66144
4.5072
2.39184
2.39328
3.0024
4.83264
6.48432
5.78448
4.33296
6.4512
6.63264
6.6744
6.59808
5.91552
1.08576
1.4472
1.70496
1.05408
3.14208
2.88432
3.47184
2.14992
1.99008
5.84928
4.9896
1.95264
4.85856
5.80752
2.84832
3.85632
6.54912
6.14736
6.8472
6.81696
6.0192
6.16032
7.02432
7.42896
4.70304
8.08704
8.39664
5.25456
5.44608
6.18624
8.72784
8.05824
8.95392
6.84
8.47296
3.78288
1.86768
2.01456
3.27168
4.63536
9.73872
4.07376
5.48064
8.784
8.8056
8.49456
10.03104
5.76
10.86048
11.09808
11.17584
5.64768
9.58464
10.43712
11.35008
11.39904
7.07616
10.31328
10.12032
12.2616
12.1248
10.656
11.54304
12.72672
5.84064
2.6352
6.62112
4.84848
3.31344
11.45952
14.63328
14.53248
14.40576
10.79136
14.3496
10.19232
13.49568
14.61744
14.62032
14.62608
15.35328
15.64272
15.25536
15.33456
15.6528
11.81088
13.75344
16.77024
15.43968
17.01648
16.89696
16.55136
2.43504
10.07136
10.76976
3.60432
10.24416
4.24944
12.10176
16.55136
15.97248
16.52544
3.46176
8.01216
18.32832
3.096
13.13136
5.77008
18.7344
17.9928
10.02816
15.8976
15.99264
15.81984
17.86176
15.22512
18.87408
19.4256
20.8152
19.76544
15.5736
12.34224
19.87488
18.12672
20.10096
15.9984
17.568
21.68064
21.98448
17.11728
21.69936
21.50928
20.59056
17.1648
16.00848
19.3752
13.94064
20.04048
10.152
6.15312
21.132
22.18752
20.76336
17.18064
21.95136
19.008
19.4184
10.48896
13.65696
11.772
19.34208
22.1904
22.52304
20.82528
22.19472
22.18032
20.00592
19.60128
21.93264
22.63104
16.90272
6.2064
19.76832
17.08416
15.17904
21.08736
22.08528
22.59504
22.76064
21.47328
17.83728
13.98672
15.51312
21.66336
21.45744
13.26816
15.50592
21.41424
22.62816
21.84912
20.6208
13.31856
19.36656
20.0664
19.78416
19.17504
18.09936
19.89936
20.24208
21.65616
21.80448
21.672
15.02784
12.47184
5.48208
7.0056
21.69648
20.72592
20.32704
21.80736
19.58688
21.16512
21.19824
18.2736
23.02704
21.46752
19.97856
20.448
18.19872
20.60064
20.79792
21.04704
20.47824
18.43344
19.09152
19.83744
18.66816
19.47312
16.85088
18.08064
12.88512
19.00368
19.28592
19.46448
18.18288
14.904
9.0072
17.15328
19.30896
18.63072
18.84096
17.5608
18.68688
19.17792
18.92736
18.864
19.24272
18.78768
18.18
17.84592
18.09216
17.49744
7.38144
15.40224
17.62416
15.84432
18.11664
18.13968
14.05584
12.57696
11.44224
12.75984
11.05632
10.81728
17.26992
16.88112
15.66
16.94736
17.12016
16.04016
9.55728
13.64256
13.49856
3.72816
15.30288
8.86896
13.79664
13.3848
15.50448
14.84928
11.87856
11.23056
16.10208
15.31152
14.67072
11.92608
10.60416
14.52096
10.94832
12.68064
14.59008
13.5576
14.14512
13.73616
14.15952
9.8928
10.61424
11.32992
11.65392
13.89456
11.94192
13.76352
12.7368
10.15488
13.26672
13.26528
13.31568
9.34272
1.05696
6.192
1.25568
12.00384
11.14704
7.3728
9.44064
7.61904
9.4176
9.5112
10.89504
6.87456
7.15968
5.9472
10.64736
6.87312
9.01296
10.42992
5.64048
9.88992
7.668
7.20432
5.58432
5.60736
6.4296
4.88736
9.11232
8.73936
6.85728
7.34976
3.33792
6.2928
4.53744
5.8896
7.77168
7.632
7.14816
7.27632
1.99296
6.59088
2.73456
5.08608
7.26768
6.67872
3.73392
5.5152
5.69232
5.58
3.63744
6.74784
6.16464
6.24528
6.72624
3.69936
1.2816
1.61568
2.844
5.49936
2.36592
6.77808
8.03664
7.25184
0.67104
0.82224
0.86544
0.92592
6.34896
1.24128
6.87024
3.7368
3.76416
4.41792
5.53248
5.71392
4.08816
5.49216
2.65536
1.2816
6.9192
1.13616
1.96272
6.16752
7.43616
6.23088
3.88512
7.272
2.3832
8.0136
5.52096
1.97136
3.40848
1.66896
3.348
7.70112
8.18496
4.0032
4.36608
1.06128
8.9712
6.00336
7.30512
4.48848
9.59472
5.67648
9.93744
7.38864
10.30608
1.8216
9.51408
9.96192
10.48032
2.30544
2.47104
11.42784
9.76176
10.73088
9.65808
10.91376
4.08672
3.21984
4.1976
10.28304
6.45696
12.44448
4.1184
5.20272
8.43408
12.86496
6.5376
13.29984
3.75984
8.18784
11.4048
10.908
1.5192
8.32176
11.28096
13.58496
4.79376
0.84816
10.44864
15.83856
15.41376
7.08624
14.92848
15.80544
15.62832
14.89392
15.98544
12.53664
11.78208
11.84544
6.09264
8.07264
9.4536
6.80832
6.75792
18.1872
17.90928
15.38928
15.11568
13.20048
18.21312
14.86512
16.84368
15.06816
10.94256
18.56592
13.74768
4.02048
9.7632
14.48496
19.33056
19.5336
3.18672
7.89696
7.09632
6.84144
15.43248
15.02496
10.31616
16.71408
20.06064
17.316
7.44624
12.71088
16.848
17.86032
17.11008
19.89216
21.09456
20.15856
19.11312
10.97712
14.46912
2.16432
9.52416
13.36464
13.9824
13.20768
16.33824
13.74912
17.75808
21.30768
13.2696
11.96064
8.16912
20.0232
21.83616
23.26176
22.42368
22.03344
22.34448
22.31424
18.51408
21.93984
23.67936
22.76928
22.9248
19.10736
12.52512
20.304
19.69056
18.0216
15.99408
18.8136
22.32432
23.66928
23.3568
7.7184
20.74176
22.89312
2.93328
15.77088
7.3008
19.78416
18.70704
11.8584
16.29504
18.28944
21.90816
22.54032
17.09856
23.98464
24.85008
24.00192
23.3568
22.81968
23.86368
21.20688
21.5496
15.44688
18.02016
20.57616
22.57344
23.46336
21.84048
15.8256
22.1688
23.38992
23.3136
21.64608
18.62496
21.18816
21.87504
21.76272
22.7304
21.92256
19.67904
19.91952
20.5704
22.73184
20.50128
15.33888
20.67264
13.9248
18.02016
22.92768
20.41776
20.71296
22.00896
21.64176
17.28864
19.65456
18.63648
19.33344
13.74192
16.68816
21.01536
21.2832
21.58272
20.99952
18.55872
17.0424
19.39104
17.58528
15.22944
16.53408
15.6384
18.09792
18.85968
17.40528
19.3896
6.26112
18.936
19.62288
19.87056
17.24832
17.58096
19.26144
19.0368
16.52544
19.34352
18.54144
17.7696
17.05104
13.82832
8.77104
16.95024
15.45984
17.6184
15.27984
12.66192
18.22032
17.70624
17.2512
17.38368
16.01136
17.44416
16.57296
14.14944
10.23552
4.04928
4.92912
16.77456
6.6528
6.52176
14.17536
7.95744
10.72224
15.50592
15.85008
14.79312
11.67984
14.72976
13.2768
8.90208
8.53344
11.20896
12.00528
13.16736
13.78368
11.67264
9.10224
11.31264
3.69504
5.7384
4.19472
5.70384
8.60688
11.90448
12.22416
12.69792
12.73824
12.38976
11.89008
10.05552
8.76384
9.12816
8.58672
10.57968
11.5128
10.66464
9.53568
7.88832
6.52176
6.64272
5.45184
9.48672
10.02816
9.63072
9.5328
6.98112
3.56832
4.01472
8.9784
8.77968
9.05328
8.8056
8.10144
7.57728
6.70464
8.93952
3.61296
7.69536
3.26592
3.11184
6.15312
7.75728
7.68816
7.35408
4.69728
8.05824
6.8544
6.49872
2.19888
2.32416
5.13792
4.7232
7.08768
6.98832
2.1672
3.5856
5.36976
4.74048
3.23712
6.42384
5.08032
6.04656
3.10896
3.43872
7.07472
7.13376
4.85568
7.06896
5.20416
6.37632
0.54
1.06416
3.02112
6.93792
7.73136
7.37568
6.74064
6.3792
5.1264
1.96848
2.49264
2.89296
5.4504
5.43744
5.75856
3.92256
3.00672
5.82624
6.69744
4.53888
6.85152
6.99408
6.912
4.96368
7.59888
7.47504
7.89552
6.72768
6.72192
4.46976
5.54544
9.0432
8.53776
8.87328
8.93664
8.92944
8.8776
2.9952
3.6
8.11008
4.78224
7.22736
9.24048
10.00512
8.45712
9.85968
9.86976
10.17648
10.17504
10.33056
10.40832
9.28512
6.8616
8.43408
8.5104
3.04128
2.94192
9.864
1.67616
11.77056
7.96608
6.35472
8.06544
10.46448
10.42416
7.89552
12.3768
8.16768
13.64976
11.93904
13.69296
10.69632
2.2896
7.29216
14.22576
14.02992
14.31216
3.54096
12.5136
12.87504
12.34944
1.39392
10.84032
2.60928
1.75104
8.64
14.96016
15.45408
14.93136
16.74144
15.37344
8.83296
16.19136
16.55712
13.9536
13.71168
12.63456
15.33168
10.4904
13.68864
17.12016
17.47728
18.1584
11.00304
15.74496
16.95744
18.5616
18.77616
18.56304
18.5904
17.93664
18.33696
18.78192
14.5008
15.28128
14.58864
16.272
18.74016
20.17296
13.10544
13.82112
16.41024
5.1912
9.85104
11.57616
9.63792
16.272
20.80224
16.13088
14.89392
21.27456
17.92512
9.39168
17.44128
19.29744
12.23424
19.64736
9.33408
19.28304
20.76336
20.56176
22.08672
19.28304
17.76384
17.80704
22.90464
22.8672
22.82832
22.59792
20.04624
20.9088
22.54464
22.16448
22.90032
21.9744
22.94928
21.09024
12.07296
16.18272
21.35808
15.68016
10.86048
21.384
12.93696
9.4032
8.41968
17.16624
22.41792
8.99136
13.19472
19.0512
11.41632
18.9072
19.32192
18.53136
22.55616
22.94064
21.46176
21.14064
19.35936
23.96448
21.92112
22.48704
23.60736
19.2384
21.43152
23.04432
23.9904
23.92128
23.6304
21.672
23.52672
23.57568
21.77856
15.31008
9.3528
22.99104
22.30416
22.63248
23.3928
22.94352
22.73472
22.4208
9.85824
15.98976
18.35424
21.70656
22.03632
14.904
22.20048
20.3184
23.39856
21.62448
8.9496
23.0688
19.404
17.92656
16.86816
16.7832
17.28
14.4792
13.00464
18.35424
19.65168
19.18368
18.07056
21.15792
16.31232
17.36064
16.47936
17.61552
21.89088
21.63744
21.09168
20.46384
16.84224
17.73648
19.92096
19.83888
19.98576
14.80176
19.82304
19.7208
20.10384
16.37712
19.1808
17.21376
17.18352
13.43088
19.95552
16.4664
17.87472
17.49168
11.13696
17.13312
14.42016
7.33104
12.7368
11.54304
17.37648
17.6472
17.59392
17.45568
16.60176
12.07008
15.9048
16.68528
15.1416
16.28352
16.524
15.67296
5.94576
14.25888
16.2
15.44112
14.90112
15.23952
8.13024
15.35616
14.99472
14.69376
14.48352
13.74912
14.12928
13.56336
14.8392
14.08176
13.9248
13.85424
13.0464
10.54512
13.45536
13.5072
13.32864
13.2192
13.25232
12.64896
12.06864
8.91792
8.532
9.61632
10.08432
8.892
11.97216
9.53712
8.90496
9.44496
5.19552
11.22912
9.88992
0.84528
2.54736
5.71392
5.61312
6.15744
5.55984
4.35168
1.12176
2.1888
4.14864
3.02112
8.23536
6.62832
7.2648
7.78464
7.69824
7.87968
4.12992
3.47904
0.91152
2.35008
4.47696
4.37328
4.61376
4.80528
5.35392
3.05424
7.78464
6.85872
6.26976
7.46064
5.23728
6.47712
6.28128
7.10208
6.69456
4.96656
5.54112
6.876
5.65056
6.92352
6.5808
6.43536
1.68192
5.10192
5.2488
5.37984
4.9392
5.42592
5.59008
2.59776
6.40944
6.4224
6.23664
5.112
3.58128
6.1488
5.17392
4.84848
7.01424
7.01568
4.59072
7.29936
6.33744
7.3296
6.53616
4.74336
5.58
6.46272
6.62256
4.48272
5.5296
7.48656
5.17392
5.95872
6.83424
7.03008
4.20912
7.55424
5.52384
5.83632
3.21408
7.21152
4.66128
7.3872
7.62192
8.01216
6.8976
7.04592
5.99472
8.2944
7.49088
3.61584
2.67264
6.23664
9.9072
5.09904
1.3464
2.12688
8.8272
10.45008
3.16512
10.27584
10.9296
7.93296
10.27728
10.69632
11.5632
11.13408
11.50992
8.67744
11.67264
11.58336
9.07632
11.43216
9.61776
12.41712
12.2544
12.54528
12.6648
12.00384
11.10672
12.66768
12.33648
11.32992
10.11888
12.88944
13.57776
10.14912
7.98048
14.52096
13.56624
14.46624
14.83056
14.5224
14.64192
14.95008
14.92848
14.9544
14.75424
15.12864
15.8328
13.86288
16.26624
16.4304
12.2472
2.66688
9.19008
16.6032
16.39008
16.9632
13.30416
14.0472
16.21728
17.02512
17.68896
17.17344
17.4312
16.416
5.8392
2.09376
4.90032
6.88032
18.51408
19.19232
15.59952
6.80112
18.9648
8.54352
17.19648
13.06944
14.472
17.93376
20.36736
12.5712
16.77168
17.69184
16.956
17.36496
9.80496
20.91888
18.48384
21.35808
7.06464
8.63424
20.36304
13.0248
18.94752
19.87488
20.4264
11.38752
20.2176
17.14752
17.4096
15.5592
21.64176
21.85344
22.22496
19.48176
16.49232
21.37536
21.52512
18.76896
7.58304
14.49216
18.22176
7.33824
14.9832
8.76384
22.9392
22.26528
22.71312
19.6776
22.72032
18.64944
21.46176
21.82896
22.23216
22.3056
22.22064
9.59184
20.29536
23.52672
20.1528
19.66752
17.6616
19.85616
16.98192
12.45888
23.94576
20.14704
19.6272
23.84352
23.8968
22.61088
20.68416
9.37728
23.10912
23.42448
20.6856
22.48848
22.73328
23.01408
22.8744
22.2912
21.97008
21.9456
19.28448
3.4128
23.5512
22.46688
22.46256
11.99664
18.00288
17.77104
19.656
23.03136
22.26384
20.82528
23.38992
18.70128
16.81488
20.58624
22.84128
22.89888
23.13216
22.83264
21.99312
18.87408
19.19808
21.31776
20.56032
21.86208
19.54512
15.43104
18.03312
20.64816
18.84096
20.9448
22.03488
20.87856
20.89728
20.78928
18.87984
19.0728
20.72304
20.99376
20.17728
20.25504
19.15056
16.78464
19.48032
20.15568
18.02736
17.57376
19.22544
18.82368
15.22512
18.144
18.78768
17.96688
17.56368
17.86896
17.10288
19.60272
16.53984
13.49568
13.98384
3.5928
18.16848
13.58352
13.19616
15.85296
17.97984
16.96176
17.30448
16.67952
12.83472
14.22576
15.6312
15.97248
13.0968
13.6296
17.36208
16.88544
15.82704
9.6696
7.67664
13.32432
12.21408
8.9208
14.57136
11.66256
14.7528
13.53456
5.5584
7.99776
5.18976
0.72864
10.60848
14.46192
14.1048
13.8024
12.32784
13.18752
11.25504
11.5992
10.26576
12.81744
10.23984
7.50096
7.3584
12.3696
10.74816
12.66768
11.34288
10.21968
6.78384
6.0696
5.79888
8.3448
5.63184
9.34272
9.71136
1.68624
5.31072
6.51024
11.48544
10.85472
5.25888
6.04368
10.1376
9.58752
6.5016
3.69504
9.33264
6.55632
8.30448
8.11152
2.88432
5.51232
4.38192
8.6544
3.87504
4.13424
6.5232
4.90032
1.07568
4.71888
6.39648
5.72976
3.6432
4.14
6.48144
6.10992
4.25232
3.3264
0.88128
2.38464
5.4072
7.86672
7.15824
7.52688
5.74416
3.45312
6.37776
6.6384
6.3144
6.4872
6.43104
6.1416
5.21712
4.0536
3.62592
2.6352
5.18112
6.43824
5.66784
5.8536
2.51856
3.12192
4.51584
4.98528
5.95008
5.75856
4.13568
5.98176
5.69808
4.92912
5.2272
5.83344
5.64336
2.3904
4.9464
6.45264
5.43744
6.18048
6.43824
6.31008
6.43824
6.28704
5.59152
6.94944
6.156
1.78704
4.9392
3.30336
1.68912
7.61184
5.40288
1.50048
5.95152
6.3648
5.8032
5.4648
4.94064
8.77968
7.812
4.60512
8.78688
7.81488
7.18704
8.5248
7.9488
8.4168
9.70848
10.02672
8.18784
8.24256
10.40256
5.15952
11.01744
6.78528
6.15888
10.5552
11.08944
9.15408
8.85888
6.41088
5.17968
5.26896
4.84704
10.71072
4.98672
3.53664
11.39616
13.06368
6.53328
12.79152
9.36432
4.22352
2.97648
12.33936
12.89664
4.01328
1.6128
3.3264
6.63408
13.90608
13.84416
14.28768
13.59648
9.8352
1.93104
15.84144
15.92784
9.30096
5.50368
16.22736
13.70448
14.41008
15.04368
16.06032
12.16368
10.29024
15.83712
11.88
5.07312
13.74192
8.07696
15.8976
17.5032
5.3208
16.84224
17.01504
8.62416
4.72752
13.30992
17.12016
12.98304
18.67824
16.89984
14.64768
19.47168
19.1808
20.04192
17.5248
17.8272
19.4328
19.85328
10.58112
20.27232
20.9376
18.65088
18.7848
17.88336
3.54816
7.9992
6.91632
2.75328
1.7424
17.10576
21.17088
13.22496
18.76752
17.784
20.1384
21.92976
20.39904
15.58368
11.4408
18.88272
22.49568
22.59072
22.81392
7.2432
3.76272
12.60864
20.60208
13.92624
16.08768
10.83168
15.90768
19.8432
23.51232
23.60304
21.49776
19.6776
15.83424
12.8736
20.556
11.95344
14.42592
22.43232
20.92752
23.688
21.22272
19.6488
22.22064
20.78784
13.06368
10.56096
20.99232
20.2392
23.15808
23.004
22.92624
23.36688
22.79664
15.84576
7.56576
20.12112
18.72288
15.37776
22.65552
15.54624
23.28768
23.61312
23.04864
21.46032
16.92144
22.8024
22.84272
22.32576
21.9024
19.94832
22.61664
21.97728
22.90608
22.0824
18.1872
22.77216
20.14272
13.49136
22.32432
16.28784
20.84688
22.1616
21.9024
13.04064
16.06752
20.47536
18.4464
19.5336
20.37024
18.01728
21.51504
21.59856
19.86768
20.54736
20.38752
22.2552
21.76704
21.7224
22.05648
20.53008
12.50208
20.65104
20.45088
19.27296
8.68464
19.72512
21.38688
20.3904
20.68992
19.98864
18.22896
18.396
19.2384
16.75152
14.7384
19.3824
17.87904
20.12112
19.43136
18.55872
18.58464
16.55856
19.50624
14.29056
13.74912
8.9136
12.57264
14.38416
16.72992
18.0432
14.42736
18.16128
17.8272
17.58672
12.3192
4.14288
12.7224
16.87824
14.82048
12.20112
16.5168
16.84224
15.38064
13.17888
16.51824
10.95408
16.4016
15.70896
15.44256
15.84144
15.10704
14.4288
13.43808
13.80816
13.13424
12.99744
8.58384
12.86928
10.74384
13.01328
10.35648
3.99168
4.25088
12.5928
13.02336
12.1464
11.15568
10.08
10.88208
8.35632
12.88944
11.24208
11.22624
7.58448
11.91024
7.77888
3.11184
7.88256
8.18064
10.56528
8.8056
10.3968
9.79632
7.4304
9.77328
10.71072
10.09872
3.46032
5.8536
9.92592
8.52048
8.31456
8.40528
4.10832
8.95248
9.19728
8.80128
7.96464
7.8408
5.6376
8.99712
8.47872
6.49296
7.92
6.46992
0.73728
2.37888
1.21824
4.20768
8.34336
6.4008
8.08704
6.92928
4.86288
7.75008
7.6896
6.87888
7.77312
7.29072
3.33216
6.7896
2.39184
6.46128
6.79968
6.21216
5.55264
6.516
5.54544
3.45456
6.12576
5.28912
3.0024
2.86272
4.69872
6.5232
4.86576
3.12192
4.7016
1.12464
2.87856
6.20352
5.9256
4.53168
2.55888
1.60128
6.516
5.5224
4.5144
6.45696
5.84064
3.99888
5.1408
4.56192
5.58432
3.28608
5.21712
5.8608
6.06528
4.82688
5.6376
3.77568
3.51216
3.07872
1.84752
4.87728
3.49776
1.32768
7.11936
1.30464
4.73904
6.67728
8.09856
2.34432
5.4792
7.03584
2.6712
6.336
8.98128
4.11696
6.69024
8.41968
8.84016
1.57104
9.5976
6.88464
9.52416
8.11152
9.50112
7.9992
5.57424
3.71376
4.43232
6.08544
10.05984
10.30032
10.06128
-99
-99
7.8984
4.29408
9.26208
10.1088
7.4088
12.0888
11.9376
9.89856
8.69328
9.70128
7.2288
8.91072
8.7768
10.49472
10.09872
13.21056
12.12048
13.56192
13.98384
14.09616
14.29488
14.40864
11.72592
12.29904
11.95776
11.51712
14.57856
15.16608
15.64416
15.04656
11.60784
14.41872
12.48768
8.09856
14.53536
13.76784
13.51296
10.86336
16.96176
13.90176
12.00816
1.9368
10.74528
13.76352
6.22368
4.22208
15.0552
18.7056
18.07344
18.18432
18.18576
15.65712
18.75744
16.69248
16.56432
19.28016
17.49024
18.77904
19.24416
19.6632
19.152
19.1664
5.34816
4.33152
12.13488
20.4984
17.99568
18.20448
17.63856
21.3408
20.67984
19.16352
16.99632
19.21104
17.16624
22.6656
21.32928
22.23936
19.37232
18.78912
20.74032
21.59424
19.61136
13.51728
8.77392
16.452
23.2488
23.18976
22.86576
19.42128
15.624
20.89728
12.51216
12.63888
17.54496
15.26976
13.51152
16.95744
13.67856
17.91072
11.98944
13.2552
12.40128
17.7264
20.01024
13.00464
21.57984
19.16496
23.01696
17.55792
18.6264
22.51584
18.50688
22.8528
21.15504
15.42816
18.36144
4.17744
17.55504
16.86384
10.69488
20.26368
19.8576
23.364
23.14944
18.09648
20.268
8.37072
13.8672
17.62848
21.384
22.90752
21.08736
23.63616
13.88592
10.116
7.9344
21.5352
19.56672
17.40096
8.06544
22.35888
18.18432
23.5728
23.10192
19.92816
21.02256
20.13552
22.25664
22.60944
22.2624
18.87264
17.24688
19.30896
22.52736
22.91328
22.60656
21.05424
12.60144
21.46176
20.7792
7.28496
16.3008
22.30128
21.57984
11.10528
7.69968
18.95472
15.80688
18.55728
19.35648
16.64064
16.77888
17.89488
20.19456
14.69952
14.55408
20.42208
20.79792
19.3608
18.2232
20.43216
16.99056
19.14624
7.51104
7.41168
4.49136
16.88112
15.44688
16.34832
18.78912
18.71568
18.78624
13.25376
14.20272
16.77168
17.03376
15.69744
17.03232
10.72224
15.81552
15.6456
14.9688
12.30336
12.55536
16.92576
13.5288
15.25968
14.75136
8.37072
15.73056
15.28848
10.97712
11.0592
14.42448
13.23792
10.59696
4.44816
6.94944
9.4896
14.30928
13.07232
14.58144
2.6928
9.08496
5.46912
8.75376
11.60928
11.12544
12.57264
9.99648
9.11952
10.11456
11.52432
12.36384
9.88848
12.74112
10.60272
10.74384
5.75136
9.64368
11.30256
11.62512
12.15216
11.45952
10.93248
10.16496
11.75904
11.37024
10.82448
10.32912
9.69552
7.92288
8.19792
9.01584
9.17136
7.93008
4.78368
7.35984
5.25168
2.06064
8.34336
9.87552
9.34848
5.51952
3.09888
5.49936
2.14128
8.8992
8.0568
2.9592
8.3664
8.17776
6.52608
7.83504
7.9488
5.98752
5.14368
2.97216
4.0104
3.93696
4.16736
2.33424
2.2536
3.7008
1.06272
1.21536
4.932
6.72048
4.26672
1.05408
2.40624
6.24384
6.78096
5.37984
6.46272
5.2704
5.79456
4.82544
5.30496
3.58416
1.04976
3.81024
2.30544
4.73616
1.65168
2.33568
6.06528
5.71968
6.32448
6.86448
6.55344
5.52096
3.57552
6.87744
7.40304
6.732
6.89616
6.8112
6.90912
6.43968
6.56064
6.76368
5.1408
4.17312
4.85136
6.5232
6.91632
5.25456
5.36688
6.91488
7.2072
6.64992
2.19456
5.98464
4.54896
1.908
3.81312
4.33296
8.28432
8.37792
8.11296
8.87904
7.37712
4.33296
8.23104
7.42176
3.7656
7.69392
6.97536
3.51504
2.74032
3.99456
8.47296
10.22112
9.75168
9.9936
10.70784
11.01888
7.95456
5.75856
10.0584
5.58576
6.91488
9.93888
2.8584
11.09808
11.32992
10.16928
4.1688
12.65184
8.85456
11.5992
10.14048
6.264
12.10608
13.15584
11.088
8.36352
12.0528
3.68928
14.81616
14.37408
13.36896
13.8168
13.31136
14.0832
13.08384
13.9392
10.7064
10.22544
16.69392
12.36672
13.14576
9.36288
11.65968
7.95168
4.8672
10.44
8.54928
5.31072
10.368
12.3336
17.3448
16.1136
9.59328
12.096
17.89056
17.14176
18.20016
16.41168
15.65712
17.75664
16.70112
15.1416
19.47312
19.49904
18.54576
15.9696
18.828
19.152
19.76832
15.3288
10.50192
16.83072
16.956
15.56784
18.53712
19.35936
10.30032
18.2664
17.90784
12.46176
10.83456
11.10384
21.69504
12.65184
14.13504
13.99536
15.64848
20.04624
13.73328
15.08832
21.36672
21.22416
21.8736
21.88224
20.86704
20.89728
22.16592
19.39824
15.42096
22.80816
23.03712
22.82544
22.68432
3.33648
17.7192
20.14128
22.40352
19.03248
14.87952
17.4672
22.9176
23.43024
23.23872
22.38768
22.96944
19.46304
22.37616
22.78656
17.88912
23.03712
23.87232
23.46048
18.77328
11.4696
15.9048
15.27264
15.98832
16.28784
18.43056
17.8056
11.97216
14.30784
22.99248
23.87376
23.292
23.63328
23.51376
23.04576
11.02176
22.03488
23.28336
23.61888
22.18896
23.37408
23.60016
22.82544
22.37616
12.2976
22.1184
20.78496
21.9816
22.5432
22.28112
21.54384
23.6952
23.16096
22.27248
21.65616
22.5576
22.11552
22.05936
21.64176
20.7864
20.97792
21.53232
15.69024
20.08656
21.35808
19.7856
20.43648
14.65056
20.11824
18.62784
19.89504
17.61696
11.02464
10.94832
13.43088
21.22272
19.73664
18.9504
20.14416
20.68848
19.71072
6.56208
21.31488
21.312
20.87856
16.344
14.6232
17.57376
11.63952
19.10448
16.4808
8.39232
16.28496
19.62144
19.1808
14.70528
12.25584
19.6344
19.07136
16.56432
18.52848
18.37584
18.77616
18.45504
15.94512
15.5592
9.68688
9.324
3.5136
16.4448
15.82128
16.5888
12.37536
16.90848
5.97024
7.98912
12.924
11.38752
11.1168
13.9464
16.80768
17.12736
14.88816
16.22592
16.00848
16.37568
13.88736
15.17616
15.1632
15.4728
12.3552
8.93664
13.04784
4.22784
2.97216
6.63408
13.18032
6.91632
8.2008
9.5688
13.90176
13.52304
11.70576
12.06432
12.30048
11.96928
9.36288
3.18384
9.0648
11.73456
11.81088
10.11456
6.78672
3.45024
2.988
7.11504
10.68192
11.08944
2.74896
7.07184
3.03408
6.04368
9.792
9.3888
10.10304
10.08576
7.56144
1.06704
7.66368
8.85888
9.3888
9.36288
9.14688
8.604
6.02208
7.41024
8.77104
8.54784
1.9512
5.58
7.84224
7.84368
8.44416
7.99488
7.7976
6.17904
6.156
6.98112
8.51616
8.52336
6.15024
8.01216
5.8464
6.57792
7.04448
7.50528
7.452
5.53248
6.2568
5.09184
4.33152
3.46176
1.66176
4.76352
4.74768
4.04784
4.68576
5.3352
5.96736
4.36608
5.27328
5.76864
5.1912
5.93136
5.87808
0.94176
2.13552
5.71248
2.42208
3.82176
4.90464
6.12576
6.58656
3.80592
5.46912
4.84704
5.64048
2.76768
4.59648
3.20976
3.18672
5.83344
5.64336
4.74336
5.78448
4.7808
5.02416
6.20784
7.3224
6.9192
2.772
4.0752
8.2224
6.30288
5.33088
6.34896
7.63632
7.53552
4.88016
7.19568
7.6752
3.77424
4.07088
5.46048
5.84064
4.14864
6.63408
4.30272
6.69888
6.55344
6.32736
9.71568
9.43776
2.35008
7.73136
9.91152
4.76064
5.3064
2.44944
4.03056
8.1504
9.72432
10.81152
11.53728
11.65392
5.3712
11.95632
12.12912
10.764
8.36496
6.69024
10.27584
10.33344
7.36272
5.1264
8.79696
12.30624
11.52864
12.42432
12.41136
10.22832
12.43008
12.06288
12.78144
14.86512
3.35088
15.47856
15.12576
14.9544
14.70096
5.58144
9.08784
7.67808
8.02224
10.5696
2.50416
13.3704
12.8448
10.71792
16.49952
17.06544
12.66336
13.42512
11.39184
8.0784
15.45408
17.60688
14.43312
7.23888
8.03808
16.5168
5.67504
3.25872
15.52032
18.12384
14.37408
19.3104
16.92288
16.07904
14.91552
19.13184
19.98864
19.4544
19.20528
16.64496
17.17488
17.24112
14.33664
10.41552
8.87472
16.02864
21.9024
21.8232
21.40704
12.88224
4.50864
16.15824
12.8088
22.98096
22.70448
22.33584
22.49712
21.5496
8.58384
7.488
4.29696
3.52224
6.20784
16.10208
18.29664
18.19008
18.5256
21.59424
22.18896
17.68464
19.39824
21.67776
22.46544
23.36832
14.96448
24.01776
21.38832
18.936
18.99504
18.08352
22.40496
24.36768
19.86912
19.3032
22.92624
21.50064
22.62096
17.85888
21.33216
18.04608
23.92848
22.19904
21.23136
18.9864
15.73776
17.89776
17.78544
24.61248
16.39728
22.13568
17.1144
17.80416
22.77504
23.63328
24.11424
24.18768
24.64704
24.09696
23.58
17.59392
23.99472
22.79232
20.66832
22.85856
23.29056
23.18256
23.29776
21.48192
12.74688
21.42144
20.58048
17.09136
22.73328
23.004
21.03984
19.6704
22.88016
22.85568
24.17328
23.32224
23.31648
23.38848
23.81184
15.99552
19.4544
13.44672
19.58976
23.04432
22.9248
16.2144
20.59344
22.36032
21.01824
21.47472
22.44816
22.6296
21.86208
21.36384
19.90224
17.46288
21.77568
21.63312
21.73968
18.94752
18.68256
20.82672
21.00816
20.95776
20.84256
21.19824
17.84736
16.73712
17.25408
18.34992
13.8744
20.60496
19.98432
19.8864
20.08944
19.87776
19.81728
19.17792
18.26784
11.22624
13.61952
18.55728
17.94672
16.72992
16.60176
15.2568
17.4168
17.53776
17.0496
16.72992
11.96064
17.136
15.0552
16.79328
15.1488
11.0376
10.12752
16.01136
10.72368
16.08336
16.22448
11.53296
14.06736
14.64912
10.16928
14.35968
12.77136
11.70864
11.42352
14.95872
14.49216
13.43808
11.1528
10.10592
10.49472
12.34368
10.84896
4.428
11.34144
11.5992
2.32848
6.13872
8.98416
3.14496
3.9744
7.45344
9.60768
10.77264
4.02336
8.66304
7.42032
10.16496
5.71248
4.57344
8.59824
8.24544
3.40704
4.90032
8.172
9.37296
9.62352
10.16784
7.51968
7.92288
8.65728
8.964
3.13632
4.4712
6.00768
7.83936
9.65376
8.56944
8.208
8.4384
6.32304
6.11856
8.38224
8.3088
7.8696
7.68672
5.97024
6.0624
5.08464
1.24704
2.81808
3.71664
6.93072
5.54256
3.20544
5.22864
6.08976
5.00112
7.12656
4.02336
7.45776
7.49232
3.19536
4.75632
6.72048
6.76656
6.3864
6.8256
6.49584
6.45408
6.58512
6.79824
4.73184
1.83888
2.16432
6.43248
5.17104
2.71008
3.45744
5.1264
5.7456
6.21216
4.20336
5.47344
6.24672
6.1128
7.4016
7.61616
6.65568
6.09984
5.85216
6.46848
5.04288
6.3504
7.3584
7.3728
7.0056
6.87888
5.47056
4.3704
7.43472
4.44096
6.30432
7.8984
7.6896
7.61328
8.2152
8.11728
5.59152
4.24224
1.49184
3.34368
2.62944
6.26832
2.33568
3.82752
1.08432
3.05568
8.55216
8.33616
8.45136
4.53168
2.988
5.48352
3.85776
5.44608
9.39312
8.70336
9.70416
10.61424
6.23376
3.91104
3.40992
5.1192
7.00416
9.61344
10.51632
9.4752
10.77696
10.1088
8.84304
11.09376
11.58048
4.45248
2.32704
12.53232
12.09744
10.5768
0.05184
-99
9.56448
2.16576
9.81072
11.93328
13.38336
12.28752
8.6616
13.95648
14.46624
13.77648
6.35904
9.05616
14.85792
14.78736
15.29712
15.66432
15.5736
15.47424
15.46992
13.536
13.83696
11.54736
4.33584
10.39968
14.35536
6.33312
15.92928
17.54064
17.6688
10.656
8.00352
17.19504
18.28512
17.14608
13.78368
18.40032
18.95472
18.88272
19.2312
18.83376
18.85824
19.46304
19.39968
19.56096
14.55984
20.03904
20.0088
17.56656
11.2752
19.89504
21.09312
20.99088
20.3904
21.22848
17.7696
3.2544
4.99824
21.51072
18.96768
14.50944
22.07232
10.6272
9.35136
19.79712
15.88896
22.81104
22.91472
20.4048
20.59056
21.2688
11.0808
23.28192
22.01616
20.89008
22.86288
22.22784
20.51856
14.75568
22.74768
23.44032
22.51872
21.87504
21.72528
23.35392
23.45184
23.42304
22.11552
21.97728
17.0352
9.31104
20.87424
22.7592
21.75552
11.71296
7.94304
15.336
19.8936
23.5584
23.97024
22.23504
23.76864
23.98176
23.46768
24.18768
23.70384
22.40064
23.50512
23.4
23.90256
23.76
23.06448
17.59248
22.99968
22.63248
22.26096
10.50768
18.50976
19.09152
21.61872
24.70176
24.04944
17.48304
24.35328
24.19344
24.43536
24.44112
16.31952
19.66896
9.62496
21.10752
21.6288
20.79792
22.2912
22.88736
20.11392
21.11472
22.48704
21.79584
21.22848
20.04192
17.24832
8.72208
21.02976
14.85504
21.68352
20.45808
20.56896
22.53456
20.93904
21.88368
21.52368
20.78784
6.8832
18.14544
20.29248
19.8
20.81808
14.472
15.48144
16.35696
11.98368
20.66112
19.96272
21.22704
20.53728
20.87136
17.45568
17.38944
19.97568
19.1304
14.32368
19.30608
19.65888
20.01312
17.97552
17.0784
18.03888
17.7984
14.66496
17.10576
9.96048
9.0504
10.15344
15.19632
18.9216
12.93696
14.99904
17.89632
14.60736
16.59888
14.64192
5.21856
17.40816
16.44192
14.80896
16.89408
14.81616
2.03472
11.13264
16.03872
9.69696
16.76304
15.90192
15.19056
8.3304
13.2192
13.9248
10.03536
14.0904
13.10688
12.90816
11.72016
5.28192
8.97984
9.90864
10.04112
12.67056
12.68352
12.76848
12.45456
12.97296
12.7872
12.53088
11.52144
10.18368
10.01376
8.748
7.89408
10.6416
10.92384
5.27904
1.8936
8.8488
9.75024
11.46528
11.14848
10.76256
10.7136
9.32976
9.50832
10.58976
10.49472
8.23968
7.68816
7.62336
5.256
5.85936
5.79456
8.4024
9.9144
9.60192
4.93776
8.43696
7.43904
2.8224
8.67168
9.01872
8.76816
8.63568
8.38224
7.80336
7.6392
7.55136
7.68672
7.7472
7.65216
5.85936
5.25168
4.068
7.30368
7.07616
7.7544
2.87424
7.83936
2.99664
5.90256
7.18704
7.0776
5.8608
7.308
5.64336
3.09168
6.74352
2.93904
1.95984
4.86864
3.81168
3.30048
6.2928
6.88896
6.79824
1.9008
5.79312
5.6088
6.13296
5.29776
3.97008
5.5728
3.92688
3.89808
5.0688
6.18912
4.248
5.44032
4.82112
6.50592
6.07104
4.716
6.46128
6.45984
3.36672
0.63648
4.6152
6.2928
6.92352
7.164
6.87024
4.46688
3.49632
4.22784
7.43472
7.74432
6.69888
5.92128
7.44048
3.6144
7.44768
6.62112
7.88976
3.6072
0.70416
6.0768
8.42976
6.21936
8.73648
7.6176
1.26432
6.192
7.64208
1.47024
1.42272
4.27824
9.65952
7.6824
9.2664
11.268
9.1872
4.37328
7.54416
7.47936
10.06272
5.10624
3.92832
11.49408
8.55936
8.4168
10.7784
12.31056
11.52432
12.51936
11.95488
6.46992
8.57952
1.43856
5.26608
10.05696
13.38624
7.33104
5.1408
12.64608
14.39136
9.32112
12.5136
11.49552
12.70512
13.78944
8.01648
10.2672
13.11552
13.28832
8.52048
14.97456
11.124
14.09328
16.44624
15.6888
15.44976
1.91664
7.59168
14.2272
15.02928
17.69904
15.80832
16.58016
15.96096
17.51472
14.40432
13.99536
18.67248
18.38736
13.87008
11.12976
2.01456
18.4032
12.8808
9.57168
17.01792
4.2984
3.86784
19.01376
7.17696
18.67104
17.1432
14.89536
19.45728
20.20752
17.02512
15.27264
18.7632
18.24048
19.98864
18.34704
14.66208
7.88256
18.65664
8.1432
21.5568
14.86944
10.42848
7.29648
10.3248
10.05552
15.13872
14.03136
11.97216
21.53952
7.70256
18.35856
18.57168
20.36304
20.02752
20.01168
14.00688
16.95888
17.9496
19.4544
12.92256
21.26592
22.10976
16.0416
16.59888
18.36576
9.03024
17.42112
7.60032
19.13184
21.94128
17.04096
5.46912
14.88816
13.88448
6.22656
12.5856
15.29424
20.22768
12.77856
21.41568
19.36224
19.66896
23.21568
18.43488
23.04144
20.82384
23.74848
24.23664
23.76
12.79872
23.01408
23.33808
21.77856
23.00112
22.33872
22.8312
17.96544
22.51872
23.17536
22.67568
18.13968
21.43584
23.95008
12.47904
22.84272
20.4624
23.43888
22.29408
22.06512
20.71008
17.85744
17.92944
22.31136
22.41792
13.49712
22.58064
21.708
22.69296
20.0232
15.13872
14.83344
22.82976
19.93248
20.54592
22.47984
21.4848
18.0432
21.78
20.9232
21.39984
21.44592
17.4096
19.71072
19.56096
19.2384
17.46864
19.0944
18.56592
6.86304
15.77952
19.77696
16.21152
18.792
20.31408
20.45376
18.18144
6.83712
17.72928
20.01744
19.60992
18.85536
19.32768
16.83792
19.09008
16.14528
16.29216
18.3672
14.2416
16.26912
11.74464
12.62736
17.34048
16.38576
13.56336
15.64416
14.05728
13.59072
17.0208
13.536
12.87648
9.90144
15.98832
13.18176
16.2576
15.33024
7.51968
15.07824
14.84064
8.84592
15.57792
14.8032
14.86944
15.15744
15.192
14.33808
12.73536
12.8376
13.63968
14.65344
13.52736
12.14928
13.01616
14.39856
14.0832
13.81392
13.5576
12.97008
11.64096
7.28496
7.9992
10.01376
7.84224
11.4192
7.66944
7.48944
5.78448
8.37216
9.92304
4.10256
8.8848
8.8704
10.35216
7.29216
10.79568
10.4976
10.90656
7.70256
1.13472
3.34224
5.05872
9.19584
3.0168
9.60624
6.4656
9.68544
8.57232
4.00464
6.66288
8.58528
5.59008
3.76272
7.48656
7.83936
7.93584
7.49088
7.60752
0.27504
4.10256
1.49328
3.3768
3.78576
2.41344
5.76864
4.54896
1.32624
6.44832
3.83616
4.7952
7.4232
6.73344
5.64336
4.27968
5.3712
6.62112
4.75488
3.06864
5.4864
3.89232
1.18224
4.16304
6.05664
5.44176
4.4352
5.10192
0.99504
2.9664
4.10976
1.51488
6.04368
2.83968
6.62256
6.6024
5.78736
5.98752
5.84208
5.9256
3.3624
1.98864
2.22912
3.23712
3.53952
5.84784
7.08336
7.19424
7.45776
7.39584
7.0128
7.22016
7.56432
6.67008
6.45408
7.2504
7.73136
7.3944
7.53408
5.48208
3.79296
5.12496
5.61888
5.72112
2.48256
6.5448
2.304
6.87456
6.4872
5.10192
8.78544
8.55504
8.13168
8.24688
7.31376
1.57248
9.2592
6.30288
6.51744
6.90192
10.01232
10.03824
10.44432
7.93152
8.21952
8.74224
9.4608
8.04096
9.60624
10.9224
11.10672
11.41056
11.73456
12.05568
12.0024
8.76816
10.03248
6.92064
10.6992
11.89872
11.6784
12.03552
12.18384
12.3192
12.77856
12.20688
12.76992
11.72592
11.8872
10.44576
11.18592
2.83104
13.82112
13.8384
13.94784
14.10624
13.79808
12.6864
9.15552
13.43664
15.49872
15.61392
15.53904
16.164
10.8288
16.52112
16.23456
15.91344
16.39584
16.61184
16.51248
17.53632
17.37792
17.14752
15.34464
17.66304
10.41696
16.87248
12.44592
5.34528
18.92736
10.89216
11.21472
14.36832
16.98336
10.7064
15.39936
16.10208
19.02096
20.03904
18.06768
14.67648
15.71616
17.388
9.27504
11.97072
8.15184
8.52768
6.7392
14.33232
16.24032
6.732
20.9592
21.42
21.45168
12.95712
18.972
21.93984
16.40016
3.29472
18.48528
23.55696
22.48128
20.90736
15.41952
22.28544
16.32816
14.36112
23.68944
22.07232
23.06592
22.53888
22.00032
6.23664
17.75232
16.88112
20.2752
17.54496
23.86944
21.61008
3.2256
-99
0.2016
22.16592
17.39232
22.72608
23.81616
24.09264
24.07968
23.94
22.16304
23.61312
14.81616
22.57488
22.6512
23.75568
10.512
22.48848
3.25152
24.54048
21.81024
15.14016
23.508
23.2632
24.62544
23.13648
23.4288
20.90016
14.58864
23.05872
23.20848
22.60368
22.97088
23.2848
23.4936
23.92704
23.54688
23.6304
23.63472
20.49264
21.54528
22.40928
23.28336
21.37104
18.25776
7.47216
15.64128
23.59728
23.55984
22.99968
20.61792
13.95504
23.15664
23.19984
13.94784
18.48096
22.38048
22.09968
21.64176
22.13136
22.22352
22.00896
22.10112
15.31872
12.78432
23.21712
22.51152
19.34208
1.80432
-99
-99
-99
-99
-99
-99
14.23296
20.25936
21.15792
19.91952
18.26928
16.89408
20.47104
21.13632
17.23248
19.91088
20.10096
19.13472
15.91776
7.52832
18.468
18.49536
19.49616
19.07856
19.21968
15.5592
5.77728
18.70992
16.884
15.7896
13.90032
12.528
16.94736
18.62928
1.41552
-99
-99
-99
-99
-99
-99
-99
-99
-99
-99
-99
-99
15.22368
12.02112
13.78368
14.5512
4.96512
13.5
13.97376
15.43392
10.99296
14.55408
14.3784
13.14576
13.54608
13.84992
12.48768
12.85632
13.3632
13.87296
13.37472
9.98064
13.20768
12.86208
5.79744
10.53072
8.86608
9.4968
11.88144
9.02304
-99
-99
-99
-99
-99
-99
-99
-99
-99
-99
-99
-99
-99
-99
-99
-99
-99
-99
-99
-99
-99
-99
-99
-99
-99
-99
-99
-99
-99
-99
-99
-99
-99
-99
-99
-99
-99
-99
-99
-99
-99
-99
-99
-99
-99
-99
-99
-99
-99
-99
-99
-99
-99
-99
-99
-99
-99
-99
-99
-99
-99
-99
-99
-99
-99
-99
-99
-99
-99
-99
-99
-99
-99
-99
-99
-99
-99
-99
-99
-99
-99
-99
-99
-99
-99
-99
-99
-99
-99
-99
-99
-99
-99
-99
-99
-99
-99
-99
-99
-99
-99
-99
-99
-99
-99
-99
-99
-99
-99
-99
-99
-99
-99
-99
-99
-99
-99
-99
-99
-99
-99
-99
-99
-99
-99
-99
-99
-99
-99
-99
-99
-99
-99
-99
-99
-99
-99
-99
-99
-99
-99
-99
-99
-99
-99
-99
-99
-99
-99
-99
-99
-99
-99
-99
-99
-99
-99
-99
-99
-99
-99
-99
-99
-99
-99
-99
-99
-99
-99
-99
-99
-99
-99
-99
-99
-99
-99
-99
-99
-99
-99
-99
-99
-99
-99
-99
-99
-99
-99
-99
-99
-99
-99
-99
-99
-99
-99
-99
-99
-99
-99
-99
-99
-99
-99
-99
-99
-99
-99
-99
-99
-99
-99
-99
-99
-99
-99
-99
-99
-99
-99
-99
-99
-99
-99
-99
-99
-99
-99
-99
-99
-99
-99
-99
-99
-99
-99
-99
-99
-99
-99
-99
-99
-99
-99
-99
-99
-99
-99
-99
-99
-99
-99
-99
-99
-99
-99
-99
-99
-99
-99
-99
-99
-99
-99
-99
-99
-99
-99
-99
-99
-99
-99
-99
-99
-99
-99
-99
-99
-99
-99
-99
-99
-99
-99
-99
-99
-99
-99
-99
-99
-99
-99
-99
-99
-99
-99
-99
-99
-99
-99
-99
-99
-99
-99
-99
-99
-99
-99
-99
-99
-99
-99
-99
-99
-99
-99
-99
-99
-99
-99
-99
-99
-99
-99
-99
-99
-99
-99
-99
-99
-99
-99
-99
-99
-99
-99
-99
-99
-99
-99
-99
-99
-99
-99
-99
-99
-99
-99
-99
-99
-99
-99
-99
-99
-99
-99
-99
-99
-99
-99
-99
-99
-99
-99
-99
-99
-99
-99
-99
-99
-99
-99
-99
-99
-99
-99
-99
-99
-99
-99
-99
-99
-99
-99
-99
-99
-99
-99
-99
-99
-99
-99
-99
-99
-99
-99
-99
-99
-99
-99
-99
-99
-99
-99
-99
-99
-99
-99
-99
-99
-99
-99
-99
-99
-99
-99
-99
-99
-99
-99
-99
-99
-99
-99
-99
-99
-99
-99
-99
-99
-99
-99
-99
-99
-99
-99
-99
-99
-99
-99
-99
-99
-99
-99
-99
-99
-99
-99
-99
-99
-99
-99
-99
-99
-99
-99
-99
-99
-99
-99
-99
-99
-99
-99
-99
-99
-99
-99
-99
-99
-99
-99
-99
-99
-99
-99
-99
-99
-99
-99
-99
-99
-99
-99
-99
-99
-99
-99
-99
-99
-99
-99
-99
-99
-99
-99
-99
-99
-99
-99
-99
-99
-99
-99
-99
-99
-99
-99
-99
-99
-99
-99
-99
-99
-99
-99
-99
-99
-99
-99
-99
-99
-99
-99
-99
-99
-99
-99
-99
-99
-99
-99
-99
-99
-99
-99
-99
-99
-99
-99
-99
-99
-99
-99
-99
-99
-99
-99
-99
-99
-99
-99
-99
-99
-99
-99
-99
-99
-99
-99
-99
-99
-99
-99
-99
-99
-99
-99
-99
-99
-99
-99
-99
-99
-99
-99
-99
-99
-99
-99
-99
-99
-99
-99
-99
-99
-99
-99
-99
-99
-99
-99
-99
-99
-99
-99
-99
-99
-99
-99
-99
-99
-99
-99
-99
-99
-99
-99
-99
-99
-99
-99
-99
-99
-99
-99
-99
-99
-99
-99
-99
-99
-99
-99
-99
-99
-99
-99
-99
-99
-99
-99
-99
-99
-99
-99
-99
-99
-99
-99
-99
-99
-99
-99
-99
-99
-99
-99
-99
-99
-99
-99
-99
-99
-99
-99
-99
-99
-99
-99
-99
-99
-99
-99
-99
-99
-99
-99
-99
-99
-99
-99
-99
-99
-99
-99
-99
-99
-99
-99
-99
-99
-99
-99
-99
-99
-99
-99
-99
-99
-99
-99
-99
-99
-99
-99
-99
-99
-99
-99
-99
-99
-99
-99
-99
-99
-99
-99
-99
-99
-99
-99
-99
-99
-99
-99
-99
-99
-99
-99
-99
-99
-99
-99
-99
-99
-99
-99
-99
-99
-99
-99
-99
-99
-99
-99
-99
-99
-99
-99
-99
-99
-99
-99
-99
-99
-99
-99
-99
-99
-99
-99
-99
-99
-99
-99
-99
-99
-99
-99
-99
-99
-99
-99
-99
-99
-99
-99
-99
-99
-99
-99
-99
-99
-99
-99
-99
-99
-99
-99
-99
-99
-99
-99
-99
-99
-99
-99
-99
-99
-99
-99
-99
-99
-99
-99
-99
-99
-99
-99
-99
-99
-99
-99
-99
-99
-99
-99
-99
-99
-99
-99
-99
-99
-99
-99
-99
-99
-99
-99
-99
-99
-99
-99
-99
-99
-99
-99
-99
-99
-99
-99
-99
-99
-99
-99
-99
-99
-99
-99
-99
-99
-99
-99
-99
-99
-99
-99
-99
-99
-99
-99
-99
-99
-99
-99
-99
-99
-99
-99
-99
-99
-99
-99
-99
-99
-99
-99
-99
-99
-99
-99
-99
-99
-99
-99
-99
-99
-99
-99
-99
-99
-99
-99
-99
-99
-99
-99
-99
-99
-99
-99
-99
-99
-99
-99
-99
-99
-99
-99
-99
-99
-99
-99
-99
-99
-99
-99
-99
-99
-99
-99
-99
-99
-99
-99
-99
-99
-99
-99
-99
-99
-99
-99
-99
-99
-99
-99
-99
-99
-99
-99
-99
-99
-99
-99
-99
-99
-99
-99
-99
-99
-99
-99
-99
-99
-99
-99
-99
-99
-99
-99
-99
-99
-99
-99
-99
-99
-99
-99
-99
-99
-99
-99
-99
-99
-99
-99
-99
-99
-99
-99
-99
-99
-99
-99
-99
-99
-99
-99
-99
-99
-99
-99
-99
-99
-99
-99
-99
-99
-99
-99
-99
-99
-99
-99
-99
-99
-99
-99
-99
-99
-99
-99
-99
-99
-99
-99
-99
-99
-99
-99
-99
-99
-99
-99
-99
-99
-99
-99
-99
-99
-99
-99
-99
-99
-99
-99
-99
-99
-99
-99
-99
-99
-99
-99
-99
-99
-99
-99
-99
-99
-99
-99
-99
-99
-99
-99
-99
-99
-99
-99
-99
-99
-99
-99
-99
-99
-99
-99
-99
-99
-99
-99
-99
-99
-99
-99
-99
-99
-99
-99
-99
-99
-99
-99
-99
-99
-99
-99
-99
-99
-99
-99
-99
-99
-99
-99
-99
-99
-99
-99
-99
-99
-99
-99
-99
-99
-99
-99
-99
-99
-99
-99
-99
-99
-99
-99
-99
-99
-99
-99
-99
-99
-99
-99
-99
-99
-99
-99
-99
-99
-99
-99
-99
-99
-99
-99
-99
-99
-99
-99
-99
-99
-99
-99
-99
-99
-99
-99
-99
-99
-99
-99
-99
-99
-99
-99
-99
-99
-99
-99
-99
-99
-99
-99
-99
-99
-99
-99
-99
-99
-99
-99
-99
-99
-99
-99
-99
-99
-99
-99
-99
