20000101
-99
-99
-99
-99
-99
-99
-99
-99
-99
-99
-99
-99
-99
-99
-99
-99
-99
-99
-99
-99
-99
-99
-99
-99
-99
-99
-99
-99
-99
-99
-99
-99
-99
-99
-99
-99
-99
-99
-99
-99
-99
-99
-99
-99
-99
-99
-99
-99
-99
-99
-99
-99
-99
-99
-99
-99
-99
-99
-99
-99
-99
-99
-99
-99
-99
-99
-99
-99
-99
-99
-99
-99
-99
-99
-99
-99
-99
-99
-99
-99
-99
-99
-99
-99
-99
-99
-99
-99
-99
-99
-99
-99
-99
-99
-99
-99
-99
-99
-99
-99
-99
-99
-99
-99
-99
-99
-99
-99
-99
-99
-99
-99
-99
-99
-99
-99
-99
-99
-99
-99
-99
-99
-99
-99
-99
-99
-99
-99
-99
-99
-99
-99
-99
-99
-99
-99
-99
-99
-99
-99
-99
-99
-99
-99
-99
-99
-99
-99
-99
-99
-99
3.6864
23.21568
20.84256
20.58048
22.00896
21.37248
12.47616
24.67008
24.41664
22.70592
2.8152
5.6376
10.116
12.30624
9.52128
24.4872
24.97248
21.60144
24.17328
24.44256
24.60096
22.58928
22.09392
11.78928
17.11008
20.83968
20.41776
21.34656
15.87312
20.54448
18.27936
19.70208
20.45664
21.25152
20.1816
22.28544
20.41344
21.8592
17.03376
21.42432
9.45648
15.16176
23.3352
21.41856
18.07056
10.1088
22.38192
15.9264
15.29856
18.216
19.98
20.95056
20.01312
8.85024
14.39424
16.19136
21.21408
21.10752
12.32352
17.78976
20.85552
20.11104
17.59248
18.19296
15.26256
14.95296
19.83168
11.89152
17.15472
17.91072
18.5832
18.67104
16.49808
11.3256
16.66224
17.77824
17.26128
17.69616
17.08272
16.4808
16.03872
14.66208
9.07776
18.21168
16.13808
13.35024
14.56128
12.79296
14.7312
14.46192
15.37344
9.27504
13.7304
16.41024
5.48352
8.86896
17.11008
16.77312
15.54336
-99
-99
-99
-99
-99
-99
-99
-99
-99
-99
-99
-99
-99
-99
-99
-99
-99
-99
-99
-99
-99
-99
-99
-99
-99
-99
-99
-99
-99
-99
-99
-99
-99
-99
-99
-99
-99
-99
-99
-99
1.32912
10.2744
8.40096
7.22016
6.81696
2.51424
5.15808
7.15392
5.6016
6.5736
9.05904
4.25664
4.41936
6.9048
2.24784
7.33104
4.10544
5.07312
9.22464
8.28
7.41168
9.63072
8.83872
8.07552
7.9344
4.32864
3.5136
3.70944
7.11216
2.21328
4.34304
7.60032
4.86864
4.86432
2.5272
6.66288
5.98896
1.94544
6.42528
6.19776
5.84928
4.33296
4.92768
1.29168
4.74624
3.25296
4.18608
6.39504
4.41648
4.79808
3.48912
3.34368
3.13488
5.73696
5.28336
4.74336
3.7872
3.41136
2.3112
2.29536
5.58576
5.32512
5.31648
4.86432
5.1624
2.07936
0.86832
1.13472
0.73008
5.11056
5.33952
3.27168
4.17744
5.7456
1.61856
6.67584
3.80304
4.9896
5.3136
4.08672
1.46016
2.70288
4.8528
7.05744
2.49552
5.04432
4.30848
2.90304
1.27872
1.90224
0.84672
5.1696
6.552
5.08464
1.98288
6.93792
7.50528
3.13632
6.42384
6.4296
5.8392
5.44896
6.9408
0.89136
4.62096
8.49024
5.20272
9.70128
8.21088
8.90784
8.96688
8.18928
3.39264
6.36912
9.11664
9.29808
10.0728
9.80208
8.21808
8.20368
2.12688
10.26
10.79136
11.69568
6.0048
11.5848
12.15504
11.54592
11.46384
11.98512
2.95344
11.19168
12.7512
8.14464
11.6712
11.65104
7.4808
9.01008
8.03664
7.96176
7.32672
10.92384
3.90096
13.08672
7.40592
11.9664
12.53232
13.77648
14.92704
14.38704
4.67568
10.26
13.14
14.74416
11.10816
11.57328
13.06944
14.00256
11.6856
12.8376
11.83104
13.75776
13.48272
5.37552
16.812
17.54064
17.14464
16.63776
13.57344
15.50304
13.4136
14.544
7.956
18.22176
14.7024
13.8024
18.648
18.5184
8.56512
19.5336
17.8992
8.79696
16.49376
6.58224
9.87552
18.49392
15.81264
18.77616
15.45696
14.508
15.68448
16.88256
14.67504
18.24624
16.53552
8.6688
11.55888
6.65136
11.3184
11.07072
6.54912
6.85152
12.52656
20.64384
15.74928
8.56224
18.83952
20.82096
17.5392
15.25104
21.0744
16.12656
11.6424
18.94608
23.02848
17.52768
10.89072
12.1536
14.53104
17.44272
21.56544
21.36384
20.86416
21.34944
21.48048
20.75328
16.5456
11.97648
2.48688
-99
20.75472
18.35424
10.31472
21.08448
20.9232
17.6112
5.42736
23.83344
22.67856
21.06432
21.43296
19.92096
19.84896
14.13648
22.13136
23.38848
23.2992
22.77216
19.95984
18.93888
21.14208
19.99152
22.50576
17.316
23.9904
23.58
22.69008
22.25808
23.2776
17.68968
15.12504
20.51856
18.39168
17.76024
20.7756
15.12
19.86624
7.75152
12.5064
17.5752
20.12544
11.03616
12.08736
22.0248
9.64656
5.60016
20.91312
22.82256
21.9816
19.61856
18.05472
20.34144
16.28928
20.02752
18.17136
20.1816
19.97856
18.87552
18.00432
15.59808
17.87472
16.6608
20.19456
17.74224
17.96688
10.77984
18.04608
18.26352
21.67488
20.54304
19.53072
18.94032
16.50096
12.17376
18.57024
16.98624
10.09584
16.40592
19.01808
18.9648
18.40896
17.93952
17.1864
17.2728
16.70832
17.50608
15.86016
10.35072
9.396
18.072
18.54432
16.07616
5.6016
18.28512
17.93952
17.33184
15.20208
14.8176
17.36208
17.49888
16.90992
15.5232
10.18008
16.37424
15.70824
11.80944
13.464
12.05424
10.46736
13.54176
6.89328
14.44176
2.46096
10.92096
14.65488
12.33936
5.93136
7.4088
13.61664
-99
-99
-99
-99
-99
-99
-99
-99
-99
-99
-99
-99
-99
-99
-99
6.86304
9.39744
10.75248
11.16576
6.52896
10.98864
10.58544
9.29232
10.87632
10.65456
9.4464
9.1224
9.02016
7.57008
10.13904
6.54192
9.79632
7.93584
8.84016
8.83584
4.34592
3.12624
-99
-99
-99
-99
-99
-99
-99
-99
-99
-99
-99
-99
0.252
-99
-99
-99
-99
-99
-99
-99
-99
-99
-99
-99
-99
-99
-99
-99
-99
-99
-99
-99
-99
-99
-99
-99
-99
-99
-99
-99
-99
-99
-99
-99
-99
-99
-99
-99
-99
-99
-99
0.34992
0.60336
0.62784
0.71568
-99
-99
-99
-99
-99
-99
-99
-99
-99
-99
-99
-99
-99
-99
-99
-99
-99
-99
-99
-99
-99
-99
-99
-99
-99
-99
-99
-99
-99
-99
-99
-99
-99
-99
-99
-99
-99
-99
-99
-99
-99
-99
-99
-99
-99
-99
-99
-99
-99
-99
-99
-99
-99
-99
-99
-99
-99
-99
-99
-99
-99
-99
-99
-99
-99
-99
-99
-99
-99
-99
-99
-99
-99
-99
-99
-99
-99
-99
-99
-99
-99
-99
-99
-99
-99
-99
-99
-99
-99
-99
-99
-99
-99
-99
-99
-99
-99
-99
-99
-99
-99
-99
-99
-99
-99
-99
-99
-99
-99
-99
-99
-99
-99
-99
-99
-99
-99
-99
-99
-99
-99
-99
-99
-99
-99
-99
-99
-99
-99
-99
-99
-99
-99
-99
-99
-99
-99
-99
-99
-99
-99
-99
-99
-99
-99
-99
-99
-99
-99
-99
-99
-99
-99
0
-99
-99
-99
-99
-99
-99
-99
-99
-99
-99
-99
-99
-99
-99
-99
-99
-99
-99
-99
-99
-99
-99
-99
-99
-99
-99
-99
-99
-99
-99
-99
-99
-99
-99
-99
-99
-99
-99
-99
-99
-99
-99
-99
-99
-99
-99
-99
-99
-99
-99
-99
-99
-99
-99
-99
-99
-99
-99
-99
-99
-99
-99
-99
-99
-99
-99
-99
-99
-99
-99
-99
-99
-99
-99
-99
-99
-99
-99
-99
-99
-99
-99
-99
-99
-99
-99
-99
-99
-99
-99
-99
-99
-99
-99
-99
-99
-99
-99
-99
-99
-99
-99
-99
-99
-99
-99
2.26944
14.48928
9.84528
4.6296
7.65504
15.65856
15.8976
15.80976
15.2424
13.79664
14.64912
12.42432
8.45856
-99
-99
1.57536
11.47248
12.41424
13.15728
10.63152
9.09072
1.24416
3.03552
7.87248
7.02
11.38464
10.8288
11.28096
9.46224
5.21568
9.9072
9.4032
10.66032
8.37216
10.79856
4.22352
6.47568
9.19008
8.65728
9.44064
10.16208
3.74976
7.24464
2.95488
9.3888
8.5248
5.92704
3.4416
5.73984
9.23472
9.53856
9.15408
8.24544
8.48304
6.29424
4.9248
7.88832
5.23872
2.88288
8.1864
5.24304
7.5456
6.85152
2.8224
4.66848
7.60032
6.23088
2.23632
1.66896
7.18416
6.84
5.63472
3.85776
7.38432
2.1528
6.33168
6.96816
7.32456
2.9988
3.61728
6.31872
5.9328
2.69424
0.99792
5.37264
5.09328
5.98752
3.04704
5.15808
5.508
1.80864
1.95264
1.93968
1.5912
4.90608
5.23584
3.024
4.95936
5.80608
4.91616
2.39184
4.66992
4.72896
1.55808
6.54768
2.9304
4.56048
4.51872
2.73744
4.82544
0.32256
4.42512
2.12112
3.78864
5.61456
7.18272
6.88752
7.18704
6.99696
6.32736
6.2136
6.95376
6.68304
2.47392
6.7968
4.21344
6.89328
7.80912
7.80768
8.1648
3.86352
6.86016
7.60896
6.79968
5.01264
4.68144
8.82576
7.41312
5.33088
5.35968
9.29808
9.59904
8.97408
9.27216
9.12528
7.08912
8.37792
4.00896
7.11504
7.1712
8.26992
10.79136
2.052
8.24688
1.00224
0.65088
3.55968
6.46128
5.17536
5.33664
3.76128
0.18
5.2632
11.78352
4.67856
8.4384
6.11712
13.16736
11.84688
7.3296
12.75696
12.21264
13.30992
14.3064
12.51216
13.13424
13.82976
12.852
6.49152
14.32512
13.38048
15.53616
16.26912
16.08624
15.70464
15.41376
15.92352
15.1416
15.9192
16.07472
9.14688
2.7576
4.74048
3.32784
8.50032
14.70816
4.95936
18.8784
19.17072
19.27872
18.9504
19.55088
1.31184
15.61536
13.22064
10.74096
15.16896
17.8776
7.49088
13.464
15.63264
16.1712
17.67312
11.736
13.41792
18.77328
18.98208
20.52288
18.98784
14.46768
10.9296
20.9448
20.24208
18.88272
7.98048
18.83952
17.78112
22.11984
17.56944
10.04544
10.33344
16.3944
19.74096
19.69776
20.75184
18.36432
20.0664
6.60672
20.9016
21.3624
20.62944
14.87088
21.2184
19.29312
14.0544
19.92096
23.0112
23.4
17.05824
6.0984
8.89056
18.072
22.43952
22.57488
21.05712
21.8016
22.1832
15.69024
12.43152
22.44672
6.64848
17.43552
22.84128
21.05568
21.94992
22.19904
22.5216
22.64832
19.45728
21.17088
14.66064
19.5912
17.50176
22.11984
24.3792
24.45984
23.6592
21.89232
23.02704
12.01824
19.20384
20.43216
16.1064
15.12
21.26448
19.6632
17.38656
16.47792
12.8736
21.21696
19.63584
17.96256
19.26864
21.68064
11.41056
22.38192
21.70224
21.79296
21.61728
21.708
20.0664
19.61136
22.14576
22.10688
21.44736
11.56608
20.7432
20.34
18.33984
19.3032
20.04192
20.5416
15.2136
20.02464
21.79152
16.53264
19.93536
21.9312
21.05712
20.8368
20.2968
20.2536
19.84896
10.61568
18.11952
19.54368
19.3104
19.08
18.6696
16.41168
15.94368
13.8456
16.87248
8.46288
18.82224
19.41984
14.6808
15.85728
17.79264
17.23248
14.56272
17.71488
13.20624
17.46144
16.11648
18.39456
15.39792
10.31472
10.14912
13.55328
15.71184
8.06544
11.67984
13.45392
4.97376
13.176
15.13872
15.51456
15.99552
17.26128
15.57792
14.81904
16.41744
16.4448
12.68784
16.62048
16.16544
13.52016
14.44464
11.40624
13.53744
14.59728
14.31504
10.82448
1.44432
5.76576
8.63856
5.0904
10.872
11.97936
12.85632
3.05856
9.46512
11.6064
13.82256
9.5832
13.07232
13.12848
11.94192
3.6432
6.19776
5.90256
1.25136
7.96752
2.47104
0.95328
4.08816
10.9512
2.74176
6.08688
10.99152
10.31904
11.69856
0.97488
5.17536
1.01088
3.04848
6.27696
2.41776
8.93664
9.56016
10.01088
9.65088
9.2736
9.20592
8.91792
1.836
2.70144
5.17392
4.86864
5.8536
5.01552
5.60016
5.91984
0.90576
6.6168
8.1216
7.10064
3.6432
5.436
4.33728
1.69776
7.23456
7.02
4.67568
3.43296
6.51024
4.51008
4.14432
0.51264
2.0808
1.14048
5.66928
4.60368
6.4728
3.35232
6.50448
7.00128
2.16
6.72912
6.41664
5.69664
4.60656
6.93936
6.13008
4.46688
1.82016
1.71504
5.8032
3.64032
6.55344
4.57056
7.15824
7.3224
6.96816
5.70528
0.7128
5.62464
4.11984
6.50448
3.74544
6.19776
6.8976
6.732
6.40368
3.7512
2.58192
5.33088
2.27232
4.38768
5.51664
2.2464
3.10896
1.91952
5.38704
6.44544
4.14
4.32864
7.25328
2.61072
7.4592
7.04736
1.20672
1.14192
4.34448
4.98816
0.95328
6.4728
8.14032
7.96608
8.22672
7.60032
4.93632
4.82688
2.0088
5.71968
2.81664
5.58288
8.30304
9.93888
9.93168
6.87024
10.44432
10.49328
8.15472
10.19088
1.3104
10.57536
6.04944
11.20464
5.95584
1.2024
3.03408
9.8712
7.99344
2.91024
3.03984
5.7888
12.09024
12.09312
12.3912
13.04064
13.49568
9.10368
8.0064
7.02144
9.396
14.70528
14.2776
8.42112
12.87216
2.34288
2.47824
8.82
13.62672
13.91904
13.00896
7.73424
12.8736
9.82512
6.22656
6.54768
17.38368
17.01504
15.83712
15.21072
4.33872
11.77488
7.46496
7.49664
12.492
15.30864
7.49232
17.49312
16.87968
15.83856
2.52
7.4664
6.07824
18.44496
17.13888
18.10512
16.60608
18.34128
5.60736
10.29744
2.08944
8.78112
12.7296
19.68192
17.53344
19.9656
5.95584
14.11056
20.2032
21.00672
19.48176
18.95328
15.77664
3.06288
17.24976
14.96736
11.30544
0.76896
9.50256
3.23712
17.42544
12.59712
20.46816
17.18352
10.65888
4.04784
15.1416
21.79152
21.35664
22.02192
21.82752
21.62736
21.29616
21.47616
21.94992
18.72432
12.87936
21.42288
22.66128
19.24992
13.52016
19.31328
18.83232
20.02176
11.82096
14.38704
14.46192
21.3048
22.26384
22.57056
22.61232
23.15376
22.48128
20.81808
22.80096
22.34592
13.34592
14.31792
-99
9.71856
22.13712
21.11904
23.97888
21.58416
6.62112
8.3088
16.92432
15.7824
20.7288
8.0928
18.72288
21.82032
22.1184
19.59552
21.84336
21.9672
21.17232
15.63408
21.13776
22.0248
14.59872
15.8328
20.00016
14.52816
9.75456
16.93872
9.11952
8.85888
18.30096
22.91616
22.18464
19.22544
21.31488
19.51776
20.3616
20.00736
16.61328
18.37296
15.26832
17.18784
21.14928
20.78496
21.3192
20.17872
18.31968
18.59616
19.85184
18.26208
17.03952
16.16832
9.12384
16.992
20.65536
16.14672
18.88704
15.24384
19.06128
19.65888
18.66816
15.53904
19.54224
17.78112
15.16608
13.05216
19.19952
18.78624
16.0056
17.32752
17.50464
9.936
16.272
14.96016
18.66816
18.53136
13.17024
9.0072
9.26784
2.99088
14.45328
7.44048
5.20704
13.896
10.21392
11.60064
10.48752
15.25392
13.92336
13.98528
14.34528
11.052
15.26976
6.39216
13.27104
16.52832
16.42608
15.2928
13.34016
7.95744
13.67136
15.5088
14.86224
8.20512
14.79456
13.5576
14.14368
13.07232
10.7064
12.45888
10.86192
11.54448
11.83536
11.37744
7.13088
8.55216
7.83648
9.74304
10.2024
11.99232
10.44576
8.26704
8.04672
9.82944
6.912
8.10144
10.66464
4.41792
8.76816
7.2216
9.84816
9.82512
5.84784
5.96304
7.89264
7.62336
3.81312
7.80336
8.30592
7.4952
5.62608
4.19184
9.0504
7.46928
3.25728
3.7584
8.50752
8.568
7.99344
6.41952
6.57216
8.20944
6.61824
8.208
8.58672
6.43248
7.80336
7.45344
6.91056
7.45344
6.87024
6.93648
3.04704
6.16896
6.35904
3.62448
5.32944
6.10704
3.82464
0.4248
6.11712
1.6632
6.44976
5.6376
0.86832
6.02208
1.06992
1.65312
0.64656
1.88208
2.73744
5.9472
1.61856
5.11344
3.36528
1.63296
4.23072
5.23152
6.07392
3.92256
3.60576
5.53248
6.10272
3.40416
5.8464
1.27152
4.75056
2.3256
2.17872
5.10336
6.29136
5.80176
6.15024
6.21216
6.47856
6.00048
5.45616
6.16464
6.29712
5.85792
6.21504
6.38064
6.29424
5.41872
6.3864
6.64848
4.4352
3.89952
5.50944
5.508
5.02704
6.42528
6.40944
7.0416
6.80688
6.43968
7.81344
7.53696
7.93872
3.09456
8.33472
8.80704
8.54496
8.14464
7.89696
5.508
8.43552
4.84416
1.79424
3.4416
1.8288
8.0712
9.42768
7.35696
7.26048
8.11008
9.92592
11.05488
10.3896
10.764
11.10384
5.86944
6.88032
12.132
6.16464
12.14928
3.86208
8.96832
11.43936
11.85984
13.1328
12.68208
11.76048
9.85248
13.32144
10.31472
13.72176
13.83984
13.85568
13.96368
13.52736
4.05504
13.84704
13.43088
12.72672
10.62432
13.33584
12.79152
14.1984
14.2416
10.77552
2.01888
4.08672
7.6896
8.85888
4.29408
9.53424
9.26208
14.61312
7.92432
11.72304
16.92144
16.96608
5.24448
2.68272
9.936
13.54752
15.18336
16.14528
2.32704
18.40752
19.2456
15.80688
17.2008
11.57616
17.86464
4.89024
12.29328
18.66672
13.70592
12.37824
11.08944
16.4808
14.00112
17.10288
6.9912
15.43104
20.02176
19.7136
19.66608
17.244
19.12464
17.0424
9.85392
13.04352
12.63744
20.54304
21.43728
20.83824
20.08656
13.02192
12.20256
15.95664
15.28128
16.20144
10.5984
19.2096
15.4224
1.58976
22.27248
21.70224
20.76912
11.80368
18.19728
17.65008
21.5928
21.57408
22.53168
22.54032
21.26304
21.31344
11.6424
11.49408
21.09744
22.53024
19.03392
18.55728
21.4848
21.63312
21.8808
19.35504
21.74112
21.40416
13.03632
15.47568
10.61568
8.676
17.856
17.388
22.09248
21.69792
21.29328
16.40016
13.65408
19.81728
15.84864
14.64048
21.43584
21.22128
15.99984
13.9104
20.2464
17.53776
15.61968
20.77056
20.51136
13.94928
21.2256
17.712
18.9576
7.25616
7.98912
22.44528
20.12688
21.43152
20.73168
20.6352
18.56304
20.04192
18.62064
15.45696
21.07152
20.97216
20.55312
18.84384
16.17696
18.72288
11.88864
17.25696
17.78688
17.87904
14.09328
14.09472
17.24112
8.0496
13.97232
20.57616
20.58192
20.43072
19.476
16.416
18.30528
15.81264
10.1808
12.84336
19.17648
17.8056
17.25696
18.96192
18.48816
14.10192
5.84928
11.124
9.144
11.64096
16.8624
16.86528
13.54752
16.8768
11.88864
2.84832
12.73104
17.12448
16.63488
16.67088
15.42816
15.03216
15.20496
14.17968
12.096
7.75584
12.2688
7.77744
15.0696
13.8456
13.55184
14.23008
9.62064
14.83632
14.89392
12.87216
10.7424
15.5952
5.5224
14.69952
14.28192
13.30848
11.628
10.9512
9.95472
9.85824
10.81728
9.58032
4.83696
12.5568
11.17584
11.31984
10.92672
6.51312
3.97152
11.5704
12.0384
11.4336
11.17584
4.8024
1.728
0.86832
0.42768
2.73744
6.05088
6.81984
7.44624
1.1664
7.3368
5.75712
9.54864
8.96688
3.46608
9.7128
8.01648
7.83648
7.16832
4.7592
7.04016
5.84208
3.32928
7.09632
7.05744
7.10064
1.78272
7.93008
8.58528
8.1216
8.20944
0.32544
0.80208
6.09696
4.25232
3.23424
1.68048
6.20064
7.00272
6.876
7.02
6.34032
4.07664
6.33456
5.2776
6.14592
6.9048
3.18384
4.09392
5.78736
5.21568
5.67072
6.46416
5.55408
1.91088
4.12704
4.59072
1.63008
2.75472
6.03216
1.04832
6.03936
5.9832
5.70384
3.64752
2.73456
5.68656
5.75424
5.31216
5.5944
5.88528
5.58
5.48784
4.02624
5.54544
5.48064
3.13632
5.29776
4.48416
5.52096
6.08544
5.82768
2.93328
3.99168
5.77728
5.49504
6.13728
6.17472
1.03104
2.51568
-99
-99
-99
0.98352
7.12512
6.4368
3.57696
1.50336
6.61104
2.44656
3.19104
2.84688
7.68816
5.37264
7.65792
7.59024
8.388
7.21872
8.06688
4.8312
3.21984
0.54432
0.77616
2.13696
7.42464
8.712
4.17168
5.56992
8.57808
9.43056
9.66528
9.34992
9.2376
7.37136
10.24848
10.4184
10.10448
6.56784
9.04032
6.65568
3.86208
11.01456
10.31904
8.26992
9.05328
7.9992
9.29088
7.56288
10.95984
11.628
5.85504
11.16288
12.34368
7.41888
12.19104
12.29616
8.4888
5.35968
13.40208
9.55296
5.36256
10.36224
12.43008
14.87232
15.21648
15.59232
14.89248
11.93184
12.73536
9.89712
3.96864
2.43072
8.01216
14.17968
6.0552
14.41152
16.37424
15.80832
13.41504
9.66384
10.6992
12.50352
14.8392
15.41232
13.89456
12.98592
11.37888
10.4688
13.78944
14.6592
17.84016
16.8408
16.33392
4.26096
20.18448
18.13248
19.57536
17.04816
12.74688
16.15248
13.37472
19.77984
17.47008
11.56608
15.78096
17.02944
12.17664
16.89408
18.38592
18.61632
16.2432
19.65888
20.6064
20.45232
19.55088
17.91504
16.47648
14.91552
19.4184
17.48592
17.90352
11.03184
19.99872
9.5616
22.20336
13.8168
8.52912
19.67184
19.6704
19.00224
15.39504
15.36192
17.50896
17.27424
19.40688
18.53136
18.23184
24.21792
23.30208
23.55984
23.58432
21.26016
17.75232
21.35232
24.46128
24.53616
24.62688
24.91632
23.57856
23.80896
23.64336
22.69728
20.34288
16.69536
19.9728
21.93264
21.82752
21.07728
22.19472
18.85248
13.02336
21.63168
19.7352
18.35136
9.33984
16.32672
18.91296
19.54656
20.69136
20.50416
21.42432
18.29088
15.97104
19.58256
19.72512
17.83152
20.71584
19.85472
16.9488
21.92688
16.3872
23.50512
21.0024
15.30144
23.03568
20.4264
20.232
14.8536
14.86512
18.33696
21.63456
19.81872
21.69648
18.7416
19.12176
21.4848
19.5624
18.41616
20.14704
19.35504
20.6784
19.19232
15.31296
20.67408
18.43632
18.26352
-99
-99
-99
12.53088
-99
-99
15.2856
16.68096
20.8872
19.56528
18.98352
5.26032
14.76288
13.44384
6.07536
17.6976
14.0184
17.06688
19.26432
18.93456
19.76832
19.06128
18.38304
10.15056
12.74832
15.10416
19.3104
16.38432
13.38048
19.46304
19.22256
17.53488
8.31744
17.26992
17.23248
17.01648
4.48416
5.868
13.4784
14.58432
15.04944
15.18336
9.17856
5.76864
4.33296
5.18976
6.29568
13.91904
11.98224
15.8976
13.94784
14.57712
4.46976
2.0016
5.14656
13.61808
14.86368
15.03648
11.98656
8.79984
6.27696
13.1688
8.17056
11.81952
7.19136
13.76928
12.55392
11.30832
10.45008
2.48688
6.85584
6.7896
3.13632
11.17296
11.75328
11.29392
9.76608
7.7688
3.7944
9.95904
9.40896
10.51776
7.15248
9.13824
10.44432
8.5752
8.15184
8.92368
7.95744
8.17488
5.94288
6.6672
5.08176
9.49104
8.63856
4.4208
7.36848
7.48368
6.56352
6.00768
7.33536
7.29648
6.4584
4.8168
7.29504
6.6888
6.54624
1.96272
1.61856
6.5736
6.39504
4.45824
3.22128
5.92848
6.24096
2.99376
3.4848
2.2536
6.23664
2.91888
5.50656
5.0472
6.28848
3.33216
5.96016
3.78576
6.07824
0.67968
5.08032
0.864
6.4152
6.34464
6.2712
5.65776
4.20912
6.23664
0.75168
5.3496
5.11056
4.81968
6.18336
4.53888
6.06816
1.70784
3.20544
2.94048
6.43824
6.16032
3.98736
4.87728
5.95728
5.90976
5.8536
-99
-99
-99
-99
-99
-99
-99
-99
-99
-99
-99
-99
-99
-99
-99
-99
-99
-99
-99
-99
-99
-99
-99
-99
-99
-99
-99
-99
-99
-99
-99
-99
-99
-99
-99
-99
-99
-99
-99
-99
-99
-99
-99
-99
-99
-99
-99
-99
-99
-99
-99
-99
-99
-99
-99
-99
-99
-99
-99
-99
-99
-99
-99
-99
-99
-99
-99
-99
-99
-99
-99
-99
-99
-99
-99
-99
-99
-99
-99
-99
-99
-99
-99
-99
-99
-99
-99
-99
-99
-99
-99
-99
-99
-99
-99
-99
-99
-99
-99
-99
-99
-99
-99
-99
-99
-99
-99
-99
-99
-99
-99
-99
-99
-99
-99
-99
-99
-99
-99
-99
-99
-99
-99
-99
-99
-99
-99
-99
-99
-99
-99
-99
-99
-99
-99
-99
-99
-99
-99
-99
-99
-99
-99
-99
-99
-99
-99
-99
-99
-99
-99
-99
-99
-99
-99
-99
-99
-99
-99
-99
-99
-99
-99
-99
-99
-99
-99
-99
-99
-99
-99
-99
-99
-99
-99
-99
-99
-99
-99
-99
-99
-99
-99
-99
-99
-99
-99
-99
-99
-99
-99
-99
-99
-99
-99
-99
-99
-99
-99
-99
-99
-99
-99
-99
-99
-99
-99
-99
-99
-99
-99
-99
-99
-99
-99
-99
-99
-99
-99
-99
-99
-99
-99
-99
-99
-99
-99
-99
-99
-99
-99
-99
-99
-99
-99
-99
-99
-99
-99
-99
-99
-99
-99
-99
-99
-99
-99
-99
-99
-99
-99
-99
-99
-99
-99
-99
-99
-99
-99
-99
-99
-99
-99
-99
-99
-99
-99
-99
-99
-99
-99
-99
-99
-99
-99
-99
-99
-99
-99
-99
-99
-99
-99
-99
-99
-99
-99
-99
-99
-99
-99
-99
-99
-99
-99
-99
-99
-99
-99
-99
-99
-99
-99
-99
-99
-99
-99
-99
-99
-99
-99
-99
-99
-99
-99
-99
-99
-99
-99
-99
-99
-99
-99
-99
-99
-99
-99
-99
-99
-99
-99
-99
-99
-99
-99
-99
-99
-99
-99
-99
-99
-99
-99
-99
-99
-99
-99
-99
-99
-99
-99
-99
-99
4.00752
2.85264
0.81216
4.95648
6.67584
6.46416
5.01408
6.80832
6.64704
6.31296
6.336
6.66576
6.6672
3.5136
3.384
2.72304
3.27312
5.1336
6.28272
0.91152
4.05648
4.44528
7.2216
7.61904
6.68304
2.58336
5.56704
2.18592
6.9552
5.30352
7.56864
7.64928
5.94864
7.36848
8.1288
7.88112
7.73568
8.20512
8.60544
8.39376
8.53344
8.0208
7.93872
5.05008
6.38496
7.6104
5.71968
9.58752
9.63648
9.83376
10.12896
10.22256
10.07568
8.99424
8.59968
9.04896
8.68464
8.4312
10.22976
4.4496
5.65632
1.60704
3.49488
11.088
11.26368
11.34432
4.10832
4.34016
7.29792
10.18512
8.36064
10.47312
9.73584
12.68208
10.0872
6.48576
13.88304
14.16528
5.30928
13.75056
7.38288
5.62032
13.06224
8.8776
13.6296
14.25024
9.53568
9.5976
10.97856
12.4848
5.88528
16.4736
6.76512
8.0496
16.9416
13.10832
13.96224
8.3808
7.24032
10.476
15.42672
12.8304
12.77712
18.44208
12.8376
18.13392
19.0224
18.43632
12.89664
4.89024
15.33888
9.98928
16.05744
2.8728
19.74672
18.4176
14.35968
19.85472
16.41024
3.86064
7.55856
19.84464
10.96272
13.64832
20.33568
19.05552
20.3112
16.76304
21.2616
18.6912
6.01776
20.16432
8.892
21.816
21.29904
20.86992
18.74304
13.6224
13.36608
20.91312
17.27568
4.16736
4.08384
9.77904
5.00688
21.4272
18.41184
17.4312
11.65104
13.0536
12.08736
19.28304
18.3384
19.62144
12.59568
18.036
17.9136
3.13488
16.00416
5.80464
10.48896
18.43488
21.47904
10.764
3.70512
17.14752
14.18256
15.6888
18.77472
22.59504
20.90304
23.91408
18.21456
15.5016
17.46864
25.06032
11.952
9.20592
10.1952
18.39024
15.74784
24.69024
24.73056
22.9608
22.87584
24.53616
22.78224
16.01424
23.42448
21.29472
22.73616
24.8832
23.87232
19.04976
21.71232
20.4984
7.88544
24.07536
22.90464
19.17792
12.75696
19.91664
23.40288
22.40496
21.84336
18.64944
12.924
25.05312
24.96384
18.89136
16.51824
23.06304
22.8672
19.89648
17.98992
24.1704
23.56992
19.07136
18.57744
17.99568
21.51792
21.9096
21.81456
22.5648
22.19904
17.34048
22.07952
21.82464
19.27584
21.0312
20.42064
14.97024
21.25296
21.78
20.7072
12.28896
19.37952
16.44192
11.81088
19.08288
12.94704
18.66672
20.32128
17.75952
13.48128
19.85904
4.40064
2.2824
20.21904
16.0488
18.42048
18.91872
18.56736
18.46224
18.56736
11.592
16.88112
16.69104
16.51536
12.96576
14.66064
13.97232
17.85456
17.48448
9.9
12.74112
11.33568
7.95744
12.74112
15.69744
16.80624
16.4736
10.37376
10.04688
14.13504
16.1856
14.43024
10.78992
9.2808
12.25008
15.2496
9.87408
14.35392
13.86432
13.80528
12.27024
10.91664
9.77616
11.4984
12.26448
13.25664
13.01328
8.48448
7.21584
7.3224
12.18384
11.33568
5.27472
5.46192
9.9216
10.28016
8.59824
7.56576
3.53808
6.82128
9.77472
9.93456
2.94192
8.95248
1.95984
10.00368
10.3464
9.44208
1.4904
4.32432
8.03664
5.76864
5.4504
1.50336
9.68544
1.53072
3.39264
4.35744
7.11648
7.91856
7.21152
7.8768
6.67008
1.68336
8.83584
6.78528
8.20944
8.1072
7.87104
3.93696
7.59744
7.17552
6.7104
6.74784
6.99984
2.64816
7.596
7.59024
3.85344
4.02768
3.0528
4.92768
5.67792
6.56064
5.41728
3.9312
4.6152
4.88592
3.52944
4.51152
0.97344
6.60096
7.00272
6.696
5.64336
2.45088
1.38816
1.50192
5.2992
5.3064
5.14656
6.47136
6.69456
6.56784
6.42816
6.33744
4.5576
0.44784
0.81936
1.2168
0.88848
5.72976
5.07168
4.032
2.68992
6.69744
6.89904
6.07104
1.04976
7.1712
6.28704
2.03184
2.08368
7.19712
7.29648
7.46784
6.48
7.28208
6.35184
6.95088
6.9192
6.30288
4.75344
7.82496
4.55904
2.84976
3.07584
8.11008
3.93696
7.80048
8.45568
8.11296
2.7432
0.80496
4.36464
5.06592
3.04992
9.35712
6.41952
6.0984
8.5392
8.66448
8.85024
5.77728
2.12832
10.08864
9.5616
10.41696
10.02816
10.03536
10.73664
11.1384
11.16288
11.63808
11.09664
9.88704
11.89152
11.84256
12.0168
12.10032
12.26304
8.54496
2.71152
9.08208
3.92112
2.1528
9.95904
11.77776
13.1688
13.64976
8.3304
12.49344
8.51904
14.076
14.18256
13.3344
13.85136
14.04576
14.42304
14.4
14.57712
15.24528
14.6376
15.04944
15.15744
12.84768
13.81536
17.14608
16.3656
2.80224
9.63216
11.8944
1.81008
5.61024
4.1256
9.2016
18.252
16.97184
17.38368
3.98304
10.116
15.6816
5.22432
5.09904
2.21328
12.65616
19.03968
15.28992
13.4928
10.43424
17.03664
19.57824
5.4144
18.11376
20.04624
21.76704
18.0936
13.07664
6.84432
16.08768
4.6656
15.19776
14.832
22.59072
22.15872
21.72096
18.94752
22.20048
22.10544
20.84544
17.06112
14.5584
11.13408
15.42384
16.54416
7.5096
6.52608
20.18736
23.076
15.28416
21.62448
22.95936
20.73456
10.69056
15.72768
19.99584
21.0672
17.9784
17.68464
24.28704
22.08384
23.46912
20.95056
13.41648
20.95632
21.34512
23.90832
20.92464
9.28368
18.10944
16.90992
15.37632
20.52576
23.4432
17.43264
23.68656
20.71008
14.90112
21.41856
14.61456
21.69072
22.41216
12.39696
24.60096
23.89824
24.71328
25.1424
21.74256
15.37344
16.39728
18.76896
21.44448
20.39184
16.46784
13.33872
16.29216
22.46544
15.31872
16.32672
10.1232
13.07376
15.51888
5.85072
19.35216
22.86144
21.79008
23.00688
20.1168
22.82688
20.9232
11.01312
22.7232
22.97376
21.7944
22.17168
17.94672
21.87504
22.57632
23.07024
22.16304
19.18368
20.7792
21.34512
21.47184
20.49552
21.4488
17.59824
7.56576
21.61872
21.03984
20.26944
9.68688
17.2152
14.6088
18.22464
20.25936
21.1536
21.11184
20.73312
19.5912
19.93536
17.35488
18.67104
19.56096
19.6776
18.46368
17.93664
18.54144
16.02864
9.82512
17.21376
17.73216
17.6616
18.79056
18.70704
16.33536
13.716
12.5064
9.33552
8.03664
18.62784
18.7128
17.44704
17.028
16.73856
16.884
16.77312
14.18976
13.644
7.13664
6.14304
15.61824
15.61968
14.1048
10.99296
10.26432
8.52048
12.00816
14.65488
14.99904
14.92704
13.10832
13.53888
12.74544
13.87728
11.83968
10.3176
14.0472
13.73184
12.13056
12.35664
12.31488
12.276
9.35424
7.6392
8.25696
12.68928
11.9664
12.65904
12.9888
12.64896
12.492
12.348
12.09456
11.27952
2.01024
2.16144
2.00448
11.12544
9.26352
7.86096
10.76688
10.83888
10.02096
5.79888
9.78912
6.7464
7.44912
2.24784
7.88112
0.91008
7.39296
8.74944
2.68272
6.42672
7.81776
5.5728
4.93056
6.37488
3.95568
5.1984
5.96592
7.3728
6.55056
7.76736
3.45312
4.94064
5.0976
4.7376
6.7176
6.30288
7.43616
6.57792
4.7376
5.91552
3.816
6.69744
7.48656
6.58944
5.00832
4.82976
5.20272
5.28768
3.33648
4.0032
6.41088
6.11136
6.80256
6.86448
5.88816
2.91888
3.1104
2.46672
4.3992
6.4368
6.87456
6.76368
0.89424
3.02976
2.39616
1.8288
5.59008
1.8648
6.57072
4.33728
3.92544
6.28416
5.59152
5.34384
5.27184
1.55088
1.50624
1.66752
1.6416
0.8136
3.05856
4.68144
6.0408
5.78592
4.97376
6.77664
4.10256
6.948
3.84768
1.6488
5.66784
0.82656
2.46816
7.97328
7.82064
5.43312
3.40272
5.35248
8.69904
7.39152
6.40656
6.6096
-99
-99
7.05312
9.03744
9.6984
1.58256
5.72688
7.86096
10.40832
4.49712
1.98432
10.8216
10.95696
10.42704
9.47952
10.25856
3.3624
2.80368
8.15616
9.84096
2.78064
11.73168
5.97168
7.59312
10.04544
11.124
4.80096
9.576
3.91104
4.54176
12.09168
11.08656
0.91008
8.51472
12.58272
14.77152
8.1072
0.5256
15.59232
11.08512
13.03344
9.11376
15.27696
15.36336
15.91776
15.92352
15.52464
11.72304
12.54816
11.664
7.95024
2.84832
14.71824
14.09616
11.84832
17.18352
16.48368
13.70304
15.82416
11.36448
14.73984
10.29888
14.41152
15.2208
14.05152
18.9432
13.91472
2.9232
5.26608
18.74304
18.756
17.37072
3.62592
18.99072
8.91936
13.37472
15.07536
19.57248
19.90224
18.94464
19.44144
18.2088
12.02544
6.30864
18.83232
19.52496
18.06912
21.69648
20.93616
19.71648
15.76224
8.80272
5.76288
3.10464
5.0832
18.0864
7.95312
12.6576
18.10512
17.58528
22.4208
17.74656
9.34992
6.67296
17.41248
23.80464
23.10912
23.2272
23.14656
20.49264
23.33088
23.41728
23.4288
23.18688
23.43312
22.45824
21.97584
18.50688
8.78832
22.50288
14.50512
9.30672
13.14576
20.96352
24.3576
23.31216
23.27184
9.48816
21.95424
21.61296
8.84016
9.02736
8.02944
19.69056
16.77888
13.81824
14.19552
22.2912
20.40048
15.33744
11.04336
23.78448
25.45488
25.10928
24.24672
24.0264
23.83776
22.3128
19.50768
18.56736
18.68256
22.22784
20.94192
22.97952
21.31344
13.4712
23.94288
24.43536
23.56992
21.81312
17.02368
17.29584
19.0008
20.04768
22.18176
22.59936
20.80512
20.67984
20.72016
23.35824
22.54896
19.2816
20.73456
20.26224
8.17776
20.98368
21.87648
22.3488
18.49968
21.32064
13.05216
18.91872
20.15856
19.70496
10.4976
20.65248
21.06288
22.5288
22.64688
21.852
19.44144
11.44224
17.77824
16.7832
10.6128
18.036
8.38944
16.72416
20.02896
20.28384
17.60256
12.41136
18.09216
19.73232
19.5264
17.97408
18.11232
19.22256
18.93744
15.38064
19.12176
19.1664
19.17504
20.03904
14.94432
13.74048
17.46864
15.59376
17.39088
14.72256
9.25632
13.1472
16.59456
17.59968
16.80048
16.49088
15.84432
17.00784
15.26112
11.08224
5.5368
6.28704
16.56864
9.35856
1.81872
15.69024
8.65728
8.95536
15.95808
15.12864
11.61648
13.5792
14.70384
12.50928
8.63712
10.7856
11.62512
12.41568
11.49408
13.69872
10.31904
9.70992
5.292
1.728
4.33152
5.90688
6.12864
10.48176
11.71584
9.39312
12.89376
12.43584
12.37104
10.48608
10.37664
11.26944
9.0864
6.6024
11.60064
11.65824
10.63728
9.1584
8.89632
5.53248
7.29936
6.73488
7.07328
8.7768
9.68112
9.34992
7.46496
1.1448
4.25232
9.2088
8.3016
8.7696
8.47728
7.58736
6.62976
1.56816
8.80128
5.0904
7.308
3.8808
2.69424
7.55136
3.4056
7.53984
7.44768
7.0416
7.84512
4.74192
3.68064
1.92816
1.43424
5.004
3.8376
5.56848
6.9768
1.2816
2.91024
5.54976
5.74128
2.8728
7.22304
6.83136
6.04944
7.19568
7.09776
6.76368
7.00848
3.45024
5.27328
5.03856
5.85648
0.73872
1.95408
2.6064
4.34448
6.9912
7.31664
5.91264
6.05088
3.27312
2.10672
3.9744
2.0448
6.5952
6.61104
2.47248
2.13696
2.81808
5.66352
6.79968
2.71872
6.82704
4.54896
5.02128
6.06816
7.17984
7.3872
6.20496
1.98288
6.83568
5.1408
8.23104
7.42464
8.00208
7.53408
8.08128
8.16192
6.29856
1.9512
5.18112
5.96592
2.43504
2.78784
9.31824
9.95472
8.63424
9.76752
9.6696
10.30176
7.13232
5.83344
6.97104
7.5168
7.43328
8.81712
9.05184
1.67472
4.39776
10.41552
3.23568
11.85552
9.9216
10.73088
7.44624
5.79744
12.57408
10.43856
11.81232
10.4832
13.00464
11.51712
13.50864
8.23248
5.77872
2.57472
13.58928
13.20624
13.55616
6.1992
11.4264
13.99392
12.15648
0.72144
11.62224
2.48976
2.40912
2.88576
4.57056
16.33248
16.02144
16.38288
14.02704
10.3752
14.34672
16.89696
14.90832
12.63744
10.14336
14.1624
6.21216
15.3
11.98944
17.62848
16.87248
14.41008
13.02624
18.86112
18.63936
18.57456
18.62352
18.23904
17.68032
18.80496
19.16064
15.19488
14.75856
18.2304
18.4752
19.29024
20.07504
15.1704
18.6984
17.95392
5.06736
18.936
12.4272
11.57184
15.80256
19.90656
3.94704
14.73984
19.05696
17.48016
8.13168
17.39664
21.28464
20.88432
20.62368
9.76464
19.21968
21.74976
21.21264
20.89728
13.76064
18.2952
14.56416
23.96448
23.57568
23.23008
23.29344
23.3064
23.5512
23.07744
22.90752
23.74992
23.6448
23.57136
19.512
6.61824
21.8808
23.33232
16.956
12.88512
16.50528
7.62048
15.29424
13.40352
19.53648
19.7568
13.77072
9.25632
14.68512
9.57024
13.53312
18.23184
11.16288
22.65552
22.02624
21.01968
12.00384
14.64624
24.46128
23.56848
22.67856
21.7944
20.04624
21.348
24.22224
23.71104
24.10416
22.79664
22.05936
24.4584
23.90832
22.99536
15.7896
14.48208
23.40288
21.0312
21.5064
21.82032
22.212
22.07808
22.61952
10.944
18.34272
17.7264
19.65312
19.11888
6.67296
14.81328
12.15936
22.5792
12.12336
13.83696
13.19328
21.41568
10.11456
6.02784
19.42128
16.02288
18.39744
11.70432
19.67472
21.49056
19.73664
18.12096
20.54016
17.22096
19.1016
12.97008
6.64416
22.03056
22.356
21.15936
20.8224
19.35936
14.42304
19.39824
19.908
19.82304
18.46368
19.78128
19.52352
19.95408
19.40976
18.80784
13.08528
15.02928
11.196
16.6824
18.03168
16.83648
18.19296
13.65696
15.81408
15.6168
9.5616
9.47664
8.48304
17.76384
16.10496
17.37072
17.028
17.064
12.45168
16.81344
17.16768
16.524
16.0632
14.92992
15.18336
2.99232
17.00928
16.41744
15.23376
15.26832
14.95296
3.96432
14.94
14.65056
14.40288
14.41296
13.35456
12.61152
13.15584
14.39424
13.85712
14.13216
13.356
12.9816
9.22752
12.85632
13.25664
12.83472
13.02048
12.99744
12.64896
12.37536
10.88208
11.37312
9.50976
11.18016
9.11808
11.89152
11.86848
6.6816
5.06304
6.29712
9.40032
10.78992
3.10032
1.04544
3.80448
9.7128
7.52256
7.79472
7.84512
3.01536
1.35504
2.49408
2.42064
4.7448
4.16016
9.144
6.65568
6.72048
3.4704
2.29392
4.48272
3.28032
0.79776
7.33536
7.27632
5.55408
4.99392
1.46448
0.99648
7.68096
7.45344
7.34112
7.59312
6.58224
4.38912
5.20704
6.87888
6.69312
5.8464
4.78944
6.25104
5.79312
6.51744
6.63696
6.25104
5.15232
5.07024
5.16672
5.74992
4.35888
4.9536
5.6808
3.56976
4.17312
6.95232
1.74672
2.16432
3.43152
6.08832
6.56208
7.04016
6.78528
6.51456
5.05296
6.64704
6.73344
6.73488
4.53744
6.64416
1.74672
5.88096
5.92416
4.33296
6.9408
6.99264
6.99552
7.32384
7.24896
7.17552
6.80112
7.22592
7.72704
7.29648
4.78224
7.46064
6.07536
6.29136
7.85232
7.6536
7.86096
7.29216
8.40096
8.20512
7.66944
5.76576
6.13728
1.79712
9.14112
2.83536
5.42016
6.52608
9.26208
10.1376
5.2776
10.47744
10.68768
4.428
10.33776
11.3184
11.3112
10.5048
9.50976
9.08208
10.50048
11.74608
11.4768
10.67472
8.02656
12.53952
10.03536
12.7224
12.75264
12.12768
11.556
13.15008
12.08448
13.4136
13.17168
12.9168
13.3128
7.02576
10.43712
12.7944
6.11424
14.2416
14.77872
14.904
15.08832
14.79888
14.90544
15.30288
15.28128
11.8944
12.80448
14.74272
12.32064
15.36192
10.8288
3.61728
3.73536
15.25536
16.40592
16.72272
16.05168
16.70256
16.93296
17.01072
17.90784
17.68032
17.5824
17.29152
5.1336
6.1848
15.94368
16.8696
18.1296
19.50336
16.8336
11.98224
14.72832
9.45504
14.53104
13.19904
19.58688
13.10832
16.42464
6.37488
12.60432
15.80544
17.75664
0
13.00608
14.51808
15.07824
17.5176
10.48176
11.016
22.85568
17.91216
22.59216
22.46976
22.45968
15.57072
21.87504
12.63456
22.26672
16.97616
15.14016
22.38624
22.68576
16.16688
9.98784
23.30064
13.80672
24.43536
14.9904
12.92976
5.63904
5.2272
9.94032
2.36592
23.47776
23.11056
20.65104
20.44224
19.49472
17.71488
21.50496
21.83904
22.34016
23.63904
19.82016
9.71856
14.88816
24.20064
20.6208
20.45808
21.4056
17.13456
18.31104
11.43936
19.37808
12.64896
23.66208
24.5232
24.66
23.87232
22.27968
10.53792
23.1552
20.95344
24.34176
22.6872
21.69216
23.36688
23.92272
23.472
22.02768
21.03696
21.41712
5.6952
24.53328
23.22288
20.19456
16.02864
18.89136
24.13584
22.77072
23.49216
22.57488
22.9176
20.32848
14.67936
13.5576
21.92688
23.74848
23.77296
23.84352
22.1472
20.74896
8.40384
21.92832
22.3272
22.23072
21.79008
20.58336
17.20656
20.2248
17.39664
20.27808
20.76048
19.64736
18.67248
19.04832
21.74544
20.18592
19.0224
21.50496
21.37536
20.93328
21.29904
14.15376
13.9896
18.12816
20.28816
20.28528
20.6424
19.77552
17.34192
17.9424
13.90032
12.90096
17.98272
17.8704
17.55072
15.54624
20.05776
18.70128
7.65792
10.28016
2.14704
20.124
20.06496
17.31744
10.06704
15.3072
11.23056
15.12864
17.43984
15.78096
11.73168
14.688
16.20144
4.98096
16.74576
17.6112
17.1432
14.77872
10.29312
7.61472
13.86432
16.31088
8.80848
9.2232
11.56896
15.0624
13.10688
5.8248
10.43136
6.12432
0.5832
12.56256
14.36832
14.08896
11.6424
11.84544
11.5848
12.34224
10.5552
12.55392
9.6768
10.3896
7.99488
6.38928
7.18128
10.29312
12.8664
11.52288
10.15056
1.61424
4.32288
2.59632
7.87392
7.54416
7.8336
10.15488
3.25296
8.00784
4.34592
11.34432
6.06096
6.58944
1.23408
10.05408
8.07408
4.27104
4.57056
8.15184
4.44816
9.7704
8.52912
4.63968
3.7368
6.93792
8.8416
4.31712
3.06864
7.62336
1.47888
2.04048
1.73808
6.7968
7.62192
5.5512
4.5936
7.20288
6.53472
4.87728
2.2248
1.97856
1.06128
5.79168
7.45344
6.31584
7.49232
3.96144
3.8376
5.53392
7.22304
6.28704
7.0704
6.92496
6.8256
5.61024
5.96592
3.83904
1.71072
4.644
6.28848
6.67872
5.88672
2.8944
3.96144
4.63248
5.30784
6.41232
4.5792
4.24656
6.82992
5.78304
6.45408
6.56352
6.46128
6.31008
2.08512
7.0056
6.95088
5.10192
6.99408
7.01856
6.83712
6.71328
1.6344
6.63696
7.47936
6.516
2.412
4.6944
5.0112
2.45088
8.03232
3.4056
3.72528
4.92768
4.18176
6.32592
2.3256
6.29424
8.89776
3.25584
4.26528
9.36
8.33616
7.58304
8.28144
7.99488
5.70816
9.69264
8.45136
8.30736
6.07824
10.15632
3.81456
9.22464
6.4296
6.15456
9.5544
11.05776
3.25872
11.36736
9.27216
3.05424
3.40848
6.85296
11.81376
9.69264
2.5344
12.32496
7.3368
11.0448
10.69344
11.91456
6.72624
1.5192
12.85488
12.20976
7.668
1.50624
2.59632
6.77376
13.26672
14.08032
12.82176
9.44208
7.65648
5.54688
14.15376
16.27632
10.2024
8.66448
6.12576
10.32768
14.5728
10.56672
15.83856
6.22224
4.27824
14.24736
10.70784
3.33216
9.34272
10.86624
12.55104
13.71024
1.75968
14.98176
14.292
6.65856
3.9816
5.59008
17.91936
10.46448
16.71984
16.04448
12.63456
18.54432
19.58112
20.5632
19.07568
18.4104
19.78992
19.55376
7.5168
17.89056
17.36352
21.82752
21.63888
21.91248
2.30544
6.30144
4.896
2.67552
2.39904
16.7112
22.42512
21.0024
18.55728
20.60064
19.94256
22.50144
18.17136
19.12608
12.25728
8.19936
15.46848
19.52784
22.70016
12.3768
10.25568
6.20064
23.52672
20.99808
12.27168
12.67056
20.21184
24.29856
14.62896
20.05056
13.1976
19.53504
14.5368
12.7008
12.51936
15.48432
17.9496
21.61584
19.21536
24.96672
19.74528
20.91456
23.3352
21.94128
10.7856
14.26176
18.96768
23.42448
24.18192
23.61456
23.17248
23.5584
23.7096
20.77488
10.92096
21.6216
19.75104
15.71904
23.54112
8.26704
25.37856
24.87312
25.31088
22.66992
12.18384
22.18896
24.60096
22.9824
21.23136
14.1912
24.87312
24.90048
24.27408
23.56848
23.616
22.25952
18.93744
17.316
20.47248
15.56064
17.11152
22.07808
21.50784
15.98976
15.19056
13.3128
16.10352
21.01104
21.13632
18.52848
20.34144
22.14
22.41072
20.58912
18.98784
18.93744
22.86144
22.87152
23.09616
20.7072
15.59952
21.2328
21.44016
19.02816
10.04544
18.94176
22.05936
22.428
22.12128
19.16784
18.03312
21.41136
21.48048
17.11152
15.10704
20.19312
14.61888
21.57264
21.19248
19.42416
18.94896
10.81296
16.42464
8.27712
11.196
13.84704
12.79008
17.80848
19.16208
19.09872
16.85808
18.98064
17.59536
18.45072
16.95024
6.6024
11.56032
15.79824
8.32896
3.5496
14.10336
9.14544
16.55568
4.55904
15.228
11.6496
16.57008
16.7472
13.91904
16.45344
15.552
15.6672
15.2496
12.312
14.38416
14.06736
6.79248
10.10304
14.004
14.24736
12.1176
7.82208
6.41232
12.97584
13.10832
13.78656
12.69072
6.31728
4.57056
1.65024
12.99456
12.16368
11.52432
8.20512
11.78352
11.0592
3.40128
8.28
8.05392
10.39824
9.3096
8.9136
10.49184
9.43344
6.0696
9.99936
10.13184
2.4408
8.53056
4.84416
8.39088
7.96608
2.77488
2.67264
6.50736
9.05328
6.56352
8.22816
6.89616
5.28048
9.50256
9.07776
3.02112
8.3088
7.48368
4.4064
2.66688
0.85392
4.86864
8.55792
4.63536
5.54976
4.71744
4.85136
7.95888
7.70112
3.29328
7.38144
7.52544
1.89504
6.93936
1.57104
6.96816
7.1496
6.88896
7.09488
7.01712
6.92928
6.17184
5.08752
4.75056
6.2208
6.08976
6.38352
6.64992
3.40416
3.25728
5.6592
2.06208
3.1968
3.5784
6.31296
5.44176
1.79856
2.17296
6.4368
5.76432
3.73392
5.90256
6.37632
4.46832
5.976
4.66272
4.46688
3.9312
6.40512
4.36464
4.70592
5.18112
3.4848
2.01168
1.17072
2.50128
2.14992
7.1136
4.25952
1.61136
7.53984
2.82816
2.48544
7.46784
8.136
4.07376
8.04528
6.92352
1.55808
6.68592
6.01632
5.85648
7.15392
3.42
8.8704
3.0672
9.65088
8.91072
9.42192
5.98752
9.31824
3.28896
6.67728
5.26032
6.24672
8.64576
10.4688
9.95472
7.81056
-99
-99
11.09952
2.43648
9.66672
10.9872
2.08944
12.24576
12.20976
11.15568
10.18224
8.5176
7.25184
6.30864
11.81088
12.87792
8.99424
13.2696
12.90096
11.52864
14.42592
14.53536
14.92272
13.9752
10.296
11.89872
11.4984
14.0688
14.47056
15.14592
16.12512
15.26544
14.8536
4.22784
10.9296
7.5744
12.0888
13.77216
7.488
8.73216
15.84432
15.90912
10.93392
4.59792
11.628
14.85936
3.55824
3.88656
11.7
19.0656
18.76032
18.45216
9.93168
19.87056
18.684
8.07552
18.396
19.09008
19.34208
20.7504
21.09456
20.17296
17.61408
11.64816
3.62736
9.70992
10.66608
20.30688
17.59968
18.14112
19.52352
21.0744
15.04656
17.78832
11.232
12.41856
21.93696
22.83552
23.68944
22.78512
17.86608
16.72128
20.35296
21.81744
15.11136
4.93488
10.59264
15.11568
24.35328
24.39792
24.12
23.74992
17.244
22.32288
12.29328
4.78368
12.44016
20.40336
23.72688
13.0608
5.2848
19.54656
17.05248
14.29344
14.08896
19.76976
25.08192
15.88032
20.10528
17.73072
24.43392
15.16608
19.74384
23.22576
22.40496
24.00912
23.3424
22.66128
20.53728
3.4776
15.18192
17.07552
8.26992
16.47216
23.4288
24.02208
23.70096
12.55392
17.96688
17.48736
8.32176
10.88784
22.96512
24.3432
8.22816
23.29776
18.07056
17.86176
20.19312
19.7424
23.3064
21.15072
6.32304
22.27968
19.47168
17.77104
22.608
15.85872
15.78384
17.34048
18.39312
23.81328
23.08896
21.81456
19.15056
10.98144
19.4256
23.73984
23.20848
21.36672
9.83808
22.38912
21.18384
5.14368
22.25232
21.94128
22.42224
15.26688
14.70816
21.88656
19.38528
14.88096
21.00096
17.29152
20.43216
14.79312
18.81792
20.41488
16.15104
8.88768
18.11232
11.13984
18.37728
20.35152
17.2944
17.16192
10.82448
11.86272
3.45456
9.15696
13.51296
16.19136
19.11312
15.20352
16.31376
9.2736
13.14432
16.452
19.19952
19.2744
18.93168
4.68
15.02784
15.02496
15.97104
13.46112
14.10048
17.36784
16.64928
17.08128
16.48224
11.30976
13.11264
13.52304
10.72224
13.54896
15.7464
12.58848
7.83648
7.11648
10.18512
9.11808
15.55632
15.38352
14.98032
3.384
10.93824
4.59216
13.83408
14.49792
14.17968
12.69072
9.85104
12.48768
10.85616
13.4856
11.30832
11.03616
12.75984
10.37232
12.48768
5.69664
9.74736
10.85472
11.78352
11.97072
9.96912
9.01152
9.2664
11.7936
11.44368
11.18304
10.27008
10.70352
4.33728
5.0544
8.07264
6.40368
8.41968
6.81696
9.19584
7.99632
2.1096
8.07696
9.86256
9.19584
7.5312
7.76736
4.97088
6.4512
8.50032
8.40816
2.9664
5.6664
7.95456
6.28128
7.78608
7.77312
6.60528
4.05504
3.09024
1.9296
2.61792
3.41856
1.50768
5.67072
5.09472
1.18368
0.94464
1.33488
7.2792
6.42528
1.31184
5.69952
6.15168
5.79888
5.13504
6.99984
6.74208
6.67728
5.22576
3.6432
3.63168
0.59328
3.40128
1.7064
4.5936
6.34752
6.29424
6.65424
6.59376
6.2712
6.1488
6.25248
7.24608
1.02096
5.82192
7.09488
6.57648
7.23312
6.71472
6.57792
6.51168
6.78096
7.03728
6.69168
6.83568
6.95952
6.60384
6.9768
7.34688
7.53552
5.1912
7.0416
7.21296
1.91088
6.95088
6.12144
1.47168
7.56288
2.84832
5.55264
8.31024
7.31952
8.70912
3.53664
4.0464
8.2224
5.72976
7.93728
6.53328
9.53712
7.71984
2.40048
1.4904
6.33744
6.35328
4.032
10.27152
10.50336
10.43136
9.4248
8.78688
8.37648
7.77888
5.7888
7.26192
4.31856
11.3184
11.5992
10.81728
2.4912
12.85344
6.10416
13.03632
9.74016
6.97968
10.63152
12.3192
7.0992
6.84864
3.23136
2.20752
14.75136
14.64768
12.86784
8.55648
13.08816
13.68576
13.3056
15.37776
9.08352
6.83136
3.38976
4.93776
4.99248
8.24256
11.58048
7.35264
1.18656
6.02928
9.09216
2.70288
6.18768
17.09568
18.52848
17.31024
12.03552
12.66768
18.20736
17.93088
18.27216
15.23088
18.29664
19.76544
19.75968
19.1376
19.96272
20.05776
18.76608
17.22384
19.58544
19.9656
20.43936
18.78192
9.7128
13.26384
17.18784
11.81376
16.16112
21.18672
10.55376
12.72672
20.50704
13.7664
9.09648
4.24368
20.7792
11.34432
21.33936
13.40784
17.44128
11.40624
19.76832
11.304
22.18464
21.21552
19.83456
22.34448
21.45744
21.88224
22.16304
16.71984
17.26272
18.90144
20.99664
23.7456
23.1336
4.73328
20.24208
24.20928
24.60096
20.77488
22.88592
22.99824
23.90832
25.06176
23.67504
23.03568
22.6584
21.24432
20.17872
23.54112
23.20848
23.57424
24.588
24.39504
23.80896
19.17072
12.82752
20.53296
19.66032
9.30096
19.63584
19.32624
12.90528
18.036
24.98256
23.13072
20.32128
25.24608
24.4872
23.17536
10.22256
25.33824
24.20208
24.65136
21.4488
24.36336
24.32016
23.28048
21.31488
20.44944
21.58272
18.82224
23.13504
22.59936
22.31136
22.6944
24.64704
23.75712
22.54176
22.46976
22.10112
22.42944
17.9064
22.19328
19.98576
21.2976
17.1576
22.03344
20.81376
15.86304
23.25168
13.72896
13.2912
20.47536
7.4592
15.50448
8.85456
14.2128
19.97568
19.64592
22.56192
21.6504
20.57904
20.70864
21.29616
20.05776
8.95392
15.60384
19.53504
21.20544
19.64736
10.59696
16.01568
12.77712
20.65104
15.75792
12.85632
18.10368
20.1744
19.24848
13.82544
14.97744
15.38064
19.96704
19.71216
18.81648
17.05104
19.08432
18.42624
13.9104
17.51904
11.58768
12.15504
3.72096
11.45808
18.18576
18.21888
18.09216
17.91504
5.46912
14.97168
13.9608
9.9504
12.17952
6.1848
16.01424
15.13152
15.48
12.99024
16.992
16.34544
6.97248
14.88672
16.01712
15.5088
15.16896
14.79888
12.77568
2.31696
2.07216
12.2616
11.44944
9.19008
6.56208
10.47744
12.70944
7.98336
13.12272
13.66848
13.0824
12.81456
7.3944
6.29568
12.45888
7.21008
11.68848
7.0488
8.7984
8.29152
7.73568
6.9048
10.99584
11.29824
3.55968
8.09856
3.58416
6.09408
9.68688
7.6968
10.33488
10.12032
7.56576
3.27168
8.89776
9.51984
9.47664
9.20016
9.11808
4.49568
7.95888
8.8488
8.70048
8.70912
7.54992
8.0352
8.23536
7.88832
8.26272
7.55568
7.60752
6.46848
5.724
7.89408
8.02224
8.08704
1.75536
7.63632
7.91568
7.00992
7.22016
7.26048
7.13376
5.688
4.6008
5.43456
2.0232
5.42016
3.1176
5.5296
6.4728
6.56784
5.53104
4.67712
4.08384
4.93056
4.96656
5.41584
5.544
3.59712
1.91952
1.68768
5.6592
5.83632
5.86368
6.14448
4.49856
5.10192
5.53968
6.45984
5.70672
5.93568
4.27392
3.4992
2.05344
2.6352
1.15632
0.80064
5.10048
3.38832
7.05024
3.60288
4.67856
5.02992
7.10496
6.94944
3.16944
5.0112
8.08416
7.64928
2.34864
4.41216
7.5672
7.61184
6.26832
6.90768
3.20976
2.37312
3.71952
7.6464
6.41088
3.7872
7.49232
2.28672
9.35424
8.63136
4.87296
9.92016
9.57168
9.00576
3.36528
9.73584
5.3784
5.78592
2.17872
6.93072
10.24272
5.71968
11.5056
9.31968
10.43568
4.43808
11.88864
11.69424
10.42704
7.94448
11.16576
9.84816
9.28368
4.36752
5.2704
6.1776
4.62528
14.04432
10.75104
12.39264
13.88736
10.49328
13.16304
9.54576
15.1344
5.28768
13.51872
11.71152
14.9976
14.97888
10.73664
9.23616
3.0456
2.89152
10.332
8.78256
5.87664
15.13584
8.93808
16.7472
17.7984
9.05904
17.04384
6.552
9.66384
14.88384
18.16848
10.93104
7.28208
5.4576
15.90624
12.8376
6.84864
15.3792
17.56656
18.2232
18.94608
19.67472
17.8776
16.41888
16.59168
19.60272
20.40912
19.91808
19.25856
19.06704
19.97568
19.10448
10.23264
13.82544
12.00816
21.87648
20.92176
11.1528
3.38544
9.3816
17.31744
5.01696
21.2904
22.89168
20.90736
18.06048
21.492
11.47968
15.22944
4.4712
2.052
13.22208
13.8528
17.24976
14.79888
14.5872
22.09104
22.19472
11.8944
15.70176
11.35296
24.10704
23.80896
14.5296
23.01264
21.87648
17.28864
22.40208
22.4712
8.65152
12.07584
14.20416
14.05584
10.0224
15.36624
21.312
13.48992
23.30208
19.37952
23.17968
24.23376
22.67424
18.63504
13.56768
19.39536
13.74768
8.44704
19.60992
13.68432
16.00128
10.33488
24.80544
25.04736
24.0336
24.61968
25.01424
24.33312
23.38128
16.57728
24.18336
23.94432
20.12832
17.0136
22.47984
21.48912
24.48288
23.02272
20.22912
23.14656
22.4352
17.244
24.012
22.93776
21.79584
19.63728
14.68368
12.4992
24.94656
24.60384
23.81184
24.38352
23.85216
18.18
19.57104
8.73504
20.22048
22.93056
20.59488
21.59856
19.764
21.90528
21.1536
20.9592
20.07792
19.34208
21.60576
20.54016
17.81712
21.86208
22.29264
22.67136
21.92832
15.5376
20.9952
21.58416
21.33648
21.47472
20.85984
20.5776
16.75584
16.94304
13.57056
19.27008
12.2472
20.62368
20.98368
20.44512
20.34288
20.27808
20.15424
19.36656
17.83296
13.91472
18.75024
18.42624
17.86032
18.36
15.78672
14.43888
17.30016
18.29664
17.69904
14.8392
15.29568
14.184
16.9632
16.72416
16.44192
8.00784
14.82912
15.40656
7.95312
15.84288
15.49008
5.51952
9.2448
15.4008
12.97728
14.076
11.16144
12.85056
15.15168
15.02208
14.61888
14.63904
11.20608
8.92944
12.58416
11.8152
11.8656
3.48912
13.36176
9.576
12.53376
9.6336
10.66608
4.55616
2.55744
7.2
11.7648
7.3512
2.9304
10.09152
8.05248
6.55776
11.98224
1.79424
9.1152
6.40224
4.1112
6.75792
11.15568
10.78416
10.50768
10.45296
8.25408
9.7848
8.96832
9.13104
5.2848
4.77504
4.30416
7.18848
9.5544
9.05328
6.3
8.74224
7.90416
3.11616
7.43472
8.59968
8.24544
7.90128
7.48512
6.97104
4.56912
1.93968
3.82752
1.70496
6.45984
6.12576
3.3768
5.22288
5.27616
2.12688
3.99168
7.21584
7.29648
7.11792
2.37888
3.33216
6.61392
6.69744
6.13728
6.6168
5.10336
6.27552
6.54624
6.04656
6.2928
4.212
3.13776
2.87856
6.12576
2.82816
1.4112
2.53296
6.012
6.03792
6.27264
4.7376
5.832
6.6456
6.73776
6.79392
6.30864
6.336
6.15312
5.19696
6.69312
6.7392
7.30944
7.40304
7.00848
4.08528
7.2504
1.88928
4.9608
6.41808
6.50304
7.80624
7.65216
5.46336
7.66656
7.73424
6.40656
1.84608
1.79424
1.26864
1.91088
8.02944
2.25072
4.54752
2.31408
2.27232
8.37648
7.3008
7.65504
6.5376
7.03872
7.344
6.10704
2.17296
10.224
7.25616
8.78256
10.60272
7.06464
4.0176
2.43072
1.4472
4.64256
6.38352
7.29072
10.60416
8.83728
8.5536
11.75184
11.8944
12.1248
6.04368
7.70112
13.19472
12.67776
12.1464
0.04176
-99
10.70064
8.99136
9.60048
11.89152
12.48192
7.38
12.1536
10.09728
15.34176
14.65488
7.0992
11.77776
15.40512
15.69312
15.68592
15.65712
14.56416
16.1928
16.24752
10.09728
13.068
9.3384
2.69424
14.2488
16.64208
12.20976
17.68176
18.01296
18.25776
14.436
8.67456
17.39232
18.52272
16.6896
18.48096
19.13328
19.63008
19.2312
19.76112
19.47888
17.48736
19.86912
19.82016
18.23472
11.17296
20.36736
19.25712
20.68848
21.74976
22.11264
21.31632
21.37104
20.99952
20.64672
17.58672
3.75408
6.06528
22.0104
21.00672
12.44592
18.15408
10.16928
5.67936
14.89536
17.41824
16.14816
19.7424
23.22144
20.42352
19.1304
15.85584
22.22928
19.29888
16.0272
23.35536
21.22992
22.6584
20.18304
12.72816
18.24336
23.98176
19.04544
23.77296
23.78304
24.2496
23.33088
23.62176
23.09328
21.08448
8.11152
18.54144
21.70368
21.3336
18.83952
17.47008
21.38976
18.82656
24.72048
24.06816
20.04912
22.95216
23.90976
23.51952
24.07968
23.61024
16.31376
23.92704
25.2936
24.96528
23.76576
21.77856
21.76416
19.6344
20.18016
22.10544
12.24288
17.51616
21.37248
8.41968
10.12464
15.88464
16.25472
25.21296
24.82272
24.46128
24.40944
19.9368
22.46256
9.9216
18.64656
18.71712
17.30736
22.82976
20.68992
24.41808
24.82416
24.0408
22.93776
20.44224
20.38464
15.00336
12.97872
21.60144
18.80352
23.3568
20.2824
21.64032
22.46976
20.46096
21.79152
19.15632
20.74608
11.44224
20.26944
19.8648
20.80656
20.45376
18.30384
21.27888
6.7896
20.35728
16.1784
17.89488
21.7584
20.37168
20.65392
17.01936
17.23536
19.89792
19.29024
14.68944
21.10176
21.00384
20.11392
18.39456
17.91504
18.22608
16.0488
17.23392
17.36784
17.41104
14.8968
4.10832
12.91968
18.9
12.47472
16.07472
17.892
6.69456
17.352
15.67584
3.05856
18.216
11.04336
9.29664
16.96176
12.5928
3.10608
12.54384
15.90624
8.24832
17.16336
16.57008
15.64704
12.59136
12.00672
13.84128
8.50608
11.32272
14.2992
11.33136
13.73904
5.62896
10.74096
6.1344
7.82352
13.57488
13.8816
14.33232
14.18688
13.7448
12.89664
12.75264
12.79584
11.43216
11.78352
6.67152
11.97792
12.15216
9.68544
8.70048
3.84192
8.7624
10.82304
8.80848
11.23056
10.9224
10.89792
7.2576
10.48896
11.08656
10.57968
10.34352
10.19808
9.56736
7.61184
7.61616
3.204
9.11664
9.82368
9.46656
5.7816
4.5864
7.60752
6.8112
8.78112
9.0576
8.8992
8.55936
8.29872
8.08272
8.18064
8.11008
7.7832
7.76592
6.15168
7.0272
4.81392
2.22912
7.87104
7.524
7.40016
2.8944
7.59024
1.3248
2.09088
7.61904
7.09488
6.85872
6.71616
5.86656
2.88864
5.54256
1.88064
0.72576
2.68992
4.33728
3.83616
2.69424
6.88032
6.13296
0.99216
5.256
3.1968
6.2136
5.11776
6.55488
4.968
6.02208
3.852
5.19264
5.75856
2.46816
5.74704
6.68016
6.3648
3.51072
6.21216
6.1488
6.81984
3.74688
1.35648
3.13056
6.84576
6.44976
3.66336
7.3368
4.8384
1.94976
7.18272
7.48512
4.1328
5.69232
6.48144
2.82096
3.09168
4.69872
8.13312
8.09856
5.63616
1.58832
3.61728
8.63136
8.72784
8.72352
7.49808
1.26432
5.17392
7.21152
4.20912
3.53664
6.38352
5.52528
5.33088
9.48672
8.92944
4.44672
5.07744
8.03376
6.6744
10.44
5.90688
3.12048
9.65952
7.1712
3.04848
10.2888
11.18304
11.84112
9.73584
8.62272
8.93376
9.42336
1.66464
2.37888
12.29616
11.87136
7.84368
6.28416
14.0976
13.6224
7.80336
13.14288
11.82528
13.78224
9.73584
10.45008
11.90592
13.248
10.47744
11.73024
14.47632
13.35024
13.04496
16.73136
15.71328
17.58096
1.65744
8.54208
12.45312
11.03616
16.54992
8.56368
17.8848
14.0688
18.52272
14.54112
13.1832
17.57664
13.53456
15.99264
11.51712
2.18592
18.91152
17.21376
12.88656
9.17712
8.16192
5.37264
18.27072
12.28896
20.8296
20.11968
19.83456
20.2752
20.5848
15.65136
13.21488
20.24352
19.18944
21.58128
20.82816
20.4912
9.30096
19.7496
16.79904
23.112
16.37424
8.52192
8.37648
13.0104
17.54784
16.77456
8.16624
13.1544
22.28832
16.63488
12.02688
8.23392
10.93824
20.24496
21.15648
22.70592
19.53072
23.67072
18.54288
14.15376
17.38224
22.20336
19.0872
20.79936
12.60864
15.68592
20.14416
9.59328
22.97952
17.30448
17.1
9.12096
16.6248
12.49344
16.49088
10.96704
22.67424
21.0096
12.07584
15.82272
16.07184
24.16608
25.55424
13.1544
22.11984
22.14576
24.65856
25.0416
24.5376
13.1112
15.75504
25.7328
21.71952
24.552
24.3864
23.52384
14.17824
22.47264
23.92704
23.328
22.30704
23.33088
24.04944
13.65696
22.03056
16.63488
21.5712
22.05648
21.68208
16.25616
21.95568
18.51264
22.60368
22.98096
12.52944
23.54976
22.66848
23.07744
21.98016
19.44432
10.80864
23.4648
13.03776
21.32064
20.79072
21.13776
16.00272
21.52224
21.37536
21.13488
19.47744
21.2184
21.4704
21.08592
20.47104
19.34064
18.85536
15.264
7.24896
20.84832
20.71008
17.92224
16.08048
16.82928
21.57408
20.56176
10.57248
16.9704
20.14416
20.50848
18.76464
19.65456
15.408
18.2088
13.01184
19.35936
19.32912
17.4096
13.06224
13.3992
10.07856
18.10512
16.40592
9.84096
15.23088
14.97888
11.1312
12.86784
15.65136
10.71504
10.65456
16.99488
11.9448
16.75872
13.23504
10.40544
14.4504
12.9744
9.31248
15.2136
15.77376
15.08688
14.8392
15.16032
12.4056
12.59856
14.68656
14.95872
14.94864
12.5568
12.83904
14.54976
14.544
14.56128
14.28192
13.70016
12.94128
9.02016
11.88432
8.62272
6.24384
11.95488
5.7672
3.89664
5.54256
6.52608
7.41888
3.16224
3.23424
6.08544
5.292
11.29824
11.35584
11.48832
11.5848
11.11824
7.8696
0.9144
1.97424
1.09584
9.34704
1.91232
9.03456
6.32016
8.08992
4.1832
4.99248
9.14544
5.81328
9.07488
4.73616
7.19424
6.92928
4.3344
3.9888
6.89904
4.4784
3.74688
1.41696
1.10016
2.70144
5.5296
6.41808
5.75136
1.96128
7.16688
3.41424
2.97072
7.62048
6.58368
5.75856
3.33072
5.93136
6.57648
4.89312
5.16816
5.6736
5.93712
2.8872
5.5296
5.47488
3.888
6.36192
5.79312
2.04624
4.99536
3.66768
0.74736
6.11136
4.97952
6.02784
5.93424
4.66848
6.4152
5.90832
5.5368
6.70896
4.34736
6.29568
5.26752
6.56928
6.92352
6.74928
6.7824
7.37856
7.17696
2.33136
6.95232
5.83776
7.2072
5.21424
7.34976
7.39728
7.53552
7.45344
5.17824
7.308
7.70112
6.33312
5.89536
6.1776
7.61904
2.19312
6.04944
5.92272
2.42064
8.72928
8.17344
8.52048
5.01552
4.38624
3.1104
9.19584
7.4232
6.79536
1.87632
3.87648
10.22112
3.14352
9.73152
7.44048
8.0784
9.6624
5.83056
9.70704
11.23056
10.90944
11.2608
11.52144
11.60352
11.10096
9.44064
4.25952
11.09808
11.71584
12.49776
12.64176
12.45168
12.56688
12.22416
13.27824
12.9024
13.18608
11.72736
12.02832
9.57888
12.4776
9.91584
10.75824
14.4648
13.3704
14.0832
15.588
14.00832
9.90432
14.46912
15.67008
16.05888
15.7608
16.91136
15.50304
16.8768
16.96608
16.40304
16.28784
16.91568
17.30736
17.37792
18.072
17.36928
17.50896
17.76096
12.03408
16.4952
11.10096
4.92192
18.32832
14.25744
19.0368
19.67472
18.59328
8.85744
19.31616
12.84768
20.18736
20.75472
17.36208
14.32224
12.82752
17.64576
11.55168
18.612
10.62144
7.01856
4.35744
10.15488
19.20384
10.71936
18.43632
14.98896
19.64736
21.62304
22.32288
22.0536
8.53056
6.92208
18.828
23.868
23.67792
18.03024
9.08496
22.30272
18.55008
9.02016
23.69232
22.86432
23.80464
24.10704
21.39696
4.25664
8.31888
15.26832
19.3608
18.91296
22.9752
22.56192
6.25104
-99
0.21312
21.66768
18.26208
23.97744
24.4656
24.444
24.71328
23.1336
19.29744
22.94784
18.84672
20.8584
21.13488
24.52032
12.58272
20.08944
3.07008
25.07904
23.6952
16.6176
22.63392
24.81408
24.37344
23.28768
22.06656
21.25584
19.7712
22.18464
23.30064
22.63392
22.33728
23.20416
23.36112
23.54976
22.90896
23.02704
22.3056
21.75408
16.66656
23.2848
22.91328
22.04208
17.5752
10.60992
9.38736
23.2488
23.09472
21.29328
21.98736
19.58112
24.49008
23.62032
13.64544
18.98496
20.70288
16.58304
20.4984
16.91424
22.12704
22.44672
22.25232
18.2592
7.52256
22.87008
22.88304
19.30896
21.84624
21.72816
21.63312
21.74256
21.15504
20.77488
20.65824
14.70672
20.78352
21.20832
21.59856
20.76048
15.93648
19.94832
21.85344
14.868
20.4048
20.53584
20.20464
14.6952
13.7664
20.83104
19.91952
19.58112
19.34064
19.62
17.57664
6.95376
15.76656
17.41248
15.79536
18.46656
14.50368
12.52944
19.6056
19.0296
15.912
19.06704
17.91216
9.936
15.19488
5.61888
8.59824
18.05184
13.50576
15.33024
13.8816
15.52896
15.53328
13.15872
10.72368
12.38688
-99
-99
4.84416
15.75504
9.21312
15.12576
14.53248
12.16512
14.96592
14.6448
14.08896
14.64048
12.204
11.73168
13.54752
8.2584
13.1976
13.18752
5.84064
10.06272
12.63168
7.89552
10.872
7.81776
12.27312
11.772
11.22048
8.27568
12.0384
8.60976
2.24352
2.00448
3.22704
10.19808
11.19168
10.34064
9.76032
4.6368
8.67456
9.30528
4.61088
6.1416
9.37728
5.60448
8.78112
6.94224
6.42816
4.54032
7.7976
8.99136
6.90192
7.42896
8.72208
6.58512
1.53216
3.852
8.3016
5.64912
6.0624
7.54416
7.68384
7.14528
3.4344
6.83568
5.52096
7.16976
6.69744
4.32432
4.73616
6.15312
5.9976
3.30336
6.29136
4.39776
0.54576
2.1888
6.48576
6.52464
4.95648
1.19088
6.90624
3.63312
4.44384
5.64336
3.96576
6.22656
1.7928
3.61872
3.67056
4.7736
4.82544
5.05152
6.52608
6.36048
5.71248
5.58864
4.932
5.91552
6.51744
6.79968
6.26112
6.00336
4.20336
5.75136
4.6584
6.37344
6.91632
5.5224
6.61104
7.10784
6.61824
4.01184
7.30656
7.3512
5.97744
7.07328
6.3864
6.7608
5.724
5.92272
3.3408
0.9
0.49824
0.87984
5.0544
6.58224
4.71456
4.84128
5.2272
7.91712
7.04304
4.53744
7.80192
6.45552
8.31312
8.35776
9.1224
10.00512
9.52416
8.73072
7.49232
8.85024
9.19728
2.36592
3.0096
8.44128
6.51168
4.41936
9.68832
9.13104
11.22336
11.27088
11.01312
11.88432
11.65248
12.0888
12.58128
6.87456
11.45808
9.95472
10.81008
9.20304
11.61504
3.0744
5.94288
5.09904
5.62464
7.56
14.96016
13.09392
14.12064
10.96416
14.71248
13.36752
9.51696
15.12432
8.71488
2.42928
4.30704
11.79504
15.87024
14.8968
11.4696
14.41584
5.44896
7.64496
10.9368
5.5584
7.37424
12.68784
15.62256
4.26528
8.0064
2.42208
4.47408
18.5976
18.8784
19.34784
18.756
15.15888
15.24096
19.08144
19.6488
18.3528
17.9568
2.84688
19.7136
10.44576
10.3968
10.23696
10.53936
5.70528
4.90032
3.76704
3.79728
17.87616
21.48048
21.33936
16.2144
15.75936
14.868
20.45232
12.83616
19.656
19.74816
20.0592
21.98304
17.9352
22.29696
21.01248
19.06848
6.59376
6.50016
12.35664
16.87824
17.60544
8.57088
15.9984
11.37312
19.38672
23.33664
23.77296
23.8608
22.18896
23.38848
19.2168
21.64896
24.6024
24.08688
23.90544
23.8752
23.0904
19.872
22.00464
14.29488
18.72864
11.56896
7.77024
22.7592
17.36784
8.03808
18.80064
14.93424
17.81424
14.34672
21.888
13.4496
19.94112
13.71456
6.72912
11.16864
15.74496
18.39744
22.68288
24.48864
23.56416
23.9256
23.38704
20.94624
22.98384
23.17824
19.6704
11.02608
17.41536
22.8024
15.32736
12.09744
24.8112
23.94576
24.44976
25.15248
23.90256
20.8728
9.59328
21.07152
17.46288
18.2592
13.65408
12.42576
20.24352
23.5584
23.7672
22.21056
20.26512
22.30272
21.81888
12.204
19.69488
20.64672
21.74976
21.63744
19.58832
21.55392
21.48048
20.42208
19.43856
17.74656
19.14768
22.92048
22.70016
22.24224
21.32208
20.3472
16.79472
18.29232
18.01728
16.56144
13.05072
13.9968
18.12528
17.74656
15.76368
12.2688
19.83456
19.98576
17.67744
18.00864
20.04912
17.75664
19.43856
18.55584
16.81488
14.472
3.72672
-99
16.49376
11.75184
18.63648
17.81712
18.58896
15.23808
7.77312
14.03136
8.45136
16.53696
7.62336
17.26704
17.22672
17.21952
16.96608
15.26688
14.48784
14.00976
6.38784
11.84256
14.62176
7.43328
12.5496
15.1776
9.972
13.2192
9.55152
7.38576
8.21232
12.492
13.95072
11.85408
2.6208
12.4776
12.08448
13.30992
9.9576
9.24768
12.2184
10.82304
2.99232
13.42224
13.77936
9.56016
9.29376
12.35952
12.22272
11.98944
10.87344
9.81504
8.64432
6.82416
3.81312
10.69776
10.41408
7.30224
8.06112
9.23616
9.3096
9.16416
10.2096
8.14608
5.0328
7.65936
4.7808
5.92272
7.5384
4.20912
1.4544
8.39088
8.39088
7.95456
8.63712
7.35984
6.01056
6.62544
7.59168
7.6248
8.09856
7.98336
7.56864
7.89408
8.18208
7.69392
7.36128
6.66576
3.05712
0.936
2.52144
1.33632
6.95952
6.11568
1.98
7.14096
6.52464
1.96128
3.48192
5.38416
3.7656
5.31504
6.8688
5.45184
4.27968
6.20496
4.824
4.31856
5.58576
7.53984
2.39616
3.096
4.08096
2.49264
5.95152
5.868
4.34736
0.85968
6.50736
7.29504
3.87936
5.81616
5.69808
6.09408
5.85936
6.066
1.6938
7.6968
5.283
7.5708
5.895
4.617
8.1648
0.828
3.4632
8.676
8.793
9.4122
9.4284
9.6048
10.0314
5.9778
8.37
9.4968
5.1624
7.506
2.2032
8.8902
10.5192
6.8652
10.2276
9.9288
7.983
8.4366
2.2392
9.1206
7.6806
9.2988
11.1312
6.2082
6.867
7.974
3.1014
3.7224
6.3306
10.8162
12.6648
5.4234
10.2834
2.2158
3.8412
13.1526
13.6926
9.7884
6.9858
13.3902
5.7078
0.8388
10.1952
14.9004
13.3488
14.8284
16.0632
7.731
6.1596
4.6926
6.759
9.5868
11.7432
5.9472
7.6392
7.2954
18.2826
18.7542
15.3126
1.7586
19.053
17.568
16.407
18.531
18.5958
19.0314
12.2274
20.9808
19.944
18.1674
20.8944
21.366
20.4858
16.9416
19.9242
21.6792
22.1778
20.3598
19.728
22.482
18.1458
22.4892
21.5784
22.7286
10.845
25.3764
23.76
10.6974
1.7928
12.1284
26.406
23.7924
24.246
25.0362
21.8268
10.098
18.3204
25.542
11.8458
15.327
20.7774
26.793
27.2304
16.11
7.416
8.8848
8.9172
14.3226
12.5874
8.0136
9.4716
25.641
26.559
19.9854
25.8858
18.1134
27.837
22.0752
9.1152
14.8536
23.0112
24.4134
21.2634
21.2418
16.6176
7.182
23.5584
16.8858
25.0254
27.9954
17.5212
14.202
19.8936
14.0418
26.0532
29.3346
25.092
20.4498
17.775
25.2468
20.1096
24.0894
28.3302
20.7072
26.064
24.2532
26.9982
29.9016
29.7864
29.8926
19.0278
29.3652
29.6226
29.2986
29.1222
26.2818
15.0138
26.883
19.6812
19.449
28.206
28.8036
19.3536
28.1628
29.6928
25.7616
28.152
25.8246
21.2418
21.6288
25.9092
28.9746
25.7328
17.3052
29.3886
24.0138
19.7604
27.2448
28.2762
28.1556
25.7256
22.1778
24.0948
21.9924
24.336
27.6444
29.3688
28.9368
28.602
25.6014
26.7642
27.351
23.2326
27.5706
20.1114
21.7026
26.8974
27.144
26.8812
23.985
18.6318
15.3864
25.5528
24.0174
7.0596
24.7086
25.2864
22.2426
21.6972
24.6042
18.1062
21.1752
22.5972
24.7338
21.897
20.655
25.2072
26.4096
25.8876
21.51
24.7626
22.7682
19.7694
20.8908
19.6848
19.8054
24.0048
20.502
24.2352
24.786
20.8134
16.1982
18.792
7.8768
12.645
20.9052
21.8106
14.6214
15.039
20.8584
16.7616
14.5926
20.5938
18.2196
17.5554
15.4296
16.344
14.5584
16.4178
14.4558
19.7208
7.65
9.0054
16.7814
15.1632
12.2742
16.7778
16.7958
16.2306
16.0506
15.543
15.7284
15.1542
16.8534
6.8634
5.7834
13.149
17.8218
17.7894
17.2044
8.694
14.175
17.2026
14.6916
16.551
16.0704
12.645
15.3108
12.789
13.1976
11.763
13.473
4.7034
14.454
14.8212
8.199
12.4632
13.4244
12.294
11.6154
8.8128
4.6728
7.2558
4.2264
10.5804
3.3552
11.5128
12.2418
12.3516
8.8578
11.9196
2.8476
1.512
7.4934
2.9196
8.2638
6.3288
5.0328
5.4666
10.4706
10.1718
9.8856
8.8812
5.175
4.2444
5.9904
0.9252
5.4918
5.8104
3.7674
7.6824
9.423
8.9046
7.6086
8.9298
8.3394
5.6664
7.0704
8.4312
4.4046
3.3354
6.7518
6.372
8.1054
8.1288
6.6042
6.7356
7.8966
7.9632
7.8084
7.92
6.9696
7.7634
3.2364
5.0202
3.2274
4.4388
5.121
6.6906
5.7798
3.7746
4.1958
6.903
7.7652
3.0942
2.412
7.3476
8.2962
6.993
9.1818
8.316
7.7274
3.177
2.2608
9.7164
9.5814
9.3582
9.3006
9.5976
9.8568
9.9054
9.8802
7.3296
8.8092
10.5012
10.3446
10.4346
9.909
6.4998
10.701
11.007
11.5038
10.9332
11.5218
11.3616
11.7216
11.7954
10.9728
8.6166
9.9108
11.6784
12.5892
12.7836
12.8016
12.0024
10.0062
9.2268
10.2456
2.6838
13.4568
5.8572
7.8966
14.6214
2.628
15.4224
15.7212
15.9084
15.8346
14.6322
7.7526
17.3034
11.2752
14.3514
11.4516
4.2966
16.956
15.3522
13.2426
16.6914
5.553
13.752
16.2648
9.1548
5.6178
1.3446
6.6798
3.906
4.1958
7.7148
8.8218
5.3694
3.15
4.2498
10.8216
19.0422
18.3528
11.646
17.6832
11.4228
16.002
17.3844
10.323
8.3556
10.8432
24.5772
22.9446
20.7054
23.859
23.4306
18.2844
21.1014
21.5694
17.568
24.1812
16.6428
9.7002
3.8088
20.4408
23.2974
25.8282
25.8624
19.476
10.2474
9.135
3.8232
23.031
11.6658
21.7278
25.2828
26.2674
21.258
23.6664
27.054
8.0226
24.8976
10.1016
22.6926
13.9482
26.6652
27.9486
28.0566
24.1308
27.8118
28.0476
28.5498
28.8612
24.8022
26.3646
27.1422
26.0514
28.0602
27.2754
27.2628
27.9972
26.3898
27.7686
26.0082
5.6772
9.7758
26.7948
21.492
29.3868
27.1314
20.5866
29.8926
30.0204
27.6102
27.5544
27.2268
26.8884
26.5788
21.8322
17.5788
31.3884
30.9186
30.6342
24.7662
20.8926
21.9888
27.7092
27.3996
26.388
28.611
27.1638
23.0724
17.8488
18.8964
29.6298
26.226
30.5262
29.2158
24.93
29.43
30.0222
28.3374
27.3024
29.1492
27.7038
28.6632
27.2088
14.8122
31.5144
30.9888
30.6324
30.2886
29.5218
29.0304
28.8162
28.3896
27.882
27.9342
29.3922
28.6812
27.666
26.1594
27.1098
25.443
26.109
27.396
25.5546
24.8274
27.2214
16.7346
16.839
22.5036
26.244
26.5284
27.1332
26.4114
24.7536
21.5262
21.4704
19.683
25.443
24.1686
23.5584
22.1742
18.5292
13.1508
24.0318
22.0842
19.8666
12.9258
15.2928
26.0532
25.884
22.464
24.4728
24.9678
24.327
19.413
18.2664
12.3408
23.7312
22.6224
22.5216
7.4466
23.1336
21.0312
15.453
21.7854
19.8414
22.1436
16.7184
13.6962
18.198
21.3534
21.1068
15.7536
16.0146
11.1708
19.3734
10.5156
22.1148
21.6252
21.2274
21.123
19.9638
17.424
16.5438
12.0042
19.3338
16.389
15.0984
16.0578
4.2228
18.4176
17.4492
18.144
16.722
18.0576
17.118
17.0028
6.1308
3.4056
16.7652
9.2124
8.8074
15.7068
14.1462
14.7654
13.4928
14.9112
9.603
12.1824
7.6896
9.036
9.828
12.1536
10.2006
13.3884
6.2082
11.997
11.5236
10.9944
8.6688
10.0386
10.755
12.4038
9.7002
3.1212
8.1558
11.2482
12.2958
11.8476
7.7418
7.2558
7.7454
6.8454
7.8714
4.1256
8.1576
7.1892
8.8164
5.7636
0.9576
10.152
10.2816
3.0672
9.3996
7.6752
4.5954
5.436
8.3304
8.3232
2.5254
6.3306
9.0288
8.6976
5.5692
8.4366
8.3718
8.2422
7.8138
5.9454
2.4588
8.658
6.1218
3.879
1.8918
1.9872
2.331
5.4846
4.887
4.3452
8.1126
7.6392
7.4592
6.5052
6.399
7.4016
7.785
8.9028
7.0578
8.0172
8.1
6.6582
4.5612
6.1182
