20000101
6.3216
6.7392
6.69456
4.15728
5.2128
7.704
7.44624
4.00896
3.3408
3.79296
7.25616
6.7608
5.03712
4.75344
4.72896
6.86304
4.49856
7.11504
8.19504
7.22448
7.86384
8.3952
8.63424
9.29664
3.2616
4.9464
7.68672
7.93152
6.8688
7.4448
8.11008
8.68896
8.94672
10.21248
9.65952
9.92448
6.0048
7.11072
5.9184
10.31472
10.80432
9.93888
10.31328
6.42384
10.01808
10.77984
9.7128
8.5248
11.58192
11.71152
12.13632
8.676
6.78816
10.76544
11.97648
12.24144
12.90384
13.2192
10.62432
5.49648
13.19904
14.31072
14.2848
13.01904
11.25936
10.85472
6.8616
12.9816
14.33952
14.60304
14.60016
13.88592
14.1984
13.31136
15.21936
15.25104
13.8816
14.95152
10.7352
7.63776
10.8
11.70864
8.0424
14.11488
9.52848
14.44608
9.9936
6.78528
16.18416
10.03248
11.29392
15.00624
8.19936
16.85232
15.87024
12.09744
19.39968
19.33776
5.8464
10.42416
3.92976
10.08576
17.01648
17.59968
14.5728
19.77696
4.40208
20.916
19.08
20.8152
17.94528
18.88848
17.95968
16.25904
20.36736
21.13488
19.23696
8.86608
10.79856
11.47536
13.04208
19.49184
21.30192
19.7424
13.83552
13.45248
18.77904
14.45616
18.32832
16.67232
5.24736
12.95568
18.7128
22.29552
22.36176
22.28112
21.49632
13.48848
20.0376
20.10384
5.97888
7.45488
16.29504
16.65072
17.56512
18.58176
18.5328
19.52928
14.20416
17.48736
23.07744
19.88784
20.79648
21.76992
23.37264
18.8784
20.14272
22.86288
24.98112
24.49008
22.5792
3.19824
9.47232
16.16832
7.94304
17.35632
22.79664
24.2712
22.95504
24.71328
24.19632
24.42384
21.72096
23.06592
10.99296
23.9256
21.84048
16.40304
22.94208
22.54752
22.38192
15.3216
22.64256
21.37248
22.2768
24.2352
23.1552
20.92896
24.02208
23.46048
22.21344
11.12256
25.0272
24.78816
21.72816
17.94528
19.08864
15.40656
15.59808
17.44272
21.87216
21.56832
21.88944
21.15072
7.39872
20.82384
16.18704
21.9888
22.4568
19.14768
22.8672
20.4264
21.18672
18.14688
19.44
12.79584
18.67824
19.332
18.5976
21.4848
19.85472
10.47024
20.53008
17.50032
14.48208
16.42896
19.78416
19.9152
19.8216
18.74592
17.86896
19.54944
19.57104
14.328
19.64736
15.49728
16.4448
17.29584
14.84352
18.84672
11.1888
16.61472
10.11888
16.53552
18.59904
16.87536
17.4456
13.76208
18.5472
17.37792
15.81264
11.57184
17.49024
17.55648
17.31168
13.07664
14.37984
14.21136
14.94576
14.9112
8.46864
11.79792
8.12736
12.7872
16.48512
16.06464
15.56352
14.21712
12.04704
13.0752
7.63632
11.61792
13.80384
14.34672
10.80288
15.29136
11.01888
13.3776
11.952
13.0536
13.8024
13.69728
13.4352
8.2584
4.72752
3.43008
1.89216
12.49344
3.5568
6.34608
11.84112
11.45232
9.35568
6.55776
4.84272
3.1464
3.78864
8.48448
7.77024
6.00192
6.4008
9.12528
5.8752
6.36336
6.1776
10.44
3.92976
10.09728
8.42976
6.33024
8.47584
5.74128
9.71568
9.0072
8.88912
6.28704
5.4288
2.67264
8.90496
3.70512
7.27344
7.51248
5.24592
7.63488
3.52656
7.76016
7.35696
3.12768
7.34544
5.48352
7.88688
7.35552
4.032
3.61728
4.5144
3.71808
4.45968
7.28784
5.39136
4.0608
4.15728
2.47968
5.436
5.77152
4.71024
4.2624
4.16016
3.99888
5.76576
4.37328
5.95008
5.76
5.48208
5.4216
3.5928
2.29104
1.99008
1.61424
1.05696
4.95792
5.48352
3.62448
2.628
5.98176
1.90512
6.048
4.87872
4.34736
5.6304
6.26112
3.00672
1.85184
4.09968
6.42384
3.83616
5.35824
3.16224
5.2632
4.06944
1.16928
1.46304
3.58128
3.66768
2.60064
5.38992
5.54976
5.61168
4.19184
5.19264
5.68512
7.08768
6.56352
7.00416
6.03216
6.64848
7.86384
6.21792
9.44928
10.00368
10.35216
9.32688
9.6552
6.66864
4.6656
9.17856
10.72944
10.62432
9.51408
10.26
4.15872
3.75264
6.19776
11.24784
9.25632
10.02528
12.16944
11.70432
11.76768
12.18672
11.48544
6.89328
13.47552
14.05728
8.4744
9.34272
9.97632
4.1616
10.62144
6.89616
10.7064
8.6472
9.28512
13.95576
14.94072
8.8776
13.56192
13.05792
16.07616
15.85008
14.73552
7.28928
13.94712
15.29784
15.71328
12.81744
12.83184
15.00048
15.1704
11.31552
17.54784
15.90624
10.51776
15.55488
12.74976
18.74304
18.24912
18.42768
18.54792
17.21592
18.702
15.64488
17.208
19.50336
19.94832
16.39296
18.78192
20.48112
20.37024
13.96368
20.06496
20.42496
18.0504
15.21936
7.76592
17.80992
16.48224
20.06064
17.72352
21.168
20.56032
22.54032
19.96704
18.79344
21.7944
10.30608
3.96144
18.93888
12.11328
7.1784
11.77632
14.60448
20.6496
18.05472
18.59184
13.752
6.13872
16.51824
20.56752
22.4928
15.00336
22.10112
22.03632
12.09888
7.69824
21.27744
19.66176
15.74208
12.5928
10.07568
11.736
20.13264
22.42224
22.97232
23.6592
23.98752
23.97168
21.95424
18.5976
22.44096
24.0912
23.0436
18.32328
17.44272
23.03712
22.95504
20.25792
12.07872
24.4872
20.12256
20.87928
24.0732
19.97424
25.57872
23.77008
24.67296
24.90336
24.71904
24.30432
24.192
22.59648
22.86792
23.1156
24.03576
19.21896
24.79392
24.55632
23.8968
23.88096
23.37984
19.47744
14.3712
15.47712
15.47712
25.21584
22.1328
9.22608
23.73696
22.91616
16.8336
20.69568
12.75552
17.32176
12.64464
24.14448
24.37056
7.38576
24.59952
23.80608
23.95008
20.7144
13.87152
21.99024
13.41648
20.4912
19.39968
20.27088
19.2708
18.69048
18.56016
18.49824
17.4744
12.6504
16.70256
19.45152
19.19664
13.95504
18.7416
18.75168
19.11168
14.37984
18.06624
17.67168
14.59728
13.69728
16.01712
16.41456
11.38608
16.83216
18.83808
18.24192
17.04096
17.93088
18.0072
17.3736
17.41104
17.96832
17.65728
15.29856
15.88464
16.85376
17.2944
12.12912
12.80304
16.30944
16.14816
16.776
17.0208
17.12736
9.95904
12.96288
15.10128
15.9984
14.6376
16.3944
16.16256
15.26832
15.5304
12.77136
5.67936
13.572
3.71088
12.69792
8.37072
14.69664
14.23296
9.51696
2.88432
4.68288
9.26352
11.088
10.11312
11.3112
9.9
8.74368
10.51632
12.64464
9.99936
8.73072
2.9808
7.3944
9.88848
4.69872
10.45296
7.25328
9.936
6.3864
8.74944
5.23728
5.43744
9.98784
10.12896
4.23936
10.87776
10.1664
7.52832
7.83936
8.89488
8.73216
9.74592
5.74704
9.96624
6.696
9.54144
7.85808
2.32848
8.2296
8.65008
7.26624
7.62912
7.20144
1.93968
6.26256
7.06032
5.3424
0.46224
0.92448
0.98208
4.77648
6.37056
5.20992
4.97664
7.58448
7.62912
6.87744
6.72912
2.93616
1.6056
5.93424
5.2632
4.9104
6.21504
2.14704
5.616
4.92336
6.28992
6.05808
5.03712
5.472
5.85144
5.68152
6.72624
6.60096
6.11712
0.23472
1.96416
7.128
3.23424
3.10896
6.13872
6.57648
4.9824
5.74272
2.52144
6.29424
6.73344
5.94144
5.83776
7.00272
6.13152
2.03472
0.66816
1.25424
0.35424
1.41984
1.00512
1.48032
3.34512
2.57616
2.52144
5.48712
3.42504
3.1896
7.33824
3.52224
5.67792
3.09744
7.03008
7.99056
7.3296
5.52384
7.4808
7.8912
7.33968
5.53824
4.96656
7.99776
7.84224
7.29648
7.87536
8.1
6.60672
6.38064
8.14608
9.44352
8.27424
7.5312
7.31376
9.92592
10.52064
9.64944
9.97056
9.26064
5.7528
10.03536
9.1512
9.4464
7.95744
1.39392
6.58656
9.77904
11.60208
8.88048
12.43584
7.62192
11.47392
12.30336
12.46032
9.78768
12.24288
7.97328
4.88304
3.57696
11.5704
7.63488
1.15056
6.3288
7.55712
13.67136
11.95344
14.09184
12.024
7.43328
12.25008
11.74464
14.80032
9.0576
6.21648
11.98368
14.67648
15.8976
15.85584
11.628
14.0904
12.18384
10.73376
14.02416
10.9512
11.17872
2.34144
13.69296
12.7152
17.19792
4.09536
1.6488
14.92848
18.79056
11.12976
5.69232
3.9096
15.50736
8.24688
7.85232
5.724
18.756
6.18336
11.29392
11.46096
19.94544
15.75072
14.40432
17.11296
20.23488
20.21328
19.26432
19.10592
20.5704
12.1176
13.45968
12.41712
15.88896
21.14208
4.31856
8.50032
10.57968
21.33072
12.10032
10.09152
2.76624
4.15152
8.73792
6.53616
2.75472
21.69792
22.55472
21.0024
21.00528
22.02192
8.73648
20.73456
22.77792
21.71808
21.19104
12.23424
14.3856
22.64256
22.32
14.82768
20.96496
22.61808
22.14288
20.808
22.40928
17.5032
22.18752
19.20672
13.18896
6.53904
22.87008
20.70288
6.084
23.82768
22.51872
22.95648
21.58992
22.80096
22.84992
22.44528
22.66848
22.38048
21.95856
21.35808
15.56928
21.72816
22.4928
22.53024
21.43872
21.48336
18.70848
13.04208
22.49136
3.9816
8.77968
12.09888
17.82
19.5696
20.12832
18.46224
11.39616
22.4208
19.19808
20.38608
19.95552
19.72656
14.21712
16.45632
17.90352
14.65632
10.55088
21.44448
21.996
21.75264
20.58192
20.16432
13.30272
16.0344
21.18096
19.87056
18.13392
21.0312
18.84096
19.60992
16.1928
13.02192
11.448
11.78928
18.30384
17.65872
12.32928
20.07792
19.88496
13.52016
15.31296
12.76848
21.29616
20.53872
18.82368
18.144
15.75936
18.33696
19.04976
16.85664
14.50224
18.27072
14.46912
6.83424
14.84208
3.19104
13.86864
13.85136
5.72256
14.0688
17.09856
12.66768
10.66464
15.96384
8.23968
8.26128
14.90544
15.5304
16.41168
14.25744
8.6472
15.7176
15.89184
12.96864
7.14528
12.18096
16.00848
15.85584
10.12176
8.86608
8.77104
11.74752
10.26
5.33088
14.18688
14.25744
15.44112
15.30288
14.99616
11.07792
11.04768
8.784
11.0376
7.9704
2.64528
10.044
9.16272
11.73024
12.84624
11.66832
8.36784
1.06704
7.27344
12.04128
8.7048
11.94048
11.64096
11.48832
10.62144
10.5552
11.10672
10.62576
7.59744
6.65856
10.19232
10.61136
4.40064
9.504
9.3816
8.25984
6.25536
5.13072
5.78016
5.10192
7.85088
6.51168
6.45984
8.70192
8.69328
7.39872
8.1072
7.36128
7.86816
8.0136
7.09488
4.4496
7.10352
4.23072
2.02176
6.51744
6.03072
6.25104
6.09696
1.30032
5.13072
7.14672
2.68272
0.64368
2.3328
6.90336
6.64416
5.05728
4.41072
6.8688
2.2248
6.58944
5.41872
6.696
4.86
6.04224
4.78224
4.08672
4.53168
0.57168
3.87504
3.96144
5.19408
1.54512
4.8456
4.21776
2.99952
2.63808
1.30608
2.2968
2.09808
4.33296
4.29696
5.07888
5.75568
4.36176
0.83088
5.81904
4.14288
1.41984
6.22944
4.70304
4.38624
5.13216
2.6352
2.71152
2.62224
3.3768
1.33632
4.77936
5.75712
7.32672
7.13952
6.21072
7.06176
7.24896
7.1136
5.67072
4.34016
3.33792
6.33888
6.82848
7.19568
7.9488
7.96608
8.08992
2.96496
7.68384
8.1792
3.03408
8.72928
9.16992
9.36864
7.76448
8.208
7.15248
9.88992
8.07696
6.96816
9.12816
9.22176
9.83376
7.05168
1.82736
1.0368
2.69568
3.08016
10.56528
8.49456
9.16848
1.34496
1.89504
9.12672
4.10832
5.28624
5.29488
0.61344
1.56384
6.53616
11.13696
10.06416
10.95984
10.12464
13.67136
6.47856
11.41632
13.07808
11.5632
13.46112
13.77792
14.69376
14.96016
14.13792
13.42944
8.00496
14.28336
16.76736
15.6816
16.34112
11.97792
16.28496
14.18832
16.40736
16.62192
16.56144
14.76864
11.0232
2.59344
9.62352
6.48288
13.66272
12.4704
6.46704
19.72512
19.31184
19.25424
19.64736
18.1296
5.50944
12.1608
19.12896
14.23728
11.80512
19.72512
1.60272
15.30288
10.27728
16.12944
11.24784
9.3744
9.11952
19.87488
18.1944
20.1024
17.54496
16.452
12.31776
18.51552
21.64176
17.05104
14.85216
18.03312
20.74896
21.97584
20.08656
12.54528
7.21728
9.24912
13.24224
18.72864
22.68864
19.4544
19.67616
18.86256
19.52928
20.16576
8.83584
17.22672
22.49424
20.71584
23.51808
22.08528
21.15216
23.99616
14.50368
10.69776
10.6992
19.35072
10.7568
19.85904
22.59648
23.20128
23.16168
18.69696
12.85704
22.05504
10.404
20.3544
22.60512
17.71632
20.18016
22.33584
23.62032
23.28336
23.75352
21.46536
19.99152
13.88448
17.03664
21.89808
24.00048
23.9508
23.82624
23.50296
22.45392
14.99328
19.01088
20.50992
16.89408
15.94512
17.928
14.44176
24.45552
14.16456
16.92144
23.23152
15.11568
17.38368
22.10112
20.7072
7.51104
22.30704
22.464
22.18752
21.9312
23.0112
18.78624
24.09552
18.33552
22.428
22.6512
12.15648
17.57952
20.37456
16.13664
20.47824
19.2888
20.9736
19.01952
19.14336
22.10976
20.47104
21.8736
18.13968
21.924
21.43872
21.64608
21.30912
21.5352
18.70848
17.34048
19.0728
20.40624
18.80928
15.81264
20.08368
18.4896
17.51472
13.7736
9.60048
18.34848
19.86192
17.96256
14.28912
13.39632
17.34192
15.22512
18.81648
17.82864
18.2736
12.61872
19.29744
19.11024
13.67712
10.26144
7.79904
12.62592
7.00704
15.43392
12.168
4.71312
13.95936
14.28048
18.07488
15.00624
17.03232
14.23872
16.23168
16.52256
16.90848
16.66944
15.6456
15.5808
13.2192
12.9528
8.0064
12.09168
15.66432
12.26448
8.6112
3.95136
9.83376
7.00848
3.36384
13.02336
11.30832
13.38912
10.66032
8.6616
10.38816
13.73184
12.07152
12.88944
12.87936
7.18704
4.60656
5.20704
7.95168
1.47888
7.66224
1.98288
4.51728
1.66752
11.54304
5.19264
4.43376
11.93904
10.83168
9.29232
1.0224
2.58048
4.8312
6.76656
6.52752
1.68768
7.55856
9.0792
9.28944
9.04176
8.67168
6.11424
6.70176
2.81088
2.53152
3.52368
2.48688
3.6648
5.14368
3.6576
1.77984
1.67616
5.00976
7.08768
5.49792
5.58864
5.64768
2.64672
2.16288
6.84
5.7528
6.32304
7.25328
6.3504
3.32496
3.5136
0.78768
5.82912
2.88432
4.5936
4.30272
5.12496
4.27824
4.7808
2.9304
6.02208
5.2776
5.87376
3.8592
4.0896
5.93424
2.62656
3.5856
3.12048
2.19744
3.86352
3.32064
6.012
4.30848
4.43376
4.45968
6.27264
4.98672
1.0584
4.10688
5.99472
3.57552
3.59856
6.49008
6.3576
6.55056
6.16752
6.1056
5.38992
5.59008
3.58416
5.5368
4.58352
3.32928
2.43648
2.268
6.41952
6.18912
6.10848
5.02704
7.36128
4.15152
6.42672
4.68144
6.36912
0.90864
5.62896
5.75712
4.81824
7.9416
7.8336
3.0096
5.49648
6.39936
7.44048
7.20432
8.77104
8.44272
9.14544
7.31232
5.48496
6.82128
9.756
9.6192
9.61488
9.51408
7.99056
7.69104
1.11888
7.38576
5.82624
7.94592
2.09952
2.74464
10.98144
10.57824
1.94256
2.19456
2.59056
8.5248
11.35008
7.27056
12.29184
12.97728
12.36096
10.872
6.85152
7.7256
13.73328
9.35712
13.42368
5.42448
13.07952
6.76512
3.1536
8.68608
10.70352
11.73168
10.1232
10.38672
11.48832
10.94976
13.6224
12.7512
14.292
15.75504
15.14592
14.87952
3.67344
11.71008
2.7648
3.61584
5.65632
11.82816
9.41904
16.71264
17.19792
17.29296
17.496
10.52352
1.61568
10.23696
13.01328
17.37072
8.73504
18.40176
6.67152
18.74016
2.28672
9.864
11.5344
20.01024
18.62064
19.58544
2.24208
13.4928
20.11392
19.05408
18.83808
20.0448
8.33472
3.66912
14.1696
8.48016
7.812
0.95184
15.1992
19.35216
22.11408
19.63584
22.4856
17.43552
7.12368
3.45744
12.60432
20.53008
13.85136
16.14384
21.28464
19.53648
21.3408
20.6064
15.88896
21.52224
14.46192
14.71536
17.40528
17.84736
15.58944
14.40864
16.62624
20.75616
10.83744
12.54816
16.27344
19.7424
22.6008
20.43792
21.39408
22.36752
20.71728
21.47904
21.56976
21.78
18.01296
17.2008
17.52192
17.80848
16.98336
17.4384
22.5216
19.7136
7.24608
18.66384
13.00032
19.45872
21.93696
19.55232
16.84512
21.79008
22.464
19.1448
21.6576
22.09248
19.37088
22.31568
15.28992
20.8008
13.01472
12.03264
20.6064
23.45184
22.22352
14.77584
12.03264
18.38448
22.16304
19.1304
21.46608
17.8704
20.09232
20.97072
19.55088
17.2944
17.87184
20.7864
13.9752
19.79568
20.25792
19.53792
21.43296
20.64816
14.724
17.64864
20.19888
19.37808
15.06672
17.25696
9.44208
17.43552
16.5096
15.01344
19.01088
16.82208
16.60464
20.79216
20.31264
20.2464
19.55376
19.1664
16.23312
11.736
19.28016
12.87936
18.16992
19.64304
14.51376
11.42352
16.39152
18.1872
18.69552
15.77232
11.96064
6.74928
8.85888
3.6648
11.01456
9.4176
8.05536
12.97728
8.6328
12.48624
11.72304
13.98672
14.18112
12.2328
11.62224
8.55072
9.98352
5.89536
9.74016
14.30784
15.76368
14.8248
12.5424
6.228
13.73904
14.82768
14.79168
13.91472
15.2856
14.62464
14.09472
6.86448
12.02688
9.85968
12.18672
10.65744
11.2248
12.46752
10.97712
10.37232
9.85104
9.93456
10.4832
12.69648
12.50208
7.0848
12.03408
11.30688
7.96608
8.35776
10.92384
6.94656
8.22384
7.6968
7.82496
8.496
10.48032
9.1224
7.2288
7.19424
2.95632
7.68672
0.11664
-99
-99
-99
7.41312
5.37984
5.93424
4.1112
7.40016
6.93936
7.84512
7.4592
6.66144
6.8976
5.8104
7.79328
7.86816
7.2288
7.88832
7.1856
7.09056
5.49792
6.25248
6.38208
1.9296
4.7448
4.1904
5.38704
3.97152
4.62528
5.32224
1.4616
4.07808
4.33296
6.23088
5.65488
1.56528
4.09536
2.412
1.7352
4.77792
0.96912
2.77776
5.91264
4.05936
5.20848
3.99024
3.744
4.24944
4.7304
5.67072
5.43312
5.72688
5.27472
6.10416
1.35504
2.65968
1.03968
4.64832
4.9752
1.90512
5.97024
5.73408
6.0624
5.70672
3.82176
4.09968
5.26032
5.53392
6.43104
6.47136
6.50736
6.67728
3.41712
4.5648
6.17472
6.79392
7.1784
7.10496
3.45744
4.41648
5.1336
7.08768
7.05888
5.4072
6.1056
6.12144
6.53328
7.8984
7.63488
7.59744
5.7312
7.93728
8.21232
8.02224
8.28
8.40384
8.75808
8.59536
6.97968
3.0528
2.628
5.0256
5.04144
7.05744
8.72784
7.72848
9.93888
7.78176
10.9008
10.74096
10.60848
11.3616
10.91376
7.88688
12.28032
4.48704
8.07552
5.26896
6.99264
10.85184
11.85696
9.13536
10.87344
6.6672
12.14496
12.24288
10.93536
11.016
13.91184
13.5072
13.75488
13.24944
2.34864
12.20688
13.47984
11.38896
10.56096
9.81936
13.1832
14.44176
15.09984
12.89376
7.08336
9.936
6.3144
13.33152
8.16624
10.88064
16.24896
14.92992
13.83552
15.14016
16.73856
12.7728
4.61664
8.37936
9.58752
7.0632
15.54912
14.90112
7.31088
16.48512
18.504
16.07616
16.668
14.25024
13.12704
9.62208
13.99968
16.89984
16.68384
18.61344
12.80592
10.91808
7.25616
15.68016
11.52288
19.61136
18.39888
19.20384
19.39968
17.4672
18.65376
17.86176
6.89472
16.02288
12.23712
15.72768
20.58192
20.02032
20.18304
14.8104
12.23568
13.82256
16.0416
13.86144
21.02976
16.30512
14.55408
4.75056
21.39984
20.96208
19.908
17.1648
16.55568
21.58848
20.0736
21.26736
21.4992
21.492
20.46096
18.93456
9.16416
5.5296
16.2792
21.40992
19.9008
19.19808
22.0608
18.38592
21.4344
19.53504
22.1112
19.5048
16.42032
16.46928
8.424
16.8408
18.57024
18.91296
20.29104
22.26672
22.24656
18.51552
14.20992
20.68272
20.92176
10.78992
22.14576
21.77856
15.34752
7.42752
21.90528
18.51264
20.42784
19.45584
21.19392
14.01408
22.45968
22.02768
20.97936
19.77696
14.08608
15.96672
20.49264
19.52784
21.28752
21.58848
20.23344
20.7432
17.09136
21.13632
22.05504
20.66832
20.59632
19.19808
19.29744
19.37664
13.9248
19.48608
19.87632
19.3824
18.80928
15.1272
15.44256
4.91904
16.33248
21.36672
21.0528
20.25216
20.16
18.50256
14.70528
14.59008
12.91392
9.51408
19.23984
17.99136
18.612
18.46224
14.89968
13.42944
12.12768
8.38944
17.00208
17.86896
19.1304
18.71424
17.17776
18.04176
13.05072
6.27696
9.78192
14.17392
16.91712
17.33472
6.516
16.59456
16.95888
16.10784
6.3144
6.79104
4.95648
7.24896
13.18608
15.4008
16.93728
12.53376
11.60496
13.48128
15.912
15.0984
6.6456
16.36128
16.01712
15.552
15.29136
14.34672
10.73088
10.41696
6.92064
9.45936
10.36512
8.8848
8.68176
12.77568
13.11552
13.22496
12.46752
13.3848
8.85888
7.40592
9.89568
8.55216
10.27008
3.88224
2.25072
4.58928
2.30832
2.19888
5.2272
9.92592
9.01728
2.51856
10.84752
7.2576
8.5824
10.06416
4.84416
8.424
8.33472
4.824
6.14448
6.91344
5.97888
7.39584
3.82176
6.7104
7.5672
8.028
3.28608
8.52912
9.18
8.83584
7.72848
1.61712
2.31552
2.1816
1.97424
1.84608
5.14512
2.79648
6.084
7.13376
3.93984
4.54464
4.18608
4.48416
3.35808
2.61072
7.54128
3.05424
6.51744
5.74704
7.25904
5.89968
7.64496
5.56992
1.62432
6.55488
4.89456
6.38928
6.32592
7.11504
2.736
5.55696
6.79104
6.552
1.76976
2.97216
6.16032
5.39568
6.55488
6.37056
4.53456
5.84208
6.32592
5.9904
6.06096
6.58368
5.97744
5.04576
5.87088
4.03344
6.92208
7.07904
5.64624
3.27456
6.33312
6.49008
6.64272
7.08624
1.31904
3.04848
1.17648
2.78352
4.93632
2.52576
3.07296
4.70304
3.99312
7.07616
2.49264
2.15568
4.18464
3.97008
4.28256
6.55488
3.74832
2.9664
7.3656
6.30288
5.74272
6.92208
1.5768
1.34928
3.28176
2.7792
5.50224
5.73984
9.23184
8.8272
2.76336
6.99984
9.37008
9.61488
9.77616
8.52768
6.06816
4.4136
8.80704
9.38592
8.71344
5.95008
7.2432
11.16
10.1592
8.47728
11.41488
9.26784
7.54848
8.55792
6.50736
12.42
2.196
12.60864
13.41648
11.7216
11.12256
10.39824
6.4224
4.64832
13.41504
10.93968
8.5608
8.244
13.1256
14.01696
13.68864
4.75776
9.8712
9.86112
9.468
11.1456
2.8584
4.1328
7.272
11.20752
11.67552
10.93104
14.74128
14.96016
13.63824
10.73808
16.4448
12.27744
12.61872
14.95008
12.28176
16.68528
13.07232
13.58352
16.29792
13.29408
11.18304
10.4328
12.58272
14.47632
18.20448
17.38512
17.30592
13.6728
10.67184
11.12688
2.19888
17.6832
14.95728
9.7416
6.77664
14.74992
8.22528
15.93504
15.91776
15.6096
9.18432
16.16976
19.08576
18.67824
17.82864
17.12736
10.11744
10.44432
10.43136
15.4296
16.02
13.10688
18.72432
14.69376
16.18848
15.8904
12.6432
18.5832
18.6552
17.97264
16.80912
11.47104
19.53792
14.37408
18.37728
17.1072
12.21408
21.10464
20.60352
19.9944
20.00592
20.30544
19.73952
17.90352
17.1792
7.72128
21.28464
22.5504
23.49072
21.13344
23.00976
21.744
20.6064
18.40896
12.10608
22.95216
23.21856
21.888
22.13568
15.91776
14.19984
17.71056
20.56464
16.44192
9.30816
17.58096
19.87776
19.73664
19.6128
18.24192
21.48336
16.7904
15.74784
21.91824
17.92656
21.11904
22.38768
20.85552
21.72528
17.26128
21.276
21.15216
18.792
17.54496
21.49632
16.27776
11.72448
9.75456
14.7672
16.50096
19.44144
18.96048
17.36352
16.28352
19.47312
21.42432
20.69856
20.7
20.31552
17.8344
20.5416
14.51808
18.32544
21.67344
20.6568
20.628
19.26
20.97072
16.87968
21.2688
20.1672
19.51776
20.7576
15.10848
20.41344
19.64304
19.42416
17.0424
17.64
15.04368
6.39216
17.39664
12.50928
15.09984
19.4184
14.98176
19.872
18.20016
17.18496
8.26992
17.34768
17.04528
18.64368
16.35984
17.604
15.08544
18.1296
16.54992
5.40432
15.99264
16.2
15.79536
14.15088
10.49328
12.204
15.49296
14.75424
15.02496
11.9232
3.42576
3.43296
16.32816
7.63776
16.01712
13.65552
12.13776
13.56192
10.4112
5.2848
1.44
9.35424
15.20496
15.30864
14.3856
10.79712
9.94896
10.88064
12.90672
11.9664
12.39264
9.40464
13.31712
12.73824
12.66192
3.97296
3.45744
6.9624
3.7872
-99
-99
-99
-99
9.06048
6.11136
0.88416
-99
-99
-99
-99
6.43968
6.91344
5.8032
7.52544
8.5824
9.64944
8.26272
9.52704
8.5392
2.484
4.99536
4.79808
5.53536
5.292
9.1584
5.61312
5.09184
7.70976
7.10928
2.20752
4.70448
8.06544
7.92864
5.82048
1.8216
0.07632
7.23888
6.5088
5.724
3.55536
6.36624
5.90112
5.50656
2.48976
3.88512
6.00192
3.0168
3.27888
3.42
5.12784
2.10384
4.8024
5.6232
5.10912
0.36288
4.79088
2.8728
0.48528
5.75424
2.88144
5.4936
5.63904
5.94576
1.7136
4.89024
3.9312
1.75536
5.53968
3.48048
5.75568
3.89664
3.84624
3.0096
5.95008
6.03072
6.14592
6.084
6.14304
5.93856
5.7096
-99
-99
-99
-99
-99
-99
-99
-99
-99
-99
-99
-99
-99
-99
-99
-99
-99
-99
-99
-99
-99
-99
-99
-99
-99
-99
-99
-99
-99
-99
-99
-99
-99
-99
-99
-99
-99
-99
-99
-99
-99
-99
-99
-99
-99
-99
-99
-99
-99
-99
-99
-99
-99
-99
-99
-99
-99
-99
-99
-99
-99
-99
-99
-99
-99
-99
-99
-99
-99
-99
-99
-99
-99
-99
-99
-99
-99
-99
-99
-99
-99
-99
-99
-99
-99
-99
-99
-99
-99
-99
-99
-99
-99
-99
-99
-99
-99
-99
-99
-99
-99
-99
-99
-99
-99
-99
-99
-99
-99
-99
-99
-99
-99
-99
-99
-99
-99
-99
-99
-99
-99
-99
-99
-99
-99
-99
-99
-99
-99
-99
-99
-99
-99
-99
-99
-99
-99
-99
-99
-99
-99
-99
-99
-99
-99
-99
-99
-99
-99
-99
-99
-99
-99
-99
-99
-99
-99
-99
-99
-99
-99
-99
-99
-99
-99
-99
-99
-99
-99
-99
-99
-99
-99
-99
-99
-99
-99
-99
-99
-99
-99
-99
-99
-99
-99
-99
-99
-99
-99
-99
-99
-99
-99
-99
-99
-99
-99
-99
-99
-99
-99
-99
-99
-99
-99
-99
-99
-99
-99
-99
-99
-99
-99
-99
-99
-99
-99
-99
-99
-99
-99
-99
-99
-99
-99
-99
-99
-99
-99
-99
-99
-99
-99
-99
-99
-99
-99
-99
-99
-99
-99
-99
-99
-99
-99
-99
-99
-99
-99
-99
-99
-99
-99
-99
-99
-99
-99
-99
-99
-99
-99
-99
-99
-99
-99
-99
-99
-99
-99
-99
-99
-99
-99
-99
-99
-99
-99
-99
-99
-99
-99
-99
-99
-99
-99
-99
-99
-99
-99
-99
-99
-99
-99
-99
-99
-99
-99
-99
-99
-99
-99
-99
-99
-99
-99
-99
-99
-99
-99
-99
-99
-99
-99
-99
-99
-99
-99
-99
-99
-99
-99
-99
-99
-99
-99
-99
-99
-99
-99
-99
-99
-99
-99
-99
-99
-99
-99
-99
-99
-99
-99
-99
-99
-99
-99
-99
-99
-99
-99
-99
-99
-99
-99
1.41264
1.20816
-99
-99
-99
-99
3.7944
6.04944
6.4224
-99
-99
5.75568
7.08768
4.95792
0.50256
5.44896
4.78944
5.99616
5.91984
1.97424
3.73824
2.66544
-99
-99
6.7536
3.18528
3.76272
0.51696
-99
-99
-99
3.924
4.80384
6.70176
7.52976
5.23584
4.9248
7.05888
8.39232
8.60112
8.21088
8.59392
8.2296
4.20192
3.45744
5.53392
9.74448
9.59904
9.8496
9.76464
9.86832
10.51056
10.67184
6.44688
6.6312
9.85392
3.47904
10.00512
9.1152
6.14016
1.95984
1.71936
3.54672
8.57376
11.2176
11.4048
10.91232
3.06
5.5368
7.10784
7.34976
9.72
10.24272
13.77504
12.6288
9.62496
15.03216
15.264
11.65392
14.80032
6.408
7.66224
14.91696
9.28512
14.74848
14.65344
9.61488
15.53184
12.39984
7.20576
6.28992
17.20656
12.87072
12.99744
16.60032
16.04592
18.07344
12.4632
8.60832
13.3776
11.78352
14.01552
19.11456
19.1592
16.10208
20.37456
17.14032
17.67744
18.25776
2.16144
12.99312
8.54064
15.3792
6.27984
16.73424
19.65888
19.11168
20.49264
16.32384
8.73072
9.07344
16.0488
4.02624
16.10064
22.30992
19.27008
20.19888
20.48544
21.46032
19.28736
6.77376
22.1904
22.90752
22.38336
21.80592
22.2264
22.06944
12.09456
17.67456
20.49408
16.46928
2.89152
2.35584
11.304
10.34064
20.27232
10.99728
9.8352
6.6528
9.22896
0.00144
8.7984
23.56704
22.21056
10.18656
13.3848
12.04272
2.4192
15.02496
7.34256
12.87504
23.50368
17.02656
7.73136
10.70784
14.44752
18.98928
23.1408
16.14816
22.1616
19.06848
21.99744
17.95392
7.78464
15.9192
24.3432
20.32272
6.05376
14.01696
13.97232
17.95104
25.65792
24.41232
24.32016
24.51744
25.32816
22.90608
12.7872
18.98496
23.68656
18.33552
24.61824
24.15024
22.68288
23.62032
20.31264
15.52176
24.44976
23.67504
20.60928
15.92208
17.34768
21.29616
21.41856
23.18544
8.86176
20.66688
23.81472
19.73232
17.13312
18.07056
21.50928
22.43088
20.54592
17.18496
23.75568
23.07744
19.99152
20.21184
18.0072
22.27392
20.72304
16.73712
22.38912
22.58208
19.45728
22.75056
21.34656
21.28896
20.46816
21.4128
16.69536
22.1472
22.52592
20.6424
13.34304
21.18672
10.62144
10.74384
21.85344
15.37488
15.61104
18.08784
18.97344
11.12256
15.77376
9.83664
4.94928
20.26368
15.77232
16.25328
16.01568
16.812
18.7488
18.16848
8.964
17.16336
14.11776
15.11856
15.41952
14.31504
7.1496
16.84368
17.10288
8.87616
14.13936
12.10608
12.70512
17.89632
17.54208
17.72064
15.6672
9.576
8.29296
14.09616
13.08816
11.89872
3.5136
3.94272
5.72112
14.97888
8.98992
13.99968
15.10992
12.97872
13.5864
13.86
14.44896
14.68368
13.48416
14.4432
13.92624
11.65536
5.25024
4.38336
12.74688
10.3608
4.16592
5.63184
8.73936
10.45728
8.34624
7.33392
2.16
8.11872
6.89616
9.53424
5.40576
4.8384
9.13968
9.95472
10.42272
9.67536
0.7272
0.90576
4.51008
2.58912
4.52016
2.59632
9.92592
7.62624
6.70032
6.08544
7.2144
5.8248
6.31008
6.37056
3.89232
1.94112
8.37648
8.67312
8.24976
8.25552
7.5528
2.91456
6.5664
6.05808
7.71408
3.66192
7.18992
3.55392
7.59024
8.46144
3.38256
6.85152
2.69568
5.82624
5.41728
6.73056
4.49568
3.79872
5.96016
5.8104
2.37888
1.45728
3.48768
4.8744
6.87024
6.75936
5.148
2.68272
2.67696
3.08592
5.08608
6.23808
5.28624
4.27392
4.34304
6.97248
6.83136
6.69024
6.20064
1.02384
0.93024
1.23264
1.04544
2.08944
3.00528
3.71664
2.01888
2.24928
5.63328
6.27984
1.47312
1.16496
4.84128
2.7144
3.37104
5.24736
5.14656
6.8256
7.15968
5.56704
5.10192
6.3864
6.75936
5.48784
7.47504
8.45136
5.73552
5.52528
5.71824
8.56368
8.02368
8.68752
6.73632
8.01648
2.82528
1.51056
1.63584
3.26736
5.43168
9.0936
4.0104
4.8888
8.84016
9.13392
8.35632
9.09792
5.73264
10.98432
11.06208
11.3256
5.61744
6.62976
11.03184
11.77344
11.628
6.18048
9.45792
11.61936
12.31344
12.05856
7.91856
11.36304
12.97872
5.47488
2.4768
5.47632
3.9672
3.47616
12.00672
15.07104
14.91696
14.86944
12.1392
14.83056
10.14048
12.08448
14.70096
15.00336
15.012
15.88608
16.08048
15.75216
15.98256
16.23168
10.90224
14.04144
17.44992
15.25248
17.78976
17.7192
17.45568
2.95776
10.0512
7.60752
3.68928
8.35344
4.428
12.43872
14.09472
17.83872
16.32528
2.89872
7.98336
17.95968
3.48912
14.14656
6.03936
19.35072
19.04688
11.14128
15.88176
18.53712
10.7712
17.47008
15.33888
19.64448
20.91024
21.9672
20.70864
16.5744
8.19216
21.75696
19.71936
22.31712
13.22928
16.74432
23.01408
21.73536
18.60768
22.84128
23.13216
21.56832
18.44928
16.67952
18.32112
14.45616
21.11328
9.50544
6.57792
20.87568
23.79168
22.03488
20.46816
23.67648
19.78992
20.72736
10.28304
13.85136
11.55744
19.05408
23.544
24.44832
22.87584
24.20784
24.24528
21.65472
22.68432
24.02784
24.02784
18.108
6.54624
23.868
19.07136
15.5232
22.10688
23.8464
24.23376
24.56928
22.8744
19.46448
14.53536
15.54912
23.44752
23.00544
14.29776
13.86432
24.16176
24.13296
23.796
20.9376
13.63968
19.60416
23.09904
23.20848
20.71296
20.80224
23.08176
23.07744
23.42304
23.7168
22.95648
17.0496
13.16016
5.52528
6.71184
23.45184
20.13552
21.78288
23.42016
20.82096
22.54608
22.87008
21.46896
25.01136
23.30496
21.19824
22.03632
19.56096
22.89744
22.81824
23.35968
22.7304
20.03472
21.4992
22.0248
21.99744
21.70512
15.74928
20.82528
12.8448
19.82016
20.80656
21.41424
18.46944
14.1912
9.11376
17.34768
20.592
20.13696
19.71216
18.76032
18.30096
20.6352
20.42064
20.02896
20.7288
20.14416
19.55232
19.08864
19.37232
18.88848
8.44272
18.06768
18.68256
17.73792
19.17504
19.0584
14.54256
12.21408
11.2032
11.43936
11.01312
11.4912
18.21888
16.82496
17.208
17.52336
17.22384
15.66576
10.0152
11.4336
11.49552
3.62304
11.736
10.71216
13.79232
13.59648
13.72752
14.26752
11.37168
11.31696
15.59808
13.80672
11.99952
13.87296
9.41184
14.01984
12.22704
10.16064
13.98096
12.63024
13.67856
13.10976
13.356
9.85968
10.6488
12.5424
11.53584
12.81744
11.69136
13.16304
12.34368
12.49056
12.7872
12.69504
12.60288
8.27136
1.88064
5.89248
1.31616
11.12832
10.764
7.33248
6.00336
6.25104
8.72928
8.61984
10.11456
6.49872
5.82192
5.87952
9.94896
6.89616
8.49888
9.47808
6.86736
8.35344
6.62688
6.876
5.48064
5.8176
6.37776
4.92912
8.03376
8.03376
6.54912
6.98544
3.75408
6.05232
3.61152
5.89536
7.19568
6.91344
7.29792
6.88896
3.01392
6.9984
2.71728
5.796
7.18416
6.45552
4.28256
4.84992
6.4944
6.00336
3.78144
6.39936
5.6448
6.2208
6.32736
3.73824
1.19952
1.28448
2.90592
4.71744
1.75104
6.1344
6.95952
6.95952
0.30672
0.95904
0.83088
1.01808
6.16176
1.31616
6.91056
3.9456
3.79872
3.99744
5.46768
6.95952
3.72096
4.89024
2.63808
1.22688
7.45056
0.9288
1.85616
6.19776
7.94592
5.98032
3.56544
7.47936
2.38608
7.96752
5.59152
1.90224
2.68704
1.53792
3.70368
7.77744
8.21232
3.35952
4.20912
1.19376
9.25344
5.7384
9.09648
4.9608
9.34992
5.25744
9.65664
7.15248
10.06272
1.9728
10.09728
10.00656
10.58976
2.24352
2.22624
11.4984
12.05856
10.88208
10.86912
11.3616
3.492
2.46528
4.65984
9.76032
5.90112
12.85056
3.75408
5.09616
9.58896
12.87072
6.40512
13.896
3.18816
7.94736
11.35872
11.0448
1.43136
6.87312
11.11968
13.6872
4.66992
0.47232
15.61392
15.90192
15.09552
7.10496
15.00912
16.21872
16.2792
15.50016
16.3728
12.71088
12.07584
12.08592
6.03792
8.54064
9.03888
5.89104
7.24464
19.18224
18.94176
15.93072
15.8112
15.61392
18.96768
15.876
17.964
15.91056
13.76496
19.15776
14.06016
3.26304
12.19248
14.88528
20.43936
20.7
3.14352
6.4944
6.89616
6.80256
15.74208
15.44544
9.56448
15.49728
16.82784
17.72064
7.39728
11.29824
14.2056
16.2432
17.0424
19.60992
22.22352
20.81232
18.98352
11.01312
17.18784
2.016
9.83088
18.2448
17.8848
17.424
17.35632
11.62656
18.756
21.59856
12.74832
12.74544
8.09856
22.44816
24.08544
24.39504
22.75632
20.48112
23.2992
23.18832
20.26944
22.40352
24.58944
23.47488
23.37696
18.50688
8.74512
20.70144
20.8872
18.1224
16.25184
18.6048
20.556
14.09904
13.74912
7.812
20.11824
21.38544
2.45376
19.58544
8.21952
20.37024
17.68464
11.82672
13.27968
17.04528
19.94832
23.7528
18.09072
25.97184
25.59744
24.5304
20.84832
22.88448
24.52608
21.94272
21.34944
12.9528
19.45584
21.89808
23.37696
23.976
21.57408
16.49088
22.18608
24.14736
23.90976
22.10112
19.13184
21.94128
22.46112
22.41216
23.4648
22.8312
17.93808
21.06
20.75472
23.39136
21.12768
18.49104
21.00096
12.51504
20.5344
23.56848
23.72832
22.08528
22.7448
19.53216
16.53408
18.5832
17.44704
16.29504
12.14208
15.03072
19.48608
19.70208
21.6072
21.8664
17.9352
15.73056
19.4832
18.2088
14.05872
14.65344
13.66992
18.06336
19.1664
17.7264
19.75104
5.82912
18.16128
19.65888
20.4408
17.96112
16.65936
19.57824
19.50336
19.33776
19.7496
19.31904
14.50224
15.69744
13.34016
8.5608
16.93728
16.17984
16.83072
15.02784
10.72512
18.58896
17.5536
14.1408
17.28576
14.69664
17.67744
15.38064
14.70528
9.60912
4.0752
5.86368
16.9416
5.12496
6.9768
12.56544
7.38576
12.12048
16.21584
15.89328
14.9904
11.91456
14.5008
12.97584
8.73792
6.64272
9.47664
11.088
13.54608
13.71312
11.6064
8.24256
8.78688
4.13424
7.52112
4.12272
5.21712
6.3432
11.2824
11.83968
12.0312
12.68496
12.2328
11.78064
9.47808
8.30448
8.80416
9.19584
11.64384
11.2608
10.35216
9.18288
8.34768
6.56928
6.25104
6.49728
9.86112
9.73008
9.04176
9.16704
5.84784
3.12336
3.50064
6.17904
7.85088
8.6904
8.10576
7.41168
7.63056
5.55696
8.33472
3.42864
7.78464
3.04416
2.4336
4.30272
7.416
7.42752
7.34256
4.67424
7.63776
6.93504
5.80608
1.73088
2.24064
5.21856
4.53888
6.74496
6.76368
2.08512
3.52944
5.08176
4.68
3.60432
5.8896
5.65776
5.70384
3.52368
4.9032
6.86448
6.49728
3.64032
6.52176
4.60368
6.12144
0.50688
1.10592
2.87424
6.24528
6.51312
6.51744
6.07248
5.83056
4.87152
2.43504
1.97712
2.38608
4.96368
5.45184
5.63616
4.0464
3.08592
5.89392
6.62112
4.40928
6.69312
6.3288
6.56208
5.23872
7.14672
6.16032
7.3296
6.89184
6.45408
4.81104
5.328
8.19936
7.93296
8.05968
7.97904
8.05248
8.0208
2.62512
3.51792
7.26912
3.66192
6.16032
8.71056
9.39744
8.61984
9.36576
9.2448
9.8424
9.88992
9.4824
9.99216
9.30528
5.18832
7.15392
8.6544
2.6352
2.91024
10.19952
1.44576
11.02464
7.72416
6.45696
8.4024
10.8504
8.47872
8.17344
12.29616
8.11008
13.43232
9.40752
13.73184
9.53856
2.124
6.75648
12.65184
14.2056
14.26464
3.27168
11.7
12.27456
12.34656
0.83376
11.7504
2.06352
1.37664
7.98912
14.63184
15.4368
15.13872
14.56704
11.0808
7.88256
16.4088
16.57872
12.87792
12.69504
12.72816
16.05456
9.2664
12.27024
16.9416
17.29872
18.06192
10.71504
15.83712
16.5384
18.5328
18.80064
18.9576
18.82224
17.97984
18.612
19.15776
13.31568
12.08736
13.96368
13.71744
19.50624
20.5056
12.21552
11.93472
16.60608
5.7744
9.38016
12.27744
9.46512
17.29296
20.52288
14.34096
14.8536
19.4112
18.31104
10.21104
17.4744
20.68416
12.48912
20.25504
8.2944
13.73184
21.57984
20.57184
22.71312
19.57392
18.64656
18.65952
23.45904
23.66928
23.3424
23.41008
21.32784
22.77648
22.00032
20.96928
22.94352
22.11984
23.75856
21.76992
12.41424
16.80624
20.76768
15.96096
10.06848
23.5512
13.61376
9.2088
8.5608
13.536
21.52944
8.18784
12.49632
17.82288
8.7768
20.46528
19.61856
13.31424
22.95648
23.8968
22.0464
21.31488
19.1952
24.66864
21.28896
23.04288
24.46848
15.64848
20.448
24.05664
24.54624
24.5808
24.12432
22.12848
24.03936
24.24816
21.73248
14.84352
8.71488
23.60448
22.75056
22.392
23.5152
23.82624
23.37552
23.0256
10.5408
19.30752
18.144
22.14144
22.35888
15.89472
23.38272
22.00176
24.03216
17.10576
10.49472
23.06448
16.69536
18.82368
15.64992
16.4448
20.72304
16.43616
13.22352
18.072
18.4176
19.53936
21.40848
19.82016
16.74864
16.09344
13.608
15.5592
22.29984
21.92544
21.40272
20.29824
17.21376
17.45712
19.95264
20.29968
20.31408
16.26912
20.18304
20.04912
20.51424
16.91712
19.71792
16.73424
16.1352
14.87376
20.49408
13.79808
16.11936
16.01136
11.5128
17.83152
14.26896
7.37712
12.12912
13.2264
18.18144
18.14544
17.4312
16.8912
15.66288
11.97792
15.64128
16.36272
13.61952
16.55424
16.29936
15.56352
5.13648
16.0992
16.51248
15.768
14.47632
15.1128
7.03008
14.61168
14.5296
14.76864
14.76432
13.9536
14.19264
13.60944
13.8024
14.10336
13.97376
13.8456
12.98736
10.16064
13.33296
13.50144
13.2984
13.08384
13.08528
12.63168
9.34128
7.96752
7.50096
7.3728
8.43696
9.31536
10.47744
9.216
6.80256
6.93072
4.94064
11.02896
9.4752
0.79488
2.13552
5.07024
4.87296
5.54976
4.80672
5.64336
1.32768
1.62288
4.49424
2.88288
8.3376
5.48496
6.40944
7.50672
8.23248
6.20496
3.72816
3.7512
0.60336
2.50992
3.57552
2.99376
4.99536
3.55968
5.39424
2.48112
7.04448
5.4216
6.28128
5.59152
5.93568
6.11424
5.9688
6.51888
6.6456
3.54384
5.46336
6.35472
5.28048
6.29856
6.31584
6.00336
2.052
5.64336
4.33872
5.43168
5.0112
4.62096
5.18976
3.23856
6.20496
6.20928
5.13936
4.44672
4.05648
5.42592
4.03488
4.7232
6.4152
6.35184
3.99744
6.41808
6.14304
6.62976
5.97168
4.72176
5.2488
6.09696
5.58144
4.18896
5.38848
6.62688
5.40432
5.4864
6.12576
6.43104
3.37248
6.84864
4.74048
4.9608
2.5128
5.7744
4.00608
7.24176
6.46704
7.42176
7.56144
6.9768
7.29216
7.15824
7.4592
3.07152
2.11536
5.7168
9.53712
5.0976
1.1448
1.16064
9.27504
9.9216
2.77488
10.21104
10.37952
7.41744
9.91296
10.34352
10.91808
10.73376
11.72448
8.29584
11.34
11.64672
7.82784
10.44432
8.57376
12.27744
11.90016
12.4632
12.57264
11.8296
11.2032
12.4992
12.132
10.61424
10.5192
12.7728
13.42368
8.67888
7.92144
14.74704
13.30848
14.14224
14.9112
14.39424
15.05232
15.04224
15.00912
15.15168
14.9544
15.26976
15.87744
15.5952
16.24032
16.47504
12.91248
2.43072
9.01008
16.21008
16.86096
17.0352
14.40432
15.8616
16.79184
17.37936
18.0504
17.49744
17.80416
14.9184
6.4224
1.73376
3.97728
7.992
17.6544
19.84608
13.3344
6.82416
20.00736
7.96464
17.45136
9.9144
15.30432
18.07344
21.10608
14.66496
16.80048
19.58112
14.80176
20.8728
11.93328
22.0896
17.84448
21.17808
7.49808
9.63504
20.44944
13.23504
19.044
19.1232
20.92176
11.22624
20.05056
13.97376
17.25264
17.39808
22.76352
22.56768
23.02848
20.74752
16.9776
22.9752
23.44176
19.3752
7.23744
15.39792
15.7968
6.68016
14.34816
8.71632
23.83344
23.42304
23.51376
19.29024
23.35104
17.7552
20.75472
22.4424
23.1696
23.24448
22.9752
10.41984
22.09392
23.44176
18.72288
19.75104
21.04272
20.31552
19.45008
10.69776
24.90336
20.06208
20.01312
24.65424
24.6456
23.4
21.03408
9.26064
24.05664
24.35184
21.33216
23.43888
23.52816
23.99472
23.8104
22.99968
22.7016
21.36528
20.0376
3.57408
24.53616
23.1552
23.18832
9.60912
18.3024
19.19088
19.88496
22.72032
20.73312
22.08528
24.22656
20.24496
18.36576
23.256
23.73696
23.05872
24.01776
23.61312
22.84128
20.73024
20.20608
17.40528
22.83696
22.63392
20.22192
16.10928
18.37152
20.74032
18.79776
21.79008
22.85568
20.11824
21.1032
21.89376
16.7184
19.43424
20.76912
21.7224
20.87424
20.89008
19.70928
16.85664
18.85968
20.72016
16.15824
18.52272
19.78704
19.47888
15.05232
19.08432
19.08432
18.18864
19.53648
18.25344
16.73424
20.15712
16.96896
12.08304
13.8528
3.99456
18.72576
13.3128
13.65408
16.58304
17.59824
16.13664
17.064
16.28928
13.61088
14.29056
15.17184
14.74128
13.86432
17.40384
17.7408
17.29584
16.128
7.48656
6.44544
12.7152
12.06288
8.82
14.4072
11.31696
15.9408
13.87728
6.552
7.77312
5.0904
0.71136
10.80864
14.73696
14.34816
14.00976
10.044
12.6504
11.5056
11.60928
10.68048
13.0896
10.2312
7.17552
7.37568
12.52224
10.94832
12.924
11.43648
7.65936
5.62032
6.11856
4.0536
5.44608
6.1704
7.79184
8.96112
1.24416
5.08752
5.8824
11.34576
10.67472
4.65552
6.48144
10.0728
9.07488
5.90688
4.00176
9.22608
6.1488
7.99776
7.83648
2.80512
5.20128
4.00464
8.26704
3.83184
4.79664
6.4152
3.21408
1.23552
4.58928
5.90256
5.96304
2.11104
3.67488
6.16176
5.57136
4.03776
2.73024
0.94752
2.38752
4.84704
7.64784
6.60096
7.3728
6.48144
5.78736
5.652
6.43248
6.52896
6.71616
7.15392
6.63552
5.69664
3.54096
4.18032
2.65248
5.19552
6.552
5.67648
5.77008
2.55456
3.35376
4.56192
4.93632
6.0624
5.83488
4.00752
6.08688
5.56416
4.81968
5.76576
6.27264
4.15872
2.22048
2.66688
6.70176
5.81328
6.5808
6.61104
5.87664
6.696
5.89824
4.98816
7.23744
5.85216
2.42064
5.3784
3.30192
2.37024
7.4664
4.6944
1.68624
6.22512
5.5584
6.1992
6.32016
5.86224
8.66448
7.39152
4.87296
8.74368
7.704
7.46784
8.59536
7.83936
8.0784
9.3384
9.9
8.6688
9.15408
10.55952
5.02704
11.14416
7.79616
5.99904
10.92528
11.3976
9.73152
7.91424
5.9544
4.17168
3.79872
3.57984
9.77904
5.27904
3.39264
11.12688
12.86928
5.56272
12.84624
9.54432
3.6432
2.33568
12.59568
11.6712
3.30768
1.40976
3.49344
9.43056
14.6808
13.7592
15.18912
13.45536
10.65888
1.87776
15.192
16.27776
6.948
5.09616
16.8408
15.3504
12.97296
15.28848
16.80768
11.60208
10.35648
16.7616
10.52928
4.13856
13.6584
7.9848
17.06688
18.32256
6.59808
17.7624
16.21584
7.85952
4.9968
13.1688
17.3376
13.65696
18.57744
17.46
16.07472
20.02752
19.87632
20.772
17.71776
18.31104
20.17728
20.48976
10.44864
20.88144
20.74608
17.70048
18.35856
21.1104
2.66256
8.62848
5.05872
2.23776
1.55376
15.19632
19.57248
17.1864
20.9232
16.00416
18.87264
22.79232
20.75472
13.51584
10.224
21.04272
23.78304
23.78736
23.7816
6.08688
4.4568
11.97648
17.05248
14.52096
14.70528
10.44864
13.52736
23.43744
24.4584
22.9464
24.66288
19.92528
12.53376
14.48064
22.38192
14.09904
18.05328
22.52016
25.08192
24.70752
22.42656
20.22048
22.81968
21.04272
13.8024
12.8808
19.82448
22.59648
24.1488
23.72256
23.44032
24.11568
23.41152
16.38432
8.41536
21.0888
21.71664
14.9544
24.16464
16.16112
24.48144
24.33024
22.68
20.45952
18.78624
23.09904
23.62032
23.18256
22.2336
19.9512
23.66496
23.11776
23.7312
23.5368
17.25696
23.3424
20.49408
15.39648
23.148
17.29872
21.53088
21.04848
20.86128
13.99248
16.93584
20.41344
20.45952
19.60272
20.37024
17.9568
22.51296
22.48416
20.3112
21.1968
21.9672
23.37264
20.1816
22.1688
22.79808
21.3552
12.51072
21.32208
20.93904
19.27008
8.9784
20.44944
22.20048
21.492
21.38688
19.72368
17.82864
17.51472
16.09344
17.41824
13.60512
18.5904
18.6048
20.6352
19.5408
18.81792
17.24112
15.08112
20.0448
10.71216
14.88096
8.42832
10.59696
12.564
15.68736
18.0144
14.13792
18.80928
18.63504
18.5544
14.36976
3.3696
11.53728
17.95536
15.00192
11.78784
17.11728
14.70816
14.95872
14.04144
17.17056
12.37248
16.63056
15.79248
15.91776
15.90192
15.27984
14.57856
13.55616
13.52736
13.09392
12.41856
7.10928
14.26176
10.93104
13.18752
10.48896
4.09968
3.50352
11.42208
11.53008
8.32608
8.9568
8.68464
11.63088
10.68336
12.6072
11.99376
10.29024
7.50672
11.97648
7.71552
3.45744
7.59456
7.49952
9.62352
7.73712
9.9864
9.5544
5.54112
8.62848
10.3824
10.09584
3.0456
7.58592
9.93888
8.77248
7.82352
9.2592
5.13216
8.86896
9.00144
8.55792
7.92144
7.17264
5.48496
8.71776
8.21088
6.93216
7.94016
7.22592
0.31392
1.83168
1.02816
1.7424
0.59904
5.37408
7.76304
7.15104
5.24592
7.6464
7.32384
7.02576
7.48944
7.08336
3.19536
6.78672
2.4336
6.37056
6.64272
6.4152
6.36048
6.43536
5.73696
3.1968
6.3576
3.77424
3.91968
2.59056
4.70592
6.24384
4.79376
3.3768
4.76208
1.00512
2.86848
6.11424
5.56128
3.8952
2.57184
1.66896
6.14016
5.35248
4.81968
6.30864
6.36768
4.03488
5.16384
4.5792
5.34672
3.53232
6.76224
5.70528
6.03792
5.67216
5.88384
2.99664
3.05712
2.91168
1.7496
4.4424
3.4488
1.09296
7.08912
1.24272
3.55104
7.128
7.99632
2.33568
6.61248
7.42176
3.53952
6.31152
8.39808
4.43376
6.66576
8.31888
8.0784
1.5192
9.15552
7.20432
9.31824
7.89696
8.94816
7.47504
6.06096
3.79152
4.83408
5.69232
9.99504
10.24992
9.29952
-99
-99
6.76368
4.51152
9.35568
10.29024
7.55424
12.39552
12.35808
8.8992
9.04896
10.12752
7.78896
8.03088
8.90928
11.19888
12.17232
13.14144
12.90096
12.30048
14.31792
14.25888
14.81472
14.55264
11.9304
12.35952
12.8304
11.45808
14.86224
15.47856
16.01568
15.13152
10.19088
13.57344
11.73168
8.54352
13.89888
14.1552
13.41648
12.1608
13.9824
14.0256
11.62224
1.41696
8.48592
12.75264
5.91408
4.07088
16.62048
19.05552
18.68832
18.6264
18.21888
18.85968
18.9072
16.97184
15.93072
18.6624
17.23824
18.41184
19.52496
20.00304
19.7856
16.78176
4.752
4.58928
11.3472
20.23632
18.60336
19.26
18.10944
21.97584
20.77632
20.39616
18.10224
19.32624
20.51136
23.01264
22.04496
22.90176
19.65312
18.80928
20.5488
22.34304
20.1672
13.30704
9.14832
16.6968
24.192
23.73552
23.14368
17.62992
14.85936
20.19168
12.59712
13.25376
20.93184
15.8112
13.18608
15.57504
13.08672
20.13552
10.60848
16.11936
12.32496
15.79392
20.71584
17.11872
20.04336
19.89792
22.98672
18.19296
22.14576
22.86432
18.37728
22.90464
22.78368
15.52176
16.05456
5.56128
17.82288
15.36048
12.1464
18.91008
17.66448
23.976
23.4
18.5976
19.68624
7.28208
12.62592
19.92816
21.3768
23.15664
22.44672
24.90624
11.92032
12.65904
8.67312
22.67424
17.892
16.97184
9.1872
24.1056
15.21648
24.41664
24.00768
15.51312
23.66208
17.49456
22.27824
23.29344
23.13648
18.98352
17.76528
22.25088
21.18528
23.16096
23.54976
21.71232
12.33792
20.98656
16.79328
7.76016
18.31104
23.076
22.99968
10.6632
7.47504
18.67104
14.31072
17.39232
18.73728
14.79888
15.69456
17.16192
21.01824
14.8248
15.74064
20.41344
21.20832
21.14064
20.29968
21.17808
15.11136
17.03952
6.36048
7.05024
4.72752
17.47296
15.90048
18.00144
18.2664
18.9576
19.14192
12.6072
11.268
13.09968
17.96976
14.32656
15.91488
8.05824
11.16144
13.29264
15.04944
11.86272
11.82096
15.07536
12.25008
14.17824
14.87952
6.99552
8.4816
14.19984
10.97568
11.18016
12.15648
12.53088
9.8712
3.83904
4.88736
10.75392
14.32944
14.4936
13.7592
2.38176
9.62064
5.12784
8.67312
8.34048
9.54432
11.54448
10.94544
8.5176
10.37808
13.02336
12.89808
10.2096
11.35008
9.48672
8.57808
5.71392
9.036
11.74896
11.61792
12.2976
11.61648
10.90224
10.23984
11.52432
11.22048
10.72944
10.30464
10.05984
5.73408
6.79824
8.32752
8.748
7.19712
5.40288
6.68016
5.19552
2.1672
7.6104
7.64784
8.71344
5.6448
2.5272
6.53904
2.66688
8.52192
7.97472
1.70784
7.79904
8.03088
6.7608
7.68096
7.70544
5.55264
4.6368
2.77776
4.07376
4.97808
3.95568
2.01888
2.11104
4.40784
0.83664
1.21104
5.508
6.23664
4.716
1.1592
3.312
6.38208
6.39504
5.30352
6.30576
4.8888
6.28128
4.81248
4.71312
3.45888
0.8856
3.9096
2.24208
4.74624
2.58912
2.16288
5.15664
5.34672
6.32736
6.53184
6.3648
4.93488
3.44448
6.4944
6.47856
6.18048
6.99408
6.10704
6.70464
6.0912
6.50736
5.57424
5.52816
2.8224
4.40352
5.43744
6.5736
5.02272
4.94496
6.35328
6.64848
6.79392
1.95696
5.89824
5.85792
1.87488
3.66192
4.86864
7.01712
8.23968
7.53408
8.7912
7.39152
4.44672
8.28
7.38144
3.68784
6.99984
8.95968
2.88144
2.5128
3.42432
7.93584
10.0152
9.26208
10.12608
10.54368
10.8288
7.4016
6.14592
10.09296
5.21712
6.65136
10.39248
3.53088
10.53216
11.27088
10.04976
4.15296
12.86496
8.85312
13.12992
11.02032
7.43904
12.91536
13.52592
11.1816
9.01008
9.47088
4.8096
14.94864
14.46048
13.7088
13.97808
12.54672
14.6016
12.67632
14.00832
11.32848
11.68272
11.15568
12.1464
14.33232
8.00352
11.4048
7.7976
3.61152
7.41168
6.7896
4.43808
10.33776
12.47328
17.58816
16.40736
10.26288
12.88944
18.50688
18.51408
18.5544
16.36992
13.48416
17.94816
14.29488
16.4016
19.33632
20.1096
18.59472
16.29792
18.1296
19.68336
20.65536
15.26976
10.79424
15.39072
16.85808
16.60464
15.444
19.85616
10.6416
18.17136
16.33104
13.28832
9.6336
11.59344
22.13424
12.68784
13.91616
14.07744
17.748
20.11968
13.42224
15.44112
22.02048
21.37392
22.6296
22.94496
21.0312
21.38688
23.24448
19.86336
14.56704
22.0896
23.43744
23.83632
23.52672
3.46032
16.87968
24.2424
24.53328
18.91584
15.89904
15.20928
24.25824
24.53904
24.26256
23.26752
22.932
21.26448
22.43088
23.89536
18.144
24.22944
24.98688
24.72912
22.22496
13.29552
15.9048
13.81824
16.1712
16.14096
15.12432
18.28368
10.85616
12.2832
23.74128
24.86736
22.76496
24.28416
24.51168
23.832
11.58912
18.74304
22.24368
24.66144
21.36384
24.30864
24.46272
23.58288
23.20416
11.5056
23.06736
21.92832
23.22
23.34672
22.98528
22.29408
24.57648
23.92704
23.00976
20.69712
23.62752
23.25888
23.14656
22.15728
21.24864
21.47904
22.71744
17.62416
21.32352
22.44528
17.64
20.92608
14.92704
20.4192
18.95328
22.08096
19.2456
11.81808
9.9648
13.70592
21.09744
19.74528
20.39616
20.82816
21.57696
20.41056
5.9472
21.3192
22.13712
21.36528
14.5728
16.50096
18.73728
12.13344
18.39168
15.91632
7.0128
17.25264
18.09936
18.05184
14.84496
13.5936
19.7208
18.95904
19.81584
18.98064
19.116
18.79776
18.68544
16.16976
17.49168
9.96624
7.46928
3.51936
15.16752
16.40016
15.66576
11.0448
15.50736
5.35104
7.23168
11.72016
11.1744
11.74464
10.98576
17.03808
17.00496
15.46992
16.11072
16.57872
16.39152
12.19968
15.05952
15.2496
15.55344
10.33632
8.28
13.74768
4.536
2.51136
7.92
10.95984
7.01424
8.07696
9.72
13.80528
14.09904
11.97648
11.52144
11.57904
11.60496
9.70848
2.5992
8.8056
12.03552
12.10608
10.00656
6.73632
4.24512
2.01168
7.65216
11.55456
10.9656
2.71584
5.98032
3.22416
5.04864
9.90576
9.23616
9.72
9.468
7.72992
0.98208
7.45488
8.7768
8.94672
8.78976
8.76672
7.55568
4.58928
6.48288
8.12736
8.1504
1.92528
6.20208
7.8624
6.68304
7.97472
7.60464
7.55856
6.37344
4.94208
6.20208
8.16768
8.65152
6.00048
7.28064
4.5648
6.78384
6.24528
7.07472
6.8544
5.4432
6.05664
4.87008
3.82176
3.39408
1.61424
4.11408
5.62608
4.94064
4.56624
5.01984
4.37616
4.26816
5.22864
5.36112
5.32944
5.16816
5.5872
0.80784
1.9944
3.68352
2.27952
3.44304
4.2624
5.8752
6.2856
3.16368
5.25312
5.1552
5.98032
2.72016
4.2552
3.18816
2.70432
4.81392
5.89968
4.72176
6.84144
4.4496
5.20704
5.148
6.91344
6.71328
3.37392
3.66048
7.75872
6.40224
4.95648
5.43168
7.40304
7.24464
5.49072
6.73344
7.236
3.8232
4.6656
4.932
6.35328
4.2336
7.2504
4.38336
7.06896
6.27264
6.10128
9.73152
9.75024
1.85904
7.9776
9.65232
6.48144
5.35248
2.17296
7.1352
8.58528
9.99648
10.81296
11.4984
11.74464
5.36544
11.9088
12.16512
10.64448
8.9496
8.1864
10.57392
11.8656
6.4512
4.38192
7.81344
11.34864
11.42496
12.17808
13.0176
11.44224
13.1616
13.07664
12.70944
15.27408
3.3264
15.55776
15.75936
15.17328
15.0192
7.47072
7.06464
7.97616
7.5888
11.69424
1.76112
11.10384
11.47968
10.8576
16.42176
17.48448
13.00032
14.3496
11.22912
7.1424
16.4088
17.80704
16.3656
7.08048
8.20512
15.62832
5.16096
2.9232
16.07328
18.7056
15.90624
19.8504
19.116
17.27136
14.03424
19.00512
20.33712
19.78416
19.95408
18.20736
16.39728
17.35056
13.71456
9.23328
8.14896
18.73152
22.15872
22.3488
21.69216
7.42608
4.2552
18.29088
13.33296
23.5584
23.23584
22.72464
22.89744
20.80944
9.2952
8.3592
3.9672
3.35952
5.9976
17.43408
18.00864
19.18368
19.93824
19.95408
23.50944
16.88256
21.64464
22.25232
22.66272
23.73984
14.328
24.25392
20.13408
18.66528
19.96704
18.17712
23.07456
24.62688
21.51072
18.75888
24.74208
20.74464
23.00832
13.97664
23.05728
18.20592
23.28048
22.25808
20.7864
21.00384
14.00544
19.06992
20.5632
25.48656
14.23728
22.42368
19.39248
20.64384
24.85296
24.3648
24.50448
24.7176
25.1928
24.45696
23.84064
20.31552
24.61392
23.02272
18.45216
23.47056
23.7456
23.55264
22.78368
21.92112
12.69072
21.0456
20.72016
14.68944
21.9312
23.56272
21.46464
17.18064
23.87088
24.01488
24.8688
23.77728
23.92416
24.14304
24.4368
15.408
20.16576
12.82896
19.1664
22.41504
23.24016
19.16784
21.17232
21.36672
21.816
21.99312
22.51872
23.10192
22.53168
22.01472
19.88064
19.69344
22.41936
21.81312
22.32864
17.80128
18.86256
21.58704
21.62016
21.58992
21.1824
21.57984
18.60336
16.18992
16.37856
18.792
12.94848
20.82816
20.4696
20.17008
20.56608
20.3112
20.30832
19.6416
18.52848
8.92944
14.63184
16.41312
17.89488
17.1936
16.524
15.23232
17.604
17.81856
15.8688
16.9704
10.88496
15.49584
15.22368
16.98912
16.09776
10.79424
9.78912
16.14096
9.84096
16.38432
16.64928
10.47744
15.62256
14.27472
8.8992
13.4064
11.60928
10.13472
9.64656
14.06592
14.6664
12.7368
11.44656
8.67744
10.01952
12.32208
10.92528
4.26528
10.69056
12.3048
3.3192
7.18416
8.6904
3.00672
3.47184
6.82992
12.12912
10.67328
4.032
7.13232
7.8768
10.7928
5.09616
4.08528
6.80256
8.04672
3.61728
5.22144
7.08912
8.784
9.14112
10.368
6.10992
8.83872
9.036
8.7912
3.02976
5.45328
6.75504
7.4016
9.50976
8.18352
8.37936
8.37648
4.98384
6.30576
7.86672
8.0568
7.7976
7.5456
5.92848
6.3432
4.90896
1.83456
2.14704
3.14928
6.66
4.61952
2.38176
4.00752
6.2352
5.85648
6.35904
4.21344
7.2576
6.90048
2.78208
4.36464
6.05808
6.50304
5.97456
6.44256
6.41232
6.09696
6.09696
6.4008
4.48128
1.94112
2.31408
5.92704
5.22144
3.13776
3.5928
4.32432
5.61024
5.92128
3.84624
4.536
6.08976
5.81328
6.81264
7.12224
6.05376
5.7096
4.30704
6.0048
4.68432
6.00624
6.90624
7.13376
6.34608
6.50016
6.12432
4.29696
6.57648
4.65984
5.68944
7.56432
7.21728
7.57872
7.86528
7.7976
5.61888
2.4336
1.53792
3.08016
3.00816
5.84784
1.82016
3.44592
0.8208
3.11328
8.29728
8.22384
8.31024
4.00752
3.04416
5.23296
6.99552
5.76
9.2736
8.16336
9.90864
11.07648
5.90544
3.61008
2.62368
3.73248
9.19584
8.72784
7.83648
9.21024
11.01024
9.98928
8.8272
11.39904
11.86416
4.5072
2.57184
12.7584
11.78208
10.69776
0.0576
-99
9.72
2.20464
9.46512
11.9088
12.32208
13.9896
9.62064
14.24736
14.83488
13.99248
5.84352
10.2456
15.0192
14.68224
15.62112
16.01424
15.76656
15.8544
15.96384
13.9104
14.47056
12.86352
4.81824
8.26416
13.70592
6.26976
18.11952
18.0864
17.9712
10.6992
7.91568
18.13248
18.76464
18.9
12.82032
18.71568
18.99936
19.13904
19.4616
19.40688
19.20528
19.91376
19.90944
19.89648
16.02144
20.268
19.23984
18.23328
9.90432
19.84608
21.58272
21.40992
20.5128
21.75696
17.17056
3.25584
4.56624
21.74688
19.3608
13.8744
22.85424
10.47744
8.24688
20.34144
15.72912
23.67504
22.89312
20.32416
20.59488
20.60496
11.35008
23.16384
23.66784
19.86912
23.10336
22.70016
20.77344
15.09696
23.2272
24.26688
22.59936
22.5648
20.45232
21.43728
23.93424
23.97888
22.4712
22.38624
16.2072
9.91296
20.70576
22.52016
21.61872
11.0232
8.04672
16.88976
21.73248
24.42672
24.12
21.93264
24.2568
24.56208
24.06816
24.8904
24.22944
22.74192
24.07248
24.13296
24.49584
24.31152
23.89392
18.47952
23.50368
23.0472
22.88592
9.85392
18.15408
18.75888
21.852
25.70544
24.83712
17.7264
24.96672
24.72768
24.97536
24.86592
16.0128
20.97072
10.46304
21.27312
22.77792
21.9672
22.06368
23.58
21.3264
19.65456
23.24736
22.65984
21.8232
20.1168
13.5288
9.0288
21.12192
15.63264
23.84064
23.364
22.89168
23.08032
21.48192
22.38336
22.0176
20.85264
7.23744
20.28816
20.47968
21.17376
21.21552
16.22736
15.52896
14.39424
13.31568
21.72096
21.51216
21.50352
21.132
21.34512
17.08272
18.32256
20.35872
19.48752
14.35968
20.32992
19.41552
20.41632
18.28512
17.5392
18.04176
17.36784
15.26256
17.2368
9.78048
12.1464
8.86752
15.52608
19.4904
13.27824
10.99008
15.66288
12.88224
17.71344
13.16304
4.56624
18.49824
17.23536
16.4088
17.4096
16.21152
2.3472
11.52864
16.42608
10.30752
17.208
15.48288
14.27184
7.34976
12.0096
14.0328
9.09648
10.20528
8.7696
11.01312
13.27968
5.7816
7.11648
8.07264
9.41616
10.10736
13.77648
13.68144
12.8736
13.65984
11.2968
11.9448
11.64528
9.864
10.98
7.32816
7.2072
10.18224
10.2528
4.8096
2.0808
8.12448
9.32544
11.28816
11.4408
10.9152
11.00016
9.70416
10.4616
9.42624
10.65024
8.54208
7.89696
7.14528
6.12
5.2056
3.70512
8.93232
9.97776
9.82512
4.99104
8.48016
7.58016
2.84544
8.70912
8.93952
8.59104
8.96256
8.32896
7.78752
7.45344
7.55568
7.596
7.68384
7.73712
4.17888
5.5296
3.1968
7.33104
6.9768
7.52832
2.94624
7.64928
2.84256
5.98896
7.1712
6.75216
5.14368
6.81408
5.7888
2.952
6.4152
2.89008
2.35728
4.78368
3.85344
2.952
6.06384
6.5592
6.42384
2.11104
5.58432
5.112
5.8968
5.0328
3.62448
3.59856
2.30976
4.30272
5.92416
6.17328
3.8448
5.40288
4.98816
6.33744
5.37552
4.22496
6.58944
6.66864
2.94048
0.50112
4.32432
6.41376
6.45264
6.90336
7.11216
4.572
4.31712
4.27392
7.26336
7.53552
7.3512
5.74272
7.67232
3.636
8.06544
7.52688
7.416
2.52864
0.78336
5.9688
8.29296
6.24816
8.65296
8.83008
1.20384
6.31152
7.44336
1.31904
1.20816
4.50864
10.296
8.22528
8.80992
11.06928
9.54288
4.80528
8.06832
5.99904
10.88208
5.22
5.31504
11.412
6.4872
8.08704
10.99296
12.40992
11.85552
12.4992
12.3696
6.20352
7.29792
0.5832
5.0688
10.62864
13.4928
6.16032
5.45904
13.30272
14.7816
10.31184
12.93408
11.65248
13.34016
12.89664
7.5384
10.1376
13.46832
14.27904
7.84944
17.13024
10.99728
14.01264
16.75008
15.12
15.52608
1.90512
7.44768
16.00416
15.15024
18.19728
17.0784
17.25552
16.98192
17.39808
14.44032
16.98768
18.85536
18.76464
12.99312
11.736
2.66112
16.00848
11.96784
4.70016
18.63936
4.68576
4.28544
19.5264
8.15904
19.0368
18.83952
18.22176
20.17008
20.6352
17.4816
15.16752
19.404
19.36944
20.84832
18.43056
11.1816
6.74784
19.53648
8.56656
21.2328
13.92336
10.06416
9.58608
10.78128
9.92736
10.87488
16.23168
9.36288
21.9528
5.94144
21.24864
19.01088
23.46192
18.4176
14.82912
14.08032
12.28608
16.28784
19.21536
14.21712
22.644
23.00832
16.26912
15.65136
18.51264
9.67392
18.49104
8.55504
17.81424
21.37104
17.47872
5.46768
12.9456
11.8512
6.5736
12.68784
16.82064
20.71296
13.9752
20.664
16.73856
17.80992
24.1488
18.29088
20.38896
21.23568
24.26832
24.8616
24.3936
13.41792
23.04288
19.69056
21.2328
23.53536
22.58496
23.00688
15.3144
22.45104
23.7816
23.18976
15.45264
21.39408
24.7248
13.18032
24.21504
20.3256
23.98896
22.89888
22.60224
16.308
17.48736
18.3672
22.83264
22.63248
14.26608
22.2984
22.19328
23.24448
20.19744
18.25632
16.25616
21.55968
20.06352
21.66048
23.05584
21.49056
19.4544
22.28256
22.49568
21.96576
22.1688
17.4744
19.22256
19.3176
16.89696
18.27936
18.8496
17.49312
6.1272
15.0912
20.22048
15.65568
17.95536
19.49616
20.99664
16.93728
8.54352
17.10144
20.54448
20.4552
16.66944
18.26928
14.85936
19.42992
16.6248
15.7608
18.45504
14.45328
16.13376
13.61088
11.26944
13.66272
16.128
12.26736
12.63456
13.22496
16.21728
15.80832
11.77776
12.50064
10.76256
16.06464
11.91312
15.98544
15.88464
6.66144
11.95344
14.652
8.41248
14.93568
14.85648
15.3936
15.65568
15.12576
14.98464
13.63248
12.47616
13.02192
15.24816
14.11776
14.43168
13.28976
14.79888
14.40288
14.30208
13.89888
12.08736
12.78144
7.48656
6.5592
8.43264
6.78672
11.412
5.69664
5.51952
6.5664
9.78624
10.46016
4.3344
6.41808
8.20368
9.08784
6.78384
11.40768
10.73232
11.31984
7.6896
1.36656
3.14496
5.82048
9.1728
2.92608
10.55952
6.9192
8.77104
9.252
2.99952
6.20496
8.45568
5.19264
5.43456
7.63488
8.3088
8.21232
7.67232
7.72128
0.18432
5.08176
1.30032
3.60288
3.85344
2.03472
5.41872
4.1976
1.26864
4.76208
4.1112
4.84128
7.3872
6.77664
5.67792
4.17312
4.7736
6.39648
4.50432
2.07792
5.77008
3.30192
1.66896
4.62816
5.78304
5.00976
4.93776
5.69664
0.94176
4.31424
4.67712
1.31472
5.81904
3.07728
6.444
5.61024
5.25168
5.70816
5.6592
5.39856
3.78
1.7208
2.67264
3.05568
3.10032
5.8896
6.63552
6.54192
6.91488
6.10704
6.84144
6.9336
7.32672
6.21792
6.47856
6.96096
7.06032
7.21152
7.40304
5.19984
3.8088
5.13216
3.79584
5.81904
2.48256
7.05456
2.41776
7.38
6.24528
4.48128
8.70624
8.2872
8.46576
8.54928
7.35552
1.44144
9.08064
6.59952
6.74928
6.44976
9.94896
9.90144
9.66528
8.34192
8.45136
9.24768
9.2808
8.23536
10.152
11.2824
11.48256
10.42416
11.93472
12.28464
12.16368
8.9784
9.94608
6.19056
10.42416
12.37248
12.04128
12.43296
12.48336
12.63168
13.31568
12.79152
13.33152
11.68416
11.85696
10.58256
10.9224
2.00448
14.11488
14.15808
14.38848
14.48064
15.02496
13.10688
6.86016
14.07024
15.92496
16.29504
16.1424
15.82128
10.03248
16.05888
16.80048
16.272
16.8264
16.9416
17.064
18.00144
17.892
17.58384
15.444
18.19008
10.43568
17.136
11.12544
5.7096
19.11024
8.49168
14.34816
13.7664
17.98128
11.23056
11.95056
17.12448
20.13264
20.40912
17.85168
14.44176
14.72256
16.85952
9.45504
13.64832
8.16048
9.29232
6.67296
13.28688
16.93872
6.42384
22.12272
22.04208
21.8592
10.05552
18.32256
20.08944
14.58576
3.58992
23.0688
24.09408
22.68432
21.01248
17.36352
22.86432
18.61344
19.40112
24.44256
21.636
24.10128
22.89024
22.2192
7.29504
18.15264
13.22784
22.48992
21.61296
22.5936
21.8448
2.60928
-99
0.19008
21.528
20.30256
23.99904
23.47632
24.65136
24.52608
24.75792
24.01056
24.21216
15.19344
21.30336
23.23872
24.26976
11.44368
23.23296
3.21696
24.05376
22.24224
15.25248
24.95376
23.10624
24.98832
24.01776
23.95296
19.03104
15.18912
24.4008
23.6592
23.2272
23.87808
24.05232
24.3576
24.53184
24.22512
24.34032
24.40368
18.03456
22.09104
23.02272
23.92704
21.95136
19.0296
7.52688
17.43984
24.22368
24.36624
23.82048
20.86704
13.43808
22.36464
23.50656
13.5792
18.30816
20.94912
22.64976
22.08096
22.68288
22.73472
22.45824
22.74048
15.51024
12.48912
23.84352
23.20272
17.31024
20.44368
21.81168
22.21776
22.10688
21.63744
21.54816
20.60208
12.83472
21.096
22.00032
20.98368
17.9136
18.27072
20.5992
21.77136
18.01872
19.22976
20.53584
19.92384
14.69232
7.45488
18.69696
14.15232
18.14832
17.45568
18.78624
16.09488
5.83056
17.35344
17.2584
16.40304
14.30496
12.41424
18.0792
19.00656
18.73728
15.93792
18.98496
18.4392
16.4016
12.91536
2.44656
10.13616
17.62272
7.46064
12.924
15.27984
14.4216
15.8616
11.37456
14.11344
14.8176
4.90896
11.69856
14.30064
15.9552
13.02192
14.40144
14.292
13.41072
13.63248
14.24592
12.24432
14.57424
13.86144
14.33088
13.25232
10.4976
12.96
13.1256
4.94208
7.78032
6.912
7.09056
10.03104
6.42672
12.87648
12.37824
11.4336
8.892
8.8632
4.46544
4.87728
1.9224
6.51024
9.56736
11.10384
10.98864
10.31328
4.16448
7.50384
9.91728
6.63696
7.72128
9.16992
8.08416
9.76032
8.87472
9.57888
4.95504
8.34336
7.84224
7.90416
7.39008
8.77824
4.58496
2.1672
6.58944
7.7544
7.41888
7.20288
8.06112
6.16464
5.5872
3.29472
5.93136
7.44048
6.76944
6.66
5.34672
6.3504
5.6448
4.21056
3.87072
6.30432
3.60432
0.58464
0.90864
5.05584
5.11056
2.6712
6.42816
4.8096
3.75696
4.20048
5.78736
3.15792
6.19776
1.58256
3.64608
4.58208
2.91168
3.77712
4.716
6.21792
5.9256
5.01408
4.31712
4.54752
3.45312
5.94864
5.63904
5.1192
2.09952
4.59936
2.31264
3.30048
6.59088
5.80032
6.72192
6.768
6.60528
5.59584
2.3976
4.70448
7.344
6.6888
7.4088
6.41808
7.25328
7.1136
7.21872
4.43376
1.9152
0.18
0.79056
4.11408
6.4944
3.39696
4.90464
5.9976
5.72256
6.74784
5.0472
8.0064
7.74
8.928
8.86896
9.08352
9.92304
9.8136
5.96304
5.22144
9.15264
9.99504
5.91264
2.26656
9.072
6.11136
7.27344
8.15904
7.69104
12.04272
11.94336
11.56032
11.7432
11.7432
12.23424
12.16368
7.13232
13.06368
12.06432
8.30448
9.84384
11.34
12.25296
10.37664
9.07488
10.91088
9.13392
14.6592
13.8816
14.00544
9.828
15.05664
13.4208
7.73568
7.89552
8.72064
1.5192
4.75776
10.63296
14.9328
14.4072
15.45696
10.74672
4.49712
9.03024
9.0144
9.10512
10.14768
10.74096
17.22096
3.71232
3.65328
2.02176
13.27968
17.5104
17.97696
19.64736
18.12816
7.13232
18.95616
18.47232
18.612
12.32784
17.14032
2.72736
18.24048
16.74576
14.46768
15.15168
17.16912
2.22912
7.02864
3.73248
8.83152
12.92256
19.16496
21.56976
18.78336
6.49728
21.21984
21.0312
18.8352
21.1824
22.42512
22.18032
21.5136
13.41792
20.20032
20.2608
21.2256
10.26
6.11856
19.7424
14.34384
19.6704
5.32224
14.07168
11.08512
21.78576
21.71376
23.70528
24.0984
22.51152
23.32224
21.23568
13.79232
18.10512
22.176
23.76288
23.97456
19.67904
20.06928
22.7016
13.74336
15.44544
16.14528
11.52288
23.38128
20.23776
11.6568
14.1264
20.02176
18.44208
10.584
20.23776
25.22448
19.26576
23.62608
7.55856
19.73088
15.98832
17.06688
23.1048
23.15232
22.63248
24.46848
24.06528
23.59728
23.60592
23.72544
21.94272
23.34816
16.96176
23.78448
17.42544
21.80304
25.25616
24.15744
24.32304
22.19616
21.61296
22.0032
20.00736
22.79232
16.19136
17.51904
19.89648
21.63456
20.30112
18.24624
23.62752
23.63328
12.168
22.90896
19.9656
22.62528
18.18864
17.50464
22.40496
21.02544
21.40992
21.8448
22.10544
21.996
21.8016
21.01536
22.18896
19.48464
22.53024
22.31424
21.0888
20.09088
17.76816
12.58992
13.40928
12.70656
12.96144
17.79696
20.04336
19.66608
18.612
8.67168
20.28672
20.70144
19.78704
15.24672
14.54832
20.0016
19.93536
17.38368
16.65792
11.41344
10.73664
18.94752
19.9224
15.02064
11.41056
18.13536
18.57168
17.65296
18.10224
15.3144
11.11968
7.36128
14.59296
16.23024
15.68448
17.06688
17.31312
14.2992
15.85152
9.60912
4.0392
10.42416
15.9336
11.25072
12.59856
14.93568
9.66528
16.28784
15.33312
6.91344
15.33312
13.81104
14.43168
11.82096
2.90448
11.62224
13.15872
14.4288
13.2912
9.93024
10.77984
10.63008
7.14096
12.95856
13.6368
12.54672
4.82688
11.78784
12.6504
11.88144
10.82304
6.72912
4.25376
7.164
2.43504
10.11312
10.88064
8.99568
10.80432
8.16912
9.52128
10.0224
10.26432
10.2456
9.94032
9.58032
2.49552
1.53072
8.10576
2.41632
2.2032
5.38992
7.65072
6.59664
7.55136
6.28848
6.27264
7.70256
7.73568
4.03632
7.65936
6.80112
5.73696
5.64336
7.93296
7.73856
7.36128
7.04448
2.62944
2.81232
2.71728
2.0088
6.49296
4.99536
3.12336
4.12128
6.75936
3.89808
6.07824
6.72768
2.49264
5.04
6.10128
5.72832
3.82752
6.15888
5.58288
3.47904
4.20192
4.00752
4.32144
1.55808
2.6208
2.91312
4.02624
5.79024
3.71664
3.12624
6.42816
5.96304
3.32352
6.35184
4.07232
6.33168
6.21072
3.6666
6.1776
8.6706
8.2764
7.668
7.8876
3.1788
5.1156
1.6002
3.6036
3.8808
9.981
9.4914
7.4448
6.8688
9.7956
9.9522
6.0354
9.2952
3.0888
7.7436
7.7472
7.479
10.5426
5.5008
9.2142
10.557
8.3088
9.3114
8.8524
10.2762
11.844
11.3148
10.4724
9.2718
8.2206
5.8698
4.8888
3.5334
5.1678
9.9468
13.0482
6.741
12.6054
2.3346
1.71
11.0682
12.591
11.9538
9.9324
12.7998
10.5084
2.3436
11.1852
10.9674
14.1282
6.7392
12.3768
10.1808
8.649
5.202
8.8578
8.9064
9.5922
8.514
7.6806
9.7056
15.3036
18.4482
16.605
8.352
18.2178
19.0224
19.6002
18.7866
16.254
20.0394
10.8486
17.6868
21.2328
20.5794
21.6324
21.4578
19.6974
17.1918
10.2834
20.0538
21.5406
21.1824
21.366
20.5092
22.3686
21.879
17.1954
22.9032
23.976
16.8786
20.8458
11.2806
5.1354
5.967
25.7328
21.5766
16.6518
17.1738
8.3718
18.0558
25.2252
23.301
6.7806
4.0788
11.6388
26.8128
24.7248
18.7578
4.4712
9.558
8.559
11.6064
9.4716
11.403
15.7158
24.6888
25.9272
28.2546
25.947
26.469
28.3302
16.371
15.993
28.7478
25.6752
27.6102
24.9192
25.3836
19.1286
24.237
19.9926
30.663
27.5076
28.3968
18.1008
8.5572
29.5092
20.7774
21.9222
26.3826
28.7568
28.179
21.9726
23.508
18.99
20.8098
28.3446
21.7332
21.888
18.1206
29.3238
27.8838
26.5068
29.9232
23.1948
28.9116
29.4462
29.9844
28.8
21.3678
10.5066
26.6058
15.282
16.5024
25.7274
23.2596
13.9212
31.473
29.7738
25.0434
29.6226
26.433
27.4356
21.8826
26.4762
30.168
24.3108
23.9256
30.3768
20.4354
21.033
30.4776
29.709
29.4462
27.4212
19.9656
28.8234
29.1078
28.6938
27.6048
29.1672
29.1564
26.127
29.0304
28.44
28.5174
26.0334
27.774
22.707
13.4478
27.7074
22.7394
27.7812
28.0494
14.0814
23.6844
22.8258
20.4192
20.484
27.819
21.6198
23.229
19.6092
23.6214
17.325
19.4184
24.1308
25.335
24.597
23.058
24.534
26.415
26.244
14.8464
23.4342
23.9562
24.237
18.18
18.3762
19.8414
20.142
22.3848
22.6278
19.0044
9.54
19.701
8.8884
11.835
18.1854
18.7236
18.1908
20.8062
12.7584
18.3618
13.7268
16.5006
13.2192
13.8834
13.7412
15.9804
17.37
10.188
16.974
10.3824
21.2868
17.064
9.4194
9.3132
8.9514
9.0018
16.0794
17.7462
17.235
15.5718
10.8288
15.6294
15.9084
13.6872
9.9684
7.6122
14.7834
15.5214
17.2566
9.963
11.2356
13.9104
14.5674
15.3918
16.0974
11.5704
12.6468
10.9602
11.331
10.449
10.2168
7.029
8.1954
12.0816
14.2794
14.1264
13.7934
11.9106
12.4128
10.9386
6.6222
3.3408
10.4778
12.0024
7.4502
6.4098
12.2004
12.3282
12.699
12.492
11.9826
9.1872
1.9962
3.5568
3.4488
9.495
3.6828
6.7878
2.9286
10.206
9.9504
10.0188
6.156
8.397
4.6908
1.4346
1.2636
5.8554
8.1216
4.3074
9.0774
9.6426
8.3934
5.0184
7.2396
8.2548
5.9562
6.0372
7.3674
7.749
9.1098
7.1622
6.1272
8.1036
5.2596
7.6104
8.6904
8.6742
8.5464
5.2434
5.9454
6.9678
8.496
6.4962
5.5332
2.4966
4.6278
6.1344
7.398
7.7832
5.6016
6.9804
8.217
8.181
9.0072
7.1892
7.6464
7.2162
7.0254
9.5994
9.4536
5.1678
7.6554
0.8658
6.516
6.8364
8.946
9.6246
9.756
9.5904
10.1268
10.2114
8.0586
9.4086
3.6702
10.431
10.5912
10.5552
11.0826
11.4174
11.4048
11.5326
11.5506
11.7234
11.2932
11.7936
12.3714
11.9124
8.3628
6.2118
12.7116
12.7872
13.0014
11.8188
13.3704
10.7442
6.3288
5.8248
11.115
13.6098
7.515
13.851
14.8284
1.7352
15.3144
15.6456
15.2406
15.1164
12.6018
8.7534
8.8326
14.733
9.558
16.29
6.6888
11.5218
9.657
14.9292
5.2362
6.1524
4.6368
12.6288
7.7706
1.9818
6.9462
9.5346
2.6316
4.7196
7.128
6.498
3.8988
2.6046
6.4296
8.5464
12.024
8.8794
5.1318
15.5826
3.8682
17.6382
17.3808
7.8174
10.4112
16.119
24.6168
21.9978
21.3048
20.9106
23.6394
19.4832
23.2992
22.1382
22.8384
14.3082
21.5838
6.8454
2.3346
17.1198
22.6674
24.9498
24.2856
22.8114
11.601
5.058
5.1084
21.267
15.6654
25.2504
19.2888
26.7048
15.2334
15.8076
24.759
20.0502
22.5648
11.7864
13.365
12.4074
21.9024
24.9354
24.3036
22.8726
18.9576
26.4582
29.1942
28.8126
28.7892
26.1108
26.3106
27.3654
29.0862
28.4418
27.3024
27.6804
28.2708
28.3158
27.4266
3.924
8.793
30.6702
26.2188
30.6792
29.9916
27.6048
30.1086
30.222
28.215
30.1068
28.4184
29.5902
27.4284
29.5092
20.9628
30.5496
29.4768
30.7422
26.955
29.2878
24.048
26.4492
29.0826
27.405
28.3086
29.4912
23.9706
14.0688
24.4512
22.6242
31.2858
29.745
26.0694
14.2218
29.1798
30.7062
26.0964
31.23
28.6632
26.1378
29.772
26.181
11.8764
26.1486
30.8016
30.4038
30.33
30.0258
29.8908
29.8242
29.2032
28.9134
28.3932
28.9692
27.639
28.4958
27.2682
28.2186
27.6912
28.2366
27.594
26.8452
28.7568
26.2098
11.7864
15.5484
20.4372
23.7654
26.8884
27.1584
27.5742
27.4572
21.276
25.0452
21.3624
26.2494
25.101
26.1846
25.974
26.1126
21.6666
23.9058
23.1948
13.0806
14.2632
17.0406
26.5176
26.0316
22.1652
20.0286
25.3728
24.021
21.4614
21.6324
19.1646
23.1678
17.721
20.907
12.3408
23.76
14.436
16.371
22.1022
19.5102
20.412
19.1556
12.042
20.9682
19.278
18.1746
17.6796
7.8534
11.1726
19.7064
21.3318
19.3968
14.5098
18.6732
16.9506
19.0854
12.303
13.9716
10.4688
18.3078
19.7172
14.7132
13.9248
10.3104
19.1934
18.2934
18.5076
18.1008
16.677
17.6202
13.1166
2.5596
11.5524
14.3406
11.2014
8.1468
15.7788
14.3784
15.6222
15.525
12.7944
10.3104
11.7612
9.5472
4.6638
10.7334
12.1536
3.195
10.3014
11.826
11.457
11.1798
12.1698
10.7154
9.6822
6.4476
11.763
10.5192
5.2524
12.2886
12.4146
12.3192
9.8262
10.0404
7.29
8.9136
9.9324
9.7182
9.4518
6.165
6.1704
9.981
4.167
5.3982
10.4994
10.1718
2.6298
8.2296
7.8516
6.8742
6.8346
6.8868
8.4654
3.4488
6.5574
7.3332
3.888
8.7282
8.028
7.9434
8.3178
4.8474
4.2516
1.953
7.6032
5.931
3.438
2.5218
2.7792
5.715
6.696
6.273
4.4172
3.852
4.7448
5.9832
6.2514
7.4988
7.857
8.2044
7.875
7.2378
8.0334
7.9146
5.0688
3.6216
7.5096
