20000101
-99
-99
-99
-99
-99
-99
-99
-99
-99
-99
-99
-99
-99
-99
-99
-99
-99
-99
-99
-99
-99
-99
-99
-99
-99
-99
-99
-99
-99
-99
-99
-99
-99
-99
-99
-99
-99
-99
-99
-99
-99
-99
-99
-99
-99
-99
-99
-99
-99
-99
-99
-99
-99
-99
-99
-99
-99
-99
-99
-99
-99
-99
-99
-99
-99
-99
-99
-99
-99
-99
-99
-99
-99
-99
-99
-99
-99
-99
-99
-99
-99
-99
-99
-99
-99
-99
-99
-99
-99
-99
-99
-99
-99
-99
-99
-99
-99
-99
-99
-99
-99
-99
-99
-99
-99
-99
-99
-99
-99
-99
-99
-99
-99
-99
-99
-99
-99
-99
-99
-99
-99
-99
-99
-99
-99
-99
-99
-99
-99
-99
-99
-99
-99
-99
-99
-99
-99
-99
-99
-99
-99
-99
-99
-99
-99
-99
-99
-99
-99
-99
-99
-99
-99
-99
-99
-99
-99
-99
-99
-99
-99
-99
-99
-99
-99
-99
-99
-99
-99
-99
-99
-99
-99
-99
-99
-99
-99
-99
-99
-99
-99
-99
-99
-99
-99
-99
-99
-99
-99
-99
-99
-99
-99
-99
-99
-99
-99
-99
-99
-99
-99
-99
-99
-99
-99
-99
-99
-99
-99
-99
-99
-99
-99
-99
-99
-99
-99
-99
-99
-99
-99
-99
-99
-99
-99
-99
-99
-99
-99
-99
-99
-99
-99
-99
-99
-99
-99
-99
-99
-99
-99
-99
-99
-99
-99
-99
-99
-99
-99
-99
-99
-99
-99
-99
-99
-99
-99
-99
-99
-99
-99
-99
-99
-99
-99
-99
-99
-99
-99
-99
-99
-99
-99
-99
-99
-99
-99
-99
-99
-99
-99
-99
-99
-99
-99
-99
-99
-99
-99
-99
-99
-99
-99
-99
-99
-99
-99
-99
-99
-99
-99
-99
-99
-99
-99
-99
-99
-99
-99
-99
-99
-99
-99
-99
-99
-99
-99
-99
-99
-99
-99
-99
-99
-99
-99
-99
-99
-99
-99
-99
-99
-99
-99
-99
-99
-99
-99
-99
-99
-99
-99
-99
-99
-99
-99
0.47952
6.04368
7.07184
7.00416
6.97968
8.32608
8.28864
8.09856
7.0056
7.93152
4.88592
5.89248
6.44112
2.56464
8.44848
8.70912
6.84288
4.5936
8.81856
3.3552
9.08208
7.85088
7.81344
8.12736
7.84224
4.46112
4.64832
9.11952
9.4968
5.9688
8.42976
5.78592
8.98992
6.86448
2.9448
4.4208
9.4464
9.64368
4.68576
10.40256
10.52352
10.41408
7.26048
8.49168
6.98256
10.62
9.62064
9.86976
9.31824
10.6488
10.9224
12.20976
11.47248
11.3544
11.45808
11.29104
11.4696
9.66384
8.2152
12.14928
12.57264
12.20832
12.41424
7.47936
10.83456
7.58448
7.71696
12.51216
12.94704
9.3888
13.8096
14.32512
13.44816
14.29848
13.76424
7.91136
14.8176
16.15392
10.63728
9.14904
10.44792
4.80528
10.17648
3.4776
10.68336
9.06336
8.2584
13.31712
11.5272
6.54336
13.66272
6.18768
14.86512
15.31872
13.91184
7.45632
14.52384
14.58576
14.59728
12.95424
13.06224
13.26744
14.32152
11.40624
15.76224
17.04528
15.6168
14.43312
11.30328
17.22168
17.12592
16.6608
17.41968
15.72048
17.25696
4.7952
15.87744
18.11232
18.39888
18.07776
16.3872
18.39456
18.7848
16.87392
18.78624
18.20088
17.69256
8.60544
6.26256
19.16784
13.82688
16.37424
14.78304
17.77392
19.47744
20.90448
19.93392
15.25968
20.3184
7.88112
6.58512
12.5784
20.70432
11.91744
16.86528
18.0792
21.21984
20.90736
21.29184
11.9952
3.38976
15.67728
20.28528
17.56368
12.92832
21.58704
20.8512
13.51008
13.78224
20.06064
18.92304
19.73376
19.38672
15.92496
19.3104
20.47248
21.56832
21.25008
21.8448
21.76992
22.09104
21.18384
19.8864
19.82736
21.30912
21.38688
13.55616
16.82064
21.1752
21.02976
16.3152
11.98224
20.91168
17.50752
15.99408
20.48688
18.1728
23.23728
21.708
23.10336
22.78944
22.47984
22.12128
22.44096
21.35376
20.46096
21.09744
21.25872
18.29808
22.37616
21.91824
21.98736
21.7728
21.07008
19.13472
14.41296
17.79696
18.14256
22.06656
19.20528
13.7808
21.924
21.17232
19.41984
20.84688
16.62768
17.12016
6.588
21.17808
19.36944
10.26432
22.7664
22.23216
21.56112
19.36368
19.10016
20.33136
20.06784
18.75312
20.56608
20.27664
18.93744
18.67104
18.39312
17.7912
18.42048
17.3736
16.35408
19.76688
18.75024
17.37504
17.42688
16.95888
16.54704
14.49936
18.34704
17.15184
11.60064
14.10912
17.69904
14.06736
11.68704
16.01424
17.91216
17.41536
17.10144
17.06112
16.92
16.22304
17.05536
16.98192
15.85728
14.96016
15.13728
12.39984
16.12224
10.86912
14.24016
17.39088
15.33168
15.66432
16.6248
16.61328
14.3064
5.15952
14.40864
15.34608
9.9
15.89184
15.55056
14.8176
15.57216
8.70912
11.63376
14.11776
2.11104
13.55472
9.92304
14.0976
14.40288
12.10608
4.79664
10.03104
13.21776
13.57056
12.90384
12.48192
7.8696
8.95968
10.3104
12.87216
12.72528
10.9944
3.0312
8.20944
10.50912
4.87296
11.59344
7.10784
11.83536
6.0192
11.77344
4.968
6.25824
8.45136
10.83744
9.8928
10.42848
10.05264
7.29648
6.6888
8.86752
8.67456
8.81568
7.7256
7.1136
1.81872
9.14976
9.1152
2.95632
6.95232
8.7192
8.40168
8.26632
7.83648
1.50048
6.74784
8.49888
3.492
1.76112
1.548
1.58976
2.32704
6.6816
7.6464
2.87712
7.7976
7.21008
7.19712
6.94944
5.9976
5.2416
7.31088
6.76512
6.10416
6.3216
3.37104
5.3424
4.5288
6.70464
6.82128
6.54624
6.70752
6.77088
6.012
6.8184
6.92208
6.61392
0.97488
1.05408
5.0544
5.544
1.7136
5.35968
6.26832
6.34896
6.54768
2.11248
6.624
6.71472
5.472
6.19632
6.22656
6.26544
1.20096
1.15344
1.12032
0.69552
1.16496
0.85104
2.00592
5.78448
6.39648
3.52512
5.39136
3.17376
6.58224
6.86448
3.25296
3.49056
0.00576
7.17696
7.22736
4.62672
5.71536
7.11936
6.91632
7.26768
4.30128
7.75152
7.42032
7.56432
6.9768
7.73424
7.95744
5.50512
6.96816
8.31888
7.5744
7.27776
8.09568
6.8184
8.86032
9.61488
9.08352
8.84736
8.98272
4.11984
9.4608
8.85888
9.70416
9.7704
1.44864
7.45056
10.65744
11.06208
6.31296
11.55024
11.48976
10.67184
11.58048
11.63088
9.1296
11.69712
7.01424
4.81968
3.54816
8.91792
6.20064
1.61424
4.54176
6.33744
12.99312
11.77776
12.85344
3.2688
7.23168
9.85392
13.6224
15.2424
8.75952
5.0976
11.40624
15.45696
15.13728
14.22864
15.60816
15.46848
9.84816
10.88496
10.94544
9.6624
12.51216
3.4704
17.03088
16.89552
17.41392
3.71232
3.63456
11.12256
18.29952
12.60144
11.94624
6.20496
16.95744
7.26768
13.04784
1.51344
17.82288
13.60944
13.39632
17.94384
19.4472
15.5448
15.85296
18.42912
19.93248
20.28384
18.97488
19.19952
19.87632
17.44992
13.8312
12.81456
19.84896
19.44432
3.3192
7.52976
7.52112
19.60272
12.08736
6.59664
3.47328
3.50928
8.59824
8.32032
7.31952
22.02192
22.02048
21.49632
18.52992
18.73152
10.17504
22.86288
23.1048
21.99888
21.94272
8.50608
20.7216
23.10048
18.19584
18.4248
21.55824
23.11344
20.48544
21.5496
22.90176
21.08016
21.75408
16.56864
11.03904
14.28624
22.08816
20.7216
13.04064
24.12864
23.11344
23.23872
22.12704
23.42304
16.88832
22.58496
22.4136
22.59216
21.99168
21.5064
11.80224
22.14288
22.87152
22.53744
21.4416
21.51072
19.48176
18.34704
21.71664
6.6744
3.82176
16.01568
21.12624
18.68544
17.76096
11.3544
15.60528
20.31984
13.66416
20.92752
19.05408
18.21312
17.67024
15.24672
0.00288
7.1496
17.95536
21.4776
21.11328
21.20544
20.99232
20.38032
19.47312
19.71648
20.94912
20.86416
20.88864
20.38464
19.72656
19.05264
17.45136
16.89984
6.0552
7.24896
18.828
19.04256
16.81056
19.99296
10.1448
11.85984
16.1136
14.9616
20.76336
19.94688
19.57392
16.30944
16.98336
16.59312
16.9776
15.67296
16.19136
17.81712
15.26256
3.51072
13.20192
2.43216
17.59824
15.77376
9.16128
17.86896
7.55136
-99
-99
-99
-99
-99
0.0864
16.54272
17.69328
14.6016
13.89312
16.57872
16.75296
14.41008
8.87904
11.09376
16.3296
14.7888
3.26736
12.0456
13.12848
14.8896
10.21824
6.45552
15.18192
13.66128
15.55776
15.7824
14.85648
13.53456
10.93824
8.25984
10.86048
9.7416
2.6208
12.39264
13.33728
12.83616
13.13856
13.0896
9.99648
3.7944
10.47024
13.59936
10.37376
12.44592
11.63088
7.54704
10.296
10.24992
11.92032
11.47248
10.2672
5.9544
10.97712
9.83952
8.00352
10.9152
10.68048
10.98864
3.53376
10.29168
7.26048
8.79408
10.01952
8.93088
7.89408
9.6552
8.74512
7.97472
9.3672
7.56
8.14464
9.03744
7.29216
5.46624
9.3888
4.43808
1.75104
8.72064
7.96608
7.38432
8.42832
2.81232
6.0336
8.48592
4.15008
1.26576
3.15072
8.44992
7.72416
5.09904
6.11136
7.56144
2.41056
5.5224
5.4504
6.99408
5.67504
5.99184
7.08624
7.00992
6.30288
1.9584
4.5504
6.768
6.66144
2.18016
7.34256
6.5376
3.30048
3.9024
1.06704
3.28608
5.94576
5.95296
5.72256
6.57648
6.90768
6.24816
1.30464
7.21728
6.66504
1.75752
7.22448
-99
-99
-99
-99
-99
-99
-99
-99
-99
-99
-99
-99
-99
-99
-99
-99
-99
-99
-99
-99
-99
-99
-99
-99
-99
-99
-99
-99
-99
-99
-99
-99
-99
-99
-99
-99
-99
-99
-99
-99
-99
-99
-99
-99
-99
-99
-99
-99
-99
-99
-99
-99
-99
-99
-99
-99
-99
-99
-99
11.1096
9.07776
6.08688
13.5864
4.92768
12.70368
9.25632
12.01968
13.56624
13.90176
14.5584
14.50656
12.62592
13.22352
11.06928
15.24528
15.92064
16.24464
15.53616
15.40368
15.50448
9.8712
15.51744
15.16464
15.04944
11.39904
8.92656
8.6904
16.776
5.14944
15.0552
15.02496
8.02224
18.92736
18.63216
18.16848
18.4752
13.56912
12.4848
12.28608
16.17984
14.0328
15.6168
18.3384
1.91952
9.92016
13.68864
17.13168
17.42256
8.72064
13.2336
19.48752
17.11584
19.07856
14.94432
17.08992
13.45824
19.82736
19.52784
14.7672
11.74176
17.1288
18.39744
19.9008
17.85312
8.388
1.41696
7.47504
17.34912
15.1992
20.73456
18.50832
20.00304
20.06064
20.50992
6.43392
9.2808
19.7784
20.47824
19.87488
21.51072
20.76768
21.21408
21.132
14.34384
9.90576
14.12496
22.09104
19.73808
21.91104
21.96432
19.92096
20.0016
17.92224
19.13904
19.15632
11.44368
20.71728
21.5208
15.72192
19.91088
20.59056
21.02112
21.78
21.94704
20.32272
19.29456
19.79856
20.55024
20.57328
15.25968
12.57408
15.30864
15.10272
13.51296
10.11456
10.8936
12.86784
15.54192
13.92192
17.2584
20.74032
10.62432
18.17568
18.34128
20.3904
6.90336
16.8768
19.0296
19.7928
14.9832
20.50272
16.8624
19.32912
19.86624
17.7552
18.22032
20.7936
18.57024
18.03744
19.48752
11.35296
18.0072
17.93952
11.52432
18.09792
14.37984
18.06912
16.26624
17.99568
19.12176
17.14464
18.99504
16.78176
24.36048
23.89104
23.8608
23.84208
23.91552
23.08032
22.1688
21.78576
22.39488
21.88368
22.84128
22.59072
21.48624
18.25776
16.05168
11.56032
17.85456
22.44816
20.26512
6.372
15.6168
20.02608
16.65216
20.55312
18.68544
20.11824
8.52048
10.34352
20.9016
16.3944
14.17104
12.6144
15.10128
9.4104
16.8624
16.2576
8.05824
17.02944
15.30576
20.15712
18.72288
18.71424
18.0216
-99
13.35168
18.32688
18.48096
18.2016
17.54208
17.32752
6.14736
12.92544
16.87968
17.53056
14.11488
13.71168
4.95504
15.31152
10.52208
3.87936
13.41936
13.7736
12.47472
11.84832
16.8696
8.82864
16.09344
14.42448
15.40944
14.9832
10.91088
7.29648
10.476
8.90784
4.74336
5.84496
2.35008
4.82256
1.83024
12.36528
7.64784
6.75648
13.94064
13.54752
6.984
2.07216
4.34016
8.01216
10.07424
8.7768
1.90512
11.5704
11.35296
11.35872
11.41776
10.99296
6.68448
10.6272
7.67808
4.5216
4.38336
7.21584
4.52304
9.26352
6.09984
3.74976
4.89744
3.40416
8.79984
6.32592
4.51728
4.17456
1.72656
1.02672
7.11216
4.75776
6.23664
7.38864
6.31584
6.69456
4.87584
1.63872
6.15312
4.1544
3.12912
5.46768
5.8392
4.53744
5.9904
5.8752
6.228
6.53616
6.4584
6.08112
3.12624
5.0256
6.33024
3.49488
2.66112
4.30416
5.36544
2.37888
6.14736
6.17328
5.59296
6.11712
6.012
5.1984
1.09152
3.05136
5.74128
6.30576
3.50496
6.38496
6.66864
6.60384
6.50448
6.47568
4.92048
5.38272
4.02336
6.32736
5.32512
3.99024
4.74624
6.05808
6.95808
6.76512
6.52896
4.6872
3.48048
3.77136
7.29216
7.30368
6.75504
2.60208
6.07968
6.94368
6.87456
8.3736
8.26128
1.22832
5.90112
7.27776
3.44448
6.63264
3.78432
4.92192
1.42704
6.02784
5.688
8.84016
9.35424
8.97984
9.29376
9.0504
6.13296
8.88336
5.28624
9.00864
7.20864
9.74448
1.63872
3.94416
10.42416
10.64592
1.16496
1.63008
2.05344
7.66512
11.55024
6.61392
11.92752
11.81088
11.04336
9.86832
2.51568
10.37952
12.79728
10.36224
12.75984
3.8232
5.72112
3.98304
2.5704
6.61248
9.38448
11.71152
7.68096
7.90848
10.97712
12.78864
8.64144
14.41008
14.89248
10.44432
14.67936
13.20768
2.44224
7.82496
1.08864
6.77376
10.8936
15.12288
12.42576
16.44768
15.58656
15.39936
15.7248
15.76512
1.53936
16.00704
15.37344
16.29792
12.56976
17.44992
6.84144
16.524
1.88928
16.02576
12.492
18.91728
13.56624
18.54
1.84032
18.4608
18.95328
19.12752
18.29808
18.50688
11.4048
5.1696
12.84336
12.63312
9.10368
0.65952
10.50336
15.93072
19.52784
20.86128
20.96496
19.66752
12.4272
2.96352
10.22832
20.48544
17.63568
19.55376
20.06064
19.0512
16.128
18.29808
20.93472
20.22048
11.65104
19.5912
17.37792
16.812
15.78384
18.98352
18.52416
17.74944
12.53664
17.05248
19.63296
16.1064
21.51792
19.872
20.42496
20.47248
19.21968
19.77696
19.91376
19.77408
18.60912
16.9776
13.58064
15.80832
11.85264
16.1064
21.13344
21.1896
10.44288
16.3368
18.2016
18.31968
19.548
18.76896
18.40608
19.33344
20.60784
18.52992
19.7928
19.69488
19.4112
16.33968
5.6448
19.64448
14.65776
12.48768
19.50192
20.90592
20.28096
14.9184
7.7832
13.73328
21.20544
16.29216
20.20896
17.86176
15.50016
18.1944
17.90208
14.12928
14.19984
18.91152
14.22
16.51968
18.47952
17.856
19.11168
18.16128
12.12336
17.87472
18.76032
17.47872
11.90016
15.9552
16.17408
18.78192
12.99312
16.20144
17.09856
16.4016
17.4096
18.33696
17.19216
17.52336
16.94016
16.87824
13.9824
10.6488
17.29872
16.68528
14.71248
16.56432
12.48336
8.47872
11.65968
12.6432
16.48368
11.56032
10.65312
9.05472
13.8672
4.63536
12.70224
8.1864
10.06704
11.81808
8.82144
12.41136
10.15344
7.0704
13.11984
12.66048
12.1752
10.52064
8.55648
9.36288
11.93328
14.83632
14.77728
14.21856
13.07952
12.53664
11.01744
14.66928
15.52752
14.89824
15.10416
15.04944
14.47776
14.2776
14.31504
13.72896
13.67856
13.2192
13.3416
12.78
11.75904
7.46928
10.03824
10.86768
11.07648
12.99024
11.26656
9.80928
13.07376
11.21472
4.40496
9.49968
11.5776
6.1488
8.69184
9.72
7.72848
10.0152
10.63584
9.44352
5.84208
9.82656
2.85696
8.63424
10.28736
9.3384
9.828
5.61024
9.83808
6.90192
6.44544
3.40992
8.2224
8.496
8.57088
8.63856
7.78032
7.50096
2.0664
8.69184
8.82864
7.96752
8.16192
8.07264
7.92288
7.68816
7.22304
5.98896
5.89104
6.73488
7.3152
6.63984
4.6008
6.99984
4.69584
5.22576
7.38432
4.30128
6.89328
3.4632
3.28608
2.84544
4.28976
2.13696
4.5504
1.31328
5.06592
6.79392
4.37184
6.1056
3.86208
5.27616
5.73696
5.80608
6.67872
5.30064
6.552
5.0256
6.1704
6.61824
6.7176
2.22768
5.2056
6.2712
2.67696
6.47712
6.38208
6.70176
6.71328
6.61392
6.68016
6.9408
6.17328
6.98832
7.03728
6.22512
7.16688
2.40048
7.27776
6.74784
7.0488
7.4088
4.0896
2.72448
6.80688
6.6168
7.776
5.67072
8.25408
8.15904
8.17344
7.4592
9.08208
9.17136
8.9568
6.88032
9.05904
9.5544
9.2016
9.20736
8.94528
9.58464
8.90928
8.43552
4.4496
8.2584
8.24544
7.05456
9.64368
9.8568
9.28656
10.64592
10.90512
10.89504
11.21184
10.93536
11.07936
10.76544
10.17504
12.28464
5.0832
9.6264
7.5096
5.14656
11.63952
12.96432
4.13136
6.2712
5.22432
11.89872
10.15488
13.51296
9.13968
14.78016
14.21568
14.08608
13.59216
4.62672
13.33584
13.73184
6.16464
4.09104
6.43248
12.8448
15.6744
15.59232
13.72896
3.63168
5.76432
7.76592
14.55264
3.78288
7.40448
16.39008
11.54736
15.30288
16.00416
17.29296
16.38864
3.82464
15.23376
15.65568
8.35488
16.29648
14.96448
10.35792
19.76688
18.2016
17.2944
18.11952
18.43632
10.5192
-99
-99
-99
-99
10.81296
13.96368
6.52464
13.06512
12.56256
12.24
21.13344
20.97216
20.91456
21.31056
20.43504
20.44368
18.73584
6.60672
18.01728
12.51792
19.67184
21.71808
21.56832
21.29472
15.12144
14.43888
18.23328
18.52272
16.23744
21.19536
20.16432
17.96976
8.49888
22.67712
22.50864
21.14928
17.42544
18.50112
22.96656
21.96576
23.1192
21.56832
-99
-99
-99
10.34208
13.47408
13.47408
21.5352
20.40336
19.63728
17.676
22.78944
21.636
13.248
0
20.98224
18.94752
10.19952
8.33904
15.30576
19.70784
20.53296
22.13136
22.80528
22.35888
20.1312
20.40192
-99
-99
-99
21.53376
20.53584
15.26832
9.93456
21.68784
21.46464
18.43344
20.81088
-99
9.98208
22.52016
22.36464
15.80256
10.8504
-99
19.6704
22.644
0
-99
-99
-99
-99
15.63696
19.98
21.64896
20.04336
20.51712
19.5624
18.88416
17.2872
16.36416
19.07712
14.87376
19.01376
17.748
14.5872
19.77696
7.37568
19.78272
21.85344
21.26448
20.95056
19.98432
20.30256
11.19024
12.37824
11.63376
12.492
19.94688
19.74528
19.24992
16.28496
11.35008
12.37824
9.18288
7.45632
0
19.60704
19.26144
18.85536
-99
17.1576
15.96096
6.52176
9.29232
16.8912
16.68528
16.85232
13.85856
17.17344
17.35344
15.2568
10.7352
7.06032
0.89136
13.2768
16.07184
15.93792
7.73712
-99
-99
-99
-99
-99
-99
-99
6.48432
15.45552
15.43824
14.8176
10.05984
-99
-99
12.33648
12.34224
11.82096
11.20896
12.52512
12.69504
13.92912
12.51648
13.56336
9.92736
2.3544
11.988
-99
11.22336
5.40288
0.73296
5.35104
1.99296
1.45728
8.42256
10.01952
9.85824
2.90304
10.03104
10.19088
-99
-99
5.02992
10.5552
8.62992
8.4168
-99
-99
-99
8.38368
2.89872
7.21728
8.33328
-99
-99
-99
-99
-99
6.92784
1.86768
2.55312
1.26144
2.3904
3.58992
5.05872
5.76432
0
8.47584
7.98336
-99
-99
-99
-99
-99
-99
-99
-99
-99
7.44912
6.876
-99
-99
-99
-99
4.04928
6.37632
7.18992
7.19856
2.45376
7.09632
7.22592
6.95808
2.23632
2.93184
6.44688
6.57504
6.83712
6.56928
3.15936
5.74848
6.72048
6.69168
6.66
7.00416
4.56768
6.69024
6.18048
1.94832
6.50592
6.71184
2.95488
3.27168
6.82272
6.92496
7.1424
7.10496
2.01024
2.80656
1.41552
2.94624
4.73904
5.01696
7.14816
7.13088
0.21456
-99
-99
-99
-99
-99
-99
-99
-99
-99
-99
-99
-99
-99
-99
-99
-99
0.6264
4.31712
9.39168
8.6832
7.44048
5.26608
8.90496
6.11136
9.46512
9.65952
8.8488
9.3024
7.93728
7.18128
8.68032
9.83088
8.51328
7.0632
11.25648
10.69344
5.34672
8.8344
11.4768
8.76816
8.352
4.824
12.3552
1.78416
12.37392
12.9888
12.21696
12.86208
11.60928
5.15376
3.39408
13.3056
13.1544
10.75104
9.21312
13.61232
13.74192
14.69088
1.26
12.564
8.74368
5.34528
3.60288
5.57424
8.69184
13.04928
13.59792
13.63968
13.33008
14.724
15.18624
13.33872
11.88144
17.10864
14.832
13.71888
15.79824
13.06512
17.2296
14.91552
14.8032
16.17696
6.2784
8.44128
13.23504
14.93568
14.0112
19.34208
17.3736
17.51904
12.68784
10.49616
14.32368
5.53248
18.19152
16.07616
12.57264
11.24352
17.30304
11.59344
17.30592
18.76752
17.424
12.62736
17.31744
20.41488
20.51424
17.94096
19.8
6.7536
9.66816
17.42832
20.06064
16.58304
16.83648
17.98848
9.648
19.80288
17.0784
16.82352
19.9224
19.97136
16.25472
17.29584
12.30912
13.2912
16.22448
20.78352
17.15472
16.776
23.29632
17.97264
21.43152
20.66544
22.53168
21.33216
20.14992
13.36896
23.62464
19.01232
22.98096
22.95792
22.48992
23.1984
21.276
21.89376
15.0552
11.78064
22.66992
23.1696
21.37536
21.48048
17.61984
14.47344
20.55888
19.24128
16.61616
10.7568
19.60704
17.54352
18.68256
19.88208
20.16288
21.49776
15.98832
16.19424
19.84176
17.81136
20.87712
21.57984
20.45376
19.67328
17.70336
20.2248
21.20544
19.71648
16.92288
20.25504
15.77376
17.58384
13.8528
19.61136
18.01008
18.14976
16.57728
19.46016
17.48736
18.88416
19.9944
19.05984
19.17648
13.13712
19.37088
19.83168
11.4048
17.50896
19.24992
18.62064
18.54864
18.23184
18.504
15.3576
19.97568
19.5912
18.864
19.78992
15.62688
19.67616
19.44
18.99504
19.62864
17.24976
13.9104
8.41536
14.5944
13.01616
16.27632
18.5616
18.1008
18.68688
17.11584
17.42832
10.41984
16.13376
18.28944
17.676
16.78896
17.71776
14.01264
16.51104
14.02416
7.91568
15.93072
15.56784
14.91264
12.57984
11.73168
14.46048
14.73696
15.09984
13.9896
13.25808
12.60576
4.42656
11.86128
10.68192
14.68224
12.37104
13.66848
13.45392
10.76688
6.85296
1.41264
11.82816
14.3064
14.16672
9.8784
13.34304
13.464
13.60224
14.14512
11.67408
13.35312
12.72672
14.02416
13.6224
12.94416
4.2624
8.92944
11.2392
8.18928
6.09984
9.56592
12.42864
9.28512
8.5968
8.57232
3.2112
9.61056
7.3368
10.91232
9.29376
3.66768
10.46448
7.69104
7.29648
9.16272
9.76896
8.58816
9.8568
8.35056
7.18992
0.756
2.83968
3.81744
5.52816
9.58176
3.66192
5.76288
8.56368
8.32032
5.508
6.21648
8.62992
8.77248
7.13088
4.80528
3.48768
7.90992
8.11728
6.87168
5.55696
7.25616
7.3512
6.91488
3.31056
4.69872
7.1928
2.3328
3.16656
7.32096
7.03296
3.84624
6.67728
7.1712
6.57072
0.52704
5.53248
3.78288
7.70688
5.5872
7.32816
6.00912
3.6504
7.25184
2.59632
6.81552
6.17184
1.08864
7.48224
3.64464
7.35408
2.47536
4.1112
3.77712
7.78896
7.64496
7.40448
7.59312
7.44336
6.79968
7.00272
-99
-99
-99
-99
-99
-99
-99
-99
-99
-99
-99
-99
-99
-99
-99
-99
-99
-99
-99
-99
-99
-99
-99
-99
-99
-99
-99
-99
-99
-99
-99
-99
-99
-99
-99
-99
-99
-99
-99
-99
-99
-99
-99
-99
-99
-99
-99
-99
-99
-99
-99
-99
-99
-99
-99
-99
-99
-99
-99
-99
-99
-99
-99
-99
-99
-99
-99
-99
-99
-99
-99
-99
-99
-99
-99
-99
-99
-99
-99
-99
-99
-99
-99
-99
-99
-99
-99
-99
-99
-99
-99
-99
-99
-99
-99
-99
-99
-99
-99
-99
-99
-99
-99
-99
-99
-99
-99
-99
-99
-99
-99
-99
-99
-99
-99
-99
-99
-99
-99
-99
-99
-99
-99
-99
-99
-99
-99
-99
-99
-99
-99
-99
-99
-99
-99
-99
-99
-99
-99
-99
-99
-99
-99
-99
-99
-99
-99
-99
-99
-99
-99
-99
-99
-99
-99
-99
-99
-99
-99
-99
-99
-99
-99
-99
-99
-99
-99
-99
-99
-99
-99
-99
-99
-99
-99
-99
-99
-99
-99
-99
-99
-99
-99
-99
-99
-99
-99
-99
-99
-99
-99
-99
-99
-99
-99
-99
-99
-99
-99
-99
-99
-99
-99
-99
-99
-99
-99
-99
-99
-99
-99
-99
-99
-99
-99
-99
-99
-99
-99
-99
-99
-99
-99
-99
-99
-99
-99
-99
-99
-99
-99
-99
-99
-99
-99
-99
-99
-99
-99
-99
-99
-99
-99
-99
-99
-99
-99
-99
-99
-99
-99
-99
-99
-99
-99
-99
-99
-99
-99
-99
-99
-99
-99
-99
-99
-99
-99
-99
-99
-99
-99
-99
-99
-99
-99
-99
-99
-99
-99
-99
-99
-99
-99
-99
-99
-99
-99
-99
-99
-99
-99
-99
-99
-99
-99
-99
-99
-99
-99
-99
-99
-99
-99
-99
-99
-99
-99
-99
-99
-99
-99
-99
-99
-99
-99
-99
-99
-99
-99
-99
-99
-99
-99
-99
-99
-99
-99
-99
-99
-99
-99
-99
-99
-99
-99
-99
-99
-99
-99
-99
-99
-99
-99
-99
-99
-99
-99
-99
-99
-99
-99
-99
-99
1.84896
1.81728
2.32272
4.72752
7.4448
7.69968
4.55184
7.60032
7.70688
7.42896
7.59168
7.61328
7.8768
5.30208
1.40688
6.68304
5.67072
7.16976
6.1128
2.79936
6.33168
3.0312
5.40432
8.39232
8.03232
3.27168
6.3648
4.4784
7.83936
8.3376
8.57088
8.75088
8.7768
7.50384
9.06912
6.92784
8.94672
8.72784
9.60624
10.008
9.4968
9.3744
10.05552
6.34896
8.08704
5.7888
9.84528
10.45008
10.91664
10.99728
11.22768
11.58768
11.56464
10.5984
10.4544
8.14608
6.35472
11.01024
9.72864
7.07616
2.52288
2.2464
3.19824
9.81792
12.7368
9.60912
7.08768
3.0168
9.42768
8.66304
4.46256
11.27232
11.29104
14.95872
12.1896
16.35408
15.94944
16.36272
12.4488
15.62976
12.90816
9.00432
14.93568
12.74112
14.63616
11.53728
6.25248
15.41808
14.58288
14.87808
15.68016
18.34848
15.92208
8.92368
16.91856
18.11088
19.3104
13.464
6.24528
9.60624
16.32672
15.948
18.70272
21.06144
17.82288
19.42992
10.49904
18.37296
19.40688
3.92544
15.53472
6.90768
15.64128
13.95648
19.55088
20.79216
20.61216
21.28896
18.74736
14.79456
9.48384
18.0144
5.87952
15.87312
22.35744
20.952
21.48336
21.05856
21.8592
19.01952
4.59216
21.11904
22.90176
22.55616
21.30336
22.2624
22.65552
18.99936
21.48048
21.06288
14.79888
1.8648
1.55952
20.06208
11.46528
22.68576
9.34416
17.58528
18.2952
6.92928
22.03632
7.14384
21.87216
23.72688
20.60928
13.57056
18.89568
3.40848
13.78224
7.07328
16.85664
24.1992
23.65488
6.14448
19.22544
22.33296
20.96352
24.33456
19.87488
23.58576
23.16528
22.48416
14.65776
9.75744
21.04416
10.76112
24.6312
21.93552
8.60256
15.36768
17.42688
24.56208
22.64544
24.4584
24.6816
25.13088
20.83536
16.6248
23.34672
23.12208
20.9016
23.94432
23.6016
22.33584
22.58352
17.78256
20.5272
23.60592
22.35312
16.48512
19.73232
19.04112
14.6376
20.88864
22.4208
14.8752
24.30432
23.40576
23.52528
16.55136
19.1232
23.53968
22.92768
17.13744
20.33424
23.23152
19.66032
19.66176
17.39376
22.00752
21.5928
20.62656
21.25584
22.1184
22.03056
20.88144
21.6936
21.87504
21.00816
19.28592
19.944
15.32448
21.2976
18.288
19.68768
14.53536
21.07008
16.36704
7.70256
21.28608
15.70176
19.32192
19.3464
19.15632
12.28176
10.98864
12.36672
2.53728
18.82944
14.26896
13.8168
18.7488
18.80784
19.11744
18.36864
15.16608
17.7624
14.89824
15.768
14.74128
13.87152
9.07776
17.83296
17.23392
9.25056
13.29408
13.61088
14.03136
14.8032
16.90992
16.71696
16.29216
7.80336
7.76304
10.59984
14.27904
9.37152
1.61712
2.99376
11.50128
15.37056
8.25408
14.89104
14.62608
14.47632
14.076
14.17824
12.81888
13.74624
12.78864
13.91616
13.38048
11.73456
9.3672
4.15008
12.76704
9.12096
3.492
7.32528
8.3592
10.85328
10.53936
10.10736
2.14416
9.06768
8.1864
10.29168
2.5272
2.96928
9.84528
9.83088
10.5552
10.24992
0.55152
1.49904
9.22752
4.8456
5.23584
4.31856
9.86976
9.77184
5.88528
6.20496
7.92432
6.04944
8.4096
7.8048
5.4288
3.61008
8.84592
8.74368
8.41824
8.37504
8.33472
4.58928
7.73568
7.81632
7.85376
7.57584
7.6968
6.52896
7.47504
7.37424
4.46688
6.79248
4.78656
4.35168
7.4304
6.70752
4.56192
4.11408
5.9472
3.55968
4.16016
1.43712
1.53792
4.97952
6.9408
6.5808
5.51664
6.42528
4.6224
3.1968
5.68656
6.12144
6.05232
5.8248
6.64848
6.83568
5.39568
6.34032
6.94944
2.808
2.19456
1.73232
1.044
3.3048
4.68576
4.49712
1.90944
1.96704
4.32288
7.12512
3.8664
6.53904
4.01472
3.49488
5.90688
7.28208
7.6536
6.2856
7.42896
7.54272
6.60816
6.54048
7.42464
5.96592
6.25824
4.37616
4.46832
4.61232
8.78688
7.5168
5.832
9.00432
7.91136
5.42016
7.64928
1.35792
2.39328
6.32736
9.17424
9.55728
6.05376
6.38784
7.90128
8.42256
8.53776
8.04816
9.5112
3.90384
9.68256
10.72224
2.63088
4.79376
10.94832
11.21616
11.41344
9.54144
10.58256
11.7
12.26736
12.0744
7.36272
11.9664
12.57552
4.55904
5.47056
9.43776
5.71104
4.47264
7.67808
-99
-99
-99
-99
10.91088
11.484
15.20496
15.51456
15.264
15.3288
15.73056
16.38432
16.50384
16.56432
16.85952
12.35952
15.6672
17.20512
16.59888
17.424
17.39376
16.47792
3.38544
9.22176
4.20624
4.19472
5.87808
5.73984
11.90016
17.13456
12.4056
15.93792
2.95776
3.28464
19.65024
6.1344
20.09376
11.05056
18.19584
18
17.0784
18.66816
19.41696
15.36768
17.61264
19.37664
18.58608
19.39968
21.72528
20.62656
18.6048
15.2352
20.6496
18.38736
18.12528
17.01072
17.48016
22.98096
22.60224
20.4192
22.74912
23.05008
21.50208
19.15488
14.95584
15.94656
14.52384
21.07872
10.22688
8.4672
23.66064
23.2272
21.2256
22.60512
23.43456
19.15776
21.06144
8.6328
9.46368
14.16672
15.07392
23.1408
23.36256
23.64192
24.06528
24.4008
20.32992
23.89536
24.264
22.69728
19.21968
7.24464
21.22128
20.55024
13.5072
23.41584
22.8096
23.80032
23.51808
22.4352
19.28736
16.78608
21.4272
23.7096
20.9808
17.25552
18.7128
24.48576
24.54912
14.70528
18.35424
22.07376
23.28624
23.436
23.25168
22.57776
22.68432
22.84848
22.14576
21.92544
23.84352
22.95648
20.51712
11.84112
3.5928
4.5
16.48944
11.5272
22.33152
23.23728
17.52048
20.21328
20.76768
20.62224
24.35184
22.9536
21.63024
20.58048
19.5408
21.48192
22.6008
22.8024
22.34736
20.9232
22.15872
21.43152
21.76992
18.23472
14.82624
20.6424
16.89984
16.2432
21.31776
20.69568
17.4024
17.86608
16.40592
16.95888
20.25648
20.14128
20.4552
20.196
20.47968
20.60064
20.4552
19.4616
20.7504
20.10384
19.41408
18.18432
19.46592
19.00368
7.53264
17.23392
19.06128
17.99712
17.55072
16.74144
12.6432
16.66224
14.17104
14.41728
17.3808
7.44048
8.55504
17.31456
17.86032
17.77968
17.07408
15.6672
11.83824
11.13408
13.59504
3.34944
16.4448
10.92096
15.61536
13.59936
15.93936
14.9256
9.1224
15.22224
15.24384
15.1704
14.36832
14.24736
6.0264
9.396
10.26576
13.15008
14.26752
14.32224
13.51872
12.86064
13.032
11.17152
10.85472
12.89088
11.27664
13.42656
12.8376
13.41216
11.88576
11.17584
11.12544
12.55968
9.71136
5.19552
3.7008
7.8768
1.09008
11.0448
10.89648
8.03232
10.03824
8.62704
7.15968
9.49824
10.00368
7.48224
7.2504
7.97616
10.41264
9.57744
9.27504
10.06128
7.40304
8.69904
9.17568
7.32384
5.77584
8.57664
6.8184
6.94368
7.9704
8.63568
5.38848
6.18192
4.34448
6.69168
4.02336
6.33312
8.16048
8.06544
7.72416
7.01424
4.07952
8.13168
1.34496
5.67936
8.26416
6.41664
4.72896
4.9608
7.29936
6.72624
5.5656
7.06464
7.2288
7.31376
7.31376
2.41488
1.39392
0.7848
2.76912
4.08528
3.02976
6.2928
7.61904
7.704
0.53568
1.152
0.75312
1.05264
6.97104
1.88928
7.3512
2.44512
2.9592
5.25024
5.00976
7.2216
4.10688
6.81264
2.27232
0.80928
7.884
1.06848
1.0584
5.57856
7.92432
7.11792
3.89088
7.4736
3.70224
8.37504
6.0048
1.58976
1.476
1.72944
8.35776
8.36784
8.604
3.924
3.52512
1.1016
9.29376
7.72416
9.58032
8.316
9.63648
8.58096
10.23696
9.55296
10.44
2.06784
10.14336
10.89504
10.63584
1.36656
3.47328
11.59776
12.30768
11.18592
9.58032
11.8584
2.74896
5.91984
5.84064
10.10736
7.40592
13.0104
2.9448
4.60512
9.5256
13.06512
5.93136
12.94128
2.39472
7.70256
13.98528
10.24128
1.32624
13.37904
8.46144
14.49216
4.71024
2.85552
15.6888
14.16672
13.82112
14.32224
15.03504
15.98112
16.15536
16.33104
16.6824
12.11184
9.90288
10.06992
3.94704
6.22512
9.25056
8.62128
5.77296
18.22896
18.468
16.05744
10.01808
15.94944
17.21232
16.12656
18.60336
16.81632
18.42048
17.7048
15.72048
2.34144
18.81072
17.70192
19.86912
20.07648
4.63248
10.69056
6.14448
11.34432
8.23968
7.57872
7.77024
19.68048
18.60768
18.44784
1.96992
0.11232
-99
-99
0.85536
14.56128
21.98592
19.82448
18.99792
11.81664
19.02528
2.65536
6.06096
19.20672
21.16512
17.7984
22.95504
10.92096
22.00032
21.21984
18.13536
18.92016
7.416
21.9384
24.51456
24.21792
23.832
23.58288
23.68224
23.8176
23.04
23.15232
24.44832
23.14512
22.54752
19.00656
12.4992
24.20208
22.36752
21.94272
18.22608
18.57168
24.49008
23.89968
23.63328
7.70112
23.03568
19.73664
8.03232
19.79424
10.03104
23.3496
23.81616
13.12416
20.31696
23.21712
24.00624
23.9616
19.73664
24.56496
25.53984
24.54048
24.8616
24.49296
23.40864
20.29536
23.6664
23.10336
22.86576
23.48784
23.71104
22.98096
21.77568
20.24496
23.3136
24.1272
23.48928
22.21632
20.59488
22.37616
22.63392
20.56896
22.96368
21.96144
22.32288
21.15072
22.28688
22.91184
19.16352
20.19744
19.65744
4.81968
17.2008
24.10848
23.03136
23.2704
22.94928
22.97808
19.5912
21.5928
21.18528
19.68336
17.97264
15.78672
22.17024
22.37904
20.71008
21.63312
19.10592
17.95824
17.27856
17.91648
16.97184
6.40512
20.34
16.9056
10.68624
18.69696
20.22048
6.62112
20.27088
20.23056
20.49696
17.5824
19.37808
19.65312
17.46144
19.75968
19.85616
19.3896
17.80848
17.53776
6.00192
10.70496
18.23616
17.68032
18.05184
15.48288
14.48928
19.06416
18.67824
17.73072
16.51104
17.63712
17.70624
16.992
14.90544
8.72064
5.1192
7.93584
17.01504
6.02352
12.73392
15.55632
9.20304
13.14
16.3584
14.36112
15.53184
14.87808
15.50592
13.35744
13.21776
11.93904
12.33216
14.61456
14.89968
14.04288
12.26304
9.22464
10.2744
4.53024
13.07088
3.11904
5.8392
13.16016
13.0896
13.0464
13.25952
13.41792
13.05216
12.76128
11.47536
10.24704
10.48752
10.08288
12.2976
11.89152
11.34432
8.6472
7.62336
5.52096
7.416
4.0968
10.27008
10.0728
10.17648
10.1088
9.89856
6.0264
3.14928
9.2088
9.85248
9.51552
9.31536
8.99712
8.36208
7.87968
9.48672
4.356
9.2088
2.7072
3.6792
6.18336
7.3296
8.41968
8.31888
8.2728
8.61984
7.8048
7.33824
2.11392
2.64816
7.90416
6.048
7.56576
7.91424
2.8152
4.27248
3.64896
5.69808
5.07456
7.47216
7.54128
5.69808
2.65824
6.03936
7.68816
7.76592
6.89472
6.16752
4.73904
5.48064
0.432
1.89504
3.9888
7.64928
7.89984
8.06544
7.36128
6.804
6.28848
2.43072
3.45456
2.90592
7.18848
7.61616
7.06176
4.74336
3.70368
6.65136
7.5816
6.44976
7.65072
7.52832
7.15392
7.97472
8.0064
8.1216
1.2168
-99
7.4376
6.02784
5.16096
9.31104
9.03312
9.10224
8.94384
9.02304
8.85744
1.97712
2.77056
8.5824
6.20928
5.92128
10.05984
10.67616
9.50976
10.33344
10.3032
10.71216
8.69184
8.26704
9.16128
7.56
6.24672
10.3176
9.54432
7.77024
2.40912
11.57328
7.70976
12.51936
8.9928
12.25584
9.2592
10.62432
10.82016
11.90016
12.95568
6.8256
12.55248
8.26704
14.38128
10.96128
2.01024
10.20384
14.70672
14.57856
14.91552
9.65952
7.50672
14.81328
10.2384
0.94464
15.552
5.02416
3.07584
9.61488
12.66768
16.94448
16.72128
16.16544
16.15536
11.3544
17.60256
15.74496
16.67808
6.92064
16.3152
17.52912
15.1704
14.89824
17.71632
18.468
18.49392
9.0936
16.35264
18.26064
16.83504
19.82736
19.8072
18.86688
18.73296
19.1376
19.4688
14.65776
14.26608
19.37808
19.26576
20.75184
21.18384
12.04704
18.39024
15.34896
3.48768
18.27792
15.35616
7.06752
17.99568
21.25008
20.22912
13.75632
21.09744
20.95056
12.68928
21.32784
22.01328
19.52784
20.38032
6.89184
17.44416
17.43408
19.3968
22.9176
19.62288
21.31056
19.584
24.14736
23.8464
23.60736
21.72528
21.1896
22.17744
23.27184
23.9544
23.83488
23.73696
24.1488
21.80592
16.14528
15.63696
19.69488
17.91504
10.692
23.14944
15.07248
14.16672
20.70144
16.29936
23.05584
18.4032
19.83312
21.89808
12.39696
20.84112
22.824
13.60224
24.20928
24.08112
21.72672
22.84416
22.24656
18.48528
20.8512
21.43008
23.86368
23.68368
23.36688
23.24736
24.7032
24.25392
23.91264
21.83328
22.37328
23.82624
21.35088
18.08784
16.10928
23.31504
22.82256
23.7456
23.67648
20.76768
23.1984
22.89456
10.03392
23.9472
20.68128
23.35392
22.00464
17.88192
20.42208
23.82624
24.18192
23.12352
8.65152
19.14624
20.36592
21.7944
17.6328
18.96336
22.7808
11.75184
19.25856
20.952
16.87536
19.71792
20.8944
21.40704
15.94512
18.0864
11.9304
19.42992
22.6296
21.30768
20.3832
19.81584
18.79344
18.7416
20.42208
20.5848
20.38464
18.18288
20.06208
20.196
20.48112
18.74592
18.88128
17.17488
18.13824
17.69184
20.2824
16.58448
15.98112
18.252
15.24528
17.22528
14.24448
11.1456
17.57952
14.9472
18.32976
17.95248
17.9784
17.85168
17.3016
13.30848
17.54784
16.82064
17.16336
17.2224
16.69824
15.41664
9.0216
17.14176
16.93872
15.83856
16.02864
14.94288
10.25856
15.7896
15.63408
15.45696
15.21792
14.652
14.47776
14.688
15.01488
14.63184
14.54832
14.39424
6.732
12.04992
12.97296
14.11344
13.89456
13.788
13.71312
13.33296
11.04048
9.69552
12.492
10.68048
12.33216
10.2744
11.0088
4.69296
10.512
5.05872
4.96512
12.0672
10.21968
1.3464
2.84688
4.824
9.42912
8.11584
8.4384
6.75216
3.384
2.2968
6.17616
1.70208
8.77824
8.96688
9.6912
8.86608
8.98704
9.1368
7.0128
4.82688
1.66032
4.20336
4.65408
5.38704
3.5568
4.77936
4.4352
1.39968
8.14464
7.88256
8.06256
8.38224
6.14448
5.0832
7.42752
7.7328
6.63552
4.9032
6.52032
7.47216
7.26912
7.7328
7.50672
7.55712
5.1336
6.74352
6.16176
6.04368
6.46416
5.9472
6.19056
4.38192
7.46064
7.57872
7.15968
5.98176
4.20624
6.96528
7.3512
6.33312
7.41744
7.164
4.56912
7.37856
7.14096
7.26768
7.22304
7.32096
7.13376
7.31376
7.39872
3.04704
6.69888
7.74288
7.96464
7.89552
7.87248
7.11216
7.67232
8.10576
6.58512
7.34256
4.21488
5.56272
8.4672
8.24112
8.53344
8.71056
8.77248
8.90928
9.02448
8.75952
7.8912
1.06416
4.54464
9.64368
10.224
4.4784
1.34784
3.6288
10.28304
10.9584
3.55104
11.20608
11.52576
8.7768
11.1384
11.27664
12.04128
11.92896
11.52
10.17072
12.02112
12.18384
11.4912
12.09168
10.64592
12.95712
12.46608
12.69792
13.07664
12.64608
12.35952
13.19616
12.74976
13.37328
13.62672
11.97648
12.96864
12.92976
8.82432
14.76432
14.1768
14.79744
15.46272
14.49936
14.90112
15.43104
15.58656
15.64992
15.6024
13.76784
16.7616
15.51888
16.60032
16.92288
13.21488
1.67472
12.96432
16.47936
17.37072
17.67888
16.94304
16.78176
17.96688
18.04032
18.27648
17.91648
18.252
16.20288
11.3904
2.80368
10.73376
15.3144
18.81072
20.14416
18.14976
9.55728
18.73152
6.11424
10.548
10.82736
15.93792
20.32416
21.312
9.68976
16.53264
18.00432
17.56224
12.2832
17.64432
21.84192
15.88464
21.22272
8.62272
7.41024
22.7088
20.29104
22.85712
22.89024
22.35312
15.16464
18.20448
19.7496
22.94208
11.58192
23.04
22.94064
23.22432
21.77712
21.41568
19.7928
23.88096
18.77328
10.96416
16.54416
15.69888
12.91392
14.68368
12.79008
24.14016
22.95216
23.8896
18.49248
23.25168
22.7376
23.1552
21.44592
23.51664
23.62176
23.47056
14.44032
20.35008
22.83696
19.72224
20.8656
20.53152
20.43936
18.33696
16.73568
24.9048
22.90176
21.4488
24.82128
24.60384
24.06672
19.6488
11.412
23.44752
24.10992
23.81616
6.80688
0.41904
24.2712
21.01104
22.13568
21.5064
21.04704
19.03392
2.98512
24.09408
23.10192
22.95792
18.612
18.45504
15.77952
17.87904
22.28832
21.10464
21.50208
23.85792
22.44528
17.44416
18.95616
21.71808
23.83632
23.97024
23.5368
22.75488
16.55424
19.4976
18.93456
22.5936
22.54896
17.99136
17.49312
19.26
21.26304
16.24896
21.70512
21.7296
21.56976
22.05792
21.49776
19.67328
21.1392
21.23712
16.09344
20.6424
20.83968
19.0656
17.7192
20.63808
20.6136
20.2176
20.48688
19.53648
19.0512
15.66288
18.49536
18.24192
18.45216
18.39168
17.94816
18.51408
18.90288
14.3784
15.5016
15.57216
5.21856
18.23472
13.95216
19.476
18.88848
18.1944
17.172
17.60544
17.13456
13.05504
15.78816
15.02208
16.4736
15.22512
14.69376
17.32608
17.29008
16.88112
8.73648
7.22592
4.58208
3.23424
15.62976
15.37488
5.95728
15.18624
14.41584
9.0504
6.28128
5.68944
0.9936
14.98176
15.11568
14.62176
14.00256
14.3208
14.19264
13.82112
12.15072
10.04544
13.284
11.72016
5.36544
8.8992
11.52
11.69568
13.46256
11.18592
10.32336
8.35488
3.51648
4.66128
10.05984
7.51392
11.81952
11.10384
3.03552
7.28208
7.42896
12.09168
11.76336
4.80816
9.46512
10.80144
11.09664
4.85712
3.18672
10.224
4.9032
7.03584
9.70272
3.28752
6.76656
3.3912
9.6768
2.14848
3.05424
8.48448
5.60304
3.55392
2.16864
7.5888
8.68176
4.10688
6.10848
8.15904
5.97456
4.54032
3.74544
1.3608
2.28816
8.47728
8.31744
7.18272
8.352
7.76448
6.74496
7.89408
7.47504
7.55856
7.8912
7.80048
7.47648
7.06752
2.3976
4.7592
2.56176
5.42736
7.03584
5.72256
5.80752
3.53376
4.75488
4.42224
5.68512
7.3224
1.68768
3.132
6.62256
7.37424
7.21584
7.3224
7.21728
6.90912
5.01696
7.2432
4.60656
7.4736
7.68672
7.65504
7.06176
7.72128
7.31808
4.08672
8.172
7.04448
6.97536
4.1112
7.07904
3.86784
7.51968
3.53088
1.35216
6.34896
6.75072
5.82048
8.04384
7.53696
9.84816
8.39664
5.5872
9.92592
8.66736
8.58672
9.36288
9.73008
9.11376
10.80288
9.87552
9.79056
10.44288
11.32272
7.11936
11.11104
7.99488
4.4856
11.63952
11.76048
10.84608
11.46384
4.644
7.62768
2.21472
8.00928
11.95488
6.49584
1.7856
10.62144
12.89664
7.78464
12.05712
13.19328
2.9592
1.5336
13.41936
12.22704
6.80256
4.65408
7.91136
10.71792
13.70448
13.76208
14.49216
6.19056
14.59584
3.97008
14.88528
17.00496
8.2296
5.05152
15.81408
16.90128
15.08688
16.34976
11.76192
12.5208
12.1896
16.41744
11.61504
12.04416
16.30368
9.75888
17.92944
18.2016
14.59728
17.82576
18.36864
9.02736
7.01136
14.2704
17.68608
10.58976
19.65168
17.04672
17.33328
20.13984
20.4696
21.16656
18.4248
18.84384
20.7504
19.08288
16.58304
22.06224
21.04992
21.00672
21.47472
22.07232
3.37824
5.76864
7.36128
3.42144
1.2456
18.7992
22.8744
17.99424
22.98528
22.93776
22.65984
22.23216
20.02176
12.8016
16.91856
23.27904
21.88224
23.87232
23.4432
7.31952
7.9992
18.22608
22.92912
15.30576
14.06016
13.10256
19.4904
22.60944
24.51312
25.41312
25.15248
22.5072
20.45232
13.43232
22.43232
22.84992
19.81728
24.08688
22.8168
24.3216
23.74128
20.592
23.13936
18.59184
21.76992
14.17968
24.53616
23.1048
24.12144
22.54464
23.21568
23.8248
23.55408
20.19024
9.29952
22.85856
22.95936
20.97648
24.9552
22.67712
24.0336
24.6744
23.64912
22.78656
22.14576
24.11856
23.38128
24.01488
21.06288
20.80224
24.03504
23.3424
23.92272
23.6376
22.77648
22.9608
21.94704
17.06544
22.4784
20.94048
21.6
22.89024
22.64832
18.96336
17.00496
17.47872
21.24864
21.9528
21.76128
21.41136
21.024
21.61296
20.65824
20.74896
20.8152
23.5872
22.78224
22.55616
22.68576
19.87632
7.87824
20.89296
18.94032
20.05776
11.55168
22.6728
22.3272
21.70224
21.51648
20.12112
20.016
20.6064
19.70208
19.3032
16.47504
19.24128
19.51488
16.49376
19.63296
13.96368
18.66816
17.57808
14.5512
6.0984
19.368
10.01664
14.78016
13.96368
18.68544
18.91728
12.00528
18.9864
17.9784
18.72576
16.52976
3.15648
13.7808
17.76672
17.09856
4.55616
18.3096
17.77536
16.36992
15.50736
17.11152
15.16032
17.17776
16.33248
16.62048
16.31232
15.42384
16.15536
12.1032
14.9688
14.76144
13.356
8.71776
12.84336
10.48176
13.41216
12.59712
7.06176
7.29648
14.33232
14.0184
7.27344
13.90896
13.31712
13.32864
8.33472
10.24128
12.1824
11.55024
7.9416
12.67488
10.89072
4.32
8.86464
9.97632
10.82736
8.31024
11.1312
10.47744
9.19728
8.24256
11.06496
9.74304
2.16
9.50688
10.67472
10.15344
9.23616
10.3464
5.43888
4.33872
10.15488
9.65232
8.61264
8.1144
5.7456
9.51552
8.74224
7.78032
9.21168
9.49824
0.612
3.92832
3.43296
3.59712
8.34768
5.0112
9.03888
8.72208
5.9472
8.60112
8.4456
8.0064
8.23824
7.52544
2.88576
7.49952
2.07792
7.00848
8.01648
7.79472
7.8552
7.70544
6.12432
6.18192
7.13952
0.43056
7.0344
7.18848
6.67008
6.93648
2.74176
4.0392
6.64128
1.61136
3.78
5.62896
6.72336
5.43312
3.72384
1.70352
7.27488
6.64272
6.10704
7.27056
6.04224
5.22
6.19488
4.968
3.39552
3.1752
6.516
6.8976
7.14528
4.89744
5.64336
2.36448
2.53152
6.91488
1.47888
3.81744
3.636
1.1808
6.82992
2.3184
5.1768
7.15968
7.67664
1.82592
8.34624
7.73424
4.2264
7.72848
8.89488
6.73056
7.23744
9.52416
8.28288
2.52432
10.19376
7.00992
10.02384
6.66432
9.91872
10.3536
5.60448
4.42368
5.06448
6.04512
10.79568
10.7496
10.36512
-99
-99
10.65024
4.62096
10.28448
10.69056
6.01344
12.81888
12.77136
12.00384
9.46656
9.684
7.18992
9.8352
6.13008
12.89232
14.20704
13.5144
9.7128
13.72032
14.83776
15.03936
15.012
14.8176
12.15216
13.68288
15.00336
11.7
14.95728
15.81264
15.87168
15.00336
13.0392
10.152
10.24848
8.66016
17.78256
14.66352
8.60112
15.1632
17.52768
15.32736
11.84688
1.72224
14.3136
14.6808
5.11776
2.36448
16.91136
19.3032
19.19232
11.27088
17.32176
19.3392
19.0224
15.79536
16.0344
19.2096
19.45152
12.9024
20.0808
19.82304
20.05488
18.93456
12.02256
8.9496
17.55072
21.17232
19.24272
21.17808
15.43104
22.31424
18.42768
22.19904
19.1952
21.96864
21.95136
23.10336
23.05152
22.84848
17.39664
17.78256
19.72224
21.84768
21.08304
17.3088
8.30736
19.47888
23.94576
23.6304
23.76864
23.76864
11.08368
20.55168
12.59712
16.74144
20.79792
21.77856
9.53856
19.28592
17.2872
19.55088
8.6544
13.58928
14.82624
20.88288
24.4584
23.2704
18.18144
19.4976
23.51232
19.58112
22.80816
22.43664
21.132
18.89568
23.59296
17.72208
16.632
7.46352
22.72176
23.14224
17.0784
23.59728
23.38848
23.6952
23.47488
18.81504
22.78512
7.46064
20.2032
20.5416
22.30848
22.9896
21.62304
24.61824
17.94528
17.28432
10.24848
22.82112
24.00912
17.38224
12.73104
22.60944
23.15088
24.43392
24.25968
22.54608
23.49072
22.72608
23.10192
23.33232
22.63392
18.31968
18.74592
19.53072
23.35392
23.2776
23.09904
20.66976
18.91008
21.5496
21.87936
15.33456
19.12608
23.33808
22.44672
14.50512
13.94496
21.64176
19.82304
20.58192
20.18592
20.23488
18.62064
18.31248
20.6928
19.71648
12.56544
21.22272
18.13104
20.63088
10.89504
16.5744
14.9688
17.81712
9.92736
7.67088
8.95824
20.50272
18.84528
18.66672
19.79424
17.72352
19.02096
13.87008
17.74224
18.53712
17.64
18.43632
10.81296
12.12912
13.73328
14.70528
14.57712
14.49504
14.46624
17.20944
15.88752
13.85424
15.69456
11.36016
16.68528
14.9976
12.80448
13.57632
15.44112
14.35104
10.00368
1.81872
13.03344
14.02704
8.0784
14.48496
15.31296
3.2472
11.49552
2.64096
11.17296
14.4864
14.17968
13.77936
12.04704
10.34784
11.36016
13.71168
12.25296
10.62288
11.73888
10.22112
12.97872
4.0032
10.44144
11.60928
11.61648
12.49776
10.9944
11.65968
10.72656
11.81232
11.6784
11.29104
10.22832
10.60704
9.80352
6.51024
8.57952
9.0648
8.19072
5.63472
7.7832
8.7192
3.564
6.89904
10.20672
9.12816
3.27312
2.43792
8.36928
3.384
9.4392
8.99136
2.98944
8.90928
8.85312
7.23168
8.57808
8.37936
7.164
5.724
2.72592
4.83264
5.37984
5.60304
3.924
2.60352
5.2272
0.91296
0.99648
5.69376
6.09408
6.32448
1.04688
7.22448
6.1776
7.52544
6.0552
7.9776
7.60176
7.05888
6.21216
4.83264
3.4272
1.15344
7.01712
2.88
6.51456
7.06752
6.50448
7.23024
7.34544
6.89904
7.3584
6.87456
7.05168
2.6568
6.36048
7.52832
7.47072
7.56864
6.76368
7.3224
7.19856
7.33968
7.4736
7.40304
7.27776
7.7544
7.65936
7.55136
5.76576
7.90848
7.0992
7.59744
7.53264
3.28176
8.424
7.01856
2.66112
5.112
5.67792
7.6032
8.98272
8.06688
9.57168
7.14528
5.24736
8.60832
6.22656
3.4344
8.49168
9.96624
4.63968
7.26624
3.72672
8.68176
10.66176
10.1448
10.57536
10.49184
11.21904
5.45184
5.48352
11.0448
7.00416
3.91968
10.84176
3.52368
10.41408
11.45088
11.484
6.43392
13.35168
7.1712
13.50576
10.38096
11.94192
11.98368
11.06064
9.9936
8.5824
12.86784
9.61632
14.8896
13.99824
14.21856
13.43664
11.96208
14.6232
14.1696
13.63248
12.8088
14.4432
15.56064
13.46112
16.21728
8.68752
14.26752
7.42176
4.9824
5.976
9.24048
5.60016
11.13264
17.87616
17.9784
17.53344
12.86928
14.64912
18.32256
18.17712
18.47376
16.10928
18.64656
17.60976
15.72912
17.8056
20.19168
20.268
18.1656
17.6112
17.37072
19.65456
20.09664
11.46528
15.1344
17.29008
18.55584
16.75008
20.30832
20.5632
11.06064
20.47536
15.9336
12.93264
12.91968
17.37648
21.65472
16.08624
20.08512
15.10992
19.88496
19.94976
6.86736
14.1624
22.46544
19.58112
17.30304
22.53888
22.8816
21.7656
23.2992
19.22112
14.0328
23.84208
23.72112
23.9544
23.44896
6.24816
18.04176
24.47424
24.82992
21.996
18.28368
19.72368
24.39792
24.58944
24.50448
22.72464
22.98816
23.8608
23.84784
22.5576
20.89872
24.66288
25.04304
24.6888
24.77808
21.2976
18.86688
16.86096
14.66064
23.56848
11.01456
21.83472
18.03744
11.52432
24.50304
24.85872
24.44688
24.63696
23.73264
21.34656
21.2184
24.1272
23.90112
24.28704
23.27328
24.12432
23.78592
22.75488
22.5792
12.91536
22.87152
22.3056
22.71744
22.85136
22.37184
21.66192
23.8824
22.87872
22.0248
22.43376
23.3424
22.74912
22.25664
21.20688
20.87712
21.16368
20.70576
20.54592
20.75184
22.11552
22.04928
17.31168
11.76192
18.54288
15.51312
15.64416
19.77552
7.53984
5.62176
19.59984
22.25232
19.90368
20.0664
21.37536
21.27888
19.3032
9.12096
18.2016
21.84624
19.97856
15.82128
19.24992
15.7608
12.65184
21.52512
12.88944
8.27568
18.41616
19.47312
17.52912
13.89024
19.02816
18.93168
18.54576
17.43984
19.0872
19.13472
19.38816
18.60624
15.52032
17.65296
7.3944
11.6496
4.2336
17.88768
15.57648
14.724
13.1328
16.84656
6.41376
6.48432
12.90528
14.7456
13.17312
13.34592
16.0056
16.73568
16.1208
16.35264
17.064
16.5312
15.93216
13.25088
14.43888
15.18192
14.30928
8.65872
15.02208
8.36928
4.21056
7.99488
14.35968
4.71456
7.10496
7.68528
13.18176
10.54368
13.10832
13.15008
12.18816
11.99664
11.21328
2.61648
12.10032
13.10256
11.9592
4.75056
7.77744
3.30048
2.48112
10.37088
11.95632
11.3184
3.70944
7.1064
7.46208
8.34048
11.44368
9.93168
9.36864
10.73376
6.02352
1.0944
7.74288
9.40896
9.60912
9.52128
8.08416
4.06512
7.9704
9.42336
9.09648
4.93344
5.70672
8.8056
9.19008
9.26352
8.80416
8.54496
7.68672
7.60752
7.03584
5.472
8.47008
8.48592
7.65072
7.4952
7.60608
7.64496
7.59744
7.62048
7.596
6.00192
6.64416
6.66432
3.80448
1.80144
4.53744
5.97312
6.11136
6.47568
4.48704
4.01904
6.77088
3.53808
5.57856
6.55632
5.56416
5.70672
2.5488
1.2816
6.45408
6.46416
4.15296
3.15648
6.24384
6.696
6.63696
4.68432
5.27904
7.06176
5.18832
4.34016
4.74768
4.0248
2.1312
6.44832
6.1992
5.17104
7.13088
4.50432
4.72032
5.03424
7.58448
7.46784
2.76624
5.31792
8.5104
7.55568
6.93936
7.93152
6.66288
8.04096
4.59648
6.93792
1.78704
4.8528
6.25104
8.46864
7.58016
4.60512
8.51904
6.87024
9.50688
8.33184
9.2448
9.94464
9.8784
3.09168
10.35072
10.38672
7.65216
6.26112
3.94272
5.71968
7.7184
10.05696
11.64384
12.25296
12.36384
5.54112
11.99808
12.5064
10.23264
9.55296
12.43584
10.60848
9.75456
8.41248
6.58224
9.76608
11.70432
13.53024
11.90304
13.68288
13.13136
14.79888
15.08976
13.5936
14.0328
5.1696
15.74064
15.72624
15.66576
15.43968
5.45328
5.03136
8.928
14.53536
7.02288
7.50096
14.03136
14.00688
10.69488
15.86592
17.532
13.76496
16.17408
10.91664
10.1376
16.99344
13.32864
15.56208
12.14064
13.82112
13.61088
10.47456
4.26672
17.3088
19.45152
18.60336
19.80864
13.87008
19.2672
17.1648
20.41056
20.74176
15.85728
19.90656
19.2024
20.8152
16.98336
13.41936
17.33184
9.84672
20.48688
22.29408
21.12048
22.02768
6.55344
4.04208
18.78336
16.91136
23.71104
23.45616
23.02704
23.30784
14.31936
10.8648
8.41104
6.1056
6.05232
8.8416
18.42624
17.064
20.48688
21.11472
23.55264
23.78448
21.8448
20.89008
22.26096
23.79456
22.51152
17.3736
23.148
21.89952
16.76304
20.78496
21.97728
19.65744
24.1848
22.78656
18.53856
24.78096
24.5016
21.48768
12.46032
23.70672
18.648
23.71248
23.48784
21.53952
22.2192
18.45072
17.1216
22.9896
24.61392
18.94176
19.7928
24.3432
18.01008
25.50816
23.99328
24.3576
24.7608
24.99984
24.19056
23.1696
23.13792
24.11856
22.77792
14.43744
22.98672
23.59296
22.86576
18.03456
22.61232
22.92336
22.10544
19.75968
19.0872
23.29056
23.30352
20.83248
18.6408
23.77584
24.44688
23.17824
23.83776
24.04368
24.46416
23.95296
15.89184
19.21248
20.2896
23.05728
23.28336
23.12784
22.8816
21.36384
21.50928
21.02112
21.01392
20.7072
21.456
20.74608
21.74544
19.92528
18.45648
22.22784
20.60208
22.1904
19.71216
15.4296
21.69648
21.24
21.52512
21.3408
21.42288
12.1752
14.79024
18.12528
19.66752
16.27488
19.3536
20.41056
20.23344
20.49696
20.13696
19.99872
18.58752
17.84592
4.65408
5.72112
15.39648
18.02016
17.63712
17.37792
15.64272
17.7048
18.05904
17.54208
6.73632
13.30992
14.45328
17.02656
16.02864
15.07104
14.0256
11.7576
15.88896
9.04896
17.0784
16.90848
8.53488
16.28784
15.11856
8.03088
14.22576
13.29408
13.14576
11.53584
15.14448
15.07248
14.35536
10.60272
9.72144
12.40704
13.89024
12.41424
4.5648
11.64816
9.67536
1.91376
2.52288
13.45104
2.25216
4.8384
8.93952
12.744
10.8504
5.16672
7.7256
9.1512
5.86224
2.11824
7.36848
9.60912
8.72496
2.9952
3.48768
7.54128
10.00224
10.80864
9.28512
7.6464
10.21392
10.16496
9.57456
4.1976
5.25888
8.4456
9.9144
9.94752
8.7912
9.03456
9.07632
5.41584
6.25104
7.49376
8.60832
8.34912
8.25408
3.78288
7.66656
6.26256
2.53008
3.06288
2.65824
7.47216
6.16896
4.20768
0.28656
7.46208
6.78096
7.43328
7.38144
7.488
6.3864
3.5136
4.47264
7.14816
7.18992
7.40736
7.20432
6.7752
7.2432
7.03296
7.02864
6.74496
1.44
3.55824
3.69072
6.51888
0.9864
3.22848
6.47568
6.22944
7.02864
7.02576
5.71536
6.75072
6.23952
7.36992
7.61904
6.30144
5.82048
7.25616
6.09696
7.10208
7.1928
6.89904
7.5168
7.37856
7.63632
7.58592
5.27328
7.52112
7.2648
8.04096
8.23248
7.85376
8.06976
8.64144
7.54272
4.36032
2.12832
2.664
1.48608
3.54384
6.74928
7.23168
5.78304
1.28016
3.1824
8.44416
7.10496
3.54096
6.8472
4.23504
6.87168
6.3072
6.40656
9.14544
9.37728
10.60272
11.31408
7.70976
4.41504
6.17616
3.41568
11.39472
10.59984
10.17216
11.07648
11.75328
11.7504
11.85264
12.50352
12.4848
5.31072
1.12752
13.16736
12.04704
12.53664
0.10224
-99
10.84464
2.27808
13.52016
12.77136
13.0248
14.9328
12.71088
13.28688
15.08976
14.6088
11.64528
8.85024
15.13008
15.15888
16.2792
16.5672
16.16976
16.416
16.42608
12.96864
14.00832
15.42672
3.14496
16.524
15.96096
11.4408
17.98992
18.17856
18.05472
12.57552
15.2856
19.18656
19.0296
19.28304
12.73536
19.37088
19.28016
19.88208
19.79856
19.836
19.3032
19.9656
19.71216
19.11168
16.74288
20.3904
19.33056
19.80864
14.21568
12.44016
22.0968
22.09824
19.43712
21.95856
16.57008
3.45744
6.31152
22.45392
12.22416
13.56048
22.78656
16.0992
10.51344
20.63664
18.23616
23.39856
23.01408
21.636
20.29536
18.89568
16.2864
22.86144
21.30336
22.97808
23.27184
22.72896
20.02752
15.90048
24.62544
24.15168
20.41632
23.41872
23.60448
23.95728
24.23376
22.76784
21.32928
20.89584
17.32176
15.0264
23.7096
24.02208
23.02128
8.98704
9.09504
15.68304
21.2472
21.05856
22.3128
22.27392
24.11856
24.6168
24.4296
24.97248
24.28128
21.88224
23.69664
23.9616
24.25248
23.95872
23.57712
23.2488
23.52528
22.94784
21.74544
19.42416
20.66832
17.99712
20.80656
23.67936
20.37456
20.61504
24.8904
24.57216
24.51888
24.3936
15.70464
17.4888
17.61408
20.9016
18.82512
22.26672
23.3352
21.132
21.13056
19.16784
22.86576
22.12272
20.40912
19.40112
19.8648
13.78224
19.2456
12.36528
23.25168
16.848
21.456
21.86784
21.84768
21.67632
21.1752
20.22768
6.81696
17.1648
20.16
20.92896
19.5624
19.13328
17.52192
19.86912
13.0032
21.52368
21.24
21.77712
21.05712
21.10176
16.17552
17.59248
19.8288
19.332
15.2928
19.73088
20.15856
19.79568
16.24176
17.81712
16.68816
17.71344
13.40352
16.21296
6.3504
11.1672
10.47168
15.55056
19.42272
14.15232
15.97968
18.20304
16.8696
17.064
16.82496
5.49072
18.35424
17.93952
15.17904
17.47296
16.48224
1.6344
15.90192
16.02144
11.52864
16.97904
16.31088
14.0256
7.36128
14.20128
14.90976
13.45104
14.07024
14.83632
14.10624
15.1848
7.30512
7.03152
12.33216
11.6424
13.3272
14.10336
14.10624
9.9864
13.896
12.93696
13.16016
11.14128
11.15856
12.20256
10.91232
9.82368
12.58128
5.36256
3.93264
2.45088
8.87616
11.45088
11.47536
11.61216
11.14128
11.17872
9.99792
10.728
10.4544
10.94832
10.59552
4.86576
7.66368
5.28336
8.77536
7.01424
9.86544
9.9
10.08864
6.336
8.86464
8.11872
6.1488
9.1872
9.55728
9.25776
8.928
8.65584
8.47296
8.24976
8.26272
8.39088
8.29008
7.91856
6.86448
6.02928
1.57104
8.08128
7.4664
7.66512
7.25616
7.93008
3.25296
7.81344
7.62768
7.3224
7.23456
6.75936
5.51664
2.38032
6.984
3.45168
2.08656
6.30288
4.73616
3.1464
7.05168
7.25184
7.16688
1.76688
6.87024
5.53104
6.65424
5.6448
6.79824
6.96816
3.70944
5.63472
7.19424
5.65488
3.86496
7.20432
4.78512
7.22448
5.26032
5.24736
6.83856
7.22304
4.01904
1.66464
6.20064
6.27264
6.21216
6.24096
6.8184
3.26016
6.06672
7.52832
7.66368
7.596
7.87968
5.02848
7.88544
7.848
8.6544
7.75296
8.38512
1.9584
1.44576
5.688
8.85456
9.10656
9.24192
9.3168
2.52288
6.66576
5.69088
2.60928
1.2096
2.09664
10.62432
9.23328
9.47232
11.3256
10.1088
2.19744
7.6968
6.18768
11.09376
5.8464
6.68736
11.55024
11.268
4.99968
9.29808
12.17808
11.1024
12.37392
12.48912
2.41344
1.34352
2.13408
4.10832
7.78032
12.53232
6.83136
11.56032
11.11824
15.04656
7.40304
13.56912
11.7792
11.38464
11.54304
7.41024
9.65952
11.64672
14.3712
8.01216
13.83264
11.66976
10.2744
16.19712
16.21872
15.39648
1.87488
7.00704
16.92576
16.00416
18.07632
17.21376
15.20064
18.79344
18.31104
12.744
16.43616
19.18944
18.58032
14.11344
10.26
4.92048
18.46368
13.57344
18.08496
17.10288
8.2728
4.35456
18.73872
5.98608
20.54592
20.11104
19.96128
20.09664
19.9224
17.61552
15.92928
19.88352
18.64224
19.79568
19.48608
5.03856
9.25344
18.21024
19.56672
23.04576
16.54272
7.32384
8.26416
10.70784
14.67936
13.84416
21.99312
10.95552
22.41648
5.95872
24.13152
20.11248
23.44032
22.5504
21.37536
20.06784
19.73232
22.34304
22.3848
13.90176
21.35808
22.71024
22.40064
13.52736
14.06016
14.41584
21.56976
19.72512
23.65488
21.86208
22.08672
9.49824
22.87008
20.37024
10.49184
22.09392
21.09024
19.37232
16.57152
23.8896
17.36496
21.26304
23.65488
22.38912
23.97888
22.98672
24.34752
24.57792
24.42096
13.77792
23.6232
20.60496
21.16368
22.20912
23.80032
21.01248
16.16112
22.68144
23.31936
21.78576
22.5576
23.82912
23.74704
13.0824
23.78736
21.71952
23.38272
21.21984
23.1264
19.40688
22.66128
16.60464
22.8528
21.76992
19.51776
22.9896
20.6136
23.0184
20.10384
13.48416
16.21728
22.464
22.2552
18.93024
22.75056
20.75904
20.48112
21.99888
21.27312
22.06368
21.79872
22.07808
20.25216
20.89008
20.50992
21.11904
18.47376
18.01296
9.86256
16.21008
18.0432
16.79184
18.66384
17.5248
21.1896
19.31472
13.3992
18.69552
19.1376
20.20032
18.39312
19.11456
17.05104
19.1952
16.9632
17.51472
18.13392
13.38048
10.76832
16.62912
4.23072
18.02736
15.66288
9.8784
17.06976
14.30784
15.62544
17.73072
12.4992
13.428
10.0152
15.07968
14.19984
16.79616
14.68944
5.0472
13.3488
15.88464
11.31264
15.8832
15.77376
15.14592
15.27264
15.74928
14.79744
8.4168
14.34672
15.16464
15.26112
14.53824
14.42448
9.42624
15.17904
14.55408
14.34816
13.01472
11.30832
14.07024
6.70032
10.97424
10.31616
12.00816
10.93392
9.57312
10.18368
10.9008
12.39552
11.67408
4.19472
4.15872
8.04672
11.1384
11.1816
11.43216
11.67408
11.3544
8.65584
1.5912
6.37488
7.66944
9.15552
5.9112
10.42128
7.08048
10.1808
9.82224
2.0088
6.73488
8.66016
4.42368
9.57456
7.90128
8.56224
8.3736
8.23536
6.26256
4.88592
7.62336
1.93536
3.70656
4.75344
3.78432
7.65648
5.10048
1.53792
8.09856
4.08672
5.8608
7.91136
7.22304
5.28624
7.05312
4.7736
6.84576
4.5432
6.8832
6.80832
7.05744
7.19712
6.75936
5.72832
6.68448
6.71904
5.90832
1.10736
5.74416
5.3784
2.124
5.23872
4.30128
6.62688
5.46336
6.3216
6.7608
6.1776
7.00272
5.88384
5.41296
6.46128
6.75504
7.03152
7.3368
7.07616
7.18992
7.43616
7.25472
6.94368
7.23888
7.74288
6.732
7.3512
7.72848
7.85952
7.704
7.60176
7.18416
6.25536
7.95888
4.428
6.63984
5.62608
7.90992
1.79424
8.532
7.35264
5.25312
9.36432
8.77104
8.90064
8.93664
8.99424
1.9008
8.65584
6.35616
5.80608
7.344
10.46016
10.28016
9.85824
9.93744
8.30736
9.55008
9.12672
8.3808
10.18224
11.30976
11.4192
11.70864
11.78784
12.12912
11.89008
9.60624
10.24128
9.50544
11.84832
8.9496
12.08448
12.7656
12.78
12.86064
13.25088
12.45888
13.02048
13.30272
13.52016
10.35648
12.41136
1.92672
14.27184
12.91824
14.39136
14.73696
13.42368
11.73888
13.30848
13.85424
15.82128
15.48144
15.72192
16.35408
11.24352
16.54416
16.57728
16.08912
16.956
16.72992
16.98768
17.8488
17.81136
17.82576
17.70336
18.09792
7.98048
15.05376
15.72192
7.308
19.75104
14.60016
17.87328
17.88624
14.67792
18.47376
13.968
19.7784
19.95408
20.58048
16.4016
15.99264
18.37584
16.24032
9.62928
13.356
4.07664
6.73776
2.4624
15.50304
16.1208
12.12624
22.05648
21.55824
19.0944
17.16192
18.98352
21.75696
17.30592
3.56832
22.00464
23.76432
22.07376
5.58576
11.96496
22.34304
19.11888
22.32
23.99472
21.39984
22.97664
22.20336
15.68304
9.41904
19.728
15.52752
24.06096
23.58864
23.6376
19.2528
4.3848
-99
0.108
22.72752
20.30832
24.6312
24.31008
24.55056
24.59088
24.55488
23.08608
23.5656
15.12288
23.30208
23.70096
23.68224
8.86608
21.74688
2.90304
25.06032
19.1664
17.48736
23.05728
23.44464
24.2496
22.6656
22.89456
21.12624
20.24064
23.35104
23.8104
22.76496
20.66112
22.98528
23.4144
24.17184
23.93136
22.55472
21.168
22.75776
22.96944
22.60944
22.7304
19.95552
15.12
6.83424
18.98208
23.72976
22.5792
22.93776
20.13984
14.6736
23.33664
23.3424
20.09664
21.97152
22.46544
22.4712
22.01904
22.57776
22.39776
22.17024
22.07808
16.06464
15.29712
23.38848
22.536
20.98944
14.92992
20.55744
21.92112
21.52224
21.01824
21.25008
19.54224
16.09056
21.18672
21.4776
21.15504
20.2176
18.67104
18.96048
21.07296
20.13552
18.95904
19.92384
19.30176
17.83152
7.98768
17.59392
19.43136
19.87632
19.60272
19.38096
14.5008
7.97616
13.36176
17.81424
18.4968
14.67936
14.4936
18.11664
19.2024
18.70704
17.72208
18.69264
18.55296
18.324
11.71584
3.36384
11.54304
17.08992
6.66
11.70432
15.14592
12.94416
15.93648
14.61024
15.4368
14.64768
8.5176
13.62816
13.87152
15.82992
13.28112
15.38496
9.72432
9.30672
13.60944
11.51424
11.73168
14.436
13.7448
14.1768
12.47328
12.50064
12.94848
9.9504
9.0576
2.55888
7.0056
9.70704
12.20112
6.60096
13.15584
12.2616
11.64384
8.55216
11.30256
4.01184
5.0544
1.75824
7.14528
10.6632
11.22048
11.01888
10.7784
4.87152
7.97472
9.4176
8.90784
7.52256
9.85392
9.16128
9.68832
8.73792
9.77616
4.36752
6.75792
7.61616
8.172
7.7832
9.1008
4.3992
2.2824
6.80256
7.81344
5.41152
6.64704
8.5752
6.64416
7.1712
5.7672
7.05312
7.5672
7.34832
7.3872
6.38352
6.7536
4.87728
7.38
3.9096
5.72976
3.50208
0.5472
1.29456
6.15024
6.92352
6.98256
7.18704
5.81328
4.29696
2.7648
2.5344
7.00416
6.88464
1.97568
2.73168
5.38704
4.00752
2.67552
4.84272
6.92784
6.23808
6.28416
6.92928
6.18192
7.03296
6.83136
6.77808
2.9448
5.1768
7.11936
4.86864
5.28336
7.24608
7.40736
7.15248
7.33248
7.14384
6.81552
1.43424
7.71984
7.85664
7.04016
7.97328
7.07184
7.61184
7.90416
7.51248
1.82304
1.88064
0.30672
2.42064
7.64496
7.812
3.78432
8.36928
6.98544
4.87152
7.56
6.53184
8.90064
8.02944
9.32832
8.03808
8.69328
10.1376
9.93888
4.92048
5.59152
9.81936
10.39392
8.08704
1.19232
8.46864
10.50336
9.96624
3.3912
8.89344
11.23776
11.92752
11.16432
11.99808
11.82672
12.33792
12.64608
6.6744
10.92816
11.8152
7.64784
8.39664
12.18816
12.62016
9.35856
8.99856
9.15264
13.932
14.44176
13.63824
14.32368
7.5744
15.00624
10.88064
14.15232
15.3864
13.56192
0.89136
6.25104
10.21968
13.53456
14.39712
16.19424
8.67168
13.59648
12.80016
4.82256
11.89152
17.12304
16.2072
17.69904
2.87136
3.14064
2.93328
5.05872
17.99424
19.01952
19.41408
18.108
12.07296
12.23712
19.44864
17.54784
8.93232
18.8064
2.2032
18.77472
16.17984
16.64496
12.72384
15.3504
7.71984
5.31072
2.10816
10.27296
18.99936
21.4128
21.04848
15.67872
12.50208
22.0896
21.61152
18.19728
16.83648
18.80208
21.84912
21.56976
13.644
21.47472
18.96768
20.4624
10.24272
8.84592
20.62512
13.8168
22.31568
5.30352
19.45584
13.36608
20.14416
23.41296
23.89968
23.72544
22.81104
23.88528
22.50144
18.88704
15.20496
23.99616
24.13728
24.06816
23.54112
22.23504
22.01184
21.12768
18.31248
19.35072
11.85984
24.38784
22.87296
15.8256
22.26096
18.20592
23.17968
10.00368
22.49856
23.1336
22.36464
23.84784
6.99264
21.06432
18.9288
16.78752
21.79008
23.92704
24.18624
24.30288
22.41792
23.56416
23.52096
23.19264
23.6736
21.76992
22.23216
23.85072
23.78016
21.43152
24.90768
24.17328
23.8824
23.99472
22.47552
20.41632
22.9392
23.03568
15.12432
22.69152
20.54736
22.01904
20.58768
22.2552
23.13072
23.44752
21.2544
22.2984
16.21728
21.65904
21.97584
21.53232
22.07808
22.11696
19.0584
21.6864
20.93616
20.05488
21.1536
21.2184
20.71872
22.15008
21.87216
22.0392
18.96336
20.32848
18.68976
12.30048
12.27312
17.96544
17.45136
16.1784
16.0848
20.3184
19.3032
13.70448
19.99008
20.06496
18.95184
19.23264
15.51456
19.60416
18.24048
16.72992
18.45648
15.54192
7.96896
19.88208
19.72368
14.04288
18.98064
18.50256
18.79776
18.29232
17.44848
12.4776
9.41472
8.57376
16.45344
17.28
16.9704
17.08704
16.68528
14.6448
16.25472
8.01072
4.35456
13.60224
15.72192
11.38752
15.3792
13.79664
9.79056
16.25184
14.9256
9.76032
15.33456
14.62032
14.256
12.5208
2.05056
11.01456
11.15568
14.37408
13.09392
11.75184
12.11904
10.31616
6.15888
13.78944
13.68576
12.32208
11.5704
12.07872
12.98592
12.2832
12.15072
9.4824
5.52384
7.56144
2.37024
11.12544
11.26368
9.21456
10.96992
10.36512
8.64
10.16784
10.57392
10.37232
9.94464
7.9632
2.29392
1.3824
5.13792
2.37744
4.18176
8.45712
9.19728
8.95536
9.02448
7.13952
7.29792
7.54848
8.14464
4.16736
8.52192
7.48368
8.064
7.56144
8.16912
7.60896
7.94016
6.9552
6.5304
3.5784
3.28032
1.50768
7.344
7.29648
5.46048
5.33088
7.35264
4.52592
7.3584
5.13648
2.4192
3.18672
6.87888
7.0056
3.94272
7.2216
6.26112
2.38464
5.42448
6.91632
4.69152
5.28912
5.31504
6.62256
6.1848
6.75936
2.6928
3.03264
7.24752
6.8616
4.05504
7.18848
6.40368
5.57424
6.89904
4.2012
8.9334
9.4122
9.378
8.4006
9.3546
2.5038
3.9186
1.8666
1.7226
9.684
10.0206
9.7254
10.1232
8.0658
9.8298
10.1736
7.6932
9.3222
3.4182
8.28
5.103
9.5688
10.3986
3.3516
8.7192
10.7424
9.7974
9.9702
8.1396
8.892
12.3012
11.5452
9.7578
6.4242
9.0918
8.7732
12.33
5.3388
4.6584
10.3194
12.8628
6.0858
12.4902
1.3536
3.0816
12.1122
13.3524
9.4788
9.6066
6.5772
7.6284
3.9186
13.5864
13.6494
14.8032
6.309
15.7788
14.3424
7.4466
4.9968
10.188
13.9698
12.8898
9.8838
8.0478
6.3432
12.0888
18.5634
17.505
12.9888
19.053
19.629
19.62
19.8648
19.737
19.6758
9.8136
20.5614
21.2814
20.1006
21.9006
21.618
19.5228
18.6876
15.6114
22.158
21.42
21.096
22.8888
19.8522
22.5342
21.9654
22.0194
23.3046
24.1452
21.06
19.854
6.4656
4.1814
9.0612
25.5978
19.8576
9.3132
20.6766
18.0396
20.2896
26.4366
22.6782
15.102
10.5156
11.9286
26.3592
23.6718
20.9268
4.0338
17.0568
17.2998
24.102
22.167
17.109
19.431
26.1198
28.107
27.5886
25.236
25.2954
28.0674
17.1324
19.3536
29.4858
24.1866
26.4438
28.863
25.812
23.3118
26.865
20.1888
27.5508
28.3122
27.6822
20.376
8.73
28.8162
19.9314
24.4386
28.0728
29.4822
29.4354
23.8644
22.3668
19.2186
25.8606
28.1394
19.0098
20.5146
20.6478
29.8062
29.727
27.504
29.8206
19.6308
29.8188
29.7918
29.8962
26.3016
19.809
10.1826
27.1944
12.6594
15.8994
28.0674
28.5588
19.9332
31.0914
30.2724
23.8122
29.3094
25.5492
29.7414
19.9638
28.8918
29.7378
24.0048
25.8588
29.0952
26.9766
19.9296
26.8866
28.3914
29.0124
23.9598
17.2404
26.37
29.5506
29.5488
29.7882
28.6614
29.2032
28.674
27.3042
28.0674
28.2456
24.7608
26.6292
25.1658
15.2442
27.9486
26.7336
26.5824
20.3004
11.9502
28.0998
24.7086
23.7492
20.9358
26.712
23.9238
24.5682
23.6754
16.1226
13.2012
15.9516
22.374
24.3576
22.2048
18.0666
22.6782
25.4214
25.407
9.5886
23.8806
23.7078
23.4432
13.1832
16.7634
21.4452
21.3732
22.7952
18.2124
6.5718
5.4252
16.6752
3.7602
19.2294
20.8602
20.3508
22.7322
20.8602
15.4044
21.15
17.379
18.4878
16.6716
20.2482
15.615
16.3962
18.9612
18.8856
20.8116
15.894
21.2328
18.252
13.7142
5.9868
13.5918
7.7886
17.7624
18.27
18.0162
17.7804
10.5624
15.9318
16.5438
16.7058
10.5588
11.2266
17.46
17.4204
17.3304
13.482
5.1642
9.3672
16.6518
16.407
15.3342
8.7012
12.1482
9.108
10.2636
13.0428
13.644
9.441
7.9614
8.406
14.5548
14.598
14.22
13.5576
12.0492
13.1256
6.1848
4.1526
11.349
12.582
8.6094
11.3112
12.5694
12.6378
12.8844
12.6252
12.006
8.154
1.6866
4.7196
4.2786
9.4392
10.9908
7.4502
3.2472
10.6722
10.323
10.3158
4.9266
8.5464
7.425
1.9026
4.4118
6.7626
9.8226
6.5772
7.3188
9.495
9.4014
7.7994
9.2988
9.1116
7.2198
8.8002
8.7498
7.9614
8.0514
7.2468
3.8466
8.8722
8.676
6.6816
8.7138
8.721
6.5376
5.013
8.3646
8.2782
8.181
5.5152
2.6046
2.4336
4.491
6.6294
7.7184
8.1108
7.3836
8.0532
8.5374
8.8092
8.8398
8.7282
6.9318
9.0954
5.7132
9.8748
9.5184
8.595
7.4196
1.215
9.4284
9.3222
9.7218
9.6732
9.999
10.0332
10.3626
10.3158
9.7794
9.9576
9.9306
10.1592
10.5822
10.7856
10.9584
11.3166
11.412
11.556
11.556
11.6838
11.8512
11.8674
12.3768
12.2958
7.7742
8.3358
12.5928
12.7764
12.2706
12.9978
13.0914
11.9916
6.6492
7.2756
12.2562
13.6818
4.986
14.5242
14.6736
1.9008
15.291
15.4566
15.768
14.481
13.4064
10.4814
5.3622
13.5126
14.6142
16.4682
8.6328
16.4124
12.8826
10.0278
6.0246
13.7232
5.2812
18.0234
13.014
6.075
11.1888
12.9078
8.3556
8.6706
4.9572
5.1192
5.247
4.7304
11.1114
10.0782
14.7618
8.7462
3.879
15.237
3.0384
17.7264
15.75
7.7112
10.2348
18.576
22.9104
23.8104
17.811
20.2716
19.9674
20.6514
24.2712
21.7566
21.7026
9.5418
21.0924
7.1226
3.4758
20.1024
23.6178
24.3828
25.569
23.7114
13.1598
5.3604
4.8942
20.619
14.8806
24.2964
26.9478
25.9398
12.6486
19.0008
25.4718
24.3198
25.5816
15.0966
17.8398
12.384
22.9104
28.1178
25.6104
24.876
28.0854
27.9918
27.4338
28.1628
27.1512
26.289
25.4538
26.2872
28.0782
28.305
27.351
27.6228
27.7866
27.441
27.1944
5.3784
13.9914
30.4704
28.5192
29.8044
28.1934
29.0736
30.0024
29.8422
26.3898
26.5878
27.1458
29.8098
27.7308
29.0916
21.5442
30.474
30.3462
29.8656
27.774
28.9188
23.2956
29.2104
25.3458
28.7532
28.5372
28.6812
18.1224
12.8754
27.2826
29.8638
31.0716
30.2742
28.2528
14.8176
30.9132
28.9134
25.2882
29.1924
27.0846
23.4342
29.0142
26.37
11.8476
29.4678
30.195
29.8908
29.9502
29.6262
29.3724
29.1258
29.1276
28.4238
27.7272
27.648
27.6894
27.4716
27.2196
27.7776
27.2754
26.847
27.6012
23.0274
26.7858
21.3264
19.8702
24.732
14.5638
25.5978
27.0144
26.8614
26.424
26.9802
22.1418
26.4636
23.1516
24.732
25.416
26.3232
26.1594
25.6104
17.568
23.1354
25.1118
13.6548
19.161
18.7794
26.4456
25.875
23.4342
23.7384
24.939
22.5108
20.2662
20.0934
23.9544
24.2766
15.4782
20.7324
15.6978
22.8906
20.5992
18.126
22.7214
17.1054
22.6962
19.3968
16.425
19.9728
15.3594
20.6676
18.8442
5.8878
7.4772
21.285
16.0596
17.2836
10.4076
20.1438
16.1208
18.3762
17.3844
6.6834
10.9134
16.461
18.0594
14.9886
11.169
14.688
18.5598
18.7056
18.3654
16.065
17.9172
17.4006
16.8408
11.1438
11.9754
15.975
12.4704
6.3396
14.922
15.1974
15.6024
14.5278
14.6322
9.873
13.509
7.9092
3.3174
10.7424
10.6524
5.7024
10.2726
10.5624
10.3392
10.9296
10.089
11.0196
10.521
6.5718
12.3696
10.2096
6.309
12.3642
12.5946
12.303
10.2924
10.6704
7.4592
10.6722
9.738
7.5168
10.4526
7.6122
6.201
8.487
4.4442
5.0742
10.3428
10.3824
2.2698
5.004
7.1118
8.037
6.7248
8.5698
7.7652
5.3514
9.009
6.2784
6.8724
8.9874
6.1722
3.3624
5.7762
6.1002
3.5442
2.2266
8.3142
5.4252
2.034
2.286
2.1402
7.587
7.146
7.4232
7.3962
5.976
7.389
5.7168
6.966
8.2062
8.2026
8.3088
8.4312
7.0668
8.307
8.1774
5.247
5.2074
8.352
