20000101
9.792
9.2592
9.2736
9.35568
9.2952
9.99936
9.65808
7.29216
5.40144
5.63616
9.47952
9.54
8.7264
4.53744
5.69232
9.108
9.44208
10.71792
10.27296
8.73216
10.61568
11.0232
11.0736
11.2392
3.87648
5.95872
10.94112
11.24496
10.85616
11.60064
10.10448
9.53712
10.74384
12.56976
11.9592
12.01968
7.47648
10.94832
9.66096
13.5216
13.89168
12.46752
6.88896
8.32032
12.19968
13.87728
12.46896
13.66704
14.17248
14.84496
14.79024
10.88784
9.38736
14.99616
14.904
15.00624
16.03008
15.81696
13.01184
8.04672
15.37488
16.956
16.46784
15.3072
13.00176
6.45552
5.22
16.06752
16.6608
17.0496
16.83792
15.14304
16.00416
16.77456
17.91936
16.20864
18.0432
17.34912
16.956
13.66848
17.15472
9.63792
12.97152
19.4472
16.43328
17.05104
14.87952
11.53296
20.64096
10.80144
13.67712
20.06352
8.10864
22.16736
18.08784
21.4848
22.4496
21.1464
8.01072
14.10624
3.8376
13.81536
19.62144
20.43072
19.43856
22.0176
6.71616
23.3352
20.15136
20.44656
19.66032
22.6152
16.74576
22.84992
22.20048
23.75712
23.33952
15.88752
16.83072
22.3776
19.7136
20.16432
24.25536
19.75392
16.52832
13.6872
21.39984
20.67552
17.09712
14.97024
6.99264
24.07824
24.45696
25.14096
25.6968
25.5024
24.79104
16.29792
24.48144
7.48512
5.07888
9.01872
15.99696
13.20048
19.11744
14.01408
21.85488
16.72128
16.13376
20.32416
22.644
17.86032
22.03776
21.17376
22.65552
18.0432
18.67248
22.5504
24.28272
24.02928
16.08912
11.0664
10.6488
13.32432
8.25552
17.07984
22.8816
23.15952
23.21568
23.45616
23.58144
21.07584
22.84272
22.68864
6.03792
15.53616
19.8576
15.21504
21.9168
22.0896
19.40976
21.51792
20.28816
19.52928
21.2544
23.70384
22.72032
20.35584
20.54736
21.96576
21.76992
11.11248
24.24816
24.05664
23.08464
18.76464
22.63824
8.47152
12.25872
17.15904
21.42432
21.0168
21.43872
20.42928
8.78544
19.20816
18.91872
20.75328
21.08448
18.13248
19.97424
10.3536
19.52928
17.02224
18.01584
14.52384
20.18304
16.97472
19.79424
20.16576
19.66176
18.1008
18.6264
13.95072
15.69024
18.30096
18.35136
18.73152
18.65808
16.67664
19.65744
20.19312
18.68688
14.24592
21.1176
14.85504
17.90496
18.45504
16.30224
19.40688
15.39504
17.43408
10.73952
18.91152
18.79776
13.94352
18.6192
13.77504
19.15488
18.98784
17.64432
13.50144
18.64224
18.9936
18.13392
13.99536
14.27184
14.30928
16.87248
14.25744
7.9632
11.3184
10.47312
17.08704
17.81136
17.41248
16.14816
16.00848
12.78432
14.25024
8.3016
12.43728
15.65136
16.05888
13.08528
16.41888
14.30784
15.13008
11.27952
11.7648
14.99904
14.77008
13.83984
11.80656
4.5288
2.8008
1.75392
14.15376
10.06128
5.976
13.29552
12.57984
11.196
10.43424
6.91488
2.70288
2.17728
5.17824
6.59952
6.3144
11.32848
10.83888
9.6408
6.63408
9.50976
11.02752
3.67776
11.0448
10.43136
6.38208
10.116
10.83312
9.3024
10.52928
10.26288
8.25408
6.82416
2.23344
10.04112
3.26016
8.35488
9.21744
5.69232
6.12432
3.40416
8.4672
7.5672
3.60288
7.95744
7.22592
8.27712
7.8984
6.33888
3.51504
7.36272
4.50432
5.66496
8.38656
6.59664
4.27536
4.99248
1.52064
5.42736
7.83936
5.43744
5.2632
5.14944
6.19632
5.56704
6.52032
7.88976
7.78464
7.08912
5.66928
5.85792
3.80304
4.46544
4.8888
0.84528
7.35984
7.29648
5.6016
3.37824
7.59312
1.5192
8.26272
6.0552
6.21216
7.2648
6.92928
2.86992
2.71152
8.21952
8.72208
4.57488
7.06608
4.02624
7.57152
5.07024
1.20528
2.37312
5.3568
7.74576
2.33856
9.11376
9.19584
9.1512
5.98608
6.86016
5.61744
9.15696
8.3304
8.24256
6.44256
10.47024
10.90512
10.58112
10.98576
10.872
10.72224
10.57824
10.5768
8.35776
6.6384
9.75744
12.09024
11.5992
11.47248
10.23552
8.46144
5.3568
5.47344
11.85264
12.47904
10.35504
13.16016
13.34304
12.85488
13.45104
12.47184
6.64992
14.28336
15.06528
8.71632
11.10816
11.3256
4.69728
11.67264
3.58272
11.8224
8.78112
10.2528
15.21216
2.75472
-99
-99
3.36816
16.0704
16.13232
13.51152
7.2288
14.95296
15.11424
15.16032
13.30992
13.31208
13.6116
14.796
11.64528
16.10496
15.8544
16.61472
15.22512
13.60368
18.49536
18.11664
18.49824
18.58752
16.0992
17.8776
3.56976
16.80192
19.60704
19.94688
19.4616
18.14832
18.75744
20.1672
16.1928
20.11968
18.81216
18.15984
10.35216
5.65776
20.50416
15.3
16.4448
16.68096
20.5992
20.64528
22.71744
21.19176
16.93512
21.48912
8.2296
6.50592
14.72256
20.97648
13.8528
17.05104
18.73728
22.00896
22.38912
22.80384
13.09968
3.39984
14.30208
21.37536
19.79136
14.60016
22.20768
22.60656
14.32656
13.89744
21.91248
20.15424
22.82688
20.76912
15.5808
19.29312
21.90672
23.01696
22.67568
23.3496
23.36832
23.53824
22.44816
19.71648
21.57552
21.82464
23.076
14.70024
16.81416
22.68144
22.52592
16.01136
12.0528
21.37968
21.18096
22.98096
22.81464
20.142
24.8256
23.4288
23.868
24.3216
24.10848
23.8104
23.72112
22.45536
21.99024
22.49568
22.79232
18.54432
23.832
23.75712
23.32656
23.06304
22.13712
20.27376
13.5576
20.39328
20.08224
24.2784
20.77776
11.45952
23.17536
21.9312
19.5408
20.94768
16.70688
17.18496
7.73712
22.0536
22.08384
10.58688
24.04512
23.38704
22.94208
20.21328
19.12608
21.69648
21.43296
19.81728
21.14352
21.19968
20.03328
19.52064
19.15776
18.59616
19.4616
15.53904
17.62704
20.49984
17.78832
16.64064
18.25776
18.39744
16.94448
14.10336
20.06352
19.17072
13.25808
15.18048
19.99008
15.88032
12.45744
17.4168
20.02608
18.68112
19.13184
19.05696
19.1232
17.964
19.0224
18.98064
16.40592
17.47152
17.88768
15.77808
17.42112
6.81408
14.60448
18.94752
16.06608
17.19792
18.11952
18.13824
12.53088
4.53024
16.17552
16.51968
14.3856
15.54336
17.064
15.50304
17.07264
9.2592
11.61936
15.24816
2.04624
15.048
11.01312
14.66064
15.42384
9.45792
3.82176
9.576
13.11984
14.29848
13.85208
12.9528
8.15616
7.46064
11.05488
13.71168
11.2032
10.37232
2.45088
8.67024
11.11392
4.3992
11.93184
7.45344
12.23136
5.72256
12.4416
4.64112
6.08544
7.5528
11.09232
9.5472
10.78992
10.09296
7.96896
6.79536
8.83152
8.7192
9.06192
7.03872
7.05168
1.6992
9.07632
8.9928
2.38176
7.21728
8.79552
8.07696
7.76016
7.16688
1.64592
6.8328
8.31024
0.95616
1.3032
1.33056
0.84672
2.20608
7.54272
7.1424
5.78304
7.64496
7.3152
7.2
6.90336
5.7384
4.1472
7.18272
6.53472
5.87376
6.36912
3.03984
5.3568
5.10768
6.72048
6.64416
5.79744
6.58656
6.57216
4.61952
6.57504
6.67152
6.36336
0.65808
0.77328
5.07888
5.00544
1.02528
5.93568
6.68304
6.56064
6.95376
1.73232
6.86304
7.128
6.14448
6.54336
6.60816
6.91488
0.97632
0.62496
1.10736
0.58176
1.53072
0.58752
1.8
4.12704
6.9336
3.74976
5.35104
3.36816
7.05024
7.41744
3.09168
7.13088
5.63904
6.44976
7.6248
4.104
5.47056
7.51248
7.42464
7.55856
4.85136
8.6832
7.91136
8.21952
7.00416
8.34336
8.4528
5.74416
7.57728
8.85312
7.96896
8.03088
8.6184
7.26336
9.59328
10.2816
9.46368
9.33552
9.53568
6.54768
9.80784
9.70344
8.10648
8.80128
1.03104
6.66576
10.53504
11.21904
6.59376
11.8224
11.73168
11.14704
11.87712
11.70288
9.05472
12.06
7.3368
3.61152
3.36816
7.9632
6.07968
2.4624
4.44096
7.27056
12.98016
11.69856
13.2696
6.26256
4.10976
9.3672
12.91824
14.31216
8.25696
5.5512
10.9584
14.95296
14.5944
14.9328
14.65776
12.096
6.85872
8.80128
10.08144
8.3736
11.61072
2.45952
15.74784
16.23168
16.69968
3.5712
3.22272
9.38016
17.54352
11.24496
11.40048
5.44752
16.99632
6.96672
12.58704
2.1672
17.40672
10.80432
12.7728
13.21488
17.78112
13.73472
14.54544
18.00576
19.07136
19.60848
17.97552
18.3312
19.30176
16.61472
11.71728
10.152
19.18944
18.54576
2.83248
6.19632
6.48
20.77344
15.41232
6.2928
2.61072
3.22992
10.11024
5.03568
5.48928
21.45888
21.38976
20.93616
17.08416
21.29328
14.94288
21.9744
22.36464
21.32352
21.38112
6.45552
20.12688
22.55472
18.5616
16.43472
22.11696
22.48272
20.664
21.74976
22.44672
21.27888
21.852
16.48368
12.2976
14.05872
22.47552
20.15856
8.79408
23.48784
21.97728
22.54176
21.59424
18.27216
22.48272
22.22928
22.23936
21.93552
21.22704
20.86128
11.412
21.16224
22.1184
21.82752
20.70864
20.808
18.86112
18.51696
21.09312
4.71456
3.85632
15.74496
19.91376
19.21248
16.82064
12.46608
11.2968
20.304
15.83136
20.44512
18.55296
20.64672
18.06912
15.76224
20.54304
15.61536
0.31824
21.6
21.22416
20.98944
20.78928
19.8648
19.36368
19.08
20.74176
18.21744
20.7072
19.57536
19.12896
18.55872
16.47504
15.3576
6.61824
6.60816
18.19008
18.21168
13.70304
19.512
17.13312
12.43296
16.70688
14.54976
20.8584
20.05632
19.58976
15.95808
15.16464
16.32096
18.468
16.03008
16.2144
17.87472
14.80464
4.38192
12.8952
2.62656
17.56944
13.356
8.29008
17.8128
17.71056
16.98912
11.8008
16.73568
5.52528
13.86144
10.43424
16.6752
16.92432
13.62096
13.80528
15.58944
15.95664
11.3832
4.5504
11.54304
15.588
14.37264
4.25232
9.62928
11.81808
13.6224
9.59616
6.86304
13.87008
13.44672
15.02928
14.97888
14.6232
12.78288
4.83696
5.4576
11.7648
9.12672
2.23632
10.45296
12.4416
12.06864
12.39984
11.03904
9.288
3.63312
5.256
12.2184
9.68256
11.94912
10.28016
11.37024
9.86112
10.06416
10.99152
10.66032
9.94608
5.472
11.0016
10.72224
7.06176
9.45648
9.88128
10.05552
2.7576
9.19728
6.63408
7.64064
9.19296
8.3232
6.99408
7.67664
8.1072
7.41312
8.42112
5.60736
7.03728
8.57232
7.2144
4.44816
8.72064
4.4496
2.30256
6.95952
6.4296
7.51104
7.70544
1.80576
5.652
7.62624
3.65472
0.90288
2.61792
7.57728
7.0416
4.81392
5.436
6.47568
1.85616
5.49504
4.8528
6.45696
4.54896
6.30576
6.25392
5.56416
5.78448
1.26144
4.29984
6.4584
5.66208
2.03472
6.29856
5.7168
2.69712
3.02688
0.75312
2.5488
4.03344
5.10624
4.86432
5.86656
6.08256
5.57568
1.09728
6.5952
6.05952
1.61712
6.49584
3.8448
4.47264
4.788
2.31552
4.6584
2.57472
3.33936
2.70144
5.05296
4.66416
7.52976
7.46928
7.27344
7.28496
7.43184
7.19712
3.31344
5.03856
3.22128
5.94576
7.7184
6.62112
7.96752
8.44992
8.5824
3.83904
8.02656
8.2728
8.95824
8.39232
7.67232
9.2736
7.95888
7.87536
9.26352
8.61696
7.3368
6.99696
9.396
9.1512
8.45136
6.27408
1.68336
1.08288
1.3608
4.22496
10.83312
10.0584
9.98352
1.5696
1.83312
6.58512
3.67632
6.92352
6.58224
0.60192
2.26224
4.98528
10.62432
10.56816
7.488
10.27152
12.97728
4.78656
11.73024
11.22192
11.5056
13.22064
13.45968
14.1768
13.99968
9.60768
11.39904
9.41616
14.75136
15.18336
15.5664
14.84784
14.75568
14.82336
9.20448
14.9616
14.56128
14.41728
14.14944
8.48448
5.66496
13.51008
3.75984
13.94928
15.87024
7.44192
18.3096
17.84592
17.66736
17.95392
10.64736
7.00416
11.2392
18.08064
11.23344
15.28848
18.31248
1.6128
10.2888
8.72496
16.62912
16.44912
8.9928
12.01248
19.40544
17.62272
19.30176
15.77664
18.15264
12.384
19.88208
19.50768
15.52464
11.67984
16.812
18.4464
19.97568
18.24912
7.67232
2.11968
6.78672
13.7736
19.22832
21.04704
18.95328
19.64304
18.28944
19.44
7.19136
9.0216
15.21648
19.46736
19.85328
21.77136
18.93312
21.00096
21.86352
13.78224
9.0648
13.16304
22.04352
20.74752
21.88224
21.95712
19.836
19.43136
19.60272
18.4176
19.57248
10.89792
21.0744
21.46752
15.96528
21.31776
20.80944
20.6712
21.75696
22.10688
20.26224
19.18368
19.14768
16.77312
19.83744
21.89088
22.07376
22.30848
22.04784
20.00016
14.12784
11.32416
18.76608
18.71136
11.89296
16.16256
21.87504
22.4712
21.06864
18.84528
21.672
8.66304
17.9928
20.412
20.56752
13.06656
14.55984
20.91024
20.77488
20.71584
17.8632
19.28304
22.30128
17.3304
18.94896
20.88
11.61792
19.44
19.03968
12.66048
18.95472
12.57408
17.91072
16.90992
18.87552
20.23056
18.63936
20.07648
16.97472
21.02976
20.70144
20.7576
20.7936
20.70432
19.908
19.7136
18.76896
19.60128
19.15488
19.97856
19.85472
19.05552
16.46496
14.5368
8.99424
15.15024
19.008
17.68176
6.24528
12.80448
17.08704
14.2848
17.46144
16.02864
16.79904
9.55728
18.31968
17.8992
11.76624
12.97584
10.02816
12.42144
7.14816
14.23728
13.56624
6.41808
14.29344
11.97936
17.68752
17.16912
16.22304
15.32016
16.34688
16.22016
16.10208
16.10784
15.9192
15.50592
15.13872
6.61824
10.52784
13.87584
14.75856
10.21824
10.1016
2.84688
12.24432
7.82928
2.46096
11.65104
12.02544
13.30848
10.02384
14.55552
7.77888
13.84848
11.664
13.31856
12.26016
9.28656
5.53392
4.50432
7.60176
3.7584
5.10624
2.376
3.0384
1.2384
10.36512
7.7544
4.76496
11.84832
11.06064
6.83424
1.40112
2.71872
5.05296
8.91936
7.82064
1.93968
9.99072
10.27872
10.47744
10.17792
9.828
7.53984
9.52704
5.01696
3.91968
4.11552
4.91184
4.67424
7.98192
5.66784
2.5488
2.71872
3.39984
7.72128
6.14304
3.56976
7.28208
2.60064
1.2888
6.48864
5.9112
6.57144
9.12888
8.41176
8.13672
5.7312
2.16
7.35696
5.51232
4.24656
5.89392
6.45912
5.68728
7.25616
5.63904
7.45488
7.6896
7.73712
7.41456
4.83984
8.08416
7.62048
4.1472
3.6576
4.90896
7.3368
3.20544
8.532
7.35264
7.15248
8.04816
7.80048
6.90192
2.06352
5.0976
7.89264
7.43472
4.3344
8.4528
8.72784
8.47872
8.23248
8.28864
6.75072
4.78512
5.66784
8.03232
6.78816
5.08464
5.90544
7.3944
8.45856
8.53056
7.90416
5.688
8.78112
5.4864
8.77536
8.75664
8.21952
2.95704
7.59672
7.17984
5.23872
9.80064
9.69264
1.20816
5.65632
8.388
8.25696
9.09072
5.75568
5.7888
3.85344
5.5728
7.40016
10.25568
10.72368
10.60848
5.22432
10.42272
8.07408
10.31616
3.70368
11.03328
8.72064
10.15344
1.7784
3.62016
11.91024
12.75264
1.17936
1.24704
1.8648
10.27008
13.65408
8.50464
14.00688
13.55616
11.97504
11.65104
3.08736
12.31056
14.68656
12.80448
14.45616
3.7584
14.88816
4.62384
3.08592
7.15104
10.40976
12.97872
8.85024
9.9072
13.04208
14.27616
10.836
15.39936
13.92768
12.53088
16.6536
11.78208
2.80944
9.26496
1.17648
7.21152
11.36592
16.0704
7.30512
18.04464
17.21808
16.85376
17.7048
15.37056
2.16
15.10704
16.90704
17.29872
10.1016
19.66176
9.85968
13.48848
2.01456
16.03728
12.25872
20.58912
19.1304
20.20752
2.38608
19.57248
20.64816
20.92896
20.18592
20.49696
12.12768
4.69152
11.07936
14.09184
10.15344
0.72432
14.724
16.3368
19.6632
23.3208
23.11776
21.17232
12.64176
2.9376
12.64896
22.1112
16.6392
21.25296
22.04496
20.7144
22.44096
22.6368
22.94064
22.2192
13.23216
19.26432
19.26144
18.72144
16.29072
22.05504
19.3248
20.49696
15.79392
18.08208
19.14768
21.4992
22.75056
21.4704
21.05568
21.89664
20.18736
21.21984
18.39888
22.04928
21.1032
19.24848
18.7848
16.81344
15.36768
17.28432
23.37984
23.63472
9.01296
18.4536
18.8352
18.7344
20.12688
21.08016
19.5192
21.94416
22.83408
20.35152
21.81888
22.0968
21.5712
19.09296
7.04736
21.81024
16.28352
13.57344
21.852
22.98672
22.43088
16.11936
8.39952
21.27024
23.01408
17.57232
22.13424
15.53328
17.55216
19.872
19.72512
14.64768
16.28928
20.69712
15.45408
17.45856
20.44944
19.0656
20.13984
20.01168
13.75488
19.61712
20.44944
19.15776
12.98448
17.73936
16.29216
20.92896
17.16048
18.85968
19.40112
16.704
13.69584
20.72304
19.00368
20.32272
15.10992
16.39872
16.38576
12.44016
20.09808
19.26864
17.07552
19.70496
14.4432
8.8344
11.72016
13.68864
19.07424
14.0616
12.74688
10.38096
15.14016
5.72256
13.49424
7.86672
10.9656
13.24656
9.12816
12.19824
10.48896
13.76496
14.46912
10.35936
12.14784
11.82528
8.94096
10.24992
10.98144
15.30576
15.696
14.55408
13.84416
11.81232
14.328
13.69728
14.55408
13.84128
14.30496
14.23152
13.58928
12.852
10.42992
12.3408
12.71664
10.69776
12.10752
12.03264
10.80864
9.63648
8.89488
4.46256
10.04688
12.83184
11.1168
9.77184
12.0744
9.99504
7.3584
9.25056
11.13696
5.15088
8.53776
9.35568
7.64352
9.73008
10.28448
9.38592
5.75136
7.37136
2.51856
7.88832
9.38448
8.75376
9.54144
4.99536
9.3672
6.88752
6.06096
3.86208
8.06832
8.14608
8.31024
8.17344
7.28064
7.08624
5.51376
8.26992
8.45136
7.57008
7.86384
7.59456
7.5096
4.64976
7.04016
5.47632
5.70384
6.22368
6.83712
6.23232
4.31856
6.5592
4.82832
4.50144
6.66288
3.96864
6.41088
5.52096
2.13408
2.69568
3.57408
2.5056
3.71664
1.40688
2.01312
6.60672
3.97152
6.07968
4.07664
4.644
5.86224
5.82048
6.88176
5.38704
6.50448
4.9824
6.4152
6.85152
6.72624
2.20464
4.81248
6.28416
2.72304
6.68592
6.4512
6.77952
6.9696
6.94224
6.87744
7.11072
6.38064
7.21152
7.20288
5.724
7.2576
2.40048
7.38144
6.81984
7.26912
7.62912
4.62096
2.73168
7.04736
6.5592
7.9416
5.10192
8.34624
8.27424
8.18352
7.308
9.04608
8.99568
8.64432
6.58368
8.89488
9.4392
9.08352
9.24912
8.66016
9.75744
9.21024
8.26848
4.63536
3.56832
6.65712
6.61104
9.9648
10.30032
9.90864
10.95696
11.57904
11.53872
11.20032
11.46816
11.5848
11.07936
10.51632
12.6288
4.93056
9.83808
8.12448
5.112
10.4472
13.39488
4.54176
6.69312
6.55488
13.14144
10.43136
14.30064
9.48672
15.0768
14.53104
14.49936
13.85856
3.09744
12.87936
13.59504
5.88384
3.3192
7.87392
13.90032
16.15248
15.95808
15.01056
3.33504
5.56272
7.86528
14.02704
2.86992
5.832
15.24384
12.87216
14.55264
16.70256
17.25552
17.12448
4.10832
13.69728
13.42512
13.24368
16.18128
14.98752
8.50464
19.4112
18.62928
16.98768
18.41184
18.50976
16.08768
10.9296
16.884
15.99408
14.79168
16.78176
17.01072
7.62768
9.7848
14.0976
12.3912
15.36912
21.0168
21.00528
21.42288
20.12976
20.72448
19.00512
6.65568
18.46224
14.15376
20.1168
22.51584
22.25376
21.816
15.68448
14.66496
18.58752
18.23904
16.22016
22.25952
21.19248
18.86688
6.98256
23.3352
23.00256
22.62096
18.23904
18.58032
23.66784
22.0392
23.70672
24.0552
23.41584
22.60224
20.20176
10.6848
13.86432
13.788
22.15152
21.03264
20.17008
18.32544
22.9464
22.17312
14.02704
21.64896
22.10832
18.8136
11.19744
9.85248
15.61536
19.88208
19.95552
22.53024
23.14224
22.9104
20.53152
19.99296
20.63232
21.00096
17.13744
22.78512
21.31632
15.56352
10.47312
22.22208
22.52448
16.77024
21.27456
21.91824
15.43968
23.16672
23.29344
17.55792
12.34656
8.44416
19.96992
23.10336
22.83264
22.68288
22.31424
21.21264
21.564
16.58448
20.82672
22.42512
12.348
20.55888
19.65744
19.35648
17.00928
15.28272
19.5048
17.83008
18.41616
18.90864
14.08896
19.00224
7.5096
19.61424
22.22208
21.82896
21.44736
21.26736
20.60496
9.26208
12.99456
11.90592
12.81744
20.19744
20.4912
18.99648
13.104
12.63888
12.75264
9.45936
7.44336
17.88624
19.24416
19.40256
-99
-99
0.61488
15.48432
4.87008
9.02448
16.54128
17.12016
15.41088
14.26608
16.86096
17.1072
15.78672
8.02656
5.58432
1.10304
12.79584
16.96608
16.72416
13.97088
15.89616
16.85232
16.36992
16.33968
15.3936
3.20832
16.73136
16.62192
16.1424
15.94368
14.91984
11.23056
11.45952
10.20672
11.50416
13.07088
11.69568
11.94336
13.3848
10.944
14.14224
13.10688
14.07888
10.01232
2.61072
12.0312
8.62128
11.30688
6.61536
1.24272
5.94144
1.70496
1.06704
8.14752
10.4112
10.008
3.23136
10.2456
10.40976
10.62432
10.53792
5.72832
10.53216
8.72064
9.24912
7.17408
6.70176
7.8624
8.06832
3.5208
7.08336
8.10144
8.19504
4.56624
8.92512
9.44784
9.03456
6.76944
2.7936
3.31056
1.46304
2.3904
1.75104
4.27248
6.16608
7.32816
8.05824
7.49376
5.58432
3.35088
4.27392
3.85776
2.21328
7.17984
4.05936
7.2072
3.38112
6.93216
6.18336
6.92928
5.73552
1.48176
6.75072
3.9672
6.48144
6.6096
7.10208
1.93248
6.79968
6.88608
6.70896
2.10384
2.68272
6.32448
6.53184
6.82704
6.65712
2.98512
5.15376
6.53616
6.58224
5.98464
6.54912
5.77584
6.09408
5.84784
1.57104
6.47568
6.5304
2.75328
2.83824
7.0344
7.24896
7.40304
6.93648
1.33488
2.10384
1.19232
3.2328
4.71312
4.76496
4.85424
7.08192
5.06736
7.43328
1.16928
1.60992
6.33168
5.69088
7.94448
7.84224
4.48272
6.23232
8.49312
7.9056
8.25984
6.83424
1.2096
1.5192
7.93584
1.74816
5.48784
9.68832
8.9064
7.8552
4.72752
9.07632
9.58032
9.42336
9.65664
8.39664
8.67456
5.23872
5.01984
8.63712
9.13248
8.19792
6.79104
11.4048
9.83808
7.4016
9.15552
10.92672
5.89392
7.80768
4.15872
12.21408
2.19312
12.31488
12.80016
7.92576
13.05216
11.5056
5.13504
3.29616
13.41792
12.68784
10.5048
8.27424
13.78944
12.09024
13.42512
1.42128
5.82624
8.78832
5.53392
4.29552
4.14432
5.58864
10.70352
11.40624
11.2608
11.87712
13.34016
14.24592
12.1392
10.57104
15.67584
12.74976
12.15216
13.91472
11.78928
15.38784
13.37616
13.81536
12.65184
3.90096
9.31824
13.644
13.01904
13.09536
17.45424
16.96032
16.96896
12.18096
10.33632
13.41792
5.17824
17.48016
15.19632
10.80576
8.1504
15.41376
10.65456
15.7968
15.9336
14.688
10.28304
18.10656
18.98352
16.9992
16.6896
18.18144
7.06608
9.46368
16.16832
18.68544
12.79728
15.22224
16.31088
11.16288
17.69616
16.13952
15.5016
18.32544
18.09504
15.588
16.1568
11.22624
15.89616
10.92672
18.39312
10.86768
14.59008
21.62448
16.48656
19.80144
19.21248
20.65536
19.36656
17.9064
12.27888
22.0176
18.43632
21.50496
21.31344
20.26224
21.32928
19.80144
20.06496
14.81904
12.33504
20.89728
21.2616
19.22544
19.8936
16.34976
13.7736
19.12896
17.38512
15.42672
9.13536
17.85744
15.336
17.66448
18.27936
18.78336
18.73008
14.4792
15.12144
18.83376
18.4032
19.78704
20.1888
17.53488
18.6768
14.49504
18.70704
19.92672
17.7336
16.12368
19.26144
14.55264
13.75344
12.10752
19.17216
17.37072
17.9784
15.73056
19.16928
16.49952
18.62352
19.85904
18.76608
19.02384
15.2928
17.08992
19.4904
11.74608
15.9408
19.53216
18.43344
18.01584
15.54768
18.6408
16.47504
19.5552
19.05552
17.57088
19.03536
15.61536
19.03392
18.57456
18.01584
17.44272
15.6528
12.76704
4.93488
15.11568
13.10688
15.82992
18.19584
17.9208
18.05472
15.79536
17.21808
10.74384
16.1712
16.84944
17.34336
16.32384
16.03728
11.67552
15.92784
10.09584
5.71536
15.57792
15.30864
13.83408
12.2184
11.3328
14.616
13.82832
13.98384
12.48624
10.2528
10.84464
4.09824
8.37936
10.0368
14.77296
12.53664
10.65456
13.37472
9.51552
3.61728
1.3032
11.8224
14.28624
14.24448
13.26528
10.6416
11.69424
10.9728
12.52368
8.9208
11.74032
11.1672
12.37968
11.9376
11.05056
1.46448
6.14304
10.45152
6.50448
4.25088
8.32464
10.69632
9.21456
7.32096
7.26912
2.52
8.14752
6.39216
9.87984
7.6176
3.64896
9.05184
5.94144
6.6096
7.9632
8.35632
7.2432
8.34048
6.6384
6.516
0.252
2.33856
4.66704
3.89088
8.316
2.66688
4.4856
7.39152
7.1424
3.3984
5.34384
7.49664
7.58304
6.74784
4.0968
2.6496
6.8256
7.12512
5.93712
4.59072
6.51744
6.37776
3.55968
2.60784
4.11696
6.84864
1.99584
2.6136
6.80112
6.61536
2.96352
6.3936
6.78384
5.74992
0.27216
5.19264
2.91888
6.7968
5.12064
6.5016
5.5944
3.50928
6.372
2.56752
5.9544
5.3568
1.37808
6.35904
3.16368
6.28992
4.87152
4.25952
3.39408
6.57216
6.4152
6.09408
6.34896
6.31872
6.1128
6.08112
-99
-99
-99
-99
-99
-99
-99
-99
-99
-99
-99
-99
-99
-99
-99
-99
-99
-99
-99
-99
-99
-99
-99
-99
-99
-99
-99
-99
-99
-99
-99
-99
-99
-99
-99
-99
-99
-99
-99
-99
-99
-99
-99
-99
-99
-99
-99
-99
-99
-99
-99
-99
-99
-99
-99
-99
-99
-99
-99
-99
-99
-99
-99
-99
-99
-99
-99
-99
-99
-99
-99
-99
-99
-99
-99
-99
-99
-99
-99
-99
-99
-99
-99
-99
-99
-99
-99
-99
-99
-99
-99
-99
-99
-99
-99
-99
-99
-99
-99
-99
-99
-99
-99
-99
-99
-99
-99
-99
-99
-99
-99
-99
-99
-99
-99
-99
-99
-99
-99
-99
-99
-99
-99
-99
-99
-99
-99
-99
-99
-99
-99
-99
-99
-99
-99
-99
-99
-99
-99
-99
-99
-99
-99
-99
-99
-99
-99
-99
-99
-99
-99
-99
-99
-99
-99
-99
-99
-99
-99
-99
-99
-99
-99
-99
-99
-99
-99
-99
-99
-99
-99
-99
-99
-99
-99
-99
-99
-99
-99
-99
-99
-99
-99
-99
-99
-99
-99
-99
-99
-99
-99
-99
-99
-99
-99
-99
-99
-99
-99
-99
-99
-99
-99
-99
-99
-99
-99
-99
-99
-99
-99
-99
-99
-99
-99
-99
-99
-99
-99
-99
-99
-99
-99
-99
-99
-99
-99
-99
-99
-99
-99
-99
-99
-99
-99
-99
-99
-99
-99
-99
-99
-99
-99
-99
-99
-99
-99
-99
-99
-99
-99
-99
-99
-99
-99
-99
-99
-99
-99
-99
-99
-99
-99
-99
-99
-99
-99
-99
-99
-99
-99
-99
-99
-99
-99
-99
-99
-99
-99
-99
-99
-99
-99
-99
-99
-99
-99
-99
-99
-99
-99
-99
-99
-99
-99
-99
-99
-99
-99
-99
-99
-99
-99
-99
-99
-99
-99
-99
-99
-99
-99
-99
-99
-99
-99
-99
-99
-99
-99
-99
-99
-99
-99
-99
-99
-99
-99
-99
-99
-99
-99
-99
-99
-99
-99
-99
-99
-99
-99
-99
-99
-99
-99
-99
-99
-99
-99
-99
-99
-99
-99
-99
-99
1.82736
1.68912
2.10528
5.09184
6.80688
7.15536
4.33008
7.04592
7.13952
6.90624
6.97536
7.1064
7.19856
4.95504
1.14624
5.64336
5.18544
6.69456
6.1416
4.76208
5.77008
2.00592
3.83472
8.17344
7.47648
3.00528
5.82768
4.608
7.32384
7.81632
7.85952
8.12016
8.41104
7.61616
8.28
5.67504
8.36496
8.17344
8.99424
9.05328
8.91648
8.65728
9.22176
6.22224
5.6808
4.91328
8.60976
9.75024
10.09728
10.21536
10.40688
10.6056
10.69632
10.31328
6.9408
10.0152
7.20432
9.89856
9.55296
7.89408
2.15856
1.70928
2.79792
8.40528
11.67408
12.24432
6.7464
2.54592
8.48592
10.06992
4.43232
11.14272
10.66896
13.84848
11.37456
14.98896
15.0912
15.28272
11.4408
14.41008
10.13904
7.10064
13.4928
11.98368
12.95568
15.3936
7.11216
14.93136
13.59216
13.02336
14.1624
16.89696
15.0552
9.42048
15.9768
17.71632
18.04896
12.53952
7.46496
7.83216
14.18544
14.9328
18.9792
19.0944
16.60032
18.63504
10.00224
18.47232
19.1016
4.05504
13.58784
6.7968
15.18336
14.7672
17.72928
20.1744
19.97136
20.3256
18.24192
11.25792
9.72432
18.9576
6.33888
18.82656
21.9456
20.5488
20.72448
19.5192
21.19392
18.40752
4.34304
19.84176
22.3848
22.13424
21.01968
22.15728
21.42
18.85104
21.4056
20.22048
14.616
2.10672
1.6344
17.25408
11.32704
22.38336
9.252
16.24176
16.96032
6.5304
21.74112
7.08768
22.3992
23.11632
17.37072
13.72032
17.90928
3.37536
15.13008
8.04672
14.8392
22.68
23.004
6.24816
15.47712
19.57968
21.48624
24.02496
17.5968
21.44592
20.76048
18.30096
14.5008
8.20224
5.37696
23.91408
24.07392
16.99776
7.26192
10.8072
20.27088
24.52896
22.81392
23.89392
23.96016
24.46128
21.13776
15.23808
22.68
22.89888
20.71584
23.43024
23.29344
21.76272
22.3344
14.83776
18.31392
23.07888
22.01184
15.58944
15.00048
19.0224
15.24816
19.9296
18.66096
13.56624
24.12864
21.9168
22.90752
16.03872
18.89712
22.69008
21.70944
17.5968
18.1944
22.6296
16.15104
19.46016
17.60688
21.024
18.42192
19.32768
19.85472
21.35088
21.36672
19.8864
20.86272
20.80512
20.4408
18.55008
19.73664
15.18768
20.93472
18.10512
17.39232
13.23072
20.3976
15.32736
8.24544
21.36816
15.2136
17.73936
17.06112
17.69904
8.66016
10.55952
9.98064
2.916
18.38304
13.5936
10.97712
18.39024
18.53136
18.68832
17.928
13.54608
17.79552
14.58864
13.38336
14.34528
14.08752
8.92368
17.25408
16.96896
8.96544
14.11056
12.95712
11.6352
15.97968
17.4384
17.11728
16.57872
6.96528
6.86448
9.74736
14.55552
6.88176
1.35936
3.28896
9.3816
15.53904
8.79696
15.19776
14.90544
14.95008
14.29776
14.29776
13.69872
12.56544
13.58208
14.30064
12.49056
11.94624
7.7616
4.3632
11.80224
9.1944
1.99296
6.90624
7.81488
10.98576
10.3464
9.8496
1.46304
9.14688
8.06112
10.692
1.8936
3.18096
10.09008
10.00656
10.81008
10.58688
0.46656
1.32912
9.3384
4.20768
5.51376
3.6432
10.30464
9.01584
6.45264
5.57856
7.72272
6.57792
8.64
8.26272
5.27616
3.2544
9.3888
9.09936
8.83008
8.92368
8.82288
4.64688
8.17776
8.316
8.44128
5.92704
7.96896
7.43616
8.10864
8.34624
4.13568
7.42176
4.7952
4.66848
7.05312
7.1064
4.16592
4.2408
6.90192
4.536
3.13488
1.39104
1.48464
6.17904
7.57008
7.19856
5.87376
7.1064
4.58496
3.24144
5.98752
7.04448
6.61824
5.95008
7.00128
7.24608
5.65344
6.60384
7.26192
2.38752
2.00448
1.07568
0.9144
2.88
4.69152
4.58208
1.82592
2.19744
4.032
6.6816
3.63312
7.72992
4.03488
3.49632
5.47056
7.53984
7.83072
6.39792
8.09856
7.75584
4.92192
6.74784
7.44048
6.60528
8.80704
8.8056
4.59936
3.63024
8.77824
8.54928
6.44112
9.5688
8.70192
5.33808
5.82048
1.12464
2.38896
5.99472
9.37872
9.92592
5.65056
6.52032
8.76384
9.14256
8.6976
7.69392
9.65088
4.87872
7.7832
10.93104
2.952
4.76928
11.23488
11.49264
11.72736
10.52496
9.86112
12.4488
12.33072
12.348
7.56576
12.37824
12.73248
4.70736
4.66416
8.52912
5.86944
4.10976
10.98432
15.1776
14.85936
14.77296
14.4792
14.89536
10.51488
14.92272
15.1848
14.45616
14.97744
15.34896
15.92784
16.11648
16.0848
16.55568
12.39984
15.24816
17.11584
16.36416
17.50176
17.28432
16.37136
3.03696
9.23616
4.6296
4.26528
5.57136
5.19984
13.09536
16.25616
15.53616
15.1704
3.8448
3.77712
19.45728
5.19984
18.21312
8.98848
18.3744
18.4608
16.26048
15.5088
18.76464
17.82
17.23824
14.29056
19.00224
19.4688
21.68208
19.83168
18.22608
16.13664
20.8584
16.98048
16.43184
14.99472
17.9208
22.3056
22.17312
19.52064
22.16448
22.65408
20.81952
18.16704
14.5224
14.27328
13.81248
20.5992
9.9288
7.09056
23.72688
23.3928
21.12768
21.95712
22.91328
18.66096
20.16864
8.36064
10.09152
14.02128
15.2208
22.4856
22.95792
22.74192
23.4216
23.63472
19.57536
23.38992
23.44032
22.7952
17.92656
6.95952
19.26288
19.8432
11.78352
22.19904
21.49344
23.12496
23.19264
21.71232
18.16272
14.98608
20.43072
22.92336
20.66112
15.59664
18.04176
23.55264
23.8248
16.03872
14.99472
20.14704
23.004
22.8888
22.22064
20.5992
21.15216
22.18032
21.29904
21.31776
22.86864
21.66192
19.04832
10.91232
3.29616
3.85056
14.73408
9.61056
12.72096
22.45536
16.7688
18.9936
19.89792
21.19392
23.98608
22.40208
21.17232
19.31904
18.58464
20.98368
21.79152
21.50496
21.20544
19.01376
21.37248
21.03696
20.99376
18.37872
14.13648
19.0728
15.49296
16.39296
20.51424
19.69632
16.20288
17.13744
15.68448
16.25616
19.09008
19.37376
19.4472
19.2744
19.56816
19.62
19.54944
18.62064
19.7568
19.2456
18.49104
15.19488
18.6552
18.1728
7.41744
16.69536
18.5256
16.33968
14.87664
15.57504
10.96128
15.77232
12.89376
12.79728
15.0336
8.24976
9.42192
15.87744
16.00704
17.08272
16.56432
15.06672
12.852
7.75584
14.05008
2.99952
16.71264
10.8792
14.45616
15.44688
14.37408
14.27472
8.29152
14.38128
14.77584
14.34096
13.4568
12.14208
6.07536
10.00512
10.47024
12.24144
13.80528
13.37328
13.068
12.8016
11.7216
10.73952
11.01888
11.19456
10.93536
12.94272
12.6
13.1184
12.22416
10.85616
11.11104
12.63168
11.30976
4.45536
1.90224
6.732
0.9792
11.44656
11.38608
7.47792
8.78544
8.13888
5.4072
9.58176
9.60624
6.72912
5.78592
7.67952
10.22112
9.36
9.39024
9.95184
7.7688
8.22672
8.3088
7.85952
5.112
8.18208
6.69456
7.03296
7.50384
8.19504
5.43024
6.11136
4.15728
6.0768
3.77136
6.24096
7.98624
7.5672
7.47792
6.74928
4.1256
7.74864
1.68336
6.77808
7.94304
5.78736
5.00544
2.02032
-99
-99
3.70368
7.17552
6.6816
6.74352
6.9696
3.17952
1.20672
1.00944
2.96928
4.01904
2.96208
6.27552
7.49664
7.38
0.5616
1.14912
0.66528
0.67392
6.74208
1.56528
7.21152
2.65824
2.81376
5.17824
5.0256
7.03728
4.49424
6.23232
1.99872
0.89712
7.65792
1.09728
1.24848
5.49936
7.66656
7.08192
3.83328
7.2144
3.39984
8.19504
6.084
1.61424
1.87056
1.51488
7.80048
7.82352
8.1432
3.97296
3.32928
0.92592
8.90064
6.5664
9.43632
7.58016
9.73584
7.21584
9.67968
9.39024
10.05984
2.0592
8.4816
10.18512
10.27152
1.4112
2.97072
11.32704
11.38752
10.85472
9.50832
10.29168
2.80512
3.04704
5.4144
9.80784
6.67152
12.76704
3.3192
4.71456
9.42768
13.11552
5.66352
12.68064
2.55888
8.0208
13.12128
9.98064
1.34208
12.6576
8.85312
14.35248
4.608
3.51792
15.43392
14.63472
13.73616
9.648
14.69376
15.8544
15.5736
15.84432
16.09632
12.02544
9.90432
10.57536
4.1976
6.70608
8.45712
7.64352
5.7456
18.01584
18.1152
15.65568
9.0144
17.02656
16.85088
15.696
18.04032
16.0056
17.59968
16.04016
15.6384
2.84112
17.99712
17.00352
19.20672
19.56816
4.37184
10.29312
6.21216
10.1016
7.58448
10.10448
8.29584
19.2168
19.28304
17.95968
6.13872
9.5112
20.14992
19.74384
20.36736
20.81376
20.94336
19.20528
17.496
10.07856
18.37296
2.91168
5.41584
17.29872
19.8432
17.64288
22.41504
10.78848
21.40416
22.13856
11.5776
15.5232
7.32816
21.168
24.01344
23.46048
22.84848
22.284
22.92768
23.12064
21.6648
22.44672
23.7312
22.7664
21.92544
19.06272
10.512
23.688
21.0312
20.43648
16.01424
16.17408
24.11136
23.62032
22.69728
7.58736
22.02912
18.0864
5.87664
17.37648
9.66528
21.92112
22.5864
12.38976
19.28592
22.48992
21.25728
22.69872
18.92736
25.23312
25.13952
22.90896
23.39568
23.85792
22.86144
20.79216
22.62528
21.64176
22.41936
22.73616
23.04
22.64112
21.46608
18.6408
22.39776
23.02272
22.64256
21.58848
19.33632
20.46672
21.84048
21.25728
22.12272
20.44368
21.8016
20.39184
21.42864
19.88352
16.9128
20.27808
19.7496
3.84912
17.97408
23.4144
21.69648
22.19184
22.0392
22.09968
18.75312
19.56384
17.90928
18.22176
16.33104
16.16112
21.23712
21.00672
19.92528
19.94256
17.9568
17.532
14.67504
16.58016
14.256
6.71472
19.9656
16.50528
6.07248
15.87312
17.21952
6.0624
19.39968
19.27584
19.77264
14.09904
18.15408
19.04112
17.34912
18.02448
19.17504
18.36432
17.12448
13.34736
5.13504
9.64224
17.5824
16.09776
16.4592
14.2344
12.90816
17.9424
17.68608
16.2144
16.3944
17.52336
17.63856
16.9416
14.90832
8.06832
3.1176
5.59872
16.84224
5.09472
8.68464
13.45248
8.63424
13.6584
16.40592
13.43808
15.77232
14.41008
15.14448
13.536
12.42288
10.46592
10.96992
14.41152
14.66352
13.61088
11.556
7.41744
10.28592
4.068
10.0152
3.18384
5.91696
12.87072
12.6216
12.52512
13.05072
13.10688
12.78576
12.32496
9.7632
9.1944
10.8504
9.98352
11.63232
11.49984
10.98288
8.33472
7.30368
5.9328
8.15616
4.39488
10.25136
9.76032
9.69984
9.64224
9.36576
5.8104
3.82032
8.79984
8.79408
8.95392
9.21888
8.67312
7.24896
7.04448
9.17424
3.92832
8.6328
2.71872
3.71952
6.11856
7.96464
8.24976
7.84512
7.86384
8.26272
7.20288
7.056
2.16144
2.16576
6.25536
6.1056
7.1856
7.43184
2.7
4.24224
3.7368
5.65056
3.42432
5.11488
7.08768
5.57424
2.07648
6.28848
7.29072
7.4448
7.5744
6.57072
4.57344
5.90832
0.40032
1.10592
3.90528
7.12944
7.37568
7.58592
6.52176
6.41952
5.9616
2.61648
3.61728
2.87136
6.8256
6.408
6.34752
4.36896
3.7944
6.42096
7.32528
6.696
7.11648
7.1136
7.0848
7.62048
7.58592
7.65792
3.37248
6.11424
6.70176
5.47056
3.95424
8.89632
8.56368
8.68176
8.40672
8.57088
8.39808
1.86912
3.132
7.64208
5.90256
6.18336
9.57456
10.14192
9.34704
9.86832
9.83376
10.2456
9.02016
8.964
8.93232
8.64144
5.9616
9.75168
7.93152
5.4432
2.56896
11.15856
4.80816
12.25296
8.40096
10.81584
8.93088
9.88272
10.09872
11.2968
12.6144
5.56848
12.81168
9.86112
13.77648
10.43712
2.02608
7.71264
14.36832
14.10192
14.38272
10.82736
6.20352
14.2488
9.7416
0.81072
15.18336
4.26528
2.53872
8.46432
14.82336
16.83648
16.19712
15.42096
14.87232
8.80272
16.83216
16.1136
16.1856
8.33904
14.72832
16.78032
13.20912
12.48768
17.35632
17.99712
18.17856
9.48096
16.2432
17.86608
18.90288
19.56672
19.44
18.70992
18.54144
18.94608
19.34064
12.41856
11.8224
19.1232
18.82512
20.21328
20.68128
12.57264
15.45696
14.87664
3.54672
17.8056
12.40704
8.14752
17.28576
21.24432
18.40752
12.61008
20.54736
19.73088
9.63504
21.17376
21.6
17.99856
21.01968
7.19712
17.136
21.24432
18.71568
22.788
18.43488
21.87216
19.36512
24.04512
23.66784
23.29488
21.60288
20.19168
21.98448
23.436
23.45904
23.69664
23.32368
24.10272
22.17024
14.1624
15.4944
16.49808
17.15616
8.57376
22.68288
14.98608
11.25648
20.17152
17.25408
21.1464
12.40272
14.94432
-99
7.29216
18.89568
21.40992
16.01568
23.99328
24.00192
22.12128
22.89456
20.124
19.0296
17.49168
21.6288
23.9256
24.05232
23.11632
19.79568
24.7824
24.27984
24.10128
21.86352
23.3136
23.92704
18.42336
18.7344
16.63632
23.38128
20.94048
23.6952
23.7744
21.03264
22.89456
22.46256
9.8208
24.37344
19.46304
22.88448
18.92304
18.38016
18.74304
23.41584
23.58432
22.3488
8.6112
17.93664
17.90208
21.7872
17.23104
18.75456
22.8672
9.68112
19.35648
21.3192
13.56192
19.81296
20.66832
21.53088
15.3144
12.66192
9.1152
17.78112
22.7232
20.22192
19.06272
19.12752
18.96192
18.69552
18.0576
20.62512
20.448
18.20304
20.17296
20.25072
20.58048
18.1008
18.40896
16.73424
16.84656
18.06912
20.55312
16.44912
15.20928
17.52624
12.73824
17.28288
14.10192
12.0024
17.92224
12.6
18.08352
17.91648
18.072
16.83504
17.85888
13.19616
13.94928
16.10064
16.812
16.5744
16.48944
14.38272
9.72144
17.26992
16.488
15.7176
15.156
14.06016
10.06272
15.5664
15.49008
15.24384
14.91408
13.91184
13.9176
14.19264
14.74992
14.37984
14.33088
14.13936
13.104
12.07008
13.12272
13.94064
13.6296
13.46976
13.3848
12.97296
10.98432
8.37072
11.00736
10.62144
11.93472
10.65024
8.76384
4.32
10.2384
4.96224
4.72896
11.34288
10.116
1.13328
2.46672
5.65488
8.87904
6.8544
7.37568
5.61744
2.79216
2.13408
6.1128
2.01456
8.20368
9.504
9.30672
8.5032
8.892
7.80912
5.40144
3.384
1.97568
4.12416
3.83616
5.19984
3.81168
4.53888
4.10256
2.34288
7.93584
7.43328
7.7112
8.03808
5.66784
4.98528
7.05312
7.40736
6.49008
4.9608
6.44832
7.2864
6.72336
7.23168
7.30224
7.11936
4.20192
6.37632
6.21072
6.09408
6.25536
6.09696
5.98464
4.53456
7.23168
7.31808
6.97392
5.6736
3.92112
6.61104
6.79536
6.03936
7.10784
6.84576
4.61808
6.99552
6.6744
7.06464
6.98832
6.88608
7.11792
7.05456
6.93072
2.95776
5.9472
7.33248
7.41888
7.34256
7.19424
6.9768
7.24032
7.52688
5.71104
6.67728
3.8448
4.95216
7.77888
7.79904
8.0136
8.34192
8.2584
8.62272
8.49456
8.32896
7.524
1.42848
3.42288
8.76672
9.85824
4.19184
1.1736
3.7584
9.80208
10.52928
3.07728
10.78272
11.11392
8.39088
10.7712
10.74096
11.63232
11.46528
11.37312
9.76176
11.8368
12.02256
8.208
11.53584
8.66448
12.80736
12.24432
12.54384
13.02624
12.46032
11.32848
12.89232
11.36592
12.42576
13.02048
13.32864
12.34944
12.34512
8.9064
14.59152
13.51728
14.10768
13.82544
13.78512
14.89536
15.18048
15.05088
15.12864
14.88528
15.2352
16.0128
15.084
16.00272
16.4088
12.42576
1.83888
10.00944
16.03584
16.90272
17.3376
16.308
16.35984
17.61264
17.69184
18.20592
17.5824
17.91792
15.57216
8.2656
2.33136
6.14448
14.51376
13.27104
20.0376
16.48656
7.56864
20.18448
5.33088
16.30656
11.21616
15.26688
19.22832
21.21552
10.34352
14.52816
17.68608
16.78896
10.95552
14.46336
21.8232
14.80176
21.15792
7.4448
7.76592
22.33008
15.82416
22.0824
21.92256
22.20912
14.79888
18.65232
18.32256
21.87792
17.0928
22.66128
22.57488
23.06304
21.28896
20.29392
22.42368
23.5368
14.37984
9.81504
16.3944
13.40928
11.79072
8.9496
14.5728
23.90256
23.53392
23.48496
17.78544
23.3352
22.36752
22.22352
21.75408
23.38416
23.59008
23.62464
15.22944
22.33296
21.10752
16.96176
20.9592
19.71936
20.05776
19.34784
15.01344
25.44912
23.46624
20.86272
24.57648
24.53328
23.94864
22.0248
11.94192
23.3424
24.01632
23.87376
23.76144
23.60448
24.3792
23.6232
22.3632
22.032
21.61296
20.05488
3.61008
23.9256
23.01696
20.55456
18.73872
19.08144
9.50112
17.36496
22.15152
20.13696
21.38976
23.14944
17.94384
16.26048
21.51504
19.3752
23.472
24.00048
23.51808
22.68144
14.50368
19.99296
21.15792
22.64112
22.41216
18.44784
17.4672
19.55232
19.83744
12.53376
20.9952
21.1752
21.528
22.0176
21.34368
20.0232
20.87568
21.06
21.61152
20.62944
17.79696
18.69696
17.06256
20.55168
17.71632
20.0232
20.62512
19.73232
19.32336
15.98112
19.1376
18.53136
18.86112
18.9432
16.43184
17.06544
18.97344
12.55824
12.88368
16.04448
4.99536
18.5688
13.3848
19.04688
18.57024
18.35136
17.90064
17.15616
16.97904
12.8664
13.63248
13.65264
15.52752
15.10272
16.37424
17.43696
17.5248
16.38288
9.6624
7.66944
3.13488
2.8512
13.71456
12.996
5.48928
15.75936
14.15376
9.40608
6.192
5.56704
0.9504
13.78944
15.04224
14.46336
12.94128
13.57632
13.9032
13.50144
12.132
10.6632
12.46464
9.0792
5.81616
6.3288
11.0736
11.3616
13.3704
11.19888
10.35504
7.10064
4.06944
4.4856
8.96688
8.44848
11.40912
10.06992
2.56752
4.68288
5.66064
11.76624
11.38176
4.67568
8.36352
10.27008
10.29312
4.93632
3.33648
9.9504
4.95648
7.64208
9.29088
3.45888
6.71184
2.63808
9.25056
2.39616
3.96144
8.11584
5.71104
2.79648
2.34432
7.6896
8.4384
3.84624
5.91696
7.7472
5.08032
4.60368
3.55392
1.35792
2.66256
8.32032
7.87536
7.0488
8.08272
7.49664
6.69744
7.7112
7.27056
7.36848
7.67088
7.46352
6.99984
6.57216
2.86848
4.95216
1.2168
5.25456
6.70176
6.16464
7.05168
2.9232
4.6224
5.13072
5.43456
6.89472
1.85616
3.29184
6.32736
7.19568
6.74208
6.3576
6.86736
6.81552
4.22784
6.92496
5.01696
7.33824
7.5096
7.42032
6.92352
7.42896
7.13952
3.50928
8.04384
6.89616
5.65488
4.7304
6.63696
2.9376
6.78384
3.08736
1.36512
6.228
6.28704
5.84496
8.04816
7.82352
9.65664
7.94016
5.04144
9.49392
8.3304
8.42112
9.24624
9.7776
8.4672
10.56672
9.75888
9.80784
10.54944
11.06784
6.9048
10.53792
7.48512
4.58496
11.4984
11.628
10.60272
11.22336
4.40208
7.44336
2.5632
8.21088
11.71584
7.7256
1.63584
9.90864
12.78432
7.08768
12.2472
12.99312
2.7504
1.81296
13.27824
12.48912
4.13136
2.77776
5.7168
10.5696
13.44528
12.82752
13.81536
12.64752
12.58272
3.19968
14.95584
16.69104
8.70336
4.55904
17.16192
16.08768
14.64192
15.83568
12.2328
12.07872
15.79392
15.73056
11.23776
10.48464
16.56288
8.52624
16.73568
17.75664
15.34032
18.35424
18.10656
7.45632
6.76368
14.18112
17.47872
12.62304
19.20096
16.26912
16.95456
20.05344
20.17584
20.75184
18.21456
18.65376
20.32128
20.6928
14.81184
21.83328
20.6136
19.63152
20.97504
21.47616
3.17232
5.81184
6.00192
3.35664
1.35216
18.77328
22.70736
17.44272
22.78944
23.09328
22.59216
22.54464
20.54736
14.12064
15.71472
22.79952
22.5288
23.27328
23.1264
6.9624
4.53024
18.61632
22.52016
13.23792
13.90176
11.2752
19.044
23.79456
24.23664
25.25904
24.7968
19.97568
19.86336
15.46848
24.5736
23.5656
18.91584
24.27552
22.15728
23.93136
23.5656
20.28672
23.22144
18.56448
19.93968
14.13216
24.55776
19.54944
24.11568
16.3008
23.2776
23.77872
23.19264
20.50848
10.43424
20.9952
18.88272
21.13776
24.7464
20.95488
23.69664
24.51888
23.55264
22.67856
21.38832
24.37632
22.76064
24.12
21.05712
19.74816
23.96736
23.99328
24.17328
23.74992
23.076
23.35968
21.12768
17.61984
23.06592
21.81456
21.59712
23.09616
22.7808
19.9008
18.4752
17.0064
21.6072
20.56608
21.60432
21.66336
22.11408
22.2408
21.00096
20.34288
20.376
23.67936
23.04
22.87152
22.5216
20.39184
7.8552
21.3336
18.792
19.9512
10.7352
23.08608
22.36752
21.64896
21.75408
20.23344
19.93104
20.48688
18.36576
18.00144
16.81776
17.64864
19.5336
16.36416
18.62352
14.91264
18.6696
16.50816
15.91776
5.88672
19.872
8.69904
14.76576
13.4352
18.4536
18.80064
12.4992
18.88272
18.144
18.6768
16.7616
3.36816
13.05648
15.72768
17.78256
4.96944
17.9568
16.90416
11.02464
10.76544
17.29008
15.33456
17.1432
16.27776
16.55712
16.10784
14.16384
15.7248
9.85824
12.82176
13.80384
13.25952
8.19936
14.12928
10.09584
13.4496
12.2256
6.32448
4.79952
14.33664
13.932
9.51408
9.21024
13.23936
13.0968
8.16912
10.4544
11.99232
11.37168
8.11872
12.06576
8.56944
3.4704
8.18064
9.44784
9.58032
7.72992
9.9936
10.08144
9.79632
6.36048
11.26368
10.49472
1.99296
9.53568
10.53072
10.24272
8.81856
9.40896
4.5216
7.12656
9.93168
9.27648
8.4672
7.76016
5.67648
8.99136
8.4888
7.15248
8.9712
9.03024
0.88416
2.94912
3.72672
3.74832
8.21376
4.93776
8.6256
8.25984
5.3712
8.37072
7.94592
7.54128
7.74864
7.0488
3.16656
7.10928
2.17296
6.87312
7.56864
7.44768
7.45056
7.27488
6.1128
5.66928
6.2064
2.17872
6.72336
6.75072
6.3792
6.7464
2.85408
3.50352
6.37056
1.51056
2.99952
5.82912
6.55488
5.06016
3.64896
1.47888
7.1496
6.43824
6.43536
7.13808
5.90544
5.076
6.0264
4.89456
3.98016
2.93472
5.76864
6.696
6.99984
6.11856
5.80464
2.45808
2.81376
6.8184
1.5912
5.27472
3.7728
1.17216
6.97968
1.61424
5.19984
7.40736
8.34624
2.42928
8.08848
8.136
3.66048
8.01072
8.90784
6.0048
7.27344
9.63792
8.52912
2.09952
10.0872
6.75936
8.78688
7.56864
9.7416
10.88496
5.88672
4.5288
4.45248
6.26112
10.58112
10.17216
10.28592
-99
-99
10.5624
4.4856
9.79488
11.01312
5.6592
12.67776
12.54384
11.99088
9.4032
10.40832
6.72768
10.64592
6.21936
12.82464
11.22912
14.3784
8.89056
13.02192
14.77872
14.93136
14.99904
14.70672
11.6712
11.66688
14.07168
10.764
15.28848
15.8544
15.89904
15.35616
12.20256
10.21824
10.008
9.13824
17.42544
15.48576
9.16272
13.248
17.57088
15.11136
10.12752
1.75248
14.54832
13.81248
5.40864
2.27088
17.09712
19.13472
18.98496
18.88704
16.29216
19.21536
18.7848
16.72992
16.40448
19.01376
19.0152
14.11488
19.78704
19.58976
19.46736
16.20144
9.46512
7.79904
15.08688
21.01248
19.15632
21.8952
15.64128
22.36752
21.0096
21.65616
16.85664
21.6576
21.84768
23.112
21.37824
22.14576
18.65232
16.95312
20.38464
21.75696
20.90448
16.38144
8.73792
13.58928
23.6232
23.52096
23.63472
23.43024
11.41488
18.46944
11.00736
13.43808
20.32992
21.8088
9.45216
19.5912
14.89968
19.47744
9.27648
13.47552
12.36384
16.77888
24.15168
23.508
23.16816
19.72656
23.43168
19.33632
22.92336
22.39632
20.26944
22.62096
23.02848
16.4232
17.604
7.2936
20.03328
22.2336
14.26752
23.73984
23.83776
23.79888
23.56416
18.5184
22.06944
8.52624
20.04192
17.4816
20.86128
23.08752
20.412
24.38208
15.31296
16.64928
9.39312
21.24
24.05232
16.11936
11.27232
24.16032
23.80464
24.72048
24.30576
22.75056
23.79312
22.22928
19.8288
23.30928
22.62528
18.46944
18.70128
19.26864
23.84352
23.58288
23.24304
21.096
19.1088
20.74752
22.05216
15.08832
20.59632
23.26176
22.59072
14.328
14.62608
20.81664
19.12752
21.16368
19.94112
19.51344
16.41744
18.27792
20.86128
20.17008
9.8856
20.68992
18.44064
19.59696
9.6696
17.33904
15.47856
16.04016
8.81568
6.12144
6.42672
19.85184
15.88032
8.39808
19.7352
16.6608
19.05552
14.84496
17.74656
17.57088
14.3784
15.8616
10.30896
6.44832
11.75328
13.14576
13.644
14.73696
14.652
15.15168
13.99968
14.1624
12.50064
9.4536
16.6824
15.42816
12.132
13.12992
12.15792
14.93136
9.91584
1.944
12.14496
13.91328
10.35648
14.37264
15.19488
2.64528
11.17872
3.86928
11.6568
14.44896
13.80096
12.60576
11.60064
11.19888
11.50704
13.77936
11.50848
10.29312
11.89728
9.25776
12.77568
4.3128
10.49616
11.48688
11.61216
12.31056
11.28528
11.47824
10.9008
12.00096
11.76624
11.33712
9.252
10.4544
7.69824
5.23008
9.71712
7.77888
8.23392
5.51664
7.96608
8.80416
3.69072
9.54576
10.18512
9.4104
2.98944
2.47824
7.57872
3.24576
9.17568
8.74368
2.89584
8.66736
8.59392
7.2072
8.36208
8.26272
6.95808
5.2056
2.8512
4.6872
5.56848
4.28688
4.01328
2.70864
5.5584
0.73008
1.27872
5.91696
6.3288
6.4944
1.13904
7.1136
6.57072
7.33824
5.32944
7.93584
6.82848
6.96384
6.12288
4.81968
2.46528
1.20384
6.41088
2.88288
6.60816
6.81408
6.11424
6.93648
6.98976
6.59232
7.04736
6.46848
6.70608
2.84976
6.2784
7.21296
7.14672
7.1856
6.37344
7.05312
7.0416
7.1496
7.11792
6.97968
6.55632
7.4664
7.46352
7.23168
5.9976
7.704
6.18048
7.46208
7.22304
3.3192
8.14896
6.85728
2.6424
4.58064
5.3352
7.67808
8.83152
8.24256
9.23328
7.60752
5.08752
8.62272
6.37488
3.20832
8.69472
9.86976
4.4784
7.0992
3.93408
8.85456
10.3824
10.09584
10.3824
10.33776
11.0448
6.13296
4.0032
10.03392
6.99552
4.99968
10.89216
2.93328
9.54864
11.3544
11.36016
4.13856
13.0968
8.05248
13.32864
11.21904
11.95056
11.06928
11.09808
10.75824
7.58016
12.03552
5.60016
14.97888
13.93344
14.06304
13.7736
11.97072
14.436
13.72896
14.15808
12.18816
13.41216
16.164
11.83968
15.78384
8.70336
13.968
7.89552
5.61312
7.08336
9.34704
4.12416
8.57088
17.74224
17.8056
17.604
13.33872
14.86224
18.28512
17.18208
18.41904
16.1208
18.33984
17.08272
17.25264
16.67232
20.09664
20.09376
18.26064
17.8488
18.14256
19.65456
20.19888
13.03056
13.90464
16.26624
18.31392
17.99712
18.4752
20.45664
11.22336
19.94112
16.956
11.0736
11.94192
15.31584
21.744
16.03872
19.43136
16.45488
19.71648
19.51632
9.77904
14.65488
22.2264
19.73376
21.49632
22.1184
22.0536
21.5928
22.74624
19.116
14.7384
23.4144
23.292
23.2344
23.07744
6.6096
19.0512
24.62256
24.46848
19.95696
16.83504
20.15136
23.29776
24.0984
24.02208
22.66272
22.81968
22.73904
23.64624
22.7808
21.04128
24.53616
24.95376
24.5664
24.42528
20.304
13.52016
16.56144
14.91408
23.40432
11.65824
21.71808
16.62768
12.04992
24.00768
24.9048
24.3936
24.57936
24.19488
22.32
21.19392
24.01056
23.8032
24.43392
23.42736
24.156
23.97168
23.54976
22.76496
13.42656
22.62384
22.07088
22.77648
23.00256
22.63104
18.35568
24.21936
23.29632
17.73216
22.46544
23.33232
22.53168
22.11408
21.40128
21.06864
21.03552
20.56752
19.0944
20.55744
22.38048
22.60512
17.02944
10.57536
19.78128
15.6888
12.7008
16.31376
8.32896
5.98464
19.42416
21.33936
18.8352
20.00448
21.28176
21.21696
19.32336
8.92656
18.88992
21.80448
19.7496
15.01488
18.91728
17.21088
12.10032
21.12624
12.79584
8.01072
19.93104
19.27008
15.83856
13.29552
18.52128
18.33408
18.66096
16.69536
17.35488
18.01008
19.19664
18.57888
15.62256
17.77824
6.49872
11.2608
4.14432
18.11664
15.85872
14.38128
14.63472
16.69392
5.69664
6.31584
12.2256
14.92848
12.1896
12.78288
16.41456
14.61744
16.2432
15.88752
16.75584
16.4592
15.41808
14.14224
14.38272
14.904
12.6144
8.78976
14.87376
6.19344
3.29472
7.41456
13.45104
4.824
7.18128
8.16624
13.3776
12.14784
13.17744
12.85344
12.23856
11.84112
10.08288
2.97648
13.23504
12.8304
11.84832
5.4432
7.20288
2.7216
2.58336
9.98064
11.84256
11.16
3.0456
7.03008
5.68368
7.2072
9.56736
9.19296
9.43632
10.40688
6.3576
0.98784
8.55648
9.71856
9.58752
9.4896
9.0576
4.4352
7.75872
9.31104
9.00288
6.59952
5.13216
8.69472
8.98416
9.41904
8.72496
8.59968
7.75584
7.40592
6.948
4.97808
8.36784
8.37216
6.1488
7.42752
7.7544
7.12656
7.50528
7.52256
7.49664
5.95872
6.29712
6.3792
3.4488
1.67616
3.50208
5.6808
6.38352
6.12864
4.91472
4.47264
6.61968
3.4344
5.7888
6.32448
5.32224
5.57856
2.44512
1.2096
5.73264
5.77584
4.32144
3.27168
5.832
6.5376
6.58224
4.61952
5.3064
6.73488
5.43744
4.11408
4.86432
4.11264
2.232
5.64768
4.92336
4.75488
7.05888
4.68432
5.0976
5.95872
7.56144
7.14528
3.25152
5.36832
8.34768
7.19424
5.92992
7.82784
7.812
7.704
4.3776
6.9552
2.04336
4.68288
6.06816
8.18496
7.48656
4.2984
8.43552
6.67008
9.30384
8.02368
9.1224
9.86544
9.78336
3.15792
9.9216
10.20672
6.95376
6.34752
3.78288
5.84496
4.932
10.18512
11.4912
11.99088
12.09024
5.14224
11.87712
12.1968
10.05984
9.50112
12.43152
10.5984
10.04832
8.59392
8.31168
8.69472
11.196
13.35456
11.64816
13.72176
13.27536
14.76432
14.80896
13.74192
13.82688
4.8096
15.2928
15.60384
15.5448
15.14592
9.15408
5.23584
8.09568
13.48128
9.10368
5.75424
13.6368
14.20848
10.96272
15.43392
17.34048
13.59792
14.98032
9.94464
10.31184
16.06752
16.43616
16.68096
10.1952
11.73024
11.09664
8.72496
2.8224
17.3736
19.1664
17.55792
19.8864
11.55456
19.07568
16.50672
18.77472
14.31216
16.6536
20.088
18.01872
20.1816
16.62624
13.45392
14.832
8.91072
20.85408
22.38192
20.088
21.80016
5.0616
4.01616
19.80144
18.34848
23.62176
23.50224
22.80528
23.13504
21.89664
9.66672
8.39952
4.13856
5.36112
9.05328
18.9432
17.3016
20.63376
22.60368
23.06736
23.57136
19.91952
16.36416
21.90672
23.37696
22.39776
12.31056
23.9616
20.6424
17.19216
20.9232
22.30416
18.19152
25.06896
21.63024
22.67568
24.80832
24.28992
21.94704
13.03344
23.4864
18.45792
23.70672
23.39424
21.04128
21.1824
18.93744
17.244
22.7664
24.58224
19.25136
16.45776
24.77088
17.94672
25.38144
24.38352
22.23648
24.67872
24.97968
24.16464
23.3424
23.69376
23.37552
22.70736
14.47344
22.66848
23.37408
21.09744
17.33184
22.248
22.84704
22.14288
19.56672
18.75312
23.21136
23.27328
21.0888
20.39184
24.30864
24.36912
24.54192
23.42448
24.03792
24.39072
24.05952
15.54624
18.52128
20.31696
19.8072
23.13792
23.11776
22.53888
21.07584
22.19472
20.3256
21.3912
20.29968
21.31776
20.71152
21.57696
20.2464
15.18912
21.79728
19.41264
22.18032
20.0808
15.5376
21.45312
21.08016
21.32352
21.07872
21.41712
11.64672
15.92784
15.24096
19.33344
14.25456
20.3544
20.2896
20.1672
20.43072
20.0808
19.79712
18.396
17.70192
4.47984
6.15312
16.61184
18.36
17.46432
17.28144
15.46848
17.0208
17.7408
17.2368
7.344
13.6944
13.97808
17.07408
16.308
13.85712
13.19616
10.6632
15.33456
9.96048
16.82352
16.80624
8.37792
16.05168
14.77008
5.54544
14.67936
10.75536
13.17024
11.54736
15.07968
14.38416
14.42448
10.32912
10.43856
8.71344
12.79008
11.93616
4.26384
11.97504
7.47648
1.64736
2.27808
12.9528
2.61072
4.99968
8.45712
12.74688
10.90656
5.51952
7.94016
8.93808
5.0904
2.0736
6.91632
8.59104
8.32176
2.80224
3.24576
5.86512
9.5688
10.64736
9.04032
7.0128
10.2312
9.89424
9.1368
3.85056
5.58432
9.64224
9.98784
9.96912
9.74448
9.2736
9.072
5.88816
6.0696
6.69024
8.60832
8.38656
8.34624
6.54912
7.07472
6.16608
2.21184
2.6712
2.81808
6.84288
6.39072
3.20832
0.28656
7.47648
5.86224
5.65056
7.32528
7.39728
6.45984
3.13776
3.78864
7.04448
7.10352
7.28352
7.05168
7.08336
7.10784
6.78528
6.79104
6.58944
1.46448
3.7872
4.04064
6.42096
1.00656
2.03472
6.31728
6.34608
6.89184
6.9336
5.69088
6.72912
6.0984
7.19136
7.4664
5.87808
5.1696
7.14384
5.94864
6.94512
7.04016
6.68736
7.29216
7.3368
7.62768
7.39296
4.61088
7.25328
7.17984
8.04384
8.20224
7.49952
8.05104
8.52624
4.54032
4.63248
2.48976
2.81952
1.6632
3.1248
6.36048
2.37456
4.9104
0.77904
3.19104
8.47584
6.98976
3.50784
6.68592
4.09104
6.52176
6.36048
6.62256
9.33696
9.46512
10.48752
11.02752
7.1928
3.99168
5.13504
2.808
11.27088
9.80784
9.56304
11.31408
11.33856
11.19312
11.61792
12.21552
12.37104
5.14224
1.6128
12.9384
11.68272
12.46032
0.06912
-99
10.36512
2.5704
12.19824
12.8808
12.90816
15.01632
11.31552
14.52384
15.08832
14.05152
8.90928
8.72352
14.95008
15.07392
16.20144
16.55136
16.08768
15.93936
16.34112
13.57344
14.3856
14.40288
3.4488
15.94656
15.9048
8.53056
17.712
18.0432
17.94672
12.204
12.89952
19.11744
18.85104
19.18512
11.6136
19.41552
19.0224
19.78128
19.66752
19.65744
18.91296
19.764
19.65168
19.48176
16.61328
20.05776
15.89904
18.91584
13.97664
20.5272
21.69792
21.52656
18.78624
21.55392
14.86512
2.952
5.91984
22.03632
13.32432
11.43072
22.95504
14.00544
7.56144
19.96416
18.76464
23.76432
22.96944
21.83904
19.7064
19.66032
16.20864
20.60784
22.03488
23.18256
23.08464
22.6008
20.26944
16.03296
24.53328
23.92704
20.9736
22.98672
23.48352
23.868
24.06528
23.19264
21.51792
22.7592
17.30016
12.58272
23.688
24.07392
22.07808
8.83008
9.7704
16.95744
23.14656
17.51184
17.57232
21.86784
24.18624
24.58512
24.46272
24.984
24.30864
22.18896
23.89968
23.86656
24.30144
22.7304
23.78016
22.54608
23.39136
22.9464
21.99888
17.52912
21.28176
15.6816
16.98336
22.716
23.49936
20.196
24.92064
24.732
24.86736
24.62976
16.28064
18.07632
14.3928
20.75904
18.7992
20.69568
23.11344
11.41488
17.50464
20.50704
20.84976
22.4064
21.22416
19.86624
21.55968
13.3704
19.90656
13.68144
23.90256
20.45088
21.1536
21.86064
21.62736
21.68928
21.81888
20.30688
7.54992
18.92592
20.15568
21.11328
19.90656
19.58544
15.55776
17.34192
10.51056
21.62592
20.94624
21.74832
20.89584
21.25296
15.56352
18.08784
19.98288
19.4616
15.8832
18.22608
19.11744
19.07136
15.41808
17.24256
15.9984
17.17632
13.18464
16.64064
6.984
10.9152
10.26
15.87024
19.5192
13.98528
14.38704
18.3888
16.1712
17.26128
16.2648
5.40144
18.5616
17.54784
15.00768
17.50752
12.93696
1.61712
16.45776
16.02576
10.6344
17.16768
16.164
13.00608
8.0784
14.28048
15.00048
12.4776
12.71232
15.31728
12.63456
15.22512
7.11504
3.90528
12.23712
10.97424
12.32352
13.62816
13.9824
11.36304
13.7664
12.59568
12.38688
11.79216
10.89504
12.02544
7.10208
9.61632
11.28528
11.03616
4.24224
2.68992
9.91296
11.51856
11.70288
11.68272
11.17008
11.13408
10.36944
10.89648
10.51776
11.10816
10.48752
5.58864
7.15968
5.43888
9.03168
6.3576
9.86832
9.93168
10.2312
6.41664
8.9856
7.97328
5.02272
9.3528
9.7488
9.28512
8.99136
8.6544
8.48592
8.15904
8.2584
8.30736
8.2584
7.53696
6.76944
6.04944
1.42128
8.08704
7.9776
7.81776
6.41952
7.98624
3.01968
7.4016
7.79184
7.47792
7.27344
6.8832
5.86224
1.95264
7.128
3.38112
2.1528
6.20496
4.73616
2.85408
7.14528
7.36272
7.236
1.87488
6.7464
5.58144
6.66864
5.2488
6.7968
6.82992
3.69216
6.00336
7.23312
5.49504
4.03632
6.63552
5.23584
6.8544
3.85056
5.28768
7.0776
7.38576
3.15216
1.46016
6.20208
6.9336
7.35696
7.32528
7.82496
3.63744
5.93712
7.73568
7.97184
8.04096
6.82848
5.07744
8.11872
8.17776
8.77248
7.88112
8.52336
1.85616
1.29024
6.10272
8.90928
9.1224
9.1656
9.36288
2.48544
6.7608
6.16752
1.87488
0.99072
2.93616
10.78128
9.2376
9.62928
11.3904
9.70128
2.15712
8.17776
4.79952
11.07072
5.92128
5.92416
11.46672
10.51488
5.25168
10.23552
12.27312
11.70576
12.56112
12.62448
2.85984
1.89648
1.0944
5.35968
8.58816
12.89664
6.6456
9.79632
11.36592
15.1056
7.4736
13.76784
12.51792
11.54304
13.7664
7.5672
9.76752
9.86256
14.63328
8.19936
16.80912
11.56752
11.04912
15.33312
16.18272
16.47216
2.0592
6.71616
17.42688
15.768
18.3024
17.16768
15.06528
18.2088
18.37728
13.67856
17.16624
18.036
18.7488
13.50144
9.88128
5.55408
16.74
13.57488
17.29872
17.88336
5.5656
4.59216
18.83664
5.29776
20.58192
20.31264
19.75824
20.15856
20.16576
17.8992
16.75728
19.88928
18.85536
19.3176
19.44
5.88528
10.18368
16.64352
15.02064
23.19696
15.19776
8.37936
7.488
10.224
15.38208
12.79152
19.62432
10.93824
22.03056
5.93568
24.43536
21.85344
23.85072
23.48208
21.32928
21.13344
22.0392
22.49568
22.48848
21.58416
20.1816
22.5864
22.07952
13.10688
14.72544
13.43232
20.06064
19.3752
23.72112
22.10544
21.02544
8.54928
21.13632
19.10592
8.91072
18.77904
21.78576
19.8792
16.95312
23.91984
21.55392
22.1112
23.77008
21.49488
24.12144
22.71024
24.72624
13.14
24.71328
13.99968
24.048
18.9
21.66192
22.45104
23.80176
21.73104
17.78112
22.67856
23.4936
22.22784
21.01824
24.37488
24.37776
13.03632
24.09264
21.6
22.94496
19.88064
23.3136
18.34272
22.73904
16.93152
23.148
21.9528
20.13696
22.3992
21.18528
23.15664
20.50272
13.73328
16.4448
22.32144
22.06224
19.6992
23.03568
21.33648
19.4544
21.59568
21.39984
22.32864
22.10544
21.35808
20.93616
21.46176
20.76624
21.85488
18.20016
17.5536
9.52704
16.10352
18.70848
16.63056
19.18224
18.64512
20.772
19.68912
11.00592
18.63504
20.10528
20.4912
18.4968
19.18944
16.83936
19.3248
15.9552
15.90336
17.47008
13.26672
11.1168
15.18768
2.04048
13.4568
13.824
9.18432
15.16176
14.8464
16.812
17.496
11.71008
13.0824
10.32624
15.51024
14.07888
17.01504
14.6592
4.29552
13.73328
15.85152
9.58608
15.8184
15.88608
15.09984
15.32592
15.78672
13.66128
10.27152
13.60224
15.08832
15.43968
14.64768
14.36112
14.38992
15.30576
14.57424
14.30496
13.58064
10.43856
14.42448
6.44544
10.692
9.684
11.7
8.56656
7.9056
10.23696
12.18096
12.61872
11.11536
4.8096
6.23664
8.03808
11.16576
10.89936
11.34864
11.73168
11.33856
8.57808
1.58112
3.74544
7.28496
9.2016
5.92848
10.27008
5.91264
10.33056
9.74016
1.908
7.05024
8.74656
3.97872
7.74432
7.75584
8.62992
6.9912
7.44768
5.80176
4.94352
4.84848
2.0448
3.69936
4.36176
4.18752
8.0856
5.59296
1.41408
8.1216
4.38768
6.14736
8.05392
7.03872
5.3352
6.66432
5.32368
6.7968
4.86144
6.72336
6.77664
7.07472
7.26048
6.58224
5.7312
6.70752
6.45984
5.8104
1.1448
5.60304
5.3784
2.16576
5.25456
4.19616
6.74064
5.94144
6.22224
6.63408
6.07248
6.66288
5.20992
4.70304
6.61392
6.61392
6.8256
7.2432
7.01712
7.10928
7.30512
7.13808
6.75504
7.13808
7.7544
6.82848
4.24656
7.7544
7.83216
7.78896
7.63776
7.4376
4.84272
7.86384
3.83616
6.60384
5.832
7.8912
1.93248
8.4816
7.56432
5.27616
9.22464
8.81568
9.00144
8.88192
9.07488
2.40768
8.4816
6.24096
5.1624
5.8464
10.46448
10.21536
9.83808
10.03824
8.39232
10.14768
9.46368
8.21088
10.69776
11.37312
11.40912
11.6496
11.8368
12.1032
11.70432
10.41408
7.16688
9.02448
11.64528
12.64464
12.04992
12.60288
12.5784
12.80592
13.1976
12.40992
12.83904
13.01904
13.07232
10.59696
12.44448
2.124
11.50848
12.33648
14.38272
14.76144
12.5928
9.13248
12.40128
14.74416
15.92496
15.72048
15.71184
16.22016
10.79424
16.57728
16.44048
16.14672
17.06832
16.51248
16.94736
17.92656
17.68176
17.62848
17.53776
16.75296
7.93584
16.596
15.59232
6.35472
19.78848
13.55616
16.09056
13.95216
14.87376
13.9608
11.2104
19.044
20.10816
20.5632
17.29008
15.99264
19.1376
14.96448
9.9792
14.39856
4.45392
7.4448
2.68704
15.11424
16.23456
11.93616
21.89232
21.55248
16.06032
13.67856
16.42032
21.64752
15.61824
3.32784
22.068
23.9904
22.17168
4.91328
12.20976
22.37904
19.57104
20.39472
23.9616
21.81312
23.38992
23.16816
17.26848
6.96672
16.88112
14.69376
24.04944
23.42016
23.54256
18.5544
3.69216
-99
0.08928
23.36256
21.82608
24.30288
24.23952
24.69024
24.74928
24.71328
14.36688
23.69376
16.08192
21.3192
21.07296
23.5224
9.16848
22.42512
2.59776
25.44768
20.0304
17.21952
24.0768
23.76864
24.50016
23.10048
24.012
21.18384
20.40912
23.42736
23.53968
22.85136
21.10896
23.53536
24.0192
24.69456
24.21936
24.0768
23.82048
23.26896
23.39568
23.10192
23.33088
20.94624
15.83712
6.9912
15.16464
24.04368
23.7528
22.76784
20.33568
15.71616
23.31936
23.74704
18.11664
22.30704
21.53088
22.35888
21.77712
22.5288
22.51872
22.12416
22.1184
16.25328
13.63248
23.67648
22.87872
20.83824
14.41296
20.56176
22.2624
21.70944
21.07584
21.35808
19.58976
13.09824
21.11616
21.33504
21.0672
20.19024
18.96192
20.22048
21.38256
20.4624
20.03472
16.60896
16.48368
19.18656
8.62416
18.252
19.62144
19.81584
19.65312
19.48608
15.03792
8.17056
19.25568
18.08496
18.64656
15.61248
13.8312
18.61776
19.16208
18.83808
17.02656
18.4248
18.58896
18.30384
12.75696
3.02544
11.70288
17.24544
6.26112
12.9528
15.38784
11.52
16.23024
14.77008
16.32384
14.0616
7.15536
14.08032
12.96288
15.89472
12.58704
15.35904
6.52464
8.13888
14.44032
12.50208
12.97584
14.72544
13.98816
14.19264
9.91872
10.22976
12.3048
9.74304
5.01696
3.3336
6.92928
9.61056
11.2032
6.45552
13.20336
11.99088
11.38896
8.44416
11.1456
4.55184
4.84272
2.55744
6.58368
11.36016
11.44224
11.09664
10.49904
4.50432
8.39664
9.57456
6.23664
5.95872
9.18144
9.0648
9.86544
8.42112
10.08288
4.15728
7.11936
7.5384
8.62272
8.02512
9.324
4.4064
2.42208
7.15536
7.83216
5.84208
6.14592
8.47872
6.38208
7.17696
5.82768
6.66576
7.83936
7.38144
7.67232
6.46128
6.37632
4.5072
7.26336
4.36176
5.8824
3.55536
0.63072
1.26288
6.25248
6.87888
6.87312
7.23744
5.63184
4.28832
2.04768
3.0168
6.948
6.9048
1.55808
2.46384
5.17104
3.5496
3.20976
4.788
6.89616
6.57216
6.05376
6.7608
6.23376
6.9336
6.68736
6.7464
3.37392
5.13216
6.83136
5.3856
5.11056
7.16832
7.27344
6.84576
7.17984
7.1352
6.4872
1.72224
7.54848
7.73712
6.81264
7.85088
6.9624
7.51104
7.65648
7.53552
2.32272
2.10672
0.3384
2.17152
7.50816
7.81776
3.74544
8.21808
6.87456
5.14512
7.61904
6.39504
8.49312
7.75728
9.39168
8.47584
9.05184
10.1736
9.87696
6.3792
3.79008
9.67104
9.88848
7.67808
1.20384
9.00144
9.04608
9.73872
3.47328
9.91152
11.74752
11.89296
11.1528
12.04416
11.6496
12.34512
12.59856
6.90624
10.96416
12.04704
5.48208
8.50464
11.64096
12.78576
9.28656
11.0664
8.44416
14.9256
14.22144
14.0112
14.48064
8.23968
14.74272
13.0608
12.53952
15.32304
12.28176
0.80784
5.93424
10.64736
13.17024
14.07456
14.94144
6.91632
10.08288
6.95664
5.36256
9.12816
15.80256
15.37056
17.74224
2.54736
3.27024
2.24352
6.4224
18.44496
19.368
19.2888
17.8704
10.91808
14.4216
18.7704
16.40016
10.92096
22.4136
2.38752
18.96624
16.55136
17.46288
11.94192
12.7368
6.95808
4.75632
2.3616
10.83024
18.9432
21.58272
21.10032
15.0336
12.82752
17.6328
20.69568
17.86176
15.26688
17.54064
21.72384
21.61728
13.60944
22.00464
19.24128
21.28752
8.32608
7.632
17.4672
13.33584
19.59264
4.56912
19.12752
12.43296
19.91088
23.43024
23.976
23.80752
22.3992
23.91408
22.69152
17.79696
17.63568
24.1056
24.18336
23.58432
23.6376
19.84752
22.00032
16.58592
17.01936
18.44784
11.51424
24.35616
21.90096
13.40496
21.852
22.8168
23.13792
9.29376
23.53536
24.76512
23.78592
22.27536
6.99552
22.07808
18.48528
15.44544
18.58464
22.8024
24.228
23.67504
22.43952
23.61024
23.67504
23.37984
23.71392
19.02672
19.47168
23.92848
23.32512
21.86496
23.8392
24.1488
23.9688
23.6664
22.29408
21.31776
22.71024
23.01984
15.93216
22.53888
19.87776
22.99824
17.3592
22.21344
22.8456
23.48784
19.59984
15.22368
16.88976
21.25152
21.9888
21.348
21.86928
22.20768
19.368
21.72672
21.35952
19.836
21.28176
21.17952
20.19456
22.16592
21.42144
22.33728
20.47824
20.58912
18.5112
12.67488
13.29984
18.00576
17.3952
16.5816
17.45424
20.67552
17.55504
14.26464
20.51856
19.92096
18.34128
18.52272
18.84096
19.91232
12.30912
18.42624
17.66592
14.90688
8.532
20.0016
19.84608
15.09264
18.6984
18.57024
19.05552
18.5256
17.76528
13.23936
9.65664
8.0064
16.05744
17.08416
17.01504
17.172
17.07696
14.91408
13.62384
8.52192
4.23216
15.22224
15.80832
10.11024
15.92784
14.3856
10.12896
16.23168
15.0696
8.91648
15.45552
14.4288
14.38992
12.50496
2.7
12.12768
10.80432
14.46768
12.89952
10.61136
11.83392
10.20528
6.11136
13.76784
13.6872
12.33648
10.32624
12.72384
12.87216
12.25296
11.9304
9.6768
5.41008
7.7688
2.53872
11.16144
11.18016
9.42624
10.60128
10.8864
8.52912
10.11744
10.512
10.39536
9.684
9.30672
2.0088
1.67328
5.01984
1.86624
3.43584
8.56368
9.00288
8.8416
9.00864
6.90912
6.85872
7.55712
8.05536
2.38032
8.34768
7.09632
7.93296
7.37856
7.77744
7.58448
7.992
6.16752
5.6088
3.1608
2.82816
1.78272
6.92496
6.9336
4.97232
5.57712
7.35552
4.67136
7.128
7.12512
2.6208
2.99232
6.25104
6.98688
21.24288
34.00704
32.86224
14.47488
5.72544
7.1712
5.13792
4.0176
4.35888
7.02288
6.0624
7.07904
3.42864
3.1608
7.56576
7.0704
4.15296
7.65936
6.75792
6.40224
7.94016
3.7044
8.91
9.6138
10.3914
9.6264
9.639
2.8602
4.3488
1.8162
1.611
9.9918
10.278
9.783
10.2654
8.1216
9.711
10.2978
7.5222
7.9686
3.087
8.235
7.6644
10.0962
10.3896
4.5954
6.813
10.7046
9.6678
10.459914893617
7.6644
9.5004
11.997
11.466
9.1422
7.0794
9.2862
8.1126
10.6776
5.4486
4.9482
10.8036
12.3912
6.291
12.7422
1.5462
2.844
9.252
12.3912
9.684
10.0926
6.5088
6.7932
2.673
13.149
13.3722
15.6744
7.0038
16.065
13.9338
8.4096
5.2992
9.4248
10.9026
12.3678
9.0864
7.8354
7.1676
13.4352
18.4572
17.1918
10.935
18.9558
16.8192
19.737
19.8234
18.324
19.503
10.215
20.016
20.5416
19.9872
21.2418
21.2652
19.5876
15.372
15.6276
21.6756
21.0006
21.0528
21.951
20.1114
22.0932
21.3336
20.4336
22.8618
22.9824
20.1276
20.4966
7.065
3.8862
7.7886
24.8202
20.2392
9.3672
20.6712
17.4744
19.0476
26.0568
22.545
15.4134
6.3486
11.6496
26.055
23.8608
20.2338
4.6116
15.9732
15.5448
22.563
20.5128
15.7194
19.4724
25.5636
27.7344
27.3672
21.5586
23.3946
27.6372
18.1152
19.746
29.3076
23.3226
25.1694
29.2284
24.8544
21.6792
27.1116
19.1826
22.95
27.6876
26.1072
19.5516
9.4014
27.927
12.618
23.4774
27.7614
28.4166
29.2824
24.1416
20.9304
18.9432
27.6354
25.5744
19.2654
20.8926
20.8728
30.7746
30.717
27.6678
29.3004
20.3868
29.3436
29.3652
29.6874
26.2224
19.359
9.9504
27.279
13.4946
16.6284
28.8774
30.3246
18.2412
31.131
30.5496
24.3864
30.1356
24.7302
25.1622
15.318
25.7418
29.7234
23.8806
25.6482
29.7774
26.7138
21.1248
27.6066
29.1762
29.268
24.084
16.9272
27.765
29.8746
29.6514
29.5902
28.7136
28.836
28.6956
27.6624
28.098
28.1286
24.8436
26.5356
25.0434
14.7474
28.2078
26.3682
25.3404
17.5284
11.9772
28.5444
24.3144
23.319
19.2276
26.4618
22.2912
23.8482
23.9544
15.876
13.5918
16.4052
22.5036
24.6834
23.0526
17.5122
22.3596
25.5006
25.5834
9.1926
22.356
23.5314
22.5504
12.3354
13.8042
20.106
21.5352
23.1102
16.92
6.516
6.4476
15.3378
4.4568
17.2818
20.1384
12.9564
20.2428
17.2584
13.8258
21.1302
15.8328
15.8184
16.5654
14.8626
14.9346
15.8472
18.936
16.6608
20.6982
15.1938
21.2706
20.2338
13.491
6.7086
13.8582
6.435
17.6202
18.6264
18.3888
17.721
7.4808
17.2134
16.2468
14.9166
11.3094
9.6894
17.3808
16.8156
17.145
15.1218
4.1148
8.7768
16.5348
16.4178
13.7268
11.1816
10.9728
7.9182
8.7192
12.0654
13.5342
8.7948
7.9596
9.0306
14.481
14.4558
14.085
13.4676
11.7576
13.0806
5.9598
4.023
10.4814
10.6614
9.0306
11.4732
12.6792
11.9736
12.7602
12.708
12.0258
8.1666
2.3706
6.741
4.1904
9.3888
10.9314
7.371
2.6874
10.6434
10.3482
10.1286
5.022
8.7498
7.0578
1.7658
4.2858
9.459
9.9522
8.3448
7.5852
9.9324
9.5166
7.8534
9.4122
9.2448
7.8228
8.9802
8.3232
7.7166
8.8488
7.6212
4.4388
8.9694
8.6832
7.8426
8.6634
8.6832
6.8958
4.9428
8.3808
8.1162
8.3304
6.0894
2.6352
2.4426
4.0248
6.435
7.3386
8.145
8.6706
8.3538
8.4564
8.6994
9.1008
8.19
8.2746
9.1512
4.0032
9.8604
9.4482
8.0406
7.6626
0.9612
9.5652
8.2872
9.7218
9.5616
10.1628
9.9864
10.2492
10.2078
8.6328
9.7956
8.2152
10.4148
10.5624
10.2528
10.7262
11.1924
11.3508
11.646
11.5272
11.7414
11.9898
12.0852
12.4128
12.0672
6.9768
6.8526
12.654
12.3912
11.961
12.915
12.2706
11.9052
5.427
6.4008
12.825
13.3326
5.0346
14.3946
14.697
1.764
15.2964
15.5106
15.6474
13.743
12.1248
9.8622
3.87
12.9798
12.4884
16.254
6.3558
15.9732
13.0536
12.9456
6.2658
14.265
4.0248
18.18
10.3752
4.9608
8.8632
10.7694
5.7708
5.2686
6.2172
4.6026
6.4836
3.852
10.8468
11.7396
17.0352
8.1864
3.6954
16.3764
3.591
18.3546
16.4988
7.7544
9.0612
18.945
23.8374
23.4018
15.8778
20.3346
20.8026
21.3462
25.1644595744681
21.8358
22.4964
10.827
21.249
6.4746
2.5416
20.502
24.1092
24.5772
25.4268
24.0462
12.0654
5.0976
4.7556
20.565
14.6826
24.9336
26.4492
25.9362
13.0356
19.9278
24.9552
23.9508
26.064
14.7654
16.596
13.2084
22.7898
26.2548
23.283
25.4376
28.125
27.9792
28.4166
28.3554
28.1574
26.6364
25.4718
27.0486
28.2024
28.1052
27.018
27.423
27.3042
27.9144
25.3458
6.1002
13.734
29.6298
28.827
29.8998
28.7082
28.692
29.8422
29.7126
26.5824
28.4382
26.4978
29.673
28.4526
28.0224
21.1878
28.566
30.2148
29.7216
27.6876
29.4066
23.814
29.2986
24.507
28.8918
28.4598
28.8162
18.342
13.482
25.6572
29.916
30.9384
30.0402
28.9692
16.038
30.8034
28.8828
24.1794
27.2988
27.0666
24.7338
28.9332
26.3412
12.4074
29.0394
29.5092
29.6262
29.682
29.3076
29.1456
28.8576
28.7856
28.1034
27.4968
27.0972
27.3438
27.2592
27.4122
27.3744
26.8398
23.6862
26.6706
20.601
25.7238
20.4552
19.251
22.8258
17.7822
25.668
26.874
26.5986
26.5896
26.7192
23.373
26.1738
20.0034
26.424
25.6968
26.2188
25.8246
25.5672
18.504
22.4442
24.957
14.1912
18.2124
18.8118
26.2098
25.7652
22.2174
22.7088
24.9426
22.491
21.1572
19.1466
23.7726
23.751
14.949
19.7316
15.6564
22.9698
18.9162
16.8156
22.3272
16.6572
22.581
18.3276
14.1678
19.6812
16.5078
17.784
19.6938
6.5952
7.6374
21.0978
16.6482
17.7318
12.7314
19.2096
14.184
14.9724
17.9118
7.731
10.3446
17.865
17.5284
15.2766
11.5974
14.697
18.6084
18.7452
18.3438
15.5646
16.6716
16.7058
15.4188
6.9138
12.33
15.1524
11.0682
6.345
15.6078
15.0462
15.6654
14.184
13.9356
10.08
12.1302
7.1208
3.7116
11.106
11.385
5.9742
10.9746
11.7432
10.6344
11.2788
11.619
11.3544
10.7262
6.7482
12.4758
10.7766
6.48
12.9366
12.8592
12.4776
9.9288
10.0152
7.6842
11.1564
10.2978
8.6112
10.4184
8.0712
6.7284
9.6246
5.7816
5.3064
10.7226
10.6236
2.5974
5.2686
7.1172
8.7174
8.3088
9.4374
7.8282
5.1948
9.0558
5.9958
6.2244
8.901
6.8418
3.897
6.2172
6.0768
3.9402
1.764
8.8938
7.2756
2.0952
2.547
2.3346
7.8912
6.8328
8.1666
6.2496
6.7824
7.227
5.8914
6.813
8.2782
8.5968
8.469
8.5158
7.1766
8.4582
8.3718
5.6178
4.545
8.5464
