20000101
-99,-99
-99,-99
-99,-99
-99,-99
-99,-99
-99,-99
-99,-99
-99,-99
-99,-99
-99,-99
-99,-99
-99,-99
-99,-99
-99,-99
-99,-99
-99,-99
-99,-99
-99,-99
16,4
13,-2
13,-3
12,-4
12,1
10,1
6,-2
11,-2
15,5
14,1
16,-1
18,0
19,-1
15,0
20,6
22,5
19,1
17,-1
15,6
18,3
15,6
18,4
18,-1
20,3
16,1
13,0
20,5
21,4
15,6
12,6
20,5
19,3
15,8
15,0
15,-1
18,-2
18,1
22,0
20,1
15,1
16,2
17,5
18,2
19,2
20,-1
21,2
19,3
17,1
18,6
23,3
29,4
28,4
25,4
22,3
19,6
23,3
22,11
22,4
22,2
25,3
18,10
15,2
17,3
18,3
14,10
20,4
21,4
12,8
14,5
14,2
16,1
17,-1
17,3
17,2
17,4
19,7
21,6
17,7
18,5
17,2
14,4
14,9
13,9
18,9
17,6
20,5
23,8
18,7
22,12
18,10
23,6
21,5
24,7
25,10
27,10
15,7
22,4
25,7
21,7
21,12
16,7
21,4
23,8
25,6
28,6
28,8
24,10
26,14
24,15
21,15
25,16
20,16
19,11
25,11
25,11
27,13
27,12
29,11
28,11
28,12
20,13
19,15
22,12
25,10
18,13
25,13
27,14
29,15
30,14
24,13
26,13
28,13
29,14
28,15
29,15
27,16
32,17
31,14
29,13
25,12
29,11
30,12
27,13
20,12
18,11
23,15
26,16
25,16
32,16
35,17
31,15
29,13
30,15
27,13
28,15
29,16
26,18
25,19
25,19
27,19
34,18
31,17
30,22
33,20
32,18
32,20
30,19
29,17
28,14
34,15
33,17
30,18
27,17
26,14
23,14
26,13
25,13
27,15
26,17
27,18
24,16
28,14
29,17
29,18
30,17
33,15
30,16
28,18
32,17
30,16
33,16
29,18
29,18
31,18
32,18
32,17
30,19
30,17
26,15
29,13
30,13
33,13
31,15
32,18
35,17
34,17
32,20
32,17
34,18
36,20
35,18
37,18
34,17
34,20
36,21
30,21
33,15
32,14
35,20
33,16
32,17
31,17
30,18
32,15
31,18
29,17
31,15
26,18
25,16
29,15
29,11
29,12
31,16
29,13
30,10
31,11
32,12
31,15
31,15
32,17
30,18
28,17
27,15
25,16
27,14
24,10
25,8
30,11
26,11
28,14
28,18
28,15
26,15
27,15
25,14
23,10
23,11
23,10
26,13
26,11
28,11
23,15
23,10
23,6
23,10
15,10
22,12
17,12
13,10
21,7
15,10
20,12
23,9
22,7
24,9
23,14
22,14
21,17
22,17
22,15
21,11
24,13
23,11
22,10
21,11
23,9
18,8
19,5
18,7
17,5
19,2
18,2
20,9
18,3
17,1
16,3
17,0
16,0
21,9
20,11
16,4
13,3
16,5
16,3
17,1
18,0
15,8
16,5
20,4
18,8
16,3
17,2
20,4
19,7
20,5
16,10
19,8
18,9
20,10
18,4
14,1
18,3
18,10
19,11
23,8
19,3
19,1
18,2
16,3
19,4
23,4
13,3
15,0
16,-1
17,0
17,0
17,2
14,7
14,12
13,7
14,6
16,5
18,7
15,4
12,1
16,2
10,1
15,-1
18,-1
20,6
15,4
18,4
18,3
15,8
14,4
14,0
12,-2
15,3
18,2
15,8
14,10
10,7
8,7
13,3
13,1
12,0
11,2
16,3
15,0
14,2
18,5
20,5
17,3
13,1
14,5
11,6
13,5
15,1
16,1
12,5
14,-1
18,-2
20,-1
19,1
22,3
19,11
19,10
16,2
18,0
19,3
15,2
14,3
11,7
16,2
18,0
18,0
12,6
18,0
21,0
20,0
23,1
18,1
11,7
11,1
13,-3
14,0
13,-2
15,-2
21,8
23,12
22,8
21,8
17,7
21,11
18,10
21,5
22,9
24,8
18,8
18,6
19,3
21,4
17,5
19,7
21,5
20,5
25,8
26,12
24,12
30,10
30,7
21,8
21,5
20,4
19,6
16,6
18,3
23,6
21,5
22,5
20,7
21,7
18,9
23,8
16,8
20,4
22,6
22,5
19,5
20,10
16,4
21,2
20,2
19,5
15,9
16,9
16,6
13,4
14,0
18,1
22,3
23,7
22,10
20,5
23,6
24,8
23,8
18,10
18,4
16,7
16,5
18,7
18,9
20,8
20,10
22,10
22,7
21,12
28,13
27,12
26,11
26,12
30,18
30,16
24,14
22,13
28,14
30,16
27,15
26,14
26,14
26,12
30,12
33,15
32,13
33,15
33,16
35,16
32,18
28,18
28,18
26,18
27,16
31,14
26,15
28,16
30,14
28,14
24,15
27,14
27,11
28,15
33,15
34,16
31,14
24,14
27,16
30,12
29,11
36,14
36,17
34,17
32,16
31,18
31,21
33,18
32,17
32,14
34,15
35,19
34,17
33,18
31,18
30,21
32,18
28,14
30,14
30,18
31,16
28,17
26,20
32,19
32,19
25,14
25,15
31,15
26,16
22,14
26,12
29,12
32,15
29,16
34,17
33,18
34,19
34,18
34,18
35,19
36,20
36,21
37,22
35,19
34,21
30,19
29,19
29,17
32,17
31,19
33,19
29,21
33,17
32,15
33,16
34,17
34,19
32,22
33,19
32,17
30,18
34,20
35,15
35,19
35,18
36,18
36,18
35,18
33,20
38,18
34,19
31,19
28,17
27,15
29,14
30,14
25,17
29,18
30,12
30,13
29,14
29,13
25,16
26,12
27,10
28,12
25,18
27,15
27,15
20,14
23,7
22,11
25,13
28,12
25,15
27,16
19,13
23,13
25,11
25,12
24,14
24,15
25,14
28,14
28,15
28,17
26,14
25,13
29,17
26,17
25,11
23,11
25,13
26,12
28,12
24,14
26,14
25,12
27,12
24,10
28,14
25,13
22,12
26,11
26,8
25,10
24,10
24,9
23,7
24,10
28,13
26,14
29,10
24,14
22,14
22,7
22,4
23,4
20,7
20,7
24,4
20,4
11,5
11,5
13,9
18,9
20,9
13,7
9,5
14,6
15,9
16,6
14,5
17,2
15,-1
15,-1
16,1
16,1
20,2
15,0
13,0
14,-1
18,0
19,4
20,3
15,3
18,3
16,2
20,2
21,3
17,2
16,4
15,0
14,-1
14,-2
14,-3
13,-3
6,-2
7,0
14,-2
8,-3
9,0
11,-2
13,-3
11,-3
11,-5
8,-3
9,-5
11,-8
12,-7
14,-5
17,-5
16,-3
11,-1
9,4
9,4
10,4
10,7
9,7
10,5
13,0
14,-2
12,0
14,-1
13,0
15,-1
15,-2
13,-1
17,7
13,5
13,0
13,-4
14,-4
14,-3
15,-2
19,-3
17,2
20,1
18,4
16,1
23,1
19,1
22,1
18,-1
16,5
16,3
18,0
20,-1
16,2
18,3
14,1
17,6
17,0
20,-2
20,1
19,1
21,2
20,0
23,2
13,5
10,1
6,4
10,3
15,1
15,-1
13,-1
14,3
20,3
19,3
19,4
18,7
18,5
20,4
18,7
19,8
12,5
16,1
16,0
12,8
15,7
16,7
23,5
21,4
23,4
20,2
20,8
20,7
20,7
22,6
18,5
19,7
21,6
26,7
25,7
28,6
25,10
24,10
18,3
16,1
18,-1
19,1
17,2
14,8
16,6
21,5
22,4
16,6
13,7
19,7
20,4
21,5
16,12
15,10
21,7
12,8
14,8
14,10
21,10
12,9
16,8
17,6
20,7
22,7
21,8
23,7
22,8
24,5
28,8
27,11
15,11
24,12
23,12
25,9
21,8
25,11
20,11
15,10
18,8
20,7
18,7
16,5
17,9
14,12
17,11
19,10
13,10
22,9
26,9
26,11
27,11
26,11
25,12
23,11
27,9
28,11
26,11
23,15
19,9
26,7
23,11
23,8
17,10
20,8
25,11
24,11
30,13
30,11
29,15
27,14
26,15
24,10
18,10
22,10
14,11
25,9
23,9
26,10
34,12
29,15
34,16
30,13
31,13
31,14
32,13
29,15
30,15
29,15
33,17
33,18
33,17
32,20
30,18
31,17
28,19
28,16
23,15
24,14
26,15
29,17
25,16
26,14
22,18
27,17
27,15
27,17
-99,-99
26,15
28,13
22,14
24,24
27,17
24,16
29,15
30,15
28,16
31,16
30,17
32,17
31,17
31,18
30,16
32,20
31,20
31,18
32,19
33,19
27,18
19,14
-99,-99
-99,-99
-99,-99
-99,-99
-99,-99
-99,-99
-99,-99
-99,-99
-99,-99
-99,-99
-99,-99
-99,-99
-99,-99
-99,-99
-99,-99
-99,-99
-99,-99
-99,-99
-99,-99
-99,-99
-99,-99
-99,-99
-99,-99
-99,-99
-99,-99
-99,-99
-99,-99
-99,-99
-99,-99
-99,-99
-99,-99
-99,-99
-99,-99
-99,-99
-99,-99
-99,-99
-99,-99
-99,-99
-99,-99
-99,-99
-99,-99
-99,-99
-99,-99
-99,-99
-99,-99
-99,-99
-99,-99
-99,-99
-99,-99
-99,-99
-99,-99
-99,-99
-99,-99
-99,-99
-99,-99
26,12
25,11
24,8
24,6
23,15
24,12
20,13
25,12
28,11
26,11
29,11
23,10
23,7
17,15
16,13
24,12
25,10
24,8
26,9
25,12
28,12
22,8
20,7
20,9
24,9
25,15
24,12
22,10
19,10
25,7
24,9
24,9
22,10
20,10
23,9
18,11
23,8
25,8
25,11
17,10
19,7
19,2
16,10
18,8
23,8
26,8
22,8
21,11
21,11
19,10
14,8
19,6
16,3
19,3
18,2
17,6
19,6
18,2
20,4
16,10
13,8
19,3
18,0
19,3
14,5
16,3
12,3
14,6
16,3
17,-1
11,3
14,0
13,-2
12,-2
10,5
11,5
16,4
15,1
16,1
15,4
16,3
17,1
11,3
13,5
13,9
13,7
18,6
17,4
15,6
16,5
19,3
18,4
17,7
18,4
17,2
11,3
16,4
13,2
22,5
22,7
14,3
8,4
6,0
9,-2
7,-1
10,0
12,0
10,-3
9,-4
11,-4
16,-3
13,-3
14,-2
13,-2
14,-2
13,-1
15,0
18,3
16,0
16,3
14,8
18,3
16,3
23,13
20,9
15,2
12,-1
7,2
13,0
15,-2
16,-1
12,1
13,4
12,0
12,-4
15,-3
15,-2
13,0
13,-2
9,5
9,2
9,2
9,-1
12,-4
5,0
11,-2
8,-2
10,5
10,5
13,3
16,7
14,6
12,7
12,9
14,8
17,5
19,3
18,5
17,8
20,5
19,3
17,9
17,3
19,4
17,4
22,1
21,3
19,3
18,3
17,5
16,7
15,2
17,-1
17,0
21,0
22,0
21,1
19,2
19,2
19,4
20,1
18,1
18,7
14,12
17,11
14,11
22,10
23,8
15,7
13,8
16,7
20,0
24,6
17,3
11,3
18,7
18,6
20,4
18,5
19,6
16,9
19,11
19,10
24,7
26,10
23,10
20,11
21,7
20,6
23,5
25,7
24,11
23,12
24,11
25,12
23,9
23,10
22,8
24,11
25,10
25,8
23,10
23,16
21,12
26,9
27,12
25,13
24,10
26,13
24,16
21,13
22,12
23,9
22,12
29,10
30,13
21,13
24,14
27,11
30,12
27,12
18,11
20,12
25,16
28,15
31,13
32,16
30,15
32,15
26,16
30,14
29,14
24,15
28,15
30,16
30,16
34,17
32,16
33,17
35,16
35,16
35,18
37,21
35,19
33,19
30,19
36,14
35,17
37,17
39,18
34,14
30,19
31,22
32,21
33,19
31,17
33,19
37,21
31,20
27,16
26,16
27,15
28,18
29,17
32,15
32,19
31,20
34,18
35,19
35,19
37,18
32,18
32,20
33,20
30,16
33,17
36,20
32,23
35,20
33,22
34,21
32,18
35,18
35,21
32,21
32,23
33,21
34,19
32,18
34,17
36,18
37,18
37,17
37,18
38,17
37,19
38,19
35,19
38,19
40,19
42,19
42,19
40,19
34,21
33,20
29,20
32,20
24,19
33,18
32,19
32,19
37,21
34,20
33,18
34,20
37,20
33,20
35,20
29,16
27,17
27,17
26,16
60,14
27,13
28,17
28,16
24,15
25,14
25,17
28,17
30,13
31,17
31,17
27,13
27,10
28,10
29,10
29,11
28,11
28,14
29,15
30,18
28,16
25,16
27,12
26,15
20,15
26,17
24,16
24,14
30,17
29,15
29,15
21,15
18,9
19,4
24,5
25,10
25,11
25,10
25,9
24,15
21,14
24,14
19,16
18,12
17,12
14,11
19,11
22,12
18,10
17,10
18,6
13,5
16,2
8,5
15,5
18,10
17,8
18,5
18,10
19,7
19,4
21,4
23,5
20,4
21,5
18,3
12,8
19,12
19,13
19,10
18,9
18,8
18,6
16,4
18,12
19,6
20,2
16,2
17,6
20,12
18,10
19,13
19,9
17,7
16,3
15,3
14,2
17,0
17,7
15,-34.7
11.2,8.1
10.7,7.9
15.7,8.3
17.2,8.8
18.9,7.3
12.5,5.3
14.2,0.9
15,-1
11.7,2.4
15.5,0.3
19.7,3
21.1,4.7
20.9,6
15.7,2.7
16.1,0.9
13.7,-0.8
15.2,6.1
13.3,6.7
16.1,2.2
18.5,4.7
10.3,4.2
9.6,4.4
40,3.8
60,-7
60,60
58,41
-99,-99
60,3
60,-5
59,16
60,-18
60,19
60,-10
60,-19
60,-14
59,-16
60,-4
60,-13
60,32
60,59
60,35
60,35
60,49
-99,-99
60,48
60,23
60,16
60,20
60,55
60,37
60,27
59,13
-99,-99
-99,-99
60,50
60,56
59,25
60,2
60,-17
58,-17
60,59
60,35
-99,-99
-99,-99
-99,-99
-99,-99
-99,-99
-99,-99
-99,-99
60,10
60,-14
60,-17
60,10
60,3
60,7
60,13
60,24
60,32
60,4
60,8
59,-15
-99,-99
-99,-99
60,19
60,34
60,45
60,42
60,-13
60,-17
60,-24
60,-33
60,-7
59,-25
58,1
60,48
-99,-99
60,37
60,36
60,-11
60,-2
60,45
60,46
-99,-99
-99,-99
-99,-99
60,48
-99,-99
-99,-99
60,57
-99,-99
-99,-99
60,32
59,12
60,-11
60,-4
57,7
60,41
60,38
-99,-99
-99,-99
-99,-99
60,60
-99,-99
60,55
60,53
-99,-99
-99,-99
-99,-99
-99,-99
59,28
60,2
60,12
60,49
60,41
-99,-99
60,35
-99,-99
-99,-99
-99,-99
-99,-99
-99,-99
-99,-99
-99,-99
-99,-99
-99,-99
-99,-99
-99,-99
-99,-99
-99,-99
-99,-99
-99,-99
60,45
-99,-99
-99,-99
-99,-99
-99,-99
-99,-99
-99,-99
60,58
-99,-99
-99,-99
-99,-99
-99,-99
-99,-99
-99,-99
-99,-99
-99,-99
-99,-99
-99,-99
-99,-99
-99,-99
-99,-99
-99,-99
-99,-99
-99,-99
-99,-99
-99,-99
-99,-99
-99,-99
-99,-99
-99,-99
-99,-99
-99,-99
-99,-99
-99,-99
-99,-99
-99,-99
-99,-99
-99,-99
-99,-99
-99,-99
-99,-99
-99,-99
-99,-99
-99,-99
-99,-99
-99,-99
-99,-99
-99,-99
-99,-99
-99,-99
-99,-99
-99,-99
-99,-99
-99,-99
-99,-99
-99,-99
-99,-99
-99,-99
-99,-99
-99,-99
-99,-99
-99,-99
-99,-99
-99,-99
-99,-99
-99,-99
-99,-99
-99,-99
-99,-99
-99,-99
-99,-99
-99,-99
-99,-99
-99,-99
-99,-99
-99,-99
-99,-99
-99,-99
-99,-99
-99,-99
-99,-99
-99,-99
-99,-99
-99,-99
-99,-99
-99,-99
-99,-99
-99,-99
-99,-99
-99,-99
-99,-99
-99,-99
-99,-99
-99,-99
-99,-99
-99,-99
-99,-99
-99,-99
-99,-99
-99,-99
-99,-99
-99,-99
-99,-99
-99,-99
-99,-99
-99,-99
-99,-99
-99,-99
-99,-99
-99,-99
-99,-99
-99,-99
-99,-99
-99,-99
-99,-99
-99,-99
-99,-99
-99,-99
-99,-99
-99,-99
-99,-99
-99,-99
-99,-99
-99,-99
-99,-99
-99,-99
-99,-99
-99,-99
-99,-99
-99,-99
-99,-99
-99,-99
-99,-99
-99,-99
-99,-99
-99,-99
-99,-99
-99,-99
-99,-99
-99,-99
-99,-99
-99,-99
-99,-99
-99,-99
-99,-99
-99,-99
-99,-99
-99,-99
-99,-99
-99,-99
-99,-99
-99,-99
-99,-99
-99,-99
-99,-99
-99,-99
-99,-99
-99,-99
-99,-99
-99,-99
-99,-99
-99,-99
-99,-99
-99,-99
-99,-99
-99,-99
-99,-99
-99,-99
60,54
-99,-99
-99,-99
-99,-99
-99,-99
-99,-99
-99,-99
-99,-99
-99,-99
-99,-99
-99,-99
-99,-99
-99,-99
-99,-99
60,47
-99,-99
-99,-99
-99,-99
-99,-99
-99,-99
-99,-99
-99,-99
-99,-99
60,38
-99,-99
-99,-99
-99,-99
-99,-99
-99,-99
60,59
60,3
59,-17
60,-10
60,-11
60,21
60,19
60,8
60,43
60,28
60,16
60,14
60,15
60,4
58,-6
60,38
60,10
60,-4
60,55
57,18
-99,-99
60,47
60,39
-99,-99
-99,-99
-99,-99
60,47
60,18
60,48
60,40
-99,-99
-99,-99
-99,-99
60,26
60,29
60,24
60,25
59,-16
60,-18
60,7
60,-10
60,-11
60,-10
60,-20
60,-34
60,58
59,23
60,-9
60,14
57,11
60,4
58,-19
60,-26
60,-19
60,-13
60,3
60,-15
57,-12
59,-22
59,-31
60,-3
60,-32
60,-23
60,15
59,-9
60,7
59,44
60,45
59,16
60,21
60,-5
60,3
49,10
30,-36
60,-40
60,-36
60,20
60,-38
58,-40
59,-35
60,12
59,-17
60,-12
60,4
60,33
-99,-99
60,53
60,39
60,11
60,-2
60,60
60,29
60,30
60,37
60,-4
60,-27
60,-40
60,-35
60,-10
60,-29
60,-40
60,-40
60,-11
60,-20
60,-38
60,-22
38,-25
60,-32
60,-40
60,-16
60,-23
60,-31
59,19
60,0
60,3
60,-34
60,-27
60,9
60,-22
60,-14
59,3
60,43
60,19
60,44
60,36
60,18
60,13
60,56
-99,-99
-99,-99
-99,-99
-99,-99
-99,-99
-99,-99
-99,-99
-99,-99
60,55
60,51
60,33
60,49
-99,-99
-99,-99
-99,-99
60,52
-99,-99
60,54
60,49
-99,-99
-99,-99
60,34
-99,-99
60,58
-99,-99
60,38
60,48
-99,-99
60,59
60,58
60,57
-99,-99
-99,-99
-99,-99
-99,-99
-99,-99
-99,-99
-99,-99
-99,-99
-99,-99
-99,-99
-99,-99
-99,-99
-99,-99
-99,-99
-99,-99
-99,-99
-99,-99
-99,-99
-99,-99
-99,-99
-99,-99
-99,-99
-99,-99
-99,-99
-99,-99
-99,-99
-99,-99
-99,-99
-99,-99
-99,-99
-99,-99
-99,-99
-99,-99
-99,-99
-99,-99
-99,-99
-99,-99
-99,-99
-99,-99
-99,-99
-99,-99
-99,-99
-99,-99
-99,-99
-99,-99
-99,-99
-99,-99
-99,-99
-99,-99
-99,-99
-99,-99
-99,-99
-99,-99
-99,-99
-99,-99
-99,-99
-99,-99
-99,-99
-99,-99
-99,-99
-99,-99
-99,-99
-99,-99
-99,-99
-99,-99
-99,-99
-99,-99
-99,-99
-99,-99
-99,-99
-99,-99
-99,-99
-99,-99
-99,-99
-99,-99
-99,-99
-99,-99
-99,-99
-99,-99
-99,-99
-99,-99
-99,-99
-99,-99
-99,-99
-99,-99
-99,-99
-99,-99
-99,-99
-99,-99
-99,-99
-99,-99
-99,-99
-99,-99
-99,-99
-99,-99
-99,-99
-99,-99
-99,-99
-99,-99
-99,-99
-99,-99
-99,-99
-99,-99
-99,-99
-99,-99
-99,-99
-99,-99
-99,-99
-99,-99
-99,-99
-99,-99
-99,-99
-99,-99
-99,-99
-99,-99
-99,-99
-99,-99
-99,-99
-99,-99
-99,-99
-99,-99
-99,-99
-99,-99
-99,-99
-99,-99
-99,-99
-99,-99
-99,-99
-99,-99
-99,-99
-99,-99
-99,-99
-99,-99
-99,-99
-99,-99
-99,-99
-99,-99
-99,-99
-99,-99
-99,-99
-99,-99
-99,-99
-99,-99
-99,-99
-99,-99
-99,-99
-99,-99
-99,-99
-99,-99
-99,-99
-99,-99
-99,-99
-99,-99
-99,-99
-99,-99
-99,-99
-99,-99
-99,-99
-99,-99
-99,-99
-99,-99
-99,-99
-99,-99
-99,-99
-99,-99
-99,-99
18,9.9
20.8,8.8
23.7,6.8
26.6,8.8
23.7,9.7
22.1,13.9
19.1,15.2
18.7,15.3
18.5,15.8
18.5,15.1
21.4,13.4
24.2,14.2
21.7,13
20.7,16.9
23,15.1
22.1,12
25.5,14.4
27.1,12.5
20.1,13
23.1,10
23.5,10.2
23.5,12
22.9,12.5
23.2,14
23.6,15.3
24,13.9
23.2,14.1
22.1,10.5
21,10.1
21.5,9.3
19,12.2
18.2,5.4
19.8,3.5
19.3,2.8
21.5,2.6
16.8,10
14.6,8.1
16.4,4.8
19.1,6.7
15.7,11.6
15.9,11.1
18.8,8.6
19,7.8
14.2,8.3
14.9,8.3
12.3,2.4
15.8,5.8
16.6,3.9
12.2,1.3
9.3,-0.3
12.1,-1.7
12.2,-0.4
9.9,1.4
11.6,-0.7
13.4,-1.2
12.5,-1.2
15.2,-1.8
13.5,-2.5
15.8,8.9
15.5,2
18.2,0.8
15.5,3.4
13.2,0.6
15.5,-1.7
10.7,1.4
13.2,-0.5
12.1,-0.2
9.4,-3
10.1,-1.5
9.2,-1.3
14,-2.6
12.5,-2.5
13.4,-3.2
15,-0.5
9.9,0.5
11.5,-3.6
11.3,-4.2
15,-4.3
11.2,-4.3
12.2,-4.2
13.5,-1.8
12.9,-2.3
8.7,-2.7
7,1.6
8.2,-1.1
7.8,-5.5
8.4,-4.5
15.2,-0.8
13.9,4.1
12.6,-0.3
11.9,-1.9
12.2,-2
6.3,-3.8
8.8,0.7
10.9,6.3
13.2,6.2
11.8,4
15.9,3.2
13.3,0.5
15.2,0
13.5,1
11.2,4.5
13.4,1.5
10.8,4.8
13.4,2.6
14.5,4.2
18.2,2.6
15,0.5
17.3,3.5
13,-0.5
13.7,-2.6
12.5,-0.5
12.4,-2.5
10.1,-2.7
4.7,0.1
2.8,0
12.9,2.8
11.8,8.2
18.8,5.6
17.1,0.9
14.4,2.1
12.1,6
11.6,2.4
13.5,-1.7
14,-1.3
13.4,-1.9
12.6,-1.9
14.6,-1.3
14.3,1.8
11.8,-1.6
13.1,-1.8
13.3,1.2
15,0.3
16,0.6
17.5,5.9
18.8,4.3
16.5,5
16.3,5.7
14.3,1.6
13.2,2.4
13.8,0.5
12.8,0.9
12.7,-0.1
12.7,-2.5
11.4,-0.3
12.8,-0.5
12.1,-2.7
11.6,-0.2
15,-0.5
19.2,1.6
20,10.4
14.7,4.5
13.9,0.1
14.6,1.8
17,5.2
19.8,2.6
16.3,4.5
13.9,6.3
18.5,1.4
13.8,1.5
17.6,-0.4
16.9,1.7
15.2,2.6
15,0.9
14.4,9.3
12.1,10.1
17.1,7.4
19.6,8.4
17.8,7.7
18,5.3
20.7,10.9
22.8,8
22.6,7.4
19.7,9.4
18.3,6.2
18.9,5.6
23.7,6.1
23.1,8.5
21.9,8.4
22.7,9.2
18.9,8
21.2,7
21.1,7.6
15,8.9
18.8,6
21.2,6
22.1,7.7
14.9,9.7
18.2,4
19.7,1.8
21.6,4.9
24.7,5.3
22.8,13
22.3,9.1
21.9,9.4
20.7,9.8
21.1,7.6
22.2,8.5
21.3,6
23.2,10.7
21.7,9
22.4,7.5
25.2,7.4
26.7,10.2
24.4,12.8
22.8,14.9
24.2,8.4
20.9,8.1
22.7,8
21.2,10.7
22.5,9.4
22.3,10.4
25.5,10.6
26.2,8.3
24.9,10.9
23,10.2
20.1,7
19.1,8.4
21.2,10.1
21.7,10.1
22,10.6
24.9,11.5
27,13.1
28.2,13.9
29,13.3
25.9,16.5
25,13
28.1,11.7
25.9,12.5
28.5,14.8
24.6,13.2
23.5,11.8
26.6,8.8
29.6,11.1
31.9,13
32.1,14.8
29.3,15.7
21.9,15.9
21.5,12.1
25.6,7.6
24,11.6
27.2,12.9
28.7,8.1
26.5,11.6
28,14.1
26.1,13.7
24.1,15.2
25.1,14.7
26.2,14.7
28.5,13.6
28.2,13.3
27.4,10.8
27,11.1
29.2,10.8
29.1,17.6
28.3,17.7
28.9,17.6
29.9,16.4
27.3,19
31.3,18
32.2,16.5
29.5,16.7
31.4,17.3
31.5,17.2
30.2,16.7
31.3,16.5
33.3,18
34.8,18.3
34.2,20.2
34.3,20.1
36,18.1
32.6,15.5
31.5,18.4
31.2,19.2
30.1,19.1
32.3,17.3
31.6,15.6
31.1,18.6
35,20.3
32.5,17.2
35.5,19.4
36.3,21.3
31.2,19.6
33,19.3
34.1,17.2
34.6,18
34.1,17.6
34.5,19.4
34.5,21.9
38.3,19.6
33.2,17.9
36.4,20.9
35.6,20.7
36.8,19.6
38.2,19.5
37.6,17.2
34.5,20.3
32.8,18.2
36.4,19
36.3,20.4
32.4,21.7
28,21.5
30,20.4
32,17.3
32.2,21.3
31.3,20.6
33.2,15.7
31.5,17.7
33.4,18.2
32.6,16.5
29.1,17.7
25.5,14.6
26,12.1
25.3,14.5
23.7,14.6
28.7,13.7
29.4,17.2
29.5,14.4
29.7,15.3
30.3,16.2
28.9,15
30.1,15.8
30,17.8
26.8,17.1
28.3,16
28,16.4
28.9,16.6
28,15.4
27.3,17.5
26,18.9
27.8,14.2
27.9,12.4
26.6,18.9
32.2,17.2
33,18.3
30.7,18.5
25.4,18.5
28.8,20
32.1,19.5
30.4,16.9
30.3,17.1
29.9,15.5
25.2,17.8
24,17.8
21.6,14.6
22,14
22.2,12.4
26.8,15.5
26.4,14.8
27.6,15.4
26.8,14.1
26.2,14
23.5,18.6
21.8,18.7
24.5,18.1
26.4,15.6
24.9,13.9
26,10.7
24,12
25.7,15
28.3,16.2
28,16.7
29.5,14.9
30.2,16.7
20.7,11.4
23.7,8.9
23.8,10.8
26.2,11.7
22.4,11.3
21.2,16.3
24.2,16.9
25.4,14
17.3,13.1
22.5,12.5
24.1,10.2
23.1,10.2
22,11.6
21.8,10.7
20,14
24.7,13.2
25.3,10.8
24.2,11.8
24.7,11.6
27.4,17.7
23.2,12.7
25,13.9
26.7,17.4
24.3,17.5
26.2,16.3
31,13.9
29.2,12.5
23.7,12.1
22.4,14.5
18.8,5
16.3,3.6
17,4.6
21.7,5
19.1,3.4
19.6,3.8
21.8,6
23.3,9
21.6,7.9
21.1,6.2
20.8,8.7
21.4,7.3
21.3,4.9
21,5.5
20.1,8.4
18.2,7.9
20.1,4.9
19.6,3.5
17.1,5.5
19.6,5.4
17.9,9.6
23.4,7.8
21.4,6.2
20.6,11.8
19.8,11.5
22.1,8.1
18.3,7.7
17.3,6.5
16,2.1
19.3,1.2
18.5,9.8
20.6,6.3
19,4.6
23.5,4.1
15.4,9
14.7,1.8
17.2,4.3
16,1
13.4,1.5
13.1,-0.8
14.1,-1.5
12.5,1
15.7,-1.4
13.5,3.2
18,5.3
17.3,2.5
12.4,2.3
10.1,-0.6
10.9,-1.5
13.6,0
8.8,-1
13.3,5.7
15.6,-0.4
18.4,-2.2
14.5,-2.7
13.5,-1.6
13.7,0.2
14.5,-1.8
17.6,-1.2
16.6,-0.1
14.6,2.3
15.4,1.8
16,0.5
18,1.2
17.4,-0.2
17.7,0.1
18.9,0.8
15,1.3
20.5,2.4
19,4.8
19.8,3.2
19.9,1.5
19.1,1.8
18.9,3
15.1,7
17,5.6
17.9,2
19.6,1.5
23,5
20.6,2.9
18.1,2.5
14.6,8.4
14.6,3.3
9,-2.5
6.3,-4.1
6.9,-5
11.8,-5.2
13,-4.1
14.9,-3.8
13.6,-2.1
12.2,3.6
15.5,1.8
13.3,-0.8
13.1,1.1
12.1,-0.9
16.1,6.8
15.5,4
17.4,1.3
15.5,2.3
18.2,3.4
17.6,4.7
20.1,3.5
18.8,5.9
16.7,2.3
20.9,4.4
25.3,1.6
24.1,-1.2
11.9,3.9
11.9,7.6
16.9,2.8
16.9,1
17.3,4.2
18.3,4.8
17.1,2.1
19.1,7
15.2,3.8
18.3,2.7
20,3.6
19.8,5.7
19.3,6.6
22,5.9
23.7,6.4
24.6,5.7
16.5,4.8
18,2.9
18.6,3.5
16.6,10.4
19.7,6.5
16.2,10.2
21,5
18.6,1
19.8,1.4
23.2,3.4
19.9,4
19.8,3.3
22,3.7
19.6,1.5
13.6,1.3
10.5,0.1
11.8,5.4
11.9,5.6
15.9,0
12.6,3.8
13.4,4.2
13.3,3.9
15.9,2.4
14.9,4.6
18.5,5.9
16.3,5.8
14.8,6.1
17,5.6
15.8,12.6
14.6,10.1
17.6,4.5
15.7,5.1
20.1,6.3
20.2,3.9
22.1,4.5
18,4.8
18.2,11.3
17.3,11
15,12.3
14,12.4
18,12.5
23.4,11.5
26,10
26,9.5
26.2,9
22,9.6
21.8,10.6
22.4,9.5
24.5,8.8
25.3,7.9
27.6,8
25.5,8.3
24.1,8.8
23.2,11.8
23.4,12.2
22.9,11.6
24.8,9.4
16.4,7.6
18.5,7.7
16,7.3
18.4,9.2
21.8,9.1
24,8.8
25.2,7.5
26.2,10.3
24.9,10.8
30,11.8
26.2,13.9
26.6,11.8
30.6,11.5
22,11.3
21,8.5
21.5,12.6
23.5,11.9
26.9,13
25.4,13.4
25.9,13.2
25.5,12.9
29,11.4
29.4,14.3
29.8,14.3
26.9,11.5
23.1,14.7
20.5,9.3
22.1,8.3
21,9.3
25.3,10.1
23.2,14.6
21.5,13.5
24,10.3
26.1,15.2
26.8,13.4
26.7,13.3
27.9,14.9
27.5,12.9
29.1,14.4
31.1,16.8
31,16.5
29.8,17.3
30.6,15.3
31.1,16.5
30.2,16.7
26.6,15.7
25.4,14.1
30,14.9
29.6,17.3
29.4,16.3
29.5,18.9
28.3,16.6
27.9,14.6
27.3,13.3
30.8,14.1
28.4,15.7
24.6,14
23.2,13.6
25.6,17
27.5,15.5
31.1,15.5
32.9,15
29,16.8
30.7,16.5
20.6,17.2
25.7,13.2
29.5,13.6
31,15.5
29.2,15.5
22.6,18.7
25.4,16.4
26.8,13.4
27,15.5
29.5,15.2
27.5,17
31.1,15.1
30.8,14.2
31.2,19
32.4,18.1
30.2,16.2
31.3,18.6
28.7,15.8
28.4,15
33.1,18.8
30,18
29.5,17.6
31.8,17.1
32.5,18.4
33.6,19.8
31.2,19.4
31.1,17.3
29.9,20.4
31.1,18.5
30.8,20.2
31.7,19.8
30.3,16.1
33.1,17.2
30.8,19.8
24.5,18.7
22.6,14.2
28,15.2
28.9,16.9
29.4,14.8
30.2,19
30.3,18.4
33.1,16.7
33.6,19.1
25.6,21.4
25.9,18.8
26.9,19.2
22.1,17.3
24.7,14.2
22.2,15.1
22.2,13.3
25,12.3
24.9,16.3
29.3,17.3
33.5,17.8
33.6,16.5
32.1,18.3
31,20.9
30.3,16.6
29.3,12.7
31.1,13.8
28.3,13.3
30.5,14.4
28.2,18.8
27.5,13.7
30.3,9.5
29.4,12.9
28,15.5
30.7,14.9
28.8,13.9
29.9,12.6
28.4,14.4
27.1,14
24,17
30.2,15.7
29.9,15.3
30.6,15.7
25.9,15.4
25,12.5
24.4,9.6
26,11.2
23.5,16.5
26,13.9
27.8,12.1
19.7,15.5
24.4,11.5
19.9,9.2
21.7,5.5
26.1,9.9
27.9,14.7
27.9,13.7
26.4,14.6
24.6,14.1
27,17
26.5,16.7
27.1,14.4
28.4,14.8
23.4,16.1
26.8,14.8
21.2,12.2
22,11
23.1,9.5
23,8.2
23.8,8.1
23.1,8.4
22.4,11.2
21.5,14.7
24.4,12.6
20.4,7.2
21,4.4
19.7,2.3
20.7,3.3
20.1,6.8
19.6,6.7
14.1,9.9
16.1,9.4
20,7.6
23,4.8
21,5.7
19.3,10.1
16.8,12.5
21.6,6
19.8,4.1
20.6,2.8
21.5,4
19.9,5.8
20.3,2.6
21,3.4
20.3,0.3
20.2,4.8
19.9,2.6
17.6,1
17.7,1.6
18.8,4
16.5,3
10.5,5
10.6,-3.3
14.1,-6.3
14.5,-5
13.2,-4
19.1,6.2
22.9,12.8
16,7.9
16.4,9.1
15.5,6.2
15.6,8.2
17.7,7
16.4,7.7
15.8,1.2
14.4,-0.8
19,1
17.1,-0.4
18.2,1.3
17.2,4.8
20.2,4.4
18.7,2.2
18.6,3.6
12.2,3
15.7,3.7
19.1,3.5
16.5,0.4
16.4,0
13.9,-1.4
12.8,-4
15,-4.8
8.8,-5.1
9.2,-2.1
9.5,-3.5
12.7,-1
13.2,-1.6
11.7,-1
13,3.5
11.5,8.5
13.6,4
16.2,0.6
14.1,-0.5
15.4,1
14.3,-0.8
13.2,-2.4
14.5,-2.4
14.5,0.6
14.8,-1.1
11.4,-3.4
12,2.5
12.8,0
12.8,3.8
14,6.6
20.2,6.7
20.1,4.7
13.4,6.6
15,5.9
17.5,7.3
17.2,7.1
14.1,2
14.1,-0.1
15.7,2.8
15.1,-0.3
14.9,3.9
16,0.4
21,4.1
19.4,5.1
17,4.9
16.8,3.1
20.1,2.3
18.8,1.3
17.3,-1.3
19.3,2.6
17.7,1
21.5,-1.3
22.1,0.4
15.6,-1.5
14.6,3.2
14.1,0.4
12.9,1.4
12.7,3.8
13.6,-1
12.7,3.7
17,0.5
18.5,0
20.9,1.7
16.8,0
16.2,-0.5
15.5,-2
14.4,-1.2
13.4,-1.1
14.1,-1.6
15.4,2.4
15.1,-1.1
14.1,-1.2
13.4,0.9
12.7,1.6
11.2,7
13.3,9.6
18.3,5.7
20,3.6
19,3.1
16.2,4.4
16.3,10.4
19.5,10.5
19.5,8.3
15.5,7.7
21.9,8.2
20.6,8.5
21.6,6
20,4.8
17.9,4.8
9.2,4.9
13.9,4.1
14.5,2.7
17.7,0.7
17.5,5.5
14.7,2.1
20.6,2.5
19.4,5.4
19.5,4.2
22.1,4.7
20.6,5.5
17.8,6
18.6,2.8
17,5.4
11.7,7.7
15.5,1.5
13.6,-0.8
13.5,4.5
11.7,-0.3
14.4,0
19.3,2.8
16.6,4.6
13.5,2.9
17.3,5.5
19.9,8.5
19.2,6.8
16.5,6.7
21.2,10.1
24.5,5.6
22.5,8.6
19.5,6.5
20.8,3.8
18.2,5.7
12,8.4
21.1,9.6
23.4,9
25.7,10.2
14,7.7
16.4,7.3
20.5,5.7
17,5.5
17.5,3.9
18.7,4.5
14.2,5.5
17.9,4.8
20.2,4.7
18.9,8.5
20.3,5.4
19.5,4.9
24.6,5
22.6,8.2
24,8.2
23.7,8.4
23.2,9.2
21.1,10
20.5,8.5
18.5,8
20.5,5.6
24.5,6.2
24.4,6.7
27.1,7.9
25.7,9.6
22.2,12.5
23.8,9.9
23.8,6.5
17.6,12.5
17.4,12.2
19.5,12.7
16.3,12.1
22.7,9.3
22.6,10.1
23.9,13.3
21.3,12.7
22.6,12.4
21.9,12.5
24.1,10.9
26.1,11
25.3,10.7
22.3,12
25.5,11.1
24,16.3
19.2,14.4
25.4,12.2
23,14.2
21.5,11.2
24.4,13.3
26.6,13.4
22.2,15
19,13.5
22.3,12.2
23,13.4
23.7,11.9
23.6,12.3
23.5,14.5
21.5,13.7
24.7,10.5
25.1,12
25.1,14.3
25.3,13.5
30,14.5
23.5,14.7
23.6,13.2
24.5,12.9
24.2,11.8
23.4,15.2
26.3,13.9
31.9,14.7
31.2,16.6
32.8,17.7
33.5,15.1
30.7,13.7
30.9,16.4
33,17.5
32,16.7
32,19
33.7,15.8
32.6,17.4
32.9,18.6
34.8,17.9
32.5,16.5
23.4,18.5
31.1,12.2
32.8,17.3
28.8,17.9
24.8,18
27.2,14.2
31.1,15.6
35,18.4
31.9,18.5
29.2,15.8
24.9,14.6
28.2,15.4
29.8,15.3
28.1,13.6
30.8,17.6
29.3,17.5
36.3,16.6
31.9,19.5
25.3,18.2
32.4,16.6
29.3,13.9
33.3,17.1
31.3,18.5
32,19.2
33.4,17.8
33.5,19.5
30.4,20.4
34.8,18.3
35.6,17
33.2,19
31.4,18.4
35.9,18.2
34,20.5
35.7,19.7
37.1,20.7
32,18.2
31,21.9
29,18.4
31.1,16.3
31.4,19.7
34.4,21.8
29.2,19.9
29,17.3
26.8,13.6
28.4,13.7
28.5,15.5
31.7,16.2
31.9,19.1
28.7,18.3
30.3,15
23.5,17.6
26.2,15.7
28,15
27.2,15.9
29.2,17.7
30.6,14.9
31.2,16
31.3,16.9
33.4,15.5
29.2,16.6
30.2,18
31.9,16.6
31.1,18
30,19.6
33,19
30,17.8
27,14.2
28.9,11.6
27.3,16.9
30.1,17.4
32.1,15.4
22.5,12.7
24.7,10.9
26.1,10.7
27.9,8.8
25.2,12.1
26.5,14.6
26.7,14.5
27.9,15.7
27.2,12.5
25.2,13.4
21.1,12.3
19,12.2
19.9,10.5
25.2,8.7
22.4,9.1
24.3,8.9
23.9,6.2
25.1,10.4
25,10.4
23.9,11
22.7,12.9
20.9,10.6
21.5,9.1
25.2,4.6
25.4,6.1
26.3,9.8
18,12.1
21,15.2
25.8,10.9
25,9.5
22.2,15.3
26.2,17.6
27.9,16.8
28.7,14
27,12.9
24.4,16
18.5,14.2
22.2,13.9
26,12.2
26.8,14.7
19,13.4
21.5,10.7
17.4,11.8
25,12.4
24.6,8.2
23.8,6.3
13,8.4
12.2,5.3
15.2,0
18.9,5.5
22.1,14.7
17.4,9.7
18.5,4.4
13.7,6
16,7.2
17.6,10.2
18.1,8
17.7,7
19.4,5.9
20.7,4.4
20.8,10.3
12.8,6.9
16.5,3.8
16.4,7.1
19.4,1.5
19.8,0.9
18.5,3
14.4,2
17,5.2
17.8,1.4
18.2,2.5
16.1,3.3
16.2,6.3
12.8,4.4
11.2,3.1
10.7,-1.2
9.7,-1.2
14,-0.3
13.4,-1.5
12.2,2.7
13.8,1.4
11.4,-0.5
13.9,-2.5
12.9,-1.7
16.6,1.1
15.1,3
14.5,7
14.1,3.2
10.5,8.1
9.8,4.8
10.4,-2.3
13.1,-3.7
13.2,-2
8.7,3.4
9,3
10.4,5
14,4.5
13.1,0.1
16.2,3.6
18.1,1.6
18.7,0.5
16.4,-1.7
14.6,-1.5
14.1,-2
13,-0.3
8.1,2.3
9.9,8.1
9.4,4.4
8,4
15.7,4.6
16,11.1
14.7,6.8
11.5,5.5
11,2.9
12,-1
10.8,-2.5
5.2,1.8
6.8,-2.1
6.5,-2.8
7.3,1.8
9.2,3.8
14.2,-0.2
12.5,-2
14.6,-2.2
15.4,-0.5
12,-2.2
14.2,-1
14.8,1.1
14,-1
20,3.9
12.1,3
12.5,-1.3
12,-2
15.4,4.5
17.5,7.5
15.7,1.3
13,3.5
15.6,-0.2
16.6,-1.8
15,1.7
11.3,1.4
11.8,9.2
12.9,7.8
13.5,6.3
9.1,2.3
17.7,2.2
16.5,5.6
14.3,4
13.5,2.1
12.7,-0.4
15.9,-1.1
13.6,4.8
8.9,-0.2
12.5,-1.5
12.4,3.1
12.9,-1
10.8,-0.8
11.6,-3.3
16.8,-1.7
18.2,1
15.8,3.5
13.1,0.1
15.8,0.1
18,0.3
18.1,2.8
17,4.4
15.7,-0.3
19.3,-1
23.8,0.8
15.8,0.4
11.5,8.9
15.4,5.8
12.7,7.6
12.5,5.4
12.8,0.7
13.5,6
18.2,1.6
19.9,0.9
14.5,8.1
20.3,7.4
17.2,5.9
18,4.5
22.1,3.4
22.1,4.6
22.6,8
19.5,4.1
20.1,1.5
20.1,1.9
23.5,2.4
19.4,1.4
15.1,2.6
19.8,0
22.9,0.5
17.2,1.3
17.4,2.6
20.5,2.5
19.6,4.3
11.7,6
16.9,6.5
15.2,8.5
12.5,8.8
15.2,9.3
13.1,7.7
16.1,6.4
21,3.2
21.6,5.4
21.5,6.1
14.4,7.8
14.9,7.7
19.7,6
15.1,6.3
15.9,8.2
10.5,7.6
21.5,5.7
21.4,5.8
20.1,6.4
18.4,8.2
18.5,5
19.2,4.4
19.8,4.5
18.7,5.1
22,7.6
24.5,12.2
28.8,7.1
21.4,7.2
18.6,13.6
15.9,9
19.2,7.8
16.7,8.5
19.1,5.6
20.3,9
21.1,11.1
24.1,11.9
26,8.7
24.1,9.2
25.3,10.2
27.6,10.6
27.3,10.8
26,11.5
23.6,12.2
23.5,14.7
23.1,16.2
24.7,13.9
21.3,13.4
20.3,11.5
21.7,10.7
25.5,7.5
26.5,12.4
25.5,11.9
28,9.8
27.5,11.2
27.4,15
27.8,13.7
28,15
29.2,16.2
25.9,16.2
26.1,14.6
27.8,15
29.8,11.9
29.4,13
28.9,14.3
25.9,14.4
27.8,12.3
30.7,13.5
31.5,13.7
29.8,15.3
24.2,15
26.3,14.3
24.6,13.9
25.9,12.5
26,13.5
29,13.5
27.9,15.1
30.4,15.2
32.7,16.6
31.9,17.9
31,19.3
32.2,19.9
31.7,18.1
32,16.2
32.3,19
28.7,19
27.4,17.8
29.7,18.8
28.9,16.1
30.4,13.7
29.7,16.9
31.4,15.7
29.4,15.3
31.8,17
35.3,19.1
33.8,19.8
33.8,18.6
32.9,18.8
33,19.4
34.4,18.2
32.1,17.1
30.1,18.6
25.8,17.6
24.4,17.1
24.1,18.1
26.5,17.5
28.9,17.3
33.1,18
31.4,20
30,19.6
32,19.3
33.2,20.2
27.2,17.9
28.2,9.9
29.4,12.9
32.9,16
34.1,16.5
33.7,20.1
38.9,20.7
34.9,18.2
31.2,20
30.7,16.3
34.6,18.3
32.1,19.7
33.9,17.2
32.7,20.4
32,18.2
33.2,18.3
30.5,18.1
26.4,18.5
31,16.1
32.9,18.9
36.5,18.9
31.6,19.8
31.8,18
31.5,19
31.6,19
34.3,17.9
34.2,18.5
34.5,16.4
35.9,18.1
32.9,17.5
32.2,18.7
33.8,18.6
36.3,19.5
38.3,17.7
36.4,16.3
33.6,18
33,19.1
35.2,18.8
34.6,19
30.1,20.7
31.7,19.5
32.9,18
35.4,17.4
30.5,20.4
30.9,15.9
30.3,13.7
31.1,20.6
32,20.8
29.9,20.2
29.4,17.1
28.2,17.2
28.5,11.9
29.1,9.8
29.4,13.1
29,12.1
30,13.3
30,14
29.2,12.8
29.1,16.4
25.6,15.7
20.4,13.2
26.4,10.1
25.5,11.5
24.9,15.9
25.5,12.1
25.5,12.9
25,12.9
27.6,17.6
28.5,14.6
30.5,12.3
31.1,13.6
27.4,13.2
27,13.1
27,12.9
29,11
27.6,12.6
29.9,15.5
28.3,12.5
25.7,13.1
26.7,10.5
29.6,11.8
31.7,15.5
32.6,13.5
29.4,17.3
24.7,14.1
25.4,15.9
28,12.8
27.5,12.6
24.8,12.2
24.4,9.9
19.7,6.9
21.9,2.7
21.4,4.6
19.4,6.9
19.3,1.9
18.7,13.4
19,9.7
15.9,7.3
23.5,7.1
27.9,9.2
26.4,14.6
25,10.9
22.3,9.2
22.3,6.9
23.8,12.9
23.2,9.7
23,12.1
22.4,9.8
19.2,8.2
23.9,7.3
16.8,7.4
16.4,5.7
16.8,3.4
16.8,3.5
15.5,2
14.9,3.5
14.9,2.5
16.8,3.2
19.6,4.9
17.8,5.1
23.7,12.7
24.6,11.7
20.2,10.7
17.8,11.4
19.7,7.5
17.4,9
19.5,7.9
20.4,7
21,7.8
19.7,7.3
20.6,4.9
21.4,1.5
20.1,6.1
18,7.7
18.4,4.2
16.5,8.9
14.3,4.6
13.5,-0.3
16,-0.6
15.4,4.4
12.9,3.9
17.1,1.5
18.4,3.2
16,6.4
18.2,6.4
19.7,4.4
20.5,2.4
20.3,0.8
14.3,-0.9
9.2,4.5
7.7,3.7
10.6,-1.9
6.5,-3.9
7.4,-4
9.7,-5.9
6.4,-2
10,-7.2
12.5,-3.6
18.1,8.6
15.5,5.2
18.1,8.4
17.4,6.5
11.3,5.3
13.9,1.6
18.1,4.8
13.9,3.8
21.2,6.1
18.8,11.6
15.3,1.4
11.3,-0.5
10,4.5
9.7,1.5
8.8,6.1
10.1,-1
4.8,-1.3
6.6,2
6.9,-1.1
8.1,-1.7
8.9,-2.4
7.8,-4
14,1.7
16.7,5.2
16.7,2
13.1,0.6
12.2,6.3
13.8,0.4
9.9,4
12.5,3.6
15.4,1.5
14,0
12.9,-0.7
13.5,6.7
11.4,5.2
11.8,4.5
12.2,-1.3
13,-3.2
12.3,-1.1
14.4,1.6
8,2
11.2,-1.5
11.9,-3
15.7,-3.3
9.8,-0.9
15.9,3.1
17.3,0.8
16.6,0.8
11.3,2.7
8.2,3.3
9,2.2
4.8,-2.8
8.4,-3.1
6.2,-1.9
7,-2.2
5.3,-2.2
8.5,3.2
16.5,6.2
15.3,3.2
12.6,6.5
13.6,1.3
14.1,-1
19.3,2.6
14.9,6.2
18,4.3
21.4,5
17.7,5.5
16.1,4.7
20.2,5.5
20,3
17.4,1.4
10,7.1
15.6,6.5
14,6.5
11.9,-1.4
10.6,-2.4
3.7,-0.2
5.3,-0.2
6.9,-3.1
7.9,-5.5
8.2,-0.8
13.4,-3.1
15.3,-2
13.9,-1.6
17.2,-1.1
20.3,-0.5
17.7,2.3
18.4,3.7
17.9,7.3
16.9,10.1
14.7,9.4
20.4,8
16.9,8.1
18.3,10.8
21.9,6.5
21,5.5
19.5,7
20.1,7.3
19.6,6.8
16.1,5.9
15.6,5.1
18.7,3.9
20,5.1
17.3,5.9
17.3,2.7
18.7,5.1
14,8
14.4,8.9
22,6.9
23.5,4
22,6
12.9,6.7
16.4,3.1
16.5,4.1
19.1,4.8
19,6.2
20.5,3.5
18.8,5
21.8,5.2
24.6,9.3
26.9,8.1
21.5,9.5
19.9,12.2
24.3,12.1
26.3,9.5
27.2,11.1
25.2,10.4
26.3,7.6
26.1,9.7
22.8,10.3
21,11
16.9,11.2
11,8
10.5,5.7
18.4,6.2
15,8
17.7,9
21.9,11
22.6,9
21.5,10.7
21.4,10.1
17.7,11.5
15.9,9.2
16.8,7.2
19.3,4.5
21.1,5.7
22.8,8.2
23.2,9.1
23.6,12.5
28,9.8
26,11.2
25.9,11.2
27,10.5
28.9,10
28.3,12.3
24.4,13.4
24.3,13.1
23.8,13.9
25.9,13.4
26.9,13
27.8,13.7
25.5,14.7
27.2,16.1
29.1,14.4
29.7,15.3
30.8,15.5
24.3,15.5
27.5,16.5
28.6,14.7
24.6,17.9
25,17.9
22,13.6
24.8,10.6
27.8,12.5
25.6,12.7
24.9,12.4
25.5,12.5
25.2,13.8
26.1,14.5
24.8,14.9
22.3,12.3
25.4,12.6
26,10.4
27,12.8
27.6,13.4
30.3,14.1
31,14.7
31.7,15.8
32.7,16.7
33.2,16.4
33.5,18.1
33.9,18.9
32.6,17.1
30.9,17.4
32.6,19.3
34.6,18.2
34,17.8
31.4,17.6
32.7,20
32.3,20.7
31.5,20.6
34.5,19.1
36.1,19.2
32.5,19.9
33.8,18.4
32.2,19.3
33.7,16.8
34.5,20.4
34.7,21.7
32,17.9
32,19.8
31.4,20.1
30.1,19.2
26,20
29.7,19.5
31.6,15.2
30.9,17.9
33.4,17.4
32.3,18
29.8,19.2
27.4,19.4
31.1,18.5
31.9,19.9
28.6,19.3
29.8,16.9
30.5,16.6
29.8,19.6
30.4,18.1
30.1,14.6
31.4,19.2
30.9,19.7
29.7,17.6
32.6,18.5
30.3,16.8
28.2,16.2
26.2,16.6
24.7,15.8
27.1,14.1
29.2,15
29.9,19.2
30.6,19.3
30.6,18.9
34.4,19.1
37.9,19.6
32.2,19.5
33.4,20.4
34.6,19
37.5,19.9
31.6,19.8
30.3,18.4
30.9,17.1
28.9,16.3
29.5,14
26.6,12.5
28.4,17.8
31,15.5
30,17
31.2,16.2
33.3,16.9
29,16.6
25.1,14.1
28,13.5
29.4,14.3
26.9,13.9
29.2,13.6
28.8,16.6
29.6,12.8
32.8,13
29,16.4
24.5,15.8
21.2,14.6
25.6,14.6
23.4,12.6
19.9,18.3
25.9,16.3
25.8,15.2
24.4,14.6
23.2,12.5
20,13.4
19.3,11.7
22.9,11.3
23.3,8.7
24.5,10.2
23.3,13.4
24.7,11.5
26.3,14.9
27.8,17.2
18.8,16
-99,-99
23.33,8.2
24.61,8.3
24.45,18.73
20.24,15.09
17.91,15.03
17.87,14.12
20.4,13.7
20.07,13.19
19.96,10.46
17.08,6.84
17.01,6.24
15.77,4.45
19.34,2.13
20.3,3.2
17.14,7.53
19.8,5.9
19.45,10.2
20.7,12.05
15.2,10.6
18.7,3.52
22.24,0.8
22.53,3.9
21.44,3.4
20.2,12.9
20.8,9.9
19.5,8.1
21.03,10.51
24.19,7.2
24.2,8.4
21.4,7.8
20.16,8.06
16.4,8
13.7,6
18.4,2.7
18.3,4
17.3,4.28
23.8,6.27
22.3,4.4
21.5,7.54
12.1,6
17.9,2.39
12.72,-0.2
14.6,3.61
13.1,1.1
14.6,3.03
15.2,0.4
14.62,2.7
15,1.2
14.4,-0.4
14.5,-1.33
10.93,-1.89
11.22,-2.21
10.7,0.7
8.1,-1.84
8.12,5.56
13.34,4.1
9.88,2.33
9,-1.52
10.5,-3.2
14.07,6.38
21.3,10.38
22.6,8.15
22.8,11.04
15,5.56
15.7,-0.3
18.1,-0.8
19.9,-0.4
12.1,-1.2
10.2,-2.23
8,0.8
9.49,-2.15
10.3,-0.6
9.6,-0.1
13.9,0.47
13.7,1.1
11.5,-1.06
14.8,5.7
14.5,7.72
10,2.32
10.61,-1.3
12.45,-0.7
11.3,-4.2
12.3,-3
11.9,3.81
12.3,5.77
13.1,6.1
12.3,6.47
15.2,1.4
10.1,2.7
8.7,0.3
10.53,2.09
11.9,4.87
19.71,3.3
21.8,9.15
17,6.8
13.29,1.26
15,0.51
15.7,0.3
20.2,1.5
17.3,0.6
21,1.78
15.8,-0.7
11.9,2.89
16.6,0.16
14,2.25
12.52,0
6.9,2.41
5.6,-3.69
8.6,-6.2
10.4,-5.41
11.4,-5.9
10.2,-4.5
8,-4.3
10.4,6.06
11.48,5.1
10.3,3.8
9.9,3.9
13.6,-1.1
16.6,-1.73
17.72,2.39
19,2.5
19.3,-0.56
20.2,-1.4
13.5,-0.63
12.9,1.34
11.6,1.51
13.7,2.26
13.9,2.39
15.9,3.68
17.2,3.69
10.32,4.31
12.5,5.82
15.8,1.9
10.24,3.1
18,2.46
17.5,-0.33
16.4,5.64
16.6,2.27
16.9,3.7
18.2,2.9
18.2,4.8
22.14,6.14
16.6,3.2
13.1,7.81
12.5,1.88
14.1,2.15
13.9,5.1
9.55,3.9
9.4,5.01
17.1,5.05
18,1.2
15.7,0.5
11.6,5.15
14.65,1.2
17.91,1.8
16.58,1.87
12.27,9.54
19.9,9.56
13.3,9.62
13.2,9.7
11.9,8.16
17.8,6.6
21.7,3.29
19.32,6.85
15.5,4
16.4,2.79
14.8,2.86
16.87,2.2
18,0.8
17.7,2.1
17.7,3.98
19.91,9.06
18.6,9.29
16.4,9.6
19.9,8.6
23.78,9.86
23.3,7.6
23.8,8
24.4,9.92
21.65,10.3
24.62,8.53
23.32,5.93
22.75,9.19
31.42,8.53
29.12,10.16
28.05,11.48
25.11,8.94
24.75,9.28
22.02,9.7
19.35,7.04
17.96,6.54
20.88,4.28
22.01,6.07
21.07,6.05
19.77,3.75
21.54,5.67
21.28,8.03
17.09,10.33
19.68,11.79
19.62,13.9
23.08,13.38
24.59,11.79
24.51,10.37
21.28,9.28
20.19,8.14
19.5,9.56
22,6.93
18.41,10.33
25.02,8.38
24.83,9.38
23.72,14.27
22.32,12.83
19.52,12.27
23.51,13.28
25.39,11.36
24.56,12.29
27.22,9.87
26.1,11.62
26.34,12.79
26.48,12.39
22.76,12.7
24.58,13.17
24.64,11.15
23.95,10.45
24.28,10.94
26.21,8.82
27.15,9.31
30.15,10.1
29.68,13.53
32.68,13.23
30.29,13.46
28.86,14.53
22.17,17.94
24.31,14.46
28.69,12.4
26.11,15.95
22.8,13.05
22.6,14.86
19.84,12.47
24.06,12.55
24.66,14.96
23.04,13
23.95,12.28
25.47,13.61
17.18,12.68
22.79,13.04
21.19,12.87
22.09,12.72
25.46,15.02
26.29,16.39
29.74,15.02
28.93,15.91
29.17,17.01
28.05,16.45
24.7,15.6
23.95,11.69
31.35,13.32
33.12,17.49
32.33,17.3
28.31,16.18
27.11,15.92
30.4,13.87
32.69,15.03
32.37,15.87
30.82,15.34
31.1,19.43
31.93,19.78
31.18,16.44
29.39,18.25
28.25,18.41
28.32,17.65
33.52,16.39
29.42,17.67
29.69,15.94
29.78,17.93
31.3,15.32
30.4,17
31.98,16.7
27.88,16.3
30.06,17.39
27.96,19.3
27.7,18.14
32.31,16.8
26.23,15.92
24.7,14
25.64,15.75
24.83,12.97
25,13.77
25.12,17.31
26.47,17.05
26.31,15.44
28.37,15.82
24.76,18.09
26.99,17.31
27.72,18.5
28.35,19.91
27.9,18.44
27.99,17.85
28.16,16.62
28.49,18.39
30.22,18.56
30.63,18.53
33.19,19.96
31.61,19.98
28.51,17.46
25.48,16.45
27.13,18
29.26,15.76
28.12,13.2
30.73,16.24
30.98,17.7
30.41,19.02
32.36,19.34
31.46,19.53
33.89,18.99
31.15,18.34
32.55,19.88
35.33,17.8
36.7,15.81
35.63,16.05
32.57,15.85
30.47,21.93
31.63,21.03
32.66,13.82
27.46,11.32
28.94,14.79
28.99,15.63
29.94,16.07
31.87,17.36
32.02,17.7
32.07,20.14
30.12,18.78
27.13,18.97
26.71,16.93
29.32,16.92
29.66,15.33
31.49,15.22
34.26,17.4
33.29,17.45
33.11,17.3
33.99,17.89
32,17.39
32.79,16.92
29.61,16.37
32.53,16.23
30.1,18.93
22.67,10.14
25.21,8.69
27.16,11.54
26.54,12.63
29.2,14.12
27.14,13.63
23.66,15.88
27.49,14
29.06,12.98
30.61,13.52
29.33,11.69
27.4,11.2
27.5,11.33
27.95,11.48
29.56,9.63
29.38,10.97
32.22,11.35
30.48,11.7
29.41,11.75
22.02,15.51
22.49,13.33
27.84,7.74
33.01,11.88
33.63,11.14
34.26,10.87
29.67,9.41
25.07,10.11
22.43,8.28
23.02,8.71
23.47,7.98
24.02,9.25
23.88,9.61
19.11,10.2
18.37,4.89
20.38,7
21.57,9.02
22,12.63
22.42,7.77
21.56,4.49
20.97,11.02
-99,-99
-99,-99
-99,-99
-99,-99
-99,-99
-99,-99
-99,-99
-99,-99
-99,-99
-99,-99
-99,-99
-99,-99
-99,-99
-99,-99
-99,-99
-99,-99
-99,-99
-99,-99
-99,-99
-99,-99
-99,-99
-99,-99
-99,-99
-99,-99
-99,-99
-99,-99
-99,-99
-99,-99
-99,-99
-99,-99
-99,-99
-99,-99
-99,-99
-99,-99
-99,-99
-99,-99
-99,-99
-99,-99
-99,-99
-99,-99
-99,-99
-99,-99
-99,-99
-99,-99
-99,-99
-99,-99
-99,-99
-99,-99
-99,-99
-99,-99
-99,-99
-99,-99
-99,-99
-99,-99
-99,-99
-99,-99
-99,-99
-99,-99
-99,-99
-99,-99
-99,-99
-99,-99
-99,-99
-99,-99
-99,-99
-99,-99
-99,-99
-99,-99
-99,-99
-99,-99
-99,-99
-99,-99
-99,-99
-99,-99
-99,-99
-99,-99
-99,-99
-99,-99
-99,-99
-99,-99
-99,-99
-99,-99
-99,-99
-99,-99
-99,-99
-99,-99
-99,-99
-99,-99
-99,-99
-99,-99
-99,-99
-99,-99
-99,-99
-99,-99
-99,-99
-99,-99
-99,-99
-99,-99
-99,-99
-99,-99
-99,-99
-99,-99
-99,-99
-99,-99
-99,-99
-99,-99
-99,-99
-99,-99
-99,-99
-99,-99
-99,-99
-99,-99
-99,-99
-99,-99
-99,-99
-99,-99
-99,-99
-99,-99
-99,-99
-99,-99
-99,-99
-99,-99
-99,-99
-99,-99
-99,-99
-99,-99
-99,-99
-99,-99
-99,-99
-99,-99
-99,-99
-99,-99
-99,-99
-99,-99
-99,-99
-99,-99
-99,-99
-99,-99
-99,-99
-99,-99
-99,-99
-99,-99
-99,-99
-99,-99
-99,-99
-99,-99
-99,-99
-99,-99
-99,-99
-99,-99
-99,-99
-99,-99
-99,-99
-99,-99
-99,-99
-99,-99
-99,-99
-99,-99
-99,-99
-99,-99
-99,-99
-99,-99
-99,-99
-99,-99
-99,-99
-99,-99
-99,-99
-99,-99
-99,-99
-99,-99
-99,-99
-99,-99
-99,-99
-99,-99
-99,-99
-99,-99
-99,-99
-99,-99
-99,-99
-99,-99
-99,-99
-99,-99
-99,-99
-99,-99
-99,-99
-99,-99
-99,-99
-99,-99
-99,-99
-99,-99
-99,-99
-99,-99
-99,-99
-99,-99
-99,-99
-99,-99
-99,-99
-99,-99
-99,-99
-99,-99
-99,-99
-99,-99
-99,-99
-99,-99
-99,-99
-99,-99
-99,-99
-99,-99
-99,-99
-99,-99
-99,-99
-99,-99
-99,-99
-99,-99
-99,-99
-99,-99
-99,-99
-99,-99
-99,-99
-99,-99
-99,-99
-99,-99
-99,-99
-99,-99
-99,-99
-99,-99
-99,-99
-99,-99
-99,-99
-99,-99
-99,-99
-99,-99
-99,-99
-99,-99
-99,-99
-99,-99
-99,-99
-99,-99
-99,-99
-99,-99
-99,-99
-99,-99
-99,-99
-99,-99
-99,-99
-99,-99
-99,-99
-99,-99
-99,-99
-99,-99
-99,-99
-99,-99
-99,-99
-99,-99
-99,-99
-99,-99
-99,-99
-99,-99
-99,-99
-99,-99
-99,-99
-99,-99
-99,-99
-99,-99
-99,-99
-99,-99
-99,-99
-99,-99
-99,-99
-99,-99
-99,-99
-99,-99
-99,-99
-99,-99
-99,-99
-99,-99
-99,-99
-99,-99
-99,-99
-99,-99
-99,-99
-99,-99
-99,-99
-99,-99
-99,-99
-99,-99
-99,-99
-99,-99
-99,-99
-99,-99
-99,-99
-99,-99
-99,-99
-99,-99
-99,-99
-99,-99
-99,-99
-99,-99
-99,-99
-99,-99
-99,-99
-99,-99
-99,-99
-99,-99
-99,-99
-99,-99
-99,-99
-99,-99
-99,-99
-99,-99
-99,-99
-99,-99
-99,-99
-99,-99
-99,-99
-99,-99
-99,-99
-99,-99
-99,-99
-99,-99
-99,-99
-99,-99
-99,-99
-99,-99
-99,-99
-99,-99
-99,-99
-99,-99
-99,-99
-99,-99
-99,-99
-99,-99
-99,-99
-99,-99
-99,-99
-99,-99
-99,-99
-99,-99
-99,-99
-99,-99
-99,-99
-99,-99
-99,-99
-99,-99
-99,-99
-99,-99
-99,-99
-99,-99
-99,-99
25.44,16.4
19.35,12.27
22.44,10.66
24.64,8.34
22.08,7.88
23.48,6.21
24.31,14.59
20.82,14.4
24.09,18.93
21.85,20.14
22.51,14.88
23.92,12.9
24.32,11.42
24.21,11.41
19.72,11.76
20.84,14.15
18.65,9.92
-99,-99
-99,-99
-99,-99
-99,-99
-99,-99
-99,-99
-99,-99
-99,-99
10.39,9.97
17.34,5.13
21.33,1.94
18.67,3.28
19.41,6.71
19.59,11.89
16.83,9.24
18.06,7.73
16.31,5.62
17.37,12.69
20.43,7.88
16.6,10.01
17.73,9.79
15.39,9.5
19.56,7.08
19.75,4.15
18.04,5.69
17.69,4.73
20.07,2.28
19.36,9.17
18.56,6.82
17.11,8.66
10.63,7.43
11.5,7.01
13.87,5.7
12.5,-1.91
10.11,-2.71
14.88,-2.17
20.64,0.2
12.84,0.14
14.8,-1.35
15.17,-0.02
15.25,-2.32
12.91,-0.29
15,-2.47
13.06,-2.61
9.05,-2.31
10.61,-4.59
15.59,3.22
16.28,5.75
17.65,7.39
18.94,3.62
17.74,3.77
17.22,1.46
13.92,2.3
16.42,5.4
16.42,7.66
15.76,4.66
19.64,2.15
15.88,2.83
13.78,7.14
17.13,3.21
17.25,1.57
19.2,1.89
19.84,-0.07
16.7,1.15
15.01,-0.75
9.65,2.35
12.94,2.16
17.63,0.83
17.69,-0.64
23.06,2.31
18.77,2.51
17.75,1.07
16.13,-1.26
10.23,4.97
17.16,1.89
15.09,-0.37
15.53,-1.45
9.93,2.89
12.89,-0.07
10.01,-1.24
11.19,-1.41
12.19,-1.92
11.93,-2.67
14.63,4.13
14.41,1.44
12.92,0.77
13.76,-1.75
9.42,-0.59
12.65,-0.98
18.62,-2.24
12.45,-2.17
12.2,-0.8
16.02,2.01
18.87,0.47
21.33,0.14
22.91,2.59
20.63,3.16
12.94,6.09
11.74,5.01
18.77,-2.16
19.22,-0.89
14.16,0.3
9.29,2.54
7.5,0.46
12.6,3.04
13.95,2.02
13.31,3.69
13.33,1.16
14.17,-0.38
17.17,0.84
14.83,1.26
13.77,6.5
12.61,7.68
12.63,7.75
13.29,2.13
16.94,-0.87
13.67,0.2
7.78,3.57
6.2,-0.66
7.02,-4.75
9.83,-1.94
12.27,-3.07
12.35,0.06
10.14,1.31
10.86,5.08
16,2.3
17.24,-0.6
14.96,0.01
12.71,11.18
12.97,9.3
18.54,8.63
20.2,10.17
19.99,7.31
21.44,6.01
20.37,6.21
14.68,4.36
7.71,1.77
10.95,3.83
14.7,0.86
14.74,-0.99
15.52,9.89
16.76,2.67
16.87,2.41
16.38,7.14
19.85,3.65
21.79,6.21
16.95,7.54
15.04,5.72
19.85,3.79
16.8,7.57
11.69,10.14
20.38,10.4
19.34,9.88
17.17,5.35
17.48,3.1
10.49,6.48
18.89,3.92
16.26,2.72
14.2,8.77
9.71,6.94
12.64,5.93
17.55,4.35
16.53,4.89
21.41,3.44
19.56,7.78
25.11,10.15
22.25,7.82
22.61,5.94
23.99,5.74
24.48,7.29
26.41,8.13
27.74,10.45
24.63,8.73
17.08,8.53
19.73,3.74
18.98,5.57
21.86,7.9
24.07,5.84
22.4,7.46
17.79,12.35
22.66,13.02
13.18,6.84
9.98,6.77
12.65,8.33
22.56,8.85
22.43,6.14
22.68,6.63
23.95,6.58
22.34,8.01
25.36,7.57
26.92,8.3
29.04,13.32
28.45,13.56
25.19,15.85
18.93,13.76
19.84,12.29
21.27,12.64
25.98,12.73
22.63,9.91
18.44,11.42
15.27,8.84
19.74,8.23
20.05,11.47
16.61,8.88
18.21,9.56
22.54,7.55
23.49,10.16
23.72,11.74
16.57,10.29
17.26,7.25
19.32,5.19
22.82,8.38
22.35,8.41
15.37,7.33
18.85,5.62
22.16,11.71
26.21,12.82
25.26,11.99
26.64,10.15
24.17,12.17
26.01,10.96
25.54,10.54
27.59,11.62
21.52,12.34
22.56,12.18
26.63,11.64
28.22,12.28
31.87,15.51
32.61,15.99
30.35,15.39
29.26,16.31
31.12,14.95
29.37,14.51
25.97,19.13
27.76,14.96
26.91,13.48
28.05,12.98
26.64,13.79
24.01,14.14
26.23,13.77
27.27,15.62
29.46,13.04
28.09,12.85
26.74,16.25
29.03,15.02
29.33,17.27
29.19,15.25
29.42,13.98
27.69,17.65
29.56,17.76
31.98,14.83
33.22,15.06
35.33,17.91
32.91,17.15
33.77,15.25
33.26,16.41
30.17,18.3
33.45,17.76
30.6,18.73
32.14,19.7
33.62,17.18
32.59,18.37
31.82,17.45
32.81,18.72
32.57,16.54
30.77,16.4
31.51,16.97
33.49,17.52
34.24,18.16
33.6,18.6
37.01,18.94
33.87,17.83
32.06,18.74
34.13,21.38
31.41,17.61
31.97,17.3
33.72,17.61
34.71,17.79
34.75,17.21
31.71,18.76
33.47,19.27
34.64,18.29
33.53,20.01
30.47,20.24
29.22,16.49
32.68,14.69
34.16,16.29
33.34,17.08
34.02,16.65
36.54,18.8
32.8,17.33
32.58,15.24
32.08,16.11
31.46,18.59
34.19,16.72
30.25,18.69
34.25,17.39
33.7,14.2
31.08,15.61
31.12,19.27
29.42,17.66
27.73,15.72
26.58,16.59
29.03,17.46
31.07,17.51
30.99,15.87
33.82,14.15
31.28,13.55
33.35,13.69
33.6,14.64
32.81,11.12
31.61,12.23
31.67,14.34
31.89,12.86
26.66,16.7
28.29,14.64
26.52,15.06
25.31,13.78
23.98,14.2
25.18,14.43
27.65,13.39
32.01,14.38
20.35,15.55
28.57,11.67
23.66,14.82
28.07,12.13
28.58,14.97
32.47,12.8
29.46,13.91
29.87,10.79
28.5,9.66
29.86,12.49
30.69,15.55
32.51,14.81
32.97,16.33
28.53,16.46
26.86,15.64
30.03,13.38
30.6,14.19
27.8,15.93
27.3,21.04
21.96,16.7
28.05,14.62
25.25,13.32
27.5,10.92
26.55,12.5
23.13,14.44
19.72,10.12
12.85,9.52
20.85,7.39
26.18,7.76
25.41,10.09
25.05,13.59
30.13,12.66
25.87,13.03
28.11,13.46
25.75,13.28
27.93,15.2
27.37,14.16
27.64,15.19
29.61,14.32
26.93,11.37
25.52,14.11
25.75,14.97
30.19,13.42
32.1,11.82
17.88,13.24
19.23,12.91
22.4,9.62
23.7,4.89
25.68,7.94
19.98,8.24
18.8,7.99
22.96,7.74
26.81,9.3
25.01,9.16
25.86,11.52
19.81,8.58
20.19,6.67
20.84,12.25
22.55,15.58
22.29,11.95
20.03,8.58
14.87,6.65
15.16,7.34
14.28,9.52
13.08,9.41
15.04,7.99
11.16,1.08
14.38,1.95
12.92,2.81
9.5,1.24
13.13,8.09
17.86,1.28
10.38,1.69
8.33,-1.01
13.04,-2.85
12.94,-2.93
7.82,-1.62
13.15,4
9.44,0.49
20.41,0.56
21.36,-2.01
20.37,-0.99
14.13,-0.67
21.61,-0.1
16.63,-1.65
15.51,-2.54
12.42,5.25
15.27,2.22
16.95,-0.93
16.38,-1.32
17.69,0.2
18.15,-0.87
15.1,-0.4
15.12,2.51
16.61,4.12
13.39,9.49
12.99,8.45
14.85,3.03
18.54,1.62
15.85,-0.23
14.81,8.97
16.27,8.54
17.17,1.72
16.3,0.08
17.34,3.51
15.19,0.89
14.5,-1.85
13.58,-1.91
15.25,-0.73
18.1,5.8
18.52,5.76
18.61,5.25
15.44,2.17
15.74,3.38
18.17,3.82
16.17,5.83
12.59,4.39
12.18,5.57
13.17,8.47
15.74,6.21
13.31,6.01
15.96,1.42
15.26,0.03
18.03,11.01
17.02,6.38
14.22,3.41
11.63,3.81
14.62,1.61
15.33,-0.62
11.43,-1.12
16.63,3.16
15.44,3.69
15.88,7.42
16.98,3.2
13.4,3.45
11.07,-0.38
14.34,-0.8
13.71,1.22
14.51,-1.02
12.34,1.49
15.18,1.46
14.63,-1.53
13.72,0.86
16.73,2.26
18.91,-0.09
15.91,2.94
17.72,2.23
13.68,0.69
16.66,5.88
13.8,1.08
16.9,0.55
22.05,0.99
23.26,6.25
23.58,8.24
13.66,7.07
16.06,0.98
13.87,5.67
18.6,4.61
18.35,1.24
11.22,4.64
16.96,0.75
17.9,0.1
16.17,2.59
18.37,2.72
13.97,1.41
12.69,-0.55
15.23,0.98
14.28,-1.22
17.77,0.1
13.66,4.61
15.8,3.29
17.88,5.59
18.29,0.64
19.2,-0.78
20.89,0.55
19.48,0.67
22.33,0.12
18.29,3.09
17.55,1.42
18.36,3.62
20.69,1.72
23.82,3.04
26.08,10.2
26.05,5.66
20.83,5.36
22.38,6.5
17.29,5.13
19.54,10.27
20.05,8.02
14.33,3.61
15.56,-0.23
17.26,5.59
13.99,4.06
15.55,2.61
15.92,1.26
17.15,6.4
15.28,11.64
19.72,8.98
21.34,6.28
17.14,6.11
15.54,9.45
20.85,9.58
24.19,6.59
24.14,6.51
26.32,8.41
21.09,12.55
24.31,10.62
24.1,7.82
21.23,9.65
20.02,9.99
25.29,9.33
25.89,10.22
25.7,9.31
20.94,6.03
22.89,6.72
23.92,8.8
20.14,11.03
15.39,10.71
18.13,9.36
19.39,12.13
24.62,9.55
23.86,11.15
20.94,10.37
22.39,6.26
21.04,7.67
21.21,6.78
21.15,6.93
19.94,11.49
22.77,10.49
22.18,10.19
21.92,12.42
24.83,11.11
23.54,7.02
23.89,9.39
24.34,14.04
25.28,13.62
27.1,12.61
29.79,11.85
22.65,14.83
21.54,12.65
20.93,9.81
22.91,7.73
25.34,14.3
23.7,11.76
24.1,10.08
22.62,8.24
23.59,11.71
20.67,12.97
21.03,13.89
24.56,11.4
24.58,7.93
23.22,6.19
21.92,10.33
19.12,9.47
21,8.75
22.81,10.62
21.48,12.91
22.96,12.12
24.87,10.66
27.46,12.75
24.51,10.91
27.02,13.19
25.13,12.12
26.14,12.81
26.57,13.2
30.58,15.67
30.88,14.5
32.89,15.38
30.59,13.18
32.52,14.29
34.52,16.38
34.01,17.51
32.6,16.93
27.86,16.18
30.31,16.58
27.55,14.45
25.51,13.34
28.25,12.91
32.54,15.77
31.56,16.64
28.1,15.39
29.29,18.52
31.39,17.4
26.36,16.57
28.96,15.81
28.28,14
32.19,16.59
24.62,15.92
26.79,13.39
29.89,15.6
28.26,16.84
30.41,14.71
30.8,20.08
32.52,16.97
30.79,17.02
20.45,14.07
25.01,14.28
24.55,14.04
28.49,11.9
30.49,16.74
27.76,16.49
28.07,16.09
27.67,17.6
29.64,19.61
32.42,17.07
36.71,17.57
34,18.23
32.21,20.27
31.58,15.9
29.34,14.17
32.71,16
32.71,16.19
32.81,18.23
29.66,19.16
31.6,16.68
31.93,21.24
29.39,17.71
27.19,15.4
31.04,15.33
30.55,17.37
30.35,18.08
30.25,17.62
28.78,15.72
30.54,18.21
29.87,19.42
30.95,18.26
30.75,20.08
31.56,20.99
29.64,18.77
33.51,20.03
33.86,19.98
29.26,19.55
25.57,17.31
26.97,16.57
26.46,16.73
25.79,18.04
29.28,15.21
31.4,14.86
30.63,17.74
26.73,19.62
25.39,16.91
19.82,16.29
26.06,15.31
25.44,17.16
30.31,15.62
30.03,18.13
30.78,18.36
32.11,17.51
31.1,19.3
32.33,17.74
30.48,18.45
33.37,17.2
30.27,15.36
28.64,16.09
24.92,17.1
29,17.69
30.97,16.55
30.44,17.56
32.47,18.21
31.34,16.61
31.13,15.16
29.82,17.8
29.39,16.16
28.21,16.65
28.21,16.09
29.69,15.66
28.2,14.91
26.74,16.89
28.71,16.27
30.29,17.58
29.67,18.67
30.66,16.96
24.64,16.48
27.22,16.37
23.21,13.93
24.89,14.39
27.01,10.81
26.56,9.16
20.28,13.7
26.97,17.29
22.07,16.23
27.07,14.62
29.1,13.14
27.92,13.31
28.83,13.24
23.36,15.81
25.65,14.74
29.23,15.29
28.35,13.24
29.82,14.78
27.4,15.53
27.02,15.41
27.49,17.19
25.29,14.16
22.96,12.35
24.35,10.83
29.52,10.97
28.12,13.82
28.87,11.2
28.74,13.66
27.87,14.67
27.51,12.04
22.15,13.83
25.18,9.37
31.2,9.11
27.99,10.84
26.19,10.83
20.54,9.1
20.7,13.69
23.28,11.49
24.3,10.5
23.93,8.97
22.97,10.78
23.99,8.86
21.8,11.33
18.93,8.7
17.75,7.73
19.43,3.47
21.34,2.01
19.47,8.21
18.76,6.74
16.53,8.58
17.5,4.9
20.31,5.85
21.33,4.22
20.64,6.28
21.12,9.09
19,5.65
18.37,5.45
19.13,2.11
20.42,2.04
20.67,3.95
21.2,11.73
20.78,13.22
20.71,14.74
20.2,14.94
19.62,14.41
17.94,9.44
18.2,6.25
20.06,12.05
18.71,14.53
17.48,11.44
14.66,10.26
17.51,7.52
12.67,6.05
9.31,7.37
12.21,5.12
12.9,3.83
15.32,3.31
15.25,2.7
10.24,6.56
15.06,0.8
17.29,1.47
17.99,1.45
15.68,6.71
15.93,4.93
10.94,9.1
14.46,5.85
10.36,3.32
20.5,7.8
20.36,5
19.97,4.35
18.04,2.08
16.1,-0.26
16.27,-0.64
17.33,2.04
19.01,0.41
13.32,2.64
8.52,0.59
8.85,3.73
9.33,2.44
11.46,1.07
16.7,-2.2
12.44,-2.64
18.47,-2.38
21.56,0.31
19.78,0.45
17.95,-0.76
16.44,0.97
16.86,-0.56
17.66,-0.72
18.01,-0.36
21.9,0.67
18.82,1.02
18.8,-1.72
18.69,2.87
16.95,1.49
19.92,8.41
14.69,7.81
15.61,2.08
12.99,-1.76
8.32,5.56
12.18,3.22
10.13,0.74
11.42,-0.31
15.91,-1.94
17.32,-0.33
12.01,6.26
10.02,5.37
13.5,2.01
13.57,2.36
15.49,2.73
11.72,3.31
14.66,0.48
11.51,-2.16
12.04,-4.82
5.17,-0.75
5.44,-0.68
10.25,1.8
8.35,-3.21
7.5,-1.04
15.11,-3.02
15.31,-0.71
14.89,-2.99
16.54,-2.63
16.56,-0.63
17.11,4.85
16.29,0.44
16.7,3.64
15.29,5.07
13.84,5.6
17.32,1.66
16.16,-1.35
14.64,-1.08
10.74,5.29
12.33,-0.26
17.03,-0.42
13.96,2.46
15.01,7.7
15.58,8.08
12.53,6.84
15.43,0.82
18.75,6.78
21.32,7.34
16.34,9.26
11.27,6.67
15.27,6.81
17.6,3.21
18.74,0.38
15.72,0.13
19.56,4.25
21.03,1.32
26.52,3.84
20.88,5.96
18.53,5.8
11.97,2.07
9.57,0.7
10.56,2.02
16.71,0.98
17.18,8.66
19.55,5.95
16.18,8.24
13.15,9
15.52,8.03
16.42,8.83
12.43,8.2
11.77,8.38
17.85,2.03
21.92,4.65
22.25,9.69
20.72,6.52
24.94,9.14
23.23,7.67
18.43,9.43
20.23,6.25
22.06,4.58
20.22,8.2
18.99,7.51
17.87,4.66
18.1,2
19.28,0.96
19.73,1.02
19.25,3.09
20.22,6.11
23.62,3.77
25.31,3.93
28.51,5.46
23.56,3.58
23.14,11.77
23.01,8.51
24.82,8.63
19.39,10.53
21.53,9.99
25.04,8.44
21.12,8.08
24.47,8.33
27.21,8.93
22.2,14.34
22.98,14.88
16.26,10.96
23.59,7.09
21.54,8.1
22.67,9.88
24.7,10.32
26.58,14.84
25.45,15.05
26.09,15.28
25.48,14.03
28.18,11.19
25.92,8.96
28.05,10.25
28.37,12.83
28.66,12.88
28.2,11.82
28.43,15.27
29.13,16
31.17,15.33
23.41,13.59
24.92,15.83
29.28,10.95
29.44,11.37
20.83,11.02
19.73,9.93
22.05,10.55
23.6,12.58
24.41,13.98
26.06,13.42
26.28,10.25
24.72,11.18
29.31,11.24
29.11,10.5
29.24,12.54
26.49,13.46
27.26,13.22
29.16,14.5
33.37,13.46
31.31,15.45
33.92,14.86
33.84,12.76
33.09,11.97
34.34,16.21
32.74,16.7
31.84,18.11
31.16,15.79
31.19,16.49
28.98,16.24
28.71,14.69
27.08,16.66
27.93,14.22
30.17,12.85
30.64,16.94
33.41,13.14
31.22,16
32.94,16.41
32.65,15.06
33.78,17.06
32.45,16.97
31.42,15.26
31.27,12.88
34.03,16.53
34.47,18.48
34.5,18.2
36.56,19.42
36.54,18.36
33.08,18.73
33.52,17.27
33.23,18.01
39.57,20.62
42.89,19.81
40.81,19.95
37.88,19.38
34.29,21.55
35.37,19.93
34.85,16.48
35.33,18.58
34.15,19.32
33.89,21.43
35.64,19.32
35.2,19.03
35.47,18.38
35.37,20.26
36.51,20.77
34.45,21.68
37.29,20.77
38.2,23.25
35.02,22.08
33.85,20.82
39.25,19.61
27.96,19.08
35.08,17.24
27.41,19.7
31.13,18.9
33,18.49
29.31,16.33
29.92,17.06
30.94,16.86
34.82,16
32.59,19.2
35.6,21.42
37.64,19.63
34.48,20.69
35.02,20.38
31.33,18.88
27.73,17.25
32.48,16.67
32.3,18.54
32.13,18.65
30.58,19.93
28.89,18.22
26.62,15.64
28.04,13.53
29.3,15.95
28.11,16.46
30.22,14.93
31.98,15.97
32.35,17.4
29.89,18.84
31.43,19.5
29.09,16.06
29.92,13.47
31,15.98
31.37,19.14
35.29,18.17
33.88,18.78
32.62,16.17
32.08,18.64
32.6,19.12
29.81,18.74
27.64,16.98
19.39,14.78
26.12,14.55
27.49,15.42
27.84,14.64
28.65,13.08
28.59,10.57
21.96,14.47
25.91,12.74
28.54,17.69
30.73,16.71
27.02,14.93
27.21,15.12
30.91,21.75
29.46,18.2
27.8,12.52
25.92,10.48
29.06,14.52
28.82,11.29
25.22,11.35
24.35,15.32
28.08,13.86
28.46,10.22
29.1,11.08
28.19,11.39
27.35,10.2
19.9,11.98
16.75,13.8
23.33,12.02
23.6,11.33
25.12,12.14
20,10.73
30.62,13.79
27.66,16.21
21.93,12.62
24.75,10.72
25.38,11.81
26.76,9.52
25.6,10.1
25.05,17.14
21.55,12.74
20.46,9.27
19.6,5.86
19.14,5.97
19.98,8.5
23.49,11.28
20.55,11.73
19.83,10.75
17.16,7.75
22.32,5.55
21.78,6.99
21.06,7.86
21.92,11.83
17.47,11.95
22.99,14.07
23.19,9.99
21.99,6.92
22.93,6.47
23.32,6.67
19.97,10.91
17.79,9.94
20.84,12.46
25.21,11.19
23.97,11.06
27.15,10.05
25.63,9.3
21,11.1
24.67,11.07
27.65,10.41
23.6,7.43
20.39,8.07
21.33,10.95
24.09,7.79
27.01,5.44
27.02,5.15
24.54,4.34
25.38,5.47
24.66,6.18
21.14,6.6
14.66,3.38
11.34,4
11.46,0.42
15.6,-2.3
13.9,1.8
12.66,6.73
18.22,1.36
17,0.68
16.32,-0.68
20.62,-0.27
19.93,-0.29
15.7,-0.74
14.89,1.63
18.3,3.62
15.58,5.74
17.01,4.24
15.83,7.42
18.17,5.46
18.16,4.13
15.36,2.86
16.61,2.19
16.26,0.28
13.4,0.82
14.03,-0.04
14.84,-0.33
20.44,2.95
18.52,4.78
19.06,5.46
13.84,4.92
14.67,10.86
19.38,4.48
17.74,1.11
16.85,2.48
18.74,3.8
16.45,1.07
18.38,2.87
15.21,4.25
17.41,3.85
18.91,6.09
16.76,3.14
17.37,2.71
15.96,5.14
13.77,2.47
12.32,2.39
11.18,5.83
9.96,4.75
14.7,0.51
18.32,3.69
22.92,6.48
17.61,8.1
20.92,6.84
19.54,5.85
15.58,1.35
13.99,-0.46
11.56,3.53
11.07,6.26
9.26,4.51
13.8,-3.68
11.15,0.59
13.4,0.13
14.58,-1.43
14.8,-1.09
15.24,-0.15
18.36,4.43
14.85,3.14
14.93,10.17
17.42,11.12
23.23,5.91
18.69,2.76
14.97,5.08
17.39,2.96
16.36,3.14
22.44,2.55
17.62,1.39
17.9,7.99
17.19,1.49
18.52,-0.15
16.1,4.76
14.12,2.77
19.51,0.18
19.05,3.35
13.8,7.36
10.87,6.99
19.99,7.56
23.13,5.9
15.15,6.9
13.33,5.97
10.97,0.05
12.3,-2.25
11.63,-1.41
15.1,-1.14
16.86,-1.52
20.02,-0.87
18,7.09
17.75,3.75
17.19,2.95
17.39,1.96
11.26,5.48
12.99,4.97
10.98,5.52
16.84,5.56
19.87,2.79
18.99,6.27
15.61,1.4
19.74,1.24
15.91,5.62
12.66,3.87
13.63,2.73
12.79,5.27
10.82,-1.07
14.42,1.83
15.72,5.93
15.82,-0.03
16.05,-1.24
16.73,0.17
14.43,4
11.77,4.62
9.69,4.97
15.05,5.5
14.89,5.41
14.84,6.4
18.1,6.23
18.4,4.6
18.52,4.71
20.96,6.26
15.97,3.59
23.09,3.58
16.79,8.63
19.7,7.85
19.19,5.25
24.02,5.36
22.97,7.19
17.15,8.05
17.86,8.3
19.81,7.99
19.25,8.88
15.89,10.29
19.73,12.98
18.85,6.2
15.57,7
20.53,3.65
21.11,4.67
22.41,7.44
22.78,6.92
20.71,9.52
25.21,6.01
23.71,8.33
25.61,9.17
22.96,12.15
20.25,6.76
20.98,5.29
22.39,6.08
19.11,11.24
21.03,8.09
20.89,9.16
17.65,6.33
19.06,9.05
16.3,6.97
15.42,8.9
17.36,8.44
18.26,5.76
13.91,7.82
17.84,6.68
22.64,9.12
23.22,6.09
24.14,7.73
21.57,6.23
20.18,10.69
21.71,12.91
16.47,12.45
15.71,13.42
22.95,8.85
21.8,9.53
23.11,7.2
20.28,11.04
23.92,11.64
24.08,9.91
21.19,13.42
21.5,13.23
25.21,10.46
18.96,12.97
23.01,11.92
27.85,11.26
24.76,10.64
20.6,8.16
24.3,8.75
25.3,12.95
24.27,13.17
25.42,12.11
22.7,14.72
24.24,13.53
21.75,10.32
21.47,10.22
22.3,13.47
24.09,14.37
26.77,11.88
24.75,13.58
25.6,12.53
28.76,15.12
29.98,14.53
30.99,16.38
31.55,17.48
28.99,17.05
26.55,17.45
26.4,17.84
28.17,16.77
24.74,14.97
23.78,15.93
23.24,12.68
23.14,11.32
17.58,12.22
24.9,11.09
28.05,11.99
31.79,15.65
33.41,15.5
33.03,14.84
32.99,14.51
31.33,19.95
27.6,18.86
29.35,19.28
29.7,15.73
32.06,17.78
29.23,19.25
31.56,17.85
30.98,18.72
29.8,19.56
31.4,16.54
34.27,16.98
32.83,19.23
32.7,19.49
33.97,21.42
34.98,18.69
35.84,19.52
33.24,19.77
31.93,19.72
26.81,18.87
25.3,17.69
29.26,16.92
29,13.31
31.14,13.44
31.88,13.87
33.5,14.53
35.06,15.68
31.47,20.82
27.25,20.58
30.32,19.18
33.78,20.71
33.75,18.46
34.42,17.87
32.27,19.09
30.32,18.28
32.16,18.58
37.14,20.19
32.4,20.55
30.93,19.61
31.39,17.5
32.76,18.78
36.72,19.91
29.59,19.96
32.42,21.57
32.03,16.86
33.41,15.15
32.36,17.39
28.62,16.34
29.28,17.12
30.27,14.47
30.05,13.07
32.1,13.82
32.73,16.14
30.62,18.78
31.07,16.94
29.37,18.67
33.59,19.32
30.4,20.35
29.43,19.24
31.71,14.6
31.81,12.83
35.15,13.26
32.53,13.81
31.63,13.4
31.82,14.36
30.74,17.66
30.19,19.69
27.72,18.58
30.06,15.47
33.88,17.24
33.58,17.15
34.04,19.02
33.95,18.31
34.51,19.31
34.07,19.01
29.88,17.54
30.69,15.72
31.17,17.78
31.14,18.84
32.96,16.49
32.95,16.89
31.16,18.6
24.18,13.47
25.13,11.74
27,11.89
19.88,13.59
26.26,10.44
27.66,14.51
26.1,16.04
25.61,15.34
26.32,12.51
26.1,14.62
28.31,14
26.67,12.98
26.24,13.22
27.99,13.85
26.79,12.39
26.84,9.93
27.32,13.15
25.65,13.48
24.49,14.64
23.73,14.85
24.89,14.06
26.11,14.38
19.67,11.08
24.04,10.43
23.36,15.94
21.93,14.86
20.71,14.23
18.37,11.39
19.12,9.87
19.14,13.63
18.67,10.85
23.72,9.1
23.67,9.98
21.43,13.99
23.54,12.3
19.79,14.46
17.86,12.99
20.62,7.28
14.67,7.27
25.11,10.19
24.73,14.08
22.18,16.22
24.15,14.38
24.59,9.42
24.3,7.25
22.07,5.99
22.07,7.31
21.01,8.32
23.75,8.49
24.64,8.01
21.58,6.13
21.46,9.02
23.64,10.62
14.4,7.35
13.54,4.83
16.56,1.32
19.15,2.55
17.19,3.52
19.03,2.74
17.71,6.65
18.3,6.82
15.35,8.42
16.76,2.13
17.54,1.01
18.4,2.73
20.81,3.29
16.95,8.94
18.96,13.2
19.05,15.81
19.8,13.18
18.13,12.17
17.86,5.4
16.31,3.82
15.85,3
16.37,7.1
14.93,3.63
11.59,4.84
14.7,2.1
18.35,0.11
18.58,-0.93
14.33,-1.06
15.02,6.76
14.88,9.99
18.19,5.28
17.04,3.08
17.5,1.49
16.03,0.88
15.95,0.55
19.01,1.48
20.83,1.49
14.79,-0.66
16.51,2.54
15.35,3.46
13.36,4.99
13.88,3.24
14.17,1.5
9.12,0.54
10.77,7.62
14.8,4.62
16.71,1.22
19.46,3.51
19.78,2.38
16.06,1.89
19.22,1.61
18.67,0.74
16.11,-1.63
15.08,-2.24
16.18,-0.04
16.13,-0.43
14.89,-0.85
14.1,-2.43
16.02,-1.62
14.67,-2.26
10.97,-1.41
12.25,-2.98
13.27,-5.43
16.34,-2.34
14.8,-1.82
10.54,0.03
13.34,2.88
16.35,0.92
10.64,1.66
9.22,-2.39
9.54,0.94
10.73,3.05
5.02,1.35
7.43,-4.14
8.98,-5.3
10.22,5.55
9.91,6.7
7,4.29
10.18,5.9
16.48,3.42
5.89,0.66
11.37,0.74
13.65,3.93
11.31,7.02
15.4,3.1
15.5,0.15
16.99,7.23
16.12,3.61
17.34,3.98
18.24,2.84
16.29,6.04
15.77,3.29
15.21,3.43
20.4,6.08
12.53,7.03
14.26,1.11
13.52,1.31
14.14,1.93
13.98,11.79
13.75,12.53
17.64,10.65
14.52,10.33
16.6,6.53
18.91,6.01
15.37,3.08
16.39,4.73
19.29,2.18
21.88,1.81
19.95,2.39
15.19,3.29
14.89,8.66
16.16,2.8
17.77,0.14
19.26,2.2
16.62,4.33
16.34,3.36
18.97,2.55
16.37,3.92
15.67,4.21
17.79,2.89
23.22,3.45
18.21,4.69
21.37,5.9
23.41,4.07
25.23,4.43
21.77,4.29
18.6,6.09
18.02,7.8
22.31,5.06
20.63,4.09
21.3,2.4
23.81,3.16
19.06,4.75
26.05,6.43
20.36,6.04
17.97,6.54
19.65,10.42
18.49,7.59
13.12,6.18
15.97,4.73
19.81,3.28
18.19,4.21
20.67,4.34
23.82,6.37
24.03,5.26
20.64,10.49
16.18,5.64
17.66,3.77
22.49,8.92
22.61,6.65
20.48,11.85
22.44,13.21
21.52,6.63
24.69,5.51
23.71,4.95
26.18,6.3
23.81,9.75
24.35,7.16
25.94,8.3
25.94,10.01
22.45,9.72
22.8,7.48
25.55,6.87
22.71,8.95
18.47,9.05
16.52,2.27
18.9,0.32
23.18,2.79
23.49,6.14
22.78,7.69
23.22,7.74
15.2,8.85
11.52,3.04
18.59,0.65
18.25,2.48
18.78,8.6
17.83,6.59
20.22,6.08
16.93,11.6
21.46,7.22
21.16,10.46
22.44,12.12
23.89,9.21
25.83,9.65
20.67,10.44
21.66,10.27
22.65,12.23
28.02,10.42
24.71,11.51
27.02,12.73
27.93,12.04
28.22,12.4
28.41,11.96
26.23,11.03
19.5,11.3
20.75,10.35
24.6,9.95
27.02,13.96
29.24,14.93
30.9,13.91
31.4,14.68
25.07,17.45
28.08,15.95
30.39,12.69
29.94,11.95
24.48,12.94
27.62,12.77
27.44,12.8
28.33,13.5
28.99,17.08
26.87,15.4
26.43,14.89
27.12,12.31
24.13,14.42
26.95,12.26
27.33,16.57
30.85,16.4
33.09,16.52
32.95,16.24
35.81,17.9
31.1,17.38
33.97,18.9
34.84,22.32
36.66,18.7
33.01,15.11
31.92,16.31
34.29,19.83
30.89,18.83
30.01,20.07
34.93,19.06
33.57,20.06
29.46,20.11
32.94,20.46
30.49,17.96
25.36,16.04
23.84,13.56
22.99,12.33
23.21,12.62
27.92,14.6
30.25,14.68
29.05,15.97
28.81,13.86
31.11,16.57
29.62,18.89
29.37,17.81
28.05,17.25
33.02,18.11
27.74,18.49
29.26,17.86
30.31,19.2
31.28,20.88
34.02,17.06
30.73,17.81
30.79,15.98
30.93,20.23
30.89,21.16
28.69,19.87
27.9,17.77
32.13,17.41
29.54,18.26
29.13,17.31
28.72,18.64
28.75,18.46
31.81,16.86
30.87,18.94
32.58,18.68
29.46,19.38
30.6,22.05
30.46,21.75
33.84,19.48
32.59,21.58
36.06,20.02
34.31,21.6
32.73,21.9
32.1,20.21
25.9,20.27
27.26,15.41
26.74,14.39
26.59,14.34
28.04,17.04
29.55,16.34
32.39,17.09
30.38,16.19
30.1,19.61
31.76,18.62
37,19.09
29.88,22.2
31.92,19.47
29.83,14.45
33.26,13.71
33.01,18.68
34.9,19.39
33.27,18.67
31,20.56
29.99,21.39
30.61,19.42
34.39,19.64
34.22,18.98
22.65,15.95
26.04,15.52
27.73,17.43
25.64,17.19
27.26,17.4
33.61,15.71
26.74,18.43
28.7,16.97
25.72,15.74
22.09,12.85
24.6,10.49
26.44,12.24
25.42,16.07
29.25,13.5
26.56,14.66
18.2,10.76
21.24,7.79
21.88,8.87
20.93,11.37
23.19,9.97
23.98,10.84
23.49,10.27
25.74,12.31
23.72,13.07
27.36,15.23
26.23,14.84
24.34,14.06
24.71,14.16
24.8,13.18
26.47,14.22
21.69,13.68
22.94,14.07
24.81,17.13
27.39,16.16
25.11,13.9
30.13,11.48
27.02,14.01
21.01,8.45
25.35,6.4
25.98,8.63
25.6,12.16
27.59,10.13
24.24,13.08
23.22,12.9
23.46,14.65
26.65,14
26.23,12.47
24.83,10.51
25.87,13.06
18.84,15.23
23.95,14.27
24.45,12.77
20.78,12.45
22.06,9.76
25.58,10.03
23.97,9.2
21.79,9.94
24.32,10.73
24.69,9.87
25.19,6.94
20.9,7.03
20.07,6.23
20.52,3.86
23.47,8.14
22.33,9.65
19.83,11.94
18.16,10.15
14.61,9.24
16.65,2.93
15.31,1.18
11.07,1.81
18.15,0.54
17.94,3.81
21.64,2.85
12.53,8.99
14.57,3.08
18.03,-2.01
16.71,-1.92
21.11,1.07
20.87,1.74
19.36,0.62
21.84,0.44
21.19,0.63
19.92,0.19
19.52,5.49
18.75,8.71
15.82,9.9
13.92,7.91
14.22,-0.25
13.37,-1.22
10.02,0.22
11.24,-2.69
8.71,-2.71
6.87,1.69
13.35,-2.74
13.98,-3.41
15.37,-4.12
13.06,-4.1
14.54,-3.06
11.79,-1.72
9.78,1.6
16.28,1.32
16.35,3.82
10.12,-1.63
11.09,-3.78
15.94,1.96
10.98,0.91
11.87,-1.37
13.14,-2.18
7.74,-1.91
11.6,3.12
11.69,-0.63
14.44,2.67
17.84,1.5
16.17,1.37
14.55,0.12
16.51,0.9
13.32,1.9
14.27,-0.81
11.81,-2.83
11.53,-2.61
21.88,-1.35
20.39,-0.29
15.71,2.73
15.03,0.82
21.44,3.75
21.21,4.04
20.34,2.81
14.66,1.89
14.26,5.47
11.08,2.06
15.24,2.01
14.84,1.57
12.47,2.78
13.55,0.21
13.36,-2.8
9.89,6.71
14.43,4.08
18.35,0.97
14.84,1.14
14.31,2.55
14.1,0
12.33,3.03
20.77,6.4
16.19,4.56
19.54,2.93
17.27,1.04
15.51,4.42
10.06,7.17
11.29,7.31
16.35,2.42
15.15,-0.75
13.7,-0.47
14.88,3.13
6.84,0.76
9.62,-0.32
12.09,-3.09
8.81,-1.61
8.75,3.43
9.08,4.39
7.7,2.26
6.64,-2.06
9.42,-4.5
9.28,-1.72
11.29,-2.45
8.71,2.48
10.46,-3.74
12.25,-1.5
18.14,3.11
14.9,3.11
12.5,7.93
15.35,2.49
14.38,4.85
15.71,7.65
10.55,5.36
8.73,-0.1
10.69,-0.44
11.11,-3.56
13.82,3.77
9.33,-1.68
5.01,-2.43
5.33,0.61
14.56,5.15
15.25,6.3
16.3,5.59
17.12,4.9
13.26,4.22
17.72,1.55
13.5,1.72
15.45,1.66
17.5,2.36
22.92,9.62
19.1,10.52
16.67,4.63
14.96,3.38
18.16,2
19.18,6.08
16.06,2.25
14.52,1.51
13.6,0.51
15.08,-1.11
11.14,3.27
10.26,5.16
14.54,2.98
16.81,-0.27
7.24,3.43
13.07,3.33
16.8,1.19
17.06,1.67
17.96,6.15
15.68,5.98
19,3.39
15.15,2.11
14.85,-0.46
18.09,3.18
20.05,9.47
22.14,8.48
17.94,5.8
19.21,4.57
17.11,9.25
12.33,9.36
18.21,6.73
16.25,4.89
13.49,6.96
14.5,6.18
15.42,5.6
14.21,9.68
20.94,8.02
20.58,9.5
22.34,7.27
23.19,7.26
21.94,8.78
21.85,7.65
23.73,7.59
25.21,8.48
20.95,9.55
24.03,11.44
23.66,10.63
22.85,11.08
20.02,7.82
20.88,9.45
17.83,6
18.39,4.81
16.32,5.41
20.85,2.68
18.61,7.19
19.8,9.61
21.74,11.56
23.82,10.68
23.91,13.35
23,11.89
21.91,12.8
19.65,12.03
24.78,12.63
22.68,7.67
16.01,5.94
15.73,5.21
21.13,9.1
22.36,9.24
22.54,9.57
21.43,8.84
23.28,10.02
22.45,9.88
21.15,9.22
22.95,11.28
23.84,11.46
26.4,12.92
23.38,10.81
23.56,13.8
23.78,13.26
23.17,16.46
25.65,15.28
22.23,12.35
22.58,11.84
24.66,12.9
24.71,12.81
21.06,13.49
23.85,13.61
23.22,12.74
21.87,14.05
21.24,13.3
25.32,11.48
27.42,15.05
27,14.17
24.1,14.8
24.13,13.87
25.75,14.31
26.33,11.98
25.31,13.99
26.77,13.85
26.27,13.25
27.97,13.82
27.89,16.19
29.23,14.19
30.52,14.03
29.02,17.72
25.31,13.73
27.11,12.06
26.94,13.65
26.24,13.84
30.38,14.15
28.06,17.59
27.22,16.02
28.65,14.67
27.74,13.25
27.22,15.62
30.9,17.48
30.37,16.49
28.04,16.37
28.01,18.27
29.48,16.89
31.07,16.56
30.44,17.52
29.36,18.16
28.4,19.2
27.81,16.94
28.91,15.76
30.18,17.51
32.08,16.49
27.29,16.26
29.74,16.03
29.4,17.14
29.49,16.83
28.95,17.96
26.54,18.23
25.32,16.48
30.15,14.04
29.84,17.17
32.45,15.89
31.77,17.73
33.52,18.5
28.03,17.76
30.24,17.42
30.39,19.37
31.42,18.84
33.11,19.51
33.31,20.33
32.83,20.13
36.16,19.78
33.81,20.82
32.67,19.24
32.58,19.92
28.62,19.72
28.79,16.43
26.6,17.29
27.6,16.02
31.79,17.41
28.13,18.74
28.3,17.89
30.77,17.69
30.2,16.57
29.99,18.21
29.95,17.37
32.15,16.45
33.24,16.47
32.55,18.21
31.95,16.35
31.45,16.64
30.15,17.29
25.78,17.06
27.29,14.69
29.59,14.46
34.02,16.34
30.34,18.85
27.91,17.47
24.04,19.19
27.76,16.88
27.06,16.46
25.17,16.93
27.22,17.09
27.16,14.87
26.05,15.5
27.52,14.19
25.92,16.12
26.07,16.93
27.04,16.74
28.68,15.08
26.7,15.27
30.07,17.22
27.72,16.19
27.28,18.64
29.53,18.03
26.11,16.24
25.47,15.75
27.09,16.96
30,15.78
28.32,14.38
27.49,16.62
30.48,16.4
25,17.23
23.49,14
22.46,10.75
24.12,8.29
29.05,10.17
27.3,12.7
25.23,12.79
21.08,14.85
24.24,14.32
26.23,15.46
24.57,10.47
24.88,9.47
24.11,10.89
20.95,11.75
21.32,10.56
23.2,13.78
20.8,14.44
25.94,12.86
23.94,13.85
22.42,18.12
21.76,17.84
20.99,13.93
22.05,11.94
18.83,15.11
19.24,14.79
21.1,15.15
22.25,13.87
24.48,11.19
21.97,10.2
24.04,9.03
28.12,8.11
25.28,8.98
20.16,9.02
15.15,8.64
10.46,5.38
9.26,5.07
15.52,4.18
15.03,8.44
16.8,6.71
17.06,5.24
18,3.75
19.92,7.86
18.38,11.06
16.52,5.63
18.84,5.29
17.18,6.66
16.93,6.75
18.72,4.87
22.54,9.26
19.94,12.12
18.78,13.71
20.11,13.13
18.25,13.56
16,11.61
13.24,9.2
12.34,8.34
12.79,7.99
14.36,6.94
14.32,5.45
15.47,3.34
12.02,5.55
16.68,3.44
13.65,1.9
12.6,4.7
15.95,2.01
18.78,1.29
15.6,2.51
14.01,3.87
15.65,1.79
17.75,3.32
19.18,3.49
20.52,4.69
17.41,3.72
20.19,7.08
14.83,3.93
16.88,4.11
17.02,1.89
13.69,2.92
14.36,0.29
14.33,1.3
10.88,7.04
13.57,2.86
13.63,1.82
10.03,5.57
14.83,2.65
14.05,0.47
17.03,4
15.97,1.82
15.47,-0.72
18.92,2.46
20.8,3.83
19.35,3.23
14.51,2.58
14.64,3.57
14.57,0.94
12.06,1.91
14.42,-0.55
18.75,-1.38
20.49,3.08
14.43,0.51
15.88,-0.47
15.09,-0.68
10.83,-3.02
18.94,-2.1
18.59,0.73
12.59,-1.37
11.94,-3.03
13.42,-0.96
7.28,2.56
10.06,0.52
14.82,-2.26
15.62,-1.98
17.92,0.07
14.91,-1.8
13.08,-1.58
14.21,4.5
10.9,1.03
12.61,-0.42
8.42,0.95
10.68,0.37
10.81,-2.69
6.88,0.41
10.59,3.08
14.76,4.54
16.16,2.79
14.24,3.07
8.55,-1.77
8.41,0.21
11.53,-2.21
12.78,0.6
17.11,5.4
9.99,4.75
10.58,4.86
13.69,0.51
16.46,2.99
15.94,0.39
14.91,2.9
16.84,3.6
16.1,1.5
16.13,9.22
14.1,6.78
17.69,0.03
13.64,-2.38
16.65,-2.12
18.54,-2.84
16.71,-2.51
15.66,-1.06
14.91,-0.13
14.13,5.64
15.84,2.35
17.53,-0.49
22.88,0.76
18.23,1.25
15.36,1.64
17.21,0.05
19.27,0.19
19.93,0.48
21.38,0.43
18.91,1.39
18.4,3.65
20.79,1.76
18.81,8.48
17.02,5.86
16.53,9.2
15.09,3.96
16.83,0.47
20.4,1.3
19.44,3.59
19.19,9.32
19.26,4.19
14.92,3.82
15.63,4.37
20.96,2.74
21.85,1.27
19.76,3.62
15.55,6.55
13.01,7.08
15.5,2.79
14.98,-0.93
19.44,0.49
23.61,1.17
22.33,2.71
20.54,4.2
17.16,9.44
18.58,3.04
16.8,0.14
16.89,0.48
16.28,-0.48
15.82,2.12
18.05,5.27
16.82,4.2
16.21,5
13.09,2.13
15.52,-0.03
16.37,5.41
15.61,2.3
17.42,3.1
15.62,5.44
18.23,3.64
15.19,7.13
19.78,6.89
19.95,3.87
16.48,4.41
15.87,4.4
15.97,8.37
16.95,5.68
16.99,9.47
18.44,9.22
17.78,6.7
16.63,10.37
15.93,11.84
19.22,11.32
17.57,12.05
19.9,8.53
18.15,4.92
18.76,7.02
17.69,8.07
18.72,7.59
20.27,7.96
21.82,9.28
19.16,12.8
12.93,7.91
18.81,5.36
17.6,6.27
18.48,4.38
20.38,5.38
24.6,10.49
19.34,7.77
22.3,9.56
18.87,10.15
20.96,8.75
22.32,8.51
21.42,6.51
16.61,6.97
22.06,5.04
14.33,9.22
14.46,8.87
17.47,6.44
19.57,9.24
21.67,9.84
23.72,9.49
22.33,10.81
18.57,13.48
22.35,13.18
22.85,10.81
24.46,9.87
21.18,11.58
21.69,10.01
23.02,10.37
24.74,10.76
26.99,10.06
28.42,10.11
24.67,10.64
27.59,10.63
25.84,11.72
21.73,9.33
26.89,11.83
23.53,13.12
24.37,11.49
26.48,13.92
15.61,9.47
21.35,8.23
22.67,8.19
26.38,11.61
23.61,11.83
25.7,11.9
27.37,12.1
30.44,11.55
27.62,14.04
26.96,16.02
27.83,14.38
25.57,15.67
31.04,14.18
28.68,13.92
29.85,15
31.93,14.92
32.86,14.49
38.87,15.27
32.43,18.14
31.68,20.24
29,20.34
30.32,18.32
30.3,18.76
30.35,16.2
32.56,16.05
31.65,17.68
32.12,20.71
31.8,19.75
27.87,18.66
30.33,17.45
29.64,17.27
30.59,18.32
31.42,18.25
27.66,19.2
30.76,19.72
29.84,15.84
29.13,18.3
29.42,17.42
28.8,16.99
30.03,18.24
29.47,18.26
32.67,18.85
33.08,17.61
31.05,19.35
32.31,17.17
30.52,18.79
26.03,15.45
27.7,14.48
29.59,14.28
29.27,18.47
26.28,17.9
29.29,16.53
31.95,16
30.77,17.02
31.37,18.36
31.45,18.34
29.07,16.41
30.26,21.15
32.46,20
36.03,20.13
31.69,21.76
31.46,18.32
26.17,17.66
27.58,17.21
28.39,15.61
27.78,15.36
30.05,18.24
33.38,17.39
33.17,18.09
28.8,20.67
26.37,16.94
28.8,13.16
30.77,15.95
29.12,14.13
30.58,14.8
29.81,15.45
30.96,14.86
25.52,17.37
29.82,18.38
31.68,16.23
32.37,18.71
29.98,17.62
29.9,18.01
26.43,14.82
29.86,13
29.16,11.89
26.13,16.83
26.18,14.58
27.44,11.27
24.38,13.79
24.63,16.03
17.49,12.16
24.8,14.23
28.22,13.36
27.28,11.49
28.45,15.92
27.74,14.36
27.26,13.85
29.99,14.54
28.43,16.88
27.04,14.16
26.04,14.26
19.31,16.53
27.53,14.72
24.63,15.47
26.41,12.94
23.77,14.45
24.9,13.31
25.59,14.13
24.55,13.75
26.67,11.38
26.6,12.89
27.51,13.02
24.05,14.79
24.87,11.77
25.49,9.76
23.66,13.2
22.77,13.78
24.3,10.47
27.74,9.44
22.76,12.08
23.81,12.01
26.78,8.88
24.8,13.88
24.83,16.6
23.99,16.55
20.68,9.93
24.33,7.52
24.87,7.66
23.01,8.82
26.01,11.42
25.45,13.99
16.3,11.76
18.63,12.56
18.23,10.48
20.81,8.09
23.17,8.5
22.42,8.04
22.72,9
19.63,9.97
21.49,10.94
24.08,9.47
21.89,12.54
20.26,10.95
23.37,11.25
18.87,9.86
20.23,6.56
-99,-99
-99,-99
-99,-99
-99,-99
-99,-99
-99,-99
-99,-99
-99,-99
-99,-99
-99,-99
-99,-99
-99,-99
-99,-99
-99,-99
-99,-99
-99,-99
-99,-99
-99,-99
-99,-99
-99,-99
-99,-99
-99,-99
-99,-99
-99,-99
-99,-99
-99,-99
-99,-99
-99,-99
-99,-99
-99,-99
-99,-99
-99,-99
-99,-99
-99,-99
-99,-99
-99,-99
-99,-99
-99,-99
-99,-99
-99,-99
-99,-99
-99,-99
-99,-99
-99,-99
-99,-99
-99,-99
-99,-99
-99,-99
-99,-99
-99,-99
-99,-99
-99,-99
-99,-99
-99,-99
-99,-99
-99,-99
-99,-99
-99,-99
-99,-99
-99,-99
-99,-99
-99,-99
-99,-99
-99,-99
-99,-99
-99,-99
-99,-99
-99,-99
-99,-99
-99,-99
-99,-99
-99,-99
-99,-99
-99,-99
-99,-99
-99,-99
-99,-99
-99,-99
-99,-99
-99,-99
-99,-99
-99,-99
-99,-99
-99,-99
-99,-99
-99,-99
-99,-99
-99,-99
-99,-99
-99,-99
-99,-99
-99,-99
-99,-99
-99,-99
-99,-99
-99,-99
-99,-99
-99,-99
-99,-99
-99,-99
-99,-99
-99,-99
-99,-99
-99,-99
-99,-99
-99,-99
-99,-99
-99,-99
-99,-99
-99,-99
-99,-99
-99,-99
-99,-99
-99,-99
-99,-99
-99,-99
-99,-99
-99,-99
-99,-99
-99,-99
-99,-99
-99,-99
-99,-99
-99,-99
-99,-99
-99,-99
-99,-99
-99,-99
-99,-99
-99,-99
-99,-99
-99,-99
-99,-99
-99,-99
-99,-99
-99,-99
-99,-99
-99,-99
-99,-99
-99,-99
-99,-99
-99,-99
-99,-99
-99,-99
-99,-99
-99,-99
-99,-99
-99,-99
-99,-99
-99,-99
-99,-99
-99,-99
-99,-99
-99,-99
-99,-99
-99,-99
-99,-99
-99,-99
-99,-99
-99,-99
-99,-99
-99,-99
-99,-99
-99,-99
-99,-99
-99,-99
-99,-99
-99,-99
-99,-99
-99,-99
-99,-99
-99,-99
-99,-99
-99,-99
-99,-99
-99,-99
-99,-99
-99,-99
-99,-99
-99,-99
-99,-99
-99,-99
-99,-99
-99,-99
-99,-99
-99,-99
-99,-99
-99,-99
-99,-99
-99,-99
-99,-99
-99,-99
-99,-99
-99,-99
-99,-99
-99,-99
-99,-99
-99,-99
-99,-99
-99,-99
-99,-99
-99,-99
-99,-99
-99,-99
-99,-99
-99,-99
-99,-99
-99,-99
-99,-99
-99,-99
-99,-99
-99,-99
-99,-99
-99,-99
-99,-99
-99,-99
-99,-99
-99,-99
-99,-99
-99,-99
-99,-99
-99,-99
-99,-99
-99,-99
-99,-99
-99,-99
-99,-99
-99,-99
-99,-99
-99,-99
-99,-99
-99,-99
-99,-99
-99,-99
-99,-99
-99,-99
-99,-99
-99,-99
-99,-99
-99,-99
-99,-99
-99,-99
-99,-99
-99,-99
-99,-99
-99,-99
-99,-99
-99,-99
-99,-99
-99,-99
-99,-99
-99,-99
-99,-99
-99,-99
-99,-99
-99,-99
-99,-99
-99,-99
-99,-99
-99,-99
-99,-99
-99,-99
-99,-99
-99,-99
-99,-99
-99,-99
-99,-99
-99,-99
-99,-99
-99,-99
-99,-99
-99,-99
-99,-99
-99,-99
-99,-99
-99,-99
-99,-99
-99,-99
-99,-99
-99,-99
-99,-99
-99,-99
-99,-99
-99,-99
-99,-99
-99,-99
-99,-99
-99,-99
-99,-99
-99,-99
-99,-99
-99,-99
-99,-99
-99,-99
-99,-99
-99,-99
-99,-99
-99,-99
-99,-99
-99,-99
-99,-99
-99,-99
-99,-99
-99,-99
-99,-99
-99,-99
-99,-99
-99,-99
-99,-99
-99,-99
-99,-99
-99,-99
-99,-99
-99,-99
-99,-99
-99,-99
-99,-99
-99,-99
-99,-99
-99,-99
-99,-99
-99,-99
-99,-99
-99,-99
-99,-99
-99,-99
-99,-99
-99,-99
-99,-99
-99,-99
-99,-99
-99,-99
-99,-99
-99,-99
-99,-99
-99,-99
-99,-99
-99,-99
-99,-99
-99,-99
-99,-99
-99,-99
-99,-99
-99,-99
-99,-99
-99,-99
-99,-99
-99,-99
-99,-99
-99,-99
-99,-99
-99,-99
-99,-99
-99,-99
-99,-99
-99,-99
-99,-99
-99,-99
-99,-99
-99,-99
-99,-99
-99,-99
-99,-99
-99,-99
-99,-99
-99,-99
-99,-99
-99,-99
-99,-99
-99,-99
-99,-99
-99,-99
-99,-99
-99,-99
-99,-99
-99,-99
-99,-99
-99,-99
-99,-99
-99,-99
-99,-99
-99,-99
-99,-99
-99,-99
-99,-99
-99,-99
-99,-99
-99,-99
-99,-99
-99,-99
-99,-99
-99,-99
-99,-99
-99,-99
-99,-99
-99,-99
-99,-99
-99,-99
-99,-99
-99,-99
-99,-99
-99,-99
-99,-99
-99,-99
-99,-99
-99,-99
-99,-99
-99,-99
-99,-99
-99,-99
-99,-99
-99,-99
-99,-99
-99,-99
-99,-99
-99,-99
-99,-99
-99,-99
-99,-99
-99,-99
-99,-99
-99,-99
-99,-99
-99,-99
-99,-99
-99,-99
-99,-99
-99,-99
-99,-99
-99,-99
-99,-99
-99,-99
-99,-99
-99,-99
-99,-99
-99,-99
-99,-99
-99,-99
-99,-99
-99,-99
-99,-99
-99,-99
-99,-99
-99,-99
-99,-99
-99,-99
-99,-99
-99,-99
-99,-99
-99,-99
-99,-99
-99,-99
-99,-99
-99,-99
-99,-99
-99,-99
-99,-99
-99,-99
-99,-99
-99,-99
-99,-99
-99,-99
-99,-99
-99,-99
-99,-99
-99,-99
-99,-99
-99,-99
-99,-99
-99,-99
-99,-99
-99,-99
-99,-99
-99,-99
-99,-99
-99,-99
-99,-99
-99,-99
-99,-99
-99,-99
-99,-99
-99,-99
-99,-99
-99,-99
-99,-99
-99,-99
-99,-99
-99,-99
-99,-99
-99,-99
-99,-99
-99,-99
-99,-99
-99,-99
-99,-99
-99,-99
-99,-99
-99,-99
-99,-99
-99,-99
-99,-99
-99,-99
-99,-99
-99,-99
-99,-99
-99,-99
-99,-99
-99,-99
-99,-99
-99,-99
-99,-99
-99,-99
-99,-99
-99,-99
-99,-99
-99,-99
-99,-99
-99,-99
-99,-99
-99,-99
-99,-99
-99,-99
-99,-99
-99,-99
-99,-99
-99,-99
-99,-99
-99,-99
-99,-99
-99,-99
-99,-99
-99,-99
-99,-99
-99,-99
-99,-99
-99,-99
-99,-99
-99,-99
-99,-99
-99,-99
-99,-99
-99,-99
-99,-99
-99,-99
-99,-99
-99,-99
-99,-99
-99,-99
-99,-99
-99,-99
-99,-99
-99,-99
-99,-99
-99,-99
-99,-99
-99,-99
-99,-99
-99,-99
-99,-99
-99,-99
-99,-99
-99,-99
-99,-99
-99,-99
-99,-99
-99,-99
-99,-99
-99,-99
-99,-99
-99,-99
-99,-99
-99,-99
-99,-99
-99,-99
-99,-99
-99,-99
-99,-99
-99,-99
-99,-99
-99,-99
-99,-99
-99,-99
-99,-99
-99,-99
-99,-99
-99,-99
-99,-99
-99,-99
-99,-99
-99,-99
-99,-99
-99,-99
-99,-99
-99,-99
-99,-99
-99,-99
-99,-99
-99,-99
-99,-99
-99,-99
-99,-99
-99,-99
-99,-99
-99,-99
-99,-99
-99,-99
-99,-99
-99,-99
-99,-99
-99,-99
-99,-99
-99,-99
-99,-99
-99,-99
-99,-99
-99,-99
-99,-99
-99,-99
-99,-99
-99,-99
-99,-99
-99,-99
-99,-99
-99,-99
-99,-99
-99,-99
-99,-99
-99,-99
-99,-99
-99,-99
-99,-99
-99,-99
-99,-99
-99,-99
-99,-99
-99,-99
-99,-99
-99,-99
-99,-99
-99,-99
-99,-99
-99,-99
-99,-99
-99,-99
-99,-99
-99,-99
-99,-99
-99,-99
-99,-99
-99,-99
-99,-99
-99,-99
-99,-99
-99,-99
-99,-99
-99,-99
-99,-99
-99,-99
-99,-99
-99,-99
-99,-99
-99,-99
-99,-99
-99,-99
-99,-99
-99,-99
-99,-99
-99,-99
-99,-99
-99,-99
-99,-99
-99,-99
-99,-99
-99,-99
-99,-99
-99,-99
-99,-99
-99,-99
-99,-99
-99,-99
-99,-99
-99,-99
-99,-99
-99,-99
-99,-99
-99,-99
-99,-99
-99,-99
-99,-99
-99,-99
-99,-99
-99,-99
-99,-99
-99,-99
-99,-99
-99,-99
-99,-99
-99,-99
-99,-99
-99,-99
-99,-99
-99,-99
-99,-99
-99,-99
-99,-99
-99,-99
-99,-99
-99,-99
-99,-99
-99,-99
-99,-99
-99,-99
-99,-99
-99,-99
-99,-99
-99,-99
-99,-99
-99,-99
-99,-99
-99,-99
-99,-99
-99,-99
-99,-99
-99,-99
-99,-99
-99,-99
-99,-99
-99,-99
-99,-99
-99,-99
-99,-99
-99,-99
-99,-99
-99,-99
-99,-99
-99,-99
-99,-99
-99,-99
-99,-99
-99,-99
-99,-99
-99,-99
-99,-99
-99,-99
-99,-99
-99,-99
-99,-99
-99,-99
-99,-99
-99,-99
-99,-99
-99,-99
-99,-99
-99,-99
-99,-99
-99,-99
-99,-99
-99,-99
-99,-99
-99,-99
-99,-99
-99,-99
-99,-99
-99,-99
-99,-99
-99,-99
-99,-99
-99,-99
-99,-99
-99,-99
-99,-99
-99,-99
-99,-99
-99,-99
-99,-99
-99,-99
-99,-99
-99,-99
-99,-99
-99,-99
-99,-99
-99,-99
-99,-99
-99,-99
-99,-99
-99,-99
-99,-99
-99,-99
-99,-99
-99,-99
-99,-99
-99,-99
-99,-99
-99,-99
-99,-99
-99,-99
-99,-99
-99,-99
-99,-99
-99,-99
-99,-99
-99,-99
-99,-99
-99,-99
-99,-99
-99,-99
-99,-99
-99,-99
-99,-99
-99,-99
-99,-99
-99,-99
-99,-99
-99,-99
-99,-99
-99,-99
-99,-99
-99,-99
-99,-99
-99,-99
-99,-99
-99,-99
-99,-99
-99,-99
-99,-99
-99,-99
-99,-99
-99,-99
-99,-99
-99,-99
-99,-99
-99,-99
-99,-99
-99,-99
-99,-99
-99,-99
-99,-99
-99,-99
-99,-99
-99,-99
-99,-99
-99,-99
-99,-99
-99,-99
-99,-99
-99,-99
-99,-99
-99,-99
-99,-99
-99,-99
-99,-99
-99,-99
-99,-99
-99,-99
-99,-99
-99,-99
-99,-99
-99,-99
-99,-99
-99,-99
-99,-99
-99,-99
-99,-99
-99,-99
-99,-99
-99,-99
-99,-99
-99,-99
-99,-99
-99,-99
-99,-99
-99,-99
-99,-99
-99,-99
-99,-99
-99,-99
-99,-99
-99,-99
-99,-99
-99,-99
-99,-99
-99,-99
-99,-99
-99,-99
-99,-99
-99,-99
-99,-99
-99,-99
-99,-99
-99,-99
-99,-99
-99,-99
-99,-99
-99,-99
-99,-99
-99,-99
-99,-99
-99,-99
-99,-99
-99,-99
-99,-99
-99,-99
-99,-99
-99,-99
-99,-99
-99,-99
-99,-99
-99,-99
-99,-99
-99,-99
-99,-99
-99,-99
-99,-99
-99,-99
-99,-99
-99,-99
-99,-99
-99,-99
-99,-99
-99,-99
-99,-99
-99,-99
-99,-99
-99,-99
-99,-99
-99,-99
-99,-99
-99,-99
-99,-99
-99,-99
-99,-99
-99,-99
-99,-99
-99,-99
-99,-99
-99,-99
-99,-99
-99,-99
-99,-99
-99,-99
-99,-99
-99,-99
-99,-99
-99,-99
-99,-99
-99,-99
-99,-99
-99,-99
-99,-99
-99,-99
-99,-99
-99,-99
-99,-99
-99,-99
-99,-99
-99,-99
-99,-99
-99,-99
-99,-99
-99,-99
-99,-99
-99,-99
-99,-99
-99,-99
-99,-99
-99,-99
-99,-99
-99,-99
-99,-99
-99,-99
-99,-99
-99,-99
-99,-99
-99,-99
-99,-99
-99,-99
-99,-99
-99,-99
-99,-99
-99,-99
-99,-99
-99,-99
-99,-99
-99,-99
-99,-99
-99,-99
-99,-99
-99,-99
-99,-99
-99,-99
-99,-99
-99,-99
-99,-99
-99,-99
-99,-99
-99,-99
-99,-99
-99,-99
-99,-99
-99,-99
-99,-99
-99,-99
-99,-99
-99,-99
-99,-99
-99,-99
-99,-99
-99,-99
-99,-99
-99,-99
-99,-99
-99,-99
-99,-99
-99,-99
-99,-99
-99,-99
-99,-99
-99,-99
-99,-99
-99,-99
-99,-99
-99,-99
-99,-99
-99,-99
-99,-99
-99,-99
-99,-99
-99,-99
-99,-99
-99,-99
-99,-99
-99,-99
-99,-99
-99,-99
-99,-99
-99,-99
-99,-99
-99,-99
-99,-99
-99,-99
-99,-99
-99,-99
-99,-99
-99,-99
-99,-99
-99,-99
-99,-99
-99,-99
-99,-99
-99,-99
-99,-99
-99,-99
-99,-99
-99,-99
-99,-99
-99,-99
-99,-99
-99,-99
-99,-99
-99,-99
-99,-99
-99,-99
-99,-99
-99,-99
-99,-99
-99,-99
-99,-99
-99,-99
-99,-99
-99,-99
-99,-99
-99,-99
-99,-99
-99,-99
-99,-99
-99,-99
-99,-99
-99,-99
-99,-99
-99,-99
-99,-99
-99,-99
-99,-99
-99,-99
-99,-99
-99,-99
-99,-99
-99,-99
-99,-99
-99,-99
-99,-99
-99,-99
-99,-99
-99,-99
-99,-99
-99,-99
-99,-99
-99,-99
-99,-99
-99,-99
-99,-99
-99,-99
-99,-99
-99,-99
-99,-99
-99,-99
-99,-99
-99,-99
-99,-99
-99,-99
-99,-99
-99,-99
-99,-99
-99,-99
-99,-99
-99,-99
-99,-99
-99,-99
-99,-99
-99,-99
-99,-99
-99,-99
-99,-99
-99,-99
-99,-99
-99,-99
-99,-99
-99,-99
-99,-99
-99,-99
-99,-99
-99,-99
-99,-99
-99,-99
-99,-99
-99,-99
-99,-99
-99,-99
-99,-99
-99,-99
-99,-99
-99,-99
-99,-99
-99,-99
-99,-99
-99,-99
-99,-99
-99,-99
-99,-99
-99,-99
-99,-99
-99,-99
-99,-99
