20000101
13,4
14,4
12,1
12,-1
13,0
12,-1
15,1
11,5
8,6
10,3
9,-1
8,-3
9,-3
8,-3
9,5
12,1
11,1
19,3
14,1
10,-2
13,-2
10,-3
9,3
7,0
5,-3
10,-4
11,3
12,2
14,1
17,2
18,1
14,1
16,4
19,5
18,1
14,-1
11,3
16,4
14,6
16,3
17,1
16,6
14,-1
13,-1
19,5
19,6
13,6
8,4
16,4
19,5
12,3
14,-2
13,0
15,-1
18,2
19,3
18,4
14,3
15,6
16,5
15,4
15,2
16,1
19,4
17,2
13,2
17,6
22,4
27,5
24,6
25,7
21,6
19,5
21,7
19,11
19,9
23,8
21,6
14,7
13,2
13,5
15,3
12,7
18,4
17,5
10,6
9,4
12,3
12,1
13,1
14,3
16,2
15,3
17,6
18,5
15,5
15,3
15,2
13,4
11,7
10,7
16,8
14,4
17,4
22,5
16,5
20,6
18,7
19,5
20,5
21,8
24,10
24,8
14,7
17,5
23,8
21,6
18,7
15,7
19,5
20,8
22,7
24,9
25,10
21,10
23,10
22,13
19,14
22,12
21,13
17,10
23,10
22,10
25,12
25,12
26,12
25,11
23,13
19,11
16,13
22,11
24,11
16,13
23,13
26,14
26,14
27,13
21,11
24,11
24,13
27,14
26,16
27,14
26,15
27,15
26,15
25,12
22,12
24,12
30,12
27,11
17,10
18,11
21,17
23,16
25,15
30,16
32,22
30,15
27,14
26,14
28,14
25,13
25,15
19,17
24,16
26,15
25,17
29,18
28,17
29,18
31,18
33,17
30,20
29,19
26,18
27,15
34,14
29,16
26,18
27,15
25,13
23,11
22,11
25,15
26,14
23,15
25,16
23,14
26,13
29,16
30,16
30,16
33,15
28,16
27,16
31,15
28,16
31,16
24,17
27,15
31,18
29,17
31,17
30,18
24,17
24,16
25,14
27,13
30,18
31,16
32,18
32,17
29,17
29,19
30,16
34,18
35,19
32,19
34,19
34,17
31,16
32,19
29,19
28,14
30,14
38,18
33,17
30,16
27,19
29,18
28,14
29,16
26,15
28,15
25,18
23,17
26,14
28,11
27,12
27,17
28,13
28,11
29,10
28,12
27,15
30,15
28,16
30,17
29,15
24,15
25,14
23,12
20,9
24,9
28,11
24,11
25,14
25,18
25,17
23,13
26,12
17,12
23,9
21,9
21,10
24,13
26,11
25,11
20,13
20,8
22,7
20,9
16,11
19,9
15,9
13,10
19,6
14,8
17,9
21,8
21,8
21,9
21,9
18,15
17,15
19,13
20,11
20,8
21,11
21,10
16,9
17,9
22,8
18,7
17,6
15,6
13,4
14,3
16,3
18,5
14,3
15,1
14,3
15,2
13,0
19,12
18,9
13,6
11,3
13,4
13,4
15,3
16,2
10,6
13,3
17,5
17,4
14,2
15,4
18,5
17,7
16,5
16,8
13,12
-99,-99
-99,-99
-99,-99
-99,-99
-99,-99
-99,-99
-99,-99
-99,-99
-99,-99
-99,-99
-99,-99
-99,-99
-99,-99
-99,-99
-99,-99
-99,-99
-99,-99
-99,-99
-99,-99
-99,-99
-99,-99
-99,-99
-99,-99
-99,-99
-99,-99
-99,-99
-99,-99
-99,-99
-99,-99
-99,-99
-99,-99
-99,-99
-99,-99
-99,-99
-99,-99
-99,-99
-99,-99
-99,-99
-99,-99
-99,-99
-99,-99
-99,-99
-99,-99
-99,-99
-99,-99
-99,-99
-99,-99
-99,-99
-99,-99
-99,-99
-99,-99
-99,-99
-99,-99
-99,-99
-99,-99
-99,-99
-99,-99
-99,-99
-99,-99
-99,-99
-99,-99
-99,-99
-99,-99
-99,-99
-99,-99
-99,-99
-99,-99
-99,-99
-99,-99
-99,-99
-99,-99
-99,-99
-99,-99
-99,-99
-99,-99
-99,-99
-99,-99
-99,-99
-99,-99
-99,-99
-99,-99
-99,-99
-99,-99
-99,-99
-99,-99
-99,-99
-99,-99
-99,-99
-99,-99
-99,-99
-99,-99
-99,-99
-99,-99
-99,-99
-99,-99
-99,-99
-99,-99
-99,-99
-99,-99
-99,-99
-99,-99
-99,-99
-99,-99
-99,-99
-99,-99
-99,-99
-99,-99
-99,-99
-99,-99
-99,-99
-99,-99
-99,-99
-99,-99
-99,-99
-99,-99
-99,-99
-99,-99
-99,-99
-99,-99
-99,-99
-99,-99
-99,-99
-99,-99
-99,-99
-99,-99
-99,-99
-99,-99
-99,-99
-99,-99
-99,-99
-99,-99
-99,-99
-99,-99
-99,-99
-99,-99
-99,-99
-99,-99
-99,-99
-99,-99
-99,-99
-99,-99
-99,-99
-99,-99
-99,-99
-99,-99
-99,-99
-99,-99
-99,-99
-99,-99
-99,-99
-99,-99
-99,-99
-99,-99
-99,-99
-99,-99
-99,-99
-99,-99
-99,-99
-99,-99
-99,-99
-99,-99
-99,-99
-99,-99
-99,-99
-99,-99
-99,-99
-99,-99
-99,-99
-99,-99
-99,-99
-99,-99
-99,-99
-99,-99
-99,-99
-99,-99
-99,-99
-99,-99
-99,-99
-99,-99
-99,-99
-99,-99
-99,-99
-99,-99
-99,-99
-99,-99
-99,-99
-99,-99
-99,-99
-99,-99
-99,-99
-99,-99
-99,-99
-99,-99
-99,-99
-99,-99
-99,-99
-99,-99
-99,-99
-99,-99
-99,-99
-99,-99
-99,-99
-99,-99
-99,-99
-99,-99
-99,-99
-99,-99
-99,-99
-99,-99
-99,-99
-99,-99
-99,-99
-99,-99
-99,-99
-99,-99
-99,-99
-99,-99
-99,-99
-99,-99
-99,-99
-99,-99
-99,-99
-99,-99
-99,-99
-99,-99
-99,-99
-99,-99
-99,-99
-99,-99
-99,-99
-99,-99
-99,-99
-99,-99
-99,-99
-99,-99
-99,-99
-99,-99
-99,-99
-99,-99
-99,-99
-99,-99
-99,-99
-99,-99
-99,-99
36,24
29,20
26,18
29,18
29,17
29,18
29,20
28,19
24,18
31,13
30,15
31,18
34,17
34,19
30,20
30,17
33,16
28,17
29,18
30,16
35,19
34,18
32,19
31,18
32,18
34,19
33,19
33,18
27,18
27,16
24,17
28,12
29,14
21,15
25,16
28,11
27,15
28,14
28,12
22,15
24,13
26,10
27,11
24,16
24,14
25,15
19,14
22,8
20,12
24,11
24,13
25,15
24,16
18,13
22,12
24,11
22,11
21,14
23,14
23,12
24,13
28,16
26,14
24,12
24,12
23,15
24,13
23,11
21,11
22,14
24,12
26,12
23,13
25,13
24,12
25,12
23,11
23,13
23,12
21,14
22,10
21,10
23,10
21,10
21,10
20,9
22,11
23,12
24,13
25,13
21,14
19,13
21,7
18,6
19,6
17,9
17,6
20,4
19,7
10,5
10,4
12,6
15,7
18,12
12,5
7,4
13,5
13,8
14,5
12,4
12,2
12,1
13,1
16,1
14,2
17,5
13,3
13,0
13,-1
15,3
18,6
17,5
14,5
15,5
16,3
18,5
18,5
16,5
13,3
12,3
11,2
11,0
12,-1
12,-1
5,-4
7,1
11,-2
5,-5
5,-1
9,-2
10,-1
8,-4
9,-5
7,-3
7,-4
8,-5
10,-4
11,-2
13,-1
13,0
13,1
8,4
8,2
9,5
10,3
7,5
8,4
10,0
11,0
10,-1
12,1
11,1
12,0
13,0
12,0
15,8
12,3
10,1
10,-4
12,-3
12,-1
13,0
14,-1
14,1
18,2
16,5
14,2
17,3
20,2
20,3
17,3
10,2
13,4
16,2
16,1
14,0
16,4
12,2
14,6
15,6
17,0
18,3
18,4
20,3
19,4
19,4
11,3
7,0
6,2
8,1
12,2
14,-1
12,0
10,4
18,3
17,3
16,5
14,6
17,5
19,6
15,7
17,7
10,5
14,1
15,0
11,6
14,7
14,7
18,6
18,4
20,4
18,3
19,5
17,6
19,5
18,5
17,4
17,5
20,5
25,7
22,8
26,8
22,11
21,11
18,4
13,2
17,1
16,2
12,3
11,6
14,5
17,6
17,5
14,8
10,6
17,7
18,4
20,4
14,11
13,10
18,7
11,7
10,7
15,9
19,8
10,7
14,7
15,6
19,6
20,7
19,8
22,6
21,9
22,7
24,9
24,13
22,19
24,13
19,12
21,9
17,12
24,12
17,9
13,8
15,7
17,8
17,7
14,6
15,8
13,11
16,11
16,10
15,9
19,7
24,9
24,10
24,12
24,11
26,11
20,12
25,12
24,11
25,11
22,14
18,10
24,8
17,12
19,9
17,9
19,9
22,11
22,13
26,14
24,13
25,13
25,15
23,14
19,8
18,9
19,10
14,10
22,9
22,10
25,10
26,13
28,16
30,16
29,15
31,15
32,17
30,15
28,18
31,18
29,18
33,20
32,21
29,20
31,21
30,18
31,18
25,20
26,15
22,16
24,14
26,16
28,16
24,16
24,15
20,16
27,14
26,16
27,16
22,16
28,15
29,15
22,14
20,17
25,17
24,16
29,17
31,16
29,17
31,17
30,19
32,19
31,18
29,18
27,17
29,19
28,18
32,18
32,19
32,20
22,15
22,12
15,14
-99,-99
-99,-99
-99,-99
-99,-99
-99,-99
-99,-99
-99,-99
-99,-99
-99,-99
-99,-99
-99,-99
-99,-99
-99,-99
-99,-99
-99,-99
-99,-99
-99,-99
-99,-99
-99,-99
-99,-99
-99,-99
-99,-99
-99,-99
23,15
20,14
24,12
27,14
29,16
28,18
26,20
26,16
27,14
26,14
23,15
24,13
26,15
26,16
26,16
26,14
26,14
19,12
20,12
25,11
27,12
23,12
28,16
28,15
28,15
26,17
22,16
26,14
22,14
20,11
22,7
23,8
22,13
22,10
20,9
22,14
24,13
18,13
21,12
24,12
25,12
25,10
22,11
21,9
15,12
16,12
21,12
22,10
21,8
22,10
23,11
27,11
17,7
17,7
17,9
21,8
25,12
23,9
20,10
17,9
21,8
22,11
24,10
21,9
16,10
20,11
17,11
20,9
21,9
23,13
15,12
17,9
17,4
13,9
15,8
20,8
23,10
20,10
19,10
19,7
17,8
13,7
15,5
14,4
16,4
15,5
13,5
16,7
15,4
17,5
14,8
12,5
17,3
14,2
15,5
13,5
14,4
11,6
13,6
12,6
13,4
9,4
11,2
9,0
9,0
9,4
9,6
12,3
12,2
13,3
12,4
14,4
12,4
10,4
12,6
11,8
12,7
14,6
15,5
11,5
14,5
17,5
15,5
16,5
15,6
12,4
10,5
15,4
11,3
17,5
18,6
13,4
6,2
6,0
7,-2
5,2
9,1
10,-1
7,-3
6,-4
11,-5
14,0
10,0
12,0
10,-1
11,0
10,0
12,1
16,4
13,2
11,5
10,7
15,5
14,8
19,13
16,4
12,2
7,2
4,1
10,1
12,2
12,3
8,2
7,2
9,-2
10,-2
12,-2
15,0
11,0
11,-1
9,4
6,3
6,1
6,-3
8,-4
1,-3
8,-2
6,0
6,3
7,3
10,2
11,4
9,7
9,6
9,6
12,5
14,4
13,3
15,5
13,7
19,5
15,4
15,7
14,2
16,5
14,4
19,3
16,3
17,5
17,5
15,5
11,6
13,3
15,1
15,3
18,2
19,6
19,5
17,4
14,5
16,5
16,3
15,4
16,8
11,10
13,9
11,9
20,9
22,9
13,6
9,6
12,6
19,5
20,11
17,5
10,4
18,4
14,3
16,4
17,5
16,5
14,7
17,8
16,9
22,8
23,10
22,9
18,7
17,7
18,7
21,6
21,8
23,11
20,10
24,10
24,11
20,9
21,12
22,9
22,10
23,11
22,10
21,11
18,13
19,11
24,10
21,12
22,12
23,11
23,12
19,14
17,10
20,11
20,11
20,12
24,11
26,12
20,12
19,13
27,13
28,12
23,11
16,10
17,11
21,13
27,14
27,14
27,15
29,16
29,16
27,15
28,14
29,13
22,15
26,16
26,16
28,14
29,17
32,16
31,17
33,16
30,18
34,19
32,21
34,20
30,19
26,19
32,15
37,20
37,18
34,18
30,15
30,17
31,19
33,21
28,18
29,17
33,18
35,19
28,19
60,15
24,16
26,16
27,18
30,16
32,16
33,18
30,20
33,21
35,20
35,20
33,19
32,20
32,20
31,19
28,17
30,18
31,19
29,21
33,19
33,21
32,19
29,17
34,18
35,19
32,19
28,20
32,18
34,17
31,18
35,16
36,19
33,19
35,19
36,20
37,21
36,21
34,21
34,20
36,20
37,20
38,22
39,21
37,22
33,21
32,20
27,19
30,17
23,18
32,19
31,18
33,19
-99,-99
-99,-99
31,24
33,20
36,19
33,19
31,19
29,16
23,16
24,15
24,14
25,14
23,14
23,15
27,15
20,14
22,14
23,14
25,14
28,13
28,20
29,19
24,14
25,13
27,13
28,13
27,12
26,12
27,12
27,16
29,16
23,14
24,14
24,12
24,14
18,14
22,16
22,14
20,13
28,15
28,14
25,14
20,13
16,10
18,7
21,7
21,12
22,11
23,10
23,9
22,14
18,13
21,12
17,14
17,10
13,10
13,9
17,10
20,10
14,9
60,8
15,6
10,4
13,1
7,5
11,5
13,8
14,9
16,7
17,7
16,6
17,5
18,5
21,7
19,7
18,6
16,4
11,7
16,10
16,11
16,12
18,9
15,8
15,7
15,5
16,11
15,6
18,4
16,5
16,6
17,10
15,11
17,11
16,9
15,7
14,3
13,5
13,4
14,3
15,8
13,-35.1
10.2,6.5
9.6,6.3
13,6.9
14.1,7.9
15.3,6.4
12.9,5
10.5,2.1
12,1.6
11.3,3.5
14,2.6
19,6.3
17.2,7.8
18.6,8
12,4.6
14.5,0.9
9.4,1.1
13,6.3
11.3,6.7
12.8,4
15.1,5.7
8.9,0.8
10.3,3.5
56,5.4
60,15
60,26
60,15
51,35
60,20
60,17
60,34
60,9
60,60
60,-8
60,-11
60,-2
59,5
60,2
60,-3
60,43
-99,-99
-99,-99
60,58
-99,-99
60,58
60,31
60,12
60,36
60,25
60,60
60,38
-99,-99
60,30
60,58
60,53
60,30
58,30
60,24
60,8
60,-5
60,-22
60,15
60,36
60,23
60,18
60,29
60,28
60,22
60,35
60,35
59,3
60,0
59,2
60,25
60,26
60,27
60,34
60,12
60,13
60,-2
60,-2
60,12
-99,-99
60,46
60,27
60,11
50,32
59,25
60,-17
60,-17
60,-22
59,-33
60,3
59,-21
60,19
-99,-99
-99,-99
60,50
60,25
60,-3
60,7
60,9
60,31
-99,-99
60,34
60,42
60,49
60,46
60,35
60,58
-99,-99
-99,-99
60,31
60,22
56,10
60,8
60,8
60,39
60,28
60,39
-99,-99
-99,-99
-99,-99
-99,-99
60,50
-99,-99
-99,-99
-99,-99
-99,-99
60,56
60,45
59,9
43,20
-99,-99
60,51
-99,-99
58,40
-99,-99
-99,-99
60,52
60,45
60,58
-99,-99
-99,-99
-99,-99
-99,-99
-99,-99
-99,-99
-99,-99
-99,-99
-99,-99
-99,-99
60,51
60,57
-99,-99
-99,-99
-99,-99
60,56
60,52
60,44
-99,-99
-99,-99
-99,-99
-99,-99
-99,-99
-99,-99
-99,-99
-99,-99
-99,-99
-99,-99
-99,-99
-99,-99
-99,-99
-99,-99
-99,-99
-99,-99
-99,-99
-99,-99
-99,-99
-99,-99
-99,-99
-99,-99
-99,-99
-99,-99
-99,-99
-99,-99
-99,-99
-99,-99
-99,-99
-99,-99
-99,-99
-99,-99
-99,-99
-99,-99
-99,-99
-99,-99
-99,-99
-99,-99
-99,-99
-99,-99
-99,-99
-99,-99
-99,-99
-99,-99
-99,-99
-99,-99
-99,-99
-99,-99
-99,-99
-99,-99
-99,-99
-99,-99
-99,-99
-99,-99
-99,-99
-99,-99
-99,-99
-99,-99
-99,-99
-99,-99
-99,-99
-99,-99
-99,-99
-99,-99
-99,-99
-99,-99
-99,-99
-99,-99
-99,-99
-99,-99
-99,-99
-99,-99
-99,-99
-99,-99
-99,-99
-99,-99
-99,-99
-99,-99
-99,-99
-99,-99
-99,-99
-99,-99
-99,-99
-99,-99
-99,-99
-99,-99
-99,-99
-99,-99
-99,-99
-99,-99
-99,-99
-99,-99
-99,-99
-99,-99
-99,-99
-99,-99
-99,-99
-99,-99
-99,-99
-99,-99
-99,-99
-99,-99
-99,-99
-99,-99
-99,-99
-99,-99
-99,-99
-99,-99
-99,-99
-99,-99
-99,-99
-99,-99
-99,-99
-99,-99
-99,-99
-99,-99
-99,-99
-99,-99
-99,-99
-99,-99
-99,-99
-99,-99
-99,-99
-99,-99
-99,-99
-99,-99
-99,-99
-99,-99
-99,-99
-99,-99
-99,-99
-99,-99
-99,-99
-99,-99
-99,-99
-99,-99
-99,-99
-99,-99
-99,-99
-99,-99
-99,-99
-99,-99
-99,-99
-99,-99
-99,-99
-99,-99
-99,-99
-99,-99
-99,-99
-99,-99
-99,-99
-99,-99
-99,-99
-99,-99
-99,-99
-99,-99
-99,-99
-99,-99
-99,-99
-99,-99
-99,-99
-99,-99
-99,-99
-99,-99
-99,-99
-99,-99
-99,-99
-99,-99
-99,-99
-99,-99
-99,-99
-99,-99
-99,-99
-99,-99
-99,-99
-99,-99
-99,-99
-99,-99
-99,-99
-99,-99
-99,-99
-99,-99
-99,-99
-99,-99
-99,-99
-99,-99
-99,-99
-99,-99
-99,-99
60,43
60,35
60,23
60,7
60,26
60,36
60,38
60,35
60,45
60,40
60,34
60,43
60,37
60,31
60,20
60,31
60,13
60,-16
57,34
60,21
-99,-99
60,54
59,12
-99,-99
-99,-99
-99,-99
60,52
60,33
60,34
60,48
-99,-99
60,57
60,46
60,48
60,48
58,33
60,6
60,-13
60,9
60,23
60,18
60,5
60,42
60,-17
60,-20
60,33
-99,-99
60,33
60,34
60,28
60,4
60,-5
60,-1
60,7
59,19
60,15
60,2
58,-10
60,2
60,-3
60,13
60,-6
60,-6
60,27
60,16
60,11
60,32
60,55
60,28
60,31
60,23
58,-19
15,-8
-2,-20
25,-40
60,-40
60,7
60,-14
60,-21
55,-22
60,26
60,48
60,-15
60,-11
60,17
60,35
60,33
60,22
60,4
60,10
60,51
59,5
52,15
54,-6
40,0
48,-24
49,-40
60,-40
48,5
60,-40
41,-39
60,-40
32,-32
60,-29
60,-37
60,-21
15,-40
60,-40
60,-40
56,-34
60,-29
58,-27
58,5
45,-14
60,4
60,-36
60,-32
60,-15
59,-24
60,-9
59,-1
60,39
60,20
60,31
60,37
60,21
60,27
60,43
-99,-99
-99,-99
-99,-99
-99,-99
-99,-99
-99,-99
60,59
-99,-99
60,51
60,43
60,41
60,40
-99,-99
-99,-99
-99,-99
60,50
60,60
58,57
60,33
60,55
-99,-99
-99,-99
-99,-99
60,45
60,46
58,22
60,48
-99,-99
-99,-99
-99,-99
60,52
-99,-99
60,60
-99,-99
-99,-99
-99,-99
-99,-99
-99,-99
-99,-99
-99,-99
-99,-99
-99,-99
-99,-99
-99,-99
-99,-99
-99,-99
-99,-99
-99,-99
-99,-99
-99,-99
-99,-99
-99,-99
-99,-99
-99,-99
-99,-99
-99,-99
-99,-99
-99,-99
-99,-99
-99,-99
-99,-99
-99,-99
-99,-99
-99,-99
-99,-99
-99,-99
-99,-99
-99,-99
-99,-99
-99,-99
-99,-99
-99,-99
-99,-99
-99,-99
-99,-99
-99,-99
-99,-99
-99,-99
-99,-99
-99,-99
-99,-99
-99,-99
-99,-99
-99,-99
-99,-99
-99,-99
-99,-99
-99,-99
-99,-99
-99,-99
-99,-99
-99,-99
-99,-99
-99,-99
-99,-99
-99,-99
-99,-99
-99,-99
-99,-99
-99,-99
-99,-99
-99,-99
-99,-99
-99,-99
-99,-99
-99,-99
-99,-99
-99,-99
-99,-99
-99,-99
-99,-99
-99,-99
-99,-99
-99,-99
-99,-99
-99,-99
-99,-99
-99,-99
-99,-99
-99,-99
-99,-99
-99,-99
-99,-99
-99,-99
-99,-99
-99,-99
-99,-99
-99,-99
-99,-99
-99,-99
-99,-99
-99,-99
-99,-99
-99,-99
-99,-99
-99,-99
-99,-99
-99,-99
-99,-99
-99,-99
-99,-99
-99,-99
-99,-99
-99,-99
-99,-99
-99,-99
-99,-99
-99,-99
-99,-99
-99,-99
-99,-99
-99,-99
-99,-99
-99,-99
-99,-99
-99,-99
-99,-99
-99,-99
-99,-99
-99,-99
-99,-99
-99,-99
-99,-99
-99,-99
-99,-99
-99,-99
-99,-99
-99,-99
-99,-99
-99,-99
-99,-99
-99,-99
-99,-99
-99,-99
-99,-99
-99,-99
-99,-99
-99,-99
-99,-99
-99,-99
-99,-99
-99,-99
-99,-99
-99,-99
-99,-99
-99,-99
-99,-99
-99,-99
-99,-99
-99,-99
-99,-99
-99,-99
-99,-99
-99,-99
-99,-99
-99,-99
-99,-99
15.7,9.2
19.8,9.3
21.2,7.7
22.6,8.9
22.7,10.2
20.1,14.1
18.8,15
18.9,13.9
16.3,14.6
17.8,14
19.1,12.9
21.6,13.2
20.2,12.1
17.8,14.5
22.2,14.6
19.4,12.2
23.5,13
22.4,13.1
19,12.6
21.4,9.6
21.4,10
21.9,12.6
22.9,16.3
21.2,15.4
22.1,15
22.6,12.7
21.2,12.6
20.2,10.9
19.3,9.5
20.5,11.5
17.5,11.5
16.1,6.5
18.2,4.6
19.4,6.4
21.4,5.6
13.5,9.4
15.5,10
17.4,7.6
18.2,6.7
14.9,10
12.6,9.6
15.5,8.2
16.3,7.1
12.8,6.5
13.8,5.3
12.3,3.4
13,6.2
14,4.9
12.2,3.1
8.6,-0.5
8.6,-1.1
10.3,2.3
7,0.6
9,0
9.7,0.7
10.9,1
11.1,0.7
9.7,0.4
13.3,5.8
13.1,3.3
14.8,2.9
11.7,2.8
10.2,1.6
11.9,0.2
10.3,2.9
10.6,2.9
8.6,1.2
8.4,-2.8
7,-0.4
6.2,-0.5
11.1,-1.1
9.1,-1.6
12.1,-1.7
12.2,3.1
7.5,-0.5
8.2,-1.8
9.4,-1.4
9.6,-2.2
8.2,-2.7
9.2,-2
9.5,-0.8
10.1,-0.8
7,-2.3
5.3,-1.6
4.9,-3.7
6,-4.2
7,-2.7
11,0.6
12,3.9
8.5,4
10.2,5
9.4,-1.7
4.5,-2.7
6.3,-0.6
7.8,4.7
10.6,5.3
8.2,2.9
8,1.7
9.1,0
14,0.3
10.9,2.1
8.1,4
10,1.8
8.3,1.6
8.4,4
10.6,4.1
16.2,3.2
13,1.7
14.7,2
11.2,-0.7
12.4,-1.3
9.7,-1
9.3,-2.6
8,-2
2.7,-0.6
1.2,-0.8
9.9,1.3
9.9,6.2
15.3,3.6
16.1,2.6
10.6,1.9
10,1.8
8.8,0.4
10.6,-2.7
11.1,-2
10.7,-0.5
11.2,-1.1
12.6,-0.7
12.3,0.7
10,-1.5
11.2,-2
12,1.6
12.5,0.1
12,2.2
16.3,4.3
13.7,5.7
12.8,2.2
13.3,3.1
11.4,1.2
9.4,0.4
10.3,0
9.5,2.4
8.2,-1
10.3,-2.3
8.2,-0.7
8.8,-2.1
8.4,-3.9
8.2,-2.1
11.5,-1
15.9,0.7
18.2,1.8
10.6,3.7
9.8,4.8
12.9,3.4
13.2,3.4
16.5,4.4
13.4,1.3
9.2,3.3
16.4,3.7
13.2,-0.2
15.8,-0.3
13.4,1.9
12.9,2.7
12.8,1
9.5,6.6
8.5,6.5
15.2,7.3
16.5,6.1
13.8,6.4
14.7,5
18.9,5.8
20,7.8
19.9,7.3
17.8,7.7
14.2,5.4
15.8,4.7
21.1,5.5
20.2,7.7
20.5,8.8
20.2,10.1
17.1,8.7
15.9,8.3
19.4,6.8
16,7.2
18,5.6
18,7.4
20.5,10.2
11.1,6.4
14.5,4.3
17.3,3.3
19.3,6.1
21.1,6.4
19.8,9.5
19.6,8.2
19.2,9.9
17,7.7
19,6.2
19.5,7.9
19.2,5.5
20.2,9.5
20.8,8.8
20.9,8.3
23.9,8.1
23.5,15.2
21,14.3
19.7,12.1
20.7,10.3
19.6,7.4
22.3,8.5
17.8,9.3
20.7,7.9
20.2,10.3
23.2,10.4
22.3,10
23.1,11.4
22.1,10.2
18.7,6
18,8.1
18.8,7.6
20.5,9
18.7,11.5
23.6,11.6
24,12.2
26.5,12.6
25.5,12.8
24.2,14.3
20.6,14
26.1,10.7
23.3,12.9
26.4,12.7
19.8,11
21.7,11.3
26.8,9.2
27.7,11.5
33.1,13.4
31.7,16
27.9,16.4
21.2,13.6
18.4,11.7
21.6,10.4
21,13.7
23.6,13
27.7,10.4
25.7,12.2
25.6,12.8
24.9,12.9
22,11.9
22.5,12.8
25.5,12.9
26.8,12.7
25,13
27.9,11.8
26.6,11.4
26.6,10.8
28.7,16.1
28.2,17.5
27.4,16.3
30.2,15.4
26.1,17.8
31.3,18.4
31,18.4
30.2,16.2
30,18.5
27.5,18.5
27.9,16.9
29.6,17.5
33,19.2
32.2,21.6
32.4,18.7
34.1,19.9
34.9,19.4
31.4,17
29.8,19.2
29.7,18.5
25.3,16.9
29,16.9
31.3,15.9
32.1,18.7
33.3,19.5
34.2,18.4
35.6,20.3
32.3,22.7
33.2,20.8
32.3,19.5
34.1,18.2
34,19.6
31.8,19
34,20
33.9,20.6
35,19.6
35,20.3
34,22.2
35.5,20.6
35.6,21.4
34.7,20.7
37.9,18.9
30.4,19.7
32.7,17.7
33.7,19.9
34,19.9
32.5,22.6
29.2,19.9
28.4,19
28.1,17.5
28.8,20.1
28.4,19.4
29.6,15.8
29.1,22.3
30.5,21.1
30.5,17
28.4,19
22.8,14.8
25.8,10.9
23,13.8
19.8,14.1
28,13
28.9,14.8
28.1,14.4
27.4,13.5
28,16.6
29.5,16.8
28.8,14
29.4,16.7
23,15.6
24.2,14
27.5,14.4
27.5,14.2
27.4,15
26.9,16.4
23.2,17
26.6,11.4
25.7,12.2
23.2,17.5
31.8,16.7
31.5,18.1
29.1,17.8
24.6,16.5
25.8,19
31.4,17.6
29.2,16.8
29,15.5
27.6,15.5
26.3,16.7
20.5,15.9
21.5,14.6
20.7,13.8
19.1,13.4
25.8,13.6
26.5,14.7
26,13.6
23.7,13.8
25.8,14.1
20.8,18.3
22.2,16
22,16
23.7,12.9
22.9,16.9
25.5,11.4
23.3,12.7
21.3,14.4
24.1,17.3
27.6,15.4
22.4,15.6
27.3,14.8
19.6,11
21.7,9.9
22.6,10.3
23.9,12.3
21.6,10
17.5,14
21.6,16.1
25.2,15.1
17,11.6
21.5,12.3
23.4,10.7
21.6,10.4
20.3,12.3
20.1,12.1
18.9,13.3
23.2,12
21,10.9
23,12.2
22.1,12.2
26.4,15.5
22.6,11
23.3,10.1
23.6,15
23.7,14.4
24.7,12
27.6,14.8
27.7,12.5
21.7,11.9
20,12.2
16.8,5.1
13.7,3.1
13.2,4.6
18.2,7.5
16.3,5.8
17.3,6.2
19.6,8.5
21.2,9.8
21.2,8.6
19.1,7.9
18,10
16.5,7.6
17.9,6.5
19.9,5.5
17.9,9.5
15.8,7.7
17.5,6.5
17.7,5.6
16.4,7.1
16.3,6.2
15.4,9.2
18.9,8.6
18.3,6.6
18.9,10.2
17.5,11.2
19.4,6.2
15,5.3
14.3,9.6
13.6,3.6
16.6,1.1
16,6.3
16.4,4.8
14.7,5.3
21.7,5.9
12.8,8.2
12,2.3
13,2.9
13.6,2.8
10.3,0.5
10,0.2
12.6,-0.1
10,1.1
14.9,-0.5
10.1,4.5
15.4,4.4
13.5,3.6
9.3,1.4
5.8,-2.2
7.3,-2.8
9.4,0
7.3,-1.9
11.1,3
13.1,3.6
15.8,0.7
11.8,-0.6
9.6,-0.8
10.1,1.4
10.5,-0.6
11.8,-1.7
13.3,1.1
12.7,1.9
13.1,2.3
13.2,1.3
13,2.1
14.5,1.2
13.8,1.6
14.9,2.5
12.6,2.3
15.6,3.3
14.3,2.1
15.9,2.6
16.4,3.7
16.5,3.5
14.2,3
11.4,4.1
13.5,2.8
14.1,3
15,2.7
19.8,5.5
17.8,4.2
14.4,4.4
11.7,5.6
9.2,-0.3
5.5,-3.5
3.7,-4.7
2.3,-4.4
9.4,-4.2
11.1,-2.5
11.7,-3
9.8,-2.5
11.8,2
13.1,0.7
11,-0.9
9.9,1.2
10.2,-0.2
13.3,5
12,3.2
13.7,1.8
11.6,1.6
13.7,1.3
15.9,2.6
16.6,1.7
10,1.5
13.1,1.2
13.9,2.7
22.1,2.1
19.1,0.4
8.6,2
9.5,4.9
14.7,1
13.9,1.9
13.8,4.5
13.9,2.8
13.7,1.8
14.3,4
11,2.8
12.9,2
18.6,4.3
17.1,5.4
16.2,6
18.8,6.1
20,7.2
19.6,6.3
12.7,4.2
13,3.4
17.1,2.7
12.5,7.9
17.5,8.6
12.1,7.5
18.3,4.5
16.5,1.5
17.8,3
20,3.9
20.4,5.1
18.7,4
19,3.7
16.5,2.5
10.2,3
5.7,0
7,3.7
7.6,3.5
13.5,0.2
8.5,2.7
10.4,3.9
10.2,0.8
12.7,2
10.3,3.5
15.2,5.8
13.1,4.4
9.5,4
11,2.6
11.8,7.9
14.5,6.9
13.7,4.7
11.2,4.4
17.7,5.1
17.1,4.1
17.2,4
16.5,3.7
14.6,8.4
15.3,7.7
12.4,9
11.1,9.6
15.7,10.1
20.5,11.9
22.8,7.3
23.8,9.4
24.7,8.9
21.1,9.2
20.3,8.4
22.1,10.3
23,9.4
24.4,9.7
25.6,10.8
22.5,10
21.3,9.4
21.2,11
20.9,9.8
20.8,8.8
22.4,9.7
15,8.1
15,7.1
16.9,6.2
16.4,8.8
20.5,8.7
20.7,14.5
22.6,11.7
24.2,10.5
24.7,9.4
27.3,11.8
26.5,11.9
25.5,12.1
31,10.7
19.1,9.2
19.4,7.1
21,11.6
23.8,10.7
29.2,13.6
23.4,13.6
25.8,12
24.3,11.4
28,11.4
28,13.7
29.1,13.8
26.5,11.9
19.6,10.9
16.7,7.7
20.7,6.5
21.7,9.5
24.4,9.8
21.5,13.2
20.9,12.2
21,11.9
24.6,16.7
22.5,15.2
25.7,12.3
26.3,13.7
23.6,13.1
27.1,14.6
28.7,17.1
30.3,15.4
29.2,16
27.7,14.1
30.4,15.2
29,15.6
24.5,15.6
23.5,14.9
28.9,14.4
26.8,16.3
27.7,15.7
29.5,17.3
25.9,16.2
25.9,14.8
25.6,15.1
30.9,14
26.1,14.9
23.8,15.5
22.4,15
25.8,15.9
25.9,14.7
29.3,15.2
33,15.5
25.2,16.5
29.4,14.7
19.9,16
27,10.6
30.3,14
30.7,16.5
29.3,16.6
20.1,15.2
25.2,14
24,12.6
27.7,15
30.5,14.5
24.5,16
31.4,15
29.3,15
31.1,18.5
33.1,17.2
28.3,16.7
25.1,17
27.1,15.7
27,14.4
34.9,16.5
28.4,19.4
29.7,16.9
31,16.7
32.5,17.7
31.7,18.5
32.9,18.1
30.4,15.4
30,18
32,16.5
29,20.5
30.4,18.5
29.9,16
31.2,16
29.4,17.7
18.9,15
24.6,13.1
24.5,12.4
27.9,15.4
27.4,13.7
28.2,16.5
29.9,17.3
31.5,16
33.5,18.4
21.9,17.3
23.5,16.3
27.1,17.3
21.8,16.4
25.4,15.4
21.8,12.4
20.8,11.2
23.6,11.7
22.3,15.5
28.6,15
33.8,18.1
33,17.4
31.6,18.7
29.9,19.8
26.6,13.6
27.1,10.9
28.5,12.4
28.7,13.2
29,14.5
25,16
25.7,13.6
28,10.9
27.1,13.1
27.2,14.2
29.9,13.5
28.6,13.2
29,11.7
27.8,13.7
25.5,13
23.4,16.1
28.8,15.8
27.2,14.6
27.8,13.6
21.3,14.4
22.6,9.9
23,9.5
22.1,11.1
22.4,16.9
25.4,14
25.7,13.7
18.5,14.4
20.4,10.8
17.1,7.3
20.7,4.4
27,7.2
24,12.7
24.3,14.3
22.8,14.5
23.8,13.3
24.7,16
24.2,14.1
24.1,13.8
24.1,13.1
22.4,14.4
24.2,12
19.2,10.4
20.4,10.2
20.5,8.8
21.7,7.5
20.8,8.9
20.2,8.6
20.8,11.5
20,12.1
22.2,10.1
19.6,7
20.4,6
18.4,3
19.6,4.6
19.1,6.9
16.4,7.2
11.7,7
11.8,8
17.2,6.1
21.1,5.6
19.3,6.3
14.9,10.7
15,10.1
17.7,5.3
18.4,6.5
18.1,3.8
19.2,4.3
15.7,4.4
15.4,4.1
17,3.6
17.9,2.8
17.7,4.8
15.3,1
15.3,0.8
13.7,4.2
14.5,2.6
12.5,2.7
8.2,2.7
6.8,-3.7
11.3,-4.9
11.2,-3.1
10.5,-1.7
13.8,2.7
18.1,8.1
13.4,5.8
12.1,5.7
12.9,6
14.1,5.1
15.9,9
14,5.2
13.3,0.4
12.5,-1
15.6,1.6
14.8,1.6
13.6,2.8
15.9,3.8
18,3.6
15.4,2.6
16.1,3.2
10.5,4.2
13.6,6.3
15.5,3.1
13.2,1.7
11.8,4
9.7,-2.6
9.1,-5.1
11.7,-4.3
5,-3.8
6.9,-3.7
6.6,-5
8.5,-0.1
9.3,-1.7
9,0.7
8.9,3.8
7.1,5.3
10.2,1.7
12.2,-0.5
10.7,-0.5
13,0
11.5,-2.6
9.3,-2.1
10.6,-2
11.9,2.1
12.2,-1.5
7.9,-2.8
6.7,-0.7
9,-1.9
9.7,1.6
10.6,4.4
18,4.7
16.6,4
10.1,6.5
11.6,5.6
10.1,2.5
15.4,2.2
10.1,0.6
9.8,-1.4
9.8,0.1
12.5,-0.5
10.4,2.1
14,2
19,4.8
14.7,3
14,3.7
15.5,0.1
17.4,1.9
15.5,1.9
12.6,-0.9
16.3,2.5
14.2,0.7
19.5,-0.7
19.6,1.8
12.9,0.2
11.4,-1
11.3,-0.2
10.6,1
9.2,2.1
11.7,-2.6
10.9,1.3
14.5,-0.3
17.7,0.4
18.8,1.7
13.3,-0.3
13.7,-1
11.6,-1.6
11.5,-0.6
10.4,-0.2
11.5,-0.2
10.8,2.3
13.1,0.4
11,-1.5
11.5,3.7
10.6,2.7
9.5,6.5
8.8,6.7
15.5,5.2
18,3.6
16.2,2.9
12.8,2.5
13.5,7
15.1,8.4
17.7,6.2
13.4,5.5
19.2,5
17.3,6.4
18.2,3.5
17,4.9
10.7,3.6
5.7,2.8
10.9,1.8
11.2,2.7
12.9,1.6
15,3.6
12.6,0.1
18.5,3.2
16.6,4.7
17.2,4.2
18.7,4.6
16.8,4.9
14.5,4.6
15.8,3.1
15.4,2.8
10.2,5.7
12.4,0.1
10.8,-1.5
10.5,3.1
8.5,-0.4
11.3,-1.3
17.1,2.6
13.9,1.9
12.1,1.1
13.5,4.8
17.5,5
18.3,4.4
13,4.3
17.8,9
21.1,10.9
18.7,10.6
18.4,4
19.4,2.7
16.2,3.9
8.2,2
19,2.1
21.3,6.2
24.5,6.5
9.3,4.4
16.1,3.8
18.5,4.5
14.7,2.5
16.5,0.4
16,3.1
12.2,3.4
15,2.5
19,3.5
19.1,6
17.2,3.8
18.1,3.8
20.3,4.3
22.7,6
22.7,6.5
23.6,7.2
22.5,5.9
19.4,8.2
18,6.7
15.2,7.1
19.4,5
19.7,5.1
21.6,6.3
24,7.2
23,10
17.6,11
21.4,8.6
20.9,6.1
15.1,10.1
15.1,9.7
17.1,10.9
14.8,9
20.3,8.7
21.2,8.4
22.6,10.2
20.5,11.1
18.6,10.6
18.5,10.8
20.9,8.9
22.8,14.9
22.8,8.8
22,11.2
24.6,9.6
22.1,13.2
14.6,11.1
24,9.4
15.8,11.2
19.8,8.6
22.4,10.1
23,12
19.8,13.3
14.6,12.3
19,11.2
21.3,12.5
22.5,11.4
23.3,11.4
22.8,12.4
19.8,12.3
21.2,12.6
24.4,11.6
23.5,14.8
24.1,12.7
26.7,14.2
22.3,12.1
20.2,12.8
20.7,11.9
22.4,11.6
22,13.4
24.4,10.9
29.7,15.1
30.3,16.5
30.6,18.3
32.9,15.3
28.8,14.4
29.5,15.6
29.2,20.4
32.2,15.7
29.4,18.3
32.1,14
32.7,16.5
32.4,18.5
30.7,18.1
32,16
21.2,18.3
27.8,13.6
31.7,17.7
28.2,16
20.6,13.3
25.1,15
28.5,14.3
31.9,17.7
29.4,17.5
26.2,13.4
22.2,12.5
25.4,11.6
28.6,15.2
28.7,14.1
25.6,17.6
28.9,17.4
33.2,15.6
30.7,19.6
26,18.7
29.4,16.4
29,15
29.3,16.2
30.2,17.1
28.5,17.2
31.7,16.9
34,18.4
30.5,18.1
35,17.4
35.4,16.3
30.6,19.5
32.5,19.4
33,17.4
33.8,20.5
33.2,19.2
32.5,20.1
30.9,18
27.6,19.4
29,16.6
28.6,15.2
31,18.4
32.6,18.6
26.6,18.6
28,16.3
24.3,12
24.8,12.6
27,15.1
31.6,14.2
28.7,17.7
25.1,15.4
28.6,14.3
24.7,16.2
24.5,16
28.8,14.4
28.6,14.4
28.7,15.5
29.9,14.6
31.4,15.9
31.1,16.8
31.4,15.4
28.8,15.1
28.9,17.7
31.3,14.9
31.8,15.7
29.2,17.1
32.7,16.3
28.1,15
25,14.2
26.4,12.2
27.2,14.9
29.9,15.5
29.9,13.2
20.3,13
23.5,11.5
23.2,12
25.2,8.8
24.5,9.9
21.5,11.3
24,16.1
24.5,15.3
25.5,11.8
22.2,10.6
20.6,11.4
19.5,11
20.9,9
21.5,7.7
20.6,8.6
21.5,7.7
22.2,7.9
23.5,10.2
22.5,10.5
20.7,10.1
21.5,12
17.8,8
17.1,7.4
20.9,5.4
22.2,6.9
23.8,10
16.1,11.5
18.1,12.7
23.3,9.8
22.1,8.2
21.8,11.7
22.5,15.2
26.2,13
25.6,12.8
24.5,12.2
20.6,12.3
15.2,11.9
20,10.3
24.4,10.6
24.5,13.3
17.6,10.5
16.4,8.1
15.6,10.6
21.4,10.6
23.3,8
20.5,7.5
13,7
10.3,2.4
13.5,-0.2
18.3,3.8
20,11.4
13.9,7.9
15.9,1.9
13,4.7
13.4,7
13.4,7.3
14.9,5.8
14.7,8
15.7,6.1
16.8,5.6
17.9,5.4
11.3,7.3
13,9.5
13.1,6.2
14.7,2.2
16.6,0.5
13.8,5.4
13.4,4.1
13.5,4.1
15,2.1
16.1,3.1
13,5.9
13.6,2.4
11.3,1.5
8,1.5
7.8,0.5
7.5,-2
11,-0.5
10.4,-1.9
10.9,-0.8
9.8,1.6
8.4,-40
10.5,-2.9
8.1,-0.5
13.7,1.3
12.2,3
9.5,2
11.9,1.8
7.6,4
6.2,2.3
7.3,-1.9
9.9,-2.6
10.4,-2.5
6.6,-0.1
7.2,1.3
7.7,2
12.8,2.3
11.7,3.6
12.5,5.7
13.6,3.1
17.7,0.1
12.9,-2.5
11.9,-1.6
11.1,-1.4
9.5,-1.6
4.4,-1
5.3,1.7
4.5,2.8
5.1,2.1
9.6,1.4
13.4,3.4
9.5,3.5
8.7,2.2
7.9,1.9
9.4,-2.5
8.3,-3.3
3.1,-1.6
2.2,-4.4
3.6,-6.7
3.5,-0.6
6,0.8
12,-0.5
10.3,-1.6
11.2,-2.5
12,-1.4
9,-2
11.6,-1.1
11.1,0.2
10.8,-1.7
16.6,1.3
5.9,-0.7
10,-2.4
8.1,-2
12.5,2.6
14,6.1
10.5,-1.1
9.7,2.7
11.9,0.9
14,-1.4
12.4,0.7
7.7,0.1
9,6.1
8.5,4.4
10.7,3.5
6.2,0.2
13,-0.2
14.1,3.1
12.9,0.9
10.7,0.8
9.4,0.1
12.5,-0.9
12.3,2.6
6.9,1.9
8,2.5
9.2,0.6
10.7,0.2
8.5,-3.5
10.4,-3.7
14.4,-1.7
14.9,5.1
14,0.6
11.1,-1.7
12.6,0.3
15.2,0.5
14,6.3
13.8,3
12.5,-0.3
16.7,-1
20.3,2.9
13.2,1.7
11.1,5.9
13.1,3.4
9.4,4
9.7,2.3
9.5,-1.4
9.5,4.9
14.5,4.7
16.3,1.9
11.8,4.7
16.3,4.7
13.7,3.5
16.1,3.9
19.6,3.1
21,5.6
18.3,6.6
17.7,4
17.1,2.8
16.7,3.1
20.2,3.3
19,2.1
14.2,0.8
17.6,0.3
21.1,3
13.1,3.5
14.9,0.3
17.6,1.9
15.9,5
10.6,4.4
13,4.3
13,3.5
10.6,4.8
11.8,7
10.2,7.4
13,4.7
18,3.6
18.6,4.5
19.4,4.8
10.3,5.5
11.6,5.5
17,5.4
11,6.8
9.9,5.5
8.9,5
19.1,6
17.6,5
17.3,5.2
17.3,4.7
15.3,3.8
17,3.7
18.5,4.5
15.8,5.8
18.3,8.6
20.2,13.8
25.6,7.4
18.9,7
15.8,10.6
11,6.5
16.3,5.5
15,6.8
16.8,5.2
17.7,8.1
18,9.1
21.2,14.5
22.5,11.5
20.6,10
22.7,12.3
27.1,11.9
24.9,11.7
24.7,11.6
20.4,10.5
19.3,13
21.6,13.1
22.6,13.2
15.1,12.9
-99,-99
-99,-99
-99,-99
-99,-99
-99,-99
-99,-99
-99,-99
-99,-99
-99,-99
-99,-99
-99,-99
-99,-99
-99,-99
-99,-99
-99,-99
-99,-99
-99,-99
-99,-99
-99,-99
-99,-99
-99,-99
-99,-99
-99,-99
-99,-99
-99,-99
-99,-99
-99,-99
-99,-99
-99,-99
-99,-99
-99,-99
-99,-99
-99,-99
-99,-99
-99,-99
-99,-99
-99,-99
-99,-99
-99,-99
-99,-99
-99,-99
-99,-99
-99,-99
-99,-99
-99,-99
-99,-99
-99,-99
-99,-99
-99,-99
-99,-99
-99,-99
-99,-99
-99,-99
-99,-99
-99,-99
-99,-99
-99,-99
-99,-99
-99,-99
-99,-99
-99,-99
-99,-99
-99,-99
-99,-99
-99,-99
-99,-99
-99,-99
-99,-99
-99,-99
-99,-99
-99,-99
-99,-99
-99,-99
-99,-99
-99,-99
-99,-99
-99,-99
-99,-99
-99,-99
-99,-99
-99,-99
-99,-99
-99,-99
-99,-99
-99,-99
-99,-99
-99,-99
-99,-99
-99,-99
-99,-99
-99,-99
-99,-99
-99,-99
-99,-99
-99,-99
-99,-99
-99,-99
-99,-99
2.3,-20
-99,-99
-99,-99
-99,-99
-99,-99
-99,-99
-99,-99
-99,-99
-99,-99
-99,-99
-99,-99
-99,-99
-99,-99
-99,-99
-99,-99
-99,-99
-99,-99
-99,-99
-99,-99
-99,-99
-99,-99
-99,-99
-99,-99
-99,-99
-99,-99
-99,-99
-99,-99
-99,-99
-99,-99
-99,-99
-99,-99
-99,-99
-99,-99
-99,-99
-99,-99
-99,-99
-99,-99
-99,-99
-99,-99
-99,-99
-99,-99
-99,-99
-99,-99
-99,-99
-99,-99
-99,-99
-99,-99
-99,-99
-99,-99
-99,-99
-99,-99
-99,-99
-99,-99
-99,-99
-99,-99
-99,-99
-99,-99
-99,-99
-99,-99
-99,-99
-99,-99
-99,-99
-99,-99
-99,-99
-99,-99
-99,-99
-99,-99
-99,-99
-99,-99
-99,-99
-99,-99
-99,-99
-99,-99
-99,-99
-99,-99
-99,-99
-99,-99
-99,-99
-99,-99
-99,-99
-99,-99
-99,-99
-99,-99
-99,-99
-99,-99
-99,-99
-99,-99
-99,-99
-99,-99
-99,-99
-99,-99
-99,-99
-99,-99
-99,-99
-99,-99
-99,-99
-99,-99
-99,-99
-99,-99
-99,-99
-99,-99
-99,-99
-99,-99
-99,-99
-99,-99
-99,-99
-99,-99
-99,-99
-99,-99
-99,-99
-99,-99
-99,-99
-99,-99
-99,-99
-99,-99
-99,-99
-99,-99
-99,-99
-99,-99
-99,-99
-99,-99
-99,-99
-99,-99
-99,-99
-99,-99
-99,-99
-99,-99
-99,-99
-99,-99
-99,-99
-99,-99
-99,-99
-99,-99
-99,-99
-99,-99
-99,-99
-99,-99
-99,-99
-99,-99
-99,-99
-99,-99
-99,-99
-99,-99
-99,-99
-99,-99
-99,-99
-99,-99
-99,-99
-99,-99
-99,-99
-99,-99
-99,-99
-99,-99
-99,-99
-99,-99
-99,-99
-99,-99
-99,-99
-99,-99
-99,-99
-99,-99
-99,-99
-99,-99
-99,-99
-99,-99
-99,-99
-99,-99
-99,-99
-99,-99
-99,-99
-99,-99
-99,-99
-99,-99
-99,-99
-99,-99
-99,-99
-99,-99
-99,-99
-99,-99
-99,-99
-99,-99
-99,-99
-99,-99
-99,-99
-99,-99
-99,-99
-99,-99
6.7,-5.1
6.3,-6.2
10.1,-6.3
6.8,-5.4
3.5,-5.6
5.2,-4
-99,-99
-99,-99
-99,-99
-99,-99
-99,-99
-99,-99
-99,-99
-99,-99
-99,-99
-99,-99
-99,-99
-99,-99
-99,-99
-99,-99
-99,-99
-99,-99
-99,-99
-99,-99
-99,-99
-99,-99
-99,-99
-99,-99
-99,-99
-99,-99
-99,-99
-99,-99
-99,-99
-99,-99
48.8,8.4
17.6,6.7
13.8,5.6
15.1,6.5
20.1,4.1
19.9,5.5
15.7,4.9
17,2.4
17.2,6
13.1,8.2
13.4,10
20.4,8.2
21.7,6.6
22.4,7.8
11.7,5.7
15.5,3.5
16,5.1
16.6,6.4
17,5.4
18.3,6
18.9,4.7
21.7,6.4
23.5,10
24.2,10
18.9,9.6
20.2,11.7
22.7,12.1
25,10.7
26,12
26.1,11.1
24.7,9.8
26.1,9.1
21.2,11.2
20.5,12.7
17.8,10.8
12.1,8.2
11.8,3.8
17.8,5.2
14.3,7.6
15.6,8.9
19.3,8.3
23.8,9.5
21.3,9.1
20,10
17.1,11.2
13,8.4
15.9,6.5
17.2,8.7
18.4,10.8
19.8,10.6
24.8,8.5
21.7,15.7
26.1,11.3
25.7,13.5
26.9,12.4
25.7,11.4
28.5,10.7
29.8,11.4
23.6,12.7
24.1,15
21.9,14.9
26.8,15
27.5,14.5
25.8,15.6
25.2,15.1
25.4,15.4
28.5,13.5
30.2,15.8
28.7,17.6
24,16.4
26.4,16.1
28.9,16.6
22,18.1
24.9,16.1
21.6,13.1
24,11.6
27.5,14.1
24,12.5
22.8,12
25.3,13.4
23.5,13.1
23.3,15.8
24.5,14.7
20.7,13.9
25,13.8
26.9,12.1
26.6,13.5
27,14.3
28.3,16.5
30.4,17.2
31.3,18.7
32.7,20.7
33.4,18.2
33.5,18.9
32,20.3
30.9,19.4
30.5,19.2
30.6,20.3
32.5,20.4
31.9,20.1
32.3,17.8
32.9,21
31,21.4
31.9,20.6
33.3,21.4
35.8,19.7
33.8,21.6
35.5,19.7
32.2,20.4
32.5,18.6
29.3,20.8
34.4,20.1
32.9,18.3
31.7,20.4
33.1,20.5
29.7,18.6
24.4,17.2
26.8,18
28.7,20.1
28.4,20.1
32.3,17.9
32.8,19
31,21.1
29.5,20.1
29.9,19.7
30.1,20.4
26.3,18
28,17.4
31,17.2
27.5,18.3
29.5,16.8
31,15.5
31.3,19.4
31.9,19
30.3,17.4
31.5,18.2
30,18.1
25.7,18
25.4,16
24.5,15.7
27.7,15.2
28.1,15.5
28.5,20.1
28.8,19.2
28.9,18.5
35.4,20.4
38,20.9
31.3,19.4
31.1,20.7
32.7,20
40.3,21
32.9,20.5
28.3,20.4
29.3,19
26.9,18.2
30,15.6
25.9,14.6
25.1,17.5
29.6,16.4
30.8,18
30,16.7
30.9,17.9
28.5,19.5
-99,-99
-99,-99
-99,-99
-99,-99
-99,-99
-99,-99
-99,-99
-99,-99
-99,-99
-99,-99
-99,-99
-99,-99
-99,-99
-99,-99
-99,-99
-99,-99
-99,-99
-99,-99
-99,-99
-99,-99
-99,-99
-99,-99
-99,-99
-99,-99
-99,-99
-99,-99
-99,-99
-99,-99
-99,-99
-99,-99
-99,-99
-99,-99
-99,-99
-99,-99
-99,-99
-99,-99
-99,-99
-99,-99
-99,-99
-99,-99
-99,-99
-99,-99
-99,-99
-99,-99
-99,-99
-99,-99
-99,-99
-99,-99
-99,-99
-99,-99
-99,-99
-99,-99
-99,-99
-99,-99
-99,-99
-99,-99
-99,-99
-99,-99
-99,-99
-99,-99
-99,-99
-99,-99
-99,-99
-99,-99
-99,-99
-99,-99
-99,-99
-99,-99
-99,-99
-99,-99
-99,-99
-99,-99
-99,-99
-99,-99
-99,-99
-99,-99
-99,-99
-99,-99
-99,-99
-99,-99
-99,-99
-99,-99
-99,-99
-99,-99
-99,-99
-99,-99
-99,-99
-99,-99
-99,-99
-99,-99
-99,-99
-99,-99
-99,-99
-99,-99
-99,-99
-99,-99
-99,-99
-99,-99
-99,-99
-99,-99
-99,-99
-99,-99
-99,-99
-30,-30
-99,-99
-99,-99
-99,-99
-99,-99
-99,-99
-99,-99
-99,-99
-99,-99
-99,-99
-99,-99
-99,-99
-99,-99
-99,-99
-99,-99
-99,-99
-99,-99
-99,-99
-99,-99
-99,-99
-99,-99
-99,-99
-99,-99
-99,-99
-99,-99
-99,-99
-99,-99
-99,-99
-99,-99
-99,-99
-99,-99
-99,-99
-99,-99
-99,-99
-99,-99
-99,-99
-99,-99
-99,-99
-99,-99
-99,-99
-99,-99
-99,-99
-99,-99
-99,-99
-99,-99
-99,-99
-99,-99
-99,-99
-99,-99
-99,-99
-99,-99
-99,-99
-99,-99
-99,-99
-99,-99
-99,-99
-99,-99
-99,-99
-99,-99
-99,-99
-99,-99
-99,-99
-99,-99
-99,-99
-99,-99
-99,-99
-99,-99
-99,-99
-99,-99
-99,-99
-99,-99
-30,-30
-30,-30
-30,-30
-30,-30
-30,-30
-30,-30
-30,-30
-30,-30
-30,-30
-30,-30
-30,-30
-30,-30
-30,-30
-30,-30
-30,-30
-30,-30
-30,-30
-30,-30
-30,-30
-30,-30
-30,-30
-30,-30
-30,-30
-30,-30
-30,-30
-30,-30
-30,-30
-30,-30
-30,-30
-30,-30
-30,-30
-30,-30
-30,-30
-30,-30
-30,-30
-30,-30
-30,-30
-30,-30
-30,-30
-30,-30
-30,-30
22.37,-30
22.94,14.09
22.46,9.33
21.25,2.21
18.62,9.34
21.15,7.89
20.73,8.44
22.23,8.53
19.39,6.79
21.08,8.17
21.58,9.9
17.86,9.68
18.45,12.59
21.01,13.54
22.23,13.09
23.61,16.76
23.2,13.46
17.74,10.2
20.35,10.13
20.09,10.46
22.63,9.23
20.53,12.57
24.51,11.5
22.69,11.56
22.88,13.88
24.5,14.12
19.56,12.81
25.32,14.96
24.65,14.69
25.47,14.48
26.6,12.39
27.74,14.86
27.82,15.19
23.95,14.34
20.58,15.1
24.82,13.89
25.96,13.03
25.19,13.07
24.65,10.64
26.63,12.19
28.45,13.6
27.85,13.56
31.62,15.16
29.86,15.8
32.64,15.42
31.78,17.41
18.26,14.54
25.78,15.33
28.56,14.61
28.52,17.19
22.44,15.78
18.51,13.68
19.45,14.53
25.68,14.85
21.76,16.06
23.02,13.55
21.8,14.07
25.09,14.43
21.67,14.63
22.42,14.38
21.58,14.77
22.07,14.9
25.7,15.4
27.08,16.71
29.27,16.9
29.71,17.75
28.78,19.03
28.63,18.78
20.13,16.66
25.85,14.73
30.83,15.36
34.58,18.76
29.92,18.96
23.34,18.17
25.39,17.74
33.03,14.78
30.68,18.22
34.59,17.81
31.69,18.08
27.46,19.01
28.2,17.88
29.91,17.7
29.48,20.36
29.31,17.94
26.53,17.86
32.35,17.63
-99,-99
-99,-99
-99,-99
-99,-99
-99,-99
-99,-99
-99,-99
-99,-99
-99,-99
-99,-99
-99,-99
-99,-99
-99,-99
-99,-99
-99,-99
-99,-99
-99,-99
21.29,19.4
26.18,16.23
27.58,17.6
26.05,18.24
27.15,18.07
27.54,18.57
29.22,20.52
30.03,21.15
30.57,19.29
28.23,18.37
30.83,19.24
29.41,18.04
31.51,18.73
31.84,20.72
34.25,20.08
29.14,19.2
23.4,19.19
24.78,17.24
31.23,17.3
29.21,15.24
31.38,18.58
33.02,19.95
31.3,20.05
31.89,19.49
32.23,21.58
33.05,20.94
31.15,20.03
32.61,19.77
33.73,21.01
37.77,19.92
35.27,19.33
34.19,18.44
31.37,21.24
29.73,22.47
33.93,15.84
27.06,13.99
28.3,15.93
29.36,18.26
29.6,18.05
31.73,18.35
29.64,19.67
32.07,21.52
30.14,19.93
28.48,19.67
23.53,18.69
30.08,18.41
30.38,17.22
32.56,17.63
32.7,19.13
32.46,19.54
34.62,17.61
33.83,20.22
33.4,18.47
31.29,19.1
29.88,18.55
30.76,17.84
31.05,19.8
22.73,11.79
23.95,11.04
28.69,13.83
27.56,14.22
32.18,16.1
28.33,16.11
23.12,16.88
27.87,15.65
29.98,15.74
31.25,16.94
30.7,15.83
28.6,15.79
27.92,14.58
28.37,13.98
30.52,13.11
32.19,15.86
30.27,17.26
29.71,16.03
30.63,15.44
20.67,15.17
21.78,13.05
27.8,11.68
31.04,15.74
31.81,15.18
33.74,14.22
30.52,13.63
26.18,12.34
21.68,12.35
24.66,11.29
23.32,11.16
24.58,11.64
23.71,11.04
18.47,11.57
19.46,6.6
19.32,7.57
19.75,12.96
22.38,14.54
23.96,10.45
21.95,8.82
17.71,14.58
17.16,13.89
19.5,13.23
24.68,12.75
20.71,15.63
23.14,15.48
23.04,13.53
18.91,13.47
17.12,12.96
17.14,12.38
15.56,12.91
18.81,13.39
19.51,11.13
20.64,11.04
22.12,9.94
20.58,11.45
20.85,13.92
15.61,13.12
16.61,13.12
16.44,12.41
14.02,12.13
18.16,9.63
18.01,8.93
19.59,9.32
18.91,12.79
15.05,13.27
16.13,13.5
21.03,12.11
21.73,8.98
21.86,7.33
17.82,7.03
18.98,5.69
13.16,6.13
19.92,8.35
18.93,7.59
19.48,6.28
17.36,6.29
14.3,8.76
20.47,9.03
16.81,8.26
19.65,7.15
19,7.79
19.46,6.98
18.17,7.28
18.53,7.3
16.68,6.66
17.66,6.62
15.89,7.07
18.17,6.4
17.09,5.35
16.31,4.39
14.12,3.68
11.08,3.51
10.85,2.13
15.6,4.49
18.84,8.53
17.16,7.99
20.3,6.65
12.9,5.94
13.94,2.83
16.55,2.23
18.79,3.05
16.8,3.89
13.08,5.26
19.14,4.45
20.22,6.68
20.64,6.62
15.58,5.86
17.86,4.67
15.89,4.85
17.52,5.01
17,8.82
18.46,3.33
19.34,3.76
16.88,3.92
18.26,3.46
16.39,3.17
15.23,4.18
16.8,2.33
14.04,1.48
11.99,0.05
13.2,3.22
15.7,3.9
15.42,3.85
17.33,3.51
20.28,6.89
20.81,4.93
20.44,5.7
18.52,4.94
13.69,4.51
19.2,3.82
15.79,4.11
12.61,5.62
13.94,3.56
7.22,2.76
12.54,2.57
11.87,2.27
10.92,0.19
2.17,-1.01
4.47,-2.64
2.64,-1.49
8.39,-0.47
7.53,1.7
7.16,-2.91
4.74,-3.54
12.67,-3.62
8.96,-0.57
7.59,-1.99
7.11,-5.31
8.11,-0.68
8.76,2.57
14.59,4.08
14.08,2.83
13.36,1.34
14.26,1.14
17.01,2.68
12.47,4.69
15.2,0.73
16.4,-0.35
20.51,2.86
22.51,5.68
19.1,4.62
21,10.26
19.77,3.61
18.41,3.53
20.77,3.7
21.47,6.19
21.71,4.11
18.56,5.31
20.68,5.43
12.08,6.74
12.41,3.86
19.15,4.4
11.06,4.9
13.75,8.21
19.44,7.06
23.35,12.04
23.18,5.82
23.42,7.26
23.63,7.03
19.1,3.2
18.6,5.14
18.96,4.55
16.19,5.91
15.62,3.31
14.05,7.83
13,7.72
14.92,6.21
17.53,5.15
20.97,5.76
23.98,7.81
21.28,7.98
23.62,8.1
23.68,9.17
23.95,8.6
25.06,11.94
25.12,10.18
23.73,9.26
19.75,9.21
16.3,10.58
13.86,11.06
19.67,9.2
20.06,8.65
17.63,5.97
21.06,8.55
20.07,9.36
22.52,8.58
17.75,7.67
17.77,7.6
16.29,8.22
17.68,4.46
15.7,8.79
11.61,6.65
19.25,7.84
15.12,7.45
16.58,7.17
17.74,6.98
21.41,8.24
16.99,11.08
21.92,7.81
16.08,7.6
22.68,5.4
20.97,11.6
18.78,12.03
18.4,12.86
22.63,9.97
18.9,9.13
20.7,7.59
22.55,8.29
22.3,8.93
22.89,9.78
25.2,11.11
20.76,11.97
21.41,10.59
24.53,11.91
25.51,13.81
25.79,12.69
27.85,12.79
30.72,16.49
23.48,16.1
24.72,10.91
22.36,12.54
23.03,10.51
20.93,9.29
20.95,13.7
20.88,13.15
15.71,11.33
18.29,10.49
17.46,11.67
27.38,14.3
28.64,14.77
28.91,16.52
26.91,15.13
24.67,17.06
27.5,16.44
28.86,16.25
30.44,17.21
31.31,16.74
29.83,17.46
29.88,18.18
24.99,15.65
25.14,15.12
26.22,17.53
26.6,17.5
32.03,17.26
24.17,18.2
22.8,16.45
28.28,16.09
20.94,13.04
22.85,14.02
23.95,15.17
28.53,14.22
30.48,15.18
32.31,15.15
28.71,17.67
31.24,17.49
28.69,18.63
31.96,19.46
34,18.71
29.46,17.85
30.92,16.17
32.12,18.1
35.24,19.1
35.25,19.21
32.6,20.97
33.15,21.17
32.35,20.23
31.57,20.72
23.02,15.2
28.79,14.81
29.31,16.27
32.71,18.65
28.63,16.65
28.04,15.37
32.44,16.44
28.99,18.96
30.09,16.9
30.99,18.33
29.36,19.11
28.94,17.93
30.93,17.7
24.88,19.33
26.45,17.3
30.32,17.15
34.74,16.07
35.67,19.44
32.41,19.17
30.43,18.12
28,19.98
30.01,20.74
29.68,15.43
30.37,14.34
33.79,17.32
33,19.65
32.46,19.84
32.34,20.87
30.17,20.44
29.72,18.54
31.28,19.62
32.93,18.85
33.35,19.35
33.18,21.18
32.03,19.13
30.37,18.26
26.7,17.68
30.83,17.59
32.59,17.74
33.62,19.02
36.34,20.09
33.45,20.66
29.73,19.72
31.9,19.77
34.69,19.32
36.49,20.51
32.18,20.48
32.92,19.48
32.75,20.94
35.77,19.95
35.23,22.87
37.11,21.37
37.68,23.75
38.57,22.76
35.79,20.82
34.36,21.41
29.93,18.93
29.51,16.36
27.37,20.66
30.74,21.17
24.01,17.45
24.84,15.07
24.45,15.21
23.28,17.29
26.06,20.63
28.71,20.61
29.79,19.13
32.99,18.06
31.5,17.26
29.71,17.12
29.37,18.53
29.26,16.53
29.79,17.56
28.63,17.53
24.76,15.97
30.51,16.46
30.58,13.05
26.59,14.01
26.9,17.94
25.8,18.22
24.47,18.41
25.06,13.16
24.9,13.8
23.82,19.01
28.75,19.49
28.42,15.82
28.84,12.95
26.14,10.27
23.29,9.56
23.03,14.36
20.14,13.6
21.43,13.34
26.26,11.02
26.21,11.74
25.68,13.84
26.07,13.62
24.13,14.64
26.6,18.14
29.64,17.79
30.87,16.8
29.21,17.37
28.67,16.47
26.48,16.66
21.6,12.52
21.16,12.19
24.66,10.53
18.95,11.31
23.33,8.83
25.82,11.85
19.67,18.28
20.54,18.37
20.71,19.16
23.14,13.45
22.57,13.15
23.46,12.54
24.41,12.73
19.72,14.09
21.26,14.99
18.71,7.95
11.34,6.58
17.92,1.73
16.6,4.65
13.46,8.99
20.23,6.81
21.54,9.89
19.77,10.05
19.19,10.15
19.11,10.47
16.74,6.57
19.27,3.5
19.15,5.94
18.86,9.16
21.22,11.65
16.64,11.6
17.4,10.7
17.52,10.62
18.71,12.2
20.09,10
15.36,12.55
15.97,9.74
14.57,12.43
20.2,8.7
19.73,7.16
17.8,9.89
17.59,8.12
19.75,6.22
19.23,7.54
17.06,8.65
16.34,8.37
10.81,7.62
11.29,7.38
12.15,5.56
12.87,0.97
9.74,-1.01
15.31,-0.07
19.48,5.49
14.56,4.94
14.77,4.43
14.05,2.22
16.72,1.22
12.57,6.42
13.78,0.09
13.05,0.11
8.75,-0.44
9.8,-2.35
16.01,3.54
16.61,4.77
18.17,7.41
19.29,6.2
18.38,6.04
16.75,5.22
14.67,5.58
16.41,6.94
16.51,8.48
16.74,6.57
21.44,6.18
15.9,4.75
17.12,8.35
15.73,7.64
19.35,5.27
18.3,5.59
17.88,4.31
18.99,4.32
14.82,3.35
11.27,2.41
14.07,4.49
14.42,4.29
21.54,3.99
25.43,8.23
25.34,6.29
23.98,5.53
16.7,3.68
10.71,3.54
18.19,3.07
14.33,2.56
14.42,1.97
10.8,4.65
12.01,0.81
10.31,0.54
7.8,2.66
10.44,-0.01
10.35,-0.68
12.46,4.26
16.14,2.93
14.45,2.02
12.72,-0.05
10.34,1.43
12.11,1.55
18.16,1.91
17.3,1.53
12.65,2.78
16.07,4.3
17.8,4.28
20.66,4.31
22.68,5.82
20.11,7.57
13.23,4.63
12.74,4.57
20.49,1.72
18.91,4.01
14.62,2.64
7.52,4.89
6.85,3.36
11.82,2.68
12.04,3.58
13.69,4.14
12.46,3.53
13.22,3.18
16.35,4.23
14.31,3.99
15.24,3.41
10.96,6.52
11.63,8.05
12.61,3.51
17.98,2.73
14.06,2.5
7.42,2.77
6.45,-0.17
7.61,-0.88
7.39,-0.81
12.7,-3.09
12.13,1.39
12.14,3.02
11.66,5.57
17.21,4.33
15.18,2.36
13.98,2.57
11.86,10.38
13.58,10.15
16.47,8.06
18.57,9.76
18.89,8.48
19.32,8.23
18.15,7.73
15.29,4.67
8.19,3.52
7.68,3.06
12.66,2.27
15.72,1.57
14.76,9.68
11.65,4.79
12.02,4.53
16.82,5.94
16.6,5.24
20.35,6.52
16.25,8.24
12.72,7.54
20.28,6.53
15.11,8.16
12.16,9.6
20.45,10.05
19.66,11.5
19.91,8.96
18.33,7.56
10.88,6.96
18.59,5.81
15.38,5.48
13,9.03
10.27,6.89
20,11
17.09,4.35
16.06,6.96
18.2,5.12
20.41,9.91
25.73,9.36
20.3,10.22
20.1,8.9
24.63,8.6
22.8,8.48
25.83,10.78
26.5,12.4
25.02,11.26
15.56,9.07
16.62,10.46
17.95,7.55
17.98,9.11
22.35,8.53
20.13,9.85
18.3,13.13
20.11,13.56
14.13,6.15
10.56,6.38
12.22,8.28
19.85,11.02
22.47,8.28
21.98,8.41
19.54,7.92
20.55,9.62
23.78,11.47
26.14,10.41
27.34,15.13
26.4,14.64
23.22,15.95
17.11,12.32
18.2,12.45
20.78,12.38
23.81,11.32
21.67,11.91
16.51,10.22
17.62,9.58
20.96,9.11
20.14,11.43
18.02,9.36
18.27,9.87
20.78,8.8
20.83,12.07
22.69,12.88
16.97,9.9
18.66,9.08
19.15,6.58
19.74,10.7
19.08,9.65
15.74,9.09
19.55,8.21
19.7,11.88
22.98,16.56
22.78,16.88
23.19,13.97
22.64,12.81
26.04,12.35
25.88,12.49
27.48,13.21
20.93,12.64
23.52,12.06
25.04,12.92
27.89,14.33
30.88,16.18
30.38,18.66
31,18.15
28.46,17.89
31.6,17.01
28.12,16.1
24.95,19.45
27.83,16.07
24.26,15.52
25.97,15.51
25.5,14.86
20.73,15.81
22.02,14.39
23.98,11.66
25.79,15.77
27.46,13.46
26.51,18.28
28.72,16.55
30.28,17.94
28.27,16.4
26.32,15.77
29.78,18.35
31.04,19.57
32.68,16.71
32.88,18.7
34.67,21.27
32.19,20
31,18.41
30.96,19.1
30.39,19.44
31.18,20.6
32.99,20.5
33.04,20.96
35.19,19.65
32.45,19.52
31.96,19.08
32.82,20.34
30.01,18.64
30.06,18.77
30.96,19.18
33.31,20.27
31.96,19.89
31.72,20.71
35.11,21.84
36.12,19.7
32.16,19.35
35.51,23.32
30.51,18.92
32.32,18.59
33.4,18.92
35.12,19.82
36.11,19.21
32.88,20.04
33.22,20.54
36.02,20.86
32.87,21.9
30.68,20.16
28.65,17.25
30.02,16.72
31.02,20.21
34.29,17.3
32.27,19.51
32.41,19.72
32.31,18.83
31.3,17.12
29.52,18.12
31.39,20.05
31.47,19.27
31.51,20.88
32.69,19.58
31.09,16.97
32.71,17.12
31.85,21.45
27.15,18.03
27.84,17.7
24.81,17.58
25.89,17.95
28.77,19.21
28.28,17.44
29.56,20.19
28.73,19.84
30.03,18.29
31.21,16.97
31.44,15.3
30.79,14.65
29.74,16.6
28.95,16.05
25.41,17.19
24,15.71
26.02,16.97
24.57,15.95
21.73,15.63
26.27,14.98
27.03,13.93
28.18,15.69
22.93,14.67
26.53,13.41
22.67,15.77
28.62,14.21
25.65,16.27
29.23,13.49
29.51,14.53
28.1,12.94
27.17,13.52
28.49,16.3
28.57,17.61
30.57,18.68
29.31,18.94
28.93,18.57
27.84,17.3
28.23,15.1
30.66,16.52
28.83,18.97
22.29,20.2
20.93,17.2
23.84,15.65
23.89,15.55
25.12,11.95
26.38,14.03
21.28,16.72
21.62,12.24
13.55,10.56
-99,-99
-99,-99
-99,-99
-99,-99
-99,-99
-99,-99
-99,-99
-99,-99
16.36,16.19
28.82,16.21
28.64,16.14
28.32,15.77
24.98,15.43
25.91,15.33
25.74,15.43
28.69,14.95
31.74,12.82
16.58,13.27
17.95,12.31
20.25,9.81
22.62,8.65
23.29,10.96
16.34,11.85
18.89,10.7
23.01,11.44
28.2,14.26
25.72,14.27
23.92,11.81
20.29,11.43
20.76,10.39
20.49,12.07
22.96,16.4
22.79,13.01
15.61,7.55
14.12,6.6
13.14,7.87
15.73,9.38
13.01,9.51
17.57,7.62
11.44,4.48
13.23,3.78
10.63,4.73
10.73,4.63
14.15,8.51
15.26,7.31
11.22,2.58
8.51,0.75
14.12,-0.4
12.55,-0.18
9.39,2.77
11.2,5.77
9.98,2.73
21.05,5.26
22.26,2.63
20.48,4.24
13.24,2.76
22.14,3.93
16.59,2.82
15.38,2.62
13,2.13
15.6,3.58
15.62,2.81
15.33,3.81
19.76,4.9
17.56,3.7
15.37,4.69
15.26,4.56
16.98,5.6
12.18,5.63
13.42,8.56
14.94,3.21
19.12,2.07
14.38,3.5
15.9,4.28
16.29,7.88
14.08,5.42
18,4.28
17.28,4.36
14.12,3.3
13.84,2.06
12.07,1.9
14.71,2.9
19.1,5.34
17.93,6.94
20.67,7.51
18.01,4.95
14.5,6.31
15.39,7.07
17.55,8.84
14.25,6.26
14.87,7.6
14.43,9.69
16.33,9.82
14.68,7.25
16.62,4.08
14.44,3.38
18.72,6.9
17.35,4.15
14.15,4.01
11.48,6.07
13.29,3.98
17.31,2.56
11.68,2.23
14.49,5.6
16.94,6.35
15.54,9.66
18.83,6.69
13.82,4.08
12.22,2.7
14.94,1.37
11.99,2.85
16.24,2.13
10.95,2.33
16.21,2.72
14.98,1.09
14.61,3.52
16.36,4.29
20.76,3.57
17.18,4.77
17.77,3.9
14.59,3.9
18.67,6.93
13.87,4.62
16.03,2.69
22.24,3.1
19.17,9.02
23.54,7.37
11.6,6.55
16.97,2.8
13.35,4.94
17.34,5.88
18.36,4.59
11.09,3.34
17.72,2
17.17,3.95
16.46,5.7
19.47,3.55
14.21,3.77
12.76,2.39
15.96,3.17
15.92,3.55
18.51,3.93
15.25,6.08
12.32,6
17.57,6.16
16.09,5.28
20.89,3.82
20.59,5.54
19.4,5.67
23.3,5.25
18.76,6.33
17.43,4.82
17.89,4.83
22.2,5.94
23.96,6.92
23.49,14.88
26.82,8.71
23.7,8
22.83,7.39
17.81,6.88
19.19,11.63
16.97,6.26
16.6,4.63
15.92,3.52
17.68,6.22
13.84,5.21
16.82,6.33
17.6,3.93
16.64,7.42
14.03,11.47
17.81,12
23.02,10.18
16.43,7.58
15.63,9.34
19.22,10.99
22.92,10.19
25.9,9.43
24.78,11.38
18.28,11.65
25.5,11.05
23.63,9.73
22.84,11.25
23.88,12.42
24.83,11.49
25.25,11.86
26.42,10.24
21.54,7.57
22.64,7.93
25.09,10.11
18.45,12.38
14.41,10.06
17.84,11.36
19.51,12.65
22.95,10.54
24.28,12.6
19.2,9.23
23,7.77
20.99,8.51
21.18,7.92
21.09,8.39
22.01,13.19
23.01,10.66
19.57,10.16
20.7,12.89
24.09,11.01
24.68,8.89
25.65,10.14
23.54,14.88
26.05,15.46
26.9,14.44
27.55,13.98
21.04,14.51
20.58,12.55
20.32,10.84
20.45,11.68
24.26,15.24
24.73,13
26.25,12.08
22.21,10.96
23.76,12.05
19.09,14.38
19.74,15.64
25.48,13.24
25.99,10.02
22.07,9.39
22.63,11.87
16.65,10.45
21.48,9.12
22.15,13.29
21.96,12.86
23.61,14.25
24.19,14.75
25.18,17.03
22.97,17.08
27.53,14.74
25.58,13.13
23.99,15.56
26.06,15.74
29.25,16.15
29.84,16.14
31.96,17.34
31.97,16.7
33.36,17.26
34.97,18.78
34.65,20.2
29.69,21.37
25.53,20.55
28.53,20.42
26.45,14.91
26.33,14.83
27.38,14.31
30.2,17.14
31.22,18.52
28.53,16.49
28.74,19.22
30.9,17.62
29.26,17.68
27.55,16.33
28.8,15.27
33.84,17.23
21.39,14.07
26.54,12.21
30.74,15.96
27.69,16.67
28.5,14.8
29.25,19.39
29.9,17.99
32.34,18.05
20.59,15.26
26.79,15.86
25.57,16.2
28.05,14.83
27.51,17.57
27.42,16.55
27.65,17.77
29.62,18.31
29.52,17.51
31.78,18.58
34.29,19.69
35.78,19.81
30.1,21.33
30.19,17.84
29.4,16.47
32.13,17.68
32.1,18.57
33.38,20.33
30.5,17.91
33.06,17.37
33.03,21.95
27.71,17.69
27.09,16.63
29.92,16.44
33.67,19.28
30.81,19.38
28.63,16.26
28.18,16.92
29.01,19.11
29.51,19.29
32.08,17.96
30.65,19.65
33.39,20.59
29.32,20.3
31.15,21.68
29.46,21.34
29.74,20.19
23.38,15.61
27.63,18.08
26.73,18.23
24.59,18.12
26.86,18.11
30.05,17.02
28.09,19.99
24.35,17.21
22.53,18.71
23.54,16.6
23.04,16.12
26.63,17.95
27.58,17.2
30.85,19.88
29.24,20.62
29.5,18.93
29.65,20.22
32.6,19.85
31.11,18.87
32.09,16.46
32.61,16.01
28.09,16.78
25.7,16.79
30.19,17.9
29.41,17.62
30.27,18.65
30.35,19.11
30.45,17.71
31.57,17.85
31.19,18.17
31.37,17.47
29.66,16.42
28.11,16.74
28.98,16.8
22.85,22.84
22.85,22.85
22.85,22.85
30.91,20.23
29.94,17.08
30.63,18.25
27.18,17.91
25.84,16.41
25.03,14.77
24.42,14.56
27.97,13.43
25.79,13.43
22.93,15.67
27.44,18.38
23.41,17.46
28.04,16
29.51,15.2
27.11,14.46
26.79,15.58
22.96,15.67
25.74,15.42
26.23,14.55
30.88,14.46
31.3,14.86
26.42,17.71
27.18,15.56
28.14,15.81
27.23,14.39
24.62,13.33
27.4,13.62
25.68,14.11
28.65,14.74
27.17,14.22
29.19,15.1
27.62,15.89
29.46,14.87
20.75,12.96
24.11,12.35
29.03,14.44
31.14,14.85
25.91,13.58
19.5,12.75
20.22,15.76
21.98,14.86
24.67,12
22.72,11.06
23.41,13.14
24.55,11.94
21.94,11.66
17.79,9.7
17.76,8.8
19.27,7.26
21.99,6.24
20.92,9.63
19.78,8.9
20.46,7.1
18.37,7.29
22.45,8.51
21.06,8.16
21.83,9.41
19.95,9.58
19.84,7.27
18.01,7.85
19.37,7.02
20.99,7.24
18.59,10.97
19.79,11.82
22.36,14.33
21.63,14.27
21.16,15.02
20.06,13.69
18.82,10.68
17.83,8.78
19.25,14.58
17.72,14
18.02,13.21
15.55,9.87
15.87,7.83
12.7,6.25
10.03,7.43
14.81,4.96
12.73,4.97
16.31,6.82
17.38,8.62
10.31,6.9
16.64,6.05
17.58,6.86
15.51,4.99
17.09,4.34
16.34,6.05
12.29,8.81
15.5,8.23
11.6,7.36
23.48,9.58
20.93,8.14
22.16,7.03
20.61,5.39
17.48,3.59
15.56,3.19
17.31,3.53
19.69,4.18
12.05,6
11.22,4.47
9.26,3.83
10.3,3.3
12.03,4.66
16.72,5.05
12.95,0.97
21.26,1.67
22.45,6.16
22.45,6.49
17.97,3.62
18.1,3.22
17.2,3.91
17.71,4.05
21.36,4.44
16,9
19.05,3.85
19.09,2.75
17,2
17.7,4.99
22.25,4.14
13.75,5.3
15.08,4.3
13.92,1.51
7.94,5.18
11.05,4.69
12.4,1.99
11.19,3.9
14.2,5.78
16.09,5
11.18,6.28
9.32,5.82
11.76,6.57
14.52,4.8
14.79,4.75
10.61,4.49
15,3.36
10.08,1.28
10.87,0.28
5.2,-0.56
5.95,0.08
8.36,1.63
7.07,0.18
12.22,1.47
16.79,-0.6
16.15,1.89
15.55,0.75
16.2,1.38
17,7
16.39,5.91
15.61,3.53
13.94,6.37
16.36,5.64
14.63,5.64
15.69,2.79
14.85,1.66
15.81,2.33
12.52,4.84
10.09,1.57
16.04,2.98
11.25,6.68
12.37,7.46
17.46,8.95
10.88,7.59
17.35,4.99
19.24,6.86
21.04,9.45
12,6
12.41,6.64
13.41,6.4
19.01,4.83
19.02,3.84
16.57,3.85
20.21,6.72
20.33,4.79
25.97,7.37
22.24,7.01
20.38,6.64
14.2,5.6
9.45,4.74
12.97,4.1
16.96,4.37
16.38,8.71
19.25,7.39
17.19,8.03
12.59,9.09
13.88,8.88
14.98,8.96
13.52,8.28
11.12,7.65
18.17,8.03
22.42,6.34
19.76,9.93
21.47,8.82
24.68,10.55
25.3,9.94
16.22,9.3
20.99,6.73
22.47,7
17.55,10.22
18.81,10.17
17.49,6.36
16.92,5.1
20.9,3.32
21.34,4.11
20.07,4.95
19.84,8.96
22.64,8.46
23.89,8.6
25.39,-4.55
-4.31,-4.61
22.23,-27.73
21.85,11.24
21.5,11.03
18.59,11.81
22.12,11.37
23.35,10.7
21.97,11.46
21.31,10.4
24.24,11.86
22.26,14.8
22.35,14.69
17.94,13.17
20.38,12.6
20.15,0
23.13,10.57
22.2,11.54
25.4,14.91
23.92,15.51
25.12,0
23.1,15.1
23.1,12.4
22.1,11.3
25.1,12.1
24.7,13.2
26.9,13.5
25.2,13.8
24.3,14.1
27,13.8
28.7,14.3
22.1,13.3
22.4,16.2
24.4,14.4
25,12.2
16.7,11.6
18.9,11.7
19.3,12.2
21.2,14.4
21.4,16.4
23.4,17
23,14.3
22.5,15.8
24.9,11.9
25.7,12.3
26.6,14.2
25.8,14.1
25.9,14.2
27.6,15.3
28.4,15.1
29.8,16.3
30.8,17
32.2,14.7
32.2,16.5
32.9,18.1
31.5,18.6
27.1,18.5
26.8,17
28.4,16
23.9,16
25.8,16.1
26.6,16.2
25.5,15.2
26.6,14.7
27,18.5
29.8,15.4
27.9,19.5
29.3,16.3
31.7,16.8
33,18.2
28.4,18.4
29.3,17
29.1,15.5
32.5,18.1
32.8,18.9
33.7,18.9
34.6,20.6
33.9,20.2
31,20.1
33.1,18.2
34,19.9
39,20.9
40.8,19
37,21.4
35,21.2
28.3,22.2
31.5,18.4
31.3,18.6
33,19.5
33.2,19.8
35.1,20.7
35,18.9
35.5,19.5
32.3,19.5
31.4,20.3
32.8,20.4
33.4,21.5
35,20.5
35.2,22.7
33.2,23.2
34,21.8
32.3,18.9
23.9,18.9
30.7,17.6
24.9,19.1
29.2,20
28.7,20.2
21.8,17.1
27.5,15.5
26.1,16.5
28.3,16.8
31.8,18.7
32.6,21.7
32.5,20.2
32.4,21
32.4,20.8
29.4,18.1
26.4,17.7
29.5,16.4
29.4,17.6
31.4,19
28.9,20.7
25.4,16.9
24.5,16
26,13.7
27.9,16.4
25.8,15.9
27.9,15.4
30.4,15.8
30.1,16.9
29.6,18
32.2,18.3
26.4,17.4
27.3,14.9
31.5,16.2
32.3,20.8
30.1,20.3
30.4,19
30.7,17.1
31.2,18.9
28.1,18.1
25.6,18.4
24.6,15.9
20.3,15.1
22.5,15.4
24.8,17.3
26,14.6
25.7,13.9
26.4,12.7
22.3,14.3
25.5,13.5
28.4,16.5
31,15.9
24.7,15.1
26.5,14.7
31.9,17.6
26.9,16.6
25.4,12.6
24.5,13.9
27.2,13.5
26.3,12.6
24.7,12.4
22.2,14.2
26.6,11.7
28.3,11.5
26.8,11.8
25.9,12.2
24.6,12.3
19,14.2
16.5,13.7
21.3,13.1
21,11.5
23.6,12.6
17.8,11.6
29.9,13.4
26.8,14.9
21,14.8
21.3,12.9
21.9,12.1
24.5,12.2
22.5,10.3
21.5,15.3
19.9,12.2
18.5,9
16.9,8.4
17.6,6.5
16.1,8.7
18.3,13.1
17.9,12.1
19.7,11.9
17.1,11.5
19.2,7
22,9.3
16.8,9.5
21,11.8
16.2,11.8
19.9,13.6
20.6,10.7
18.9,8.8
21.3,9
21.2,9.2
19.2,10.7
16.5,11.4
20.4,13
20.9,10
20.4,10.2
23.4,11
22.3,12.3
14.9,12.4
22.6,11.1
24.8,11.8
21.5,10
19.2,8.6
19,11
20.8,9.6
24.3,9.2
23.2,9.3
21.5,8.6
22.4,9.5
22.5,9.9
20.6,10.4
15.3,8.1
11.5,5.3
11.2,5
13.5,3.1
13.3,5.4
12.3,9
16.2,3.7
14.9,4.3
15.8,2.9
16.9,4.7
16.3,4.1
15.1,4
13.1,4.3
15.6,5.4
14.6,8.7
16.1,5.7
13.9,7
16.1,8.3
16.5,6.5
14.2,4.1
14.4,3.5
12.9,4.2
12.9,3.9
12.2,3.7
13.3,4.2
18.4,6.7
17.1,8
16,7
13.3,6.6
13.5,10.2
16.4,6.7
11.8,5.5
15.4,4.1
15.9,5
13.7,6
14.3,6.4
14.6,5.4
15.8,3.7
17.3,7.6
15.3,5.3
16.6,5.7
14.9,6.5
12.6,3.8
10.5,4.2
11.4,6.8
7.9,4.3
13.8,2.9
14.7,5.6
18.3,7.6
15,7.1
18.6,5.1
16.9,5.8
14.1,4
12.6,2.1
12.5,1.8
9.6,6
7.7,5.5
12.1,1.4
7.8,1.3
11.4,1.5
13.7,3
13.3,2.5
12.4,5.5
17.9,6.7
11.4,4.8
13.9,9.2
12.5,8.6
16.4,6
15.7,4.8
14.7,6.9
16,5.6
11.4,6.7
20.6,6.5
17.5,6
16.3,7.4
15.1,4.1
18,3.8
16,3.9
13.9,4.4
18.5,3.2
16.1,4.2
11.1,6
9.1,6.3
16.8,7.5
20.2,6.2
13.1,4.2
10.6,5.4
9.7,0
10.5,-1.3
11.3,0.9
13.5,0.1
15.6,1.4
19,3.6
17.8,7.1
18.1,5
16.1,5.9
16.9,5.2
10.1,3.4
11.6,4.1
10.4,4.7
16.1,7.8
16,6
17.8,6.4
14.4,5.1
18.6,2.4
14.3,4.8
11.8,3.1
12.4,3.2
11.7,4.7
10,0.8
13.2,7.7
14.8,7.9
14.2,4.4
14.7,1.8
14.6,3.9
14.2,5
12.1,5.2
9.1,4.8
13.2,5.3
13.8,4.9
13.1,6.3
18.2,7.2
17.4,8.1
17.6,6.2
19.6,6.4
17.6,5.3
21.4,5.3
15.4,6.1
18,6
18.6,6.4
23.6,7.2
21.7,6.6
15.6,7.7
16,8
19.5,7.8
18.6,7
13.9,10
18.3,12.1
16.8,8.2
14.5,8
18.8,8.6
21.6,5.6
21.9,8
22.8,7.5
20.2,7.5
25.4,7.6
22.5,7.8
22.4,8.1
20.1,9.4
17.6,7.4
21.8,5.7
21.1,8.9
16.9,10
19.3,7.8
19.3,9
16.6,8.7
18.5,9.1
16.3,10.6
12.2,10.8
17.9,9.4
18,8.3
15.3,8
15.3,8.8
21.9,12
21,8.5
23.7,7.4
21.5,8.1
19.2,10.2
20.6,11.1
15.6,10
14.4,13.4
21.6,9.3
19.7,10.3
21.8,8.6
19.9,10
23.4,10.9
21.8,10.1
22.7,11.9
20.6,11.5
23.9,10.5
20.9,11.8
24.7,13
27.8,12.2
23.7,9.7
20.9,7.9
23.4,11.4
24,13
23.6,14.4
25.5,12.9
20.2,14.3
23.1,13.6
21.4,11.2
20.6,10.8
20.5,13
22.3,13.6
24.6,13.6
25.4,14.3
25.8,12.8
25.8,15.1
28.9,15.3
30,16.5
29.4,18.2
27.6,17.9
23.2,16.7
25.7,15.8
23.7,16.6
24.5,17.4
23.7,15.1
22.8,13.2
22.2,11.3
21.1,12.7
23.8,15.5
27.3,14.3
29.3,16.3
30.9,16.9
33.1,15.3
29.9,16.7
27.4,19.3
25.7,18.3
30,17.6
28.9,15.9
30.1,19.2
28.1,19.1
30.5,18.2
26.9,18.5
30.7,17.8
33,17.2
31.4,19.7
33.3,18.8
32.5,19.2
33.2,20.3
35.3,18
34.1,20.5
33,21
30.4,19.6
26.1,18
24.5,16.2
28.4,17.3
30.4,14.6
30,16
33.1,15.2
34.5,15
33.7,16.4
31.8,20
28.7,20.7
30,22.5
32.1,22.3
33.9,21.3
34.2,18.7
32.9,19.4
32.7,19.6
30.6,18.3
34.8,21.3
32.1,20.5
30.5,18.5
33,17.6
32.6,19
34.4,19.3
28.4,18.6
32.2,20.4
33.8,19.7
35.2,18.2
31.4,18.1
27.5,19.1
27.9,17.3
30.2,14.5
30.2,15.5
29.9,14.8
31.9,16.9
30.8,17.6
32.4,17.4
29,19.7
31.8,17.7
26.7,20.1
28.2,18.7
34.1,14.8
31.2,16.7
33.7,16.2
32.5,16.5
32.2,16
30.5,16
30.5,18
26.9,19.5
31,17.8
30.5,16.9
34.5,18.7
33.5,18.3
34.1,20.2
35.6,20.2
35.5,20.3
35.9,20.4
29.7,17.2
30.8,16.3
31.8,17.6
30.4,18.5
33.2,16.9
33.7,17.4
31.5,16.3
22.4,13.6
24.5,12.5
26.7,12.7
23.3,16
24.5,11.9
26.6,14.4
26.1,18.6
26,15
25.7,14.4
26.2,14.8
27.3,14.1
26.5,13.2
25.3,12.8
26.8,13.1
27.3,13.4
26.5,11.2
27.3,12.7
25.8,13.8
21.9,14.3
23.9,13.9
24.9,13.8
25.8,12.7
18.5,11.6
23,10.6
21.1,14.5
21,13.9
19.4,13.1
18.6,11.9
17.4,10.7
17.9,13.5
18,10.2
20.7,10.2
21.8,10.9
20.8,13
22.5,13.1
19.3,14.6
16.7,11.7
18.3,8.3
13.7,7.4
24.6,12
21.6,15.4
21.1,15.3
23.9,13.9
23.7,9.4
21.9,7.8
21.4,8.1
21.8,8.2
18.5,7.4
22.2,10.5
22.1,9.4
20.9,9
17.5,9.7
22.8,9.7
13.5,8.1
12.6,4.5
13.8,2.6
17.4,5.1
16.2,6.6
17.9,6.5
16.3,6.1
16.8,8.2
15.5,9.4
15.3,4.6
16.4,4.1
17.7,6.2
17.2,6
14.5,10
18.8,13.5
17.3,14.5
17.2,12.2
17.2,10.7
16,7
14.6,3.8
14,3.4
16.4,7.4
15,5.3
10.3,5.4
12.8,4.9
14.6,3.4
15.7,3.3
12.4,1.9
13.3,8.1
13.8,10.9
17.1,7.3
16.1,5.5
14.9,4.3
14.6,4.3
14.4,4.6
18,3.3
18.6,4.5
13.7,2.7
15.9,3.2
14.8,4.3
12.7,5.3
13.8,5.2
13.1,2.8
8.9,1.6
9.8,7.3
14.9,6.3
16,4.3
17.6,6.6
17.2,6.2
15.8,5.3
17.5,5
18.2,4.4
15.7,2.3
15,2.8
14.2,4.3
13,2.7
11.3,2.1
11.8,1.2
13.8,1.5
14,0.6
9.6,1.6
11.7,-0.3
12.3,-1.4
14.3,1.3
12.9,0.8
11.6,2.5
13.6,4
15.7,3.3
10.3,1.8
7.3,1
8.4,5.3
10,3
4.2,0.8
5.1,-2.4
9.7,-3.5
7,4.4
9.2,5.9
7.3,4.6
10.3,5.7
15.7,3.4
5.6,1.5
9.7,0.6
11.8,5.1
10.9,6.3
13.9,3.6
13.6,2.2
14.6,5.3
14.3,7.8
17.7,7
17,4.6
15.7,7.6
11.1,6.6
14.3,8.7
18.6,7.9
11.4,7.5
12.5,2.5
13.4,0.5
13.6,1.7
12.3,10.6
12.1,11.3
13.9,11
14.4,9.9
14.4,7.2
17.5,5.8
15.3,5.1
16.2,5
17.4,4.2
20.5,4.6
19.8,5.3
16.7,5.7
14.7,8.5
15.4,3.2
16.3,2.7
16.8,4.3
7.2,6
22,7
19.3,7.4
17,11.2
13.2,4.4
15.8,3.2
21.8,6
15.8,8.9
21.1,6.5
23.1,7
24.8,7.4
21.5,7.6
16.8,8.2
18.2,6.9
21.4,9.4
21.3,6.8
20.7,6.5
21.7,6.1
20.6,7.5
23.5,7.8
20.9,8.6
16.6,7.5
18.6,7.9
17.8,6.3
10.6,6.3
15.3,6.3
20.9,4.8
16.3,6.7
19.6,5.8
22.6,8.1
23.7,8.5
21.3,7.9
15,6.7
17.6,5.4
20.6,12.1
20.5,12.3
19.8,13.1
22.3,13.7
22.3,7.4
22.8,8.3
23.5,7.1
24.7,8.6
22.6,11.3
23.1,9.2
26,10.5
25.9,11.6
18.8,11.2
22.9,8.4
24.7,8.7
22.6,9.5
18.4,10.1
17.8,4.8
17.9,4.1
21.7,4.5
23.4,7.4
20.7,8.9
24.9,9.7
13,9.1
12.9,6.1
17.2,5.3
17,4.9
18.1,7.2
17.2,7.7
17.5,8.2
14.3,10.4
19.9,10.2
20.2,11.4
22.1,11.6
23.2,11.2
25.2,10.3
21.7,10.5
22.5,10.7
24.8,13.5
25,10.6
23.9,11.7
24.8,13.7
28.3,13.6
28.5,14.8
29,13.4
26,10.1
19.3,11
21.2,11.2
24.2,11.1
24.9,14
27.8,14.4
30.5,15.3
31.8,16.4
26.3,14.1
26.5,16.1
29.3,14.1
30.1,12.7
23.6,15.4
26.4,14.8
27.3,14.8
28,14.7
26.4,16.7
25.9,14.2
26.4,15
25.8,14.6
25.7,14.5
25.6,13
27.3,17.8
31,17.8
32.7,19.2
33.1,19.7
33.9,20.2
32.3,19.1
35.1,20.9
32.4,22.4
35.5,18.5
34.2,18.7
33,16.9
32,21
32.2,20.1
32,21
33.1,20.5
33.6,20.9
30.6,19.8
31.2,20.5
30.6,18.7
23.5,15.2
23.4,13.6
23.9,12.3
23.8,13.9
26.6,15.4
30.5,16.3
29.2,17.2
28.9,16
30.4,19.6
31.7,19.5
30.2,18.5
28.2,17.8
31.4,18.6
28.3,19.1
31.4,18.9
29.8,19.1
30.5,20.6
32.8,17
33,17.9
30.2,18
33.5,17.4
32.6,20.6
30.3,19.8
27.9,17.9
30.8,18.8
30.8,17.7
29.9,17
27.6,17.7
29.7,18
30.4,17.1
30,18.9
32.4,19.2
31.1,19.9
31.8,19.8
33.5,19.9
33.3,19.6
34.5,21.3
37.4,22.5
36.3,23
30.2,19.5
31.8,20.5
23.2,18.6
27,15.7
26.5,14.8
25.9,14.2
30,14.6
30.2,16.4
33,17.5
29.2,17.2
30.6,18.9
33.8,19.3
34.8,19.5
28.7,20.7
30.9,18.3
31.5,15.1
32,16.8
33.7,19
32.1,20.5
34.7,19.6
30,20.9
31.5,21.6
33.3,19.2
31.8,19.8
34.1,19.1
23.3,15.5
23.3,16.4
26.7,16
25.3,14.8
28.5,17.5
31.8,17.2
27.4,18.2
25.6,14.9
26.2,13.6
19,12.9
23.8,14.3
25.2,12.9
23.7,15.3
27.5,13.9
25.2,15.6
16.8,9.7
20.5,7.9
21.3,9.2
20.9,11.8
22.6,9.6
24.6,11.6
24.7,11
26.3,12.3
23.3,13.7
27.9,12.4
26.3,15.3
23.6,12.1
23.3,12.5
23.2,14
25,15.1
21.7,13.9
22.5,13.1
22.5,16.1
27.2,16.2
25.2,14.3
29.2,13.2
26.3,13.5
23,9.4
25.6,9.1
24.8,10.2
25.2,12.6
26.5,11.7
25.9,12.2
24.2,12.6
21.8,15.8
26.9,15
26.1,13.9
24,12.2
25.5,12.4
18.6,14.5
23.2,13.5
23.6,14.1
19.4,11.2
20.5,11.4
26.3,10.9
24.5,10.9
21.7,11
22.5,11.8
22.3,10.1
21.6,7.7
19.7,11
18.8,6.5
19.8,6.4
20.3,9.3
20.5,12.3
19.2,13.6
16.9,10.7
12.7,9.8
16,3.1
15.1,3
11.6,3
17.4,5
20.2,9.3
20.7,6.8
11,9.1
14.4,4.2
18.9,2.2
16.1,1.9
22,5.3
19.4,4.9
18.4,3.7
21.1,4.3
21.7,6.5
17.5,4
17.4,5.6
18.5,6.7
17,8.4
12.9,6.4
13.1,1.1
13.9,1.8
11.3,1.8
11.1,0.1
7.8,1
7.4,2.9
12.5,2.3
12.5,0.8
13.5,-0.5
11.7,2
12.7,1.2
11.8,2.1
9.1,2.6
15.7,2.8
16.2,3.9
7.4,0.2
9.2,0.1
16.8,5.5
10.2,2.7
11.3,2
12.9,5.6
9,2.5
11.6,2.8
11.2,1
15.6,4.1
16.3,3.9
15,3.2
12.5,2.6
12.7,2.3
12.7,2.8
12.6,3.4
10.3,1.6
9.5,1.3
19.4,2.1
17.6,4.6
14.9,4.8
14.6,3.5
20.7,7
20.8,7.4
18.5,5.8
12.8,2.6
12.3,6.7
11.1,3.8
14,3.7
14.4,2.6
12.5,5.6
12.5,1.4
11.8,-0.3
10.9,5.6
12.8,4.1
18.4,2.4
13.9,4.6
13.9,2.4
15.7,3.2
11.4,3.3
19.7,8.1
15.9,6.2
19.1,4.7
15.8,4
15.8,7.7
9.9,6.8
11.4,7.9
17.4,3.2
15.7,3
14.5,2.8
14,3.5
7.6,3.4
8.5,5.3
12.3,1.4
9.9,1.5
9.6,3.1
7.8,4
8.8,1.8
7,-3.1
9.7,-4.4
8.6,-0.1
10.1,0.1
9.7,4.8
9.2,-2.9
11.3,1.9
17.9,5.9
14.8,6
13.8,7.9
13.8,1.7
12.5,5.4
14.2,7.5
10,4.9
7.9,2.9
10,-1
10.8,-0.5
15,4.2
11,0
5.9,-2.8
6.8,0.4
12.7,5.2
13.7,5.5
17.2,5.3
16.9,4.2
13.3,4.9
14.7,3.8
14.9,4.7
16.3,4.3
16.5,3.8
23.9,8.8
20.3,8.4
16.7,5.3
15.2,4.3
18.3,3.9
20.6,7.3
15.9,4.9
15,3.6
13.6,2
13,1.5
10.8,4
9.9,6
14.1,4.4
18.1,2.7
7.4,4.6
13.6,4.8
15.3,3.4
16.8,4.1
19.1,8.5
15.3,6.1
19.6,4.1
15.3,2.9
16.2,1.9
19.4,5
17.7,8.7
23.2,6.2
18.9,6.6
21,7.8
18.1,9
12.1,8.7
19.3,7.9
17.1,6.1
13,6.9
14.3,5.4
13.5,4.9
13.6,10.3
22.3,9
20.3,9.8
24,8.5
24.5,10.8
23.1,11
23.6,10.1
24.3,10.1
24.4,9.9
22.2,11.6
25.7,13
26.9,13.1
22.6,12.2
22,9.9
23.7,11.9
16.4,8
17.4,6.9
16.6,7.6
20.7,6.2
19.3,12.6
20.4,15.6
22.4,12.7
23.9,13
25.6,14.5
24.3,14.9
22.3,13.7
20.3,13.1
25.1,14.1
23.5,8.3
16.2,6.7
16,7
21.1,10.3
23.2,11.5
24.1,11.6
23.7,11.6
25,11.5
24.7,12.3
22.7,11.9
23.1,13.3
24.5,13.2
25.4,13.8
24.6,13.4
24.9,14.4
25.1,14
23.1,16.2
26,15.6
23.1,14.1
22.2,13.8
25.5,15.1
26,15.4
21.8,15.3
24,14.4
23.1,15
20.9,14.9
23,14.4
26.4,13.9
30.1,16.8
26.7,15.6
24.5,16.6
24.1,16.1
24.7,18.4
26.7,15.3
25.1,15.5
26.1,15.3
25.3,14
28.4,14.2
30.5,18.5
30.5,17.3
32.2,17.1
30.8,21.5
29.1,16.8
29.1,15.8
29.4,15.5
28.9,16.6
31.4,17.7
30.3,19.7
29.6,18.8
30,17.4
30.7,15.7
29.8,18
31.9,20.1
32.8,19.3
27.5,18.4
29.2,19
32.4,17.7
34.5,19.3
33.7,20.9
32.5,19.6
30.6,19.9
30.8,18.4
31,18.6
32.6,20
32.1,20
29.1,18.3
31,17.8
30.5,18.8
32.3,18.1
31.2,20.1
26.1,19.4
27.5,19.4
33.1,17.7
32.1,19.2
34.5,19.5
34.2,20.3
36.5,22.1
31.5,20.5
31.7,18.9
34.6,20.6
35.4,22.1
36.6,22.7
37.5,22.3
36,22.8
37.3,23.4
37.5,23.8
34.1,21.6
35,21
30,20.5
30.2,18.1
29.9,17.4
31.1,17.8
32.1,18.8
29.5,19
27.4,20.4
31.8,19.9
31.2,18.1
26.8,18.9
29.1,17.5
31.9,22
32.5,20
34.2,20.3
33.5,20
34.7,19.5
29.8,20.3
24,18.3
28.6,17.3
31.1,16.3
31.9,18.5
31.3,20.6
27.7,17.6
26.2,18.3
29.6,17.4
28.5,16.1
26.7,16.3
29.3,18.5
27.8,16.6
26.2,16.1
27,15.4
27,16.6
26.4,17.6
30.1,17.5
31.1,17.2
27.9,16.7
30.6,17.6
27,16.4
27.2,17.7
28.7,18.3
25.9,18.3
25.7,17.5
30.8,18.2
32.3,17.5
31.6,17.3
29.9,17.8
32.4,17.7
24.6,16.4
25,13.8
21.5,12.9
25.7,9.2
31.3,12.6
28.4,15.7
24.6,14.2
21.1,14.6
24.4,13.6
27,17.9
25.6,12.1
25.7,12.1
24.7,13.5
20.9,10.6
21.2,10.8
23.1,13.5
20.8,14
26.3,13.9
23.2,16.5
22.5,18.9
20.6,17.9
21.1,15
21.5,14.7
19.9,15.2
19.7,15.1
21.6,16.4
22,14.5
25.8,13
22.5,12.6
23.9,10.8
29.5,15.1
25.8,12.8
19.3,11.3
13.7,8.6
9.6,5.8
10,6.1
14.5,5.9
13.7,7.6
16.4,6.6
17.1,7.7
17.1,10.8
21.1,10
18.7,12.2
17.4,6.7
17.5,6.4
18.6,11
16.7,7.8
17.1,6.9
21.5,9.9
19.7,14.1
19.3,13.1
20,13.1
17.2,13.9
14.7,12.6
12.5,9.4
10.1,8.4
12,7.5
13.6,7.3
14,6.4
15,7.7
11.8,7.4
15.4,6.9
13.7,4.4
12.1,7
14.7,5.7
17.5,6.3
13.4,5.2
14.6,7.3
14,5.8
18.2,6.9
17.6,8
18.3,9
16.5,8.4
18.3,8.3
14.5,7.5
15.8,7
16.5,6.4
12,5.4
13.2,4.3
13.1,5.1
10.1,7.4
12.7,6.1
12.8,5.1
10.3,6.7
15,4.8
11.6,3.3
15.8,5.8
13.9,5.1
13.4,3.4
20.2,6.5
18.3,8
19.1,8.3
15.8,4.9
11.4,4.3
13.1,4.4
13.5,4.9
14,3.5
21.4,4.3
18.7,9.2
14.9,4.5
15.4,3.2
14.3,5.8
11,2.6
18.1,2.4
17.9,7.8
12.3,1.2
11.4,1
12.8,4.8
7.5,3
9.4,2.9
13.7,2.7
14.3,3
17.7,5.9
15.4,2.8
12,3.3
12.9,3.7
10.9,1.9
12,1.7
8.2,2
10.7,3.9
9.1,-0.7
8.3,3.1
9.6,3.9
13.6,6.7
16.1,4.8
13.7,4.5
8.3,1.1
7.5,2.4
11.5,1.7
12.9,2.6
16.8,5.6
9.2,4.6
8,5.7
13.8,3.3
15.2,4.4
17.5,5.2
15.1,4
14.4,4.5
17.7,4.2
16.7,4.8
13.2,6.6
16.3,2.8
14.6,1.4
16.1,2.5
15.7,0.9
16.2,1.7
16.8,1.3
15.7,2.4
14.2,8.3
15.4,4.2
17,3.4
22.9,4.8
21.2,5.8
16.6,4.9
17.3,3.9
20.5,4.9
21.1,5.2
20.6,5.6
19.4,5
19.1,5.2
20.8,5.7
15.4,6.8
19,5.8
18.7,6
15,5.8
17.5,4.1
20.3,5.6
21,7.7
18.8,7.4
18.5,4.7
16.2,6.4
17.7,4.4
20.4,6.3
22.6,5.6
19.3,6.4
15.1,9.1
12.7,7.5
15.1,8.7
17.4,5.5
20.8,5.1
24.7,7
24.4,8.2
20.6,8.5
16.7,10.8
19.3,6.6
18.6,5.6
17.7,4.5
16.4,3.6
16.1,4.5
19.9,6.8
17.8,7.6
11,5.9
13,4.5
16.8,3.5
15.9,5.5
16,4.6
18.8,5.5
16.6,7.8
17.2,7.3
15.8,12.7
20.4,10.5
22,5.6
18.2,6.9
16.6,6.5
16,8.4
18.5,9.6
18.2,11.1
20.4,11.1
19.9,9.2
16.5,12.6
16.2,12.1
17.9,11.7
18.8,9.5
20.9,9.9
18.4,7
18.7,9.6
18.8,9.4
20.5,8.7
20.9,9.9
22,11.2
18.8,12.6
14.3,9.7
17.4,10.5
16,6.3
19.9,9
21.1,7.3
26.2,12.7
20.9,10.7
22.7,11.2
18.3,12.6
20.6,13.2
22.3,12.1
21.8,9.4
18.2,9
24.5,8
13.6,9.8
13.7,9.2
18.1,7.8
20.5,10
21.6,10.4
24.9,11
24.2,12.5
18.3,14.9
27,16
21,19.2
23.5,14.5
21.9,12.3
21.8,14.4
25.5,13.1
27,13.1
27.8,13.1
29.8,12.4
26,14.1
31.2,13.5
26.7,13.1
21.7,11.6
27.3,12.9
25.5,13.2
27.1,15.5
23.7,16.6
16.6,10.6
20,9.3
23.8,11.5
27.4,13.4
24.2,14.3
29.1,14.4
29.8,15.3
32.8,15.5
29.1,14.6
29.8,18.1
25.5,16.3
27.9,18.1
33.3,17
30.8,17.6
32.8,18.1
35.8,18
36.8,19.4
40,20.8
34.1,24.5
34,22
32.7,23.6
33.9,21.1
34,21.4
33.7,19.8
35.5,18.4
33.1,20.5
34.3,22.9
32.1,22.6
26.8,19.5
32.2,19.2
32.6,20.4
33.1,20.7
33.7,21.3
30.1,21.8
31,22.8
31.7,21
31.8,20.2
30.2,19.7
29.5,17.9
30.5,19.5
31.8,20.7
35.3,22.1
33.4,21.2
33.9,21.2
32.6,20.7
32.3,21.5
24.3,17.2
27.6,14.7
29.7,17
27.9,20.1
29.8,18.9
31.2,18.6
31.3,18.7
33,18.7
34.3,20.1
31.9,20.3
32,20.5
31.2,21.8
32.3,21.4
35.7,21.9
34.1,22.6
32.6,20.3
27.2,19.7
26.9,17.7
31.1,16.1
29.3,17.7
29.4,19.4
32.7,18.5
35.5,20.1
29.9,20.6
25.5,18
32,16
32.4,18.9
32.1,17.7
31.5,17.8
31.9,18.1
32.9,17.8
28.5,18.9
31.9,19.6
33.8,18.9
35,22.3
32.8,19.5
30.8,19.3
25.5,17.7
30.8,13.9
32.2,15.2
26.1,19
25.9,17.1
27.4,14.2
24.6,16.1
24.1,18.2
19.3,12.9
25.1,16.3
29.8,17.3
30.9,15.2
30.3,18
29.8,16.6
30.2,16.3
32.5,17.9
31,18.4
28.9,15.9
26.3,15.5
19.3,16.1
25.7,15.3
25.8,16.1
28.3,14.5
22.3,15.9
25.7,14.5
26.5,15.8
24.8,14.6
28.3,13.3
28.4,14.5
28.4,15
27,14
25,13
25.4,12
23.9,13.6
22.7,13.6
24.1,12.6
25,12.3
22.9,13.8
23.3,12.6
24.8,11
24.9,16.4
26.2,16.8
24.4,17.5
21.6,12.7
23.4,10.7
27.2,10.2
22.3,13.6
27.2,13.2
21.6,17.8
16,13
18.5,12.6
18.1,10.5
20,9
24,10.5
22.5,10.2
21.9,10.9
19.2,14.3
24,12
21,14
21.2,17.4
22,13
20,14
23,10
17,11
19,8
17,8
12.7,7.3
14,6.8
16,8
18,8
16,9
19,6
13.6,7.3
9.1,3.1
10.3,3
11.9,2.3
12.9,3.2
10.7,3.7
13.4,0.8
17,2
15.7,4.9
15.3,4
16.5,9.2
17.3,6.5
18.6,6.8
17.2,6.5
17.9,9.2
17.4,7.1
17.4,8
15.8,7.1
14.7,6.2
14.1,8.2
11.3,5.7
10.2,8.1
12.3,8.5
15.6,5.9
16,5.8
15,5.4
15,5.8
14.4,4.4
12.2,3.7
12.6,6.5
16.4,6.2
14.1,7.3
16.1,6.1
14.4,4.8
16.8,9.1
17.5,8.7
15.7,8
18.8,10.1
17.3,7.5
17.2,6.9
15.4,5.8
18.5,5.9
20.1,8
17.2,6.5
17.1,5.2
14.7,5.2
12,3.6
11.9,4.1
13.8,4.5
12.1,3.7
11.6,4.3
13.2,3
15.7,3.8
18.7,3.7
13.9,2.2
15.4,3.4
16.5,4.9
15.2,3
13.9,7.7
12.1,2.2
13.9,1.2
11.9,1.8
12.5,1.7
13.5,1.1
13.5,3.7
16.8,3.9
12.2,3.5
10.2,6.8
6.9,3
11,2.8
12.8,10
14.6,7.9
13.7,4.9
12.1,5.1
12.7,5.5
11.1,4.6
14.7,4.8
14.7,6.1
14.9,5.9
19.6,8.5
20.3,6.9
22.1,8.5
24.4,10.7
15.5,9.6
15.9,4.4
16.1,2.1
14.7,2.9
14,6.4
15.5,5.4
19.5,7.3
14.9,8
10.9,9.1
14.6,7
16.8,7.3
12.7,7.1
17.2,9.9
16.2,7.8
13.4,8.9
15.8,4.7
16.6,4.5
18.3,4.6
18,5.5
22,6.2
21.6,7.7
16.5,7.2
15.4,6.6
17.2,5
17.2,8
21.8,7.9
17.5,8.9
16.1,6.1
11.1,4
12.1,5.3
18.4,7
13.9,4.7
14.9,8.1
16.5,5.1
14.2,8.5
16.8,8.2
21.8,6.5
21.3,9.5
16.8,11.4
16.4,7.3
15.4,8.1
12.6,10.5
14.9,9.1
17.9,8.2
18,6.7
17.5,5.4
16.8,6.2
16.6,8.3
12,9.8
12.3,7.6
12.3,5.2
7.8,3.5
14.9,2.5
18.9,8.9
19.1,7.5
10.1,4.9
13.2,6.7
9.8,8.2
12.2,6.6
17.3,6.1
17.7,5.8
19.1,4.5
17.6,5.3
17.9,8.1
20,9.4
20.1,8.1
20.7,8
20.8,8.2
21.3,8.3
12.7,9.2
21.4,10.2
17.6,8.1
17.8,12.3
18.7,11.8
19.1,12.7
17.7,13.7
16.6,13.4
13.9,11.9
13.1,10.9
21.5,11.1
23,11.5
21.9,10.1
21.7,11
22.4,12.5
17.8,11.6
21.5,11.2
20.5,11.7
23.5,11.3
24.4,14
26.1,13.9
25.7,14.5
25.4,15.6
26.6,15.3
25.4,15.5
26.6,14.2
21.2,13.1
19.1,13.8
19.8,11.7
19.6,12.5
22.4,13.2
18.7,12.6
20.8,12.2
19.5,13.2
23,14
25.2,12
26.6,16.5
29,14.5
30.6,16.5
29.9,17
27.4,16
24.4,15.9
26.4,14.4
28.6,14.9
25.8,15.7
25.5,14.1
27,14.7
21.8,15.1
24.9,14.3
24.8,15.8
25,15.9
24.2,16.2
17.9,13.4
23.4,12.1
23,14.8
17.5,12.9
20.4,12.3
20.7,11.8
21.6,12.1
22.6,13.6
25.6,15.3
21.9,14
23.9,14.4
23.7,17.4
20.1,14.4
20.9,14.2
21.8,14.2
23.9,14.1
26.3,15.9
28.2,16.3
26.5,18.7
27.8,17.7
29.5,17.9
28.4,18.5
31,18.7
29.1,18.9
30,20.2
25.9,20.5
28,20.6
31.3,21.3
26.5,18.1
23.5,17.4
28.6,18.4
32.3,17
27.6,18.2
28.6,18.6
30,17.1
32.5,19.9
31,19.9
27.2,20
29.2,19.6
29.5,19.8
26.8,17.3
25.1,17.9
24.8,18.7
27.5,20.1
30.7,17.6
30.3,18.4
30.8,19.3
33,19.6
32.9,19.7
33.1,20.6
30.6,20.2
30.5,18.6
31.1,20.4
34,19.7
30.9,21.8
33.9,20.5
33.4,21.3
34.8,20.4
37.3,23.2
28,23
27.7,20.4
28.6,20.2
31.7,17.2
32.2,19.2
32.6,18.4
34.8,20.6
34,21.9
32.9,19.7
32.4,21.5
33.3,20.4
30.7,20.2
31.6,19.2
31.7,19.6
31.1,19.8
29.3,18.3
28.6,20.8
33.6,19.3
35.9,19.8
32.5,20.2
29.8,22.8
28.5,21.4
28.6,19.9
33.1,17.8
31.5,19.3
32.6,20.3
30.7,15.7
21.8,14.3
23.9,12.8
25.5,13.7
25.9,15.3
27.1,16.2
29.2,15.3
29.4,16.3
29,19.3
22.8,16.4
23.7,18.6
25.5,16.5
23.7,17.3
26.4,16.6
29.3,19.9
30.5,19.1
31.9,18
29.9,17.4
28.7,16.5
31.2,18.2
31,18.8
27.6,17.5
28.8,16.7
26.3,16.9
24.7,16.3
24.4,16
25.1,15.1
24.5,16.4
20.3,10.5
17.7,9.7
17.7,10.1
22.1,11.7
21.8,11.1
23.3,12.7
23.1,13.6
19.9,8.8
19.2,8.7
19.4,8.8
19.3,9.8
22.5,11.2
19.8,14.5
24.1,12.5
24.4,13.4
19.3,14.5
16.7,12.7
18.8,11.9
18.9,9.1
15,7.4
15.7,6.6
18,7.1
18.3,6.4
18.9,7.7
20.8,9.2
21.2,11.4
22.7,16.8
20.4,15.5
24.4,14
20.1,11.1
18.5,8.9
16.5,9.1
17.5,8.2
20.8,11
20.5,11.4
23.3,10.2
19,9.8
18.7,8.9
19.4,9.1
16.7,12.3
13.9,8
18.3,7.9
16.8,12.8
16.9,12.8
19.5,10.1
18.5,8.9
19.5,9.7
18.7,9.1
18.4,9.2
16.3,9.1
19.7,7.9
19.1,11.4
16.2,9.9
20,7.5
18.2,7
20.5,9
15.3,9.7
14.6,3.7
14.3,2.9
14.8,4.9
14.5,5.2
16.2,5.4
13.8,11.3
14.8,11.8
13,10.7
20,8.2
14.1,6.9
11.5,6.2
12.5,4.7
12,2.5
11.7,3.3
9.6,3.1
11.8,3.2
8.6,3.3
12.4,4
12.4,3.7
14.2,3
13.7,3.7
13.9,5.1
13.6,4.6
12.9,5.2
16.6,6.7
17.2,5.2
14.8,5.6
14.2,10.5
13.6,8.2
14,7
14.7,5.3
17.5,6.4
12.7,6.2
11.2,5.4
8.7,5.3
10.2,0.9
7.1,-0.6
12.2,1.1
12.2,2.2
12.2,2.4
12.7,2.5
9.6,2.6
6.6,1.6
8.4,-0.9
7.8,-0.9
7.3,-1.2
8,-1.3
5.2,-0.5
7.1,2.9
4.7,0.9
5.7,2.1
8.5,-1.4
10.3,-0.7
15.8,2.9
14.5,1.6
14.4,4.7
13.3,1.5
16.4,3.2
13.3,0.5
12.8,1.8
14.3,2.3
14.6,3.5
14.8,4.8
12.7,2.5
13.8,4.8
12.4,5
12,3.6
18.8,3.8
18.9,7.8
19.2,7.6
14,5.9
18.7,6.4
17.9,6.5
19.1,6.6
19.4,5.4
15.3,7.4
15.7,8.8
18,8.2
10.8,5.7
10,4.4
13.8,3.7
13.4,5.2
15.8,5
11.2,5.2
16.1,5.5
9.8,5.4
11,4.4
15.9,4.5
18.8,5.6
15.9,7.7
12.8,8.7
16.2,7.2
14.3,8.1
12.5,11
18.4,10.8
19.5,7.2
17,7.4
18.7,8.4
18.8,6.5
15.5,7.1
15.5,7.7
15.4,7.4
14.3,8.8
15.3,9.3
16.7,8.7
12.8,8.9
13.9,7.9
15.3,9.1
15.3,7.2
17.1,2
20,5.6
11.7,5.6
16.6,4.5
12.7,6
17.6,4.2
17.2,6.5
17.3,8.8
13.1,6.8
11.1,5.7
11,6.1
16.2,7.4
16.7,7.5
18.9,4
20,5
19.7,6.1
19.1,6.6
15.9,7.1
19.7,6.4
19.5,6.1
20.1,6.5
18.8,6.5
20.9,5.6
22.2,8.2
23.6,9.6
20.2,8.4
21.6,6.7
15.9,7.4
14.5,3.9
19.9,2.3
16.6,3.7
12.8,7.9
17.6,7
15.5,7.2
19.1,4.2
16.9,5.5
16,4
15.1,5.3
13.3,8.1
17.3,9.3
18.9,5.8
18.3,6.5
14.1,7.8
17.7,6.6
21.6,7.8
22.3,6
19.9,9
20.5,9.6
16.5,11.3
16,11.8
18.5,10.9
19.5,10.9
15.4,10
15.7,8.9
19.3,8.2
21.6,8.2
22.5,11.8
26.2,10.2
22.5,13
27.6,11.4
20.8,12.7
20.7,11.8
17.4,9.4
21.8,9.4
20.9,11.6
21.5,11.2
23.3,10.6
24.1,12.4
17.4,13.5
25.7,10.4
21.2,12.6
21.5,12.5
28.1,11.7
18.1,12.8
18.7,12.5
22.8,11.3
18.1,13.2
23.1,10.2
26,12.6
27,14.1
29.9,13
27.7,15.6
24.8,13.9
27,14.3
24.6,16.9
25.8,14.9
25.6,14.5
27.5,15.9
27.9,17
29.2,16.1
30.8,15.2
32.2,17.8
32.9,17.7
30.5,18.8
33.6,18.1
36.8,18.9
36,20.4
36.9,20.3
31.1,19.8
26.7,19.5
30.2,17.9
30,18.8
30.2,17.7
32,16.2
27.5,15.8
24.6,16.5
26.6,15.6
29.2,18.6
29.5,17.9
33.6,17.4
28.7,16.7
27.4,15.9
27.3,18.3
29.6,16.5
30.9,18.7
33.2,19.1
25.8,20.2
34.7,17.2
30.9,19.1
30.2,18.4
26.8,18.4
30,19.2
32.6,16.7
30.4,17.8
27.9,17.1
26.5,15.8
27.7,14.1
28.8,17.8
30.3,17.1
33,18.4
32.6,18.2
34.5,21.2
34.3,18.6
34.3,18.3
34.8,20
39.2,18.9
31.2,19.4
30.9,19.4
28.2,19.3
33.2,17.9
30.7,19.4
31.7,18.4
32.4,19.3
31.5,14.9
25.9,15.4
27.3,15.1
29.7,16.1
24.1,17.4
27.8,15.6
27.7,18.8
29.9,19.5
28.1,17.9
29.2,15.8
32.5,18.1
34.3,19.5
35.7,21.9
36.5,20.3
34.6,21.4
35.3,20.7
29.4,21.1
28.4,18.9
30.2,15.8
31,17
30.9,16.3
31.6,18.7
33,20.2
31.5,21.7
28.5,21.8
29.3,18.7
32.4,16.9
31.9,19
30.2,19.8
29.8,17.7
27.3,17.6
29.9,17.3
28.9,15.6
27.6,16.7
28.3,17.2
28.5,16.4
30.6,17.4
29.9,17
30.1,20.9
29.4,19
28.6,17.9
26.7,18.5
27.7,17.2
29.8,17.9
31.6,17.5
33.6,20
33.8,20.1
26.7,17.2
25.8,16.6
26.1,16
25.7,15.1
23,13.9
22.1,12.1
25.8,14.5
26,14.2
25.9,13.7
29.6,15.7
26.8,17.8
28.4,15
26.2,15.3
24.6,15.3
24.9,12.9
24.4,13.4
27.8,13.7
27,14.8
20.6,10.9
22.9,9.9
21.4,14.8
25.1,14.1
24.3,10.7
19.1,11.9
20.4,10.1
25.4,7.5
25.2,8.9
20.3,9.1
21.4,7.8
23.5,9.4
23.1,9.4
21.8,9.2
23.4,12.6
25.9,14.5
27.6,12.9
18.6,14.6
21.4,13.3
21,8.4
21.7,7.9
20.4,10.7
21.1,8.8
21.1,8.1
21.5,10.3
22.5,8.2
22.9,14.6
22.3,13.6
16.3,12.5
19,9.2
14.8,5.3
15.6,3.9
14.7,9.4
15.1,9.6
19.4,10.8
20.5,10.9
14,9.6
14.4,10.8
15.3,11.3
17.6,12.4
18,10.8
15.7,7.3
15.7,10.1
15.3,5.9
13.9,5.3
15.8,5.8
16.5,4.7
16.5,4.8
16.1,8.5
15.1,6.3
12.4,7.1
11,7.9
12,5
11.4,3.9
12.2,2.2
11.1,0.6
8.8,4
13.7,1.2
14.6,2.9
12.3,3.9
12.5,5.6
15.6,3.3
12.5,2.9
13.7,3.8
12.4,3.3
12,2.9
11.3,2.2
12.9,4.8
12.2,6.4
18.6,5.3
13.3,4.6
15.9,2.1
16.3,2.9
14.6,2.2
13,2.4
14.9,2.6
12.2,1.9
14.4,1.5
10.7,1.2
11.7,2
14.6,6
13.4,6.1
15.3,6.2
17.2,6
17.6,6.1
18.4,6.8
17.8,7.9
20.3,7.3
18.7,5.6
11.9,3.1
8.1,3.4
17.2,5.2
13.6,4.4
12.6,5.5
11.1,0
12.5,-2.2
15.7,2.7
12.6,5
10.7,6.1
16.7,4.8
12.5,0.1
11.9,-2.1
13,-1.1
13.7,0.2
15.1,0.4
16.4,0.2
13,0.3
10.4,1.2
13.7,1
11.4,1.5
12.9,-1.1
11.9,-1.1
13,0
12.3,1.7
16.8,1.2
17.4,0.9
20.4,1
21.4,3.8
20.8,2.3
17.2,1.8
15,7.3
20.3,4.2
17.9,0.7
15.6,4.5
16.4,4.3
14.1,1.1
17.6,2.3
16.7,3
16.5,4.1
16.1,4.1
17.1,4
12.6,6.1
17.1,3.7
13.3,4.9
16.1,2.4
16.7,4.4
19.8,4.7
21.1,4.9
11.6,3.8
18.4,1.5
19.7,4.4
20.6,3.3
19.5,4.7
17.9,5
13.3,9.1
14,2.4
15.9,0.8
16.6,4.8
15.6,3.4
14.9,6.7
17.9,5.9
16.6,6.3
16.3,5.9
15.3,3.4
10.4,3.4
16.1,1.2
16.8,5.2
16,5.1
13,9.3
10.5,7.7
14.5,5.9
12,5.7
13.1,11
13.6,9.8
14.6,11.6
14.3,9.2
11.9,6.9
11.4,7
11.5,7.1
13.6,6.5
14.4,5.1
14.6,5.6
17.3,5.7
15.5,4.3
19.6,8
19.8,6.3
16.4,6.7
14.9,7.9
16.7,6.5
10.3,6.1
11.6,3
10.6,4.1
13.3,2.8
18.8,1
19.2,7.1
20.9,7.2
23.9,8
15.7,9.5
16.8,8.1
18.4,7.1
13.3,10.6
14.5,10.7
22.7,10.6
25.8,11.6
27,12.6
22.3,11.1
22.6,9.7
19.4,11.1
14.4,9
15,9.6
23.2,8.2
17,8.4
21.3,8.1
20.3,11.3
21.3,9.2
21.8,9
23.6,10.6
25.3,11.4
20.7,12.1
24.4,11.1
20.4,13
19,12.5
21,10.6
21.8,14.4
21.7,16
24,17.9
25.3,15
25.3,13.2
26.4,12.2
29.1,11.8
27.8,11.5
26.5,12.2
27.8,14.7
31.1,12.7
27.2,14.2
27.5,14.4
31.6,16.7
26.7,16.1
31.6,14.7
30.7,15.5
30.3,16
26,15.9
20.3,12.2
21.8,15
24.3,16.4
27.1,17.6
30.9,14.9
28.6,14.8
27.5,13.5
27.3,15
31.5,14.9
28.3,15
30.2,16.9
30.7,17.6
30.5,17.2
32.5,17.9
27.8,18.4
28.8,18.1
27.4,16.4
33,16.7
33.7,16.4
34.6,19.7
34.9,19.8
33.9,19.5
35.2,21.4
37,20.4
39.5,21.7
33.1,20.1
34.7,18.5
30.3,18.6
33.6,19.8
29.8,17.7
34.1,18.6
29,18
31.6,16.5
29.4,19
28.1,16.9
32.1,19.5
30.5,17.8
29.2,18.5
29.1,16.9
29.3,15.4
33.9,18
35.1,19.9
34,19.6
31.5,22.2
33.2,23.7
33.5,18.9
36.1,18.1
35.3,19.6
34,19.1
34.7,19
35,20.3
34.7,20.3
39.6,22.1
36.7,21.7
36.3,20.9
34.9,18.6
32,22.4
35.2,20.8
35.7,20.8
37,21.8
33.1,20.6
33.5,21.3
35.8,22
30,21.4
33.1,20.7
29.4,19.6
33.3,20.2
32.5,19.9
36.6,20.6
38.1,20
37.6,23
35.6,21.9
33.4,20.3
34.7,21
37.7,21.2
34.8,20.9
35.1,20.4
36.3,20.1
34.7,20.8
33.2,21.1
36.7,20.4
34.4,21.6
32.8,18.7
31.3,19.4
33.7,18.3
31,17.9
27.1,18.4
30.9,15.4
33.4,17.1
33.9,20.2
33,22.2
35.3,19.9
32.8,20
34.6,21
33.6,20.8
32,20.6
33,17.9
33.3,18.9
33,19.7
25.2,17.2
32.1,15.8
31.8,18.4
27.4,17.8
30.5,19.1
31.8,19.6
36.2,20.3
31.4,19.2
28.9,17.7
28.5,17.4
28.7,16.6
30.5,16.7
30.6,17.5
35.1,20.2
31.9,18.5
32.4,17.3
28.1,16.2
25.4,16.3
27.4,12.7
30,11.5
29.1,12.1
28,13.4
24.7,13.6
27.1,12.8
22.7,13.8
21.1,13
23.3,11.1
24.3,12.1
24.6,13.9
19.1,12.1
20.7,11.1
24.5,10.1
26.5,12.6
27.8,13.4
26.2,13.6
24.2,12.9
26.4,15.1
21.5,14.3
19.1,14.7
23,13.4
24.3,14.3
22,14.6
24.9,13.8
25.1,13.5
26.3,15
25.9,13.5
26.3,16.6
25.1,16.5
25.6,16.3
23.4,18.1
26.6,19.5
28.7,16.4
27.9,14.3
27.9,13.1
28.7,13.7
24.8,15
26.6,14
25.3,14.8
23.7,14.6
22.9,11.1
23,12
24.7,13.8
23.6,13.5
21.9,11
22,10.2
19.8,8.9
20.4,6.4
19.6,6.6
21.9,7.8
21,10.5
20.3,11.9
19.7,9.8
21.1,10.5
22.1,12.1
16.5,9.4
21,12.3
20,12.4
19.1,10.9
20,10.7
13.2,8
15.2,6.6
16.2,2.9
11.8,6.8
15.7,6.4
18.6,6.9
16.2,7.2
16.9,8.2
18.7,5.2
15.1,3.9
14.5,6.6
13.1,4.5
14.6,1.8
13.1,2.3
11.6,1.5
13.6,1
15.3,3.3
13.5,3
15.1,5.6
17,6.1
11.8,8.1
17.8,7.4
11.3,3.1
8.9,0.9
9.3,1.8
10.3,3.6
13.5,8.2
17.4,7.5
14.3,9.6
12,8
14.7,5.8
18.1,4.9
16.2,7.1
18.7,8.7
19.1,7.6
20.1,8.5
19.7,7.7
18.7,6.1
16.7,6
17.5,6.1
15.8,5.5
15.1,4.8
16.4,6.6
16.9,6.2
