20000101
-99,-99
-99,-99
-99,-99
-99,-99
-99,-99
-99,-99
-99,-99
-99,-99
-99,-99
-99,-99
-99,-99
-99,-99
-99,-99
-99,-99
-99,-99
-99,-99
-99,-99
-99,-99
-99,-99
-99,-99
-99,-99
-99,-99
-99,-99
-99,-99
-99,-99
-99,-99
-99,-99
-99,-99
-99,-99
-99,-99
-99,-99
-99,-99
-99,-99
-99,-99
-99,-99
-99,-99
-99,-99
-99,-99
-99,-99
-99,-99
-99,-99
-99,-99
-99,-99
-99,-99
-99,-99
-99,-99
-99,-99
-99,-99
-99,-99
-99,-99
-99,-99
-99,-99
-99,-99
-99,-99
-99,-99
-99,-99
-99,-99
-99,-99
-99,-99
-99,-99
-99,-99
-99,-99
-99,-99
-99,-99
-99,-99
-99,-99
-99,-99
-99,-99
-99,-99
-99,-99
-99,-99
-99,-99
-99,-99
19.2,17
19.6,13.1
21,7.1
20.4,3.6
22.2,5.8
17.3,9.8
14.2,2.6
14.8,3.6
15.6,2.9
14.4,7.6
18,3.1
16.3,3.4
12.7,7.2
14.6,4.8
14.3,3.7
13.9,1.6
16.9,-0.5
17.4,3.9
15.3,2.3
16.7,4.4
19.9,6.6
21.3,6
16.7,7.6
16.8,4.5
15.3,3.1
14.6,3.5
14,8.8
13.1,8.5
17.8,9.5
16.3,5.3
20.5,3.4
23,4.9
16.9,5.3
22.9,9
18.8,8.9
19.1,3.6
19.8,3.8
21.3,5.9
22.5,8.9
26.8,8.2
15,6.1
19.8,2.7
25.3,6
21.6,6.4
18.4,11.3
18.2,5.1
21.6,3.1
22.6,5.1
21.2,4.5
25.1,4.8
27.7,6.8
22.1,8.3
23.2,9.2
23.4,12.8
21.2,14.7
21.7,14.5
19.9,15.2
18.7,8.8
24.8,8.1
22,9
24.5,12
25,9.7
25.2,8.8
26,8.5
25.1,10.9
21,11.5
19.3,14.7
23.2,10.8
23.1,9.4
17.8,13.4
23.1,12.1
25.3,14.8
27.5,12.6
30.5,13.2
22.7,12.7
24.2,10.9
26,11.6
27.1,12.6
25.9,14.3
25.9,13.6
23.9,15.2
29.2,14.9
28.1,13.2
27.6,13.4
24.2,12.8
27.3,12.5
29.5,10.1
26.8,11.3
19.7,12.3
18.9,13.1
22.8,18.2
25.2,16.3
26,16.3
31.9,16.8
34.2,18.6
30,14.2
26.7,12
26.9,13.4
28,12.5
26.5,12.6
25.6,15.1
25.6,18
26.4,18.9
24.6,17
23.9,17.8
28.2,16.9
30.3,15.7
28.8,19.1
29.9,18.1
31,17.3
26.7,19.4
27.3,18
27.8,15.5
25.7,13.4
32.1,13
30.7,13.8
28.3,20
25.1,15.3
25.4,13.4
24.8,13
24.5,13
25.1,14.7
25.2,13.4
24.2,17.7
27.1,17.1
24,13.9
24.9,12
26.7,15.3
26.6,16.4
28.2,15.9
31.3,13.9
28,14.7
28.2,16.3
31.8,15.9
27,15.4
31.9,14
28.4,16.8
28.5,20.3
29.4,15.4
28.2,14.8
31,15.2
28.5,17.5
27.3,16.4
25.5,18.7
27.4,15.5
29,12.9
31,16.2
29,14.4
28.9,15.7
32.2,14.5
30.5,15.6
28.4,19.4
28.9,16.2
31.5,15.9
33.3,18.5
30.9,17.1
34.3,16.4
32,14.5
28.9,18.1
33.3,19.4
28.6,19.8
27.2,13
31,12.2
32.4,17
26.9,15.1
31,18.8
30.7,17.5
27.4,15.5
31.2,13.4
28.9,17.4
27.7,16.2
27.2,13.5
25,16.5
25.9,17.7
27.2,13.2
26.2,9.9
25.2,8.8
28.9,13.9
26.9,10.2
26.6,7.2
28.5,8.2
29.8,9.5
25.6,13.9
28.5,14.1
26.6,14.5
27.2,16.5
27.2,14.8
25.9,13.6
24.7,14.3
25.9,12.1
24.2,8.5
23.9,6.7
28.1,9.5
24.2,9
25.7,12.8
25,15.9
25.9,14
24.8,14.8
28.2,15.2
22.4,14.2
24.2,10.3
22.4,11.3
22.1,9.9
24.6,13.4
24.5,10
26.4,8.9
22.6,14.9
21.8,13.9
23.6,9
20.8,8.4
17.5,9.1
21.4,10.2
17.3,11.6
13.4,11.3
20.1,5.3
15.2,10.6
19.2,9.8
22.9,7.3
21.2,5.9
22.2,7.6
23.6,13.9
21.7,16.2
19.3,15.8
21.6,14.9
21.8,12.1
22.3,9.4
22.7,11.5
22.2,8.7
19.1,6
21.7,10
23.4,7.6
17.6,6.7
18.8,4.5
18.1,7.2
18.3,2.8
17.6,1.8
18.2,0.9
21.4,3.6
17.4,2.5
17.8,-1
16.7,1.3
17,1.5
17.2,-1.3
21.8,10.6
21,11.5
16.1,4
13.7,3.1
15.5,5.2
15.4,6.6
17,4.4
17,0.4
13.7,6.3
16.7,2.5
21,3.1
18.8,6.6
16.5,3.7
18,2.7
20.7,4.1
17.4,6.3
17.9,3.2
16.6,8.8
18.7,9.6
18,11.4
20,11.7
17.3,3.6
13.4,-0.7
18.6,2.5
18.4,9.3
19.4,9.3
22.6,4.6
18.6,1
16.3,-0.2
16.5,0.7
14.7,3.2
17.7,2.5
19.7,3.3
11.9,2.3
14.7,-0.2
15.1,-0.1
16.2,0.3
14.5,0.3
14.9,0.1
15,9.6
14.8,12.5
14.2,8.1
14.4,8.3
16.4,5.3
17.9,8
14.5,4
12.9,2.8
15.9,3.3
10.3,1.6
14.4,-0.6
18.7,-0.6
20,9.9
15,5
17.1,4.5
18,3.4
17,9.3
14.4,3.9
13.5,0.9
12.3,-1.5
13.9,0.2
16,0.3
14.4,7.6
13.9,10.2
10.4,7.9
8.9,7.4
12.2,3
11,1.5
13.6,-0.6
10.6,1
15.2,4
15.1,2.1
13.4,1.9
16.1,4.4
17.6,4.4
15.8,2.9
13.7,2.1
14.1,5
10,6.4
11.8,5.7
12,6.2
13.9,5.5
11.4,5.9
13.1,0.7
16.4,-1.1
19.8,-0.3
17.1,1.4
21.2,2.3
19.3,10.5
19.5,9.8
15.8,2.6
17,1
15.9,4
13.4,1.6
14.9,2.3
11.5,7.3
15.4,3.4
16.5,1.4
16.8,1.2
12.6,6.6
16.8,1.4
19.6,0.7
18.3,0.1
22.6,1.5
17.2,2.2
11.9,8.2
10.4,3.2
11.9,-0.6
14.8,-0.6
12.1,-1.5
14.7,-2.3
20.9,8.2
23.3,10.3
23.8,5.7
19.3,6.7
16.8,6.5
19.4,9.9
16.6,10.8
18.4,5.9
21,9.5
22.6,8.7
16.5,7.6
16.7,5.5
19.2,3.3
21.5,5.1
16.1,3.7
18.7,8.2
17.9,6
21,6.4
20.9,7.5
18,9.6
22.9,9.4
20,8.9
28.7,6.3
20.9,7.2
19.1,4.4
19.6,3.5
17.9,6.5
15.7,6.6
17.4,4.5
22.3,8.9
19.9,4.8
21.7,4.8
18.6,6.1
19.4,5.1
18.2,9.2
22.5,7.7
16,7.3
17.6,5.4
20.5,8
22.8,5.4
17.7,9.5
19,12.1
16.6,6
19.9,6.2
17.3,2.4
20.4,4.3
17.6,10.2
17.2,9.4
16.6,7.1
14.1,5.5
14.9,1.9
17.7,4.2
22,4.3
21.4,6.5
23.4,9.6
19.3,7
19.2,5.3
21.1,6.8
25.3,7.7
17.1,8.9
16.5,2.2
16.7,6.4
17.6,4.4
19.4,6.4
17.5,9.7
18,7.1
21.7,8.1
21.8,8.3
22.5,6.1
21.4,11.4
26.5,12.6
24.1,9.7
25.5,9.7
26.7,10.6
28.1,12.1
30.3,13.4
22.4,12.7
24.3,14.2
26,12.8
27.4,15.4
24.1,14.8
23.3,14.3
24.5,13.3
25.3,11.6
29,13
29.8,14.5
30,12.2
29,13.8
31.9,13.8
29.5,14.4
28.3,15.5
28.2,18.6
28,17.6
26.2,17.8
23.1,13.3
27.8,11.7
24.8,15.2
27.8,14.5
31.7,13.1
24.5,14.5
22.4,14.4
25.4,13.9
25.5,8.9
26.5,13
29,14.1
32.9,14.6
27.5,15.2
25.7,14.8
25.6,16.7
30.3,12.7
27.3,9.7
32.8,10.6
32.8,16
30.5,15
29.8,14.7
27.1,16.3
28.2,17.9
29.6,17.4
29.6,16.3
31,14
30.8,12.6
33.2,19.8
30.1,16.9
26.5,16.2
28.5,17
27.7,21.3
31.4,15.9
25.5,14.1
26.7,13.4
27.3,16
30.5,15.4
26.3,15.4
27.2,19.3
31.8,17.9
33.6,17.2
23.5,14.6
24.5,16
26.2,13.3
25.5,13.3
22.3,11.9
26.8,13.8
26.1,11.1
28,13.7
27,14.7
31.5,15.8
31.5,17.6
32,18.6
30,16.8
30.3,17.6
32.2,17.4
34.9,19.6
32,19.9
34,20.3
33.5,18.1
30.4,20.7
30.1,19.8
28.1,17.3
28.7,15.6
29.5,16.6
28,18.3
28.9,17.5
27.9,18.1
30.2,13.6
28.6,11.5
28.3,13.7
33.8,15.2
32.7,17.4
29.4,19.6
29.6,16.9
32,15.4
28.4,17.2
29.5,18.2
28.2,14.6
32.2,17.1
32.4,14.6
31.3,15.7
31.4,15.9
32,16.4
28.8,19.1
30.4,16
30.7,15.9
30,18.8
26.4,16.7
26.6,18.6
27.9,12.8
29,11.2
25,16
27.3,16.7
28.5,10.9
28.9,15.7
28.7,13.8
28.6,12.5
24.3,17
24.5,10.4
26.3,9.6
24.7,9.3
25.1,15.8
25.8,13.3
27.1,12.2
20.2,14
23.2,7.4
20.9,11.9
24.1,11.2
23.4,12.1
25.7,13
24.1,15.4
17.9,12.8
23.2,13.4
22.6,9.2
21.9,10
23.9,13.3
23.8,14.9
21.9,12.3
23.6,13.2
27.9,14.6
25.7,16.7
24.7,13
23.5,12.2
25.4,15.9
25.2,12.5
23.2,9.3
21.7,9.5
22.9,11.3
23.5,10.6
22.2,10.4
22.5,13.3
24.5,12.5
25.3,10.9
24.9,10
24,8.5
25.3,12.1
25,10.8
22.2,13.2
22,9.4
21.8,6.5
23.1,8.5
23.4,9
22.9,7.8
20.9,5.9
24.1,8.1
24,11.3
23.2,11.1
26.1,8.1
22.8,14.6
20.4,13.9
19.7,5.4
19.7,4.6
19.4,2.8
20.7,5.6
19.1,5.6
21.3,5.8
20.3,4
10.7,5.7
10.3,5.3
13.7,9.1
18.6,10.1
18.5,13.3
13.6,7.4
9.2,5.3
15.8,6.4
14,9.9
16.1,6.8
15,5.3
15.2,2.6
13.4,0
14.1,-2
16.2,3.1
15.4,6.2
17.5,4.6
14.7,2
14.3,1.1
14.6,0.1
17.2,3.1
17.3,4.9
18.1,3.4
15.1,3.6
16.2,2.7
15.9,1.1
19.6,2.7
20.1,4.4
15.2,5.5
15.9,4
14.6,0.5
13.2,-1.2
12.9,-1.6
12.6,-2.8
12.1,-3.6
8.6,-0.7
7.4,2.5
13.8,-2.2
7.5,-3.1
8.8,-0.7
10.4,-1.7
12.2,-4.6
9.7,-3.2
10.5,-4
8.5,-3.5
9.2,-4.8
10.7,-7.9
11,-6.8
13.9,-1.2
14.5,-4.2
13.6,-2.8
12.1,-0.4
9.4,6
9,4
10.1,5.6
11.2,6.7
11,6.1
-99,-99
-99,-99
12.4,11.5
-99,-99
-99,-99
13.1,0
12.9,0.1
13.6,-2.2
13.2,0
15.9,8.8
13.1,6.2
12.3,0.9
11.7,-1.9
12,-4.3
12.8,-3.3
13.9,-0.9
17.2,-3
16.3,3.6
19.9,1.8
16.1,6.5
15.3,2.7
18.3,1.1
15.9,0.2
20.2,2.8
16.3,0
12.4,3.8
14.6,4
16.7,-0.5
19.4,0.4
15.7,2.4
16.6,3.9
12.9,1.5
15.6,7.6
15.3,5.7
15,-0.7
19,2.6
17.9,2.9
19.3,2.3
17.3,-0.7
20.2,2
12.4,3.9
11,2.3
7.8,4.6
9.2,3.1
13.8,3.8
14.3,4.2
13.3,-0.4
11.9,3.1
18.6,3
18.2,2.6
17.5,6
15.8,7.2
16.1,5
17.4,5
14.3,8.1
18.9,8.5
12.3,5.4
14.5,0.8
14.9,0.6
13.5,8.4
15.2,7.9
16.7,8.9
20.6,5.7
20.8,5.9
20.2,3.9
19.5,1.3
19.6,7.3
16.7,6
20,8.6
17.5,6.8
17.7,3.9
18.3,6.9
18.7,5
24.4,6.6
23.6,8.4
24.5,6.5
22.5,12.2
22.8,13.3
15.7,3.3
13.7,1
15.1,-0.6
16.2,1.3
15.3,1.7
13.1,8.1
15,5.9
17.4,5.1
19.4,2.8
15.1,5
12.7,7
17.4,8.3
18.4,5.2
20.6,3.9
15.9,12.2
15.3,10.1
18.6,7.8
11.9,8.1
13.9,8.4
16.9,10.8
18.9,10.2
12.8,9.2
17.4,8.7
18,6
19.1,5.2
21.1,6.3
19.7,7.3
22.1,6.6
20.1,7.8
20.8,5.5
24.7,9.7
25,10.5
27.9,12.5
22.7,13.1
22.3,11.4
21.2,8.5
22.2,7.9
26.5,11
20.2,10.3
15.7,10.2
17.7,7.5
18.9,9.4
19,5.5
15.9,4.4
17.7,9.2
14,12.4
17.7,11
19,10.4
15.7,10.7
19.6,8.8
24.7,7.8
23.7,10.4
24.9,9.6
24.9,9.8
25.3,10.9
21.8,13.5
26.3,12.1
24.9,10.2
27.2,9.7
22.7,16.1
19.9,8.5
22.8,7.4
23.7,10.5
21.1,9.2
19.8,9.5
20.4,8.1
23.2,9.9
22,11.3
26.3,12.1
24,10.5
24.6,12.9
24.7,13.3
24.5,14.4
22.4,10.5
20.2,10.6
20.3,9.7
14.2,11.5
24,10.2
23,9.8
24,9.2
24.8,11.1
26.9,13.5
31.6,14.5
31.2,12.3
32.5,12.1
33.3,12.7
33,12.6
27,15.3
30.9,15.8
27.2,14.7
32.8,16.9
31,18.1
33.2,17.8
31.3,19.8
30,19
31,16.6
28.3,22.2
26.9,16.3
24,15.5
24.9,14.3
27.1,14.7
31.3,18
27.5,16
25.6,15.2
22.5,18
27.2,16.6
27.9,14.8
24.9,16.8
26.7,15
27,14
28.4,13.2
22.8,15.3
21.4,17.8
26.6,17.5
27.2,16.9
31.6,16.2
31.4,16.5
27.7,16.3
30.1,15.9
26.1,16.7
30.3,17.1
31.9,16.3
31,17.4
29,15.9
31,19.6
27.7,17.3
27.7,16.3
30.2,17.1
30.7,18.6
26.2,17.2
22,13.2
27.1,12.6
26.5,14.7
27.2,15.3
30.5,15.4
26.9,17.1
29.2,18.8
26.7,14.9
23.6,13.2
23.2,12.8
25.7,12.6
27.1,12.6
27.8,15.6
27.2,14.1
27.5,17.1
32,15.8
29.6,16.7
25.4,16.1
26.2,18
27.1,16.3
28.5,17.8
24.4,16
27.2,13.7
26.2,16.1
26.9,19
24.2,16.2
20.9,13.8
26.5,12.6
28.4,14.2
28.5,15.9
30,15.9
28.5,19.6
26.9,13.7
29.3,11.9
25.5,14.5
25.5,16.1
26.5,14.1
25.4,13
26.2,16.3
26.3,13.8
26.6,12.4
27.1,15.9
21,14.2
22.4,12
24.5,11.3
25.3,10.6
24.3,12.5
29.2,15.6
28.1,14.3
25.8,14.2
25.3,17.5
23.6,16.5
28.2,14.5
23.4,15.8
22,13.1
23.6,9.2
25.4,5
23.8,13.5
22.3,6.5
21,5.2
23.4,13.9
24.1,10.1
20.2,11.3
22.6,10
26.5,9
23.9,9.7
26.7,7.2
22.8,9.9
20.9,6.4
17,14.2
16.6,13.5
22.8,12.3
23.9,11.1
21.8,8.8
23.6,7.2
21.9,9.7
27.3,10.3
21.3,8
18.6,7
19.1,7.4
23.3,6.4
26.4,15.5
24.5,8.7
22.2,7.6
19.3,8.1
24.6,6.6
22.2,8.5
21.8,7.5
20.8,7.3
19.3,7.1
23.6,7.9
17.9,9.5
21.5,5.8
21.4,6.4
24.1,10
17.1,12.9
17.9,12
17.9,2.7
15.1,10.4
16.3,7.1
23,7.1
24.6,8.6
22.6,6.8
21.3,9.4
21.5,8.6
20.5,8.3
14.1,7.4
18.7,4.6
15.5,0.4
18.5,3
18.1,1
16.6,3.9
18.9,6.3
17,1.6
20.1,5.4
15.4,10.1
12.8,6.3
18.2,4.7
16,-1
15.9,2.6
14.4,4.2
14.9,2.2
12.9,5.4
15.2,6.2
14.1,8.5
15.5,3.1
11.1,3.8
13.8,7.6
13,-0.3
11.8,-2.2
12.6,5.4
12.3,5.6
16.3,2.2
17.6,0.2
15.3,1.6
14.9,5.5
15.8,2.2
14.8,1.2
11,3.6
14,5.6
13.7,9.4
13.3,7.6
16.4,4.7
16.2,4.1
13.4,5.4
14.8,5.3
19.2,2.8
16.6,3.8
16.1,7
18.1,6.3
15.5,4.1
10.6,3
16.8,5.4
12.6,3.2
17.8,3.3
17.4,6.3
13.5,3.3
9.6,4.6
6.3,2
8.5,-1.9
7.6,0.7
10.2,-0.7
11.4,0.8
9.8,-2
8.3,-3.4
11.4,-4.2
14.8,0.3
11.3,-1.9
13.4,-2.1
12.1,-1.1
13.7,-0.3
11.8,-1.2
15.5,0.6
17.5,4.1
15.4,0.9
13.1,6
12.6,8.7
16.4,8.6
15.5,11.3
21,12.9
18.5,8.4
13.2,2.4
9.1,4.7
6.2,1.4
11.6,1.8
14.4,0.2
13.9,0.6
10.4,0.4
11,3.8
11.9,0.1
11.1,-3.5
13.3,-4.6
14.7,-2.4
12.8,0.5
12.4,-2
9.8,5.1
9.6,4.4
9.2,2.2
8.4,1.3
10.9,-3.6
6,0.6
10.2,-2
9.3,-1
10.6,5.2
10.1,5.2
12.8,2.2
14.9,7.4
13.7,7.7
12.8,8.7
12.6,9.4
13.7,7.5
15.1,5.4
14.8,3.2
14.8,5.1
15.9,8.1
18,4.6
19,1.6
18,10
14.2,3.4
16.8,5.1
14.4,1.6
19.8,0.5
18.6,1
15.7,2.9
16.8,3.6
16.3,4.6
14.3,6.7
14.1,1.8
14.7,-1
15.6,-1.2
19.1,1.7
20.3,3.2
17.9,3.1
18.1,1.4
16.2,2.6
18.4,2.8
18.8,0.8
17.1,1
16.5,7.6
13.9,11.6
15.5,10.7
13.7,10.4
19.2,10.1
21,8.8
14.4,7.3
11.8,7
15.1,7.4
19.8,6.7
22.4,8
16.2,3
11.1,2.5
19,7.1
15.5,5.8
16.8,4.5
18.6,4.8
16.1,5.3
15.9,7.7
18.2,8.8
18.4,10.5
22.4,6.4
23,8.4
22.2,8.7
22.1,9.6
20,7.3
18.6,4.9
22.4,4.1
23.8,5.3
25.2,10.1
24.3,11.5
25.6,11.5
24.6,12.7
19.7,8.7
22.8,8.6
21.8,7.2
21.1,10.7
24.3,8.5
23.4,6.4
21.6,9.7
22.1,15.5
21.8,11
23.8,8
26.1,11.3
25.6,11.1
23.6,9.1
24.3,13.6
22.6,16.3
22.8,13.7
22,9.7
23.5,7.4
21.5,12.1
26.6,9.5
25.3,11.6
22.6,13.3
23.7,13.5
25.1,11.9
27.1,12.2
22.6,11.1
17.3,11
18.3,11.3
24.5,15
27.6,13.4
29.7,11.8
26.3,14.3
27.6,13.7
31.6,13.9
25.7,14.2
30.7,12.1
28.4,13.5
22.4,14.3
27.5,14.2
26.7,14.7
26.7,13.7
32.3,16.1
32.3,14.3
31.8,15.8
33.4,14
32.1,14.5
29.7,16.4
34.9,18.6
32.3,16.4
31.8,17.8
28,18.8
33.2,16.6
33.5,16.4
34.9,15.3
34.1,16.1
28.3,11.9
27.7,17.1
28.5,20.1
31.4,20
31.5,17.6
29.3,17
33,16.4
36.9,19
29.6,17.4
26.5,13.2
27.4,16.5
26.3,15.9
27.4,17
26.9,16
30,13.9
30.8,16.2
30.8,17.6
32.8,16.7
33.4,17
33,16.1
33.6,15.7
29.9,15.9
31,18.4
31.2,18.2
27.9,15.5
29.6,15.3
31.4,17.7
29.9,20.4
30,18.5
32,20.4
31.6,18.2
30,17.1
35.6,18
32.9,18.8
30,19.6
31.2,20.3
33.2,20.1
34,17.8
30.4,17.1
32,17.1
35.1,15
32.9,15.5
34.1,15.2
33.1,14.8
35,15.3
32.7,16.2
33,18
29.9,17.2
35.5,17.4
37.3,16.6
36.2,16.5
35.6,16.4
33.8,16.2
32.1,19.2
31.6,18.2
26.2,19.8
29.7,18.2
34.6,15.6
33.6,16
31.2,17.4
32.2,17.2
33.2,18.8
31.2,18.4
33.8,16.4
34.4,19.5
36.3,17.4
33,17.2
33.8,18.2
29.5,14.7
26.1,16.6
27.1,16.2
25.4,15.3
26,11.7
25.6,11.3
27,15.6
26.1,15.3
25.3,14.8
24.4,14
24.1,14.3
27.2,18.4
27.3,12.9
28.7,20.7
29.1,16
24.3,11.1
24.9,8.6
25.9,7.9
27.3,7.8
27.7,8.5
24.7,9.2
27.8,11.3
28.2,12.5
29.9,16.3
25.4,13.9
24.8,13.9
24.3,9.1
24.2,13.7
19.2,14.2
25.2,16.6
24.1,14.9
23.6,12.4
28.5,15.7
28.7,13
24.9,13.8
20.6,14.4
17.1,11.3
19.3,5.8
21.8,4.4
23.7,8.6
24.6,11.4
23.2,8.5
22.9,6.2
24.3,14.5
20.6,13.1
21.4,12.7
19,16.1
18.5,11.8
17,12.1
14.9,11.1
19.2,11.2
20.2,10.9
17,9.9
16.6,9
16.9,5.5
13.1,4.3
14.3,1.7
8.8,3.8
15,7.7
16.2,10.1
16.5,7.9
18,5.9
18.1,8.1
17.9,3.2
19.3,4.6
19.3,3.4
21.2,4.4
19.7,3.4
20.7,4.4
16.9,1.1
12.9,7.6
18.7,10.9
18.1,10.4
18.6,10.7
18.2,7.6
19.2,7.4
16.7,4.1
17,2
17.4,11.9
17.7,4
18.9,2
16.9,2.2
16.9,7.5
19.5,10.5
18.6,9.9
19.2,12.7
17.8,9
17.1,6.7
16.7,5.2
14.8,5.6
14.8,3.6
16.4,0.1
16.7,7.3
14.3,8.9
11.2,6.9
10.9,7.9
15.2,8.7
14.5,8.5
16.2,5.4
12,2.2
12.7,-0.6
12.9,-1.4
10.8,2.3
13.9,-0.2
19.3,2.9
17.9,5.9
20,4.8
13.8,4.9
14.6,1.4
12.6,-0.6
15,7.5
12.4,6.8
15.3,2.4
16,4
10.2,2.7
10.1,4.2
14,3.9
12.8,0.2
12.6,-1.3
13.1,-0.8
12,8
12,1.8
14.1,-0.9
10.4,4.9
10.6,-0.2
11.8,7.3
13.1,-0.4
13.5,-1.7
13.6,-0.1
12.1,-1.7
10.1,-0.6
11.3,-0.6
13.3,3.6
20,5.7
19,3
12.4,3.8
14.2,3.4
15.6,4.8
14.7,2.4
13.9,-0.2
14.3,0.7
9.9,1.8
12.3,6
12.1,4.4
16.1,8.9
15,5.2
9.8,6.9
9.8,4.6
10.8,4.4
12,4.4
9.2,3.2
11.6,1.7
10,-1.2
14,-2.8
18,2.4
15.9,3.8
13.4,5.1
11.5,6.7
10.4,7.1
13.2,5
11.1,6
15.3,7.9
15,7.5
16.9,1.8
14.4,-0.4
17.1,-3.2
18.1,3.9
14.7,0.6
13.5,1.2
16.9,-0.2
8.6,2
13.9,2.3
12.4,2
11.3,0
11.9,-1.8
14,11.1
14,5.2
13.9,2.1
10.3,3.6
9,5.3
9.5,4.2
9,-1.1
10.8,-2.3
8.1,-2.7
7.8,-1.3
11.1,0.4
14.7,-0.6
18.1,2
17.1,5.8
16,5.9
15.2,6.1
13,7.6
15.1,-0.4
11.2,-1
12.6,3.4
14.9,3.4
12.4,8.7
15.5,6.4
17.4,5.4
17.2,4.2
18.2,4.6
15.9,5.6
19.1,3.5
18.6,8.3
16.3,5.4
13.6,2.8
13.2,1.3
14.3,0.4
14,0.6
14.4,-0.2
9.2,4.4
14.4,2.8
14.9,5.7
15.9,10.4
18.6,10.5
19.4,5.1
18,10
19.1,5.7
20.1,4.8
19.6,7.7
15,11.2
14.3,9.2
13.5,7.4
15.3,3.5
15.4,1.5
16.3,2.3
17.2,5.2
18.8,5.2
13.3,6.2
16.3,2.8
12.7,10.9
18.9,9.9
18.6,6.6
16,6.3
21.4,6.1
24.9,6.5
16.8,9.1
20.4,14.5
24.7,11.1
20.8,7.5
21.9,5.8
22.4,7.3
19.3,12.1
13.7,11.4
18.9,5.9
19.2,4.3
18.3,8.1
13.7,12
19.6,11.6
11.6,8.2
16.4,6.7
16.7,4.9
17.8,4
16.5,6.7
16.6,8.2
15.6,8.3
20.1,11.5
22.4,10
21.9,10.2
23.5,8.6
26.1,7.9
22.1,11.6
25.2,8.7
24.6,9.4
28.3,10.2
22.9,7.9
23.1,10.5
21.8,10.4
22.5,8.1
21.6,8.8
19.9,9.6
24.4,8.1
25.2,10.9
24.5,13.1
23.1,11.7
24.3,15.8
26.3,16.1
26.5,15.3
26.3,18
28.6,11.7
30.2,14.3
29.2,12.2
24.9,10.9
25.6,12.8
25.9,11.1
30.1,11.2
26.6,13.7
31.2,16.7
27.5,18.8
26.7,14.6
25.6,14.4
29.4,14.7
32.5,16.8
32,14.3
23.7,14.5
20.9,14.5
26.7,13.3
26.5,14.8
24.9,15.5
27.3,16.8
26.9,16.8
28,15.1
28.5,16.8
31.2,18.8
31.8,18.8
28.3,17.4
29.9,17.4
27.5,18.4
26.8,15.8
32.1,14.1
25.7,16.3
28.8,17.3
31.8,16.2
26.3,13.9
24.4,12.7
24.1,12.3
25.3,15.6
25.3,16.4
26.6,16.3
28.3,15.1
30,14.3
29.6,14.9
28.9,15
26.1,15.8
27.8,16
27.5,17.2
29.3,19.6
29.7,17.2
28.6,19.2
33.2,20.1
32.8,23.3
31.3,23.2
30.7,18.2
29.2,17.6
27.6,16.7
32.6,18.4
30.9,16.7
32,16.2
30.3,18
33.3,19
28.2,18.3
28.9,17.3
29.3,16.4
33.1,16.5
30.6,18.4
29.1,19.7
30.1,19.2
31.3,17.1
30.6,15.5
28,16.2
29.7,14
28.9,15.9
31.2,17
31.8,20
33.9,18
31.8,17.8
28.4,15.6
28.1,14.4
25,13.5
31.4,18.2
28.7,20
27.7,16.9
28.3,18.6
27.9,15.1
27.2,13.9
28,13.5
27.3,15.2
22.8,17.2
25.7,16.8
26.5,17.1
24.6,16.3
29.1,17.2
27.2,17.6
27.9,17.5
27.1,17.9
27.5,14.5
29.1,15.1
28.9,16.6
31.2,17.3
27.5,15.5
28.4,14.1
24.8,17
24,14.9
24.9,13.1
24.8,9
23.8,8.4
28.8,10.4
25.1,15.4
26.2,13.4
28,15.5
27.9,11
27.8,12.4
22.4,14.1
24.3,12.9
27.1,10.5
23.3,7.5
22.6,8.8
24.2,11.7
26.5,11.7
26.7,11.7
25.4,12.1
29,13.4
26.6,14.4
26.1,16.3
25.2,14.3
24.3,16.1
30.5,13.2
26.9,9.1
24.2,8.3
21.3,12.2
21.6,7.7
21.7,6.1
19.9,6.3
21.4,4.7
19.6,8.1
21.5,8.4
27.3,14.5
31.4,15.6
26,13.4
22,9.5
20.6,9.4
25.6,10.9
24.7,12.3
19.7,6.9
19.6,5
24.1,10.7
22.2,4.3
18.7,3.7
17,9.5
16.3,7
19.9,6.2
21.3,7.3
19.2,9.4
21,11.1
20.5,8.1
16.3,9.5
19,5.7
17.9,7.5
13.8,7.1
14.1,6.3
17.3,9
16.6,10.3
12.7,6.2
12.4,3.5
15.6,-1
16.7,0.6
14.8,-1.4
18.3,1.4
17.3,1.4
15.8,-1
15.7,2.2
18.1,0.4
16.3,-1.1
16.7,-0.7
16.1,1
16.8,-1.2
17.3,-1.8
7.9,4.4
48.3,3.3
-99,-99
-99,-99
-99,-99
-99,-99
-99,-99
-99,-99
-99,-99
-99,-99
-99,-99
-99,-99
-99,-99
-99,-99
16.3,9
15.8,8
13.5,7.7
15.6,6.2
15.5,5.7
14.1,4
17.1,2.3
14.2,2
11.1,-1.5
13,-1
16.1,1.1
16.3,-0.7
9.2,-0.9
9.5,5.2
11.7,1.9
10.2,-1.6
10.8,7
13.2,5.8
15.2,1.5
18.4,5
17.2,4
14.7,1.1
12.7,-2.5
13.5,-3.3
17.4,-0.9
14.7,-0.4
13.2,-0.1
13.6,-1.2
14.5,-2.7
12.8,-2.2
10.9,-2.2
16.4,0.1
13,-4.1
11.8,-3.2
13.6,2.4
12.2,-0.6
12.6,-0.5
12.3,5.7
19.6,5.6
17.1,1.6
16.8,3.7
13.6,-0.6
8.6,1.4
4.4,0.8
2.8,-0.2
5.3,-3.5
7.7,-5.2
7.8,3
10.3,1.3
12.4,-0.8
15.5,-1.5
14.9,6.3
14.8,8.2
11.8,0
11.4,-0.9
9.5,2.7
10.6,7.1
10.2,6
13.2,4.3
15.4,3
14.6,-0.7
18,5.8
16.6,3.6
8.3,4.3
8.2,3.5
6.4,2.6
5.7,1.4
7.8,-3.7
11,-1.9
8.1,2
8.7,-0.1
7.7,-4.3
8.3,-3.4
6.2,-1.2
8.6,-2.5
10.1,-3
10.7,-0.9
3.2,-1.4
7.4,-3.3
12.7,-5.9
10.9,-3.5
8.6,0.4
12,-1.9
9.2,3.4
7.2,0.6
10.9,4.1
14.1,-1.7
12,-2.3
9.5,0.2
13.2,-3.2
13.9,-0.7
15.8,-0.9
15.6,3.7
14.8,0.9
15.4,4.3
17.4,1.3
14.5,0.4
14.6,2.1
14.5,3
15.1,11.5
16.9,11.2
17.1,12
15.2,12
19.9,11.5
17.8,8.7
17.3,7.9
19.1,6.5
17.3,7.6
18.4,5.5
18.2,4.2
14.5,4.6
14,9.8
15.7,6.3
17.2,6.4
20.2,6.6
20.4,7.4
13.6,8
11.2,6.9
12.1,7.3
17.6,11.4
20.8,6.3
20,9.7
22.3,3.2
12.4,7.1
14.3,2
17.7,4.5
19.2,8.8
17.2,6.2
17.2,7.4
19.8,6.7
18,7.3
20.7,5.9
16.4,8.4
18.9,5.4
24.6,4.9
20.1,5.5
22.2,6.5
23.2,5.9
29.9,4.7
27.1,9.8
21.5,9.1
23.8,12.8
23.3,12.9
21.8,12.5
23.8,9.6
21.8,7.8
22.6,9.8
19,8.3
21.1,12.9
21.4,10.5
21.3,8.5
21.4,11.1
23.9,11.7
26.8,7.9
20.5,12.3
15.4,11.1
22.5,12.8
24.4,8.4
27.7,10.2
24.3,9.2
23.1,12.8
22.3,10.1
23.9,8.9
24.4,9.3
25.4,8.3
27.8,8.1
26.8,9.7
29.9,10.3
26.3,14.1
25.8,17.8
29.4,17.1
26.4,11.5
24.2,10.9
27.1,17.4
27.2,14.2
29.1,18.8
28.5,19.7
23.1,9.7
22.8,7
23.7,8.4
26.8,11.1
25.2,12.9
22.4,14.2
22.3,15.8
26.7,13.4
29.3,21
30,15.2
30.6,13.6
30.6,14.2
31.1,18.5
30.3,17.7
31.4,17.4
30.9,16.8
31.1,19.4
29.2,17.8
28.9,16.1
28.1,18.6
34.2,19.8
30.1,16.5
28.8,18.1
27.9,20.4
32.1,17.8
29.9,16.5
29.8,17.5
27.4,17.7
26.6,12.9
27.9,19.8
24,16.7
25.2,15.3
28.1,14.6
32.3,15.1
32.6,17.8
31.5,16.8
32.7,15
34.5,15.4
27.6,16
27.1,19.6
30.1,19.6
29.1,15.6
29.3,17
31.8,18.3
31.5,17.2
28.5,18.3
28.2,17
26.8,19.6
29.1,17.9
29.4,16.7
30.6,17.9
29,20.1
27.8,20.4
27.4,19
26.3,16.3
25.7,13.9
29.1,11.8
31.9,22
31.3,14.7
33.1,15.9
31.6,19.6
25.8,15.7
25.3,14.5
26.7,19.7
28.5,16.4
32.6,15.4
28.7,15.7
27.8,15.5
30.7,16.9
26.1,14.9
25.3,14.5
24.8,16.1
26.5,15.2
26.8,12.5
24.2,17.4
27.3,14.9
28.7,12.9
26.4,14.6
27.9,12.8
27.1,15.5
21,14.9
29.3,16.2
27.1,13.5
26.9,12.6
31.6,11.9
28.1,15.9
28.4,17.3
26.5,15.9
27.7,15.2
27.5,17.9
24.7,18
24.5,16.3
25.1,15.2
24.7,14.1
26,14.3
24.8,13.4
25.3,11.8
25.4,15
28.3,13.9
27.9,13.8
27.8,14.5
20.5,15.7
21.3,13.7
20.4,9.6
25.1,7.1
23.9,7.7
22.6,7.5
24,11.1
23.6,12.6
24.7,12.8
23.7,13.3
23.9,10.9
24.8,14.2
21.6,12.9
26.4,12.9
24.1,10.5
20.5,13.1
20,13.2
17.6,12.2
18.6,9.1
20.7,7.5
23,5.1
24,6.1
21.8,7.9
22,14.3
19.6,16.3
17.7,17.7
18,18
19.6,17.3
20.5,15.4
22.4,13.5
21.8,10.8
19.8,17.5
21.7,16
20.3,11.3
25.1,12.7
21.5,11
20.6,11.7
22.1,8.8
23.5,7.3
23.6,9.3
23,14.3
23.4,14.7
23.5,16.1
23.9,13.2
23.1,12.9
21.2,9.2
20.6,8.8
20.8,8.7
19.1,13.3
18.2,6.1
18.6,2.6
18.6,0.7
21.7,1
15.5,11
11.8,11.8
17.4,8.6
19.2,5.6
17.6,11.7
14.8,12.6
17.9,7.9
18.7,7.1
14.4,9.5
14.5,6.7
12.6,2.2
15.6,5.6
15.6,3.9
12.3,1.7
9.3,-0.8
10.4,-0.8
11.5,1.1
10.8,2.1
12,-0.8
12.1,-2.2
12.7,-2.6
13.5,-1.4
13,-2.7
15.3,7.7
15.3,0.2
18.8,-0.2
14.5,3.5
11.9,0.5
15,-0.2
11.3,0.9
13.1,3.4
12.7,0.5
9.6,-3.1
10,-1.2
10.2,-0.2
12.2,-1.2
11.6,-0.3
13.3,-1.2
14.3,-0.8
10.2,0.1
10.4,-3.9
11.4,-5.4
10.9,-3.3
10.4,-3.5
12,-5.1
12.4,-1.4
12.1,-1.8
8.6,-3.4
7.8,0.1
7.9,0
7.8,-3.2
8.6,-3.5
14.9,-0.1
14.1,4
11.7,2.3
11.3,7.6
11.7,-0.9
7,-2.6
9.3,1.3
11.9,6.4
13.8,9
12,6.5
12.5,2.4
11.5,-0.3
13.7,-0.5
12.7,2.4
10.7,4.1
12.7,2.4
11.3,5
10.6,3.3
12.9,5
18,4.4
14.1,1.7
16.8,5.1
12.6,1.8
12.4,-2.8
12.1,0.3
12.5,-2.8
9.4,-3.8
5.1,1.2
4.1,0.4
12.8,4.3
12.4,9.2
18,5.7
14.5,1.2
12.6,0.2
11.3,3.8
11.2,3.1
12.2,-0.7
13.2,-1.1
11.8,-1.2
11.8,-1.7
13.7,0.2
12.9,2.1
11.1,-0.8
11.4,-0.4
12,1.6
12.5,0
15.1,1.5
16.6,5.7
17.8,5.8
13.6,3.9
15.9,5
13.1,1.3
12.3,2.5
12.4,1
12.7,5.9
11.5,-0.1
12.1,-2.2
11.8,-0.6
12.1,1.3
10.9,-2.1
10.8,-2
13.6,-0.3
17.2,1.1
19.6,2.6
13.2,6.5
12.5,7.2
14.5,7.4
15.2,5.8
18.2,3.5
14.6,4.9
12.1,6.5
16.2,8.7
11.8,0.7
13.6,-0.7
14,1
13.6,2.8
14.8,1.7
13.5,9.9
12.2,10.8
16.7,9.6
16.4,8.4
17.1,7.6
16.2,5.3
19.3,9.5
22.2,7.5
17.9,5.6
18.3,9.5
18.2,5.3
17.2,4.8
18.4,5.1
21.1,7.8
20.2,8.8
21.1,10.4
19,9.8
20.8,5
19.7,7
14.8,8.4
17.2,5.8
18.7,5
21.1,7
13.9,9
17.6,4.7
19.6,2.3
20.3,6.5
24.9,4.5
23,13.1
19.5,8
21.4,8.8
20.6,13.4
20.3,8.5
20.9,7.2
21.1,5
20.7,9.1
19.3,8.3
21.4,6.4
24.8,7.2
26.4,11.6
23.6,17.6
22.2,15.9
23.4,14.3
21.9,7
23.6,7
20.1,8.6
21.8,8.6
20.9,9.3
24.6,8.8
24.9,7.3
25.4,9.9
25.5,12.9
20.1,7.5
20.1,9.3
19.2,7.9
21.9,9.2
21.2,11.4
24.1,10.8
25.4,12.3
28.8,13.1
22.7,12.2
25.9,16.6
24,12.8
29.7,10.8
24.5,12.1
30,15.3
24.1,12.3
23.9,10.1
24.3,7.5
27.2,10.7
31.5,11.6
30.4,13.9
29.4,15.3
23.6,16.4
20.9,14
24.9,12.6
23.4,15.6
25.9,9.7
28,10.1
25.7,12.5
26.1,12
23.7,11
22,13.9
22.8,14.5
26.2,14
24.4,13.5
25.8,12.2
26.3,12
26.4,9.5
25.5,9.8
27.2,17.2
27.4,17.4
27.7,17.1
29.2,15.7
26.6,18.5
30,17.9
30.6,16
27.8,16.1
27.5,17
30.2,17.3
28.3,15.8
27.4,15.5
31.8,17.3
33.6,18.4
31.3,19.5
31.2,17.8
32.3,16.2
30.3,13.1
28.5,17.2
28.5,17.5
28.8,19.7
30.6,19.1
29.6,16.5
28.5,16.7
31.7,18.7
28.6,15.4
32.9,18.6
32.8,20.3
29,18.6
29.7,18.4
31.5,16.4
31.5,16.6
30.4,15.8
32.6,17.7
33.1,20.1
33.9,17.5
32.2,15.9
34.7,21.5
32.7,20.3
31.1,17.7
33,17.7
34,15
30.8,19.4
30.6,17.4
33.3,17.4
31.6,18.2
30.5,21.4
28.1,20.7
28,19.7
29.6,17.4
29.5,19.6
29.5,20.4
30.7,19.6
30.8,20.1
30.7,22.2
29.8,16.8
27.9,19.5
22.6,13.8
26.2,13.1
25.1,13.9
22.3,14
27.5,13.1
28.1,16
28.2,13.3
26.9,13.7
27.9,15.6
27.4,15.8
28.1,14.1
27.3,16.3
26.5,17
26.7,15.4
28,15.3
27.4,15.9
26.2,14.6
27.5,16.2
25.9,16.8
26.4,11.5
24.4,9.5
24.6,17.5
29.8,15.5
30.1,16.7
27.6,17.2
23.7,16.9
26.6,19.3
29.6,17.6
26.5,15.8
27.8,15.3
27,14
26.5,16.6
24.1,16.9
20.5,14.7
21,13.8
22.3,11.4
26.1,13.8
26.9,14.1
27,15
14.5,13.3
25.9,11.5
22.7,18.1
21.9,18.9
23.5,17.9
25.5,15
24.1,16.6
25.2,11.8
23.7,10
23.1,12.2
25.8,14.5
25.4,15.8
27.5,13.3
27.8,15.3
21.1,10.3
22.8,9
22.5,9.2
25,9.7
20.6,9.1
20.1,15.7
23.3,18
25.8,13.9
16.7,13.3
21.6,10.7
22.8,8.7
21.2,9
21.3,9.8
21.6,10.3
19.7,13.2
24.4,12.2
21.4,8.7
22.9,10.1
22.5,10.1
26.7,14.5
23.1,10.7
24.1,12.2
24.4,14.9
23.2,16.7
23.9,14.2
28.2,11.8
27.6,11
22.3,10.7
20.7,14.2
18.1,4.8
15.4,4.3
16.2,4.4
19.7,4.8
17.4,2.6
18.8,3.6
20.7,4.6
21.1,7.9
20.6,5.7
19.7,4.3
19.6,8.8
19,5.3
18.1,4
21,1.7
19.6,7.4
17.2,5.6
18.8,3.5
18.3,2.8
16.9,6.2
16.7,4.4
17.8,8.1
22.1,5.9
7.7,4.9
-99,-99
-99,-99
-99,-99
-99,-99
17.4,9.2
15.1,0.5
19.1,-0.8
18.3,7.5
20.6,4.5
17,4.3
22.8,2.4
13.4,10.2
14.1,3.2
16.6,3.3
16.4,0.5
13.2,1.5
12.4,-1.4
14.5,-2.3
12.4,1.8
15.4,-0.7
12.5,3.4
16.4,5.8
17,2.1
11.3,6.7
10,1.5
10.7,0.2
11.9,2.1
8.4,0.3
13.3,4
14.4,2.2
17.8,-0.5
13,-3.2
12,-2.3
12,0.4
12.5,-1
15,-3.2
15.4,0.2
13.5,1
14.5,2.6
14.9,2.4
15.4,1.2
16.6,0.5
15.3,1
16.6,0.4
14.4,0.4
16.4,1.5
17.5,1.9
16.9,4.2
18.8,2.8
15.9,3.4
16.3,2.9
14.4,5.6
15.9,4.2
16.1,3.1
15.5,0.9
21.2,6
17.2,2.9
16.1,2.8
13.7,8.3
12.2,3.9
7.8,-0.9
6.3,-4.2
6.4,-3.9
11,-3.3
11.3,-3.6
11.8,-3.1
12.1,-0.9
12.3,5.5
13.5,2.2
11.3,-1
12.3,2.2
12.2,-0.6
14.5,7.3
13.8,4.4
15.3,1.2
14.6,2.7
16.5,2
17.2,3.9
17.4,2.6
17.2,6.1
15.2,3.2
18.7,4
23.7,1.3
20.7,-1.2
12.6,4
12.5,7.6
15.5,4.1
15.3,1.2
15,3.7
15.3,3.6
14.2,2.7
15.8,6.8
14.1,3.8
16,2.2
15.8,5.8
18.1,5.3
16.6,7.6
19.4,6.1
21.3,6.7
22,6.4
15.9,4.5
17,3
18.1,3.8
14.8,10.4
18.6,9.9
15.2,9.6
19.5,5.4
15.8,0.7
16.3,0.9
21.1,4.8
17.6,5.6
17.4,3.5
20.6,6.2
16.2,3.6
11.7,4.7
8.9,2.6
10.1,5.6
9.8,5.6
15,1.3
11.4,5.7
13.1,5.2
12.8,2.8
14,1.8
14.3,4.5
16.7,7.3
13.9,6.6
13.4,5.6
14.9,5.1
15.2,12.5
14.7,10.3
16,4.5
15.3,7.6
18.6,6.5
18.1,3.5
19.2,4.1
17.3,4.3
17.4,10.5
16.3,10.1
15.1,11.7
13.9,12.3
17.9,12.5
22.1,12.4
23.7,9
24.2,9.2
24.8,8.3
18.7,9.9
18.9,9.6
18.5,7.4
18.7,6.3
21.7,6.7
24.8,6.9
22.5,7.2
21.6,7.7
21.8,10.5
21.4,10.1
20.7,9.6
22.8,7.4
18.6,7.6
18.1,7.5
16.6,6.3
17.1,9.3
21.1,10
22.6,14.1
24.1,14.7
24.3,11
22.8,8.8
29.2,10.5
24.8,11.3
25.3,10.6
30.5,9.5
20.7,9.8
21.7,7.6
21.7,12.6
24.1,11.1
26.2,13
22.8,12.7
25.2,12.3
22.7,11.7
27.4,10.4
27.5,12.5
26.5,12.5
25.7,10.3
22,13.7
19.8,9.4
20.9,7.8
21.4,11.1
25.4,9.3
21.9,14.3
22.2,14.8
23.4,13.6
25.4,15.3
25.8,13.7
25.2,12.9
25.8,13.7
26.1,12
27.6,13.1
27.7,15.4
30.3,15.8
27.6,17.1
28.1,13.7
30.4,15
29.1,14.6
26,14.3
23.9,13
29.2,13.6
24.8,15.7
25.3,15
27.1,17.5
27,14.7
25.7,13.6
25.3,12.3
29.8,12.3
27.3,13.9
25.3,15.9
22.3,13.6
22.9,15.9
24.2,13.8
29.9,15.3
32.4,13.5
26.5,15.5
29.3,16.3
20.3,17
26.2,15.5
26.7,12.5
27.7,14
27.1,13.6
22.3,17.8
25.1,16.1
25,12.7
24.9,15.9
28.8,14.1
24.8,17.7
28.8,13.5
28.1,13
28.8,17.6
31.1,17.1
26.6,14.7
28.3,17.3
27,16.8
25.6,13.6
31.5,18.4
28.2,16.2
26.4,17.4
30.9,14.8
29.4,16.3
31.6,18.4
29.6,18.6
29.8,15.9
28.7,18.4
30.4,15.2
28.8,19.4
29.8,18.4
27.2,15.2
31.5,14.4
28.3,19.5
22.4,17.7
24.2,14.2
26.4,16.5
28.9,16.5
26.5,14.1
26.2,17.4
28.1,17.7
32.6,15.5
32.6,18
24.1,20.1
25.8,18.7
26.8,18
22.3,17.1
23.8,16.9
22.1,14.1
21.7,12.5
23.8,10.9
23.8,16.3
27.7,16
31.5,16.9
28.2,15.6
25.5,17.1
26.2,20.1
28.3,19.7
27.8,12.6
29.9,13.1
25.6,11.3
27.9,12.6
27,18
26.5,14.6
29.2,10.9
29.2,16
24.7,14.5
26,12.3
26.4,11.8
28.4,11
26.4,12.7
25.4,11.8
23.3,16.1
27.8,15.3
28.6,13.4
28.8,12.5
24.3,14.5
23.7,10.3
21.8,8.5
22.5,9.6
23.9,15.8
24.3,12.8
23.5,11
19,15.1
22.3,14.5
18.4,11.2
20.3,6.2
25.3,7.7
25.5,13.5
24.5,11.9
23.1,13.4
22,14.7
24,16.5
25.7,15.5
25.4,13.6
26.1,14.6
22.9,14.8
24.9,12.9
19.5,11.9
20.9,9.7
21.7,9.2
20.9,8.9
20.7,6.6
21.2,8
20.3,9.8
20.8,14.4
23.7,11.6
19.1,6.8
19.5,4.7
18.3,3.3
19.7,3.6
18.5,7
16.5,4.9
13.3,9.5
13.3,9.6
18.5,7.5
21,4.2
19.3,4
17.3,12.3
16,11.9
19.6,5.5
19,5.2
19.1,2.8
19.4,4.5
18.4,5.4
18.6,2.6
20.3,5.2
17.6,-0.5
19.3,7.6
17.6,8.5
16.1,3.2
16.7,5.3
17.5,2.8
15,3.1
9.9,4.8
10.4,-2
11.3,-5.6
12.4,-5.6
12.7,-3.6
17.2,8.8
20.7,11.7
15.5,7.2
16.4,8.7
14.7,8.5
14.7,6.3
16,12.2
15.2,8.2
14.4,2.1
13.6,0.5
15.6,1.6
16.2,0
17.1,4.1
17,5.1
19.8,6.8
15.9,4.4
17.2,5.9
12.2,4.1
15.4,9.8
17.2,4.1
14.8,2.3
13.4,7.8
13.3,0.9
11.8,-1.4
13.4,-2.4
8.3,-2.2
8.8,-1.7
8.6,-2.2
11.4,0.1
11.7,-1.6
11.6,-0.7
12.7,5.5
12.3,8.5
13.3,6
14.9,2.9
12.4,-0.4
14.3,3
13.8,0.5
12.2,-1.6
12.9,-1.8
14,3.4
13.9,0.3
9.6,-2.4
10.7,2.6
12.7,-0.1
12.5,3.4
13.4,7.1
19.3,6.6
18.3,6.1
12.3,5.9
13.2,6.1
16.3,7.8
16.8,7.8
12.1,3.1
12,0
14,5.4
14.1,1.1
13.4,4.9
15.4,2.7
19.7,6.4
18.1,8.2
15.2,4.8
15,4.2
18.6,2.7
18,1.3
14.6,-1.3
18.3,1
15.1,0.1
17.9,-1.2
21,1.8
13.9,-0.9
12.7,1.4
12.8,1.9
11.8,1.8
11.7,4.8
13.3,-1.3
12.2,2.8
15.5,-0.8
17,0
18.8,3.1
14.5,0.1
14.2,0
13.1,-1.5
12.7,-0.5
12.4,-0.3
12.9,-1.1
13.2,2.3
13.3,-0.1
12.6,-0.9
12.8,1.8
12.9,2.9
12.1,7.4
12.9,9.5
15.7,4.6
17.5,3
16.8,2.4
15.4,6.8
15.3,10.3
16.2,11.1
17.9,7.9
14,4.8
18.7,6.6
19,7.9
17.1,6.9
17.5,3.7
11.8,5.7
8.4,4.6
11.9,4
13.2,7.9
16.3,2.9
16.8,4.9
14.4,2.6
19.1,3.7
17.9,5.8
17.3,5.6
16.5,4.4
15.8,4.5
16.6,5.9
21,3.8
14.6,3.8
11.3,8.3
14.1,3.8
12.6,0.3
12.4,6.2
10.9,1
13.6,0.3
18.1,2.4
13.9,5.2
12.6,2.9
14.4,7.5
17.8,7
18.7,7.4
15.1,7.6
19.8,10.8
23.7,12
21.2,14.1
18.6,6.4
19,2.1
15.8,3.8
10.7,6.9
18.3,9.5
23,7.8
25.1,8.7
13.3,7.7
16.5,6.6
20,5.4
17.6,5.2
16.6,4.5
17,2.1
13.8,4.5
16.5,3.7
19.8,3.2
18.4,9.1
17.2,4.6
18.3,3.8
21.1,5.6
21.1,7.3
21.1,8.9
21.9,7.9
21.8,8.7
20.4,7.6
18.7,8.3
17.9,8.3
19.5,4.1
21.3,4.6
23.4,4.8
26,6.1
22.1,8.2
20.3,11.8
21.4,8.3
21.2,5.7
17,12.3
17,11.9
18.2,11
16.6,11.1
20.7,8.6
22.2,9
23.1,13.1
20.8,11.8
21.3,10.9
21.6,11.9
24.5,9.9
24.8,13.9
23.3,10.7
21,11
25.4,9.2
23.2,15.8
17.3,14.1
23.2,11.9
20.2,12.9
20.5,9.7
21.5,12.5
21.9,12.5
20.4,14.3
17.8,12.7
21,11.8
22.9,14.2
22.6,11.9
22.2,13.3
24.1,14.4
22.3,14.5
24.9,9.7
24.9,12.2
22.6,13.7
23.7,13.1
28.8,14.2
22.5,14
21.7,13.2
23.2,11.9
24.2,11.5
23.1,14.2
25.5,12.8
30.8,13.2
29.9,15.3
29.7,16.3
32,13.8
28.1,12.8
27.9,15.1
32.3,16.8
29.2,17.5
30.8,18.9
32,16
30.5,18.1
31,18.4
31.2,16.2
31.6,14.8
22.3,19.5
29.9,13.4
27.8,16.4
27.8,15.7
25,16.5
25,15.2
28.8,13.8
32.2,16.6
26.5,16.9
27.3,15.6
23.8,13.4
27.5,17.1
28.2,13.8
26.5,12.7
28.2,16.7
27,18.4
30.8,14.9
27.6,18.8
26.4,20.2
31.2,16.5
25.9,13.5
25.7,14.5
27.9,16.9
28.1,18.5
29.8,18.8
32.6,17.7
27.9,18.9
33.9,16.5
35.1,14.8
31,17.6
29.7,19.6
33.6,18.6
30.6,20.2
31.6,18.9
30.9,20.1
28.1,17.1
29.8,21.4
27.8,16.1
27.1,14
30.6,18.7
31,20.8
27.2,19.1
27.4,17
25.3,12.9
24.3,13.1
24.8,14.2
30,14.7
27.5,17.4
26,16
27.4,13.3
23.5,16.2
19.2,15.8
25,14.5
26.3,16
26.6,16.1
28.2,13.8
28.5,14.5
27.5,16.5
32.3,14.2
25.9,14.5
29.4,17.6
31.9,14.8
30.8,17.2
27.5,17.8
31.1,17.9
26.7,16.9
24.3,12.7
26.5,10.3
25.5,14.8
27.6,16.4
28.1,14.9
21.2,14.5
22.6,12.9
23.7,13.8
26.2,10
22.2,10.8
22,12.7
24.8,13.7
26.3,16.5
24,13.1
22.3,11.3
20.4,10.9
19.5,10
20,9.2
24.2,9.4
20.8,7.3
22.2,7.2
21.8,4.5
21.5,8
23.1,10.3
21.2,10.2
21.4,12.4
19.5,10.8
19.6,6.9
19.7,3.9
20.2,4.7
25.8,6.8
18,13.5
20.4,15.1
22.9,9.7
21.8,7.5
22.1,14.9
23.8,16.9
24.1,14.1
24.4,12.1
23.2,11
22.7,15.4
17.5,13.2
19.7,12
25.4,11.3
25.7,12.1
17.8,13.4
19.5,11.3
15.9,13
23.2,13
21.4,8.2
19.6,4.9
12.8,8.6
11.5,4
14.9,-0.5
18.1,4
21,13.9
17.6,9.6
17.5,5.3
13.7,5.4
16,6.7
15.2,9.9
16.3,5.8
16.3,6.3
17.4,6.4
19.5,4.2
18.5,7.6
12,8.1
14.4,9.9
15.2,8.3
17.8,2.9
19.3,3.6
17.6,4.6
15,4.5
16.2,7.7
16.4,2.3
17.9,2.8
14.6,7.3
14.7,5.2
12.1,2.8
10.3,5.2
10.2,2.1
10,0.1
12.9,-0.8
11.9,-2.1
11.8,3.9
12,1.6
10.9,0.5
12.7,-2.1
12.5,-0.4
15.3,0.5
14.2,3.8
12.9,6.4
13.7,3.3
10.4,7.5
9.6,4.6
9.5,2.9
11.9,-1.7
12.1,-1.2
8.8,2.7
8.4,2.8
9.4,6.4
15.1,4.8
13.3,8.5
15,6.9
18.3,9.6
21.5,3.1
14.4,-1.1
13.4,-0.7
12.6,-1.2
11.4,-0.5
9,3.1
10.9,9
9.8,7.7
7.6,4.8
15.4,4.8
15.1,10.6
13.6,6.5
10.8,4.6
10.4,2.9
10.8,-1.1
10,-3.1
5.6,2
5.2,-0.8
5.3,-3
6.9,1.8
9,3.1
13.2,1.2
12,-1.7
12.8,-2.4
13.8,2.5
11.1,-1.3
13.1,-0.1
12.6,1.4
11.5,-0.3
19,3.6
10.5,2.6
11.5,-0.5
10.3,-1.8
12,4.9
16.3,9.2
14.6,2.1
11,5.3
12.7,3.1
14,0.1
12.5,2.4
10.9,0
11.9,9.6
13.5,7.9
12.8,6.4
8.9,1.6
15.4,1.1
15.4,7.6
14,4
12.4,4.5
11.1,2.1
14,-0.9
13.1,4.4
8.6,3.9
10.3,2.3
12,3.6
12.3,1.2
9.2,-1.2
9.8,-3.2
14.9,0.8
16.6,6.5
14.8,4.2
10.8,0.7
14.5,0
15.1,2
16,9.6
15.7,7.8
13.6,0.7
14.6,-1.4
20.3,0.1
14.2,0.9
12.8,8.6
14.9,5.5
12.2,8.7
12,7
11.4,-0.3
11.3,7
15.7,7.7
16.2,1.9
13.9,6.2
17.9,8.1
16.1,6.2
15.8,4.6
16.9,1.7
18.2,4
20.3,12.7
17.8,4.6
16,1.5
15.5,1.3
19.9,0.9
16.5,2.7
12.8,2
17.9,0.1
19.3,3.3
15.2,3.4
15,4.4
17.1,3.2
15.4,4.1
12.2,4.6
15.3,6.9
14.8,9.2
12,8.2
13.8,10.3
12.9,8.8
15.2,6.2
18.6,2.7
20.6,7.1
20,4
13.8,7.8
14.7,7.1
16.2,5
14.6,5.8
13.6,8.6
11.8,8.2
20.8,7.6
19.2,4.8
19.5,5.1
18.2,7
16.8,4.1
17.7,4.4
18.1,3.7
17,5.7
20.6,7.9
22.9,16
25.1,7.3
17.5,7
17.4,12.9
15.6,8.6
19,7.4
17,7.4
18,4.4
19,9.6
20.1,11.1
23.9,14.9
25,9.8
23.5,10.5
24.1,14.6
26.1,11.2
22.4,9.5
25.7,10.5
20.6,11.7
20.8,14.3
20,15.8
21.3,13.8
19,12.7
19.6,11.2
21.3,10.1
24.1,7
26.5,10.7
22,10.9
25.5,9.1
26.5,11.2
21.8,14.1
26.3,12.2
26.5,13.6
27.4,14.1
22.4,14.6
24.7,13.8
26.6,14.9
28.3,15.7
26.4,12.3
23.3,12.2
22.7,13.3
26.2,12.1
29.4,14.1
29,15.4
26.6,14.3
23.6,14.6
21.7,12.2
22.5,12.3
25.2,12.4
24,12
28.7,12.5
25.7,14.4
26.4,15.6
25.7,15.1
25.5,16.8
25.7,16.9
30.1,19.1
27.5,17.1
26.7,15
29.7,17.8
27.1,19.5
26.3,17.7
28.3,17.8
26.6,16.3
25.7,11.8
25.4,14.7
28.5,13.8
28.2,14.5
25.8,15.5
31.1,17.9
30.6,18.8
30.6,18.6
31.1,17.1
30.4,18.8
30.8,17.5
29.3,16.8
28.8,17.9
24.8,17.6
25,15.8
23.4,17.5
27,17.5
27.9,16.2
28.2,16.4
29.8,18.9
26.2,19.9
28.4,18.4
29.9,20.2
25.8,18.6
26.5,11.8
27.3,13.1
32.8,15.2
32.8,17
31.3,20.3
30.8,19.1
29.9,17.6
29,17.9
27,14.3
31.5,16.9
28.7,17.8
33.2,15
30.5,21.6
29.4,17
33,17.3
26.7,17.6
24.4,16.6
28.4,14.3
27.8,16
33,17.2
28.5,19.7
30.1,19
28.2,17.4
28.1,17.4
32.2,17.9
31.5,17.2
32.7,18.1
32.4,18.8
27.7,15.6
27.6,17.9
28.2,16.8
30.4,18.5
35.8,16.2
33.2,15.1
30.8,17.1
30.1,17.9
32,19.2
31,17.9
27.4,20
28.5,18.8
28.5,16.7
32.2,16.5
29.8,20.4
29.6,13.6
28.8,11.7
29.7,19.9
28.7,19.8
28.2,18.7
25.6,17.3
27.5,16.5
27.1,9.9
25.7,7.7
25.8,11.4
25.7,9.3
26.7,11.7
28.4,11.9
25.2,13
26.4,14.8
25.6,15.5
20.3,15.2
24,10.5
24.8,10.5
24.5,14.9
23.4,10.4
24.3,11.4
25,13
27.2,17.1
27.4,12.3
29.2,10.9
30,14
25.3,12.5
25.6,11.8
25.9,11.4
25.3,9.3
25.5,10.5
25.2,14.9
27.8,12.3
25.2,10.5
24.7,8.2
26.4,9.6
31.5,12.8
29.3,12.1
25.2,14.8
24.1,12.3
25.4,16.7
28,14.1
25.7,12.2
23.8,14.8
23.3,13.9
19.1,9.4
20.3,4.6
20.2,12.1
18.6,10.8
17.4,1.9
18.5,14.8
18.5,9.6
15.7,8.1
22.6,10.9
23.3,9.3
25.9,15.2
22.3,8.9
21,7
20.1,6.3
20.1,9.8
21.2,8.2
20,10.5
20.3,7.9
15.8,7.2
19.6,5.4
13.8,7.1
14.9,6.3
15.5,4.8
15.4,5.4
14,2.6
13.2,9.7
13.3,6.6
15.6,3.7
18.5,3.7
15.5,5.9
23.3,11.7
20,10.3
20.4,8.1
17.6,7.8
18.8,9
17,8.9
19,7.6
19.2,6.1
20.1,7.2
19,6.3
18.8,3.2
21.1,-0.2
18.9,7.3
16.6,5.5
16.1,5
15.8,8.9
12.3,4.1
12.3,1.2
13.9,-0.4
14.7,3.1
12.2,3.9
15.9,1.7
17.4,2.3
14.9,6.7
17.2,6.2
18.6,2.9
19.9,1.3
19,-0.2
13.3,0.6
9.2,4.1
7,3.4
10.2,-2.2
5.7,-3.7
6.8,-4.1
9.1,-6.3
5.3,1.1
8.3,-6.8
12.1,-6.1
17.9,10.7
14.6,4.9
17,6.6
13.6,6.6
10.5,4.6
12.9,3.1
13.5,4.2
12.7,3.3
21.3,4.2
18.3,10.3
14.5,2
10.3,0.4
9.3,4.9
8.4,1.8
8.6,6
8.7,-0.8
4.5,-1.3
6,3.2
4.9,-1.2
6.9,-0.5
7.9,-2.1
6.2,-4.3
12.5,3.5
15.7,7.5
14.6,1.7
11.4,0.5
12.2,5.6
13.7,1.7
9.3,4.7
11,4.7
14,2.8
11.8,-0.1
12,-0.2
12.2,6.4
11.4,5.2
11.4,4
11.2,-0.3
12,-3.4
11.7,-0.1
12.6,1.4
7.7,3.3
10.3,-0.3
11.3,-1.5
13.8,-4.4
9.4,-2.4
15,3.7
15.7,0
15.5,2.8
10.6,2.2
8,5.4
7.3,2.4
2.7,-2.3
6.9,-1.8
5.5,-3.4
6.1,-3.1
4.5,-4.1
8.2,3
15.5,6.3
13.5,4.3
11.7,7.3
12.3,0.6
13.7,-0.2
17.6,1.1
13.6,2.5
14.8,3.3
19.9,3
16.1,5.2
15.9,4.7
17.6,4.3
18.6,1.9
16.4,1.9
10.4,7.2
15,6.4
13.3,6.5
10.4,-1.8
8.4,-2.2
3.2,-0.1
4.6,0.1
5.9,-2.5
6.6,-5.1
8.7,0.3
11.8,-1.1
14.1,-0.2
13.3,0
15.4,1.4
17.9,-1.2
16.1,-0.3
15.2,4.1
14.8,7.1
16.2,9.7
14.8,10.4
17.6,6.1
15.5,8.7
17.3,11.5
16.6,5.6
18.8,2.9
17.8,7.2
19.2,5.1
15.7,7.2
14.6,4.7
14.8,6.5
17.5,3.2
18.5,4
16,6
14.8,2.6
17.1,3.5
13.8,7.6
13.8,11.6
19.3,6
20.6,5
17.8,5.4
12,5.9
13.4,2.4
15.5,2
16.2,3.3
15.8,4.6
17.6,2.5
18.6,2.7
20.1,3.9
22.8,8.6
23.2,7.1
17.4,7.3
18.2,11.1
22,9.9
24.2,7.5
25.7,12
23.2,8.2
24.6,5.8
25.3,5.6
19.7,7.8
19.7,11.2
16.4,10.6
11.4,8.5
9.8,4.9
18.9,5.4
15.2,7.1
17.3,8.6
21.6,9.3
22.3,7.2
19.8,7.5
20.2,10.9
17.7,10.4
15.2,8.9
17.6,5.4
18.6,5
20.6,10.1
22,10.7
22.6,8.1
22.4,15.7
27.1,13.8
25,11
24.4,9.9
26,8
29,6.9
28.7,8.6
21,10.7
23.2,11.2
22,13
25.6,12.4
25.9,11.6
26.3,12.2
23.7,14.1
26.3,16.8
27.1,14.1
28.1,13.8
29.8,13.1
22.9,13.4
26.8,15.6
29,12.6
23.4,16.4
25.3,16.5
21.9,12.9
21.7,8.7
24.4,10.8
23.7,11.2
25.1,12.1
26,11.3
23.6,12.4
22.8,14.5
24.4,14.8
21.2,14.1
25.6,14.3
27.3,14.1
25,12.8
26.2,10.4
26.6,12
26.5,13
27.6,14.2
30.6,16.5
31.1,18.1
32.2,17.7
29.3,18
31,15.6
26.4,17.9
32.6,18.9
32.9,20.5
33.7,22.1
29.5,17.9
28.6,17.7
30.4,20
28.5,19
30.9,17.9
35.5,17.4
31.4,18.2
32.4,16.6
30.6,17.8
32.1,15.1
33,18
33.7,17.6
31.1,14.1
27.9,16.9
31.1,17.5
28.9,16.6
24.7,18.8
28.5,18.9
30.1,19
29,21.5
33.1,20
30.9,17.8
29.2,20.5
29,20
30.6,17.7
30.6,18.7
26.4,17.8
29.2,16
29.9,18.5
28.8,20.1
30.6,19
29.4,14.4
29,16.4
28.1,17.5
29.8,16.2
28.8,16.7
28,17.1
27.2,18.7
24.5,16.3
23.6,15.3
25.5,13.8
28.5,14.2
25.6,18.6
28.3,18.2
27.8,18.1
31.9,17.8
37,17.4
28.4,17.5
31.4,19
30,18
37.5,18
28.4,20.3
29,21.5
29,18.7
27.9,19.6
26.8,11.8
23.2,11
24.8,16.3
27.8,13.9
27.2,15.4
27.7,14.6
30.6,14.6
28.9,16
24.2,14.3
27,13.4
28.5,15.3
23.7,12.3
26.9,12.9
27.4,19.5
28.1,13.1
27.1,10.6
26.5,14.1
21.5,15.6
21.2,14.9
23.9,12.9
22.2,11.6
19.3,17.6
23.2,14.7
24.3,14
23.2,13.1
21.8,11
19.4,13.3
19,11.5
21.8,12.1
21.6,7.8
23.9,7.9
20.6,12.2
23.4,10.1
26,15.5
25.8,16.3
23,11.9
25.3,8.1
22.2,13.1
22.6,17.9
23,18.4
18.8,14.7
17.7,14.8
17.5,14.3
19.7,12.8
21,11
20.1,7.8
18,5.5
16.1,9.7
15.1,9.4
19,6.4
19.7,3
16.5,5.3
18.6,5.4
18.9,9.6
20.2,12.1
13.8,10.7
17.7,1.3
18.4,-1
20.8,1.7
21.2,1.6
19.3,12.8
20.4,8.9
18.1,7.4
19.5,14.9
23.4,9.6
23.1,9.6
20.9,8.6
17.7,5.9
15.7,8
12.7,5.2
17.2,1.9
16.7,3.4
16.1,4.5
21.2,5.3
19.3,2.3
21,4.3
12.6,7
16.9,2.6
12.6,-1
15.7,3.5
13.2,0.8
13.8,1.4
14.6,-0.4
13.5,3.7
15.2,2.3
13.8,0
12.8,-1.6
10.2,-1.8
10.7,-1.8
11,0.9
7.6,-3.7
8,5.7
13.1,3.7
9.8,1.8
8.9,-1.7
9.7,-2.3
13.1,7.7
18.6,7
22,5.1
22.2,9.2
14.4,5.6
15.4,1
14.3,-0.9
19.4,-0.6
11.7,0.5
10.5,-0.4
6.8,1.4
8.5,-0.8
9.8,-0.8
8.8,0.1
12.6,1.5
12.1,1.7
11.5,-1.3
14.2,4.1
13.9,7.8
10.5,4.1
7.9,4
10.3,4.4
9.8,-3.2
11.2,-1.6
11.8,3.8
11.8,6.8
13,5.1
11.4,5
13.8,-0.4
9.4,2.1
7.5,-0.5
9.3,1.9
11.8,4.3
19.7,3.1
15.4,5.2
14.6,7.4
11.9,0.8
14.5,-0.2
15.2,3.7
18.1,2.3
14.6,0.7
16.2,2.6
13.2,0
11.8,2.2
14.1,-0.4
13.5,3.3
11.9,4.7
6.4,2.8
5.1,-2.9
6.9,-4.6
9.1,-4.7
10.1,-5.7
9,-2.5
9.4,-3.9
11.3,6.2
9.1,5.7
8.5,2.2
9.8,4.9
12.9,0.2
15.3,3.4
16.7,9.1
17.7,3.7
16.1,0.6
17.5,-2
11.9,-1.2
12,1.6
11,-1.1
11.3,4.5
12.2,6.7
13.2,4
17.1,1.7
10.2,2.9
11.2,5.2
14,2.9
10.8,4.1
16.6,3
14.7,-0.6
16.7,7.7
15.5,4.8
16.2,5.3
16.8,9.9
16.3,5.6
20.3,5.3
16.9,3.9
11.6,7.8
11.7,3.5
13.1,7.8
12.9,6.3
9.3,4.2
9.3,4.7
15.8,5.4
14.5,2.8
13.4,0.2
11.3,6.5
12.8,1.4
15.1,1.1
15.1,1.3
12.2,10.8
17.4,9.5
12.8,9.9
13.3,10.5
12.1,9.8
17.7,8.2
20.1,6.4
18.3,12.1
14.3,4.9
14.2,3.3
13.7,2.4
15.2,1
15.7,0.3
16.3,0.9
15,3.8
17.9,7.4
17.3,7.9
16.3,10.3
18.5,8.5
20.8,9.2
19.7,6.9
18.1,7.4
19.1,9.1
20.4,10
22.5,6.7
19.5,4.7
17,6
28.7,7
24.2,10
27.2,14.4
24.3,13.6
23.1,14
20.3,6.8
16.8,4.4
16.8,5.4
19.2,4.3
21.1,3.9
20.7,3.7
17.8,1.3
19,4.8
18.7,6.8
15.9,8.9
18.6,11.9
19.2,12.7
21.8,13
24,11.5
23.5,12.3
17.8,8.4
18.9,7.2
18.7,8.2
21.2,5.4
18,8.2
21.9,6.1
24.4,8.9
21.3,13.1
22.3,12.2
18.3,11.6
21.4,11.6
21.7,10
21.6,10.3
25.8,8.2
23.6,10.2
24,12.4
24.7,10.7
21.9,13.8
25.3,11.3
22,9.8
20.9,9.1
21.7,9.7
23.2,7.9
23.6,8.2
28.4,8.6
28.1,13.2
32,11.8
29.2,14
25.5,12.2
19.8,17
23.5,12.7
27,10
25.1,15
23.1,13.5
20.9,14.5
19.6,11
23.4,12.8
22.1,14.8
21.7,12.8
21.9,11.4
23.2,12.7
19.2,12.7
20.6,12.9
21,12.5
22.7,15.2
24.5,15.7
25,17.2
28.4,14.8
28.1,15.6
25.6,16.8
26.1,17.2
23.7,15.1
24.2,12.3
27.8,12.3
32.6,16.9
30,16.6
26,16.4
28.2,16.3
28.7,15.8
29.7,13.9
30.7,14.6
25.6,13.4
30,19.6
30,20.1
29.6,16.8
27.1,18.4
25.1,16.1
26.9,17.1
30.4,16
26.7,15.2
25.6,15.3
26.6,16
27.9,13.1
26.2,15.8
27.4,15.8
25.3,15.4
27,16.9
25.9,19
25.8,17.8
30.2,16.3
23.9,17
23.2,15.3
23.9,16
25.5,12.7
23.1,13.4
24.5,18.2
25.7,18.2
26.2,17
25.7,15.9
23.5,16.4
25.3,15.8
26.9,15.9
26.5,19.3
27.4,16.3
26.9,16.1
-99,-99
28.7,20.1
29.1,18.1
29.7,18.6
28.2,20.2
31.2,19.3
26.4,17.7
23.8,16.5
26.2,17.5
27.3,13
24.5,11.1
29.8,14.8
29,17.2
26.2,18
29.6,19.2
28.7,19.2
32.4,18.1
28.4,17.5
27.4,18.5
31.8,17.4
34.1,14.5
31.1,15.2
28,14.8
28.3,20.3
28.2,20.5
31.2,15.9
26.3,12.2
24.9,14
25.2,14.3
25.6,14.8
30.7,15.3
27.6,17.2
28.3,20
27.6,18.3
26.1,19
24.9,17.2
25.1,15.6
26.4,12.9
27.8,15.1
31.2,17.5
31.3,16.2
32.1,15.3
31.5,17.3
29.5,16.4
30.3,17.7
25.6,15.4
26.7,14.9
28.5,17.7
21.7,10.9
23.5,9
27.2,12.1
23.6,11
26.8,11.6
24.3,11.9
23,14
25.4,12.3
26.2,11.4
28.2,11.4
26.1,9.7
25.8,9.7
25.3,9.3
25.7,9.2
24.7,7.9
26.4,8.2
31.7,13.3
28.3,13.6
24.8,10.6
21.1,15.8
22,14.7
26.2,10.7
31.7,11.4
32.5,14.1
32.7,12.4
27.1,9.5
24,9.2
20.5,7.3
20.7,6.9
21,6.8
20.7,7.2
21,8.1
18.5,11.5
17,5
18.8,5
20.8,10.6
21.5,13
22,7.1
20.1,3.8
20.5,13.8
16.6,13.6
18.7,12.3
21.3,10
19.8,13.8
23.5,11.3
22.5,11.1
20.8,14.1
16.9,14
15.8,13.5
17.3,13
18.7,13.5
18.4,10.1
19.1,8.4
19.8,8.1
18.1,9.2
19,11.3
16.2,13
17.3,10.5
17,11.3
15.3,12.1
18.2,7.1
16.8,5.9
18.3,4.9
18.3,11.3
15.9,13.1
15.9,14
20.4,13.1
18.8,6.4
17.5,4.7
18.3,5.9
16.2,2.9
13.6,5
18.6,7
17.5,5.3
16.2,3.5
17.4,8.6
15.2,8.4
18.2,6.9
17.1,4.5
16.8,6.8
17.5,4.4
17.4,2.3
15.8,3.7
15.9,3.6
13.9,1.5
15.5,2
12.4,2.4
15.6,3.1
15.5,2.7
15.6,0.9
13.5,6.1
11,3.8
8.5,-1
14.8,1.2
15.6,6.5
18.9,9
16.8,2.2
13.3,3.5
14.7,1.2
13.3,-0.3
14.9,-1.3
15.5,-1
12.6,1.1
15.6,1.1
18.1,4.5
18,3.1
13.9,1.6
13.6,1.7
14.5,0.3
12.1,1.8
16,10.1
16.6,3.9
15.5,2.7
16.4,3.8
15.8,0.2
14.3,-0.3
13.3,0.1
13,-2.2
12.4,-2.1
9.7,-3.1
11.9,3.2
13,2.1
12.9,1.6
13.9,-0.1
18.1,3.6
17.2,4.4
17.2,3.5
16,2.1
15,3.1
16.1,2.2
13.5,-0.2
13.9,2.2
13.2,6.1
6.7,4.4
12.5,0
9.9,-0.3
7.1,-0.8
4.5,-0.4
3.4,-1.5
2.2,-1.7
7.8,-0.1
7.5,2.3
7,0.1
5,-1.9
10.2,-6
8.8,0.5
6.5,-2.4
6.9,-5.5
8.5,-2.7
9.5,3.3
13.5,3.5
15.4,8.9
14.2,1.2
12,-1.7
14.4,0
12.1,6
12,-0.8
16.9,-1.3
22.1,0.1
18.1,4.1
14.8,1.4
21.1,5.5
17.3,4.1
15.1,0
17.4,-1.3
18.1,0.3
21,-0.7
15.8,2
18.6,5.4
13.1,8.6
12.1,1.3
15.3,3.5
13.2,3.5
14.8,8.5
18.7,1.8
22.4,13.8
18,5.5
18.9,1.9
19.8,0.4
15,3.8
18.3,2.2
16.9,3.4
17,2.8
15.6,2.2
14.8,5.7
13.6,8.2
13.6,5.4
16.2,4.1
18.1,4
19,3.6
19,7.3
21.4,4.4
19.4,3.2
22,3.1
25.8,8.2
23.3,7.7
20.8,5.4
17.1,7.9
15.3,9
14.9,11.3
17.2,7.1
19.6,7.8
16.3,2.2
20.1,9.2
19.1,6.5
21.2,5.3
15.7,6.5
15.8,3.5
16.1,9.8
15.7,3.1
16.3,9.3
12.1,6.3
17.7,7
14.8,5.4
16.8,5.6
15.3,5.3
21.2,5.3
14.4,8.7
20.2,7.7
15.9,6.5
21.1,4.4
20.5,11.1
17.1,10.8
17.7,10.4
21.5,9.9
19.2,7.7
20.6,4.1
22.9,3.8
23.2,4.4
23.1,6.3
25.1,7.4
20.3,10.3
20.3,6.9
21.4,7.6
20.1,11.3
21.1,9
21.7,9.3
25.9,11.2
21.9,15.6
22.4,9.7
19.7,9.6
21.3,7.5
19.7,5.8
19.1,12.4
18.3,10.2
17.3,10.8
17.1,10.1
17.4,11.6
26.4,12.1
26.6,13.3
24.9,12.5
20.3,11.6
22.8,13.2
26.2,13.9
25.4,14.1
26.5,13.1
28.1,13.3
28,15.5
25.1,14.3
23.8,14.2
22.8,13.9
27.2,15.6
23.2,14.9
31.6,14.5
25.8,17.6
22.9,14
23.6,14.3
22.5,12.3
21.4,9.8
22.1,12.6
27,12.3
27.5,13.1
30.9,10.9
27.4,15.3
28.2,13.7
24.9,15.8
29.5,15.8
28.2,14.1
27.7,18.9
26.5,13.8
28.2,13.5
30,16.9
30.8,16.5
28.3,17.8
31.4,18.1
26.5,19.1
25.6,17.9
23.3,15.9
24.8,14.2
27.9,12.2
30.7,14.7
24.9,15.8
25,14.6
29.9,14.7
26.5,17.4
28.4,16.1
28.3,16.6
27.3,19.2
24.8,16.7
30.2,15.4
26.5,17.5
25,18.8
29.4,17.8
34.3,14.6
31.5,15.3
27,14.4
25.5,14.8
27.9,21
27.4,22
26.2,11.7
29.9,9.8
30.5,13.2
31.9,15.6
28,16.9
30.4,17
26.1,17.3
26.1,15.3
29.7,15.7
28.9,16.4
29.7,17.4
30,17.6
29.7,17.4
29,16.2
27.1,16.4
28.3,15.1
27.5,14.7
28.3,15.5
30.8,16.1
29.5,16.4
29.3,18.1
28.7,17.6
33.2,15.9
34.3,20.9
28.6,18.8
27.6,16.7
31.5,16.9
34.5,16.7
28.7,20.8
31.8,17.9
36.8,20.5
34.4,20.4
33.6,19
31.7,19.6
29.8,16.2
27.9,13.2
27.1,18
28.4,19.4
22.3,17.7
25.2,16.9
23.9,15.4
23.9,17.1
25.8,20.1
29.1,19.6
29.9,16.8
28.8,16.1
28.3,14.6
24.4,12.7
25,17.2
28.8,16.4
26.4,13.8
26.9,17.4
23.9,16.9
28.6,16.9
25.2,12.1
22.1,11.7
22.7,17.9
22.7,16.8
24.4,16.5
21.3,10.7
24.4,13.5
23.8,17.8
28.5,19.5
26.6,14.7
28,11.1
25.5,8.8
19.9,6.6
21.4,11.7
19,13.5
20.6,12.9
22.5,10.1
23.4,9.1
24.7,10.4
22.1,11.2
20.9,11.3
22.5,12.7
25.1,15.5
26.1,13.8
24.7,15.8
25.8,14.2
23.9,15.9
20.6,12.4
19.8,10.3
23.8,7.6
19.4,8.5
22.2,7.1
23.9,15.9
20.3,14.6
22.1,19.1
20.9,19.7
22.3,14.7
21.5,12.9
21.8,9.8
22.1,10.8
19.4,10.5
21.3,13.8
17.1,7.8
11.4,6.5
17.1,1
14.7,0
13.8,4.6
19.3,3.1
20.9,7.3
19.8,7.1
18.2,8.2
18.5,10.6
15.7,6.7
17,2.9
18.6,2.6
17.3,6.4
17.7,11.4
16.7,9.3
17.6,10.5
15.6,4.4
17.4,12.4
17.5,7.1
15,11.7
17.4,10.5
15.5,11.5
18.4,7.1
17.3,3.7
17.7,4.2
16.2,4.6
18.8,2
19,4.4
16.8,6.7
16.2,8.8
11.4,7.8
10.3,7.8
11.6,6.5
10.7,3.8
9.6,-1.8
13.7,2.8
16.4,2.4
12.6,1.4
13.6,0.3
12.6,0.3
13.7,-2.6
11.3,7.5
12.2,-1.3
13.1,-2.1
9.4,-1.2
8.3,-3.5
15.5,2.8
16.4,3.1
16.8,6.6
16.9,5.6
17.2,4.5
16.1,2.7
12.8,1.6
14.7,5.2
14.8,8.8
15.5,6.4
17.7,1.4
13.9,2.4
13.1,7.8
16.3,5.1
15.7,2.6
15.9,2.6
18.3,0.1
16,3.4
15.2,0.5
10.4,0.6
12.1,7.5
15.3,1.1
21.1,-1
23.9,7.5
20.3,3
16.1,2.5
12.5,-0.2
10.4,5.7
15.8,1.8
14.7,2
13.5,-1.3
9.8,3.1
10.8,1.2
8.7,-1.5
9.1,0.9
10.6,1.5
9.5,-1.8
14.3,5.3
14.3,1.5
12.3,0.9
12.9,-2
10,0.4
11.2,0.4
16.8,-1.3
14.1,-1.1
11.3,-0.5
15.2,2.7
15.9,1.2
16.5,-0.7
20.1,3.2
18.6,4.2
11.9,6.1
10.3,4.9
14.5,-0.1
17.6,0.3
12.9,2.8
8.7,5
6.7,2.8
10.3,3.5
12.3,3
11.9,4.6
12.4,2.2
13.2,5.8
14.4,5.2
14.3,1
13.1,6.1
11.2,7.3
11.7,8.3
13,1.2
12.6,-0.2
11.4,0.4
6.8,4
4.4,0.9
6.4,0.3
8.6,2
9.3,-1.1
10.6,0.7
10.9,2
11.2,6.1
13.9,2.9
14.7,1.2
13.3,0.5
13.2,11.6
12.9,11.4
16.1,9.7
16.9,9.8
17.5,7.3
16.4,6.2
15.9,6.2
14.1,4.7
8.1,2.5
8.3,4.3
12.6,1.8
37.1,-0.6
15.1,9.6
13.1,3.1
13.1,2
15.7,6.6
15.8,3.6
20.8,5.3
15.2,6.7
14.4,6.5
17.5,4.7
16.1,9.2
11.4,10.1
16.7,9.9
16.6,10.2
18.1,6.6
15.7,4.4
10.7,6.1
16.6,4.4
15.1,4.8
14,8.8
10.7,7.9
11.2,7
14.9,4.6
15,4.9
18,2.7
19.1,9.3
24.6,8.4
17.8,8.3
18.1,6.5
22.8,4.5
24.5,6.8
20.6,7.4
26.5,9.4
20.3,8.3
16.4,9.3
18.3,10.6
18.7,6.6
19.3,8.9
20.4,6.7
18.9,6.5
17.1,12.8
19.7,13.2
13.2,7
12.7,7.4
13.8,8.6
19.7,8.1
21.7,5.2
19.2,6
20.8,7.6
22,8.1
22.3,10.2
23.9,6.8
23.2,13.1
22.9,13
22.6,14.4
19.8,14.2
20.4,13.8
21.1,13.8
20.2,11.3
20.2,8.7
17,12.2
14.3,7.1
19.7,7.3
31.5,11.2
17.2,8.4
17.2,9.1
20.2,7
21.9,10.4
21.9,13.8
17.9,10.4
16.1,7.9
-99,-99
20.4,10.8
19.8,8.1
15.5,6.8
18.3,5.6
20.6,11.9
24.5,16.5
24.6,17.6
25.2,11.6
21.2,11.7
25.2,10.3
24.8,9.6
27.8,10.7
21.3,13.8
22.4,10.8
22.4,12.1
25.4,11.8
28.2,15.5
26.5,15.3
31,16.5
25.1,15.4
30.7,14.3
24.6,14.1
24.2,19.8
27.3,13.9
21.5,13.4
22.3,12.9
22.3,13.2
22,14.1
24.6,15
25.9,16.2
27.1,13.7
25.8,12.9
26.6,18.2
26.3,15.2
26.6,16
23.9,13.9
23.8,12.9
24.4,16.8
27.7,17.8
28.2,15.2
30.3,14.1
29.8,17.5
28.5,16.3
29.2,14.8
27.7,15.4
26.3,17.6
28,16.8
27.6,17.6
28.8,17.6
30.9,16
28.9,18
29.7,17.8
29.2,18.6
26.1,16.4
26.2,16.8
27.5,16.6
29.9,17.1
31,18.2
30.1,18.4
33.4,18.6
32.2,19
30.6,18.2
32.7,20.9
28.6,18.4
28.2,17
28.9,17.2
32.9,16.5
33,15.1
28.1,17.2
30,18.1
33.8,17
29.1,19.4
27.9,20.4
27.1,16.1
30.4,16.6
31.6,20.8
30.4,17.2
28.2,15.7
32.8,18.9
32.9,18.1
27.7,14.4
26.9,15
28.5,18.2
30.5,16
28,18
30.8,18.4
28.7,13.7
30.1,14.2
28.1,19
28,17.7
25.3,17
23.7,16.7
26.1,17.4
26.8,17.7
27.2,16.1
29.5,14.8
29.9,18.9
30.7,14.4
28.9,14.6
26.7,11.5
29.2,11.1
27.1,12.9
26.1,12.5
25.4,16.6
23.7,14.1
23.1,14.8
23,13.3
21.8,16.2
24.4,14.7
25.2,12.7
24.9,13.2
20,15.9
21.8,11.3
23.7,14.8
24.6,11.8
26.3,14.5
27.5,13.8
26.4,12.5
25,9.1
25.3,9.1
26.9,10.5
23.9,14.7
27.5,13.2
25,15.4
26.8,15.4
25.1,16.2
23.5,12.2
25,13.4
23,15.2
23.5,20.8
22,15.2
24.5,13.9
23.7,14.2
23.5,12.1
22.5,13.2
22.1,16.7
19,12
12.4,9.8
20.1,5.3
20.1,6.5
21.6,9
20.7,12.4
24.2,12.4
23.5,12.8
22.1,12.9
24.5,12.2
26.6,14.6
27.1,13.7
27.3,17.1
27,13
24.5,10.4
24.8,14.8
23,14.1
25.1,10.7
30.1,13
18,14.8
18.2,13.5
21,9
19.5,4.8
19.7,7.6
19,8.2
17.5,8.1
21.4,8.9
24.7,10.5
23.3,9.6
19.9,7.5
19.2,8.2
19.4,6.3
19.2,13
21.2,16
20.8,11.5
18.8,9
13.5,6.6
14.6,7.6
14.6,10.1
13.7,10.1
15,8.6
10.3,2.3
12.6,2.4
10.4,3.6
9.8,5.5
12.4,8.6
13.6,7.2
9.9,2.6
8.2,0.2
10.3,-1.8
10.6,-0.7
8.2,0.9
12.7,6.3
9.7,3.8
17.4,-1.1
18.3,-2.3
16.8,-0.2
14.2,0
17.8,1.7
12.6,-0.5
11.9,-2.2
11.3,5.4
15.1,1.7
13.2,-0.7
12.6,-0.7
14.9,0.4
14.7,-1.7
14.6,0.3
15,3.5
15.4,4
12.5,6.9
13.3,9.6
13.5,0.9
14.7,-0.2
14.3,0.1
14.8,10.2
16.5,10
14.4,2.8
15.2,1.2
15.1,1.9
14,2.5
11.7,0.3
9.9,-1.5
15,1.2
16.3,4.6
16,4.9
18.6,4.7
15,2.6
13.6,4
14.1,4.4
15.6,5.4
11.4,2.9
12.5,7.2
12.9,8.5
14.4,5.7
13.3,5.9
14.1,1.5
12.6,1.7
17.6,8
16.3,2.6
13.6,6.1
11.1,7.6
12.8,3.8
13.8,0.6
10.9,-0.6
13.9,5.7
15.1,5.4
16.1,9.1
17.1,6.5
14.1,5.7
11.2,1.5
12.2,-0.4
11.5,1.5
12.7,-0.8
10.7,-1
13.9,2.6
14.9,-1.3
13.7,2.3
15.9,1.8
19.1,0.5
14.4,3.4
17.7,1.8
12.8,1.5
15.3,6.9
14.2,3.4
15.5,2.7
18.6,0.4
18.8,9
-99,-99
-99,-99
16.1,0.2
14,4.7
17.5,6
15.9,1.4
12.4,4.6
14.8,2.3
16.5,-0.4
15.7,7
18.8,1
13.1,1.8
13.1,0.6
12,0.6
13.6,0.1
15.1,6
13.3,5.3
14.4,4.9
17.9,7.7
17.3,4.3
15.8,0.2
18.4,-0.2
16.9,0.9
20.6,-0.2
16.3,3.8
16.2,1.8
15.9,2.6
19.7,1.6
23.1,3.1
25.1,12.8
24.2,6.7
19,4.3
19.7,6.5
15.4,4.8
18.1,10.1
17,9.3
13.5,4.1
14.5,0.4
16.8,6.4
13.9,5.9
14.8,4.7
16.5,1.1
15.8,6.2
15,12.2
17,9.3
22.2,6.3
15.7,6.2
14.7,10.4
19.8,11.2
22.6,9.1
21.2,9
24.3,8.2
18.3,12
-99,-99
-99,-99
-99,-99
-99,-99
-99,-99
-99,-99
-99,-99
-99,-99
-99,-99
-99,-99
-99,-99
-99,-99
-99,-99
-99,-99
-99,-99
-99,-99
-99,-99
-99,-99
-99,-99
-99,-99
-99,-99
-99,-99
-99,-99
-99,-99
-99,-99
-99,-99
-99,-99
-99,-99
-99,-99
-99,-99
-99,-99
-99,-99
-99,-99
-99,-99
-99,-99
-99,-99
-99,-99
-99,-99
-99,-99
-99,-99
-99,-99
-99,-99
-99,-99
-99,-99
-99,-99
-99,-99
-99,-99
-99,-99
-99,-99
-99,-99
-99,-99
-99,-99
-99,-99
-99,-99
-99,-99
-99,-99
-99,-99
-99,-99
-99,-99
-99,-99
-99,-99
-99,-99
-99,-99
-99,-99
-99,-99
-99,-99
-99,-99
-99,-99
-99,-99
-99,-99
-99,-99
-99,-99
-99,-99
-99,-99
-99,-99
-99,-99
-99,-99
-99,-99
-99,-99
-99,-99
-99,-99
-99,-99
-99,-99
-99,-99
-99,-99
-99,-99
-99,-99
-99,-99
-99,-99
-99,-99
-99,-99
-99,-99
-99,-99
-99,-99
-99,-99
-99,-99
-99,-99
-99,-99
-99,-99
-99,-99
-99,-99
-99,-99
-99,-99
-99,-99
-99,-99
-99,-99
-99,-99
-99,-99
-99,-99
-99,-99
-99,-99
-99,-99
-99,-99
-99,-99
-99,-99
-99,-99
-99,-99
-99,-99
-99,-99
-99,-99
-99,-99
-99,-99
-99,-99
-99,-99
-99,-99
-99,-99
-99,-99
-99,-99
-99,-99
-99,-99
-99,-99
-99,-99
-99,-99
-99,-99
-99,-99
-99,-99
-99,-99
-99,-99
-99,-99
-99,-99
-99,-99
-99,-99
-99,-99
-99,-99
-99,-99
-99,-99
-99,-99
-99,-99
-99,-99
-99,-99
-99,-99
-99,-99
-99,-99
-99,-99
-99,-99
-99,-99
-99,-99
-99,-99
-99,-99
-99,-99
-99,-99
-99,-99
-99,-99
-99,-99
-99,-99
-99,-99
-99,-99
-99,-99
-99,-99
-99,-99
-99,-99
-99,-99
-99,-99
-99,-99
-99,-99
-99,-99
-99,-99
-99,-99
-99,-99
-99,-99
-99,-99
-99,-99
-99,-99
-99,-99
-99,-99
-99,-99
-99,-99
-99,-99
-99,-99
-99,-99
-99,-99
-99,-99
-99,-99
-99,-99
-99,-99
-99,-99
-99,-99
-99,-99
-99,-99
-99,-99
-99,-99
-99,-99
-99,-99
-99,-99
-99,-99
-99,-99
-99,-99
-99,-99
-99,-99
-99,-99
-99,-99
-99,-99
-99,-99
-99,-99
-99,-99
-99,-99
-99,-99
-99,-99
-99,-99
-99,-99
-99,-99
-99,-99
-99,-99
-99,-99
-99,-99
-99,-99
-99,-99
-99,-99
-99,-99
-99,-99
-99,-99
-99,-99
-99,-99
-99,-99
-99,-99
-99,-99
-99,-99
-99,-99
-99,-99
-99,-99
-99,-99
-99,-99
-99,-99
-99,-99
-99,-99
-99,-99
-99,-99
-99,-99
-99,-99
-99,-99
-99,-99
-99,-99
-99,-99
-99,-99
-99,-99
-99,-99
-99,-99
-99,-99
-99,-99
-99,-99
-99,-99
-99,-99
-99,-99
-99,-99
-99,-99
-99,-99
-99,-99
-99,-99
-99,-99
-99,-99
-99,-99
-99,-99
-99,-99
-99,-99
-99,-99
-99,-99
-99,-99
-99,-99
-99,-99
-99,-99
-99,-99
-99,-99
-99,-99
-99,-99
-99,-99
-99,-99
-99,-99
-99,-99
-99,-99
-99,-99
-99,-99
-99,-99
-99,-99
-99,-99
-99,-99
-99,-99
-99,-99
-99,-99
-99,-99
-99,-99
-99,-99
-99,-99
-99,-99
-99,-99
-99,-99
-99,-99
-99,-99
-99,-99
-99,-99
-99,-99
-99,-99
-99,-99
-99,-99
-99,-99
-99,-99
-99,-99
-99,-99
-99,-99
-99,-99
-99,-99
-99,-99
-99,-99
-99,-99
-99,-99
-99,-99
-99,-99
-99,-99
-99,-99
-99,-99
-99,-99
-99,-99
-99,-99
-99,-99
-99,-99
-99,-99
-99,-99
-99,-99
-99,-99
-99,-99
-99,-99
-99,-99
-99,-99
-99,-99
-99,-99
-99,-99
-99,-99
-99,-99
-99,-99
-99,-99
-99,-99
-99,-99
-99,-99
-99,-99
-99,-99
-99,-99
-99,-99
-99,-99
-99,-99
-99,-99
-99,-99
-99,-99
-99,-99
-99,-99
-99,-99
-99,-99
-99,-99
-99,-99
-99,-99
-99,-99
-99,-99
-99,-99
-99,-99
-99,-99
-99,-99
-99,-99
-99,-99
-99,-99
-99,-99
-99,-99
-99,-99
-99,-99
-99,-99
-99,-99
-99,-99
-99,-99
-99,-99
-99,-99
-99,-99
-99,-99
-99,-99
-99,-99
23.6,15.6
24.4,11.6
22.5,10
26.4,9.6
26.7,13.5
24.9,12.5
19.4,10.4
22.7,15.3
22.8,16.3
25,15.7
21.8,14.5
23.3,16.3
26.8,17
22.4,12.7
19.9,12.1
19.4,11.2
20.9,12
22.9,14
23.6,16.4
25.6,14.1
25.1,12.6
24,14.9
26.4,13.1
24.2,11.5
23.2,10.9
24.9,13.7
24,11.8
24.4,12.6
29.5,12.1
26.1,13.5
29.6,13.5
32.3,10.8
28.2,10.7
30.1,15.4
29.6,15.6
26.4,17.5
26,15.5
25.4,15.4
25.5,15.1
23.3,14.3
24.8,15.8
25.6,14.7
27.3,13.2
27.4,19.3
29.8,14.9
29.4,19.6
30.3,20.1
29.8,16.7
32.3,14.9
27.6,16.3
26.2,13.9
24.7,11.5
28.7,14.2
27.8,16.5
29.4,18.2
32,19.5
33.6,16.7
30.2,18.5
30.1,17.4
31.9,17.5
36.4,18.7
40,16.5
33.5,19.4
28.9,18.6
31,21.7
32.5,19.7
27.9,17
29.1,17.8
30.3,19.6
30.1,20.2
32.4,20.4
30.5,18.7
27.6,18
28,20.1
31.2,20.2
28.9,20.4
32.8,20
32.7,22.1
30.6,23.1
32.2,20.2
29,18.4
25.4,18.7
30.3,17.4
26.8,19
26.8,19.3
27,18.1
26.6,17.2
25.2,17
26.7,17
28.7,15.5
28.2,17.9
30,20.6
33,19
31,20.3
28.4,19.5
29.6,18.7
26.4,17.8
28.2,16.6
26.7,17.6
31.7,17.7
29,21.8
27.8,18.1
25,16.4
25,13.8
27.1,15.4
25.8,16.7
27.4,14.8
28.6,14.6
28,14.6
29.3,16.4
30.8,18.7
27.7,18.4
26.9,14.6
31.2,13.8
31.4,18.1
28,17.7
26.8,16.9
28.2,14.5
29.6,17.5
30,18.2
25.9,17.1
24.9,16.5
20.4,15.4
23.9,15
26.4,17.1
24.1,11.9
24.5,11.2
24.6,10
22.3,12.6
25.2,10.9
28.3,16.9
30.5,16.2
25.7,13.6
26.8,14.9
30.8,20.2
26.4,17.7
24.7,12.4
26.1,12.4
26.6,12.4
23.9,9.9
22.7,9.1
23.5,16
27.3,12.6
25.8,8.8
25,11.4
23.3,10.6
23.7,9.2
18.7,10.5
18.6,14.7
21.4,11.6
20.8,10.2
25.7,11.3
19.3,10
29.9,13.3
24.9,14.4
21.6,14
22.8,14.4
21.9,11
22.3,8.8
20.1,7.8
21.3,16
21,13.5
20,10.3
18.5,8.6
17,4.9
16.4,6.7
19.6,10.1
19.2,10.2
18.2,8.9
16.7,13.1
21.2,7
19.5,6.5
17.8,6.6
19.9,11.1
18.5,11.5
20.8,14
22.7,8.4
21,5.7
20.7,4.7
20.6,5.5
19.8,8.7
18.7,9.5
21.3,13.9
20.8,9.7
20,8.9
22.3,8.7
21.6,8.2
17.7,9.8
21.8,9.3
23.5,9.2
20.1,7
18.5,5.6
18.8,9.6
22,6.6
24.4,3.2
21,3.1
19.9,2.8
23.7,4.3
23.7,5.3
20.7,5.8
14.9,7.6
11.5,5.4
11.2,1.8
14.7,-1.8
13.1,1.6
12.8,9.2
16.2,2
16.6,1.1
16.3,1
17.5,-1.8
16.4,0.4
14.7,-1.1
13.7,-0.4
16.7,3.1
14.9,5.5
16,4.1
16.1,5.8
16.8,5.4
18.3,3.7
13.9,0.3
13.8,0.7
13.7,-0.7
13.3,1.4
13.4,-0.2
13.6,-0.2
17.7,3.5
15,5.1
16.6,3.8
14.2,3.4
15,10.1
16.9,3.9
14.1,-0.3
14.6,2.6
19.3,2.3
15,0.6
14.8,2.6
14,1.9
17.8,2.4
18.5,8
15.4,2.3
17,3.2
16,4.8
14.1,4
11.8,4.3
11.5,6
9.5,4.7
14.2,0.9
14.3,3.6
18.5,6.6
15.1,4.4
20.2,4.4
19.9,4.9
14.8,0.8
12.8,2
11.5,0.1
11.4,6.1
8.8,5.1
12.7,1
9.9,0.4
11.5,0.1
13.5,-0.6
12.6,0.1
13.6,1.4
15.4,3.9
12.8,2.6
14.1,9.8
15.1,10.9
16.2,4.7
19.7,1.7
14.5,4.9
15.8,2.8
13.8,3.5
20.5,3.6
16,0.4
16.9,8.3
15.9,5.8
17.1,0.3
16.6,0.6
14.3,2.4
17.4,0.3
19.3,1.7
12.6,5.5
10.1,6
17.5,7
18.4,5.1
15,7
11.9,6
10.4,3.3
10.6,-0.9
11.1,-1.7
13.5,0.1
14.7,-1.4
16.5,-0.3
16.6,8.3
17.1,4.5
16.2,2.9
17.2,2.8
11.1,3.5
12.8,3.4
11.4,6.2
14.7,6.5
17.7,4.7
17.5,6.2
16.2,2.6
19.5,0.8
14.7,4.9
11.9,4.6
11.6,3.5
12,5.5
10.7,1.7
15,8.2
15.8,8.8
16.2,7.3
16.2,1.3
15.2,1.7
14.5,3.2
11.5,6
9.8,5.8
12.9,5
15,5
13.9,6.2
16.8,6.1
17.9,5.5
17.9,6.4
20.6,5.4
15.9,3.8
21.5,4.5
15.8,7.5
17.1,7.2
16,4
24,4.2
19.6,7.4
15.8,8.4
14.1,8.5
19.7,9.1
19.7,10.1
16.7,11
19.7,12.9
18.4,9.8
15.3,8.6
17.8,7.9
21.3,3.9
22.2,7.9
22.5,6.5
18.8,6.7
25.6,7.1
23.7,6.1
25,8
20.6,8.7
18.5,6.7
19.5,3.8
18.4,5.7
16.1,10.3
18.2,7.4
19.6,8.9
17.3,9.3
18.1,9.1
16.1,8.6
13.9,10.1
18.3,10
16.5,7.4
14,6.7
16.6,8.8
22.3,12.9
23.4,9.4
20.9,7.2
18.2,4.1
17.8,9.9
18.8,11.8
16.4,11.7
15.5,14.9
21.4,10.3
18.8,8.7
20.1,6.3
20.3,11.2
22.6,11.9
24,12.5
21.3,13.8
20,11.4
24.6,8.5
20.1,12.6
22.1,13.2
28,10.5
24.3,12.1
20.5,7.4
24,9.1
25.1,13.2
20.4,12.8
21.8,11.4
22.2,13.2
21.8,13.1
21.1,9.8
20.7,9.5
20.3,13.3
22.4,13.8
25.2,11.4
24.2,14.3
23.4,13.5
24.5,14.9
27.5,14.2
29.6,16.2
31.8,17.2
26.1,16.5
25.1,17.3
24.4,18.1
24.8,16.9
24.4,16.8
22.2,15.7
22.9,11.4
22,10
18.2,12.8
25,14.7
27.6,15.6
29.5,15.1
32,14.2
33.6,13.3
30.3,14.2
28.9,19.1
27.3,19.7
28.9,16
30.2,14.2
31.1,-29.1
27,19.4
29.9,17
28.3,18.3
27.4,19.6
28.5,15.4
31.9,16.3
30.1,20.4
32.8,18.8
29.1,21.2
31.8,20.4
30.3,18.4
32,19
28.8,19.2
25.6,19.3
25.3,17.9
28.8,18
26.6,13.7
28.1,11.3
31,12.1
33.1,11.8
31.3,14.9
28.9,20.2
27.7,20.2
29.7,22.9
32.7,21.3
32.9,20.1
32.1,20.4
30.7,20.5
28.9,19.6
30.5,17.1
35,20.2
30.8,20.4
29.6,21.9
28.4,18.5
30.2,16.6
37.3,18.6
29.1,20.5
31.6,21
30.5,16.1
30.9,13.6
29.7,18.5
28.1,20.2
28.3,18.5
27.6,14.2
28.2,11.2
30.3,12.9
31.3,14.6
26.2,16.8
29.1,15.8
27.8,18.7
27.6,18.1
29.6,20.2
29,21.1
29.8,14.8
28.8,12
30.2,11.8
29,13
28.1,11.9
29.9,13
27.8,16.2
29.5,19.4
29.2,17.3
27.6,14.2
31.6,15
32.5,15.9
30.4,15.6
30.5,16.7
33.8,17.8
32.4,17.6
28.7,15.8
28.4,14
30.1,18.3
28.2,19
31.9,18.2
32.5,15.2
30.6,19.2
24.1,13.8
25.2,12.2
26.6,11.4
23.1,15.3
24.7,11.2
27.2,16.2
26.3,17.3
24.5,14.3
23.5,12.1
24.1,14.2
26.9,13.3
24.6,12
24.7,12.9
26.6,13.1
25.4,11.8
26.3,8.7
26.9,11.2
23.8,13.4
23.3,13.9
21.5,13.8
23.2,12.7
23.9,12.1
19.7,11.2
21.8,10.2
22.1,13.5
21.8,14.6
20.4,14.2
18,11.1
19,9.8
19.8,14.2
19.8,10.8
23.4,10.7
22.8,9.6
20.7,12.7
23.4,12
20.3,14.9
18.5,13.1
19.2,6.4
14.4,5.4
24.9,10.4
22.3,13.1
21.8,15.1
23.8,13.6
22.3,8.6
21.3,6.8
19.1,4
19.2,4.8
18.2,6
23.7,6.6
21.1,7.3
19.9,5.3
19.2,8
23.4,11
13.1,7.4
12.9,4.5
14.3,2.6
18.2,3.6
16.4,4.1
18.6,2.4
17,5.7
16.6,7.1
15,8.2
16,2.3
16.6,2.4
17.2,2.1
18.1,2.2
16.5,10.1
18.8,13
18.9,15.6
19.5,11.4
17.9,11.9
17.4,5.3
14.9,2.6
15.1,2.6
15.7,4.2
14.3,3.2
13.5,6.5
13.5,1.8
14.7,0.3
15.1,-1.4
13,-0.3
15.2,7.3
15.4,12.9
16.8,3.3
16.4,3.1
15.7,1.6
14.3,1.7
14.6,0.3
17.9,-1
18.7,1.1
13.9,-1.4
16.8,0.2
15.1,2.4
15,3.5
13.8,3.5
13.2,1
9.7,-0.1
10.4,8.2
14.5,3.7
14.6,2.4
18,3
17,2.1
16,2
16.1,3
18,2
14.8,-1.4
14.3,-2.9
14.8,-0.2
14.2,1.2
11.8,-0.6
12.1,-1.9
14.5,-0.7
14.9,-1.7
10.6,1.8
11.4,-3.8
11.7,-5.7
15.9,-0.8
13.7,1.2
12.1,3.2
13.2,2.9
14.6,0.2
10.9,4
8.6,-0.7
9.1,5.3
11.7,3.4
5.3,1.2
7.8,-2.3
8.8,-3.9
10.8,5.7
10.6,8.1
7.5,5.4
10.1,6.8
16.1,6.8
6.6,1.3
10.5,0.2
13.9,6
11.8,8.3
14.9,1.6
12.7,0.2
13.9,7
13.7,4.1
17.7,4.5
18.4,5.1
15.2,6.5
16.5,7.1
14.4,9.4
18.1,7.5
11.9,8.4
13,2.3
13.6,1
13.4,1.6
13.8,12.2
13.6,12.6
15.8,11.6
14.3,10.2
14.6,5.4
15.6,4.6
14.2,4.3
14.9,5.3
17.4,4.1
17.9,1.9
17.7,2.8
13.4,2.5
14.7,8.4
15,2.1
14.5,-0.3
18.2,0.7
5.8,3.5
-99,-99
17,2.1
17.1,12.8
14.3,3.6
15.5,3.1
19.4,4.1
17.1,9.2
19,6.6
20.2,4
22.8,4
19.1,4.1
17.4,6
18.6,10.4
21.9,8.6
19.7,4.5
18.4,1.8
18.7,1.7
19,4.3
24.1,7.7
19.2,8.3
16.3,6.9
20.6,10.5
19,7.2
13.9,6.3
16.2,7.2
20.1,5.6
15.6,4.6
17,3.9
21.8,6.4
24.1,3.9
21.2,11.5
15.8,6
17.1,5.5
22,10.9
22.2,8.9
20.3,13.2
22.2,11.8
20.3,6.4
24.3,3.7
23.6,3
23,4.9
21.9,10.7
21.4,9.1
25.2,8.4
24,8.8
21.1,9.5
21.6,8.7
22,7.9
23.5,9.2
17.8,5.3
15.7,1.4
18.1,-0.1
21.1,1.2
22.3,4.7
21.7,6.9
24.2,6.1
15,9.7
13.3,6.2
17.4,2.4
18,3.3
19.3,8.6
16.5,7.1
18.2,6.7
16,11.4
18.2,6.6
18.4,10.3
21.1,10.7
21.7,8.9
23.9,11.3
18.3,9.1
21.9,9.2
23.4,10.6
26.6,9.6
22.1,11.4
24,11.1
26.7,10.4
25.4,11
28,10.1
25.6,11.4
18.4,12.2
19.7,12.2
22.1,10.2
24.6,13.1
25.9,13.3
28,12.7
29.9,12.6
21,16.2
25.6,15.1
29.2,11.2
29.9,10.3
24,11.7
24.7,12.3
26.2,12
24,12.6
28.5,16.3
25.4,14.3
26.9,13.8
26,11.9
23.7,13
23.1,10.4
24.6,16.1
27.9,15
28.6,15.9
31.8,15.9
33.7,17.3
27.2,16
29.9,18.2
34,24.7
34.8,17.6
29.6,15
31.2,15.3
29.9,17.8
26.8,18.2
29.2,19.1
28.2,18.8
32.8,19.6
28,19.7
29.5,19
29.4,16.5
24.6,15.7
23,13
21.9,12.1
24,12.8
27.2,16
29.4,16.2
27.5,15.4
27.7,13.2
27.2,15.5
26.9,18
28.5,17.9
26.7,16.3
30.1,16.7
25.4,18.6
27.7,17.2
28.5,18
31.3,21.5
33.5,21
29.5,17.2
29.3,14.9
30,21.5
30.4,20
27.6,19.2
27.4,17.8
32.4,17.2
28.9,17.9
27.6,17.2
28,19.3
29.2,18.4
28.5,16
28.1,18.3
31.1,18.1
27.2,19.6
27.2,20.3
29.5,20.7
29.6,18.2
31.1,20.8
33.8,19.4
33.1,21.9
32,22.6
32.1,18.9
25.7,20.9
26,13.9
26.6,14.7
26.7,14.3
26.9,16.6
28.2,14.9
31.5,15
28.4,15.5
26.8,17.6
30.7,17.7
35.1,17.4
29.8,21.2
31.4,19.5
28.3,13.1
32.7,11
31.7,17.1
33.6,18.2
32.9,16
28.5,19.3
26.9,20.2
27.7,18.4
27.8,18.4
34.8,19
23,14.1
25.8,14.6
27.5,16.6
25.1,17.3
26.2,15.7
28.2,13.9
26.5,17.4
27.8,14.4
26.1,14.3
23,12.1
23.6,12.8
25.8,11
24,15.6
28.5,12.6
26.4,13.3
17.6,10.1
21.5,8.5
19.9,8.9
20.3,10.6
23.1,9.5
23.4,11.3
21.4,8.9
23.1,9.4
22.6,11.8
27,13.6
25.7,12.1
23.6,13.7
24.6,14
23.4,12.3
25,12.4
21.7,11.6
23,12.5
22.3,16.9
27.1,15.9
23.5,11.7
25.1,9.6
26.7,12.8
20.6,6.1
23.7,5.2
25.9,10.5
24,10.5
25.7,7.2
21.9,10.6
20.4,10.1
21.6,12
26.8,10.6
26.5,10.4
24.8,9.5
26.1,12.7
19.4,15.4
22.4,12.5
23.8,12.1
20.5,12
21.8,12.4
24.5,8.5
22.4,8.1
20,8.1
24.3,7.2
23.7,13.1
23.5,5.9
21.2,9
18.1,4.3
19.7,2.5
19.4,6.1
22.3,10.8
19.2,10.9
17.9,10.4
14.1,9.8
16.7,3.6
15.7,1.2
11.9,3
18.9,5.3
20.4,7.5
20.3,3.4
12.4,8.9
14.7,7.1
17.2,-1.5
14.3,-1.4
20.8,-0.7
19.8,3.6
20.1,-0.8
19.2,2.9
19.2,-0.7
20.3,-0.8
18.8,3.5
16.9,8.7
16.8,9.8
14.1,8.2
13.2,-0.3
13.3,-1.2
11.4,-0.9
11.5,-1.6
9.7,-2.8
6,3.4
12.6,4.7
14.3,1.6
14.1,-1.5
11.4,-3.4
12.4,-1.4
13,-1.7
10.9,2
16.3,1.4
17,2.8
10.3,0.2
11.1,-3.8
14.4,3
10.1,1.6
11.6,1.8
13.4,6.6
10.2,2.3
11.3,4.3
12.4,0.2
15.1,3.2
17.7,2.3
15.5,2.6
13.4,0.1
16.6,0.5
13.1,1.4
14,2.6
11.7,1.1
11.2,-0.8
20.5,-0.4
21.2,0.4
16.2,5.6
14.1,2.5
18.9,4.6
21.4,5.2
17.6,3.3
13.9,2.9
14.8,5.5
13,3.4
15.1,2.9
14.7,3
12.9,6.8
14,2.1
13.7,-2.6
11.2,7.1
13.7,7.2
17.8,0.4
15.6,1.1
13.5,2.9
15.6,1
12.7,4.9
21.9,6.1
16.6,3.8
17.5,6.3
16.9,3.1
16.2,3
10.7,8.1
12.4,8.9
16.3,2.2
14.5,-0.4
12.7,-0.3
13.7,2.6
8.4,1.2
9.2,6.2
13.1,1.4
10.3,-1.1
10.2,4.4
9.7,5.6
9.2,4
7.6,-1.2
8.9,-2.9
9.4,1.8
10.3,-0.2
10,5.3
11.4,-2.2
12.8,0.6
15.9,5.1
15.5,4.2
14.4,8.5
15.2,4.8
14.3,6.8
15.7,8.6
11.2,5.8
9.6,2.6
10.6,-0.5
10.4,-2.7
13.4,5.6
11,1.3
5.3,-4.3
6.2,1
15.2,6.1
15.6,7.5
16.2,5.4
18.1,5
13.8,5.1
13.8,4.9
14.8,4.2
16.6,3.5
18,2.2
24.7,11.5
20.4,11.4
16.6,6.8
15,4
19.3,1.7
21,7.2
15,3.1
15.4,2.9
15,1.9
12.6,1.7
11.1,4.1
11.6,5.6
15.2,5.6
17.2,2.8
8.3,3
14.3,5.3
16.8,4.3
17.4,4.7
17.8,7
16.5,6.9
20.3,3.9
17,2.7
16,2.3
19.5,3.2
20.3,8.7
24.3,11.4
18.7,6.3
20.4,5.2
17.3,9
13.8,10.3
20.2,8
17.6,6.8
14.8,7.5
15.5,6.1
14.9,5.2
15.6,10.4
21.9,9.1
21.7,10.6
22,9.1
22.3,7.2
22.3,9
20.6,6.9
25.4,7.7
25.8,7.7
20.6,9.5
24.2,12.4
24.5,10.5
24.9,12.2
19.1,7.7
22.4,9.9
19.7,6.1
19.4,4.1
18.5,6.9
22.8,4.2
20.3,12.4
21.7,14.1
23.1,11.5
24.1,11
24.9,14.2
22.8,13.3
23.4,13.2
21.8,12.9
24.1,12.6
24.1,8.7
16.9,6.9
16.4,5.9
21.3,10.4
22.1,10.3
23.4,10.8
21.5,8.9
23.3,9.4
23.7,11.2
21.8,9
23.5,12.6
23.7,10.3
28,13
23.1,11.2
24.7,14.2
24.6,12.9
24.7,17.7
27.5,16.1
22.8,13.3
22.2,12.2
23.6,13.9
24.3,13.4
21.5,14.5
23.7,12.3
24.6,13.9
21.9,15.4
22.5,15.1
26.5,12.9
30.2,16.2
24.7,15.2
24.8,16.2
25.2,15.1
27.3,19.2
29.1,19.1
27.6,17.6
29.3,15.4
28.4,17.7
30.5,15.6
29.8,17
28,14.2
29.7,14.3
32.1,18.9
26,14.2
26.2,12.7
26.7,13.8
25.7,14.1
28.7,14.4
27.9,19
28.7,16.8
29.7,14.8
27.3,13.2
27.6,17.9
32.5,17.8
31.6,17.6
31.1,16.5
30.3,19.1
30.8,18.8
31,17.4
32.3,20.2
29.9,20.4
29.4,20.7
26.9,17.1
28.9,15.2
29.2,18.7
33,18
29,18.1
30.4,17.9
29.9,18.1
30.6,17.3
28.6,18.4
27,20.2
27.9,18.5
31.4,16.6
28.3,17.3
33.6,16.4
31,17.6
36.2,19.2
27.8,19.1
30.5,17.7
31.1,20.2
31.6,19.1
34.4,23
33,22.2
34.6,22
39.3,22.3
34.8,21.6
33.3,19.8
33.7,20.8
29.4,20.1
29.5,19.3
26.9,18.2
27.5,17
32.2,17.5
27.2,18.7
29.2,22
30.9,17.8
28.1,14.4
29.9,18
30.6,20.5
33.4,18.2
34.6,20.2
32.3,17.9
30.3,15.4
29.6,16.3
31.8,19.2
27.3,20.4
26.4,15.5
28.5,13.9
32,15.6
29.6,19.7
28,18
26.2,20.4
29,13.4
25.2,14
24.9,14.8
26.4,16.2
25.4,14.2
26.6,16.1
28.7,15
24.7,15.9
25.5,16.9
28.2,16
29.2,15.4
26.6,14.9
32.3,18.4
27.5,18.9
27.2,19.3
29.1,17.9
25.9,15.7
25.4,15.7
27.3,16.7
30.5,13.9
29.4,13.2
26.4,17.4
30.1,15.6
26.6,19.4
24.1,14.1
23.5,10.3
23.4,6.3
27.1,9.2
27.9,15
25.7,12.5
22.4,15.5
24.9,14.9
27.7,18.4
25,10.7
24,8.3
25.3,12.8
21.4,12.2
22,10.1
23.3,14.4
21.5,15.1
27.4,14.3
25.1,14.6
23.3,19.5
23.2,19
20.7,13.8
22.3,12.8
19.4,16.2
21,15.7
22.6,15.8
21.9,14
22.7,10.7
23.1,12
23.4,10.5
28.8,11.1
25.1,10.3
20.4,8.4
14.8,9.5
10.4,4.6
10,4.5
16.3,4.1
15.8,8.2
16.9,6.1
18.3,4.4
18.9,6.1
20,7.3
19.7,11.8
17.8,5
20.2,4.1
19,7.4
17.4,6.8
19.8,4
23.5,8.2
20.1,12.6
20.4,13
20.2,13.3
18.9,14.4
17.8,13.4
14,10.5
14.2,10.2
13.4,7.9
14.9,7.8
14.3,5.9
16.6,3.2
12.5,3.9
16.2,2.6
13.2,1
13.9,5.7
16,3.2
17.7,1.9
16.3,2.5
15.3,5.4
15.5,3.6
18.1,3.1
18.1,3.4
19.5,4.1
16.9,3.8
19.4,5.2
15.6,5.6
16.4,3.5
17.2,1.5
14.5,5
14.4,1.1
14.5,0.7
11.9,7.5
14.4,3.6
13.7,1.3
10.9,6.4
15.9,2.9
15.4,0.4
15.6,4.2
14.6,1.7
13.7,-1.1
18.6,1.7
19,3.9
20.7,3.2
14.8,2.5
14,3
13.1,1.6
13.5,0.6
15,-0.1
20.7,-1.1
21.1,7.8
14.1,0.7
16.8,1.2
15.5,4.7
11,-0.5
19.3,-2
19.2,6.1
12.8,-0.2
13.5,-2.3
13.7,5.3
8.5,4.3
10.4,3.9
14.4,0.9
16.5,0.5
19.3,2.5
14.8,1.8
12.1,-0.8
14.9,2.3
12,2.9
12.8,0.3
9.7,1.5
11.8,4.7
11.6,-0.9
8.9,1.7
10.4,3.5
15.6,6.2
16.9,4.5
13.8,2.7
10.2,0
9.5,0.9
12.1,-0.1
14.5,1.1
18.8,6.2
10.8,5.7
10.2,5.8
14.4,3.5
15.9,4.4
15.6,1.4
14.3,0.2
15.1,4
16.9,3.5
15.8,6.4
15.5,9.4
17.9,0.4
13.7,-1.9
16.8,-0.9
17.3,-1.7
14.5,-1.7
16.8,-1.6
15.9,-0.5
14.2,9.1
15.7,2.6
15.1,-0.2
24.3,1
18.5,5.2
15.1,2.9
15.2,0.4
19,0.5
16.6,-0.4
20.4,0.7
18.3,3.5
17.8,6.4
18.8,2.5
18.9,7.8
19,9.1
18.5,10.5
16.4,5.6
17,1.3
18.9,2.2
21.1,3.8
19.5,9
20.8,4.2
17.6,6.9
16.2,5.4
19.5,3.1
19.1,2.5
21.1,3.6
16.7,10.3
14.7,9.1
16.4,6.8
16.6,2.9
19.5,1.9
23.1,2.7
20.8,5.6
22.1,7.5
18.6,11.3
19.9,5.3
16.5,2.2
17.8,1.2
16.6,0.3
15.6,2.6
16.9,5.7
15.9,4.3
14.5,6.3
13.1,3
17.8,0.6
17.9,5.5
16.7,3.1
16.1,3.6
16.7,7.4
19.4,6.6
17,12.9
21.2,8.3
19.9,5.4
14.5,4.6
15.5,5.4
17,8.9
18.7,5
17.6,9.2
19.2,8.8
19.2,6.6
17.5,12
17.3,12.7
20,12.5
19.4,12.6
21.1,7.9
17.3,5.3
18.4,8
19,8.5
19.3,8.9
19.5,8.1
22.3,8.3
19,12.9
13.9,10.4
20.1,7.1
17.7,7.5
19,7.9
21.4,4.6
26.9,10.4
21.4,8
20.3,9.9
20.2,13.2
22.2,14.2
24.3,8.8
19.5,6.7
17.8,6.6
24.6,4.3
14.9,10
16.2,9.2
18.9,5.9
21.1,10.1
22.4,10
25.6,10.5
22.2,10.1
20.5,14.2
-99,-99
-99,-99
26.2,14.6
23,12.1
23.4,14.5
26.9,13.9
25.7,11.9
26.2,9.4
29.7,9.7
24,10.8
30.5,10.5
25.1,11.8
23.3,9.3
28.9,11.4
24.5,11.4
25.4,11.8
28.3,18
18.1,11.2
20.8,8.3
22.6,9.7
27.4,11.6
25.6,11.8
26.8,14.2
26.9,12
32.3,11.7
27.4,15.7
27.4,16.2
29.4,15.6
26.1,16.2
26.8,14.4
26.9,14
30.4,15.3
29.4,15.2
29.4,15.1
34.3,15.4
31,18
30.8,-25.1
27.6,21
29.9,19.5
30.5,19.2
30.3,16.3
32.9,16.2
30.2,18.6
31.8,21.3
31.1,21.4
29.6,19.3
29.9,19
29.8,18.1
30.9,18.8
32.5,20.7
28.9,18.2
31.9,23.9
29.8,17.4
29.2,17.4
29.5,18.9
29.1,16.1
29.8,17.8
27.5,19.3
32.3,19.2
29,17.9
29.5,19.8
32.3,17.5
29.8,19.4
26.8,17.1
29.3,14.9
28.9,13.7
29.3,18.1
27.2,17.6
29.4,16
33.9,16.3
31.1,18.1
31,17.5
30.9,17.3
27.8,18.3
30.9,21.3
32.3,20.6
35.7,20.2
32.5,21.1
29.8,19.4
27.4,18.3
28.9,19.1
28.5,15.2
28.3,14.8
28.4,19.6
33.4,16.6
33.8,17.3
28.6,20.7
27.1,16.2
29,17.4
32.3,16
29.4,14.1
27.7,14.7
26.7,14.5
30.2,14.3
28.1,16.8
29.5,18
31.3,16.1
31.8,18.7
28.4,17.2
29.6,18.7
27.3,15.9
29.8,14
29.9,10
26.5,19.7
26.4,18
27.4,14.4
25.4,14.2
22.9,16.1
18.7,12.8
25.9,15.3
28.3,13.3
28.1,11.7
28.9,16.1
26.7,14.8
26.3,13.4
28.8,14.7
28.4,15.8
25.6,14.1
25.1,14.6
20.6,17.3
24.7,15.2
24.2,15.1
24.9,12.9
24.7,13.9
24.2,13.9
25,14
25.3,13.4
24.1,11.2
25.8,12.9
25.3,13
24.5,15.6
25.5,12
24.4,9.5
23.9,12.6
23.7,12.7
24.9,10.6
26.6,10.2
22.5,11.3
23.1,10.5
24.9,8.2
25,12.9
25.1,15.7
23.9,15.6
22.3,10.1
25.3,7.9
26.2,7.2
21.8,9.2
27.6,11.1
26.7,14.4
17.7,11.8
19.8,13.2
19.5,11
20.6,8
23.8,8.5
22,7.7
21.2,9.8
19.4,11.2
20.8,10.2
23.7,9.1
22.2,12.3
20,9.1
20.7,11.7
18.8,8.9
19,6.8
16.8,7
18,5.5
16,5.7
14.6,5.1
15.4,2.4
13.8,8.5
16.4,9
17,5.4
14.8,4.1
10.5,1.6
10.9,0.7
12.1,0
12.9,0.7
11.8,4
13.2,-0.7
15.2,-1.8
16.6,0.3
15.9,1.5
16.7,10.1
17,4.3
17.3,2.6
16.4,2.1
18.8,9.4
17.1,6.1
18.2,6.7
17,7.8
15.2,4.1
15.4,3.8
11.9,2.3
13.4,8.9
12.2,9
15.4,3.8
15.5,1.8
15,2
15.4,3.6
16,1.9
12,0.6
13.5,4.4
17.3,5
15.9,3.9
16.3,2.7
14.4,2.1
17.2,9.1
17.3,8.8
17.2,6.2
20,9.9
19.7,7.3
18.6,5.4
16.1,3.2
19.4,3.2
20.2,4.4
17.1,2.5
16.4,4.4
14.2,3.4
12.3,1.5
12.8,1.1
14.7,2.5
12.6,1.1
13.2,0.4
13.1,0.3
16.8,3.1
16.4,2.8
14.6,1
16.1,0.2
15.9,2.8
15.9,-1.1
14.2,8.2
13.1,0.4
12.9,-2.7
12.1,-1.9
13.7,-1
15.3,2.6
14.8,1.7
15.3,3
12.6,2.9
10.8,6.8
8.8,4.2
12.8,5
14.1,12.1
16.5,6.3
12.9,3.3
13.8,3.8
14.4,4
12.5,2.6
15.1,1.7
15.7,3.4
13.5,6.9
18.7,6.6
18.6,5
20.7,5.1
23.9,7.2
15.9,7.5
16.3,2.9
16.5,-0.2
15.2,1
14.4,4.9
16.4,3.2
18.8,6.1
14.9,5.1
11.5,8.3
14,6.9
16.1,6
13.3,5.1
16.6,10.1
15.9,7.5
15.4,9.8
15.8,3.6
14.8,2.3
18.1,3.9
15.3,2.1
18.4,2
19.3,2.3
16.4,2.1
16.5,4.1
17.6,3.9
16.1,7.1
21.1,10.9
17.9,8.7
17.6,7.7
13.5,2.4
13.8,4.5
17.6,6.4
13.8,5.3
14.7,8.1
15.7,2.6
15.7,6.3
15.4,6.6
20.3,4.4
17.4,5.3
18.9,8.2
18.3,9.3
17.6,8.7
14.1,11.3
15.3,9
16.8,6.3
15.6,3.2
16.8,3.2
16,2.8
16.4,8.6
15.2,10.9
13.1,9.3
12.8,4.2
10,1.6
14.9,2
17,8.1
20.4,6.7
10.6,7
12.8,7.6
11.8,8.7
12.6,4.5
18.9,3.4
18.6,2.2
19.6,2.1
18.9,2.3
19.8,5.5
20.4,7.2
19.2,5.4
20.6,3.8
22.1,5.3
21.1,5.2
13.6,7
19.9,8.1
17.3,5.8
18.3,10.8
19.1,11.4
19.6,10.6
18,14.7
16.8,14.1
14.6,13
13.9,11.8
21.2,10.8
23,8.8
21.1,8
21.2,9.3
22.1,10.2
19.8,9.6
21.4,8.2
21.4,10.8
22.1,8.7
24.8,11.1
25.9,12.4
26.8,11.2
23.7,13.2
26.7,12.9
24.1,13
25,11
20.4,10.3
20.6,14.3
22.3,11.5
20.1,9.8
23.3,13.4
19.5,12.4
21.2,11.3
21.6,12.6
25.6,12.5
27.1,11.2
28.2,12
30.5,12.5
30.6,13
26.9,12.2
25.8,12.4
26.7,13.2
26.1,10.9
27.2,11
26.4,11.9
26.5,11.9
25.8,10.7
23.1,14.1
26.5,12
26.5,16.1
24.4,15.3
25.6,13.9
21.6,12.1
24.5,10.8
22.7,12.4
21.4,13.1
21.6,11
22.6,10
23.9,11
23.3,12.9
27.8,13.9
25.7,12
24.7,13.1
24.4,14.8
21.5,14
22.9,12.4
21.8,13.1
23.6,11.8
26.9,14.1
30,15.9
30.1,18
28.3,17.4
30.6,15.4
25.5,16.6
30.9,16.9
29.5,16.5
29.3,18.7
27.7,18.7
28.2,21.1
29.4,20.5
29.7,17.7
24.5,16.7
29.5,16.7
30.5,15.4
30.2,18.2
31.3,18.8
29.1,15
30.4,15.8
27.8,16.9
31.2,18.7
28.3,18.1
30,17.9
29,15.5
26.2,16.6
27.8,20.2
30.3,19.4
29.4,15.3
28,14.7
32.6,16.3
31.6,16.8
31.6,18.8
31.2,18.4
32.2,19.3
29.9,17.8
29.8,17.9
33.8,17.2
29.8,19.5
32.5,18.1
33.4,17.2
34.5,16.8
35.1,19.7
31.9,21.9
29.5,21.3
30.4,19.3
30.6,16.1
29,12.3
30.3,14.3
30.5,18.3
29.8,19.5
33.6,19.7
31.6,19.9
31.8,19.2
29.4,18.9
30.3,19.2
32.4,16.8
29.8,18.6
28.5,16.9
28.3,17.6
35.1,16.2
34.6,17.6
30.1,19.6
32.5,23.4
31.7,22.7
31,18.2
29.6,15.2
29.1,17.1
32.4,17.6
30.1,16.7
23.7,14.4
25.9,11.9
27.4,12.2
25.6,12.2
27.7,14
28.6,12.9
27.9,11.6
27.4,17.7
25.4,15.7
25,16
26.1,16.1
25.5,16.4
27.9,15
30.8,17.6
31.4,16.1
31.4,15.3
27.3,13.4
26.5,12.9
27,17.2
29.1,14.6
27.7,17.2
29.1,16.2
27.8,14.8
25.3,14.6
25.2,14
24.8,13.4
27.2,14.4
21.7,10.4
20.4,10.8
18.5,10.3
22.1,9.5
21.1,8.7
21.8,9.1
23.8,10.5
22.7,9.6
19.8,7.2
21.6,5
20.2,6.8
22.6,8.4
22.2,12.7
24.8,11.6
22.6,13.4
20.5,14.1
17.2,12.3
19.3,11.5
19.9,7.2
16.4,7.4
16.5,5.5
19.2,4.9
18.3,4.2
17.9,3
21.7,5.5
22,14.3
23.7,14.2
19.5,15.3
25.7,14.7
20.2,8.3
18.2,5.4
17.1,5.8
18.3,3.6
21.5,7.4
19.8,9.1
21.1,5.5
17.6,4.7
17.8,5.9
19.1,11
19.9,9.6
17.3,7
17.5,7
17.9,11
18.1,12.6
19.8,7.7
19.7,5
20,6.3
21,5.4
18.3,6.1
17.4,8.6
21.7,8.6
20.5,7.3
17.5,10.4
19.5,4.3
17.5,3
21.7,4.1
14.9,6.8
13.8,-0.6
14.2,-2.2
14.4,-0.1
14.9,-0.1
17.8,2.5
15.3,11.4
15.9,12.1
15.5,11.1
19,5.8
13.8,4.7
13.6,7.7
12.4,3.3
12.7,0.3
11.3,0
10.7,0.2
11.9,-0.1
10.1,-0.8
12.5,2.9
12.6,0.8
12.9,-0.1
13.8,1.7
14.1,6.9
14,3.7
14.4,2.2
19.6,7.5
18.4,3
14.8,5.7
17.5,11
16.9,9.7
15.5,5.7
13.9,1.5
16.6,3.8
13.9,4.2
13,3.5
9,2.9
10.4,-0.9
11.8,-3.4
13.6,-0.1
12.6,-1.4
12.5,-0.3
11.4,-1
12,2
7.3,1.5
8.8,-2.3
9.1,-4.6
8.6,-2.5
7.6,-1.9
6.8,0.6
9.1,0.6
5.3,1.7
6,3
9.4,-1.1
11.2,-2.8
16.7,-1.3
14.2,-1.3
15,1
14.4,1.4
18.1,0.2
13.8,-0.7
12.2,-2.1
15.2,-0.6
16.6,2.6
15.4,7.1
15.5,0.3
14.6,3.6
13.4,1.9
13,2.2
16.4,3.6
17.8,5.1
20,5.1
15.2,4.6
18.8,4.6
17.8,6.6
19,4.9
18.9,3.7
14,3.2
15.8,7.8
19.8,8
11.1,4.3
10.3,1.7
15.3,1
15.4,3.4
16.1,1.3
12.8,2.8
15.6,5.5
9.8,6.5
12.6,6.9
15.3,2.2
18.3,3.8
18,5.2
16.1,3.9
15.8,1.7
14.4,6.9
13.8,12.6
17,7.5
20.3,6
17.2,2.2
15.9,6.3
19.7,3.4
15.7,4.8
15.6,7.4
14.4,6.6
14.7,7.8
15.9,6.5
15.7,6.2
14,7.4
15.3,6.8
14.7,9.6
17.1,7.2
15.6,1.2
19,2.3
11.8,4.6
15.6,0.4
14,3.2
18.1,3.7
18,10.6
18.1,9.1
14.9,7.3
12.9,6
12.8,5.6
17.1,7.2
18.2,6.4
16.1,0.8
18.2,0.2
18.9,2.4
20.1,2.3
19.2,6.3
16.9,3
17.6,1.5
17.2,7.8
19.6,4
22.5,1
20.6,4.6
25.2,5.9
20.1,4.5
18.3,2.7
17.7,5.6
15.5,0.9
18.8,-1.1
17.3,1.4
13.5,10.7
20.5,8.6
17.1,8.8
17.7,5.2
16.6,4.1
15.3,3.2
14.8,4.9
14,2.3
17.8,7.5
17.1,2.5
16.1,3.5
15.5,6.3
16.9,5.3
19.8,3.8
21.5,2.7
19.7,8
18.2,8.2
17.8,11.9
18.2,10
18,10.8
19.5,9.3
14.3,10.2
18,8.2
18,6.9
23,5.5
21,10.5
26.5,9.6
23.7,10.6
28.8,9.3
20.9,14
21.3,11.2
21.1,7.5
20.6,7.1
20.8,11.6
21,9.6
21.5,9.1
23.4,10.2
21.7,13.5
25.4,10
21.2,14
21.8,11.1
27,9.5
20.5,14.2
20.1,12.2
21.6,11.5
21.9,11.9
22,8.1
24.2,9.7
26.2,12
28.2,10.4
27.7,15.1
22.6,13.2
27.2,12
24,16.1
24,14.6
24,13.9
26.4,14.6
27.6,15.8
28.1,15.1
29.7,14.3
31.1,15.3
32.3,16.3
30.5,17.1
30.9,17.1
33.5,16.3
31,17.5
34,18.3
26.2,17.2
26,17.7
26.3,16
28,17.4
30.8,17.3
33.7,18.5
26.9,15
27.3,14.3
25.3,14.4
28.2,18.3
29.4,15.5
33,15.7
26.2,15
25.7,15.1
27.2,16.1
26.4,14.3
28.7,16.3
27.9,16
26.7,17.8
33.3,15.5
29.7,17.2
28.6,17.8
27.6,16.6
27,17.4
29.4,14.9
29.3,16.2
28.7,19.2
28.4,14.5
27.1,13.1
28.7,17.4
33.2,13.2
33.4,19.6
35.2,18.4
31,19.6
30.7,17.2
31.1,17.3
30.9,17.2
39.5,16.1
31.1,17.9
29,18.6
30.5,19.3
33.2,17.1
28,18
30.7,17
28.7,16.3
30.3,15.2
25.9,14.7
25.6,14.1
30.8,15.4
24.4,17.2
25.7,14.3
27.7,16.6
30,17.8
27.9,15.3
26.4,13.4
28.4,15.1
29.6,16.2
32.2,19.6
32.3,18.4
31.1,17.9
31.3,19.2
33.1,19.9
31.9,18.9
28.8,15
28.1,14.2
28.9,14.3
29.8,16.9
30.4,17.9
31.9,22.7
30.5,17.8
27.4,16.8
29.5,14.8
29.1,17
29.1,15.9
29.2,15
24.7,14.7
26.3,16.2
27.3,14
25.5,15.1
26.5,18.7
26.4,16.9
26.4,16.9
27.7,17.3
29.4,20.5
29.9,20.7
27.7,20.1
26.6,17.3
27.8,15.5
27,17
31.9,15.7
31.5,20.1
31.1,20.6
27.5,17.5
26,16.1
25.9,14.9
25.3,13.7
24.5,13.2
23.5,11.5
25.2,12
25.3,11.4
24.6,12
29.2,15.9
27.7,16.5
26.8,13
25.2,14.5
26.4,14.3
25.9,13.4
23,12
26.8,12.3
26.3,15.7
20.6,8.7
21.8,6.4
23,15.3
26.4,15.1
22.4,9.3
21.1,9.1
22.7,9.1
26.8,7.4
24.6,5.1
22.3,10.6
20.2,7.4
21,6.4
22.2,7.8
20.7,5.9
21.9,11.9
25.6,14.7
26.3,17.1
20.6,12
23.6,14.9
20.4,6.2
20.8,4.8
20.6,7.5
23.2,6.5
20.2,5.9
20.9,7
22.3,6.4
22.3,13.5
20.8,13.6
18,11.7
18.9,7.9
15.4,6.1
17,3.1
15.5,6.2
15.9,9.5
18.9,11.7
20.7,11.1
16.5,6.4
15.1,11.4
18.2,12
17.2,13.4
20.1,11.8
17,7.5
16.8,11.5
16.9,6.9
15.6,7.6
18,4
16.6,1.5
16.1,0.7
16.1,7
14,5.4
15.1,6
12.3,5.5
12.5,4
13.6,3.2
12.2,0.5
10.9,-0.9
9.8,4
14.2,0
14.3,-1.2
12.9,3.3
13.2,2.8
14.8,0
13.7,0.9
13.4,1.9
15,0.2
12.6,0.3
12.4,-0.4
13.3,3.6
13.1,7.5
19.1,3.1
14.2,1.2
14.4,1.9
16.7,-0.4
13.5,0.5
12.9,-0.2
14,-0.2
13.8,-0.8
13,-1.7
10.7,-1.4
11.7,3.7
14.8,3.3
14.5,3.1
13.8,5.2
17.3,2.6
17.7,5.3
18.1,3.1
20.2,5.9
22.5,5.7
16.2,2.1
10.8,2.4
9.8,4.7
16.1,1.8
15.6,1.7
13.1,6.2
11.2,1.3
13.2,-2.9
16.6,-1.3
14,1.8
10.6,7.4
16.5,5.3
11.3,-0.9
11.1,-2.6
12.4,-3.4
12.4,-3.6
14.8,-4.3
16.9,-1
12.2,-3.4
12.7,-0.5
14,-1.8
11.9,4.4
12.3,-2.3
11.5,-3.3
13.1,-2.1
12.6,-1.6
14.6,-2.8
14,-4.3
21.2,-1.3
20.8,1.8
20.8,1.8
17.9,-1.3
17.7,6.8
17.4,0.4
16.8,-1.4
14.6,2.7
17.5,5
15.3,2
19.6,0.4
14.5,1.7
19.1,1.7
15.5,0.2
18,0.4
13.3,5
17.3,3.7
15.6,3.4
17.1,0.8
16.5,2.2
20.1,1.2
19,1.4
13.2,5.2
17.1,0.5
18.7,1.1
20.9,5.3
19.6,4.5
17.3,3.5
14.1,9.3
13.4,2.7
16.8,-0.3
16.1,2.6
15.7,-0.7
16.4,3
16.9,4.7
18.6,3.7
17,7.4
15.3,0.7
12.7,4.7
16.3,-0.4
17.8,3.6
16.9,2
15.5,8.4
13.3,8.5
16.6,6.8
13.6,5.7
14.2,12.3
14.8,12.1
16,11.8
15,12
13.2,7.7
13.6,7.6
13.8,7.4
14.3,4.4
14.5,2.5
14.9,4.8
16.4,6.4
15.9,4.3
19,6.1
19.6,3.1
17.5,6.5
16,9.1
17,5.7
10.5,5.2
11.4,3.4
12.1,3.5
13.7,3.1
17.1,1.2
18.6,4.9
17.6,4.2
22.6,5.6
17.5,12
18.5,9.4
18.5,9.4
14.7,9.6
14.6,8.9
23,7.7
27.3,8.4
28.5,10.1
20.8,8.8
21.9,5.8
21.1,9.7
17.7,9.5
14.1,9.7
23.4,6.6
17.3,7.2
20.6,7.4
21.5,9
19.6,6.5
19.6,7
23,8.6
25,8.9
20.1,11.5
23,10.2
19.7,11.7
21.8,9.9
21.3,8.1
22.9,11.3
23.2,15.7
25.7,13.2
26.5,13
23.6,11.1
27.6,8.2
28.4,8.4
27.5,8.7
23.6,9
28.9,11.7
29.4,9.5
24.4,11.7
23.3,11.3
29.5,12.8
26.8,13.3
31.6,11.1
25.5,12.9
25.2,12.2
30,13.2
21.4,12.4
22.1,12.9
26.5,17.6
30.4,19.2
32.6,15.4
26.1,12.8
26.9,10.8
24.9,12
32.7,11.7
25,13.3
29,17.2
26.8,16.1
29.8,15.6
32.9,15.5
28.6,18.2
25.8,17.6
29,18.2
28.9,14.5
29.9,13.1
28.4,14.2
31.1,16.9
31.3,16.9
32.3,18.4
31.2,16.7
34.5,18.4
27.1,17
32,15.6
30.8,17
28.7,18.4
29.5,18.1
31.5,16.4
27.1,15.2
29.9,13.8
27.3,19.2
30.6,18.3
31,18.2
30.9,14.3
27.3,16.6
26.7,14.2
25.9,11.9
28.5,14.7
32.2,16.6
31.6,22.7
31.6,22.1
33.5,25
33.7,18.4
30.6,14.8
31.9,16.7
30.4,14.9
28.2,15.3
31.8,17.7
29.5,19.7
33.9,17.2
32,17.6
33,16.1
32.1,18.2
32.8,17.2
32.5,18.7
32.4,19.5
36,19.1
30.4,19.4
33,19
33.1,20.2
33.2,19.6
30.4,20.2
28.9,17.2
32.2,18.6
32.4,20.2
33.6,20
33.9,20.1
35,19.6
31.4,17.8
33,21.2
30.6,19.8
33.7,20.6
31,18.6
31.7,17.3
32.6,15.9
30.6,16.6
32.7,19
32.1,18
31.2,19.7
31.9,18.4
29.8,18.8
33.4,16.9
30.3,17.3
27.9,17.6
31.3,14.8
32.7,16.8
32.6,18.1
32,23.8
33.1,19.5
31,16.9
30.2,20.9
34.2,19.6
29.7,17.8
29.7,15.5
32.9,16.9
29.8,18.1
27.4,15.9
29.5,14.2
29.7,17
28.4,17.9
28.8,18.8
31.1,19.9
34,18.4
31.8,17.7
28.8,16.3
28.5,14.9
26.3,14.9
27.2,15
28.6,15.8
36.4,19.5
30.4,18.7
31.3,15.9
28.8,16.6
26.7,15.4
24.7,9
24.5,6.8
25.3,9.7
25.6,9.9
24.6,10.7
27.3,9.5
23.9,14.1
23.7,11.4
25.2,11.1
24.4,10.9
25.3,13.4
20.4,12.6
20.7,11.3
23.7,8.4
24.7,10.1
26.6,12.2
25.1,11.4
23.9,10.7
25.4,13.1
21.8,12.5
19,14.4
23,12.1
23.4,12.8
21.7,13.2
25.5,11.9
24.2,10.3
25.6,13.9
25.5,12.4
26.2,12.7
25.5,15.8
25.2,14.9
24.5,15.2
25.8,18.8
28.2,16.2
28.2,12.3
27.7,11.4
28.9,11.5
25.1,13.2
23.8,11.9
23.3,15
22.5,15.3
22,13.2
23.3,10.9
24.9,11.5
23.4,11.6
23,9.5
21.7,9.5
19.6,10.3
20.4,5.8
18.4,2.7
23.2,4.7
24,12.6
20.7,12.4
20.9,10
20.8,8.2
20.5,13.1
16.8,9.4
22.6,8.5
23.4,9.1
19,9.6
19.2,9.3
14.3,9
15.1,8.1
17,3.7
15.3,5.8
15.3,5.3
17.6,5.4
17.8,9.8
17.5,7.8
18.5,3.5
17.1,1.7
14.5,5.6
14.1,2.5
14.5,1.8
13.4,-0.3
11.5,1.8
13.5,0.8
15.1,1.9
13.2,-0.3
14.3,4.7
15.4,2.9
13.8,8.9
15.7,10.4
12.8,5
9.6,0.2
10.4,3.5
10.4,4.1
14.2,6.1
17.4,9.4
14.9,8.4
12.8,5.3
16.5,5.6
17.8,10.7
18.7,11.8
18.6,7.5
17.9,4.8
19.6,5.2
18.5,4.2
17.1,2.6
16.2,4.5
18.1,2.9
15.1,0.9
14.6,2
16.8,5.8
13.9,6.3
