20000101
14.5,3.6
13.4,4
13.3,2.8
13.5,3.1
12.9,2.6
13.3,2.6
13.7,1.8
14.7,5.8
12.3,7.5
11.8,5.3
11.3,2.9
11.2,0.9
10.2,1.9
12,3
12.7,7.3
12.8,5.7
11.3,4.5
13.5,3.9
14.9,5
11,3.6
11.8,2.6
11.7,2
13.2,0.7
10.6,0.8
5.5,1.3
11.4,2.7
13.5,4.3
13.1,3.8
13.9,3.2
15.9,4.8
15.6,4.7
15.4,4.9
16,6.5
18.9,7.6
17.3,6
13.2,3.4
13.9,6.7
14.9,6.5
15.8,8
16.9,7.8
16.9,6
16,6.2
11.9,5.5
13.1,3.9
15.1,5.8
16.5,7.8
18.9,5.4
20.9,7.3
17.7,8.8
18.5,7.1
14.3,9
12.3,8.2
12.5,7.2
13.6,4.1
15.2,4.8
15.2,5.9
15.9,5.5
15,2.8
15.5,9.1
14.5,8.4
20.8,7.6
14.1,4.7
17.2,3.9
15.8,6.2
14.5,8.5
15.1,7
14.9,6.8
16.6,6.5
18.8,5.2
21.3,8
20.2,5.3
20.5,6
16,8.6
18,7.8
18.9,6.7
17.2,8.6
17.6,7.1
18.3,7
16.2,7.5
16.5,7
15.6,8
15.5,10.3
15.8,9.9
17,7.1
17.7,7.8
15.6,10.4
17.3,8.5
12,5.2
15.3,4.2
15.4,5.8
16.7,9
15.9,7.4
15.5,9.4
16.1,10.9
19.4,7.1
15.7,7.4
14.2,5.9
16.1,5.3
14.6,9.5
16.4,10.6
13,10.7
14.8,9.8
17,10.3
18.1,9.7
18.3,8.6
17.8,9.8
18.5,11.8
19.9,10.3
19.4,7.6
19.3,8.8
20.7,9.3
20.9,11.1
19.9,9.5
20.7,8.5
19.4,7.2
19.2,10.5
19.1,9.4
18.9,12.6
16.3,10.4
18,8.9
19.1,11.2
19.6,10.3
20.2,9.5
22.5,10.8
22.8,13.5
22.5,15.4
21.8,11.4
22.7,15.9
21.7,14.5
23.7,15.7
18.7,13.7
21.2,11.4
21.9,12.6
23,14.3
24.8,13.9
24.4,13.7
24.6,14.5
22.7,14.2
23,15
18.8,14.4
18.5,15.6
19.7,15.9
20.7,16.2
21.9,14.8
23.5,16.1
24.3,15.8
24.3,15.7
20.4,16.8
24.8,16.3
26.5,14.1
24.5,15.7
24.5,17.6
24.7,16
25.4,16.5
24.9,16.9
26.6,17.4
25.4,15.8
24.4,15
23.5,15.6
24.2,14.4
24,15.7
20.9,14.9
21.4,14.8
22.1,15.7
24,16.3
23.1,15.8
27.9,16.5
31.5,18.4
27.4,17.9
25.2,16.5
27.1,18.1
25,16.4
25.6,17.1
26.1,17.4
25.7,18.4
24.2,19.9
26.1,19.3
26.3,20
26.6,20.1
27.8,18.7
27.5,19.9
27.6,19.9
27.5,19.8
27.2,20
28.9,20.8
27.1,21.2
26.4,18.3
28.7,18.8
29.3,18.1
27.5,20.8
25.2,19.2
27,18.6
26.3,14.7
23.7,15.4
24.7,17.4
26.7,17.2
26.6,18.2
24.4,19.3
25,17.2
25.3,17.3
26.8,16.9
26.7,19.3
26.6,17.2
28.3,18.9
28.4,20.3
29.5,18.6
27.6,19.6
26.7,21.1
28.7,18.9
27.9,20
27.4,20
27.6,20.4
27.8,18.8
28.9,20.1
27,20.8
27.2,21
25.5,17.1
24.6,16.3
26.7,17.1
26.8,18.3
27.4,18.3
27.3,18.8
27.4,18.6
27.9,19.4
29,21.2
28.8,20.2
28.8,18
29.9,18.2
30.9,19.3
29.8,20.4
30.9,20.7
28.8,22
29,22.2
28.9,21.4
28.7,20
28.3,18.7
36.4,22.1
30.8,20.9
28,20.9
27.8,20.2
27.2,19.5
27.5,20.2
27.6,18.9
26.2,18.6
27.3,18.4
24.2,21.7
25,19.4
24,19.1
24.8,17.5
26.1,17.6
25.7,20.2
27.4,18.8
25.7,16.3
25.9,16.7
25.7,16.8
26.8,17.6
26.3,19
26.8,19.5
26.9,19.5
26.9,19
25.1,20.5
22.5,17.9
25.9,17.4
21.5,15.6
24,12
25.3,14.8
23.8,15.3
24.9,18.1
25.6,18.9
25.6,17.9
25.2,17.8
24.9,17.1
24.1,14.8
22.2,12.5
21,13.5
24.6,12.3
22.1,15.3
22.9,14.1
23.1,14.8
21.8,15.9
20.5,12.8
20.7,12.5
21.3,13.8
19.5,12.2
21.8,12.7
17.4,13.3
14.5,11.8
19.8,10.3
18.6,11.8
18.2,11.6
20.5,11.1
20.3,10.2
22.9,12.1
22,14.6
20.7,17.9
19.4,17.2
21.8,18.9
21.7,16.1
22.1,15.6
20.7,13.6
21.8,13.6
20.6,11.8
20.7,13.8
20.3,14.3
17.4,10.4
18.2,7.7
17,10.8
18.1,8
16.6,6
16.6,6.7
18.3,12.7
15.5,10.7
15.3,7
15.8,5.6
15.2,6.2
17.4,7.1
18.8,12.9
17.3,13.7
17.1,8.7
13,7.1
14.3,7.3
15.5,5.8
14.4,6.6
16.3,5.7
15.2,8.3
16.4,4.3
16.7,7.9
16,9
14,6.5
15.1,6.7
21.9,9.4
19.6,10.4
16.8,9.4
18.8,12.5
17.4,9.5
17,9.3
16.5,10.4
15.6,5.7
16.7,5.5
16.3,7.4
17,9.3
15.4,10.4
18.5,10.3
17.1,6
17.4,8.4
17,7.5
16,6.5
16.5,6.2
18.2,4.8
15,6.2
14.3,5.1
13.8,3.2
15.8,3.9
15.6,5.9
15.6,6.5
15.8,10.6
15.3,10.7
14.9,8.9
14.1,8.7
15.7,7.4
16.3,8.1
14.4,7.3
11.5,6.6
15.8,6.7
12,7.6
13.7,3.9
14.9,4.7
17.9,7.7
15.5,9.1
17.4,7.9
17.4,4
17.5,9.9
13.7,4.4
12.9,2.3
12.5,3
15,5
15.8,5.7
16.5,10.5
15.3,9
11.3,8.7
10.6,7.6
12.2,5.8
13.1,4.9
11.3,3.9
14.9,4.6
13.6,5.4
14,4.5
13.5,5.1
18.2,7.8
19.4,10.2
16.5,8.9
12.9,6.7
15.8,7.9
12.8,8
15.3,5.9
14.2,3.8
15.7,6.1
13.9,3.8
12.9,4
15.1,3.7
15.1,4.7
18,7.2
15.9,9.6
16.3,10
16,7
15.6,6.6
14.4,4.1
16.8,6.6
15,6.2
15.6,7.5
12.9,8.2
15.5,7.6
15.5,5.4
14.3,4.9
12.3,5.2
15.5,5.9
15.4,6.3
15.2,5.6
18.7,4.9
15.5,6
11.6,7.9
10.9,1.5
11.1,1.3
13.6,3.9
12.9,4.2
13.1,4
16.7,7.3
18.9,12.3
17.3,10.8
17,10.9
17.8,9.6
17.7,8.9
19.8,11.1
19.5,10.2
20.5,10.8
19.2,9.6
16.7,10.8
18.5,5.7
17.7,7.7
16.9,7.3
15.6,8.3
20.2,7.6
18.9,7.1
18.4,8.4
21.8,12.2
22.1,11.6
24.7,12.9
23.5,8.2
21.8,9.7
22.1,11.5
18.9,8.3
18.4,9.3
18.5,9.3
18.6,8
21.4,6.3
17.8,8.4
18.8,7.8
18.5,7.9
17.6,7.7
18.1,9.3
16.5,11.2
20.5,11.5
21,14.1
23.1,10.4
18.1,10.1
18.5,10.4
18.6,8.7
19.5,8.5
17.5,10.3
17.5,7.4
17.2,10.6
17.4,10.2
17,10.8
16,10.2
18,8.3
14.7,3.9
16.3,4.4
16.9,7.5
26.3,12.5
23.3,11.4
25,11.2
18.3,9.4
18.4,10.4
19.4,10
19,11.2
17.2,9.3
15.4,6.3
18,9.7
16.1,9
18.2,9.2
18.5,10
17.5,9.3
18.7,11.5
19.6,10.4
19.4,9.6
19.1,13.9
24.7,13.6
22.2,13.3
21.8,12.8
21.6,12.9
23.7,13.4
25.1,13.9
21.5,14.3
19.2,15.7
23,12.6
25.7,16.3
23.8,13.7
22.6,15
22.2,14.8
23.8,16.4
24.1,15.1
26.8,16.8
27.7,14.9
27.2,16.8
28.7,15.4
29.1,16.4
28.4,16.4
26.7,16.9
25.9,18.2
25.5,16.2
23.4,15.6
25.1,16
24.7,16.9
25.1,16.7
26,17.2
24.8,18.9
24.6,17.7
23.7,15.7
24.8,14.7
25.3,17.5
25.4,16.4
28.8,17.4
31.1,17.6
23.8,18.1
24,16.5
24.7,15.7
25.1,14
26.1,16.4
26.5,15.7
29.3,15.4
28.6,19.6
28.5,18.7
26.9,18.2
25.3,20.9
26.6,19.4
26.6,17.3
30,18
29.5,19.7
29.3,19.7
28.6,18.8
28.1,21.2
29.5,21.6
29.5,20.7
28,18.5
27.1,19.5
27.1,20.3
29,18.8
28.5,19.6
28.3,20.8
28.7,20.7
29.2,20
24.1,17.8
21.5,17
26,16.4
24.3,19.7
21,14.4
25.4,15.7
25,16.3
26.1,16.4
27.4,17.8
29.9,18.7
30.4,20.6
30.4,20
29.6,18.3
28.8,20.3
31,21.5
32.7,22.1
33.2,21.5
31.9,21.5
33.1,21.8
30.1,22.8
29.2,22.5
27.2,21.7
30.5,22.5
28.6,21.2
29.6,23.3
27.7,21.6
27.9,21.1
27.2,21.9
26.9,21.5
29.3,19.9
30.1,20
27.6,20.1
29.1,21.1
29.7,20.4
28.8,19.8
28.5,20.7
28.5,20.6
28.3,19.7
29.8,21.4
30,21.5
30.6,20.1
30.2,20
30.8,20.4
31,19.9
30.1,18.5
30.8,20.5
28.7,19.2
26.7,20
25,17.4
25.4,18
26.5,19
25.9,19.3
25.3,19
24.6,18.4
26.9,18.4
28,18.5
25.5,19.9
23.9,19.4
22,15.5
24.3,14.9
25.7,16
25.6,20
24.6,16.8
24.8,16.9
23.7,12.8
21,11.5
22.9,14.7
24.3,16.6
24.7,15.9
24.2,17.7
25.2,16
23.4,15
24.6,16
24.3,14.6
25.1,15.3
23.8,17.1
25.3,17.8
24.4,16.2
25.2,17.2
26.3,18.4
26,18.3
23.9,17.8
25.4,17.9
26.4,18
26.4,18
25.2,16
23.7,15.1
23,16.8
23.6,16
25.8,16.4
25,16.5
23.7,15.6
24.5,14.8
24.8,14.6
22.9,14.8
23.2,15.6
23.1,15.3
22.3,14.2
22.6,14.5
22.9,12.7
25.5,13.6
24.2,13.3
22.2,11.9
22.2,12.1
22.8,14.1
23.3,15.6
23.5,14.9
22.8,14.3
22.8,16.6
19.8,14.1
20.3,13
19.3,11.1
19.5,9.3
17.2,11.5
19,10.2
18.6,7.8
19.6,9.8
15.3,5.4
14.5,2
13.2,6.9
16.5,9.5
20.1,9.4
14.1,9.1
12.3,8.1
15,10.5
16.5,9
13.4,8.3
15.6,7.4
16.2,6.9
13.7,5.5
14.9,4.4
13.2,5.2
15.1,5.2
15.8,6.7
14.4,5.8
12,6.3
14.3,4.6
15.6,5.8
16.4,7.1
16.9,8
14.4,7.3
17.2,8.9
14.5,7.3
18.7,7
17.8,6.5
16.1,7.6
15.7,6.9
14.3,5.8
12.8,5.7
13.5,3.5
13.2,1.2
11.9,1.3
5.6,0.3
4.7,1.4
5,0.3
7.2,-0.8
7.8,4.5
11.1,2.8
9.1,0.9
7.3,-0.3
6.3,-2.5
7.3,-1.5
6.4,-1.2
7.3,-3
8.7,-2.1
9.8,-0.2
12.9,1.3
14.2,1.6
11.6,7.2
10.6,6.2
11,6.5
10.5,7.5
11.6,6.7
11.3,8.2
10.5,6.1
12.9,4.1
12.4,4.9
11,5.6
12.5,6.9
13.9,6.6
13.2,4.3
13.4,3.1
11.1,4.1
14.1,7.4
12,4.5
13.5,4.3
12.2,1.9
12.3,2.7
12.1,2.4
13.2,2.2
14.2,3.2
15.6,5.6
14.9,4.5
16.6,9.5
14.2,6.1
18.2,5.8
19.8,5
17.2,6.2
17.2,6.1
13.6,5
15.5,7
15.7,5.2
15.7,4.3
15.1,6.3
16,6.6
16.1,6.5
15.6,8.2
17.6,7.7
14.9,4.9
16.1,5.5
16.8,7.5
15.5,6.8
17.2,4.7
14.9,3.8
12.5,6.9
12.3,6.4
9.3,6.8
12.1,4.7
13.1,4
13.6,4.4
14.9,4.2
16.2,5.9
15.2,5.1
16.7,5.9
17.1,7.5
15.7,7.7
18.3,7
20.5,6.1
15.6,11
15.4,11.9
13.1,6
13.1,4.7
15.9,5.9
11.7,9.5
13.8,7.4
15,7.9
16.6,8.3
18.3,9.3
16.3,7.4
16.8,5.6
15.5,9.3
17.1,9.3
16.5,6.9
17.7,6.9
16.8,8
16.2,11.3
18.9,9.8
23.3,11.7
21.1,11.7
20.7,10.6
19.4,9.7
20,8.9
15.8,8.4
15.3,8.3
16.2,7.9
15.6,7.9
15.6,11
12,9.4
15.6,9
17.4,8.3
16.8,8.1
15.6,10.6
13.1,9.6
19.9,9.7
16.7,9
16.9,7.8
16.9,12.9
18,10.6
17.6,8.5
13.1,9.3
16.9,9.9
15.2,11.3
20.1,10.6
15.4,10.2
15.4,9.4
16.1,8.7
16.8,8.5
18,8.1
18.2,8.6
18.9,9.7
18.5,9.5
20.7,9.6
22.7,11
21.7,12.5
23.3,11.1
21.7,12.2
19.7,13.2
18.8,12.2
20.3,11.3
19.9,10.8
18,13.1
14.3,10.8
15.3,9.7
19.1,8.8
16.4,9.4
15.6,9.6
16,10.5
16.4,13.5
18.6,10.8
18,12.1
13.7,11.9
18.7,9.8
20.2,10.9
21.5,12.4
24,11.2
23,13.8
23.5,13.8
23.4,13.8
21,12.8
22.7,11.4
22.9,11.9
20.9,14.4
22.4,12.4
23.2,10.6
22,12.6
21.3,12.1
23.1,12.9
20.9,12.1
22.3,13.6
23,13.6
24.3,13.3
24.7,14.6
25.1,16.3
27.9,14.9
22.2,16
24.9,14.1
24.3,13.1
22,13
17.6,12.5
22.9,10.9
22.3,13.7
22.4,13.3
23.7,13.2
26.3,14.1
28.6,14.2
27.4,15.2
28.4,17.2
30.9,16.9
30.9,18.2
29.5,19
29.6,18.5
30.1,17.4
31.2,18.4
30.6,18.1
28.6,19.2
30.6,20
28.4,19.2
30.6,19.5
28.6,20.9
23.9,21.5
23.5,17.4
24.1,18.3
26.9,17.7
26.6,20.1
24.8,19.9
25.9,19.6
24.7,19.7
25.9,18.3
26.9,17.7
27.4,20
25.1,19.4
28.1,18.6
27.4,18.2
26.2,18.1
27.2,15.8
29,19.1
28.8,18.6
27.4,18.9
26.8,18.4
27.6,18.9
28.7,18.8
31,18.5
28.4,19.2
28.9,19.1
28.5,21
26.5,20.6
28.4,20.9
28.1,20.3
28.8,20.1
29.4,18.8
29.9,20.7
27.1,19.7
21.4,17
24.9,17.5
26.4,18.8
27.2,20.1
28.2,21.8
27.4,21.9
27.1,19.8
23.9,16.7
25.4,18
21.5,15.5
28.5,13.7
26.9,16.7
26.5,19.9
26.5,18.9
28.4,21.5
30.1,19.2
28.7,19.8
28,18.3
28.6,21.3
29.1,20.8
28.8,20.6
26.5,19
27.1,18.5
22.6,18.8
26.4,18.3
26.3,17.7
22.7,15.4
24.6,15.2
26.8,17.6
27,19.6
27.9,19.8
27,19
24.5,17.5
27,17.3
24.5,17.8
28.4,18.7
24.5,17.1
26,16.3
27.3,19.7
28.5,18.5
25.8,16.3
25.7,18
23.4,18
23.4,16.6
24.1,15
24.7,15.4
22.8,17.9
26,19.5
27,18.8
26.2,18.9
25.8,18.2
25.6,18.3
25.6,16.4
23.4,16.4
22.6,13.7
22.3,11.6
23.9,11.2
22.7,13.4
22.1,15.7
20.7,16.4
24.8,16.1
24.3,15.3
19.4,16.4
21.9,16.2
23.8,15
23.9,16.3
23.2,15.4
22.1,14.5
22.7,13.6
19.2,15.2
19.3,11.7
23.3,13.8
22.9,13.3
22.2,13.5
23.8,13.7
23.2,15
23.8,15.7
21.7,12.3
19.8,9.4
20.2,9.3
21.5,11.5
22.6,16
22.5,15
23.3,13.2
19.7,12.6
23,11.5
22.6,13
23.9,11.4
21.4,13.7
21.2,12.5
21.4,13.1
21.3,12.5
21.1,11.9
20.4,11
23.2,12.9
19.4,10.9
18.9,10
18,9.2
18,8.1
17.9,7.3
20.9,11.2
21.6,11.3
20.9,9.4
19.6,12.3
19.4,12.2
17.6,12
15.7,8.7
17.3,6.8
17.2,7.5
17.1,7.4
18.7,7.2
17.1,10.9
17.4,7.5
17.5,8.2
18.6,8.4
14.8,10.7
13.4,9.8
17.1,7.2
17.6,6.5
18.6,8.1
15.6,6.4
17.1,6.9
13.7,8
16,8.3
14.5,4.3
14.4,4
13.3,4.7
13.9,5.6
13.6,4.7
12.4,5.8
13.2,5.5
15.1,8.4
16,8.3
16.9,5.6
14.6,5
12.2,6.5
16,6.6
14.9,4.7
14.8,5.8
14.9,8.7
14.1,11.9
13.8,10.9
16.1,7.1
15.6,6.1
15.7,7.4
18.9,8.5
18.9,11
19.7,9
14,7.8
16.6,9.2
14.8,6.3
15.5,5.3
16.5,6.4
17.1,6.5
20.3,9.9
20,12.5
15.6,9.2
11.9,6.1
11.2,3.9
11.2,2
9.9,5.4
12.4,2.7
10.1,4.7
10.4,1
8.9,0.4
8,0
13,1.8
13.2,1.2
13.3,1.4
12.4,2.9
13,2.8
13.8,4.6
14.7,4.5
16.7,7.4
16.8,9.3
16.6,5.2
16.1,2.6
13.8,3
12.4,3.8
17,5.7
17.8,6.1
13.6,4.9
12.7,3
10.9,0.4
10.5,3.7
13.5,2.4
16.2,3.4
16.2,6.9
13.8,2.2
11.8,4.5
12.7,4.2
13.4,3.8
13.5,3.8
13.6,5.6
13.7,4.5
10.5,4.3
8.7,6
8.1,5
8.1,2.9
11,1.8
9.1,0
10.9,1.5
7.7,4.9
10.7,7.1
13.8,7.5
13.4,8.1
15.2,7.2
13.9,10.4
12.4,10.8
13.4,10.3
14.2,9.9
15,7.2
15.4,6.7
19.6,7.1
15.5,8.5
18.5,7.3
15.5,7.5
16.9,8.2
15.8,5.5
15.5,8.8
16.3,6.9
16,6.4
14.7,6.3
15.5,6.6
15.9,6.1
15.1,7.5
15.3,9.9
14,5.3
14.4,4.6
17.5,3.2
16.2,5.8
18.9,4.5
19.3,6.9
16.3,5
16.3,8.1
16.4,7.2
16.2,6.1
17.1,6.1
16.8,9.4
17.7,12.9
17.3,11.2
15.2,11.9
18.4,11.1
20.4,11.6
19.6,7.5
15.8,7.5
14.6,4.7
15.7,5.5
22.8,4
14.8,8.2
13.8,9.7
16.5,7.8
16.1,7.1
18.2,9.4
17.1,8.5
17.7,9.5
15,12.8
18,12.9
18.1,10.1
21.9,8.9
21.3,9.6
18.8,10.9
18.3,9.5
18.6,9.3
17.6,9.4
19.4,9.7
19.3,9.2
19.8,12.6
19.7,10.3
20.4,11
22,11.5
20.8,12
21.4,14.5
21.3,11.6
23,14.4
20.8,12.6
22.8,12.2
19.4,14.7
21.4,14.9
19.3,14
21.2,13.6
23.8,13.6
22.4,13.2
22.2,11.3
22.3,12.7
22,13.9
19.8,13.2
20.4,12.8
21.2,15.5
19.8,13.7
22,11.7
22.6,14.4
23.7,14.9
19.6,13.6
22.4,12.1
25.5,13.7
23.4,14.4
18.1,12.9
20.7,11.9
22.6,12
26.1,17
25.6,14
25.9,14.7
26.3,17.3
26.8,15.5
25.3,16.7
26,16.2
25.5,16.5
24.5,18.4
26.9,16.9
27.8,18.7
27,17.4
29.4,16.9
28.7,17.4
28.4,17.8
31.9,18.3
30.5,19.9
30.5,18.3
32.2,23.2
31.9,21.7
30.2,22.4
27.5,21.7
29.6,20.5
32.7,19
31.4,18.6
32.2,17.1
30.3,20.4
29.6,22.7
28.4,21.3
29.9,22.2
30.6,22.8
29.4,22.4
29.9,21
31.2,22.2
31.6,23
27.6,21.1
25.9,21.2
27.8,19.2
27.6,20.8
27.8,20.7
29.1,19
29.8,20.6
29.7,21.4
32.6,20.3
31.1,20.3
32.5,21.6
33.9,21.1
29.9,21.9
29.8,23.7
32.7,20.8
28.2,21.9
30.1,19.9
30.3,20.2
29.4,22.1
33.3,22.6
31.2,23.1
30.3,22.3
29.9,21.8
29.9,20.8
30.9,22.7
30.9,23.4
29.2,21.9
30.9,23.4
30.8,23.6
30.2,21.5
29.5,22.2
32.4,22.5
31.3,20.4
32.5,20.3
32.4,20.9
32.7,20.5
35.6,20
34.1,21.4
33.3,21
33.3,22.6
35.1,21
35,22.1
36.3,19.4
33.8,20.5
31.5,20.3
30.3,22.7
29.7,20.3
31,21.2
32.2,21.9
31.6,21.6
29.9,22.7
30.8,22.5
32.9,22.6
30.2,21.3
31.1,22.2
31.8,23
30.8,24.1
30.4,23
31.7,21.5
30.5,19.1
26.9,18.5
25.8,18.5
24.7,19.9
25.3,17.6
26.1,18
27.5,19.3
25.8,18.9
22.7,18.7
26.1,17.3
26.4,18.4
27.3,16.1
26.1,16.7
26.6,18.3
26.7,18.7
25.5,17.9
25.5,15.2
25.5,15.6
26.5,15.7
26.1,15.7
25,16.9
26.4,18.1
25.9,17.5
26.4,18.9
24.7,17.8
24.1,18.4
24.1,18
24.4,16.8
20.3,18.4
24.9,18.4
24.3,17.6
21.6,17.3
26,19.3
26.3,17.4
25.2,19.1
23,14.6
21.6,12.6
18.8,12.2
20.8,10.1
21.9,12.8
22.6,15
22.1,14.5
21.9,14.8
23.2,16.9
22.9,16.8
22.8,16.3
20.5,16.9
18.5,11.3
19.9,12.5
16.9,14
19.7,13.4
22.7,14.1
18.3,13.4
16.9,12.5
16.8,9.1
16.8,8.5
14.5,8.6
11.2,8.8
14.2,9.8
18.8,11.7
19.2,12.1
18.2,10.6
18.4,9.5
18,8.1
17,8.8
20,8.4
20.8,9.3
18.9,9.4
17.9,9.5
17.6,7.1
18.1,11.4
19.5,14.8
18.7,14.4
18.5,10.8
17.7,10.3
18.4,11.6
17.2,10.6
16.4,8.7
18.5,14.6
16.5,11
17.3,9.6
16.3,8.5
18.4,11.4
19.6,13
17.7,13.3
17.6,15.1
17.7,10.3
17.2,10.6
15.6,8.7
14,9.7
15.1,7.1
15.5,6.2
17.7,9.7
14.4,10.1
13.2,8.3
11.9,8.2
14.1,6.3
16.3,10.5
16.6,8.9
16.8,7.6
13.2,6.5
13,4.7
14.1,5.6
12.6,3.5
15.4,5.5
16.6,9.7
15.8,8.8
15.3,6.2
14.1,4.9
14.2,7.4
14.5,8.2
13.8,6.6
14.3,6.3
14.1,9.1
13.6,3.5
9.7,0.8
14.3,5.4
13.7,3.8
13.3,3.9
11.7,3.8
11.2,3.5
11.3,1.3
15.3,3.9
14.3,3.5
10,3.3
15.2,3.4
13.4,2.1
13.6,3.1
13.3,2.8
14,2.8
13,4.4
13.7,3.2
19.1,9.5
20.4,7.1
16.9,8.6
18.9,8
20.5,10.5
19.2,11.1
15,5.8
16,5.9
18.5,8.4
12.7,5
12.9,2.7
13.3,7
15.6,6.4
14.6,6.3
15.6,6.1
12.2,7.7
12.6,5.3
17,8.8
15,7.6
13.8,4
14.2,3.2
11.8,2.9
14.7,9.7
15.5,7.9
13.8,7.1
13.6,7.2
12.4,7.2
13.7,7.3
13.4,5.9
14.3,7
15.8,6.5
14.7,6.4
15.5,3.8
14.2,3.3
16.3,5.1
15.2,5.2
14.6,4.6
16.8,4.7
13.2,5.3
13.2,4.1
12.7,3.5
11.3,2.6
12.7,3.8
14.1,10.9
16.4,8.5
16,4.7
9.6,7
8.9,7.2
8.1,4.3
10.3,2.3
11.1,3.6
9.4,0.4
9.9,-1.3
11.4,0.2
12.6,1.3
16,4.1
16,8.4
18.4,7.3
16,7
14.7,5.7
14.8,4.5
11.7,6.6
13.9,7.3
15.8,9.5
14.6,9.4
16.5,8.7
16.6,9.1
16.4,9.2
14.7,11.6
17.1,11.2
18.6,10
17.3,8.8
16.9,8.9
16.1,6.9
15.8,5.1
14.5,3.4
14.6,6.4
14.1,5.4
7.9,5.3
14.3,6.7
13.7,11.1
15.8,10.2
16.8,10.1
16.7,8.2
17.4,9.6
18.6,7.7
18.6,8.2
19,9.4
18.2,10.6
16.8,9.2
12.7,7.5
14.5,6.4
14.4,4.8
16.2,6.2
15.6,6.4
18.8,6.3
16.4,9.8
16.3,9.1
14.1,12.3
17.6,11.8
17.5,8.7
18.6,7.2
23.1,10.4
19.9,10.3
15.6,9.3
21,11.9
20.8,11.1
20.1,9.7
19.5,10.5
19.6,10.7
17.8,11.2
16.8,12.7
18.6,9.9
18.1,8
18.3,10.8
16.8,13.3
20.9,12
19.1,9.7
19.1,9.2
18.8,9.5
17.4,7.6
18.4,8.4
17.5,12.7
15.2,12.6
19.8,12.6
20.9,9.4
19.8,11.2
21.7,10.5
22.6,13.2
22.9,11.8
23,10.8
23.4,10.7
24.9,11
22.1,12.4
22.5,12.3
22,13.7
21.7,12.5
21.7,13.7
21.1,13.8
24.4,12.1
23.8,14.4
24.5,15.4
24.1,16.8
24.8,17
26.6,17.3
25,16.8
26,15.8
25.3,14.5
25,15.3
27.5,16
24.1,16.7
24.3,15.8
25.3,15.4
27.5,16.2
26.7,16.5
27.2,17.9
25.3,17.3
24,16.4
23,15.5
26.7,15.5
28.4,16.2
27.5,17.1
25.4,18.6
24.7,16.7
25.8,17.8
26.6,19
27.1,17.9
28,19.5
27.1,19.3
28.7,18.8
30.9,17.8
32.8,20.7
29.8,20.4
29.6,18.4
26.9,19.6
28.7,19.8
26.6,19.8
28.1,18.5
27.4,18.6
28.5,21.2
29.2,21.3
30.9,19.8
27.2,17.8
25.7,17.2
22.6,16.5
24.3,17.5
25.3,16.6
26.5,15.8
26.4,18
26.8,18.2
27.8,19.4
27.9,19.2
26.8,19.6
28.5,21.4
28.6,20.6
28.4,21.7
28.9,20.8
29.9,21.7
31.5,21.8
29.5,22
28.1,21
29.3,20.5
27.8,20.6
30.9,20.4
29.8,19.1
29.4,21
32,23
30.3,22.2
29.7,21.1
28.2,20
29.3,21.5
29.5,21.3
29.2,21.3
29.9,23.1
32.4,22.4
30.4,21.5
32.9,20.8
27.8,20.5
29.2,21.5
29.9,21
29.8,21.7
30.4,22.3
31.7,21
31.6,22
29.4,22.1
28.6,18.2
28.7,20.1
27.7,21.3
29.4,21.8
28.5,20.1
27.6,21
25.4,19.5
25.1,22
27.6,20
27.7,20
24.8,20.5
26.9,20.2
26.1,21.9
25.6,18
27.5,21
28.2,21.8
28.1,22.1
26.7,20.6
26.4,20.9
28.4,19.8
28.2,20.7
29,20.9
25.9,20.4
28,19.6
26,19
25.3,18.9
23.8,17.1
25,16.1
25.8,15.9
26.2,18
26.7,19.1
26.7,19.2
26.3,18.5
27.2,17.6
25.8,16.3
23.5,16.1
24.3,14.6
24.1,15.3
24.8,15.9
24.9,17.3
26,17.4
25.2,16.9
26.1,17
26.4,16.3
27.1,15.3
26.4,17.6
25.7,18
25,20.3
25.9,18.6
25.6,17.2
24.1,16.9
24.7,14.8
21.8,14.2
22.3,12.3
23.3,12.1
22.2,11.9
22.2,12.4
21.9,12.2
23.2,14.6
24.6,19.9
26.9,20.2
26.5,16.6
23.9,15
24.1,14.1
24.4,14.9
22,14.7
17.9,12
19.1,10.7
20.7,10.9
20.7,9.4
19.7,9
19.2,8.9
14.9,10.2
19.7,8.6
19.7,8.8
19.1,9.8
19.3,12.5
19.2,12.5
19.3,9.6
17.2,8.7
18.1,9.7
17.5,7.7
15.5,7.5
17,7.3
20,8.4
18.4,5.8
12.9,3.4
15.7,3.5
15,5.6
15.6,4.5
15.6,5.5
16,7.8
17.7,10.1
19.1,9.4
17.1,8.6
16.2,6.9
16.2,10
15.6,7.3
16.3,4.9
15.6,4.3
11.3,4.7
12.8,3.6
15.5,3.8
15.4,6.5
15.1,5.7
15,10.3
13.9,9.3
11.7,7.5
15.5,8.9
17.3,11.5
15.1,11.5
18.8,10.3
16.9,8.2
16.2,9.7
15.6,8.5
15.3,8
16.4,10
15.9,7.6
15.5,7.5
15.8,7.2
17.9,5.6
16.8,8.1
11.5,4.9
12.7,2.2
15.1,4.7
14.4,5.7
9,5.2
8.8,3
11.5,1.4
10.8,0.6
15.1,-1.7
14.2,2.8
14.4,3.1
15.5,7.1
13.7,5.3
13.7,5.7
13.6,2.5
13.4,3.1
13.8,2.3
15.3,3.9
13,3.3
13.8,2.5
12.5,3.6
12,2.4
10.4,0.8
14.7,1.9
14.5,2.3
14.4,1.9
12.8,8.5
12.3,4.4
14.6,3.6
16.3,5.3
17.1,4.8
16.7,6.1
15,6.3
14.3,4.8
13.3,3.8
7.4,1.1
5.4,-0.6
6.6,-2
8.9,-2.3
11.1,0.1
10.1,-1.2
11.2,0.3
15,0.6
13.2,5.4
12.9,3.6
13.6,2.8
12.9,2.4
10.3,7.2
11.7,6.9
13.7,7.5
13.8,7.6
14.5,5.4
15.2,4
16.4,8.9
18.9,9
11.5,6.8
12.6,4.5
11,1.6
10.5,1.7
9.1,0.4
12.6,0.6
12.1,2.6
9.8,2.5
8.4,0
10.1,0.4
7.2,3.3
8.4,3.7
10.9,0
13,1.1
5.1,0
8.6,-0.1
9.3,1.2
13.4,3.8
10.6,2.4
13.2,-0.3
11.5,2.5
11.5,0.3
11.9,2.1
12.1,1.4
13.8,2.4
9.5,3.6
12.2,2.6
14.9,4
15.9,8.1
14.6,7.3
15.2,7.2
15.8,6.9
18.1,4.9
16.7,5.4
15.7,7.4
14.5,9.8
16.8,12
16.3,13.2
17.3,12.1
15.1,12.9
16.9,11.9
21.3,11.2
17.6,8.7
20.3,8.8
17.6,8.9
17.6,8.4
18.1,9.6
15,10
16.9,12.2
16.9,9.6
17.8,8.6
17,8.4
18,10.4
15.9,9.8
14.4,5.8
18.8,5.1
19.6,8.9
17.9,8.2
18.5,8.6
18.2,8.1
14.1,9.5
17.6,6.5
21.2,8.6
21.7,10.2
20,9.4
18.7,9.4
16.9,10.4
17.2,11.2
19.5,10.4
19.3,13.2
20.8,10.1
20.1,10.7
20.9,9.1
22.7,10.1
23.4,8.2
22.6,10
24.4,11.6
21.2,13.8
21.6,15.4
22.5,15
20.5,14.1
23.2,10.1
21,11.9
21.4,10.4
20.9,13.3
22.9,15.1
20.7,12.8
20.7,12.2
21.4,13.7
22.9,13.6
22.8,13.2
21,14.4
14.4,11.6
20.2,11.3
21.3,12.9
22.8,12.8
23.1,12.3
21.8,16
22,14.6
21.7,14.8
24.6,12.1
23.2,12.7
25.8,11.9
25.1,15.2
26.2,15.7
24.9,17.3
23.2,17.7
25.3,16.3
24.7,16.5
23,16.7
26.3,16.5
25.2,16.6
25.7,17.7
25.7,17.1
23.7,15.7
24.3,15.1
24.4,17.7
25,16.1
25.2,16.7
22.7,16.1
24.7,16.7
24.6,15.7
27.3,17.8
28.8,18.5
28.5,18.9
28,18.4
28.2,20.3
29.2,20.9
30.2,22.9
29.8,21.4
31.5,20.7
28.5,20.5
28.3,20.1
28.7,20.4
33.2,23.1
33.3,22.2
27.6,22.6
26.3,20.3
28.5,19.6
28.6,20.5
28.7,21
27.5,20.1
28.9,21.6
22.7,19.9
23.8,18.9
22.8,18.9
25.5,17.6
27.7,17.8
28.2,17.5
28.7,19.6
29.6,19.8
30,20
28.4,19.5
29.3,21.5
29.1,22
29,21.5
27.8,21.9
28.4,20.9
29.7,21.2
29.2,21.1
29.2,21.8
28.4,23
30.2,21.6
29.8,21.5
30.2,22.3
30.6,23.3
28.6,21.8
27.2,21.3
26.3,19.7
25.8,16.5
28,16.4
28.6,18.9
28.5,19.7
29.2,19.2
29.6,21.1
25.6,20.8
26.9,19.5
27.9,22.3
27.5,19.3
28.8,18.5
28.9,20.5
28.7,21.1
27.6,22.9
26.3,22.3
28.3,21.3
26.1,21.5
27.3,20.1
25.5,16.2
27,13.3
27.6,17
27.8,18.4
26.8,19.8
26.8,18.6
26.9,20.3
25.1,20.9
27.6,20
27.2,20.9
27.7,19.3
27.4,18.8
29,20.5
29.6,20
30.2,18.8
29.2,17.9
27.3,21.5
25.6,17.5
22.1,18.9
23.4,16.1
26,15.5
27.5,17
25.8,15.7
23.7,15.2
25.7,16.5
28.5,16.5
26.1,17.8
27.6,18.2
20.2,15.9
21.9,14
22.4,12.4
23.1,13
24.4,13.5
24.2,14
25.3,16.1
26.1,18.5
25.1,16.1
23.4,16.4
25,16.4
25.4,17.3
24.5,16.9
24.7,16.3
25,15.8
20.3,15.4
20.9,11.8
21.4,12
20.3,15.2
20,14
21.5,12.3
22.6,14.1
23.6,15
22.6,16
20.7,17
23.4,17.4
19.9,17
18.9,15.1
21.5,16.2
23.2,14
21.7,13.4
22.6,17.5
24,16
22.9,13.3
22.9,16
24.2,14.5
21,14.8
22.8,13.7
21.2,13
22.5,14.5
23,17.1
23.3,18.3
23.5,16.9
23,16
21.9,14.2
20.5,12.4
21.9,13
20.8,12.4
20.9,14.9
18.4,9.9
18.6,9
20,8.1
20.9,8.8
15.1,11.4
18.9,11
15.1,12.3
16.8,11.9
16.2,12.3
17.8,11.8
17.3,11.7
17.4,10.4
16.3,8.8
14.4,10.2
13.9,8.2
14.8,9.9
16.1,9.4
14.6,7.3
10.6,7.2
11.1,4.1
13.7,4.4
10.7,4.1
10.3,3.4
12.9,3
13,3.3
12,2.6
13.5,4.3
15.8,5.8
15,7.5
16,4.9
15.8,6
13.1,4.3
14.3,3.9
12.5,5.2
14.8,3
13,4
10.5,0.9
7.9,1.9
9.1,4.4
8.9,2.9
8.7,2.7
11.8,2
14.8,5.6
9.8,7
12.3,4
11.9,2
11.7,1.2
12,1.6
11.8,1.8
12,3.8
8.8,1.6
10.5,0.6
8,4.5
8.8,1.6
9,-0.5
9.4,2.9
14.4,5.4
13.9,8.1
14.3,5.7
14.3,4.5
11.6,2.2
7.2,3.6
9.9,2.8
12.9,9.2
13.6,8.9
12.6,5.3
12.5,8.1
11.9,4.9
11.5,4
13,4.2
13.6,3.2
8.6,2.9
10.4,7
13.4,5.9
14.4,6.9
15.8,6.1
15.4,5.7
14,7.2
12.5,5.8
12.7,3.5
13,4.3
12.1,2.2
10.5,1.6
6.4,2.4
3.8,2
9.2,3
12.9,5.4
18.2,8.8
14.3,5.8
14.3,4.3
12.6,4.4
10.6,4.9
11.3,3.1
12.6,1.3
12.1,2.3
13.3,2.4
12.9,4.8
11.6,5.3
11,4.3
12.2,7.2
13.5,5.3
14.4,7.1
14,5
19.9,9.9
17.9,10.3
18.2,7.4
14.8,7.8
13.8,6.4
14.7,4.6
12,3.6
12.3,4.9
9.5,3.9
13,1.8
10.6,3.6
12.8,6.8
11.2,3
12.8,3
14.4,3.1
15.3,7.9
15.5,10.3
13,5.2
15.6,6.5
13.5,4.9
17.5,7.2
19.3,7.6
17.4,8
15.6,7.7
15.8,6.4
10.2,7.9
15.5,7.3
14.4,6.7
14.7,6.6
14.8,6.6
14.2,11.4
15.6,10.7
15.9,10.6
16.6,9.3
17.4,8
17.8,8.3
22,11.9
17.9,9.5
18.3,9.5
18.7,8.9
22,10.4
16.8,8.8
20.4,9.2
19.6,10.7
20,10
21.1,11.8
20,10.8
19,10.1
20.6,8.3
15.4,10.2
16.6,10
19.2,9.7
18.6,10.7
18.9,11.1
16.6,8.8
16.8,6.5
18.3,8.8
19.1,8.1
18.5,10.6
20.3,11.8
19,12.3
19.2,11.1
19.5,10.1
19.6,10.8
20.1,10.1
19.1,14
20.5,12.2
22.5,12.4
22.7,12
24.8,11.5
20.4,13.5
21.3,13.4
20.8,12.2
18.4,11.9
20.7,12.1
20.2,13
20.8,12.6
21.5,16
22.5,13.2
22.9,12.1
22,11.2
22,13.9
20.1,11.8
21,12.8
19.8,12.2
22,14.5
22.6,14.3
24.3,12.9
25.2,13.5
25.3,15.2
24.9,15.8
23.7,17.6
22.9,15.7
22.5,14.8
23.4,15.7
25,17.8
22.1,14.2
22.5,13.9
22.8,11.9
24.4,13.9
27.1,14.9
28.8,16.2
25.8,14.6
23,17.9
19.6,12.7
22.1,12.3
23,15.8
21.7,15.3
23.8,13.1
24.2,13.2
23.7,13.7
23.1,15.2
22,16.3
22.4,17
24.7,16.3
26,16.3
25.4,16.7
24.1,15.7
24.5,15.8
25.8,18.4
27.2,19.7
25.5,20.6
26.5,19.5
26.1,19.1
25.2,20.4
29.7,19
30.4,18.5
28.4,18.4
28.7,19.6
27.9,19.3
27.7,20.1
27.6,19.8
27.8,19.7
31.3,20.5
29.7,20.5
29.9,20.6
30.8,19.3
29.3,19
27.9,20.7
28.8,21.6
29.9,21.6
28.6,20.7
29,20.7
29.2,20.1
32.1,20.4
29.7,22.2
31.3,21.8
32.1,23
30.2,22.5
29.4,22.5
30.2,22.9
31.7,21.7
30.7,21.5
30.9,23.5
31.5,23.5
31.2,21.3
31.7,21.3
33,22.9
31.8,23.3
31.3,21.8
32.1,20.9
31.2,21.4
29.7,22.4
30.7,22.1
30.9,22
31.2,21.7
30.6,25
30,24.1
30.8,22.1
29.8,20.8
28.5,21.9
28.7,21.2
29.2,20.4
29.6,19
30.6,18
29.2,22
29.6,21.2
25.3,18
25.4,18.1
23.7,18.8
25.3,17.6
26.9,17.5
27.2,19.8
27.7,17
28.8,18.6
28,19.2
27.9,19.1
27.7,19.3
27.9,19.7
28.2,20.2
26.4,19.3
26.2,20.1
26.1,19.6
28.1,18.7
26.3,20.4
25.6,18.9
28.4,18.8
26.5,20.5
25.2,20.5
28.5,20
30.1,19.7
27.4,21.3
28.3,20.4
28.1,20.6
29.2,20.3
26.8,21.4
26.1,20.9
26.7,19.5
26.2,19.2
25.2,18.6
21.9,17.4
24.6,16.1
23.1,16
24.4,16.7
26,17.8
25.8,18.1
24.7,16.9
25.7,18.3
25.2,22
21.7,19.1
23.6,18.5
23.7,16.7
24,16.3
23.9,15.5
25,15.8
25.6,17.4
26.4,18.4
25.8,18.3
25.4,17.4
27,18.5
22.6,15.3
21.9,13.1
22.4,14.4
24.3,15.1
21.2,19.3
23.6,17.8
24.6,17.9
22.7,15.1
17.9,15.1
22.3,15.3
23.2,14
22.3,13.9
21.3,16.1
22.3,16.2
22.3,16.5
21.8,15.6
22.4,14.8
22.8,14.3
22.6,13.6
23.9,18.3
24.2,15.9
23.5,14.8
24.3,18.5
22.3,18.3
21.9,16
23.9,14.7
24.5,16.2
22.7,15.2
21.3,14.9
17.5,12.8
16,11.2
17.7,11.1
18.5,10.8
19.2,8.5
19.6,10.8
21.2,14.2
20.3,12.5
20.8,12.6
19.5,14.7
19.7,14.2
-99,-99
19.2,10.7
20.4,10.4
20.3,12.1
17.5,12.3
18.5,10.2
19.9,7.5
18.5,9.8
19.4,7.7
18.1,12.3
21.5,11.4
19.4,10.8
19.3,13.7
19.7,12.4
18.7,10.2
10,8.3
-99,-99
15.7,8
17,6.2
16.6,11.3
18.3,10.3
18.8,11.6
19.3,10.3
16.4,8.9
15.4,6.2
16.6,8.8
14,7.6
13.3,6
12.8,4
12.4,2.5
12.3,5.7
15,4.1
14.4,7.6
16.7,9.7
15.8,7.1
9.9,6.1
10.7,4.4
10.9,3.5
11.4,3.7
11.1,3.4
14,7.5
13.8,7.2
13.6,4.8
14,2.8
13.8,2.8
13.9,2.8
13.7,2.2
14.5,2.5
15.2,5.3
14.4,6.5
14.5,6.4
13.8,5.6
14.6,5.8
14.9,6.1
14.5,5.5
15,5.2
15.9,5.6
16.4,6.7
15.8,6.2
16.6,7.4
15.8,6
16,6.3
15.3,8.1
12.9,7.6
13.8,8.6
14.7,7.6
16.8,5.9
10.9,9.1
-99,-99
-99,-99
-99,-99
-99,-99
-99,-99
-99,-99
10.3,3.3
10.2,0.7
12.1,1.4
14.7,2.3
11.8,4.6
13.4,9.1
13.8,7
13.8,5.2
14.3,4.6
12.5,4.6
14.7,9
14.6,7.1
16.9,5.6
16.4,6.4
14.8,7.8
18.4,5.3
17.8,7.6
19.9,12.7
16.1,9.8
20,7.6
23.7,8.2
16.6,4.6
13.7,9.6
14.4,7.3
15.4,6.7
15.5,6.3
14.2,9.2
15,7.3
17.8,6.2
19,7.5
19,9.2
17,7.8
16,7.1
20.6,10.2
20.3,7.5
20.9,13.8
22.6,11.4
21.3,9.1
18.9,8.7
14.9,9.4
16,7.4
17.7,8.9
16.3,6.4
19.8,6.5
16.4,6
17.6,6.8
18.4,6.6
20,7.2
18.8,8.6
17.1,8
18.7,9.5
16.7,8.7
17.4,6.7
13,5.7
14.4,4.6
15.7,2.7
15.1,4.9
16.2,4.5
13.7,6.1
15.8,6.7
15.4,8.7
13.8,9.8
16.8,10.6
17.1,8.7
15.8,8.9
16.2,10.3
15.3,11.1
12.1,9.8
14.5,8.2
12.2,7.4
16.6,9.4
16.1,8.6
18.7,7.4
16.7,10.3
16.1,11.4
17.1,11.7
15.3,13.5
16.3,13.5
20.2,13.8
19.1,11.5
22.1,10.4
22.2,12.8
23.2,13.8
21.2,12.9
18.2,12.1
18.7,10.5
22.2,9.4
23.5,11.6
23.3,10.8
24.3,10.5
22.1,13
22.5,12.6
21.7,14.8
17.8,11.8
20.2,11
18.2,10.7
19.2,10
17.3,11.7
17.5,10.2
22.6,10.4
24.7,12.2
23.9,13.3
22.7,13.4
21.3,13.8
24,12.4
22.2,13.4
23.7,14.5
23,13
23.2,15.1
20.4,12.5
22.5,14.8
22.5,14.1
24.3,16.5
23.8,15.6
23,15.4
24.4,18.1
25.9,18.1
26.9,18
28.7,18.3
26.3,15.7
24.1,16.2
21.8,15
23.2,12.7
21.7,11.8
22.5,13.6
23.1,16.9
22.6,13.4
23.3,13.8
23.5,13.8
25.7,16.7
24.9,16.9
25,16.2
24.3,18
24.9,15.9
25.7,15.7
26,17.1
25.1,17
26.8,16.6
25.6,18.3
25.5,18.5
29.4,20
24.3,18.5
25.7,20.3
29,20.2
26.6,21.2
26.7,19.3
25.6,19.6
24.9,18.3
24.7,16.4
27.2,17.4
28.2,18.7
24.7,18.5
22.4,19
25.4,19.1
25.9,18.7
26.8,17.9
26.8,17.4
26.1,19.1
26.4,17.9
23.7,18.6
24.4,17.2
25.6,16.4
28.9,15.2
29.9,18.4
28.6,20.8
25.8,18.5
23.9,19.3
26.3,18.1
26.8,18.8
25.7,20
27.6,19.3
27.4,21.7
27.3,20.8
27.3,20.4
27.6,19.2
26.4,20.5
25.6,20.2
24.8,20.7
27.7,19.7
27,19.9
27.3,20.6
27.6,19.9
29.4,18.8
29.2,19.9
29.2,20.7
29.6,19.9
28.6,23.4
29,22.6
27.9,22
28,21.1
28.5,19.9
28.4,20.3
30.1,21.7
25.3,21.3
22.5,17.6
26.6,18.2
26.5,19
27.8,18
28.5,17.5
27.1,17.6
27.1,18.7
28.4,20.5
26.1,21.4
26.8,20.7
26.4,21
22,18.2
24.5,17.1
24.4,17.2
22.8,15.8
25.4,16.5
24,18.2
29.5,20.7
30.5,21.2
30.3,20.3
29.8,19.5
29.4,22.5
28.3,21.4
25.8,18.1
25.4,16.5
26.5,16.4
26.4,17.6
26.1,19.5
24.4,16.5
25.5,15.6
26.2,17.8
26.1,18.2
26.1,18.4
24.9,18.8
26.7,17.8
25,19.6
25.8,18.8
24.7,18.9
27.2,18.5
27.5,18.3
26.8,19.3
26.2,19
23.7,18.4
22.4,18.7
25.1,19.1
24.6,19.6
24.7,17.5
25.4,15.4
22.9,17.5
25.1,15.6
22.4,13.8
20.3,10.5
23.9,14.9
25.4,16.9
26.1,17.6
25.2,18.2
23,20
24.4,17.9
23.3,17.3
24.3,16.1
25.9,16.3
25.1,16.2
23.7,15.7
22.8,12.6
19.9,13.9
22.9,13.2
22.4,13
22.7,12.8
21.6,13.3
22.1,14.5
21.8,16.3
23.4,15.2
20,13.6
19.3,13.6
18.4,11.6
19.1,9.9
20.6,14.3
17.5,12.5
17.7,11.9
18.1,11
18.3,11.5
21.1,10.2
19.8,11.7
19.7,10.7
17.3,9.3
20.4,10.5
19.5,8
18.7,8.5
19.2,8.7
17.8,10
18.8,9.3
19.4,8.3
19.2,7.2
18.6,9.3
18,7.6
17.8,5.9
15.4,8.4
17.7,8.6
14.8,7.4
15.8,2.7
13.2,0.6
12.6,0.7
15,-0.5
17.4,2.1
19.1,10
20,12
16.2,11.3
15.4,10.7
13.6,8.2
12.6,5.8
17.2,4.6
16.4,6.4
14,5.7
15.7,4.3
15.7,4.2
16.6,4.7
16.5,7.4
17.8,8.3
16.7,7.3
17.8,7.7
16.4,7.2
15.8,6.9
16.2,7.8
20.6,11.1
16.2,9.4
15.6,5.8
13.5,3.3
12.6,1.5
12.6,0.2
11.5,1
10.5,2.3
8.3,1.2
11.3,5.8
12.3,5.2
12.8,6.6
13,10.7
13.6,10.8
14.6,7.7
14.7,5.2
14.7,4.5
14.2,4.3
13.6,3.1
13.9,1.9
13,1.6
13.2,2.8
12.3,2.4
12.3,1.1
12.3,0.9
10.3,2.9
14.4,4.4
13.6,7.2
18.8,8.8
17.2,8.6
15.8,9.5
16.3,8.7
15.7,11.2
14.9,8.9
13.6,6.7
13.5,4.9
12.6,4.5
14,4.1
15.6,9.7
14.9,6.4
17.4,9.4
16.8,9.1
15.9,7.1
13.2,6.5
15.7,5.2
16.2,7
19.6,6.9
16.2,7.3
15.1,5.6
16.3,4.8
17.6,6.9
15.6,5.1
14.8,4.7
14.4,5.2
13.8,3.9
12.4,5.9
13.3,6.1
15.6,5.3
15.8,4.7
18.6,5.2
17.3,6.2
15.1,5.9
15.4,5.5
14.5,3.5
13.5,5.2
13.2,5.8
13.4,6.1
13.9,7.5
13.7,6.3
13.6,5.4
14.4,7
12.4,8.1
13.6,10.1
14.7,11.7
15.9,9.8
18.6,8.4
17.4,6.9
14.3,7.4
15.2,11.8
17.9,9.5
14.1,9.4
15.5,10.5
18.1,10.2
18.4,8.6
18.3,9.4
15.8,8
15.1,6.9
11.9,6.3
15.2,1.4
13.8,5.9
15.1,6.2
16,9.3
14.2,8.5
19.6,7.8
18.9,9.9
16.1,9.6
16.1,7.5
16.5,8.9
18.7,7.8
18,7.6
15.3,7
14.9,8
14,5.9
16.1,6
17.1,6.5
13.4,4.5
17.8,6.5
17.4,9.1
15.7,7.2
14.8,7.6
14,9.7
17.3,10
18.1,10.9
18.6,7.7
19.3,7.3
19.7,8.1
20.5,10.6
16.6,9.1
17,8.9
18.5,10
12.4,9.6
19.2,9.6
19.7,12.4
20.9,13.4
18.1,8.8
16.8,8.6
17.7,7.8
16.6,9.7
15.8,9.7
17.6,8.7
17.3,10.2
17.5,9.3
18.1,10.9
16.7,10.4
20.7,8.4
18.8,8.6
20.3,8.8
21.4,11.3
21.4,11.4
21.4,10.7
19.7,11.8
18.2,13.8
18.1,11.8
22.7,11
19,9.5
21.5,11
23.2,11.2
23.2,11.2
24.1,12.9
21.2,15.2
21,14.7
20.2,12.6
16.9,13.3
16.3,12.9
18.8,13
19.5,13.2
20.4,12.2
20.2,12.2
22.1,15.7
20.9,14.9
19,13.8
21.9,13.6
19.1,13.9
23.3,15.2
22.8,14.2
22.3,14.2
21.7,13.6
22.3,16.9
18.6,13.2
23.5,12.8
20,14.9
21.1,13.3
22.6,12.7
24.5,14.8
20.3,16.2
20.2,15.1
21.5,14.8
23.1,15.2
23.3,13.9
23.8,15
22.4,14.9
21.7,15.4
22.3,14.3
23.1,14.7
20.6,17.1
22.5,15.6
27.4,15.7
23.2,17.2
22.6,16.3
21.6,15
24.5,18.2
24.7,16.1
25.4,15.4
26.1,17.3
27.9,16
30.9,16.4
31.4,17.3
29.9,18.3
27.1,21.3
29.5,19.3
29.3,20.2
28.6,20
29.1,19.8
28.6,20.2
31.1,21
29.7,19.7
29.1,20.3
25.3,18.7
27,16.7
28.2,19.3
29.1,21.3
25.9,19.5
26.4,17.2
27.6,20.6
28.3,19.5
29.6,20.2
26.7,17.5
25.8,16.7
25.6,18.9
27,19.1
27.5,19.7
29.1,19.9
27.8,20.9
28,20.5
28.5,22.4
27.9,21.4
26.6,20.3
27.8,17.8
28,20.1
28.1,20.7
30.5,21
29.3,21
29.6,21.4
28.1,22.5
29.5,21
30.5,21
28.7,22.2
30.3,21
29.3,21.6
30.3,20.6
31.2,21.7
31.7,22.5
29.3,21
29.9,21.5
28.6,21.4
29.5,21.6
29.9,23.4
30.8,23.7
27.1,22.6
25.9,20.8
28.7,19.2
26.4,19.6
26.8,19.3
29,20
-99,-99
-99,-99
28.3,20.4
29.5,18.9
19.3,18.6
-99,-99
-99,-99
27.1,20.8
27.5,21.2
28.4,19.6
28.3,19.7
-99,-99
-99,-99
-99,-99
-99,-99
-99,-99
28.8,20.4
28.8,20
30.2,18.7
24.9,17.6
27.3,17.3
26.9,20.3
29.1,21.2
27.9,19.6
24.9,18.2
25.7,15.7
26.1,15.5
25.2,16.7
25.8,17.5
26.3,18.8
26.2,19.3
25.9,19.6
25,19.4
22.6,18.9
20.9,18
18.9,15.8
22.4,14.3
23.4,16
19.7,15
22.1,15.2
22.8,13
23.4,13.7
22.8,15.2
23.4,14
23.5,15.6
20.4,12.2
19.7,9.5
21.9,9.8
23.8,12.2
24.6,14.7
20.9,15.7
20.1,13.8
23.6,16
22.7,14.5
22.6,20.7
24.8,18.1
26.4,17.2
24.9,16.7
23.5,15.8
23.1,18
18.9,16.5
21.3,16.3
23.9,17.9
23.9,16.4
20,14.4
16,12.3
20.7,12.9
23.3,14.7
23.1,12.8
21.8,11.1
16.5,10.9
10.7,5.3
16.7,4.2
18,9.6
20.9,14.8
19.3,8.9
16.3,6.3
18.4,8.9
16.2,7.9
16.4,9.6
18.2,8.1
18,9.6
18.1,9.7
19,9.7
18.6,11
13.9,10.3
17.6,8.8
17.1,5.9
17.8,6.6
17,6
16.4,7.4
13.5,7.4
16.3,7.4
15.6,7.2
16.1,7.2
18.9,11.9
14.2,10
15,6.2
14.2,5.3
11.4,2.8
10.9,1.5
11.8,2.9
11.7,2.3
12.2,6.7
12.6,5.4
12.8,4.6
12.8,2.9
12.3,4.1
18.3,7.6
14.1,5.1
13.7,8.9
13.2,10.3
14.2,9.2
10.6,3.5
10.9,0.1
12.3,3.5
13.1,4.4
10.3,4.5
8.6,5.2
9.7,5.9
12.8,5.5
13.9,4.5
13.5,5.7
13.7,6
14.5,5.4
14.6,3.9
13.6,2.7
13.4,3.1
12.7,3.8
10.5,5
13.3,10.6
11.5,8.3
8.7,7.7
13.4,7.7
14.4,8.2
13.1,7.1
12,7.5
10.9,6.8
11.5,4.6
10.4,3.9
8.5,2.1
6.5,0.6
6.1,-0.5
9.4,3.9
11,5.8
12.3,5.3
13,4.1
12.4,2.4
13.4,4.7
12.2,3.4
12.7,4.3
13.7,4.8
13.9,3
14.7,5.5
12.9,4.6
11.8,3.8
12.8,2.7
21.2,8.5
16.7,10.1
14.8,7.7
13.2,5.8
15.3,5.8
15.2,4.8
12.8,5.9
14.1,10.5
13.9,10
12.2,8
12.3,7.8
12.3,6.4
14.4,5.6
13.1,6.9
12.4,7.4
12.6,4.8
13.5,4.2
17.3,4.7
17.3,9.9
12.9,4.8
12.3,4
11.4,5.6
13,4.5
9.1,7.2
10.7,5.7
13.3,5.4
15.5,5.8
14.3,5.4
12.5,4.6
13.9,4.2
16.3,4.8
15.1,7.2
14.9,6
14.6,6.5
14,3.2
16.4,5.4
13.2,5
14,7.7
15.3,6.9
13.5,8.9
12,6.7
12.2,4.6
16,6.9
15.9,3.1
16.2,5.5
15.5,8.7
15.2,9.5
15.3,7.8
16.2,6.6
16,7.1
19.3,8
18.5,8.6
19.5,8.3
18,7.3
16.8,5.9
16.6,6.2
16.7,7.6
14.5,5.9
14.9,6.7
18.6,7.6
18.6,5.5
15.7,8.5
17.1,7.4
16.2,7.1
13.2,9.1
13.5,8.8
12.9,9.3
12.3,9
14.6,8.8
12.4,7.8
16.7,8
16.1,7.6
16.3,8.1
16.8,8.4
15.6,10.3
15.4,10.6
18.4,8.5
14.6,12
14.6,9.2
14,7.3
19.6,11.9
17.6,8.9
16.6,10.6
17.5,10
18,9
17,8.6
17.7,8.3
18.6,9.6
20.7,11.2
23.3,13.2
23.3,11.5
21.1,11.6
18.7,12.9
17.2,11.9
20.3,10.5
20.7,12.1
19.8,9.2
18.4,11
19.7,12.5
21,12.1
23.5,11.2
22.3,12.5
20,13
22.4,11.1
22,11.9
22.2,12.8
20.3,13.1
20.7,16.2
20.3,16.1
22.5,15.6
22.5,15.6
18.3,14.1
20.6,12.1
20.4,11.6
21.1,12.5
21.8,11.9
22.6,13.1
25.8,15.2
24.7,18.3
24.2,16.7
24.9,18.7
23.9,17.2
23.1,16.4
24.8,14.9
23.1,15.8
25.6,13.7
23.5,15.5
25,14.1
24.5,14.8
24,16.3
26.6,15.1
25.1,15.7
25,15.4
23,17.1
24.8,15.1
23.6,14.1
23.2,15.4
25.9,15.3
24,17.4
25.1,16.8
25.5,17.8
27.7,16.7
28.5,20.2
27.9,19.8
28.5,20.3
28.2,20.3
28.4,18.9
29.1,21
25.7,20.2
24.8,17.9
25.2,16
25.1,17.6
26.3,18.7
27.1,18.8
28.1,18.1
28.5,19
27.4,19.2
29.8,20.6
31.6,18.6
31.8,22
30.1,20.5
30.1,21.3
31.2,21.3
29.5,22.1
28.8,22.4
25.9,21.9
25.7,20.7
21.9,18.5
24.5,20.4
25.6,20.6
27.7,19.9
28.7,19.8
28.2,23.7
28,21.8
27.7,21.3
27.8,20.9
26.5,16.1
26.5,16.9
27.5,19.1
28.3,19.8
30.6,22.7
34.5,23.1
31.3,22.2
27.8,20.1
28.3,20.5
29.9,20.7
28.8,20.9
28.7,20.2
29.7,21.6
29.2,22.4
29.3,21.7
28.6,21.6
26.7,21
29.2,19.9
29.1,21.5
30.2,20.7
30.2,20.7
29.6,21.3
29.3,21.8
28,20.9
29.5,21.4
30.2,21.4
30.7,22.6
32.1,22.3
31.1,22.3
29.6,20.8
31,20.2
31.5,21.2
33.5,19
34,21.2
29.9,21.6
30.1,22
29.7,21.8
31,22.3
28.9,23.2
28.9,22.4
29.9,21.3
29.9,22.2
28,24.1
27.5,21.1
27.9,20.8
29.4,21.9
29.2,23
27.9,21.9
28.7,22
25.3,19.4
25.6,18.8
26.6,17.7
26.5,18.3
27.5,17.6
28.3,17.7
27,19.8
27.1,18.3
25,19.6
26,17.2
18.4,14.2
22.7,13.6
23.4,16.4
23,16.6
23.4,15.2
24.1,15.3
24.1,15.4
27.7,16.9
26,18.8
27.3,17.3
26.3,17.6
25.1,18.1
25.4,17.6
24.4,18.6
25.9,16.8
24.2,16.5
25.8,16.1
24.8,16.4
23.7,15.5
23.6,14.4
25.3,16.3
25.6,17
27.8,17.1
27,18.6
24,18.6
24.1,17.9
24.1,16.3
24.3,15.9
24.2,15.5
23.2,14.7
19.8,11.4
19.9,10.3
19.2,9.4
19.2,9.1
16.5,10.8
19.7,14.3
21.3,12.1
13.9,12
20.6,10.5
22.1,13.3
24.6,15
22,14.6
22,14.1
21.3,14.7
22,15.1
21.8,13.9
20.6,13.3
21.6,14.2
21.2,12.4
22.7,12.9
22,10.2
17.4,10.4
16.1,8.1
19.2,9.2
14.8,10.3
16.7,8.6
14.4,5.9
16.4,7.8
17.7,10
18.8,10.5
19.4,11.6
20.6,11.1
21.8,8.6
18.4,11.4
20.2,10.9
17.8,11.6
18.8,11
18.5,10.7
21.2,9.4
17.8,8.7
17.2,7.5
17.7,7
18.1,9.6
16,8.7
16.5,6.2
16.4,6.7
12.9,5.8
14.6,6.8
15.1,5.3
14.7,7.8
16.9,7.9
14.9,7.8
16.2,6.8
17.1,8.2
18.4,9.5
16.4,6.9
17.9,7.7
16.9,7.2
13.2,5
8.1,6
9.4,5.7
6.7,3.7
7.2,0.4
6.6,3
9.1,0.5
9.1,-0.6
7.6,-1.1
8.7,0.3
12,5.9
13.8,8.2
15.1,9.7
15,11.4
11,9
13.6,5.3
13.7,7.3
18.5,8.7
18.7,12.7
16.6,10.9
-99,-99
-99,-99
13.3,6.2
10.9,7
11.4,8.9
11.2,3
6.3,3.7
6.6,4.5
7.5,1
6.7,-0.7
8.6,1.1
8.7,0.2
13.5,6.2
13.6,7.5
15.6,5.8
13.4,4.9
12.1,9.1
11.6,9.4
10.9,9.2
14.6,8.2
13.6,5.9
14.9,4.8
12.5,5.5
13.5,9.2
9.8,5.3
12.7,4.6
11.6,3.2
10.3,1.9
11.4,3.6
14,5
9.2,4.5
10.2,2.5
11.8,2.7
12.5,1.9
10.5,4.9
16.6,7
17.2,9
14.1,6.2
10,7.2
9.3,6.6
13,2
7.2,1.5
7.6,-0.8
6.9,1.1
7.5,1.7
7.1,-0.3
11.3,6.3
13.5,8.8
15.2,6.4
15,6.7
14.1,3
11.7,2.3
13.8,4.2
19.2,8.4
18.2,8.9
16.5,8.4
17.7,8
14.2,7
17.4,9.4
18.3,6.7
15.8,7.5
11.7,9.1
14.5,7.7
13.1,7.1
12.6,5.4
10.1,3.9
5.8,1.6
10.6,1.3
7.7,0.2
9.2,1
8,2.1
12.1,2
14.1,2.4
13,4.6
13.9,4.2
14.4,3.8
15,4.5
15.2,6.6
17.9,8
17.2,10.6
15.5,11.3
16.2,10.8
14.8,12.3
15.6,12.3
19.6,10.8
20,9.2
16.6,8.5
16.2,7.1
19.6,9
17,5.9
15.8,9.4
16.4,6.4
17.2,8
14.2,8.6
15.1,7.4
17.1,8.1
14.9,9.6
15.1,9.1
19.2,9.5
20.4,8.4
20.2,9.6
13.9,9.9
14.3,9.1
15.5,8.1
17.2,7.7
17.3,8.2
17.5,8.2
16.8,11.5
18.7,9.3
20.3,11.4
20.6,10.2
17.7,11.6
19.8,12.9
21.2,10.9
21.1,11.6
22,13.7
24.1,13.8
24.2,12.3
21.7,11.6
20.7,12.8
20.1,14.4
20.6,13.4
13.2,9.2
12.4,8.2
17.6,8.1
15.7,10
17.3,10.9
19.4,12.8
19.5,11.6
21.6,11.4
21.7,11.9
18,14.2
19.7,11.4
15.1,9.3
20.6,9.5
19.1,9.9
18.4,10.8
19.7,10.6
20.7,11.1
22.1,12.3
23.1,12.4
23.5,14.5
21.9,12.8
23.6,12.1
23.6,12.6
23,13.2
22.6,16.5
23.2,16.2
24.3,15.7
24.8,15.2
26.5,16.5
22.7,17.8
23.9,17.1
25.2,14.9
26,15
26.7,15.9
22.7,17.3
24.4,16
25.9,17.2
22.8,19.6
23.7,19.4
22.4,15.7
24.2,14.4
23.9,15.8
23.1,15.4
21.4,15.3
23.3,15
22.9,14.7
25.6,14.9
24,15.4
24.7,13.6
24.4,14.7
23.9,13.5
24.6,15.1
26.6,16
28.1,14.3
27.5,17.2
29.4,16.6
31.1,18.5
29.7,18.8
29.1,20
30.9,17.8
29.4,17.5
28.7,19.4
30.4,21.6
31,20.9
28.6,20.9
29.2,20.4
31.3,20.2
30.4,20.4
28.8,21.5
32,20.6
31.6,21.8
30.6,20.9
30.9,21.8
29.3,21.6
30.1,20.8
30.8,23.1
30.2,22
30.1,21.2
30.9,21.8
31,22.4
27.8,24.2
29.2,21.5
27.4,20.2
29,21.6
28.5,19.9
29.6,20.8
28.9,20.9
29.6,21.5
28.2,21.7
29,22.8
28.8,20.9
29.4,19.6
28,19.9
27.2,21
27.6,21
26.5,20
28.1,20
28.8,19.4
29.4,22.7
28.5,21.4
28.8,20.9
29,18.8
24.2,18.9
24.4,17
26.2,17.5
25.3,18.3
27.2,20.4
27.5,20.9
27.6,20.8
29.2,20.3
30.8,21
29.7,21.2
28.5,21.4
29,22.5
28.8,21.4
29.1,21
35.1,22.4
28.8,23.1
27,21.4
26,20.7
26.3,19.9
26,20.1
26,20.9
27.5,19.5
28.2,20.2
28.7,20.2
27.9,20.1
28.5,19.3
27.1,18.7
26,17.4
26.2,19.3
26.1,17.1
27.2,18.8
26.6,18.6
26.8,21.1
25.6,18.4
27.9,19.1
23.9,17.6
22,16.6
24.5,15.3
23.3,16.6
23.2,19
25.2,17.3
25.2,18.7
24.9,18.4
24.5,15.2
21.1,15.1
20.7,13
21.6,14.3
23.6,13.4
24.4,13.7
23.2,18
24.8,18
25.5,17.4
24.8,16.1
23.4,14.7
24.9,13.5
24.1,19.2
25,20.6
25.5,19.9
21.5,16.3
21.4,15
19.2,17.2
20.7,16.1
20.8,12.8
19.9,11.6
19.1,10.8
20.3,8.1
18.2,8
18.2,9
19.7,7.5
17.9,11.7
21.1,11.4
21.2,12.9
20,12.7
17.6,8.3
17.7,8
19.2,6.6
19.6,8.8
20.5,9
20.3,14.4
20.1,11.6
17.3,10.5
22.9,11
20.7,11.3
21.4,11.4
19.9,11.8
19.6,10.8
19,10.2
14.2,7
18.8,7.3
17.3,11.1
17.7,7
19.6,7.4
19.4,9.2
18.8,9.8
16.5,10.8
18.2,7.7
13.1,6.3
15.3,6.8
11.8,4.9
13.9,4.8
15,5.1
15.6,6.3
13.8,5.1
13.6,4.7
13.6,2.7
12.4,3.5
12.3,2.7
13.8,3.5
8.7,2.6
10.5,6.7
13.3,4.8
11.3,2.7
10.3,1.8
10.4,0.9
13.9,3.2
17.9,10.1
18.9,8.6
19.2,12.1
16.3,11.8
15.3,7
14.8,4.9
15,4.1
13.5,5.1
12.5,5.5
10.4,1.8
10,1.1
11.3,1.2
10.9,2.5
13.6,5.2
14.5,3.7
9.7,3.9
13.2,6.8
15.6,9.2
12.9,5.6
10.7,1.8
10.9,1.1
11.2,-0.6
12.7,2.4
13.9,4.9
13.7,8.9
12.8,9.1
13.1,8
13.4,5.7
9.9,4.2
10.5,1.7
13.4,6.2
15,6.2
16,6.6
16.5,5.6
16.9,7
13.9,7.5
16.9,6.1
15.4,5.7
16.2,7.2
15,5.9
15.2,5.9
12.5,5.3
12.7,7.2
13.8,5.2
14.3,7.4
12.7,6.3
10.4,0.1
8.3,-1.4
8.1,-0.4
8.9,-1.5
10.1,-0.9
10,-0.7
9.7,4.4
12.4,6.6
12.8,4.7
10,4
12.3,5.4
13.4,4.6
14.2,4.2
14.4,3.8
14.3,5.2
14.5,4.6
18.2,5.3
13.8,4.8
12.6,4.7
13.2,4.1
12.9,4.3
13.6,7.7
13.4,5.7
14.5,4.6
12,4.9
11.7,4.7
14.5,5.8
8.9,6.5
17.7,5
14.7,4.9
14.8,6.7
16.3,6.4
19.9,9.3
15.5,7
16.9,8.3
17.6,8
15.7,7.7
16.8,6.5
12.9,5
14.1,3.1
13.1,7.1
8.3,6.1
13.2,7
14.6,6.1
16.1,5
15.5,4.8
13.9,9.6
14.2,6.8
15,6.3
13.9,4.9
13,11.7
16.5,8.4
14.7,9.6
14.8,11.4
14.5,9
21.3,9.2
19.4,8.3
18.1,9
16,8.5
16.1,7
14.9,9.2
16.6,8.6
17.3,7.9
16.8,9.2
15.8,8.8
17.2,12.8
18.6,10.8
18,9.5
17.4,9.4
19.6,10.1
20.7,10
21.1,10.2
20.4,12.4
20.1,12.1
20.4,10.7
19.9,9.9
19.4,9.3
22.5,9.2
24.8,10.3
25.9,12.2
23.6,13.2
23,12.8
20.1,13.5
18,9.8
18.2,10
19.2,9.9
19.2,9
20.1,9.2
18,10.2
18.4,11.6
19.7,13.4
16.5,14.3
19,13
19.2,15.3
19.5,13.9
23.8,13.8
23.1,13.4
22.1,12.7
18.7,12.9
21.4,12.1
21.9,10.6
17.9,11.4
21.9,10.6
20.6,13.1
22.5,12.7
22.1,15.3
19,13.9
23,14.9
21.6,15
21.8,14
22.6,12.4
23.3,14.9
25.5,16.5
24.5,14.7
21.3,13.5
21.6,12.7
22.4,12.8
22.6,12.6
22,13.7
22.9,13
24.2,14.5
26.9,13.6
27.7,16.5
29.1,16
26.5,17.9
25.9,15.9
23.3,18.7
23.1,16
25.2,15.7
24.6,16.5
22.1,16.5
22.4,13.8
18.7,14.1
20.1,13.6
22.2,14.1
20.9,15.3
23.5,13.8
25.1,16.1
20,15.2
21.7,16.2
19.1,17.5
22.7,15.6
23.9,18.1
25.2,17.8
27.3,17.5
27.2,17.9
26.3,17
26.2,19.6
25.6,19.1
24,19.6
25.8,19.4
26.6,17.2
29.1,17.7
27,18.5
26.2,18.3
27.2,18.5
29.4,17.9
27.8,19.2
29.8,18.3
30.2,20.2
26.6,19.6
28.2,18.2
27.6,22.5
26.8,21.8
26.8,20.4
27.6,18.8
28.2,18.9
27.7,20.7
27.7,20.5
28.7,17.9
28.2,20.2
29.1,19.8
25.9,20.7
28.5,18.8
23.1,16.5
26.7,19
27.2,20.3
28,19.5
24.1,17.6
28.3,18.5
23.8,17.3
26.2,19
22.9,19.6
25.2,17.8
23.4,18.2
26.7,17.8
27.2,20.4
25.8,19.8
27.7,19.7
26.9,19.7
26.8,19.1
27.3,19.5
28.1,20.8
27.7,21.5
28.6,21.1
28.6,20.5
28.7,20.7
28.6,22.9
26.3,22.1
27.1,19.8
25.5,18.6
26.6,19.1
27.5,19.4
27.8,18.6
29,20.3
29.6,21.7
28.5,20.9
31.1,21.4
30.1,20.5
29.3,21.4
30.6,21.3
30.7,19.7
32.5,20.7
32.6,20.7
29.4,21
30.5,23.2
30.3,22.5
29.9,19.7
27.1,18
28.2,19
29.1,21.4
28.3,22.3
28.9,22.4
29.2,21.2
27.9,21.5
27.9,20.8
28.3,18.5
25.6,21.1
26.7,18.6
28.2,18.9
28.6,21.6
28.3,20.6
29.4,20.8
28.1,19.7
27.8,21.3
28.4,20.3
29,20.9
29.1,20.1
28.3,19.5
28.1,19.4
24.2,15.7
25.3,14.1
24.7,16.4
25.6,15.4
25.9,17.7
26.4,17.4
23.1,17.8
24.7,16.5
25.8,16.5
27.7,17.2
26.8,17.2
26.9,17
25.4,15.9
25.3,16.3
25,15.7
28.7,16
27,16.1
27.3,15.7
26.1,17.2
23.3,17.1
23.1,13.1
23.5,14.6
26.6,16.2
27.2,15.9
28.2,15.9
26,15.2
24.4,16.5
22.2,16.2
23,14.7
23.6,14.6
23.5,14.2
23.2,13.8
20,11.8
17.6,10.6
20.8,13.5
19.2,13.3
20.3,14.4
20.7,12.9
20.4,9.6
21.1,14.1
19.6,15
21.6,16.5
22.4,13.6
20.7,13.4
22,14.9
22.1,16.3
21.1,16.3
19.4,15
18,13.4
15.8,12.2
19.8,12.7
19.3,11.8
20,10.7
19.5,10.9
20.5,11.6
20.3,14.2
18.6,14.6
17.9,14.1
17.1,13.7
16.3,13.7
18.3,13.6
16.9,10.9
16.9,10.1
19.4,13.4
18.5,14.4
17.3,14.5
19.6,11.2
18.3,9.4
17.8,8.7
15.9,7.9
16.3,6.8
15.6,8.8
19.3,9.7
17.7,7.6
16.4,7.2
17,9.7
15.4,9.9
16.3,9.8
16.7,7.1
16.1,6.4
17.1,7.6
17,7.1
14.6,6.3
14.7,6.7
14.8,5.1
16.1,6.2
17.2,6
18,9.6
16.2,9.3
17.6,11.4
13.4,8.1
13.1,4.2
11.4,2
15.2,3.7
15.7,6.3
17.4,7.8
15.7,7.2
15.4,6.2
13.6,4.5
13.6,2.9
15.9,3.8
14.7,3.1
14.7,4.8
15.2,4.1
16.1,7.7
16,8.4
17.8,6.2
14.5,6.3
16.4,5.3
16.1,7.3
15.8,6.3
13.7,4.7
13,5.6
14.5,4.9
14.1,3.5
14.8,3.7
14.1,3.9
12.8,3
12.2,1.5
12.3,4.4
12.2,4.7
14.8,6
13.4,5
13.6,2.5
15.5,6.2
15.8,6
16.3,6.5
16,7.2
14.8,6.2
14.3,4.3
14.8,3.5
13.2,7.9
9.3,6.3
10.5,2.1
11.2,1.6
12,2.2
7.4,3.1
4.4,2.2
5.1,-0.7
7.3,-0.2
6.3,-2.8
13.5,-1.1
12.9,0.2
8.6,0
10.6,0.2
11.3,2.7
10.1,-0.2
6.9,-0.1
9.5,-1.1
11.2,2.8
14.9,0.7
15.4,1.9
13,4.5
13.5,3.6
12.5,5.6
14.2,4.5
12.5,2.3
14.4,2.4
17.5,3.5
17.2,5.1
15.9,4.4
19.2,6.5
15.7,7
15.2,5.8
15.6,4.8
15.9,5.2
15.9,4.9
16.1,7.8
18.2,6.1
18.4,8.8
14.4,4.4
15.9,4
15.9,5
15.6,5.8
17.2,4.7
17.9,5.7
18.8,6.3
19.4,5.1
19.9,6.1
14.5,5.9
17.8,5.5
16.7,6.9
20.9,9.4
15.1,8.6
16.2,7.2
13.6,10.9
15.6,8.3
16,7.6
17.1,8.3
18.5,8.6
17.9,9.7
19.7,9.5
22.1,9.1
19.9,7.9
22.7,8
19.8,9.7
20.2,9.4
19.2,9.1
16.6,12.5
14.5,11.5
14.9,11.9
17.9,8.2
16.5,7.4
20,10.1
16.6,9.7
18.2,9.1
20.1,6.8
15.8,11
17.9,8.7
16.7,7.3
17,8.6
18.2,8.7
17.3,8.2
16.9,10.1
20.2,10
19.8,9.6
19.7,10.1
16.4,11.7
18.2,11.6
20.7,9.8
18.9,8.5
20.6,12.5
19.5,14.8
19.4,14.4
18.3,11.2
17.2,10.8
19,8.9
20.8,9.1
18.9,9.5
19.6,10.8
22.3,11
19.2,11
20.6,10.8
21.7,12.3
21.2,13
24.6,12.6
25.6,12.2
26,15.1
22,16.7
22,15.4
23.4,15.6
20,13.3
20.7,12
20.5,15
20.7,15.6
20.6,12.4
19.8,11.7
25.5,12.6
25.2,14.2
24.5,12.6
25.5,14.8
23.6,14.8
24.4,15.3
26.5,16.2
26.9,17.6
27.7,15.7
27.4,15.2
26.5,16.5
27,15.8
25.6,18
23.6,16.8
25,17.2
25.6,20.1
26.1,18.4
25.2,18.5
25.2,17.4
26.4,19.5
24.2,18.5
27.2,15.3
22.9,15.7
25.3,17
26.1,15.8
27.2,15.7
25.5,16.6
26.3,17.1
28.1,19.4
29.2,19.7
30.1,19.8
26.6,18.9
26.2,18.4
29.1,17.7
29,18.4
29.9,18.8
30.5,18.3
29.5,22.7
29.7,21.3
27.7,22.5
24.8,16.6
24.2,15.5
25.7,17.3
26.8,19.4
26.4,20.2
26.1,19.2
27.3,17.9
26.1,19.7
27.7,18.3
28.9,20
26.9,20.5
27.2,20
28.7,23.1
26,20.5
27.1,19
25.9,20.4
28.9,18.8
31.2,17.4
29.5,18.5
29.4,19.9
27.2,19.6
26.6,21.1
26.4,18.7
27.7,17
28.6,18.4
29.3,18.5
29.8,21.9
29.9,21.2
27.9,19.9
28.1,22.5
29.5,20.6
29.4,22.4
29.6,21.5
30,20.1
29.8,20.9
28.6,21.5
27.6,20.1
28,19.9
28.8,20.2
31.9,20.2
30.3,20.8
29.9,20.5
28.5,21.6
29.6,21.1
29.2,21.2
29.2,23
30.2,22.8
30,21.2
30.7,21.4
31.2,22.4
32.2,23
31.9,21.2
31.7,22.7
32.8,22.6
31,21.7
30.6,23.8
27.5,22.6
29.3,23.2
30.5,24
30.2,22.5
27.6,18.4
26.7,18
25.5,18.1
25.5,14
27.8,14.9
27.8,19
27.5,19.7
27.5,19.8
28.4,20.2
26.7,19.1
27.8,20.5
28.3,20.6
27.9,19.9
27.6,19.2
27.1,17.4
25.4,15.3
26.8,16.5
27.2,20
26.5,20
25.8,19.9
22.8,20.3
22.7,18.5
26.7,17.9
25.7,19.4
25.8,20.9
28.6,18.9
26.4,17.5
24.8,12.5
21.6,13.4
23,17.8
22.3,15.7
21.9,15.7
22.3,15.4
23.4,13.2
24.6,14.2
24.2,16.5
24.9,16.7
23.9,16.4
26.4,17.7
25,17.5
25.4,17.7
26.1,18.8
23.6,17.6
20.6,16.1
20.8,13.7
22.4,12.3
20.8,10.7
21.4,9.7
23.9,13.9
23.5,19
24.3,20
23.4,20.3
22.5,15.3
21.2,15.2
22.8,14.2
21.7,14.9
20,15.6
21.4,16.1
20.3,9.6
15,8.2
14.5,4.9
14.2,6.9
18.7,8
19.6,8
20.2,10.6
19.4,11.7
19.7,11.7
18,10.3
15.4,9.3
16,7
17.6,6.7
18.1,9.8
18,10.8
15.8,8.9
17.9,8.7
18.1,8.3
19.2,14.1
18.2,10.4
17.7,10.8
17.6,13.6
19,13.8
18,9.4
17.1,8.4
17.9,9.9
18.1,8.7
16.8,7
17.8,9
17.2,8.7
17.6,12.1
11.6,7.8
12.8,7.6
15.2,4.9
12.9,2.4
9.8,2.2
13.2,1.5
14.5,5.3
16.1,5.6
13.8,6.6
13.5,4.3
15.7,3.2
16,5
12.6,3.3
11.9,2.2
12.1,4.4
10.5,4.2
13.6,7.4
14.8,6.1
20.2,11.2
18.5,12.9
17.5,9.9
15.7,6.3
13.3,8.7
15.5,7.2
17.7,8.4
15.6,7.4
16.3,6.6
13.4,8.2
13.4,8.8
15.7,6.1
15.4,5.2
15.6,7.6
14.5,4.3
14.2,5.6
13.1,3.4
11.3,4.7
14.3,4.6
15.7,3.5
16.3,5.4
17.3,5.9
17.4,7
18.7,5.7
15.2,4.7
13.3,5.3
13.8,5.3
15.5,4.9
13.6,2.4
9.2,3.2
13.2,2.6
13.1,2.6
14.1,3.6
13.9,8.1
12,5
15.2,8.2
13.8,6.6
13.1,5.3
11.4,2.5
12.1,4.6
12.5,4.5
15.7,4.2
12.2,3.3
13.3,4.5
16.6,6.1
15.1,6.3
16.3,5.8
18,8.4
21.2,6
16.8,8.6
13.8,4.8
14.4,4.6
16.5,5.5
13.2,6.7
12.3,4.7
9.7,4.6
11.3,1
14.4,2.4
12.1,7.6
15.1,6.2
14,5.2
15,5.5
14.6,5.8
13.4,10.1
13.3,9
13.4,9.1
14.3,5.8
14.3,4.8
13.5,7.4
10.2,5.3
8.8,0.2
10.9,2
8.8,1.4
10.4,0.5
12.1,0.7
10.3,7
11.7,7.5
14.2,5
14.6,3.7
13.1,5.1
14.1,12.4
15.7,9
19.6,8.3
20,12.3
17.4,10
18.7,9.8
17.4,9.2
17.1,9.6
9.9,4.7
13.8,5.6
12.8,3.5
14.5,4.2
14.5,10.2
16.6,8.7
15.8,6.2
15.4,8.8
15.8,5.9
16.4,7.7
16.2,8.9
15.7,9.7
19.5,7
16.4,10.3
16.2,11.5
17.5,12.5
20,11.3
21,11.9
17.6,9.9
20.8,8.9
20.4,7.6
16.4,7.4
16,11.4
12.4,8.1
13.7,6.5
15.1,8.3
18.4,8
19.2,5.9
19,11.4
19.6,11.6
22.2,10.3
19.3,9.8
21.6,8.9
20.9,11
22.3,10.2
23.6,10.6
19.8,10
21.2,10.5
19.7,9
17.3,10.8
18.5,9.4
19.5,10.3
19.3,9
19.3,14.3
18.6,14.1
14.1,10
11.6,7.9
16,10.6
17.2,10.6
18.6,9.5
18.1,8.4
19.6,10.6
20.1,10.1
20.4,11.1
21,10.2
24.9,13.7
23.2,14.1
23.3,15.4
20.7,15.9
21.4,14.7
19.6,13.2
21.2,11.7
19.2,12.7
19.9,12.1
17,10.2
19,8.5
18.8,13
19.7,9.9
16.6,10.8
19.5,9.9
26.8,13.5
22.3,13.1
18.8,10.8
18.5,8.4
20.1,11.7
20.2,12.4
21.3,10.9
20.9,10.9
22.7,9.8
21.2,13
29.1,13
24.1,14
21.9,12.5
23.3,12.7
25,12.6
23.1,13.2
24.4,15.2
21.8,15.6
22.5,14
24.5,13.7
24.2,14.8
26.6,16.5
29.2,16.1
26.9,18.6
29.2,17
28,18
27,19.1
24.8,20.3
26.7,17.5
25.7,17.4
25.9,15.8
25.7,16.5
25.2,16.3
23.7,16.5
25,17
26.2,16.4
26,16.3
26.8,18.2
27.1,17.5
26.1,17.3
26.1,18.5
24.6,18.6
26.1,18.9
27,20
28.1,18.2
29.6,19.3
30.6,18.6
28.4,22.3
30.3,19.5
29.8,19
28.2,20.6
30.4,19.3
30.8,21.4
29.7,21.5
31.8,21
32.2,19.6
31.9,22
29.3,20.9
29.4,21.1
28.8,21.3
28.7,21
30.5,21.3
30.8,20.6
30.6,21.5
31.1,21.4
31.3,20.6
30.8,24.3
33.3,22.8
30.8,20.2
29.9,20.9
30.5,19.4
30.7,19.2
31,20.2
28.4,21.2
30,21.3
30.9,20.5
29.8,21.5
29.3,22.6
27.9,19.2
28.7,18.7
28.8,20.7
29.1,19.4
29.7,17.1
31.7,21.9
29.6,21.7
28.4,21.7
29.4,21
28,21.7
29.5,20.4
29.9,20.5
29.1,22.2
29.4,21.2
29.6,20.1
29.4,21.2
28.8,20.3
26.4,19.2
21.5,18
26.9,17.1
27.6,18.9
26.9,19.7
27.8,20
28,19.8
28.3,19.4
28.5,19
28,18.1
27.6,18.9
28.1,17.8
27.7,17.6
27.7,19.6
25.8,18
25.1,18
26.5,18.6
20.7,15.5
24.2,15.5
25.5,15.5
25.8,17.3
23.2,19.1
25.5,17.2
24.3,18.3
26.2,17.7
24.7,18.2
26.3,17.4
26.4,16.8
25.5,17.2
24.9,17
26.3,16.9
26,18.1
26.4,19.7
27.2,17.9
25.7,20.1
28.2,18.5
26.2,17
27,18.7
26.5,18.6
26.2,22.6
25,17.6
24.7,17.1
24.4,17
23.2,16.6
23.5,16.1
22.2,16.1
22.3,14.5
16.1,11.7
19.5,11.3
21.8,13.1
23.2,14.2
23.2,16.7
25.9,16.7
22.4,17
24.4,16.8
25.3,18.2
24.5,17.2
24.9,16.9
24.3,17.4
25,15.4
24.8,14.8
24.8,17.8
24.3,19
27.3,15.6
24.4,13.6
18.9,12.1
16.6,12.2
19.8,12.1
19.8,9.9
22.5,13.4
21.1,12.2
19.6,12.5
24.4,12.6
23.3,13.2
21.5,12.8
21.5,11.4
18.6,13.1
21.3,12.3
18.7,9.7
20,10.2
19.7,14.1
18.7,9.8
16.4,8.8
13.6,8.2
14.7,11.9
16,12.2
17.4,11.6
12.6,6.4
12.7,5.3
13.1,3.9
13.4,3.4
14.2,3.4
13.8,4.3
12.8,3.9
10.8,2.3
12.3,2.8
11.2,3.4
9.5,3.5
14.9,5
9.6,5.2
16.9,7.4
16.9,5.3
15,5.1
12.3,5.3
14.9,4
14.2,5.2
14.9,5.6
14.2,3.4
14.5,5.9
15.6,4.5
11,3.4
14.8,4.2
16.2,4.1
13.6,6.4
14.8,8.9
15.1,6.6
12.5,8.3
14.4,6.9
13.6,5
14.1,3.1
13.5,4.2
13.9,5.5
14.6,11.1
13.2,9.2
14.3,5.9
17.3,5
13.5,3.5
12.2,3
12.9,2.7
13.9,4.1
16.5,6.8
17.5,8.8
15,8.7
14.9,8.3
15.8,6.1
15.8,6
14.7,5.9
12.8,4.6
12.5,7.8
14.3,9.6
15.8,8.7
14,5.7
13.5,5.4
12.7,5.5
14.6,10.3
15.2,7.1
15.5,6.1
13.4,7.6
13.4,6.2
14.8,3.7
9.4,3.9
13.2,5.2
15.7,5.2
14.3,6.6
17.8,6
16.7,9
12.3,6.7
13.8,4.3
13.6,6.5
12.7,3.7
10.1,4.9
14.3,2.2
12.7,3.1
13.1,3.9
17.4,8.9
15.8,5.9
16.8,9.8
15.4,10.9
13.1,7.7
14,7.3
13,7.4
14.2,4.9
20.1,11
19.7,9.4
-99,-99
-99,-99
14.2,4.7
15.4,8.4
14.9,7.1
15.1,6.6
15.2,6.5
15.7,5.4
15.6,4.3
16.1,5.8
15.1,6
14.7,6.6
13.5,4.5
17.3,4.9
14.6,7.5
15.7,6.5
16.2,9
16.5,8.2
16.4,7.3
17.7,6.5
18.1,5.7
17.6,5.2
17.1,7
19,6.6
16.6,7.3
16.3,7.7
16.3,9.1
16.9,7.2
21.6,6.8
20.8,9.5
21.7,7.8
19.1,7.2
18.1,9.3
17.4,8.6
17.8,7.9
18,12.3
17,5.6
16.6,4.6
18.1,7.4
15.4,5.8
15,6.7
15.5,5.8
16.6,12.6
14.6,13.1
17.9,10.9
16.9,8.2
17.1,10.9
15.9,12.4
22.5,10.4
19.4,9.6
22,10.6
17.3,9.2
20,11.2
19.8,9.2
20.9,9.7
21,12.7
19.1,12.2
22.8,10.2
22.5,11.2
22.2,11.5
20.1,10.1
20.2,11
21.8,9.6
17.8,12.4
17.8,11.6
17.3,11.7
19.5,12.8
20.8,10.9
22.6,10.8
23.6,12.1
23.2,9.7
23.5,11.2
22.8,11.7
21.1,11
21,10.9
22.3,12.2
21.1,11.6
26.7,8.7
20.9,11.4
22.3,10
21,10.9
21.1,13.9
24.8,13.4
23.7,12.2
24.3,12
25.9,14.7
19.8,14.4
18.2,13.1
21.3,11.1
22.7,10.8
21.7,11.4
24.5,11.9
19.2,12.9
22.2,12.8
19.9,15.6
24.4,14.5
24.1,14.3
24.3,12.1
19.4,13.7
22.2,14.1
19.8,12.7
21.7,12.9
23.2,13.8
21.8,14.5
21.6,12.9
24.2,11.8
23.9,13.9
24,15.8
24.8,15.2
24.6,12.9
23.4,14.7
23.5,15
26.5,16.3
27.2,17.6
28.1,17
26.8,16.6
28.7,16.5
31.9,17.3
31.9,18
32.2,19.4
26.7,18.5
28.2,17.3
27.5,16.2
25.4,15
26.6,16.1
28,16.8
28.7,16.8
27.2,18.6
26.6,19.6
27,19.3
27.4,17.4
28.7,19.8
29.1,18.8
29.4,18.4
28,17.9
27.6,18
28.2,20.3
26.2,21.2
29,20.4
26.3,18.4
29,18.3
28.5,18.7
24,16.2
26.1,16.3
25.9,18.1
27.9,17.3
28,18.2
25.4,17
27.5,17.3
27.3,21
28.9,19.4
30.1,19.7
29.8,19.5
32.4,18.7
29.3,22.2
32.1,19.5
29.7,17.3
30.2,18.6
29.2,18.1
31.4,18.8
28.9,20.9
29.4,20.1
31,20.7
29.7,20.5
26,20.1
29.2,19.7
29.3,18.2
30.6,19.9
28,21.3
28.8,19.7
28.8,20.9
29.2,21
29.9,20
30.5,21.8
30.5,22.1
29.1,22.6
31.2,22.9
29.9,22.1
28.3,21.2
31,21.3
27.5,20
25.6,19.4
26.5,19.2
27.6,17.4
28.5,20.3
27.3,19.7
24.5,20.7
24.6,19.4
23,17.6
25.8,18
27.9,20
28.1,22.3
29.6,20.3
28.7,20.5
29.9,19.8
28.1,20.6
29.2,19.7
28.8,19.3
26.6,20.6
28.1,19.8
25.6,20.2
26.3,20.6
27,21
29.2,19.8
30.1,21.2
30.3,21.2
28.1,20.9
29.5,18.7
28.8,21.2
26.9,20.8
27.3,20.6
27.7,17.8
26.7,18.1
27.1,18.7
27.7,19
27.9,19.8
29.2,20.7
29,19.6
27.3,19.8
21.8,17.9
22.6,17
23.9,16.4
23.3,15.4
23.2,14.9
24.6,15.8
23.1,18.8
25.9,17.4
24.9,18.7
24.7,16.5
26.4,16.9
25.1,16.3
23.7,15.6
21.7,16.3
24.6,17.2
24.7,15.6
25.5,15.8
25.8,15.9
25.8,16.4
24.2,16.9
26.1,17.3
22.8,15.7
21.9,15
23.7,13.9
25.4,13.9
26.1,14.1
25.2,14.4
24.6,15.2
24.3,14.6
27.2,13.8
23.1,15.3
23.2,12.3
24.8,12.2
24.7,12.8
23.3,14.9
21.1,13.9
21.8,13.6
23.1,13.5
22.7,13.8
21.4,15.4
22.6,13.2
22.7,13.5
21.8,14.9
20.8,9.7
17.3,8.3
17.4,7.8
21,7.4
15.7,10.2
15.6,9.3
16,9
14.7,7.3
19.2,8.2
19.6,8.4
17.9,10.8
17.9,11.4
17.6,11.3
16.3,6.9
17.6,5.9
19.2,7
19.4,9.4
20.2,13.3
20.4,15.1
22,15.1
22,14.4
19.6,14.3
17.6,11.3
17.9,9.7
19.7,12.9
18.4,15.3
19.2,11.8
17.5,11.5
17,10.3
12.1,8.4
10.9,9.2
12.7,6.3
14,5.1
14.3,5.6
14.9,5.3
13.1,2.9
13,3.9
16.6,6.5
16.2,5
15.5,5.5
16.2,6.7
13.1,10.6
14.4,8.3
13.1,6.4
18.3,7.1
16.7,9.9
14.6,8.2
16,6.3
15.5,4.3
13.7,3.4
12.6,3.8
13.2,3.2
11.5,4.2
14.4,4.8
13.8,2
13.1,-0.2
12,1.4
12.9,2.2
12.6,2
15.2,2.3
17.4,4
16.1,5.7
15.7,4.3
13.7,4.7
14.7,5.1
12.8,3.8
13.8,3.6
17.2,5.5
15.1,6.2
15.5,5.4
16.1,7.3
16.3,6.2
15.7,4.1
13.7,7.6
12.7,2.6
13.7,1
8.2,6.2
10.3,5.9
9.9,3.5
12.9,2.8
14.6,1.9
15.6,5.3
16.7,6.6
12.4,4.4
13.2,5.4
13.5,3
17.3,3.7
18.1,8.2
14.6,6.5
12.3,5.7
10.9,2.9
8.9,4
7.8,2.1
11.1,3.6
9.3,0.4
10.6,1.6
12.2,3.6
12.6,2.6
14.9,2.6
15.2,2
14.1,3.7
15.3,8
14.8,5.4
13.9,6.9
15.2,3
14.5,9
15.7,7.2
14.2,4.7
14,4.2
12.3,3.7
15.8,3
18.2,3.4
14.8,7.2
19.4,3.8
17.4,5.9
17.5,8
14.6,3.8
17.9,8.6
23.1,11.3
18,7.7
13.9,4.5
19.4,4.7
16.7,4.7
17.5,4.1
17.1,6
16.8,6.8
17.5,6.4
18.4,4.6
19.2,5.6
17.2,6.9
12,4.9
15,3.1
12.9,5.5
16.4,4.3
16.1,12
17.8,10.1
16.4,12.7
15.9,12.2
16.1,11.1
16.4,12
14.6,11.9
14.5,8.9
15.9,6.4
19.5,7.1
20.7,7.3
19.9,9.5
22.8,11.3
21.1,10.5
18.5,10.2
18.4,8.8
18.5,8.1
19.1,8.7
18.1,8.3
16.3,7.7
16.8,6.9
18.7,5.4
16.7,5
17.9,7.1
17.9,9.6
19.7,8.8
20.2,7.4
23.3,7.8
22.4,9.6
20.2,12.6
22.6,10.2
22.5,10.6
21.7,11.4
19.3,9.8
23.5,9.5
20.8,10.6
21,8.9
21.8,10.6
20.4,15.4
20.9,14.3
24,11.1
20.9,9.7
21.3,9.3
21.4,12.3
20.6,13.2
25.3,14.3
27,14.9
21.8,16
28.1,14.9
24.7,13.3
22.9,12.7
24.2,11.3
24.3,14.1
25.7,13.7
26.5,9.9
26.2,11
25.8,11.7
27.5,15.9
26.7,13
25.7,11.3
24.9,12.3
23,10.5
21.1,13
19.3,11.6
20.1,11.7
22.1,12.6
23.9,11.4
24.3,12.6
26,13.2
23.2,15.9
22.5,13.4
23.6,13.6
24.9,11.8
24.9,13.7
26.1,14
27.6,15
26.8,13.9
28.5,13.9
30,13.5
29.8,16.1
28.7,14.6
31.8,15.9
30.2,17.5
28.3,19.8
27.3,20
29,19.4
28.6,17.6
24.8,18.9
28.3,17.6
25.5,17.7
25.8,15.8
26.5,16.8
28.7,16.8
27.8,18
28.9,17.5
28.6,16.3
28.9,16.1
28.4,21.2
27.8,19.3
27.7,17.5
29.3,17.7
30.6,19
30.6,19
33.6,18.6
33.2,19.2
29.8,20.8
30.5,22.2
30.9,20.2
34.3,22.7
34.5,19.8
34,20.8
32.7,21
29.3,21.5
31.5,20.7
30.9,18.9
29.7,20.9
31.1,21.9
31.7,21.8
32.1,21.2
32.8,20.9
32.8,18.9
32.5,21.8
32.9,22.8
32,21.6
32.4,23.4
33.5,23
34.6,22.9
33.4,23.8
32.9,23.7
29.1,23.3
31.3,22.2
28.3,23.4
27.8,23
32.6,24.3
26.1,21.7
27.1,21.1
26.6,18.4
29.8,18.9
31.3,21.4
30.5,21.7
32.9,20.9
30.2,21
32.8,22.3
31.7,20.7
29.3,20.5
28.8,21.1
31.1,20
32.1,23.2
31.9,23.5
29.7,21.4
28.9,17.3
28.6,16.9
26.1,20
23.6,17.3
28,18.1
30,19.5
30.2,20.4
30.4,21.9
30.6,22.1
32.5,19.5
28.5,18.1
30,19.8
30.4,21.4
31.4,20.8
30,21.5
29.9,20.3
31.7,21
30.1,21.2
25.4,20.3
25.2,19.8
23.6,16.9
26.2,16
25.7,16.6
25.1,16.4
26.6,16.4
26.8,15.8
22.1,16.9
25.6,17.9
27.8,19.7
27.7,18
27.2,18.5
27.1,15.9
28.9,19.4
29.1,18
26.1,15.5
25.6,15.4
25,17.1
25.9,16.6
25.2,15.9
23.5,17.9
23.4,14.8
24.4,13.9
25,15.9
23.9,16.2
24.6,14.9
21.4,16.3
19.3,15.7
21.7,13.8
24.3,13.7
23,15.7
23.3,15.2
26.3,17.2
28.5,16.9
24.6,15.4
23.1,15.6
23.1,13.2
23.1,13.1
24.8,13.4
23.5,18
21.8,16.6
20.4,10.9
19,10.1
19,10.2
19.5,10.3
23.5,15
21.2,14.7
19.1,13.7
19.5,12.2
20.8,10.2
21.3,11
20.5,11.1
20.8,14.8
20.9,14.8
22.2,15.8
21.6,10.9
21,9.8
22.1,12
20.8,11.9
20.6,14.6
19.2,15.5
20.5,13
21.1,13
20.8,13.1
21.3,11.9
20.3,10.7
21.6,12.4
21.3,11.3
22.1,10.9
20.9,11.7
19.9,11.2
18.9,12.1
20.1,10.9
20,8.6
22.3,9.9
21.8,8.9
19.5,8
20.2,9
20.8,10.3
19.2,9.6
13.7,5.3
13.8,4.1
15,1.3
16.3,4.2
16.5,5.6
16,5
17.2,5.3
15.2,6.3
16.8,4.5
17.2,5.3
16.8,4.8
16.2,6.4
16.8,6.7
15.3,8.2
15.8,9.5
16.1,10.6
18.9,9.4
18.4,9.2
17,7
16.7,7.5
15.3,6.2
16,6.1
13.8,4
18,5.7
18.7,8.2
17.8,7.5
17.1,7.4
16,7.3
14.3,11.8
18.2,8.7
15.9,6.2
16.9,8.9
17.7,8
16.6,6.4
15.8,5.5
16.1,5
17.5,8.9
17.2,9.3
16.4,7.5
16.6,6.4
17.1,7.5
16.6,6.2
14.3,3.7
15.5,9.5
15.3,5.9
13.9,5
19.1,11
20,12.2
18.2,11.7
17.5,10
18,11.6
15.8,10.5
15.2,6
16.2,9.7
11.7,5.2
13.4,3.7
12.3,0.5
13.7,5.3
13.7,3
16,4.7
14.7,4.2
15.6,4.7
17.4,5.9
14.8,6.5
16.8,9.8
17.1,9
17.2,7.3
17,6.7
15.2,8.3
17.9,5.9
17.2,4.3
19.4,6.5
16.9,7.4
18.8,8.1
14.9,4.5
15.9,4.5
17.4,6.3
13.9,7.7
18.4,3.5
19.6,9
17.6,10.8
15,8.8
19,9.3
22.6,12
18.4,8.3
14.4,6.2
14.2,2.3
11.7,2.7
12.4,2.3
14.4,3.1
15.3,2.6
17.3,1.3
18,8.7
19,6.7
17.6,5
18.7,5
16.6,7.5
13.6,6.6
15.1,7.5
19.1,6.8
19.2,5
19.5,8.7
18.8,7.8
16.4,6.4
17,7.9
14.8,5.2
15.3,5.3
15.1,6.5
12,3.2
16.1,3.3
16.2,4.2
15.8,5.7
15.9,5.4
15.6,5.2
14,6.5
15,6.3
12.9,5.8
15.8,5.2
15.6,9.9
17.2,9.2
16.1,8.4
18,8.9
19.4,8.3
17,5.5
17.1,7.9
18.6,6.8
17.2,8.8
20.8,7.9
21.4,9.6
20,7.9
21.3,11.3
13.7,8.6
18.1,7.6
18.7,6.8
18.2,11.4
15.5,11.5
20.7,10.1
18.8,10.4
14.9,8
18.6,7
19,8.1
21.1,10.4
20.9,11.6
23.7,10.3
22.6,9.1
20.6,10
23.9,9.4
24.2,12.9
19.2,10.3
18.3,8.5
21.4,12.7
19.4,11.8
18.3,11.5
20.7,10.3
19.3,9.9
18.1,9.8
20.2,8.3
15.7,11.7
15.4,8.5
18.9,8.6
19.4,9.2
21.4,7.8
25.1,8.3
20.5,8.8
22,8.8
21,9.3
19.6,14.3
20.8,13
18.7,12.2
17.7,13.8
20,10.4
20.9,10.9
23.2,11.3
22,11.7
22.7,12.8
24,14.2
22.9,12.4
22.1,11.3
22.2,12.5
24.3,14.7
23,13.7
22.9,12.6
23.3,12.7
22.4,11.4
22.7,11.4
23.4,13
23.5,15.3
24.7,14.2
23.7,13.8
27.4,14.3
24.7,14.1
24.7,12.3
24.4,13.9
24.7,13.2
25.8,13.7
25.3,13
27.4,16.5
26.8,15.1
28.7,16.1
27.8,15
30.7,16
27.6,19.5
26.7,17.5
27.1,16.7
27.6,20
30.4,19.2
24.8,18.4
25.8,17.7
24.6,15.4
23.5,12.9
25.4,12.6
25.5,14.7
26.4,15.1
28.9,15.9
29.3,15.7
28.6,15.6
30.7,18.6
27.8,19.1
27.7,17.6
27.8,16.7
30.4,20.2
28.2,20
29,19.5
28.1,19
27.2,19
27.9,18.4
30.1,20.8
31.3,20.1
30.7,20.4
32.7,21.9
32.4,21.1
31.6,19.9
30.6,18.9
28.5,23.3
29.2,18.1
26.7,16.3
27,17.7
28.2,16.7
29.5,16.7
27.9,17.5
29.9,17.3
29.3,19.1
28.6,22
29.1,19.4
29.9,18.9
30.2,18.6
30.4,18.7
31.1,19.6
30.4,19.6
30.2,20
30.6,20.3
30.8,21.5
31.3,23.2
30.2,23.9
30.9,22.5
30.6,20
32.7,21.3
28.3,22.7
29.5,20.2
29.3,19.1
31.4,20.7
31.3,20
27.1,20.4
27.1,19.2
29.5,18.9
27.5,19.3
29.3,18.4
30.7,18.6
29.8,21.2
30.9,21.4
29.3,22.2
30.5,19.8
29.6,21.5
29.8,21.1
30.7,20.6
29.4,18.6
31.3,17.7
30.6,17.8
29.3,18.5
30.2,18.2
30.7,21
27.9,22.3
25.8,20
28.3,19.7
32.6,19.7
30.1,18.6
30.9,20.8
31.7,21.2
32.5,21.7
32.2,20.1
29.2,21.1
28.3,20
30.9,22.2
29.7,20.2
30.7,20.2
30.5,20.6
30.3,18.1
26.1,15.6
26.3,13.2
27.2,13.7
25.2,16.8
24.6,15.8
27.3,14.4
25.7,16.2
27.2,16.2
26.3,17.3
25.8,16.7
27.8,16.9
26.5,16.4
26,15.6
26.7,18.2
26.9,17.1
26.5,15.8
26.5,16.2
26,16.6
26.1,18
24,18.4
25.7,17.6
24.7,15.4
20.7,14.1
24.7,13.4
23.1,17.4
19.8,16.8
18,15
20.7,12.9
19.4,11.7
20.8,15.1
21.6,12.4
24,13
24.5,13
23.8,15.1
23.4,15.6
21.7,15
18.3,14.8
14.9,12.6
19.2,13.4
24,15.4
24.1,16.6
21.6,18
22.8,14.6
23,14.3
21.8,12.7
22.5,12.2
20,11.7
19.8,11.7
22.5,12.9
22.1,12.2
20.3,10.9
20.9,12
22.7,13.7
17.2,6.2
14.8,6
16.4,5.6
19,7.3
19,8.4
18.6,7.6
17.1,10.4
19.1,9.4
18.4,8.9
15.9,7.6
16.5,5.8
18.5,6.9
19.5,8.2
17.6,10.8
19.6,10.3
18.9,15.2
19,13.9
20.1,11
16.1,7.4
14.8,6.6
16.1,8.9
16.8,11.4
16,8.9
15.9,8.4
15.4,6.5
15.4,5
16.5,3.7
15,4
17,10.9
17.4,12.8
18.1,9.6
17,7.7
16.9,6.6
17.4,5.8
17.2,6.5
16.7,6.9
17.2,5.5
16,6.2
16.6,7
14.3,7
15.7,8.5
14.9,9.2
14.5,6.8
10.5,7.3
13.5,8.6
16,8.9
16.9,7.3
16.3,6.7
15.7,7.1
14.5,6.8
16.9,5.7
16.9,5.4
16.1,4.1
14.6,4
15.3,5.3
14.1,4.8
12.6,3.2
14.6,2.4
12.4,3.5
15.4,5.5
13.2,4
13.3,1.7
13.4,1.8
17.1,3
14.2,4.1
12.6,3.8
14.1,2
16.7,6
14.6,4.1
12,2.3
13.6,3.1
14.2,1.8
8.3,-1.3
10.7,-1
11.4,1.9
10.8,8.7
12.5,8.9
11.4,7.8
11.6,7
12.9,3.4
8.1,4
10.5,4.3
13.8,7.4
14.3,6.6
14.3,4.7
16.2,5.7
15.7,6
15.8,4.5
15.4,8.3
17.2,7.3
18.9,7.5
15.6,8.6
17.4,8.4
19.3,8.4
17.4,5.3
14.2,3.5
14.5,4.9
14.3,5.6
14.8,12.6
14.9,13.1
17.3,8.2
17.4,10.6
17,7.9
15.4,4.9
15.6,5.1
17,7.1
17.3,5.7
17.6,6.5
18.8,6.8
18.8,6.2
12.7,8.5
15.6,5.7
15.7,4.6
17.2,8.8
13.1,10.9
-99,-99
18.5,7
15.8,11
16.3,5.1
17.6,4.8
24.1,7.7
19.5,8.9
17.9,8.8
17.4,6.9
21.5,8
20.1,8
19.5,8.7
19.4,11.2
22.2,8.6
20.7,7.7
20,5.6
19,4.6
20.3,6.5
19.3,6.2
20.8,7
19.5,8
19.2,9
18,7.7
12.4,6.8
16.8,5.7
19.1,6.7
17,8.1
18.6,7
22,7.9
21,9.7
19.3,8.7
16.2,8.4
18.1,6.5
21,9.2
23,8.4
19.5,10.1
21.4,8.8
20.3,9.3
20.4,7.1
20.4,6.6
20.4,7.7
21.5,8.3
22.2,10.5
21.5,9.4
22.9,10
20.1,12
21,10.6
21.4,10.1
22,10.8
16.8,8.8
17.1,6
19,5.2
18.5,6.6
20.9,6.9
21,6.2
20.9,9.1
15.6,11.3
11.9,5.4
17.1,5.8
18.6,7
20.2,13.3
19.3,10.5
19.2,8.9
19.3,13.1
21.2,11.3
22.2,13.1
27.6,13.1
21.5,12.3
22.2,11.7
20.3,11.1
20.8,13.9
23,14.6
24.8,12.3
26,11.9
24.1,14.1
25.9,14
25.6,14.2
27.5,14.1
24,13.9
22.2,11.6
24.2,13.4
24,12.8
25.1,14.9
27,15.1
28.5,15.3
28.2,14.8
23.1,14.9
24.8,16.9
26.2,16
26.9,14.8
24.1,15.9
27.1,15.3
27.4,15.5
27.3,14.8
28.3,19.3
25.1,18.1
24.5,16.7
28.4,18.5
20.3,16.4
26.1,18.2
27,17
29,15.4
30.4,14.9
30.4,16
32.5,16.6
32.5,18.1
33.5,18.4
33.7,20.6
31.9,20.8
31.6,19.4
29,19.7
30.9,19.7
31.1,20.2
30.6,19
30.9,19.8
30.9,19.1
29.5,21.2
32.6,21.3
28.7,22.5
31.4,19
28.3,15.2
35,15.3
25.9,16.6
27.9,17.2
28.9,15.7
29.5,15.5
27.8,17.3
29.8,20.6
30,20.9
28.8,21.3
31,20
30.1,20.6
30.5,22.6
31.4,20.4
30.9,21.5
30.6,22.8
31.7,22
30.4,21.8
29.8,20.9
32.2,21
29.9,20.6
29.3,23.9
31.6,21.4
31.1,20.9
28.9,19.1
30.2,19.3
28.7,20.5
28.2,20.4
30.6,18.5
29.9,21.8
31.1,20.7
31.3,20.7
30,22.9
29.6,24.4
32,23.2
34.1,22.9
34.9,23.1
34.7,22.9
32.4,22.7
32.5,22.2
30.2,20.3
27.1,17.5
27.8,16.3
26.3,17.7
28.6,19
29.8,18
30.6,19
28.3,19.6
29,21.7
32.1,21
31.6,19.7
29.9,22.3
28,21.9
30.9,20.6
30.5,19.6
30.9,19.5
32.1,20.4
30.7,20.4
29.8,22.2
29.7,22.3
31.7,22.4
31.3,21.5
28.1,21
24.4,18.8
27.1,18.8
28.2,16.3
28,17.1
27.5,19.8
30.4,18.9
29,20.4
26.5,19
26.9,17.7
27,15.9
28.2,14
27,13.8
23.8,19.5
28.1,17.7
29.1,17.3
17.7,12
23,11.6
24.1,11.7
22.3,17.8
24.7,15.4
24.9,14.7
27.4,15.4
25.1,17.1
26.5,16.5
26.9,16.9
25.7,17.1
26.3,15.5
26.8,15.3
27,17
26.8,16.2
25.1,15.7
21.1,17.6
26,18.1
27.3,16.8
25.6,16.9
26.8,16.7
26.1,18
22.4,14.4
25.2,13.6
25.1,14.4
26,16.3
25.8,16.1
26.9,16.2
26.9,16.4
24.7,16.7
26,16.2
26,16.3
25.8,15
23.9,15.5
17.2,15.1
23.2,15
24.7,12.9
22.9,14.2
21.9,12.8
23.8,12
23.4,13
24.6,13.8
24.5,13.2
24.1,13.7
25.1,12.4
21.5,12.7
19.3,11.2
21.8,10.6
22.8,14.1
22.7,13.4
23.7,14.6
21,11.7
17.8,8
18,5.1
14.9,5.4
16.6,6.7
17.3,5.3
16.4,8.2
19.8,8.8
17.5,8.5
16.8,5.9
17.3,4.7
17.4,4.8
19.6,5.2
19.6,7
18.9,6.7
19.1,6.3
20,6.3
19.3,6.1
19.6,8.7
20.8,7.1
17.3,7.2
15.9,5.1
15,4.7
16.6,5.3
14,4.4
13.7,3.3
8.1,1.1
11,1.5
13.5,3
14.9,1.4
13.7,2.6
15.5,2.2
16.2,3.5
11.5,5.2
12.6,4.4
17.6,7.8
16.1,5.3
11.8,4.3
13.7,2.2
15.9,7.4
16.8,5.1
14.4,2.3
14.8,1.8
9.7,3.9
12.5,2.1
12.9,3.1
14.6,5.5
15.9,6.3
15.4,5.9
15.4,4.5
16.1,5
14.9,4.3
14,7.1
13.4,2.3
15.7,2.6
21.9,7.1
17.8,6.3
16.1,10.6
18.7,7
22.5,8.2
23.2,12.9
19.4,8
15.8,6.9
14.4,5.2
13.6,5
14.3,3.1
14.7,5.1
13.8,6.8
13.1,3.6
13,2.3
12,5.9
13.7,3.7
18.5,8.2
18,10.6
14.5,6
13.2,4.9
16.1,5.7
23.3,15.4
21,10.5
18.1,8.3
17.2,6.5
14.6,9.5
13.3,5.8
13.3,5.9
16.4,6.1
16.6,5.6
16,4.6
15.1,4
11.5,4.6
12,4.7
12.8,1.9
9.4,5.4
9.3,6.1
11.3,6.8
11.6,2
8.4,1.8
10.6,0.1
13.4,1.8
14.5,1.7
10.7,2.9
11.6,0.7
11.8,3.6
17.2,5.8
16.4,7.9
15.9,7.3
15.9,6.9
13.7,5.9
15.4,7.5
15.6,3.4
11,1.7
11.6,2.4
13.4,1.7
16.4,3.4
11.8,3.4
4.5,1.2
7.3,0.3
15.3,7
15.1,9.7
19.6,8.4
16.8,7.4
16,6.6
18.2,6.2
17.2,4.6
15.6,4.4
17.3,5.4
19.5,10
18.1,8.4
19.7,8.7
17.3,5.8
16.8,5.5
19.4,9
18.8,6.7
15.3,3.9
15.3,3.7
15.9,3.9
13.9,2.4
15.2,2.7
17,1.7
18.4,4.6
9.6,6.5
13.5,7.2
17.7,5.3
16.2,6.4
20.6,9.9
17.9,9.7
19.4,8.2
18.2,7.9
17.6,5.1
18.6,6.5
18.7,10.8
22.9,10.6
19.8,8.5
18,7.6
17.8,12.9
15,11.3
18.5,6.7
17.4,4.7
15.6,8.5
17.3,6.1
15.9,8.7
14.6,12.4
20.5,12.2
17,9.1
22.9,8.8
24.1,12.8
22.6,11.3
22.6,10.9
23.6,9.9
23.8,10.6
24.3,11.5
26.1,12.8
25,12.7
23.8,12.5
24.2,11.8
22.4,12.9
21,9.3
21.2,6.6
17.4,7.8
20.3,6.5
23.2,10.4
18.3,12.9
21.7,12.5
22.9,13.3
24.8,13.6
24.9,13.5
23.7,12.4
21.9,14
22.1,12.3
21.8,12.6
20.4,9
20.6,7.8
24.5,8.8
23.8,12.1
26.6,13
22.5,13.8
26,12.1
25.1,14.6
22.9,14.6
25.3,16.1
26.4,14.1
27.6,14.7
25.7,15.6
23.5,18.3
24.6,19.2
25.9,18.8
27,18
27.1,15.8
26.4,14.7
27.3,16.9
25.5,16.3
20.7,15.1
24.8,14.1
25,16.3
23.1,15
23.4,15.8
26,15.2
27.8,15.3
29.4,19
28.7,18.7
27.4,19.9
31,15.7
25.9,17.3
28.5,15.8
28.5,16.8
27,16.6
29.7,16.7
30,17
29.2,17.1
32.4,16.9
32.4,19.9
26.4,19.2
27.7,18.1
27.4,19.4
29.4,20.2
32.2,17.8
30.8,20.5
28.5,19.8
29.1,19.5
28.3,18.2
29.9,19.4
33.2,19.9
30,18.3
31.6,22
29.8,21.1
31,20.8
32.6,21.2
32.7,19.1
32.1,22.1
31.1,20.3
29.9,20.8
31,21
33.4,20.2
31.7,19.2
30.1,22.4
31,22.1
31.2,20.6
32,20.2
31.6,19.7
31.6,22.4
29.2,20.2
30.7,18.9
31.8,21.7
33.8,20.8
33.6,21.2
32.4,20.3
32,20.8
32.1,22.1
33.5,22.1
33.8,20
35.8,20.6
36.3,22.9
37.3,24.3
38.1,24
37,24.3
34.6,24.2
33.4,24.6
33.6,24.4
32.8,21.6
28.8,21
29.1,20.3
32.2,21.9
30.3,22.1
29.6,21.3
30.9,21.8
31.6,21.9
30,20.1
29.7,18.8
32.8,20
33.3,20.9
34.4,20.9
32.4,21.9
32.2,21
31.9,21.6
26.9,21.9
28,20.1
29.6,20.5
31.1,21.1
29.8,21.2
30.3,21.3
25.5,20.6
25.4,21.1
28,21.8
29.7,22
28.1,21.4
27.4,20.4
27.7,18.6
27.7,18.4
27.9,19.7
27.8,20.4
25.9,19.4
29.3,19.2
28.4,20.1
27.9,19.1
29.1,20.3
26.9,20.9
28.3,20.3
28.1,19.9
25.5,19.8
27.5,19.5
30.1,19.5
29,17.6
29.1,20.5
29.1,20.4
25.7,20
25.8,18
24.8,16.3
24.8,15
27.7,15.1
27.7,16.4
26.8,17.3
25.3,17.4
24.8,14.5
26.6,14.3
25.8,14.8
25.1,15.6
25.8,16.1
22.2,14.4
21.7,14.4
21.7,15.3
24,16.7
25.6,16.4
26,16.9
24.8,18.4
25.7,17.4
22.4,15.3
23.1,14.2
23,15.5
21.2,16
24,17.2
24,15.8
24,14.6
23.4,13.8
22.5,13.2
25.6,13
23.3,12
23,11.9
17.3,10
12.3,8.2
14.4,5.9
17.9,3
17.2,10.3
17.4,8.6
19,9.1
18.6,8.5
21.4,10.2
19,10.6
16,9.7
20,8.2
17.3,9.4
16.6,8.6
18.9,7.7
21.7,10
20.2,11.9
21.3,15
20.2,14.7
20,15.3
17.2,13.1
16.6,12.4
14.7,11.7
16.2,10.1
15.8,8.7
17.5,7.8
17.9,8
12.8,6.4
15.8,5.6
15.1,4.6
14.9,6.9
16.1,4.1
17.1,5.8
16.3,6.4
15.2,8.3
14.5,6.5
16.9,7.9
17.6,8.5
20,10.2
18.3,8.7
17,9.2
13.7,7.7
14.8,6.8
16.4,6.5
15.1,7.1
15.2,5.2
15.3,7.2
11.4,9.1
15.4,7.4
13.6,6.1
14.4,9.4
14.5,7.1
14.7,3.9
17.5,5.8
16.1,4.9
16.4,4.4
19,7.8
17.4,7.6
18.2,9.1
15.3,6.2
16.3,7
16,7.5
14.1,5
12.8,5.3
14.8,3.4
17.1,5.3
16,4.7
13,4.4
13.8,3.1
12.5,1.8
14.4,3.1
17,6.2
15.6,5
12.9,3.4
14.8,3.7
12.4,1.4
11.4,1
13,1.2
15.4,3.2
16.2,4.7
15.1,3.8
15.1,4.8
14.7,7.8
10.3,5.5
12.9,2.8
9.9,4.3
12.6,3.3
10.8,1.6
13.8,0.5
13.8,1.3
14.8,0.4
15.6,2.8
16.5,5.1
15.1,5
10.2,3.7
13.9,6.5
15.2,5.3
15.7,6.1
13.1,6.6
14,5.9
13.2,3
16,4.9
16.7,5.3
15.2,4.9
16.2,4.6
16.4,5.3
18.5,4.3
16.9,6.1
15.9,3.6
15.4,3.2
15.2,3.4
15.6,2.6
17.6,2.5
15.8,2.8
16.1,5
15.5,7.1
16.7,4.7
15.8,4
19.6,3.4
20.1,7.5
16.4,4.8
16.3,4.4
19.6,4.9
18.2,3.3
21.1,4.7
17.3,6.9
17.9,8.1
18.5,7
22.3,8
18.4,8.4
15.9,8.2
20,7.9
18.5,5.8
18.4,5.9
20,7.6
18,9.4
17.6,9.3
14.6,8.4
18.7,5.4
19.5,8
18.5,8.5
17.2,6.4
16.3,6.8
16.2,8.3
16.5,6.4
17.5,5.7
20.8,6.6
22.4,7.7
22.3,6.5
23,9
20.4,6
18.4,4.9
18.3,6.2
17.7,6.6
17.2,6.2
17.3,9.6
19.7,9.1
18.8,8.4
19,9.2
16.8,5.8
18.5,5.3
17.6,7.2
17.5,6.9
18.6,6.6
17.3,8.5
19.9,7.7
20.3,9.2
19.4,10.1
19.6,8.7
17.9,8.1
16.8,9.8
19,10.6
18.3,9.6
18.8,13.4
20.4,15.6
18.8,13.6
19.8,13.5
18.2,13.6
20.1,13.5
19.1,11.1
19.1,9.3
23.4,9
21.1,8.3
16.4,9.7
19.5,12.9
20.5,13.2
21.2,9.4
20.3,9
14.6,10.1
21.3,8.3
22.4,9.3
18.9,9.8
18,10.4
20.9,15.2
22.8,11.3
22.1,11.3
23,13.5
21.9,10.3
21.9,8.7
21,9
19.7,10.9
20.9,8.4
18.5,11.9
20.1,10.9
18.8,9.8
21,9.3
21.9,9.5
22.7,12.3
23.4,11
17.3,13.6
-99,-99
-99,-99
23.7,15.2
21,14.6
22.2,13.4
23.1,11.5
25.5,11.3
25,12.1
25.2,12.7
25.9,11.7
25.8,13.5
26.1,14.5
22.7,14
25.8,15.7
23.6,13.9
26.9,17
28.2,14.3
19,11.4
21.4,10.1
22.3,11.9
26,16.1
24.7,15
25.9,13.8
27.3,12.7
27,14.4
27.1,14.3
25.4,17.4
27.6,18.1
27.7,16.6
28.6,17.5
29.1,18.4
28.5,22.2
31.5,21.6
33.2,19.4
34.8,17.2
35.2,18.3
30.8,19.3
28.8,19.3
31.3,20.3
32.7,19.3
30.8,20.8
33.6,20.5
31.6,20.9
31.2,23.3
29.2,21.5
31,21.8
31.6,19.6
31.8,18.2
31.3,18.9
32.7,19.5
28.5,21.5
29.9,20.9
31.6,20.3
31.3,20.5
31.2,19.9
31.1,20.7
30.9,21.1
31.1,22
33.9,20.4
33.7,19.3
31.7,20.1
32.2,20.9
33.7,21.4
27.1,19.5
29,17.6
30.3,19.1
31.5,22.3
27.6,21.7
31.2,20.9
32.9,20.4
32,20.9
31.8,21.2
34,20.9
31.1,22.5
29.8,24.3
31.9,23
33,21.5
32.3,23.7
31.7,22.3
29,19.5
28.3,20.2
29.4,20
30.6,21.2
28.4,21.4
29.9,20.9
30.5,21.4
28.9,23.2
27.6,22.4
29.1,19.5
29.8,21.2
29.3,20.1
30.8,19.5
30.5,19.8
31.3,18.6
26.2,22.1
30.4,20.8
31.9,20.4
32.4,21.3
31.2,20.1
30.6,20.6
29.7,20.5
28.6,19.6
29,17.9
28.3,19.6
27,19.2
26.8,17.4
26.6,16.6
26,18.9
24.2,14.7
26,14.6
28.5,17.6
26.9,17
27.9,18.6
27.9,17.7
28,17.5
28.7,16.9
29.4,17.1
27.5,18.5
26.1,17.9
23.3,19.1
27,18.3
25.4,17.2
27.8,16.8
26.4,19.3
27.1,17.5
27.3,17.7
25.9,19.3
26.8,17.4
27.2,17.7
27.2,17.6
26.3,17.3
25.6,16.1
26.1,15
24.4,16.2
23.4,16.3
25.9,15.8
25.5,15.9
26.1,16.9
21.1,17.9
25,17.7
25.6,17.5
25.2,19.8
25.5,18.6
22,11.9
23.1,10.2
24.9,12.2
24.1,12.3
25.8,15.1
24.8,16.1
18.2,14.6
21.3,14.3
20.4,12.7
21,11.6
22.1,11.9
23.5,11.4
23.2,11.9
21,12.1
22.4,13.1
24.4,12.9
22.8,13.6
21.7,12.9
23.7,13.1
20.3,13.4
23.3,12.8
19,12.5
19.5,8.5
18.4,6.4
15.4,8.5
17.3,5.4
15.9,6.7
16.6,6.5
18.4,7.6
15.8,6.6
14.9,4
14.2,4.2
14.6,4.6
14.8,2.5
14.7,6.6
13.7,4.5
14.4,2.9
16.4,6.2
17.3,7.5
16.4,10.2
17.3,5.4
17.8,6.2
17.8,7
19,9.6
18.7,7.7
19.3,10
18.5,9.7
17.5,10.1
14.8,6.5
14.4,7.1
14.3,10.9
13.9,11
17.1,8.1
16.8,5.7
14.8,6
16.5,5.3
14.3,2.6
14.6,5.5
13.7,8.4
20.5,11.7
19.4,7.9
17.1,5.1
14.8,7.8
17,10.9
18,10.2
16.3,8.1
16.8,11.8
19.3,9.9
18.1,13.3
17.1,6.3
17.6,7.4
18.6,7.5
16.8,8.6
15.9,6.2
15,4.4
14,7.7
13.9,6.7
14.7,5.7
13.2,4.3
14.2,3.3
11.2,4.1
14.9,3.7
15,4.7
15.5,3.8
15.4,4
16.1,4.1
14.9,4.7
12.3,4.4
11.7,3.8
14.3,2
12.5,2.2
14.6,2.3
14.3,2.9
15.3,4.2
18.3,5.9
14.8,6.6
12.2,8.9
11.2,7.7
12.6,7.9
14.8,9.9
14.9,7.4
15.3,5.7
14.3,7.6
17.2,7.3
14.7,4.1
16.7,9.4
16.4,7
19.3,6.2
19.5,8.4
21.4,6.3
20.5,7.5
21.5,8.7
21.3,8.5
15.8,6.1
15.1,4.2
15.3,5.6
14.3,4.5
15.6,6.4
20.3,9.4
17.9,8.2
13,10.9
16.3,8.4
16.1,7.7
16.1,8.9
15.9,12.6
16.4,11.4
15.4,6
16.4,4.6
15.6,4.8
17.1,4.8
17.4,5.8
18,5.6
18.5,4.2
16.3,3.3
19.1,7.3
18.5,7.6
16.6,8
17,9.6
20.1,12
18.1,9.8
17.1,6.6
16.9,7.1
19.7,7.3
17.1,6.7
18.5,4.2
17.4,7.5
20.4,7.5
16.6,8.6
18.6,6.8
18.3,7.4
18.2,7.6
20.3,7.8
18.1,7.5
14.6,13.1
17.8,11.1
18.6,8
16.6,6.5
17.3,7.5
17.9,7.5
17.5,8.4
17.1,11.4
15.3,9.7
13.6,4
13,3.7
16.5,3.4
18.4,9.2
19.8,6.7
13.7,7.9
13.1,8.7
12.9,10.2
14.9,8.9
17.8,6.2
18.3,6.3
19,6.8
19.3,7.5
20,9.8
20.8,9.1
19.6,8.6
20.8,8.4
20.5,7.3
20.5,9.8
15.2,11.9
19.6,9.9
19.3,9.2
20.2,13.6
19.6,11.7
20.7,14.3
16.5,15.2
17.5,15
15.3,13.5
17.6,13.7
22.7,11.5
20.7,10.8
21.2,9.2
21.8,11.4
22,10.4
21.3,11
21.7,10.2
24.2,11.8
25.5,11.9
25,13.3
23.5,13.8
25.3,13.9
24,13.4
26.8,12.7
25,15.5
24.9,14.8
20.5,16.9
21.7,14.3
23.2,13.9
20.8,13
22.9,14
18.5,12.2
22.3,12.3
22.9,15.3
23.7,12.3
24.5,14.3
28.6,12.5
27.4,13
28,13.9
28.6,13.3
28.5,13
24.8,17.3
26,16.5
28.6,16.2
25.6,15.6
26,16
27.2,13.6
25,16.2
26.5,15.5
27,16.8
26.5,16
27.2,16.8
22.3,13.9
27.3,12.2
25,15.4
23.4,16.7
23.2,14.7
23.8,13.3
23.4,13.9
24.2,16.9
26.7,16.7
28.4,15.7
26.9,14.8
26,16.1
24.5,16.2
26.3,15.5
22.4,15.2
26,15.6
27.5,16.1
28.3,17.4
28.3,17.9
28.8,18.6
30.2,18
31.1,18.7
31,18.9
27.9,20.4
31,19.7
30.7,19.8
29.9,21.2
32.2,20
31.6,21.9
26.8,19.9
26.8,18.8
29.4,17.9
31.9,19
28.4,21.7
30.2,19.5
30.8,20.1
30.8,20.6
30.8,19.7
29.7,20.3
30.7,21.8
30.7,21.6
31,20.2
25.6,19.6
28.3,20.6
29.3,20.8
29.6,19.5
30.5,20.3
29.4,20.1
31.8,19.7
31.8,20.4
32.3,21.6
31.5,22.5
31.4,21.6
32.4,21.3
30.6,21.8
31.9,21.5
32.5,22.2
32.2,21.3
34.2,20.9
32.6,24
28.1,17.4
28.7,20.3
30.6,19.8
31.7,19.1
30.3,17.9
31.6,20.3
33.1,19.4
32.2,20.3
32.6,21.3
32.5,23.7
32,23.2
30.9,22.7
30.9,22
30.1,22.6
30,21.2
29.6,23.4
31.2,21.3
32.3,21.8
32,23.5
32,23
29.8,21.5
29.2,20.7
31.3,20.3
31.9,21.6
31.7,21.4
31.1,21.7
24.4,16.6
26.1,16
25.9,15.5
27.7,16.4
27.6,18.9
29.4,18.7
29.2,19.2
29.1,19.5
30,18.8
24,15.9
26.9,15.8
23.8,17.1
26.9,17.2
29.1,18.1
30.5,18.9
30.8,19.2
29.8,18.2
28.3,18.7
28.9,19
28.9,17.8
26.2,19.6
28,19.2
27,16.8
25.2,19
26.5,17.6
26.9,17.3
27.4,18.4
21.9,14.7
23.1,12.9
20.8,10.5
23.2,13.6
24.4,13.9
24.1,13.5
25.7,15.7
21,11.5
20.3,11.4
22.2,8.4
23.2,9
24,10.9
24.4,15
24.1,16.7
24.7,16
23.1,13.2
20.6,11.9
22.9,10.4
21.5,10.8
18.9,8.5
19,7
18.6,8.2
19.8,7
20.8,8.7
21.9,10.1
22.1,14.3
25,15.5
23.1,16.4
24.2,12.2
20.9,10.6
22,10.2
19.9,11.2
19.7,9.9
20.5,9.9
21.2,10.7
22.2,9.8
20.8,9
21.1,10.5
20.4,10.6
20.9,13.8
14.6,11.2
19.2,10.1
18.9,18.5
19.9,11.9
20.9,8.7
19.8,9.9
20.8,10.5
19.6,9.8
19.9,10.5
20.5,10.4
20.9,10.7
20.1,11.7
18.8,13.7
19.3,10.7
19.3,9.5
20.9,10.4
16.9,5.6
15.8,5.8
15.9,4.4
17,6
17.4,6.1
18.9,9.4
19.3,11.8
18.2,13.2
15.2,11.3
19.5,9
17.2,9.2
14.6,7.7
14.2,4.8
12.7,4.9
13.3,2.9
12,1.7
13.4,4.1
12.9,6.9
11.2,4.3
14,5
15.6,4.8
14.4,6.1
17.2,6.8
15.1,5.8
14.6,6.2
17.7,7.9
17.3,5.9
16,8.1
16.7,9.9
15.7,8.9
16.4,8.4
15,6.3
16,6.9
16,7.9
14.9,6.2
12.5,6.1
13.9,2
11.1,1.7
13.6,6.8
13.9,4.9
13.3,4.4
13.3,1.2
8.6,3.3
10.1,0.7
9.9,-0.2
11.2,-1.3
11,-0.2
10.3,-0.4
7.5,3.6
7.6,1.1
8.3,2.9
8.1,4.7
9.2,1.6
10.5,1.2
13.1,2.5
10.8,4
12.2,2
14,2.3
15.9,1.8
14,5.2
15.2,3.1
14.8,7.7
15.3,3.3
16.4,7.4
16.2,5.1
17.6,7.4
15.9,9
13.9,6.6
17.1,5.3
20.1,3.9
22.1,5.8
19.6,6.2
18.6,9.2
20.8,10
20,9.5
18.7,6.2
16,8.9
16.9,10
17.2,10.3
15.4,6.4
15.5,6.4
16.2,6.8
16.3,8.6
16.9,4.3
16.8,6.3
16.8,5.7
12.5,7.9
12.1,7.8
15,7.8
16.3,7.4
16.1,4.9
14.7,4.3
15.4,6.7
15.3,10.3
15,11.6
19.2,12.7
18.5,8.8
18.1,6.9
17.3,5.5
17,5.6
17.2,7.7
16.8,11.5
15.9,11.4
16.9,9.6
17.8,8.8
16.1,6.8
15.7,8.1
15.2,9.6
13.6,6.6
16.7,6.3
16.7,5.6
17.5,4.9
16.4,6.5
17,7
17.1,5.7
17.9,7.7
18,5.5
19.4,6.1
16.9,6.9
13,4.7
14.7,3.6
16.2,3.1
18.6,4
17.7,6.5
18.7,6
17.7,3.8
19,11.7
18.1,7.9
18.8,7
20.3,7.8
19.2,8.1
19.5,7
20.3,6.8
20.9,9.9
23.3,8.1
19.7,7.4
19.7,6.3
18.5,7.3
15.4,5.8
16.8,6.8
16.5,5.8
14.6,7.2
17.2,7.1
17.3,8.2
16.3,6.4
16.2,7.4
17.2,5.9
17.6,7.7
17.8,7.1
18.8,6
18.6,6.6
19.2,8.7
16,10.3
18.4,8.8
20.2,7.9
19.9,7.9
21.4,9.8
19.8,12
20.7,10.4
21.6,12.3
20.5,14.6
21.6,12.5
20.2,11.6
16.8,8.9
19.6,8.5
20.4,8.3
22.9,9.9
21.2,12.5
22,10.5
23.9,13.5
22.4,12.9
22.8,13.6
23.4,10
21.9,9.4
22.1,10.4
22,11.4
22.2,12.3
26.9,12.7
22.6,12.9
21.7,14.7
21.5,14.1
22.9,14.2
23.1,11.8
21.9,11.1
18.7,11.6
22.9,13.6
21.9,13.4
23.2,10.9
25,12.6
26.8,12.3
27.1,11.8
27.8,16.6
27.8,16.5
25.3,15.1
25.4,16.9
25.6,18.8
25.6,18.9
26.3,16.6
28.5,15.8
27.6,13
29.2,14.4
31.7,14.8
32.1,15.2
33.1,15.8
34.2,19.4
32.4,19.7
32.9,17.2
35,18.1
31.4,19.8
27.6,21.1
30.5,19.3
29.6,20.9
31.1,19.7
32,17.9
28.2,18.7
28.5,16.9
28.4,16.5
28.8,16.2
30,17.8
30.6,18
29.8,17.5
28.5,19.3
29.3,20.2
30.4,18.9
31.6,16.9
31.4,18.5
32.1,18.9
31.8,18.3
32.4,21.5
29.9,19.9
30.5,20.5
29.7,18.5
30.1,18.8
30.7,17.8
30.3,19.8
29.4,14.5
29.1,18.3
29.9,19.7
29.7,19.5
30,17.6
31.8,17.1
33.1,18.2
31.7,18
32.1,20
33.5,17.4
33.6,17.8
30.3,20.6
32.2,20
32.6,20.1
30.8,18.6
29.2,21
30.8,19
31.8,21.3
30.1,15.6
28,16.4
29.2,18
31.1,19.9
31.6,19.9
30.6,19.7
29,20.9
32,22.5
28.3,19.7
29.9,18.8
31.2,19.5
32.4,20
32.5,21.3
33.7,20.9
34.9,20.3
31.2,22.4
31.5,22.1
29.8,21
29.4,19.1
27.6,19.1
31.2,21.4
31.1,21.5
30.3,20.4
30.3,20.4
28.4,19.7
28.7,19.6
29.7,18.8
31.8,21.6
28.1,19.3
28.8,18.7
24.9,19.4
27.6,19.5
25.7,20.7
28.4,18
29.9,19.1
29.2,19.2
29.6,18.6
30.7,19.3
30.6,20.9
29.9,19.9
29.7,21.4
29.8,19
29,17.9
30.2,20.6
30,20.6
31.2,22.2
30.1,22.8
29.1,20.1
28.6,18.3
27.5,19.5
26.6,16
26.7,16.7
23.4,16.6
25.8,17.6
26,16.4
25.6,17
29.6,20.1
30,18.1
28.3,17.1
27.4,17
26.7,18.5
26.4,15.7
26.3,15.5
27,16.6
28,16.4
19.9,13.5
24.6,11.5
23.4,14.4
24,13.5
24.5,13.3
21.7,15.2
21.7,14.4
24.7,12.1
24.9,11.9
23.1,12.9
22.3,13.2
24.2,13.1
22.8,13.9
22.6,12.7
25.1,14.9
25.7,15.5
24.3,15.5
23,14.7
21,12.5
21.1,11
23.6,10.6
21.5,11
23.5,12
21.4,11.1
21.4,10.8
23.1,12.8
23.2,16.7
24.4,15.2
24.1,10.7
20.5,10.1
17.5,8.7
17.1,8.2
16.5,6.7
18.5,4.4
18.7,6
20.1,8
16.7,8.3
16.1,11.2
19.1,11.8
19.3,12.7
20.8,11.4
18.3,10.1
15.6,8.5
12.7,9
17,7.7
17.1,7.3
18.1,6.2
16.2,6.6
18,9.8
16.8,6.7
14.9,10.7
14.9,8.3
13.7,6.3
15,5
14.4,3
11,2.3
14.8,1.6
15.8,4.9
15.2,4.4
14.1,7.5
14.5,3.6
18.7,3.7
12.9,3.7
15.3,0.9
16.5,3.8
13.9,4.8
12.8,3.6
17.8,7.2
15.4,3.4
17.9,4.5
16.8,5
16.1,4.7
17.6,4.8
15.9,4.1
14,6.7
14.9,5
14.8,4.1
15.2,3.5
14,3.7
11.9,8.4
15.9,10.2
16.5,10.6
17.5,5.8
17.8,7.4
21.3,7.9
20.8,12.2
20.7,11.5
20.4,8.4
19.5,5.7
16.5,5.1
15.7,5.8
15.3,7.9
18.5,7.7
13.7,3.9
12.6,1.7
12.6,1.7
13.7,0.7
15.7,5.1
11.8,8.3
15.1,5.8
13.3,3.1
12.9,2
15,1.7
14.1,1.1
14.3,1.1
15.3,2.3
13.9,1.9
12.5,3
14.7,2.6
11.3,2.6
12.1,2.3
13.9,0.8
15.2,1.7
15.1,2.3
15.4,0.2
15.8,-0.3
18.1,2.7
17.9,2.1
17.7,3
17.1,4.2
16.1,2.5
18.9,3.3
17.8,3.7
16.4,5.6
15.9,6.5
16.2,3.2
16.9,3
17.4,4.9
15.9,2.5
16.3,2
17.9,2.9
13.4,6.6
16.3,9.2
17.7,5.4
18.3,2.1
16.7,4.9
20.8,3.6
18.2,4.1
13.3,5
16.2,4.3
20.4,3.7
19.3,5.1
18.6,3.7
18.3,5.1
17.3,7.2
13.3,5.2
16.6,3
16.3,8.5
17.7,5.5
17.4,5.1
18.4,6.8
17.9,6.3
18.5,9.3
13.4,7.3
15.1,5.4
13.4,4.4
17.1,6.2
17.3,6.6
16.5,7.5
14.7,6.9
16.9,6
14.9,10.3
15.7,13.6
15.8,13.6
17,13.3
17.2,13.2
13.8,9.1
17.5,8.4
16.9,11.5
15.8,9.5
15.6,8.3
14.9,9.5
18.1,10.1
13.9,11
21.3,8.1
20.1,7.4
16.5,8.6
16,10.3
17.5,7.3
15.6,4.7
16.8,3.5
9.6,3.8
13.4,1.6
16.2,4.3
19.7,6.6
22.1,5.8
23.4,8.2
20.1,10.9
19.3,8
18.7,7
16.6,13.5
14.2,11.2
23.1,9.1
26.4,10.7
27.3,11.3
23.4,10.6
20.4,7.9
20.9,8.1
17.5,12.5
13.6,11.1
19.4,6.7
18.5,10.4
24.1,10.3
21.8,9.1
22.2,6.4
23,9.3
22.4,10.3
25.2,12.4
24.3,11.6
24,13.3
22,12.2
20.2,10.7
21.3,10.3
24.3,10.5
24.2,10.5
25.3,9.9
25.2,9.4
25.3,10.6
24.1,9.7
24.4,11.2
25.8,9.7
23.6,11.6
27.8,10.9
27.9,11.7
27.3,12.4
28.2,12.6
31.1,14.2
27,16.9
28.8,15.8
30.5,14.2
30.8,13
26.3,15.4
24,14.4
23.3,13.7
27.3,17
28,16.1
31.3,15.2
27.2,16.7
24.9,15.3
27.5,14.5
28,14.3
26.6,16.1
28.3,18.6
29.3,16.9
29.3,17.4
29.7,17.1
30.1,16.6
29.5,17.8
26.5,17.9
29.1,15.8
31.6,16
32.3,18
33.8,17.3
30.5,16.3
33.4,19.7
34.4,17.1
35.4,18.4
32.2,20.8
30.4,21.3
30.8,21.8
31.9,20.7
30.5,20.2
31.3,20.7
32.7,17.8
30.7,19.5
28.4,19.8
31.2,21.1
30.2,19
30.8,15.6
31.7,18
28.8,18.3
29.7,17.9
32,17.7
33.5,19.5
33.5,19.3
29.7,21.2
32.1,21.7
31.7,20.2
32.1,19.9
33,18.5
31.9,18.1
33.6,18.9
33.7,18.4
33.6,20.1
36.1,17.9
33.6,19.6
32.8,19.5
30.9,19.8
33.6,20
31.5,22.1
33.1,21.5
33.5,19.5
32,20.7
33.9,22.5
31.4,20.6
33.4,22.1
31.7,23.3
34.2,23.2
32.3,21.8
33.3,23
34.7,23
35.2,22.4
35.1,23.2
34.4,22.2
34.3,22.6
34.2,18.9
34,21.2
33.5,22
33,21.8
34,21.1
34.6,22.2
33.9,21.8
32.4,21.9
34.6,22.4
35.8,23.8
31.1,21.9
31.9,21.6
32.4,17.6
28.6,17.7
29.5,17.1
29.6,19.3
31.5,21.4
29.6,22.2
30.8,21.6
32.3,22
31.9,21.5
32.4,20.2
32.2,22.3
31.3,21.5
31.1,21.6
31.9,22.3
30.7,18.2
30.9,18.3
31.4,21.4
29.8,21.8
30.2,22
31.1,22.7
31.4,19.8
31.1,19.8
29.7,21.1
31,20.7
30.3,19.1
30,22.4
32.1,21.6
32.2,23.1
28,20.3
30.9,19.2
30.3,20.8
27.5,19.5
26.8,15.9
27.8,17.6
27.1,18.2
26.4,17.4
26.4,18.3
27.6,16.6
23.4,16.3
24.7,15.7
25.8,14
26.1,12.4
27,15.7
25,15.1
23.6,13.8
24.3,12.1
26.5,14.6
26.8,13.4
26.6,14.9
25.2,14.6
25.9,18
19.6,16.6
23.1,16
24.3,15.1
24.1,16.5
23.7,15.8
25.5,15.8
25.4,15
26.6,15.3
26.8,15.7
27.2,16.6
26.1,18.7
26.4,17.8
28,17.7
24.7,17.5
26.2,18.1
27.1,14.9
27,17.1
27.8,16.3
27,15
27.2,15.6
23.6,15.3
23.4,14
22.5,12.8
25,14.7
24.9,15.3
25.1,15.2
23.1,14.4
23.5,14.3
21.2,7.7
20.6,9.9
21.4,8
22.9,10.1
23.2,11.1
23.1,12.4
21.6,12.3
21.8,13.6
22.3,14.3
21.6,11.8
22,13.8
20.4,11.9
21.9,14.3
22.8,14.3
17.8,12
17,8
16.8,5.1
15.9,9.5
15.3,9.2
23.8,8.9
20.4,9.5
20.2,7.7
19.5,6.5
18.3,5.6
15.4,6.7
15.7,5.7
16.3,6.5
15.5,6.5
14,5.2
14.8,3.2
14.7,4.8
15.1,4
16.3,7.1
14.7,7.2
14.6,8.4
19.3,10.2
16.3,3.1
9.8,3.4
11.4,5.5
15.6,5.6
19.4,9.8
17.4,10.3
18.3,7.1
15.6,6.9
16.7,6
18.1,6.8
17.9,7.5
18.9,7.4
19.5,8.8
21.6,8.2
20.7,6.5
18.6,4.3
19.8,5.1
18.8,5.5
16.4,3.9
18.8,4
20.2,6.6
20,6.7
