20000101
4.02
3.66
3.49
5.75
3.65
4.4
4.52
3.03
3.24
3.2
3.91
3.76
3.53
4.34
4.57
4.31
4.49
6.99
5.03
4.37
4.51
4.67
5.12
5
3.51
3.58
3.19
4.27
4.63
5.26
3.71
5.41
4.57
4.6
4.68
4.57
3.22
4.45
4.31
4.24
5.05
4.94
3.84
4.24
4.28
4.14
3.86
4.39
5.54
5.02
3.95
4.85
3.3
4.53
4.4
4.57
4.55
4.12
3.99
5.74
7.87
4.98
5.16
4.53
4.26
4.39
4.61
4.8
4.91
4.81
4.55
4.77
5.61
5.46
4.79
5.64
4.91
5.25
4.95
4.98
3.92
6.59
4.87
4.33
5.2
4.03
5.81
5.33
4.79
4.96
5.21
4.93
7.6
8.91
6.28
4.52
4.71
5.37
6.37
4.19
3.88
4.97
8.51
6.58
7.16
6.77
10.12
4.86
7.53
4.59
5.02
5.47
7.75
6.44
6.08
5.11
5.55
5.64
4.62
5.46
3.87
4.95
5.06
5.48
5.9
5.13
5.4
4.89
4.96
6.84
4.77
5.22
4.98
5.52
5.31
5.49
5.02
5.3
4.43
5
5.02
4.09
3.7
4.76
4.97
4.63
5.34
4.33
5.02
5.33
4.96
4.63
4.7
5.17
5.3
4.86
6.3
5.41
5.02
6.07
7
8.8
5.32
4.33
4.79
4.62
5.99
5.94
5.12
5.86
5.17
4.63
4.85
5.02
4.14
4.41
3.95
4.68
6.55
5.09
4.58
4.73
5.19
5.13
6.04
6.05
4.69
5.76
6.18
5.27
5.33
4.63
4.97
5.36
4.4
4.21
5.44
4.48
3.93
4.76
5.28
5
4.58
5.99
5.96
4.89
6.19
5.31
4.9
5.59
4.4
4.29
4.37
5.28
5.75
5.46
5.29
5.78
4.88
4.68
5.23
5.36
5.41
5.61
6.42
5.31
4.5
4.77
5.13
5.13
5.48
5.03
6.3
6.78
5.74
5.3
7.08
5.83
6.26
5.27
5.2
4.91
6.38
4.99
5.25
4.59
4.44
4.53
4.59
5.03
4.06
5.07
5.09
4.6
4.75
4.93
4.52
4.28
5.73
5.1
3.6
4.03
7.57
5.94
4.65
4.79
4.47
4.32
3.62
4.57
4.76
6.43
5.25
4.52
4.44
4.5
4.28
4.29
3.48
3.47
4.65
4.33
4
5.37
7.94
4.53
5.25
3.74
4.1
4.24
3.95
3.3
4.29
4.34
9.41
6.98
8.75
5.08
3.64
3.39
3.92
3.85
3.75
6.06
4.16
5.85
7.45
6.81
5.67
7.26
12.36
10.06
8.2
4.31
4.71
3.97
6.09
7.48
3.93
4.1
3.96
3.93
3.39
4.61
3.91
5.23
5.41
8.66
5.62
5.24
4.74
4.51
4.19
4.14
3.56
4.08
5.54
3.93
4.43
4.14
4.52
13.05
6.64
7.2
7.03
5.6
5.15
3.92
7.41
3.24
3.9
4.84
3.54
4.78
4.51
6.61
10.59
7.63
6.81
6.18
8.88
4.28
7.48
6.51
6.2
4.86
6.74
8.99
6.62
9.39
10.34
6.62
3.05
4.82
5.79
6.06
4.81
4.89
4.02
3.07
3.52
3
3.04
3.77
4.14
3.38
3.2
6.6
9.6
9.81
7.88
8.19
4.89
4.75
4.91
5.63
4.13
4.48
3.93
3.84
6.58
7.21
8.09
10.74
7.25
4.45
3.76
3.67
3.97
3.81
4.9
6.6
5.91
4.2
3.92
4.1
4.08
4.1
4.32
3.91
2.97
4.67
4.36
6.53
7.2
5.83
12.41
11.29
10.78
3.83
5.53
4.5
6.37
3.96
4.2
5.32
5.29
3.95
4
4.25
4.42
6.42
5.9
5.43
6.6
10.42
7.47
7.11
8.64
6.76
4.74
3.88
5.39
7.16
6.28
4.85
4.33
4.35
4.52
6.38
4.37
4.69
6.09
6.22
4.46
4.83
5.91
5.9
4.12
5.06
6.1
4.07
3.74
4.01
4.55
4.93
6.91
5.3
6.44
7.69
6.81
5.25
4.77
4.69
5.91
6.58
5.89
3.69
3.88
4.45
4.36
3.51
3.78
4
5.2
5.66
5.33
4.61
5.22
5.03
7.74
5.77
4.34
3.41
4.69
5.23
3.66
4.06
4.53
4.31
3.87
4.35
4.21
4.59
4.15
4.76
5.25
4.16
3.73
4.24
4.73
4.82
4.07
4.5
5.88
4.46
4
4.28
4.44
4.47
4.49
6.56
6.39
5.19
4.96
5.05
4.34
4.8
5.05
4.94
4.08
4.82
5.39
5.65
4.51
4.7
5.14
4.41
4.88
5.31
5.19
6.12
5.6
5.66
5.11
5.03
4.2
4.91
5.06
4.39
6.06
5.35
4.1
5.48
5.47
4.63
4.65
4.63
4.93
4.94
3.85
3.76
5.1
4.59
4.55
4.88
4.34
4.3
4.49
5.94
4.25
4.29
4.6
3.87
6.18
4.82
5.36
4.28
5.1
4.2
5
5.37
4.79
5.69
4.96
5.27
4.83
4.34
5.25
4.04
3.91
4.6
4.93
4.86
5.33
6.12
4.98
1.36
3.98
4.22
4.56
6.13
4.71
3.74
4.26
4.8
4.77
3.99
3.38
3.64
4.43
4.07
4.44
4.25
4.21
5.09
5.26
4.03
3.04
3.8
3.88
4.75
3.31
4.15
3.79
4.63
3.9
3.47
3.32
3.94
4.84
3.62
4.19
4.58
4
6.84
6.29
3.56
5.78
4.14
4.42
5.4
4.08
3.9
4.33
3.98
4.17
4.62
8.25
6.01
4.65
5.15
3.71
4.48
3.77
3.91
4.39
4.15
3.88
3.18
4.93
5.41
4.73
4.93
3.32
4.57
4.48
4.34
6.64
7.37
8.96
4.95
4.31
4.74
10.87
8.93
5.95
4.18
4.69
3.95
4.13
4.62
4.43
4.41
4.26
4.44
3.58
5.34
3.99
3.76
4.25
3.19
3.72
4.33
4.81
4.53
4.19
3.62
3.23
4.17
4.47
4.05
4.26
7.52
6.93
5.75
3.84
3.45
4.23
3.9
4.16
3.99
3.15
3.78
4.34
5.51
3.44
4.14
5.8
4.57
4.55
3.25
3.28
3.54
6.53
1.93
3.76
4.69
3.15
2.92
2.75
3.67
3.95
3.66
3.64
3.23
4.23
4.53
3.51
4.38
4.3
6.16
4.51
6.41
5.35
4.28
4.64
5.14
4.56
4.11
4.36
4.52
4.34
4.12
4.33
4.19
6.43
5.85
5.02
4.38
4.54
4.17
3.91
4.27
4.03
4.36
3.55
2.44
3.29
4.7
3.75
5.26
8.92
3.67
3.8
3.95
3.15
5.97
5.17
4.6
5.29
3.71
4.34
7.21
8.16
3.72
4.25
4.43
4.08
4.06
5.33
5.75
7.02
7.13
5.32
5.86
4.23
6.7
4.86
4.12
4.45
4.57
4.4
4.53
3.81
4.28
4.44
8.25
7.43
3.62
4.53
4.45
6.5
6.12
6.34
4.65
6.04
5.75
4.67
4.14
5.69
6.53
5.14
5.61
3.36
3.77
4.28
4.19
5.07
3.7
3.94
5.21
5.46
5.04
4.65
4.6
5.35
4.51
5.82
4.25
5.69
5.01
3.57
3.6
5.13
4.05
5.25
10.38
7.5
3.6
3.2
3.81
4.93
5.48
4.13
4.47
4.5
5.64
5.21
4.57
4.77
5.37
3.89
4.54
4.43
5.18
5.68
4.93
4
4.17
4.26
4.87
4.52
3.84
4.98
6.77
5.82
4.62
4.7
3.42
5.24
3.91
4.15
4.46
4.5
4.91
4.8
4.33
4.55
4.5
4.22
3.95
3.84
4.72
5.07
4.38
4.7
4.43
5.17
5.26
4.13
3.17
3.24
3.96
5.57
3.94
4.97
4.34
4.33
5.12
4.96
5.06
4.94
5.05
4.65
4.94
4.31
2.99
4.64
4.61
4.74
5
5.01
5.11
4.93
4.15
3.92
3.35
4.13
4.99
4.76
6.05
4.29
3.83
3.6
4.11
4.51
4.74
5.19
4.15
4.41
4.54
4.51
5.12
4.51
3.49
4.61
5.52
4.77
4.46
4.85
4.39
4.82
3.53
3.95
3.77
3.72
4.48
4.16
3.97
4.4
4.04
4.18
4.62
4.79
3.96
4.02
4.86
3.86
3.57
4.27
5.88
5.41
4.43
4.17
5.55
5.54
4.39
4.16
3.57
4.53
4.48
3.83
3.94
3.7
4
3.66
4.97
4.19
4.19
3.51
2.7
3.57
3.56
3.49
2.37
3.61
4.2
3.62
3.83
3.75
3.19
3.59
4.16
4.21
3.65
4.14
4.14
6.06
6.26
6.57
4.4
3.56
4.89
7.55
10.22
4.88
4.35
5.68
3.77
4.44
3.85
3.84
4.62
3.62
3.7
4.71
3.37
3.55
3.9
3.66
6.56
4.31
4.23
3.56
3.56
4.42
9.52
7.97
3.86
4.27
4.14
4
4.17
5.3
7.56
6.95
8.18
4.41
4.41
3.73
4.23
4.89
4.74
5.24
5.04
3.76
3.92
3.62
4.44
4
3.35
2.54
3.11
4.67
4.08
4.08
2.89
4.75
4.17
4.22
6.75
4.71
4.91
3.17
4.87
3.39
4.42
4.09
4.54
6.43
8.12
5.12
4.71
5.54
4.65
4.99
8.6
7.07
6.23
3.21
3.98
4.34
2.69
2.94
3.38
3.91
3.21
3.78
4.73
3.74
3.58
3.7
3.35
5.18
5.68
8.51
4.17
4.85
7.26
4.09
3.94
6.08
3.98
4.52
5.54
12.06
3.57
4.29
6.35
8.56
5.53
3.45
3.92
3.08
3.5
3.93
3.22
2.25
2.5
3.4
3.91
4.58
3.6
3.5
3.35
7.33
4.25
3.22
3.73
4.5
7.84
8.49
3.98
4.2
4.8
3.83
3.22
3.63
4.69
2.87
4.07
3.95
3.82
3.45
3.29
4.01
4.32
4.4
5.49
3.8
4.21
4.83
4.5
4.32
5.21
5.95
4.31
3.65
4.16
4.12
4.65
5.85
3.37
3.58
4.33
3.34
5.07
8.64
4.07
3.55
5.12
4.39
3.2
5.17
4.61
5.39
3.9
4.86
7.35
8.58
6.44
4.06
3.8
4.55
4.75
3.99
4.84
4.1
4.26
5.46
5
5.66
6.13
4.45
6.93
4.33
4.74
4.19
4.91
5.3
8.11
6.95
3.98
4.57
3.71
4.9
4.2
5.25
3.37
3.04
3.56
3.01
4.45
5.96
3.56
4.03
4.03
4.64
5.35
4.03
4.59
4.49
3.66
4.4
4.58
4.74
5.19
3.84
4.05
5.15
2.95
3.92
4.27
4.01
3.95
4.4
4.88
5.53
4.72
3.98
4.6
-99
-99
-99
-99
-99
-99
5.98
4.52
4.76
4.41
4.53
4.51
4.28
4.39
5.99
7.11
5.32
4.2
4.44
3.94
4.94
4.08
5.04
4.39
4.13
4.25
4.51
5.06
4.88
4.63
5.79
4.51
4.23
5.25
6.05
4.91
4.61
4.04
4.33
5.02
4.6
5.12
4.28
3.27
5.14
3.97
3.9
4.67
4.38
4.61
4.38
4.6
4.68
4.76
4.56
5.17
4.9
5.35
5.19
5.2
4.01
4.63
5.58
4.14
4.23
5.13
3.45
3.9
5.06
5.15
4.63
4.7
5.19
6.43
7.32
4.75
3.83
3.75
3.11
3.58
5.43
4.18
3.71
3.47
4.52
4.25
3.76
3.88
3.51
3.29
5.27
5.16
4.08
3.91
4.04
3.61
3.9
3.98
3.89
3.83
3.28
3.02
3.35
2.31
3.36
2.86
3.34
6.62
5.99
5.33
3.18
4.24
4.34
3.71
3.6
3.63
3.1
2.71
3.05
3.54
4.53
7.44
6.56
9.76
5.54
6.43
6.92
3.26
3.6
4.48
3.56
3.3
2.63
2.3
3.41
6.85
6.65
10.38
3.91
3.84
4.44
3.26
4.14
3.84
3.68
2.19
3.33
2.7
2.62
2.93
2.24
3.35
3.06
4.61
3.71
3.87
3.41
3.85
2.64
3.64
4.91
3.33
3.54
6.55
5.74
3.36
3.28
3.39
3.88
2.26
3.97
5.19
3.65
2.83
3.77
4.65
3.39
3.68
3.03
3.44
3.06
3.35
3.12
2.73
3.28
2.76
3.45
3.74
3.82
9.01
4.08
3.86
3.72
4.39
3.96
5.12
4.84
3.83
4.63
4.29
6.98
3.76
3.57
3.89
3.18
3.09
3.89
4.29
3.44
3.25
5.62
6.73
3.85
3.02
4.01
6.26
3.95
3.89
4.14
3.4
3.51
3.38
2.47
2.8
6.14
3.7
3.84
3.89
5.3
6.43
3.35
3.68
3.83
3.68
2.92
4.04
4.09
2.11
3.05
3.51
3.13
3.85
3.51
3.17
3.83
3.73
3.59
3
4.02
7.14
3.96
4.47
3.52
3.43
1.96
2.08
4.14
4.34
3.27
4.14
3.38
3.75
3.33
3.74
4.14
3.57
2.94
3.15
3.01
3.59
5.55
3.33
3.53
5.68
6.02
4.23
3.74
4.03
3.07
4.66
4.08
6.07
4.11
4.02
3.25
2.23
4.94
8.5
5.86
4.92
4.5
6.22
4.15
3.47
3.86
3.1
4.12
3.57
4.22
4.37
4.39
4.02
4.06
3.18
5.06
8.26
4.38
5.74
5.07
4.4
5.03
4.99
4.51
3.86
5.14
4.97
5.16
5.32
3.1
3.8
4.14
3.93
7.79
4.3
3.79
5.18
4.3
3.91
4.33
3.42
5.6
4.75
4.57
3.43
3.63
3.82
4.61
3.5
4.43
4.3
4.43
4.55
3.87
4.55
3.77
3.47
4.29
3.77
3.68
3.43
3.05
3.05
3.03
3.3
3.41
3.9
4.15
3.82
3.59
3.76
4.14
4.4
4.85
4.84
4.78
4.47
3.77
3.84
4.5
4.84
3.93
4.6
5.04
5.08
3.85
3.41
4.13
3.59
3.51
3.3
3.45
4
3.41
3.91
4.24
4.81
4.66
5.49
4.44
5.5
3.69
4.21
3.26
3.39
3.35
3.96
4.7
3.75
4.19
4.31
3.79
3.92
4.16
3.85
4.37
4.23
3.62
3.35
3.65
4.63
3.41
4.03
4.46
3.86
4.5
4.42
3.95
3.49
3.84
3.56
3.79
3.76
4.59
4.44
4.81
3.81
3.38
4.23
4.4
5.39
3.57
4.98
4.9
3.98
4.89
4.9
4
3.63
3.76
3.47
3.49
3.58
2.96
3.2
4.67
4.85
3.66
4
6
4.91
3.84
3.91
3.85
4.34
3.66
3.78
3.86
4.36
3.6
3.71
3.76
3.82
2.8
2.89
3.78
3.71
4.22
4.63
3.93
3.37
3.66
3.55
3.71
3.61
3.99
3.97
5.68
3.72
4.05
3.19
4.75
4.71
6.95
4.57
3.71
3.31
4.08
4.95
6.49
3.6
4.23
6.71
7.52
4.54
3.42
4.25
4.53
3.71
3.32
6.03
5.41
6.48
2.86
3.15
2.99
3.45
3.05
3.51
3.67
3.37
3.22
3.55
2.97
3.64
3.6
5.01
6.66
9.14
2.99
3.45
3.04
3.5
4.06
3.23
3.41
3.39
2.6
2.76
2.94
3.79
3.11
3.59
3.16
3.57
4.92
5.12
4.03
5.41
4.13
3.15
5.65
5.5
6.25
3.07
3.69
3
3.02
2.13
2
3.22
4.74
3.36
4.7
3.16
3.21
3.61
4.03
3.61
3.9
3.81
3.35
5.45
9.04
3.64
3.33
2.08
2.03
1.75
1.78
1.96
2.25
1.9
2.21
2.26
2.75
1.82
1.63
1.99
1.75
1.99
1.68
1.21
1.79
2.38
1.58
1.42
1.82
1.64
1.77
2.48
1.79
1.3
0.94
1.51
1.93
1.74
2.07
1.84
1.52
1.57
1.43
0.93
1.05
1.28
1.75
1.9
1.51
1.09
1.6
2.06
1.7
1.86
1.35
1.33
2.2
1.59
1.85
1.58
1.68
1.56
1.04
1.81
1.42
1.43
1.63
1.21
1.54
1.23
1.58
1.93
1.95
1.96
1.74
1.68
1.13
2.14
1.88
1.56
1.67
2.15
1.54
1.93
2.15
2.16
0.84
1.49
0.85
1.46
1.06
2.71
2.33
2.55
2.01
1.63
1.78
1.45
1.87
1.72
1.57
1.41
2.36
1.84
1.63
2.88
5
2.25
1.54
1.33
3.14
1.94
2.54
3.15
2.25
2.93
1.35
1.16
1.43
1.89
2.12
2.49
2.4
2.38
1.89
1.84
1.93
1.52
1.57
2.62
1.8
1.36
2.74
2.28
1.86
1.98
2.18
2.13
1.94
1.98
1.69
2.54
2.38
1.75
1.65
1.43
2.08
1.41
2.06
1.79
1.82
1.59
1.85
1.38
2.12
0.96
1.23
1.14
1.6
1.87
2.02
1.59
1.28
1.35
1.4
1.78
1.63
1.48
1.65
2.35
0.82
1.35
1.29
1.41
1.5
1.18
1.7
2.49
1.88
1.54
1.68
1.85
1.84
1.58
1.71
2.14
1.35
1.79
1.31
1.65
1.66
2.1
1.49
1.73
1.34
1.85
1
1.41
1.68
1.63
1.25
1.41
3.18
1.5
2.11
1.94
1.87
1.46
1.63
1.12
1.53
1.43
1.85
1.4
1.69
1.69
1.62
1.37
1.3
0.9
1.4
1.52
1.28
1.27
1.9
1.45
1.7
1.83
1.64
1.48
1.5
1.65
1.32
1.34
1.26
1.68
1.6
1.12
1.45
2.33
1.98
1.71
1.21
1.76
1.53
0.93
1.15
1.57
1.62
1.19
1.28
1.23
1.3
1.86
1.91
1.46
2.15
1.35
1.65
1.61
2.22
1.22
1.39
1.16
2.22
1.9
1.18
1.47
1.8
1.02
1.28
1.22
1.15
1.69
1.75
1.2
1.07
1.38
1.24
1.22
1.28
1.73
2.01
1.33
1.06
1.27
1.15
2.19
1.3
1.01
0.61
1.22
1.48
1.11
1.5
0.85
0.97
1.04
2.1
2.34
2.43
4.13
1.51
2.35
2.24
0.72
1.13
0.78
0.84
1.45
2.44
2.85
3.32
1.4
1.07
1.18
1.37
1.36
1.76
0.97
2.35
1.25
1.68
1.85
2.21
1.51
1.98
1.22
1.15
1.72
1.28
1.16
2.01
1.43
2.15
3.66
2.36
3.72
3.13
3.39
1.9
2.05
6.64
4.63
7
4.76
2.83
1.78
1.85
0.98
1.09
1.33
1.43
0.73
1.3
0.99
2.2
1.54
1.44
1.3
1.1
0.73
0.94
0.78
0.9
2.02
0.98
0.88
2.09
1.52
1.39
2.74
2.98
3.42
2.26
1.2
0.66
0.93
2.05
2.2
0.93
1.18
0.73
1.01
1.28
1.04
0.87
0.65
3.7
1.59
1.44
1.05
0.85
1.38
2.27
1.93
2.37
1.84
1.62
0.72
1.85
3.63
1.97
0.65
1.14
1.28
1.43
1.46
1.27
0.94
1.96
1.05
0.92
1.05
1.68
1.43
1.4
2.98
4.69
6.07
6.25
7.51
2.23
1.58
1.36
1.28
1.01
2.12
2.52
1.66
1.6
1.56
3.9
6.28
9.18
3.28
2.72
1.68
2.74
1.88
4.26
4.04
1.35
1.28
1.41
1.73
2.5
1.96
2.72
1.43
1.26
2.16
1.24
4.02
6.2
2.87
3.67
3.24
3.07
2.25
3.31
2.32
2.07
2.09
1.94
1.43
2.17
1.6
1.54
1.36
1.48
1.78
1.49
1.74
1.49
2.15
3.33
1.7
1.81
1.7
1.35
2.15
1.09
1.81
1.93
2.59
2.26
1.22
1.34
1.6
1.96
1.35
1.58
1.95
2.46
2.23
1.98
1.78
1.73
1.6
2.14
1.44
1.95
1.38
2.13
1.18
1.96
1.42
1.12
1.64
1.45
2.77
2.04
3.4
1.43
1.56
1.72
1.82
1.5
1.77
1.87
1.48
1.47
1.09
1.72
1.83
1.95
1.75
1.89
2.23
1.97
1.87
1.32
1.59
2.21
1.83
1.93
1.9
1.4
2.24
2.06
1.78
1.62
1.8
1.43
1.83
2.34
1.55
1.35
2.03
1.5
1.18
1.23
1.5
1.73
2.33
2.07
2.12
1.89
1.81
1.21
2.26
1.72
1.83
0.99
1.67
1.74
1.87
1.58
1.69
1.33
1.52
1.47
1.4
2.53
1.03
1.38
2.08
1.73
2.9
1.71
1.84
1.72
1.98
1.51
1.55
1.92
2.16
1.82
1.41
1.55
1.09
1.76
1.58
1.21
1.63
2.01
1.79
1.9
1.1
3.37
1.85
2.01
1.48
1.49
1.39
1.87
1.69
1.77
1.21
1.35
1
1.33
1.3
1.49
1.73
1.09
1.19
1.29
1.8
1.25
1.16
1.43
1.77
1.99
1.64
1.96
1.75
1.4
1.78
2.06
0.93
1.39
1.12
1.59
2.07
1.83
1.38
1.48
1.7
1.38
0.84
1.13
1.32
1.94
2.78
1.44
3.99
1.57
0.92
1.93
1.85
1.43
0.68
0.93
1.13
1.25
1.14
1.38
1.82
1.02
1.3
2.95
3.98
4.75
1.78
3.48
6.15
2.07
1.28
1.15
1.4
1.56
0.98
1.24
0.82
0.77
1.18
1.94
1.23
1.08
1.02
1.59
0.95
0.79
0.78
1.31
1.49
0.89
1.17
1.89
1.87
3.15
3.95
3.45
2.06
4.53
1.42
4.68
4.18
4.6
0.78
2.38
2.03
0.99
1.68
3.04
1.56
3.38
2.1
3.83
1.63
2.08
4.19
2.58
1.37
1.75
1.63
1.29
1.47
1.16
1.06
1.4
1.2
0.98
1.88
1.3
1.28
2.45
1.45
1.21
1.32
0.96
2.09
3.26
3.79
1.7
2.08
1.65
1.11
2.32
0.99
0.91
1.59
1.21
2
2.21
1.88
1.14
1.07
1.8
1.64
1.88
1.44
2.5
2.14
1.66
0.78
1.8
5.16
3.09
1.99
1.45
0.84
1.07
1.34
0.99
0.99
1.68
0.99
1.15
1.58
1.46
1.47
3.23
3.01
2.43
2.98
3.63
5.73
2.77
4.84
3.51
1.5
1.58
2.1
1.04
0.99
1.24
2.7
1.76
2.2
3.27
2.26
2.22
2.55
3.4
3.95
2.48
3.1
1.95
4.99
2.3
1.38
1.58
1.99
1.78
1.34
1.5
1.39
1.28
2.07
1.85
2.15
2.85
5.26
2.83
1.73
2.02
2.17
1.22
1.25
1.58
2.85
2.21
2.1
1.87
2.62
3.03
1.37
2.12
1.35
2.07
2.18
1.47
1.9
1.33
1.62
2.43
1.57
2.45
2.42
1.86
1.58
1.59
1.89
1.65
1.99
2.03
1.83
1.97
1.35
1.95
1.81
1.63
1.65
1.15
2.44
1.9
1.48
1.74
1.93
2.54
1.82
1.25
1.71
2.06
1.84
2.1
3.66
3.04
1.24
1.17
2.7
1.86
1.38
2.13
2.49
2.17
1.74
2.28
2.21
1.35
2.35
3.13
2.18
2
1.84
2.18
1.52
1.08
1.29
1
0.8
1.05
1.74
1.33
2.08
1.58
1.64
1.92
2.43
2.85
1.84
3.46
2.64
2.25
1.44
1.74
1.65
1.51
1.25
2.24
1.62
1.29
1.85
1.55
1.94
2.46
1.54
2.43
2.06
1.96
1.36
1.29
1.75
1.59
1.48
1
0.95
1.26
1.55
1.54
1.59
1.86
2.08
1.88
1.93
1.13
1.15
3.1
1.48
1.86
1.4
2.09
1.89
1.31
1.64
1.62
1.4
1.89
1.46
1.49
1.58
1.82
0.55
1.13
1.67
1.33
1.41
1.58
1.09
2.05
1.63
1.65
1.41
2.17
1.28
1.6
1.67
1.28
1.7
1.64
1.91
1.95
2.58
2.16
1.83
1.83
1.45
1.43
1.61
1.62
1.07
1.48
1.1
1.37
1.21
1.25
0.83
1.44
1.44
2.22
1.63
1.09
1.88
1.6
1.51
1.4
1.05
1.14
1.33
1.39
1.08
1.24
2.05
1.98
1.12
1.08
1.98
1.3
1.55
1.42
1.3
1.6
0.85
0.77
1.2
1.33
1.04
1.62
1.39
1.09
1.09
1.24
1.25
1.42
1.55
1.22
1.66
1.32
0.88
2.05
1.2
0.86
1.32
0.96
1.35
1.06
1
0.98
1.02
1.13
1.05
1.06
0.92
1.14
0.75
0.84
1.23
1.4
0.88
0.88
1.55
1.35
3.2
1.26
0.7
1.45
1.46
2.66
2.1
0.89
1.41
0.66
0.98
1.02
1.16
1.29
1.34
1.33
1.73
2.94
2.21
2.37
1.67
1.05
1.58
2.06
5.85
3.05
3.27
1.43
0.95
1.37
2.1
1.11
1.41
1.5
1.64
1.62
2.37
2.18
1.28
1.02
1.54
1.71
1.28
0.68
1.25
1.32
1.16
1.3
1.01
2.69
1.31
2.16
2
1.33
1.8
1.14
1.54
4.43
2.92
1.33
2.57
4.67
5.51
2.77
1.02
1.08
0.69
1.63
1.25
1.59
0.96
1.18
1.38
1.57
2.03
1.26
1.08
1.73
2.71
1.48
3.62
4.24
1.88
2.5
1.73
1.92
1.1
1.12
1.78
1.56
1.61
1.13
1.65
1.05
1.5
0.83
1.18
1.22
1.21
1.45
1.17
1.69
0.57
1.31
1.28
1.19
0.95
1.6
2.32
1.89
2.64
3.24
2.34
1.02
1.67
1.88
4.46
2.49
1.84
1.6
1.73
2.56
2.68
1.38
1.3
1.25
1.38
4.01
1.2
2.61
2.78
2.41
1.29
2.6
1.22
2.05
2.06
1.9
1.72
1.3
2.2
1.76
1.84
1.78
0.92
4.84
5.46
5.13
2.08
1.95
2.4
1.94
1.43
1.19
2.98
5.65
4.62
3.28
2.47
2.05
1.4
1.72
1.33
2.14
1.52
1.57
2.58
2.16
1.63
1.95
2.09
2.04
1.38
1.45
2.31
2.24
2.25
3.45
2.08
1.27
1.42
0.99
1.48
1.14
1.26
1.37
1.95
2.09
1.82
0.91
1.86
2.18
1.69
2.03
1.37
1.96
2.47
1.91
1.74
1.13
1.3
1.29
1.38
1.47
1.7
1.14
1.29
1.55
1.69
1.51
1.6
1.5
1.28
1.98
1.18
1.02
1.3
1.26
1.79
1.33
1.25
1.69
1.92
1.1
1.2
2.08
1.79
1.26
1.56
1.86
1.05
1.55
3.03
1.85
1.62
1.42
1.8
1.3
0.84
1.54
1.72
1.23
1.3
1.78
1.45
0.85
1.15
1.94
1.7
1.05
1.31
1.05
1.14
1.73
1.33
0.94
1.16
1.16
1
1.33
2.03
1.25
0.94
1.43
1.98
1.28
1.85
1.63
1.58
1.19
1.27
2.7
1.37
1.26
2.11
2.21
1.42
1.31
1.61
1.3
0.97
1.88
1.86
1.57
1.45
0.97
1.4
1.19
1.39
1.98
1.66
1.25
1.84
1.88
1.4
2.94
2.25
1.5
1.45
1.73
1.63
1.35
1.1
1.48
2.1
1.35
1.39
1.69
1.37
1.43
1.04
1.16
1.14
1.08
0.8
1.48
1.17
1.62
1.25
1.32
1.46
1.04
1.14
1.31
2.32
2.43
2.39
2.97
1.52
1.33
1.67
2.08
1.21
1.3
1.27
1.47
1.89
0.9
1.29
1.08
1.18
0.84
0.91
0.72
0.86
1.24
1.15
2.11
1.5
1.72
5.6
3.12
2.47
2.66
3.45
1.53
1.83
0.84
0.91
1.25
0.98
2.36
1.93
1.14
1.59
0.72
1.12
0.83
0.88
0.89
0.94
1.14
2.84
2.18
2.2
3.28
1.47
1.48
1.15
2.96
5.89
6.21
3.95
1.72
3.76
3.8
3.54
0.96
0.73
1.37
1.03
1.32
2.74
2.05
2.26
1.1
0.72
1.42
1.63
1.86
0.63
0.99
0.66
0.73
1.06
1.24
1.5
2.56
2.9
2.48
0.75
2.09
1.97
1.3
1.18
0.88
1.72
1.05
1.43
1.39
0.93
1.46
1.08
0.99
1.21
1.03
1.61
1.51
1.48
1.4
3.2
4.78
1.18
1.65
3.71
5.13
8.08
4.73
2.87
3.08
1.68
1.3
0.99
1.28
1.26
0.72
2.03
4
3.92
2.68
2.71
2.87
4.78
4.02
2.93
1.69
1.36
1.35
0.88
1.44
1.59
1.68
1.17
1.13
2.05
1.9
1.29
1.45
1.44
1.99
1.37
1.34
0.67
1.06
1.03
2.29
3.78
3.14
2.5
1.93
1.13
2.26
1.12
1.73
2.01
1.61
1.54
2.03
1.82
2.13
1.49
1.95
1.27
1.85
1.66
2.25
2.3
1.76
1.09
2.1
1.5
0.99
1.03
1.68
1.08
1.1
0.93
1.17
1.24
2.05
1.38
1.71
2.03
2.45
1.57
1.94
1.14
2.74
2.25
1.98
1.56
1.32
1.38
1.46
1.67
1.45
2.43
2.53
1.37
1.43
2.25
1.74
1.62
1.15
1.8
1.47
1.72
1.46
1.85
2.06
1.11
1.98
1.58
1.88
1.85
1.19
1.14
1.79
2.09
1.24
1.49
1.38
1.47
1.95
1.58
1.55
1.51
1.7
1.39
1.48
1.25
1.64
1.71
1.45
1.44
1.2
1.16
1.47
1.85
2.64
2.07
3.05
2.45
2.51
2.08
1.67
1.33
1.76
1.45
1.57
1.63
1.6
1.45
1.04
1.55
1.07
1.48
1.38
2.15
1.58
1.44
1.56
1.58
1.7
1.87
1.55
1.12
1.5
1.4
0.96
1.38
1.3
0.91
1.35
1.55
1.26
1.12
1.83
1.18
1.47
2.18
1.43
1.18
1.64
1.91
3.65
5.42
2.51
1.23
1.55
2.02
1.44
1.64
1.44
1.39
1.4
1.34
1.12
1.28
1.7
1.66
1.46
1.19
1.18
1.42
1.26
1.58
1.1
1.23
1.77
1.68
1.39
1.99
1.13
0.93
1.65
1.4
1.02
1.34
1.73
1.46
1.33
1
1.17
1.43
1.46
2.18
1.49
1.65
1.93
1.6
1.85
1.61
1.79
1.63
1.24
1.31
1.5
1.44
1.35
1.2
1.39
1.72
2.71
1.44
1.01
0.83
1.99
1.94
0.95
1.41
1.05
1.61
1.33
1.66
0.97
1.58
0.85
1.18
1.55
1.89
1.17
1.43
2.48
1.2
1.13
1.28
1.4
1.6
1.51
2.14
2.05
1.37
1.35
3.06
3.06
3.43
2.53
1.99
1.38
0.9
1.77
1.06
1.38
1.84
1.25
1.02
2.31
2.16
3.18
2.72
3.45
1.9
3.06
4.34
2.97
2.41
2.58
2.43
2.9
2.9
3.4
4.32
3.12
0.83
1.3
1.31
2.23
2.68
1.15
2.15
3.11
2.13
1.97
3.26
4.82
3.3
3.14
2.07
1.95
2.58
1.58
5.15
3.62
1.2
1.33
1.5
1.96
1.28
1.2
2.51
2.04
1.42
1.31
2.22
2.67
2.22
5.21
6.69
6.68
7.72
3.21
1.6
3.25
7.44
6.3
5.32
5.04
6.2
1.33
1.98
1.04
1.06
1.69
1.67
1.68
1.24
1.05
1.34
3.29
2.49
3.95
1.98
2.45
1.18
0.77
1.33
1.73
1.4
1.49
1.46
0.96
1.4
1.48
1.5
1.26
1.91
3.1
1.43
1.43
2.64
1.9
1.37
5.18
3.58
1.93
0.87
1.6
1.19
3.57
1.47
1.57
1.66
1.28
2.12
3.08
2.35
2.05
3.05
2.43
5.95
7.5
7.93
7.41
3.98
3.81
4.22
3.69
2.16
2.18
1.51
1.55
1.76
1.65
2.1
1.76
2.35
1.39
1.6
1.43
1.15
2.11
1.95
1.89
1.97
2.3
4.48
1.71
0.94
1.34
1.29
2.67
7.05
4.21
1.69
2.86
5.95
3.9
1.9
3.13
2.93
1.7
1.26
1.53
2.19
1.35
1.72
1.75
2.69
1.39
1.38
1.21
1.71
1.78
1.99
2.39
2.08
1.76
2.1
1.54
1.47
1.5
1.48
1.98
1.86
1.55
2.43
1.95
1.35
1.85
1.34
2.39
2.13
1.5
1.88
2.38
3.61
2.9
1.97
1.8
1.82
1.52
1.73
1.64
1.75
1.94
1.63
1.71
1.71
1.51
1.79
2.81
2.5
2.15
1.69
0.91
1.34
1.43
2.03
1.48
1.34
1.46
1.35
1.26
1.31
1.75
1.72
1.03
2.86
2.06
1.83
1.69
1.69
1.25
2.46
1.63
1.68
1.4
2.37
2.52
1.33
1.53
1.24
1.73
1.35
1.95
1.53
1.19
0.97
1.55
1.84
1.51
2.02
1.26
1.73
1.6
1.51
1.48
1.75
1.5
1.91
1.31
1.41
1.43
1.48
1.41
1.83
1.6
0.85
1.44
1.64
1.85
1.49
1.35
1.18
1.36
1.29
1.45
1.3
1.43
1.38
2.1
1.28
1.25
1.49
1.46
1.05
1.45
1.69
1.55
1.82
1.37
1.39
1.28
1.99
1.83
1.95
1.32
1.55
1.4
1.15
2.28
2.25
1.51
1.57
2.78
2.4
1.57
1.85
0.93
1.73
2.16
1.37
1.1
1.52
1.23
2.33
3.02
1.78
1.08
1.27
1.4
1.86
1.43
1.2
1.49
2.05
1.46
1.57
1.34
1.07
0.88
1.46
1.68
1.38
1.47
1.68
1.5
1.49
1.07
1.32
1.18
0.88
2.05
3.71
1.52
2.23
2.1
1.3
2.01
1.85
1.95
4.46
1.88
1.06
1.27
1.21
2.53
2.4
1.15
1.54
2.43
1.28
1.45
2.79
4.16
1.51
0.85
1.33
1.83
3.73
3.72
1.17
2.34
1.19
1.29
1.42
1.94
1.3
4.92
6.96
4.12
2.46
1.78
3.14
2.21
2.58
3.38
1.35
1.48
1.6
3.7
2.91
1.9
1.95
1.05
2.35
2.09
1.32
1.95
1.39
1.71
3.95
3.2
2.82
2.72
4.31
6.43
5.4
7.16
2.26
1.48
1.15
0.91
1.52
1.25
1.4
3.28
3.54
1.39
1.78
2.93
2.55
2.63
1.45
2.17
3.28
1.27
2.29
1.19
0.88
1.48
0.79
0.7
1.63
1.95
0.74
2.5
5.45
3.21
4.92
2.24
2.45
1.73
1.1
0.9
1.57
2.24
2.01
1.78
1.37
1.04
1.77
1.81
1.74
1.31
0.84
1.08
1.34
1.86
1.97
1.18
0.88
0.74
1.17
1.56
1.15
1.24
1.13
1.27
1.27
1.03
1.85
2.45
1.55
1.76
3.77
1.87
2.88
3.25
1.53
2.41
1.53
1.53
2.93
2.94
1.07
1.34
1.98
1.87
2.7
1.65
1.62
1.3
1.41
2.23
1.19
2.18
2.3
2.31
1.2
1.61
2.24
2.97
1.98
2.2
1.93
0.75
2.89
2.2
1.3
1.7
1.56
2.08
2.24
2.38
1.65
2
3.29
1.56
1.55
1.55
1.29
1.83
2.5
3.15
2
1.73
1.98
1.5
1.88
1.88
1.73
1.78
1.78
0.93
1.42
1.58
1.31
1.88
2.19
1.7
2.03
2.78
1.91
1.78
1.68
1.71
1.48
2.09
1.53
2.05
1.74
1.89
1.64
1.5
1.76
1.45
2.6
2.1
1.69
2.06
1.83
1.91
2.06
1.4
2.15
1.7
1.19
1.13
1.96
1.89
2.02
1.66
1.46
1.7
1.33
1.62
2.04
1.5
1.93
1.52
1.75
1.33
2.32
2
1.23
1.13
1.17
1.65
1.49
1.31
1.77
1.29
1.83
1.64
2.05
1.56
1.3
1.59
1.38
1.69
2.53
1.33
1.28
1.71
1.65
1.63
1.7
1.46
1.47
1.51
1.11
1.35
1.49
1.43
1.77
1.15
1.31
2.15
1.98
1.95
1.7
1.76
1.8
1.74
2.11
1.34
1.7
2.32
2.22
2.58
3.13
1.4
2.05
1.25
1.81
1.3
1.37
1.65
1.23
2.1
1.41
1.1
1.25
1
1.72
1.61
1.56
1.15
2.53
1.63
1.59
1.69
1.42
1.56
1.64
1.88
1.57
2
1.2
0.99
1.48
1.37
1.34
1.83
1.19
1.8
1.78
1.54
1.58
1.69
1.83
1.26
1.19
1.07
1.23
1.76
1.38
1.75
1.55
2.54
1.68
1.57
1.57
1.6
1.81
1.32
1.21
1.58
1.74
1.93
1.46
1.77
1.77
1.8
1.75
1.15
1.53
1.48
1.33
1.26
1.43
1.75
1.65
1.77
1.53
1.22
1.45
1.43
1.52
1.35
1.28
1.73
1.65
1.31
1.49
1.3
1.65
1.55
1.51
1.37
0.94
2.01
2.28
1.6
1.78
1.33
1.41
2.78
4.16
2.58
1.66
1.19
1.25
1.09
1.68
1.47
3.15
3.5
2.24
1.57
2.35
1.2
1.46
1.5
1.76
2.28
1.35
1.18
1.79
2.55
1.35
0.89
0.85
1.28
1.58
2.25
3.36
1.11
1.15
0.96
1.12
1.57
1.15
2.05
2.36
3.53
1.65
2.39
2.56
1.32
1.03
1.75
1.57
1.77
1.32
1.4
2.07
4.94
5.31
3.78
7.53
2.51
3.35
2.67
3.05
2.61
2.42
1.2
0.83
0.98
1.46
1.74
1.85
1.55
3.93
2.13
1.87
3.44
1.36
1.66
3.96
1.92
1.17
0.9
1.3
1.13
1.39
1.15
1.49
1.26
1.22
1.81
1.83
1.25
1.08
1.76
1.4
1.29
0.63
1.15
1.21
1.57
1.33
0.85
1.01
1.3
2.75
1.37
1.01
1.38
2.09
1.6
3.77
3.35
1.35
1.45
2.2
2.86
2.12
1.72
1.46
2.4
2.15
1.13
1.7
1.41
2.01
1.82
1.83
1.24
1.36
1.29
1.55
1.74
1.28
1.4
1.5
1.7
2.4
2.17
2.2
2.27
2.42
2.39
1.8
1.76
1.39
1.57
1.87
1.7
1.36
1.6
1.87
3.05
1.67
2.59
2.34
2
1.65
1.74
1.27
1.86
1.77
1.65
2.01
2.32
1.93
1.73
2.06
0.79
1.47
1.36
2.21
4.03
2.19
1.8
3.13
2.48
2.16
1.71
1.26
1.89
2.6
2.16
3.61
3.81
2.46
2.8
2.82
3.32
2.25
3.68
2.17
2.02
3.01
3.51
2.76
2.5
2.5
2.53
3.02
2.65
1.88
2.48
3.69
1.78
1.76
2.06
2.02
1.73
2.48
1.73
1.4
1.92
2.11
1.88
1.5
2.87
3.53
2.2
1.6
0.91
1.93
1.99
1.57
1.16
1.53
1.74
1.75
2.09
2.21
1.92
1.83
2.13
1.8
1.78
2.14
2.37
2.34
2.04
1.55
2.22
1.78
1.71
1.79
2.05
1.33
1.45
2.24
1.66
1.38
1.73
1.6
1.62
2.1
1.81
1.65
2.2
1.59
1.61
1.39
1.33
2.08
1.88
1.38
1.8
1.35
1.89
1.57
2.17
3.17
1.85
2.13
1.9
1.42
1.6
2.16
2.25
1.53
1.28
1.48
2.06
1.93
1.77
1.72
1.61
1.94
2.13
1.76
2.11
2.06
1.64
1.43
2.27
1.65
1.78
1.19
1.43
1.77
1.62
1.37
1.5
1.29
2.28
1.49
1.6
1.55
1.9
2.06
1.86
1.83
1.75
2.19
1.79
1.92
2.38
1.83
1.37
1.49
1.86
2.58
1.38
2.18
1.91
1.27
1.25
1.64
1.95
1.86
1.25
1.74
1.76
2.09
1.65
1.64
1.19
1.1
1.17
1.19
2.63
1.6
1.45
2.6
4.33
3.9
3.17
1.39
1.65
1.19
1.39
1.87
1.03
1.72
1.93
1.11
1.76
1.41
1.96
1.47
1.41
2.57
1.5
1.72
3.67
1.53
2.68
1.49
2.65
1.92
2.22
1.35
1.2
1.07
1.18
1
2.64
2.58
4.96
1.63
0.93
2.03
5.65
4.44
2.87
4.18
2.23
0.9
1.48
1.75
1.87
3.02
1.22
1.15
1.86
1.65
1.51
1.75
1.45
1.64
1.1
1.5
2.38
1.88
4.15
3.21
0.9
1.32
1.76
3.07
3.25
1.75
1.09
2.28
2.61
3.1
3.7
1.6
3.51
2.81
1.25
1.54
1.66
3.7
2.88
6.44
6.33
4.59
1.67
1.2
1.22
2.71
3.27
2
2.54
1.68
2.66
1.82
2.17
1.22
3.32
1.28
3.52
2.7
1.2
1.5
0.88
1.07
0.84
1.33
0.8
0.73
1.93
1.37
2.14
2.45
2.67
3.55
3.43
1.63
2.88
4.78
2.86
2.55
4.08
2.99
1.97
3.33
1.67
1.81
1.85
1.09
1.67
1.12
5.12
5.02
2.9
1.78
2.86
2.89
4.51
1.67
2.37
4.27
3.91
2.3
1.3
1.85
1.75
1.58
1.19
1.28
1.6
1.6
1.65
2.05
2.91
2.65
1.95
1.36
1.36
3.75
2.98
1.16
1.29
2.73
3.35
2.65
4.59
3.98
4.06
4.17
4.63
2.6
2.36
3.98
2.48
3.13
2.69
5.47
2.24
1.79
3.55
2.17
1.83
1.52
3.01
1.91
0.92
2.06
4.85
3.53
2.04
1.55
2.37
1.43
1.21
1.02
0.98
3.29
3.55
5.15
3.14
4.65
3.75
2
1.4
2.04
2.02
1.47
1.87
1.1
2.35
1.61
1.48
1.97
2.5
2.47
1.6
1.7
1.7
2.23
1.75
1.78
2.15
1.45
1.8
1.34
1.52
2.06
1.62
1.87
1.64
1.89
1.58
1.58
1.59
1.26
1.4
2.07
3.85
2.05
1.37
1.39
1.94
1.6
1.78
1.73
2
1.45
2.19
1.7
1.73
2.48
2.84
1.78
1.85
1.34
1.9
1.75
1.75
1.88
2.47
1.13
1.6
1.28
1.66
1.91
1.71
1.48
2.19
1.74
1.86
2.11
1.45
1.53
1.67
1.79
1.4
1.56
1.6
1.43
1.53
1.52
1.67
1.74
1.55
1.27
1.58
1.45
1.2
1.5
1.3
1.84
1.35
1.32
1.7
2.27
1.32
1.65
1.71
1.71
1.73
2.33
2
1.26
1.6
1.33
1.45
1.53
2.68
2.38
2.16
1.37
1.28
1.53
1.48
1.47
1.52
1.16
2.35
2.02
2.01
1.57
1.41
1.21
1.36
2.11
1.45
1.36
1.94
1.35
0.98
1.87
1.57
1.44
1.66
1.38
1.82
1.55
1.42
1.4
1.02
1.23
1.16
1.2
1.58
1.31
1.52
1.28
1.81
1.2
1.49
1.41
1.96
1.45
1.43
1.2
1.06
2.15
1.66
1.54
1.53
2.04
1.13
0.88
1.09
1.46
1.23
1.28
1.8
1.13
1.6
2.47
2.56
2.14
1.85
1.6
2.22
2.03
1.41
1.13
0.98
1.11
1.15
1.25
1.88
2.12
1.52
2.04
3.43
1.93
1.12
1.87
0.93
1.73
2.2
3.38
3.39
1.46
1.18
1.58
3.8
4.27
1.13
1.44
1
1.88
2.7
2.17
4.45
2.22
2.22
1.63
2.65
2.65
2.83
1.37
1.15
1.05
2.13
2.2
3.31
2.73
2.5
1.96
2.95
4.33
3.09
2.34
1.08
1.03
1.22
1.48
1.18
1.41
1.54
1.73
1.18
1.27
1.13
0.64
0.76
1.18
0.76
0.95
1.02
2.66
2.09
1.33
2.13
1.02
1.15
1.05
2.37
3.23
1
1.49
2.98
2.24
7.21
5.94
4.16
3.48
3.6
1.22
0.97
3.08
3.31
3.78
3.13
4.54
3.7
2.61
1.7
1.27
1.57
0.53
1.3
1.8
3.2
2.44
1.71
3.8
2.5
2.15
1.23
1.94
2.45
1.77
1.67
2.3
2.13
2.75
2.12
3.59
3.16
1.25
1.66
2.11
2.97
3.21
2.7
5.85
4.83
4.25
7.53
3.75
4.58
3.86
3.42
5.76
4.93
-99
-99
2.15
1.76
1.53
1.84
1.55
1.54
1.73
1.44
3.85
2.32
1.8
4.07
2.54
1.88
4.63
4.58
1.23
1.7
2.19
1.59
1.65
1.35
1.87
1.93
1.73
1.53
2.1
1.69
1.4
2.18
1.46
1.72
1.65
2.75
2.18
2.11
2.75
1.21
1.53
2.16
3.2
2.3
0.98
2.58
1.81
2.86
2
2.08
1.42
1.59
2.2
1.87
1.83
2.34
1.63
1.43
1.88
1.81
1.36
1.82
1.46
2.11
1.21
1.5
1.09
2.32
2.57
1.82
2.49
1.76
1.84
1.74
1.82
1.55
1.91
2.38
1.73
1.64
1.74
1.75
1.87
1.9
1.94
1.78
2.07
1.33
1.74
1.78
2.02
1.66
1.63
1.51
2.2
3.43
3.25
3.57
1.59
1.91
1.48
1.71
1.12
1.22
1.36
1.81
1.59
1.5
1.4
2.01
1.19
1.48
1.83
2.28
1.23
1.84
1.27
1.31
1.29
1.51
1.66
1.15
1.69
1.59
1.56
1.24
2.07
1.63
1.71
1.91
1.62
1.67
1.67
3.4
1.59
1.23
1.31
1.83
2.08
2.1
1.87
2.11
1.24
1.64
1.26
1.81
1.64
1.28
1.33
1.2
1.17
1.43
1.12
1.44
2.37
1.9
1.76
1.41
1.27
1.92
1.51
1.62
1.44
1.06
1.54
1.71
1.96
1.34
1.48
1.57
1.32
1.27
1.39
1.18
1.18
1.48
1.36
1.38
1.56
2.59
2.08
1.87
1.33
2.35
1.93
1.34
1.36
1.12
1.1
1.47
1.82
2.32
1.76
1.32
1.16
1.61
1.14
1.21
1.29
1.11
1.13
1.04
1.25
1.52
1.4
1.56
1.24
1.36
1.68
1.23
1.3
1.36
1.51
1.49
1.64
1.29
1.59
2.11
1.46
1.13
1.16
1.27
1.38
1.09
1.29
1.63
1.22
0.7
1.38
1.17
1.03
1.38
1.35
1.85
2.29
1.79
1.74
2.11
1.69
3.45
3.03
1.36
2.83
3.69
3.19
2.44
1.23
2.68
1.73
1.44
1.83
0.98
1.5
1.16
1.08
1.01
1.07
1.26
1.48
1.41
1.81
4.03
3.27
1.36
1.26
1.49
2.96
2.23
0.94
2.84
2.41
3.7
2.88
5.81
5.37
3.39
2.66
1.72
1.01
0.97
1.81
1.79
1.33
0.8
1.44
1.84
2.67
3.75
3.23
1.46
1.34
0.81
0.77
0.98
1.23
2.35
2.31
3.36
1.33
1.32
3.82
1.93
1.79
1.3
1.04
2.19
1.5
0.9
1.78
1.09
0.69
0.88
1.39
1.7
0.92
2.34
2.86
1.66
1.35
1.31
2.31
0.89
1.04
1.08
1.45
1.63
1.2
1.35
1.21
1.19
1.16
2.87
4.3
2.66
5.03
3.81
1.41
3.09
0.97
0.63
0.8
1.45
2.37
3.55
2.11
1.06
2.12
1.8
5.6
3.8
2.74
4.11
2.63
1.37
2.06
1.89
1.56
0.83
2.28
1.69
3.08
1.27
1.59
3.48
3.11
2.16
1.92
1.66
1.62
1.77
1.87
2.54
3.32
2.25
3.55
3.75
1.35
1.8
1.1
2.72
2.92
1.68
2.73
3.65
1.61
1.59
1.81
1.45
1.17
1.4
2.06
1.56
0.87
0.76
1.2
1.66
2.35
2.47
3.09
3.19
1.7
1.78
1.84
1.5
1.78
2.05
2.49
1.57
2.44
2.12
1.49
1.98
1.58
1.67
1.39
1.56
2.08
2.26
1.2
1.69
1.75
2.13
1.8
1.84
2
2.68
1.81
1.4
1.38
1.25
1.72
1.38
2.52
2.17
1.91
1.76
2.08
2.07
1.99
2.96
3.95
2.62
2.6
1.95
2.58
1.36
1.96
2.8
1.79
1.39
1.25
1.45
2.96
3.1
2.33
1.58
1.73
2.13
1.1
1.23
1.78
1.76
1.7
1.38
1.61
1.53
1.53
1.19
1.73
1.81
1.44
1.97
1.48
1.46
1.35
1.7
1.64
1.43
1.28
1.41
1.47
1.86
1.74
1.64
1.48
0.97
1.27
1.63
1.25
1.51
1.2
1.23
1.89
1.98
1.37
1.66
1.77
1.63
1.44
1.33
1.06
1.4
1.56
1.28
2.25
2.7
2.24
2.27
1.71
1.78
1.27
1.58
1.54
1.61
1.63
1.18
1.76
1.7
2.07
2.05
1.44
1.58
1.82
1.42
1.25
1.37
3.05
1.62
2.47
1.61
1.22
1.2
1.3
1.86
1.56
1.88
1
1.47
1.71
1.77
1.34
1.35
1.63
1.12
1.36
1.51
0.94
1.4
1.55
1.15
1.3
1.27
1.49
1.52
1.98
2.56
2.01
1.79
1.97
1.74
1.54
1.63
1.87
1.64
1.45
1.42
1.22
1.4
1.26
1.11
0.97
1.16
1.45
1.15
1.38
2.38
2.22
2.37
4.75
3.55
1.2
1.38
1.04
1.26
1.6
1.73
1.34
1.42
1.45
1.08
1.4
1.45
2.55
1.11
1.12
3.15
2.06
4.51
4.11
1.38
1.03
0.92
1.86
1.89
0.93
0.95
1.21
1.18
1.21
1.13
1.69
0.83
0.88
1.09
1.23
1.4
0.56
1.1
1.26
1.53
3.79
1.48
1.05
1.54
1.63
2.89
2.63
2.34
1.68
1.5
1.06
1.69
1.92
1.2
1.21
0.93
1.2
1.92
0.96
1.18
1.13
0.89
1.01
1.99
3.93
2.51
1.47
2
1.91
2.61
1.32
1.61
1.54
1.42
0.96
0.93
0.85
0.76
1.18
1.01
1.38
2.63
2.31
1.94
1.87
2.34
1.21
2.7
2.85
1.03
0.87
0.85
1.54
0.82
1.4
3.46
1.6
3.35
0.93
2.69
2.17
2.06
2.41
1.8
1.13
2.08
3.45
5.41
2.5
2.01
4.82
5.8
7.55
5.33
8.17
7.35
3.88
2.71
5.57
2.02
4.3
1.1
1.41
2.05
1.73
1.22
1.46
1.02
1.04
2.04
0.99
2.01
2.91
1.05
2.21
2.3
0.94
1.09
1.36
1.91
2.67
2.29
3.26
3.78
7.64
3.05
1.7
5.05
5
2.6
1.76
1.85
2.38
1.43
1.24
1.19
2.13
2.25
1.92
1.55
1.73
1.8
2.4
2.06
3.01
2.64
2
3.01
3.54
3.4
1.36
1.15
1.4
2.28
1.18
1.8
1.6
1.95
1.33
1.25
2.26
0.87
1.44
1.12
1.43
1.29
1.53
1.77
2.05
1.57
2.24
2.91
4.65
3.21
1.85
2.45
1.66
0.67
2.13
2.4
1.61
1.6
1.78
1.93
2.46
3.81
3.5
3.2
4
2.97
2.96
4.28
3.46
1.51
1.78
2.77
1.79
1.42
1.44
1.7
2.1
1.78
1.62
1.04
1.78
1.81
2.47
2.15
1.82
1.9
2.25
1.98
1.47
1.9
1.93
2.15
3.04
2.29
1.43
1.53
1.3
1.38
1.6
1.66
1.31
1.84
2.54
2.28
2.12
1.6
1.41
1.76
1.54
2.1
2.39
1.39
1.49
1.71
1.3
1.75
1.61
1.19
1.33
1.49
1.63
1.28
1.35
1.14
1.67
1.37
1.49
1.55
2.76
1.74
1.82
1.33
1.19
1.3
1.48
1.81
1.76
1.49
1.27
1.53
1.26
1.61
1.83
1.55
1.83
2.01
1.51
1.08
1.88
1.54
2.15
1.4
1.53
1.65
1.56
1.58
1.52
1.65
1.5
1.33
1.55
1.28
2.09
1.56
1.79
1.06
1.36
1.2
1.4
1.64
1.35
1.46
1.93
1.65
1.71
1.7
1.34
1.83
1.43
1.5
1.69
1.82
1.78
1.28
1.28
1.7
1.68
1.51
1.61
2.16
1.31
1.34
1.76
1.62
1.56
1.75
1.63
1.62
1.84
1.77
1.24
1.77
0.87
1.25
1.49
1.48
1.39
1.89
1.83
1.44
1.2
1.71
1.4
1.1
1.36
0.93
1.44
1.28
2.02
2.67
2.07
1.24
1.21
1.57
1.04
1.23
1.42
1.73
1.37
1.11
1.28
1.1
1.42
1.56
1.83
1.95
0.93
1.2
1.58
1.19
1.39
1.97
1.34
1.11
2
1.48
0.79
1.41
1.38
2.17
1.96
1.52
1.03
1.34
1.4
1.46
0.78
2.14
1.81
2.85
1.44
1.05
1.57
1
0.77
1.09
3.01
1.53
1.48
2.81
5.6
1.35
0.91
1.89
3.47
2.82
1.46
1.6
0.99
1.25
0.97
0.85
1.23
1.85
1.92
3.18
4.39
2.4
3.18
2.07
1.47
1.34
1.4
0.71
1.35
1.53
1.03
0.87
1.37
1.54
2.11
0.86
1.35
1.03
3.16
2.85
1.56
1.16
2.48
2.11
1.01
1.96
2.39
1.66
1.88
1.54
1
0.99
0.88
1.29
1.03
0.94
1.17
1.73
1.39
0.94
2.73
1.76
1.55
1.23
1.59
1.18
1.18
0.59
1.39
0.91
1.16
2.29
3.49
2.27
3.41
2.95
2.03
1.51
1.17
3.06
3.61
3.86
2.8
1.15
1.19
1.44
0.78
1.81
1.01
2.1
1.51
2.54
2.31
4
5.69
6.63
7.15
4.45
1.78
2.15
1.63
1.21
2.18
3.36
2.8
1.54
1.07
1.33
1.67
1.28
1.41
1.6
1.21
1.76
2.06
1.42
1.36
1.44
4.33
5.37
-99
1.93
2.35
4.15
3.24
4.66
2.15
1.7
1.41
1.51
1.23
1.18
1.97
1.82
1.63
1.54
1.71
1.61
1.62
1.37
1.49
2.72
2.25
2.27
2.64
1.69
1.74
1.85
1.33
1.59
2.97
1.74
1.25
1.22
1.39
1.43
1.7
2.1
1.65
1.29
2
1.82
1.08
1.66
1.55
1.67
1.46
1.68
1.69
1.66
1.74
1.59
2.53
1.7
1.48
1.79
1.45
1.01
1.79
2.32
3.96
1.75
2.42
1.45
1.92
1.77
2.51
1.65
1.68
1.25
1.88
2.88
3.86
2.94
1.53
1.18
1.55
1.46
1.6
1.62
1.73
1.3
1.85
1.2
1.09
1.93
1.62
1.68
1.22
1.31
0.95
1.06
1.3
2.15
1.93
1.26
1.71
2.55
2.25
1.66
1.91
1.35
1.34
1.54
1.21
1.17
1.67
1.07
1.38
1.38
1.6
1.88
1.58
1.2
1.56
1.46
1.14
1.66
1.74
2.65
2.48
2.05
1.14
1.73
1.31
1.64
1.75
1.53
1.58
1.92
1.55
1.43
1.45
1.76
1.63
1.37
1.26
1.86
1.41
1.93
1.71
1.79
1.38
1.29
1.55
2.06
1.42
1.29
1.33
1.63
1.44
1.9
1.94
2.36
2.08
1.65
1.36
1.31
1.23
1.55
1.51
1.51
1.54
1.5
1.24
1.39
1.11
1.46
1.68
1.44
1.75
1.47
1.35
1.48
1.24
1.29
1.52
1.1
1.78
1.73
1.58
2.22
3.63
1.6
1.51
1.53
1.17
1.05
1.37
1.43
1.27
1.18
1.37
1.76
2.27
1.29
1.56
2.02
1.25
1.34
2.21
1.07
1.53
1.04
1.15
1.03
1.61
1.68
1.69
1.78
1.19
1.21
0.91
0.95
1.3
0.79
0.99
1.38
1.5
0.9
1.4
1.69
0.7
1.25
1.88
1
1.37
1.08
1.28
1.34
0.99
1.79
1.61
1.17
1.93
1.49
1.09
0.96
1.13
1.09
1.69
1.39
1.06
1.11
1.19
1.28
2.41
1.26
1.44
1.81
4.09
1.62
0.98
1.24
1.24
2.73
1.87
3.59
1.15
1.19
1.32
0.91
1
1.26
0.88
1.23
1.59
3.3
4.11
2.48
1.46
1.18
1.46
0.87
2.34
2.28
3.13
1.88
0.83
0.6
1.23
3
1.49
1.51
6.48
6.84
1.41
4.36
4.28
2.48
2.59
1.99
1.84
1.22
1.82
1.35
0.85
0.75
0.7
2.54
3.01
5.56
1.79
2.94
4.01
3.74
4.66
2.6
3.67
3.65
4.79
2
2.21
0.95
3.62
3.13
2.05
1.06
2.57
1.21
2.05
3.94
2.19
1.39
1.58
2.66
3.43
2.85
1.04
1.12
1.45
2.08
1.36
1.47
1.33
0.96
2.84
2.13
2.47
3.02
1.02
1.13
1.06
1.37
0.96
1.37
2.1
2
1.12
3.99
2.06
1.51
1.13
1.74
0.73
0.94
1.35
1.38
1.3
1.66
2.07
1.91
1.91
1.55
2.99
2.85
5.63
5.65
2.57
2.13
3.97
2.45
3.06
3.56
4.55
5.69
3.62
2.1
3.52
6.24
2.66
2.61
2.03
2.31
1.39
1.83
1.39
2.37
1.58
1.36
1.65
1.87
2.22
2.29
4.38
4.41
2.15
1.47
2.77
4.94
1.82
1.89
2.42
1.63
2.58
2.68
1.97
2.1
1.46
1.27
2.01
2.28
1.46
1.92
2.06
1.75
1.53
2.14
1.77
1.65
1.85
1.78
1.7
2.62
4.46
3.15
1.42
1.69
1.37
1.05
1.18
0.99
1.71
1.43
1.28
1.16
2.27
1.35
1.81
1.52
2.05
1.15
1.17
1.01
1.02
1.18
1.72
1.15
1.53
1.66
1.93
2.73
2.2
1.54
1.77
1.63
1.68
1.31
1.52
1.15
1.48
1.57
1.28
0.96
1.66
1.67
2.23
1.44
2.39
1.52
1.5
1.51
1.33
1.6
1.88
1.52
1.61
1.04
1.38
1.2
1.05
1.27
1.61
1.11
1.52
1.27
1.53
1.69
1.53
1.64
1.62
1.32
1.53
1.4
1.18
1.2
1.18
1.69
1.64
1.42
1.43
1.68
2.03
1.23
1.45
1.68
1.67
2.01
1.31
1.07
1.72
1.33
1.13
2.05
1.78
1.35
1.22
1.67
0.96
0.99
1.09
1.56
1.14
1.42
2
1.18
1.61
1.05
1.35
2.37
1.72
1.53
1.53
1.14
1.41
0.9
1.38
1.06
1.13
1.27
1.42
1.16
1.19
1.95
1.08
1.74
1.95
1.45
1.41
1.28
1.3
1.46
1.59
1.56
1.28
1.4
0.94
1.32
0.91
1.34
1.44
1.24
1.34
1
1.13
1.36
1.02
1.03
1.01
1.78
1.19
0.99
1.45
1.32
1.77
1.05
0.98
1.81
1.9
1.66
1.23
1.25
1.25
1.4
1.47
1.47
0.92
2.16
1.56
2.52
1.18
1.03
1.9
1.24
1.03
0.91
2.01
1.49
1.28
1.5
1.45
1.2
0.94
1.18
0.91
0.99
1.39
2.76
2.3
2.22
1
1.06
0.82
0.89
2.04
3.78
3.39
1.7
1.64
4.6
3.21
1.65
1.49
1.72
1.28
1.29
1.76
2.21
1.45
1.17
3.76
2.11
2.16
2
4.09
2
2.59
1.17
1.1
1.78
1.47
1.49
1.07
0.79
2.53
1.33
0.96
2.35
1.9
1.46
1.07
1.23
1.82
2.11
2.49
3.04
1.88
3.35
3.34
1.58
3.04
0.64
1.22
0.91
1.56
1.11
0.94
0.63
0.75
0.98
1.24
1.1
1.04
1.22
1.1
1.47
2.01
1.16
1.48
2.05
2.05
0.84
1.02
2.22
2.59
0.93
1.6
1.24
1.09
0.99
1.15
1.1
1.35
3.23
4.36
1.68
2.24
2.14
3.72
2.58
3.94
6.23
6.03
2.63
3.33
1.16
1.01
0.99
1.37
2.73
2.41
4.21
1.22
1.45
1.25
1
0.9
0.96
1.05
1.4
1.62
1.14
1.33
1.37
1.78
1.74
1.64
1.35
1.29
1.51
1.39
1.35
3.55
4.78
2.19
5.04
3.13
2.29
1.59
2.6
1.56
2.54
1.79
1.75
2.69
1.74
2.86
1.34
1.24
1.73
1.78
1.86
1.58
1.68
1.86
1.69
1.96
1.84
2.32
1.78
1.84
2.16
1.99
2.52
1.78
2.26
3.14
2.1
2.57
2.02
1.75
1.83
2.16
1.64
2.07
1.76
1.24
1.84
2.62
3.12
3.03
3.71
2.77
2.3
4.13
5
3.06
1.88
1.52
1.19
1.35
1.35
1.63
0.91
1.39
2.37
1.73
1.34
4.3
2.74
1.95
1.71
1.66
2.03
2.23
2.01
2.26
1.02
1.25
1.3
1.75
1.12
1.29
1.87
1.36
-99
1.04
1.59
1.36
1.55
1.27
1.12
1.5
1.75
1.94
1.49
2.14
1.9
2.47
1.73
1.14
1.54
1.6
1.78
1.64
1.75
1.83
1.43
1.35
2.04
1.91
1.81
1.16
1.7
1.95
2.16
2.81
2.18
1.54
1.22
1.68
1.49
1.99
1.29
1.59
1.65
1.26
2.21
1.92
2.59
1.69
1.35
1.59
1.64
1.36
1.42
1.34
1.95
1.19
1.29
1.17
1.55
1.57
1.74
2.3
1.61
1.42
1.67
1.34
1.94
1.64
1.81
2.06
1.81
1.37
1.18
1.56
1.13
1.68
1.55
2.01
2.38
1.77
1.69
1.5
1.97
1.3
1.68
2.07
1.19
1.63
1.77
1.19
1.7
1.56
1.28
1.16
1.69
1.59
1.16
1.26
1.09
1.1
1.61
1.54
1.62
1.83
1.18
1.47
1.62
1.35
1.34
1.45
1.78
2.43
1.27
1.42
1.75
1.74
1.37
1.36
1.66
1.09
1.51
1.11
2
2.79
2.63
1.53
1.33
1.19
1.56
2.58
1.71
1.74
1.76
1.13
1.05
1.05
1.24
1.18
1.92
1.19
1.36
1.35
1.59
1.38
2.05
2.56
3.07
2.24
2.82
2.58
2.83
1.15
2.18
1.87
1.45
1.67
1.23
1.14
1.74
0.94
1.51
0.97
1.42
3
5.44
7.03
4.36
2.46
2.37
3.41
3.03
1.57
1.51
2.01
1.31
3.5
2.12
1.84
2.53
1.16
1.33
2.2
3.3
2.59
4.5
2.18
1.18
3.97
4.58
4.88
2.12
2.13
1.43
0.97
1.88
4.14
2.17
1.59
1.19
1.1
2.79
2.25
1.61
5.13
6.24
3.13
3.66
1.23
1.27
0.99
2.54
8.08
6.94
5.74
2.18
1.52
1.05
1.16
1.18
0.98
0.99
1.79
1.38
1.01
1.57
1.31
1.91
1.21
0.85
1.33
1.22
1.64
1.98
1.1
1.59
1.71
2.56
2.48
2.33
3.79
1.1
2.49
4.42
5.65
3.1
2.07
1.98
0.73
1.24
4.49
4.42
1.92
2.45
1.99
2.66
2.69
2.04
2.58
1.04
1.91
1.78
1.11
3.85
3.38
1.62
1.19
3.15
1.48
1.63
3.72
2.26
1.26
1.26
1.28
1.71
1.22
1.73
1.06
1.34
2.26
2.73
1.89
4.79
4.98
6.53
4.58
2.22
4.41
2.98
2.59
1.62
1.45
0.93
1.16
1.47
1.34
0.99
1.49
2.63
1.78
1.48
2.05
1.89
1.8
1.45
1.66
2.04
2.03
1.95
1.17
1.64
1.44
1.21
1.8
2.49
1.22
1.57
1.34
1.16
1.16
1.23
1.63
1.52
1.76
1.76
1.5
2.01
1.55
2.16
1.45
1.77
1.98
1.49
1.24
2.52
2.28
0.97
1.04
1.61
1.48
1.6
2.84
3.3
4.93
4.13
2.49
1.28
1.74
1.54
1.41
1.62
1.35
1.63
2.55
4.81
1.65
2.03
1.27
1.83
1.03
1.79
1.54
1.91
1.48
1.29
1.33
1.95
1.46
0.89
1.31
1.82
1.22
1.54
1.34
1.46
1.58
1.5
1.34
1.51
2.13
1.8
1.24
1.23
1.04
1.29
1.45
2.99
1.94
1.69
1.65
1.85
1.36
1.52
1.25
1.35
1.04
1.48
0.99
1.46
1.7
1.2
1.46
1.34
1.67
1.55
1.45
1.46
1.66
1
1.1
1.69
1.18
1.32
1.24
1.27
1.18
1.23
1.36
1.53
1.08
1.45
1.25
1.36
1.08
1.24
1.27
1.01
1.25
1.49
1.21
1.61
1.44
0.98
1.24
1.05
1.23
1.25
1.48
1.27
1.66
1.2
1.27
1.75
1.54
2.09
1.51
1.2
1.57
1.22
1.37
1.48
1.46
1.45
1.35
1.88
1.41
1.45
1.14
1.58
1.32
1.61
1.5
1.43
1.9
1.2
1.51
1.52
1.45
1.24
1
1.3
1.17
1.74
1.44
1.41
1.22
1.46
1.51
1.09
1.12
1.16
1.58
1.25
1.3
1.36
2.21
2.03
1.28
1.3
2.58
4.06
4.94
2.71
1.82
1.07
1.18
1.19
2.02
4.03
5.46
3.2
1.65
2.83
1.92
1.7
1.68
1.15
1.88
2.42
1.52
1.32
1.97
1.1
1.25
1.12
1.99
2.29
2.44
1.93
2.97
2.93
4.85
2.07
2.79
1.45
1.25
1.29
1.33
1.44
2.48
1.09
1.15
1.6
1.99
2.76
2.5
1.34
1.13
2.59
1.7
0.84
1.49
4.27
1.32
1.19
0.71
1.38
1.09
1.17
0.87
1.34
0.76
1.19
1.26
2.63
2.35
1.17
1.24
0.93
2.18
2.01
4.85
2.14
2.98
4.33
3.27
3.07
2.9
2.15
2.49
1.3
1.46
2.26
3.15
1.09
0.98
1.78
1.78
2.27
1.19
3.05
2.16
3.4
2.41
4.71
7.09
4.03
3.42
4.34
1.83125
1.12083333333333
0.84375
2.17291666666667
1.03958333333333
0.864583333333333
1.01666666666667
1.01666666666667
2.54166666666667
1.53958333333333
1.14791666666667
0.914583333333333
0.860416666666667
0.864583333333333
1.32291666666667
1.2375
2.22291666666667
1.72083333333333
2.83333333333333
2.62708333333333
6.24166666666667
6.33541666666667
0.35
0
0
0.527906976744186
1.39791666666667
3.64583333333333
2.54166666666667
4.17708333333333
4.1
3.27916666666667
2.30625
4.14791666666667
1.0625
1.69375
2.52083333333333
1.48125
4.28958333333333
4.64375
3.4625
1.775
2.48125
1.14791666666667
1.59375
2.30625
4.18541666666667
1.76458333333333
1.53541666666667
2.375
2.7625
2.65833333333333
2.37708333333333
1.32916666666667
0.9375
1.61875
0.935416666666667
1.275
1.48541666666667
2.13333333333333
2.10416666666667
1.01875
1.09166666666667
1.27916666666667
1.18541666666667
0.99375
1.25833333333333
1.58958333333333
1.55416666666667
2.69166666666667
1.56875
2.36875
1.59583333333333
2.09375
1.47916666666667
1.77083333333333
2.15625
1.48333333333333
1.81666666666667
1.48125
1.52708333333333
1.60416666666667
1.61458333333333
1.74375
2.04166666666667
1.5375
1.73333333333333
1.5
1.39166666666667
1.33125
1.15
1.9125
1.57708333333333
1.66875
1.8375
1.97291666666667
1.03958333333333
2.75625
1.2125
1.07708333333333
1.43333333333333
1.38541666666667
1.11666666666667
1.6
1.61666666666667
1.09583333333333
1.975
1.53958333333333
1.81458333333333
0.889583333333333
1.46458333333333
1.30625
2.0625
1.69583333333333
1.76666666666667
1.45
0.78125
0.99375
1.26041666666667
1.33958333333333
1.99375
1.5875
1.79166666666667
2.04166666666667
1.99583333333333
2.88125
1.6625
2.20625
2.40625
1.82083333333333
2.39583333333333
3.33541666666667
2.77708333333333
1.30833333333333
3.55416666666667
3.1875
2.01666666666667
2.56666666666667
1.82083333333333
1.1625
1.99583333333333
1.55625
1.49791666666667
1.81458333333333
1.31458333333333
1.19375
1.34166666666667
1.42708333333333
1.69166666666667
2.06041666666667
1.75208333333333
1.88333333333333
1.37916666666667
1.75
1.65
1.16666666666667
1.23125
1.33541666666667
1.10208333333333
1.18541666666667
1.05625
1.1125
1.05416666666667
1.26666666666667
1.55833333333333
1.20208333333333
1.49791666666667
1.64166666666667
1.82083333333333
1.6
3.22083333333333
3.43333333333333
1.29791666666667
1.35625
1.73541666666667
1.46666666666667
1.42083333333333
2.35416666666667
1.44375
1.94375
2.06458333333333
1.32708333333333
1.4125
1.70625
1.60416666666667
1.66666666666667
2.33333333333333
1.51458333333333
1.59583333333333
2.21458333333333
2.25
1.66041666666667
1.97291666666667
1.35833333333333
1.28958333333333
1.3125
1.2375
1.54375
1.6
1.86875
1.72291666666667
1.8125
1.85416666666667
2.48125
1.73541666666667
1.53333333333333
1.05208333333333
2.12708333333333
1.62291666666667
1.58333333333333
1.90416666666667
1.3375
1.41458333333333
1.56041666666667
1.97083333333333
1.23125
1.75416666666667
1.57916666666667
1.82291666666667
1.22916666666667
1.27291666666667
1.04166666666667
1.48260869565217
2.00833333333333
1.59166666666667
1.70833333333333
1.79791666666667
1.79375
1.63333333333333
1.53958333333333
1.71458333333333
1.22708333333333
1.72916666666667
1.34375
1.10208333333333
1.37083333333333
1.42916666666667
1.31875
1.4875
1.52708333333333
1.7375
1.39791666666667
1.33541666666667
1.55625
1.13541666666667
1.11875
1.32083333333333
1.35416666666667
1.73958333333333
1.18541666666667
1.99791666666667
1.53958333333333
1.08541666666667
1.04166666666667
0.94375
1.94375
1.33333333333333
2.06458333333333
1.28333333333333
1.50625
1.05
1.07708333333333
1.17708333333333
0.90625
1.37916666666667
1.41875
1.35625
1.475
1.925
2.28541666666667
1.96875
1.31458333333333
1.6625
1.19583333333333
1.69166666666667
2.93125
1.61458333333333
2.00625
0.94375
1.04791666666667
1.7
1.13333333333333
1.07291666666667
0.933333333333333
0.970833333333333
1.53333333333333
1.775
2.03125
1.03125
1.25416666666667
1.18333333333333
2.56666666666667
3.59791666666667
1.50208333333333
1.2
1.38333333333333
0.877083333333333
0.99375
0.895833333333333
1.0625
1.02083333333333
2.20833333333333
3.03541666666667
2.57916666666667
2.55833333333333
3.26875
1.85
0.939583333333333
1.19166666666667
1.25416666666667
1.14583333333333
1.0625
1.54791666666667
1.93958333333333
2.76041666666667
1.60208333333333
1.2625
1.29583333333333
0.8
0.86875
1.00625
0.764583333333333
0.883333333333333
0.5875
0.954166666666667
0.777083333333333
2.04791666666667
1.67916666666667
1.36875
1.51666666666667
3.24791666666667
3.52916666666667
2.94791666666667
2.24375
3.27916666666667
2.33125
1.70833333333333
3.66458333333333
4.19791666666667
3.13541666666667
3.78333333333333
5.40208333333333
3.3625
3.97083333333333
1.46458333333333
0.854166666666667
1.16458333333333
1.13541666666667
1.20833333333333
0.772916666666667
1.2625
0.939583333333333
0.760416666666667
1.05
1.225
0.84375
2.36041666666667
2.35833333333333
3.96041666666667
1.61875
5.34583333333333
4.16041666666667
1.35208333333333
0.814583333333333
1.07708333333333
2.23958333333333
2.16875
2.43125
5.05625
1.63125
1.60833333333333
1.86458333333333
3.53333333333333
2.72291666666667
1.10625
1
1.68333333333333
0.945833333333333
1.50833333333333
1.13333333333333
1.05833333333333
1.14375
1.01875
1.12291666666667
1.20208333333333
1.39791666666667
1.34583333333333
1.48541666666667
1.0375
1.17708333333333
2.00416666666667
1.05208333333333
0.90625
1.21041666666667
1.0375
1.11458333333333
1.60625
1.52708333333333
1.69375
1.13541666666667
0.920833333333333
1.40208333333333
1.71458333333333
1.02291666666667
1.21041666666667
0.954166666666667
1.58333333333333
1.4125
3.6375
3.01458333333333
2.2
2.24375
1.4625
3.12291666666667
1.49166666666667
1.84791666666667
1.60208333333333
1.35625
1.22291666666667
1.82291666666667
1.69166666666667
1.50416666666667
1.91458333333333
1.525
1.60833333333333
1.7375
1.20416666666667
1.31041666666667
0.897916666666667
0.845833333333333
1.24791666666667
2.14583333333333
1.2
1.96875
1.75
1.325
1.42083333333333
2.66666666666667
2.5625
2.05625
2.5625
2.86382978723404
2.45416666666667
1.37916666666667
2.42083333333333
2.15625
1.59583333333333
1.6125
2.36458333333333
1.72708333333333
1.80208333333333
1.525
1.4375
1.32708333333333
1.45416666666667
3.19583333333333
3.21875
1.7375
1.50833333333333
1.43333333333333
1.27916666666667
3.35208333333333
3.97708333333333
1.75
2.70416666666667
2.33333333333333
2.25833333333333
2.16041666666667
2.13958333333333
1.57291666666667
1.81666666666667
1.75
1.87708333333333
1.36458333333333
2.04583333333333
1.87916666666667
2.95625
4.825
3.45625
1.87916666666667
1.54791666666667
1.09583333333333
1.85
1.54166666666667
1.43541666666667
1.11458333333333
0.841666666666667
1.2875
1.40208333333333
1.27708333333333
1.72916666666667
1.62083333333333
1.78333333333333
1.45833333333333
1.36666666666667
2.575
1.06666666666667
1.59166666666667
1.44166666666667
1.70416666666667
1.87083333333333
1.89166666666667
1.38125
1.46458333333333
2.06041666666667
2.42291666666667
3.51666666666667
2.04583333333333
0.885416666666667
1.82708333333333
1.51666666666667
1.3625
1.65
1.50625
1.56666666666667
1.68333333333333
1.39791666666667
1.4625
1.88958333333333
1.74166666666667
1.46458333333333
1.51875
1.29583333333333
1.525
1.67916666666667
1.38333333333333
1.39375
1.41041666666667
1.49375
1.7625
1.83125
1.80833333333333
1.46666666666667
1.83958333333333
1.84583333333333
1.80208333333333
2.17708333333333
2.6625
2.19166666666667
2.06041666666667
1.50625
1.73333333333333
1.45
2.09583333333333
1.32083333333333
1.61041666666667
1.76666666666667
1.39791666666667
1.77916666666667
1.79791666666667
1.55416666666667
2.10833333333333
1.37916666666667
1.64583333333333
1.48333333333333
1.45833333333333
1.75416666666667
1.75625
1.67916666666667
1.92916666666667
1.50416666666667
1.58958333333333
1.8375
1.66666666666667
1.67083333333333
1.8125
1.19375
2.01666666666667
1.5375
1.92291666666667
2.02708333333333
1.56666666666667
1.93333333333333
0.958333333333333
1.21875
0.93125
1.21875
1.10833333333333
1.41041666666667
2.10208333333333
1.81458333333333
1.70416666666667
1.59791666666667
2.1
1.28333333333333
1.7125
1.36875
1.80208333333333
2.52291666666667
2.1125
2.925
1.4875
1.12291666666667
1.14583333333333
1.62291666666667
1.42291666666667
1.225
1.44791666666667
0.91875
1.13541666666667
1.62708333333333
2.32708333333333
1.27916666666667
1.25416666666667
1.60625
2.48125
1.75416666666667
1.75625
1.11458333333333
1.11041666666667
1.54375
1.29166666666667
1.23958333333333
1.98125
1.84583333333333
1.53125
1.71276595744681
2.14893617021277
1.42340425531915
1.82127659574468
2.65
3.59375
1.4625
1.25
1.12083333333333
1.575
1.37291666666667
1.41458333333333
1.15208333333333
1.27111111111111
1.69583333333333
1.40425531914894
0.997872340425532
2.12553191489362
2.0468085106383
2.21666666666667
1.6
1.31041666666667
1.48125
1.95416666666667
1.375
0.95
1.44166666666667
1.34583333333333
1.13125
0.60625
1.13541666666667
0.929166666666667
0.889583333333333
0.960416666666667
1.7
1.10208333333333
1.94166666666667
1.08125
1.26458333333333
1.23125
1.62083333333333
2.46458333333333
3.70833333333333
2.89583333333333
3.69583333333333
3.83958333333333
3.46458333333333
2.38333333333333
1.00625
0.970833333333333
1.125
0.8375
1.73125
2.09791666666667
1.32083333333333
3.46458333333333
2.59791666666667
2.22708333333333
1.44791666666667
1.76666666666667
2.25625
2.925
1.11875
1.66666666666667
1.18125
1.31041666666667
3.05625
5.14375
3.46041666666667
3.85208333333333
0.89375
1.47291666666667
1.425
3.1
4.69583333333333
2.46666666666667
1.58541666666667
1.91875
1.16041666666667
1.41041666666667
1.11666666666667
1.84166666666667
1.1
0.904166666666667
1.08125
1.75625
2.24166666666667
0.64375
0.941666666666667
1.04375
1.97291666666667
3.46458333333333
1.77291666666667
0.875
2.34166666666667
3.28958333333333
1.23125
2.86875
1.25416666666667
1.80833333333333
2.22708333333333
4.80833333333333
2.89166666666667
2.30416666666667
2.075
4.23125
3.50833333333333
3.49583333333333
3.19791666666667
1.575
3.76458333333333
3.65
4.00208333333333
2.11875
