20000101
-99
-99
-99
-99
-99
-99
-99
-99
-99
-99
-99
-99
-99
-99
-99
-99
-99
-99
-99
1.86
1.98
2.59
4.62
2.31
2.14
2.91
2.36
2.01
1.56
2.27
1.57
1.56
1.84
2.57
2.04
1.52
1.92
1.92
1.64
2.03
2.11
2.22
1.67
1.4
2.04
2.32
1.85
2.62
2.12
2.88
2.86
2.19
2.01
2.34
1.95
1.53
1.83
1.9
3.78
2.59
3.21
3.44
1.84
2.37
2.11
2.14
2.22
1.94
2.02
2.72
2.3
2.43
2.43
5.19
4.05
4.99
2.46
2.88
4.33
2.5
2.69
2.19
1.86
3.04
2.05
1.77
2.7
2.79
2.51
3.45
3.41
2.93
2.58
5.48
3.89
2.7
2.74
2.66
2.34
3.85
1.8
3.65
2.86
3.23
5.28
3.77
4.66
2.37
4.02
2.35
2.32
2.3
4.22
2.4
2.98
4.33
3.49
2.45
2.24
3.8
3.43
2.27
2.25
3.33
1.92
2.87
3.63
2.92
2.57
3.44
2.35
3.88
2.67
2.06
2.46
2.48
3.42
2.61
2.1
2
2.14
2.17
1.73
2.02
2.49
2.34
3.26
2.48
2.34
2.61
1.77
2.19
2.07
2.4
3.58
3.36
3.58
2.49
2.58
4.09
4.42
4.13
1.58
2.75
2.91
2.84
4.94
6.4
2.45
2.73
3.21
4.97
2.74
2.09
2.17
2.54
2.04
2.42
2.94
2.37
2.24
2.44
3.69
2.46
2.69
3.05
3.23
4.36
2.85
2.15
3.38
2.31
3
3.01
2.84
2.01
3.03
3.49
2.19
2.19
2.54
2.18
2.68
4.62
2.39
2.81
3.27
2.89
3.89
2.99
2.39
2.25
2.59
3.2
2.57
4.85
3.18
3.04
2.93
2.59
2.6
2.54
2.58
2.87
3.52
2.17
2.52
2.84
2.63
4.19
3.77
2.88
3.62
3.12
3.39
2.89
2.66
1.98
2.41
2.28
2.24
3.58
2.94
2.61
2.61
1.88
2.45
2.37
2.2
2.08
2.11
3.01
2.72
2.8
2.27
2.43
2.24
1.86
1.72
2.2
1.85
2.44
2.35
2.39
3.11
2.24
2.47
1.94
2.23
2.72
2.21
4.93
2.36
2.69
1.74
2.57
2.29
2.14
1.82
2.63
2.11
1.83
2.72
2.34
4.36
1.81
1.75
1.9
2.2
1.91
2.51
2.14
1.27
2.69
3.53
2.9
2.73
2.52
2.03
1.92
1.74
1.74
1.8
5.54
2.35
2.55
4.18
2.77
1.92
4.93
5.63
2.64
2.51
2.18
2.1
3.91
3.34
4.16
2.14
2.73
1.63
2.05
2.07
1.66
2.25
2.41
3.49
3.94
1.84
2.67
2.64
1.95
1.49
2.5
3.26
4.79
3.5
1.89
1.53
4.05
3.8
4.21
3.39
2.18
1.78
1.29
1.41
1.53
2.53
1.98
1.83
1.71
2.03
1.47
2.41
3.65
4.44
2.88
3.02
2.18
4.83
1.95
3.55
2.47
5.74
3.16
4.41
4.95
2.77
3.31
6.74
2.13
1.92
2.38
3.02
1.79
2.45
3.36
3.43
1.46
1.26
2.78
1.37
3.33
4.03
1.91
1.88
3.87
1.75
2.92
3.89
4.33
2.23
2.7
4.39
2.88
2.9
6.46
1.72
1.91
2.88
2.1
3.31
5.42
4.17
2.11
2.1
2.22
1.3
2.09
4.38
4.72
2.85
-99
-99
1.82
2.52
1.86
2.41
2.13
1.38
3.46
2.76
3.97
1.9
2.66
5.95
6.12
4.85
2.03
1.58
2.42
1.96
1.88
2.25
2.89
2.26
2.39
2.62
3.21
1.96
3.1
1.41
3.28
1.89
1.89
3.45
2.62
3.65
2.84
2.59
2.44
2.48
3.41
3.39
3.04
2.36
3.77
3.4
2.43
2.46
2.69
2.62
3.21
1.9
2.91
5.14
6.88
1.61
3.37
1.94
2.47
1.31
1.32
1.96
2.16
4.68
2.6
3.18
2.88
2.91
3.03
1.85
2.11
4.79
2.76
2.41
2.78
2.31
1.7
1.43
1.8
1.61
1.7
2.24
3.89
3.8
2.51
2.88
4.31
3.5
4.11
1.98
2.78
4.34
4.11
2.59
2.02
2.62
1.93
2.67
3.17
2.86
2.12
2.38
2.16
2.23
2.23
1.81
2.58
2.69
2.37
1.88
2.53
4.65
2.09
1.58
3.04
2.21
2.46
2.43
4.49
3.69
2.59
4.54
2.7
2.59
2.28
2.47
2.63
2.89
2.22
2.37
4.13
2.71
2.45
2.73
2.8
2.31
2.32
3.39
3.75
3.37
2.7
2.95
2.19
2.66
2.36
1.69
3.8
4.94
2.79
1.87
2.18
2.49
1.31
3.23
1.72
1.9
1.94
2.45
2.13
2.77
1.92
2.51
2.31
2.26
2.26
2.2
3.58
1.93
2.17
2.34
2.34
2.2
2.27
2.92
2.71
2.1
2.08
2.43
3.94
4.49
2.87
2.88
4.25
2.86
1.96
1.78
2.34
2.3
2.24
2.53
2.98
1.56
2.57
2.66
2.11
2.04
2.29
2.4
2.62
1.67
1.92
1.51
2.19
2.12
2.4
1.99
1.64
1.96
2.14
2.23
1.91
2.04
3.16
2.05
2.06
2.85
1.56
1.86
1.46
0.9
1.8
2.04
1.84
2.71
1.22
1.98
1.91
4.6
2.21
2.14
2.29
1.77
3.03
2.26
1.91
2.53
1.5
1.52
1.08
1.98
1.6
1.55
3.15
2.29
2.95
3.8
2.59
1.69
1.58
1.24
1.51
1.19
3.64
1.73
1.21
1.77
0.8
3.66
3.27
1.82
1.08
1.44
1.74
1.78
1.79
6.95
9.56
9.21
2.25
2.06
7.48
9.82
4.19
3.87
1.9
1.16
1.1
1.15
1.7
1.39
1.4
1.88
1.33
1.2
1.4
1.69
0.89
1.36
1.71
1.03
0.98
1.36
1.56
2.25
1.92
1.91
2.71
2.29
1.47
1.81
4.54
6.2
1.79
1.29
1.68
1.89
1.11
1.7
1.6
2.61
1.65
1.18
2.31
2.05
1.23
1.29
1.32
2.9
1.15
1.68
1.76
1.74
0.69
1.32
1.35
1.59
1.92
1.82
1.4
1.51
1.34
2.48
1.09
2.24
1.76
1.74
0.58
0.02
0.19
0.11
0.91
0.69
2.18
1.55
1.76
1.1
0.86
2.43
2.01
1.26
3.27
4.49
2.33
1.01
2.87
3.54
1.61
1.94
1.76
1.28
1.61
1.69
2.5
1.27
0.98
0.88
1.9
2.04
1.33
6.87
3.05
1.81
1.68
0.79
0.84
2.21
1.24
3.19
1.04
2.29
4.12
6.28
2.77
3.66
2.23
2.11
-99
-99
-99
-99
5.24
2.28
2.99
3.51
1.69
1.89
1.79
1.71
1.98
4.43
2.39
1.59
1.88
2.5
3.82
2.87
2.01
1.15
1.82
3.33
6.14
5.26
2.03
4.19
3.59
3.87
2.16
1.82
3.91
4.19
2.06
1.19
1.65
2.31
1.94
1.65
1.83
2.36
4.39
1.81
3.67
2.35
3.17
2.34
2.41
1.43
1.48
3.53
3.04
0.71
5.51
2.56
2.24
2.86
5.69
6.09
2.18
1.65
0.76
1.64
3.98
2.25
2.35
3.36
3.62
2.45
1.94
1.63
4.49
5.39
2.2
1.68
2.62
2.35
1.4
2.52
2.47
1.93
2.01
2.19
1.65
2.15
2.93
2.7
1.84
2.84
1.77
2.22
2.61
1.45
1.5
1.53
3.01
2.66
2.91
3.56
3.24
2.64
2.11
1.74
1.97
2.5
2.43
2.15
1.72
3.39
2.83
1.82
0.95
2.07
2.53
2.75
2.34
1.88
1.9
1.94
2.78
2.44
2.5
2.33
1.94
1.35
4.69
4.11
1.19
1.73
1.56
2.12
1.84
1.78
2.63
2.12
2.2
2.17
2.16
1.69
2.14
2.18
2.36
2.75
1.89
3.08
2.16
2.26
4.01
0.43
0.37
0.26
0.61
0.59
0.94
0.41
0.25
0.34
0.13
0.26
0.43
0.25
1.6
0.48
0.81
0.05
0.58
0.12
0.87
0.33
1
2.33
2.36
2.24
2.39
2.57
2.96
2.8
2.2
1.94
2.01
1.92
2.78
2.46
2.04
1.98
1.7
2.9
2.39
2.03
2.23
4.58
3.03
2.03
1.55
1.54
1.64
3.75
2.48
2.09
2.28
2.32
1.9
2.55
4.05
3.78
2.68
1.78
2.24
2.09
1.83
2.03
1.67
1.53
2.17
2.51
1.95
1.89
3.94
1.82
3.99
3.16
2.31
2.09
3.92
5.04
5.91
1.98
2.44
2.01
2.14
1.61
1.48
1.66
1.74
1.38
1.72
1.38
1.63
1.5
2.2
1.94
6.09
6.27
2.11
2.39
2.2
2.96
4.4
3.52
2.25
1.97
1.83
1.51
2.31
1.91
2.96
2.7
2.98
2.14
2.5
1.99
1.7
1.81
2.09
2.43
1.1
1.83
2.27
1.7
6.85
1.69
1.41
1.29
1.67
1.62
2.24
1.81
2.22
3.39
2.35
1.77
1.38
1.57
1.98
1.46
1.63
1.14
1.44
1.35
2.12
1.74
5.14
1.81
1.44
1.39
1.96
1.21
2.33
2.37
1.62
1.28
5.7
2.14
1.63
1.29
1.8
1.8
1.6
1.77
1.6
1.27
2
2.69
2.27
1.9
3.82
5.3
2.47
4.15
8.89
3.25
3.9
7.21
2.41
3.12
2.41
12.02
4.06
2.34
1.79
5.38
4.82
2.47
2.1
1.66
2.58
3.84
1.44
1.1
2.65
3.28
3.42
3.53
4.41
3
1.66
5.21
4.29
2.23
2.81
2.55
2
4.96
4.06
2.96
2.26
1.57
1.2
2.2
4.55
1.74
1.59
1.99
1.72
2.35
2.54
1.91
2.61
2.15
3.15
3.56
1.98
2.6
2.25
2.33
2.29
2.86
2.56
2.71
2.94
2.85
2.81
3.1
2.44
1.94
2.64
1.97
4.52
11.98
5.19
2.11
4.3
2.81
2.38
4.69
2.55
2.5
3.97
2.81
3.13
4.56
4.46
2.24
1.55
3.32
3.14
2.08
1.83
2.47
2.02
5.03
3.81
4.01
5.61
1.87
2.58
2.62
1.89
1.86
1.87
1.92
7.14
3.85
2.05
2.83
2.18
2.47
1.75
1.18
2.21
1.26
2.34
1.34
1.88
3.25
1.75
2.31
2.25
1.78
2.91
2.73
3.7
4.5
1.81
2.36
1.57
1.83
2.72
1.88
3.39
4.54
1.54
1.73
2.88
1.97
2.86
3.38
2.56
3.83
2.62
1.65
2.56
2.13
1.67
2.02
4.42
2.94
2.48
3.58
2.69
2.14
1.75
2.93
2.34
3.56
4.19
4.78
4.05
2.95
2.03
2.06
2.08
2.29
2.06
2.21
1.77
3
2.29
2.93
2.57
2.79
3.63
3.04
2.48
2.59
2.43
2.33
2.39
2.38
2.76
2.46
3.03
3.38
2.93
2.44
2.07
2.98
2.49
2.19
2.49
2.53
2.42
1.93
2.16
1.81
2.22
2.27
2.95
2.66
2.24
2.23
1.95
2.41
2.43
2.27
2.83
2
3.02
2.23
2.16
3.43
2.63
1.69
2.07
3.69
4.2
3.23
2.96
1.67
1.67
1.76
2.08
2.97
2.97
1.61
1.74
1.34
2.03
2.13
1.53
2.49
2.16
4.09
2.73
2.15
1.94
2.45
2.37
2.93
2.39
3.54
1.48
1.41
1.66
1.6
1.01
1.83
1.61
2.06
4.15
3.5
2.53
1.43
2.74
1.33
1.88
1.73
2.19
1.88
1.51
3.47
1.76
3.37
5.72
5.87
7.13
4.68
3.55
2.65
1.01
3.18
2.51
2.43
1.6
1.78
1.04
2.88
2.55
4.09
5.65
1.74
1.87
1.2
1.84
2.08
1.79
1.18
0.57
1.48
0.55
0.72
0.63
1.77
1.05
1.87
1.79
1.81
1.7
1.55
2.69
2.12
1.99
1.78
1.21
2.21
1.27
2.79
1.33
1.55
2.53
2.1
0.8
3.17
3.86
2.43
1.58
2.1
1.86
2.06
3.66
1.08
1.41
1.04
1.87
1.11
1.44
1.91
2.53
2.45
1.89
1.59
7.33
5.52
5.62
1.3
0.77
1.18
2.89
1.76
2.35
3.87
1.74
6.65
2.2
1.85
1.44
0.98
1.09
2.12
1.54
1.6
1.34
1.56
1.8
1.81
1.22
1.37
2.07
3.01
7.79
1.71
2.33
2.82
2.27
1.36
1.82
2.62
2.52
3.5
3.71
5.05
6.08
2.62
1.9
1.62
2.05
1.87
1.74
2.84
1.8
2.21
2.57
2.36
2.59
2.81
1.97
1.99
2.81
3.98
2.48
3.41
4.81
2.59
2.61
3.17
2.5
2.19
3.16
3.7
3.45
3.67
6.57
4.08
2.65
2.93
2.71
4.8
3.31
4.81
3.48
2.68
4.26
5.38
3.56
2.7
3.4
3.48
2.15
2.82
2.38
2.14
2.52
3.25
5.98
3.35
3.83
3.56
3.1
5.26
7.43
5.85
5.98
6.7
6.16
3.64
3.1
3.34
2.28
2.33
2.28
3.03
4.24
6.31
3.7
4.06
3.23
4.03
9.88
3.91
3.97
3.08
3.41
4.98
4.22
6.3
3.26
4.29
3.37
4.7
5.19
3.56
3.85
3.79
2.84
8.31
5.21
3.26
3.2
3.97
3.48
3.13
2.32
2.83
5.77
3.94
3.36
3.04
3.37
3.51
3.89
2.67
4.2
3.02
4.01
2.94
3.75
3.08
2.38
3.22
2.43
3.06
2.35
2.62
2.19
2.8
3.58
4.06
3.55
3.6
3.78
2.95
3.03
3.45
2.99
3.25
6.65
8.54
6.01
6.52
4.52
3.85
3.27
2.41
5.52
4.16
3.42
3.03
3.78
2.62
2.66
3.35
3.26
3
3.29
3.69
3.64
4.32
3.81
3.48
5.12
3.98
3.7
3.59
2.19
3.27
3.49
3.24
3.55
3
4.91
3.09
3.14
3.74
4.13
4.22
2.44
3.17
4.06
3.3
3.53
4.65
3.51
3.38
3.71
3.2
3.12
3.78
4.13
3.27
3.1
3.93
5.76
3.46
3.88
4.74
4.46
3.25
3.09
3.3
3.81
3.77
6.15
5.25
4.03
3.67
3.22
7.56
4.56
3.26
4.2
3.2
2.89
2.57
2.58
1.8
2.75
2.9
3.8
2.64
2.36
3.86
3.78
3.35
6.01
5.65
4.32
2.89
3.81
3.51
3.69
2.43
2.6
2.5
2.71
1.93
1.96
2.51
2.93
3.64
7.76
5.6
3.42
2.43
1.86
2.63
2.93
3.13
3.23
4.13
2.27
2.77
2.82
3.15
4.58
7.08
4.18
2.8
2.75
2.89
2.45
4.32
2.76
4.61
7.09
5.52
4.25
2.62
2.38
3.03
2.4
3.04
6.73
6.44
4.97
2.85
3.5
1.88
2.86
2.25
1.84
1.5
1.76
2.62
2.29
2.6
3.25
6.77
6.36
13.15
16.61
2.15
2.41
2.13
2.03
3.11
2.77
1.87
1.95
1.96
1.86
2.04
1.95
1.49
3.06
2.1
2.41
2.87
6.69
2.52
2.91
3.47
2.98
6.65
5.77
6.76
2.49
3.5
2.88
2.58
1.99
1.66
2.7
2.84
2.9
2.66
3.09
2.32
2.23
2.24
2.16
3.33
2.31
2.26
4.21
16.68
7.48
2.74
1.41
1.46
1.29
0.89
1.07
1.51
2
1.39
1.35
2.05
0.75
1.1
1.17
0.83
1.46
1.55
0.84
3.04
4.22
1.47
1.48
1.1
1.43
6.66
11.08
7.16
1.43
1.25
6.05
1.67
1.95
1.84
2.05
2.06
1.26
2.43
2.09
3.22
4.01
2.43
1.44
1.02
1.9
3.18
9.18
6.59
7.58
2.58
1.09
4.41
3.1
1.44
1.72
1.37
1.25
2.03
2.42
1.87
3.96
3.17
3.52
1.74
1.58
2.32
4.51
6.66
3.01
1.12
2.04
0.92
1.5
2.42
2.23
1.21
1.45
1.12
1.53
1.24
1.36
2.48
2.46
2.41
1.49
2.72
2.94
1.91
1.6
1.86
1.87
1.7
2.96
1.73
2.59
2.34
1.67
3.94
4.61
1.69
4.57
12.82
4.89
2.55
1.99
4.36
1.77
1.84
1.65
1.74
1.64
1.84
1.7
2.61
2.97
1.44
2.32
2.75
1.94
1.76
1.23
3.39
5.39
1.94
2.12
1.83
2.1
2.38
2.1
2.25
2.45
1.77
2.05
1.8
3.08
2.35
3.37
2.42
3.58
2.48
1.81
2.93
2.84
2.23
1.75
1.77
2.11
2.07
2.53
2.09
3.42
1.79
1.35
2.12
2.03
2.35
2.35
1.72
1.75
2.64
2.9
2.26
2.75
1.85
0.04
0.05
0
0.79
2.6
2.51
2.06
1.63
1.69
1.88
2.7
1.06
2.25
2.36
1.79
1.53
2.33
2.23
1.76
1.69
1.09
2.15
2.66
2.46
1.31
2.19
1.24
0.92
1.45
2.74
1.77
1.79
2.67
2.03
1.51
1.8
1.96
1.89
1.19
1.53
1.74
1.94
2.18
1.81
2.14
3.43
2.66
2.11
1.77
1.36
1.45
1.49
2.35
1.7
1.71
1.96
2.4
1.68
2.52
3.03
1.26
1.78
1.78
1.93
1.87
2.01
2.32
1.49
1.53
1.5
1.78
2.09
2.27
1.89
1.38
2.58
0.49
1.56
1.4
1.79
3.15
1.99
1.75
1.47
0.97
2.4
2.14
2.7
1.28
1.63
1.73
2.04
1.41
1.32
1.08
0.91
1.54
2.24
1.91
1.74
1.51
1.86
1.61
1.62
1.76
1.97
0.92
1.05
2
0.85
0.91
1.22
2.66
1.89
0.99
0.87
1.67
2.2
1.3
0.8
2.35
2.34
0.87
2.53
1.41
1.11
1
0.7
1.43
1.45
1.32
2.08
1.22
0.83
1.61
1.63
2.6
2.85
3.72
4.3
2.95
1.65
2.35
1.46
1.72
0.76
1.26
1.64
1.01
3.05
3.27
5.11
0.82
1.18
2.04
3.83
1.25
1.79
0.72
0.63
2.22
2.03
1.3
2.59
3.33
1.64
1.27
1.12
1.47
1.82
1.89
1.66
2.42
2.75
2.17
3.02
1.6
1.35
0.96
0.97
4.94
1.38
0.85
0.91
0.42
1.45
1.21
1.12
1.62
2.68
1.14
1.37
1.16
0.4
1.23
1.59
1.05
1.32
1.89
1.17
1.1
1.87
1.13
1.78
1.7
1.66
1.62
1.41
1.94
2.08
2.2
2.3
1.47
1.28
1.75
2.52
1.61
2.35
1.61
1.42
0.95
3.09
1.47
1.04
2.68
1.48
2.82
2.34
1.05
1.68
1.57
2.16
5.75
4.42
1.02
1.13
1.34
1.73
1.22
2.26
1.05
1.6
1.55
1.07
1.62
1.33
0.97
0.91
1.09
2.16
2.82
2.76
5.31
2.7
1.92
2.36
1.68
0.84
2.03
2.34
4.51
1.2
1.77
2.26
3.37
4.9
4.41
2.45
1.63
0.64
1.54
1.79
6.91
3
1.53
0.93
0.97
1.01
2.39
1.46
2.22
3.72
2.68
1.19
2.53
2.16
2.49
2.41
1.59
2
1.67
0.97
1.62
1.23
1.5
1.38
3.63
1.83
1.34
1.7
1.94
3.48
2.18
2
1.7
1.4
-99
-99
-99
3.04
2.43
1.12
1.5
3.5
2.41
0.56
1.27
2.94
3.52
2.6
2.99
2.39
1.7
3.03
2.49
2.73
3.53
2.07
2.23
3.76
1.69
1.71
0.97
2.62
2.95
1.48
2.14
1.95
2.73
1.44
1.98
1.99
2.54
3.76
3.25
3.11
1.94
1.73
1.28
1.58
1.6
2.04
3.37
4.07
2.57
6.45
3.09
1.86
2.03
2.09
1.98
1.91
3.01
3.86
2.54
2.34
3.76
2.94
1.82
1.5
2.65
2.13
1.63
1.7
1.81
1.94
2.09
-99
-99
-99
1.87
1.8
2.17
1.73
2.19
2.26
2.05
3.12
2.31
2.26
1.44
-99
-99
-99
-99
2.16
2.01
1.57
0.94
-99
-99
2.79
3.82
3.12
0.42
-99
1.66
2.15
1.61
2.16
3.77
-99
-99
1.69
2
2.58
2.3
2.44
2.5
2.73
2.05
2.34
2.68
2.69
2.33
2.03
1.24
1.94
2.44
1.99
2.97
4.33
3.85
1.92
1.79
1.61
1.68
2.4
1.72
1.63
1.95
1.74
1.58
2.67
2.71
1.73
1.48
0.94
1.39
1.61
1.76
0.75
1.05
1.26
1.56
1.65
1.49
1.29
1.63
1.01
1.05
0.51
1.29
1.56
1.12
1.1
2.5
0.76
0.7
2.05
1.62
1.74
1.56
1
1.18
2.63
1.78
2.97
4.27
-99
1.38
2.03
1.45
1.31
0.27
2.7
3.47
1.61
2.79
2.29
1.47
1.39
1.84
1.03
3.36
0.95
-99
3.41
2.99
4.01
2.51
1.75
1.18
0.77
1.01
1.35
0.66
1.01
3.15
2.99
0.95
1.35
0.67
1.49
1.32
0.98
1.26
0.67
1.06
1.14
0.59
3.11
2.23
1.05
0.94
1.03
0.6
1.15
1.76
1.77
4.03
4.38
0.98
1.88
1.38
1.18
1.62
0.58
2.73
1.19
1.23
2.28
3.37
0.98
2.86
1.1
0.99
1.52
1.1
2.78
2.62
2.86
1.54
1.24
1.06
1.63
3.53
2.75
2.86
2.83
2.35
1
0.86
0.46
1.05
0.97
1.89
1.11
0.87
1.14
1.09
1.34
1.13
0.92
1.45
0.74
1.21
2.93
1.46
1.14
1.39
0.97
1.63
1.65
1.81
0.91
1
0.8
1.09
2.44
1.76
1.41
2.72
1.96
1.84
1.59
1.15
2.16
1.73
1.51
1.52
0.9
1.67
1.77
1.95
1.21
2.06
2.09
2.62
2.26
2.7
2.61
1.96
1.94
2.67
1.69
2.66
1.45
2.37
1.52
1.07
1.28
1.36
1.65
2.16
1.46
1.36
1.55
1.79
1.38
3.74
1.86
2.25
2.52
7.51
1.8
10.59
2.74
1.82
1.44
1.79
1.75
1.49
1.83
1.32
3.38
4.85
6.39
6.5
1.98
2.44
1.88
1.99
1.7
4.61
4.07
1.75
2.44
2
3.18
2.06
2.19
3.23
2.01
1.9
1.78
1.63
1.51
1.68
4.18
3.71
5.76
4.89
1.47
1.45
1.66
1.62
0.88
1.26
1.39
1.35
1.6
1.99
1.42
2.18
1.8
1.15
2.14
0.98
1.93
2.37
0.74
1.99
4.08
1.91
1.66
1.9
2.34
2.96
2.64
3.97
1.97
1.65
1.2
0.57
2.27
1.79
3.2
2.16
1.45
1.44
1.9
1.85
1.43
2.51
1.89
2.33
2.62
1.71
1.79
3.42
4.68
2.07
1.39
1.72
1.28
1.66
1.36
3.46
2.66
2.22
3.76
3.38
2.8
1.45
4.85
1.72
2.38
1.82
2.67
2.11
2.24
3.43
2.72
1.18
1.9
2.15
1.53
2.5
1.96
1.9
2.93
1.14
1.84
1.68
1.81
2.03
1.51
2.18
1.85
2.18
3.56
3.69
3.41
2.43
1.58
1.74
2.04
1.95
1.9
3.02
3.69
2.41
1.7
1.86
2.03
1.73
1.41
2.23
2.16
3.65
1.55
1.96
1.73
2.57
1.85
1.06
1.18
1.56
1.48
1.64
1.94
1.94
2.27
3.68
2.34
1.68
1.53
0.81
1.69
2
1.19
1.37
1.82
2.14
1.15
1.36
1.3
1.92
1.28
-99
-99
-99
1.94
1.83
3.06
3.27
1.68
1.26
1.28
1.46
1.44
1.87
1.75
1.94
1.54
2.33
2.47
2.66
1.5
1.59
1.15
1.4
1.16
1.35
1.27
2.22
2.45
2.3
3.04
2.31
2.97
1.74
1.46
2.05
1.92
1.26
1.51
1.45
1.54
1.89
1.94
2.15
1.35
1.39
1.49
1.26
1.01
1.29
1.32
3.5
1.38
1.34
1.15
1.64
2.21
1.04
1.61
1.4
1.19
4.08
2.31
1.26
1.3
1.42
1.45
1.15
2.01
1.19
1.26
1.46
1.13
1.16
1.05
1.24
1.43
5.21
1.73
1.24
1.09
1.6
2.14
2.09
1.32
1.1
1.12
2.5
5.1
4.43
2.16
1.38
1.2
1.56
1.44
1.66
1.95
1.2
1.34
1.1
1.42
1.32
1.81
2.36
2.08
1.45
1.68
3.41
1.97
1.74
1.84
1.86
1.96
2.67
3.63
2.85
1.45
1.12
1.05
1.8
1.29
1.17
1.34
1.97
1.4
1.19
1.67
2.98
1.33
1.04
1.37
0.97
0.94
1.97
4.23
1.71
2.6
1.9
3.33
2.11
1.75
1.31
1.24
1.44
1.1
1.66
1.89
1.64
1.53
1.54
1.57
1.28
1.56
1.37
1.76
1.02
1.53
4.66
2.7
1.19
1.32
1.59
1.73
1.98
1.5
1.76
2.52
1.74
1.66
1.4
1.46
2.16
2.57
1.46
0.66
0.97
1.44
1.64
2.42
1.66
0.9
1.64
1.15
1.29
1.38
1.41
1.73
3.33
11.54
5.06
2.3
1.9
2.32
2.43
1.99
1.6
2.08
1.04
1.76
1.45
1.91
1.33
0.97
3.24
1.19
1.56
1.79
2.94
2.1
1.76
1.36
1.79
2.2
5.02
3.07
3.76
1.44
2.34
2.68
1.44
1.66
2.16
2.61
2.85
3.12
1.37
1.51
2.96
1.69
1.81
2.01
2.27
3.04
3.43
3.5
2.01
1.85
1.72
1.5
1.18
1.6
3.3
3.79
2.48
1.85
3.51
2.34
1.97
1.54
1.61
1.38
1.42
1.71
2.26
3
2.14
2.48
1.7
3.2
3.01
2.16
1.86
1.42
3.1
1.88
1.65
1.24
3.24
3.64
1.85
1.55
2.16
2.19
1.84
1.58
2.11
2.01
1.69
1.5
0.92
-99
-99
-99
2.08
2.41
1.14
1.47
1.73
1.6
0.7
1.74
2.19
1.41
1.57
1.84
1.88
1.79
2.41
2.3
1.73
3.1
1.79
1.9
1.62
1.8
1.61
2.18
3.38
2.22
1.7
1.48
2.04
1.88
1.82
1.95
2.72
1.94
1.91
1.42
1.54
1.64
1.62
1.58
1.5
1.87
1.98
1.61
1.66
1.85
1.56
1.99
1.57
1.69
3.14
2.37
3.11
3.3
1.89
1.63
2
2
2.15
2.6
1.62
2.11
1.83
1.61
2.99
2.7
1.67
1.96
1.64
1.26
1.53
3.69
2.29
1.62
1.89
1.17
0.73
1.52
1.56
1.56
1.47
1.86
1.8
2.24
1.61
1.34
2.17
3.46
2.8
2.87
1.22
1.75
2.42
1.42
1.73
1.82
1.24
1.35
1.47
1.55
1.58
1.33
1.79
1.64
1.83
1.35
1.66
1.93
1.59
1.4
1.44
1.96
1.68
1.41
1.61
1.46
1.82
2.08
1.54
1.28
1.32
2.75
1.11
2.96
1.54
1.63
2.04
1.8
1.34
2.09
1.51
1.52
0.86
1.06
2.82
2.44
2.27
1.33
1.62
2.73
1.34
1.13
2.49
1.66
2.91
2.64
2.76
2.28
2.77
1.67
1.41
0.89
1.36
1.4
1.65
1.47
1.99
1.05
1.51
2.26
1.18
1.03
1.55
0.88
1.8
1.14
1.39
1.23
1.69
1.56
1.47
1.48
2.85
2.13
3.49
2.36
1.34
1.74
1.21
1.51
1.97
1.16
1.47
1.86
2.05
2
1.19
1.37
1.91
1.39
4.21
3.26
1.39
1.6
1.43
1.43
0.99
1.16
1.21
0.96
2.18
4.54
3.8
2.2
0.98
2.49
4.73
2.03
0.91
1.49
1.19
0.99
1.21
0.94
1.31
2.8
2.28
1.45
1.62
0.9
1.2
1.45
1.59
0.83
0.98
3.89
1.79
1.39
0.88
1.14
4.31
1.51
1.18
1.25
1.35
1.39
1.25
3.04
2.6
2.03
1.98
3.46
2.89
1.98
1.64
1.64
1.68
1.32
2.98
4.09
2.14
2.06
1.94
1.35
1.57
1.81
1.75
1.49
2.5
1.1
1.68
1.43
1.51
1.12
1.39
2.16
1.11
1.27
1.29
3.05
1.37
2.69
2.48
1.49
1.35
1.53
1.03
1.59
1.03
1.49
1.51
2.88
1.93
1.24
1.36
2.18
1.89
2.26
1.3
3.1
1.5
2.2
1.64
2.32
2.45
2.44
2.57
4.33
0.86
2.8
1.45
1.61
3.43
3.45
4.37
1.63
1.66
2.75
1.57
1.15
2.65
4.1
2.5
1.53
1.78
2.46
1.25
3.68
6.16
1.33
1.86
2.41
1.78
1.47
1.17
1.38
1.82
4.51
3.8
2.26
1.91
2.5
2.23
1.43
2.53
2.09
1.78
1.33
1.46
1.55
1.36
1.94
2.14
3.39
1.71
2.34
2.65
1.61
1.58
1.63
1.71
1.55
1.83
2.12
4.1
1.8
2.03
2.18
2.01
2.36
1.78
1.85
2.22
2.33
2.74
3.19
2.05
3.46
1.92
1.67
1.81
1.72
1.65
1.81
1.98
1.84
1.99
2.02
2.98
2.11
2.21
1.73
2.47
2.54
1.74
1.6
1.6
2.08
1.86
1.57
1.99
2.36
1.99
1.82
1.63
1.19
1.38
1.49
2.14
1.6
3.23
2.33
1.98
2.42
2.49
2.59
2
3.27
3.42
4.19
2.98
3
2.01
1.73
2.69
1.91
2.34
1.83
2.17
4.11
1.85
1.09
1.75
1.9
2.27
1.67
1.75
1.61
1.85
1.89
1.89
1.95
2.15
1.88
1.59
1.8
1.83
2.61
2.5
2.11
1.84
2.76
2.13
1.9
1.75
1.88
2.12
1.85
1.82
3.01
3.73
2.68
1.47
1.67
1.46
1.7
1.81
1.78
1.8
1.75
2.07
1.84
1.86
2.04
1.35
2.11
1.87
2.96
1.93
1.45
2.39
4.05
2.9
2.71
1.84
1.73
2.25
2.18
1.56
1.93
1.71
1.66
1.7
1.48
1.65
3.18
2.5
1.77
1.31
1.33
1.67
3.04
2.96
3.54
3.86
1.49
2.77
3.53
3.2
4.1
1.7
2.4
1.42
1.31
1.27
1.19
1.29
1.22
1.14
1.24
0.97
1.36
1.46
1.65
1.35
1.63
1.23
1.84
1.6
3.1
1.61
1.27
1.49
1.8
3.9
2.82
1.36
0.93
1.26
1.66
1.34
2.87
1.42
1.24
1.21
2.5
1.42
1.49
2.57
3.19
1.57
1.75
1.59
1.57
1.51
1.28
2.26
1.2
1.28
1.25
1.55
1.31
1.5
2.74
5.43
1.99
1.36
0.83
1.68
2.48
1.59
3.24
3.43
2.68
4.39
1.58
1.39
1.26
2.44
1.41
4.51
3.93
1.52
1.4
1.11
1.09
2.19
1.33
4.53
5.42
1.1
1.33
1.33
1.1
1.98
3.35
2.66
1.21
1.08
1.41
1.22
1.38
1.65
1.34
1.29
1.75
2.27
3.5
2.41
1.45
1.87
2.2
1.62
1.05
1.44
1.05
1.64
2.43
2.12
1.87
1.83
2.85
1.65
3.97
1.46
1.78
1.37
1.81
3.23
2.82
2.09
3.35
1.64
2.86
2.92
1.71
2.47
3.6
2.07
3.44
3.66
1.92
2.1
4.2
1.18
4.21
2
2
7.03
4.16
2.06
1.8
1.49
1.56
1.43
2.42
1.96
3.28
3.98
1.9
1.62
1.23
1.77
2.59
3.46
4.64
4
2.7
2.46
4.64
3.16
2.99
1.66
2.4
4.21
2.15
2.07
2.62
3.34
1.9
2.14
1.88
2.04
1.64
1.86
1.36
1.65
2.07
2.12
3.34
1.23
2.46
2.19
1.43
1.91
1.66
1.5
1.93
2.2
3.03
4.13
1.81
1.33
1.07
2.72
3.97
2.07
1.39
1.95
2.9
4.02
1.95
2.13
1.33
1.21
1.57
2.07
2.25
1.83
1.42
5.15
2.36
2.01
1.91
2.71
3.08
4.04
2.06
1.87
1.86
1.83
1.5
1.23
1.41
1.66
1.85
2.26
2.51
1.23
2.77
4.54
2.09
4.16
2.48
1.9
1.96
2.23
1.53
3.27
1.66
2.04
1.82
4.23
2.57
1.95
1.79
2.09
1.99
1.7
2.35
2.11
1.57
1.48
1.49
2.4
1.77
1.74
1.46
1.72
1.54
1.57
2.46
1.64
1.46
2.86
2.75
3.1
2.05
1.88
1.88
1.84
1.97
2.43
3.26
1.63
1.88
1.63
2.12
2.33
1.91
1.87
2.11
1.89
2.09
2.77
2.22
1.77
1.86
1.87
1.98
1.95
2
1.82
2.15
2.16
1.65
1.68
1.58
1.67
1.81
1.96
1.86
1.94
1.46
1.65
2.44
1.62
1.93
1.97
2.91
1.98
2.16
2.51
1.6
2.24
2.04
1.41
1.74
1.76
1.92
2.76
3.32
1.55
1.74
1.83
1.54
1.47
1.51
1.67
1.63
2.37
1.47
1.47
1.55
1.59
0.98
1.38
1.49
1.93
1.86
2.09
1.74
1.4
1.52
1.79
0.91
2.5
2.84
3.01
2.06
1.94
1.51
1.53
2.18
2.57
3.51
5.33
2.34
1.31
1.63
2.02
2.56
2.04
1.45
1.8
1.38
1.32
1.11
1.98
6.58
4.23
1.39
1.26
3.09
2.69
2.19
1.6
1.79
1.35
1.72
1.21
1.07
1.23
2.24
2.26
1.68
1.32
1.41
1.07
3.42
1.7
1.87
1.26
1.51
1.62
2.61
1.3
1.47
1.35
1.21
1.76
1.34
1.94
1.6
1.77
2.65
1.52
1.06
1.26
2.06
6.02
4.71
2.53
3.63
1.49
1.49
1.25
1.14
1.34
2.71
6.19
3.37
1.35
1.93
1.69
1.37
1.71
2.21
1.32
1.59
1.86
4.65
1.65
1.35
1.11
0.97
1.17
1.19
1.27
0.96
1.37
1.28
1.64
3.13
2.7
2.16
1.39
1.38
1.64
1.1
1.05
1.37
1.41
1.07
0.94
1.23
3.48
7.73
1.59
1.24
1.37
1.41
1.88
2.78
2.59
2.53
2.01
1.57
1.35
4.17
2.14
1.67
1.27
1.15
1.43
1.46
1.03
1.46
0.87
1.17
3.7
1.63
1.54
2.49
2.75
1.78
1.38
1.48
1.62
2.32
1.66
1.43
1.84
2.02
4.04
3.7
2.73
1.7
1.4
3.43
1.91
1.74
1.97
1.45
1.38
1.45
2.11
3
1.85
2.09
3.52
2.45
1.54
2.16
2.02
2.1
1.74
3.04
1.95
2.26
2.7
1.54
2.93
1.77
1.62
1.43
1.44
1.72
1.7
1.83
1.91
1.34
1.51
1.39
1.46
1.59
1.76
2.51
1.71
1.7
1.71
2.05
2.01
2.55
3.89
1.62
2.43
2.26
3.57
2.72
2.48
2.53
2.48
2.01
1.92
1.81
2.39
2.92
2.15
1.54
1.61
2.04
2.55
1.61
1.82
1.69
2.16
1.75
1.9
2.21
1.63
2.01
1.6
1.92
1.78
1.86
1.93
2.03
2
1.76
2.42
1.92
2
2.12
1.75
3.04
3.27
1.81
3.67
4.08
1.94
2.32
2.18
1.96
1.84
1.47
2.15
1.32
1.45
1.63
1.72
1.86
2.29
1.91
2.25
2.14
2.34
1.76
3.08
2.69
2.12
1.6
1.61
2.52
3.17
1.67
2.15
1.88
1.76
2.09
1.94
2.54
1.66
2.31
2.48
2.16
2.37
1.78
1.99
1.58
1.98
1.81
1.59
2.19
1.95
2.03
1.89
2.01
1.58
1.51
1.87
1.95
1.45
1.34
1.37
1.71
1.27
1.26
1.97
2.11
3.22
2.13
1.48
1.95
3.13
1.58
1.53
1.9
1.96
1.62
1.95
2.26
2.15
1.35
1.97
2.79
2.53
1.8
1.9
2.4
2.67
1.88
1.6
2.14
2.2
2.06
1.75
1.85
1.88
2.45
1.89
1.75
2.3
1.42
1.38
1.78
1.53
1.53
2.04
3.03
2.61
1.31
1.74
1.91
1.65
1.53
2.36
1.64
1.79
1.69
1.39
1.72
1.6
1.46
1.56
1.4
1.3
1.32
1.87
1.75
1.55
1.25
1.33
1.54
1.71
1.56
3.35
2.03
1.69
1.73
1.94
1.42
1.95
2.05
1.7
1.58
1.5
1.18
2
1.55
1.52
1.54
2.36
2.93
1.99
2.58
1.48
2.23
1.98
1.46
1.9
2.06
4.31
4.45
1.6
1.29
6.13
4.38
2.78
1.25
1.36
1.12
1.65
0.99
1.05
1.83
2.61
1.32
1.29
1.35
1.84
2.71
4.58
2.84
1.39
1.21
1.24
1.45
1.44
2.16
1.7
2.11
2.84
1.21
1.23
1.66
1.3
1.2
1.36
1.27
1.05
1.13
1.69
1.08
1.42
1.87
2.77
1.56
2.58
1.32
1.18
1.63
1.33
1.4
1.73
1.59
1.63
1.91
1.4
1.75
1.8
1.47
1.66
1.65
1.31
1.69
1.71
2.99
1.62
1.76
2.1
1.45
1.17
0.93
1.14
1.27
1.53
3.09
1.91
1.47
1
1.76
1.71
1.4
1.28
1.51
1.62
1.32
1.6
1.54
3.55
1.77
1.57
1.62
3.59
4.69
7.09
1.95
4.91
7.95
1.21
1.49
4.41
2.53
2.72
3.23
4.48
2.19
2.96
1.58
1.82
1.69
2.72
1.92
1.51
1.95
2.11
1.37
2.59
1.8
1.5
1.61
1.63
2.96
1.46
2.19
3.13
2
2.19
7.41
5.66
1.81
1.99
1.81
1.71
1.61
1.34
2.68
2.14
2.25
1.74
4.12
2.42
1.8
1.67
1.57
1.73
2.07
1.78
1.54
1.55
2.45
2.09
2.57
1.94
1.69
1.38
1.49
3.35
1.99
2.2
2.66
3.1
1.74
1.75
1.93
2.09
2.8
6.53
1.96
2.44
2.13
1.71
3.26
1.79
3.93
1.99
4.92
3.33
1.98
2.51
4.61
3.05
2.61
2.9
2.01
2.8
2.88
1.63
2.05
1.67
1.13
1.5
1.6
1.4
1.7
2.38
1.92
2.69
2.99
2.44
2.31
1.86
1.24
1.25
2.2
1.65
1.84
1.27
1.9
1.6
1.88
1.88
2.04
1.79
1.69
1.81
1.65
1.89
1.61
2.58
2.8
1.87
2.27
3.53
1.6
1.63
4.25
3.63
3.03
1.97
1.73
1.65
2.35
2.02
1.96
1.86
1.77
1.8
1.6
2.12
2.71
1.89
1.83
1.81
1.6
1.69
2.93
2.44
1.84
4.47
1.66
2.06
2.26
2.36
2.37
2.78
2.48
2.04
1.91
2.74
1.87
2.26
2.28
1.65
2.94
2.3
2.75
2.27
2.74
1.79
2.51
2.05
2
2.64
2.26
1.97
1.97
2.71
2.84
2.34
1.7
1.72
1.68
1.94
2.34
1.97
2.21
3.66
4.1
2.28
1.83
2.4
2.35
1.25
1.63
3.05
3.73
3.3
1.69
2.27
2.05
1.75
2.13
1.44
2.46
3.26
5.68
3.37
1.86
1.93
1.8
1.8
1.56
1.69
2.97
1.66
2.14
2.14
2.67
1.75
1.54
1.84
1.19
1.13
1.62
2.38
1.64
3.45
3.07
3.15
2.88
1.66
2.27
1.86
1.01
1.61
1.75
2.38
1.3
1.66
1.5
1.7
1.4
1.34
1.73
1.48
0.97
1.12
3
1.28
1.37
3.71
2.06
1.76
1.65
2.58
1.57
1.32
1.35
0.95
1.35
4.02
4.59
1.82
1.74
3.51
1.52
1.82
3.24
1.53
1.95
1.68
1.38
1.81
1.35
1.85
1.81
1.59
2.73
2.48
1.72
0.89
2.01
2.75
1.16
1.51
1.35
1.15
1.73
4.36
2.12
1.83
1.39
1.9
2.82
1.88
1.15
1.67
1.73
1.6
1.7
1.55
1.33
2.15
1.21
1.5
2.16
1.52
3.47
4.3
1.44
1.89
2.1
1.34
0.93
1.62
1.3
1.26
0.98
1.21
1.11
1.3
1.23
1.4
2.05
1.3
3.22
1.57
1.97
1.85
1.13
1.66
1.8
1.15
0.78
1.63
1.67
1.23
1.22
1.95
1.56
2.75
1.56
1.66
1.61
2.26
1.75
1.81
2.66
2.26
1.82
1.81
1.94
1.13
1.9
1.3
1.21
1.88
1.62
3.62
6.46
1.53
2.07
2.18
4.89
2.53
2.42
2.16
1.53
2.43
2.01
1.71
1.8
1.48
1.33
1.93
2.16
1.22
1.64
1.72
2.67
1.3
1.87
1.48
3.18
3.85
5.63
2.33
1.82
1.6
5.04
4.3
2.3
2.27
2.09
1.82
2.05
2.37
2.33
4.69
2.49
3.71
3.36
1.86
2.24
1.91
1.98
3.2
1.46
2.37
2.07
1.45
1
1.29
3.31
2.23
2.4
1.77
1.68
3.23
1.95
1.32
1.77
2.05
1.38
2.44
2.64
3.9
2.46
2.29
3.92
2.7
1.44
2.46
1.92
1.48
2.57
2.1
1.81
1.98
2.71
2.93
2.59
1.41
2.04
2.8
2.24
2.96
1.75
1.86
1.57
1.78
1.6
1.56
1.74
2.04
1.38
1.81
1.58
1.38
2.42
1.78
1.42
3.34
3.55
2.03
1.22
1.43
2.7
2.21
2.11
1.95
1.9
2.48
1.55
1.73
1.51
1.5
2.44
2.27
1.94
1.77
2.39
2.9
2.74
2.44
2.57
1.54
1.56
1.62
2.2
2.81
1.67
3.18
1.86
2.03
2.93
1.74
1.82
1.41
1.65
1.75
1.8
2.02
1.95
1.84
1.53
1.68
1.68
2.76
1.53
1.71
1.89
2.08
1.88
2.32
2.48
1.67
1.51
2.09
1.36
1.91
1.98
2.18
1.68
1.88
2.09
1.8
1.45
1.66
2.32
1.82
2.08
3.27
2.28
2.37
2.09
1.44
1.59
3.46
3.98
2.03
2.01
2.63
2.66
1.46
1.88
1.7
1.74
1.43
1.89
2.11
1.56
1.46
1.4
1.86
1.69
1.43
1.96
1.52
2.85
1.72
1.75
1.43
1.75
1.61
1.29
1.55
2.35
2.54
2.58
1.59
1.7
2.57
1.83
1.76
1.7
1.63
1.61
1.2
1.31
1.35
1.65
1.29
1.3
1.61
1.38
1.5
1.16
1.48
1.46
1.69
2.32
1.94
1.41
1.29
1.27
2.62
2.06
1.24
1.33
1.45
2.43
1.94
1.44
1.57
1.33
1.11
0.95
1.3
1.41
2.66
1.29
1.35
1.15
1.55
1.51
1.16
2.84
1.98
2.86
3.33
2.39
3.2
2.62
1.22
1.71
2.59
0.98
1.36
1.22
1.63
1.28
1.93
1.47
1.48
1.69
1.75
1.34
1.6
1.93
6.56
4.73
1.41
1.76
3.49
4.82
3.52
5.93
4.85
2.9
1.71
2.95
1.58
3.08
1.83
2.68
3.84
1.5
1.34
3.75
3.27
1.43
1.87
1.15
1.32
1.57
1.7
1.23
1.05
1.08
1.4
1.18
1.26
1.24
1.13
1.66
2.47
2.03
1.85
3.37
1.91
1.33
2.43
5.02
3.5
2.02
1.48
2.03
1.25
1.26
1.56
2.89
2.55
1.18
3.95
1.63
1.49
0.96
1.57
0.85
1.74
1.31
1
1.37
1.35
1.31
2.71
3.21
2.38
1.29
1.35
1.27
1.13
1.48
1.45
1.37
1.69
1.54
2.52
2.03
2.43
1.79
1.15
1.46
2.97
3.26
2.42
3.8
2.27
4.34
2.81
2.07
2.21
2.79
2.18
3.41
-99
-99
2.91
3.09
1.53
1.38
1.69
1.6
2.64
3.99
2.48
2.14
1.54
2.08
1.68
1.64
2.57
4.31
2.42
3.34
1.47
1.95
2.03
2.01
1.71
2.77
1.77
1.64
1.88
5.34
1.55
1.74
1.48
1.74
2
2.08
1.82
1.77
2.07
3.43
1.56
2.78
2.83
1.92
2.01
3.26
1.62
2.67
3.91
1.83
1.4
2.1
1.34
1.36
1.44
1.26
1.33
1.78
1.83
1.69
1.98
1.94
1.43
1.62
1.13
1.31
1.3
1.76
3.64
2.35
2.33
1.66
1.34
1.38
1.83
1.67
2.39
3.11
2.06
3.79
3.3
1.65
1.97
1.86
1.34
1.44
1.71
1.91
2.78
4.35
2.51
1.96
1.84
3.11
2.1
2.03
2.48
3.27
1.62
2.41
1.47
1.34
1.44
1.45
1.64
2.41
3.51
1.85
1.89
1.95
2.72
1.59
1.62
2.42
2.14
1.85
1.73
1.86
2.12
1.53
3.41
2.11
2.63
2.28
2.34
1.88
2.39
1.77
2.16
2.32
1.82
1.8
3.39
4.17
1.59
2.01
3.08
2.12
2.68
2.44
2.13
3.9
1.48
1.77
1.52
1.84
1.89
2.19
1.59
1.84
1.82
1.91
2.7
3.24
2.02
1.96
1.92
1.88
1.81
2.12
2.34
1.68
2
1.43
2.25
1.9
1.73
1.81
1.7
1.69
1.79
1.41
1.78
1.53
3.12
1.74
1.75
1.59
1.92
1.51
1.61
1.48
1.79
1.65
2.26
1.66
1.27
1.87
1.19
1.04
1.44
1.47
1.81
1.75
1.6
1.48
1.12
1.37
1.55
1.54
1.62
1.16
1.41
1.47
2.15
2.09
1.72
1.72
1.63
1.29
1.69
1.39
2.15
2.28
2.28
2.15
2.91
1.71
1.48
1.55
1.41
1.25
2
1.61
2.18
1.47
1.43
1.95
1.35
1.44
1.38
1.32
2.55
3.06
1.54
2.84
2.41
2.11
1.85
2.66
2.49
1.6
1.76
1.95
2.15
1.54
1.22
1.07
1.62
1.46
1.42
1.78
1.39
1.4
1.08
1.12
1.23
1.22
1.21
0.9
2.06
4.47
2.29
1.25
1.39
1.28
2.91
1.25
1.67
3.05
1.72
1.18
2.22
1.8
2.35
1.55
1.45
1.21
1.45
1.89
1.22
2.11
2.09
0.96
0.94
1.83
2.45
3.88
4.19
2.99
1.52
0.97
1.16
0.95
1.32
1.95
1.35
7.97
1.59
1.42
1.22
3.08
1.46
2
1.21
1.29
1.3
1.2
1.45
1.09
0.8
1.02
1.24
1.28
1.12
1.31
3.23
7.15
6.5
1.89
1.28
1.1
1.44
1.48
1.43
1.34
1.19
1.22
1.3
1.23
1.77
1.14
2.35
2.35
3.89
1.66
1.79
2.73
1.34
1.47
1.58
2.29
1.56
3.76
9.63
1.91
1.59
1.45
1.55
2.4
1.92
2.47
1.76
1.97
5.48
6.56
1.8
1.28
2.36
1.97
1.53
2.2
1.26
2.22
1.58
1.23
2.06
2.96
2.33
1.65
3.45
2.46
5.19
1.76
3.75
5.08
3.19
3.62
1.58
0.96
1.55
1.42
3.53
10.05
3.31
1.64
1.33
1.67
1.53
1.43
2
2.3
2.05
1.29
1.61
2.09
2.09
1.96
3.19
3.69
3.38
2.04
2.8
2.73
1.73
1.73
2.26
1.49
1.61
2.07
1.61
1.27
1.54
1.99
2.82
2.64
3.22
3.05
3.12
4.01
1.95
1.56
1.59
1.92
2.72
1.78
1.83
1.89
1.15
1.36
1.81
2.4
2.12
1.5
2.54
3.04
1.43
2.05
1.74
2.9
1.75
2.47
1.32
1.56
1.23
1.76
1.99
2.47
1.83
1.53
1.45
1.84
1.32
2.42
2.64
5.54
2.03
1.71
1.35
1.8
2.02
3.07
2.8
2.78
2.42
3.24
2.18
1.9
1.91
2.2
2.02
1.8
2.08
1.59
1.98
2.61
1.94
1.99
1.91
1.87
2.28
2.02
2.08
1.74
2.57
1.82
1.91
2.06
2.11
2.12
2.2
1.69
2.75
2.16
1.66
1.98
1.82
2
1.79
2
2.78
3.23
2.81
4.28
2.96
2.19
2.17
1.62
2.44
1.94
2.08
2.12
2.09
1.66
1.76
1.92
1.92
2.09
2.75
1.88
1.69
2.3
2.47
1.85
2.3
2.09
1.39
1.55
2.08
1.4
1.85
1.88
1.82
1.9
1.82
2.08
2.31
2.27
1.6
1.43
1.34
1.53
1.54
2.37
2.48
1.53
0.98
1.69
2.28
1.5
1.2
1.58
1.52
2.37
2.21
1.99
1.87
2.82
2.9
1.49
1.92
2.18
2.52
1.87
1.37
1.84
1.19
1.28
1.6
1.5
1.74
1.66
1.29
2.88
2.66
2.31
1.86
3.36
4.45
3.27
1.53
1.66
1.67
1.44
1.74
2.19
1.5
1.63
1.49
1.72
1.73
2.81
4.43
2.21
1.45
2.68
1.48
2.2
1.77
1.38
1.33
1.79
1.91
1.52
1.21
1.12
1.32
1.4
1.83
1.46
1.73
1.4
1.39
1.16
1.15
1.71
1.05
1.06
1.22
2.1
2.54
1.16
1.61
1.96
2.6
3.24
3.16
1.22
1.08
1.01
1.16
1.59
1.24
1.38
1.17
1.22
0.99
1.17
1.01
1.09
1.37
1.04
1.45
1.22
3.18
2.63
2.52
1.26
1.25
6.4
2.25
1.47
1.25
1.15
1.2
1.06
1.6
1.03
1.14
1.32
1.54
1.13
1.19
1.42
1.08
1.04
1.21
0.99
1.12
0.87
1.18
1.04
1.01
0.85
1.16
1.1
1.25
1.7
1.21
1.15
1.47
4.7
1.97
1.14
1.32
2.75
2.08
1.16
1.08
1.36
1.41
1.49
2.14
1.98
4.41
3.53
2.06
2.11
1.36
2.35
5.89
1.17
1.34
1.64
1.36
1.41
1.08
1.26
1.69
1.16
0.9
1.79
2.14
0.96
1.24
1.26
1.51
1.5
2.19
1.62
1.6
4.43
2.2
1.51
2.97
1.74
1.14
2.56
1.91
2.76
4.13
2.55
1.77
1.18
1.77
1.36
1.93
1.72
1.56
1.64
1.54
1.96
3.47
4.61
2.83
1.87
1.89
2.16
3.43
1.72
1.84
1.38
2.95
1.36
3.73
2.45
1.67
1.85
1.98
1.98
1.48
2.55
1.55
2.25
1.64
2.16
2.68
1.24
2.55
1.43
2.09
1.95
1.99
1.85
3.06
2.48
3.45
1.28
4.67
3.91
1.57
1.8
2
2.24
2
4.05
3.27
3.5
2.01
2.85
3.67
2.94
2.18
1.83
1.86
2
2.05
1.84
1.49
2.54
2.14
1.35
1.31
1.28
1.96
1.2
3.42
4.65
1.91
2.07
2.07
1.68
1.42
1.83
1.46
2.14
1.58
1.73
1.44
1.61
2.23
1.61
1.49
1.69
1.33
1.74
4.22
4.05
1.88
2.43
2.51
1.7
1.91
2.24
1.88
2.11
1.29
1.42
1.24
1.64
1.83
1.89
1.73
1.58
1.52
1.65
1.58
1.6
1.24
1.51
2.01
1.84
2.03
2.91
1.38
2.54
1.8
1.59
2.24
3.39
1.74
2.14
1.53
1.49
1.86
2.19
1.98
2.03
2.03
1.69
1.73
2.22
1.83
2.1
2.23
2.11
1.81
2.34
1.85
1.95
2.08
2.63
1.99
2.19
3.06
2.92
1.94
2.29
2.74
1.63
2.22
2.11
1.68
1.74
1.87
1.92
2.41
1.89
1.92
1.66
1.85
2.66
2.98
2.11
2.64
1.87
1.89
1.86
1.68
1.67
2.07
2.34
2.37
1.77
2.57
2.07
1.72
2.71
2.05
1.96
2.4
2.29
1.97
1.7
2.13
1.79
1.65
1.56
1.88
1.81
2.02
1.78
1.44
1.91
2.81
2.89
1.93
1.72
2.24
1.88
3.4
3.52
1.98
2.85
2.34
1.3
1.59
2.12
1.21
1.79
1.85
1.76
2
1.64
1.55
1.7
1.86
2.55
3.09
1.67
1.34
1.42
1.36
1.46
1.49
1.44
1.36
1.35
1.22
0.98
1.76
1.2
1.58
1.63
1.85
0.79
1.47
1.14
1.48
1.35
0.91
2.69
1.33
1.65
1.18
1.3
1.04
1.16
1.16
1.23
1.42
1.18
1.5
1.63
2.7
1.44
1.83
1.6
1.42
1.24
1.29
1.16
0.95
4.25
1.61
1.13
1.38
1.09
2.34
4.06
5.65
1.29
2.19
1.62
1.35
1.7
1.93
1.29
1.49
1.09
0.96
1.13
1.55
1.18
2.62
1.59
1.71
1.46
1
1.06
1.19
1.26
1.24
2.5
1.37
2
2.38
2.16
3.7
4.17
2.71
1.25
1.06
1.43
1.15
0.82
1.53
1.29
1.34
1.72
1.26
1.23
1.06
1.48
1.35
1.71
1.61
1.15
1.98
1.27
2.14
2.96
1.17
2.7
2.82
5.7
4.21
6.38
1.41
3.31
4.56
5.31
5.71
3.92
1.7
1.32
1.3
1.72
1.81
1.35
1.21
1.41
1.06
3.85
3.16
2.58
2.66
4.59
1.58
2.99
1.71
2.42
1.38
2.36
3.16
1.83
1.54
1.21
1.05
1.58
1.9
1.18
1.4
1.26
1.01
1.6
1.63
1.37
2.19
1.29
-99
1.98
4.35
2.42
1.42
2.44
1.67
1.63
1.46
1.36
1.61
1.32
3.48
2.74
1.8
1.45
1.1
1.54
1.78
1.97
1.71
2.6
2.72
2.64
3.87
2.64
1.65
1.48
1.78
3.24
3.19
1.64
2.13
2.07
1.94
3.25
3.3
1.69
1.98
2.34
1.61
2.06
1.64
1.86
1.7
1.65
1.59
1.84
2.85
6.1
2.64
2.25
1.56
1.89
2.11
3.66
1.83
1.72
1.8
2.92
4.77
1.45
1.47
1.29
1.41
1.56
1.68
1.77
1.56
1.81
2.93
2.69
2.19
1.98
1.49
1.85
1.78
3.04
2.39
1.78
1.53
1.49
1.75
1.79
1.85
1.94
1.68
2.54
2.93
3.04
1.39
1.55
1.76
1.53
1.98
1.7
1.6
1.98
2.24
2.33
1.89
1.71
1.8
2.06
2.69
1.67
1.81
1.92
2.61
1.94
3.89
2.04
1.49
1.53
1.55
2.72
1.75
2.57
3.29
2.08
2.02
2.01
1.61
1.73
1.85
2.48
2.26
2
1.66
1.32
1.89
2.72
1.73
1.85
1.46
1.55
2.13
1.94
2.95
5.14
3.93
3.05
1.84
2.53
2.18
1.84
2.1
2.04
1.65
2.38
3.11
1.7
1.92
1.74
2.32
1.85
1.64
2.03
2.02
4.21
2.65
1.95
1.69
1.76
1.79
2.21
2.71
2.15
1.4
1.76
2.41
1.72
1.96
1.73
2.37
2.31
3.4
3.62
2.02
1.75
1.46
1.95
2.81
1.41
1.41
2.03
1.59
1.61
1.76
1.04
1.57
2.26
1.55
1.82
1.7
1.79
1.89
1.96
0.92
1.7
1.53
1.16
1.71
2.04
1.56
1.45
1.43
1.34
1.75
1.32
2.01
1.72
1.63
1.2
1.06
0.87
1.38
1.47
1.11
2.04
1.85
1.31
1.78
1.54
1.52
1.56
1.12
1.2
2.71
2.39
2.47
2.71
1.99
1.77
1.48
1.54
1.09
1.45
1.49
0.95
2.3
1.43
1.54
1.42
1.26
1.88
1.27
2.11
1.5
2.14
4.58
1.32
1.2
1.14
1.67
1.57
1.76
7.36
4.93
1.83
1.48
1.34
1.27
1.21
1.43
1.03
2.54
1.51
0.85
1.56
2.08
1.59
1.8
1.3
1.4
2.22
4.47
1.74
1.3
1.24
1.3
1.24
1.28
1.56
2.65
2.94
1.93
1.11
1.32
1.61
1.95
1.85
1.86
3.74
2.76
1.69
1.39
1.4
1.07
1.73
1.96
3.44
1.46
1.43
1.78
2.35
2.44
1.55
1.54
1.61
1.3
1.86
1.81
1.78
2.24
1.44
1.18
1.72
2.62
1.62
1.68
1.42
1.51
1.29
1.44
1.26
1.99
1.47
1.34
2.6
2.82
3.66
3.16
1.22
1.46
1.25
1.04
1.57
2.16
1.93
2.35
3.21
1.69
0.99
1.23
1.35
4.23
1.13
1.58
1.81
1.99
1.44
1.01
1.03
1.14
1.29
1.22
4.77
2.15
1.39
1.47
1.79
2.56
2.04
2.88
2.15
3.41
2.7
2.4
1.85
1.88
2.03
2.81
2.96
4.94
4.88
1.69
1.37
3.27
3.56
1.86
2.31
1.66
2.7
6.63
7.74
3.26
2.05
4.6
2.03
1.59
2.05
1.9
1.92
2.85
2.64
2.52
3.4
2.88
3.32
2.81
3.41
2.04
2.21
3.62
3.76
3.28
1.85
1.38
2.55
1.68
1.57
1.52
2.05
1.89
1.42
1.91
1.8
1.3
1.8
1.95
2.01
1.54
3.22
3.08
2.04
1.59
1.72
1.65
2.21
1.73
1.86
1.87
1.48
1.48
1.27
1.56
2.69
2.12
1.62
1.04
1.4
2.04
1.71
2.13
2.13
1.4
1.62
1.54
2.39
1.52
2.22
2.72
2.69
2.52
1.43
1.74
1.75
1.59
1.25
1.46
1.34
1.49
1.73
2.04
3.03
1.95
2.21
2.35
2.09
2.09
1.4
1.78
1.61
1.88
1.66
2.09
1.16
2.31
1.84
1.69
1.9
1.89
1.61
1.53
1.99
2.54
1.63
1.7
2.45
3.03
2.02
1.59
1.72
1.67
1.76
1.6
2.12
2.13
1.54
1.98
2.23
1.8
1.65
2.54
1.71
2.09
1.75
0.98
1.75
1.96
1.26
1.45
2.13
1.56
1.97
1.35
1.51
1.36
1.56
1.8
2.35
1.73
1.95
3.1
2.65
1.83
1.86
1.87
2.17
1.91
1.82
1.9
1.78
1.71
1.56
1.64
2.02
1.74
1.58
1.32
1.81
1.78
1.71
1.81
2.36
2.26
1.31
1.03
1.44
1.73
1.26
1.59
2.18
1.67
1.53
1.89
1.53
1.37
1.38
1.53
1.53
1.33
1.28
1.53
1.48
1.26
1.43
1.38
1.67
1.3
1.37
1.98
1.75
1.95
1.47
1.22
1.89
1.45
2.9
4.89
3.31
1.73
1.59
2.4
1.86
2.25
1.93
1.32
2.55
2.27
3.18
3.19
2.53
2.01
2.27
2.61
2.47
1.4
1.13
1.55
1.26
1.77
1.66
1.19
1.18
0.99
1.23
2.08
1.86
1.42
2.37
1.53
1.51
2.4
1.68
1.78
2.29
1.59
1.59
3.03
2.1
1.77
1.15
1.69
1.19
2.13
2.37
1.8
0.91
1.2
1.45
1.2
1.35
1.6
1.43
1.36
1.19
1.11
1.56
1.25
1.16
1.03
0.91
0.89
1.07
0.92
1.14
1.43
1.09
1.45
1.14
2.16
2.52
0.83
1.48
1.34
2.5
1.3
1.12
0.8
0.93
0.92
1.09
1.23
1.01
1
1.18
1.13
1.91
2.93
1.23
2.4
2.01
1.44
1.74
2.25
1.32
1.59
3.57
3.76
2.36
1.22
1.53
1.76
1.38
1.21
1.45
1.26
1.79
2.85
1.99
1.54
2.56
5.32
5.54
2.09
1.37
2.93
1.64
1.86
1.26
2.59
1.65
2.61
2.12
1.11
1.5
1.3
1.49
2.23
2.48
1.53
1.56
1.96
2.11
1.81
1.82
2.66
2.71
1.91
1.26
0.95
1.66
1.67
1.66
1.65
1.52
1.31
1.82
1.57
1.92
1.86
2.33
3.5
5.53
3
1.57
1.3
1.85
1.63
2.54
2.12
1.63
1.76
1.57
2.74
2.16
4.29
4.12
1.98
2.15
1.58
1.81
1.93
7.31
2.27
1.75
2.17
2.04
1.52
1.59
1.62
2.06
1.77
3.09
2.64
2.69
1.66
1.58
1.98
1.85
2.44
1.74
1.9
2.47
1.39
2.73
1.93
3.26
3.64
4.48
4.24
3.2
4.61
4.63
1.79
1.48
1.63
1.27
1.82
1.9
1.86
1.16
1.94
3.48
2.07
2.8
2.71
2.42
1.61
1.68
3.61
3.37
2.07
2.24
2.89
1.98
1.13
1.58
1.24
1.36
1.64
1.76
1.3
-99
2.53
2.01
1.39
2.2
1.87
1.85
2.08
1.97
1.68
3.43
2.32
3.42
2.89
2.33
1.79
2.03
0.93
2.15
2.15
2.87
1.77
1.63
1.88
3.58
1.94
1.93
1.95
1.86
2.12
1.94
1.95
1.87
1.68
1.68
1.94
1.89
1.98
1.93
1.97
2.12
2.85
1.77
1.9
2.25
1.85
1.76
1.79
1.88
1.94
1.34
2.37
2.51
1.82
2.06
2.52
3.09
1.94
1.95
1.86
1.95
3.35
2.08
1.67
2.08
1.76
1.58
1.78
1.92
2.2
2.07
2.13
2.37
2.03
2.01
2.12
2.99
2
2.31
2.31
1.73
1.72
1.85
2.12
2.64
3.26
2.01
2.88
1.97
2.2
2.03
2.36
1.76
2.07
1.24
1.85
1.8
1.36
1.83
1.91
1.75
1.69
1.8
2
1.86
1.86
2.01
2.41
4.46
4.62
2.53
1.75
2
1.69
1.66
1.66
1.79
1.68
1.84
1.6
1.75
1.49
1.52
1.35
1.57
1.4
1.85
1.36
1.24
1.61
1.72
1.49
1.97
1.45
1.18
1.68
1.76
1.31
1.32
1.72
3.69
2.48
1.74
2.03
1.66
2.36
1.19
3.49
2.96
1.26
2.97
2.41
1.38
1.67
1.43
1.36
0.96
1.02
1.7
1
1.41
1.47
3.76
1.83
1.29
1.36
1.57
1.69
1.36
2.42
1.39
2.9
1.24
1.48
1.75
1.56
1.43
2.38
1.36
1.8
1.68
2.58
1.93
1.27
1.16
1.23
1.81
1.28
1.31
1.09
1.08
1.05
2.23
6.17
3.53
1.09
1.6
1
1.89
2.13
1.17
1.57
2.06
1.3
1.32
1.4
1.36
1.68
3.31
5.42
2.88
3.01
1.2
1.19
1.2
1.15
1.31
1.27
1.14
1
1
1.2
0.88
1.24
1.36
1.6
1.59
1.29
1.61
2.95
1.07
0.93
0.99
1.25
1.96
3.36
1.83
2.2
1.84
7.57
7.74
7.37
5.28
3.31
1.32
1.81
1.32
1.25
1.56
1.19
0.99
1.34
1.39
1.06
1.28
2.43
1.68
3.46
1.76
1.39
2.03
1.5
1.43
1.26
1.18
1.46
0.72
1.82
1.18
1.09
1.48
1.13
1.27
1.53
0.98
1.08
1.59
1.96
1.8
2.75
3.84
2.26
2.99
2.09
1.76
2.09
1.58
2.48
1.76
2.1
1.53
1.4
1.33
1.41
1.63
3.54
2.19
1.75
1.1
1.31
1.53
1.54
1.48
2.25
2.18
2.56
2.29
1.29
1.31
2.06
1.12
1.54
2.68
2.61
1.66
2.49
2.49
2.39
2.29
2.04
1.69
1.84
2.19
2.78
2.49
1.57
1.5
1.37
2.19
1.67
1.49
3.81
4.39
2.49
1.19
1.94
1.79
1.35
2.53
2.21
2.51
2.4
1.59
1.74
1.72
2.39
1.38
1.58
1.58
2.91
1.15
2.38
1.7
2.2
2.34
1.62
1.56
2.35
1.76
2.46
3.01
2.13
1.63
1.75
1.72
1.35
1.66
1.76
1.93
1.97
1.54
2.12
2.7
2.11
1.25
1.51
1.59
2.02
2.07
1.51
1.42
1.5
1.85
2.97
2.95
1.85
1.53
1.84
0.96
1.77
1.66
1.66
1.6
1.56
1.68
2.04
2.32
1.45
3.2
2.21
1.43
1.56
2.18
2.02
1.67
1.5
1.25
1.24
1.82
1.59
1.73
1.61
1.64
1.74
1.76
1.73
1.61
1.16
1.7
1.72
1.84
1.79
2.16
2.54
1.95
1.94
2.05
1.8
1.87
1.96
1.72
1.65
2.1
2.32
2.04
1.81
1.36
2.15
1.89
1.6
1.51
1.42
1.76
2.34
1.98
2.55
1.63
1.73
1.98
2.15
2.36
1.31
2.39
3.26
2.42
1.7
1.79
1.58
1.49
1.98
1.99
2.13
1.69
1.75
1.64
1.36
1.48
1.73
1.69
1.28
1.59
2.12
2.76
2.09
1.8
2.2
1.48
1.35
1.79
1.46
1.14
1.42
1.22
2.05
1.85
1.61
1.82
1.46
1.96
2.64
2.15
1.95
1.29
1.65
1.34
2.09
2.99
1.53
1.84
1.44
1.13
1.23
1.22
1.24
1.09
2.2
1.85
1.52
1.6
1.44
1.47
1.46
1.52
2.9
3.12
1.57
1.13
1.74
1.28
2.16
1.67
1.3
1.3
1.07
1.07
1.06
0.98
1.02
1.14
1.59
1.62
1.35
2.34
1.7
1.55
1.55
1.48
1.22
1.15
2.38
1.3
0.92
1.09
1.35
1.2
2.11
1.39
1.36
1.09
1.27
1.7
1.43
2.83
3.24
1.88
0.91
1.13
1.79
2.53
2.11
1.71
1.36
1.39
1.41
1.5
1.2
1.21
1.83
1.21
1.98
1.64
3.08
1.01
1.49
3.04
0.96
0.7
0.7
1.13
0.99
3.72
2.77
1.9
2.82
1.63
1.41
1.47
1.9125
1.28125
1.07916666666667
1.25625
1.42708333333333
1.1375
1.21458333333333
2.175
4.12916666666667
3.37083333333333
0.947916666666667
1.27916666666667
1.37083333333333
1.23333333333333
1.80625
1.37021276595745
-99
-99
1.15769230769231
3.375
3.01666666666667
2.12916666666667
2.38958333333333
1.96041666666667
2.77708333333333
2.025
1.27708333333333
1.14583333333333
1.40833333333333
1.68958333333333
1.35833333333333
1.60625
1.37291666666667
1.96666666666667
1.60625
1.4
2.26458333333333
1.35416666666667
1.03958333333333
2.67291666666667
1.87916666666667
1.53333333333333
1.26875
1.49791666666667
1.725
3.2625
1.27083333333333
1.72708333333333
2.8125
2.05
3.55833333333333
2.61041666666667
2.62083333333333
1.64166666666667
2.58541666666667
1.65208333333333
0.802083333333333
1.71875
1.85416666666667
1.64583333333333
1.50625
0.9
1.6125
1.33958333333333
1.05833333333333
1.20625
3.22291666666667
1.71875
1.82708333333333
1.23404255319149
1.34166666666667
1.36875
1.6
1.3375
2.00208333333333
3.11041666666667
3.85416666666667
3.93958333333333
6.02291666666667
2.97083333333333
4.275
1.83958333333333
1.46875
2.07916666666667
2.02708333333333
1.50833333333333
1.44583333333333
1.86041666666667
1.49791666666667
1.99166666666667
2.42916666666667
1.69791666666667
2.08333333333333
1.9
1.51041666666667
1.78541666666667
3.45
3.33958333333333
2.91875
0.9125
1.90416666666667
1.53125
1.27708333333333
1.6375
1.99166666666667
2.87291666666667
1.56041666666667
2.40208333333333
1.79791666666667
1.2875
1.40625
1.79583333333333
1.84375
2.41875
1.91875
2.27291666666667
1.50416666666667
1.47083333333333
1.2
1.23958333333333
1.08333333333333
1.44583333333333
1.89791666666667
1.79166666666667
1.86666666666667
2.03958333333333
1.78125
3.0375
2.50208333333333
1.82083333333333
1.91041666666667
1.94375
2.25
2.22916666666667
1.58125
1.6375
1.62916666666667
2.8375
1.42916666666667
1.77916666666667
3.24375
1.77708333333333
1.49166666666667
1.59375
1.25625
1.8875
1.79791666666667
1.50208333333333
1.64166666666667
1.94583333333333
1.87916666666667
2.54375
1.74791666666667
1.81458333333333
1.7625
1.41041666666667
1.22916666666667
1.26041666666667
1.77916666666667
1.88333333333333
1.69375
1.8
1.73333333333333
1.69791666666667
1.725
2.06875
1.94166666666667
1.99375
2.0875
2.01875
2.26458333333333
4.13333333333333
2.03541666666667
1.525
1.91875
1.79791666666667
2.34375
3.44791666666667
2.18958333333333
1.98958333333333
1.87916666666667
1.80833333333333
1.85833333333333
1.70625
1.64375
3.1375
1.96666666666667
1.85416666666667
1.88333333333333
1.92916666666667
2.17083333333333
3.04791666666667
2.57291666666667
1.84166666666667
1.92916666666667
1.83541666666667
1.92083333333333
2.04375
2.03333333333333
2.07291666666667
1.82708333333333
1.65208333333333
1.63958333333333
3.17708333333333
2.1375
1.6625
1.72083333333333
2.25
1.99583333333333
2.33541666666667
1.66875
1.9125
1.58125
2.01041666666667
2.61458333333333
1.325
1.44791666666667
1.91666666666667
2.13958333333333
1.625
1.83541666666667
1.49583333333333
1.88333333333333
1.70208333333333
1.58125
1.9
1.9125
2.10416666666667
1.85833333333333
1.67291666666667
1.85625
2.06666666666667
1.39166666666667
1.82291666666667
1.39166666666667
1.43333333333333
1.81875
1.78333333333333
1.5625
1.76875
1.82083333333333
1.7125
1.6
1.79791666666667
1.78125
1.65416666666667
1.68541666666667
1.51041666666667
1.62708333333333
2.85625
3.69583333333333
1.85
1.92916666666667
2.02708333333333
1.54583333333333
2.41875
2.94375
1.98125
1.50208333333333
1.62291666666667
1.66041666666667
1.38125
1.35625
1.81875
1.8375
1.50416666666667
1.18125
2.2
1.35
1.22291666666667
1.74791666666667
1.58541666666667
1.375
1.25208333333333
3.22291666666667
4.76875
1.38125
1.11666666666667
1.26666666666667
1.72083333333333
1.56666666666667
1.09166666666667
1.22708333333333
1.3625
1.20833333333333
2.43333333333333
1.55625
1.21041666666667
1.47291666666667
1.29583333333333
1.3375
3.09375
3.84375
1.4375
1.29375
1.72916666666667
1.50625
1.53125
1.44375
1.475
1.46666666666667
2.80833333333333
2.26041666666667
1.04583333333333
1.28333333333333
2.03333333333333
1.2875
1.49791666666667
2.38333333333333
2.85
4.98541666666667
3.42916666666667
2.60208333333333
3.97916666666667
4.175
2.53333333333333
1.54583333333333
1.5
2.32916666666667
1.16458333333333
1.13958333333333
1.16041666666667
1.32708333333333
0.95
0.835416666666667
0.914583333333333
1.92083333333333
1.5875
1.97291666666667
1.32708333333333
1.47291666666667
1.83958333333333
2.61666666666667
1.25833333333333
1.52708333333333
2.14791666666667
1.95208333333333
1.24166666666667
1.88125
2.125
2.26875
1.35416666666667
1.37708333333333
2.82083333333333
2.93958333333333
1.5375
1.15416666666667
1.04583333333333
1.19375
1.00208333333333
1.51041666666667
1.07083333333333
0.875
1.05208333333333
1
1.1875
1.125
1.275
1.14791666666667
1.19375
2.17083333333333
1.3375
1.18958333333333
1.18958333333333
0.922916666666667
0.708333333333333
0.927083333333333
1.09375
1.05833333333333
1.46458333333333
1.86458333333333
1.1875
2.025
1.64166666666667
3.2125
2.09583333333333
1.36875
1.44375
1.36666666666667
0.964583333333333
1.06875
1.33958333333333
1.50208333333333
1.23541666666667
1.52708333333333
1.55625
1.65208333333333
1.36666666666667
1.50208333333333
1.18333333333333
1.28333333333333
1.21875
1.21666666666667
1.58333333333333
1.22916666666667
1.76041666666667
2.16458333333333
1.60625
1.33333333333333
0.985416666666667
1.30833333333333
1.4875
1.58333333333333
1.62916666666667
1.97916666666667
1
1.16041666666667
1.37708333333333
3.13333333333333
2.33958333333333
1.91666666666667
1.30625
1.28333333333333
1.31875
1.09166666666667
1.22916666666667
2.14166666666667
1.52708333333333
1.51458333333333
1.36875
1.48958333333333
2.51041666666667
1.74583333333333
1.79583333333333
2.02083333333333
1.96875
1.7625
1.6375
1.24166666666667
1.04166666666667
1.36875
3.72916666666667
2.42083333333333
3.23958333333333
3.7625
2.47708333333333
2.17916666666667
1.91666666666667
2.4125
2.44375
3.15625
3.56458333333333
2.50416666666667
1.4875
1.74375
2.31041666666667
2.05625
1.54166666666667
1.75416666666667
2.62916666666667
2.42916666666667
2.33125
1.96875
2.73541666666667
1.57708333333333
3.01666666666667
2.67916666666667
1.96041666666667
2.72291666666667
1.74791666666667
2.15625
1.4625
1.94583333333333
1.48125
2.67916666666667
4.57708333333333
1.78333333333333
2.75833333333333
2.93541666666667
2.79583333333333
1.825
2.22083333333333
1.80625
1.70416666666667
2.62291666666667
2.13958333333333
2.6375
3.41666666666667
1.78125
1.73333333333333
1.45
1.85625
1.7375
1.90416666666667
1.34583333333333
1.64375
1.40625
1.1875
1.7
4.15833333333333
4.75625
3.63541666666667
1.55833333333333
1.56458333333333
1.72291666666667
3.09791666666667
3.16666666666667
1.64375
2.04791666666667
3.36458333333333
1.53125
1.39791666666667
1.57708333333333
2.25208333333333
3.16875
1.63333333333333
1.37083333333333
2.09791666666667
1.20833333333333
1.68125
2.94583333333333
1.95416666666667
1.67708333333333
1.76458333333333
1.70625
1.7125
2.68333333333333
1.775
1.83125
1.975
1.97291666666667
2.9
1.97916666666667
1.61041666666667
1.77916666666667
1.84583333333333
1.7875
1.9
2.13125
1.85208333333333
1.92083333333333
1.54583333333333
1.69583333333333
2.27083333333333
3.26458333333333
2.46041666666667
2.03958333333333
3.17291666666667
3.73333333333333
2.325
3.27916666666667
2.20625
3.06041666666667
1.73958333333333
2.07083333333333
2.4
1.83333333333333
2.00625
1.94791666666667
2.05625
2.05625
1.90208333333333
2.64375
2.88125
1.98125
2.16041666666667
1.93125
1.64166666666667
1.85416666666667
1.63333333333333
2.15416666666667
1.97916666666667
1.99791666666667
1.78958333333333
3.10625
1.95
1.93333333333333
1.99375
2.36875
1.74166666666667
2.09166666666667
1.88723404255319
2.18958333333333
2.15833333333333
1.75833333333333
1.34791666666667
1.80625
2.0875
2.275
1.68541666666667
2.21875
2.05
1.80416666666667
1.96666666666667
2.05208333333333
1.82083333333333
1.82708333333333
1.93958333333333
1.59375
2.27916666666667
2.28541666666667
1.81666666666667
2.78541666666667
2.31666666666667
1.62083333333333
1.78125
1.57708333333333
1.66875
1.93958333333333
1.7875
2.02916666666667
2.19375
1.72083333333333
1.86666666666667
1.65833333333333
2.12916666666667
1.71458333333333
1.70416666666667
2.24375
1.76875
1.76875
1.96666666666667
2.18541666666667
2.72916666666667
2.37291666666667
1.78958333333333
1.66808510638298
1.9468085106383
1.75744680851064
1.62978723404255
2.34583333333333
2.37083333333333
1.80416666666667
1.59375
2.95625
1.26041666666667
1.47083333333333
1.52291666666667
1.53333333333333
1.85208333333333
2.75
1.59791666666667
1.41063829787234
1.44375
1.47234042553191
1.73125
1.54166666666667
1.5
1.2875
1.1875
1.31041666666667
1.26041666666667
1.70833333333333
1.69166666666667
1.29375
1.25208333333333
1.09166666666667
1.08958333333333
1.24791666666667
1.81666666666667
1.10833333333333
1.20833333333333
1.70833333333333
2.49375
1.7
1.67708333333333
1.3875
2.77916666666667
2.05416666666667
1.80416666666667
1.5375
2.09375
1.50416666666667
1.39583333333333
0.91875
0.860416666666667
0.7125
1.93333333333333
2.5
1.53125
1.5125
2.42083333333333
2.51458333333333
1.5625
1.10625
2.8875
2.41041666666667
1.13333333333333
1.41875
1.33541666666667
1.19375
0.991666666666667
1.70416666666667
1.96875
1.75416666666667
1.53333333333333
1.00833333333333
1.15416666666667
1.3875
1.475
1.5
1.15
1.79166666666667
1.49583333333333
1.17916666666667
2.28958333333333
1.58541666666667
1.34791666666667
1.10416666666667
2.20208333333333
1.4875
1.48541666666667
1.30833333333333
1.27291666666667
1.02083333333333
1.03333333333333
1.47083333333333
1.65
1.40208333333333
1.39583333333333
1.54166666666667
1.03958333333333
1.56666666666667
1.25625
0.99375
1.50625
3.28125
4.67291666666667
3.72916666666667
1.62916666666667
1
1.16041666666667
1.35416666666667
1.11041666666667
1.00833333333333
1.23541666666667
1.62083333333333
1.17083333333333
0.85625
1.68333333333333
