20000101
4.1
1.99
3.91
6.97
5.07
5.1
4.07
3.17
2.33
3.11
2.64
1.95
2.03
6.38
8.53
5.24
5.69
8.77
5.44
4.34
6.94
6.63
6.36
4.13
5.59
7.4
3.29
2.54
4.34
3.55
4.45
6.61
5.83
6.65
3.65
4.54
4.77
4.65
5.05
5.94
6.54
4.22
5.19
4.18
4.3
5.47
12.31
10.23
6.71
8.56
4.52
4.5
5.25
3.58
5.79
7.91
3.52
3.44
3.91
5.39
12.81
6.2
7.54
4.09
5.18
4.61
2.93
4.63
4.69
4.3
3.33
6.73
9.68
4.76
6.57
5.69
6.09
4.55
3.97
6.21
7.81
11.1
7.02
4.41
4.05
5.81
10.66
6.28
6.83
3.83
7.96
5.26
9.73
8.81
6.81
6.53
5.23
3.92
10.85
5.43
8.48
7.83
9.21
7.41
7.72
7.9
6.46
9.69
9.04
5.92
5.27
4.7
5.29
9.73
7.17
5.22
7.03
6.8
4.92
4.42
4.23
4.51
4.97
4.81
10.71
6.06
3.66
5.27
6.96
8.11
5.66
3.79
4.33
4.15
3.24
3.39
2.83
4.33
4.22
5.19
4.18
3.07
4.35
4.16
4.17
6.28
6.19
5.47
5.79
7.73
5.23
4.45
3.31
3.74
4.32
5.78
6.61
6.27
4.19
3.4
7.27
9.28
8.11
4.53
3.41
3.67
4.64
5.14
4.94
8.4
4.61
3.43
2.77
2.38
3.4
4.26
3.89
4.66
5.96
4.04
5.65
5.44
3.92
4.95
4.37
7.36
4.08
3.18
6.63
6
6.44
6.86
6.91
6.35
3.84
5.14
6.82
5.27
3.19
3.23
3.84
4.87
4.21
3.64
6.92
6.21
4.86
4.76
5.68
4.23
6.1
5.36
4.97
5.76
6.42
7.59
5.49
5.33
4.79
4.38
5.65
4.93
6.27
5.37
7.05
6.76
4.18
4.08
5.44
3.58
5.74
3.78
4.09
6.8
3.93
4.61
6.3
4.58
4.26
5.55
5.41
3.89
7.54
3.99
5.82
5.69
6.33
6.14
3.95
6.08
4.36
4.14
3.18
3.41
5.23
5.06
5.26
6.07
6.16
5.3
4.12
4.05
7.33
10.79
6.07
2.68
4.11
4.73
4.07
3
4.19
4.58
6.41
4.73
4.46
10.58
4.13
3.24
3.56
3.66
4.22
3.24
4.26
5.69
10.4
4.47
6.75
3.27
5.36
5.62
3.82
4.14
3.71
5.23
10.5
11.17
11.6
10.53
5.54
2.61
4.11
4.25
5.35
6.19
6.83
6.13
6.42
11.19
8.33
6.81
13.41
14.05
8.8
6.2
5.29
3.47
5.45
7.86
4.44
4.14
7.15
6.75
5.42
6.1
5.9
9.79
5.74
11.14
7.64
7.52
9.55
5.75
4.59
4.65
4.57
3.96
6.25
7.85
4.69
4.29
3.37
5.18
8.87
7.86
7.4
5.35
6.81
4.24
8.32
9.38
4.44
4.94
6.47
4.82
5.28
7.61
9.77
5.69
8.68
7.67
7.43
10.55
12.11
13.9
12.44
10.14
6.2
9.67
7.47
10.44
8.65
7.21
6.09
11.23
5.74
4.49
3.75
9.11
4.46
4.39
4.61
3.76
3.91
4.43
5.33
4.01
4.41
6.31
9.42
8.49
8.56
9.7
6.54
8.04
8.11
11.68
4.89
5.3
4.27
5.61
6.69
9.02
6.85
5.15
8.67
10.2
4.19
2.9
5.55
5.59
6.95
9.34
7.39
3.01
3.83
5.96
6.54
4.73
4.78
4.26
3.51
5
6.35
9.04
13.31
8.73
10.41
11.19
12.79
5.59
5.25
6.23
9.92
5.55
6.58
5.44
6.09
8.9
5.16
3.93
6.4
9.54
7.38
5.28
7.41
9.39
7.59
6.31
7.69
9.07
5.17
5.02
5.49
9.94
9.97
4.74
7.47
4.83
3.84
7.51
5.6
4.91
14.75
9.89
6.57
4.93
6.28
6.33
4.3
5.33
9
4.62
4.3
4.11
5.12
5.34
10.07
7.85
9.57
6.73
9.27
4.67
5.31
4.95
5.96
6.61
6.45
4.26
3.36
3.63
6.2
5.61
3.98
2.92
5.97
7.52
4.74
5.35
5.46
4.35
7.25
4.65
4.54
3.53
3.97
7.34
3.57
3.68
4
3.43
3.02
4.35
4.71
6.76
5.69
6.92
4.24
4.07
6.4
3.8
4.7
3.95
4.18
7.18
6.13
3.74
5.63
5.18
5.76
3.99
4.31
4.34
7.34
5.59
5.06
4.61
5.57
6.16
4.44
3.83
4.7
3.89
5.59
5.32
4.68
4.38
3.39
4.29
4.26
4.12
4.71
5.46
5.71
5.51
4.23
4.39
4.54
4.16
4.24
3.9
3.82
5.97
4.27
6.46
5.16
7.06
5.42
4.39
5.3
3.9
3.52
3.34
3.75
3.31
4.51
4.22
3.69
3.4
3.42
4.84
4.33
3.57
4.14
3.69
5.4
5.65
6.31
5.02
3.88
3.67
4.16
4.87
4.72
7.63
4.16
3.32
3.59
4.57
4.66
3.62
2.82
2.94
3.44
2.97
3.86
6.74
4.47
5.22
4.06
4.11
5.07
7.15
4.97
4.68
3.7
5.65
5.44
4.56
5.15
4.56
3.39
5.7
4.8
5.29
4.66
6.87
5.69
3.76
3.79
3.04
4.49
6.9
4.9
4.8
4.06
5.2
5.08
3.05
4.17
5.02
4.12
4.07
4.17
4.29
4.39
7.95
6.02
4.61
9.79
8.16
8.89
6.31
3.86
5.06
3.64
3.3
4.36
4.92
9.18
7.81
4.96
6.15
4.4
4.18
5.58
3.88
4.73
3.81
2.26
2.2
4.97
7.25
6.3
4.1
3.08
3.17
4.14
8.72
9.49
8.22
10.46
9.21
10.42
5.5
13.14
9.38
8.21
4.76
6.14
4.42
2.52
3.49
6.53
4.16
3.72
5.02
4.46
5.38
3.45
4.96
4.07
2.7
4.76
4.88
2.52
2.6
4.25
5.96
4.12
6.45
3.77
2.88
4.98
6.74
10.33
8.04
4.68
5.63
2.65
4.5
4.14
7.26
4.78
3.91
5.74
7.72
4.64
7.5
8.61
6.56
6.46
6.38
4.55
3.88
10.04
3.74
2.83
5.58
3.89
5.21
2.19
3.5
5.36
3.9
2.7
4.12
5.82
3.37
2.2
3.47
4.34
7.6
6.48
6.94
14.61
6.04
5.15
8.17
3.24
3.64
4.13
4.4
6.2
4.45
4.77
4.02
7.68
15.27
9.13
5.32
5.38
3.87
3.92
4.35
4.82
6.49
5
3.13
3.75
3.72
3.9
9.08
12.65
6.78
5.46
4.51
4.97
7.19
9.5
4.81
5.73
5.91
4.54
9.83
9.78
5.02
3.32
3.23
4.39
3.85
3.47
3.87
9.86
6.99
7.03
5.62
5.3
8.59
8.72
2.48
3.65
5.93
4.24
3.88
2.54
4.58
4.07
10.34
9.38
4.79
3.95
4.45
10.4
9.24
10.67
6.41
4.67
6.17
6.59
4.45
6.53
7.61
7.22
7.12
4.22
3.08
4.58
4.58
4.37
3.87
3.43
3.74
5.2
3.73
6.06
4.05
4.86
5.1
5.49
4.26
7.09
3.66
3.67
4.58
7.74
4.39
7.74
14.22
10.64
4.13
3.21
2.97
5.26
5.42
5.19
3.19
3.64
8.36
6.61
4.19
7.22
5.89
3.97
7.44
6.44
4.62
4.82
5.13
3.68
3.3
2.57
3.79
2.35
3.6
4.58
7.02
6.42
6.67
6.24
5.64
7.97
3.74
2.68
4.62
4.63
4.58
5.34
4.57
2.86
3.15
2.96
2.69
4.55
3.87
3.75
4.44
4.8
5.08
5.7
5.79
3.79
3.46
2.95
4.45
4.83
4.99
5
4.4
4.49
3.79
4.93
5.64
3.8
3.72
4.81
6.26
6.7
5.39
3.93
6.09
5.47
6.22
3.93
5.48
4.26
5.15
4.68
3.32
4.94
4.99
5.3
4.8
4.29
4.87
3.67
4.1
3
3.86
5.33
3.76
4.46
4.66
4.49
7.45
3.67
3.5
5.52
5.43
4.93
3.29
5.27
3.68
3.64
3.88
4.16
2.86
7.63
7
4.21
4.07
3.58
4.72
4.1
3.41
3.75
3.73
4.76
3.8
4.63
4.35
4.38
3.42
5.27
2.49
2.37
5.74
6.59
3.11
4.15
3.03
3.7
1.99
3.54
3.17
6.01
5.66
4.45
4.85
3.1
3.21
4.03
3.34
2.95
3.17
3
2.89
2.5
3.65
1.92
2.05
3.01
2.01
1.23
0.15
0.43
0.11
0.08
0.07
0.1
0.17
0.5
0.08
0.03
0
0.24
0.62
0.28
0.2
0.28
0.07
0.1
0.06
0.22
0.11
0.07
0.04
0.13
0.1
0.05
0.03
2.3
10.44
5.73
7.95
2.97
3.93
4.43
8.46
7.28
4.39
4.61
3.84
4.91
4.29
5.05
7.74
6.9
5.51
4.83
4.88
6.94
5.49
6.05
9.73
10.39
5.13
9.6
9.19
3.41
9.53
4.67
0.52
1.81
3.04
6.59
3.11
4.08
2.55
3.1
6.9
4.82
5.99
5.47
7.61
5.3
6.42
4.72
5.99
7
7.62
6.65
6.53
12.65
6.72
7.38
11.74
8.67
9.13
9.22
8.99
5.35
9.46
7.29
2.57
3.92
5.43
3.64
5
4.4
1.93
2.76
2.15
4.15
4.5
5.03
6.16
10.56
7.41
8.24
7.07
5.85
7.9
4.12
6.81
11.13
10.82
13.27
7.01
5.11
9.4
13.97
7.85
2.69
1.08
0.89
2.19
2.97
4.13
4.05
4.11
5.09
6.75
5.6
2.98
3.59
1.37
8.1
6.49
3.89
1.87
4.15
9.39
7.65
4.1
4.53
5.01
6.88
3.61
4.12
4.8
3.82
4.73
3.65
3.36
1.7
3.81
3.63
5.25
4.17
6.87
4.34
2.82
5.62
4.44
4.65
5.45
4.94
5.3
1.61
5.39
2.94
6.46
3.59
4.2
5.36
4.03
3.59
5.96
10.13
4.17
4.46
6.73
3.86
4.53
6.5
6.09
4.82
3.23
5.81
12.41
11.82
9.02
3.19
4.52
4.14
4.74
3.3
3.56
2.74
4.41
4.63
3.95
5.92
5.2
2.39
5.45
4.48
2.68
3.94
6.11
4.5
10.94
4.78
3.96
4.26
3.2
4.28
4.04
3.49
3.5
2.92
2.8
2.77
5.42
6.45
4.39
2.8
3.64
2.13
4.99
3.34
4.07
3.03
4.3
3.01
5.11
4.94
5.79
3.67
3.3
1.85
3.39
2.6
2.19
3.21
3.79
5.22
3.98
2.6
2.64
5.99
4.09
2.6
3.07
2.33
2.97
3.35
3.06
4.17
4.37
4.11
2.28
2.88
2.88
2.83
3.32
4.86
8.75
4.11
3.68
3.63
3.44
3.16
2.69
4.32
3.22
2.87
4.65
2.28
3.76
3.8
2.68
6.18
3.19
3.67
3.69
3.21
3.16
2.96
3.72
3.36
4.11
3.17
4.3
4.18
3.8
3.95
3.64
2.95
3.25
3.12
1.89
1.78
1.63
3.14
2.38
2.03
2.89
2.69
3.92
4.01
4.81
2.82
3.33
3.45
2.02
2.51
3.42
3.59
2.07
3.19
3.14
2.56
2.78
3.31
3.82
8.72
4.88
4.55
3.36
4.52
4.15
7.19
4.77
3.05
2.63
6.78
11.66
5.57
2.16
2.31
1.48
6.05
6.15
3.04
2.77
1.96
2.17
1.79
2.28
4.25
4.27
3.63
3.01
1.17
1.93
3.13
2.4
2.83
5.69
3.31
6.25
3.33
5.19
2.58
3.57
3.77
2.72
1.95
0.93
1.38
3.35
7.16
10.66
12.18
9.94
5.99
6.62
7.14
4.76
4.58
10.98
5.18
3.56
6.26
4.51
4.42
7.76
10.62
10.31
6.03
4.84
3.86
2.27
2.55
1.55
2.99
2.31
3.7
3.66
2.24
2.45
3.95
2.64
2.93
5.47
3.13
3.3
5.29
7.27
4.08
4.1
6.08
5.08
5.86
7.33
13.4
5.37
3.82
3.9
3.23
2.53
5.59
5.69
6.81
3.24
4.36
6.72
2.7
6.11
2.57
3.99
3.58
5.9
2.71
2.95
1.77
2.54
4.55
5.05
6.44
8.72
7.84
5.61
4.24
6.51
5.56
6.69
10.18
0.46
0.24
0.14
0.02
0.01
0
0
0
0
0.08
0.38
0.21
0
0.27
0.35
0.46
2.15
5.73
11.04
11.44
5.3
6.2
7.33
4.22
5.12
3.59
3.14
6.46
5.84
7.11
8.43
6.37
7.57
4.03
3.89
3.14
4.57
5.31
6
3.35
4.56
2.83
2.62
3.54
5.56
3.86
3.15
4.48
5.67
5.08
3.6
4.6
10.84
3.93
8.32
6.26
2.36
6.38
4.89
8.59
13.79
7.19
5.43
4.48
4.75
4.69
5.23
5.82
4.59
4.43
4.25
3.28
5.89
4.84
5.9
4.69
8.39
9.84
5.24
2.69
4.23
5.68
4.51
5.46
11.13
5.57
4.07
4.1
5.45
10.43
14.75
5.04
4.25
4.82
5.3
4.91
3.9
4.36
3.56
4.78
6.33
4.46
3.25
3.53
4.11
5.88
4.38
8.93
11.3
5.31
7.71
10.23
7.03
4.89
5.3
5.6
3.36
5.23
5.82
4.99
6.26
6.52
4.94
3.44
4.26
11.81
6.46
6.84
10.1
6.14
4.51
5.11
5.43
9.87
6.54
4.98
5.06
3.88
4.66
3.39
2.98
5.45
4.04
2.92
3.23
3.36
5.34
4.53
3.15
3.85
3.93
2.84
2.31
2.79
3.34
3.84
3.14
4.9
3.3
3.59
5.36
4.24
3.14
3.85
5.46
5.29
4.63
4.62
4.39
4.52
5.03
4.09
5.22
4.74
4.75
5.23
4.75
5.27
3.32
4.44
4.49
4.23
5.18
3.25
3.94
4.2
5.1
5.02
4.07
7.65
6
6.94
4.23
3.91
3.95
4.04
3.52
3.94
5.56
5.32
3.85
6
4.69
3.14
3.77
3.61
2.83
4.06
3.22
4.05
3.79
3.62
3.84
3.74
4.63
7.24
7.27
4.15
4.34
4
3.34
4.3
3.63
3.84
4.29
5.87
6.64
4.42
2.92
4.22
4.3
4.01
5.77
5.96
6.29
3.95
4.86
4.98
4.67
3.82
5.06
3.49
4.34
3.46
3.2
4.11
3.17
6.63
9.24
7.39
6.41
9.88
9.86
6.25
4.01
3.23
5.27
5.56
3.35
4.56
4.04
3.68
3.48
4.32
4.54
3.91
2.65
3.34
3.13
3.77
5
4.62
4.54
5.98
5.13
3.28
4.65
3.8
3.23
4.31
3.1
3.18
3.15
2.37
5.31
9.05
6.96
3.7
4.59
5.28
7.06
8.71
5.6
4.47
7.17
10.62
5.52
5.07
4.6
4.77
5.87
5.07
5.43
5.37
7.37
4.14
3.94
3.67
4.99
3.35
2.63
3.97
6.78
2.99
4.1
5.33
6.04
4.42
6.07
9.09
10.16
3.94
4.62
3.52
4.4
4.66
3.63
2.53
4.72
3.3
2.16
1.89
2.96
2.11
6.57
5.7
3.63
6.88
6.82
6.7
8.61
5.58
4.27
8.67
7.55
9.12
4.35
6.25
7.01
3.53
4.67
3.96
5.82
8.16
7.53
13.25
7.95
2.85
5.97
4.85
5.14
6.84
7.44
7.79
9.42
5.54
3.45
3.16
2.93
3.28
2.75
3.29
2.74
2.09
2.1
3.33
2.99
4.04
3.97
3.12
2.55
2.52
2.99
1.57
2.67
6.85
5.47
4.45
5.59
3.53
3.41
3.86
8.51
5.35
3.83
3.55
4.32
2.59
2.14
5.7
3.84
3.22
1.98
1.82
3.06
4.72
5
3.78
2.68
2.84
3.64
7.86
8.92
7.44
4.95
3.37
2.58
2.92
3.23
3.2
3.9
3.03
2.71
2.49
3.65
3.7
3.9
4.54
3.09
4.02
2.24
5.77
3.56
5.27
4.07
2.1
2.07
3.27
3.96
3.4
1.84
1.35
1.28
1.3
2.3
3.72
2.96
2.29
2.46
2.47
2.76
1.76
3.41
4.92
3.88
3.37
3.11
1.94
2.41
4.93
4.84
4.61
1.82
4.12
2.82
2.84
5.2
7.85
4.24
2.84
2.65
3.02
3.15
7.2
5.94
3.49
4.79
4.51
1.78
2.4
2.2
2.38
2.99
3.19
1.85
2.27
2.4
3.73
3.23
3.13
2.78
2.83
2.3
3.67
2.08
2.27
3.15
2.53
4.05
2.92
1.81
3.81
2.73
3.64
4.14
4.16
2.46
4.1
2.76
4.28
2.33
2.5
1.78
1.78
2.67
1.62
1.59
2.03
2.24
2.24
2.33
3.34
2.35
3.51
2.4
2.53
3.84
2.09
2.6
3.37
2.01
1.71
2.43
2.81
2.5
2.16
2.69
3.4
3.73
2.64
2.26
2.73
2.6
2.78
2.15
2.46
3.85
2.53
2.98
2.34
2.55
3.58
3.16
2.56
2.75
2.99
2.58
2.06
2.81
3.59
2.79
3.05
3.33
4.38
2.1
3.06
3.02
2.94
3.14
3.2
2.39
2.52
1.75
2.49
1.95
1.83
1.76
1.94
2.41
2.1
2.07
2.72
2.55
2.81
2.8
3.17
1.53
3.82
2.74
1.88
2.55
4.04
2.38
2.32
2.72
2.18
1.67
2.2
2.44
2.55
3.94
3.51
3
2.8
3.1
2.16
2.78
2.2
2.5
1.55
2.9
1.79
1.55
2.58
3.08
2.36
2.56
4.43
2.09
3.03
2.21
3.07
2.91
2.14
2.3
3.06
2.43
3.62
2.39
2.73
1.55
2.09
2.63
2.4
2.09
3.3
2.18
1.51
1.48
2.27
2.27
2.42
2.82
2.78
2.5
2.36
1.68
3.14
2.75
2.45
2.05
1.44
1.65
2.35
2.13
2.37
1.04
1.37
2.16
2.61
2.45
3.02
3.35
2.91
2.9
2.78
1.76
2.41
2.24
2.44
2.92
2.86
3.14
3.03
2.04
3.21
2.14
3.22
2.59
3.02
4.02
5.8
4.25
1.56
3.91
4.6
2.87
2.64
2.23
2.05
2.82
3.89
2.42
3.99
2.73
1.95
3.78
4.89
6.31
3.27
3.73
2.96
2.68
6.74
4.02
3.89
5.05
6.5
4.18
2.94
2.95
2.43
2.15
2.7
3.42
4.46
5.13
5.95
4.1
1.89
2.08
1.74
2.72
2.43
1.84
2.12
2.03
1.5
2.72
3.12
2.44
2.28
3.15
7.2
7.15
4.8
2.26
2.26
2.97
3.69
4.22
2.45
2.03
2.32
1.68
2.4
1.75
1.68
1.58
2.45
3.79
2.35
1.99
2.7
2.59
4.11
2.37
1.6
2.08
3.92
2.85
2.54
5.95
4.44
2.6
2.23
1.98
2.55
2.92
3.13
2.5
2.62
1.59
1.64
1.79
1.78
1.67
2.18
3.39
3.99
5.58
3.87
6.25
3.57
2.3
2.65
3.01
1.98
2.73
4.6
3.99
1.73
2.45
4.25
4.29
5.77
4.38
5.13
2.97
4.36
3.19
4.38
6.32
3.25
2.39
2.58
3.38
2.46
3.16
6.49
3.25
2.18
2.37
2.74
4.39
3.58
2.53
4.16
2.69
4.05
2.21
3.13
2.76
2.41
2.38
3.05
2.38
3.22
2.38
2.1
2.68
1.75
2.86
2.62
2.56
2.44
3.73
3.08
3.28
3.39
3.86
2.76
2.08
2.15
4.44
5.02
6.36
4.86
2.85
2.17
2.99
3.08
1.92
3.52
3.85
7.03
5.98
3.33
2.73
3.27
2.71
4.14
2.34
1.84
1.61
2.57
2.43
2.25
3.38
1.71
1.88
2.72
3.65
3.29
3.55
1.91
2.88
1.77
2.58
2.51
3.49
2.63
3.5
2.41
3.08
2.85
3.78
4.14
2.36
2.43
2.74
4.66
4.33
3.13
2.8
3.34
2.9
4.51
5.83
2.32
3.85
2.46
4.02
5.13
1.96
2.43
2.81
3.05
2.33
2.23
3.11
1.92
3.34
3.51
3.88
3.4
2.46
3.67
2.96
2.91
2.33
3.12
2.91
2.52
1.91
2.15
1.89
2.11
1.6
1.65
1.62
2.2
1.61
1.7
2.7
2.15
2.4
2.18
2.41
2.66
2.51
2.51
3.08
3.13
2.11
3.08
2.38
2.87
2.67
2.58
2.53
2.49
1.76
3.06
2.37
2.04
2.91
2.65
3.98
3.64
2.04
3.9
2.48
2.4
2.4
3.19
2.7
2.98
2.13
2.67
3.09
1.88
2.06
2.49
2.56
2.89
3.23
2.55
1.83
1.6
1.57
1.25
1.27
1.45
2.55
2.42
1.5
3.51
2.91
2.89
3.07
3.51
2.98
2.1
2.18
2.59
2.33
2.89
1.9
1.83
4.02
2.85
1.86
1.83
2.08
2.53
2.41
2.23
4.4
1.94
2.42
2.3
1.97
2.03
1.57
1.8
3.32
3.1
3.96
3.04
3.09
3.41
2.41
3.02
3.17
3.14
3.18
3.54
4.69
3.68
3.71
3.62
4.22
2.13
2.6
1.8
1.42
1.85
1.82
3.42
4.15
1.25
2.44
1.98
3.1
1.3
1.51
1.42
2.91
2.58
3.03
2.6
2.89
3.2
2.96
2.44
2.29
4.14
4.76
3.03
3.81
3.63
1.78
2.88
2.42
1.69
1.72
2.51
2.2
2.57
3.34
3.7
5.49
4.38
4.26
6.08
2.36
1.87
1.67
2.45
3.93
4.19
2.23
2.71
2.22
1.65
4.54
3.65
3.2
5.23
3.59
1.89
1.07
1.43
2.53
2.12
3.02
2.46
3.17
3.22
2.37
3.63
2.77
1.51
1.68
3.84
3.35
3.66
3.16
3.09
2.01
2.91
1.64
1.8
3.1
4.13
3.08
2.95
2.53
2.67
6.78
7.13
3.98
3.13
3.94
2.41
1.36
1.98
1.15
4.03
2.08
1.45
2.04
1.57
2.74
3.9
3.46
3.81
6.18
4.56
5.32
4.16
4.38
5.06
2.3
4.4
2.76
2.78
1.59
1.77
2.5
3.53
4.26
4.6
4.24
2.7
3.16
3.43
4
3.59
2.98
3.07
4.41
5.3
5.43
3.62
6.47
2.68
1.87
1.79
2.19
2.58
3.67
3.07
3.05
6.93
8.02
4.39
4.37
2.84
3.02
1.99
1.79
1.75
4.9
4.08
3.96
2.61
4.94
4.78
4.39
3.43
3.31
2.67
2.04
2.29
3.54
3.52
2.96
5.11
3.63
5.63
2.88
1.68
2.53
2.25
3.06
1.58
1.86
1.37
1.57
2.17
1.95
2.77
4.52
3.57
2.61
2.32
3.01
2.68
2.31
2.52
3.56
4.72
3.4
2.84
1.65
1.91
2.79
2.59
3.6
3.93
2.3
2.21
3.6
3.04
1.35
4.04
6.77
5.78
3.76
4.75
3.23
3.38
3.68
6.13
3.44
2.62
3.15
3.41
2.07
2.62
2.12
2.18
1.73
2.54
2.75
3.16
2.42
1.96
2.48
2.48
2.78
4.3
2.66
2.79
2.15
3.42
2.81
3.13
2.22
2.23
1.99
2.87
2.7
2.43
2.91
3.3
2.67
2.42
2.21
2.73
2.73
1.82
2.61
2.98
2.7
2.99
2.71
2.2
2.43
2.81
2.67
3.4
3.21
2.34
2.12
2.08
2.18
2.4
2.66
3.64
3.12
2.95
3.23
2.45
1.97
2.14
2.27
3.3
2.71
2.66
2.28
2.45
3.08
2.42
1.73
1.7
2.18
2.1
2.58
2.2
2.44
3.09
3.44
1.83
2.43
2.81
2.82
3.73
3.52
2.16
2.28
3.68
6.31
4.42
1.68
2.62
2.59
2.76
2.1
2.09
2.36
2.33
1.88
1.29
2.45
2.96
3.2
3
2
2.2
2.17
3.48
4.8
1.77
1.52
2.18
2.52
3.31
1.84
1.96
2.16
3.38
1.77
2.12
2.96
4.85
3.73
1.83
1.85
1.69
1.7
3.14
2.82
2.96
2.71
1.85
1.33
1.74
3.83
4.26
3.1
1.98
1.42
2.4
2.45
4.18
2.58
1.59
3.1
2.51
1.63
1.84
3.56
3.82
1.98
2.56
2.6
2.12
2.84
2.46
2.16
1.43
1.5
1.99
1.44
2.91
2.55
1.78
2.11
2.16
2.04
1.95
2.62
3.18
3.95
3.3
1.77
2.55
1.94
2.28
1.78
1.71
2.68
4.09
3.04
2.42
1.72
2.65
2.11
2.93
2.08
2.1
4.53
3.62
2.29
2.03
3.7
3.8
8.18
7.98
6.02
3.13
1.3
2.13
3.56
2.87
2.72
3.71
3.31
4.52
4.65
4.48
3.23
1.53
2.33
2.75
2.53
1.21
1.27
1.81
2.07
2.22
1.74
3.07
4.13
3
4.84
2.62
1.68
1.5
1.97
5.33
6.44
2.33
2.91
3.65
6.04
5.38
3.28
1.94
1.52
1.66
2.5
2.14
1.28
2.39
1.28
2.86
2.83
1.76
1.2
1.79
2.78
3.44
3.68
4.48
2.38
2.54
2.15
3.5
1.94
1.21
2.04
3.44
3.79
3.5
2.86
1.63
2.55
2.4
2.78
3.11
1.93
2.6
2.13
2.21
1.99
1.49
1.9
1.13
1.71
3.02
2.84
2.65
5.67
8.42
3.71
3.35
2.3
3.23
3.43
4.94
2.06
2.41
2.83
4.14
2.67
2.55
2.21
2.2
2.55
3.6
4.15
3.5
5.7
3.69
4.13
5.05
2.32
2.45
3.93
3.26
4.06
2.92
2.17
2.28
3.71
2.83
2.73
3.65
4.43
3.34
3.38
2.73
3.25
3.48
1.78
3.13
3.19
4.09
3.65
2.79
4.2
2.66
2.5
2.31
2.68
1.95
2.55
3.3
3.72
3.19
2.11
1.9
1.96
2.9
2.23
3.38
3.98
3.59
6
5.48
2.92
2.92
2.75
2.16
2.03
1.66
2
2.18
2.88
4.15
2.41
1.89
1.7
2.45
2.48
2.3
3.11
1.46
2.8
2.46
2.22
1.68
1.54
1.82
2.03
1.66
2.93
2.42
1.39
2.01
4.28
2.74
3.19
3.54
2.61
2.01
1.93
2.61
3.24
2.61
2.5
2.82
2.15
3.73
4.57
2.16
2.87
3.93
2.09
2.51
2.3
3.5
2.8
2.28
3.48
2.6
2.05
1.88
1.83
2.48
2.93
2.03
2.53
3.15
2.62
2.2
2.33
1.64
2.64
3.1
3.31
2.86
2.15
2.95
2.94
1.7
1.16
1.95
1.89
2.11
1.53
1.35
3.11
2.3
2.83
3.1
2.4
3.04
2.19
2.38
2.45
3.3
3.11
3.31
2.02
1.95
3.29
3.5
1.43
1.66
2.18
1.86
2.14
3.06
1.56
2.26
1.71
1.43
1.98
1.8
2.23
2.82
1.63
2.57
3.34
2.79
2.12
2.85
3.03
1.69
1.7
4.74
3.47
2.34
4.37
2.95
3.25
2.16
1.84
2.25
2.4
1.4
2.01
2.8
3.62
1.41
1.38
1.83
1.94
3.05
1.61
2.15
2.13
1.67
1.53
2.28
3
2.67
3.13
2.95
2.12
3.97
4.35
3.87
3.78
1.69
1.45
1.91
2.2
1.79
4.4
3.15
1.53
1.37
2.13
2.08
0.83
1
0.84
2.35
3.22
4.61
4.02
3.77
3.09
4.14
3.07
3.28
3.42
2.38
2.29
1.78
1.94
3.44
2.04
2.33
3.93
3.42
1.53
2.01
1.63
1.76
1.47
2.2
3.25
2.51
2.83
3.87
2.45
2.38
3.55
4.35
3.4
3.09
3.28
3.06
3.77
2.4
3.87
3.04
2.41
4.26
3.69
2.23
4.64
2.25
2.65
3.98
3.78
2.35
2.03
3.94
4.39
3.69
1.27
1.15
0.88
0.93
2.29
4.69
3.8
4.48
2.55
2.21
1.11
1.76
0.66
2.51
3.3
3.39
2.47
2.18
2.38
4.18
2.55
2.46
2.08
3.25
3
1.96
2.14
0.98
2.45
3.05
3.75
4.31
3.68
3.4
8.17
4.08
6.88
5.76
2.3
1.03
1.44
1.1
2.09
1.23
2.91
3.28
2.26
2.7
6.73
5.35
3.56
4.86
5.43
2.37
1.91
1.48
1.36
0.97
2.35
3.65
1.79
1.18
1.78
3.12
2.07
0.91
0.58
3.19
2.13
1.33
0.59
1.05
1.07
4.5
8.17
6.8
4.05
2.34
2.47
2.79
1.9
1.74
2.83
2.52
2.27
3.17
2.12
2.63
2.17
2.05
2.43
2.58
2.74
2.98
3.56
2.4
2.58
3.2
3.63
1.92
3.38
2.61
2.25
2.08
1.95
2.25
2.47
4.02
3.17
1.16
1.72
2.8
3.68
3.95
1.57
3.43
2.87
2.25
0.77
1.84
2.28
2.96
3.72
2.73
4.56
6.4
2.45
3.35
1.97
1.71
1.52
2.52
2.33
2.47
2.62
2.47
1.99
3.72
1.77
3.22
2.42
4.41
2.42
2.23
1.22
2.78
2.33
3.15
2.14
1.57
3.16
3.98
3.05
3.93
4.07
2.31
2.71
2.29
1.67
2.03
2.78
2.05
1.95
1.89
2.73
1.48
1.86
3.13
2.48
2.78
3.3
2.23
2.52
1.68
2.7
2.44
4.49
2.53
1.27
1.54
1.96
1.8
2.4
1.63
1.83
2.63
2.08
1.68
2.35
1.54
1.48
1.44
1.55
1.59
1.81
1.88
1.85
1.65
1.77
1.08
1.29
2.04
2.5
3.2
2.65
3.77
1.18
1.98
2.57
3.36
2.47
2.86
1.84
1.75
3.5
2.2
2.24
2.46
2.28
1.69
1.74
1.5
2.33
1.35
1.47
0.63
1.87
2.48
1.84
1.75
2.12
1.72
1.42
1.69
1.12
2.95
1.87
1.35
1.1
2.28
2.61
1.46
1.19
1.16
1.4
1.94
1.62
2.55
2.09
0.95
1.83
1.97
2.04
1.45
1.94
1.8
2.2
2.31
1.75
1.21
1.44
2.06
1.55
1.85
1.23
1.33
1.52
2.58
3.28
1.85
2.33
2.97
2.32
-99
-99
-99
-99
2.38
1.68
1.32
3.44
3.41
3.07
1.58
1.96
1.66
1.62
1.76
2.48
2.43
1.09
2.94
1.83
1.25
1.39
2.75
2.63
1.65
2.01
3.06
2.2
2.32
1.9
4.61
2.47
4.68
3.84
1.4
0.97
1.03
0.99
1.07
1.74
1.7
0.23
3.4
3.84
6.43
3.52
4.25
2.76
4.28
8.86
5.63
3.19
2.06
1.95
1.74
2.85
2.66
2.75
1.89
1.56
2.23
1.52
2.87
3.99
2.76
2.22
2.5
2.78
2.12
3.48
4.01
6.4
4.57
2.02
2.84
5.27
2.66
2.35
2.03
2.55
1.24
0.97
0.95
0.9
1.74
5.49
4.38
3.51
3.2
2.31
5.01
2.65
2.7
3.02
3.9
3.75
3
3.32
2.18
2.91
2.45
3.1
2.65
6.18
3.57
1.65
1.86
2.26
2.48
5.06
4.1
5.11
1.91
2.22
2.33
3.6
5.07
2.7
1.26
0.73
0.2
0.82
1.23
0.97
1.78
1.54
1.35
1.02
2.78
2.16
3.71
2.01
5.63
2.21
1.34
1.6
2.36
0.83
3.15
4.34
1.74
0.76
3.07
1.95
5.95
3.02
1.24
1.1
3.4
4.3
2.35
2.28
3.03
2.37
1.28
3.52
3.86
4.59
4.41
3.52
2.48
3.41
3.4
3.63
6.6
2.22
2.19
2.84
2.12
6.45
3.75
2.51
1.68
1.58
2.86
2.65
2.75
2.74
2.94
2.16
2.41
4.27
1.98
1.27
2.31
1.4
2.89
4.09
4.5
3.43
3.26
5.2
4.43
3.23
3.03
2.74
3.36
2.44
2.96
2.83
2.33
2.35
2.39
3.4
3.58
1.53
2.08
1.63
1.34
1.56
2.18
2.73
2.49
3.2
1.76
2.46
1.82
2.1
3.31
1.94
2.45
3.16
2.49
1.82
2.4
6.04
4.08
3.14
2.21
2.47
2.78
3.07
2.96
3.46
2.11
2.5
2.63
3.53
3.13
2.74
2.48
2.87
2.78
3.63
2.17
2.13
3.6
3.78
2.51
3.07
1.97
2.62
2.86
2.99
1.88
1.67
2.6
2.16
3.03
2.14
2.38
2.48
1.96
3.08
2.18
1.63
2
1.68
2.7
3.47
2.6
3.06
2.69
3.63
3.13
2
2.73
2.55
2.4
2.64
2.23
2.39
2.1
2.29
2.83
2.27
1.85
2.02
2.11
2.3
2.76
2.8
2.56
2.73
1.98
3.41
1.9
2.05
1.85
1.84
2.08
2.87
2.25
2.06
2.03
3.38
2.45
2.29
2.05
2.07
3.03
3.41
2.75
2.68
2.63
2.61
2.5
2.29
2.4
2.38
3.11
3.23
3.11
2.9
1.67
1.64
2.33
1.89
2.62
2.52
2.45
3.04
3.23
1.71
1.22
2.35
3.66
2.85
2.15
2.59
4.03
3.72
2.64
2.9
2.54
2.52
2.32
1.64
2.45
2.63
2.77
3.58
3.83
2.89
1.67
1.76
3.21
2.24
2.65
2.18
3.09
2.4
4.04
3.4
2.87
1.86
2.32
1.75
2.69
3.06
3.56
1.83
1.95
2.2
1.6
1.56
2.24
1.41
2.3
4.73
2.24
2.31
3.75
3.13
2.83
3.06
3.2
7.25
3.84
2.49
2.8
2.55
3.25
4.15
2.84
2.31
1.39
1.81
2.08
2.75
4.7
2.9
2.47
1.64
2.85
2.99
3.84
3.2
4.85
2.79
2.01
2.22
1.71
2.46
3.45
3.41
4.46
3.17
3.31
2.37
2.14
4.47
5.25
3.73
2.55
1.88
2.71
3.9
4.15
3.17
2.05
2.82
3.04
2.17
3.92
3.18
3.84
3.28
3.78
3.56
3.21
3.16
3.63
3.94
4.32
1.87
1.58
2.24
3.17
1.48
2.19
4.82
4.5
3.41
1.77
2.4
2.82
2.72
2.23
2.58
4.78
5.42
4.47
2.73
1.41
1.45
1.9
2.45
0.99
1.61
1.32
2.08
1.81
2.58
3.14
3.79
2.35
2.09
4.06
2.15
1.9
2.52
2.86
2.49
2.17
1.83
1.58
1.86
4.19
2.09
2.07
1.95
2.4
1.81
4.08
3.22
2
1.36
2.63
3.77
4.88
3.65
2.35
2.44
1.67
1.25
1.68
2.63
2.66
3.06
2.17
2.12
2.47
1.84
3.88
3.52
2.98
2.69
1.87
2.95
4.47
1.68
1.79
2.17
2.66
3.19
2.64
3.17
1.56
2.78
4.14
2.51
2.17
2.68
2.9
1.87
1.73
1.83
2
2.29
4.83
2.74
2.13
3.19
3.1
2.14
1.47
1.18
3.14
3.61
2.6
1.85
2.53
2.77
2.73
2.13
1.48
1.83
2.51
4.05
2.73
2.06
1.87
1.7
2.1
2.67
2.39
2.12
2.14
2.88
2.26
1.78
1.87
1.86
2.51
1.5
1.56
2.25
4.58
3.38
1.58
2.73
2.35
2.43
3
2.13
2.93
2.88
1.58
3.27
2.02
1.67
1.37
3.08
5.85
2.3
1.2
1.69
1.88
1.96
1.61
1.84
2.42
1.96
2.58
2.67
2.6
2.12
1.77
1.94
2.4
2.1
1.85
2.68
1.38
2.3
1.8
1.85
2.16
2.68
1.62
1.88
1.62
1.53
1.68
1.8
1.85
1.75
1.93
2.26
2.23
1.54
1.67
1.5
1.96
2.15
2.45
2.02
2.3
2.43
2.55
1.65
2.1
1.24
1.49
1.23
1.53
2.2
1.61
2.27
1.72
2.08
2.48
2.35
2.09
2.69
2.36
1.79
2.99
2.57
2.3
3.05
1.92
2.07
3.1
2.63
2.46
3.16
2.32
1.59
1.49
2.09
2.36
1.78
2.42
1.62
1.79
1.55
1.63
1.83
1.34
2.01
1.8
1.82
1.45
2
2.3
2.03
1.87
1.72
2.22
2.09
1.57
1.81
1.16
1.82
1.54
2.16
2.28
1.1
1.51
2.11
2.46
1.68
1.53
2.35
1.98
2.3
2.03
1.58
1.62
1.5
1.41
1.45
1.78
1.39
1.9
1.63
1.38
1.67
1.58
1.75
2.16
1.84
1.39
1.75
1.62
1.98
1.81
2.93
1.8
1.97
1.91
2.21
1.7
1.4
1
1.34
1.97
2.44
2.15
2.06
1.65
1.67
1.89
1.74
1.36
2.72
2.04
2.12
1.96
1.55
1.99
1.18
1.79
1.94
1.44
1.8
2.14
2.1
1.86
1.48
2.3
1.49
2.11
3.44
2.39
1.48
3.23
3.73
1.73
1.63
1.89
3.44
2.96
2.83
2.25
3.47
2.61
2.27
1.19
1.54
1.89
1.33
2.42
3.13
3.04
3.91
2.18
1.4
2.67
2.31
4.45
5
1.72
1.22
1.23
1.75
2.3
3.17
1.78
1.86
2.89
2.77
2.05
2.46
3.14
3.02
3.02
2.11
1.83
1.6
1.15
3.08
3.05
3.08
4.31
4.35
5.5
4.08
2.7
3.37
1.93
3.42
2.08
2.55
1.78
1.3
2.83
1.94
2.39
3.7
2.93
2.45
4.58
2.13
2.66
4.55
2.88
1.36
2.35
1.65
1.38
1.51
2.37
1.05
1.32
1.4
2.76
2.25
1.58
2.11
2.14
2.55
2.04
2.49
1.66
1.48
1.56
2.31
1.34
1.98
1.52
2.49
2
1.92
2.99
3.52
2.05
2.97
3.01
2.33
2.91
2.78
2.6
1.46
2.4
1.93
2.47
2.25
1.93
1.77
1.48
2.03
1.68
2.5
2.2
1.95
2.05
1.82
2.34
1.7
1.96
1.43
2.6
2
2.65
2.92
2.19
2.04
1.86
1.57
2.38
1.98
2.13
1.8
1.26
1.17
1.6
1.95
2.28
1.83
3.1
3.37
1.66
1.37
1.44
1.72
2.37
2
1.48
1.57
2.44
1.95
1.72
1.38
1.22
1.73
2.38
1.8
2.81
2.4
1.63
2.74
3.23
1.73
1.94
2.68
2.4
2.45
3.05
2.15
2.75
3
1.98
1.64
1.95
2.9
2.87
1.7
2.98
3.69
2.26
2.56
1.53
1.85
2.43
1.8
2.46
1.8
2.09
2.25
1.27
1.78
2.54
2.16
1.7
1.92
1.74
1.84
1.5
2.88
2.02
2.07
3.48
3.02
2.38
1.64
2.25
1.6
1.36
1.39
1.71
1.74
1.69
1.79
2.18
2.09
1.65
1.77
1.55
1.28
1.93
1.88
1.76
1.82
2.13
1.57
1.49
1.23
1.4
1.41
1.88
2.56
1.97
1.83
1.68
1.3
1.46
1.71
1.78
2.14
1.98
1.58
2.28
2.13
1.48
1.69
1.63
1.73
1.74
1.69
1.47
1.43
1.05
1.55
1.75
1.55
1.51
1.9
1.77
2.03
2.2
2.02
1.54
1.81
1.73
1.18
1.42
1.84
2.03
2.73
2.02
1.33
1.67
1.52
1.6
1.96
1.46
1.5
1.67
1.73
1.49
1.37
1.27
1.5
1.55
1.58
1.18
1.29
1.95
1.63
1.24
1.35
1.4
2.12
2.32
1.08
1.86
1.58
1.72
1.84
1.1
1.5
1.35
2.09
2.58
2.14
1.75
2.03
1.61
1.68
1.83
1.85
1.6
1.56
1.51
1.18
1.52
1.83
1.86
1.37
1.63
0.91
1.11
1.38
1.28
1.25
1.45
1.58
2.8
2.03
2.49
2.07
3.7
2.15
1.92
1.66
1.89
1.45
1.35
1.34
1.16
2.03
2.08
1.68
1.21
1.62
1.19
1.14
2.09
2.2
1.76
2.02
3.28
2.15
2.34
1.88
2.58
1.18
1.2
1.43
2.23
2.73
3.44
2.1
2.15
3.4
2.89
2.35
1.72
2.22
2.65
2.38
1.33
1.23
1.65
2.1
2.74
2.61
3.75
3.18
1.75
1.28
1.4
2.99
2.1
1.7
1.72
1.49
1.64
1.53
1.11
1.4
2.39
2.99
2.93
1.71
1.53
2.69
2.22
3.53
3.92
1.97
2.8
2.59
2.1
1.52
1.25
1.46
1.71
2.85
3.29
2.85
3.15
1.91
1.15
2.44
3.08
1.68
2.43
1.72
2.14
1.64
2.27
2.17
2.61
2
1.42
1.93
1.76
1.86
2.09
2.9
1.93
1.85
1.04
1.46
2.18
2.28
1.85
2.77
3.15
3.1
3.4
2.22
2.1
2.5
3.53
2.97
2.42
3.65
2.41
2.91
2.13
2.57
2.79
2
1.96
1.9
3.05
4.17
3.33
1.87
2.77
3.64
2.97
1.6
2.17
1.8
3.81
3.48
1.9
1.56
2.12
1.55
0.89
1.54
1.5
1.49
1.3
2.53
2.95
3.12
1.95
1.57
1.77
3.7
4.27
1.75
1
2.35
2.76
2.5
2.71
2.86
2.32
2.67
2.76
2.25
2.52
3.46
2.43
1.98
1.5
3.02
1.46
1.68
1.97
1.6
2.01
1.03
2.68
2.13
1.33
1.85
2.33
3.86
1.87
2.2
2.7
1.58
1.56
1.85
1.56
2.48
2.2
2.43
1.96
2.6
2.49
1.55
1.47
1.52
1.15
1.15
1.35
1.59
2.07
1.92
1.03
1.56
2.71
3.74
2.39
1.8
3.19
3.26
1.5
1.38
2.03
1.65
1.29
1.68
2.06
1.74
1.72
1.77
2.02
1.21
1.41
1.25
1.44
1.43
2.05
1.75
2
1.99
1.35
1.52
2.7
1.59
2.05
2.3
1.3
1.1
1.91
2.63
2.07
2.1
3.01
1.7
1.43
0.9
1.11
1.18
0.86
1.33
1.79
1.81
1.27
1.48
1.06
1.52
0.92
1.68
3.25
2.53
1.66
1.64
1.75
1.41
1.53
1.6
1.34
1.04
1.55
0.88
1.18
1.33
1.66
1.41
1.01
1.3
1.09
1.26
1.42
1.6
1.29
1.24
1.16
1.21
1.73
1.42
1.42
1.27
1.62
1.3
0.92
1.4
1.2
1.3
1.02
1.25
1.05
1.73
2.06
1.23
1.73
1.56
1.6
1.33
0.67
1.35
1.2
0.97
1.73
1.3
2.02
1.65
1.41
1.3
1.61
1.35
1.07
1.15
1.28
1.37
1.12
1.33
1.25
1.46
1.28
1.17
1.37
1.35
2.32
1.87
1.24
1.06
1.3
1.65
1.72
1.43
1.43
1.2
1.19
1
1.49
1.17
1.31
1.35
1.43
1.15
1.3
1.57
1.51
1.14
1.52
1.05
1.27
1.33
1.11
1.09
0.91
0.71
1.1
0.77
1.25
0.92
2.22
1.8
1.64
2.46
2.2
2.23
1.07
0.91
0.58
0.86
1.1
1.3
1.93
1.36
1.3
1.35
2.3
1.45
1.16
0.85
0.53
0.23
0.52
0.43
1.63
1.35
1.68
2.63
2.5
1.91
2.05
1.27
1.82
1.29
1.91
1.76
3.14
3.44
1.75
1.08
2.3
1.9
3.5
1.39
1.08
1.2
2.23
2.33
3.74
2.48
2.1
2.64
2.95
3.68
3.13
2.48
2.33
2.52
1.45
2.38
2.24
1.49
2.11
2.6
2.41
2.41
1.44
2.75
2.26
1.29
1.38
1.29
1.03
0.62
1.29
0.76
1.58
1.97
1.33
1.23
1.08
1.55
2.31
1.11
1.74
1.77
1.13
2.21
5.01
2.62
2.81
2.33
1.76
1.86
2.05
2.29
2.28
2.2
3.95
1.88
0.83
0.99
1.24
0.78
1.66
1.1
2.87
3.03
1.3
1.26
1.79
1.5
0.88
2.96
2.52
1.94
1.77
2.93
1.53
2.45
4.27
2.8
2.45
2.62
1.71
1.75
2.43
1.63
1.85
2.4
1.58
3.1
2.85
2.23
3.49
3.38
2.59
3.12
1.95
-99
-99
0.84
2.84
1.6
1.45
2.23
1.04
0.74
0.78
1.6
2.35
1.5
3.55
3.05
0.96
4.17
4.38
1.89
1.32
1.83
1.48
2.11
1.62
1.7
2.15
2.04
1.71
2.08
2.19
2.03
1.2
1.03
1.42
0.93
1.43
3.12
2.47
3.32
1.76
1.25
1.02
3.21
2.4
1.38
1.31
3.4
2.35
2.85
1.46
1.64
1.69
0.95
1.79
1.34
1.88
2.21
1.08
1.34
1.37
1.29
1.89
1.74
1.54
1.92
1.33
1.38
1.13
1.77
2.1
2.2
2.22
2.3
1.26
1.53
0.86
1.97
2.16
1.28
0.85
0.49
0.71
1.51
1.38
1.45
1.24
1.26
1.35
1.12
1.38
1.27
1.85
2.08
1.6
2.41
1.99
2.02
1.76
2.05
1.27
1.24
1.15
1.28
1.4
1.59
1.15
1.75
1.54
1.42
0.83
1.33
1.7
2.63
1.7
1.15
1.81
1.44
1.84
1.52
2.03
1.49
1.45
1.88
1.86
2.1
3.19
2.03
0.96
1.4
2.16
1.61
2.45
2.04
2.55
2.4
2.55
2.33
2.85
5.06
2.79
3
2.94
2.73
1.79
1.41
2.54
2.36
1.27
2.74
1.15
1.76
1.79
2.61
2.15
2.65
2.93
1.6
1.68
2.38
1.6
1.89
2.31
1.82
1.73
2.65
2.14
2.69
1.7
2
1.4
1.47
1.81
2.19
2.12
1.95
2.79
2.34
1.77
2.09
2.44
2.1
1.6
2.25
3.49
3.2
1.7
1.52
1.38
2.84
1.79
2.93
3.55
2.62
2.23
1.41
1.89
1.31
2.11
1.71
1.39
2.07
1.64
1.15
2.18
1.78
1.59
1.48
1.83
1.71
1.39
1.28
1.6
2.28
1.76
1.66
1.1
1.91
1.86
1.87
1.6
1.24
1.48
1.72
1.42
1.69
2.31
1.06
2.04
1.21
1.65
1.14
2.37
1.32
2.47
2.12
2.41
2.24
1.59
2.01
2.08
2.78
1.81
2.97
3.14
2.08
2.27
1.55
2.73
2.16
1.64
1.52
1.58
1.54
1.95
2.01
1.74
0.95
1.2
0.7
1.07
1.94
4.13
3.91
2.66
1.76
1.99
1.16
2.34
1.64
2.54
3.53
3.35
2.41
4.35
4.54
3.57
2.79
1.96
0.96
1.31
2.39
4.93
4.45
1.36
1.58
1.71
1.58
1.6
5.34
2.29
1.76
1.38
3.63
1.72
2.54
2.46
2.52
4.89
2.56
1.91
3.58
2.2
1.79
2.89
2.4
2.01
2.25
1.74
1.66
1.48
0.97
2.84
2.09
1.44
1.8
3.66
3.07
3.12
2.45
2.54
2.78
1.76
1.72
2.6
1.74
1.9
1.1
1.56
1.84
1.78
1.64
3.57
4.46
1.86
3.52
3.73
2.23
3.05
2.62
1.74
2.18
2.42
2.71
3.25
3.58
2.05
2.06
1.73
5.4
6.17
3.38
4.28
2.28
1.91
2.99
2.91
2.12
1.65
2.65
1.61
2.05
1.16
1.15
2.86
3.5
2.3
1.85
2.2
1.98
1.53
2.25
2.88
2.35
2.91
4.03
3.04
1.81
2.28
2.38
2.49
3.43
1.51
1.97
3.44
2.72
2.1
1.76
1.95
2.61
1.2
2.67
1.91
1.91
2.15
1.37
1.28
3.24
5.03
6.64
2.9
2.89
2.63
4.12
2.13
2.58
1.65
1.94
2.35
2.95
1.96
2.58
1.97
1.88
1.6
1.71
0.99
1.51
1.78
1.27
1.53
3.01
2.12
1.55
1.3
2.64
1.88
1.38
2.1
1.5
1.65
1.18
1.45
1.54
2.62
2.13
1.87
2.99
1.71
1.95
2.42
3.54
2.63
2.33
1.64
2.36
1.76
2.28
3.35
2.76
2.86
3.05
2.29
3.64
2.71
2.49
2.72
1.48
3.49
1.77
1.41
2.74
2.19
2.3
1.52
2.37
2.24
1.71
3.2
2.76
1.78
1.49
1.85
2.49
1.92
1.58
2.61
1.86
1.45
1.44
1.44
1.76
3.49
1.74
1.48
1.83
1.45
1.71
1.88
2.33
1.52
1.36
2.21
3.73
1.53
1.54
1.59
2.51
1.11
1.46
1.98
1.89
1.5
3
1.85
1.4
2.77
3.04
4
1.65
1.94
2.65
1.69
1.58
1.82
1.85
1.64
2.13
1.16
1.91
1.86
1.24
1.47
2.13
2.6
2.22
1.67
3.31
2.09
1.87
1.96
1.3
1.5
1.77
2.48
3
1.42
1.75
1.13
2.06
1.59
1.47
1.52
1.69
1.59
1.89
1.81
1.46
2.05
1.62
2.3
1.98
1.76
2.11
1.65
1.95
2.46
1.71
2.38
2.35
1.73
1.6
1.75
2.02
1.56
1.11
2.85
1.37
1.7
1.86
1.41
1.63
1.67
1.72
1.06
1.29
2.35
2.58
2.09
3.22
2.65
1.2
1.59
1.4
1.43
1.52
1.63
1.47
1.08
1.29
1.28
1.69
2.29
4.85
1.58
1.4
2.47
2.72
2.77
3.86
1.88
1.24
0.94
1.92
1.91
1.33
1.04
1.33
1.52
1.24
1.23
1.3
2.52
1.4
1.64
1.31
1.37
1.74
1.6
1.98
1.44
3.05
1.43
1.22
1.85
4.06
2.66
2.4
1.51
1.63
0.79
0.93
2.46
2.1
0.92
2.05
1.26
1.07
1.39
0.82
1.75
1.07
1.13
1.22
2.79
4.33
1.71
1.74
1.63
2.11
1.6
1.89
1.19
1.29
1.6
1.44
1.87
0.76
1.39
1.31
0.8
1.23
1.98
2.3
1.5
2.05
2.55
1.75
2.57
2.55
1.19
1.47
0.68
1.34
0.77
0.98
3.05
2.28
2.11
1.4
2.4
3.04
1.11
2.01
1.58
1.98
1.98
3.4
4.47
2.8
2.74
4.85
6.29
4.11
3.9
6.81
6.32
5.05
2.24
3.38
1.27
1.97
1.38
1.94
1.55
1.52
0.92
2.09
1.26
1.94
3.15
2.4
3.36
2.25
1.14
1.9
2.08
1.24
1.89
1.31
1.54
2.34
2.09
3.34
3.05
6.34
4.64
1.63
3.97
5.04
3.75
1.95
1.43
2.09
1.5
1.35
1.76
3.05
1.56
1.8
1.55
2.22
1.51
2.67
3.34
2.35
1.94
2.59
3.23
2.63
3.95
1.77
1.48
2.1
2.19
1.85
1.37
1.51
1.18
1.45
1.55
1.96
2.67
1.26
0.94
1.24
1.62
2.19
1.86
2.45
1.74
2.63
1.75
3.76
2.53
1.64
3.21
1.43
1.49
2.59
1.44
2.49
1.51
1.74
1.96
2.4
2.36
2.29
2.54
2.81
2.09
2.31
2.56
2.55
1.57
2.34
3.84
2.34
1.36
1.51
1.72
2.39
1.69
2.07
2.61
2.06
1.63
2.13
1.9
1.24
1.96
2.45
2.34
2.66
2
3.08
1.78
2.72
2.01
1.63
1.69
1.75
1.72
1.62
2.15
1.12
1.99
2.84
2.04
1.78
1.86
1.59
3.31
1.82
1.75
3.26
2
1.49
1.23
1.14
1.43
1.37
1.38
1.66
1.31
1.38
1.32
1.4
1.6
1.35
1.66
2.31
1.12
2.09
1.67
2.23
1.77
1.37
2.3
2.03
2.35
2.22
1.09
1.45
1.89
2.15
1.71
1.06
1.23
0.98
1.35
1.02
1.33
2.26
2.35
1.71
1.59
1.76
1.36
1.51
1.93
1.68
1.47
1.73
1.37
1
1.79
1.71
1.38
2.46
1.41
1.59
2.02
1.76
1.53
1.3
1.65
1.72
1.18
1.64
1.46
1.71
1.82
1.59
1.36
1.27
1.5
1.73
1.22
1.53
1.28
1.09
0.93
1.19
1.67
1.38
0.88
0.91
1.07
1.43
1.17
1.37
0.82
1.1
1.28
0.97
1.14
1.2
0.79
0.81
1.63
2.05
2.42
2.45
2.01
1.53
1.09
1.22
1.03
1.37
1.6
1.7
1.31
1.84
1.51
1.67
1.79
1.53
1.2
0.83
1.24
0.98
2.01
0.87
1.66
1.06
1.34
1.81
1.03
1.14
1.23
1.27
1.77
0.88
1.85
1.79
0.81
1.1
0.89
1.17
0.95
1.5
1.4
1.2
0.95
1.09
0.97
1.37
1.67
1.15
0.66
1.6
1.28
1.54
1.5
0.74
0.96
1.06
0.85
0.77
0.84
1.27
1.05
0.93
1.53
1.95
1.9
1.48
2.13
4.04
1.6
1.25
0.68
0.9
1.26
1.83
0.86
1.36
1.99
1.28
1.88
3.02
1.46
1.79
1.36
0.79
2.33
2.01
2.07
2.7
2.23
1.25
1.35
2.21
1.89
3.57
2.18
2.03
1.16
2.3
2.33
1.13
1.14
1.21
0.89
1.29
2.18
3.58
3.65
5.87
3.76
3.6
1.6
1
0.9
1.05
1.23
1.36
1.25
2.21
1.4
1.03
2.28
1.98
1.22
1.06
1.15
1.04
0.64
1.06
1.36
1.16
1.41
2.79
2.96
1.39
1.27
1.49
2.6
1.87
4.86
5.49
6.31
5.68
3.28
1.15
2.08
2.08
1.89
-99
-99
1.99
1.57
2.09
2.13
2.69
2.53
5.34
3.87
1.4
1.66
1.32
0.88
2.25
2.83
1.71
1.36
2.03
0.86
1.06
1.37
1.26
1.09
1.11
1.46
2.48
1.2
1.56
1.76
1.86
4.35
-99
1.14
1.52
4.63
2.44
3.89
2.2
1.48
1.53
1.16
0.76
1.26
2.36
1.73
1.35
1.39
2.67
1.42
0.94
0.99
1.25
1.57
1.21
2.12
2.01
1.03
2.01
1.05
1.69
1.47
1.5
1.5
1.34
1.38
1.39
1.96
1.12
0.99
1.12
1.58
2.54
1.4
1.15
0.91
1.17
1.49
1.73
1.11
1.08
1.13
0.88
1.11
2.16
1.4
0.97
1.19
1.6
0.99
1.03
0.8
1.86
1.35
1.79
1.2
1.02
3.8
3.16
1.35
0.85
1.08
1.43
1.32
1.63
1.72
1.27
1.32
0.94
0.97
1.37
1.56
1.5
1.3
0.69
0.98
1.35
2.11
1.5
1.53
1.07
1.03
1.81
1.11
0.85
0.85
1.63
0.99
1.63
1.56
1.74
0.7
0.83
0.83
0.93
0.78
0.81
1.19
0.89
1.28
1.43
0.77
1.23
1.32
2.1
2.02
2.13
1.47
1.18
1.31
1.2
2.28
1.6
1.87
1.43
0.75
0.96
1.18
1.19
1.78
3.12
1.99
0.98
1.29
1.68
0.94
0.83
1.33
1.18
1.2
1.07
1.14
1.54
2.29
0.75
1.08
1.54
1.78
1.55
1.35
1.09
1.35
1.15
1.39
4.67
2.02
1.73
1.15
1.06
1.08
1.25
1.74
1.36
1.09
1.58
1.27
1.23
1.28
1.23
1.77
2.73
1.3
0.99
1.59
1.27
1.18
1.27
1.29
1.15
1.08
1.24
1.25
1.29
1.09
1.68
1.91
1.39
1.96
1
1.27
0.95
1.46
1.35
0.9
1.57
1.52
1.75
1.41
0.94
0.89
1.36
0.97
1.07
1.77
1.31
1.45
0.9
0.63
0.89
1.56
1.53
1.11
0.85
0.72
1
1.56
0.62
0.99
1.47
1.01
1.85
1.35
1.54
1.72
1.09
0.81
0.83
1.09
1.27
0.68
0.51
0.87
1.05
1.16
2.24
1.6
1.25
1.16
0.85
1.1
0.91
0.71
0.83
1.73
1.14
0.85
1.29
0.64
1.02
0.75
1.15
1.6
1.63
1.35
0.68
0.76
0.63
0.96
1.02
1.16
0.98
0.58
0.75
0.71
0.61
0.49
0.56
0.58
0.69
1.55
1.85
1.92
0.65
1.03
1.43
0.93
1.19
1.55
1.33
1.4
0.51
0.63
1.27
2.11
2.09
1
3.13
3.12
0.89
3.17
3.08
2.8
1.06
1.04
1.47
1.74
1.05
1.16
0.78
0.89
2.55
0.75
2.56
3.58
2.03
1.92
2.59
3.14
3.58
2.75
2.8
2.53
3.02
1.79
1.72
0.86
1.7
2.55
1.28
1.19
1.47
0.93
1.92
3.49
2.34
1.02
1.3
1.85
2.43
1.31
0.76
0.64
0.83
1.67
1.64
2.7
0.5
1.35
2.01
2.13
1.24
1.85
2.77
1.61
1.46
1.09
1.58
0.85
1
1.68
1.08
2.91
1.44
1.04
1.34
1.65
0.85
1.25
0.71
1.03
0.99
0.87
1.05
1.3
1.65
1.58
3.2
1.26
3.24
2.79
1.24
1.88
2.34
2.04
1.19
1.58
1.81
2.33
4.15
1.11
1.02
2.46
1.3
1.75
0.93
1.46
0.89
1.15
1.21
0.79
1.6
1.3
1.14
1.14
0.9
1.94
2.13
3.59
0.93
1.64
0.75
2.56
0.91
1.68
4.95
1.98
1.51
2.01
2.06
1.11
0.98
3.13
0.99
1.75
0.96
1.82
1.94
1.35
1.03
1.51
0.99
0.92
1.33
1.05
1.68
1.31
2.56
1.49
1.45
0.93
1.18
0.84
1.4
1.59
1.15
0.92
1.05
1.06
1.17
1.35
1.3
1.26
1.23
1.21
0.98
1.04
1.22
1.26
1.08
0.79
0.61
1.26
2.74
3.46
2.74
1.76
0.51
0.88
1.11
0.91
1.17
2.14
0.58
0.65
0.66
1.13
1.01
0.74
1.56
0.91
2.4
1.14
0.77
0.68
0.56
0.88
0.62
0.9
0.75
0.5
1.4
0.85
0.66
0.72
0.82
1.15
1.26
0.98
2.07
0.9
0.74
0.75
0.94
1.39
0.95
0.85
0.99
0.77
0.9
1.3
1.58
2.11
1.56
1.11
1.3
1.36
1.04
1.07
0.79
0.92
0.67
0.63
0.85
0.86
0.45
1.1
0.88
0.79
0.72
0.88
1.17
1.21
0.9
1.06
0.9
0.89
1.1
0.91
1.6
1.15
0.99
0.53
1.37
1.41
0.71
1.01
1.29
0.93
0.73
0.69
1.03
0.74
0.69
0.96
1.05
1.11
0.75
0.86
0.9
0.92
0.95
0.65
1.1
1.14
1.5
1.78
1.81
1.27
0.89
0.92
1.35
1.08
1.44
1.04
0.84
0.97
0.7
0.99
1.3
1.32
1.16
1.04
0.64
0.82
1.03
1.62
2.97
1.28
1.12
1.51
0.64
1.46
0.73
0.87
1.14
1.11
0.43
1.04
1.34
2.6
1.84
1.7
1.49
1.26
1.67
1.91
1.73
2.5
4.15
3.76
3.26
2.27
2.07
2.74
4.01
1.54
1.72
2.37
2.33
5.51
2.49
2
1.93
1.26
2.48
1.42
1.96
3.17
2.69
1.86
3.85
3.43
2.34
3.47
4.09
2.52
1.52
2.67
2.66
3.38
3.39
1.82
2.65
1
2.22
2.78
3.27
4
3.52
1.31
2.05
3.1
2.82
2.34
4.06
1.66
2.94
2.63
2.78
3.3
4.11
1.19
1.83
1.36
2.16
2.34
3
3.64
3.88
4.2
4.56
2.57
2.93
2.21
1.87
2.26
1.38
2.29
2.05
1.3
1.22
1.84
2.49
1.82
2.65
1.58
0.86
3.99
4.34
1.81
3.08
3.32
3.35
1.88
2.82
3.82
4.18
2.05
3.71
1.34
1.92
1.73
2.81
2.02
3.35
5.09
6
2.64
3.55
4.99
5.82
3.69
4.97
3.48
5.17
5.97
4.94
2.73
1.68
1.9
1.54
3.59
1.96
4.2
2.23
2.43
1.87
1.8
1.69
1.06
0.89
0.57
0.43
0.88
2.12
3.13
2.49
2.63
1.56
1.32
2.72
1.58
1.64
2.09
3.25
3.56
1.2
2.88
3.58
1.58
2.49
2.68
2.46
3.04
2.55
2.7
2.45
2.08
3.06
1.6
1.64
1.34
1.93
2.75
2.22
2.1
2.95
2.47
1.67
1.49
1.32
1.09
2.66
2.06
2.48
2.16
2.26
3.29
3.24
2.55
2.87
2.56
2.94
3.15
2.18
2.08
1.85
1.43
1.56
1.14
4.13
5.24
5.5
4.18
3.93
2.53
3.81
3.48
3.73
1.82
1.08
1.59
2.63
2.98
1.6
1.11
3.87
3.64
1.97
3.17
3.81
2.69
2.21
2.29
1.92
2.76
3.21
1.73
2.2
1.98
2.1
1.95
1.94
1.74
2.04
2.74
2.13
-99
-99
2.32
1.4
1.75
1.86
2.91
3.24
4.64
4.22
2.3
2.88
1.16
2.5
1.8
2.28
2.53
3.06
1.43
2.09
3.9
1.42
2.89
2.99
3.26
1.84
2.43
1.62
2.89
2.33
3.2
4.74
4
1.59
2.65
1.99
0.89
1.19
1.78
1.1
1.05
2.22
2.6
1.95
2.58
2.25
2.1
2.71
2.27
1.69
1.75
1.91
2.97
2.43
2
1.19
1.35
1.53
1.81
3.1
1.31
1.24
1.8
1.63
2.67
2.12
1.3
1.1
2.01
1.76
2.74
2.18
1.3
1.78
1.2
2.66
2.34
2.18
1.6
1.69
2.42
1.91
1.69
2.18
2.29
2.14
2.07
1.6
2.08
1.86
1.31
1
1.78
1.1
1.71
1.38
1.99
2.01
2.1
0.86
1.57
1.42
2.07
1.73
1.81
1.67
1.64
2.69
4.08
4.82
2.56
3.67
4.01
3.49
2.05
1.29
1.86
1.24
1.79
2.72
2.38
2.29
2.73
1.93
1.97
2.02
1.82
2.99
1.68
2.57
1.36
2.39
1.73
1.13
1.09
1.94
3.56
2.48
0.94
2.6
1.08
1.43
2.11
4.07
3.01
2.26
1.92
2.38
3.19
1.9
4
2.56
2.71
2.1
0.95
1.49
2.41
1.52
1.3
1.95
2.09
2.8
5.7
4.68
4.2
4.42
3.12
6.5
3.8
3.77
5.05
4.3
2.13
3.25
3.27
3.46
3.65
2.7
1.74
1.57
2.33
2.78
6.16
3.74
2.34
3.22
3.4
3.32
2.18
1.93
2.02
1.33
3.06
5.72
4.63
2.04
1.98
2.18
6.36
2.78
3.82
5.91
8.12
5.15
2.75
1.89
1.85
1.86
2.02
4.54
5.05
6.69
5.74
3.48
2.74
2.1
1.25
0.93
0.76
1.33
1.68
1.07
3.22
1.86
2.04
1.96
1.08
1.26
1.22
2.95
2.72
1.83
2.58
2.84
2.35
1.97
2.15
3.9
2.56
4.66
7.53
6.18
2.53
1.38
1.93
1.52
2.08
3.11
4.17
1.95
2.9
2.35
2.23
2.72
2.68
4.26
2.01
2.28
1.49
1.27
2.14
2.83
1.79
1.29
2.17
1.5
2.34
4.06
2.45
2.28
1.5
2.39
3.01
1.71
2.33
2.01
2.16
4.05
4.15
2.04
3.22
4.7
7.85
5.54
2.57
4.47
6.48
2.86
2.39
3.36
2.17
2.33
1.85
2.24
1.72
1.47
2.37
3.55
1.93
0.92
1.42
1.82
1.71
2.39
3.12
2.07
2.81
1.79
1.97
2.12
2.97
4.42
4.98
3.48
2.61
2.3
1.5
1.28
1.03
0.95
1.52
1.77
2.03
1.21
4.3
2.18
1.34
1.28
1.18
2.11
2.62
2.28
2.93
3.2
2.13
2.51
1.29
1.3
2.27
3.74
2.96
4.15
4.05
2.61
1.44
2.57
2.5
1.79
2.23
2.03
1.34
2.4
4.13
3.21
2.93
1.51
1.84
2.38
2.35
2.04
2.32
1.22
2.21
2.26
2.2
1.91
1.54
1.78
2.31
1.83
2.37
1.43
1.09
1.49
1.15
2.19
3.21
3.39
1.34
1.47
1.83
1.98
1.34
1.16
2.41
2.86
2
1.76
1.9
1.94
2.39
1.43
1.73
1.09
1.07
3.07
1.87
1.5
0.8
1.48
1.08
1.01
0.82
1.17
1.45
1.7
1.98
2.16
1.47
1.02
1.41
1.38
2.21
1.77
1.39
1.15
1.57
1.83
0.95
1.27
1.48
2.81
1.71
0.77
1.47
1.3
1.77
1.55
0.99
1.88
1.68
1.63
1.04
1.5
1.22
2.68
1.88
1.35
1.71
1.94
3.3
2.37
1.6
1.91
1.16
2.01
1.27
1.04
1.63
1.3
1.43
1.25
2.27
1.37
1.58
1.03
1.44
1.53
3.09
1.92
1.09
1.24
2.03
2.03
2.07
1.39
1.91
1.64
1.92
1.65
2.22
2.26
2.58
2.19
1.84
1.9
1.74
1.39
0.86
2.15
2.03
1.93
1.17
2.01
2.53
1.19
1.38
2.06
2.68
5.16
3.5
2.92
2.75
1.53
2.48
2.11
3.9
3.43
2.88
2.41
2.54
2.09
2.22
2.12
1.22
2.13
3.94
1.73
1.91
3.14
2.44
1.37
1.14
1.93
1
1.23
2.14
2.46
2.85
3.16
3.96
3.15
2.22
1.78
2.22
2.15
2.13
2.11
0.71
2.37
3.03
2.87
2.55
1.83
1.57
1.03
2.79
1.38
0.95
1
2.73
1.75
0.64
1.2
2.2
2.28
1
1.54
1.69
2.19
1.15
1.44
2.93
4.26
2.38
1.26
1.76
2.83
3.53
3.33
3.72
5.98
3.41
4.22
5
3.82
2.32
6.02
1
1.85
2.03
1.59
1.89
1.14
2.17
2.09
2.26
2.23
2.61
2.28
5.38
4.18
3.12
4.96
3.96
5.52
2.74
2.74166666666667
3.47916666666667
2.025
2.90208333333333
2.25
1.75416666666667
2.40625
2.00416666666667
7.12916666666667
3.56041666666667
3.26458333333333
3.83541666666667
4.48125
3.56041666666667
3.46458333333333
2.1125
3.42916666666667
2.425
3.41458333333333
2.93333333333333
2.73333333333333
5.625
3.83541666666667
4.35625
2.49791666666667
2.30208333333333
1.66041666666667
2.21875
3.51666666666667
3.675
5.98125
6.98958333333333
2.91458333333333
3.44583333333333
1.53125
3.46458333333333
2.95625
2.73958333333333
2.80833333333333
4.47083333333333
4.01041666666667
2.39791666666667
2.06666666666667
1.48125
1.22083333333333
1.70208333333333
4.65833333333333
1.63958333333333
2.45
1.92291666666667
2.4375
4.85208333333333
1.58541666666667
1.36041666666667
0.808333333333333
1.37916666666667
0.889583333333333
1.37916666666667
1.11458333333333
1.54375
2.80416666666667
1.57916666666667
0.870833333333333
1.0375
1.41458333333333
2.09166666666667
1.81875
2.67708333333333
2.62916666666667
2.55416666666667
1.35625
2.85208333333333
2.55208333333333
1.98125
2.24375
3.25416666666667
2.00416666666667
1.67083333333333
2.86458333333333
2.16875
2.59791666666667
1.38125
2.10416666666667
2.07708333333333
2.15208333333333
1.66666666666667
1.13541666666667
1.77291666666667
1.23125
0.795833333333333
0.883333333333333
2.99166666666667
1.82083333333333
1.0625
2.975
1.92916666666667
1.35625
2.18958333333333
0.797916666666667
1.00625
1.87708333333333
2.22083333333333
1.34166666666667
1.09375
1.53541666666667
2.35
2.0125
2.35833333333333
1.41666666666667
1.09166666666667
1.38333333333333
2.34166666666667
1.2125
1.34166666666667
1.64166666666667
2.59166666666667
1.42916666666667
0.808333333333333
0.820833333333333
1.39791666666667
2.88333333333333
1.8875
1.05416666666667
2.14375
1.98958333333333
2.68958333333333
1.5125
2.14583333333333
2.52083333333333
2.67708333333333
3.26875
2.8625
3.48958333333333
2.5375
3.13125
2.54583333333333
1.70208333333333
2.68541666666667
1.69791666666667
2.41041666666667
3.0125
1.2875
1.17916666666667
2.61666666666667
1.06875
1.70833333333333
1.775
1.5125
1.86458333333333
1.34166666666667
1.24166666666667
1.20625
1.72708333333333
1.66875
1.60416666666667
1.13333333333333
2.57291666666667
1.6625
1.55833333333333
1.11041666666667
2.05416666666667
1.21458333333333
1.30625
2.27916666666667
2.71666666666667
1.33958333333333
1.28541666666667
2.10833333333333
1.21041666666667
1.21041666666667
2.05833333333333
2.73541666666667
1.93125
2.3625
1.775
2.20416666666667
2.11458333333333
1.98958333333333
0.997916666666667
0.91875
1.32291666666667
1.99375
2.02916666666667
1.45
1.1125
2.02083333333333
1.85416666666667
2.07083333333333
1.77708333333333
2.41818181818182
3.1
1.13958333333333
1.48541666666667
3.06875
2.04583333333333
1.29166666666667
1.67083333333333
1.79791666666667
1.78125
3.27291666666667
2.775
2.11875
2.85625
2.5625
1.30208333333333
1.51041666666667
1.38958333333333
2.55
1.49583333333333
1.73958333333333
1.55416666666667
1.80625
2.05208333333333
1.03125
1.98541666666667
1.88333333333333
1.9625
1.11666666666667
1.46666666666667
1.16458333333333
1.10625
1.35208333333333
2.26666666666667
1.27916666666667
1.83541666666667
1.9
1.92083333333333
1.7625
1.8625
1.65625
0.90625
2.04375
2.5625
1.11041666666667
1.22083333333333
0.864583333333333
1.05833333333333
2.58333333333333
1.79375
0.997916666666667
1.18333333333333
0.841666666666667
1.13125
2.6
2.96666666666667
1.425
1.32708333333333
2.01041666666667
1.66666666666667
1.25
1.1625
2.03333333333333
1.10416666666667
1.74375
1.48541666666667
2.575
1.62083333333333
1.98958333333333
1.88541666666667
2.19375
1.35625
1.84791666666667
1.95625
1.27916666666667
2.99375
3.58958333333333
2.75
1.36041666666667
2.65416666666667
1.37708333333333
2.15416666666667
1.28541666666667
1.31041666666667
0.866666666666667
1.95208333333333
3.63541666666667
2.10625
2.13125
1.07083333333333
1.13125
1.36041666666667
0.7875
0.802083333333333
1.98958333333333
1.22708333333333
1.0125
1.71875
2.14791666666667
1.15208333333333
0.814583333333333
0.854166666666667
2.61041666666667
3.69375
1.1125
0.889583333333333
1.87916666666667
1.38958333333333
0.95625
1.65416666666667
1.33541666666667
1.64375
1.84791666666667
3.50416666666667
1.9
2.5
2.81041666666667
2.42291666666667
1.76666666666667
1.68333333333333
2.975
3.8
1.32083333333333
3.06458333333333
4.4
4.70208333333333
2.95208333333333
1.825
1.625
1.66666666666667
3.1625
2.34791666666667
1.67083333333333
0.61875
0.908333333333333
1.01875
1.69583333333333
2.34583333333333
1.82916666666667
2.49166666666667
2.65833333333333
4.07708333333333
4.6875
2.82083333333333
1.76458333333333
2.56041666666667
3.96875
2.04375
4.16458333333333
5.89583333333333
3.925
2.63125
4.24166666666667
4.79166666666667
6.52708333333333
1.69375
1.7125
2.12083333333333
1.28333333333333
1.21666666666667
1.03125
0.59375
0.760416666666667
1.68125
1.91666666666667
1.68541666666667
0.88125
2.46458333333333
2.82708333333333
2.14791666666667
2.37708333333333
3.28958333333333
4.89583333333333
4.35833333333333
2.64166666666667
1.47916666666667
2.30833333333333
1.6875
1.50208333333333
1.98125
3.28958333333333
3.4125
2.35416666666667
3.45833333333333
4.89583333333333
1.87916666666667
1.58541666666667
1.19166666666667
1.68541666666667
1.18333333333333
2.38541666666667
1.84583333333333
2.26041666666667
1.91875
0.679166666666667
1.34375
1.64166666666667
1.48541666666667
0.939583333333333
1.01041666666667
1.34166666666667
2.15833333333333
1.90625
2.27083333333333
1.68958333333333
2.47291666666667
2.80416666666667
3.7125
3.02340425531915
2.68958333333333
1.6625
1.63125
2.02291666666667
1.89166666666667
1.26875
1.98333333333333
1.81875
1.35625
1.975
3.36875
2.88958333333333
3.25625
2.48333333333333
2.00416666666667
2.94791666666667
1.58958333333333
2.84583333333333
2.65
1.59583333333333
2.08333333333333
3.01875
0.941666666666667
0.9625
1.23958333333333
1.80625
1.45416666666667
1.85833333333333
2.1875
1.84791666666667
2.275
0.747916666666667
0.641666666666667
1.17708333333333
1.17708333333333
2.12708333333333
0.99375
2.22708333333333
1.375
3.11041666666667
6.16458333333333
6.36041666666667
3.57916666666667
3.93541666666667
3.68958333333333
2.11458333333333
1.5875
1.72916666666667
2.46666666666667
3.94166666666667
2.58333333333333
4.1875
2.90208333333333
1.48958333333333
3.31458333333333
2.85625
1.66458333333333
4.525
4.5125
1.56458333333333
1.625
1.43333333333333
2.25
3.26041666666667
2.97083333333333
1.9625
2.25833333333333
2.33958333333333
5.16041666666667
3.80208333333333
2.72916666666667
1.6875
2.16666666666667
1.02916666666667
1.39583333333333
1.175
2.83333333333333
3.21875
2.59791666666667
3.22916666666667
2.9125
1.98541666666667
1.83333333333333
1.05833333333333
1.75416666666667
1.42083333333333
1.18125
0.891666666666667
1.25625
2.18958333333333
2.24583333333333
1.975
2.33125
1.88541666666667
1.12083333333333
1.17708333333333
2.6625
3.05625
1.33125
0.675
1.25416666666667
2.26041666666667
1.67083333333333
1.49166666666667
0.960416666666667
1.20416666666667
1.46666666666667
2.475
2.93541666666667
1.66875
1.2375
2.52291666666667
2.13541666666667
1.6125
2.39166666666667
1.7375
1.61875
1.0375
1.62916666666667
1.40208333333333
1.6625
1.17083333333333
1.73541666666667
1.76458333333333
1.56875
1.34791666666667
1.08125
1.69583333333333
2.48333333333333
1.69166666666667
1.73958333333333
1.39166666666667
1.95416666666667
1.8625
1.59583333333333
1.46875
1.76458333333333
1.00833333333333
1.94583333333333
1.67291666666667
2.1375
2.16458333333333
1.05416666666667
1.29375
1.61458333333333
2.41875
2.01875
1.34166666666667
1.125
1.13125
1.64166666666667
1.12083333333333
1.375
2.74791666666667
2.6625
2.10208333333333
2.3125
2.28333333333333
1.85208333333333
2.10833333333333
1.80208333333333
1.71458333333333
1.725
1.21041666666667
1.75208333333333
0.995833333333333
0.927083333333333
1.4125
2.1625
2.71041666666667
0.970833333333333
2.21875
1.01458333333333
2.21666666666667
1.81875
1.28958333333333
1.03541666666667
1.46458333333333
1.73125
1.6625
2.62916666666667
2.19166666666667
1.85833333333333
2.48181818181818
1.61875
1.49375
1.16041666666667
1.22708333333333
2.21041666666667
1.77291666666667
2.2875
1.65833333333333
2.83125
1.84791666666667
0.69375
1.76041666666667
2.34791666666667
2.3875
2.26041666666667
1.59583333333333
0.997916666666667
1.83333333333333
2.08125
2.03125
2.11875
1.59791666666667
2.31458333333333
2.02916666666667
2.01458333333333
1.90416666666667
0.760416666666667
0.979166666666667
2.1
1.15
1.11875
1.49791666666667
1.36666666666667
2.00833333333333
1.35
1.32291666666667
1.04583333333333
1.75208333333333
2.28333333333333
2.51875
1.60416666666667
1.04583333333333
1.4125
1.18333333333333
1.2375
0.91875
1.37291666666667
1.93125
1.16666666666667
2.2375
1.37291666666667
2.18125
2.94791666666667
2.9625
1.88333333333333
2.19791666666667
2.37291666666667
2.32916666666667
1.55208333333333
0.914583333333333
1.51041666666667
2.00625
3.43125
2.17291666666667
1.19791666666667
0.877083333333333
2.46458333333333
1.61041666666667
2.26666666666667
1.26041666666667
1.925
0.9375
0.977083333333333
0.920833333333333
1.40625
1.64791666666667
2.26666666666667
1.85833333333333
1.70625
2.12916666666667
1.41666666666667
1.19375
1.01666666666667
1.05833333333333
1.31666666666667
0.5
1.45416666666667
1.57083333333333
1.19166666666667
2.9875
5.14583333333333
3.24583333333333
2.025
1.48333333333333
2.62916666666667
2.525
1.36458333333333
2.72708333333333
1.78541666666667
1.34166666666667
1.97916666666667
1.75416666666667
1.95416666666667
2.04791666666667
1.80833333333333
2.725
2.21458333333333
2.77916666666667
4.45833333333333
2.08125
2.38536585365854
2.75
2.19583333333333
2
3.57916666666667
1.81315789473684
1.03225806451613
1.88837209302326
1.94042553191489
2.16739130434783
1.87777777777778
1.90555555555556
1.34791666666667
1.20833333333333
1.79375
2.08541666666667
3.1093023255814
2.06875
2.37083333333333
1.33958333333333
1.87083333333333
1.56041666666667
2.43333333333333
1.00833333333333
1.59791666666667
3.26458333333333
3.15833333333333
1.85416666666667
2.74583333333333
3.38333333333333
2.43958333333333
1.86458333333333
1.80625
1.96875
1.5
1.9875
2.75833333333333
2.00416666666667
