20000101
1.86
2.03
1.86
1.43
1.5
1.96
1.6
1.55
0.99
1.19
1.3
1.81
1.65
2.35
3.65
2.13
1.68
2.18
2.16
1.57
1.62
1.85
5.05
2.7
2.03
3.02
2.39
1.76
1.68
2.01
2.07
2.44
2.2
2.01
2.44
2.08
1.97
2.17
1.75
2.91
2.11
2.56
2.52
1.69
2.09
2.22
2.91
3.12
3.57
2.81
2.55
2.01
1.51
1.8
2.12
1.87
2.4
2.61
2.29
3.25
5.23
3.63
2.3
2.34
2.2
2.31
1.78
2.3
2.28
2.42
2.8
2.58
3.58
2.28
3.14
2.35
2.35
2.73
2.1
3.03
2.77
4.27
4.29
2.83
2.7
3.1
3.44
2.52
3.11
2.49
3.23
3.06
4.61
5.56
4.02
2.8
2.73
2.52
4.71
3.18
3.36
2.87
5.49
4.41
4.67
3.96
2.25
3.52
4.96
3.19
2.9
3.16
2.75
4.8
4.01
3.45
3.32
3.51
2.86
2.39
2.07
2.32
2.82
2.89
4.15
3.03
2.91
3.66
3.16
5.75
2.92
2.3
2.49
2.72
2.41
2.15
2.18
3.01
2.34
4.4
3.21
1.87
2.52
2.96
2.29
2.45
2.61
3.98
2.95
2.1
2.84
2.92
2.03
2.7
2.27
2.46
3.36
3.05
2.27
2.55
3.2
5.9
2.54
2.04
1.62
2.15
3.99
3.07
3
3.24
2.4
2.59
2.28
2.26
3.07
3.46
3.01
2.9
4.35
2.75
2.84
2.6
2.71
3
3.06
3.97
2.85
2.96
3.93
2.67
3.23
3.15
3.27
2.9
2.79
3.03
3.54
3.77
2.29
2.53
3.3
2.74
2.9
2.95
3.6
3.55
3.29
3.64
3.06
3.74
3.11
2.91
2.6
3.5
3.87
3.31
3.21
2.58
2.2
2.54
2.87
2.73
2.46
3.38
3.89
2.95
2.74
3.34
2.91
3.21
2.52
3.2
3.77
3.65
2.96
2.78
4.02
3.19
3.5
3.41
4.48
2.63
3.71
3.15
3.61
3.58
3.65
2.64
2.15
2.48
2.18
2.09
2.32
2.19
2.37
2.81
2.76
2.51
3.36
3.08
2.45
3.21
2.46
4.02
2.4
2.27
2.26
2.61
2.06
2.26
2.36
3.03
3.39
3.03
2.18
2.47
2.11
1.73
2.37
2.3
1.92
2
2.2
3.22
4.61
1.76
2.06
1.92
1.89
1.45
2.03
1.81
1.98
1.92
4.94
4.28
4.45
3.58
1.97
2
1.57
2.1
2.2
4.99
2.27
2.83
3.65
3.7
2.31
4.06
7.42
5.37
3.65
2.56
1.94
2.07
2.19
3.36
2.5
2.35
1.8
1.94
1.8
1.73
2.28
2.16
2.59
3.47
1.65
1.75
2.53
1.55
1.73
2.04
1.71
1.85
2.5
1.73
1.82
1.77
1.61
2.38
2.9
2.5
1.91
1.49
1.44
1.45
2.23
1.76
1.95
1.59
1.83
1.59
2.34
3.47
4.3
4.26
2.4
3.26
4.33
1.97
3.83
3.56
4.96
2.97
1.83
4.14
3.35
3.69
3.2
2.89
1.71
2.72
2.52
2.79
1.83
4.6
1.71
1.69
1.9
2.48
1.52
1.81
2.04
1.76
1.67
2.48
3.94
5.38
3.98
4.23
1.87
2.14
5.14
6.43
2.86
5.25
1.82
1.91
3.86
3.25
2.69
1.78
4.82
2.89
2.18
2.03
1.82
1.77
3.95
6.48
3.17
2.14
2.37
1.83
1.76
1.66
2.21
2.29
2.52
4.05
3.03
4.02
4.45
3.94
2.77
6.19
4.97
2.3
1.92
3.18
4.87
2.1
2.28
3.05
3.61
3.46
2.32
2.59
3.04
4.16
3.53
3.8
3.92
7.31
4.95
3.69
4.67
4.92
2.91
2.98
4.03
3.69
3.94
2.38
2.46
3.02
2.99
3.88
3.37
3.28
4.02
5.51
2.93
3.43
6.29
4.59
1.98
2.75
3.36
3.23
3.48
2.99
3.33
3.37
4.28
4.11
3.61
4.09
4.23
3.67
2.91
-99
3.41
3.68
-99
-99
2.16
2.74
2.3
2.45
2.45
1.99
2.74
5.53
2.58
2.57
2.54
3.79
4.49
3.69
2.71
2.26
3.56
4.54
2.35
2.5
2.56
2.51
2.28
2.39
2.48
1.95
2.28
2.34
3.38
2.84
3.41
2.74
2.8
2.85
2.97
2.86
3.07
3.17
2.91
2.61
2.3
2.87
3.35
3.52
3.79
3.7
2.34
2.23
2.55
2.8
3.13
3.09
2.95
3.28
3.55
3.32
2.73
2.67
2.67
3.04
2.67
3.98
2.78
3.8
3.72
3.51
3.22
3.22
2.83
3.84
3.98
3.29
4.22
3.42
2.86
3.64
4.34
2.47
2.81
2
2.45
2.3
2.05
2.3
2.62
2.49
3.12
2.34
2.79
2.36
2.8
3.44
3.08
3.6
4.26
2.78
3.39
3.56
2.78
3.16
3.08
1.99
2.68
3.47
2.94
4.28
3.2
2.8
2.31
2.96
2.75
2.53
2.83
2.66
2.54
2.48
2.24
3.02
3.75
3.45
2.65
2.43
2.56
3.54
3.37
2.24
2.22
2.55
2.78
2.52
3.14
2.79
2.04
3.12
3.37
2.71
2.9
3.49
2.73
2.27
1.71
2.02
1.69
4.11
2.02
2.85
2.2
2.31
1.83
1.77
2.55
2.57
2.46
2.45
2.66
2.82
2.29
4.56
3.61
2.25
3.5
2.45
2.35
2.64
2.19
2.18
2.1
2.19
2.39
2.05
3.49
3.6
2.38
2.59
1.85
1.78
2.08
2.76
1.58
2.12
2.2
1.38
2.77
3.9
1.98
1.85
1.35
1.62
1.5
1.68
5.17
5.9
7.15
1.95
2.64
5.14
10.48
6.52
4.46
2.53
1.44
1.57
1.74
1.69
1.73
1.63
1.61
1.38
1.52
1.73
1.67
1.59
1.48
1.48
1.64
1.27
1.8
1.56
2.16
2.49
2.01
3.42
1.93
1.67
1.61
2.93
4.86
1.41
1.58
1.51
1.68
2.05
1.62
1.68
2.02
1.59
1.53
1.93
1.85
1.57
2.24
1.82
2.44
2.15
1.28
2
4.08
1.2
1.39
1.58
1.62
1.97
1.78
1.88
1.89
1.72
1.82
1.67
2.52
2.15
2.09
1.78
1.76
1.94
2.34
2.66
2.88
2.13
1.95
1.48
1.65
1.6
1.79
1.83
1.81
2.39
2.2
2.62
2.94
4.38
4.72
2.01
2.32
1.82
1.81
2.14
1.98
2.89
2.03
1.25
1.88
2.18
2.19
2.23
6.78
2.9
1.94
2.29
2.06
1.78
2.84
3.41
1.72
2.35
2.59
6.45
6.24
2.36
1.78
2.1
2.38
2.03
2.67
2.72
5.44
3.84
3.16
2.91
3.43
3.21
2.1
2.54
2.49
2.56
2.78
2.65
1.96
2.43
3.24
6.04
4.36
2.34
2.16
2.51
5.82
5.23
4.62
2.62
2.8
3.26
3.81
3.29
3.48
5.21
3.36
4.2
2.13
2.93
3.1
2.96
3.15
2.83
2.78
3
2.73
2.62
2.67
2.9
3.23
2.97
2.87
3.29
3.91
2.53
2.84
3.53
4.33
2.82
4.52
9.82
7.79
2.43
1.88
2.19
2.86
3.74
3.27
3.03
2.74
3.19
3.48
2.54
2.87
3.24
2.27
2.84
2.43
4.29
4.03
3.46
2.77
2.85
2.77
2.58
2.56
2.44
2.54
4.41
2.99
3.18
3.4
1.84
3.07
2.9
2.47
2.44
2.46
2.72
2.58
2.35
2.55
2.4
2.57
2.09
2.45
2.21
2.59
2.26
2.51
2.23
2.67
3.33
2.95
2.44
2.53
2.89
4.81
3.78
3.29
2.55
2.45
3
3.13
3.95
2.55
2.99
3.09
5.54
3.91
1.89
2.55
2.68
2.78
2.64
2.83
2.81
2.89
2.97
2.72
2.41
2.34
2.36
2.86
3.34
2.92
2.78
2.09
2.99
2.84
3.25
3.22
2.64
2.16
2.9
3.28
2.96
2.59
2.36
2.43
3.07
3.41
2.66
2.38
2.95
2.97
2.66
2.53
2.45
3.5
3.04
3.42
2.11
2.18
2.06
2.38
2.25
2.65
2.08
2.45
3.04
2.86
2.43
2.23
1.85
3.28
2.72
2.14
3.79
3.37
2.16
1.94
2.52
2.68
2.01
1.91
2.14
1.87
2.26
2.67
2.9
2.49
2.22
2.36
2.15
1.89
2.54
1.88
1.15
2
2.09
2.11
1.59
2.21
1.71
3.09
2.8
2.49
1.71
1.75
2.87
2.68
4.09
3.91
2.18
2.59
1.93
3.45
5.96
2.21
2.8
3.42
1.66
1.54
1.55
1.8
2.35
1.62
1.74
1.74
1.63
1.99
1.96
2.36
6.46
4.14
2.03
1.99
1.51
2.29
4.71
3.25
1.91
1.86
1.58
1.6
2.05
2.59
3.8
3.02
1.26
1.93
2.19
1.79
1.56
2.43
2.04
4.21
1.82
2.34
3.5
2.24
4.98
1.72
1.65
1.64
1.4
2.92
1.61
2.22
1.84
2.25
1.79
1.59
1.66
2.03
3.51
1.84
1.42
1.31
1.5
2.04
1.65
2.79
2.6
2.51
1.68
2.16
2.54
1.65
3.27
5.48
2.33
1.54
3.66
1.81
1.72
1.43
1.44
1.54
1.57
1.18
1.57
1.74
2.05
2.45
1.63
2.01
3.46
4.71
2.25
5.46
4.02
1.95
3.01
2.44
2.01
2.47
3.47
8.89
2.8
1.85
3.56
6.39
4.16
1.89
2.01
2.15
1.99
2.57
1.67
1.26
2.08
2.38
2.63
2.27
2.79
1.49
1.73
7.16
4.27
2.14
1.59
2
5.26
5.7
3.07
2.87
3.35
2.6
2.16
2.09
2.9
2.35
1.95
2.37
2.12
2.1
2.47
2.06
2.79
2.54
4.61
2.66
2.19
3.42
3.24
2.07
2.95
3.78
2.92
2.45
2.18
2.08
2.76
4.7
2.91
3.73
2.37
2.66
3.85
8.31
2.95
2.4
4.29
2.88
2.23
3.3
3.87
4.02
4.17
3.97
6.44
8.23
6.85
2.53
2.39
2.54
3.5
2.67
3.08
2.86
2.7
3.61
2.71
4.46
2.96
2.61
4.95
2.84
3.46
2.81
3.43
4.04
8.68
5.15
2.27
2.68
2.3
3.13
3.39
3.71
3.24
3.23
2.29
2.05
3
4.3
2.7
2.2
2.22
2.75
3.25
2.78
2.94
2.11
1.77
2.19
2.37
2.12
2.81
2.34
2.27
2.39
2.12
2.88
2.12
2.07
2.63
2.71
2.62
2.94
2.68
2.5
3.42
3.2
2.54
2.38
2.42
2.97
2.99
2.98
3.05
2.79
3.18
3.21
3.13
3.25
2.6
4.78
5.16
4.06
3.78
4.04
3.04
2.86
3.15
3.9
3.03
2.81
2.53
2.84
2.48
3.89
2.77
3.51
3.18
2.98
3.52
3.56
3.39
3.02
3.23
3.59
4.01
3.14
3.07
4.05
2.79
3.33
2.87
2.21
2.76
2.74
2.58
3
3.61
3.1
2.6
2.8
2.96
2.66
2.55
2.5
2.81
2.77
2.75
3.06
3.29
2.88
3.43
2.96
2.87
3.3
4.15
3.14
3.03
3.23
2.54
6.45
4.27
4.11
3.45
2.08
2.46
4.35
3.54
2.48
1.99
3.19
3.94
2.71
2.1
2.02
1.82
4.85
3.82
2.31
2.19
2.28
2.04
2.08
2.14
3.05
2.56
2.66
1.81
1.85
1.59
3.08
2.64
1.65
3.59
2.68
3.84
2.69
2.79
2.14
2.14
1.81
1.75
1.76
1.7
2.04
2.04
3.92
6.05
7.47
7.26
5.13
2.44
4.25
1.84
3.02
3.57
2.24
1.88
2.07
2
2.51
4.96
4.13
4.54
1.68
1.85
1.81
2.08
2.66
1.82
1.9
1.4
1.82
2.04
1.55
1.45
1.71
1.49
2.02
3.21
1.6
1.55
1.95
3.33
2.25
1.75
3.33
2.35
2.24
2.6
3.85
2.1
1.71
2.17
1.69
1.59
1.92
3
4.1
1.99
2.64
2.82
2.27
3.05
1.39
1.41
1.34
1.72
1.81
1.71
2.12
1.55
1.48
1.7
1.47
5.47
4.85
2.27
1.66
1.73
1.67
2.23
2.63
2.35
4.31
1.85
6.81
2.86
2.13
1.66
1.49
1.58
2.25
2.02
1.84
1.43
2.85
2.81
1.71
1.68
1.71
3.59
5.35
3.09
2.67
2.32
1.45
1.91
1.51
1.69
3.13
3.8
3.23
2.07
5.64
3.96
2.08
2.14
1.65
1.9
1.67
2.04
2.08
1.4
1.74
2.25
2.1
2.38
1.97
1.63
1.62
1.98
1.4
1.99
2.24
6.3
3.35
3.37
2.89
2.03
1.61
1.58
3.71
3.15
2.3
3.8
2.48
2.11
2.05
2.36
2.75
2.54
2.56
2.29
2.26
2.85
2.35
3.3
2.32
3.02
5.12
2.87
2.13
2.56
2
3.63
3.12
4.56
2.88
2.88
2.66
2.33
4.96
10.14
3.53
1.83
3.3
2.92
2.89
2.73
2.72
2.71
3.22
2.54
2.79
2.58
2.4
2.37
3.47
2.82
4.4
9.67
3.89
5.45
4.56
2.71
3.66
3.13
2.71
2.35
3.18
2.96
2.98
3.23
3.44
4.01
2.18
2.64
7.53
3.38
3.39
4.67
3.65
3.31
2.98
2.76
4.64
3.86
2.8
2.03
2.61
2.62
3.34
2.58
2.46
2.73
2.38
2.97
2.22
3.4
2.65
2.54
2.43
2.62
2.39
2.31
2.48
2.12
2.58
2.79
2.67
2.32
2.69
2.3
2.25
2.25
2.2
3.1
2.68
2.97
3.18
3.93
2.2
2.4
3.47
3.4
3.22
2.86
2.79
3.56
3.05
2.16
2.24
2.65
2.89
2.44
2.34
2.76
3.08
3.4
2.75
2.52
3.29
3.76
3.85
3.49
3.24
3.51
2.33
2.65
2.18
2.33
2.73
2.18
2.65
1.86
2.37
2.19
2.13
2.24
2.98
2.6
2.41
1.99
2.09
3.55
2.21
1.98
2.11
2.64
2.89
3.15
2.57
1.95
2.28
2.07
1.94
2.5
3.07
4.22
3.54
2.13
2.47
2.58
2.18
3.38
4.24
4.76
2.77
3
3.26
3.23
4.24
2.28
2.75
2.63
2.08
2.85
2.15
1.94
3.58
3.57
2.36
2.34
5.04
4.64
2.79
2.28
2.32
2.69
2.28
1.93
2.67
2.52
2.36
1.84
2.04
2.62
2.33
1.95
1.83
1.81
2.31
3.21
2.47
1.98
2.09
1.91
2.32
2.15
2.43
2.53
2.5
2.06
2.48
2.17
1.97
3.39
4.37
2.66
2.22
2.2
2.7
3.54
4.09
2.08
2.35
4.46
3.79
2.58
2.57
2.89
2.46
1.96
2.54
3.19
3.43
3.56
2.12
2.08
2.03
2.18
1.8
2.17
1.35
1.53
1.62
1.58
2.09
3.6
2.48
3.75
2.74
6.39
1.85
1.6
1.67
1.62
1.94
1.56
1.72
1.49
1.32
1.33
1.37
1.45
1.9
1.89
1.48
1.51
3.51
3.64
2.8
3.41
2.16
1.7
4.83
3.79
4.93
1.87
3.59
3.43
2.15
1.92
1.76
1.96
2.19
2.65
2.22
1.97
1.53
1.77
1.73
1.9
1.66
3.44
1.99
3.62
9.19
2.25
2.19
0.98
0.8
0.83
1.16
1.04
1.37
1.2
1.02
1.22
1.02
0.76
0.98
1.47
1.18
1.18
0.78
0.8
1.65
3.03
1.54
1.61
0.93
0.83
3.07
4.85
2.96
1.33
1.09
2.81
1.15
1.09
1.43
1.19
1.17
1.15
1.09
2.02
3.01
3.29
1.74
1.29
1.06
1.08
2.33
3.95
3.73
2.41
1.21
1.1
1.68
2.07
2.4
0.98
1.19
1.9
1.2
1.57
1.58
2.05
2.45
2.28
2.39
1.24
1.9
2.54
4.46
1.55
1.17
1.19
1.24
1.25
1.32
0.91
0.98
1.34
1.44
1.28
1.34
1.19
1.27
1.42
1.27
1.4
1.01
2.05
1.94
1.66
1.61
1.66
1.2
1.24
2.84
2.19
2.08
0.92
1.36
1.69
1.35
3.71
5.28
2.81
1.19
1.15
1.55
1.49
1.68
2.15
1.88
2.84
1.71
1.24
0.99
1.57
1.86
2.06
1.7
1.58
1.27
1.82
1.64
1.52
1.31
2.11
1.27
-99
-99
-99
-99
-99
-99
2.23
1.14
1.24
1.67
2.09
1.59
2.21
1.5
0.89
1.22
1.18
1.38
1.44
0.85
1.16
1.08
1.28
0.97
1.39
1.23
0.81
1.17
1.3
1.46
1.61
1.42
1.25
0.94
2.23
1.12
1.46
1.23
0.97
0.6
1.13
1.11
1.49
1.3
0.81
1.21
1.49
1.41
1.29
1.23
1.68
1.18
1.05
1.25
1.62
1.89
2.4
1.8
0.91
1.31
1.48
1.43
1.56
1.49
1.8
1.57
0.93
0.99
1.22
1.35
1.21
1.6
1.69
1.32
1.89
0.99
1.06
1.33
1.24
1.48
1.4
1.39
1.1
1.1
1.25
2.05
1.79
1.51
0.8
1.31
0.97
1.1
1.33
1.48
1.39
1.14
1.29
1.22
1.21
1.26
1.36
1.56
1.73
1.44
1.31
1.04
1.27
1.47
1.88
1.18
1.25
0.77
1.17
1.36
1.12
0.72
0.98
1.26
1.32
1.16
1.26
1.14
1.13
1.63
1.55
3.26
1.39
0.68
1.62
1.61
1.18
1.23
1.25
0.84
1.78
0.86
1.24
1.16
1.09
0.93
0.83
0.6
0.96
1.4
0.84
0.78
1.14
1.14
0.92
1.09
1.69
1.76
0.85
0.94
1.08
1
0.85
0.99
1.11
0.42
1.22
1.95
1.66
1.22
1.29
1.2
1.07
1.03
1.06
1.11
1.39
1.18
1.01
0.65
0.79
0.89
0.89
0.87
1.26
1.19
0.68
0.85
0.87
0.91
0.7
0.9
1.09
0.94
1.34
3.82
1.39
0.92
2.82
2.84
-99
1.17
0.83
0.59
1.31
0.9
0.87
1.96
1.43
0.77
1.85
1.24
0.95
0.85
0.95
0.97
0.82
1.4
1.41
2
1.56
0.85
0.84
0.6
2
0.97
1.11
0.76
0.45
0.62
0.45
0.83
0.7
0.8
0.79
1.14
0.98
0.92
0.97
0.81
0.79
1.03
1.09
0.98
0.77
0.87
0.57
1.16
1.87
1.35
0.88
0.26
1.05
2.58
1.78
1.04
0.96
0.62
0.9
1.26
0.83
0.67
0.92
0.91
1.3
-99
0.72
0.51
0.68
0.91
1.36
1.18
1.16
1.73
0.66
2.54
3.56
2.25
0.91
1.04
1.08
0.66
0.79
0.72
1
0.83
0.9
0.62
0.64
0.92
0.92
0.69
0.81
1.48
2.79
2.96
3.57
1.14
1.51
1.6
1.08
0.84
1.46
2.93
2.06
0.98
1.03
2.08
2.63
4.06
3.24
2.84
1
1.37
1.21
3.13
2.91
1.54
1.26
0.86
1.08
1.51
1.5
2.8
1.39
1.24
1.93
1.44
2.21
3.51
1.69
1.41
1.51
2.25
1.13
1.14
1.59
1.56
1.82
1.41
1.7
1.59
1.04
0.95
1.31
1.28
2.12
1.5
1.26
0.91
1.5
1.73
1.55
1.06
1.25
0.9
1.26
0.92
1.3
2.06
2.78
2.25
1.28
0.86
1.05
1.18
0.94
1.56
1.17
3.18
2.93
2.02
1.16
1.56
1.69
1.15
1.13
0.83
1.02
1.15
1.11
0.92
1.35
1.06
1.33
1.93
2.73
1.16
2.33
1.55
1
0.79
0.73
1.08
1.28
1.3
2.07
0.96
1.2
1.48
0.97
0.98
1.23
1.22
1.42
1.32
1.34
1.09
0.81
0.85
1.04
0.96
1.61
0.99
1.93
1.44
1.27
1.82
1.32
1.41
1.16
1.39
1.74
0.96
1.58
1.48
1.22
1.42
1.5
0.96
1.4
1.21
1.92
2.04
0.67
1.2
0.9
0.86
1.01
1.15
1.23
1.04
1.59
1.76
1.39
1.17
1
0.96
0.41
-99
1.42
1.27
1.36
1.41
1.24
1.53
1
1.68
2.12
1.78
1.54
1.19
1.02
1.25
0.98
0.99
1.22
1.22
1.66
1.26
1.4
1.87
1.95
1.9
1.07
1.84
1.26
1.63
1.79
1.09
1.24
1.26
1.53
1.88
1.02
1.42
0.93
1.5
1.42
0.85
1.08
0.45
0.72
0.68
1.01
1.04
0.77
1.13
1.4
1.79
0.86
1.94
2.04
0.7
1.54
0.67
0.81
1.21
0.69
0.89
1.34
1.39
0.61
1.28
1.44
1.1
0.75
1.02
0.96
0.75
1.57
1.04
2.59
1.1
0.96
1.01
1
0.84
0.88
0.89
1.04
0.62
1.57
1.71
1.09
0.86
0.85
1.44
1.99
1.84
0.79
1.41
2.39
1.24
1.28
1.75
1.31
1.05
0.55
0.8
0.6
0.69
1.09
1.67
1.2
0.6
1.02
0.68
0.97
0.99
0.9
0.71
0.71
0.58
0.89
1.2
0.51
1.39
0.71
0.85
0.6
1.23
0.66
1.55
1.39
1.18
0.82
0.75
0.65
0.56
0.52
1.12
0.86
1.48
0.9
1.5
1.42
0.58
1.62
0.77
0.87
0.63
0.92
0.9
2.21
2.38
1.24
0.62
0.57
1.07
1.85
0.68
1.94
3.3
2.01
0.59
0.89
1.03
0.9
0.84
1.01
0.7
0.49
0.93
0.67
0.59
0.9
1.07
1.05
0.79
0.79
0.83
0.86
0.85
1.08
0.82
1.4
0.72
0.6
0.56
1.04
0.78
0.51
1.1
3.35
1.33
1.85
1.2
0.72
0.7
1.3
0.99
0.85
0.85
0.75
1.18
1.1
0.78
0.6
0.86
1.22
1.06
1.45
1.69
3.05
1.03
1.7
1.09
1.47
1.74
1.19
1.12
1.18
1.09
1.64
1.35
1.02
1.01
1.43
0.94
0.78
1.68
1.7
1.01
1.47
1.07
2.21
1.65
2.65
1.22
3.48
1.51
1.28
1.27
0.72
0.81
0.54
0.56
0.49
1.46
2.58
3.56
2.66
1.59
1.63
0.85
0.94
0.86
3.46
2.93
1.9
1.47
3.28
4.09
1.52
1.37
2.01
2.5
1.97
1.09
1.65
2.38
2.34
3.15
2.85
3.55
3.68
1.87
1.39
1.61
1.88
1.3
1.69
1.69
1.46
1.32
1.14
1.65
2.54
1.94
1.63
1.52
1.82
1.21
1.45
0.83
0.91
2.4
1.08
1.38
1.48
1.96
1.95
1.79
1.75
2.31
1.28
0.84
1.19
1.08
1.26
1.76
3.27
2.55
1.3
2.31
2.44
1.53
2.63
2.07
1.64
2.12
2.06
2
1.09
0.85
1.43
1.06
1.34
0.97
1.15
1.37
1.8
2.06
1.28
1.43
1.7
2.44
2.03
2.09
0.98
1.74
1.48
1.93
2.28
1.73
1.61
2.89
2.06
1.68
1.86
1.55
1.45
1.34
1.86
2.68
2.2
1.36
1.48
1.5
1.46
1.9
1.63
1.33
1
1.22
1.08
1.5
1.88
1.51
1.22
1.25
1.32
1.34
1.45
3.11
1.64
2
1.68
1.4
1.58
1.34
1.73
1.49
1.53
1.61
1.2
1.05
1.29
1.55
0.73
1.53
1.16
1.02
1.67
1.49
1.48
1.51
1.68
1.69
1.65
2.14
1.61
1.19
1.55
0.74
1.34
2.01
2.95
1.54
1.41
1.43
1.72
1.53
0.94
1.16
1.25
1.41
1.01
0.96
1.24
1.19
1.08
1.25
0.77
0.97
1.2
2.16
2.64
0.81
1.22
1.16
1.65
1.67
0.96
1.04
1.31
1.18
1.14
1.38
1.22
1.75
1.25
1.05
1.12
0.96
0.88
1.7
1.52
1.03
1.04
1.04
0.8
1.03
1.44
2.31
1.59
0.91
0.94
1.26
0.99
1.76
1.3
0.95
1.26
1.03
1.06
1.28
1.21
1.88
0.89
0.97
0.89
1.02
1.76
0.83
1.03
0.94
0.91
1.1
0.81
0.85
0.91
1.08
0.9
0.92
1
1.04
0.95
1.13
3.35
1.34
0.95
0.99
0.85
0.81
0.54
0.55
0.73
0.64
0.62
0.9
0.91
1.15
0.96
0.9
0.94
1.04
0.81
0.92
0.9
0.78
0.81
0.92
2.03
1.06
1.94
1.88
1.23
1
2.12
1.59
2.01
1.72
1.29
2.55
2.98
2.57
1.61
1.06
0.84
0.88
1.16
1.15
1.1
1.45
0.92
0.99
0.89
0.99
0.96
0.72
1.09
0.7
1.04
0.56
1.24
2.95
0.98
0.84
0.98
2.59
1.5
1.04
1.02
0.64
0.72
0.93
0.93
1
0.72
0.83
1.46
1.23
1
1.15
0.92
1.06
1.3
1.07
1.83
2.63
0.92
1.34
1.27
1.5
1.1
1.07
1.29
2.19
2.47
2.08
1.17
1.13
1.09
0.78
1.02
1.63
0.87
1.38
1.12
1.12
0.86
0.91
0.99
0.96
0.85
1.02
1.26
1.69
2.34
5.02
2.25
1.28
1.49
1.96
2.98
1.49
1.15
1.26
1.53
1.43
2.2
1.05
1.25
1.15
1.19
1.88
1.54
1.82
2.24
1.72
1.65
1.54
1.02
1.6
1.68
2.07
2.15
1.24
1.3
1.25
1.38
2.39
1.81
2.77
2.28
2.12
1.18
1.61
2.87
2.14
1
1.52
1.66
2.19
1.84
1.47
1.92
1.67
1.45
1.39
1.3
1.15
1.42
1.51
2.28
1.79
1.73
1.59
1.19
1.14
1.44
1.8
1.94
1.79
3.29
4.92
2.6
2.55
1.05
1.21
1.03
0.76
0.96
1.64
1.38
1.63
1.9
1.2
1.23
1.06
1.61
1.67
1.22
0.87
1.56
1.29
1.35
1.01
1.26
1.11
1.66
1.24
1.43
1.58
0.9
1.95
2.28
1.24
1.31
1.92
1.34
1.57
1
0.72
1.11
1.33
1.45
1.19
1.12
1.28
2.67
1.14
1.28
1.26
1.14
0.98
1.33
1.47
1.29
1.68
1.59
1.79
1.54
1.99
1.59
1.13
1.32
1.79
1.24
1.56
1.04
1.22
1.18
1.13
1.06
1.29
1.4
1.33
0.8
1.15
1.35
1.29
1.61
1.35
1.25
1.23
1.3
1.44
1.69
1.01
1.18
1.25
1.42
1.33
1.51
1.64
1.15
1.17
1.1
2.02
1.84
1.08
1.59
1.88
1.37
1.16
1.63
1.35
0.93
1.6
1.41
1.22
1.2
0.81
1.17
1.14
1.25
1.19
0.99
1.21
0.98
1.05
1.96
1.54
1.15
1.54
1.09
2.18
1.89
1.31
1.12
1.29
1.14
0.89
0.86
1.15
0.82
0.98
0.87
1.19
1.01
0.76
0.72
0.97
1.18
1.64
1.18
1.12
1.3
0.93
1.3
1.59
0.93
1.12
1.2
1.77
0.81
2.31
1.98
2.09
1.75
0.46
0.97
1.27
1.3
0.81
1.46
0.9
1.02
0.73
1.18
0.67
1.17
0.97
1
1.11
2.01
0.82
1.86
0.71
1.37
2.31
1.97
0.93
0.55
0.68
0.91
0.86
0.64
1.44
0.9
0.95
1.39
1
0.94
0.84
0.75
0.63
0.92
0.62
0.64
0.7
1.65
1.71
1.45
0.98
1.85
0.76
1.47
2.21
1.31
0.53
0.95
1.34
1.26
0.98
1.07
1.59
1.68
2.08
1.49
0.82
1.47
0.6
0.45
0.54
0.52
0.74
0.91
0.75
0.84
1.07
1.11
0.89
1.42
3.52
3.3
2.7
0.75
1
0.95
0.84
0.74
0.91
1.03
0.69
1.01
0.78
0.94
2.72
2.06
1
0.93
1
0.87
1.16
1.22
0.63
0.68
1.85
1.44
0.8
0.74
1.21
5.18
2.44
1.43
0.87
1.11
0.88
1.25
1.43
1.59
0.67
1.21
1.83
0.91
1.06
1.76
1.85
1.92
1.12
1.38
1.34
1.03
1
0.92
0.69
1.04
1.13
1.31
0.92
1.11
0.99
1.07
1.01
0.81
0.84
1.41
1.22
0.61
0.98
1.58
2.16
2.13
3.38
3.12
1.49
1.11
1.64
0.95
1.11
1.13
1.56
1.58
2.23
1.33
1.42
1.43
1.91
1.76
1.04
1.28
1.34
1.18
1.21
1.75
1.92
1.46
1.48
0.88
1.29
0.71
0.79
1.14
1.28
1.45
2.58
2.79
1.71
1.91
2.7
0.74
1.08
1.33
1.62
2.23
1.28
1.48
1.6
1.13
1.86
1.96
1.67
1.84
3.77
1.93
1.87
2.04
1.65
1.79
1.23
1.29
1.29
1.52
1.23
1.31
1.19
1.24
1.2
1.2
1.78
1.49
0.82
1.32
1.02
1.12
1.31
1.4
1.38
1.14
1.81
1.19
1.3
1.82
1.41
1.6
0.96
1.1
0.89
1.35
1.6
1.75
1.05
1.25
1.49
1.27
2.46
1.32
0.96
1.79
2.26
1.43
1.1
1.3
1.1
1.64
1.37
1.14
1.36
1.63
1.2
1.2
0.91
0.81
0.9
1.95
1.58
1.49
1.62
1.35
1.27
1.82
1.93
1.13
1.66
1.63
1.05
1.11
1.17
1.49
1.21
1.19
0.95
1.39
2.23
1.06
1.25
2.64
1.46
1.34
1.35
1.35
1.32
2.99
2.6
1.4
1.19
1.59
1.23
1.78
1.88
1.26
1.51
1.9
1.33
1.05
1.23
1.53
1.46
1.23
1.04
1.28
0.89
1
1.08
1.1
1.5
1.1
1.36
1.03
1.05
1.13
1.17
1.45
1.17
1.11
1.99
1.09
1.05
1.38
1.14
0.74
1.16
1.13
1.24
0.99
1.53
0.8
0.81
1.09
1.34
1.04
1.3
1.11
1.31
1.03
1.85
0.96
1.02
2.04
2.25
1.05
1.25
1.1
2.14
2.16
1.1
0.99
1.12
2.42
1.96
1.69
1.16
1.26
1.04
0.75
1.06
1.02
1.12
1.29
1.44
1.14
1
1.12
1.26
1.01
0.85
1.08
0.97
1.14
1.36
1.69
1.2
1.55
1.25
1.32
0.89
0.82
0.77
0.82
0.79
1
1.13
0.91
1.38
1.59
0.94
1.29
1.71
0.84
1.07
1.81
2.34
1.12
1.4
1.18
0.79
0.86
1.21
1.61
1.38
1.19
1.44
1.21
1.35
1.45
1.03
1.02
1.06
1.14
0.81
1.74
1.3
1.13
1.08
1
0.93
0.99
0.78
0.93
1.03
0.83
1.16
1.19
1.21
0.87
0.99
3.28
1.19
0.82
0.74
1.33
3.04
0.93
0.81
1.26
2.09
1.95
1.37
1.01
1.19
1.92
1.56
2.9
2.77
2.92
1
1.74
1.05
1.79
1.36
2.98
1.74
1.05
1
1.07
0.87
1.18
1.32
0.98
1.08
0.89
0.6
1.05
0.78
1.03
1.14
1.04
1.14
0.7
1.7
1.16
1.24
1.02
1.66
1.18
1.38
1.4
1.06
0.89
2.62
1.42
1.3
1.4
1.55
1.91
1.85
1.11
1.16
1.2
1.61
2.49
1.8
1.47
1.21
1.76
1.5
1.48
2.76
3.5
3.17
2.24
1.2
2.32
2.25
1.98
2.66
1.14
1.52
1.74
1.68
2.26
1.62
1.39
1.36
1.05
1.22
1.38
1.1
1.19
1.41
1.44
1.78
2.6
1.05
0.82
1.1
1.16
2
3.9
2.28
1.5
1.82
3.91
2.46
1.51
2.37
2
1.96
1.44
1.57
2.71
0.9
1.62
1.64
1.93
1.4
1.38
1.04
1.33
1.72
1.83
1.5
1.29
1.7
1.72
1.03
1.17
1.43
1.49
2.01
1.76
1.54
1.66
1.64
1.82
1.92
1.64
2.54
1.51
1.38
1.63
1.69
1.89
1.9
1.72
1.46
2.12
1.17
2.22
1.58
1.5
1.5
2.04
1.46
1.28
1.5
1.54
1.57
1.96
2.01
2.06
1.01
1.45
1.54
1.37
1.31
1.39
1.25
1.53
1.5
1.26
1.5
1.45
0.98
1.37
1.03
1.38
1.8
1.55
1.14
1.35
1.47
1.94
1.5
2.51
1.7
1.17
1.3
1.15
1.41
1.51
1.91
1.5
1.28
1.46
1.52
1.32
1.66
1.85
1.31
1.18
1.08
1.37
1.18
1.28
1.41
1.68
1.68
1.61
1.58
1.63
1.68
1.21
1.35
1.17
1.35
1.77
2.38
1.36
1.49
1.18
1.32
1.52
1.75
1.45
1.38
1.81
1.77
1.05
1.23
1.63
1.36
1.11
1.25
1.93
2.01
1.45
1.55
1.1
1.35
1.73
1.59
1.41
0.98
1.22
1.11
1.08
1.63
1.62
1.45
1.03
1.52
2.04
1.19
1.35
1.51
1.29
1.5
0.99
1.2
1.34
1.3
1.46
1.32
1.45
1.29
0.86
0.84
1.3
1.1
0.85
1.17
1.51
2.05
1.36
1.06
1.35
0.82
1.02
0.94
1.32
1.11
1.13
1.12
1.35
0.91
1.09
0.88
0.78
1
2.23
0.94
1.07
2.42
2.07
1.93
1.18
1.98
4.22
1.71
1.14
0.87
0.72
1.97
2.62
1.03
1.07
1.19
0.75
0.75
1.97
3.77
1.35
1.15
1.17
1.12
1.81
1.69
0.83
1.89
0.95
1.1
1.13
0.64
0.92
2.28
2.7
1.72
1.15
1.15
1.04
0.94
1.48
1.34
0.93
1.03
0.88
1.05
1.03
0.94
1.03
1
1.04
1.15
0.98
1.12
1.77
1.75
1.92
1.51
1.01
0.92
1.55
1.45
1.73
1.86
0.98
0.82
1.03
0.93
0.79
1.6
1.83
1.7
1.41
0.97
1.02
0.98
0.74
1.07
1.3
1.32
2.9
1.23
1.33
1.11
1.05
1.66
0.86
0.88
0.89
0.91
0.85
0.98
1.78
1.41
1.85
0.93
1.33
1.32
1.25
0.93
1.12
1.28
1.13
0.98
1.26
1.26
1.89
2.97
-99
0.9
1.02
0.97
1.14
2.71
2.6
1.65
0.8
0.72
1
1.29
1.05
1.19
1.11
1.27
1.45
1.18
1.26
1.27
1
1.07
2.25
1.05
1.08
1.7
1.11
1.28
1.21
1.13
2.07
1.96
1.16
0.85
1.23
1.61
2.85
1.64
1.75
1.21
1.35
2.92
1.37
1.6
2.37
2.93
0.96
1.27
2.04
3.29
1.16
3.14
3.09
1
2.14
1.31
1.26
1.23
1.5
3.01
2.86
1.64
1.37
1.4
2.18
1.83
1.46
1.28
1.55
1.64
1.64
1.92
1.34
1.24
1.6
1.3
1.49
1.55
1.4
1.18
1.57
1.11
1.44
1.47
1.36
1.19
1.39
1.27
1.69
3.99
2.87
1.24
3.36
1.51
1.02
1.41
2.06
2.3
2.23
1.33
2.44
1.39
1.47
1.44
1.9
2.98
1.6
1.38
1.84
1.42
1.86
1.49
1.66
1.39
1.13
1.32
2.35
2.39
2.54
1.49
1.4
1.35
1.5
1.26
1.91
1.85
1.57
1.47
1.36
1.25
2.39
1.03
1.01
1.32
1
1.3
1.38
1.59
1.72
1.69
1.7
1.31
1.79
1.45
1.38
1.63
1.58
2.35
1.68
1.2
1.41
1.72
1.59
1.46
1.1
1.3
1.28
1.2
1.53
1.29
1.39
1.43
1.85
1.71
1.41
1.97
1.77
2.07
1.61
1.84
1.37
1.53
1.61
1.34
1.83
1.51
1.52
2.36
2.15
1.56
1.87
1.72
1.86
1.23
1.49
1.68
1.62
1.75
1.11
1.28
1.36
1.09
1.32
1.68
1.35
1.45
1.46
1.65
1.79
1.12
0.91
0.98
1.28
1.56
1.55
1.38
1.08
1.24
1.19
1.1
1.19
1.44
1.28
1.93
1.24
1.01
1.9
1.32
1.4
1.41
1.36
1.42
1.22
1.41
0.86
1.2
1.54
1.74
1.68
1.16
1.14
1.48
1.59
1.05
1.37
1.33
1.15
1.12
1.35
1.91
1.45
1.05
1.15
1.51
1.28
1.27
1.39
1.3
1.57
2.2
2.68
2.18
2.01
1.2
1.28
1.67
1.42
1.23
1.32
1.32
1.08
1.21
1.34
1.54
1.39
1.35
1.22
0.81
1.07
0.92
1.33
1.16
1.35
0.85
1.15
1.15
2.76
1.64
1.01
2.29
1.98
0.86
1.23
1.22
1.74
1
1.01
1.27
1.67
1.1
0.78
0.94
0.98
0.88
0.64
1.34
1.56
2.83
1.65
0.84
0.96
1.84
2.18
2.73
3.35
1
1.18
1.32
0.89
1.38
1.3
1.37
1.07
1.25
1.34
0.9
0.73
0.65
0.97
1.1
0.88
1.04
0.87
1.15
0.99
1.08
1.12
1.01
3.4
1.23
1.71
1.33
1.51
1.31
1.1
0.73
1.09
0.94
1.25
2.06
1.2
1.51
1.55
1.06
0.86
0.88
0.98
1.03
0.92
2.15
1.17
1.05
1.14
1.08
1.33
1.05
0.99
0.89
0.9
2.78
1.76
0.95
1.08
1.23
1.28
0.93
0.93
1.09
1.22
1.67
1.12
0.84
1.45
0.96
1.07
1.12
0.78
1.72
2.78
1.35
4.05
4.56
1
1.05
2.01
2.65
1.68
1.65
1.45
1.5
1.65
1.28
1.09
1.26
1.71
1.27
1.3
1.28
1.33
1.24
1.69
1.04
1.4
1.44
1.46
1.55
1.27
1.47
1.91
2.13
1.53
2.91
1.65
1.36
1.41
1.23
1.5
1.58
1.44
1.6
1.77
2.29
1.47
3.96
4.38
1.54
1.69
2.06
1.51
2.97
2.28
1.8
1.53
1.49
1.97
1.8
1.76
1.14
2.04
1.09
1.62
2.06
1.73
1.29
2.06
1.9
1.23
1.68
1.64
1.91
3.73
1.57
2.74
2.63
2.03
2.37
3.03
3.25
2.17
2.01
1.61
1.94
3.1
2.24
2.05
1.54
1.47
1.77
1.26
2.58
1.7
1.89
2.19
1.45
1.62
1.25
1.4
1.52
1.63
1.81
1.26
1.37
1.92
1.75
1.26
1.67
1.29
1.3
1.44
1.11
1.14
1.53
1.47
1.36
1.81
1.37
1.29
1.12
1.63
1.66
1.39
1.6
1.5
1.48
1.97
2.62
2.04
1.94
1.46
1.64
1.49
1.69
1.39
1.44
1.27
1.86
2.22
1.66
1.48
1.33
1.27
1.28
1.7
1.49
1.81
1.7
1.21
1.4
1.38
1.54
1.7
1.81
1.71
1.6
1.61
2.08
1.64
1.89
2.46
1.71
2.35
1.56
1.44
1.58
1.76
1.8
1.76
1.36
1.46
1.53
1.4
1.56
1.73
1.74
1.88
1.85
1.54
2.27
1.81
1.55
1.69
1.58
1.86
1.42
1.33
1.55
1.51
1.96
1.6
1.47
1.35
1.87
1.88
1.61
1.43
1.42
1.84
1.73
1.71
1.79
1.83
1.9
1.68
1.75
1.44
1.24
1.3
1.67
2.61
1.29
1.24
1.06
1.13
1.5
1.25
1.43
1.63
1.28
1.19
1.75
2.2
1.31
1.06
1.25
0.81
1.06
1.21
1.88
1.14
1.1
1.75
2.98
2.17
1.37
1.49
2.64
1.64
0.67
1.23
1.1
1.6
1.24
1
1.06
1.15
1.27
1.33
1.34
1.34
1.26
1.19
1.84
1.34
1.31
1.27
3.3
2.33
2.79
1.49
1.87
0.94
1.09
0.75
1.85
2.12
2.02
0.68
1.32
2.13
2.2
1.88
1.71
1.4
1.55
0.87
1.22
0.93
1.04
1.43
1.43
1.12
2.73
2.33
1.15
1.06
1.22
2.49
0.72
1.04
0.7
0.7
1.34
1.47
1.06
1.3
0.96
2.1
3.82
1.51
0.87
1.14
0.92
0.91
1.34
1.2
1.18
2.32
0.9
0.92
1.02
1.23
1.34
2.71
2.45
1.41
1.03
1.12
0.83
0.82
1.12
0.86
0.95
1.08
0.94
0.81
0.93
1.03
1.35
0.95
1.2
1.01
1.25
1.09
0.86
1.03
1.07
0.98
0.91
1
1.24
1.06
0.94
0.94
1.07
2.1
1.2
1.25
0.88
1.51
1.16
1.18
1.89
1.36
1.78
1.27
1.29
1.01
1.62
0.95
1.01
1.05
1.95
2.67
4.06
1.07
1.45
1.76
3.2
1.15
2.52
2.09
2.21
2.34
1.77
1.12
1.03
0.99
1.03
2.14
1.14
1
1.24
2.14
3.9
2.46
1.89
1.4
2.15
4.4
4.98
1.1
1.3
3
4.53
2.62
1.93
2.27
2.15
2.48
2.71
1.73
2.24
3.33
2.65
1.95
1.79
3.69
1.5
1.87
2.24
1.53
1.47
1.54
1.99
1.71
1.34
1.64
2.49
2.61
1.63
1.73
2.02
1.57
1.69
1.76
1.27
1.66
2.25
3.01
2.5
3.22
2.84
2.05
1.55
1.44
1.47
1.62
1.54
1.46
2.24
1.59
1.45
1.36
3.74
3.93
2.88
2.11
2.3
2.68
0.94
0.77
1.59
1.37
1.37
1.61
1.51
1.61
1.55
1.5
1.87
2
1.41
1.24
1.19
1.2
1.34
1.31
2.49
1.63
0.96
1.09
1.97
1.75
1.29
2.07
1.36
1.08
1.68
1.38
1.33
1.95
2.4
1.55
1.34
1.68
1.38
1.46
1.23
1.72
1.94
1.55
1.48
1.27
1.87
1.81
1.46
1.51
2.43
2.3
1.38
1.78
1.66
1.02
1.98
1.32
1.34
1.12
1.2
1.4
1.53
1.23
1.07
1.24
1.37
1.09
1.18
1.23
1.37
1.3
1.27
1.16
1.48
1.56
1.25
1.83
1.68
1.81
1.71
1.6
1.74
1.58
1.63
1.51
1.49
1.23
1.48
1.3
1.64
1.92
1.6
1.27
1.22
1.52
1.48
1.3
1.55
1.44
1.43
1.39
1.44
1.47
1.01
1.24
1.41
1.71
1.26
1.01
1.23
1.41
1.1
1.64
0.99
1.28
1.23
1
1.76
1.37
1.57
1.61
1.21
0.85
1.25
1.3
1.14
1.22
1.52
1.25
1.15
1.04
1.19
1.53
1.57
1.3
1.95
1.28
0.86
1.51
1.98
1.28
1.43
0.8
1.2
1.13
1.31
1.4
1.2
0.9
0.77
1.08
1.16
1.36
1.98
1.5
1.58
1.93
2.18
2.33
1.41
1.36
1.05
0.93
0.91
0.9
1.88
1.93
1.3
0.86
1.54
1.19
1.08
0.79
0.72
0.9
1.13
1.8
2.14
1.31
0.99
2.03
1.39
1.6
0.7
0.88
0.84
0.95
0.9
1.74
2.22
1.13
1.01
1.35
0.97
1.35
0.88
1.31
1.1
0.7
1.1
2.53
4.44
2.49
2.96
1.15
1.79
1.52
2.02
1.5
1.04
0.91
0.91
1.51
1.15
1.01
1.06
1.33
0.55
1.38
1.13
0.92
0.7
1.29
0.97
0.93
0.96
1.14
0.88
0.92
0.89
1.01
0.95
0.84
1.11
0.7
0.78
0.84
0.98
1.14
1.84
1.87
1.43
0.96
1.19
1.06
0.99
0.89
1.86
1.28
0.97
2.26
1.45
1.11
0.94
1.14
1.08
1.04
1.21
0.59
1.34
0.92
0.96
1.6
1.98
1.03
1.14
1.02
1.14
1.07
0.94
1.43
1.26
1.12
1.57
1.91
1.3
1.37
1.03
0.78
1.56
2.16
1.83
2.84
1.59
1.86
3.79
1.94
1.67
2.05
1.81
3.08
2.75
-99
-99
1.29
2.64
0.91
1.08
1.46
1.33
1.42
1.13
1.99
1.79
1.48
2.26
1.2
0.93
2.98
2.24
1.34
1.51
1.17
1.73
2.31
1.65
1.52
2.8
1.77
1.56
1.4
1.31
1.36
1.55
1.2
1.45
1.07
2.31
1.64
1.49
2.71
1.03
1.57
1.94
4.85
3.16
1.27
1.3
2.6
3.37
2.15
1.71
1.52
1.8
1.84
1.12
1.64
2.04
1.73
1.5
1.68
1.53
1.64
1.36
1.76
1.73
0.95
1.02
1.18
1.62
1.13
1.83
2.05
2.13
2.01
1.53
1.6
1.63
2.03
2.24
1.17
1.58
1.49
1.38
1.37
1.62
1.94
1.44
1.94
1.65
1.36
1.13
1.22
1.07
1.64
1.43
1.98
2.44
2.33
2.44
1.31
1.07
1.26
1.56
1.53
1.4
1.48
1.16
1.22
1.55
1.21
1.67
1.11
1.31
1.71
1.54
1.14
1.67
1.39
1.38
1.27
1.75
1.27
0.82
1.66
1.84
1.48
1.08
1.33
1.59
1.22
1.19
0.71
1.89
1.55
1.67
2.03
1.52
1.53
2.9
3.09
1.8
1.47
1.52
1.26
1.47
1.44
1.48
1.14
1.35
1.56
1.17
1.13
1.09
1.39
1.34
1.58
1.82
1.28
1.25
1.74
1.22
2.09
1.57
1.57
1.26
1.52
1.27
1.81
1.8
1.63
1.43
1.85
1.23
1.61
1.28
1.6
1.83
1.85
1.37
1.56
2.25
1.62
2.23
1.77
1.44
1.5
1.5
1.34
1.14
1.84
1.21
1.89
1.52
2
1.66
1.35
1.83
1.15
1.3
1.22
1.31
1.12
1.18
1.56
1.85
1.22
1.73
1.76
1.58
1.4
1.33
1.16
1.44
2.05
1.46
1.21
1.15
1.24
1.28
1.49
1.19
1.3
1.1
1.13
1.04
1.22
1.78
1.12
1.38
0.99
1.61
1.22
1.43
1.96
2.09
1.58
1.63
1.38
1.41
1.21
1.3
1.81
1.51
1.62
1.89
1.26
1.45
1.2
1.33
1.44
1.46
1.27
1.19
1.31
1.41
0.97
0.76
0.74
0.98
1.23
1.04
1.28
1.78
1.57
1.24
1.08
1.19
1.19
0.9
0.7
1.04
1.28
1.35
1.3
2.45
2.31
1.36
1.24
1.15
0.97
0.82
1.37
2.5
2.71
0.86
1.29
0.87
2.4
3.82
3.85
1.44
1.08
0.73
1.19
0.86
1.27
1.32
1.4
4.53
1.06
1.23
0.81
0.66
1.54
1.74
0.82
1.02
0.97
0.7
0.87
0.9
1.28
1.2
1.29
1.19
0.98
0.9
2.47
3.73
1.22
1.09
1.48
1.03
0.96
1.07
1.49
1.11
1.38
1.18
1.1
1.21
1.04
1.08
1.3
1.22
2.29
1.62
0.98
1.62
1.27
0.82
0.86
1.36
1.42
2.02
4.99
1.07
1.29
0.99
2.7
1.77
1.49
2.38
0.83
1.13
2.66
4
1.2
0.88
1.29
1.45
1.42
1.21
1.36
2.12
1.6
1.38
1.86
1.33
1.43
1.4
1.56
1.88
3.29
1.68
3.28
4.25
1.23
3.39
1.3
1.21
1.23
1.95
2.54
3.83
1.57
1.37
1.43
1.4
1.53
1.54
2.16
1.6
1.73
1.37
2
2.37
3.55
3.56
4.8
4.17
2.29
3.33
3.18
1.56
1.36
1.6
1.81
0.96
1.48
1.45
1.9
1.17
1.14
2.07
1.81
1.21
1.87
1.39
1.61
1.48
1.89
2.2
1.48
1.88
1.72
1.36
1.49
1.85
1.7
0.97
1.63
1.49
1.84
1.54
1.74
1.2
1.3
1.64
1.64
2.01
2.61
2.23
2.28
1.5
1.96
1.93
1.79
2.2
1.65
1.33
1.5
1.54
1.66
2.91
2.96
1.76
1.38
2.15
1.44
1.65
2.69
1.55
1.48
1.08
1.64
1.6
1.31
1.7
1.4
1.81
1.77
1.7
1.53
1.23
1.49
1.42
2.11
1.94
1.27
2.05
1.77
2.76
1.86
1.38
1.62
1.27
1.17
1.36
1.38
1.66
1.22
1.87
2.52
1.54
1.74
1.36
1.6
2.19
1.33
1.28
1.38
1.5
1.32
1.48
1.62
1.7
1.7
2.2
2.25
1.41
1.56
1.79
1.61
1.37
1.51
1.59
2.06
1.52
1.89
2.09
1.43
1.8
2.11
1.6
1.98
2.17
2.11
2.11
2.46
1.8
1.26
1.4
1.46
1.51
1.44
1.61
1.51
1.59
1.76
1.45
1.54
1.22
1.2
1.23
1.76
2.02
1.13
1.76
2.01
1.4
1.53
1.1
1.36
1.19
1.97
1.93
1.79
1.71
1.57
1.22
1.28
1.38
1.49
1.56
1.8
2.22
1.11
1.28
1.14
1.06
1.16
1.19
1.06
1.31
1.14
1.41
1.24
1.6
1.72
2.38
1.45
1.52
0.99
1.21
1.77
1.82
1.13
1.27
1.24
1.4
1.41
2.66
3.12
1.3
1.43
2.51
1.66
2.16
2.77
1.5
1.06
1.13
1.27
1.58
1.14
1.1
1.08
1.24
1.04
1.51
1.04
1.11
0.96
0.96
1.07
1.29
1.09
0.79
1.16
1.11
2.63
1.38
1.23
2.36
3.43
4.16
1.49
1.04
1.11
1.43
1.33
1.19
0.95
1.15
1.56
1.17
0.73
0.94
1.38
1.2
1.26
1.11
1.18
0.87
1.54
1.41
1.96
0.84
1.13
3.18
1.19
0.9
0.85
1.06
1.17
1.07
1.15
1.16
1.06
0.88
0.88
1.12
1.08
0.88
0.96
1.11
1
1.04
1.14
1.21
1.32
1
1.06
0.73
0.81
1.11
0.88
1.31
1.22
1.03
0.84
1.14
1.04
0.87
1.25
1.44
1.63
1.67
1.1
1.27
1.8
0.93
2.77
2
4.21
5.53
1.75
1.73
1.05
1.51
4.88
0.98
1.09
0.92
1.19
1.38
1.11
1.41
1.47
1.33
0.76
0.86
1.19
0.85
0.92
1.01
0.95
1.11
1.66
1.35
1.27
1.64
1.82
1.41
5
2.37
1.89
3.48
3.15
2.28
3.18
1.68
1.21
0.82
1.31
1.21
1.31
1.88
1.22
1.47
1.62
1.36
2.98
2.34
3.13
1.2
1.99
2.01
2.32
2.47
1.14
1.16
1.93
0.92
1.18
1.35
1.32
1.31
2.46
1.8
1.83
1.89
1.29
0.58
1.48
1.35
1.45
2.28
1.71
1.3
1.3
2.61
1.74
2.67
1.73
2.64
1.12
0.74
1.76
0.9
2.37
1.34
1.46
2.13
2.24
2.09
2.14
2.05
2.96
2.44
2.21
2.79
2.75
2.13
1.66
3.77
2.21
1.66
1.34
1.87
1.9
2.51
1.56
1.52
1.76
1.76
3.64
1.66
1.6
1.35
2.22
1.88
2.3
2.18
2.63
1.04
2.07
2.16
1.56
1.46
1.65
1.49
1.33
1.99
1.49
1.43
1.74
1.63
1.91
1.84
1.83
1.82
1.53
2.05
2.25
2.23
1.52
1.52
1.51
1.87
2.1
2.02
1.82
2.03
1.6
1.49
1.76
1.77
1.65
2.1
2.6
1.92
2.41
1.89
1.46
1.46
1.27
1.2
1.5
1.8
1.75
1.49
1.66
1.77
1.84
1.89
2.09
1.89
2
2.02
1.44
1.44
1.72
1.72
1.98
1.5
1.46
1.61
2.1
2.22
1.56
1.38
1.29
1.45
1.42
1.61
2.02
2.02
2.53
1.35
1.32
1.58
1.71
1.9
1.43
1.41
1.73
2.4
1.71
1.77
1.44
2.09
1.94
1.51
1.45
1.55
2.28
1.1
1.06
1.05
1.44
1.38
1.35
1.67
1.86
1.58
1.74
1.92
1.34
0.99
1.53
1.63
2.06
1.68
1.46
1.71
1.13
1.34
1.3
1.34
1.82
2.05
1.99
1.7
1.17
1.15
1.13
1.11
1.83
1.48
1.24
1.18
2.06
1.98
1.32
1.28
1.06
1.39
1.3
1.36
1.45
1.49
1.5
1.51
1.19
1.36
1.88
1.19
1.15
1.34
1.47
1.36
0.96
0.96
1.87
1.17
1.38
1.72
2.08
1.77
1.48
1.74
1.05
1.62
1.06
0.78
1.11
1.06
1.72
0.99
0.62
0.93
1.1
1.43
1.04
1.11
1.02
1.15
1.14
0.87
1.55
1.1
1.2
1.17
2.41
1.51
1.08
1
1.12
0.8
0.96
0.93
1.01
1.42
1
1
1.01
0.85
1.26
1.76
2.15
2.01
3.4
1.11
1.01
2.1
2.61
1.23
2.39
1.52
1.22
1.47
1.39
2.07
2.49
1.55
1.65
0.88
0.71
1.19
0.88
1.3
1.19
0.99
1.23
2.82
2.31
1.64
3.22
1.13
1.1
0.95
0.8
1.09
0.73
1.34
1.48
1.54
1.09
1.07
1.09
0.93
1.13
1.11
0.88
1.2
1.06
1.4
1.23
0.79
1.33
1.17
1.28
1.98
2.55
1.96
2.05
2.77
0.97
3.62
4.85
5.72
5.05
2.04
0.98
1.33
0.93
2.27
1.64
1
1.23
1.33
0.9
1.78
2.63
3.61
3.64
3.41
1.14
2.4
1.4
1.06
2.29
4.85
4.36
1.53
2.26
0.81
1.1
1.53
1.62
1.05
1.19
1.09
0.81
1.34
1.18
1.29
2.23
1.13
-99
2.14
2.19
3.22
1.8
2.68
1.44
1.09
1.35
1.4
1.35
1.3
2
1.34
1.52
1.38
1.35
1.33
1.53
1.99
1.77
2.11
1.56
2.89
1.72
1.53
1.29
1.66
1.85
1.64
1.35
1.73
1.42
1.51
2.18
2
1.36
1.49
1.6
1.49
1.54
2.19
1.33
1.82
1.88
1.68
1.43
1.28
1.68
1.4
1.84
1.38
1.17
1.71
1.8
1.73
1.79
1.31
1.37
2.19
2.19
2.1
1.98
1.13
1.6
2.45
2.45
1.56
1.24
1.28
1.67
2.15
2.61
2.26
1.92
1.6
1.63
1.62
1.84
1.81
1.64
1.17
1.55
1.28
1.31
1.49
1.68
1.5
1.49
1.22
1.52
1.41
1.37
1.78
1.63
1.35
1.71
1.22
1.8
1.14
1.64
1.27
1.39
1.43
1.62
1.36
1.78
1.64
1.55
1.68
1.7
1.16
1.55
1.41
1.38
1.85
1.33
1.69
1.66
2.95
2.4
2.85
1.09
1.47
1.56
1.68
1.47
1.8
1.91
2.32
1.65
2.08
2.07
2.09
2.19
2.03
1.48
1.52
1.64
1.65
1.46
2.49
1.29
1.78
1.86
1.59
1.69
1.32
1.76
2
1.73
1.93
2.79
1.62
1.79
2.11
1.99
1.78
1.53
1.62
2.23
1.53
1.9
1.59
1.3
1.49
1.59
1.55
1.72
1.33
2.05
1.78
1.65
1.28
1.49
1.48
1.75
1.33
1.43
1.54
1.21
1.44
1.54
1.51
1.57
1.55
1.32
1.21
1.41
1.76
1.12
1.37
1.38
1.66
1.56
1.34
1.39
1.72
1.08
1.41
1.92
1.8
1.51
1.28
1.34
1.39
1.77
1.23
2.09
1.44
0.82
0.76
0.73
1.29
0.93
0.96
0.86
1.38
1.04
0.95
1.06
1.26
1.26
0.87
0.87
1.22
1.01
0.91
1
0.88
1.29
1
2.32
1.23
0.96
1.36
0.94
1.15
1.22
1.1
1.13
1.04
1.03
0.8
0.84
1.66
1.53
1.1
1.13
1.44
3.67
1.1
0.83
0.89
1.08
1.36
0.98
4.6
1.09
1.06
1.14
1.12
1.14
1.06
1.13
1.05
1.18
0.93
1.33
1.29
1.46
1.12
1.16
1.43
1.37
1.52
2.9
1.03
1.14
1.13
1.11
1.04
0.87
1.04
2.1
3.33
1.18
0.82
1.44
1.4
2.3
1.79
1.16
1.24
0.75
1.06
0.9
0.91
0.97
1.56
1.72
2.83
1.26
1.29
1.35
1.74
2.79
1.32
1.06
1.25
2.08
3.18
1.7
1.52
2.07
1.27
1.09
1.07
1.39
1.02
1.39
1.08
1.22
1.05
1.5
1.2
1
1.4
1.18
1.3
1.24
1.84
1.47
1.45
1.06
1.32
1.43
1.15
1.85
1.61
2.53
3.07
1.93
1.37
1.14
1.31
2.93
1.33
1.33
2.22
1.37
1.36
0.88
1.33
1.08
1.12
2.22
2.64
1.25
1
1.44
1.72
2.86
1.85
2.61
1.54
3.74
3.14
1.62
1.36
2.72
1.76
1.78
1.82
2.19
4.27
2.52
1.92
2.3
3.83
1.95
1.98
2.04
2.2
1.81
2.72
1.62
1.36
1.54
1.17
1.35
1.31
2.06
2.42
2.88
3.2
1.41
1.85
2.23
3.42
1.84
1.72
4.3
1.99
2.05
2.14
3.37
1.59
1.72
2.29
1.44
1.99
1.5
1.99
2.52
1.63
1.51
1.42
1.54
1.63
1.58
1.25
1.8
1.37
1.93
2.07
1.42
1.9
1.47
1.09
1.11
1.34
1.26
1.48
1.27
1.73
2.21
1.62
2.23
1.37
1.18
1.3
1.57
1.25
1.73
1.7
1.69
1.58
1.7
1.56
2.66
3.79
3.89
1.8
1.31
0.99
1.43
1.64
1.7
1.95
1.39
1.74
1.58
1.15
1.42
1.32
2.01
2.18
2.37
1.94
1.4
1.27
1.45
1.54
1.29
1.31
1.47
1.17
1.69
1.47
1.48
1.6
1.59
1.48
1.77
1.36
1.38
1.56
1.51
1.7
2.06
1.66
1.37
1.75
1.7
2.19
1.9
1.91
1.93
1.39
1.43
1.72
1.93
1.36
1.64
1.55
1.82
2.01
1.36
1.53
1.78
1.5
1.26
1.65
1.86
1.67
1.46
2
1.86
1.69
1.72
1.17
1.66
1.73
2.09
1.63
1.88
1.36
1.35
1.57
1.82
1.47
1.15
1.43
1.66
1.24
1.3
1.45
1.72
1.63
1.81
1.51
1.49
1.65
1.35
1.56
1.9
1.64
1.98
1.32
1.45
1.34
1.75
1.4
1.86
1.24
1.26
1.36
1.2
1.44
1.6
1.2
1.16
1.02
1.21
1.01
1.57
1.01
1.15
1.56
1.09
1.49
1.59
2.18
3.01
1.28
1.5
1.74
1.75
2.07
1.34
1.36
1.84
1.19
1.26
2.18
1.27
2.92
2.04
1.41
1.32
1.1
2.16
1.46
1.94
1.79
3.05
2.78
1.93
1.08
1.3
0.97
1.09
1.26
1.08
1.18
1.02
1.44
1.27
2.11
1.36
1.26
1.03
1.12
1.45
1.68
1.65
1.35
1.4
2
1.68
1.59
2.5
1.69
2.37
1.73
1.85
2.95
2.21
0.77
1.43
1
1.35
0.94
1.52
1.51
1.76
1.2
1.15
1.11
0.93
1.16
0.89
1.15
1.06
0.99
0.83
0.88
1.36
1.07
1.38
0.89
0.81
0.97
0.91
1.39
0.99
1.66
1.68
1.09
0.95
1.13
1.17
1.02
1.32
0.69
0.92
1.05
0.84
1.18
1.25
1.23
1.09
1.41
1.44
1.2
1.5
1.04
1.13
1.86
3.29
1.11
1.15
1.19
1.28
0.94
1.18
0.91
1.06
1.14
1.51
1.24
0.95
1.76
4.69
2.04
1.16
1.6
2.04
1.47
2.28
1.98
2.71
2.22
4.27
1.04
1.35
1.27
1.53
1.35
1.4
2.21
1.41
1.28
1.59
1.39
1.48
1.63
1.38
1.5
1.04
1
1.3
1.49
1.63
1.5
1.55
1.61
1.51
1.57
1.26
1.46
1.68
2.6
1.8
1.77
1.81
1.53
1.19
1.62
2.24
1.8
2.26
1.45
1.26
1.3
2.08
1.51
1.19
1.64
2.15
2.27
1.62
1.59
1.97
1.98
1.43
1.57
1.75
1.25
1.84
1.43
2.03
2.09
1.76
1.63
2.7
1.56
1.79
1.79
1.75
2.18
1.8
1.81
2.23
1.57
1.43
1.52
4.23
4.97
4.91
5.61
4.8
1.61
2.69
1.88
2.2
1.97
1.53
1.46
1.4
1.41
1.69
0.98
1.71
3.3
1.43
1.98
2.99
2.37
1.82
2.25
1.86
1.6
1.96
1.8
1.73
1.83
1.58
1.19
1.44
1.93
1.64
1.7
1.64
-99
-99
1.86
1.59
1.39
1.33
1.5
1.41
1.26
1.53
1.76
2.49
1.59
2.68
1.9
1.93
2.04
1.11
1.9
2.08
2.92
1.95
1.39
1.68
1.82
1.7
2.17
1.09
1.8
1.54
2.49
3.96
2.89
1.67
1.58
2.04
1.57
1.77
2.14
2.08
1.7
1.55
2.31
2.52
1.63
1.92
1.55
1.84
2.08
1.68
1.48
1.74
1.74
1.75
1.8
1.47
1.47
1.64
1.57
1.66
1.71
1.59
1.93
1.32
1.68
2.05
1.87
1.79
2.05
1.76
1.74
1.64
1.73
1.97
1.48
1.7
2.49
2.24
2.28
1.72
1.71
1.52
2.28
1.74
1.77
1.78
2.09
1.46
1.32
1.4
1.6
1.49
1.53
1.81
1.64
1.24
1.42
1.42
2.25
1.5
1.34
1.13
1.64
1.63
1.43
1.47
1.74
1.72
2.29
4.2
1.74
2.41
2.98
2.61
1.68
1.58
1.84
1.66
1.59
2.39
1.71
1.66
2.02
1.94
1.33
1.88
1.53
1.74
1.55
1.78
1.34
1.03
1.59
1.13
1.5
1.09
1.36
1.42
1.6
1.39
1.45
1.38
1.6
1.62
2.1
1.87
1.24
1.25
1.33
1.11
4.45
1.61
1.23
1.5
1.3
1.12
0.82
1.11
1.34
1.01
0.84
2.07
2.82
2.73
2.81
1.26
1.32
1.34
1.43
1.36
1.08
1.71
1.39
1.13
1.59
1.3
0.92
1.47
1.01
1.38
1.23
1.03
1.65
0.98
1.05
1.22
1.54
1.72
0.92
1.19
1.04
1.32
2.26
5.14
2.87
1.04
0.93
0.89
1.71
2.23
0.98
2.51
2.5
0.98
1.1
1.14
1.77
1.22
1.76
3.22
3.29
3.51
1.21
1.08
1.29
0.96
0.98
1.24
0.92
0.94
1.13
0.98
1.03
0.86
1.14
0.92
1.36
1.27
1.4
1.48
1.52
0.93
1.47
1
1.3
1.32
1.55
1.78
1.46
4.68
7.16
7.99
3.22
2.23
1.38
1.18
1.11
2.51
1.07
1.22
1.15
1.24
1.11
0.93
1.1
1.59
1.28
1.59
1.13
1.09
2.15
1.28
1.15
1.71
1.56
1.16
1.16
1.71
1.79
1.34
1.24
1.26
1.36
1.48
1.31
1.35
1.28
2.11
1.9
1.72
3.09
3.83
3.48
2.59
1.36
2.74
1.45
2.97
1.34
1.62
1.14
1.35
1.56
1.54
1.03
1.44
4.38
2.95
1.35
2.14
1.62
2.08
1.94
3.21
3.43
1.75
2.71
1.06
1.35
1.58
1.37
3.11
4.23
2.73
1.67
1.71
1.52
1.49
1.41
1.24
1.59
1.64
1.7
1.56
2.96
1.41
3.01
1.26
1.44
2.04
1.81
0.96
2.57
2.64
1.11
1.39
1.39
1.61
1.48
2.3
2.52
3.1
2.98
2.04
1.53
1.74
1.3
2.04
1.61
1.6
1.75
1.68
3.57
2
2.3
1.62
1.38
1.23
1.29
1.45
1.48
1.33
1.63
1.67
1.62
1.36
1.13
1.45
1.53
1.38
1.89
1.28
1.45
1.48
1.42
1.46
2.09
1.57
2.22
2
1.48
1.34
1.91
1.15
2.75
2.39
2.04
2.26
1.52
2.21
1.69
1.41
2.02
1.39
1.41
1.3
1.51
1.47
1.52
1.5
1.4
1.64
1.49
1.9
1.9
1.74
1.12
1.4
1.64
1.22
1.27
1.33
2.05
1.63
1.7
1.54
1.84
1.74
1.39
1.6
1.11
1.38
1.39
1.33
1.57
2.18
1.97
1.61
1.78
1.45
1.8
1.43
1.45
1.75
1.82
1.67
1.61
1.55
1.31
1.47
1.45
1.31
2.39
2.06
1.44
1.33
1.77
1.66
1.44
1.78
1.83
1.48
1.82
1.95
1.61
1.76
1.81
1.43
1.31
1.73
1.62
2.22
1.51
1.64
1.38
1.61
1.3
1.13
1.3
0.88
1.7
1.54
2.3
1.85
1.13
1.2
1.29
1.36
1.37
1.15
1.59
1.31
1.11
1.14
1.19
1.61
1.46
1.76
2.19
2.65
1.49
2.01
1.2
1.17
1.2
1.32
2.73
1.95
2.21
1.2
1.15
1.44
1.03
1.43
1.57
1.98
1.41
1.25
1.41
1.22
1.2
1.28
1.45
2.05
1.16
1.18
0.93
1.79
1.29
2.14
1.74
1.03
1.24
1.02
1.21
1.32
1.05
1.15
0.84
1.25
2.89
2.83
2.65
0.78
1.39
1.16
1.45
0.88
0.84
0.98
1.8
0.97
0.95
0.91
1.05
1.26
1.22
1.27
1.2
1.03
0.53
1.73
3.21
3.01
1.26
1.03
0.75
1.44
1.35
1.77
1.41
0.87
0.85
1.18
1.17
0.97
0.78
1.26
1.03
0.84
1.25
1.21
1.29
0.7
1.51
0.85
0.82
1.15
0.98
1.34
3.2
2.1
1.36
4.12
1.33
1.09
1.47
1.27083333333333
0.775
1.01666666666667
1.01041666666667
1.14166666666667
1.20416666666667
0.845833333333333
0.76875
4.225
2.09166666666667
0.789583333333333
0.897916666666667
0.739583333333333
0.7
1.27083333333333
1.09166666666667
0.979166666666667
0.9375
1.37083333333333
2.15
2.40833333333333
2.57291666666667
2.4125
2.41875
1.20833333333333
1.62083333333333
1.00208333333333
1.50416666666667
1.09375
1.86875
1.72291666666667
1.83958333333333
1.21458333333333
1.1625
1.05208333333333
1.84583333333333
2.05416666666667
1.15208333333333
1.48333333333333
1.98125
1.76666666666667
1.33958333333333
1.60416666666667
0.94375
2.02291666666667
2.11458333333333
2.2625
1.46041666666667
1.225
1.67083333333333
1.25416666666667
4.92916666666667
2.57083333333333
1.64375
1.28125
1.44375
1.09791666666667
1.3
1.77916666666667
2.16458333333333
1.93541666666667
1.11458333333333
0.9
1.22916666666667
1.30833333333333
1.15416666666667
0.895833333333333
1.22708333333333
1.19583333333333
1.825
1.4875
1.89583333333333
1.82916666666667
1.28297872340426
1.5375
3.29791666666667
1.94583333333333
1.51875
1.94791666666667
1.55208333333333
1.45
1.47083333333333
1.45744680851064
1.66041666666667
2.175
1.70416666666667
1.3875
1.55208333333333
1.4375
1.35
1.67708333333333
2.22916666666667
1.62708333333333
1.28541666666667
1.625
2.22083333333333
1.79375
1.93958333333333
0.991666666666667
0.966666666666667
1.5375
1.70833333333333
1.37916666666667
1.33958333333333
1.425
1.45
1.18958333333333
1.4875
1.98958333333333
1.0625
2.4625
2.82916666666667
2.43333333333333
1.74583333333333
1.95833333333333
2.25
0.922916666666667
1.16458333333333
1.29375
1.49166666666667
1.66041666666667
1.76041666666667
1.5125
1.63958333333333
2.09791666666667
2.4
1.7375
1.56666666666667
1.63333333333333
1.26041666666667
1.91666666666667
2.70833333333333
2.17291666666667
2.01458333333333
2.575
2.475
2.14375
2.47708333333333
1.81041666666667
1.31041666666667
1.83333333333333
1.99166666666667
1.14166666666667
1.95208333333333
1.73541666666667
1.06041666666667
1.38333333333333
1.44375
1.925
1.92708333333333
1.29166666666667
1.26875
1.71458333333333
1.55833333333333
1.99583333333333
1.4
1.27916666666667
1.7625
1.14375
1.62291666666667
1.57916666666667
1.70625
1.46041666666667
1.21458333333333
1.78125
1.72916666666667
1.43541666666667
2.76458333333333
1.38125
1.21666666666667
2.04583333333333
2.13333333333333
1.94583333333333
1.36875
1.34166666666667
1.71875
1.5375
1.59583333333333
1.97916666666667
2.44583333333333
2.19583333333333
1.44791666666667
1.575
1.94791666666667
1.77291666666667
1.65833333333333
1.77291666666667
1.83125
1.79791666666667
1.89583333333333
1.86458333333333
2.2375
2.16458333333333
1.9625
1.60208333333333
1.56041666666667
1.30833333333333
1.48333333333333
1.35416666666667
1.76666666666667
1.45
1.49375
1.55833333333333
2.11041666666667
2.33958333333333
1.8125
1.375
1.92083333333333
1.8125
1.64166666666667
2.12916666666667
1.62916666666667
1.59166666666667
1.8375
1.71875
1.56666666666667
2.14583333333333
1.725
1.75
1.73958333333333
1.25208333333333
1.39791666666667
1.6625
2.02916666666667
1.73958333333333
1.82708333333333
1.975
1.5125
1.45833333333333
1.28125
1.81875
1.66041666666667
1.53541666666667
1.8875
1.28125
1.50416666666667
1.33541666666667
1.60833333333333
1.85833333333333
1.54375
1.89166666666667
1.475
1.775
1.82916666666667
2.45833333333333
1.56458333333333
1.33333333333333
1.50833333333333
1.53958333333333
0.952083333333333
1.55625
2.11458333333333
1.45416666666667
1.51458333333333
1.27083333333333
1.41041666666667
1.53125
1.4875
1.4
1.58541666666667
1.44791666666667
1.13125
1.78125
1.11666666666667
1.97291666666667
2.42708333333333
1.29583333333333
1.20208333333333
1.34791666666667
0.860416666666667
1.4875
1.55416666666667
1.14166666666667
1.37083333333333
1.78541666666667
1.81666666666667
1.03333333333333
1.27083333333333
1.4625
1.225
1.15625
1.16666666666667
1.22916666666667
1.15833333333333
1.20833333333333
1.15833333333333
1.47291666666667
1.1125
1.3
0.983333333333333
0.7625
1.89583333333333
2.3625
1.3375
0.958333333333333
1.25625
1.40833333333333
1.425
1.34583333333333
1.78125
1.36458333333333
1.12708333333333
1.37083333333333
1.24791666666667
1.89583333333333
1.41875
1.17708333333333
1.02916666666667
1.2
1.29791666666667
1.09583333333333
1.13125
2.225
2.24166666666667
2.95
1.5625
1.29375
1.07708333333333
1.03125
0.729166666666667
0.822916666666667
0.935416666666667
1.26041666666667
0.96875
1.10416666666667
1.36875
3.6
2.69166666666667
1.76666666666667
0.935416666666667
1.20416666666667
1.47708333333333
1.70208333333333
1.11041666666667
0.791666666666667
1.87916666666667
1.14166666666667
1.19375
1.78125
1.43541666666667
1.78958333333333
3.40625
1.11666666666667
1.98333333333333
1.42916666666667
0.960416666666667
1.075
1.3
1.3375
1.23958333333333
1.09375
1.17083333333333
1.22708333333333
1.05
1.14375
0.825
2.06875
1.37708333333333
1.6375
0.989583333333333
1.59583333333333
1.26875
0.975
1.1625
1.47916666666667
1.12708333333333
1.07708333333333
0.925
1.41041666666667
1.95208333333333
1.19375
1.09583333333333
1.15
1.25833333333333
1.48125
1.43958333333333
1.01666666666667
1.44375
1.31041666666667
1.22916666666667
1.18541666666667
1.1625
1.1625
1.21875
1.44791666666667
0.9375
0.995833333333333
1.18958333333333
1.45416666666667
1.31458333333333
1.39166666666667
1.39791666666667
1.21458333333333
1.18958333333333
1.25
1.41666666666667
1.57291666666667
1.42291666666667
1.46041666666667
0.977083333333333
1.0625
1.00625
1.24583333333333
1.21666666666667
1.12916666666667
1.38958333333333
1.375
1.35
2.30208333333333
2.58958333333333
1.67916666666667
1.29583333333333
1.27916666666667
1.87916666666667
1.05416666666667
1.14791666666667
1.82291666666667
1.44583333333333
1.38541666666667
1.0875
1.06875
1.7625
1.62708333333333
1.38958333333333
1.9
1.61041666666667
1.24166666666667
1.38541666666667
1.45
0.95
1.14583333333333
1.72916666666667
1.5
1.6625
1.26875
2.44375
1.97083333333333
4.08958333333333
3.71875
3.95
3.21458333333333
4.36041666666667
3.40833333333333
2.34583333333333
2.57291666666667
2.38333333333333
2.79166666666667
2.91666666666667
2.93958333333333
2.99375
3.02916666666667
1.64166666666667
1.9875
1.70833333333333
1.8125
2.95833333333333
2.1875
1.83125
1.37291666666667
1.40833333333333
1.60833333333333
2.16041666666667
2.825
2.06458333333333
2.1875
2.02916666666667
3.41458333333333
3.77291666666667
3.03125
1.31458333333333
1.76041666666667
1.9375
1.76458333333333
1.52916666666667
4.45416666666667
1.32708333333333
2.05
2.975
2.48333333333333
2.49166666666667
1.68541666666667
1.42083333333333
2.09583333333333
1.28333333333333
1.7625
1.59428571428571
1.30833333333333
1.86041666666667
1.90833333333333
2.28333333333333
2.63333333333333
1.4375
1.60416666666667
1.6875
1.37916666666667
1.87291666666667
1.675
1.61041666666667
1.71304347826087
1.56578947368421
1.89791666666667
1.99791666666667
1.29166666666667
1.56458333333333
1.81041666666667
1.675
1.87916666666667
1.95833333333333
1.34583333333333
1.26666666666667
1.16875
1.39583333333333
1.74583333333333
1.6125
1.82708333333333
1.79791666666667
1.69583333333333
1.63333333333333
1.81458333333333
1.43125
2.20208333333333
1.9
1.67291666666667
1.39583333333333
1.19166666666667
1.33333333333333
1.52083333333333
1.70416666666667
1.88958333333333
2.06041666666667
1.69166666666667
1.64791666666667
1.63958333333333
2.025
2.06666666666667
1.44166666666667
1.68541666666667
1.36666666666667
2.14375
2.41875
1.82083333333333
2.07083333333333
1.27916666666667
1.91875
1.81458333333333
1.95833333333333
1.76041666666667
1.67291666666667
1.71458333333333
1.88333333333333
2.05416666666667
1.93541666666667
1.2125
1.54375
1.48333333333333
1.80625
1.74583333333333
1.62708333333333
1.70208333333333
1.49791666666667
1.67708333333333
1.62708333333333
1.94375
1.59166666666667
1.78958333333333
1.9
1.59375
1.925
1.73125
2.01875
2.12083333333333
2.02083333333333
2.24583333333333
1.21666666666667
1.53958333333333
1.4
1.79791666666667
1.93333333333333
1.73125
1.95208333333333
1.82916666666667
2.15208333333333
2.06458333333333
2.08958333333333
1.92083333333333
1.97916666666667
1.77083333333333
1.34791666666667
1.8125
2.32083333333333
2.70625
2.16666666666667
1.48333333333333
1.9125
1.19375
1.34583333333333
1.70625
1.75
1.36666666666667
1.175
1.64166666666667
1.82291666666667
1.625
1.8875
1.51041666666667
1.76875
1.77916666666667
2.07291666666667
1.85625
1.80625
1.87291666666667
1.44375
1.17083333333333
1.99583333333333
2.12708333333333
1.61041666666667
2.07708333333333
1.58958333333333
1.16875
1.225
2.2125
2.08125
1.82083333333333
2.18958333333333
1.61875
1.25208333333333
1.0625
1.39166666666667
1.40416666666667
1.56875
1.56458333333333
1.56041666666667
1.34166666666667
1.89166666666667
1.12708333333333
1.3125
1.68541666666667
1.2875
1.42708333333333
1.4375
1.5
1.23541666666667
1.36875
1.83333333333333
1.77708333333333
1.13541666666667
0.785416666666667
0.783333333333333
1.35
1.20208333333333
1.26458333333333
1.22916666666667
1.25625
1.29583333333333
1.18958333333333
1.22291666666667
0.904166666666667
1.36041666666667
1.53333333333333
1.51875
0.745833333333333
1.74583333333333
0.95
1.48125
1.33541666666667
1.37872340425532
1.25833333333333
1.09583333333333
1.225
1.15208333333333
1.53958333333333
1.82291666666667
1.70208333333333
1.26041666666667
1.26875
1.4125
1.075
1.01041666666667
1.17083333333333
2.57916666666667
1.60208333333333
1.36875
1.52708333333333
2.81666666666667
1.41041666666667
1.64166666666667
0.808333333333333
1.02916666666667
1.35
1.38125
1.74375
0.947916666666667
1.54791666666667
1.31666666666667
0.939583333333333
1.45625
1.225
1.20416666666667
1.05625
1.22291666666667
1.53958333333333
1.49791666666667
1.38333333333333
1.17708333333333
1.16041666666667
1.08333333333333
0.79375
1.56041666666667
1.34166666666667
0.758333333333333
0.827083333333333
0.81875
0.925
1.35416666666667
0.714583333333333
0.78125
1.20208333333333
1.98333333333333
1.7
1.02083333333333
1.21666666666667
1.5875
0.995833333333333
0.93125
1.04166666666667
1.38125
1.74791666666667
1.47708333333333
1.12916666666667
0.952083333333333
