20000101
0
0
0
0
0
0
0
0
0
0
0
0
0
0
0
0
0
0
0
0
0
0
0
0
0
0
0
0
0
0
0
0
0
0
0
0
0
0
0
0
0
0
0
0
0
0
0
0
0
0
0
0
0
0
0
0
0
0
0
0
0
0
0
0
0
0
0
0
0
0
0
0
0
0
0
0
0
0
0
0
0
0
0
0
0
0
0
0
0
0
0
0
0
0
0
0
0
0
0
0
0
0
0
0
0
0
0
0
0
0
0
0
0
0
0
0
0
0
0
0
0
0
0
0
0
0
0
0
0
0
0
0
0
0
0
0
0
0
0
0
0
0
0
0
0
0
0
0
0
0
0
0
0
0
0
0
0
0
0
0
0
0
0
0
0
0
0
0
0
0
0
0
0
0
0
0
0
0
0
0
0
0
0
0
0
0
0
0
0
0
0
0
0
0
0
0
0
0
0
0
0
0
0
0
0
0
0
0
0
0
0
0
0
0
0
0
0
0
0
0
0
0
0
0
0
0
0
0
0
0
0
0
0
0
0
0
0
0
0
0
0
0
0
0
0
0
0
1.61
2.7
2.18
2.34
2.06
1.76
1.73
1.58
1.64
1.46
1.46
1.33
1.66
1.65
1.9
2.44
4.45
2.59
1.45
1.59
1.46
1.43
1.45
1.39
1.68
2.95
3.33
4.21
6.12
3.71
1.85
2.12
4.25
3.07
2.36
2.32
2.93
2.46
2.32
3.16
3.75
4.25
2.92
1.84
1.39
1.23
2.01
3.95
3.66
3.67
2.83
1.58
1.1
1.68
1.14
1.48
1.3
4.39
2.61
1.17
4.75
3.17
1.05
4.6
4.14
2.37
2.81
1.67
0.93
1.11
1.14
2.75
1.91
4.16
6.21
5.11
2.42
2.86
2.43
1.6
3.87
4.93
2.3
4.6
2.43
1.21
1.53
2.55
1.17
2.77
2.83
1.19
1.2
0.99
1.25
1.49
2.05
1.9
1.04
1.05
1.81
1.84
5.08
3.87
2.13
1.88
1.03
1.65
2.24
3.58
1.6
1.59
1.77
1.49
3.91
4.73
7.15
5.19
3.48
1.2
2.19
2.18
3.06
0.96
4.01
4.25
4.82
1.31
1.15
1.27
1.5
2.2
1.14
1.01
1.07
1.77
1.04
3.91
3.49
1.81
1.24
2.08
2.08
2.74
2.48
3.78
4.39
5.8
6.18
5.84
3.9
2.63
2.45
2.57
2.33
1.27
1.38
3.05
5.42
2.25
1.31
1.23
2.99
1.87
2.26
1.54
3.22
3.07
3.76
4.32
3.28
3.13
3.5
2.51
5.49
3.56
3.71
6.63
2.34
1.24
2.32
2.12
1.52
1.21
1.66
3.54
2.65
2.18
1.42
3.61
6.54
3.59
1.5
1.32
3.35
3.29
2.63
2.2
2.24
2.54
1.46
2.5
4.64
3.7
3.09
2.31
5.55
5.2
2.32
1.78
1.77
1.69
2.28
1.73
1.65
5.75
8.61
4.18
5.93
6.67
5.46
3.13
3.71
2.66
3
2.26
2.13
3.37
4.69
5.95
3.84
3.37
2.43
3
2.23
2.01
3.51
2.31
3.54
2.51
1.98
1.57
2.73
5.42
5.31
3.85
2.42
1.62
2.61
2.76
1.47
1.64
1.54
2.37
1.82
1.6
2.54
2.64
2.7
2.33
1.89
1.8
1.72
1.9
2.1
1.78
1.8
1.63
2.09
1.71
3.06
3.31
2.62
2.18
1.73
3.15
2.4
1.76
1.7
3.07
3.65
2.25
1.79
1.75
1.67
3.7
4.98
3.37
2.26
1.94
1.79
1.58
1.69
1.68
1.59
1.83
2.47
3.13
2.01
1.65
2.14
1.82
1.87
2.26
1.89
2.54
3.15
1.85
2.07
2.11
1.89
1.84
1.65
1.95
4.34
1.57
2.12
2.96
3.63
3.74
1.96
1.64
1.56
1.5
1.64
1.53
1.39
1.96
1.7
1.61
1.49
1.43
1.71
2.33
2.2
2.77
2.65
1.65
2.08
1.86
2.76
2.46
1.78
1.82
1.88
1.59
1.72
2
1.59
1.46
2.04
1.64
1.61
1.39
1.56
1.72
1.61
1.74
1.67
2.86
3.88
3.19
3.84
2.73
2.43
2.2
2.77
2.75
3.78
3.35
3.19
2.78
2.31
1.76
1.75
2.72
3.7
3.41
3.95
2.78
1.66
1.35
1.33
1.65
1.8
2.61
2.37
1.81
1.87
1.82
1.27
1.46
1.5
1.44
2.12
1.79
1.17
1.67
3.75
2.49
2.26
1.26
1.23
1.71
1.24
1.39
1.65
1.52
1.64
1.6
1.78
1.99
2.14
1.75
2
2.02
1.52
1.35
1.23
1.24
1.23
1.04
1.2
3.46
2.14
1.43
1.39
2.23
4.25
3.4
5.59
4.92
4.11
7.03
7.35
5.78
4.98
6.32
2.13
2.35
2.05
3.98
3.57
1.7
3.31
5.57
2.73
2.78
2.77
3.34
4.34
3.37
2.8
1.99
0.97
1.31
2.62
2.39
3.33
1.78
1.45
1.24
1.94
1.46
1.37
2.65
3.38
5.2
5.34
1.97
1.55
1.32
2.9
4.43
3.17
1.88
3.93
2.8
5.24
4.28
2.81
3.31
3.07
1.64
2.09
1.69
0.95
4.04
-99
1.69
0.95
1.44
1.35
0.77
1.49
1.42
1.71
3.11
3.77
4.64
2.81
1.14
1.75
1.39
1.39
2.84
1.47
6.15
3.53
2.79
2.77
2.15
1.31
1.26
3.31
1.97
1.29
1.38
1.64
2.46
11.39
6.99
2.12
2.7
3.51
1.36
2.53
1.44
7.47
5
2.83
3.13
4.22
5.21
6.42
7.17
5.87
6.62
5.53
2.29
2.11
3.63
2.57
1.62
2.49
1.85
2.45
5.2
5.36
2.85
2.99
3.19
2.84
1.63
1.57
2.75
1.62
2.73
2.06
2.51
4.19
4.28
3.34
1.64
2.09
2.34
1.68
1.43
1.88
2.09
4.77
2.9
1.86
1.89
1.9
2.93
4.86
7.51
4.74
1.75
1.85
1.88
2.78
3.11
2.8
2.68
6.67
3.09
3.61
2.98
1.85
1.86
1.83
1.76
2.33
2.06
2.79
2.22
2.6
2.44
3.16
1.45
2.18
2.03
1.45
2.61
3.99
5.51
2.56
2.61
4.92
3.04
2.56
3.78
2.28
3.07
1.62
1.74
1.51
1.71
2.86
5.35
3.13
1.73
1.91
1.75
6.87
3.4
4.3
2.06
3.95
2.61
1.71
1.76
1.9
1.55
1.61
1.7
2.44
3.85
5.44
4.07
4.24
5.67
2.98
1.89
1.71
1.61
1.78
1.71
1.91
1.82
1.86
1.61
1.35
1.81
1.77
1.65
2.53
3.15
1.82
2.08
3.96
1.88
1.87
2.1
1.8
1.89
3.1
2.13
2.38
1.92
1.85
1.94
2.5
1.77
1.76
3.46
3.92
5.27
3.26
3.24
2.11
1.78
1.85
1.56
1.84
2.52
4.13
2.99
2.13
1.97
1.91
1.77
2.93
3.32
2.64
1.21
1.63
1.77
1.86
3.5
3.19
3.05
3.52
3.72
5.25
3.3
3.11
1.94
2.44
1.64
1.66
1.68
1.45
1.69
1.84
1.49
1.53
1.55
2.94
3.07
2.46
2.94
3.12
2.55
2.08
3.36
1.3
1.64
1.75
2.82
3.12
1.61
1.57
2.35
1.83
1.65
2.01
1.79
1.72
1.74
1.34
1.7
1.18
1.34
1.43
1.77
2.99
4.26
4.19
3.41
2.91
2.04
2.1
1.38
1.82
1.5
0.94
1.1
1.3
2.23
2.09
1.85
1.38
2.16
3.98
6.39
5.74
2.28
1.26
1.27
1.43
4.13
2.03
1.32
1.54
1.43
2.76
3.38
1.72
2.15
1.88
1.76
1.41
1.3
1.38
2.14
2.52
1.89
5.16
3.75
3.03
2.75
5.29
4.95
4.62
3.95
2.21
1.31
2.96
2.05
0.99
2.02
2.46
2.95
1.31
2.41
3
2.38
0.89
0.9
2.06
4.76
1.97
2.4
4.11
6.5
3.96
5.77
4.61
5.02
5.81
5.21
2.96
2.95
1.34
1.63
1.06
1.66
1.12
1.14
2.9
1.3
0.93
1.12
1.62
0.93
1.35
1.31
1.12
3.41
2.18
2.09
1.27
5.65
4.08
3.09
4.59
2.61
2.53
2.99
3.91
2.13
6.07
4.39
1.71
1.8
5.2
4.18
4.36
4.05
2.57
1.41
1.9
1.52
1.56
3.42
2.95
3.63
2.75
5.79
4.96
5.82
6.16
4.69
7.77
6.58
5.95
6.67
6.28
4.37
4.1
7.1
3.94
1.79
1.1
1.43
2.16
2.06
1.67
1.11
1.12
1.08
2.23
3.15
3.25
2.6
1.24
4.12
1.9
1.88
0.97
2.75
3.91
3.28
1.43
2.19
1.55
2.73
3.62
3.64
1.4
2.71
1.91
2
1.52
1.4
1.39
1.53
1.55
1.9
2.85
2.29
1.85
1.83
1.67
2.99
2.23
2.1
1.94
1.64
1.99
1.61
2.25
2.65
1.3
1.36
1.71
2.28
4.9
6.02
3.91
3.55
4.61
3.51
1.74
2.55
5.11
2.29
1.72
2.77
3.45
3.39
3.11
1.66
1.83
1.7
1.95
1.77
1.76
1.68
1.53
1.44
1.71
1.76
1.75
1.7
2.23
1.81
1.68
2.14
1.84
1.41
3.93
3.14
1.63
3.05
2.67
1.54
1.93
2.44
3.16
1.43
1.74
1.94
1.5
1.63
3.84
2.76
1.9
1.43
2.87
2.82
4.6
3.16
1.99
1.6
1.73
1.72
1.71
1.46
1.29
1.79
1.88
1.66
1.71
1.55
1.49
1.49
1.59
1.64
1.63
1.86
2.1
2.1
2.16
3.05
2.53
1.8
1.56
1.59
1.68
1.62
1.53
1.56
2.23
1.74
1.62
2.28
3.06
1.92
1.75
2.5
1.71
1.72
1.64
1.76
1.47
1.64
1.69
1.78
1.71
2
2.21
3.31
2
1.66
1.64
1.63
1.56
1.74
1.82
2.91
1.72
1.62
1.86
2.32
2.55
2.25
2.63
1.73
1.83
1.69
1.61
1.5
1.67
1.64
1.53
1.48
1.68
1.66
1.69
1.68
1.65
1.51
1.7
2.09
1.35
1.54
1.62
1.57
1.5
1.61
1.38
2.1
1.46
1.47
1.55
3.29
2.05
2.47
1.28
1.21
1.66
2.07
1.57
1.22
1.53
2.59
5.84
4.32
3.52
2.35
1.63
2.4
2.01
1.6
1.4
1.46
1.61
1.43
1.11
1.45
1.29
2.19
1.6
1.21
1.02
1.88
1.52
1.41
1.71
1.35
1.84
3.97
4.25
2.49
2.98
2.92
2.38
2.23
1.23
0.98
0.84
1.15
2.54
2.08
2.2
1.09
1.65
2.2
2.33
1.58
4.84
4.31
1.62
1.46
1.11
0.77
2.31
2.72
2.86
4.32
3.31
1.86
1.28
1.28
1.09
1.29
1.26
1.49
1.52
1.17
1.31
1.66
1.52
1.73
2.01
2.94
1.84
1.17
1.04
1.06
2.09
2.24
2.79
3.29
2.85
4.33
4.47
2.71
1.37
2.15
2.43
3.74
2.46
2.37
1.33
1.4
1.77
1.18
1.8
2.06
3.24
3
6.11
3.56
1.57
0.9
0.88
2.81
0.98
4.19
4.5
5.71
3.48
1.57
1.34
1.93
3.74
4.87
5.27
5.46
4.52
4.26
5.24
2.36
1.68
1.2
1.71
2.86
3.61
5.28
2.4
3.92
5.11
3.58
2.66
1.66
3.72
5.69
4.81
5.51
5.75
3.62
3.19
1.47
2.57
1.41
3.13
3.67
3.17
2.03
1.04
1.16
0.98
1.22
1.27
1.48
1.3
1.31
1.83
1.98
1.52
2.42
2.78
2.02
1.36
2.8
2.25
1.54
2.49
3.16
3.63
1.64
4.17
4.16
2.11
1.75
2.71
5.33
5.96
4.65
3.71
3.52
2.25
3.97
2.94
4.55
4.46
2.41
2.33
2.06
2.81
1.77
2.73
1.88
1.56
1.86
1.61
1.23
1.79
1.66
2.03
7.43
6.2
3.09
3.56
2.68
2.72
3.19
4.69
2.26
1.49
1.61
1.8
2.32
1.71
1.91
3.66
4.22
1.35
2.1
3.06
3.32
3.81
5.42
2.28
2.95
4.76
2.93
2.97
5.8
4.11
1.56
2.58
5.32
3.22
2.41
1.57
1.64
1.92
2.7
3.23
1.44
1.87
3.6
5.43
3.89
5.34
5.31
4.89
2.1
2.12
2.08
2.56
4.17
2.8
1.9
1.77
1.87
1.67
1.95
1.78
1.77
1.32
1.72
2.03
1.76
1.78
1.74
1.97
1.74
1.61
2.07
1.97
2.83
3.28
2.84
1.7
1.93
1.96
1.82
1.74
1.97
1.84
1.98
2.64
2.84
2.39
2.52
2.94
1.8
2.26
2.45
1.82
1.53
1.97
1.69
1.96
1.58
1.57
1.78
1.99
1.61
2.15
3.03
1.6
1.87
1.99
2.08
2.14
4.73
3.42
2.17
1.74
2.6
2.98
1.77
2.14
1.89
1.65
1.67
1.54
1.44
1.91
1.57
1.72
1.94
2.49
2.5
2.73
2
1.69
1.72
1.72
1.81
2.29
1.58
2.79
2.94
1.58
1.73
1.65
1.56
2.13
3.46
2.38
1.93
1.8
1.6
1.6
1.31
1.85
2.22
3.41
3.23
1.85
1.5
1.59
1.98
3.29
1.7
1.68
1.41
1.66
1.51
1.73
2.08
2.04
1.55
1.59
3.46
2.55
2.21
1.32
1.64
2.09
1.42
1.1
1.59
3.11
2.84
1.59
1.76
1.75
1.6
2.41
2.95
2.68
3.42
4.41
3.73
2.02
1.63
1.63
1.37
1.48
1.44
1.45
1.27
1.33
1.15
1.23
1.27
1.91
3.57
2.41
1.53
2.89
3.27
2.03
3.07
2.69
1.4
1.04
1.97
1.53
1.52
1.28
1.14
1.75
3.82
1.03
1.85
2.28
2.15
2.19
2.32
2.39
1.59
1.24
1.75
3.58
3.78
3.12
3.96
5.5
4.27
3.44
6.59
7.06
3.34
3.95
2.45
2.06
4.99
2.32
1.27
1.27
2.38
1.83
1.39
1.49
1.39
1.41
3.81
2.3
2.89
1.49
1.53
2
3.34
4.02
3.77
2.51
2.53
2.13
1.49
1.69
1.07
0.99
1.32
2.94
5.89
5.65
5.69
6.69
2.81
3.32
4.22
2.71
3.98
5.99
5.9
5
3.5
2.09
2.58
0.98
1.49
1.11
0.74
0.56
0.98
0.48
0.67
0.58
0.52
0.63
0.69
0.83
0.91
0.44
0.36
0.69
1.5
1.34
2.33
2.05
1.4
0.87
1.68
1.93
1.72
1.73
1.73
1.72
1.74
1.18
2.19
1.2
1.04
0.85
0.65
0.55
0.73
0.91
0.74
0.71
0.8
1.21
2.6
1.99
2
1.62
1.48
1.35
1.35
1.68
1.41
0.88
0.85
0.43
0.4
0.63
0.8
1.33
0.95
0.69
1
1.21
1.37
1.28
1.46
0.84
0.82
0.83
0.6
0.73
0.59
0.32
0.29
0.49
0.56
0.63
0.61
0.61
0.32
0.4
0.31
0.4
0.35
0.37
0.83
0.75
0.69
0.96
0.93
0.61
0.55
0.83
0.57
0.39
0.57
0.45
1.57
2.73
2.33
1.82
1.29
1.04
0.55
1.5
2.76
2.63
0.97
1.16
1.29
0.65
0.73
0.63
0.5
0.99
0.76
0.74
0.81
0.8
0.78
0.72
0.54
0.57
0.94
1.48
1.68
0.93
0.87
0.63
0.47
0.85
0.81
0.64
1.03
0.75
0.68
1.44
1.78
0.76
0.7
0.62
0.7
1.16
0.74
0.77
0.73
0.7
0.78
0.63
0.89
0.97
0.93
0.78
0.68
0.78
1.06
0.88
0.8
0.85
0.88
0.93
0.8
0.57
0.3
0.71
0.85
0.63
0.89
0.74
0.66
0.7
0.71
0.63
0.85
0.45
0.7
0.65
0.53
0.57
0.81
0.81
1.17
0.81
0.69
0.7
1.02
1.06
1.13
1.2
0.73
0.91
0.94
0.83
0.74
0.7
0.64
0.6
0.59
0.91
1.18
0.74
0.66
0.7
0.73
0.58
0.53
0.61
0.79
0.59
0.65
1
0.66
0.44
1
0.81
1.06
0.73
0.86
0.7
0.8
0.65
0.64
0.8
0.98
0.83
0.65
0.79
0.7
0.6
0.48
0.65
1.43
1.34
1.43
1
0.85
0.58
0.74
0.63
0.62
0.57
0.59
0.6
0.66
0.6
0.66
0.6
0.68
0.45
0.69
0.59
0.63
0.94
0.68
0.7
0.63
0.59
0.8
0.56
1.05
1.24
1.21
0.77
0.69
0.63
0.5
0.43
0.6
0.54
0.5
0.5
0.56
1.05
0.63
1.08
1.04
1.08
0.82
0.47
0.56
0.64
0.48
0.44
0.42
0.47
0.4
0.57
0.54
0.48
0.46
0.25
0.44
0.5
0.54
0.5
0.55
0.6
0.51
0.6
0.74
0.43
0.49
0.45
0.31
0.55
0.46
0.46
1.31
1.44
0.83
0.53
0.46
1.43
1.4
0.51
0.35
0.77
0.95
0.35
1.43
1.36
0.6
0.44
0.6
0.32
0.46
0.53
1.41
1.38
1.4
1.04
0.87
0.99
0.86
0.48
0.38
0.79
0.58
1.18
0.83
0.95
1.05
1.4
0.97
0.6
1.02
1.35
1.66
1.28
2.33
2.73
0.68
0.51
0.53
0.61
0.6
0.58
0.45
0.56
0.4
0.45
1.53
1.05
0.5
0.53
1.33
1.46
1.93
1.03
0.29
0.48
1.03
0.79
0.38
0.48
0.85
0.51
0.4
0.51
0.33
0.37
0.37
1.07
0.81
0.54
0.79
0.79
0.85
0.58
0.46
0.68
0.68
1.53
1.02
1.41
1.67
1.41
0.47
0.52
1.66
1.14
0.7
0.53
0.61
0.68
0.77
0.56
0.66
0.6
0.58
0.57
0.67
0.95
0.65
1.03
0.74
0.79
0.96
1.17
1.02
0.86
1.24
1.79
1.68
0.95
1.19
0.99
0.67
2.48
1.88
1.73
2.23
1.59
2.31
2.93
1.68
0.73
0.57
0.6
0.65
1.06
0.77
0.35
0.46
0.6
1.91
1.03
1.15
0.8
0.53
0.45
1.31
0.92
0.67
0.92
0.86
1.05
0.76
0.78
1.09
0.63
0.51
0.68
0.73
1.75
1.43
1.13
1.13
0.74
0.56
0.7
0.86
2.24
1.04
0.62
1.12
1.06
0.72
1.12
0.91
1.22
0.97
2
2.05
1.49
0.78
0.89
0.87
0.86
0.73
0.95
0.77
0.97
1.12
0.87
0.81
0.67
0.63
0.8
0.77
0.58
0.67
0.5
1.07
0.78
0.84
0.87
0.96
1.15
0.79
0.8
0.77
0.88
0.83
1.22
0.93
1.09
1.22
1.03
1.08
0.82
0.81
0.8
0.79
0.8
0.64
0.8
0.95
0.87
0.89
0.87
0.59
0.7
0.64
0.66
0.65
0.7
0.82
0.65
0.72
0.7
0.92
0.69
0.61
0.93
0.77
0.73
0.73
0.68
0.89
0.61
1.2
1.03
0.82
0.69
0.73
0.6
0.56
0.76
0.75
0.7
0.59
0.6
0.72
0.7
0.71
0.73
0.68
0.68
0.59
0.62
0.69
0.67
0.96
0.99
0.69
0.63
0.85
0.9
1.24
1.41
0.97
0.89
1.19
1.05
0.99
0.96
1.08
1.01
1.01
0.88
0.5
0.51
0.64
0.69
0.8
0.8
0.83
0.74
0.68
0.75
0.82
1.03
1.08
0.72
0.87
0.77
0.73
0.71
0.6
0.56
0.62
0.55
0.58
0.49
0.53
0.65
0.55
0.6
0.82
0.56
0.82
1.84
1.91
1.06
0.66
0.64
0.6
0.85
0.52
0.35
0.5
1.57
1.17
0.65
0.5
0.53
0.45
0.53
0.46
0.71
1.05
0.84
0.71
0.54
0.45
0.43
0.5
0.73
0.74
0.58
0.49
0.6
0.7
0.76
0.46
0.51
0.35
0.49
0.46
0.23
0.57
0.58
0.52
0.43
0.43
0.45
0.51
0.38
0.7
0.79
0.39
0.43
0.35
0.54
0.5
0.5
0.42
0.5
0.43
0.63
0.72
0.6
0.79
0.5
0.6
0.48
0.54
0.47
1.09
1.22
0.62
0.51
0.34
0.39
0.44
0.36
0.92
0.5
0.49
0.2
0.56
0.44
0.4
1.58
0.92
0.91
1.05
1
0.64
0.47
0.7
0.53
0.61
0.66
0.73
1.24
0.88
1.31
1.4
0.89
0.96
0.87
0.82
0.42
0.58
0.55
0.51
0.52
0.5
0.78
1.55
0.75
1.04
1.17
0.51
0.57
1.44
0.63
0.63
0.76
0.96
0.43
0.57
0.3
0.31
0.41
1
1.53
0.64
0.47
0.66
1.88
0.83
0.49
0.76
1.22
0.71
0.46
0.22
0.42
0.98
0.6
0.49
0.43
0.37
0.41
0.66
0.39
2.04
1.85
0.78
1.95
1.05
1.39
1.66
0.64
0.48
0.79
0.88
0.63
0.3
0.51
0.89
2.12
1.81
2.51
1.35
0.86
1.2
1.61
1.56
0.48
1.48
0.61
1.8
2.4
2.37
1.53
1.08
0.67
0.59
0.57
0.57
0.61
1.75
1.45
2.5
2.55
2.01
2.17
1.76
1.86
1.21
0.52
0.82
0.7
0.95
1.42
0.74
1.58
1.41
1.29
1.59
1.08
0.75
0.8
0.67
0.71
0.28
0.57
0.44
0.25
1.28
0.7
0.59
0.61
0.72
0.65
0.58
0.61
0.59
0.65
0.69
0.72
0.9
1.3
1.11
0.65
0.59
1
0.67
0.5
0.83
1.5
1.9
1.4
1.22
0.83
0.58
0.86
0.7
0.45
1.64
1.14
1.16
1.64
1.31
0.43
0.88
0.91
0.73
0.6
1.04
0.6
1.1
1.38
1.5
1.58
0.57
0.67
1.38
0.9
0.81
0.76
0.54
0.56
0.63
0.67
0.68
0.54
0.61
0.59
0.6
0.56
1.09
0.48
0.4
0.52
0.74
0.81
0.93
0.81
0.68
0.58
0.7
0.91
1.13
0.65
0.71
0.52
0.47
0.73
0.62
0.98
0.98
0.67
0.61
0.58
1.32
0.97
0.75
0.74
0.68
0.81
0.89
0.67
0.54
0.51
0.66
1.01
0.44
0.48
0.6
0.92
0.81
0.68
0.63
0.6
0.77
0.97
0.73
0.62
0.78
0.98
0.64
0.62
0.51
0.64
0.7
0.66
0.87
0.55
0.63
0.69
0.58
0.54
0.81
0.84
0.62
0.77
0.76
1.35
0.84
0.59
0.8
0.71
0.59
0.52
0.46
0.69
1.43
1.2
0.78
0.56
0.65
1.09
0.83
0.68
0.7
0.83
0.68
0.68
0.7
0.58
0.76
0.61
0.68
0.54
0.47
0.92
0.58
0.53
0.41
0.38
0.5
0.6
0.65
1.56
1.14
1.01
0.35
0.5
0.43
0.51
0.97
0.47
0.42
0.45
0.83
0.86
1.15
1.28
0.54
0.54
0.68
0.5
0.6
0.54
0.64
0.4
0.7
0.6
0.63
0.67
0.6
0.49
1.19
1.04
0.48
0.41
0.59
1.54
1.45
1.18
0.68
0.53
0.55
0.74
1.12
1.01
0.62
0.99
1.06
0.72
0.39
0.88
1.53
1.03
1.34
0.86
0.68
0.4
0.51
0.34
0.9
1.18
1.42
1.42
1.08
1.17
0.86
1.17
0.74
0.56
0.95
1.96
1.67
0.53
1.05
1.2
1.13
2.17
2.35
1.67
1.24
0.57
0.88
0.94
0.68
0.65
0.99
0.89
1.34
1.37
0.74
0.49
0.74
0.92
0.88
0.81
0.53
0.68
1.29
1.17
0.52
0.48
0.37
0.81
0.75
1.42
0.93
0.28
0.31
0.15
0.93
1.79
0.72
0.43
0.55
1.74
0.98
1.37
0.69
0.43
0.73
1.79
1.08
0.28
1.03
0.58
0.67
1.3
0.47
0.88
1.16
0.44
0.85
0.72
0.91
0.62
0.65
0.62
0.65
0.64
0.63
0.74
0.88
0.83
1.15
0.6
0.75
1.21
1.08
0.91
0.63
0.49
0.73
0.72
0.73
0.35
0.46
0.85
0.35
0.6
1.43
1.25
1
2.75
2.88
1.93
2.95
1.33
0.94
0.85
2.09
1.44
0.99
0.77
-99
1.15
1.18
1.28
1.2
1.65
2.43
1.68
2.69
2.66
2.99
1.71
1.8
0.77
0.66
1.16
2.29
1.67
1.68
1.45
1.06
1.06
0.78
0.9
0.77
0.51
0.79
1.23
1.02
1.05
1.81
1.02
0.69
0.71
0.81
0.91
0.65
1.32
1.59
0.78
0.71
0.79
0.73
0.7
0.48
1.08
1.06
0.85
0.69
0.75
0.71
0.92
0.97
1.02
0.94
1.32
1.83
1.28
0.72
0.92
0.62
0.54
0.51
0.44
1.05
1.01
2.05
1.1
0.65
0.43
0.82
0.75
0.36
0.61
0.88
0.83
0.74
0.71
0.68
0.76
1
1.06
0.93
1.42
1.31
0.95
0.43
0.44
0.51
1.3
1.47
0.78
0.46
0.55
0.88
0.94
0.62
0.65
0.65
0.72
0.93
0.73
0.85
0.72
0.85
0.93
0.61
0.62
0.67
0.83
1.03
0.93
0.69
0.68
0.83
0.63
0.43
0.62
0.7
0.68
0.97
0.83
0.73
0.63
0.57
0.93
0.71
0.58
1.14
0.94
0.77
0.57
0.55
0.75
0.7
0.67
0.88
0.68
0.63
0.89
0.99
0.71
0.73
0.6
0.62
0.58
1.2
1.03
0.74
0.83
0.69
0.84
0.46
1.15
0.86
0.72
0.68
0.57
0.79
0.51
0.58
0.89
0.8
0.7
0.66
0.6
0.7
0.7
0.68
0.62
0.7
0.67
0.68
0.64
0.6
0.79
0.7
0.69
0.63
0.44
0.8
1.87
1.52
1.42
1.09
0.92
0.61
0.49
0.48
0.92
0.7
0.43
0.43
0.6
0.68
0.78
0.68
0.59
0.74
0.97
0.63
0.73
1.66
0.94
0.64
0.62
0.45
0.68
0.88
0.74
0.91
0.64
0.41
0.38
0.51
0.55
0.63
0.42
0.37
0.37
0.44
1.38
1.03
0.47
0.62
0.54
0.53
0.86
1.18
0.68
0.55
0.25
1.1
0.58
0.95
1.26
0.57
0.78
0.37
0.48
0.5
0.38
1.02
1.68
1.73
1.05
1.14
1.3
1
0.74
0.83
2.21
2.7
0.94
1.62
1.08
1.05
1.25
1.41
0.51
0.77
1.27
1.53
0.79
0.53
0.86
0.74
0.33
0.25
0.69
1.5
1.32
1.43
0.54
1.05
1.6
1.1
1.53
2.48
1.86
1.61
0.75
0.5
0.59
0.5
0.49
1.15
0.9
1.15
0.34
0.23
0.26
0.4
0.19
0.34
0.73
1.12
0.65
1.34
0.85
0.9
0.51
0.9
0.58
0.8
1.33
0.57
0.44
0.62
0.63
0.35
1.02
1.75
0.6
1.01
3.03
0.76
2.11
2.13
1.44
0.45
0.53
0.31
0.62
0.32
1.23
0.5
0.48
0.89
2.26
1.28
0.85
1.35
2.04
0.93
1.03
0.56
0.4
0.37
0.72
1.55
1.03
0.69
0.88
1.26
1.88
1.28
0.55
0.84
0.71
0.46
0.61
0.63
0.43
1.16
4.47
2.98
2.4
1.48
1.29
0.96
0.98
0.71
0.71
0.78
1.01
0.96
0.89
0.89
0.79
0.95
0.83
0.82
1.2
1.25
1.34
1.08
0.67
0.96
1.28
0.73
1
1.49
0.83
0.96
0.8
0.7
0.54
0.95
1.53
0.68
1.11
1.15
1.81
1.5
0.74
0.9
1
1.2
0.75
0.86
1.64
1.84
2.29
1.15
1.03
1.05
1.77
1.63
1
1.68
0.58
1.08
1.72
1.21
1.63
1.45
0.72
0.7
0.61
0.7
0.58
0.72
0.73
0.51
0.64
1.45
0.7
0.73
0.75
0.66
0.71
0.67
0.52
0.52
0.71
0.72
1.52
1.29
1.02
0.8
0.73
0.83
0.79
0.78
0.84
0.61
0.49
0.86
0.95
0.62
1.43
0.69
0.85
0.68
0.62
0.56
0.53
0.61
0.64
0.57
0.55
0.9
1.17
1.03
0.76
0.78
0.65
0.7
0.7
0.61
0.53
0.53
0.58
0.66
0.6
0.63
0.65
0.75
0.78
0.58
0.3
0.66
0.41
0.53
0.68
0.58
0.59
0.64
1.03
1.09
0.71
0.63
0.69
0.57
0.59
0.58
0.8
0.63
0.55
0.71
0.64
0.91
0.66
0.84
0.83
0.61
0.52
0.57
0.57
0.6
0.6
0.71
0.73
0.66
0.68
0.79
0.65
0.63
0.61
0.63
0.66
0.64
0.61
0.59
0.61
0.55
0.64
0.38
0.62
0.52
0.64
1.1
0.92
0.59
0.73
0.57
0.73
0.52
0.85
0.43
0.58
0.59
0.55
0.63
0.69
0.56
0.45
0.74
0.53
0.59
0.76
0.63
0.66
0.88
0.73
0.65
0.77
0.69
0.79
0.49
0.68
0.55
0.62
0.38
0.42
0.82
0.83
0.53
0.47
0.46
0.44
0.57
0.6
0.7
0.75
1.29
1.19
0.84
0.91
1.08
0.93
1.09
0.59
1.05
0.75
1.17
1.63
1.22
0.59
0.7
0.4
0.26
0.43
0.35
0.45
0.59
1.45
1.9
1.13
1.62
1.54
1.65
2.76
2.05
1.49
1.16
0.6
0.47
0.43
0.5
0.55
0.45
0.44
0.38
0.34
0.33
0.88
0.77
0.73
0.59
0.58
0.67
0.64
0.66
1.88
2.23
0.6
1.8
1.58
0.85
0.58
0.63
1.19
0.58
0.52
0.53
0.61
1.2
1.7
2.41
1.1
1.03
1.74
1.65
1.52
0.37
0.31
0.51
0.48
0.88
2.54
0.48
0.37
0.35
0.48
0.64
2.24
0.72
0.38
0.46
0.46
1.16
0.6
2.09
2.68
1.27
0.7
0.41
1.55
1.74
1.5
0.53
0.49
0.28
0.14
0.8
1.15
0.49
0.45
0.41
1.13
0.97
1.24
1.89
1.51
1.67
0.65
0.8
0.75
0.6
0.24
0.78
1.53
1.28
0.26
1.49
2
2.05
1.66
1.39
1.43
0.79
0.6
0.36
0.74
1.68
1.36
0.4
0.37
0.57
1.35
0.55
0.8
0.4
0.8
0.79
0.98
0.87
1.35
0.85
0.7
0.55
1.88
1.78
1.39
1.16
0.75
1.08
1.23
1.38
0.8
0.75
0.65
0.42
0.48
0.38
0.42
0.59
0.82
0.51
0.93
1.06
0.7
0.47
1.29
0.99
0.94
0.87
0.74
1.45
0.85
0.8
0.46
0.86
0.85
0.76
0.94
0.48
0.55
0.37
0.54
0.46
0.46
0.38
0.63
0.73
0.6
0.48
0.48
0.79
0.75
1
1.03
0.91
0.8
0.72
0.66
1.35
1.14
2.17
2.4
1.57
0.83
0.95
0.79
0.93
1.5
1.11
1.53
1.38
2.1
2.29
1.72
1.06
1.1
1.16
1.22
0.98
0.92
0.97
0.92
0.92
0.95
0.7
1.15
1.47
2.33
0.94
0.9
1.11
0.87
0.83
0.65
0.82
0.95
0.65
0.95
0.9
0.81
0.79
0.75
1.23
1.67
1.24
1.04
2.1
2.4
1.35
0.93
0.85
0.86
0.78
0.72
0.83
0.83
0.83
1.02
0.75
0.78
0.76
0.71
0.99
1.15
0.94
0.78
0.71
0.74
0.78
0.76
0.75
0.73
0.91
0.66
0.94
1.31
0.77
0.74
0.99
0.52
1.18
1.24
1.29
1.33
1.02
0.93
1.05
1.18
0.96
0.85
0.82
1.37
1.22
1.4
1.33
0.95
0.77
0.66
0.62
0.67
0.88
0.88
1.11
1.03
0.79
0.91
0.79
0.52
0.67
0.6
0.64
0.56
0.83
0.68
0.64
0.8
1.16
1.24
1.13
0.84
0.65
0.48
0.75
0.75
0.71
0.77
0.77
1.05
1.36
1.01
0.92
0.75
1.05
0.98
0.82
0.47
0.62
0.58
0.86
0.64
0.4
0.48
0.48
1.55
2.03
1.72
1.1
0.77
0.68
0.67
0.46
0.58
0.56
1.24
0.91
0.66
1.05
0.53
0.75
1.05
1
1.64
0.48
0.9
1.5
1.48
1.53
2.04
1.6
1.02
0.63
0.58
0.69
0.96
1.71
1.73
0.73
0.59
0.66
0.62
0.93
1.68
2.24
1.29
0.75
0.65
0.63
1.28
1.06
1.35
2.11
1.12
0.97
0.6
0.49
2.49
2.35
0.89
1.05
0.41
0.53
1.56
1.98
1.62
1.13
0.79
1.21
0.75
1.38
0.68
0.47
0.75
0.87
1.33
1.23
0.33
0.42
0.38
0.49
0.9
0.83
0.5
0.85
0.63
0.91
1.95
2.16
1.25
0.82
0.51
0.93
0.42
0.52
1.7
2.97
2.77
2.08
0.67
0.57
0.48
0.54
0.48
0.42
1.13
1.44
0.6
0.32
0.37
0.46
0.69
0.68
0.71
1.38
1.35
0.97
0.73
0.73
0.5
0.6
0.51
0.5
0.72
1.4
1.14
1.48
1.12
1.3
0.93
0.81
0.59
0.65
0.7
1.3
2.56
2.51
1.65
1.17
0.85
0.62
0.6
0.64
0.64
0.59
0.54
0.75
0.65
1
0.36
1.06
1.17
1.46
0.79
0.94
2.09
3.01
1.16
0.92
1.08
0.84
1.7
1.29
2.17
1.13
1.13
0.9
0.72
0.68
0.75
1.35
0.51
0.7
0.95
1.27
0.83
1.15
0.92
1.37
2.06
1.44
1.31
1.12
0.69
1.26
1.39
1.11
0.6
0.49
0.88
1.48
1.03
0.76
0.75
0.71
0.7
0.59
0.94
0.9
0.7
0.76
0.82
0.7
2.57
2.15
2.36
1.15
0.81
1.01
0.9
1.09
0.98
0.8
1.26
1.77
0.8
0.65
0.66
1
1.81
1.23
0.91
0.81
0.98
0.74
1.02
1.03
1.3
0.68
1.41
1.58
0.99
0.64
0.74
0.8
0.78
0.89
0.93
1.68
1.24
0.95
0.8
0.91
1.01
0.9
0.75
1.03
1.09
0.92
0.93
0.89
0.8
0.67
0.71
1.2
1.6
0.92
0.83
0.69
0.81
0.87
0.72
1.15
0.82
0.84
0.87
0.78
0.61
0.96
0.83
0.73
0.81
0.94
1.21
0.79
0.7
0.85
0.91
1.26
0.78
0.77
0.74
0.75
1.39
1.42
1.18
0.88
0.82
0.99
0.91
1.01
0.8
0.99
0.68
0.8
0.83
0.78
2.27
1.31
1.13
0.81
1.01
1.23
1.74
1.22
0.86
0.61
1.1
1.04
1.13
0.81
0.82
0.91
0.56
0.85
0.81
0.7
0.86
0.65
0.82
0.72
0.7
0.7
0.9
0.97
1
0.77
0.71
0.59
0.64
0.7
0.68
0.68
0.64
0.65
0.69
0.68
0.83
0.75
0.65
0.71
1.18
1.04
0.82
0.76
0.73
0.71
0.76
0.66
0.71
0.86
1.04
0.85
0.84
0.8
0.56
0.62
0.59
0.8
0.72
0.86
0.77
0.71
0.7
1.14
1.48
0.99
0.71
0.68
0.73
0.53
0.63
0.65
0.62
0.69
0.73
0.7
0.68
0.7
0.68
0.8
0.72
0.7
1.4
1.47
1.25
0.7
0.65
0.78
0.81
0.67
0.68
0.58
0.75
0.9
0.88
0.98
0.85
0.48
0.68
0.48
1.02
0.63
0.79
0.7
0.5
0.42
0.53
0.45
0.96
0.89
0.43
1.31
1.71
0.79
0.93
0.56
0.48
0.5
0.52
0.77
0.83
0.78
0.6
0.41
0.46
0.51
0.92
0.71
0.8
0.9
0.62
0.73
1.19
0.56
0.56
0.55
0.54
0.48
0.85
1.09
0.84
1.35
1.18
1.05
0.6
0.49
0.64
0.63
0.98
0.8
0.55
0.83
1.58
2.14
1.3
1.87
1.72
2.25
2.1
1.13
1.45
0.97
0.61
0.57
0.93
1.57
2.35
1.67
1.07
1.45
1.3
1.33
2.13
1.44
0.89
1.28
0.98
0.57
0.57
0.7
0.52
0.69
0.54
0.93
0.77
0.61
0.59
1.19
1.94
1.68
1.67
1.28
0.78
0.54
0.41
1.03
0.99
1.23
0.87
0.62
1.71
2.19
1.78
1.34
1.23
1.75
2.08
1.75
1.78
1.69
1.49
1.25
0.85
1.59
1.33
0.93
0.7
0.97
1.23
0.92
0.91
0.79
0.85
0.68
1.66
1.25
0.69
0.63
0.65
0.7
0.63
1.48
2.06
1.44
0.81
1.34
1.05
0.97
1.08
1.05
0.73
0.66
0.66
0.69
0.71
1.03
0.97
0.85
0.92
0.79
0.65
0.69
0.71
0.74
0.7
0.74
0.7
0.94
0.76
0.72
0.76
0.83
0.71
0.81
0.81
1.1
2.01
0.93
0.96
0.71
0.43
1.44
1
1.66
1.92
1.55
1.12
1.44
1.11
0.96
0.98
0.81
1.45
1.03
0.88
0.92
1.05
1.18
1.28
0.81
0.84
0.85
0.68
1.03
0.93
0.79
0.65
0.76
0.75
0.8
0.73
1.02
1.15
1.52
1.45
0.84
1.37
0.93
1.43
4.05
3.13
1.78
0.83
0.9
0.8
0.8
0.98
0.9
0.86
0.88
0.86
0.88
1.03
1.31
1.23
0.88
0.73
1.13
1.25
0.92
1.2
1.87
1.16
0.89
0.89
0.87
0.88
1
0.75
0.99
0.94
1.19
0.98
0.82
1.07
0.88
0.88
0.75
0.73
0.84
1.68
1.53
0.88
0.9
0.79
0.85
0.76
0.98
0.75
0.85
0.88
1.34
0.95
1.05
1.16
1.43
0.91
0.95
0.92
0.84
1.3
1.16
1.1
1.05
0.93
0.87
0.78
1.06
0.91
0.91
0.75
0.8
0.88
0.93
0.93
1.15
1.55
0.9
0.83
0.81
0.8
0.73
1.15
1.1
0.85
0.76
0.8
0.78
0.74
0.71
0.78
0.75
0.74
0.75
0.76
0.94
1.57
1.05
0.9
0.76
0.86
1.95
1.67
1.48
1.23
1.52
1.11
1.01
0.83
0.82
0.74
0.8
0.8
1.48
2.06
1.43
1.3
0.78
0.78
0.56
1.18
0.49
0.8
0.62
0.73
1.37
1.6
0.95
0.74
0.58
0.71
1.24
0.96
0.79
0.68
0.65
0.59
0.64
0.65
0.58
0.93
0.58
0.57
0.89
1
1.03
1.93
0.75
0.97
1.22
1.31
1.07
1.11
0.72
0.62
0.64
0.65
0.55
2.37
1.62
1.34
0.83
1.64
1.08
0.9
0.45
1.24
1.5
1.03
0.82
0.64
0.48
0.72
1.24
1.77
1.27
0.59
0.59
0.36
0.48
0.64
1.1
0.71
0.63
0.8
0.61
0.53
0.37
0.73
1.36
2.24
2.71
1.63
1.48
2.04
1.99
3.02
2.49
1.6
1.08
2.25
1.35
0.85
1.11
0.5
0.51
0.44
0.67
0.91
1.43
1.07
0.47
0.72
1.2
0.74
0.61
0.4
0.46
1.41
1.78
1.49
1.11
1.8
0.82
0.85
1.83
0.93
1.29
1.99
1.25
1.12
1.04
1.33
2.69
1.64
0.78
2.75
2.17
2.38
2.16
1.77
0.54
0.53
2.17
2.11
1.16
3.45
2.46
2.45
1.94
0.86
1.7
0.68
1.2
1.1
1.27
2.23
2.35
1.95
1.9
3.08
2.15
1.86
1.87
1.79
3.67
3.14
2.32
1.07
1.6
0.74
0.38
0.49
0.8
0.86
0.98
0.97
1.99
1.93
1.49
0.99
0.87
2.2
1.65
1.5
0.7
1.96
2.1
1.3
0.84
1.35
1.11
1.41
2.27
1.82
2.84
3.27
1.75
0.93
0.42
1.85
0.87
1.81
0.95
0.81
0.73
1.12
1.92
1.4
0.68
0.88
1.17
3.98
1.4
1.38
1.92
0.99
1.04
1.88
2.17
2.46
1.25
1.21
0.95
0.97
1.55
0.88
0.92
0.88
0.76
0.85
0.87
1.88
1.83
1.31
1.43
1.35
1.34
1.41
0.93
1.8
1.01
0.78
1.03
1
1.31
1.77
1.13
0.9
0.88
1.18
0.72
0.79
1.47
1.06
1.45
1.29
0.58
1.28
1.82
1.15
1.28
1.34
0.73
0.92
2.88
2.88
2.1
1.83
1.18
0.96
1.24
1.73
2.98
3
2.84
1.89
1.46
0.98
0.85
0.8
0.81
1.03
1.06
1.11
0.75
0.75
0.7
0.73
0.8
0.83
1.09
1.18
1.49
1.04
0.75
1.15
1.06
1.58
1.05
1.03
1.04
1.25
1.07
0.85
0.85
0.69
0.68
0.88
0.88
0.78
0.77
0.86
0.8
0.82
0.75
0.77
0.78
0.84
0.79
0.83
0.81
0.71
0.82
0.7
0.72
0.75
0.79
0.74
0.74
0.86
0.74
1.01
1.37
0.87
0.83
0.78
0.79
0.6
0.76
0.71
0.78
0.86
1.2
1.09
0.92
0.81
0.67
0.77
0.99
0.65
0.73
0.69
0.7
0.75
1.11
0.87
0.81
0.73
0.83
1.23
0.82
0.94
0.62
0.56
0.84
1.22
1.15
0.83
0.71
0.86
0.75
0.81
0.57
0.64
1.03
0.96
1.07
1.03
0.92
0.9
0.93
1.07
1.02
1.06
1.53
1.15
0.76
0.68
0.51
0.66
0.72
0.56
0.58
0.7
0.9
0.84
0.76
0.78
0.95
0.73
0.83
1
0.74
0.63
1.01
1.25
0.75
0.78
0.62
0.71
0.95
0.96
0.61
0.52
0.44
0.48
0.52
0.53
0.6
0.65
0.69
0.53
0.75
0.65
1.31
1.61
1.21
0.65
0.74
1.05
1.37
2.1
1.48
0.54
1.08
1.72
1.96
1.82
1
0.88
2.11
1.39
1.34
0.87
1.18
2.28
1.85
2.11
2.53
2.11
2.07
1.63
1.57
1.09
0.92
1.1
0.85
1.76
1.72
0.61
0.6
2.18
1.76
0.7
0.45
0.59
0.53
0.48
0.62
0.55
0.63
0.52
0.53
0.47
0.59
0.32
1.79
0.67
0.64
0.5
0.48
0.87
2.86
0.76
1.28
2.04
0.84
0.6
0.62
0.48
0.77
1.25
1.8
0.78
0.56
0.55
0.42
0.49
0.34
0.6
0.8
1.24
0.63
0.41
0.74
0.92
1.48
3.15
1.35
0.49
1.56
2.49
1.92
2.3
2.47
1.67
0.93
2.1
0.81
1.15
2.49
0.7
0.9
0.92
0.68
0.85
0.55
1.19
2.09
2.33
1.48
1.19
0.6
-99
-99
0.56
1.14
1.98
1.03
1.48
0.94
0.78
0.7
0.82
1.55
0.94
1.42
1.37
0.72
2.28
2.02
1.3
0.97
0.95
0.73
0.93
0.78
0.81
1.04
0.93
0.71
1.78
1.91
0.84
0.66
1.1
0.68
0.68
0.78
2.59
1.36
3.64
2.78
1.81
1.46
2.44
0.99
0.65
0.71
0.93
1.42
2.84
1.79
0.92
0.75
0.69
0.98
0.78
0.87
0.78
1.18
0.83
0.65
0.91
0.87
1.06
1.37
0.66
0.83
0.97
0.99
0.86
2.67
1.06
1.75
1.41
1.15
1.39
1.09
2.3
2.09
1.49
0.9
0.79
0.78
0.94
0.97
0.81
0.94
0.56
1.12
1.43
1.21
1.06
1.17
0.79
1.07
1.68
1.22
1.2
0.95
0.95
0.84
1.11
0.94
0.77
1.31
0.74
1.25
1.19
1.31
0.97
1
0.8
0.79
1.03
0.83
0.7
0.8
0.8
0.75
0.85
1.27
1.46
1.1
1.05
0.98
0.89
0.85
0.74
0.7
0.66
0.73
0.79
1.05
0.79
0.73
1.28
1.09
0.95
1.08
1.21
1.16
0.79
0.67
1
1.22
1.18
1.99
1.63
1.09
1.06
0.79
0.86
0.81
0.78
0.65
0.72
1.84
1.24
1.11
0.96
0.75
0.85
0.99
0.77
0.71
1.19
1.3
0.93
0.9
0.54
0.79
0.72
0.76
0.86
0.8
0.88
1.04
0.73
0.88
0.48
1.21
1.01
1.03
1.08
1.21
0.9
0.97
0.94
0.49
0.68
0.92
0.76
0.64
0.62
0.84
0.65
0.57
0.71
0.72
0.76
0.72
0.89
0.76
0.64
0.64
0.76
0.51
0.55
0.67
0.71
0.81
0.66
0.59
0.56
0.87
0.62
0.6
0.7
0.66
0.48
0.38
0.5
0.89
0.91
0.82
0.64
0.63
0.5
0.32
0.56
0.64
0.65
0.71
0.68
0.5
0.63
0.68
0.55
0.47
0.71
0.85
0.75
0.6
1
0.65
0.7
0.55
0.59
0.57
1.66
2.11
1.14
0.91
0.59
0.64
0.67
0.39
0.51
0.48
0.45
0.48
0.49
0.66
1.07
1.46
1.1
0.64
0.51
0.82
0.96
0.36
0.89
0.76
0.44
0.91
0.73
1.05
0.72
0.57
0.41
0.39
0.34
0.48
0.52
0.31
0.58
0.65
1.48
1.51
1.21
1.21
1.77
1.5
1.62
1.74
2.15
2.06
2.24
1.51
1.61
1.96
0.61
0.61
0.75
0.63
1.86
1.88
1.85
1.33
1.15
1.33
0.6
0.52
0.73
1.67
1.26
1.85
1.86
1.53
1.61
1.43
0.65
0.83
1.27
1.4
0.58
0.68
0.95
0.96
1.1
0.97
1.5
0.62
0.53
0.9
0.57
1.21
1.33
0.73
0.86
1.1
1.08
1.73
2.49
2.46
1.82
1.42
1.79
1.48
2.01
1.55
2.32
2.27
0.83
1.44
1.68
2.63
2.07
1.21
2.5
0.96
0.65
0.54
0.46
0.67
0.91
1.03
1.21
1.12
1.24
0.69
0.71
1.56
1.56
1.5
3.12
2.15
2.38
2.76
1.37
0.71
0.99
0.58
1.38
1.68
1.26
0.81
0.76
0.6
0.7
0.66
1.09
1.26
1.85
1.42
1.14
0.77
1.5
1.56
1.66
1.91
0.65
1.82
1.36
3.34
2.65
3.27
3.59
2.35
3.33
2.4
2.03
1.33
0.79
1.34
1.61
0.91
1.12
0.9
1.08
0.91
0.92
0.85
0.82
0.81
1.24
0.76
1.07
0.85
1.63
0.99
0.86
0.63
0.94
0.73
0.67
0.77
3.13
2.16
0.84
0.73
1.03
0.75
0.79
0.53
1.29
1.21
0.88
1.28
1.12
0.81
0.91
0.81
0.71
0.83
2.59
2.34
1.55
0.92
1.43
1.98
1.94
1.68
1.76
1.25
1.45
1.88
1.37
1.01
0.87
0.96
0.86
0.92
0.85
0.75
0.9
1.03
0.87
0.87
0.85
0.8
0.69
1.19
0.95
0.66
1.15
0.94
0.79
1.87
1.12
1.28
1.17
0.86
0.93
0.98
1
0.78
0.76
0.75
0.76
0.81
0.74
0.86
0.7
0.99
0.69
0.81
0.79
0.72
1.31
1.49
0.88
0.81
0.79
0.93
0.89
0.79
0.75
0.75
0.97
0.77
0.71
0.88
1.22
1.26
0.74
1.38
1.15
1.08
1.04
0.96
0.84
0.77
0.9
0.82
0.69
0.84
0.66
0.77
0.81
0.8
1.26
0.95
0.85
0.95
0.85
1.58
1.01
1.15
0.87
0.5
0.83
0.77
0.78
0.6
0.85
1.79
0.81
0.82
0.8
0.69
0.77
0.8
0.81
0.99
0.63
0.3
0.64
1.05
0.84
0.75
0.63
0.72
0.55
0.57
0.73
0.64
0.89
0.54
0.76
1.08
1.06
0.85
0.98
0.81
0.94
1.5
1.1
0.67
0.68
0.68
0.75
0.6
0.56
0.69
0.55
0.37
0.32
0.33
0.79
1.33
0.95
0.72
0.68
0.49
0.46
0.97
1.56
1.15
0.74
0.26
0.34
0.3
0.55
1.13
1.23
0.91
0.33
0.51
0.53
0.42
1.12
0.68
0.57
0.55
1.03
1.7
0.52
0.56
0.46
0.46
0.43
0.33
0.45
0.43
0.49
0.34
0.89
0.6
0.45
0.7
1.12
0.61
0.79
1.47
2.08
1.95
1.26
1.1
2.01
2
0.76
1.63
1
0.63
0.53
0.5
0.52
0.5
0.4
0.28
0.33
0.45
0.53
0.49
0.45
0.38
0.56
0.38
0.54
0.53
0.45
0.41
0.35
0.39
0.53
0.53
0.31
0.41
0.44
0.56
0.52
0.62
0.54
0.57
0.59
0.35
1.03
0.83
0.75
1.13
1.73
0.98
0.72
0.65
0.76
1.04
1.03
1
0.8
1.59
1.78
1.2
0.93
0.91
0.56
0.64
0.48
0.54
0.35
0.28
0.42
0.58
0.64
0.61
0.7
1.93
1.47
0.68
1.65
1.21
0.63
0.39
2
1.3
1.42
1.01
0.44
1.5
1.06
2.06
2.07
1.77
1.52
0.58
1.07
0.86
0.59
0.64
1.2
1.04
1.35
0.84
1.54
1.25
3.23
2.28
2.26
2.24
1.14
2.26
2.24
1.01
1.35
1.4
1.58
1.67
1.29
1.39
0.53
0.76
1.15
0.64
0.5
0.78
0.63
0.6
1.63
2.33
1.57
0.82
0.73
1.01
0.87
0.84
0.68
1.66
1.06
0.88
0.8
0.73
0.76
2.14
2.21
1.88
2.06
1.03
0.84
0.84
1.26
0.84
0.73
0.96
1.06
0.92
0.8
1.54
0.74
0.73
1.22
2.65
1.78
1.23
1.1
0.53
0.87
1.66
2.44
2.08
1.34
1.02
0.96
1.29
0.73
0.97
0.75
0.58
1.08
1.07
1.88
2.7
1.57
1.35
0.96
0.73
1.7
1.05
0.85
0.85
1.61
0.84
0.64
0.88
0.74
1.08
1.78
1.36
1.36
1.54
0.98
0.8
0.66
0.82
0.65
0.77
0.83
0.72
0.82
0.92
0.89
1.39
1.85
1.15
1.85
1.24
1.31
1.7
1.07
0.84
0.82
0.85
0.79
0.96
1.1
1.22
0.74
0.59
0.78
0.82
0.92
1
0.76
0.84
1.2
0.74
0.68
0.93
0.79
0.75
0.87
1.61
1.4
1.26
1.02
0.85
0.81
0.84
0.67
0.84
1.19
1.64
1.15
0.96
0.85
0.81
0.87
0.72
0.74
0.87
1.26
0.85
0.7
0.72
1.38
1.25
1.01
1.11
0.96
1.27
1.51
1.03
0.85
0.77
0.81
0.7
0.69
0.93
0.63
0.86
1.39
0.82
0.79
0.72
0.78
0.78
0.75
0.64
0.62
0.77
0.68
0.76
0.8
0.74
0.67
0.8
0.74
0.88
0.59
0.66
0.73
0.78
0.79
1.18
1.38
0.61
1.04
1.53
1.63
1.45
0.94
0.98
0.77
0.51
0.64
0.58
0.62
0.66
0.67
0.66
0.65
0.63
0.57
0.76
0.57
0.62
0.52
0.6
0.86
0.72
1.06
1.07
0.76
0.48
0.76
0.65
0.53
0.41
0.58
0.7
0.9
0.94
0.33
0.45
0.58
0.35
0.41
0.66
0.58
0.62
0.56
0.5
0.68
0.58
0.61
0.46
1.36
1.56
1.05
2
1.82
2.03
1.53
1.11
0.84
1.12
1.05
0.63
0.65
0.54
0.87
0.46
0.27
0.52
1.4
0.73
0.58
1.02
0.99
0.43
0.57
0.68
0.66
0.58
0.61
1.06
1.13
0.54
0.52
0.53
0.55
0.71
0.88
0.51
0.55
0.5
0.42
0.8
1.06
0.83
0.93
2.34
1.83
1.35
1.29
1.35
1.56
0.54
0.7
0.64
0.58
0.65
0.64
0.47
0.53
0.65
1.28
1.62
0.79
0.77
1.73
1.13
1.42
0.97
0.89
2.39
1.89
1.56
1.08
1.14
1.68
1.86
1.97
1.96
1.2
0.99
1.71
1.1
0.4
1.04
1.27
0.66
0.5
0.45
0.47
0.4
0.59
0.9
2.34
2.39
1.96
2.43
1.53
0.68
1.04
1.97
1.59
0.58
0.5
0.49
0.57
0.63
0.69
1.19
1.13
0.74
0.54
0.84
1.47
0.8
0.85
0.46
-99
0.85
1.65
1.85
1.5
2.94
1.78
0.91
0.82
0.83
0.76
1.22
1.01
0.89
0.82
0.82
0.92
0.92
0.88
0.77
0.91
1.05
1.71
0.91
1.15
0.79
0.91
0.85
0.89
0.85
0.83
2.01
2.43
1.65
1.51
1.29
1.45
1.14
0.87
0.91
0.96
1.02
0.84
0.72
0.93
1.26
1.51
0.82
0.93
0.82
1.05
1.03
1.24
0.81
0.88
0.71
1.11
1.06
1.19
0.94
1.19
1.64
1.05
0.74
0.75
1.06
1.57
0.95
0.95
0.84
0.93
0.76
0.98
1.08
0.88
0.76
0.81
0.75
1.21
1.21
1.29
0.75
0.78
0.87
0.87
0.85
0.89
0.89
0.82
0.83
0.97
0.91
0.87
0.79
0.59
0.67
0.91
0.87
1.08
0.75
0.72
0.76
0.79
0.78
0.77
0.81
0.72
0.99
0.89
0.78
0.79
0.87
0.8
0.81
0.77
0.77
0.76
0.76
0.8
1.1
1.38
1.39
1.56
1.43
0.96
0.86
0.85
0.59
0.73
1.09
1.11
0.7
0.77
0.71
0.78
0.95
1.04
0.85
0.87
0.74
0.81
0.82
0.53
0.6
0.73
1.73
1.38
1.21
0.79
0.61
0.63
0.73
0.94
0.51
0.71
0.77
0.83
0.79
1.09
0.86
1.24
0.84
1.6
1.28
0.95
0.83
0.71
0.7
0.65
0.74
0.7
1.07
0.94
0.75
0.81
0.65
0.7
0.64
0.66
0.65
0.65
0.66
0.64
0.9
0.8
1.15
0.66
0.78
0.69
0.86
1.28
0.83
0.84
1.91
1.31
1.08
0.95
0.71
0.69
0.91
0.92
0.61
1.19
0.78
0.59
0.4
0.64
0.63
0.73
0.86
0.65
0.63
0.58
0.41
0.47
0.54
0.57
0.64
0.63
1.15
1.09
0.74
0.66
0.62
0.55
0.55
0.5
0.62
0.61
0.53
0.55
1.02
0.98
0.49
0.86
1.49
0.92
0.62
0.51
0.52
0.88
1.08
1.76
1.27
0.9
0.35
0.51
0.51
0.48
2.01
1.15
1.26
1.28
1.5
1.11
2.09
2.31
2.04
1.56
0.93
0.61
0.59
0.79
0.97
0.57
0.64
0.64
0.54
0.54
1.11
1.61
0.81
0.61
0.68
1.42
1.1
1.38
2.25
1.21
0.68
0.59
0.45
0.92
0.94
0.68
1.25
1.34
0.99
0.9
1.5
1.95
1.52
1.4
0.63
0.87
0.75
1.76
1.17
0.62
0.41
0.85
1.96
2.91
1.38
0.95
0.78
2
1.28
1.54
1.71
0.98
1.14
0.81
0.88
0.59
0.63
2.5
1.44
0.43
0.9
0.98
1.13
2.17
0.87
1.16
1.48
1.47
2.59
1.05
0.51
0.39
0.83
1.01
0.6
0.52
0.7
0.68
0.71
1.19
1.59
0.99
0.8
1.2
1.92
1.06
0.99
1.42
1.12
0.85
1.09
0.66
0.82
0.36
0.63
1.03
0.83
1.32
1.09
1.18
1.08
0.79
0.92
0.64
0.5
0.83
0.45
1.04
0.98
0.54
1.04
1.57
1.3
0.69
0.57
0.55
0.79
1.02
0.72
0.57
0.85
1.05
0.92
1.87
1.38
2.1
1.63
1.87
1.17
1.53
0.68
2.06
1.69
1.14
0.75
0.71
2.15
0.97
0.65
0.66
1.01
1.17
0.78
1.42
1.13
0.98
0.93
1.08
0.83
0.7
0.41
0.76
0.73
1
0.72
0.78
0.76
0.75
0.75
0.64
0.72
0.73
1.55
0.7
0.94
0.93
1.49
1.13
1.54
2.49
1.92
1.27
0.61
0.53
0.56
1.49
1.3
1.02
1.41
2.47
1.88
1.48
1.15
0.7
0.74
0.71
0.85
0.71
0.89
0.78
0.79
1.77
1.16
0.75
0.72
0.81
0.67
0.82
0.7
0.85
0.5
0.66
0.88
0.76
0.82
0.61
0.7
0.7
1.12
2.23
2.11
1.52
1.13
0.97
1.1
0.98
1.07
0.77
0.58
0.84
0.89
0.76
0.83
0.79
0.78
0.74
0.86
0.91
0.79
0.83
0.73
0.87
1.23
1.24
0.8
0.8
1.03
0.9
0.93
0.91
0.9
0.76
0.75
1.69
1.11
0.78
0.79
0.81
1.24
0.81
0.9
0.74
0.74
0.78
0.73
0.8
0.7
0.69
0.7
0.77
0.78
0.72
1.06
1.15
0.7
0.9
0.88
0.6
0.63
0.64
0.84
0.77
1.11
1.19
0.77
0.97
1.2
0.82
0.98
0.65
0.63
0.56
1.2
1.14
0.84
0.71
0.71
0.61
0.94
0.73
0.83
0.7
0.73
0.77
0.63
0.66
0.86
0.6
0.58
0.55
0.72
0.65
0.68
0.78
0.29
0.5
0.57
0.48
0.55
0.54
0.6
0.85
0.68
0.97
0.94
1.02
0.6
0.71
0.84
0.76
1.83
1.46
1.12
0.54
0.53
0.56
1.8
0.72
0.81
0.5
0.46
0.43
0.46
1.07
1.11
0.39
0.42
0.63
0.75
0.46
0.61
0.68
0.91
1.56
0.95
0.44
1.33
1.3
2.93
0.79
1.07
0.79
0.83
1.05
0.48
0.71
0.66
0.46
0.36
1.43
0.39
0.49
0.6
0.51
0.44
0.78
0.57
0.26
1.18
0.75
0.28
0.44
0.31
0.36
0.58
0.61
1.33
1.25
0.6
0.31
1.34
0.85
0.68
1.07
1.17
0.39
0.79
1.09
1.28
1.52
1.25
0.54
0.52
0.29
1.78
1.18
1.09
1.48
0.41
0.93
0.75
0.46
0.61
0.44
1.22
0.4
0.31
0.42
0.78
0.92
0.85
0.82
1.02
1.86
0.84
0.52
1.34
2.33
1.69
1.37
2.42
1.6
1.53
1.21
1.99
1.96
0.69
0.48
1.32
0.9
0.48
0.6
1.23
1.84
1.98
1.97
1.63
1.51
1.68
2.25
1.38
2.01
0.61
1.07
2.53
1.94
1.48
0.85
0.83
-99
-99
-99
-99
-99
-99
-99
-99
-99
-99
-99
-99
-99
-99
-99
-99
-99
-99
-99
-99
-99
-99
-99
-99
-99
-99
-99
-99
-99
-99
-99
-99
-99
-99
-99
-99
-99
-99
-99
-99
-99
-99
-99
-99
-99
-99
-99
-99
-99
-99
-99
-99
-99
-99
-99
-99
-99
-99
-99
-99
-99
-99
-99
-99
-99
-99
-99
-99
-99
-99
-99
-99
-99
-99
-99
-99
-99
-99
-99
-99
-99
-99
-99
-99
-99
-99
-99
-99
-99
-99
-99
-99
-99
-99
-99
-99
-99
-99
-99
-99
-99
-99
-99
-99
-99
-99
-99
-99
-99
-99
-99
-99
-99
-99
-99
-99
-99
-99
-99
-99
-99
-99
-99
-99
-99
-99
-99
-99
-99
-99
-99
-99
-99
-99
-99
-99
-99
-99
-99
-99
-99
-99
-99
-99
-99
-99
-99
-99
-99
-99
-99
-99
-99
-99
-99
-99
-99
-99
-99
-99
-99
-99
-99
-99
-99
-99
-99
-99
-99
-99
-99
-99
-99
-99
-99
-99
-99
-99
-99
-99
-99
-99
-99
-99
-99
-99
-99
-99
-99
-99
-99
-99
-99
-99
-99
-99
-99
-99
-99
-99
-99
-99
-99
-99
-99
-99
-99
-99
-99
-99
-99
-99
-99
-99
-99
-99
-99
-99
-99
-99
-99
-99
-99
-99
-99
-99
-99
-99
-99
-99
-99
-99
-99
-99
-99
-99
-99
-99
-99
-99
-99
-99
-99
-99
-99
-99
-99
-99
-99
-99
-99
-99
-99
-99
-99
-99
-99
-99
-99
-99
-99
-99
-99
-99
-99
-99
-99
-99
-99
-99
-99
-99
-99
-99
-99
-99
-99
-99
-99
-99
-99
-99
-99
-99
-99
-99
-99
-99
-99
-99
-99
-99
-99
-99
-99
-99
-99
-99
-99
-99
-99
-99
-99
-99
-99
-99
-99
-99
-99
-99
-99
-99
-99
-99
-99
-99
-99
-99
-99
-99
-99
-99
-99
-99
-99
-99
-99
-99
-99
-99
-99
-99
-99
-99
-99
-99
-99
-99
-99
-99
-99
-99
-99
-99
-99
-99
-99
-99
-99
-99
-99
-99
-99
-99
-99
-99
-99
-99
-99
-99
-99
-99
-99
-99
-99
-99
-99
-99
-99
-99
-99
-99
-99
-99
-99
-99
-99
-99
-99
-99
-99
-99
-99
-99
-99
-99
-99
-99
-99
-99
-99
-99
-99
-99
-99
-99
-99
-99
-99
-99
-99
-99
-99
-99
-99
-99
-99
-99
-99
-99
-99
-99
-99
-99
-99
-99
-99
-99
-99
-99
-99
-99
-99
-99
-99
-99
-99
-99
-99
-99
-99
-99
-99
-99
-99
-99
-99
-99
-99
-99
-99
-99
-99
-99
-99
-99
-99
-99
-99
-99
-99
-99
-99
-99
-99
-99
-99
-99
-99
-99
-99
-99
-99
-99
-99
-99
-99
-99
-99
-99
-99
-99
-99
-99
-99
-99
-99
-99
-99
-99
-99
-99
-99
-99
-99
-99
-99
-99
-99
-99
-99
-99
-99
-99
-99
-99
-99
-99
-99
-99
-99
-99
-99
-99
-99
-99
-99
-99
-99
-99
-99
-99
-99
-99
-99
-99
-99
-99
-99
-99
-99
-99
-99
-99
-99
-99
-99
-99
-99
-99
-99
-99
-99
-99
-99
-99
-99
-99
-99
-99
-99
-99
-99
-99
-99
-99
-99
-99
-99
-99
-99
-99
-99
-99
-99
-99
-99
-99
-99
-99
-99
-99
-99
-99
-99
-99
-99
-99
-99
-99
-99
-99
-99
-99
-99
-99
-99
-99
-99
-99
-99
-99
-99
-99
-99
-99
-99
-99
-99
-99
-99
-99
-99
-99
-99
-99
-99
-99
-99
-99
-99
-99
-99
-99
-99
-99
-99
-99
-99
-99
-99
-99
-99
-99
-99
-99
-99
-99
-99
-99
-99
-99
-99
-99
-99
-99
-99
-99
-99
-99
-99
-99
-99
-99
-99
-99
-99
-99
-99
-99
-99
-99
-99
-99
-99
-99
-99
-99
-99
-99
-99
-99
-99
-99
-99
-99
-99
-99
-99
-99
-99
-99
-99
-99
-99
-99
-99
-99
-99
-99
-99
-99
-99
-99
-99
-99
-99
-99
-99
-99
-99
-99
-99
-99
-99
-99
-99
-99
-99
-99
-99
-99
-99
-99
-99
-99
-99
-99
-99
-99
-99
-99
-99
-99
-99
-99
-99
-99
-99
-99
-99
-99
-99
-99
-99
-99
-99
-99
-99
-99
-99
-99
-99
-99
-99
-99
-99
-99
-99
-99
-99
-99
-99
-99
-99
-99
-99
-99
-99
-99
-99
-99
-99
-99
-99
-99
-99
-99
-99
-99
-99
-99
-99
-99
-99
-99
-99
-99
-99
-99
-99
-99
-99
-99
-99
-99
-99
-99
-99
-99
-99
-99
-99
-99
-99
-99
-99
-99
-99
-99
-99
-99
-99
-99
-99
-99
-99
-99
-99
-99
-99
-99
-99
-99
-99
-99
-99
-99
-99
-99
-99
-99
-99
-99
-99
-99
-99
-99
-99
-99
-99
-99
-99
-99
-99
-99
-99
-99
-99
-99
-99
-99
-99
-99
-99
-99
-99
-99
-99
-99
-99
-99
-99
-99
-99
-99
-99
-99
-99
-99
-99
-99
-99
-99
-99
-99
-99
-99
-99
-99
-99
-99
-99
-99
-99
-99
-99
-99
-99
-99
-99
-99
-99
-99
-99
-99
-99
-99
-99
-99
-99
-99
-99
-99
-99
-99
-99
-99
-99
-99
-99
-99
-99
-99
-99
-99
-99
-99
-99
-99
-99
-99
-99
-99
-99
-99
-99
-99
-99
-99
-99
-99
-99
-99
-99
-99
-99
-99
-99
-99
-99
-99
-99
-99
-99
-99
-99
-99
-99
-99
-99
-99
-99
-99
-99
-99
-99
-99
-99
-99
-99
-99
-99
-99
-99
-99
-99
-99
-99
-99
-99
-99
-99
-99
-99
-99
-99
-99
-99
-99
-99
-99
-99
-99
-99
-99
-99
-99
-99
-99
-99
-99
-99
-99
-99
-99
-99
-99
-99
-99
-99
-99
-99
-99
-99
-99
-99
-99
-99
-99
-99
-99
-99
-99
-99
-99
-99
-99
-99
-99
-99
-99
-99
-99
-99
-99
-99
-99
-99
-99
-99
-99
-99
-99
-99
-99
-99
-99
-99
-99
-99
-99
-99
-99
-99
-99
-99
-99
-99
-99
-99
-99
-99
-99
-99
-99
-99
-99
-99
-99
-99
-99
-99
-99
-99
-99
-99
-99
-99
-99
-99
-99
-99
-99
-99
-99
-99
-99
-99
-99
-99
-99
-99
-99
-99
-99
-99
-99
-99
-99
-99
-99
-99
-99
-99
-99
-99
-99
-99
-99
-99
-99
-99
-99
-99
-99
-99
-99
-99
-99
-99
-99
-99
-99
-99
-99
-99
-99
-99
-99
-99
-99
-99
-99
-99
-99
-99
-99
-99
-99
-99
-99
-99
-99
-99
-99
-99
-99
-99
-99
-99
-99
-99
-99
-99
-99
-99
-99
-99
-99
-99
-99
-99
-99
-99
-99
-99
-99
-99
-99
-99
-99
-99
-99
-99
-99
-99
-99
-99
-99
-99
-99
-99
-99
-99
-99
-99
-99
-99
-99
-99
-99
-99
-99
-99
-99
-99
-99
-99
-99
-99
-99
-99
-99
-99
-99
-99
-99
-99
-99
-99
-99
-99
-99
-99
-99
-99
-99
-99
-99
-99
-99
-99
-99
-99
-99
-99
-99
-99
-99
-99
-99
-99
-99
-99
-99
-99
-99
-99
-99
-99
-99
-99
-99
-99
-99
-99
-99
-99
-99
-99
-99
-99
-99
-99
-99
-99
-99
-99
-99
-99
-99
-99
-99
-99
-99
-99
-99
-99
-99
-99
-99
-99
-99
-99
-99
-99
-99
-99
-99
-99
-99
-99
-99
-99
-99
-99
-99
-99
-99
-99
-99
-99
-99
-99
-99
-99
-99
-99
-99
-99
-99
-99
-99
-99
-99
-99
-99
-99
-99
-99
-99
-99
-99
-99
-99
-99
-99
-99
-99
-99
-99
-99
-99
-99
-99
-99
-99
-99
-99
-99
-99
-99
-99
-99
-99
-99
-99
-99
-99
-99
-99
-99
-99
-99
-99
-99
-99
-99
-99
-99
-99
-99
-99
-99
-99
-99
-99
-99
-99
-99
-99
-99
-99
-99
-99
-99
-99
-99
-99
-99
-99
-99
-99
-99
-99
-99
-99
-99
-99
-99
-99
-99
-99
-99
-99
-99
-99
-99
-99
-99
-99
-99
-99
-99
-99
-99
-99
-99
-99
-99
-99
-99
-99
-99
-99
-99
-99
-99
-99
-99
-99
-99
-99
-99
-99
-99
-99
-99
-99
-99
-99
-99
-99
-99
-99
-99
-99
-99
-99
-99
-99
-99
-99
-99
-99
-99
-99
-99
-99
-99
-99
-99
-99
-99
-99
-99
-99
-99
-99
-99
-99
-99
-99
-99
-99
-99
-99
-99
-99
-99
-99
-99
-99
