20000101
2.18
2.19
2.77
2.25
2.29
2.5
2.03
2.22
2.32
4.22
2.75
2.09
2.52
2.92
4.69
2.74
3.89
3.76
7.71
3.44
2.56
3.35
4.43
5.57
4.8
4.01
2.7
2.19
2.37
2.57
2.14
2.79
2.21
3.06
3.33
3
2.37
2.43
2.03
4.28
2.7
2.93
4.36
2.36
2.61
2.97
2.52
5.08
2.9
4.12
6.67
4.12
2.57
2.99
3.11
2.77
2.98
3.38
3.62
3.93
3.72
4.53
2.84
3.48
5.02
3.7
3.46
3.15
2.9
2.87
3.2
3.13
3.48
4.9
5.38
5.01
3.66
3.97
8.52
4.33
3.3
3.04
3.08
3.44
3.87
3.19
3.18
2.95
3.52
3.94
4.15
4.32
4.47
5.84
4.82
4.75
5.47
3.71
3.92
4.63
2.78
4.03
4.48
4.97
5.72
4.58
4.81
3.93
5.66
4.41
3.65
4.05
4.88
3.78
3.56
4.84
4.72
4.02
3.59
4.04
3.89
3.47
3.62
4.03
3.14
3.84
4.07
4.66
4.26
5.29
3.29
4.6
3.87
3.86
3.88
3.61
4.54
3.39
3.75
3.48
3.41
3.51
2.74
3.32
3.53
3.31
4.76
5.63
3.77
3.27
3.42
3.47
3.36
3.96
4.07
4.12
5.24
5.16
5.2
4.43
4.73
6.55
2.5
3.66
3.78
1.93
4.3
4.36
3.66
3.71
3.97
4.98
3.95
3.36
3.21
3.45
3.1
3.6
4.11
3.81
4.5
4.66
5.33
3.86
3.95
4.24
4.49
5.05
5.05
4.54
5.46
4.36
4.03
4.33
4.03
3.47
5.6
5.8
3.5
3.25
3.71
3.87
4.53
5.93
4.28
4.55
4.83
3.81
4.31
5.08
3.64
3.98
3.96
4.49
3.88
5.81
4.38
3.08
2.95
3.47
4.06
3.79
4.41
4.7
5.41
4.34
3.57
3.69
4.03
4.54
4.17
3.88
4.44
5.7
5.36
4.19
3.77
3.78
4.16
4.17
4.59
4.15
3.68
3.82
3.63
3.42
3.33
4.22
3.42
3.55
4.04
4.46
3.99
3.8
3.54
3.36
3.69
3.62
3.15
3.26
3.06
3.36
3.93
3.74
3.21
3.26
3.58
3.56
3.38
3.63
2.91
4.83
3.78
3.29
2.54
3.63
4.78
3.11
3.28
6.9
5.58
3.77
3.87
2.92
5.75
2.28
3.59
2.49
2.72
2.72
3.24
2.67
2.54
3.9
5.77
4.39
4.99
4.22
2.11
2.39
2.62
2.98
2.62
5.57
3.04
2.76
4.69
3.78
1.73
5.38
8.34
3.22
3.38
2.73
2.55
3.08
4.01
5.43
3.98
2.83
2.47
4.16
2.06
2.27
2.77
2.5
4.16
5.88
2.53
2.39
3.36
2.69
3.69
2.85
2.79
3.9
3.88
3.35
2.17
4.01
3.39
3.93
3.24
3.01
2.79
2.35
2.1
2.45
3.67
2.83
2.55
2.34
2.44
2.56
3.55
5.33
7.23
5.04
4.7
3.09
5.36
2.86
4.33
3.89
6
3.08
4.48
5.45
3.96
4.76
6.83
3.81
3.18
2.58
3.85
3.73
3.08
3.79
4.02
1.63
1.9
3.13
2.33
3.62
5.41
2.23
2.79
3.78
3.55
4.89
4.09
5.18
3.14
4.37
5.47
4.24
3.06
7.04
2.77
2.25
3.33
3.34
4.99
4.62
5.36
3.49
3.19
2.57
2.55
2.86
3.94
4.83
3.89
4.15
7.12
2.88
2.8
2.58
3.09
2.63
5.16
3.32
4.36
5.23
2.83
3.66
6.86
6.13
6.93
2.94
3.06
3.26
3.5
2.79
2.9
4.5
5.15
3.45
2.98
3.77
3.33
3.68
2.88
3.8
3.44
5.34
5.18
3.5
4.3
4.9
3.12
3.19
3.48
3.67
4.02
4.21
4.08
4.54
4
4.18
4.37
3.73
4.49
3.87
3.6
3.77
4.6
5.64
3.59
3.98
3.37
3.09
3.91
2.89
4.69
4.39
3.96
3.73
5.39
4.04
4.2
4.28
2.94
3.27
5.54
3.98
3.67
2.78
2.48
2.86
2.38
3.32
2.42
3.14
3.58
5.98
4.68
3.84
4.81
4.25
5.96
4.24
3.07
5.7
6.19
5.63
3.15
2.98
3.06
2.67
2.8
3.43
3.89
3.63
4.26
3.67
3.82
4.34
3.64
3.86
4.14
4.23
3.77
4.81
5.87
3.41
2.8
4.89
3.3
3.3
3.9
4.49
5.7
3.13
4.5
3.7
3.69
3.94
3.8
3.67
3.89
3.7
4.31
5.48
4.7
4.12
3.8
5.3
3.8
3.66
4.2
4.88
5.12
4.15
4.49
3.83
4.13
3.77
4.26
5.45
6.21
5.13
3.61
4.14
4.42
3.89
5.09
3.39
3.67
3.7
3.02
3.24
3.9
3.58
3.66
3.57
3.5
3.41
3.17
4.59
3.69
4
5.04
3.79
4.58
4.44
5.4
5.98
5.35
3.62
4.44
5.54
4.88
4.83
4.65
5.11
3.84
4.06
3.49
3.59
3.72
4.12
4.77
4.8
3.56
5.01
4.23
3.06
3.46
5.01
4.24
4.95
2.55
5.49
4.02
3.67
3.09
3.73
6.16
4.99
3.35
3.79
4.08
5.27
5.3
5.83
3.32
3.37
3.15
3.46
3.97
4.37
2.95
2.66
2.98
3.77
3.23
3.24
2.99
4.11
4.65
3.85
4.55
3.47
3.2
3.77
4.08
2.78
3.97
2.93
2.84
2.65
3.11
2.69
2.87
2.91
3.33
3.71
4.9
3.44
3.6
3.94
2.51
2.47
3.11
4.28
3.66
1.98
2.44
2.22
7.08
4.83
3.38
2.54
1.66
3.55
2.32
3.15
7.15
9.21
9.84
3.42
3.56
10.49
9.39
4.97
4.41
4.31
2.29
2.25
2.07
1.9
3.28
3.18
2.91
2.21
3.27
2.14
2.19
1.74
2.7
2.25
2.28
1.93
1.83
2.07
4.12
2.84
2.22
2.67
2.08
1.89
1.76
6.2
6.15
3.13
1.73
2.95
2
3.03
2.64
2.31
5.78
2.33
2.09
3.06
2.64
1.87
2.12
1.83
6.82
2.38
1.28
3.24
3.86
1.76
2.42
2.08
2.2
2.06
2.28
2.29
2.42
1.81
3.62
1.98
3.85
2.73
2.42
2.03
2.19
4.09
3.2
4.74
2.69
2.29
2.45
2.03
2.1
2.64
3.12
2.64
2.14
4.24
2.76
2.73
3.73
3.08
4.02
2.34
2.91
2.73
2.3
2.5
2.81
3.67
2.74
3.24
2.45
3.38
3.92
2.38
6.37
3.52
2.35
2.59
2.67
2.63
2.98
2.89
3.83
3.66
2.18
5.55
6.23
3.1
5.57
3.03
3.2
3.37
3.69
4.64
4.24
5.07
3.86
3.77
3.49
3.32
2.81
3.22
2.79
5.29
6.64
5.05
2.48
2.94
3.46
5.54
4.24
2.97
2.89
3.34
5.25
5.72
5.5
3.48
4.63
4.12
4.22
3.57
4.44
6.11
4.25
3.9
4.82
2.51
3.02
3.29
3.47
3.09
3.91
5.74
3.49
4.34
3.52
3.66
4.05
3.48
3.6
3.07
5.67
5.25
3.59
3.92
3.24
3.41
4.14
7.78
7.46
3.17
2.78
2.89
3.03
4.45
3.58
3.83
4.55
4.81
4.15
3.76
3.48
5.15
4.49
4.19
3.11
4.77
4.22
3.25
2.68
2.99
3.09
3.08
3.22
3.14
3.42
4.8
4.18
2.35
3.6
3.63
3.08
3.16
3.06
2.61
3.41
3.56
4.43
4.43
4.52
4.14
3.59
3.16
3.45
3.28
3.52
4.29
4.29
3.67
4.51
5.07
4.31
2.14
3.11
3.4
4.49
4.48
3.75
2.88
3.85
3.57
3.79
3.34
3.4
3.09
4.03
2.66
3.32
1.96
3.52
3.35
3.98
3.72
3.17
3.77
3.4
3.96
2.86
3.36
3.43
3.33
3.23
2.91
3.06
4.24
3.33
3.42
3.39
4.93
3.02
3.69
2.55
3.63
2.93
3.03
3.41
4.06
3.31
2.78
3.34
2.98
3.67
4.01
3.12
3.31
3.32
3.38
3.85
3.85
3.19
2.29
2.95
3.2
3.09
2.86
2.54
3.02
3.62
2.9
2.48
2.86
3.27
3.79
3.94
3.45
3.52
3.16
3.97
3.14
3.06
2.98
3.84
3.38
3.04
2.47
2.24
3
7.1
3.95
3.59
2.9
5.07
3.74
3.17
3.45
3.96
2.71
2.32
2.74
2.55
2.81
5.2
2.64
2.97
3.62
2.48
2.78
3.84
3.58
3.92
3.64
4.3
2.45
2.7
4.21
4.4
6.73
3.28
2.7
3.19
2.29
3.22
3.54
2.58
4.63
3.4
2.4
2.29
1.91
6.05
4.75
2.6
5.73
4.22
2.26
2.41
2.12
3.74
5.93
3.78
1.53
2.34
1.83
2.25
2.35
2.95
4.2
3.04
4.29
2.29
4.65
3.23
1.87
3.2
2.15
2.46
1.49
3.91
3.5
2.47
5.68
4.58
2.87
1.99
1.96
3.1
2.69
2.18
2.43
2.66
2.73
2.07
1.79
2.52
2.56
2.39
1.57
1.79
2.2
1.71
2.15
2.24
4.92
2.11
1.88
1.85
1.93
1.4
3.17
2.95
2.57
3.13
5.56
1.86
2.43
1.9
4.07
3.67
2.67
2.46
1.73
1.79
1.73
2
1.74
2.54
4.04
3.89
1.65
3.92
8.29
3.04
3.87
5.01
3.21
3.5
2.68
8.55
3.17
2.38
2.1
4.86
3.97
4.76
1.89
1.73
1.72
4.87
1.36
1.88
3.55
4.18
4.24
3.83
4.62
3.71
1.5
5.13
4.38
2.06
2.56
2.85
4.5
6.25
3.73
3.33
3.01
2.19
1.79
2.44
4.39
2.29
2.83
2.63
2.36
2.53
3.14
2.17
2.86
2.07
3.85
2.53
2.16
2.36
2.11
2.25
2.54
2.4
2.82
3.3
3.47
3.35
2.95
3.24
2.59
2.12
2.7
2.49
4.17
9.02
5.36
2.83
2.99
3.71
1.93
5.02
3.92
4.38
3.69
3.28
4.28
4.85
5.16
2.5
2.7
2.87
4.05
2.23
2.5
2.68
2.63
4.33
3.85
4.06
4.62
2.92
3.85
3.22
3.99
4.82
2.8
3.06
6.15
3.94
3.16
3.75
3.16
2.82
3.06
3.66
4.24
3.57
3.02
1.8
2.97
4.69
3.22
3.19
2.34
2.51
5.54
4.02
2.71
4.22
2.07
2.56
2.37
2.6
3.4
2.8
3.73
3.64
2.18
2.48
3.04
3.08
3.13
4.63
3.79
3.83
3.36
2.59
2.51
2.63
2.66
3.67
3.64
3.04
2.76
2.76
3.34
3.11
2.82
3.34
2.65
3.24
4.23
4.32
4.07
3.98
3.43
3.27
2.84
3.24
3.13
3.05
2.2
3.15
3.2
3.33
3.04
3.24
3.9
3.27
3.86
3.35
3.06
3.45
3.88
4.07
3.57
2.74
3.96
3.79
4.92
5.15
3.67
2.89
2.47
3.26
3.02
2.75
3.15
2.94
3.05
3.42
2.99
2.97
3.32
3.6
3.65
3.23
3.15
3.1
3.24
3.07
2.88
3.14
2.96
2.55
2.93
3.12
3.18
2.61
3.13
4.02
4.44
5.29
4.13
3.97
2.76
2.51
2.24
3.83
3.4
2.41
2.53
2.46
2.96
4.1
2.6
4.27
2.95
3.94
4
2.81
2.82
3
2.43
3.01
3.01
5.14
3.73
3.15
2.03
2.37
1.66
2.43
2.35
2.29
4.29
3.17
3.62
2.49
4.87
3.82
2.19
2.46
2.4
2.24
2.35
2.39
2.69
3.37
5.44
5.79
8.39
4.86
4.12
2.42
4.43
1.87
2.77
5.88
3.31
2.81
1.83
1.65
2.75
3.7
6.19
2.25
2.25
1.39
1.71
2.66
1.88
1.96
1.21
1.93
1.66
1.94
1.49
2.11
1.6
2.31
3.64
4.55
2.34
3.13
3.22
2.32
2.4
3.26
1.93
3.45
1.87
3.26
1.44
1.56
2.49
2.97
1.77
3.57
3.49
4.02
1.9
3.22
2.23
1.39
2.51
1.46
1.84
1.42
2.39
4.17
2.15
2.57
2.13
3.26
2.27
3.13
5.62
4.54
4.13
1.78
2.4
2.81
3.83
2.54
2.17
4.11
1.95
4.98
4.39
3.02
1.92
2.11
2.11
2.34
2.21
2.33
2.06
1.67
2.21
2.46
2.85
2.12
3.09
4.07
5.59
2.08
2.84
2.42
3.18
1.58
4.87
2.93
5.16
3.82
4.96
5.77
5.88
2.77
2.23
2.5
2.64
2.15
2.27
1.98
3.1
3.03
2.46
2.12
2.52
2.88
2.12
2.41
4.01
4.18
3.72
2.61
5.1
3.32
2.51
3.55
5.53
2.5
3.43
3.52
2.45
4.15
5.38
5.29
2.47
2.55
2.52
4.58
3.46
4.91
4.19
2.57
5.39
3.83
3.24
4.56
3.32
4.29
3.57
3.07
2.85
2.39
2.65
2.92
3.25
3.08
2.62
2.48
2.29
4.32
6.36
4.63
4.59
4.84
4.76
3.07
3.07
3.24
2.4
2.62
1.77
2.94
2.47
4.32
2.98
2.75
2.45
3.83
5.78
4.32
5.62
3.59
3.44
4.54
4.13
4.98
3.13
4.43
3.84
4.47
3.64
4.02
3.19
3.73
3.37
6.8
5.06
2.74
3.29
3.4
2.98
3.58
2.11
3.86
4.85
3.28
3.65
3.05
3.31
3.7
3.25
3.11
3.81
3.49
2.79
2.9
4.27
2.82
2.55
3.07
3.23
3.26
2.56
3.29
2.29
3.2
3.09
2.97
3.06
3.38
3.08
3.64
3.12
3.67
2.51
2.37
4.92
5.58
3.66
3.15
3.83
3.25
2.93
2.93
3.98
3.81
3.61
3.26
3.27
3.15
3.68
3.31
3.56
3.27
3.87
4.04
3.56
3.98
3.58
3.95
3.77
4.11
4.07
3.75
3.04
3.5
3.37
3.07
3.84
3.69
4.02
3.01
3.62
3.14
3.47
3.5
2.74
2.97
4.14
4.18
4.22
4.04
3.33
3.48
3.51
3.47
2.9
3.85
2.67
3.27
3.38
4.55
4.2
3.25
3.5
3.89
4.48
5.25
3.73
3.45
4.05
4.12
5.21
4.28
5.21
3.36
3.95
5.35
4.56
3.53
4.16
4.33
3.22
3.39
3.05
2.36
3.28
2.93
3.87
3.36
2.66
4.07
3.29
3.19
4.84
4.83
3.4
3.58
3.62
3.88
4.5
3.52
3.64
2.93
2.67
2.46
2.62
2.9
2.54
3.78
8.16
4.72
3.28
2.69
2.45
2.15
2.75
2.97
2.54
2.92
2.47
2.87
3.44
2.88
3.42
4.57
2.37
2.71
3.57
2.36
2.7
3.73
2.83
2.97
5.13
6.97
2.86
2.96
3.05
2.64
2.53
3.21
4.67
3.76
4.56
2.34
2.84
2.32
2.52
2.43
1.83
4.06
2.3
4.52
1.98
2.83
4.73
6.41
4.95
7.29
8.71
3.96
2.77
2.09
2.02
2.3
3.57
1.64
1.38
1.29
1.42
1.5
1.43
1.54
2.94
2.38
1.83
2.87
4.53
3.77
4.89
3.84
3.51
5.74
5.62
4.62
2.8
3.3
3.56
2.61
1.95
1.72
1.66
1.95
4.01
1.84
5.04
1.66
2.08
1.57
1.92
3.49
3.6
2.53
2.83
7.73
5.55
2.12
0.86
0.98
1.88
0.88
0.7
0.73
0.95
0.78
0.89
1.74
0.79
0.68
0.81
0.9
0.74
0.72
0.7
1.14
2.48
0.96
1.08
0.81
0.85
2.47
2.16
2.3
1.41
0.62
2.53
1.55
1.08
1.35
1.71
1.27
1.41
0.93
0.84
0.97
1.23
1.42
0.97
0.78
0.91
1.61
2.31
2.21
2.59
2.95
2.39
1.81
2.43
1.71
1.26
1.33
0.99
0.78
1.13
1.45
3.36
2.17
2.09
1.33
2.28
1.39
2.93
2.95
1.8
1.38
1.33
1.06
1.38
1.28
1.23
0.93
0.91
0.88
1.12
1.28
1.09
0.82
1.18
1.02
0.5
0.87
1.37
1.11
1.25
0.81
0.9
1.09
1.14
1.08
0.83
1.32
0.82
1.83
2.07
1.89
1.4
2.68
2.07
1.26
1.28
1.85
1.47
1.05
1.24
2.05
1.69
0.94
1.08
1.28
1.76
1.17
1.35
1.66
1.52
1.43
1.48
1.92
2.13
1.29
1.43
2.27
1.66
1.24
1.33
1.5
1.34
1.15
1.61
1.27
1.41
1.52
1.71
1.31
1.48
1.14
1.26
1.79
1.73
2.23
1.84
1.05
1.32
1.52
1.7
1.56
1.78
1.7
1.78
1.23
1.38
1.36
1.53
1.64
1.17
1.5
1.8
1.51
1.45
1.55
1.38
1.36
0.62
1.15
1.99
1.7
1.68
1.46
1.24
1.22
1.35
1.28
1.37
1.38
1.15
1.04
0.87
1.74
1.69
1.27
1.36
1.35
2.48
2.23
1.34
1.31
1.48
0.6
0.84
0.88
1.18
1.44
1.65
2.35
1.33
1.22
1.38
1.52
1.1
1.19
1.2
1.47
1.23
1.19
1.27
1.57
1.58
1.37
1.9
1.65
1.23
0.63
1.03
1.09
1.22
1.19
1.25
0.99
1.37
1.14
1
1.1
1.2
1.16
1.51
1.1
1.27
0.95
0.92
1.28
0.89
0.81
1.03
1.9
1.06
1.1
0.63
0.88
1.09
0.98
1.45
1.03
1.06
1.03
0.98
1.07
1.04
2.08
0.45
0.8
0.7
0.87
3.05
1.63
1.04
0.81
1.08
2
1.8
0.75
0.83
0.84
0.81
0.95
0.9
0.62
0.98
0.77
0.81
0.64
1.06
0.89
2.02
1.05
0.42
0.45
0.63
0.88
1.06
0.69
0.6
0.74
0.93
1.49
0.4
0.62
0.81
0.47
1.47
0.63
0.65
1.3
1
1.28
1.01
1.14
0.95
0.84
1.16
1.24
0.91
0.86
0.8
0.75
0.77
1.16
2.24
0.76
0.57
1.14
2.13
2.83
1.35
0.92
0.98
1.69
0.69
0.68
1.69
1.55
1.3
0.61
0.45
1.28
1.95
1
0.79
0.69
0.43
0.56
1.05
1.06
0.73
1.8
0.66
1.63
0.62
0.85
0.66
0.33
1.47
1.43
0.92
0.29
0.59
0.89
0.6
0.55
1.7
3.1
0.7
0.82
0.76
0.64
0.47
0.51
0.5
0.65
-99
1.66
1.13
0.46
0.49
0.68
0.83
1.55
0.86
0.26
0.25
1.4
1.78
0.86
0.54
0.55
0.59
0.62
0.58
0.65
0.28
0.83
0.39
1.2
0.59
0.77
1.25
0.84
1.09
1.15
0.9
1.21
0.88
1.8
1.92
1.44
0.67
0.46
0.75
1.64
1.76
1.24
0.75
0.89
1.16
1.65
0.89
0.9
0.6
0.69
0.74
1.24
1.34
1.75
2.83
1.16
0.4
0.98
1.27
1.87
1.07
1.25
2.65
1.11
0.97
0.96
2.08
3.66
1.68
1.27
1.67
0.6
1.5
1.32
1.76
1.34
1.55
0.79
0.86
0.79
0.86
1.51
0.67
0.99
0.94
0.6
1
1.55
1.32
1.28
1.21
1
0.8
0.81
1.13
0.85
0.97
0.95
1.58
1.13
0.82
1.21
1.14
1.41
2.16
1.11
0.95
1.24
1.55
1.66
1.01
1.1
1.81
1.27
0.96
1.45
1.28
0.85
1.4
1.83
1.31
1.04
1.73
1.59
1.53
1.64
1.28
1.75
1.97
1.82
1.24
1.48
2
1.29
0.71
1.19
1.16
1.04
1.22
1.55
1.21
1.04
1.94
2.07
1.8
1.36
2.19
2.55
1.63
1
0.99
1.13
1.32
1.49
2.07
1.81
1.25
2.34
1.53
1.23
1.37
1.2
1.28
1.44
1.23
1.43
1.26
1.18
1.4
1.28
1.15
1.17
1.96
1.5
0.92
2.35
1.34
1.2
1.45
1.33
1.3
1.43
1.18
1.05
1.26
1.08
1.25
1.77
1.47
1.37
1.43
1.03
1.21
1.2
1.04
1.15
1.31
1.21
0.95
0.73
0.92
1.24
1.19
1.37
1.74
1.59
1.54
1.27
1.17
1.39
1.2
1.45
1.73
1.09
1.2
1.28
1.39
1.01
1.32
1.24
1.83
1.47
1.36
1.5
0.78
1.04
1.35
1.15
1.48
1.47
1.13
0.82
1.17
2.06
1.48
1.25
1.76
1.65
1.36
1.13
1.13
1.31
0.74
1.5
1.03
1.03
2.84
1.81
1.04
1.04
0.93
1.04
1.17
0.96
0.92
0.72
1.21
1.05
0.84
0.78
1.03
0.79
0.9
1
1.04
0.85
1.28
1.2
1.31
1.12
0.53
1.01
1.33
1.43
1.05
1.11
1.3
1.75
1.27
1.35
1.85
0.93
0.75
1.09
1.17
1.1
1.37
1.53
1.48
1.46
1.7
0.95
0.58
0.66
0.69
0.56
1.1
1.28
0.83
1.15
1.66
1.39
0.9
0.92
1.12
0.71
0.85
1.05
0.74
1.6
2.5
1.97
1.48
0.78
0.72
0.7
0.59
0.6
0.74
0.6
0.92
1.05
0.79
1.2
1.03
0.43
0.68
0.65
0.56
0.63
1.58
1.08
2.04
1.76
0.48
0.96
1.23
1.99
0.83
1.15
1.32
0.84
0.66
1.33
2.2
0.74
1.63
1.01
2.36
0.88
0.59
1.03
1.22
1.96
0.84
0.87
1.79
2.15
1.91
1.87
1.77
1.59
1.36
0.8
0.71
0.66
0.78
0.65
1.16
0.78
0.36
1.2
0.62
0.62
0.66
0.58
0.7
0.53
0.85
1.43
0.56
0.63
0.7
0.59
0.61
1.1
0.72
0.63
0.97
0.56
0.7
1.05
1.23
1.54
1.12
1.73
1.13
1
1.01
0.85
0.49
0.66
0.79
0.51
0.73
0.85
0.71
0.69
1.14
0.99
1.06
0.75
1.34
1.02
0.9
1.09
1.31
0.73
0.98
0.83
1.04
0.73
1.12
0.85
0.7
0.55
1
0.87
0.68
0.77
1.01
0.94
1.29
2.01
1.36
1.46
2.89
1.22
1.9
1.89
0.74
0.92
0.92
0.8
0.96
0.9
0.85
0.65
0.87
1.71
1.8
0.83
1.32
1.14
0.85
0.87
1.61
1.57
0.97
1.51
1.69
2.25
0.84
1.1
1.59
1.62
1.08
1.15
0.83
0.95
0.95
1.51
0.97
1.98
1.84
1.06
1
1
1.2
1
1.18
1.21
1.19
1.25
1.57
1.04
1.41
1.34
0.65
1.18
0.75
1.23
0.9
0.87
1.03
1.16
1.32
1.02
1
1.26
1.28
1.3
1.84
1.29
0.92
0.95
0.8
1.11
1.17
1.19
1.38
1.4
0.92
1.12
1.15
0.81
1.85
1.62
1.37
1.17
1.55
1.16
0.87
0.95
0.53
1.01
1.01
0.95
1.1
1.22
1.35
1.17
1.13
1.28
1.37
1.28
0.95
1.81
1
1.57
1.09
1.39
1.33
1.48
1.36
2.3
1.67
1.22
1.18
1.1
1.76
1.33
1.67
1.73
1.07
1.53
1.15
1.46
1.65
2.05
1.71
1.08
1.31
1.77
1.42
1.29
1.41
1.08
1.08
1.5
1.21
1.35
1.4
1.87
1.41
1.25
1.35
1.28
1.1
0.87
1.09
1.2
1.86
1.43
1.39
1.23
1.64
1.01
1.46
1.47
0.93
1.51
1.16
0.91
0.84
1.58
1.91
2.17
1.56
1.11
0.4
1.33
1.1
0.78
0.8
1.52
1.36
0.87
0.99
1.22
1.24
1.24
1.17
1.33
0.96
0.9
1.75
2.27
1.18
1.28
1.09
0.91
0.92
1.08
1.18
1.23
1.33
0.97
1.32
1.34
1.79
1.88
0.93
0.91
0.6
1.01
0.88
1.93
1.15
1.64
1.03
1.49
1.43
1.1
0.86
0.45
0.72
1.07
0.8
0.79
0.31
0.72
1.39
1.2
1.13
0.88
0.92
0.69
0.64
0.69
1.11
1.2
1.43
0.79
0.82
0.93
0.99
1.11
0.77
0.94
0.76
1.13
1.35
1.72
0.94
0.88
0.68
0.9
0.77
0.97
0.88
1.1
1.42
1.69
0.99
1.22
1.18
1.47
2.21
1.83
0.84
0.94
0.95
1.14
1.11
0.94
1.54
1.33
2.26
1.65
2.47
0.95
0.92
0.85
0.87
1.02
0.76
0.66
0.78
0.71
0.6
0.88
0.85
1.2
1.23
1.76
0.9
0.8
1.32
0.99
0.85
1.04
0.7
0.97
1.48
1.56
0.98
0.63
0.83
0.59
0.82
0.79
0.69
0.95
0.96
0.78
0.74
1.36
1.4
0.79
0.74
0.85
0.91
0.63
1.2
2.39
0.75
0.76
0.99
2.4
1.35
0.81
0.66
0.54
0.83
0.46
0.56
0.7
0.76
0.93
1.01
0.67
0.79
0.85
0.66
0.79
0.55
1.37
1.66
1.32
0.7
0.82
0.58
1.31
0.89
0.92
0.8
0.84
0.82
1.05
0.6
0.62
0.59
0.41
0.63
0.87
0.63
0.85
1.03
0.69
0.89
0.49
0.55
0.49
0.62
0.7
0.78
0.72
0.93
1.1
1.28
0.71
0.86
1.45
1.48
0.74
0.85
0.91
0.8
1.25
1.18
0.94
0.62
0.37
1.54
0.66
1.05
0.82
0.8
1
1.1
0.73
1.04
1.04
2.08
1.05
1.42
0.98
1.49
1.71
0.94
1.01
1.24
1.89
1.83
1.82
1.1
0.8
1.24
1.17
1.01
1.26
1.07
1.2
1.8
1.47
0.96
0.91
0.81
0.91
0.8
0.97
1.3
1.9
1.96
1.06
1.15
1.33
1.39
1.4
0.97
0.83
1.15
0.77
1.09
2.15
1.05
0.83
0.77
1.36
1.48
0.98
0.61
0.91
0.68
0.78
1.02
0.42
1.21
1.53
1.33
0.64
0.91
1
0.77
0.48
0.95
0.9
0.74
0.8
0.75
0.7
0.65
0.86
0.83
1.04
0.76
0.69
0.84
0.95
0.65
1.04
0.88
0.43
1
0.8
0.94
0.97
1.02
0.98
0.92
0.73
0.8
0.89
0.75
0.85
0.85
1.08
1.5
1.3
1.03
0.71
1.25
1.49
1.24
0.95
1.2
1.05
1.03
0.8
1.13
0.8
0.72
0.77
0.78
1.32
0.93
1.31
1.52
1.16
1.12
1.12
0.42
1
1.24
1.21
1.33
1.51
1.25
0.95
1.02
1.25
1.15
1.51
1.22
1.41
1.38
1.1
1.61
1.75
1.82
1.22
1.1
1.18
0.9
1.34
1.57
1.69
1.05
1
1.59
1.24
0.54
0.66
0.85
0.95
1.16
1.48
1.05
0.72
1.26
1.76
0.87
1.41
1.15
1.07
1.15
1.01
1.55
0.9
2.41
0.84
0.63
1.12
1.16
1.04
1.24
0.6
0.91
0.72
0.94
0.4
0.5
1.05
0.7
1.04
0.95
0.89
0.97
0.79
1.32
1.43
1.03
0.95
1.14
1.54
0.7
1.69
1.1
0.76
0.4
0.85
0.6
0.93
0.75
0.69
0.78
0.51
0.97
1.11
2.3
0.69
0.71
0.97
0.96
0.85
2.05
0.99
1.73
1.19
1.28
1.41
1.2
0.31
0.68
0.5
0.58
0.63
0.78
1.38
1.09
1.24
0.75
0.93
0.85
0.66
1.02
0.24
1.2
0.58
0.56
1.37
1.52
1.3
1.92
1.7
1.5
0.7
1.2
1.2
0.69
1.23
0.53
0.92
0.76
0.44
0.47
1.07
1.76
1.09
0.55
0.65
1.22
0.84
1.68
1.57
0.41
0.71
0.65
0.66
0.59
0.67
0.68
0.63
0.63
2.15
2.43
1.49
0.14
1.27
1.2
0.76
0.29
1.16
0.76
0.69
0.86
0.89
0.57
1.2
1.12
0.37
0.41
0.57
0.39
0.53
0.39
0.6
0.67
1.39
1.27
0.63
0.53
0.7
2.01
1.37
0.51
0.65
0.63
0.66
0.7
1.27
0.58
0.49
1.37
1.16
1.08
1.24
1.08
0.74
0.89
1.01
0.63
1.46
1.37
1.37
1.03
0.49
0.73
1.02
1.26
1.11
0.88
0.7
1.4
0.67
0.79
0.7
0.69
0.75
0.3
0.7
0.99
1.53
0.53
0.85
1.11
0.86
0.53
1.03
0.63
0.83
0.85
0.94
0.8
1.32
1.03
0.88
0.84
1.06
0.94
0.71
0.83
1.76
1.25
1.07
0.98
1.92
1.48
1.02
0.76
1.13
0.59
0.86
0.85
0.9
1.52
1.77
1.97
0.95
1.22
1.79
0.87
0.61
1.19
1.63
0.85
0.67
0.77
0.85
0.57
0.79
1.49
0.84
1.05
1.25
1.35
0.79
0.72
0.89
0.6
1.2
1.6
0.73
0.82
1.08
0.96
1.2
1.42
1.1
1
0.85
0.88
0.75
1.09
0.75
1.06
1.48
0.94
1.08
1.25
0.93
0.81
0.76
1.23
0.98
0.79
1.71
1.24
0.75
0.95
0.93
0.73
1
0.93
1.08
0.88
1.15
0.9
1.74
0.98
1.3
0.86
0.83
0.9
0.82
1.21
0.95
1
0.88
0.7
1.18
1.4
1.32
1.34
1.06
0.73
0.83
0.95
0.71
0.82
0.68
0.83
0.8
1.07
0.71
0.77
0.75
0.98
1.18
0.66
0.86
1.05
1.25
1.46
1.05
0.97
-99
2.1
1
0.95
1.43
1.45
1.57
1.78
1.65
1.84
1.25
1.94
1.49
1.11
0.98
1.23
1.69
1.13
0.75
0.91
0.98
1.08
0.58
0.88
0.71
0.83
0.79
0.74
0.93
0.8
1.05
0.94
0.98
1.05
1.33
1.27
0.95
0.86
1.17
1.18
0.85
0.8
0.83
0.83
1.59
1.1
1.31
1.49
1.05
0.63
1.43
1.6
0.93
0.99
0.83
0.94
0.95
0.73
0.62
0.45
0.68
0.85
0.95
0.82
1.43
0.6
0.52
0.75
1.62
1.3
0.86
0.76
0.6
0.91
1.03
0.61
0.77
0.63
0.88
1.4
0.86
1.44
1.83
1.48
1.04
0.69
0.58
0.74
1.04
1.2
2.14
2.82
1.25
2
2.06
1.84
1.67
1.16
1.13
0.64
0.73
0.67
0.86
0.72
0.72
0.49
0.68
0.45
1.09
1.53
0.67
0.87
0.99
0.5
0.68
0.67
1.28
0.69
0.52
0.62
0.8
1.35
1.16
1.03
0.66
0.6
0.78
0.49
1.1
0.91
0.65
0.62
1.11
0.85
0.72
1.45
1.39
0.7
0.93
0.8
1.11
0.55
0.59
0.9
0.65
0.4
0.45
0.5
0.69
1.12
2.33
2.37
1.03
0.62
0.51
1
1.56
1.27
1.58
1.3
1.77
1.69
1.3
0.45
0.53
0.95
1.17
1.56
1.56
0.64
0.85
0.51
0.62
1
0.48
1.73
2.62
0.84
1.04
0.57
0.52
0.95
1.74
1.24
0.65
0.39
0.46
0.41
0.4
0.58
0.62
0.37
0.44
1.99
1.83
1.43
0.71
0.58
1.18
1.92
0.98
1.2
0.78
0.52
1.08
0.83
1.12
0.81
2.19
1.64
1.41
1.65
1.75
1.45
1.09
1.24
1.28
1.08
1.33
0.89
1.4
1.37
1.38
1.53
2.19
1.59
1.28
1.6
1.24
0.92
1.53
0.59
1.3
1.32
0.98
2.37
2.7
1.3
1.23
0.79
0.83
0.83
1.37
1.01
1.52
1.67
1.33
0.96
0.83
0.33
1.23
1.28
1.76
2.08
1.24
1.25
2.23
1.43
2.06
0.78
1.53
1.78
1.49
1.13
1.28
1.55
1.05
1.4
1.16
1.28
0.48
0.93
0.73
0.85
0.78
1.19
1.41
1
1.23
1.28
0.98
0.79
0.99
0.94
0.84
1.02
1.53
2
1.31
0.73
0.83
1.91
1.08
1.05
1.15
1.18
1.48
1.8
1.38
1.44
0.61
0.86
0.85
1
1.06
1.56
1.17
1.47
1.12
1.3
0.99
1.18
1.59
2.46
1.3
1.31
0.9
1.17
1.01
0.85
0.72
0.84
1.09
1.32
1.45
0.78
1.54
1.79
1.26
1.45
1.03
1.08
1.03
1.38
0.93
1.57
1
1.15
0.73
1.67
1.74
1.14
1.08
1.27
1.22
1.15
1.01
0.78
0.87
1.03
1.18
1.51
1.27
0.62
1.09
1.21
1.19
1.06
1.45
1.2
1.2
1.63
1.55
1.66
1.58
1.15
1.53
1.78
1.23
1.3
1.53
1.23
1.62
1.65
1.24
1.14
1.14
1.25
0.98
0.9
1.28
1.48
0.91
0.93
1.35
0.85
1.49
1.19
1.18
0.91
1.04
1.06
0.98
0.88
0.73
1.18
1.23
1.25
1.24
0.9
0.92
1
1.39
1.41
0.87
1.12
1.49
1.21
1.46
1.6
1.41
1.53
1.37
0.9
1.03
1.13
1.13
1.66
1.53
1.01
0.87
1.31
1
0.89
1.4
1.23
0.97
1.21
0.91
1.08
0.96
0.7
0.31
0.84
1.21
0.96
1.01
2.13
1.15
0.95
0.92
0.81
0.6
0.9
1.44
1.53
0.78
1.12
0.86
0.96
1.28
1.06
1.33
2
1.05
0.67
0.79
1.09
1.6
1.5
0.86
1.2
1.33
0.71
0.66
1.15
1.6
1.28
0.68
0.64
1.58
1.07
1.51
0.46
0.72
0.63
0.61
0.78
0.56
0.96
1.28
1.56
0.89
0.76
0.6
1.1
1.76
0.71
0.62
0.35
0.56
0.6
1.12
0.55
0.51
0.83
1.07
0.6
1.68
0.83
1.08
0.5
0.55
0.64
0.58
0.94
0.81
1.8
1.4
0.75
1.81
1.25
0.65
0.51
0.77
0.95
2.12
1.87
0.95
0.71
0.65
0.63
0.59
0.72
0.71
0.45
0.61
1.31
0.8
0.98
0.47
0.41
0.4
0.27
0.2
0.83
1.12
0.43
0.7
1.07
1.2
1.25
0.9
0.75
0.57
0.54
0.51
0.48
0.56
0.77
0.32
0.52
0.5
1.5
1.65
1.65
1
0.88
0.92
0.71
0.83
0.83
0.92
1.57
0.88
0.81
1.25
1.12
1.04
0.63
0.75
0.68
0.53
0.62
0.61
0.73
0.58
1.39
0.65
0.61
1.03
1.35
0.92
0.66
0.82
0.57
1.08
0.92
0.63
0.77
0.73
1.65
1.49
1.7
1.2
0.68
1.1
0.88
1.03
0.93
1.07
0.65
0.86
0.98
2.29
0.65
1.38
1.84
0.57
0.68
1.21
0.84
1
0.88
1
1.14
0.96
1.22
0.85
1.58
0.75
0.44
0.59
0.67
0.91
1.83
1.05
0.96
1.06
1.04
0.8
0.98
0.86
1.11
1.09
0.98
1.48
0.96
1.02
1.1
1.3
1.5
0.99
1.03
1.23
1.05
1.42
1.31
0.9
0.85
0.94
0.63
0.7
0.97
1.23
0.74
0.58
0.92
1.05
1.15
0.88
0.8
1.13
1.07
1.04
0.8
1
1.22
1.12
1.32
1.08
1.05
1.1
0.87
0.89
0.76
0.92
1
0.96
1.09
1.16
1.02
1.36
1.33
0.75
0.93
1.2
0.45
0.54
0.87
1.15
1.03
0.54
1.02
0.35
0.88
0.94
0.72
0.74
0.98
0.97
1.09
1.44
1.42
1.03
1.44
1.18
1.18
1.41
0.93
1.23
1.52
1.08
1.27
1.35
1.17
1.1
1.11
0.99
1.02
1.3
1.37
1.55
1.29
0.88
1.2
0.93
1.26
0.85
1.13
1.53
1.48
1.56
0.82
0.85
0.82
1.04
1.23
1.05
0.84
0.88
0.57
0.6
0.76
0.55
0.96
1.21
1.22
0.73
0.95
0.97
1.93
0.81
1.15
1.45
1.15
1.03
1.09
1.01
0.95
0.82
1.15
1.4
1.42
1.19
0.99
1.28
1.14
0.98
0.9
1.15
1.72
0.97
0.99
0.99
1.15
1.29
1.13
0.74
0.95
0.6
1.07
1.21
0.99
0.94
1.15
1.65
1.32
0.85
1.03
0.79
1.05
0.97
1.06
1.16
0.88
0.9
0.82
0.81
0.97
0.48
0.74
0.69
0.66
0.65
0.72
0.88
0.73
0.61
0.83
0.7
0.84
0.75
1.75
1.35
0.78
0.64
0.67
0.79
1.04
1.03
0.84
0.78
0.66
0.8
1.24
1.92
1.3
0.8
0.83
1.15
1.05
0.88
1.13
1.34
1.01
0.43
0.93
1.08
1.67
1.95
0.9
0.45
1.54
1.2
0.57
0.62
0.52
0.63
0.55
0.56
0.24
0.61
0.45
0.22
0.31
0.35
0.38
0.78
1.19
0.85
0.32
0.37
0.35
0.8
0.8
0.58
0.58
1.29
1.65
0.88
0.35
0.42
0.32
0.26
0.28
0.23
0.3
0.27
0.51
0.39
0.54
0.63
2.06
0.55
0.7
0.21
0.35
0.43
0.43
0.6
1.45
0.55
0.53
0.72
0.26
0.94
0.5
0.34
0.62
0.6
0.47
0.47
0.4
1.61
0.45
0.51
0.51
0.47
0.4
0.37
0.38
0.42
0.58
0.83
0.64
0.4
0.3
0.38
0.54
0.47
0.44
0.97
0.5
0.38
0.63
0.87
1.28
0.83
0.72
0.37
2.26
1.76
1.43
0.75
1.1
2.21
1.03
0.6
1.7
1.6
1.53
0.9
1.08
1.06
0.89
1.42
0.74
0.83
1.53
0.98
0.66
0.78
1.05
0.73
1.01
1.07
0.7
0.68
0.86
1.14
0.36
0.81
1.8
0.99
0.78
1.84
1.95
1
0.85
0.85
0.91
0.94
1.08
1.34
1.18
1.2
0.79
1.55
1.18
0.63
0.75
0.68
0.8
0.97
0.65
0.85
0.93
0.73
1.02
1.18
1
0.57
0.88
0.55
1.29
0.8
1
1.05
1.5
0.82
0.68
0.95
0.99
0.86
1.2
1.46
1.01
1.2
0.93
1.42
0.68
1.84
1.24
2.22
1.63
0.89
1.6
1.66
1.7
1.17
1.42
1.16
1.19
1.75
0.35
1.17
0.94
1.02
1.25
1.12
1.04
0.72
1.23
0.6
1.47
1.37
1.1
0.97
0.85
0.55
0.4
0.82
0.74
0.86
0.83
1.14
0.48
0.81
0.73
0.9
0.99
1.05
1.1
0.85
1.07
0.79
1.18
1.73
1.51
1.13
1.44
0.65
1.25
1.76
1.85
1.33
1.11
0.89
0.75
1.02
1.44
1.33
1.19
0.95
0.88
0.89
1.33
1.43
1.05
1.28
1.75
0.93
0.99
1.39
1.27
1.02
1.54
0.65
1.25
1.15
1.29
1.2
1.66
1.34
1.32
1.37
0.85
1.09
1.38
1.15
1.17
1.08
1.06
1.22
1.27
1.32
1.09
1.07
1.18
1.13
1.13
1.28
1.02
0.86
1.2
1.3
1.1
0.97
1.12
1.01
0.98
1.08
0.81
1.03
1.5
2
1.17
1.2
1.18
1.31
0.85
1.04
1.26
1.2
1.27
1.42
1.64
1.57
1.06
1.08
1.13
1.17
1.43
1.31
0.95
0.84
0.8
1.03
0.83
0.86
0.85
1.15
0.95
1.21
1.29
1.18
0.98
0.98
0.78
0.57
1.23
1.1
1.01
0.89
1.95
1.42
1.63
1.08
0.45
0.93
0.72
0.63
0.74
0.66
0.9
0.62
0.85
0.75
0.64
0.59
0.71
0.65
0.57
0.81
0.98
1.7
1.05
0.91
1.35
1.68
1.18
0.83
0.82
0.58
0.47
0.57
0.29
0.84
1.1
0.98
0.81
0.43
1.23
0.53
1.03
1.01
0.84
1.21
0.53
0.65
0.96
0.52
0.7
1.37
1.83
1.35
1.26
0.47
0.66
0.65
0.9
0.34
0.44
0.8
0.52
0.93
1.77
0.7
1.28
0.72
0.22
1.11
1.04
1.05
0.49
0.38
0.53
0.52
0.74
0.7
1.08
0.43
0.46
2.03
0.81
1.44
1.94
1.21
0.83
0.5
0.28
0.3
0.67
0.45
0.43
0.33
0.37
0.5
0.56
0.38
0.43
0.97
0.44
1.02
0.4
1.14
0.67
0.34
0.44
0.48
0.41
0.45
0.3
0.44
0.4
0.27
0.48
0.83
0.55
0.78
1.3
0.64
1.6
0.55
0.43
1.31
0.37
0.56
0.42
0.52
0.4
0.7
0.38
0.41
0.4
0.52
1.04
1.43
0.37
0.88
0.63
1.04
1.1
1.08
0.83
0.39
0.87
1.17
0.48
0.85
0.73
0.55
0.43
0.56
0.6
0.66
0.61
1.48
0.92
0.8
0.69
1.04
1.27
1.63
0.96
0.68
1.01
1.81
0.97
1.39
0.9
0.8
0.91
0.8
1.02
1.26
1.5
0.86
1.83
1.26
1.01
1.07
0.44
0.96
1.24
0.84
0.46
1.02
0.69
0.5
0.53
0.77
1.21
0.8
0.93
0.75
0.92
0.47
0.49
0.45
1.01
0.48
1.07
1.06
1.48
1.1
1
1.18
1.13
0.83
1.08
0.96
1.05
0.98
0.82
0.75
0.81
1.25
1.05
0.9
1.09
1.78
1.5
1.12
1.16
0.93
0.66
0.65
0.76
0.88
0.72
0.88
1.09
1.06
0.81
0.85
0.91
0.85
1.01
0.71
1.57
2.35
0.48
0.49
0.71
1.05
1.44
0.94
0.79
1
1.06
0.87
0.88
0.82
0.55
0.85
1.02
1.15
1.06
1.17
1.3
1.25
1.17
1.3
0.75
0.78
0.86
0.94
1.19
0.94
1.09
0.79
0.69
1.07
0.85
0.81
0.77
0.84
1.18
1.01
0.85
0.88
0.88
0.78
1.04
0.75
1.22
0.9
0.83
0.58
0.81
0.74
0.8
1.02
0.79
0.53
1.03
0.8
0.68
0.95
0.91
0.76
0.71
0.8
0.63
0.78
0.79
0.88
1.09
1.25
1.34
1.15
1.01
1.09
0.88
1.03
1.39
1.76
0.94
1.02
1.37
1
0.83
0.6
0.89
1.03
0.82
0.89
0.63
0.95
0.79
0.92
0.8
0.89
0.95
1.25
0.83
1.5
0.88
0.94
1.2
0.33
0.53
0.5
0.37
0.91
0.77
0.78
0.54
0.72
0.92
0.87
0.87
0.5
0.53
0.88
0.67
0.79
0.97
0.69
0.91
0.51
0.7
1.04
0.67
1.07
0.91
0.76
0.47
0.83
0.97
0.83
1.01
0.77
1.05
0.56
0.42
0.65
0.79
1.03
0.79
0.48
0.54
0.59
0.59
0.79
0.9
0.87
1.11
0.6
0.61
0.6
0.53
0.7
0.76
1.18
0.63
1.01
1.16
1.06
1.03
1.05
0.48
0.7
0.8
1.7
1.38
0.63
0.56
0.65
0.5
0.36
0.67
0.68
0.6
0.57
1.33
0.62
2.09
1.06
0.63
1.29
1.15
1.92
1.4
1.55
1.85
0.95
0.49
1.14
0.88
0.88
0.93
1.45
1.18
0.9
0.53
0.88
1.55
0.84
0.52
0.38
0.48
0.44
0.42
0.46
0.37
0.35
0.95
0.69
0.36
0.3
0.34
0.3
0.49
0.67
0.73
2.05
0.5
0.55
0.49
2.32
1.65
0.43
0.46
0.91
0.65
0.34
0.58
0.9
0.76
0.41
1.11
0.32
0.6
0.5
0.57
0.3
0.24
0.53
0.31
0.37
0.43
0.43
1.09
1.01
1.09
0.31
0.33
0.44
0.31
0.3
0.4
0.43
0.45
0.38
0.55
0.65
0.94
0.52
0.9
0.57
1.1
1.08
1.52
1.47
0.78
2.2
1.04
0.8
0.71
0.89
0.9
1.51
-99
-99
0.94
1.05
1.1
0.5
0.39
0.53
0.94
0.83
1.33
1.11
0.41
0.54
0.78
0.91
0.91
1.23
0.78
0.84
0.69
0.75
0.48
0.7
0.6
0.76
0.58
0.41
0.52
0.85
0.9
0.92
0.7
0.47
1.2
1.67
0.94
1.03
1
0.92
0.88
0.95
1.28
0.72
0.85
1.19
0.57
0.87
0.92
0.65
0.83
1.13
0.94
0.95
0.85
0.74
0.57
0.74
0.94
0.74
0.97
0.76
0.94
0.45
0.33
0.59
0.55
0.74
1.19
0.71
1.15
0.92
0.83
0.67
0.65
0.81
1
0.95
1.2
1.52
1.92
0.64
0.97
0.79
0.71
0.84
1.03
1.06
0.86
1.12
1.37
0.87
0.73
1.36
1.06
1.22
1.03
1.63
0.84
1.15
0.4
0.8
0.52
0.45
0.34
0.54
0.97
0.67
0.68
1.07
1.34
0.78
0.81
0.93
0.85
0.91
0.71
0.62
0.46
0.34
0.91
0.38
0.44
0.61
0.84
0.82
0.94
0.55
0.85
0.49
0.64
0.47
1.26
1.68
1.01
0.92
1.14
0.96
1.22
1.04
1.08
1.6
0.59
0.75
0.42
0.69
0.65
0.72
0.83
0.71
0.79
0.6
0.93
1.11
0.83
0.96
0.71
0.5
0.77
0.67
0.7
0.6
0.66
0.41
0.93
0.39
0.74
0.69
0.74
0.77
0.56
0.45
0.69
0.69
1.31
0.84
0.78
0.78
1.08
1.43
1.25
0.74
0.9
1.16
1.29
0.92
0.84
0.92
0.6
0.41
0.9
1.12
0.63
0.75
0.75
0.49
0.44
0.49
0.61
0.56
0.64
0.5
0.57
0.66
0.77
0.77
0.36
0.55
0.62
0.66
0.68
0.66
0.65
1.03
0.48
0.56
0.93
0.58
0.34
0.36
0.58
0.5
0.86
0.62
0.61
0.37
0.68
0.51
0.29
0.35
0.33
0.44
0.76
1.16
0.66
1.25
0.89
0.79
0.61
0.92
1.15
0.28
0.64
0.76
0.79
0.53
0.27
0.34
0.41
1.66
0.86
0.38
0.48
0.37
0.29
0.56
0.47
0.34
0.5
0.44
0.9
1.96
1.57
0.73
0.62
0.46
0.81
0.47
0.44
0.96
0.49
0.28
0.98
0.66
0.99
0.37
0.38
0.38
0.41
0.42
0.43
0.7
1.23
0.54
0.19
0.48
1.44
1.1
1.2
1.75
0.95
0.51
1.02
0.54
0.82
0.44
0.47
1.9
0.35
0.36
0.52
1.21
0.55
0.76
0.6
0.23
0.33
0.51
0.34
0.35
0.35
0.35
0.32
0.3
1.12
0.27
1.32
1.66
1.29
0.67
0.64
0.31
0.36
0.35
0.44
0.38
0.44
0.29
0.36
0.38
0.69
0.41
1.28
0.59
1.12
0.85
0.58
1.06
0.71
0.63
0.36
0.98
0.54
0.82
2.14
0.72
0.52
0.71
0.62
1.04
0.53
0.53
0.52
0.63
1.67
1.41
1.34
0.48
0.7
1.13
0.63
0.64
0.54
0.86
0.36
0.61
0.74
1.49
1.21
0.45
1.2
0.91
1.02
0.64
0.66
1.2
0.86
1.41
0.9
0.28
0.74
0.9
1.23
1.6
0.79
0.49
0.57
0.73
0.63
0.47
0.54
1.02
0.83
0.7
0.46
0.49
0.76
0.8
1.26
1.04
1.32
0.69
0.93
1.21
0.84
0.62
0.61
0.45
0.61
0.85
0.92
0.77
0.71
0.76
0.76
0.84
0.87
1.22
1.2
1.21
0.64
0.88
0.78
0.8
0.91
0.73
0.84
1.02
0.63
0.7
0.89
0.86
0.62
0.93
1.24
1.18
0.53
1.12
0.45
1.28
0.72
1.2
0.64
0.82
0.57
0.75
1.07
1.06
0.8
0.73
0.68
1.03
0.85
1.22
1.42
1.12
0.8
0.93
1.14
0.7
0.9
0.79
0.69
0.68
0.6
0.83
0.97
0.99
0.91
0.89
0.81
0.78
0.95
0.73
0.79
0.96
0.74
0.7
0.4
0.35
0.82
0.58
0.78
0.78
0.95
0.56
0.48
0.61
0.54
0.91
0.55
0.83
1.32
0.52
0.93
0.82
0.73
0.84
0.73
0.78
1.18
1.09
0.95
1.03
1.16
0.93
0.94
0.8
0.93
1.3
0.88
1.02
0.88
0.72
0.7
0.73
0.94
0.94
1
0.84
0.72
0.8
0.77
0.85
0.85
1.24
1.18
0.52
0.9
0.98
0.96
0.94
0.68
0.97
0.71
0.65
0.95
0.86
0.6
0.52
0.63
0.6
0.68
0.98
1.4
0.91
0.45
0.68
0.67
0.52
0.56
0.59
0.61
1.03
0.92
0.99
1.06
1.2
1.56
0.86
0.64
0.65
0.83
0.91
0.88
0.72
0.82
0.88
0.83
0.63
0.46
0.63
0.28
0.75
0.71
0.92
0.58
1.34
2.05
1.26
0.77
0.68
0.97
0.73
0.67
1.15
0.96
0.65
0.6
0.49
0.81
0.64
1
0.65
0.55
1.12
0.64
0.72
1.18
0.79
0.71
0.69
0.61
0.58
0.57
0.52
1.24
1
0.69
0.5
0.58
0.95
0.74
1.05
0.47
0.57
0.38
0.32
0.2
0.57
1.04
0.32
0.51
0.52
0.78
1.54
1.39
0.37
0.38
0.29
0.45
0.7
0.36
0.31
0.34
0.43
0.44
0.32
0.19
0.38
0.34
0.18
0.34
0.31
0.81
1.15
0.92
0.36
0.29
1.84
0.83
0.83
0.44
0.35
0.35
0.26
0.39
0.22
0.24
0.33
0.46
0.64
0.3
0.42
0.26
0.33
0.34
0.42
0.41
0.24
0.27
0.28
0.2
0.22
0.27
0.71
0.44
1.04
0.39
0.57
0.47
1.02
0.79
0.35
0.29
0.82
0.75
0.3
0.25
0.66
0.37
0.39
1.34
0.68
2.48
2.37
0.65
0.99
1
1.31
1.01
0.45
0.63
0.63
0.47
0.47
0.41
0.38
0.68
0.83
0.46
0.69
0.74
0.14
0.35
0.24
0.58
0.49
0.83
0.85
0.56
1.74
0.83
0.46
1.98
0.92
0.34
1.15
0.77
1.13
1.76
1.23
0.77
0.34
0.98
0.53
0.7
0.54
0.51
0.71
0.52
0.88
1.38
1.11
0.85
0.68
0.72
0.89
1.49
1.18
0.96
0.8
1.26
0.58
1.24
1.28
0.83
0.79
0.55
0.46
0.75
0.69
0.73
0.69
0.5
0.42
1.04
0.91
1.05
0.55
0.83
0.7
1.19
0.83
1.16
1.05
1.15
0.72
1.76
1.36
0.97
1.72
1.29
0.8
0.73
1.45
1.35
1.31
0.92
1.3
1.36
1.34
0.79
0.67
0.77
0.75
0.56
0.63
0.51
0.86
1.34
0.83
0.39
0.34
1.1
0.31
0.85
0.83
0.74
0.82
0.85
0.56
0.53
0.61
0.7
0.47
0.79
0.68
0.69
0.6
0.89
0.83
0.9
0.9
0.31
0.86
1.48
1.51
0.87
1.19
1.2
0.68
0.7
0.8
0.6
0.84
0.52
0.56
0.59
0.83
0.31
0.89
0.7
0.76
0.63
0.63
0.76
0.64
0.69
0.75
1.34
0.83
1.17
1.04
0.47
0.77
0.85
0.71
0.86
1.54
1.01
1.09
1.05
0.93
0.97
1.02
0.86
0.97
1.09
1.16
0.71
0.76
0.84
0.91
0.68
0.83
0.8
1.08
0.91
1.16
1.03
0.9
0.85
0.94
1.25
1.54
1.05
0.95
1.32
0.68
0.7
0.74
0.77
0.8
1.06
0.98
1.36
1.12
1.19
0.83
0.73
1.21
1.58
0.88
0.59
0.74
0.81
1.16
1.38
0.8
1.15
1.07
1.2
1.02
0.81
0.99
0.86
1.22
1.3
0.74
0.99
0.84
0.84
0.93
1.03
0.85
0.91
1.17
0.73
0.71
0.8
0.76
0.64
0.9
0.85
1.01
0.86
0.81
0.77
0.96
1.45
1.22
1.22
1.4
0.66
1.12
0.55
0.79
0.5
0.76
0.79
0.49
0.72
0.62
0.61
0.69
0.99
1.14
1.16
0.66
0.79
0.77
0.67
0.71
0.41
0.66
0.81
1.32
1.2
0.99
0.69
0.49
0.57
0.91
0.88
0.29
0.58
0.7
1.18
0.84
0.22
1.05
0.8
0.42
0.4
0.5
0.52
0.5
0.5
0.65
1.02
0.44
0.5
0.41
1.89
1.04
0.92
0.46
0.55
0.3
1
0.91
0.5
1.91
0.53
0.36
0.46
0.64
0.89
2.27
2.84
0.61
1.57
0.63
0.39
0.55
0.78
0.48
0.7
0.26
0.29
0.29
0.51
0.59
0.88
0.54
0.39
0.43
0.33
0.3
0.33
0.36
0.73
0.91
0.38
0.81
0.89
0.95
1.42
1.51
1.16
0.47
0.38
0.35
0.33
0.35
0.51
0.45
0.37
0.42
0.53
0.51
0.63
0.33
0.33
1.75
0.52
0.37
0.65
1.09
0.65
1.08
0.64
1.2
0.72
1.05
1.6
1.79
0.74
1.41
1.37
1.39
1.77
1.45
0.71
1.61
0.43
0.94
1.33
0.65
0.51
0.89
0.61
1.75
1.27
2.12
1.07
1.09
0.88
1.22
0.89
1.05
0.95
1.23
1.78
1.17
0.43
0.64
0.47
0.56
0.51
0.48
0.56
0.53
0.25
1.07
0.99
0.64
1.17
0.38
-99
1.22
2.14
1.66
0.71
0.71
0.92
0.57
0.6
0.48
0.8
0.4
1.24
0.81
0.51
0.68
0.7
0.95
0.62
0.92
1.07
1.23
1.43
0.95
1.88
0.89
0.61
0.67
0.8
1.11
1.71
0.77
0.7
0.95
0.58
1.08
1.34
1
1.1
1.11
0.73
0.88
0.96
0.89
0.85
0.81
0.84
0.8
1.18
1.71
1.03
1.09
1.03
0.81
1.05
1.91
1.03
0.82
0.82
1.28
2.18
1.15
0.65
0.56
0.93
0.97
1.02
0.88
0.84
0.98
1.09
1.11
1.51
1.07
0.65
0.85
0.79
1.09
1.42
1.06
0.84
0.92
1.14
0.79
0.8
0.86
0.89
1.07
0.95
1.21
0.35
0.92
0.77
0.81
0.85
1.14
1.05
1.13
1.22
1.07
0.83
0.77
0.76
0.82
1.02
0.99
0.76
0.84
0.59
0.76
1.39
1.29
0.69
0.73
0.99
1.3
0.64
0.89
1.14
1.26
1.2
0.93
0.44
0.77
0.9
1.07
1.06
0.9
0.71
0.4
0.63
1
0.77
0.83
0.73
1.04
1
0.52
1.03
1.69
1.41
0.77
0.55
1.09
1.09
0.88
1.09
1.02
0.82
1.07
1.14
0.98
0.8
0.72
0.73
0.8
0.61
0.92
0.75
1.6
1.36
1.26
0.95
0.7
1
0.81
1.02
0.92
0.7
0.75
0.95
1.16
1.13
0.56
1.02
0.93
1.2
1.17
0.87
0.83
0.72
0.96
1.32
0.74
1.11
1.24
0.93
0.75
0.97
0.57
1.13
1.26
0.74
0.71
0.9
0.83
0.98
1.12
0.58
0.82
0.84
0.45
0.9
1.2
0.7
0.48
0.6
0.66
0.67
0.73
0.76
0.64
0.64
0.41
0.56
0.44
0.43
0.52
0.49
0.94
0.81
0.56
0.72
0.66
0.89
0.6
0.63
0.6
1.09
0.88
0.78
0.85
0.64
0.6
0.89
1.03
0.91
0.53
0.59
0.55
0.74
0.83
0.62
1.11
0.63
0.52
0.83
0.79
0.44
0.95
0.93
0.94
0.6
0.87
0.56
0.26
0.53
1.6
1.5
0.45
0.39
0.52
0.47
0.34
0.42
0.4
1.23
0.71
0.39
1.07
1.44
0.83
0.46
0.53
0.72
0.65
0.69
0.89
0.55
0.47
0.39
0.63
0.48
1.49
1.22
2.15
0.62
0.28
0.27
0.44
0.83
0.54
0.28
0.92
0.6
0.42
0.58
0.53
0.38
0.99
0.75
1.34
0.49
0.22
0.45
0.73
1.25
0.3
0.4
0.46
0.73
0.72
0.6
0.49
1.08
0.64
0.55
0.55
1
0.44
0.56
0.42
0.35
0.34
0.28
0.48
0.41
0.37
0.4
0.9
1.46
1.3
0.91
0.64
0.46
0.44
0.52
0.6
1.31
0.57
0.58
0.79
1.55
1.26
0.75
0.86
1.19
0.41
1.05
0.83
0.58
0.49
0.4
0.58
0.85
0.49
0.37
1.59
1.35
0.78
0.54
0.76
0.77
0.93
0.23
1.14
2.03
1.44
0.96
0.64
1.15
0.73
1.18
1.38
1.55
1.9
0.72
0.56
1.39
1.94
0.97
1.07
0.67
1.34
1.66
1.55
1.25
0.88
1.48
0.47
0.86
1.18
1.01
1.08
1.5
0.96
1.06
1.69
1.14
1.75
1.42
1.41
1.34
0.81
1.5
1.87
1.84
0.93
0.84
0.7
0.81
0.55
0.84
0.82
0.77
0.79
0.91
1.18
0.73
0.93
0.85
1.1
1
1.15
1.64
1.56
0.68
0.99
0.59
0.79
0.66
0.51
0.75
0.51
0.64
0.35
1.24
1.37
1.01
0.7
0.65
0.64
0.61
0.59
0.64
0.74
0.63
0.75
1
1.15
0.63
1.19
1.15
1.3
1.21
1
0.84
0.88
0.74
0.51
0.83
0.92
0.83
0.44
0.74
1.21
0.62
0.88
1.17
0.6
0.98
0.67
0.85
1.06
0.9
0.85
0.93
0.52
0.93
0.78
0.88
1.03
0.98
1.01
0.85
0.91
1.15
0.98
1
1.09
1.33
0.88
1.25
0.87
0.88
1.07
0.9
1.14
0.88
0.76
0.98
1.08
0.9
1
1.1
0.96
1.09
1.13
0.61
0.85
0.8
0.76
0.97
1.25
0.9
1.01
0.83
0.83
0.9
0.81
0.83
0.7
0.69
1.11
1.68
1.22
1.45
1.06
1
1.36
0.99
1.18
1.23
1
0.51
0.65
0.73
0.75
0.8
0.86
0.6
0.8
1.09
1.01
0.94
1.09
0.9
0.62
0.54
0.69
0.85
0.61
0.78
0.84
0.79
0.6
0.83
0.91
0.45
0.8
0.74
0.83
1.2
0.69
0.93
0.79
0.39
0.56
0.72
0.65
0.74
0.66
1.82
1.21
0.85
0.8
0.73
0.84
0.85
1.66
1.13
1.28
0.84
0.86
1.04
1.07
0.91
1.34
0.61
1.25
1.08
1.03
2.02
1.15
0.67
0.71
1.24
1.3
0.89
0.46
0.78
0.59
0.74
0.73
0.59
1.48
0.68
0.49
0.98
0.8
0.45
0.93
0.53
0.54
1.18
0.81
1.38
0.71
0.88
1.31
1.18
0.65
1.01
0.67
0.79
0.29
0.74
0.82
1.03
0.45
0.45
0.55
0.19
0.49
0.63
0.61
0.69
0.33
0.76
0.49
0.38
0.43
0.28
0.4
0.33
0.48
0.37
0.6
0.43
0.39
0.46
0.43
0.69
1.02
0.32
0.45
0.5
1.69
0.63
0.38
0.63
0.37
0.31
0.43
0.71
0.47
0.34
0.31
0.45
0.85
0.69
0.64
1.04
0.9
0.51
0.55
0.71
0.91
0.44
1.33
1.56
0.96
0.59
0.47
0.68
0.69
0.57
0.66
0.77
0.8
0.76
1.27
0.87
0.66
1.08
1.26
0.89
0.76
0.64
0.86
0.75
0.67
1.53
0.72
1.25
0.8
0.37
0.85
0.56
0.86
0.8
1.44
1.61
0.79
0.8
1.04
0.85
0.91
1.2
0.97
0.96
0.78
0.6
0.68
0.65
0.81
0.69
0.74
0.85
0.71
0.74
0.83
0.76
1.3
1.42
1.97
1.36
0.71
0.64
0.93
1.64
1.23
0.93
0.68
0.9
0.78
1.37
1.1
1.69
1.35
0.99
0.8
0.74
0.78
1.41
1.67
1.12
0.9
0.96
1.01
0.77
1.01
0.88
1.41
0.91
1.79
1.7
0.89
0.87
0.54
0.72
0.38
1.19
0.93
0.88
1.04
0.51
1.27
1.23
1.56
1.52
1.41
1.16
1.29
2.56
2.33
1.04
0.9
1.13
0.78
0.89
1.1
0.72
0.73
1.01
1.73
1.38
1.55
1.59
1.33
1.05
0.73
1.21
1.05
1.09
1.23
1.61
0.88
0.63
0.69
0.96
0.75
1
0.9
0.27
-99
-99
1.19
0.87
1.02
1.07
1.03
1.14
1.31
1.41
1.78
1.49
1.43
1.72
1.21
0.96
1.57
0.66
1.2
0.99
1.22
0.94
0.91
1.02
1.69
1.18
0.85
0.88
1.28
1.19
1.05
1.12
0.8
0.85
0.57
0.64
0.79
1.07
0.96
0.85
1.01
1.34
0.94
1.05
0.81
0.76
0.87
0.92
0.87
0.93
0.54
1.1
1.16
0.74
1.06
1.14
1.43
1.11
0.95
1.15
1.14
1.44
1.09
0.73
0.81
1
1.24
1.28
0.98
0.83
1.11
1.11
1.08
1.04
0.57
1.17
1.43
1.05
1.22
1.54
1.74
1.32
0.97
1.44
1.41
1.59
1.01
1.23
1.04
1.03
0.97
1.15
0.96
1.07
0.38
0.74
0.82
0.74
0.82
0.9
0.56
0.83
0.99
1.2
1.46
1.21
0.83
1.21
1.97
1.52
1.24
0.94
0.99
0.92
0.77
0.69
0.63
0.72
0.66
0.53
1.27
1.22
0.67
1.09
0.84
0.7
0.8
0.68
0.98
1.07
0.93
1.04
0.81
0.7
0.79
1
0.94
0.63
0.72
1.09
1.21
1.14
0.69
0.73
1.11
1.13
0.52
1.74
1.68
0.35
1.79
1.03
0.51
0.56
0.59
0.65
0.41
0.47
0.61
0.33
0.58
0.67
0.88
1.47
0.83
0.54
0.96
0.56
0.46
1.15
0.78
0.79
0.78
1.05
0.41
0.69
0.44
1.25
0.75
0.73
0.78
1.25
0.73
0.42
0.34
0.81
0.76
0.4
0.5
0.88
0.73
1.67
1.01
1.78
1.38
0.53
0.47
0.35
0.79
1.29
0.26
0.72
0.84
0.42
0.63
0.6
0.47
0.4
1.54
2.9
1.88
1.42
0.5
0.24
0.25
0.53
0.41
0.42
0.41
0.5
0.53
0.45
0.56
0.3
0.33
0.6
0.45
0.41
0.64
1.18
0.66
0.57
0.44
0.44
1.02
1.18
0.85
0.84
0.72
2.27
2.49
2.41
2.51
1.27
0.4
0.52
0.32
1.04
0.62
0.54
0.39
0.46
0.46
0.36
0.59
1.3
0.95
1.15
1.24
0.45
0.96
0.56
0.42
0.55
0.79
0.73
0.57
1.61
0.85
1.13
0.55
0.5
0.51
0.65
0.43
0.52
0.54
0.9
0.68
1.27
2.02
1.41
1.91
1.15
1.03
1.05
0.69
1.01
0.75
0.86
0.57
0.66
0.64
0.82
0.48
1.32
1.11
0.68
0.61
0.92
0.72
0.48
0.79
0.7
0.96
0.99
0.61
0.41
0.59
0.72
1.03
0.84
0.88
0.8
0.82
1.24
1.13
1.26
1.1
1.04
0.92
1.05
1.39
1.19
1.12
0.78
0.58
0.81
1.14
0.72
0.64
1.15
1.29
1.14
0.66
1.04
0.97
0.75
1.24
1.22
1.31
1.11
0.8
0.89
0.89
1.24
1.09
0.76
0.77
1
0.53
1.18
1.27
1.12
1.39
0.74
0.68
1.21
0.7
0.76
0.74
0.79
0.87
0.88
1.12
1.2
0.74
0.77
0.77
1.01
0.83
0.98
1.25
0.93
0.66
0.8
0.58
0.93
1.02
1.01
0.44
0.45
0.62
0.87
1.61
0.81
0.81
0.92
0.35
0.85
0.7
0.87
0.61
0.84
0.71
1.09
1.21
0.82
1.13
1.05
0.86
0.94
0.87
0.93
0.98
1.15
1.16
0.81
0.85
1.25
0.85
0.79
0.51
1.25
0.73
0.55
0.36
0.39
1.07
0.95
0.74
1.03
1.04
1.07
0.84
0.7
0.72
1
0.94
1.17
1
0.86
1.04
0.95
1.07
1.23
1.01
1.01
0.96
0.81
0.89
0.6
0.7
1.08
1.09
1.04
0.95
0.89
1.14
1.08
1.09
0.55
1.22
1.2
0.99
1.06
1.17
1.17
0.96
1.04
0.93
1.33
0.99
0.59
0.74
0.76
0.89
0.71
0.76
0.72
0.76
0.88
0.99
0.64
0.49
0.56
0.5
0.62
0.78
0.9
0.59
0.73
0.5
0.86
0.78
0.39
0.56
0.85
1.13
1.05
1.19
0.89
0.66
0.81
0.66
0.73
1.28
0.77
1.19
0.66
0.44
0.61
0.74
0.67
0.65
0.86
1.09
0.81
0.63
0.86
0.81
0.64
0.55
1.22
1.12
1.06
0.54
1.03
0.6
1.35
0.71
0.56
0.46
0.46
0.44
0.52
0.5
0.64
0.93
1.39
1.13
0.84
1.14
0.68
0.6
0.34
0.77
0.51
0.62
0.76
0.78
1.04
0.67
0.5
1
1.28
0.48
0.47
0.52
0.72
0.6
0.78
0.83
1.19
0.6
0.4
0.94
1
1.11
0.85
0.45
0.32
0.4
0.37
0.58
0.38
0.41
0.59
0.74
0.74
0.72
1.09
0.46
0.83
0.98
0.37
0.43
0.37
0.64
0.41
0.93
0.75
1.24
1.55
0.42
0.33
0.53
0.847916666666667
0.735416666666667
0.49375
0.460416666666667
0.883333333333333
0.610416666666667
0.866666666666667
0.945833333333333
1.175
1.39791666666667
0.8625
0.375
0.422916666666667
0.460416666666667
0.691666666666667
0.56875
0.827083333333333
0.479166666666667
0.804166666666667
1.65
1.575
1.23958333333333
1.63125
1.2
0.90625
0.970833333333333
0.370833333333333
0.560416666666667
0.6625
0.697916666666667
0.414583333333333
0.60625
0.516666666666667
0.691666666666667
0.722916666666667
0.752083333333333
1.12708333333333
0.760416666666667
0.36875
1.45416666666667
0.45625
0.485416666666667
0.622916666666667
0.685416666666667
0.43125
1.20208333333333
1.87916666666667
0.891666666666667
1.13958333333333
0.8875
1.28541666666667
0.841666666666667
1.05833333333333
0.691666666666667
1.09791666666667
0.977083333333333
0.51875
0.577083333333333
0.545833333333333
0.691666666666667
0.622916666666667
0.395833333333333
0.86875
0.408333333333333
0.741666666666667
0.529166666666667
0.629166666666667
0.68125
0.920833333333333
0.727083333333333
0.425
0.535416666666667
1.0875
0.591666666666667
0.652083333333333
1.09791666666667
1.3625
1.13333333333333
1.7
0.725
0.83125
0.83125
0.68125
1.07916666666667
1.075
0.9375
0.885416666666667
0.966666666666667
0.960416666666667
1.01041666666667
1.13333333333333
0.804166666666667
0.925
0.858333333333333
0.864583333333333
1.09166666666667
1.40833333333333
1.70833333333333
1.13333333333333
0.270833333333333
1.35
1.03958333333333
1.12083333333333
0.858333333333333
0.791666666666667
0.675
0.575
0.822916666666667
0.935416666666667
0.664583333333333
0.70625
0.722916666666667
0.79375
0.935416666666667
0.8375
0.64375
0.35625
0.75625
0.764583333333333
0.791666666666667
0.802083333333333
0.477083333333333
0.816666666666667
0.929166666666667
1.12083333333333
1.04791666666667
0.845833333333333
1.59583333333333
1.31666666666667
0.914583333333333
0.625
1.19583333333333
1.20625
1.00833333333333
0.804166666666667
0.795833333333333
0.602083333333333
1.54583333333333
1.12708333333333
1
1.66875
0.964583333333333
1.11041666666667
0.977083333333333
0.66875
0.897916666666667
1.10416666666667
0.86875
0.570833333333333
0.695833333333333
0.972916666666667
1.38541666666667
1.025
0.985416666666667
1.01041666666667
0.872916666666667
0.785416666666667
0.858333333333333
0.91875
0.870833333333333
1.06666666666667
0.683333333333333
0.835416666666667
1.07708333333333
0.883333333333333
0.902083333333333
1.00625
0.895833333333333
1.00416666666667
0.947916666666667
1.1125
1.66458333333333
0.991666666666667
0.860416666666667
0.979166666666667
1.07708333333333
1.2875
1.625
1.08125
0.910416666666667
0.98125
1.02083333333333
1.125
0.775
0.583333333333333
1.50416666666667
1.05625
1.01666666666667
1.24583333333333
1.06666666666667
1.1125
1.51458333333333
1.39166666666667
1.45625
0.858333333333333
0.914583333333333
0.816666666666667
1.1625
1.01666666666667
1.19791666666667
1.11666666666667
0.975
1.20833333333333
1.4125
1.16458333333333
1.02916666666667
0.83125
1.38125
0.858333333333333
1.19583333333333
0.941666666666667
1.02916666666667
0.910416666666667
0.991666666666667
1.25833333333333
0.535416666666667
0.929166666666667
0.904166666666667
1.2125
1.05208333333333
0.825
0.566666666666667
0.80625
0.995833333333333
0.89375
0.914583333333333
1.01666666666667
1.34166666666667
1.48333333333333
1.05833333333333
0.854166666666667
1.05625
1.06666666666667
1.03125
1.23125
0.691666666666667
0.891666666666667
0.920833333333333
1.05208333333333
0.966666666666667
1.09583333333333
0.945833333333333
0.941666666666667
0.672916666666667
0.6625
0.770833333333333
0.76875
0.697916666666667
0.775
1.15208333333333
1.24583333333333
0.88125
0.68125
0.835416666666667
0.73125
1.22916666666667
1.36666666666667
1.03333333333333
0.635416666666667
0.772916666666667
1.08958333333333
0.933333333333333
0.472916666666667
0.814583333333333
0.9875
0.804166666666667
0.497916666666667
0.872916666666667
0.447916666666667
0.502083333333333
0.9125
0.591666666666667
0.960416666666667
0.65
1.3
2.06875
1.07083333333333
0.472916666666667
1.24166666666667
1.275
0.927083333333333
0.595833333333333
0.3875
0.66875
0.63125
1.23333333333333
1
0.6
0.51875
0.514583333333333
0.579166666666667
1.39791666666667
2.44375
0.833333333333333
1.20208333333333
1.0125
0.49375
0.61875
0.572916666666667
0.5625
0.458333333333333
1.12291666666667
1.13125
0.297916666666667
0.635416666666667
0.78125
0.414583333333333
0.629166666666667
1.66875
1.6125
1.10833333333333
1.45208333333333
1.38541666666667
1.31875
1.23333333333333
0.81875
0.783333333333333
0.929166666666667
1.38958333333333
0.975
0.925
0.420833333333333
0.4125
0.441666666666667
0.316666666666667
0.452083333333333
0.979166666666667
0.5625
0.716666666666667
0.514583333333333
0.352083333333333
0.45625
1.29375
0.614583333333333
0.3875
0.50625
0.48125
0.508333333333333
0.391666666666667
0.539583333333333
1.03333333333333
0.76875
0.310416666666667
1.04375
0.927083333333333
0.414583333333333
0.420833333333333
0.3375
0.297916666666667
0.345833333333333
0.416666666666667
0.358333333333333
0.352083333333333
0.335416666666667
0.458333333333333
0.3125
0.83125
1.06041666666667
0.322916666666667
0.320833333333333
0.708333333333333
0.277083333333333
0.372916666666667
0.204166666666667
0.429166666666667
0.345833333333333
0.35625
0.364583333333333
0.7125
1.34583333333333
0.729166666666667
0.397916666666667
0.46875
0.510416666666667
1.08541666666667
0.904166666666667
0.527083333333333
0.477083333333333
0.479166666666667
0.38125
0.4
0.395833333333333
0.477083333333333
0.39375
0.65625
1.52291666666667
0.675
0.5125
0.51875
0.454166666666667
0.375
0.4875
0.402083333333333
0.63125
0.502083333333333
0.666666666666667
0.9375
0.670833333333333
0.647916666666667
0.454166666666667
0.71875
0.702083333333333
0.53125
0.675
1.09166666666667
0.520833333333333
0.489583333333333
0.491666666666667
2.19583333333333
1.19166666666667
0.654166666666667
0.360416666666667
0.508333333333333
0.877083333333333
1.48958333333333
0.59375
0.691666666666667
0.695833333333333
0.56875
0.797916666666667
1.175
1.10208333333333
0.983333333333333
0.716666666666667
0.616666666666667
1.03333333333333
0.819565217391304
0.54375
0.310416666666667
0.4625
0.439583333333333
1.31041666666667
0.93125
1.43958333333333
1.13541666666667
1.35833333333333
0.929166666666667
1.14583333333333
0.725
1.0625
1.37291666666667
1.20625
0.766666666666667
1.35625
1.05833333333333
0.854166666666667
0.745833333333333
0.64375
0.945833333333333
0.858333333333333
0.866666666666667
0.795833333333333
0.91875
0.829166666666667
0.541666666666667
0.9125
1.24166666666667
1.06458333333333
1.09791666666667
0.910416666666667
0.627083333333333
0.775
0.989583333333333
0.54375
1.28958333333333
1.6
0.745833333333333
0.85
1.01666666666667
0.647916666666667
0.75
1.04375
0.995833333333333
0.747916666666667
1.26041666666667
0.866666666666667
1.39375
1.72083333333333
0.8375
1.03958333333333
0.860416666666667
0.745833333333333
0.85
0.629166666666667
0.402083333333333
0.729166666666667
0.497916666666667
0.435416666666667
0.53125
1.24166666666667
1.1875
0.81875
0.491666666666667
0.627083333333333
0.860416666666667
1.58958333333333
1.37291666666667
0.939583333333333
0.9875
1.55416666666667
1.01666666666667
0.897916666666667
0.929166666666667
1.15625
1.32291666666667
0.995833333333333
1.06666666666667
0.939583333333333
1.18541666666667
0.670833333333333
1.34166666666667
1.15833333333333
0.804166666666667
0.94375
0.695833333333333
0.9125
1.03958333333333
0.870833333333333
0.904166666666667
0.833333333333333
0.904166666666667
1.2375
0.9875
0.64375
0.927083333333333
0.95625
0.879166666666667
0.885416666666667
0.947916666666667
0.933333333333333
0.939583333333333
0.7875
0.704166666666667
1.12916666666667
1.10416666666667
1.04375
0.841666666666667
0.922916666666667
1.50208333333333
1.06458333333333
1.2125
1.0625
1.11875
1.11875
1.21666666666667
1.29583333333333
1.24791666666667
0.941666666666667
0.925
0.9875
0.910416666666667
0.75625
0.78125
0.966666666666667
0.860416666666667
0.96875
0.908333333333333
0.927083333333333
0.977083333333333
0.90625
0.858333333333333
0.935416666666667
0.70625
1.04583333333333
1.31666666666667
0.889583333333333
1.13125
1.19791666666667
1.1
1.09791666666667
1.02708333333333
1.12083333333333
1.20416666666667
0.9875
0.4875
0.814583333333333
0.914583333333333
0.954166666666667
1.04791666666667
0.970833333333333
1.10833333333333
0.79375
0.954166666666667
0.779166666666667
0.841666666666667
0.76875
0.972916666666667
1.02083333333333
0.758333333333333
0.708333333333333
1.0375
0.73125
1.06458333333333
1.09791666666667
0.491666666666667
0.858333333333333
0.877083333333333
0.804166666666667
0.979166666666667
0.90625
0.983333333333333
0.9875
0.766666666666667
0.725
0.991666666666667
1.05416666666667
0.83125
0.35
0.95
0.48125
1.0375
0.947916666666667
0.88125
1.08541666666667
0.93125
0.814583333333333
0.66875
0.925
0.885416666666667
0.875
0.910416666666667
1.125
0.854166666666667
0.608333333333333
1.38541666666667
0.952083333333333
0.68125
0.7
0.835416666666667
0.827083333333333
1.17291666666667
0.83125
0.64375
1.05833333333333
0.65625
0.759574468085106
0.483333333333333
0.6375
0.545833333333333
0.516666666666667
0.645833333333333
0.6375
0.660416666666667
0.70625
0.470833333333333
0.26875
0.4625
0.38125
0.45
0.579166666666667
0.489583333333333
0.645833333333333
1.00208333333333
1.18958333333333
0.554166666666667
0.502083333333333
0.735416666666667
0.916666666666667
1.01666666666667
0.591666666666667
0.875
0.639583333333333
0.66875
0.525
0.35
0.45
0.414583333333333
0.65
0.85625
0.4625
0.552083333333333
0.95
0.5
0.54375
0.427083333333333
0.904166666666667
1.22291666666667
0.65625
0.502083333333333
0.804166666666667
0.4375
0.372916666666667
0.929166666666667
1.24791666666667
0.7
0.727083333333333
0.735416666666667
0.777083333333333
0.5125
0.572916666666667
0.316666666666667
0.379166666666667
1.02916666666667
0.4375
0.314583333333333
0.81875
0.727083333333333
0.454166666666667
0.566666666666667
0.435416666666667
1.0125
0.716666666666667
0.247916666666667
0.429166666666667
0.4
0.31875
0.5375
0.729166666666667
0.841666666666667
0.25
0.341666666666667
0.295833333333333
0.660416666666667
0.427083333333333
0.3
0.49375
0.825
1.9125
1.47083333333333
0.44375
0.25
0.260416666666667
0.3875
0.435416666666667
0.364583333333333
0.439583333333333
0.664583333333333
0.352083333333333
0.477083333333333
0.614583333333333
