20000101
1.97
1.64
1.84
3.1
2.36
3.35
2.23
1.8
1.6
2.15
1.71
1.66
1.44
2.11
2.29
1.86
3.18
4.82
2.76
2.34
3.7
3.96
3.12
2.7
1.06
2.01
1.42
1.93
3.47
2.12
2.29
2.67
1.68
3.02
2.06
1.67
1.26
1.92
2.24
1.86
3.39
2.53
2.2
2.79
2.26
3.01
4.21
4.59
2.93
3.16
2.26
1.82
1.65
1.65
2.34
3.32
2.4
2.21
1.75
2.04
6.42
2.81
2.96
1.92
2.18
2.5
1.5
1.98
3.03
2.35
2.11
2.28
2.94
2.47
3.1
2.3
2.88
3.01
1.95
2.8
2.78
4.03
3.29
3.14
2.89
3.27
4.81
2.81
3.59
2.04
3.26
2.5
3.79
4.19
4
3.46
2.78
2.55
3.55
2.9
2.74
2.66
4.5
3.73
3.5
4.05
2.36
3.86
4.45
3.29
3.07
2.13
2.79
5.1
3.41
2.61
3.38
3.33
2.4
2.83
1.96
1.99
2.41
2.4
3.21
2.78
2.59
2.48
2.96
4.53
2.52
2.29
2.3
2.57
2.46
2.08
2.36
2.63
3.02
2.04
1.28
1.71
2.51
2.45
2.04
2.99
2.91
3.03
3.11
3.31
2.24
2.51
2.47
2.61
2.32
2.48
3.55
3.77
3.08
2.74
3.34
5.12
2.98
1.86
1.88
2.26
2.92
3.14
2.6
3.22
2.36
2.7
2.58
2.68
1.93
3.18
3.01
2.62
2.91
2.67
2.63
2.96
2.65
2.69
3.2
4.19
2.7
2.71
3.39
3.99
3.4
3.09
3.76
3.85
3.04
2.87
4.3
3.17
2.47
2.52
2.73
2.52
2.75
2.62
2.78
3.45
2.78
3.15
2.69
2.89
3.73
2.69
3.04
3.13
3.39
3.24
3.34
3.41
2.71
2.65
3.01
2.43
3.1
2.72
3.16
3.11
2.8
2.94
2.84
2.69
2.57
2.36
2.28
3.45
2.28
2.78
2.76
2.23
3.12
3.76
3.03
2.73
3.26
2.77
2.77
2.87
3.21
3.1
2.77
2.97
2.41
2.53
2.35
2.19
2.42
2.51
2.29
2.44
2.25
2.64
2.04
1.78
2.78
5.45
2.15
2.1
2.32
2.09
2.02
1.95
1.85
2.14
2.97
2.27
2.29
2.6
2.4
1.6
1.75
2.88
2.44
2.1
2.18
2.24
2.91
1.85
1.65
1.7
2.8
2.65
1.77
2.02
2.18
2.3
4.81
3.92
4.45
3.29
1.21
1.54
2.65
1.91
1.63
2.22
2.81
3.14
2.61
4.87
3.75
2.39
7.42
8.37
4.5
2.7
1.94
1.45
1.66
1.49
2.29
1.57
3.35
2.09
2.04
3.14
2.71
3.29
2.53
3.43
3.69
2.82
2.83
2.29
2.15
1.52
1.82
0.99
1.66
2.6
2.25
1.15
1.43
1.23
2.79
3.81
3.66
2.9
3.36
2.15
3.54
2.73
2.24
3.69
3.25
2.23
1.29
1.98
4.95
3.06
2.69
3.05
3.29
3.37
4.35
5.33
3.14
4.03
2.19
4.02
3.67
4.75
3.24
2.85
2.85
4.1
1.57
3.17
1.78
2.83
1.78
1.97
2.01
1.67
1.92
1.24
2.29
2.19
1.88
2.48
4.84
3.78
4.6
3.71
2.73
3.68
2.89
4.22
2.11
2.28
2.14
3.87
4.05
4.49
2.77
1.57
4.71
4.59
1.75
2.12
2.55
2.29
2.56
5.05
3.07
2.58
2
3.36
3.46
2.86
2.97
2.33
1.94
2.39
2.89
3.67
6.84
4.54
2.99
5.04
4.85
1.65
2.04
3.13
5.55
2.59
2.73
2.78
3.47
4.84
2.3
2.27
2.21
5.11
4.32
2.92
3.74
4.56
4.5
3.02
2.74
5.66
2.96
2.31
2.51
4.63
4.04
2.18
2.7
2.37
2.43
2.86
2.82
2.36
6.62
4.3
3.27
2.83
3.6
3.4
2.42
2.98
2.96
2.44
3.04
1.85
3.26
3.78
3.87
4.01
5.36
2.96
4.21
3.34
2.67
3.04
2.74
3.4
3.33
2.17
1.49
2.59
2.66
2.52
2.72
2.61
2.84
2.61
2.36
2.69
2.92
2.47
4.2
3.13
2.28
2.03
2.62
3.36
3.16
2.56
2.53
2.03
2.33
2.83
2.59
3.08
3.01
3.46
3.19
3.11
3.03
2.9
3.11
3.03
3.18
3.08
3.55
2.76
2.37
3.34
2.86
2.67
2.76
2.9
4.88
3.95
3.55
2.75
3.09
2.65
2.59
2.93
2.67
2.77
3.26
3.03
2.94
2.82
2.68
3.21
2.91
2.86
2.92
3.79
4.13
4.1
3.02
3.26
3.56
3.44
2.75
3.03
3.18
3.12
2.13
3.41
3.16
2.82
3.33
2.24
2.27
2.56
2.03
2.78
2.73
2.46
2.66
2.31
2.62
2.33
3.24
3.03
2.89
2.86
3.47
3.08
2.64
3.19
3.01
3.13
2.73
2.36
2.76
2.93
2.27
3.36
3.07
2.49
2.24
2.87
2.7
2.59
2.33
2.54
2.61
2.48
2.42
3.26
2.91
3.01
2.8
2.97
3.2
3.07
2.98
2.89
2.79
3.33
3.14
2.98
2.51
1.93
2.15
2.48
2.89
3.32
3.26
3.91
3.01
1.55
1.76
2.47
1.76
3.36
2.99
2.62
1.99
2.46
2.08
1.62
1.95
2.45
1.98
2.03
2.06
1.54
1.88
3.82
3.9
1.97
2.74
1.98
1.9
2.11
1.71
2.28
2.44
1.5
2.19
2
2.81
3.71
2.21
3.42
2.34
2.08
1.57
1.72
1.73
1.79
1.32
1.33
2.89
2.79
1.94
2.07
1.53
2.6
2.85
3.29
3.94
2.53
4.63
3.42
2.85
2.3
8.74
4.22
3.05
2.07
2.56
1.85
1.58
2.96
2.94
2.85
2.27
2.96
2.1
3.39
2.06
3.04
1.6
1.43
2.06
3.14
2.52
2.37
1.81
1.06
1.52
1.89
2.03
1.65
2.61
2.53
2.43
4.05
2.42
1.89
1.87
3.27
4.15
3.79
1.77
3.09
4.27
2.52
3.02
4.28
4
2.75
1.46
1.49
1.25
1.53
4.01
0.82
1.66
3.27
1.09
1.06
1.13
2.23
2.61
2.78
2.76
3.03
2.37
1.9
1.56
2.16
2.71
3.15
2.63
2.88
5.87
2.67
2.88
3.83
2.17
2.73
1.3
2.07
3.15
2.4
1.63
2.36
3.87
7.61
3.75
3.19
3.23
2.3
2.02
2.83
2.07
3.84
2.49
1.22
1.99
2.47
1.96
4.95
6.33
2.43
2.51
2.34
2.83
4.27
4.55
2.99
2.16
1.78
1.78
4.84
4.67
2.34
1.55
2.55
2.39
2.15
2.02
1.64
3.4
3.49
3.46
2.68
1.81
4.94
3.68
2.14
2.18
2.23
2.27
2.62
2.15
2.42
2.3
5.67
3.88
2.34
2.64
3.16
4.87
3.4
4.95
3.17
2.44
2.73
3.16
2.72
2.54
3.47
3.77
3.86
2.47
2.36
2.82
2.42
2.26
2.37
2.42
2.68
2.41
2.84
2.7
2.58
2.69
2.96
2.07
2.64
2.64
1.69
1.75
1.85
3.46
2.27
2.92
6.58
5.83
1.82
1.38
1.2
2.79
2.55
2.39
2.07
2.19
3.05
3.04
2.59
2.31
3.01
2.1
3.33
2.59
3.02
3
3.11
2.61
2.46
2.36
2.34
2.26
2.4
2.71
3.6
3.02
4.04
3.77
1.53
3.36
2.86
2.5
2.4
2.6
3.12
3.03
2.54
2.56
2.62
2.34
1.9
2.92
2.47
2.79
2.34
3.1
2.55
3.2
3.61
2.19
1.96
1.67
3.3
3.26
3.37
2.81
2.09
2.57
3.08
2.91
3.22
2.51
3.05
2.93
2.89
3.51
2.88
3.09
2.54
2.68
2.83
2.48
2.51
2.37
3.21
2.74
2.77
3.02
2.62
3.11
2.75
2.91
1.79
1.41
2.13
2.37
2.53
3.52
2.47
2.59
3.22
2.78
2.7
2.88
2.45
2.65
3.09
2.5
2.3
2.91
2.42
2.56
2.3
2.01
2.13
1.35
2.74
2.82
1.84
2.31
2.81
2.47
1.97
2.63
1.5
2.33
2.17
2.75
2.03
2.33
2.17
3.5
2.45
2.07
2.93
2.93
1.98
2.46
1.39
1.9
1.84
2.62
1.71
2.46
1.99
3.21
3.3
2.26
2.48
2.03
1.76
1.38
2.03
1.75
1.44
1.7
2.1
2.17
2.19
1.98
1.55
2.08
2.21
3.78
2.18
1.82
2.12
2.86
2.21
5.87
1.82
1.74
2.01
2.51
5.54
4.36
2.73
3.75
1.83
2.9
1.84
2.18
1.61
2.13
2.32
2.88
2.58
2.01
2.13
1.65
3.61
1.87
2.5
1.56
1.46
1.5
3.74
2.49
1.68
2.58
1.44
2.41
2.11
2.1
3.16
3.73
1.09
1.26
1.51
2.78
2.82
2.89
3.95
4.11
2.13
3.53
3.15
1.84
3.08
1.82
1.82
1.8
1.28
2.46
1.34
2.39
1.7
2.06
3.24
3.05
2.89
1.69
2.43
1.55
3.77
2.82
2.48
3
3.53
3.53
1.51
4.47
3.15
3.89
4.05
2.85
4.6
5.25
4.72
2.15
3.16
3.73
1.29
2
2.54
2.45
3.2
3.02
2.37
1.58
1.63
2.5
1.97
3.08
3.44
4.93
4.82
3.21
3.06
2.62
2.52
2.15
3.81
5.26
5.6
7.03
2.85
2.08
4.35
8.61
3.25
1.76
1.64
1.87
2.17
1.92
1.9
1.2
1.36
1.88
2.45
3.18
2.15
2.3
1.06
5.49
3.46
1.31
1.33
3.29
5.53
5.37
2.52
2.69
2.99
3.32
2.32
2.24
1.56
2.5
3.3
1.97
2.58
2.05
1.72
2.05
2.22
2.39
3.37
2.22
2.73
3.51
2.31
2.92
3.33
2.73
2.51
2.23
2.66
2.23
3.17
2.95
2.39
2.04
1.96
2.51
2.93
8.77
3.05
3.14
4.13
3.06
2.39
3.08
3.92
3.67
2.32
3.42
6.14
6.21
4.99
2.02
2.94
2.44
2.48
2.35
2.36
1.88
2.97
2.84
2.46
2.68
2.57
2.36
4.05
1.99
2.92
2.58
3.2
2.5
6.5
3.97
1.8
2.53
2.7
2.43
2.73
2.67
3.09
2.76
1.81
2.28
2.48
2.61
3.4
2.7
2.66
2.2
2.8
1.76
1.62
2.73
2.3
2.47
2.52
2.61
2.94
2.66
2.48
2.36
2.21
2.2
2.86
2.47
2.27
3.15
2.52
2.93
2.64
3.13
2.63
2.52
2.61
2.85
2.95
2.78
2.78
3.36
2.74
2.36
2.37
2.86
2.85
2.34
2.68
3.44
7.04
2.95
2.92
3.8
2.83
2.93
2.7
3.14
2.05
2.74
3.05
2.88
2.9
2.53
2.46
3.9
2.93
2.73
2.37
2.33
3.03
2.6
2.3
3.3
2.9
2.65
3.24
3.38
3.06
3.01
2.81
2.41
2.62
2.94
2.68
2.52
2.23
2.69
2.45
2.57
3.13
2.38
2.85
2.87
2.6
2.56
2.31
2.48
2.55
2.05
3.07
2.04
2.15
2.68
2.57
2.53
2.46
2.64
2.04
6.44
2.98
3.33
2.11
2.39
2.06
2.81
2.27
2.35
1.59
3.72
4.56
2.73
2.27
1.96
1.66
3.65
2.89
2.07
2.41
1.94
2.11
1.89
1.92
2.74
2.03
2.59
1.91
1.5
1.07
2.24
1.73
0.92
2.95
1.75
3.11
2.08
2.81
1.84
2.81
2.25
2.42
1.82
1.7
0.82
1.33
2.65
4.86
4.98
5.05
3.85
1.87
3.78
2.2
1.57
4.73
2.4
1.39
1.27
1.44
1.74
4.1
3.61
4.36
2.56
1.8
2.6
1.71
1.75
1.31
2.26
1.04
1.51
1.63
1.23
1.88
2.12
1.69
1.29
2.53
1.61
1.44
1.34
1.68
1.61
2.29
2.11
2.47
2.22
4.2
6.13
2.71
2.08
2.36
1.44
1.98
2.57
2.8
2.53
1.24
2.73
3
1.24
2.12
1.85
2.81
3.16
3.01
2.46
1.84
0.89
1.48
2.18
1.68
2.77
5.28
2.58
2.36
3.21
2.74
3.01
2.35
4.1
2.35
2.78
3.71
2.57
2.13
1.62
2.58
1.32
1.86
3.19
2.35
2.21
2.75
4.48
5.98
4.52
2.21
3
5.27
4.53
1.54
3.77
2.67
2.18
2.49
0.95
1.67
2.37
3.16
4.54
3.65
2.22
2.21
2.07
1.96
2.5
2.25
3.21
3.97
1.95
2.5
2.76
2.15
3.19
2.47
2.21
1.35
3.73
2.69
2.48
2.28
2.81
4.68
1.79
4.23
3.54
2.02
1.95
2.32
5.18
6.45
2.57
2.72
2.26
2.75
3.37
2
2.82
2.5
2.04
1.99
1.69
2.74
1.86
2.41
1.84
2.7
3.33
2.33
1.81
2.41
2.32
2.55
3.6
5.73
2.87
2.61
2.52
1.66
4.75
8.04
2.61
2.24
2.8
2.91
3.25
2.03
2.45
2.94
2.81
2.62
2.98
2.69
2.83
2.31
3.79
3.47
3.92
5.52
2.64
4.77
6.14
3.68
2.43
1.62
2.81
2.71
2.99
2.36
2.63
3.11
2.19
2.84
1.83
2.22
5.68
3.66
3.6
5.9
3.22
3.11
2.53
1.95
2.43
2.3
3.3
2.35
2.51
2.41
2.54
2.2
2.79
2.81
2.63
2.39
2.39
3.11
2.26
2.03
2.52
2.5
2.57
1.92
2.2
2.53
2.63
2.82
2.54
2.75
3.06
2.66
2.69
2.67
2.35
2.49
2.59
2.75
3.01
2.64
2.92
2.85
2.65
2.75
3.41
3.11
2.56
3.14
2.87
2.39
2.91
3.4
2.56
2.66
2.75
3.02
2.87
2.44
3.01
2.42
3.3
2.92
4.26
3.1
2.99
2.18
2.74
2.68
2.43
3.09
2.83
2.5
2.9
2.51
2.31
2.43
2.56
2.27
2.57
2.57
2.36
2.85
2.92
2.93
2.71
2.66
3.02
3.43
3.12
1.96
2.94
2.52
3.02
2.73
2.29
3.2
2.89
4.59
3.08
2.5
2.6
2.39
2.57
3.28
3.43
3.24
3.29
2.4
2.75
3.24
3.13
3.55
2.67
2.39
2.34
2.12
2.38
2.15
2.41
3.19
2.49
2.36
3.77
3.26
2.02
1.71
1.79
2.17
1.91
1.47
2.41
2.46
2.33
2.12
2.24
2.26
1.94
2.12
2.23
2.59
2.51
2.52
2.56
2.44
2.18
2.13
2.27
2.09
1.8
1.46
1.78
1.96
1.93
1.81
1.84
2.61
5.25
3.26
1.75
2.17
3.03
3.82
4.67
3.11
1.46
2.26
3.79
2.69
2.81
2.25
1.52
2.77
1.81
1.63
2.78
3.25
1.88
1.79
1.35
2.5
2.28
1.42
1.65
2.72
2.04
2.38
1.92
2.12
1.72
2.65
3.77
4.06
1.55
2.46
1.88
3.35
2.42
1.3
1.29
1.61
2.63
1.89
1.67
2.77
2.28
2.5
2.55
2.11
3.26
2.18
2.16
1.72
1.7
2.15
4.24
3.19
4.43
1.7
2.33
1.48
1.6
1.49
1.41
2.72
3.43
1.54
3.72
3.88
1.74
2.78
3.84
2.92
2.31
2.29
3.12
3.25
3.44
1.84
2.32
1.44
1.6
1.58
1.91
2.15
1.1
1.11
1.35
1.14
1.23
1.93
2.24
1.68
1.8
0.93
0.65
1.71
2.65
1.85
0.85
2.3
1.3
2.04
1.85
4.56
2.41
0.84
1.52
1.21
0.93
1.22
2.27
1.16
1.21
1.25
0.75
0.52
1.96
2.61
1.07
1.69
1.95
1.5
2.43
4.25
2.64
2.34
1.35
1.31
1.74
1.38
1.45
1.31
1.82
0.98
0.8
1.54
1.7
1.08
2.01
1.34
2.23
1.2
2.23
1.35
1.63
1.53
1.36
1.18
0.86
1.55
1.04
0.86
0.75
0.95
1.18
1.01
1.4
1.12
0.93
1.08
1.2
1.36
1.01
1.46
2.3
1.57
1.64
1.28
1.44
1.19
1.55
1.56
1.75
0.98
1.97
1.1
1.41
1.61
4.27
1.8
1.32
1.38
1.4
1.23
2.63
2.57
1.85
2.61
1.85
1.08
0.84
1.3
1.11
1.57
1.27
1.19
1.34
0.98
1.73
1.05
0.78
1.33
1.49
1.24
1.53
1.09
1.35
1.15
1.25
1.4
1.28
1.2
1.44
1.34
1.65
1.03
1.36
1.04
1.24
1
1.1
1.22
0.65
1.09
0.98
1.2
1.01
0.99
0.7
0.63
0.92
1.05
1.03
1.15
1.33
1
0.93
1.58
1.38
1.15
1.09
1.05
0.71
0.85
0.77
0.92
1.02
1.32
0.95
1.09
1.01
0.94
1.31
1.12
1.15
1
0.93
0.98
1.41
1.48
1.29
0.8
1.11
1.24
1.32
1.28
1.06
1.38
0.93
0.73
1.28
1.18
1.2
1.6
1.28
1.05
0.8
1.2
1.52
0.93
1.16
1.1
1.19
0.93
1.22
1.06
0.98
1.14
1.39
1.06
1.06
0.68
0.78
1
1.08
0.87
0.88
1.01
1.24
0.92
0.83
0.7
1.29
0.89
1.08
1.24
0.89
0.85
1.04
0.69
1.03
1.03
1.09
0.98
0.99
0.89
0.95
0.62
0.59
0.89
0.78
1.23
0.92
0.92
1.18
0.88
0.96
0.82
1.15
0.4
0.97
1.05
1.05
0.84
0.85
0.86
0.97
1.03
0.41
0.88
0.97
0.84
0.79
0.86
0.62
0.6
0.62
0.65
0.65
0.7
0.69
0.71
0.75
1.36
0.95
1
0.83
0.55
0.85
0.68
0.78
0.38
0.33
0.69
0.55
0.46
0.43
0.71
0.46
0.78
0.94
0.97
1.03
0.89
0.71
0.84
0.82
0.45
0.66
0.61
0.63
0.65
0.58
1.02
1.09
0.81
0.89
0.88
1.15
1.09
0.9
0.74
1.66
0.39
0.28
0.85
1.4
0.39
0.71
0.6
0.33
0.46
0.52
0.48
1.08
0.6
0.72
1.69
2
1.49
1.12
1.35
0.79
0.61
1.39
1.64
1.37
2.08
1.81
1.07
1.08
1.02
0.75
0.93
1.21
0.97
1.77
1.36
2.2
1.13
0.55
0.67
0.78
1.25
1.3
0.98
0.95
1.5
0.88
0.52
1
0.8
0.81
1.35
2.14
1.55
1.33
0.39
0.53
0.31
1.88
1.23
0.55
0.41
1.12
1.08
0.68
0.96
0.5
0.33
0.84
1.13
0.71
0.64
1.15
0.65
1.48
0.56
0.88
1.2
0.86
1.39
1.54
2.98
1.47
1.65
1.13
0.93
1.21
1.45
1.23
1.5
1.51
0.93
0.6
0.53
0.65
0.82
0.74
1.08
2
2.4
2.26
2.83
1.83
0.75
0.89
1.03
0.76
1.19
1.79
1.54
1.18
1.34
1.75
2.1
2.55
1.3
1.58
0.98
1.02
1.47
3.35
2.38
1.04
0.63
0.76
0.92
0.93
1.32
2.15
1.15
0.83
0.9
1.11
1.92
2.73
1.2
1.23
0.86
2.27
1.01
1.36
1.05
1.12
1.23
1.08
0.95
1.12
0.94
0.81
0.93
1.07
1.23
1.14
1.05
1.03
1.29
1.04
0.87
0.62
1.06
1
0.48
0.68
1.05
0.83
1.42
1.41
1.17
0.76
1.12
1.17
1.05
0.88
1.15
1.68
1.55
1.37
1.19
0.92
1.2
1.4
1.21
1.15
0.88
1.08
1.12
1.05
0.84
0.91
0.92
1.41
0.91
0.95
1.55
0.86
1.2
0.94
1.18
1.03
1.11
1.18
1.58
0.95
1.21
1.06
0.99
1.36
1.06
1.47
1.28
1.48
1.37
0.82
1.18
1.23
0.97
1.17
1.34
0.93
1.53
1.02
1.13
0.71
0.92
1.21
0.9
1.18
1.34
1.09
1.19
0.92
1.1
1
1.08
1.33
1.17
1.2
1.2
1.32
1.01
1.1
0.85
0.92
0.86
1.16
1.04
1.03
0.95
0.76
1.01
1.38
1.04
1.13
1.1
0.9
1.15
1.18
1.25
1.2
1.22
1.11
1.09
1.13
0.89
1.3
1.3
1.45
1.2
1.23
1.13
1.14
0.89
1.18
1.08
1.11
1.44
1.15
1.16
0.43
-99
-99
0.9
0.88
1.12
0.93
0.9
1.13
0.98
1
1.22
1
0.84
0.95
0.91
1
0.78
0.71
0.67
0.97
0.95
0.8
0.71
0.78
0.99
0.76
0.81
1.07
0.9
0.48
1.35
1.33
0.73
0.66
0.78
0.75
1.04
0.95
0.38
0.54
0.99
0.78
0.67
0.61
0.6
0.76
1.2
0.78
2.16
0.88
0.74
0.64
0.75
0.4
0.52
0.76
0.57
0.52
0.82
0.8
0.7
0.68
0.66
0.58
0.69
1.32
0.85
0.84
0.6
0.81
-99
0.74
0.82
0.64
0.65
0.66
0.54
0.86
0.7
0.81
0.75
0.35
1
0.68
0.73
0.8
0.64
0.59
0.65
0.93
1.13
0.51
0.4
0.79
1.46
1.08
0.57
2.06
0.83
1.45
0.94
0.39
0.67
1.23
0.95
0.9
0.95
1.4
0.43
1.41
1.16
1.26
0.59
1.58
1.75
1.71
1.24
1.1
1.03
0.7
0.84
0.8
0.8
1.4
1.01
0.84
1.11
1.3
1.46
1.65
1.11
1.35
0.87
0.53
0.67
1.73
1.06
1.07
1.42
0.87
1.09
1.5
0.96
1.31
0.98
1.7
1.23
0.71
1.54
1.49
1.08
1.01
0.68
0.45
1.33
2.06
1.03
1.55
0.97
0.4
3.65
2.71
1.64
1.01
1.61
1.51
1.14
0.59
0.46
1.64
1.13
0.66
0.66
0.7
1.55
1.78
1.16
1.2
1.98
0.98
3.13
1.18
1.93
1.63
0.76
0.81
1.39
1.28
1.04
0.64
1.47
1.11
1.53
1.48
1.74
0.89
1.38
2.3
1.75
2.27
0.91
1.39
1.32
1.24
1.06
1.21
2.21
1.2
1.01
1.05
1.41
0.91
1.11
1.4
1.54
2.65
4.53
1.83
2.08
1.48
1.4
1.25
0.9
0.91
2.1
2.18
2.03
1.19
1.75
2.8
0.96
1.69
0.75
1.15
0.74
1.49
1.01
0.93
0.99
2.27
0.73
1.53
1.34
0.77
1.15
1.04
0.99
0.95
0.83
0.82
0.88
0.88
0.94
0.86
1.42
1.15
0.65
0.97
0.97
0.93
0.67
0.78
0.83
1.13
1.18
1
1.08
0.73
1.35
1.02
0.64
1.78
1.3
0.85
1.48
1.13
0.81
1.06
1.59
1.26
0.76
1.35
1.33
1.3
1.45
3.4
1.33
0.89
1.42
1.7
1.05
1.23
1.33
1.14
1.12
0.83
1.02
1.08
0.8
0.98
1.11
1.29
1.12
2.11
0.83
0.98
0.81
1.25
1.08
1.32
1.18
1.24
1.18
1.4
1.63
1.43
1.13
1.02
1.2
0.79
1.13
1
1.47
1.3
1.01
1.21
1.28
1.61
1.48
1.1
0.96
1.37
1.05
1.13
1.07
0.9
1.03
1.03
1.2
0.95
0.91
1.2
1.56
1.16
1.15
1.11
1.13
0.9
1.19
1.18
1.17
1.3
1.17
1.1
1.05
0.95
0.57
0.81
1.1
1.05
1.05
0.95
0.74
0.96
1.05
0.47
1.3
0.57
0.45
0.83
1.15
0.58
0.65
1.12
1.12
0.92
0.67
0.82
0.78
1.6
0.85
0.93
0.7
0.94
0.99
0.68
0.63
0.82
0.75
1.01
0.74
0.98
0.86
1.22
1.19
0.72
0.95
0.75
1.08
1.01
0.75
0.48
0.73
0.9
0.71
0.79
1.13
1.39
0.91
0.51
0.98
0.58
0.84
0.53
0.64
0.72
0.84
0.91
0.66
0.7
1.03
0.7
0.83
0.65
0.68
0.78
0.72
0.83
0.72
0.63
1.03
0.54
0.55
0.38
0.86
0.65
0.79
0.55
0.8
0.69
0.65
0.38
0.93
0.75
0.72
0.76
0.68
1.15
1.31
0.95
0.75
1.13
1.01
0.65
0.83
0.89
0.9
0.63
0.85
1.12
0.66
0.37
0.46
0.78
0.7
0.99
1.34
1.33
1.19
0.91
1.35
1.53
1.21
0.96
1.25
0.8
1.14
0.93
1.52
0.61
3.79
2.95
1.62
1.2
0.72
1.58
1.67
0.9
0.69
1.41
0.7
1.48
2.36
1.54
0.92
1.16
1.63
1.4
1.18
0.92
1.1
0.95
1.58
1.21
0.73
0.84
1.46
1.32
1.55
1.1
0.61
0.75
0.42
1.36
1.74
1.08
1.32
1.46
1.9
1.58
1.1
0.99
0.96
1.3
1.12
0.89
0.65
1.25
0.88
1.32
1.42
0.9
0.54
1.2
1.29
0.83
1
2.2
1.49
1.35
0.83
0.92
0.71
0.9
0.86
1.15
1.25
1.02
0.83
0.91
0.86
0.55
0.68
0.84
0.67
1.24
0.89
0.9
0.42
1.02
0.65
0.72
0.76
1.16
1.45
1.12
3.22
5.03
1.61
0.83
1.35
0.99
1.88
1.7
0.8
0.92
1.05
0.9
1.68
0.98
0.9
1.03
0.82
2.53
1.72
1.4
2.92
1.26
1.99
2.14
0.66
0.81
1.3
1.17
1.36
0.94
1.08
1.09
1.35
1.41
0.92
1.71
1.13
1.38
1.5
1.22
1.13
1.7
0.99
0.97
0.67
1.13
1.13
0.88
1.99
1.07
0.9
1.05
0.73
1.1
0.93
0.87
1.19
1.35
1.17
1.18
1.2
1.02
1.03
1.2
1.23
1.2
1.14
1.9
1.33
0.94
1.28
0.94
0.78
0.83
0.53
1.01
0.65
1.28
1.01
0.66
0.87
0.86
1.11
0.87
0.89
0.98
1.18
1.18
0.78
0.86
0.98
0.85
1.08
0.83
1.15
1.19
0.77
1.16
0.84
1.17
1.21
1.5
0.88
0.65
0.95
1
1.03
0.82
0.83
0.97
1.24
1
1.4
1.04
1.06
0.93
1.2
1
1.11
1.18
0.97
1.26
1.04
1.08
1.44
1.32
1.25
1.01
1.24
1.35
1.27
1.22
0.79
1.12
1
0.99
0.99
0.79
1.12
1.06
0.86
1.15
0.93
1.18
1.22
1.17
1.12
1.08
0.99
1.07
1.31
1.29
0.85
0.95
0.98
1.1
1.09
1.44
1.22
1.05
1.03
1.03
1.12
0.85
1.63
0.84
1
0.99
1.25
0.66
0.87
1.07
0.58
1.09
1.13
1.01
0.9
1.03
1.19
1.34
0.95
1.42
0.76
0.95
0.83
1.09
1.43
0.86
0.92
0.94
1.1
0.7
1.33
1.2
1.09
1.04
1.16
0.53
0.5
0.89
1
0.94
0.43
0.32
0.33
0.73
0.6
1.03
0.76
0.98
0.87
0.97
0.75
1.08
0.83
0.98
1.1
0.89
0.74
0.72
1.25
1.05
0.9
0.65
0.58
0.78
1.17
0.92
0.85
0.66
0.55
0.61
0.59
0.55
0.69
0.84
0.89
1.11
0.65
0.93
1.39
0.96
0.56
1.16
0.73
0.74
1.14
0.55
0.75
0.97
0.96
0.98
0.42
0.37
0.88
0.75
0.85
0.89
1.2
0.93
0.95
1.55
1.99
0.58
0.88
1.74
0.95
0.66
0.74
1.7
0.65
1.41
2.64
1.11
1.96
1.57
1.77
0.8
0.48
0.48
0.53
0.53
1.39
0.45
0.63
1.24
1.11
0.7
0.81
1.1
1.23
1.57
0.99
0.79
0.62
0.57
1.14
1.81
2.11
2.49
0.28
0.5
0.46
0.54
0.66
0.45
0.76
1.88
0.67
0.97
0.46
1.08
0.93
1.37
1.3
1.6
1.77
1.28
0.76
0.93
1.49
1.13
1.32
1.55
1.86
2.05
5.77
1.93
2.41
1.87
0.8
0.49
0.53
0.41
0.53
0.27
0.85
1.28
0.56
1.06
2.39
1.98
1.67
2.41
2.05
0.79
0.65
0.61
0.94
0.62
1.32
1.31
0.88
0.96
0.88
1.78
1.19
0.63
0.55
1.48
1.16
0.55
0.4
0.55
0.38
1.06
3.57
2.34
1.03
0.92
1.05
1.01
0.73
0.95
1.45
0.96
1.09
1.72
1.01
1.29
0.89
1.47
0.8
0.81
1.34
1.53
1.44
0.79
0.87
0.74
0.88
0.77
0.83
0.99
0.75
0.98
0.73
0.93
1.11
0.95
0.9
1.32
1.13
1.63
1
1.45
1.13
1.03
0.8
1.25
0.7
0.78
1.05
0.89
1.18
1.22
1.25
1.6
0.96
1.3
0.98
0.92
0.89
0.87
1.12
1.13
1.15
0.88
0.94
1.41
0.89
0.99
1.01
1.23
0.97
0.81
0.91
1.28
0.91
0.83
0.87
0.97
1
1.02
0.78
0.88
0.97
0.89
0.97
0.99
1.13
1.08
1.16
1.05
1.19
1.06
0.89
0.81
0.55
1.07
1.24
0.92
1.43
0.89
1.29
1
1.03
0.95
1.15
1.13
1.03
0.9
0.9
1
0.99
1.05
1.01
0.94
1.05
1.18
1.41
1.06
0.88
1.13
1.05
1.16
0.96
1
1.05
0.85
0.91
0.51
0.28
0.83
0.75
0.95
1.07
1.42
0.9
0.96
1.75
1.11
0.9
0.88
1.07
0.97
1.84
1.13
1.25
1.03
1.2
1.09
0.81
1.25
1.09
1.01
1.18
0.94
0.79
1.08
0.95
0.89
0.9
0.67
0.89
0.94
0.87
1.03
1.17
1.18
0.94
1.3
1.28
1.17
1.15
0.93
0.88
0.78
0.95
0.82
0.96
0.97
1.03
1.15
0.9
0.74
0.85
0.68
1.19
0.98
0.98
0.91
0.78
0.75
0.85
1.13
0.89
0.93
0.55
1.14
0.33
0.78
0.89
0.67
0.98
0.68
0.45
1.07
1.19
1.03
0.72
0.71
0.91
0.78
0.91
0.5
0.97
0.81
0.72
0.76
0.76
0.56
0.76
1
0.87
0.93
0.83
1.02
0.97
0.74
1.02
1.03
1.2
0.84
0.6
1.15
0.86
0.72
0.7
0.65
0.48
0.68
0.7
0.52
0.88
0.81
0.45
0.75
1.62
1.81
1.83
2.12
0.91
1.76
2.8
1.48
0.95
0.53
0.82
0.69
0.65
0.99
1.57
0.4
0.55
0.62
0.67
0.5
1.16
0.93
1.02
1.25
0.58
0.7
1.44
1.08
2.18
1.45
0.92
1.16
1.17
1.18
1.43
1.58
0.81
0.71
1.29
0.88
0.68
0.6
1.93
1.8
1.47
1.24
1.52
1.61
1.36
1.24
1.63
0.97
1.03
1.6
0.8
1.64
1.47
1.43
1.17
1.55
4.64
0.93
0.53
0.65
0.45
1.4
1.88
1.45
1.75
1.39
0.95
1.3
1.19
1.31
1.18
1.14
0.35
0.36
0.33
0.68
1.02
1.29
0.43
0.64
0.54
0.99
1.2
2.08
1.13
2.53
0.98
1.02
0.85
1.44
0.65
2.28
2.65
1.06
0.4
0.79
0.96
3.58
1.13
0.88
1.14
1.24
1.56
0.78
1.44
1.63
1.78
0.78
1.6
2.42
3.11
1.5
2.4
0.6
2.17
2.05
1.25
2.29
1.42
0.76
1.17
0.6
2.32
1.79
1
1.07
0.6
1.36
1.64
1.35
1.17
1.49
1.01
1.04
1.53
1.2
0.46
0.83
0.98
0.93
2.88
2.37
1.2
1.08
3.46
1.8
1.85
1.4
1
1.04
1
1.49
1.66
0.78
1.18
0.94
1.87
1.36
0.71
0.68
0.84
0.8
1.03
0.75
1.2
1.22
1.24
0.7
0.96
1.23
1.15
1.35
1.04
1.24
1.34
1.11
0.78
1.08
1.15
1
1.4
1.1
1.03
0.93
0.95
1.23
1.38
0.91
1.13
0.44
1.1
1.29
1.1
1.15
1.2
1.12
1.38
0.88
1.05
1.19
0.94
1.02
1.38
0.73
1.18
1.01
1.52
1.03
1.03
1
0.98
1.17
0.5
1.12
1
0.5
0.99
0.6
1.18
0.97
0.89
0.77
1.31
1.28
1.28
1.08
1.66
1.48
1.15
0.92
1.05
1.19
1.18
1.2
1.36
1.24
1.07
1.18
1.36
1.15
1.05
1.23
1.14
0.99
1.08
1.34
1.26
1.2
1.17
1.11
1.03
1.13
1.06
1.13
1.15
1.15
1.17
1.27
1.51
1.31
1.08
1.14
1.14
1.09
1.27
1
1.06
0.95
1.04
1.4
0.99
1.3
1.52
1.17
0.83
0.85
1.18
1.08
0.99
1.16
0.77
0.91
1.07
0.9
1
1.19
0.66
0.89
1.11
1.13
0.62
0.91
0.75
0.86
1.67
1.32
1.08
1.06
0.98
0.63
0.93
0.91
1.06
0.91
0.97
1.27
1.39
1.11
0.82
0.96
0.94
0.98
1
0.98
0.79
0.81
0.37
0.83
0.45
0.45
0.71
0.48
1.1
0.93
0.97
0.88
0.6
0.85
0.83
0.7
0.65
0.73
2.1
0.75
0.92
1.23
1.21
1.33
0.89
1.09
2.33
0.86
0.63
0.73
1
0.95
1.11
0.82
0.81
0.67
0.66
0.61
1.02
2.43
0.97
1.03
0.53
0.46
0.65
1.18
0.68
1.05
0.85
0.75
0.61
0.85
0.84
1.32
1.87
2.54
1.35
1.79
1.44
0.63
1.54
1.6
0.94
1.06
0.64
0.65
1.75
1.45
1.22
0.82
1.29
0.94
0.88
1.63
0.79
0.59
1.95
1.7
1.37
0.55
0.96
0.98
0.87
1.04
0.61
0.75
1.45
1.2
0.39
0.63
1.05
1.83
1.83
0.66
1.23
1.47
0.56
0.63
1.22
1.76
1.82
1.72
0.77
0.7
0.5
0.71
0.29
0.3
0.76
1.05
1.18
0.52
1.17
0.71
1.47
1.22
1.44
1.59
1
0.78
1.24
1.18
1.2
1.03
0.66
0.45
1.18
1.55
0.79
1.12
1.02
1.58
1
1.1
1.16
1.04
0.69
0.83
1.72
1.73
1.43
1.39
1.23
0.72
0.78
0.67
0.69
1.23
0.9
0.84
1.2
0.85
0.87
1.75
1.14
1.49
1.36
0.67
2.05
1.7
0.92
1.09
1.55
0.98
1.12
1.11
1.36
1.03
1.21
2.02
0.89
1.5
1.1
2.39
0.76
1.14
1.65
2.36
1.3
1.58
1.24
0.83
1.25
1.46
1.1
1.28
1.26
1.67
1.88
1.3
0.84
0.86
1.43
1.15
1.07
0.93
1
1.01
1.08
1.03
0.99
0.93
1.14
0.91
1.31
1.1
1.32
1.25
1.35
0.65
1.02
1.33
0.98
1.17
1.09
0.74
1.11
2.08
1.25
1.24
1.51
0.58
0.86
1.45
1.12
1.22
1.36
0.98
0.9
1.12
1.2
1.1
1.48
1.21
0.94
1.11
0.91
1.07
1.05
1.06
1.37
1.14
0.91
0.98
1.78
1.15
1.25
1.06
0.84
0.95
1
1.23
1.55
1.15
1.13
0.91
1.16
0.85
1.45
0.77
0.86
0.87
0.8
0.9
0.73
1.04
1.05
0.69
1.11
0.87
0.85
1.03
1.3
1.26
0.95
1.33
1.27
0.72
0.9
1.53
1.1
1.41
0.98
1.15
1.13
1.18
1.39
1.12
1.13
0.89
1.21
0.89
0.97
1.33
1.23
1.13
1.05
1.21
0.94
1.03
1.78
0.85
0.93
0.98
1.01
1.33
1.91
1.42
1.36
0.76
1.16
1.06
0.87
1.06
0.91
1.2
0.79
0.95
1.03
0.97
1.2
0.97
1.14
0.9
0.9
1.25
0.93
1
1.07
1.25
1.03
0.93
1.17
0.98
1.19
1.27
1.05
0.95
0.92
1.17
0.77
1.29
0.96
0.83
0.83
1.3
0.75
1
1.08
0.75
1.03
0.88
0.73
0.96
0.93
1.07
1.28
0.78
0.89
0.85
0.79
0.88
0.99
1.17
1
0.96
0.78
1.17
1.52
1.19
0.94
0.92
0.94
0.57
0.84
0.85
0.86
0.88
1.2
0.93
0.9
0.75
1.14
0.83
1.36
0.79
1.05
0.92
1
1.15
0.9
1.05
0.85
0.97
0.85
0.6
0.88
1.01
0.9
0.88
0.81
0.69
0.41
0.53
1.6
0.99
0.55
0.37
0.66
0.62
0.44
0.46
0.78
1.06
0.59
0.37
0.84
0.82
0.95
0.9
0.66
0.66
0.57
0.38
0.41
0.73
0.62
0.31
0.49
0.34
0.61
1.01
1.55
0.88
0.79
0.64
0.84
0.7
0.52
1.1
0.87
1.29
0.86
1.15
1.44
1.19
1
1.53
1.07
0.96
1.19
1.03
1.26
1.88
1.84
1.8
2.93
2.18
1.47
1.36
1.56
0.77
1.59
1.33
0.99
1.01
0.63
1.16
1.19
1.11
1.52
1.4
1.23
1.65
1.06
1.44
1.7
0.73
0.95
1.45
1.1
1.09
0.73
1.33
1.6
0.91
0.6
1.29
1.2
0.84
1.63
1.25
1.19
1.03
1.27
0.93
0.92
0.51
0.54
0.42
0.67
0.88
1.5
0.67
0.85
1.49
1.91
0.69
2.05
2.83
1.1
1.8
1.35
1.68
1.08
1.26
0.85
1.37
1.33
0.95
1.45
0.97
1.36
1.14
1.09
1.61
1.23
0.92
1.09
1.27
1.19
0.89
1.14
1.18
1.05
1.47
1.79
1.54
1.12
1.31
1.25
1.62
1.55
1.13
1.43
1.08
1.14
0.95
0.95
2.13
1.43
2.6
2.19
1.01
0.86
0.98
1.08
1.38
1.06
1.16
0.98
1.45
1.1
1.18
1.06
0.6
0.93
0.72
1.03
1.96
1.51
0.88
1.13
1.85
0.85
1.23
1.78
1.26
1.85
1.28
1.45
2.45
1.97
1.01
1.38
1
1.75
1.23
1.13
0.95
1.93
1.29
1.49
1.18
1.16
1.04
0.99
1.46
1.14
1.27
1.13
1.2
1.46
1.18
1.44
1.33
1.33
1.53
1.11
0.68
1.62
0.99
0.86
2.29
1.63
1.25
0.85
0.93
0.91
1.12
0.93
1.18
1.3
1.19
1.08
1.4
1.28
1.56
1.2
1.17
1.1
1.23
0.98
1.23
1.45
1.6
1.7
1.1
1.21
1.12
1.13
1.58
0.96
1.37
1.7
1.33
1.25
1.31
1.13
1.11
1.3
1.3
1.1
1.11
0.8
1.03
1.02
1.23
1.31
1.27
1.05
1.33
1.03
1.01
1.45
1.54
1.19
1.23
1.83
1.18
1.1
1.06
1.75
1.48
1.13
1.24
1.21
1.16
1.4
1.38
1.37
1.45
1.37
1.15
1.17
1.33
1.35
1.17
1.25
1.33
1.29
1.1
1.18
1.27
1.05
1.23
1.13
1.04
1.28
0.97
1.25
1.03
1.15
1.01
0.99
1.31
1.09
1.01
1.02
1.31
1.54
1.02
1.15
1
0.65
1.34
1.25
1.07
1.26
1.23
0.97
0.94
1.04
0.88
1.02
0.96
0.95
1.52
1.17
0.81
1.06
0.93
0.8
0.9
0.57
0.67
0.81
0.98
0.68
2.65
1.32
1.36
0.96
0.88
0.81
0.65
0.86
0.78
0.85
0.78
0.85
0.68
0.81
0.44
0.9
0.76
0.65
0.75
0.68
0.99
0.93
0.81
0.71
1.05
1.04
1.18
0.96
0.59
0.59
0.62
0.33
0.78
1.6
2.55
0.86
0.38
1.49
1.7
1.4
0.98
0.68
1.61
0.58
0.78
0.64
0.7
0.95
0.47
0.88
1.18
1.35
0.8
0.63
0.49
0.97
0.91
0.78
0.49
0.58
1.15
0.5
0.38
0.5
0.62
1.23
1.25
0.9
0.87
1.58
1.3
1.72
2.45
1.09
1.58
1.12
0.98
1.08
0.68
0.29
0.66
1.01
1.76
1.88
1.43
0.69
0.51
1.32
1.28
0.82
1.77
0.94
0.76
0.93
1.53
1.24
1.45
0.99
1.12
0.88
1.03
1.24
1.73
1.77
1.49
1.34
1.01
1.3
0.7
1.01
1.05
0.94
1.43
2.16
1.79
1.08
0.79
0.78
1.72
1.27
1.37
2.22
1.45
1.75
1.2
1.36
1.54
1.24
1.55
1.53
2.79
3.59
3.13
1.63
1.69
3.21
2.81
0.77
1.33
1.04
3.1
2.38
1.31
0.85
1.04
0.53
0.8
1.13
1.02
1.08
0.8
1.23
1.53
1.58
0.9
0.95
1.22
3.25
2.47
1.19
0.73
1.73
3.26
1.37
1.38
2.69
2.22
2.26
2.17
1.81
0.92
2.97
1.38
1.2
0.55
3.05
1.18
1.32
1.21
1.29
0.95
1.11
2.34
1.58
1.19
1.33
1.56
2.69
1.73
1.39
1.76
1.49
0.96
1.17
0.97
1.65
1.86
2.43
1.22
1.77
1.8
1.05
1.21
1.16
0.72
0.95
1.22
1.03
1.6
1.3
1.17
1.1
1.85
1.55
1.26
0.96
0.79
1
0.86
0.91
1.11
0.98
1.26
1.19
1.2
1.21
0.94
0.9
1.43
1.51
1.31
1.06
0.4
0.88
1
1.21
1.4
1.27
0.97
0.88
1.73
1.54
1.76
1.7
1.1
0.9
1.39
2.05
0.9
1.35
1.82
1.26
1.37
1.25
1.06
1.1
1.03
0.83
1.11
1.19
1.12
0.9
1.18
0.8
1.12
1.03
1.8
1.66
1.03
1.17
1.08
1.11
1.28
1.43
1.25
1.26
1.48
0.98
1.36
1.09
1.3
1.28
1.17
1.33
1.17
1.22
1.23
1.13
1.22
1.28
0.8
1.31
1.23
1.23
1.32
1.35
1.29
1.09
1.08
1.17
1.05
1.03
1.11
1.14
1.09
1.08
1.23
1.09
1.42
1.11
1.2
1.33
1.09
0.99
1.11
0.95
1.23
0.78
1.4
1.04
1.1
0.78
1.11
1.14
1
1.21
1.18
0.96
1
1.4
1.18
1.28
1.12
1.06
1.39
1.28
0.91
1.02
0.68
0.75
0.88
1.01
1.24
0.97
1.05
1
1.2
1.02
0.63
0.79
1.05
1.03
0.48
0.81
0.96
1.08
1.37
0.81
1.08
1.13
0.83
0.82
0.92
1
0.96
0.83
1.02
0.78
1.09
0.74
1.51
0.98
0.77
1.2
1.54
1.14
0.99
0.94
0.69
0.85
0.68
1.23
0.63
0.69
0.88
0.78
0.94
0.7
0.58
0.53
0.65
0.52
0.74
0.65
1.03
0.71
0.9
0.83
1.38
0.85
0.39
0.49
0.84
0.9
1.14
1.08
2.05
1.33
0.95
0.73
1.08
1.09
1.22
0.73
0.56
0.71
0.94
1.07
1.72
1.19
1.39
0.98
1.72
2.6
1.57
0.85
1
1.25
1.03
1.15
0.84
0.93
0.98
1.38
1.1
1.03
1.35
1.53
1.38
1
0.56
1
0.74
0.41
1.14
1.13
1.2
1.45
0.64
0.46
0.88
0.67
0.56
0.9
1.02
1.21
0.95
1.69
3.76
1
2.05
1.1
1.22
1.58
1.23
0.98
1.06
-99
-99
-99
-99
-99
-99
-99
-99
-99
-99
-99
-99
-99
-99
-99
-99
-99
-99
-99
-99
-99
-99
-99
-99
-99
-99
-99
-99
-99
-99
-99
-99
-99
-99
-99
-99
-99
-99
-99
-99
-99
-99
-99
-99
-99
-99
-99
-99
-99
-99
-99
-99
-99
-99
-99
-99
-99
-99
-99
-99
-99
-99
-99
-99
-99
-99
-99
-99
-99
-99
-99
-99
-99
-99
-99
-99
-99
-99
-99
-99
-99
-99
-99
-99
-99
-99
-99
-99
-99
-99
-99
-99
-99
-99
-99
-99
-99
-99
-99
-99
-99
-99
-99
-99
-99
-99
-99
-99
-99
-99
-99
-99
-99
-99
-99
-99
-99
-99
-99
-99
-99
-99
-99
-99
-99
-99
-99
-99
-99
-99
-99
-99
-99
-99
-99
-99
-99
-99
-99
-99
-99
-99
-99
-99
-99
-99
-99
-99
-99
-99
-99
-99
-99
-99
-99
-99
-99
-99
-99
-99
-99
-99
-99
-99
-99
-99
-99
-99
-99
-99
-99
-99
-99
-99
-99
-99
-99
-99
-99
-99
-99
-99
-99
-99
-99
-99
-99
-99
-99
-99
-99
-99
-99
-99
-99
-99
-99
-99
-99
-99
-99
-99
-99
-99
-99
-99
-99
-99
-99
-99
-99
-99
-99
-99
-99
-99
-99
-99
-99
-99
-99
-99
-99
-99
-99
-99
-99
-99
-99
-99
-99
-99
-99
-99
-99
-99
-99
-99
-99
-99
-99
-99
-99
-99
-99
-99
-99
-99
-99
-99
-99
-99
-99
-99
-99
-99
-99
-99
-99
-99
-99
-99
-99
-99
-99
-99
-99
-99
-99
-99
-99
-99
-99
-99
-99
-99
-99
-99
-99
-99
-99
-99
-99
-99
-99
-99
-99
-99
-99
-99
-99
-99
-99
-99
-99
-99
-99
-99
-99
-99
-99
-99
-99
-99
-99
-99
-99
-99
-99
-99
-99
-99
-99
-99
-99
-99
-99
-99
-99
-99
-99
-99
-99
-99
-99
-99
-99
-99
-99
-99
-99
-99
-99
-99
-99
-99
-99
-99
-99
-99
-99
-99
-99
-99
-99
-99
-99
-99
-99
-99
-99
-99
-99
-99
-99
-99
-99
-99
-99
-99
-99
-99
-99
-99
-99
-99
-99
-99
-99
-99
-99
-99
-99
-99
-99
-99
-99
-99
-99
-99
-99
-99
-99
-99
-99
-99
-99
-99
-99
-99
-99
-99
-99
-99
-99
-99
-99
-99
-99
-99
-99
-99
-99
-99
-99
-99
-99
-99
-99
-99
-99
-99
-99
-99
-99
-99
-99
-99
-99
-99
-99
-99
-99
-99
-99
-99
-99
-99
-99
-99
-99
-99
-99
-99
-99
-99
-99
-99
-99
-99
-99
-99
-99
-99
-99
-99
-99
-99
-99
-99
-99
-99
-99
-99
-99
-99
-99
-99
-99
-99
-99
-99
-99
-99
-99
-99
-99
-99
-99
-99
-99
-99
-99
-99
-99
-99
-99
-99
-99
-99
-99
-99
-99
-99
-99
-99
-99
-99
-99
-99
-99
-99
-99
-99
-99
-99
-99
-99
-99
-99
-99
-99
-99
-99
-99
-99
-99
-99
-99
-99
-99
-99
-99
-99
-99
-99
-99
-99
-99
-99
-99
-99
-99
-99
-99
-99
-99
-99
-99
-99
-99
-99
-99
-99
-99
-99
-99
-99
-99
-99
-99
-99
-99
-99
-99
-99
-99
-99
-99
-99
-99
-99
-99
-99
-99
-99
-99
-99
-99
-99
-99
-99
-99
-99
-99
-99
-99
-99
-99
-99
-99
-99
-99
-99
-99
-99
-99
-99
-99
-99
-99
-99
-99
-99
-99
-99
-99
-99
-99
-99
-99
-99
-99
-99
-99
-99
-99
-99
-99
-99
-99
-99
-99
-99
-99
-99
-99
-99
-99
-99
-99
-99
-99
-99
-99
-99
-99
-99
-99
-99
-99
-99
-99
-99
-99
-99
-99
-99
-99
-99
-99
-99
-99
-99
-99
-99
-99
-99
-99
-99
-99
-99
-99
-99
-99
-99
-99
-99
-99
-99
-99
-99
-99
-99
-99
-99
-99
-99
-99
-99
-99
-99
-99
-99
-99
-99
-99
-99
-99
-99
-99
-99
-99
-99
-99
-99
-99
-99
-99
-99
-99
-99
-99
-99
-99
-99
-99
-99
-99
-99
-99
-99
-99
-99
-99
-99
-99
-99
-99
-99
-99
-99
-99
-99
-99
-99
-99
-99
-99
-99
-99
-99
-99
-99
-99
-99
-99
-99
-99
-99
-99
-99
-99
-99
-99
-99
-99
-99
-99
-99
-99
-99
-99
-99
-99
-99
-99
-99
-99
-99
-99
-99
-99
-99
-99
-99
-99
-99
-99
-99
-99
-99
-99
-99
-99
-99
-99
-99
-99
-99
-99
-99
-99
-99
-99
-99
-99
-99
-99
-99
-99
-99
-99
-99
-99
-99
-99
-99
-99
-99
-99
-99
-99
-99
-99
-99
-99
-99
-99
-99
-99
-99
-99
-99
-99
-99
-99
-99
-99
-99
-99
-99
-99
-99
-99
-99
-99
-99
-99
-99
-99
-99
-99
-99
-99
-99
-99
-99
-99
-99
-99
-99
-99
-99
-99
-99
-99
-99
-99
-99
-99
-99
-99
-99
-99
-99
-99
-99
-99
-99
-99
-99
-99
-99
-99
-99
-99
-99
-99
-99
-99
-99
-99
-99
-99
-99
-99
-99
-99
-99
-99
-99
-99
-99
-99
-99
-99
-99
-99
-99
-99
-99
-99
-99
-99
-99
-99
-99
-99
-99
-99
-99
-99
-99
-99
-99
-99
-99
-99
-99
-99
-99
-99
-99
-99
-99
-99
-99
-99
-99
-99
-99
-99
-99
-99
-99
-99
-99
-99
-99
-99
-99
-99
-99
-99
-99
-99
-99
-99
-99
-99
-99
-99
-99
-99
-99
-99
-99
-99
-99
-99
-99
-99
-99
-99
-99
-99
-99
-99
-99
-99
-99
-99
-99
-99
-99
-99
-99
-99
-99
-99
-99
-99
-99
-99
-99
-99
-99
-99
-99
-99
-99
-99
-99
-99
-99
-99
-99
-99
-99
-99
-99
-99
-99
-99
-99
-99
-99
-99
-99
-99
-99
-99
-99
-99
-99
-99
-99
-99
-99
-99
-99
-99
-99
-99
-99
-99
-99
-99
-99
-99
-99
-99
-99
-99
-99
-99
-99
-99
-99
-99
-99
-99
-99
-99
-99
-99
-99
-99
-99
-99
-99
-99
-99
-99
-99
-99
-99
-99
-99
-99
-99
-99
-99
-99
-99
-99
-99
-99
-99
-99
-99
-99
-99
-99
-99
-99
-99
-99
-99
-99
-99
-99
-99
-99
-99
-99
-99
-99
-99
-99
-99
-99
-99
-99
-99
-99
-99
-99
-99
-99
-99
-99
-99
-99
-99
-99
-99
-99
-99
-99
-99
-99
-99
-99
-99
-99
-99
-99
-99
-99
-99
-99
-99
-99
-99
-99
-99
-99
-99
-99
-99
-99
-99
-99
-99
-99
-99
-99
-99
-99
-99
-99
-99
-99
-99
-99
-99
-99
-99
-99
-99
-99
-99
-99
-99
-99
-99
-99
-99
-99
-99
-99
-99
-99
-99
-99
-99
-99
-99
-99
-99
-99
-99
-99
-99
-99
-99
-99
-99
-99
-99
-99
-99
-99
-99
-99
-99
-99
-99
-99
-99
-99
-99
-99
-99
-99
-99
-99
-99
-99
-99
-99
-99
-99
-99
-99
-99
-99
-99
-99
-99
-99
-99
-99
-99
-99
-99
-99
-99
-99
-99
-99
-99
-99
-99
-99
-99
-99
-99
-99
-99
-99
-99
-99
-99
-99
-99
-99
-99
-99
-99
-99
-99
-99
-99
-99
-99
-99
-99
-99
-99
-99
-99
-99
-99
-99
-99
-99
-99
-99
-99
-99
-99
-99
-99
-99
-99
-99
-99
-99
-99
-99
-99
-99
-99
-99
-99
-99
-99
-99
-99
-99
-99
-99
-99
-99
-99
-99
-99
-99
-99
-99
-99
-99
-99
-99
-99
-99
-99
-99
-99
-99
-99
-99
-99
-99
-99
-99
-99
-99
-99
-99
-99
-99
-99
-99
-99
-99
-99
-99
-99
-99
-99
-99
-99
-99
-99
-99
-99
-99
-99
-99
-99
-99
-99
-99
-99
-99
-99
-99
-99
-99
-99
-99
-99
-99
-99
-99
-99
-99
-99
-99
-99
-99
-99
-99
-99
-99
-99
-99
-99
-99
-99
-99
-99
-99
-99
-99
-99
-99
-99
-99
-99
-99
-99
-99
-99
-99
-99
-99
-99
-99
-99
-99
-99
-99
-99
-99
-99
-99
-99
-99
-99
-99
-99
-99
-99
-99
-99
-99
-99
-99
-99
-99
-99
-99
-99
-99
-99
-99
-99
-99
-99
-99
-99
-99
-99
-99
-99
-99
-99
-99
-99
-99
-99
-99
-99
-99
-99
-99
-99
-99
-99
-99
-99
-99
-99
-99
-99
-99
-99
-99
-99
-99
-99
-99
-99
-99
-99
-99
-99
-99
-99
-99
-99
-99
-99
-99
-99
-99
-99
-99
-99
-99
-99
-99
-99
-99
-99
-99
-99
-99
-99
-99
-99
-99
-99
-99
-99
-99
-99
-99
-99
-99
-99
-99
-99
-99
-99
-99
-99
-99
-99
-99
-99
-99
-99
-99
-99
-99
-99
-99
-99
-99
-99
-99
-99
-99
-99
-99
-99
-99
-99
-99
-99
-99
-99
-99
-99
-99
-99
-99
-99
-99
-99
-99
-99
-99
-99
-99
-99
-99
-99
-99
-99
-99
-99
-99
-99
-99
-99
-99
-99
-99
-99
-99
-99
-99
-99
-99
-99
-99
-99
-99
-99
-99
-99
-99
-99
-99
-99
-99
-99
-99
-99
-99
-99
-99
-99
-99
-99
-99
-99
-99
-99
-99
-99
-99
-99
-99
-99
-99
-99
-99
-99
-99
-99
-99
-99
-99
-99
-99
-99
-99
-99
-99
-99
-99
-99
-99
-99
-99
-99
-99
-99
-99
-99
-99
-99
-99
-99
-99
-99
-99
-99
-99
-99
-99
-99
-99
-99
-99
-99
-99
-99
-99
-99
-99
-99
-99
-99
-99
-99
-99
-99
-99
-99
-99
-99
-99
-99
-99
-99
-99
-99
-99
-99
-99
-99
-99
-99
-99
-99
-99
-99
-99
-99
-99
-99
-99
-99
-99
-99
-99
-99
-99
-99
-99
-99
-99
-99
-99
-99
-99
-99
-99
-99
-99
-99
-99
-99
-99
-99
-99
-99
-99
-99
-99
-99
-99
-99
-99
-99
-99
-99
-99
-99
-99
-99
-99
-99
-99
-99
-99
-99
-99
-99
-99
-99
-99
-99
-99
-99
-99
-99
-99
-99
-99
-99
-99
-99
-99
-99
-99
-99
-99
-99
-99
-99
-99
-99
-99
-99
-99
-99
-99
-99
-99
-99
-99
-99
-99
-99
-99
-99
-99
-99
-99
-99
-99
-99
-99
-99
-99
-99
-99
-99
-99
-99
-99
-99
-99
-99
-99
-99
-99
-99
-99
-99
-99
-99
-99
-99
-99
-99
-99
-99
-99
-99
-99
-99
-99
-99
-99
-99
-99
-99
-99
-99
-99
-99
-99
-99
-99
-99
-99
-99
-99
-99
-99
-99
-99
-99
-99
-99
-99
-99
-99
-99
-99
-99
-99
-99
-99
-99
-99
-99
-99
-99
-99
-99
-99
-99
-99
-99
-99
-99
-99
-99
-99
-99
-99
-99
-99
-99
-99
-99
-99
-99
-99
-99
-99
-99
-99
-99
-99
-99
-99
-99
-99
-99
-99
-99
-99
-99
-99
-99
-99
-99
-99
-99
-99
-99
-99
-99
-99
-99
-99
-99
-99
-99
-99
-99
-99
-99
-99
-99
-99
-99
-99
-99
-99
-99
-99
-99
-99
-99
-99
-99
-99
-99
-99
-99
-99
-99
-99
-99
-99
-99
-99
-99
-99
-99
-99
-99
-99
-99
-99
-99
-99
-99
-99
-99
-99
-99
-99
-99
-99
-99
-99
-99
-99
-99
-99
-99
-99
-99
-99
-99
-99
-99
-99
-99
-99
-99
-99
-99
-99
-99
-99
-99
-99
-99
-99
-99
-99
-99
-99
-99
-99
-99
-99
-99
-99
-99
-99
-99
-99
-99
-99
-99
-99
-99
-99
-99
-99
-99
-99
-99
-99
-99
-99
-99
-99
-99
-99
-99
-99
-99
-99
-99
-99
-99
-99
-99
-99
-99
-99
-99
-99
-99
-99
-99
-99
-99
-99
-99
-99
-99
-99
-99
-99
-99
-99
-99
-99
-99
-99
-99
-99
-99
-99
-99
-99
-99
-99
-99
-99
-99
-99
-99
-99
-99
-99
-99
-99
-99
-99
-99
-99
-99
-99
-99
-99
-99
-99
-99
-99
-99
-99
-99
-99
-99
-99
-99
-99
-99
-99
-99
-99
-99
-99
-99
-99
-99
-99
-99
-99
-99
-99
-99
-99
-99
-99
-99
-99
-99
-99
-99
-99
-99
-99
-99
-99
-99
-99
-99
-99
-99
-99
-99
-99
-99
-99
-99
-99
-99
-99
-99
-99
-99
-99
-99
-99
-99
-99
-99
-99
-99
-99
-99
-99
-99
-99
-99
-99
-99
-99
-99
-99
-99
-99
-99
-99
-99
-99
-99
-99
-99
-99
-99
-99
-99
-99
-99
-99
-99
-99
-99
-99
-99
-99
-99
-99
-99
-99
-99
-99
-99
-99
-99
-99
-99
-99
-99
-99
-99
-99
-99
-99
-99
-99
-99
-99
-99
-99
-99
-99
-99
-99
-99
-99
-99
-99
-99
-99
-99
-99
-99
-99
-99
-99
-99
-99
-99
-99
-99
-99
-99
-99
-99
-99
-99
-99
-99
-99
-99
-99
-99
-99
-99
-99
-99
-99
-99
-99
-99
-99
-99
-99
-99
-99
-99
-99
-99
-99
-99
-99
-99
-99
-99
-99
-99
-99
-99
-99
-99
-99
-99
-99
-99
-99
-99
-99
-99
-99
-99
-99
-99
-99
-99
-99
-99
-99
-99
-99
-99
-99
-99
-99
-99
-99
-99
-99
-99
-99
-99
-99
-99
-99
-99
-99
-99
-99
-99
-99
-99
-99
-99
-99
-99
-99
-99
-99
-99
-99
-99
-99
-99
-99
-99
-99
-99
-99
-99
-99
-99
-99
-99
-99
-99
-99
-99
-99
-99
-99
-99
-99
-99
-99
-99
-99
-99
-99
-99
-99
-99
-99
-99
-99
-99
-99
-99
-99
-99
-99
-99
-99
-99
-99
-99
-99
-99
-99
-99
-99
-99
-99
-99
-99
-99
-99
-99
-99
-99
-99
-99
-99
-99
-99
-99
-99
-99
-99
-99
-99
-99
-99
-99
-99
-99
-99
-99
-99
-99
-99
-99
-99
-99
-99
-99
-99
-99
-99
-99
-99
-99
-99
-99
-99
-99
-99
-99
-99
-99
-99
-99
-99
-99
-99
-99
-99
-99
-99
-99
-99
-99
-99
-99
-99
-99
-99
-99
-99
-99
-99
-99
-99
-99
-99
-99
-99
-99
-99
-99
-99
-99
-99
-99
-99
-99
-99
-99
-99
-99
-99
-99
-99
-99
-99
-99
-99
-99
-99
-99
-99
-99
-99
-99
-99
-99
-99
-99
-99
-99
-99
-99
-99
-99
-99
-99
-99
-99
-99
-99
-99
-99
-99
-99
-99
-99
-99
-99
-99
-99
-99
-99
-99
-99
-99
-99
-99
-99
-99
-99
-99
-99
-99
-99
-99
-99
-99
-99
-99
-99
-99
-99
-99
-99
-99
-99
-99
-99
-99
-99
-99
-99
-99
-99
-99
-99
-99
-99
-99
-99
-99
-99
-99
-99
-99
-99
-99
-99
-99
-99
-99
-99
-99
-99
-99
-99
-99
-99
-99
-99
-99
-99
-99
-99
-99
-99
-99
-99
-99
-99
-99
-99
-99
-99
-99
-99
-99
-99
-99
-99
-99
-99
-99
-99
-99
-99
-99
-99
-99
-99
-99
-99
-99
-99
-99
-99
-99
-99
-99
-99
-99
-99
-99
-99
-99
-99
-99
-99
-99
-99
-99
-99
-99
-99
-99
-99
-99
-99
-99
-99
-99
-99
-99
-99
-99
-99
-99
-99
-99
-99
-99
-99
-99
-99
-99
-99
-99
-99
1.14791666666667
1.69375
1.73958333333333
1.97916666666667
1.34791666666667
1.03958333333333
0.8375
1.0375
2.31875
1.37083333333333
2.11041666666667
2.70833333333333
2.30208333333333
2.12916666666667
1.40833333333333
1.75
1.39583333333333
0.7875
1.58125
0.970833333333333
2.35416666666667
3.51875
2.98541666666667
2.76666666666667
1.54583333333333
1.01666666666667
1.12083333333333
1.55833333333333
2.67083333333333
3.10833333333333
4.1125
3.62083333333333
1.84791666666667
2.15208333333333
0.697916666666667
1.04791666666667
1.33125
1.60625
2.04166666666667
2.73958333333333
2.4125
1.14375
1.15625
1.32708333333333
1.15208333333333
0.564583333333333
2.31458333333333
1.16875
1.42083333333333
0.991666666666667
0.985416666666667
2.275
0.920833333333333
0.70625
0.777083333333333
0.947916666666667
1.01666666666667
1.37708333333333
1.11666666666667
1.33333333333333
1
0.577083333333333
0.572916666666667
0.939583333333333
0.814583333333333
0.725
0.764583333333333
1.58541666666667
1.8625
2.06041666666667
1.00208333333333
1.78541666666667
1.40625
1.77916666666667
1.11666666666667
1.75
1.62708333333333
0.904166666666667
1.10208333333333
1.33958333333333
1.31875
1.19583333333333
1.3
1.0375
1.20833333333333
1.025
1.07916666666667
0.9
0.83125
0.941666666666667
0.985416666666667
1.40625
1.56458333333333
1.05208333333333
1.63541666666667
1.63541666666667
1.11041666666667
1.50208333333333
0.929166666666667
0.45
1.14791666666667
1.72916666666667
1.04791666666667
1.10208333333333
1.32708333333333
1.20833333333333
1.45
1.70416666666667
1.04791666666667
0.991666666666667
1.0625
1.16458333333333
1.25625
1.08333333333333
1.41041666666667
1.05625
1.03958333333333
0.752083333333333
1.09583333333333
1.02708333333333
1.52291666666667
1.14791666666667
1.18125
1.61041666666667
1.55
1.44583333333333
1.3125
1.225
1.19791666666667
1.64791666666667
2.34166666666667
2.30208333333333
2.69791666666667
1.47916666666667
1.57083333333333
2.04791666666667
1.90833333333333
1.77916666666667
2.175
1.65208333333333
1.64791666666667
1.25208333333333
1.14791666666667
2.22916666666667
1.42708333333333
1.175
1.57083333333333
1.41458333333333
1.35625
1.35625
1.3375
1.07291666666667
1.38958333333333
1.38541666666667
1.325
1.35625
1.42708333333333
1.47291666666667
1.28333333333333
1.225
1.71458333333333
1.32916666666667
1.52916666666667
1.7875
1.57916666666667
1.3375
1.12083333333333
1.525
1.50208333333333
0.94375
1.80625
2.05208333333333
1.49791666666667
1.46875
1.71666666666667
1.46041666666667
1.41666666666667
1.53958333333333
1.34791666666667
1.67083333333333
1.24375
1.26041666666667
1.22083333333333
1.24791666666667
1.28541666666667
1.35
1.3125
1.40833333333333
2.00833333333333
1.35208333333333
1.89583333333333
1.46666666666667
1.78125
2.27708333333333
1.60208333333333
1.55416666666667
1.3375
1.34791666666667
1.56458333333333
1.92083333333333
1.79166666666667
1.475
1.51875
1.28333333333333
1.31041666666667
1.46458333333333
1.51666666666667
1.78125
1.46041666666667
1.29791666666667
1.4
1.27708333333333
1.81666666666667
1.38125
1.25625
0.972916666666667
1.34583333333333
1.45416666666667
1.31666666666667
1.13125
0.864583333333333
0.722916666666667
1.08958333333333
1.05625
0.995833333333333
1.17708333333333
1.16666666666667
1.95625
1.66458333333333
1.56875
0.93125
1.31875
1.22708333333333
1.14375
1.05416666666667
1.08541666666667
1.23125
1.57708333333333
1.17916666666667
1.25416666666667
1.44583333333333
0.74375
1.0375
1
1.36666666666667
0.772916666666667
1.15
1.38541666666667
1.48125
0.777083333333333
1.21458333333333
1.46666666666667
1.21458333333333
1.03958333333333
0.93125
1.12083333333333
1.09583333333333
1.39583333333333
1.09166666666667
1.58958333333333
0.5875
1.76041666666667
1.42708333333333
0.714583333333333
0.9125
0.714583333333333
0.629166666666667
1.06875
1.7
1.37083333333333
1.41875
1.08541666666667
1.12291666666667
0.814583333333333
1.19375
1.625
1.28541666666667
1.9125
1.23958333333333
1.025
1.00416666666667
0.7125
0.775
1.19375
1.09375
0.9625
0.860416666666667
0.820833333333333
0.770833333333333
0.829166666666667
0.84375
1.28541666666667
1.15625
0.80625
0.73125
1.025
0.883333333333333
0.914583333333333
1.175
0.754166666666667
0.7
0.70625
1.03958333333333
1.63541666666667
2.20833333333333
2.0375
1.62708333333333
1.10833333333333
1.02708333333333
0.929166666666667
1.88541666666667
0.927083333333333
0.672916666666667
0.88125
1.17291666666667
1.43333333333333
1.45
1.01458333333333
0.929166666666667
1.77916666666667
1.2625
1.12708333333333
0.7
0.858333333333333
0.920833333333333
0.95
1.51458333333333
1.02708333333333
1.02916666666667
1.99375
2.90416666666667
3.76875
1.74583333333333
0.604166666666667
1.8875
1.65833333333333
1.25416666666667
2.8625
3.37083333333333
1.9
1.47916666666667
3.94791666666667
2.91666666666667
3.65416666666667
0.672916666666667
1.5
1.175
0.610416666666667
0.677083333333333
0.745833333333333
0.654166666666667
0.804166666666667
1.16666666666667
2.5375
0.79375
0.520833333333333
1.25
1.09791666666667
1.98333333333333
1.80416666666667
2.69791666666667
2.71666666666667
1.68541666666667
1.32708333333333
0.879166666666667
1.20833333333333
0.558333333333333
1.33333333333333
2.14791666666667
1.40208333333333
1.68541666666667
1.09375
2.52083333333333
3.05208333333333
0.535416666666667
0.991666666666667
0.61875
0.63125
0.875
2.125
1.28125
1.87083333333333
0.966666666666667
0.891666666666667
1.20625
1.225
1.52083333333333
0.864583333333333
0.81875
0.8125
1.32083333333333
0.891666666666667
1.93125
1.40625
2.10833333333333
1.30208333333333
1.91666666666667
1.82291666666667
1.0625
0.91875
0.479166666666667
1.93333333333333
1.63333333333333
0.979166666666667
0.995833333333333
0.858333333333333
0.85625
0.74375
1.1375
1.88541666666667
2.18541666666667
1.26041666666667
1.46666666666667
1.53541666666667
1.04166666666667
2.1125
1.89583333333333
1.41458333333333
1.30416666666667
0.841666666666667
1.04375
0.777083333333333
0.808333333333333
0.952083333333333
1.34583333333333
0.577083333333333
1.24375
1.13958333333333
1.56041666666667
0.65625
0.70625
0.489583333333333
0.63125
0.83125
0.80625
0.672916666666667
0.872916666666667
2.05833333333333
2.24791666666667
2.32916666666667
2.00208333333333
2.11041666666667
1.89583333333333
1.275
2.21875
1.71875
1.34583333333333
1.09166666666667
1.43125
1.10833333333333
0.9
0.729166666666667
1.14791666666667
0.920833333333333
1.42083333333333
3.64791666666667
3.06458333333333
1.46875
0.927083333333333
1.15
1.16875
2.45625
3.11875
2.18541666666667
1.37708333333333
1.50416666666667
1.67083333333333
1.49166666666667
1.34375
1.325
1.42083333333333
1.06666666666667
1.02708333333333
0.75
1.88958333333333
1.5
2.01041666666667
1.98958333333333
2.51666666666667
1.075
1.18333333333333
0.854166666666667
0.864583333333333
1.3625
1.0375
1.125
0.875
0.91875
0.872916666666667
1.70833333333333
1.74791666666667
1.49791666666667
1.2
1.18958333333333
1.56458333333333
1.82916666666667
1.30625
0.985416666666667
1.26458333333333
1.22916666666667
1.29375
1.30208333333333
1.04166666666667
0.991666666666667
1.0125
1.4
1.74583333333333
1.40416666666667
1.05208333333333
1.86666666666667
1.96041666666667
1.6125
1.65
1.28958333333333
1.24791666666667
1.1125
1.23958333333333
1.31875
1.325
1.07083333333333
1.69583333333333
1.46875
1.47291666666667
1.15625
1.53333333333333
1.44375
1.23541666666667
1.46875
1.24375
1.26458333333333
1.42708333333333
1.54375
1.25416666666667
1.18333333333333
1.40416666666667
1.12916666666667
1.18958333333333
1.32708333333333
1.71041666666667
1.68541666666667
1.41041666666667
1.41458333333333
1.42708333333333
2.49375
1.40833333333333
1.63541666666667
1.59583333333333
1.06666666666667
1.19375
1.22083333333333
1.4875
1.6875
1.95208333333333
1.62083333333333
1.6125
1.7125
1.50208333333333
1.38958333333333
1.58125
1.46458333333333
1.5625
1.25833333333333
1.07083333333333
0.98125
1.3625
1.28541666666667
1.32708333333333
1.65416666666667
1.34375
1.38125
1.39583333333333
1.9875
1.44583333333333
1.08125
1.03958333333333
1.21458333333333
1.3125
1.65
1.74375
1.80416666666667
1.54583333333333
1.31458333333333
1.33958333333333
1.39166666666667
1.29583333333333
1.50625
1.77291666666667
1.51041666666667
2.0125
1.35416666666667
2.01458333333333
1.28333333333333
0.914583333333333
1.24791666666667
1.44166666666667
1.39375
1.45833333333333
1.02916666666667
0.88125
1.07083333333333
1.40416666666667
1.69791666666667
1.60625
1.39166666666667
1.57083333333333
1.75625
1.30416666666667
1.14791666666667
0.970833333333333
0.9
1.10625
1.05
0.964583333333333
1.12291666666667
1.02083333333333
1.17916666666667
1.09583333333333
1.00625
0.852083333333333
1.00208333333333
1.57708333333333
1.59583333333333
0.9625
1.32291666666667
1.47708333333333
0.889583333333333
0.9
0.947916666666667
1.06458333333333
1.04166666666667
1.22083333333333
0.985416666666667
1.33958333333333
2.1
1.75
2.33541666666667
1.42708333333333
1.55208333333333
1.41041666666667
1.3625
0.985416666666667
0.816666666666667
0.854166666666667
1.00625
0.560416666666667
0.625
0.764583333333333
0.741666666666667
0.616666666666667
0.9125
1.61875
0.79375
1.025
0.66875
0.822916666666667
0.708333333333333
0.61875
0.691666666666667
1.67916666666667
1.275
0.841666666666667
1.74583333333333
0.735416666666667
0.683333333333333
0.639583333333333
0.504166666666667
0.520833333333333
0.452083333333333
0.625
0.991666666666667
0.702083333333333
1.5375
3.42916666666667
1.74791666666667
1.06041666666667
0.8875
0.827083333333333
1.52291666666667
0.8625
1.07291666666667
0.647916666666667
0.997916666666667
1.10208333333333
2.22708333333333
2.42083333333333
2.0125
1.1875
2
0.995833333333333
1.5875
4.29375
2.10625
1.10208333333333
1.55416666666667
1.46666666666667
0.875
1.26041666666667
1.15416666666667
0.7375
0.6375
0.70625
1.36666666666667
1.39166666666667
0.7
0.59375
0.666666666666667
0.39375
1.77916666666667
2.00208333333333
1.1
1.575
1.00208333333333
0.8625
1.66875
1.44375
0.570833333333333
1.0125
0.916666666666667
1.27708333333333
1.59583333333333
1.72916666666667
2.7125
2.50208333333333
1.74166666666667
1.29166666666667
0.89375
1.60416666666667
2.18541666666667
1.9375
1.78541666666667
