20000101
0.24
0.21
0.13
0.15
0.24
0.2
0.25
0.03
0.23
1.13
0.38
0.13
0.2
0.12
0
0.05
0.3
2.86
1.94
0.25
0.29
0.95
1.31
1.01
0.42
0.15
0.09
0.15
0.36
0.37
0.51
0.39
0.09
0.91
0.52
0.27
0.02
0.18
0.17
0.95
0.39
0.84
0.7
0.19
0.18
0.21
0.2
1.09
0.19
0.46
1.48
0.28
0.26
0.56
0.3
0.43
0.64
0.33
0.29
0.15
1.34
1.39
0.33
0.51
0.53
0.24
0.08
0.62
0.65
0.96
0.77
0.66
0.33
1.18
2.01
1.4
0.43
0.7
1.81
0.24
0.32
0.66
0.09
0.27
0.23
0.02
0.38
0.8
0.38
0.42
0.4
0.4
0.48
0.94
0.44
0.34
0.55
0.54
0.08
0.25
0.01
0.61
0.19
0.55
0.78
0.67
0.76
0.42
0.67
0.35
0.52
0.49
0.58
0.33
0.58
0.51
0.68
0.4
0.44
0.44
0.44
0.46
0.55
0.5
0.15
0.34
0.41
0.24
0.36
0.17
0.11
0.3
0.38
0.35
0.52
0.43
0.43
0.16
0.28
0.52
0.38
0.43
0.47
0.23
0.21
0.61
0.32
0.76
0.16
0.23
0.24
0.11
0.32
0.3
0.23
0.54
0.73
2.42
0.97
0.69
0.69
0.57
1.52
2.32
0.76
0.35
1.37
1.43
0.38
0.48
0.62
0.44
0.21
0.26
0.84
0.9
0.18
0.38
0.15
0.56
0.33
0.1
0.28
0.26
0.4
0.63
0.43
0.43
0.78
0.95
0.65
0.29
0.43
1.03
0.32
0.11
1.03
0.86
0.19
0.14
0.27
0.29
0.38
0.32
0.1
0.4
0.33
0.32
0.54
0.68
0.63
0.4
0.43
0.3
0.16
0.94
1.4
0.91
1.34
0.69
0.43
0.49
0.52
0.3
0.77
0.51
0.55
0.58
0.44
0.46
0.61
0.4
0.36
0.65
0.64
0.4
0.4
0.35
0.6
1.09
0.45
0.31
0.26
0.22
0.33
0.31
0.69
1.21
0.37
0.32
0.74
0.51
0.54
0.5
0.24
0.27
0.27
0.25
0.12
0.1
0.01
0.18
0.2
0.32
0.4
0.48
0.29
0.18
0.24
0.24
0.19
0.58
0.07
0.23
0.18
1.68
1.61
0.56
0.92
2.17
1.23
0.38
0.52
0.69
0.69
0.01
0.69
0.42
0.27
0.31
0.57
0.65
0.47
0.73
1.33
0.02
0.31
0.35
0.41
0.45
0.55
0.21
0.39
1.41
0.59
0.47
0.39
0.75
0.6
1.02
0.63
0.64
0.48
0.61
0.53
0.89
1.24
1.01
0.33
0.75
0.69
1.87
0.73
0.42
0.26
0.57
0.48
1.3
0.36
0.54
0.56
0.27
0.47
0.28
0.66
1.52
0.81
0.64
0.4
0.52
0.98
1.27
0.73
0.63
0.57
0.66
0.34
0.5
0.42
0.47
0.5
0.56
0.73
0.44
0.32
0.8
2.31
0.09
0.56
0.4
-99
0.27
0.66
0.69
3.82
1.97
0.88
0.97
0.64
0.52
1.08
0.5
0.3
0.51
0.74
0.37
0.19
0.05
0.39
0.03
0.24
0.06
0.1
0.26
1.25
0.25
0.28
0.28
0.43
0.5
0.47
0.79
0.55
0.71
4.35
3.77
1.63
3.83
0.45
0.5
0.5
0.66
0.49
1.2
1.11
0.56
0.47
0.74
0.62
1.16
0.42
0.52
0.58
1.09
2
0.52
0.99
0.57
1
1.07
1.64
2.77
0.77
0.82
0.41
0.52
1.1
1.12
1.39
0.5
0.23
0.52
0.11
0.28
0.33
0.48
0.85
0.62
0.41
0.52
0.29
0.27
0.31
0.59
0.49
0.36
0.67
0.45
0.7
0.46
0.42
0.28
0.4
0.45
4.6
1.38
0.67
0.94
0.55
0.57
0.98
0.58
1.16
2.23
0.77
0.9
4.46
3.01
1.13
1.85
0.64
0.9
1.16
0.31
0.47
2.69
2.41
1.06
0.55
0.58
1.1
0.66
0.44
0.63
1
0.71
0.36
0.47
0.36
0.54
0.2
0.36
0.39
0.35
0.61
0.4
0.8
0.93
0.58
0.48
0.68
0.61
0.23
1.98
1.29
0.91
0.22
0.21
0.56
0.59
1.03
0.76
0.68
0.82
0.83
0.69
0.8
1.78
0.45
1.25
0.6
0.66
1.42
0.61
0.65
0.39
0.57
1.88
0.57
0.6
0.66
0.95
1.74
0.6
2.43
1.24
0.84
0.95
1.14
0.83
0.91
0.61
0.76
1.2
1.6
0.78
0.9
1.5
0.84
0.62
0.87
1.59
1.04
0.66
0.68
0.41
0.51
0.69
0.45
0.77
1.03
1.32
0.29
0.63
1.01
0.17
1.27
0.6
0.69
0.72
0.54
0.76
0.63
0.62
0.55
0.7
0.83
0.78
0.72
0.94
1.2
0.97
0.92
0.44
0.56
0.36
1.01
1.98
0.74
0.77
0.88
0.8
0.72
0.76
0.69
0.81
0.43
0.88
0.75
0.91
1
0.97
0.58
0.61
0.51
0.83
0.77
0.45
0.49
2.02
0.8
0.74
0.48
1.48
0.62
1.51
0.63
0.8
2.03
1.3
0.68
0.75
1.47
0.97
1.01
2.99
0.48
0.5
0.46
0.34
0.39
0.4
0.17
0.28
0.59
0.34
0.41
0.19
0.43
0.41
0.96
0.97
0.76
0.1
0.15
0.65
0.46
0.39
0.59
0.51
0.51
0.23
0.59
0.27
0.65
0.87
0.3
0.93
0.92
0.77
0.55
0.44
0.3
0.66
0.24
0.76
0.3
0.33
0.7
0.08
2.9
0.83
0.55
0.45
0.39
0.5
0.48
0.59
5.29
3.28
2.04
1.28
2.26
4.7
2.21
0.41
0.24
0.27
0.23
0.5
0.25
0.37
1.34
0.86
1.05
0.38
0.61
0.52
0.52
0.41
0.53
0.33
0.64
0.31
0.74
0.65
0.75
0.45
0.71
0.53
0.53
0.62
0.76
1.51
1.61
0.78
0.24
0.13
0.45
0.82
0.59
0.65
0.88
1.11
0.71
0.95
0.41
0.78
0.66
0.58
1.57
0.13
0.83
0.5
0
0.05
0.27
0.65
0.59
0.55
0.27
0.39
0.77
0.29
1.74
0.46
1.81
0.69
0.73
0.64
0.78
0.82
1.05
0.62
0.55
0.82
0.88
0.89
0.99
0.84
0.16
0.25
0.79
0.69
0.95
0.65
0.43
1.91
3.73
0.73
0.88
0.68
0.78
1.02
0.89
0.75
0.14
0.15
0.03
0.46
1.29
0.5
4.19
1.24
0.47
0.61
0.27
0.53
0.68
0.67
0.81
0.24
0.66
0.53
1.27
0.67
2.43
1.22
1.22
0.94
1
0.49
0.58
1.21
0.77
0.77
0.81
0.53
0.66
0.96
0.68
1.02
1.25
0.89
0.68
0.81
0.7
0.96
0.35
0.44
0.52
0.75
0.31
0.9
2.46
0.82
0.98
0.86
0.24
0.24
0.13
0.42
1.98
1.29
0.73
0.58
0.86
0.74
0.52
0.41
0.98
1.19
0.99
1.58
1.25
1.79
0.75
1.01
0.38
0.53
0.55
0.69
0.72
2.33
1.42
0.6
0.57
0.42
0.19
0.56
0.13
0.55
0.67
1.04
0.77
0.93
0.74
1.02
2.61
1.22
0.74
1.28
0.85
0.79
0.75
1.61
0.55
0.27
0.46
0.36
0.56
0.67
0.29
0.49
0.22
0.59
0.46
0.28
0.42
0.63
0.72
0.77
0.59
0.53
0.53
0.65
0.57
0.48
0.84
0.48
0.55
0.4
0.64
0.42
0.6
1.45
1.06
0.46
0.71
1.83
1.11
0.28
0.29
0.5
0.89
1.33
0.59
0.61
0.6
0.78
0.49
0.43
0.51
0.41
1.97
4.18
2.18
0.32
1.25
0.78
0.87
0.56
0.74
0.9
0.65
1.07
0.89
0.99
0.68
0.66
0.58
0.53
1.02
0.34
0.32
-99
-99
-99
-99
-99
-99
-99
-99
-99
-99
-99
-99
-99
-99
-99
-99
-99
-99
-99
-99
-99
-99
-99
0.48
0.36
0.51
0.55
0.53
1.36
1.58
0.35
0.48
0.49
0.56
0.63
0.25
0.43
0.67
0.47
0.26
0.02
0.38
0.44
0.44
0.46
0.29
0.49
0.39
0.23
0.19
0.27
2.12
1.89
1.16
0.83
1.43
0.52
0.51
0.76
0.48
0.35
0.22
0.6
0.36
0.81
0.49
0.4
0.11
0.64
1.74
0.77
0.42
0.38
0.34
0.5
0.61
0.51
0.4
0.69
0.71
0.92
0.29
0.43
0.31
0.49
0.65
0.48
0.07
0.1
0.72
0.48
0.3
0.67
1.67
1.19
0.35
5.06
2.67
0.35
0.52
0.49
0.41
1.02
0.57
0.29
0.49
0.53
0.29
0.45
0.47
1.15
0.49
0.89
0.4
1.23
1.28
0.46
0.39
0.32
2.97
0.26
1.29
2.06
0.65
6.34
1.72
0.67
0.26
0.39
0.48
0.21
0.38
0.46
0.97
0.49
0.52
0.2
0.17
0.12
0.07
0.38
0.44
0.15
0.38
0.5
0.39
0.79
0.44
0.45
0.31
0.46
0.43
0.55
0.59
0.54
0.81
1.92
0.32
0.05
0.22
1.02
1.89
0.49
0.58
0.63
0.42
0.59
0.49
0.57
0.7
0.63
0.73
0.57
2.53
4.62
1.99
3.27
3.21
1.75
1.65
2.35
8.2
1.7
0.45
0.39
3.1
3.78
1.25
0.63
0.78
0.57
1.12
0.34
0.22
0.77
0.53
0.82
1
1.63
1.1
0.62
0.58
0.36
0.59
0.64
0.83
0.42
1.78
0.51
0.5
0.32
0.41
0.08
0.58
0.35
0.24
0.5
0.58
0.56
0.63
0.43
0.49
0.63
0.38
0.51
0.7
0.55
0.76
0.47
0.87
0.69
0.85
0.85
0.57
0.36
0.56
0.68
0.82
0.09
0.18
0.47
0.39
2.23
6.48
4.05
1.45
2.85
1.1
0.55
0.49
0.46
0.36
0.72
0.84
0.52
0.75
0.8
0.61
0.74
0.89
0.57
0.54
0.75
0.8
0.7
0.56
0.64
0.75
0.94
0.56
0.84
0.68
0.94
1.44
0.81
0.49
1.93
0.92
0.5
1.56
1.22
0.58
0.32
0.71
1.78
0.98
0.54
0.4
0.46
1.06
1.24
1.92
1.56
0.77
1.06
2.98
3.51
1.89
0.66
0.66
0.51
0.67
0.55
0.35
0.37
0.98
0.19
0.38
0.73
0.45
0.55
0.39
0.44
0.54
0.58
0.49
0.75
0.89
0.92
1.95
1.49
0.81
0.75
0.81
0.69
0.51
0.41
0.83
0.77
0.63
0.77
0.7
1.17
1.78
0.74
0.52
0.42
0.48
0.52
0.66
0.36
0.79
0.93
0.9
0.67
0.91
1.11
1.1
0.57
0.81
0.76
0.4
0.88
0.94
0.84
0.87
0.57
0.83
1.08
1.67
1.09
0.8
1.15
0.87
0.87
1.02
1.06
0.98
0.99
0.64
0.7
0.72
0.78
0.97
1.01
0.91
0.84
0.71
0.69
0.34
0.77
0.68
0.7
0.51
0.73
-99
-99
0.73
0.47
0.79
0.89
0.71
0.65
0.94
0.24
0.27
0.39
0.36
0.81
0.16
0.19
0.36
2.06
1.65
0.97
2.11
0.95
1.04
0.75
0.65
0.86
0.97
0.7
0.49
0.42
0.63
0.98
1.05
0.52
0.43
0.08
0.11
0.05
0.38
0.75
0.89
0.61
0.16
2.38
0.81
0.49
0.78
1.23
0.47
0.42
0.34
0.08
0.19
0.22
0.3
0.86
0.09
0.46
0.4
0.92
0.63
0.41
2.09
0.46
0.05
0.03
0.3
0.19
0.39
1.29
0.41
0.16
0.3
0.37
0.33
0.33
0.15
0.04
0.1
0.07
0.01
0.11
0.09
0.09
0.3
0.42
1.51
0.38
0.18
0.18
0.31
0.65
0.41
0.09
1.16
0.28
0.66
0.67
0.16
0.39
0.29
0.15
0.67
1.15
0.69
0.7
0.71
0.52
0.56
0.51
0.57
0.91
0.76
1.51
2.37
0.94
0.39
1.04
1.07
0.57
1.12
4.46
5.02
3.4
46.9
48.97
38.56
32.97
31.25
40.33
50.86
32.48
-99
41.77
47.63
39.44
41.49
39.78
42.98
37.97
43.12
38.14
34.16
29.47
43.8
43.83
41.32
32.48
35.8
22
31.89
52.67
40.69
29.33
15.83
22.44
27.99
34.3
41.16
40
38.31
40.72
15.74
35.73
37.93
37.8
40.4
24.32
39.96
34.69
30.01
24.9
36.23
44.27
44.3
36.15
47.03
36.67
36.48
34.69
36.27
33.84
26.69
39.73
49.87
23.02
11.14
23.06
36.79
27.96
39.73
32.7
27.7
30.67
42.55
38.34
41.25
40.31
46.95
41.1
34.49
39.55
40.26
38.17
36.05
44.14
34.57
27.63
6.77
25.39
16.78
14.41
30.91
31.89
26.15
29.36
17.65
27.78
33.52
20.03
39.26
24.05
9.83
35.82
24.68
18.63
17.19
12.27
27.27
17.91
23.67
23.32
18.06
22.15
20.81
20.22
33.43
32.1
27.38
15.66
37.89
37
26.81
16.78
54
22.25
16.31
19.39
16.11
20.8
14.07
22.75
26.4
33.39
35.64
24.53
25.52
28.39
29.2
29.18
23.18
28.27
27.2
29.68
43.09
32.67
21.35
18.73
18.35
18.69
22.57
19.33
14.58
31.89
31.48
17.99
24.86
13.43
14.57
29.76
15.17
9.26
5.12
5
33.8
27.52
38.52
46.4
39.25
42.18
39.09
32.5
36.54
28.75
34.85
40.75
20.67
15.94
22.36
30.32
23.15
18.72
14.78
20.74
10.09
15.18
16.26
11.61
4.04
8.39
10.87
17.13
18.01
12.46
15.37
15.75
11.66
10.11
8.62
7.61
6.7
18.37
18.34
19.11
17.14
17.27
18.43
18.3
13.71
6.58
11.19
8.25
13.51
10.66
9.36
11.84
29
25.6
50
23.27
27.26
39.65
24.53
21.47
14.86
18.45
17.14
15.41
15.28
18.2
12.24
9.84
7.84
13.38
12.93
24.97
22.64
17.26
12.81
15.02
10.14
12.01
33.31
26.17
19.18
9.14
21.07
16.68
16.38
48
19.85
14.57
11.9
16.83
12.75
5.54
11.67
16.9
9.73
12.43
12.6
15.31
15.86
11.55
12.99
16.27
10.43
13.02
12.8
16.98
25.07
17.2
19.81
26.17
8.26
25.03
26.45
40.27
49.32
45
35.5
44.88
41.45
37.33
35.92
32.97
43.26
30.62
29.03
31.51
32.59
16.84
14.4
37.18
44.44
44.56
25.34
38.19
38.91
28.39
30.31
32.85
37.17
39.96
32.63
39.23
34.18
36.01
28.36
22.26
24.59
13.62
8.37
24.88
7.65
10.29
14.76
23.08
11.43
9.68
12.92
22.1
17.6
26.74
40.21
44.86
36
42
52.25
-99
48.75
40.6
44.92
40.32
35.38
34.97
36.13
39.23
42.91
44.74
22.72
46.18
43.97
38.66
29.35
37.43
33.23
40.4
29.11
42.4
36.08
15.27
38.47
32.97
36.08
31.07
19.26
10.82
20.83
13.35
20.1
27.99
23.34
18.32
21.87
29.39
19.94
23.7
9.41
26.76
31.88
35.25
29.1
38.62
-99
-99
37.62
37.25
39.14
40.5
34
33.75
43.24
40.12
36.36
29.18
40.02
30.33
42.15
48.04
37.07
37.65
35.39
36.57
39.27
-99
47.22
49.19
42.1
40.96
47.43
-99
-99
32.05
39.82
-99
41.91
44.68
54.4
48
59.5
42.28
28.95
27.9
35.18
31.91
33.96
41.26
43.47
40.05
42.24
-99
-99
-99
45.33
33.09
22.6
49.5
32.09
48.04
34.22
27.36
32.15
25.68
15.96
-99
22.24
30.1
20.01
33.35
16.44
23.26
-99
37.94
44.3
39.86
35.07
47.55
23.07
34.87
39.12
46.19
41.71
34.13
33.57
39.06
30.3
29.69
23.9
30.2
26.2
25.73
31.62
42.82
39.7
37.09
46.55
36.64
29.06
30.93
30.6
27.44
33.44
39.09
30.59
42.7
-99
43
39.17
42.62
40.66
33.08
38.54
42.77
37.96
37.55
43.55
40.9
34.76
29.23
28.44
29.09
39.51
40
44.39
21.95
39.09
35.17
39.36
37.99
43.05
-99
29.29
36
39.95
39.32
30.18
29.05
16.58
24.19
38.37
43.16
28.11
38.03
40.25
38.04
35.17
33.91
34.51
32.2
42.39
46.16
34.96
25.67
24.76
27.17
42.94
48.82
41.4
31.2
32.75
45.15
42.94
41.8
43.27
41.69
35.16
37.35
40.15
35.23
32.54
26.21
38.97
39.06
48.43
36.73
47.52
39.68
39.36
35.45
34.43
39.45
37.29
29.31
18.7
20.8
33.93
43.65
53.5
17.63
21.61
40.62
32
18.41
-99
49.75
30.43
29
45.82
45.86
43.27
50.25
44.31
36.67
19.63
36.05
44.47
44.12
44.96
40.6
37.77
33.95
25.45
18.92
14.26
9.67
18.52
42.11
44.33
31.32
24.38
45.13
43.16
39.15
52.11
41.95
37.44
36.14
39.45
45.71
37.91
38.13
48.56
49.29
40.09
42.13
32.47
50.17
33.26
-99
48.86
43.59
29.71
47
25.08
26.25
41.79
34.55
32.83
40.22
31.81
39.67
28.72
30.91
18.94
35.15
35.08
25.51
20.54
18.69
23.31
32.58
16.09
34.42
31.26
21.49
18.62
-99
34.78
47.61
35.73
32.65
36.86
22.85
42.9
45.95
39.06
40.97
44.22
41.53
45.11
44.6
-99
35.96
10.74
0.75
0.99
0.57
0.59
0.92
0.98
0.74
1.08
0.29
0.46
0.41
0.55
0.58
0.49
0.28
0.36
0.35
0.94
0.72
0.15
0.93
1.32
1.4
1.22
1.28
0.65
0.61
0.57
0.68
1.39
1.98
0.6
0.66
1.24
2.75
2.85
0.88
0.69
0.41
0.72
0.63
0.81
1.54
0.75
0.45
0.22
0.45
1.05
1.6
1.1
0.4
0.3
0.66
0.66
1.05
1.02
0.58
1.53
0.76
0.66
0.36
0.88
0.72
0.77
3.79
2.21
0.74
0.4
0.81
1.22
1.18
0.89
2.39
2.64
0.97
0.98
0.85
0.84
0.97
0.83
0.85
0.72
1.15
1.6
0.89
0.75
0.77
0.66
4.98
3.36
1.77
0.65
0.7
0.52
0.93
0.72
0.44
0.86
0.88
0.73
0.49
0.91
0.5
0.41
0.64
1.23
0.75
1.17
1.77
1.05
1.27
1.02
0.94
1.29
0.86
0.73
1.3
1.23
1.11
0.82
0.41
1.4
1.04
2.03
0.91
1.12
1.29
1.29
0.95
0.85
0.87
0.83
0.72
0.86
0.86
1.16
2.11
1.19
0.86
0.97
1.22
1.61
0.71
0.4
1.79
1.13
0.73
0.81
0.89
1.28
5.02
4.76
1.17
0.49
1.13
0.86
3.85
3.22
1.68
0.66
0.59
0.55
0.82
0.47
0.65
1.01
0.68
0.89
0.78
0.64
0.7
0.52
0.62
0.63
0.67
0.71
0.71
1.13
0.67
0.58
0.61
0.46
0.23
0.83
0.84
0.48
2.53
1.82
1.38
1.15
1.12
1.45
0.81
1.9
2.71
0.93
1.03
1.07
1.08
0.74
0.96
1.22
1.86
2.38
3.54
2.2
1.25
0.82
1.01
1.02
0.97
0.9
0.88
1.09
1.75
0.94
0.6
1.14
0.66
0.66
1.05
0.9
0.76
0.81
1.92
2.32
0.84
1.08
1.61
2.24
1.86
1.03
1.46
1.14
1.08
1.42
3.23
3.79
2.27
2.49
2.65
1.36
1.4
1.33
1.12
1.08
1.04
1.27
1.07
1.6
1.21
1.41
1.37
0.81
1.1
1.17
0.96
1.05
1.01
1.16
0.97
1.09
1.45
1.17
1.16
1.08
1.49
1.34
1.25
1.34
1.3
1.23
1.41
1.62
1.85
0.95
1.02
1.17
1.18
1.2
1.1
0.99
1
1.27
1.3
1.27
1.22
1.29
1.17
1.08
1.57
1.02
0.68
0.69
1.42
1.25
0.86
1.09
1.34
1.27
1.61
2.7
3.39
3.24
3.26
2.6
3.38
2.5
1.11
1.31
1.55
1.01
0.93
0.74
1.51
1.52
1.4
1.28
1.59
1.31
1.2
1.35
1.27
0.48
0.84
1.04
0.44
0.61
2.69
1.38
0.89
0.2
0.94
1.06
1.12
0.34
0.27
0.56
0.59
0.6
0.79
0.54
0.44
0.6
0.5
0.1
0.52
0.59
0.5
0.64
0.74
0.32
0.21
0.69
1.32
3.2
0.66
0.51
0.2
0.07
0.44
0.23
1.5
0.42
1.23
0.71
1.07
0.72
0.01
0.44
0.83
1.51
1.53
0.78
0.49
0.73
1.05
0.68
1.01
0.55
0.66
1.19
1.38
1
0.67
0.42
0.25
0.49
0.76
0.83
0.21
1.57
2.1
1.03
0.34
0.35
0.44
0.6
0.4
0.36
0.67
0.46
1.4
0.96
0.48
1.03
1.16
0.3
0.85
0.61
0.37
0.48
0.76
0.47
1.18
1.31
0.25
0.81
0.77
1.74
0.69
1.01
1.29
0.55
0.54
1.08
3.74
0.68
0.9
0.76
1.74
0.82
0.56
1.59
0.97
0.65
0.78
1.23
2.79
2.05
0.98
1.2
1.05
0.91
0.86
0.82
0.98
0.86
0.51
0.57
0.71
0.89
0.9
1.51
0.67
0.71
0.97
0.92
1.06
0.61
1
0.87
1.05
0.89
1.11
1.06
0.63
0.56
0.7
0.96
1.33
1.09
0.89
0.78
1.17
2.72
0.77
2.17
1.41
0.82
1.03
0.75
0.72
0.36
0.67
0.43
0.54
0.39
0.58
0.75
0.56
1.29
1.13
0.62
1.07
0.88
1.03
1.17
1.47
0.86
1.06
1.08
1.08
0.68
0.88
1.09
0.83
1.11
3.36
1.27
0.89
0.95
1.2
1.18
1.21
2.39
0.28
1.46
7.72
2.92
7.72
2.17
1.16
1.33
1.49
1.36
1.33
1.6
1.25
3.72
5.84
9.41
4.9
1.15
2.06
0.75
0.94
0.63
0.27
1.38
0.56
0.91
0.79
0.75
0.78
1.81
0.75
1.21
1.09
0.99
0.86
0.57
0.25
0.28
0.52
1.36
1.4
1.37
1.02
1.1
0.94
0.69
0.9
0.95
1.14
1.05
0.8
0.7
0.77
1
0.61
1.15
0.16
0.49
1.43
1.15
1.82
4.22
2.2
1.51
1.25
1.35
1.28
1.34
1.23
1.14
0.78
0.83
0.92
1.11
1.06
1.17
0.98
1.05
0.9
1.12
0.92
0.62
1.19
1.76
1.61
0.96
0.93
1.61
3.41
2.19
1.09
0.99
1.04
0.86
1.05
0.97
1.08
0.93
0.95
0.79
0.62
0.61
0.5
0.84
0.54
0.73
0.73
0.85
1.13
0.91
0.92
1.92
1.11
0.87
0.87
0.56
0.66
0.59
1.92
0.62
1.11
0.86
0.9
0.78
1.09
2.18
1.34
0.61
0.71
0.75
0.96
1.32
0.92
0.81
0.67
0.83
1.38
0.6
0.79
1.67
1.56
0.99
0.85
0.99
1.64
0.96
1.52
0.96
0.81
1.22
1.73
0.87
0.66
0.46
0.64
1.11
1.06
1.14
0.67
0.73
0.75
0.53
0.97
2.24
1.93
0.66
0.52
1.09
0.36
0.3
0.46
0.57
0.57
0.49
0.57
0.52
1.41
1.41
1.34
1.36
0.68
0.94
2.31
2.2
2.23
1.78
0.7
1.04
0.8
0.99
1.17
0.58
0.55
0.64
0.65
0.55
1.9
1.63
0.48
0.23
0.22
0.14
0.45
2.06
2.41
2.48
0.84
0.7
0.45
0.62
0.36
0.32
0.33
0.28
0.74
0.73
0.3
1.04
0.59
0.89
1.03
0.45
0.37
0.26
0.31
0.14
1.12
0.5
1.12
1.05
0.99
0.24
0.38
1.17
0.44
0.89
0.7
1.22
5.57
3.9
0.98
1.21
0.97
0.5
0.9
1.87
0.87
0.83
1.59
1.34
0.47
1.96
0.6
2.99
4.39
2.73
0.58
0.45
0.36
1.04
0.7
0.25
1.2
2.87
2.82
3.19
2.74
0.55
0.46
0.56
0.5
0.45
0.38
0.68
0.78
0.62
0.5
1.75
0.37
2.19
4.02
2.13
0.68
0.7
1.22
0.51
0.67
0.37
0.69
0.29
0.24
0.7
1
1.17
0.78
0.85
1.05
0.8
0.63
1.86
1.44
0.39
0.07
0.66
1.49
0.11
0.39
1.24
0.12
0.05
0.07
1.61
1.74
0.64
0.73
0.85
0.48
0.39
0.4
1.35
0.42
0.56
1.54
0.99
0.42
0.95
0.71
0.91
1.18
1.24
1.08
0.91
0.61
2.06
1.87
1.07
1.06
1.4
1.27
1.26
1.23
1.16
1.07
0.96
1.06
0.84
1.08
0.99
1.04
1.4
0.87
0.38
0.75
1.2
1.24
0.73
0.18
0.1
0.49
0.58
0.59
0.39
0.99
1.02
4.92
10.9
5.92
3.3
1.29
0.43
0.2
0.88
0.48
0.95
0.94
0.95
0.67
0.78
0.85
1.11
3.07
0.43
1.12
2.94
1.58
0.85
0.67
0.49
0.63
0.57
1.85
4.2
4.96
3.21
3.26
1.5
0.76
0.63
1.12
0.33
0.59
0.89
1.35
0.83
1.15
0.92
0.91
0.5
0.57
1.03
1.26
1.01
0.51
0.82
0.51
0.83
0.71
0.94
0.72
1.43
0.86
1.25
1.13
0.82
0.76
0.61
0.48
0.17
0.76
0.81
0.28
0.41
0.3
0.2
0.76
1
0.88
0.68
0.31
0.5
2.28
2.83
0.63
0.41
0.83
1.25
0.86
0.78
0.46
0.81
0.66
0.59
1.11
0.56
0.27
0.44
0.96
0.81
2.02
2.71
1.61
0.85
0.26
0.23
2.01
1.03
0.9
0.27
0.58
0.43
0.6
0.95
0.76
0.69
0.83
0.74
0.69
1.98
0.8
1.8
0.92
0.72
0.53
0.65
0.81
1.58
0.74
0.73
1.02
1.21
0.52
0.64
0.83
0.57
0.66
1.14
1.79
1.39
0.8
0.98
1.22
0.58
1.29
2.87
1.95
0.74
0.62
0.53
0.83
0.61
0.98
0.69
0.94
1.24
1.07
0.77
0.81
0.87
0.92
0.73
1.18
2.36
1.35
0.63
0.58
1.58
2.08
0.63
1.55
0.3
0.66
0.71
1.17
1.57
0.63
0.44
1.47
0.54
0.61
0.47
0.66
0.75
0.65
0.75
0.56
0.93
0.52
0.72
0.88
0.71
0.39
0.64
0.57
0.29
0.44
0.57
2.2
2.21
1.73
0.82
0.32
0.2
0.24
1.03
0.6
0.3
0.31
0.64
0.38
1.29
0.47
0.38
0.31
0.38
0.68
0.16
0.52
2.63
0.96
0.2
0.22
0.12
0.97
2.5
0.26
0.35
0.39
0.07
0.34
0.42
0.21
0.18
0.02
0.14
0.35
0.48
2.48
1.37
0.02
1.29
0.25
0.18
2.55
2.4
0.91
0.71
1.01
0.5
0.81
0.39
0.09
0.02
0.06
0.06
0.13
0.22
0.16
1.37
5.01
3.26
1.36
0.81
2.44
0.11
1.5
0.25
0.34
1.65
1.18
0.31
2.34
2.39
0.59
1.05
0.99
0.96
0.4
1.46
0.2
0.16
0.38
0.15
0.18
0.2
1.56
4.58
1.93
0.49
0.52
0.3
2.74
1.57
1.45
1.72
2.18
2.25
0.94
0.77
0.78
0.54
1.08
1.28
0.39
0.2
0.34
0.29
0.97
0.26
0.06
0.06
0.38
0.39
1.25
2.09
0.37
0.27
0.34
0.78
0.75
0.53
0.77
0.29
0.25
0.16
0.51
0.83
1.31
0.5
0.12
0.33
2.4
0.66
0.76
1.01
0.28
0.25
0.56
0.55
0.58
0.44
0.63
0.58
1.11
0.67
1.75
2.26
0.14
0.77
2.35
5.54
1.14
0.95
0.64
0.28
0.74
1.21
1.32
0.48
1.44
1.23
2.74
2.44
0.32
0.2
0.46
0.48
0.21
0.09
0.28
1.31
1.54
6.03
4.27
0.46
0.58
0.16
0.88
0.71
0.5
0.62
1.12
1.03
0.61
0.37
0.57
0.84
0.37
1.37
0.44
2.92
0.61
0.43
0.5
1.8
3.14
2.42
1.52
1.7
1.45
0.74
0.51
0.38
0.49
1.41
1.4
0.81
0.74
0.75
1.99
0.4
0.52
1.21
0.57
0.41
0.59
1.07
0.58
3.53
3.83
0.94
0.66
0.43
0.52
0.72
0.09
0.14
0.28
3.83
3.36
1.57
2.38
3.28
0.78
0.32
0.29
0.46
0.24
0.33
0.31
0.01
-99
-99
-99
-99
-99
-99
-99
-99
-99
-99
-99
-99
-99
-99
-99
-99
-99
-99
-99
-99
-99
-99
-99
-99
-99
-99
-99
-99
-99
-99
-99
-99
-99
-99
-99
-99
-99
-99
-99
-99
-99
-99
-99
-99
-99
-99
-99
-99
-99
-99
-99
-99
-99
-99
-99
-99
-99
-99
-99
-99
-99
-99
-99
-99
-99
-99
-99
-99
-99
-99
-99
-99
-99
-99
-99
-99
-99
-99
-99
-99
-99
-99
-99
-99
-99
-99
-99
-99
-99
-99
-99
-99
-99
-99
-99
-99
-99
-99
-99
-99
-99
-99
-99
-99
-99
-99
-99
-99
-99
-99
-99
-99
-99
-99
-99
-99
-99
-99
-99
-99
-99
-99
-99
-99
-99
-99
-99
-99
-99
-99
-99
-99
-99
-99
-99
-99
-99
-99
-99
-99
-99
-99
-99
-99
-99
-99
-99
-99
-99
-99
-99
-99
-99
-99
-99
-99
-99
-99
-99
-99
-99
-99
-99
-99
-99
-99
-99
-99
-99
-99
-99
-99
-99
-99
-99
-99
-99
-99
-99
-99
-99
-99
-99
-99
-99
-99
-99
-99
-99
-99
-99
-99
-99
-99
-99
-99
-99
-99
-99
-99
-99
-99
-99
-99
-99
-99
-99
-99
-99
-99
-99
-99
-99
-99
-99
-99
-99
-99
-99
-99
-99
-99
-99
-99
-99
-99
-99
-99
-99
-99
-99
-99
-99
-99
-99
-99
-99
-99
-99
-99
-99
-99
-99
-99
-99
-99
-99
-99
-99
-99
-99
-99
-99
-99
-99
-99
-99
-99
-99
-99
-99
-99
-99
-99
-99
-99
-99
-99
-99
-99
-99
-99
-99
-99
-99
-99
-99
-99
-99
-99
-99
-99
-99
-99
-99
-99
-99
-99
-99
-99
-99
-99
-99
-99
-99
-99
-99
-99
-99
-99
-99
-99
-99
-99
-99
-99
-99
-99
-99
-99
-99
-99
-99
-99
-99
-99
-99
-99
-99
-99
-99
-99
-99
-99
-99
-99
-99
-99
-99
-99
-99
-99
-99
-99
-99
-99
-99
-99
-99
-99
-99
-99
-99
-99
-99
-99
-99
-99
-99
-99
-99
-99
-99
-99
-99
-99
-99
-99
-99
-99
-99
-99
-99
-99
-99
-99
-99
-99
-99
-99
-99
-99
-99
-99
-99
-99
-99
-99
-99
-99
-99
-99
-99
-99
-99
-99
-99
-99
-99
-99
-99
-99
-99
-99
-99
-99
-99
-99
-99
-99
-99
-99
-99
-99
-99
-99
-99
-99
-99
-99
-99
-99
-99
-99
-99
-99
-99
-99
-99
-99
-99
-99
-99
-99
-99
-99
-99
-99
-99
-99
-99
-99
-99
-99
-99
-99
-99
-99
-99
-99
-99
-99
-99
-99
-99
-99
-99
-99
-99
-99
-99
-99
-99
-99
-99
-99
-99
-99
-99
-99
-99
-99
-99
-99
-99
-99
-99
-99
-99
-99
-99
-99
-99
-99
-99
-99
-99
-99
-99
-99
-99
-99
-99
-99
-99
-99
-99
-99
-99
-99
-99
-99
-99
-99
-99
-99
-99
-99
-99
-99
-99
-99
-99
-99
-99
-99
-99
-99
-99
-99
-99
-99
-99
-99
-99
-99
-99
-99
-99
-99
-99
-99
-99
-99
-99
-99
-99
-99
-99
-99
-99
-99
-99
-99
-99
-99
-99
-99
-99
-99
-99
-99
-99
-99
-99
-99
-99
-99
-99
-99
-99
-99
-99
-99
-99
-99
-99
-99
-99
-99
-99
-99
-99
-99
-99
-99
-99
-99
-99
-99
-99
-99
-99
-99
-99
-99
-99
-99
-99
-99
-99
-99
-99
-99
-99
0.19
-99
28.18
22.46
21.24
23.15
22.38
24.56
24.37
24.66
28.29
22.31
21.71
21.62
19.9
24.61
21.88
20.82
21.43
23.37
20.71
23.92
22.98
21.8
20.86
24.61
24.28
24.05
19.04
24.45
23.69
21.46
17.52
20.71
20.25
22.43
24.29
22.06
16.83
23.51
20.82
20.21
23.77
30.62
26.75
25.47
20.09
22.67
25.11
25.76
22.74
22.01
22.15
21.81
23.21
21.33
21.29
23.47
24.43
20.45
20.41
24.74
20.43
24.76
18.2
22.81
21.39
23.7
23.03
19.42
18.42
21.36
25.35
27.37
19.26
25.94
33.75
31.86
44.45
31.27
17.31
1.69
2.16
1.81
2.02
4.36
2.44
2.37
2.35
2.64
2.6
2.18
1.92
1.99
2.44
1.16
1.12
1.54
1.41
1.85
1.64
1.71
1.93
1.49
1.28
4.38
1.72
2.44
1.98
2.22
1.98
4.7
5.51
5.57
3.13
1.84
1.89
1.86
2.2
2.25
1.8
2.64
2.02
1.59
2.54
1.12
3.14
5.38
4.61
2.12
1.35
2.01
1.8
1.78
1.66
4.01
1.91
2.39
1.68
1.74
2.27
1.77
1.51
1.95
1.46
3.81
8.06
3.51
2.22
2.17
2.01
1.97
2.13
3.6
1.89
4.9
2.15
1.93
4.46
2.76
2.2
1.36
4.55
10.22
5.52
2.4
1.72
1.86
1.15
1.31
1.59
1.38
1.73
3.25
1.33
2.01
2.02
2.01
2.54
1.57
4.76
2.42
1.68
1.99
2.65
3.78
4.41
2.13
2.03
1.9
2.09
5.08
5.92
3.38
2
1.66
3.22
1.71
-99
-99
-99
-99
-99
-99
-99
-99
-99
-99
-99
-99
-99
-99
-99
-99
-99
1.99
4.31
1.22
0.88
2.09
2.09
1.08
2.08
2.06
1.71
1.98
2.48
1.83
2.1
2.03
2.15
4.4
6.94
4.03
2.22
2.43
1.86
1.98
1.81
2.14
2.08
1.49
1.62
1.94
2.04
2.7
2.15
1.52
1.98
3.31
2.04
1.8
2.12
1.98
1.56
1.73
1.42
1.6
1.27
3.56
1.99
2.03
2.05
1.75
1.76
2.41
1.95
1.79
2.82
2.05
1.55
2.09
3.46
3.6
2.47
1.8
1.85
1.99
1.22
1.75
2.01
1.99
2.05
2
2.06
1.75
2.05
2.09
2.77
2.27
1.56
7.03
6.39
3.67
2.17
3.16
2.29
2.1
2.07
1.9
1.85
1.75
1.68
2.5
6.04
2.02
1.39
1.91
2.61
1.77
2.82
1.88
1.18
0.91
1.46
1.35
0.72
2.45
2.74
1.95
2.65
6.12
3.36
2.31
1.4
1.2
1.22
1.83
1.08
1.04
0.65
1.02
1.01
1.32
1.35
1.29
1.26
2.17
3.44
1.71
1.47
2.48
1.52
1.09
1.82
1.7
1.62
2.93
2.24
1.61
2.55
1.33
1.57
1.48
1.45
1.58
1.62
1.42
1.14
2.14
1.35
2.68
2.58
7.6
1.53
3.44
2.11
3.73
1.8
6.02
3.62
2.09
1.63
2.18
6.53
1.93
1.41
1.82
2.85
1.6
3.45
2.22
8.21
2.3
2.65
3.13
1.82
1.41
1.25
1.75
1.64
1.56
1.49
1.3
1.31
1.49
1.72
1.49
2.03
2.01
6.23
1.77
1.39
3.46
3.75
7.01
3.53
2.41
2.71
7.85
11.26
7.81
3.86
12.12
14.91
2.72
2.03
5.78
6.56
4.88
6.5
5.52
5.71
7.49
2.76
1.93
2.6
6.88
2.75
2.71
3.33
1.98
1.68
4.47
1.54
2.07
2.03
2.13
1.93
1.43
1.88
8.62
6.4
3.41
10.51
5.95
4.82
5.12
1.8
2.28
2.08
1.6
1.5
1.98
3.43
3
4.35
0.93
1.03
2.58
2.12
2.19
1.82
2.06
2.43
2.02
3.61
2.19
2.02
1.89
1.1
1.85
1.1
2.05
1.81
3.37
1.83
2.6
1.26
2.08
6.43
2.07
7.04
8.47
3.74
1.52
1.62
1.47
3.16
1.66
3.07
1.38
3.51
2.09
1.22
2.16
2.72
2.25
1.83
1.93
1.89
1.84
2.32
2.62
2.25
1.13
1.57
1.79
1.74
2.69
3.65
2.42
2.74
4.97
1.88
2.2
1.13
1.7
1.05
1.19
3.16
2.09
1.84
1.36
1.52
1.57
1.87
2.37
2.04
2.28
2.11
1.57
1.8
1.73
1.53
2.12
6
2.44
1.74
1.67
1.24
1.18
1.66
1.82
1.57
2.01
1.82
1.25
1.83
3.64
4.58
2.03
2.33
1.72
2.09
2.18
1.84
1.6
2.93
6.41
2.18
2
2
2.42
1.22
2.65
3.43
2.15
3.07
3.39
3.37
1.79
6.02
5.72
4.36
3.55
2.69
2.36
2.87
6.39
7.76
2.67
2.59
1.94
1.93
2.27
2.81
2.6
1.78
2.18
1.98
2.65
3.12
2.06
3.15
3.07
1.94
2
2.39
2.38
1.91
3.49
2.11
2.34
3.02
2.46
2.04
1.83
1.33
1.37
1.65
1.97
2.36
2.27
3.63
5
1.99
1.82
1.38
4.02
7.46
6.67
8.2
7.08
4.15
2.92
1.91
1.83
1.55
1.31
1.74
1.77
3.77
8.67
4.35
1.58
1.92
1.29
0.98
6.43
2.11
1.56
1.07
2.03
2.32
2.62
2.35
1.88
1.83
2.57
2.37
1.78
1.67
1.91
1.81
1.64
1.4
1.1
1.51
1.5
1.34
0.91
3.89
2.06
2.04
4.7
1.99
2.7
3.36
3.31
2.37
1.94
1.03
1.44
1.39
1.12
0.9
6.76
11.97
1.85
1.77
2.56
1.58
1.38
1.04
2.23
2.5
1.78
1.57
1.23
1
0.64
4.44
6.32
4.26
0.91
1.54
0.53
1.19
1.1
1.16
1.19
3.33
1.18
1.11
2.22
1.01
1.3
4.49
10.89
10.17
3.57
3.38
1.85
1.25
2.32
1.75
2.06
2.04
8.16
1.79
3.7
4.83
1.3
1.83
2.26
1.38
1.56
1.5
1.71
1.17
1.59
1.23
1.31
1.56
0.92
2.02
4.77
1.64
1.59
1.72
2.3
1.83
1.33
5.03
4.74
2.4
4.89
3.12
1.76
1.55
1.19
1.48
2.85
1.62
2.48
2.58
3.75
1.42
4.94
1.28
1.71
1.45
1.48
1.59
5.48
4.67
2.44
1.58
1.26
6.61
1.53
1.7
1.87
1.73
10.83
11.49
1.84
2.28
4.19
11.58
4.17
5.47
0.89
1.21
3.77
4.9
1.92
4.31
1.8
0.96
0.56
1.06
1.64
1.3
1.38
6.03
4.57
5.1
1.73
2.28
1.35
5.57
2.08
1.5
2.64
4.8
3.63
1.2
2.07
1.9
2.09
2.23
1.13
6.43
10.89
6.17
2.7
2.65
1.19
1.73
3.28
1.69
1.61
1.25
2.6
1.53
1.92
0.4
0.82
1.09
2.17
1.9
2.07
1.5
2.43
1.07
3
5.21
2.12
1.54
2.03
1.55
2.38
1.85
1.97
2.1
1.7
1.84
2.16
2.3
6.66
6.65
3.22
4.27
3.56
2.12
1.73
2.4
3.75
6.85
3.58
1.73
2.28
1.84
2.93
3.03
2.67
2.24
1.61
1.74
1.58
5.73
3.85
2.86
1.37
2.21
2.57
2.53
2.37
2.82
1.42
1.31
1.7
6.75
3.99
4.04
2.49
1.54
1.21
2.29
1.26
1.12
5.74
9.64
8.13
4.33
1.71
1.54
2.06
1.55
2.07
1.68
1.69
1.6
1.61
3.21
1.31
1.79
2.36
1.68
1.12
1.94
1.6
1.55
1.78
3.5
5.99
4.84
4.52
3.91
3.87
2.36
2.95
2.03
1.63
0.96
2.8
2.6
2.02
2.06
2.16
2.23
1.63
1.39
1.86
1.79
1.28
1.87
2.51
1.42
1.57
2.3
1.37
1.49
1.58
2.46
1.84
1.94
2.23
2.08
1.91
2.38
1.4
1.89
2.33
2.21
1.9
2.15
1.93
2.11
2.48
4.56
3.46
4.89
2.34
1.92
3.11
2.79
1.91
1.48
1.65
2.07
2.59
5.01
1.84
1.62
1.33
2.34
2.84
1.75
1.36
1.95
2.67
4.57
5.8
4.39
2.47
2.04
1.87
2.21
1.83
1.56
1.79
1.96
1.16
3.24
2.39
1.8
1.77
2.98
1.68
3.53
1.45
4.73
2.09
1.96
2.25
1.86
1.41
0.86
0.94
1.2
1.71
1.52
1.6
1.53
1.8
3.38
1.83
2.92
4.02
2.04
1.39
3.01
2.24
5.28
-99
-99
-99
-99
-99
-99
-99
-99
1.53
1.66
2.33
1.67
2.77
1.84
1.44
1.44
1.7
4.34
5.25
2.27
1.65
1.43
2.96
0.93
1.01
1.58
1.28
2.9
2.96
3.66
8.91
4.98
5.03
5.96
8.14
4.32
1.37
4.96
6.23
5.97
1.56
5.96
5
6.97
6.94
7.22
4.12
1.84
1.82
4.11
5.85
1.19
1.82
1.63
1.48
3.54
1.24
1.4
1.5
1.32
1.45
1.49
1.4
1.64
1.99
1.42
2.06
1.67
1.41
9.51
1.63
1.61
1.75
3.12
2.58
4.69
1.23
2.94
1.87
1.66
1.31
1.94
1.63
1.41
2.91
1.65
1.4
0.97
0.9
0.93
1.23
0.99
0.82
1.37
1.84
1.23
1.8
2.3
1.85
1.8
2.54
1.89
1.11
3.29
1.67
3.57
1.46
2.8
1.65
1.52
3.66
1.31
1.85
2.52
1.85
2.53
2.78
2.17
2.35
2.42
2.22
1.65
2.96
1.54
2.05
0.9
2.22
1.95
1.82
3.08
3.65
1.77
3.16
1.84
2.06
2.99
1.22
1.94
1.74
2.41
3.25
1.58
2.55
9.15
2.57
3.46
1.85
2.15
2.41
1.98
1.8
1.93
2.08
1.86
4.22
7.45
2
1.93
2.08
1.34
0.63
2.47
2.82
1.59
1.62
4.4
2.25
2.3
1.98
1.32
1.44
1.32
1.07
2.16
7.32
3.8
1.98
1.62
4.03
2.41
2.07
1.29
1.54
3.08
2.27
2.26
2.11
1.74
1.98
4.8
0.85
1.04
1.55
2
2.4
5.02
2.81
2.5
1.5
1.28
1.53
1.42
6.25
7.96
4.8
2.29
1.43
2.81
1.68
1.81
1.32
2.95
2.99
5.35
7.83
5.07
2.83
2.98
2.04
2.49
2.93
1.66
1.67
2.31
1.96
1.67
1.27
1.42
1.99
3.04
2.25
3.57
5.1
3.63
2.05
3.62
1.96
1.56
1.83
2.15
1.95
2.19
1.92
1.84
2.49
4.31
6.92
4.75
3.2
2.1
2.27
2.23
2.02
1.73
1.56
2.41
1.97
2.03
1.98
3.33
4.09
1.96
2.02
1.27
1.76
1.48
1.87
2.97
1.77
1.43
4.42
2.34
3.05
3.1
1.5
1.62
1.95
2.44
2.26
2.03
1.69
3.55
2.66
4.22
2.26
2.01
1.92
1.96
1.9
1.3
5.5
3.7
1.92
2.13
1.5
1.43
1.44
2.6
1.42
1.42
2.02
1.53
1.89
3.77
2.34
3.58
1.73
1.48
4.16
1.38
1.63
2.32
1.3
1.24
1.12
1.54
1
1.28
1.29
1.09
1.78
1.68
1.26
1.65
3.66
2.3
1.64
1.03
1.55
1.57
1.53
1.66
1.6
1.85
1.41
1.7
1.54
1.52
5.94
4.03
0.54
0.54
1.58
1.77
0.92
1.34
1.45
1.32
3.89
2.08
2.8
0.86
1.12
1.21
1.59
1.59
1.63
1.71
1.31
1
1.38
1.72
1.28
1.49
1.75
2.09
1.74
1.26
1.8
1.59
1.7
1.58
1.54
1.36
1.3
5.2
5.1
1.98
1.25
1.61
1.04
0.81
1.23
1.29
1.33
0.66
1.51
2.63
2.62
3.91
2.75
2.37
1.71
1.77
1.53
2.41
1.66
1.53
1.65
1.25
1.93
1.1
1.63
1.45
0.59
1.89
0.78
1
0.98
0.44
0.59
1.44
3.14
3.92
2.4
5.29
3.36
2.83
2.43
3.89
5.41
4.06
2.08
13.85
1.9
2.31
1.4
1.42
1.24
1.32
2.95
1.43
2.13
1.54
1.93
1.41
1.77
1.65
1.68
1.75
3.87
1.63
7.68
8.06
6.7
4.29
1.81
1.78
1.8
2.57
1.93
1.65
2.03
1.92
1.8
1.73
3.05
1.88
1.44
1.64
2.13
1.72
1.25
1.63
2.03
3.47
1.53
5.17
6.52
11.95
12.27
3.71
3.91
3.41
1.31
4.23
1.84
5.76
1.63
2.5
8.46
11.69
4.55
1.24
4.7
2.89
1.98
2.02
1.75
1.74
1.55
2.31
5.6
5.06
3.6
2.05
1.91
4.3
11.05
1.61
9.79
12.46
4.82
8.28
2.89
1.02
2.34
0.91
9.21
13.67
2.72
2.19
1.91
1.78
2.27
2.6
2.14
2.12
1.88
2.72
1.02
1.3
0.93
1.59
1.34
1.68
2.72
1.09
1.88
9.08
4.12
2.23
4.62
1.65
1.59
2.1
5.21
3.07
1.7
4.12
5.37
2.32
2.88
1.98
2.32
2.38
2.05
2.16
1.9
6.85
15.55
6.62
0.98
1.45
1.1
1.64
1.88
1.45
1.98
1.37
1.05
1.22
2.09
4.48
1.35
2.01
1.52
1.77
0.92
1.55
3.66
3.23
2.24
2.09
3.56
2.43
2.09
1.51
1.18
5.1
9.64
12.33
6.46
2.39
4.37
6.36
9.69
10.51
9.2
7.02
5.57
8.07
4.02
2.43
2.26
2.28
2.13
2.27
2.14
2.54
2.69
2.84
2.57
2.54
2.38
1.44
2.31
2.06
2.16
1.92
2.35
2.44
3.33
7.74
3.59
5.58
4.66
2.64
3
2.8
2.97
2.67
2.84
2.49
2.29
2.51
2.09
2.27
2.99
2.93
2.01
2.2
1.93
2.3
6.46
5.58
2.69
2.13
2.99
2.29
2.08
2.48
2.24
1.8
2.16
2.01
2.15
2.41
2.02
2.78
2.93
5.07
2.17
3.35
2.97
2.59
3.26
2.03
2.75
2.22
2.04
2.1
1.93
1.89
1.72
2.13
2.26
2.26
2.11
1.99
2.26
3.26
1.95
1.73
1.74
1.58
1.89
2.15
2.04
2.01
2.2
3.61
2.33
2.09
1.86
1.42
2.65
2.72
2.43
3.33
1.52
1.74
2.08
3.48
4.15
1.48
1.93
2.34
1.18
2.39
2.78
1.93
3.04
1.98
3.49
3.05
1.55
3.05
2.28
2.08
1.95
5.52
3.56
3.25
1.96
1.77
1.86
1.54
1.81
1.85
1.59
1.38
1.2
1.39
1.79
4.24
3.87
2.85
2.06
1.69
0.73
1.8
3.86
2.38
1.78
1.31
0.69
1.49
3.68
4.43
1.58
1.9
0.94
1.59
1.32
1.55
1.52
1.35
1.86
1.6
1.62
3.97
3.18
1.41
1.61
1.69
1.76
0.71
1.52
1.73
1.75
1.74
1.28
1.86
2.21
1.9
2.09
1.82
1.71
1.61
7.57
6.15
5.77
1.78
3.09
13.06
2.91
2.82
1.7
2.02
1.93
1.7
1.18
1.6
1.42
1.4
1.32
0.91
2.42
1.6
1.82
1.56
1.45
1.44
1.44
1.4
1.53
1.6
0.96
1.16
1.53
1.46
1.6
1.56
1.29
1.22
1.58
2.42
2.6
1.5
1.27
1.58
2.44
1.2
1.04
1.51
1.41
1.28
1.44
1.41
2.88
2.6
1.64
1.74
2.58
6.91
14.57
2.89
1.08
1.46
1.79
1.68
1.04
1.54
1.37
1.03
0.98
1.21
1.38
1.53
1.49
1.45
2.04
1.61
3.88
2.92
2.06
3.45
2.8
1.97
2.29
1.39
0.65
1.3
1.74
1.98
12.22
6.95
2.25
1.47
1.65
2.2
1.76
2.21
1.84
2.05
2.14
1.82
2.75
3.99
4.35
2.73
3.94
3.03
2.77
1.94
3.36
1.99
8.18
2.6
7.04
6.33
4.69
3.34
1.88
2.26
2.71
1.74
0.95
1.79
1.63
1.9
5.25
8.75
3
1.68
2.18
3.11
1.64
1.83
2.23
3.45
6.45
1.45
2.72
2.85
2.79
6.82
5.84
8.49
4
2.91
3.1
2.48
1.66
1.84
2.75
2.42
2.3
3.1
2
2.23
1.92
2.12
1.63
6.75
3.86
1.37
1.96
3.23
2.25
3.07
9.72
7.12
5.96
2.34
2.48
2.18
1.89
2.3
2.75
1.75
1.42
1.77
1.33
2.74
3.17
2.62
1.56
1.68
2.48
2.53
2.22
3.24
1.91
1.89
1.68
2.12
2.13
1.69
1.98
1.74
1.41
1.4
1.29
1.89
2.04
2.03
1.92
1.87
2.04
3.68
1.67
2.44
1.79
1.17
2.57
2.01
2.06
2.3
2.23
6.31
2.97
1.99
2.44
2.33
2.05
4.09
5.16
3.24
2.04
1.99
1.71
1.9
4.04
3.46
2.15
3.89
2.25
2.16
1.99
1.89
2.09
2.64
3.55
5.53
6
5.5
2.15
2.5
2.46
2.08
1.68
1.93
3.86
5.64
5.55
3.21
2.51
3.26
2.32
2.09
2.03
4.08
4.69
2.14
2.14
3.56
6.69
5.76
3.76
2.21
3.23
5.69
4.86
2.61
2.55
2.1
2.06
1.71
2.54
1.58
2.09
3.5
5.58
2.63
2.62
2.44
2.67
2.49
2.13
2.07
3.56
3.55
2.3
2.25
2.31
2.49
2.23
3.66
3.98
3.03
1.86
1.96
2.25
2.18
2.43
3.02
1.76
2.25
2.54
4.97
3.29
4.06
2.1
1.6
2.38
1.77
2.37
1.73
1.75
3.87
3.15
2.14
2.34
1.78
1.2
1.66
1.43
1.48
1.41
1.81
2.94
4.78
4.09
2.78
1.24
1.32
1.2
1.6
1.73
1.1
2.68
3.06
4.54
2.91
0.95
1.77
2.08
1.31
1.85
1.94
1.71
2
1.66
1.45
1.09
1.66
1.85
1.23
2.59
2.78
2.99
2.66
1.33
1.54
3.18
1.74
1.63
5.82
3.33
1.86
1.73
1.13
2.56
3.07
4.03
1.74
2.98
1.99
2.01
1.35
1.31
1.76
1.05
1.03
1.73
2.01
1.66
1.26
1.14
1.47
1.76
1.52
1.53
1.75
1.66
1.75
1.54
1.48
1.51
1.18
1.22
1.41
3.44
7.13
2.99
1.68
1.94
1.85
1.75
1.72
2.27
1.81
2.14
1.79
1.51
1.57
1.28
2.16
1.92
4.28
4.88
1.98
5.78
1.62
4.42
3.05
1.79
5.22
7.72
11.69
8.66
9.03
3.14
1.29
1.22
3.17
4.84
4.53
2.25
3.14
1.77
2.47
2.43
1.75
1.62
1.26
0.69
2.36
2.51
2.07
3.53
9.15
2.45
9.31
2.82
1.89
2.55
4
4.66
3.24
0.92
0.79
2.16
1.89
1.73
2.13
1.73
2.03
1.63
5.98
2.8
2.2
1.81
1.85
1.92
2.33
4.47
2.64
1.78
4.71
4.3
1.8
1.89
2.67
2.34
1.54
3.49
3.18
2.23
2.47
2.19
1.7
2.47
2.53
1.63
2.26
2.03
1.81
2.74
1.74
2.19
1.99
2.31
3.03
1.96
2.37
6.31
5.1
5.69
7.98
6.9
2.68
2.6
2.43
2.22
3.04
2.22
2.3
2.04
3.7
2.66
1.96
4.57
7.62
3.27
2.56
2.19
2.51
1.93
2.33
3.97
5.62
4.38
2.83
4.09
2.1
1.63
1.1
1.18
1.76
2.2
2.49
3.08
2.44
3.16
2.18
2.01
2.28
1.87
2.31
2.5
2.39
3.51
1.88
1.65
2.02
1.17
3.53
2.4
2.68
1.94
1.99
2.6
2.34
1.38
1.93
1.9
1.8
2.53
1.97
3.04
3.94
3.56
2.35
1.86
2.41
2.41
2.46
2.42
2.04
2.06
4.71
3.4
2.17
2.46
1.88
1.93
2.02
1.81
2.44
1.37
1.9
3.42
1.85
1.64
1.86
1.38
3.95
2.84
2.43
2.36
1.84
1.71
1.27
1.81
1.98
1.57
2.8
2.72
4.85
3.78
2.15
2.69
1.98
2.35
2.98
1.63
2.2
2.55
2.81
4.6
4.8
1.99
2.16
2.17
1.83
2.18
1.87
2.01
1.76
2.34
2.51
3.66
2.15
4.04
3.73
2.69
1.87
1.63
2.05
2.22
1.84
1.81
1.85
3.2
5.07
4.3
2.33
2.08
1.77
1.8
2.1
1.93
1.75
1.8
1.86
2.12
2.25
3.33
4
1.53
1.58
2.21
3.09
3.8
1.84
1.66
4.51
1.98
2.47
1.9
3.55
1.76
1.72
1.53
1.85
3.5
1.72
1.81
1.63
1.77
1.9
2.08
1.62
2.01
1.53
1.57
1.15
0.92
0.87
1.73
1.62
1.7
4.16
1.94
1.63
1.76
1.79
1.62
1.76
1.84
1.32
1.75
1.43
2.1
2.43
0.89
1.36
2.68
2.73
3.23
1.9
1.66
1.38
5.66
2.2
1.82
3.73
1.7
1.69
1.14
1.31
1.45
5.48
12.08
3.23
2.43
4.24
4.66
2.97
2.24
14.5
5.01
1.86
1.84
2.17
1.52
2.44
1.82
2
1.69
1.35
1.23
3.71
6.37
1.54
1.71
3.31
3.47
5.46
10.78
5.66
2.41
2.05
1.61
1.65
3.01
3.74
1.74
2.31
2.02
1.45
1.47
1.68
4.86
4.5
1.73
3.44
4.17
2
3.44
1.7
1.56
1.26
1.57
3.53
1.58
1.35
1.94
1.54
2.05
1.51
1.79
1.62
1.73
1.81
2.48
2.1
1.62
1.81
1.99
3.5
2.58
2.31
1.57
1.81
3.15
1.75
1.57
1.28
2.35
1.53
2.18
1.85
1.22
8.03
5.69
1.84
2.09
1.62
1.06
2.01
8.68
2.71
1.45
1.37
4.57
4.1
3.2
1.99
8.04
1.65
5.53
2
1.33
1.64
1.36
2
2.45
1.03
4.64
7.05
7.05
2.75
1.76
1.86
3.46
3.17
2.01
2.94
3.15
2.2
2.39
2.03
2.28
1.77
2.19
1.6
2.21
2.82
1.88
1.75
2.85
3.59
2.08
2.62
2.3
2.92
7.78
13.11
5.51
1.71
5.36
1.15
4.9
2.07
2.14
2
1.95
4.3
2.25
2.85
1.64
2.7
1.93
2.23
2.05
1.45
2.5
2.89
3.43
2.78
2.06
1.51
2.04
2.53
2.58
2.8
2.2
2.53
2.63
1.89
1.55
2.57
2.52
5.1
2.33
2.79
2.44
3.03
2.98
5.17
7.93
7.11
2.89
2.09
2.03
1.48
1.69
5.26
1.69
3.33
2.99
1.65
1.75
1.85
2.62
1.9
2.39
2.1
2.04
1.69
1.94
1.6
2.45
2.34
2.05
1.64
2.15
1.56
1.55
1.86
1.71
1.27
1.29
1.73
1.58
2.13
2.09
1.84
1.76
2.1
3.44
7.95
6.05
2.4
3.95
4.21
4.15
4.41
2.86
2.6
4.22
2.01
2.23
2.22
2.41
2.36
1.54
2.2
2.67
2.33
1.9
2.51
3.77
4.14
2.87
2.07
2.17
2.34
2.11
1.82
2.39
1.73
2.31
2.03
3.11
1.93
2.61
2.22
3.12
3.72
2.04
2.69
2.16
2.17
2.49
2.39
1.93
1.99
2.07
2.06
1.85
2.19
2.33
3.67
2.4
2.09
2.33
2.78
3.29
1.84
1.96
2.01
2.51
6.49
3.63
2.41
2.96
3.99
4.63
3.74
2.01
2.45
1.9
4.41
5.28
2.86
2.21
2.13
2.79
2.17
2.44
3.56
2.04
1.8
1.77
2.45
1.76
1.76
2.11
1.65
2.18
2.26
2.09
1.97
1.54
1.28
1.68
1.65
1.49
1.93
2.59
2.6
1.82
2.1
6.43
2.7
1.82
2.17
2.38
2.34
2.08
8.07
6.99
4.34
2.02
2.2
2.19
3.86
2.5
1.43
1.29
1.2
1.99
3.28
4.22
2.28
1
1.44
1.99
1.98
1.45
1.59
2.51
1.97
2.77
1.77
1.3
3.72
2.03
2.24
2.05
1.83
1.29
3.94
4.41
1.61
2.67
1.52
1.38
1.99
2.93
1.28
1.94
2.91
1.08
1.61
1.19
1.25
1.48
1.8
1.35
1.25
1.6
1.39
1.54
1.92
2.14
3.74
5.1
1.7
1.55
2.77
2.34
1.93
2.02
1.84
1.56
1.59
1.74
1.85
1.96
2.25
1.88
1.33
3.25
4.1
1.54
1.49
2.02
1.61
1.86
1.88
1.65
2.22
1.89
2.59
1.97
1.09
1.68
1.7
1.66
2.6
3.73
2.04
4.91
3.76
2.7
4.66
4.21
1.58
2.43
10.18
9.93
6.45
3.26
2.15
3.16
2.19
1.6
3.45
1.46
1.87
2.4
6.26
1.35
5.58
16.14
15.34
3.58
3.2
5.72
2.84
2.1
1.43
1.89
6.35
12.57
3.6
1.49
2.52
2.87
1.63
1.94
3.2
5.03
2.47
2.41
1.68
2.08
2.14
2.38
1.8
1.72
1.62
2.21
3.25
2.01
2.32
2.19
2.25
2.69
3.93
2.78
2.23
2.09
3.99
2.13
2.95
1.91
2.04
1.92
2.57
6.25
1.99
4.89
1.98
2.65
2.19
5.73
6.89
7.09
6.5
2.51
2.51
2.73
2.38
5.2
9.59
4.05
2.49
3.09
2.71
2.23
2.13
1.5
2.07
1.53
2.35
1.74
3.28
2.17
1.97
6.39
7.1
4.28
2.52
2.62
2.57
1.45
2.56
1.76
2.32
2.26
2.85
1.84
1.73
3.08
3.38
2.18
1.83
4.02
2.38
2.29
2.52
2.51
3.53
5.43
9.51
4.24
2.12
2.43
2.41
2.03
3.69
9.42
5.65
2.3
2.66
1.77
1.89
1.46
2.45
1.45
2.5
2.26
2.31
1.51
4.17
4.73
4.82
5.06
9.92
3.74
2.36
2.51
1.95
2.02
2.47
4.6
2.89
4.75
3.46
2.15
5.9
1.69
2.25
2.68
2.73
3.91
2.61
2.61
2.51
2.3
2.31
3.52
2.43
1.98
2.73
2.36
2.72
2.62
2.74
2.6
2.02
2.89
1.91
1.93
2.41
2.31
2.02
1.64
2.01
3.18
1.91
2.11
2.65
2.98
4.1
7.81
3.2
1.97
3.09
1.89
1.71
2
2.39
1.96
2.1
2.37
2.38
1.77
3.61
2.13
4.66
3.87
2.12
3.91
2.34
2.15
2.08
2.04
1.73
2.02
1.74
3.28
3.7
4.98
5.46
1.93
3.06
2.29
2.19
1.73
2.44
3.67
2.48
3.49
2.26
2.01
2.31
2.45
1.12
2.08
2.11
1.77
1.99
2.13
4.37
2.93
2.47
6.83
5.42
2.55
1.68
2.04
7.26
5.65
3.72
1.73
1.9
1.91
2.11
1.78
1.96
1.51
1.93
1.09
2.72
1.73
1.76
2.62
1.82
2.04
1.85
1.73
1.97
2.31
2.46
1.94
1.99
2.36
1.67
4.61
1.56
2.93
2.13
1.29
2.57
2.67
2.35
2.16
1.39
1.62
1.22
2.83
3
0.8
2.25
2.12
1.63
1.72
2.17
1.34
1.25
1.58
1.69
1.28
1.38
1.31
2.14
1.68
1.11
1.23
2.15
1.25
1.94
4.66
4.95
3.88
2.89
2.18
1.98
1.58
1.41
3.47
2.09
1.9
1.7
2.61
2.1
1.56
1.82
1.57
1.52
1.62
1.54
1.17
1.08
4.31
2.81
2.85
3.36
1.62
1.97
1.54
3.9
5.91
2.13
1.14
1.83
1.38
1.97
1.25
2.13
2.01
2.91
2.93
1.95
2.1
2.26
1.86
2.04
3.31
2.64
1.99
1.48
1.48
1.61
1.47
1.46
1.56
1.99
1.94
1.85
2.02
1.8
1.87
3.57
3.52
1.88
1.93
1.88
1.69
1.96
2.11
1.48
7.39
6.65
3.56
5.77
2.85
1.59
2.12
2.54
1.57
2.12
1.76
1.77
1.82
2.04
2.09
2.25
5.82
5.88
2
1.59
1.57
1.96
2.01
1.55
1.29
1.42
1.63
1.07
0.82
3.46
5.53
1.8
2.22
1.83
2.3
2.36
2.68
1.84
2.9
1.67
1.88
2.97
1.93
3.21
3.43
2.64
2.19
3.8
8.13
2.16
7.05
2.4
2.11
2.07
4.12
2.74
3.17
1.6
1.15
2.09
2.38
2.13
2.08
1.87
1.54
1.32
2.83
1.93
2.03
1.72
4.05
2.95
0.98
0.96
1.95
3.66
2.58
2.68
2.33
2.01
2.08
2.3
2.46
2
2.63
1.45
1.86
2.31
1.75
1.64
2.02
1.63
2.9
0.9
0.88
1.45
2.35
2.11
1.54
2.03
1.61
2.13
2.23
1.97
1.8
1.98
1.97
1.81
2.82
2.13
2.18
1.78
2.66
1.18
1.78
1.92
1.97
1.67
4.73
4.44
4.38
3.49
2.92
2.01
2.13
4.24
5.53
2.12
2.26
2.57
2.01
2.09
2.06
1.7
1.35
1.56
1.38
1.96
1.45
1.78
3.47
2.72
2.31
1.99
2.44
2.62
2.54
1.74
2.27
1.88
1.8
1.7
1.46
2.1
4.2
4.71
2.12
1.94
1.68
1.98
2.15
1.69
1.97
1.57
2.31
3.46
6.62
3.47
2.2
6.6
5.12
2.34
1.99
1.89
5.36
1.7
4.13
2.48
2.45
5.61
4.68
2.08
2.41
1.91
2.05
1.7
1.72
2.78
1.71
2.31
1.74
2.1
1.91
2.03
1.75
2.99
6.6
5.54
5.7
1.55
2.49
2.14
1.63
1.73
1.74
1.64
2.12
2.38
1.8
2.05
1.94
2.13
1.47
2.3
2.68
2.17
4.74
5.6
4.17
1.82
2.4
1.59
3.41
4.51
2.78
2.21
1.47
1.7
2.08
2.2
1.36
3.87
7.52
3.85
2.27
2.37
3.09
2.39
1.78
2.16
1.7
1.77
2.26
1.45
1.83
1.25
1.45
1.71
1.48
1.64
6.79
4.59
3.77
1.39
1.61
1.85
2.38
3.11
1.33
1.6
1.44
1.22
3.42
1.74
1.21
2.83
7.86
7.59
1.32
1.63
3.43
2.76
1.91
1.87
2.32
3.19
2.17
1.4
2.49
1.86
1.63
3.06
1.58
1.2
1.52
1.75
1.58
1.46
1.08
3.76
3.79
1.38
1.18
2.18
1.48
1.52
2.06
1.9
1.53
1.22
1.96
1.04
5.41
1.57
1.6
4.59
5.57
1.88
1.86
1.68
1.76
2.6
1.62
1.69
1.72
1.57
1.53
2.58
4.06
1.98
1.89
1.53
1.43
1.31
1.72
3.38
1.66
1.09
3.99
1.78
1.46
2.03
1.98
1.41
1.83
1.56
1.74
1.25
1.84
1.38
2.57
10.31
7.85
1.45
1.71
2.26
1.34
1.6
3
2.05833333333333
1.8375
1.57083333333333
1.46875
1.38541666666667
3.26875
6.98958333333333
2.68333333333333
5.93125
2.70625
2.31458333333333
2.4875
2.15416666666667
3.77291666666667
1.725
2.83541666666667
2.20208333333333
1.86666666666667
2.58333333333333
2.02083333333333
1.91458333333333
1.65833333333333
2.60833333333333
3.275
2.78125
1.49791666666667
1.77291666666667
1.62083333333333
2.34791666666667
1.52291666666667
1.70625
1.8125
1.57708333333333
1.81666666666667
1.07291666666667
1.6
2.05833333333333
1.05208333333333
2.42708333333333
2.64375
1.94166666666667
2.45208333333333
1.71458333333333
1.52083333333333
2.39583333333333
1.21458333333333
1.73541666666667
0.975
0.94375
1.9125
1.59791666666667
3.86875
1.70208333333333
1.6375
1.34791666666667
1.45208333333333
2.475
1.70625
1.4875
1.2625
1.14791666666667
0.8875
1.23333333333333
0.675
1.32083333333333
2.78541666666667
4.275
2.15416666666667
2.08333333333333
2.4875
1.74375
4.58541666666667
2.2
5.39166666666667
4.95833333333333
8.06041666666667
6.25833333333333
8.31041666666667
6.6125
6.5625
2.34583333333333
2.45416666666667
2.40625
2.67083333333333
4.56458333333333
2.47916666666667
2.32291666666667
1.95625
1.96875
2.16875
2.05833333333333
4.80208333333333
3.86458333333333
2.275
5.94166666666667
6.75833333333333
2.11041666666667
2.82916666666667
1.36875
2.75833333333333
5.12083333333333
2.14791666666667
1.9125
2.21041666666667
4.64166666666667
6.76458333333333
5.13333333333333
2.40208333333333
2.02291666666667
1.42916666666667
1.58125
2.53958333333333
2.95
2.14166666666667
1.75
1.26666666666667
1.02916666666667
0.9875
1.26666666666667
2.01458333333333
2.21458333333333
1.96458333333333
1.83333333333333
1.39166666666667
1.86875
1.47708333333333
2.17708333333333
2.6625
1.46041666666667
2.13541666666667
2.72708333333333
2.90416666666667
2.72708333333333
1.65625
2.82916666666667
1.89791666666667
2.61458333333333
4.56041666666667
2.52083333333333
2.64375
2.95
2.79791666666667
2.775
2.03958333333333
1.92916666666667
2.18333333333333
2.13125
2.3625
1.81041666666667
1.75625
2.53958333333333
2.06875
1.95416666666667
3.0875
3.73541666666667
2.70208333333333
2.15416666666667
2.4875
2.73125
2.08958333333333
2.18958333333333
1.85625
2.34166666666667
2.075
2.39791666666667
2.37083333333333
2.24583333333333
2.17291666666667
2.02083333333333
1.75416666666667
2.93125
2.04375
2.21666666666667
1.69791666666667
2.43958333333333
1.98958333333333
2.73125
3.02291666666667
2.80208333333333
2.06875
2.01666666666667
2.44166666666667
2.14791666666667
2.34583333333333
2.23541666666667
1.70416666666667
2.74375
4.89583333333333
2.32291666666667
2.54583333333333
2.22083333333333
4.28125
4.08333333333333
1.71666666666667
3.07708333333333
4.23333333333333
3.025
4.46875
2.90833333333333
2.39375
2.12916666666667
1.90208333333333
2.63958333333333
3.27708333333333
2.95
2.73541666666667
2.13958333333333
2.2375
2.24375
2.60833333333333
3.08333333333333
2.46041666666667
1.89166666666667
1.73958333333333
1.15833333333333
1.99375
1.65833333333333
3.53125
3.35416666666667
2.35208333333333
1.93333333333333
2.24583333333333
2.0875
2.12291666666667
2.22291666666667
2.85
6.1375
5.45833333333333
2.15833333333333
1.87916666666667
2.16458333333333
1.67916666666667
2.55416666666667
4.27083333333333
2.72083333333333
1.60416666666667
2.03958333333333
2.50833333333333
4.09166666666667
2.42708333333333
2.13541666666667
1.71458333333333
2.07708333333333
1.48333333333333
1.54583333333333
1.70833333333333
1.95416666666667
1.79791666666667
1.65416666666667
2.875
1.58085106382979
1.4804347826087
1.6
1.79375
1.30625
1.67083333333333
1.62083333333333
1.53541666666667
1.59375
1.68958333333333
1.2875
1.76041666666667
3.25833333333333
1.74375
1.59791666666667
1.69375
1.96666666666667
2.03333333333333
2.07021276595745
1.76041666666667
3.51666666666667
1.5875
1.47708333333333
2.75833333333333
4.55625
3.56666666666667
1.69166666666667
5.42083333333333
5.85
2.65416666666667
2.09583333333333
2.58333333333333
2.00416666666667
2.42916666666667
5.58541666666667
2.04583333333333
1.46458333333333
2.06041666666667
1.5875
1.40416666666667
1.96875
2.23958333333333
3.90416666666667
4.32916666666667
3.10208333333333
1.85
1.74583333333333
2.42708333333333
1.8875
1.67916666666667
2.2375
2.41458333333333
0.947916666666667
2.28333333333333
1.64375
1.96875
2.8875
5.9875
5.97708333333333
7.92916666666667
5.775
4.93958333333333
3.8125
2.26041666666667
3.09375
3.09166666666667
3.24791666666667
5.59791666666667
3.32083333333333
2.69565217391304
4.1375
1.85833333333333
1.33333333333333
1.10625
1.47708333333333
1.11666666666667
1.19375
2.175
2.42916666666667
1.52083333333333
4.1625
7.28541666666667
1.51458333333333
1.40625
5.70833333333333
5.32291666666667
1.43541666666667
5.55625
5.05
1.65833333333333
1.72916666666667
2.43541666666667
5.34375
8.97916666666667
2.10625
1.30208333333333
1.55833333333333
1.77083333333333
1.41458333333333
1.57291666666667
1.80416666666667
1.5875
1.61666666666667
0.977083333333333
1.1375
0.954166666666667
0.941666666666667
1.01666666666667
1.5875
1.8625
1.44583333333333
1.71041666666667
1.76666666666667
1.70416666666667
1.52083333333333
1.10833333333333
1.65833333333333
1.78125
5.67708333333333
5.07083333333333
2.58125
1.67708333333333
1.7875
4.33958333333333
3.41875
2.675
1.475
1.92
2.13333333333333
1.91041666666667
2.03333333333333
2.02291666666667
2.41458333333333
3.03958333333333
4.08333333333333
1.71666666666667
1.93333333333333
1.85833333333333
1.59166666666667
1.95416666666667
2.03958333333333
2.10208333333333
3.03958333333333
1.9125
3.64791666666667
3.2
1.76041666666667
1.73333333333333
1.82708333333333
2.43958333333333
2.12291666666667
3.74166666666667
1.8875
1.225
1.7
3.11458333333333
0.947916666666667
2.3625
2.11666666666667
1.88125
1.45957446808511
1.62708333333333
2.26458333333333
5.27708333333333
1.73333333333333
2.37916666666667
2.85833333333333
1.63125
2.03333333333333
5.76458333333333
2.81666666666667
1.63125
1.66875
2.4125
1.54791666666667
1.86666666666667
3.70625
1.29166666666667
1.82916666666667
1.06041666666667
2.23125
1.68125
2.02708333333333
3.4125
1.76458333333333
3.11875
1.88958333333333
2.42708333333333
1.05833333333333
2.30833333333333
2.18541666666667
1.21041666666667
2.35625
2.65
2.51666666666667
2.38541666666667
1.05
1.75
1.94893617021277
1.8609756097561
2.3125
1.56595744680851
3.07872340425532
1.89583333333333
9.16875
8.41041666666667
4.99166666666667
4.275
2.275
2.26875
1.70625
2.425
4.98541666666667
1.89166666666667
3.53125
1.275
1.98125
3.1125
3.40416666666667
4.52916666666667
2.9625
1.95208333333333
1.18125
1.84791666666667
3.34583333333333
2.3875
2.96875
1.74375
1.86666666666667
2.27083333333333
1.90208333333333
2.10416666666667
2.05
1.64375
1.85208333333333
1.7375
1.29166666666667
2.42916666666667
6.45416666666667
8.30625
7.10833333333333
3.65625
2.02291666666667
2.3375
2.16875
2.48333333333333
1.95416666666667
2.37708333333333
2.35416666666667
1.775
1.91875
1.87916666666667
1.90833333333333
2.23541666666667
1.42291666666667
1.61041666666667
4.78125
4.00833333333333
9.475
7.05208333333333
5.98478260869565
2.88958333333333
1.92916666666667
2.02916666666667
2.39791666666667
1.93125
1.99166666666667
1.83125
2.18958333333333
2.21458333333333
2.68125
2.25625
1.8625
5.91041666666667
3.66875
2.28958333333333
2.39375
2.1375
2.20416666666667
1.79375
2.21875
2.10833333333333
2.39375
2.96458333333333
2.09166666666667
1.69583333333333
2.33541666666667
2.84375
2.06458333333333
2.84166666666667
2.40625
5.01458333333333
3.88125
2.19791666666667
3.45
3.56666666666667
2.5125
2.12916666666667
2.42083333333333
2.70833333333333
3.35416666666667
5.56458333333333
4.28958333333333
2.81666666666667
2.3875
2.50208333333333
2.16458333333333
2.10833333333333
2.125
2.74791666666667
2.34583333333333
2.375
2.40416666666667
2.41875
2.36875
2.13541666666667
1.99583333333333
1.84375
2.24375
1.69375
5.80833333333333
3.77291666666667
2.11276595744681
1.92708333333333
2.72083333333333
2.03958333333333
2.5125
2.39791666666667
2.225
1.98541666666667
1.76458333333333
1.90833333333333
1.9875
2.49166666666667
2.31875
2.09375
2.01041666666667
1.88541666666667
2.53541666666667
2.26875
1.83541666666667
2.29791666666667
2.93958333333333
3.19166666666667
3.19791666666667
2.27916666666667
2.5
4.79583333333333
1.86041666666667
2.41041666666667
1.66458333333333
3.11666666666667
1.59583333333333
2.02291666666667
2.1875
2.09375
1.72916666666667
2.33125
1.74583333333333
1.48333333333333
2.48958333333333
2.28125
1.78958333333333
1.94375
1.87708333333333
2.07659574468085
1.85744680851064
2.14468085106383
1.51489361702128
2.18333333333333
1.95208333333333
2.0375
2.08333333333333
6.11041666666667
2.04166666666667
1.9
2.03958333333333
2.0125
2.11458333333333
2.18541666666667
1.52916666666667
2.70625
1.96382978723404
1.78510638297872
1.7875
1.70208333333333
3.96041666666667
1.70208333333333
2.0375
1.81666666666667
1.72916666666667
2.00416666666667
1.66041666666667
1.39791666666667
1.30208333333333
1.26041666666667
1.39791666666667
1.28541666666667
1.81875
1.75
1.73958333333333
1.13333333333333
2.1125
1.86041666666667
1.60833333333333
0.722916666666667
2.13541666666667
2
1.69166666666667
1.96041666666667
1.91875
1.13958333333333
1.26666666666667
1.25416666666667
1.27083333333333
1.06666666666667
1.275
2.00208333333333
1.37916666666667
1.3375
2.00416666666667
4.89375
3.63125
1.5375
1.93958333333333
1.42291666666667
2.01041666666667
2.7625
1.24375
1.3125
1.24583333333333
0.791666666666667
0.95
1.51875
1.72083333333333
1.45208333333333
5.06875
2.05208333333333
1.54166666666667
2.73125
1.34791666666667
1.94651162790698
3.29375
2.05
1.60208333333333
3.1875
2.55833333333333
1.31666666666667
2.37291666666667
1.28541666666667
1.3875
1.48958333333333
1.47916666666667
1.15208333333333
1.24166666666667
1.18333333333333
1.22978723404255
3.84166666666667
1.41458333333333
1.5
0.902083333333333
1.4875
0.983333333333333
1.1375
0.889583333333333
1.80416666666667
2.7875
1.53541666666667
1.5875
1.55833333333333
1.8
1.89166666666667
1.53541666666667
1.65
1.69375
1.3125
1.50444444444444
1.25416666666667
1.51666666666667
