20000101
0.58
0.49
0.38
0.22
0.04
0.31
0.32
0.31
0.51
0.5
0.8
0.44
1.33
4.36
2.69
0.23
1.24
1.53
1.02
0.75
1.38
2.78
2
0.96
1.43
0.48
1.44
0.25
1.71
2.11
0.21
0.42
2.55
1.46
-99
-99
-99
-99
2.36
2.64
0.94
1.49
-99
1.33
1.02
-99
-99
6.55
3.65
4.2
2.81
0.46
1.44
1.05
0.95
0.66
1
1.28
3.24
1.14
4.73
2.5
0.53
2.02
1.56
2.09
1.27
0.56
0.86
0.71
0.59
3.2
2
1.12
2.27
0.65
1.45
1.93
1.81
1.54
3.09
4.26
3.28
0.99
1.16
3.72
4.25
2.03
2.15
2.04
2.97
1.94
3.81
2.33
2.25
4.07
2.29
1.72
2.21
2.05
3.91
1.67
2.63
1.99
1.32
2.77
2.77
3.94
2.76
2.5
1.62
1.51
2.19
3.58
0.93
2.22
3.54
1.29
2.59
2.06
2.69
1.93
1.31
2.54
3.98
1.03
1.69
2.42
2.43
1.3
0.31
1.74
1.91
1.68
2.29
2.54
2.85
1.48
1.93
2.12
2.03
1.85
2.23
1.25
1.33
2.45
1.32
2.56
1.68
2.21
1.22
2.2
2.25
2.57
3.36
3
2.15
3.37
1.41
2.68
3.4
2.68
2.86
2.05
1.33
1.46
1.43
1.5
2.93
3.05
3.6
3.88
2.75
2.48
2.28
1.43
2.3
2.78
1.73
2.74
1.81
2.77
3.05
3.4
1.58
3.44
4.09
3.45
2.18
3.6
2.68
2.83
4.95
3.15
2.2
3.72
3.79
3.22
3.04
2.19
2.43
2.31
2.83
3.74
3.91
2.03
1.68
1.54
3.34
2.45
2.65
1.76
2.95
3.01
2.9
2.47
3.03
2.12
1.35
1.63
1.43
2.3
2.21
3.39
1.89
1.36
1.93
1.8
2.45
3.22
3.38
2.59
2.52
1.71
3.25
2.42
2.87
3.29
2.87
2.11
1.33
2.92
3.44
1.89
1.03
1.63
2.58
1.98
1.31
1.12
2.08
2.77
3.11
-99
-99
-99
2.38
1.71
1.57
2.47
2.63
1.99
2.16
3.3
0.98
1.19
2.61
1.82
2.56
2.65
2.24
2.05
1.96
2.33
2.98
3.85
1.6
1.14
1.08
2.33
1.14
0.93
1.17
2.15
1.33
1.03
0.81
1.47
2.35
1.73
0.64
0.4
1.1
3.78
4.44
3.63
5.15
3.84
0.99
0.2
0.87
0.39
1.77
0.78
2.96
0.99
0.07
2.56
1.67
0.54
4.08
3.67
1.76
0.52
1.11
2.09
1.54
0.68
0.93
0.41
1.95
2.95
2.24
1.44
1.49
1.34
0.53
2.33
2.94
1.06
1.67
1.07
0.96
1.49
1.19
2.6
1.48
1.78
0.36
2.19
1.34
3.06
0.45
1.1
0.79
0.09
0.09
0.62
0.69
2.89
0.85
0.69
0.52
1.48
2.68
2.16
4.84
2.03
2.05
1.47
0.93
3.28
2.7
4.11
3.78
1.66
0.66
1.68
0.75
1.87
0.35
1.32
2.15
2.75
1.56
0.2
2.46
1.89
0.8
1.23
0.86
0.48
0.84
0.47
1.69
1.49
0.39
0.2
0.76
0.46
1.81
1.09
2.64
3.17
3.4
3.33
2.86
3.77
0.98
0.9
1.55
1.57
1.2
2.62
2.43
3.53
1.53
0.51
0.56
2.15
0.64
0.34
0.33
1.63
1.06
1.12
1.31
1.25
1.03
1.81
2.08
3.6
2.16
1.73
4.07
1.44
2.1
1.54
1.04
1.19
0.75
0.64
2.89
1.06
1.66
0.82
1.59
4.33
1.58
1.74
2.59
2.46
1.82
1.18
0.91
0.91
2.14
1.4
1.6
2.89
1.25
1.57
1.68
3.52
3.9
1.57
1.42
2.8
2.05
1.55
1.54
1.59
5.06
5.37
2.28
4.05
4.12
2.89
1.92
2.71
1.4
2.92
2.85
1.05
2.69
3.91
4.29
2.28
2.5
1.79
2.79
2.05
1.63
1.45
3.06
2.77
1.79
1.9
0.98
1.75
3.56
2.93
1.51
1.56
1.28
0.54
0.9
1.15
2
0.89
1.68
1.78
1.45
1.88
1.68
1.23
1.55
1.47
1.64
1.4
0.91
1.46
1.31
1.3
1.17
1.47
1.67
1.95
1.32
3.15
3.36
2.44
2.31
1.73
3.61
1.36
2.45
2
1.36
2.28
2.1
2.33
3.12
3.46
2.98
1.86
2.15
1.44
1.18
3.07
1.99
1.58
2.39
2.75
2.68
1.85
2.08
1.72
2.09
2.19
3.47
2.38
1.97
2.54
3.88
1.76
1.68
1.97
1.52
2.51
2.62
2.98
1.06
1.58
3.45
4.26
3.05
1.25
1.84
2.36
1.57
1.89
2.63
2.58
2.11
1.62
1.65
1.95
2.07
2.08
1.41
1.31
1.12
2.19
1.7
2.85
2.85
1.32
1.7
2.47
2.09
2.82
3.28
1.55
1.4
2.83
2.4
2.6
1.24
1.77
2.26
2.33
2.97
1.46
1.41
1.96
1.84
2.54
2.93
2.46
1.2
1.75
1.84
2.12
0.94
1.56
1.15
3.14
2.28
2.44
1.75
0.96
2.29
1.89
2.14
3.15
1.33
1.79
4.04
2.65
3.35
0.72
1.81
1.5
1.15
1.64
3.55
0.52
0.77
0.9
3.32
0.92
1.37
0.66
0.95
1.99
1.11
1.02
1.44
2.34
4.18
1.06
0.39
0.64
0.69
3.44
1.22
3.53
2.25
1.45
0.56
1.48
1.27
0.71
1.14
1.59
1.01
0.32
0.49
1.02
2.16
0.25
0.82
0.48
0.46
0.92
1.11
4.35
3.53
2.01
2.49
3.07
2.91
2.28
1.13
1.5
1.04
0.58
1.45
0.88
0.49
1.01
1.91
0.95
0.71
0.94
2.01
1.34
1.25
1
0.78
0.91
0.47
1.9
1.17
1.26
1.08
1.26
3.13
3.69
0.66
0.9
0.95
2.08
0.68
0.54
0.32
0.18
0.3
0.64
1.02
0.83
0.42
0.87
0.59
2.28
1.39
1.65
0.87
1.45
3.04
5.3
2.89
1.93
4.69
2.1
0.27
0.99
2.07
2.67
0.08
0.33
0.38
0.53
1.42
1.7
2.31
0.86
0.6
0.74
0.78
0.93
2.08
0.87
4.7
1.81
1.18
1.36
1
0.44
1.66
2.21
0.73
2.11
2.82
0.75
1.51
6.84
2.78
0.88
1.6
1.96
0.58
0.85
0.68
3.7
2.66
1.5
1.78
2.02
2.06
3.83
5.75
3.39
4.53
3.16
1.3
0.93
2.5
3.85
3.05
1.32
1.64
1.69
1.46
2.97
1.08
1.44
2.02
1.16
3.19
2.82
4.8
1.78
1.98
3.91
1.47
2.34
2.75
2.25
1.87
2.08
2.14
3.53
3.18
1.63
2.78
4.69
1.98
2.25
1.96
1.9
2.6
2.72
3.71
2.08
2.86
2.83
1.11
1.94
2.15
2.46
3.33
4.14
2.1
2.01
1.57
1.42
1.38
1.65
1.47
2.37
1.34
2.53
1.19
1.96
2.22
3.28
2.1
2.38
2.73
2.74
2.47
2.53
3.7
3.71
2.81
2.84
2.21
2.19
2.37
2.18
1.94
1.51
1.67
2.63
4.32
4.13
4.38
1.91
1.72
3.32
2.97
4.99
2.82
3.13
1.81
3.98
1.88
3.54
2.92
3.06
2.54
2
2.67
3.51
3.08
5.01
2.65
3.54
3.99
2.9
2.07
1.25
1.7
2.2
2.46
2.52
2.91
3.61
3.1
3.09
1.56
2.14
2.61
1.9
1.53
2.75
3.01
3.26
1.21
1.49
1.61
2.59
2.84
3.12
1.62
3.9
2.41
3.22
3.16
4.04
3.47
2.72
4.26
2.68
3.62
2.78
2.24
1.95
2.68
2.43
2.54
3.05
2.44
3.55
3.16
2.71
3.13
2.88
2.78
2.26
2.79
3.19
3.74
3.11
2.6
3.91
3.8
2.58
2.06
2.23
4.36
4.16
3.78
1.74
1.92
2.87
2.12
2.52
2.33
3.02
3.39
3.65
2.73
2.66
2.07
-99
2.07
1.19
1.87
2.31
1.17
1.94
-99
2.14
-99
3.59
2.98
1.92
2.02
1.28
1.73
1.88
1.86
2.97
4.58
2.55
1.46
2.74
3.07
2.84
1.11
1.34
1.19
2.77
3.37
2.09
1.45
-99
1.88
2.64
4.68
2.96
2.29
0.89
1.05
0.94
1.14
1.45
2.21
2.28
2.07
2
4.59
2.7
1.13
1.03
1.39
1.09
3.79
1.46
2.12
2.98
2.09
2.69
3.62
1.29
1.81
1.36
1.53
1.71
1.58
1.62
1.81
1.29
1.24
3.37
3.94
1.7
1.41
5.51
3.33
3.83
2.91
2.22
1.23
2.19
1.99
0.69
1.21
1.3
1.15
2.45
2.25
2.67
1.45
1.92
1.79
1.04
2.32
1.16
2.08
3.3
4.62
2.39
5.08
3.81
2.48
4.78
1.95
1.91
1.01
1.93
3.39
1.71
0.91
1.66
2.35
1.61
0.71
0.56
2.19
6.79
1.06
1.17
0.84
0.76
2.02
1.95
1.59
1.82
5.4
2.35
1.38
5.1
2.58
1.7
2.68
3.26
2.17
4.82
2.4
1.59
1.04
2.86
1.95
1.57
1.23
0.87
0.57
1.19
1.06
1.51
2.24
1.8
3.36
2.41
3.05
2.46
2.15
2.38
1.93
3.73
4.9
5.21
5.38
3.83
4.03
4.61
7.66
4.44
1.73
2.02
1.03
1.5
2.31
1.31
1.19
1.41
2.47
1.1
2.82
2.17
1.75
4.09
2.3
1.64
3.35
2.89
4.57
7.65
4.73
1.12
1.36
1.31
3.44
3.74
2.72
2.98
2.57
1.7
1.31
1.21
1.09
1.49
0.88
3.82
3.45
4.76
3.4
1.12
2.25
2
1.45
1.72
3.7
2.86
2.32
2.27
2.59
4.02
2.55
2.55
3.5
1.05
1.14
4.28
4.39
2.96
1.75
2.93
3.76
4.92
2.96
4.12
2
1.59
4.2
5.7
3.56
3.36
1.34
1.42
1.96
1.4
2.71
2.42
1.61
1.77
2.5
2.11
2.69
3.48
2.65
2.35
4.33
1.72
1.74
3.12
2.25
1.71
4.06
1.6
1.95
2.2
1.2
1.45
2.67
2.64
1.84
2.26
2.53
1.65
1.35
5.15
2.42
1.45
1.83
2.64
2.54
3.2
2.28
1.2
1.85
1.62
2.06
1.15
2.29
3.47
3.76
2.08
2.59
2.72
2.51
2.5
2.66
2.54
3.01
2.22
1.72
2.09
1.63
2.36
2.77
2.37
1.54
1.86
3.13
5.47
3.33
2.36
2.03
2.9
2.7
3.71
2.08
4.39
1.48
2.05
2.08
3.27
3.52
2.12
2.54
2.5
2.13
2.37
2.8
2.49
3.51
3.45
2.87
2.67
2.65
2.49
3.11
2.74
1.84
2.43
2.49
3.41
3.23
3.06
1.28
2.29
1.91
3.46
3.44
2.15
2.42
2.57
1.87
2.07
1.71
2.3
2.29
1.93
1.38
1.77
1.86
1.64
2.45
3.38
1.37
1.37
2.28
2.99
2.37
2.27
1.58
1.1
2.05
2.47
3.49
2.09
3.28
1.64
3.27
1.3
2.71
3.32
3.98
1.78
2.62
2.33
2.09
5.41
2.94
2.06
1.41
1.05
2.52
2.26
1.38
1.32
2.06
2.33
2.47
2.34
2.13
1.7
1.8
4.42
1.91
1.3
2.05
1.74
3.63
1.75
1.65
1.26
3.44
5.36
1.48
2.65
2.71
1.91
1.19
2.64
2.06
2.75
1.65
1.03
1.94
0.91
1.3
3.11
2.07
2.26
0.99
4.29
2.69
0.93
0.81
2.32
2.85
2.3
2.72
2.07
2.54
1.84
1.26
0.86
1.14
0.78
0.66
1.76
4.74
2.72
0.49
1.21
0.97
0.84
3.73
2.44
1.3
0.91
0.5
0.34
1.96
3.85
4.58
1.46
1
1.62
5.78
2.52
1.8
1.36
1.02
0.81
1.39
2.47
4.24
2.35
1.5
4.05
2.89
0.78
0.93
1.25
0.87
2.78
3.07
0.94
3.21
2.06
1.61
0.36
2.56
4.67
2.71
1.43
0.79
0.31
0.75
3.4
4.46
5.74
4.41
2.34
5.14
2.53
1.29
0.87
0.93
0.75
0.86
2.88
4.04
1.42
1.71
3.61
4.64
2.69
1.19
3.01
4.39
2.05
5.43
5.35
2.5
4.78
3.29
2.44
2.65
4.98
6.19
5.4
4.33
1.49
1.46
0.87
0.66
0.9
0.87
0.91
1.56
2.49
1.92
0.96
1.42
1.83
2.8
1.27
2.17
4.37
2.21
2.52
3.12
7.2
2.76
3.87
5.24
1.98
4.81
3.47
4.61
7.99
4.7
3.79
2.43
2.29
3.7
2.65
6.05
4.5
3.57
2.08
2.55
2.56
4.8
2.24
1.54
1.84
3.41
4.15
3.47
1.42
2.2
3.98
9.03
7.75
4.31
3.21
2.27
1.3
4.11
9.32
4.65
2.05
3.81
3.85
2.71
1.87
2.06
5.69
6.19
1.57
2.99
2.74
3.14
3.63
3.61
3.2
6.06
5.97
1.84
4.34
6.93
5.15
3.16
3.13
4.39
2.22
3.17
2.75
4.78
4.14
3.24
3.46
2.69
3.38
2.79
4.81
5.5
6.93
6.17
5.6
1.93
4.43
4.17
2.38
4.38
2.78
2.31
1.39
2.42
2.68
1.74
3.22
3
2.36
2.31
3.1
3.08
3.24
1.95
2.25
2.48
1.89
2.21
2.92
5.3
4.09
2.8
2.28
4.1
4.83
3.36
3.37
3.34
2.63
2.29
3.58
2.99
1.76
2.48
2.12
3.02
4.05
4.28
3.48
4.71
3.49
5.7
5.39
3.26
2.74
2.87
3.09
4.4
3.73
4.47
2.31
4.85
5.57
6.19
2.09
5.8
3.95
4.88
2.42
4.9
3.58
3.9
2.99
3.38
4.61
5.41
5.85
4.77
6.04
4.49
2.05
3.52
4.27
4.14
4.39
3.99
2.79
2.51
3.04
2.92
2.65
2.54
4.43
4.81
4.25
4.63
5.2
4.66
2.15
2.98
3.97
3.22
3.85
4.56
3.97
2.05
3.13
2.6
3.63
3.31
3.94
5.86
4.83
2.27
5.37
2.29
3.83
4.64
3.74
4.04
6.06
6.83
5.54
5.98
6.39
8.83
7.69
5.99
4.94
5.3
4.44
3.6
4.73
2.44
3.18
2.67
1.9
2.73
1.72
1.41
2.87
3.21
2.34
5.36
4.33
3.51
2.32
2.34
2.34
2.58
2.05
2.75
2.74
3.57
5.43
2.91
4.02
4.35
1.91
5.13
3.43
1.64
2.46
3.5
3.49
4.93
3.18
4.56
2.01
2.65
2.34
1.13
2.06
1.24
2.58
5.27
2.25
2.73
3.48
1.53
2.13
1.47
2.01
1.21
0.83
0.69
2.7
3.11
2.4
4.9
5.77
2.51
1.55
5.12
7.17
2.93
2.11
1.25
1.38
4.34
2.11
1.64
1.22
2.71
1.59
0.94
1.83
1.49
1.17
3.98
2.19
7.72
1.28
1.49
1.17
2.11
2.49
2.24
1.57
1.89
1.35
0.66
1.91
1.75
1.08
0.75
2.9
6.09
6.58
7.63
7.13
1.74
1.98
1.66
1.81
4.16
5.82
3.36
6.21
5.7
2.4
3.01
1.23
1.96
0.77
0.37
0.55
0.61
0.18
0.13
0.21
0.41
0.66
1.26
0.63
0.55
0.27
0.35
1.69
3.15
5.77
3.01
3.27
2.2
2.25
3.77
3.21
2.43
2.43
1.86
1.58
1.83
1.5
2.35
1.65
1.23
0.65
1.39
3.12
3.01
2.18
0.82
0.74
1.79
3.4
7.74
4.78
2.41
2.95
3.15
2.28
3.25
4.39
2.6
0.96
1.48
0.95
0.39
1.43
2.69
1.91
0.63
0.77
2.51
2.55
4.63
2.5
3.57
1.74
1.24
1.13
1.76
0.65
1.43
2.46
1.66
1.31
1.06
1.33
1.22
0.73
2.16
2.21
2.18
1.28
2.06
0.76
3.23
1.52
2.26
3.7
3.1
3.25
3.91
3.82
2.78
0.97
-99
1.88
5.84
3.48
5.19
3.18
1.99
1.18
1.6
3.97
6.09
4.76
2.51
3.4
4.27
2.51
2.85
2.76
0.85
2.32
1.88
2.04
1.25
1.44
1.98
3.54
2.89
1.64
1.22
3.72
2.41
1.54
2.55
1.45
1.15
2.54
3.46
2.29
2.38
2.04
1.73
2.85
2.78
1.43
2.18
2.59
1.66
2.4
2.04
2.14
2.27
2.81
3.03
3.17
1.61
1.33
1.45
1.93
2.51
1.54
1.91
2.4
1.76
3.57
3.29
3.15
2.99
1.81
1.72
2.93
1.37
2.55
1.34
1.74
1.95
1.62
2.56
1.76
1.86
1.3
3.32
2.89
1.9
1.74
2.35
1.66
2.77
2
2.73
3.01
3.33
-99
-99
-99
-99
-99
-99
-99
-99
-99
-99
-99
-99
-99
-99
-99
-99
-99
-99
-99
-99
-99
-99
-99
-99
-99
-99
-99
-99
-99
-99
-99
-99
-99
-99
-99
-99
-99
-99
-99
-99
-99
-99
-99
-99
-99
-99
-99
-99
-99
-99
-99
-99
-99
-99
-99
-99
-99
-99
-99
-99
-99
-99
-99
-99
-99
-99
-99
-99
-99
-99
-99
-99
-99
-99
-99
-99
-99
-99
-99
-99
-99
-99
-99
-99
-99
-99
-99
-99
-99
-99
-99
-99
-99
-99
-99
-99
-99
-99
-99
-99
-99
-99
-99
-99
-99
-99
-99
-99
-99
-99
-99
-99
-99
-99
-99
-99
-99
-99
-99
-99
-99
-99
-99
-99
-99
-99
-99
-99
-99
-99
-99
-99
-99
-99
-99
-99
-99
-99
-99
-99
-99
-99
-99
-99
-99
-99
-99
-99
-99
-99
-99
-99
-99
-99
-99
-99
-99
-99
-99
-99
-99
-99
-99
-99
-99
-99
-99
-99
-99
-99
-99
-99
-99
-99
-99
-99
-99
-99
-99
-99
-99
-99
-99
-99
-99
-99
-99
-99
-99
-99
-99
-99
-99
-99
-99
-99
-99
-99
-99
-99
-99
-99
-99
-99
-99
-99
-99
-99
-99
-99
-99
-99
-99
-99
-99
-99
-99
-99
-99
-99
-99
-99
-99
-99
-99
-99
-99
-99
-99
-99
-99
-99
-99
-99
-99
-99
-99
-99
-99
-99
-99
-99
-99
-99
-99
-99
-99
-99
-99
-99
-99
-99
-99
-99
-99
-99
-99
-99
-99
-99
-99
-99
-99
-99
-99
-99
-99
-99
-99
-99
-99
-99
-99
-99
-99
-99
-99
-99
-99
-99
-99
-99
-99
-99
-99
-99
-99
-99
-99
-99
-99
-99
-99
-99
-99
-99
-99
-99
-99
-99
-99
-99
-99
-99
-99
-99
-99
-99
-99
-99
-99
-99
-99
-99
-99
-99
-99
-99
-99
-99
-99
-99
-99
-99
-99
-99
-99
-99
-99
-99
-99
-99
-99
-99
-99
-99
-99
-99
-99
-99
-99
-99
-99
-99
-99
-99
-99
-99
-99
-99
-99
-99
-99
-99
-99
-99
-99
-99
-99
-99
-99
-99
-99
-99
-99
-99
-99
-99
-99
-99
-99
-99
-99
-99
-99
-99
-99
-99
-99
-99
-99
-99
-99
-99
-99
-99
-99
-99
-99
-99
-99
-99
-99
-99
-99
-99
-99
-99
-99
-99
-99
-99
-99
-99
-99
-99
-99
-99
-99
-99
-99
-99
-99
-99
-99
-99
-99
-99
-99
-99
-99
-99
-99
-99
-99
-99
-99
-99
-99
-99
-99
-99
-99
-99
-99
-99
-99
-99
-99
-99
-99
-99
-99
-99
-99
-99
-99
-99
-99
-99
-99
-99
-99
-99
-99
-99
-99
-99
-99
-99
-99
-99
-99
-99
-99
-99
-99
-99
-99
-99
-99
-99
-99
-99
-99
-99
-99
-99
-99
-99
-99
-99
-99
-99
-99
-99
-99
-99
-99
-99
-99
-99
-99
-99
-99
-99
-99
-99
-99
-99
-99
-99
-99
-99
-99
-99
-99
-99
-99
-99
-99
-99
-99
-99
-99
-99
-99
-99
-99
-99
-99
-99
-99
-99
-99
-99
-99
-99
-99
-99
-99
0
1.35
1.24
1.3
1.16
1.17
1.15
0.61
0.69
0.46
0.63
0.57
1.29
1.84
4.95
1.53
2.81
2.32
1.17
0.98
1.75
1.23
1.26
1.56
1.65
0.8
0.98
1.27
1.15
1.57
2.63
2.04
1.29
1.5
3.2
7.21
5.64
1.67
1.9
1.88
1.08
0.91
0.44
1.03
2.9
1.2
1.09
1.08
0.79
1.88
2.47
1.09
3.7
4
1.89
5.17
2.21
3.41
1.6
3.02
2.88
2.21
1.49
2.67
1.25
2.23
3.98
3.91
4.99
5.15
2.65
2.66
3.6
3.15
4.04
1.86
3.48
2.09
4.54
6.1
3.11
4.15
2.59
2.44
1.63
1.42
1.6
1.18
2.75
2.23
7.89
6.13
4.53
4.73
5.03
5.8
2
3.92
4.1
1.14
2.05
3.76
2.58
5.61
4.23
2.49
1.73
0.95
1.7
2.67
1.89
3.2
1.35
1.69
0.74
0.66
1.5
0.98
1.43
1.69
1.8
2.05
1.89
1.7
1.72
1.9
1.8
2.56
3.59
4.42
3.59
2.8
1.36
2.35
1.85
1.52
2.04
2.88
3.79
3.49
2.21
2.55
1.41
2.52
2.53
1.24
5.6
3.51
3.92
4.05
2.76
1.8
4.22
4.25
3.05
3.27
4.26
1.88
4.3
4.22
7.66
6.01
1.88
4.19
5.14
3.46
2.44
2.15
1.41
1.69
2.57
2.53
2.4
2.12
2.33
2.21
2.84
1.81
3.94
1.08
1.27
1.4
2.56
1.55
2.52
3.12
2.93
2.7
3.78
3.82
3.3
2.13
3.26
2.83
2.46
3.15
1.77
5.05
3.14
2.01
2.5
2.48
5.33
5.32
3.85
2.45
3.64
4.19
4.56
3.53
2.54
2.12
2.51
3.65
2.66
2.85
1.79
3.86
1.78
2.74
2.65
2.23
2.51
2.98
2.5
3.38
3.01
2.12
2.97
2.83
1.96
1.9
2.99
2.7
2.54
1.98
2.19
2.37
2.98
3.1
3.43
2.32
1.45
2.91
4.17
6.19
1.95
2.51
2.77
2.67
1.54
1.69
2.59
2.86
4.4
2.4
2.27
2.09
2.01
3.3
1.94
2.11
1.85
1.58
1.81
1.99
1.88
1.92
2.6
1.53
1.48
2.2
2.06
3.13
1.74
2.29
2.06
1.71
1.77
1.59
3.31
5.16
4.82
2.08
2.14
2.04
2.55
2.5
5.02
1.6
1.07
1.53
1.76
2.34
1.9
2.54
0.92
1.47
1.28
2.23
1.93
1.99
1.21
1.13
1.33
3.33
2.21
2.13
2.5
2.52
1.95
1.58
1.2
1.3
1.49
3.86
2.39
2.62
1.51
1.52
1.19
1.53
1.98
1.48
2.04
2.43
1.64
1.49
0.94
2.63
5.25
3.33
2.4
1.55
1.42
1.76
4.71
1.25
1.01
1.13
1.9
1.95
1.84
1.38
1.4
1.64
1.44
1.49
1.63
4.88
2.61
2.28
2.45
4.62
4.37
5.58
6.98
4.09
1.51
1.58
1.52
2.72
1.72
3.46
5.39
3.55
6.46
7.66
1.84
1.11
1.31
0.95
1.04
0.93
0.48
0.84
1.03
1.67
0.78
-99
2.34
0.8
1.33
0.55
1.98
2.38
0.76
0.45
2.46
-99
1.21
1.36
1.41
4.1
2.98
2.72
1.19
0.75
1.21
3.15
0.94
1.48
1.5
1.07
1.13
1.66
-99
2.63
3
1.14
1.99
-99
8.48
1.71
1.58
1.28
1.53
1.59
1.72
2.48
3.72
3.06
3.55
1.75
1.84
3.5
4.68
4.94
2.01
1.17
1.35
1.8
2.78
1.37
0.97
1.93
0.85
1.35
3.03
1.16
3.3
6.95
6.98
4.22
4.43
2.62
2.68
2.06
5.21
4.3
1.97
1.15
1.87
5.28
2.53
3.46
3.27
2.65
6.2
6.16
6.47
8.63
6.75
5.46
4.6
3.25
1.83
3.53
6.05
3.08
2.53
2.53
2.39
2.08
2.35
3.65
2.03
1.64
1.86
4.23
2.81
2.74
4.61
2.79
2.87
2.71
3.7
2.07
1.81
4.93
5.26
2.49
2.11
1.28
2.45
3.47
2.77
2.26
4.44
4.05
2.79
2.59
2.22
1.91
4.37
3.95
2.65
3.45
5.93
2.69
1.13
1.87
2.61
1.97
1.63
1.29
1.7
1.32
3.24
2.23
2.15
2.31
2.77
2.66
1.25
1.82
3
2.27
2.18
3.17
1.75
1.25
3.41
2.95
2.5
3.19
3.14
1.83
1.15
1.26
1.03
2.38
3.55
2.48
1.83
2.41
3.32
1.41
2.38
2.26
2.1
2.74
3.78
1.73
1.79
1.8
2.11
1.44
1.94
1.74
2.71
3.53
3.14
2.16
2.16
1.68
2.63
2.12
3.37
3.06
2.65
2.27
4.03
2.65
2.25
1.88
1.6
2.43
2.48
2.04
2.6
2.2
2.19
3.06
1.63
2.26
2.73
3.02
2.44
3.79
2.51
3.14
2.57
2.09
2.85
2.66
2.98
1.62
2.94
2.17
2.05
3.41
2.29
2.13
3.28
5.07
1.65
2.4
3.18
2.75
1.96
3.55
1.95
1.37
1.48
1.73
2.32
2.45
2.13
2.56
2.65
2.09
2.03
2.89
3.44
1.82
1.83
1.79
1.99
2.95
2.53
1.24
2.16
4.6
4.75
3.44
2.28
1.96
3.03
2.17
2.11
1.76
4.06
2.72
1.11
0.93
1.61
2.35
2.29
1.69
1.7
1.64
1.63
1.9
4.35
2.18
1.6
1.78
1.54
2.25
1.53
3.65
3.7
5.85
2.11
1.07
1.24
1.45
1.45
3.62
2.48
1.36
1.99
2.5
1.44
1.11
1.56
1.37
1.02
2.36
3.5
1.48
2.72
1.45
2.66
1.23
1.84
2.04
3.2
1.69
1.28
1.24
1.21
0.93
3.07
2.77
1.78
1.41
1.73
2.19
1.61
1.1
1.57
2.86
4.29
3.27
5.21
2.99
1.65
1.5
2.59
2.68
2.83
3.96
2.75
2.92
1.94
3.3
3.36
2.2
2.97
1.36
4.21
3.84
2.82
0.98
4.38
2.41
1.7
2.57
3.89
2.5
1.51
1.23
0.84
0.48
0.49
1
0.7
1.25
5.33
2.77
1.73
2.32
0.87
0.75
1.83
2.13
2.34
2.75
2.84
0.92
0.68
0.5
1.67
1.05
1.07
1.82
1.07
0.5
0.99
1.33
1.25
4.29
5.19
2.16
4.5
10.18
2.73
7.39
5.12
3.32
1.48
2
1.84
2.27
1.01
3.24
1.75
2.16
2.81
6.75
6.16
3.96
6.05
7.45
4.38
2.38
2.09
2.09
1.48
1.92
2.85
1.65
2.48
1.67
3.12
3.58
1.65
1.74
1.36
1.3
1.15
1.52
1.26
0.44
2.79
6.52
6.5
4.54
3.44
3.58
2.05
2.13
1.73
1.26
1.54
1.43
2.74
2.26
2.24
1.3
3.52
2.89
1.69
1.76
4.18
2.7
2.01
1.81
1.7
2.16
0.99
1.4
1.66
1.53
1.7
1.58
2.39
2.98
1.93
1.58
2.49
3.02
1.68
2.81
2.82
3.38
2.28
2.03
2.69
1.61
1.42
3.29
3.45
3.08
1.94
4.45
4.35
3.11
3.97
3.8
4.07
1.4
2.91
2.4
1.64
3.09
2.76
2.11
2.07
3.45
3.48
3.15
2.78
2.42
2.55
2.94
3.98
2.52
3.38
2.52
2.63
3.63
4.12
2.12
3.91
5.19
3.1
4.58
2.8
2.45
2.67
2.65
3.82
2.4
2.76
2.51
2.31
2.24
2.86
2.85
2.54
3.05
2.12
3.03
2.7
2.49
2.88
2.26
2.24
2.35
2.07
2.05
4.12
2.94
2.78
3.13
3.11
3.2
2.83
2.57
2.28
2.42
2.7
2.7
3.08
2.65
2.7
2.44
3.43
2.5
2.21
1.59
2.77
2.8
3.3
4.62
3.15
2.63
3.17
5.71
3.81
2.68
3.58
4.44
3.89
2.75
3.48
2.74
3.64
3.66
2.51
2.61
2.56
2.61
3.34
3.43
4.08
2.94
3.76
2.98
2.21
1.7
1.85
1.94
2.46
2.25
2.45
2.48
2.73
2.56
2.4
2.67
2.69
3.05
2.37
2.62
2.94
3.86
2.6
2.18
2.7
2.95
2.65
2.68
3.28
3.28
3.18
2.96
3.31
2.32
2.33
3.09
2.6
2.44
2.53
2.35
2.3
1.95
3.07
2.03
1.7
2.95
1.35
3.51
3.12
1.77
1.51
2.56
2.24
2.08
1.77
2.88
2.44
2.66
1.49
1.6
2.95
1.81
1.5
2.22
3.13
3.13
1.51
1.64
2.39
2.35
3.21
2.27
2.1
2.79
2.67
2.13
1.72
2.53
3.15
3.09
4.92
3.36
2.78
1.23
1.63
1.45
1.35
1.11
0.93
1.6
1.23
5.46
5.84
4.83
5.06
3.93
4.36
5.72
5.45
3
4.23
2.05
1.23
1.38
1.39
1.41
1.72
1.31
1.78
1.43
1.78
3.09
2.23
1.24
1.17
1.78
2.12
1.88
1.86
6.06
5.24
1.55
3.32
5.57
2.73
1.28
1.33
2.89
1.75
1.54
0.98
0.58
1.02
1.11
1.35
2.18
3
2.52
2.6
1.85
2.11
1.51
2.98
2.49
3.74
5.65
3.85
1.09
1.33
1.95
2.64
7.06
3.32
1.26
3.29
2.82
3.85
0.83
0
3.91
3.7
1.49
1.16
3.08
5.52
4
1.07
1.48
2.34
1.3
3.89
2.09
1.96
2.14
1.34
1.69
2
1.79
3.32
5.9
6.15
2.93
3.08
1.56
2.01
1.85
3.7
6.02
2.31
1.53
5.11
5.8
6.6
4.4
1.95
2.43
1.34
1.28
1.77
2.98
4.78
3.88
2.48
1.48
2.3
3.9
1.62
3.95
3.15
4.27
3.61
3.27
2.64
4.33
2.63
2.31
1.62
4.13
3.78
3.33
2.5
1.78
2.07
2.5
3.04
1.89
2.4
2.35
1.46
1.2
1.75
1.93
2.31
3.05
3.05
3.97
4.68
2.15
2.46
4.58
3.23
3.62
2.42
2.24
5.08
2.55
4.26
1.93
2.82
1.94
2.16
3.03
2.33
1.49
1.38
2.16
1.73
1.97
1.93
1.88
2.05
2.28
1.86
1.71
1.86
2
2.24
3
3
3.88
2.83
1.73
3.62
2.59
4.34
5.06
3.61
2.16
2.31
3.59
2.06
2.95
2.39
2.63
2.4
6.31
4.68
3.12
1.85
2.79
2.68
2.33
3.56
3.29
2.63
2.85
2.36
2.73
1.53
2.95
4.8
4.39
3.81
3.81
2.47
2.6
2.9
2.57
2.32
3.63
2.69
2.14
2.2
1.91
1.88
1.52
2.43
2.95
3.19
1.97
5.33
5.85
3.01
2.96
2.71
2.75
2.19
2.21
2.23
1.93
2.03
2.19
2.63
2.71
2.23
2.24
2.41
2.56
2.42
2.95
3.63
2.9
2.87
3.07
3.42
3.57
2.66
2.54
1.84
2.49
3.13
3.29
3.61
1.64
3.82
3.73
3.63
2.59
2
2.7
3.08
3.24
2.81
3.23
3.53
3.23
2.87
4.22
2.58
2.4
2.61
1.91
1.67
2.18
2.69
2.14
2.37
2.17
2.45
2.13
2.8
2.12
2.08
1.84
3.03
2.1
2.66
2.53
3.05
3.4
4.35
2.54
3.55
2.23
2.51
2.22
1.98
2.17
3.11
3.14
2.82
4.37
3.05
1.97
2.15
2.24
2.38
2
1.67
1.69
1.4
2.05
2.15
2.15
2.39
2.53
1.95
5.24
4.25
2.77
2.47
2
1.89
1.68
1.6
2.94
3.37
4.45
1.89
2.3
3.4
4.09
5.47
2.9
1.58
2.17
0.9
2.72
2.28
2.4
3.22
4.76
2.14
2.48
1.74
2.15
1.83
2.87
5.58
3.9
1.85
1.44
3.27
2.12
3.29
3.9
3.44
1.6
1.79
1.45
1.43
4.62
2.48
4.23
6.36
4.3
2.44
1.55
1.28
5.56
5.76
2.71
3.82
1.17
1.68
3.29
4.13
4.51
2.68
2.76
2.63
1.63
3.04
1.86
1.27
3.57
2.51
4.05
1.9
1.75
1.27
1.4
1.38
2.08
1.66
0.99
1.05
1.31
1.23
3.92
3.14
3.29
2.43
1.13
1.86
2.86
3.28
3.61
7.16
5.88
3.37
2.03
1.08
1.52
3.05
1.35
0.96
2.21
2.03
1.18
0.84
1.01
1.27
1.4
1.9
1.95
4.59
2.85
1.87
1.2
1.37
0.83
0.75
0.68
0.99
1.55
3.48
1.76
1.52
1.53
1.74
1.28
3.48
2.63
1.98
1.8
2.02
2.97
2.96
1.98
1.55
1.55
1.48
1.48
1.1
1.26
1.09
1.6
1.85
1.83
3.5
1.1
3.14
2.67
2.55
1.78
3.76
5.25
8.37
2.71
2.28
2.13
2.12
4.72
3.25
2.92
2.02
1.65
3.62
1.6
1.69
3.49
5.56
1.69
1.74
3.72
4.52
2.53
6.54
4.17
1.73
4.22
3.29
3.3
2.37
2.62
3.35
6.44
4.9
1.68
1.88
4.29
3.83
3.56
2.28
2.46
1.99
3.43
2.2
2.18
1.9
2.51
1.54
1.61
2.08
4.75
3.15
3.73
2.44
2.36
3.24
2.18
2.45
3.47
3.18
3.97
4.81
2.09
2.06
1.56
1.52
3.05
2.15
2.74
2.93
2.6
2.68
3.21
2.78
3.32
2.48
5.03
5.32
1.93
2.52
3.24
2.37
2.28
2.06
2.5
3.56
2.06
2.5
2.74
2.6
2.5
2.33
2.15
2.41
2
2.63
2.66
2.48
1.65
2.26
2.66
3.53
3.94
2.46
1.38
1.6
2.21
2.9
2.89
3.61
3.11
2.64
2.42
3.02
3.2
2.81
2.78
2.78
3.3
3.4
2.85
3.11
3.54
4.41
3.11
2.57
2.68
2.96
3.27
2.67
3.99
2.55
2.63
2.77
3.68
2.86
2.43
3.66
2.93
2.21
3.06
2.76
3.24
3.35
5.25
2.45
2.22
3.33
4.07
3.1
6.73
5.36
3.18
2.31
4.2
4.81
5.04
3.8
3.1
1.98
2.58
3.08
2.63
3.67
3.28
2.74
2.63
3.51
2.68
3.38
3.92
3.72
2.4
2.68
2.66
1.86
2.64
3.05
2.87
3.79
3.35
2.79
2.26
2.82
4.08
2.65
2.88
2.96
3.26
2.85
2.32
2.79
2.82
2.73
3.06
2.72
2.97
2.26
2.58
1.93
2.14
2.67
2.65
3.6
1.94
2.59
2.91
1.95
2.56
2.49
2.03
5.25
5.89
2.19
2.52
2.03
2.38
2.02
2.23
2.19
2.17
2.11
2.74
2.45
2.2
1.73
1.8
2.03
1.92
2.01
5.98
4.19
2.78
1.73
1.97
1.98
2.82
2.43
3.85
1.69
1.87
1.96
2.3
2.54
2.29
1.89
2.85
2.75
3.07
2.61
3.22
1.63
0.93
1.38
1.92
1.98
3.13
3.51
2.23
2.31
3.75
1.58
2.35
1.5
1.32
1.55
2.58
4.65
4.86
1.88
1.76
1.14
2
3.14
4.2
2.37
0.78
1.34
1.47
0.92
1.67
0.73
1.01
0.69
0.96
0.65
1.23
1.58
2.76
4.34
4.39
4.89
2.16
0.75
1.13
0.9
2.59
2.23
1.55
3.39
5.36
6.18
3.2
3.07
3.63
4.78
4.5
1.95
3.67
1.8
1.28
1.1
1.45
3.07
4.55
3.06
1.54
4.9
3.05
4.51
4.8
5.15
2.6
2.09
1.51
1.3
0.78
0.8
2.29
1.49
0.83
1.3
0.98
1.54
1.69
3.23
2.03
2.1
1.74
2.18
1.6
1.31
0.98
2.76
3.3
1.75
3.15
2.28
3.78
4.89
6.58
1.9
4
4.75
3.44
3.84
3.65
3.25
3.05
3.04
1.86
3.13
2.53
1.88
1.82
2.85
2.54
1.76
1.9
1.61
1.67
1.63
2.96
1.98
1.71
1.36
2.28
2.04
2.44
3.44
4.98
3.44
1.85
3.36
1.45
-99
2.11
1.84
1.94
1.98
2.32
3.61
2.1
4.42
3.78
1.81
4.5
2.3
2.13
1.98
1.78
3.14
2.26
2.18
1.83
2.28
2.02
2.28
3.03
2.97
1.94
4.05
2.91
3.62
5.25
2.8
2.89
3.69
1.5
4.17
3.18
4.63
6.11
3.48
5.04
5.02
3.79
2.17
2.87
1.92
6.02
3.95
3.09
4.25
3.38
3.38
3
2.4
2.63
2.72
1.33
1.78
2.83
1.99
1.5
2.55
2.48
2.72
1.93
2.79
2.25
4.57
4.08
3.04
4.69
3.63
3.52
6.86
6.14
2.91
2.46
2.27
2.88
2.43
2.65
2.65
2.69
2.89
2.7
2.47
2.52
3.08
2.63
3.28
2.92
3.18
1.89
2.7
3.6
6.25
3.33
3.69
3.51
3.02
3.42
3.33
2.43
1.66
2.96
2.39
2.75
2.49
2.77
2.7
2.48
2.7
2.55
2.78
2.83
2.36
3.21
3.53
3.2
2.48
4
3.74
3.55
2.73
2.6
3.11
2.84
2.66
2.63
2.95
2.3
2.67
2.4
2.81
2.18
3.4
3.08
3.05
2.96
3.37
2.93
2.18
2.38
3.1
3.53
2.8
3.49
2.46
3.16
4.48
3.8
2.74
2.8
2.61
2.1
2.16
3.26
2.54
3.4
2.67
2.6
3.21
3.33
2.19
2.24
2.58
2.68
4.23
2.46
3.28
3
2.9
3.41
3.23
1.99
3.62
1.88
2.88
2.76
2.2
2.03
1.9
2.59
2.31
2.52
2.97
2.31
4.28
5.75
3.31
2.4
2.58
3.35
1.98
2.38
1.8
2.9
2.63
3.08
4.63
2.83
2.41
2.11
1.86
1.32
1.98
2.11
1.8
2.06
2.03
2.23
2.05
1.97
1.33
2.39
1.69
1.65
2.44
1.97
2.36
3.4
1.67
3.89
6.98
6.62
4.31
3.4
1.64
1.58
2.18
2.55
1.55
5.18
5.02
1.8
2.5
3.04
3.53
2.61
1.44
1.94
4.2
3.29
1.08
2.27
1.48
1.56
1.9
1.7
1.08
0.76
1.27
1.61
2.75
0.98
1.72
1.33
1.38
1.15
1.2
1.81
1.9
1.94
2.73
5.41
4.85
1.64
1.94
2.71
4.52
5.81
4.96
2.51
3.2
4.17
1.59
2.17
1.98
1.8
0.88
1.11
1.66
2.9
4.23
2.58
0.94
2.1
2.98
1.45
1.05
1.03
0.83
2.55
3.32
1.73
1.81
2.69
1.35
1.9
2.13
1.39
1.5
1.75
1.51
1.55
1.47
2.3
3.39
3.56
1.78
3.93
4.07
5.66
6.6
4.4
1.45
2.27
4.96
4.31
1.88
6.85
4.84
2.6
4.87
1.42
4.85
1.97
2.68
2.56
3.33
8.2
6.14
3.11
4.55
6.87
5.25
2.92
3
2.31
6.28
7.03
3.34
3.43
2.95
1.24
2.03
3.14
4.52
1.63
2.98
3.05
4.91
5.48
2.8
1.46
2.33
5.28
2.47
1.78
1.77
6.39
6.75
2.36
2.07
3.8
2.96
3.02
3.82
4.01
4.95
7.09
4.2
2.54
2.45
5.04
2.39
3.28
2.08
2.33
1.9
3.15
4.39
2.55
2.17
2.31
2.43
7.18
4.11
5.21
5.29
2.89
1.97
3.65
4.69
2.73
3.55
3.27
2.21
2.57
2.94
2.8
3.19
2.49
2.01
2.76
2.71
3.45
2.8
2.16
2.18
2.43
3.16
2.42
2.1
3.69
1.28
1.1
1.9
2.21
3.65
2.4
2.06
1.78
2.21
3.02
1.92
3.57
4.06
2.85
3.94
2.38
2.54
2.1
3.98
3.05
2.4
3.45
1.75
2.56
4.56
5.44
6.28
5.35
2.18
2.64
3.74
5.68
5.58
5.93
4.68
3.75
2.83
2.28
3.2
2.7
3.25
2.39
3
3.07
2.27
2.39
2.27
3.28
3.21
3.46
4.99
2.15
2.49
2.15
1.85
2.45
3.77
3.43
2.24
2.55
2.08
2.15
1.72
2.65
2.87
2.73
2.43
3.08
2.43
2.98
2.41
3.23
3.27
3.08
2.42
2.9
2.72
2.56
2.36
2.5
1.95
2.12
3.03
2.8
2.5
2.58
2.91
2.67
3.76
4.41
3.66
2.33
3.24
2.42
2.48
3.79
3.93
2.81
2.65
3.03
3.18
2.21
4.49
2.4
2.15
2.56
2.9
2.43
2.14
2.48
2.6
2.6
2.29
2.8
2.21
2.59
2.8
2.91
2.39
3.64
2.67
1.73
1.32
1.49
1.49
2.23
1.92
1.74
2.61
2.63
2.55
2.39
2.3
1.48
1.99
2.4
3.48
2.54
2.23
1.9
3.03
3.34
5.05
4.11
3.24
1.62
1.85
2.31
3.45
2.27
2.37
2.96
2.66
1.8
3.48
2.16
2.37
2.83
6.11
3.53
2.61
1.54
1.58
1.62
1.64
3.8
3.27
1.79
1.49
1.58
2.98
3.51
2.08
2.48
2.23
1.88
2.14
2.47
2.45
2.77
4.01
1.95
2.15
1.73
3.59
1.93
1.9
1.44
1.9
2.66
4.34
6.88
4.09
1.15
2.92
3.7
5.97
4.3
2.18
1.9
4.18
3.43
1.34
1.15
1.73
3.93
4.92
5.74
5.46
5
3.73
2.83
1.68
1.79
1.5
1.71
1.95
1.69
1.55
1.34
1.52
2.06
2.29
1.52
1
0.61
0.7
1.72
0.89
1.81
1.11
0.51
2.21
2
1.05
1.31
2.18
1.19
1.37
1.01
1.61
2.77
7.04
1.91
3.2
3.78
1.53
1.43
1.32
1.27
1.85
3.35
4.19
1.58
1.15
1.43
0.75
2.15
0.95
0.75
2.22
3.13
1.26
1.33
1.83
2.46
2.37
5.4
2.15
1.15
3.68
5.95
4.19
3.71
5.63
3.19
1.87
4.56
2.65
2.98
3.72
1.52
2.1
3.78
2.49
3.92
1.65
3.18
5.31
3.76
2.17
3.15
1.51
-99
-99
1.47
1.72
3.08
2.37
3.8
2.5
2.8
2.79
2.33
4.06
2.6
4.45
4.8
3.47
6.4
7.03
2.91
2.66
1.95
2.4
2.75
2
2.58
3.2
1.84
1.48
2.96
2.79
1.6
1.75
1.7
2.65
1.91
2.37
5.22
4.3
6.77
4.65
2.81
3.74
7.05
2.34
2.01
3.5
5.4
3.03
5.06
3.45
2.06
1.64
2.66
1.41
1.93
3.23
1.58
2.28
1.95
1.42
2.92
1.59
1.91
5
2.44
2.05
3.01
1.38
2.65
5.63
2.66
5.47
5.08
3.48
4.28
3.15
5.46
3.92
2.93
2.91
3.49
2.67
2.36
2.14
1.53
2.49
2.26
3.96
2.26
2.88
2.84
2.68
2.74
3.97
4.65
4.5
2.13
2
5.53
2.83
3.64
1.81
2.68
2.8
2.41
2.12
2.09
1.96
2.44
3.49
3.6
3.17
4.4
3.34
4.23
3.21
2.36
2.04
2.18
3.2
2.67
2.29
2.33
2.67
2.67
2.85
2.71
2.88
2.34
1.61
2.14
2.46
3.05
3.4
5.16
2.86
4.43
2.86
3.89
3.32
2.35
3.05
3.36
3.72
5.53
3.95
3.69
3.21
2.61
3.21
2.66
2.82
3.15
4.44
2.81
5.51
4.05
2.88
2.54
2.23
2.73
2.28
2.73
2.2
5.35
2.23
2.39
4
1.59
2.36
2.74
2.72
2.47
2.29
3.57
3.96
2.25
3.36
3.02
4.69
2.72
2.87
2.63
1.86
2.85
2.85
3.58
2.95
3.42
3.02
1.93
3
2.73
2.87
2.82
2.18
2.16
2.15
2.08
2.52
3.72
4.45
2.3
2.47
2.7
1.53
1.92
2.06
2.35
2.85
2.03
3.04
1.95
3.95
2.24
2.9
2.27
1.62
2.07
1.74
1.36
1.96
1.73
1.56
2.9
2.48
1.03
1.15
1.22
1.41
1.99
1.74
1.93
1.57
1.45
2.17
1.78
1.65
3.46
2.83
1.93
1.15
2.04
1.63
1.64
1.51
2.24
1.11
4.29
4.04
1.76
1.8
1.94
2.45
4.16
2.72
1.48
1.48
2.12
1.52
1.94
1.91
3.59
3.57
2.19
2.36
1.42
1.39
1.63
2.01
2.32
1.55
1.41
3.78
2.96
3.95
1.75
1.33
1.99
1.66
3
4.35
2.09
0.98
1.45
3.47
6.17
6.12
2.53
2.5
2.01
1.3
1.71
3.13
3.34
3.36
3.68
4.27
2.22
3.16
1.45
1.27
2.68
1.11
1.91
3.27
3.17
1.98
1.6
1.71
0.71
0.83
1.31
1.39
1.63
5.49
6.67
2.09
1.9
2
1.94
1.06
1.74
2.56
1.52
1.54
1.41
1.71
1.57
1.62
2.48
1.41
1.48
1.96
1.29
3.2
3.29
2.06
1.77
1.87
2.44
1.87
2.99
3.83
3.76
2.47
3.18
2.58
5.62
5.43
5.81
6.56
1.58
4.19
1.56
5.02
3.22
1.34
3.29
1.78
1.36
1.36
0.95
1.74
2.86
2
2.15
1.53
2.13
1.53
1.93
4.4
4.36
5.04
8.03
5.83
3.09
6.13
3.07
2.97
3.44
2.29
4.79
4.42
1.59
2.04
1.85
1.49
1.58
1.88
2.67
3.54
3.96
1.69
1.83
2.67
3.81
3.64
4.44
5.21
2.69
6.12
4.05
4.56
3.59
5.8
5.07
5.59
5.59
6.23
4.71
1.96
1.71
3.31
4.03
3.08
3.08
2.45
3.33
2.7
2.21
2.43
2.23
2.09
4.58
1.96
2.4
2.83
3.88
2.53
2.64
2.46
2.26
1.84
2.12
1.4
5.94
4.04
2
1.61
2.83
1.61
2.15
2.86
2.24
2.27
3.34
3.96
2.46
2.11
2.92
3.1
1.45
3.76
7.15
4.83
2.48
2.44
1.79
3.73
3.31
2.5
2.7
2.43
2.81
3.71
3.01
2.36
2.38
2.77
2.55
2.85
2.71
2.69
2.88
2.63
2.72
2.3
2.3
2.3
3.3
3.34
1.8
2.69
2.17
1.64
2.25
2.93
2.84
2.89
2.37
2.62
2.35
3.01
2.14
2.64
2.51
2.04
2.2
2.58
3.41
4.92
4.76
4.53
3.35
3.34
2.29
2.08
3.23
2.99
3.11
2.46
2.06
2.45
2.7
2.61
2.74
3.16
2.8
2.2
2.83
2.57
2.79
2.28
2.99
2.94
1.68
3.27
2.14
2.69
2.99
4.18
2.43
2.36
2.66
2.68
2.91
3.16
2.65
2.12
3.91
2.47
2.94
3.13
3.5
4.14
2.91
2.33
3.4
1.53
1.71
2.26
2.65
2.94
2.14
3.93
2.28
2.59
2.75
2.86
2.62
3.25
2.42
2.6
2.19
1.74
1.31
2.42
1.56
1.38
1.56
1.89
3.66
3.39
3.19
1.66
2.97
2.48
2.23
4.19
2.14
2
2.65
2.46
3.03
4.13
1.97
2.32
2.43
2.32
2.05
3.23
1.19
2.82
3.04
1.45
1.22
1.54
3.82
2.82
1.8
1.73
1.7
1.37
1.62
2.79
3.16
1.98
1.66
2.85
1.83
1.93
1.52
2.63
2.93
1.4
2.22
2.05
2.77
2.39
2.85
2.33
2.75
2.57
4.38
6.34
2.14
1.62
1.63
1.6
1.22
1.79
0.96
1.32
1.1
0.86
1.72
1.56
0.81
1.4
1.35
0.94
1.29
3.5
5.99
2.73
1.83
1.69
5.29
5.33
2.13
2.79
2.27
1.44
1.25
1.3
1.25
1.29
1.75
2.31
2.04
1.17
1.3
0.53
0.82
0.56
0.8
0.61
1.1
1.66
0.78
1.19
1.16
1.31
1.43
1.08
0.81
1.07
0.51
0.66
1.46
2.87
1.89
1.6
1.05
1.53
3.23
1.96
2.2
4.04
4.8
1.94
1.99
1.95
1.4
4.43
3.28
1.97
2.67
3.72
3.23
1.82
2.43
2.43
1.29
1.67
0.92
1.32
2.36
1.33
0.84
1.2
1.11
1.14
1.55
2.97
2.68
1.38
3.93
1.73
1.36
2.42
5.78
2.91
5.3
3.23
1.54
2.99
4.01
5.35
4.42
3.57
1.76
1.18
1.65
1.93
1.5
2.36
4.78
2.05
3.96
2.81
3.07
1.73
5.62
4.2
6.5
6.43
2.23
6.29
5
1.78
3.31
3.92
3.53
3.14
2.33
2.88
2.2
1.09
2.23
1.5
2.23
3.62
1.77
1.69
2.63
4.6
2.89
3.41
1.72
3.24
2.7
2.1
3.12
4.32
1.97
2.03
3.77
3.33
1.8
2.96
4.5
5.22
4.55
3.72
2.25
2.2
3.04
2.22
2.36
2.28
2.44
2.75
2.27
4.36
1.92
1.35
2.98
4.53
2.19
2.18
3.04
1.26
1.76
4.73
5.06
3.66
2.22
2.5
3.82
4.51
3.83
3.61
2.99
1.93
2.46
2.11
3.92
3.76
2.99
2.17
2.24
1.81
4.5
2.53
3.74
3.97
3.95
3.75
2.02
3.21
2.36
2.51
4.64
3.39
4.35
3.54
2.72
2.13
2.16
2.37
2.13
2.34
2.39
2.28
3.29
2.51
3.05
4.8
4.79
3.05
3.9
2.41
4.55
3.46
2.19
2.47
3.1
2.91
2.51
2.16
1.72
2.43
2.52
2.85
2.81
3.34
2.53
2.32
2.44
2.1
2.15
2.41
2.6
2.35
2.61
3.17
2.24
5.28
4.25
2.01
2.34
3.02
3.29
2.78
2.84
3.12
2.42
2.53
2.35
1.82
2.71
2.66
2.28
2.95
2.95
2.71
3.25
2.38
3.05
2.5
3.5
2.55
2.89
2.23
2.52
2.92
2.69
1.97
3.27
2.95
2.87
2.55
2.39
2.74
2.49
3.12
2.84
2.41
2.89
2.51
2.41
2.5
3.01
2.96
2.01
2.13
2.26
2.34
2.42
2.32
1.51
2.49
2.76
3.87
2.77
1.92
1.88
2.31
3.2
3.81
2.24
1.26
3.16
4.02
2.77
1.86
1.63
1.88
3.57
2.7
2.29
2.55
1.56
1.87
2.44
2.15
2.28
2.2
2.63
3.91
2.68
2.01
2.43
1.68
1.94
1.6
1.54
3.34
5.23
1.89
2.39
1.7
2.36
1.54
1.57
1.5
1.46
1.76
2.24
3.2
2.14
1.7
1.05
1.28
1.09
1.22
1.25
1.61
1.04
1.36
1.25
1.05
2.23
4.88
3.73
4.15
5.2
5.09
5.1
1.91
1.63
1.36
1.88
1.67
1.55
1.14
2.54
1.68
2.31
2.26
3.78
1.21
1.27
4.02
2.7
0.8
2.76
3.84
1.39
0.95
2.19
4.89
3.17
1.18
1.11
0.64
0.72
0.81
1.08
0.88
0.63
0.57
0.61
3.89
3.44
1.63
1.08
1.78
1.4
1.29
1.29
1.24
1.36
0.62
0.86
0.86
1.04
0.59
0.71
1
1.06
1.34
1.34
1.4
1.47
1.41
1.46
1.41
2.83
1.48
1.57
5.71
3.4
3.51
3.25
3.21
1.37
1.69
6.02
2.62
1.48
1.12
2.23
2.62
2.84
4.49
2.08
1.31
1.17
1.06
0.8
1.09
1.81
2.47
6.43
7.15
4.55
5.92
1.54
2.56
4.42
8.91
6.68
1.62
1.57
1.83
1.43
1.57
1.58
1.91
1.6
1.28
1.18
1.34
1.99
1.74
2.12
1.73
-99
1.2
5.95
5.73
2.52
6.01
5.76
2.68
1.86
1.65
1.1
3.87
1.56
2.04
1.77
1.78
1.62
1.66
1.76
1.4
2.45
2.42
2.46
1.55
2.17
3.01
2.98
1.93
1.68
2.99
2.39
4.94
4.23
2.19
2.23
1.79
2.63
1.78
2.33
2.54
1.8
1.93
1.86
1.78
2.24
2.61
2.01
2.19
2.78
2.63
2.78
2.76
2.16
2.03
3.08
2.68
2.26
2.21
1.76
2.46
2.83
3.35
2.06
2.86
3.66
5.15
4.27
2.92
2.27
2.66
3.53
2.57
2.49
2.13
2.08
2.13
2.29
3.09
3.2
3.89
2.21
2.59
2.84
2.18
2.09
2.41
3.57
3.89
3.98
3.36
2.41
2.38
2.65
2.44
1.65
1.5
1.66
3.4
2.8
3.01
2.45
2.47
2.57
2.37
2.53
2.91
2.24
1.88
2.51
2.68
3.45
2.89
2.3
2.85
2.74
2.2
2.3
2.1
2.88
3.43
4.16
4.65
5.49
3.03
2.3
2.78
3.16
2.16
3.7
4.09
2.52
3.49
2.03
2.55
2.35
2.43
2.08
2.89
3.84
3.44
0.98
2.57
2.05
2.58
2.01
4.65
3.18
2.51
2.26
3.02
2.8
3.32
4.71
2.32
2.33
2.48
1.77
2.32
2.32
4.13
3.51
1.82
4.34
3.39
2.01
2.83
3.14
3.66
2.3
2.5
2.26
2.4
2.25
2.25
2.91
3.14
3.34
3.42
3.06
2.34
2.31
1.55
2.46
2.57
3.7
4.42
1.95
3.14
2.01
2.37
2.55
1.89
3.19
6.23
5.02
4.12
1.82
3.31
2.01
2.97
1.59
2.57
4.27
1.71
2.62
1.65
1.66
1.92
2.74
2.22
2.24
2.36
1.72
1.33
1.67
1.56
1.82
1.89
1.56
2.82
1.71
1.93
1.73
1.99
2.06
1.88
1.97
2.72
3.03
2.46
2.39
3.55
1.65
1.31
1.92
3.78
1.74
1.52
1.37
1.14
3.12
1.66
2.28
2.29
1.3
1.9
1.87
1.83
1.67
4.97
3.46
2.24
3.17
2.53
1.88
3.79
4.87
4.71
2.48
1.66
1.21
1.56
1.48
1.7
1.66
1.45
1.24
1.22
1.74
3.85
2.91
1.62
1.46
2.27
2.74
3.87
4.25
2.16
1.7
1.4
1.11
0.81
2.49
3.37
1.73
2.95
2.7
1.56
2.69
4.02
4.04
1.96
2.04
1.88
1.74
1.34
1.42
1.67
0.75
0.82
1.3
6.23
4.28
2.74
2.67
2.83
5.32
5.39
4.66
5.56
3.17
3.56
2.24
1.52
1.33
2.38
4.48
2.43
2.32
3.4
2.3
4.94
5.59
1.46
3.47
4.02
6.5
5.22
2.52
2.06
2.05
2.46
0.83
0.93
1.79
1.45
1.17
1.57
2.68
4.76
1.9
0.8
1.36
3.06
1.44
2.47
3.33
2.75
4.36
2.1
1.98
2.14
1.16
2.85
2.12
1.66
3.86
2.52
2.33
1.93
1.33
1.89
2.67
1.37
5.8
3.24
3.74
3.15
1.79
3.18
3.11
3.42
2.27
2.12
2.09
2.94
4.07
2.04
2.28
2.34
3.09
2.55
3.66
3.46
5
3.95
3.51
3.16
3.92
2.39
3.28
3.55
2.98
2.56
2.52
6.42
2.38
3.02
1.74
4.35
2.29
4.59
6.26
2.72
2.94
2.95
1.89
2.4
2.49
0.92
2.42
1.76
1.62
2.48
2.92
2.52
2.25
2.07
1.69
2.1
1.82
2.79
1.94
3.31
2.54
2.58
2.14
3.26
4.57
2.81
1.95
1.26
1.25
1.44
2.7
2.79
2.5
3.7
5.89
3.92
3.15
2.09
2.35
1.93
1.79
1.51
1.99
2.12
2.02
3.09
4.81
3.66
2.02
1.17
2.64
1.35
1.73
2.46
2.58
1.9
2.13
1.44
1.37
2.11
1.93
2.71
1.35
2.61
4.59
4.68
2.84
2.03
2.04
2.48
1.92
2.23
2.31
2.25
2.64
3.12
2.75
2.94
2.98
2.19
1.82
2.74
2.99
2.8
2.54
2.51
3.21
3.63
2.48
2.58
2.12
2.03
1.95
2.28
2.55
2.49
2.48
2.76
4.58
2.61
2.47
2.91
2.15
2.2
1.93
2.24
3.26
2.39
2.49
2.74
2.87
2.31
2.61
2.11
2.18
2.42
2.59
1.89
2.8
2.71
3.31
4.23
2.02
1.69
2.14
2.54
2.26
2.88
2.12
2.28
2.27
2.3
1.75
1.93
1.97
2.01
1.65
3.59
3.21
2.12
2.06
2.57
2.46
1.83
2.19
2.4
2.54
2.71
2.89
2.28
1.73
2.14
2.42
2.13
1.71
2.79
1.63
1.66
1.54
1.28
1.85
2.29
2.21
1.82
2.17
1.55
1.66
1.64
3.46
2.21
5.36
1.89
1.73
2.22
1.86
4.68
3.08
1.98
1.86
2.23
2.15
4.57
1.29
1.94
2.45
2.05
1.8
2.89
3.7
2.51
1
1.51
1.79
4.09
1.29
1.37
1.47
1.49
1.78
1.52
0.98
1.9
2.43
6.03
2.85
3.33
1.63
1.75
1.51
1.21
3.41
2.18
1.8
2.55
2.86
0.99
2.36
3.1
0.94
2.16
2.9
2.34
2.78
5.52
1.94
1.53
1.64
1.03
1.27
1.48
1.84
3.67
3.53
2
1.04
2.95
1.86
1.6
1.7
1.49
0.73
1.96
2.54
4.17
3.68
2.78
1.05
1.53
1.45
2.82
2.56
2.76
2.49
1.92
2.14
1.57
1.31
1.61
1.24
1.39
1.12
0.77
1.34
1.77
1.71
1.32
1.2
1.23
1.65
1.38
1.21
1.8
1.74
1.91
2.79
4.22
2.33
2.21
2.4
3.44
4.03
1.26
1.5
1.81
1.37
1.83
1.26
2.26
2.8
5.35
5.26
4.29
2.71
6.34
5.73
2.49
4.09
1.47
2.24
6.32
5.4
1.96
1.88
1.64
1.89
1.32
1.51
3.52
3.46
1.62
2.03
2.28
1.35
1.64
2.08
2.16
2.76
1.66
1.46
1.64
2.01
2.12
1.38
1.24
1.77
2.54
2.02
2.92
1.53
4.25
2.07
3.08
3.3
2.06
2.06
3.24
3.37
1.69
5.32
4.22
3.4
1.47
3.45
3.05
2.74
2.2
2.14
1.73
1.86
2.12
2.79
2.61
2.24
2.11
2.5
2.5
1.43
1.09
1.68
2.85
3.15
2.54
2.68
3.37
2.51
3.17
2.93
3.4
3.02
2.15
2.45
3.74
2.9
3.28
6.84
7.91
4.18
1.31
0.92
1.99
2.49
2.59
3.55
3.47
3.75
2.28
2.27
2.41
2.51
1.64
3.53
4.02
2.32
3.18
2.79
3.21
1.85
3.78
3.32
2.73
2.29
3.96
3.41
3.93
4.79
4.43
3.24
2.05
2.19
2.3
1.61
-99
-99
3.28
4.95
3.01
2.42
2.2
2.7
2.69
2.76
4.19
3.91
3.38
3.28
2.52
1.76
3.49
2.31
2.41
3.66
2.18
3.32
2.04
2.54
3.46
2.17
2.96
1.47
1.94
3.19
4.26
3.75
5.58
4.45
2
2.3
2.86
2.68
2.47
2.55
2.63
3.21
1.94
2.91
3.58
3.15
2.08
2.04
1.47
2.34
2.53
3.1
2.25
2.54
2.38
2.65
3.3
2.99
2.36
2.4
2.51
2.92
2.56
3.95
3.89
2.44
2.6
2.82
2.75
2.35
2.71
3.06
2.84
2.53
2.09
2.47
2.08
2.75
2.68
3.4
2.62
2.41
2.12
2.15
3.1
3.59
2.41
1.79
1.33
2.23
2.16
2.2
2.42
2.87
1.91
1.83
2.05
2.12
2.05
1.78
2.8
2.14
1.89
3.31
2.33
1.97
2.13
2.03
3.28
1.2
1.6
2.58
2.56
3.4
2.19
1.84
1.69
1.92
3.51
2.92
1.78
1.56
2.35
2.59
1.52
2.05
1.83
1.59
2.05
2.15
4.12
2.48
1.63
2.39
3.02
2.85
2.16
1.64
1.53
2.52
2.69
3.79
3.61
4.46
2
1.9
1.59
1.93
1.59
1.17
1.86
2.64
2.6
1.72
1.44
1.49
1
1.13
1.49
2.49
1.28
1.65
4.5
2.92
5.09
4.51
2.43
5.58
4.05
4.47
3.46
4.45
1.82
2.26
2.36
2.74
3.21
2.19
1.74
1.8
1.24
2.58
4.31
4.1
2.28
1.51
3.43
2.28
3.44
1.2
1.64
1.04
1.11
1.43
0.57
1.06
1.15
1.55
6.14
3.02
3.8
3.45
7.76
4.18
2.18
3.67
5.15
1.3
2.82
2.55
2.45
6.66
4.92
1.97
1.19
1.77
1.59
0.87
0.64
0.74
1.26
1.54
0.71
1.33
1.35
1.28
0.58
0.95
0.76
1.03
1.41
1.62
1.35
0.81
0.83
1.05
1.14
2.97
1.54
1.02
2.46
8.21
1.24
1.19
1.16
1.6
1.84
1.64
2.29
1.83
2.17
1.64
2.05
1.67
1.85
4.22
1.88
2.16
1.69
1.29
1.3
2.78
3.76
2.6
2.14
2.48
1.21
1.2
2.66
3.23
2.46
1.44
1.78
1.39
1.73
1.9
3.43
5.63
4.12
2.78
1.68
3.36
6.12
5.4
3.53
4.34
6.91
3.93
2.79
5.29
1.45
1.64
1.65
1.35
2.06
3.55
7.23
4.51
1.33
2.34
2.34
1.86
2.53
3.5
4.52
2.3
1.92
1.94
1.21
2.87
2.74
1.97
5.29
0.84
2.04
2.82
2.86
2.75
2.54
2.4
2.54
2.23
2.24
3.09
1.18
1.97
2.99
3.32
2.06
3.03
1.81
1.59
1.19
1.87
1.34
2.03
2.26
1.99
1.35
2.78
2.07
3.88
3.74
2.82
1.86
3
1.33
2.06
3.15
2.85
3.1
2.67
3.73
2.17
2.22
2.19
1.74
2.2
2.05
2.16
2.35
1.87
1.56
2.18
2.25
2.07
1.45
1.59
2.72
2.35
2.67
3.55
2.74
2.34
2.23
2.06
4.13
4.55
2.19
2.43
2.8
2.99
2.1
3.55
2.34
3.16
2.06
1.89
1.21
1.88
2.08
2.93
1.88
1.97
2.39
2.6
2.47
2.31
2.8
2.69
2.65
2.5
2.64
2.11
2.28
3.13
2.98
1.8
2.75
3.14
2.3
2.38
2.6
2.05
2.12
2.23
1.95
2.61
2.15
2.13
2.51
2.71
3.01
3.11
2.46
2.31
2.15
2.16
2.25
2.83
3.6
2.86
2.73
2.61
1.85
3.43
3.77
2.89
2.33
2.59
2.61
2.16
2.49
2.53
2.05
1.64
2.09
2.79
2.6
2.35
2.15
1.74
3.13
3.66
2.35
2.22
2.01
2.34
2.33
2.82
2.46
2.42
3.7
3.38
1.85
1.69
2.24
1.86
2.46
2.12
2.89
3.05
1.72
1.72
1.98
2.1
2.06
2.47
2.51
1.94
2.11
2.42
3
1.75
2.42
1.74
1.51
1.6
1.89
8.32
5.69
5.74
3.02
1.51
1.65
2.64
3.33
3.87
2.29
3.23
2.85
3.38
1.77
1.53
2.66
4.36
4.2
4.09
4.71
4.14
1.8
1.9
1.78
2.93
3.94
3.5
2.7
2.58
2.02
1.83
4.99
2.3
1.87
1.33
1.38
1.61
1.94
0.9
1.52
0.9
2.49
5.2
4.37
1.42
1.04
1.57
1.22
0.76
1.06
0.8
1.21
2.41
1.3
1.42
1.97
2.6
1.46
1.42
1.2
1.36
1.54
4.54
5.48
1.16
1.3
1.04
1.31
3.1
1.55
2.6
3.09
4.29
1.33
4.28
4.03
4.24
1.49
5.69
1.97
1.72
1.49
1.95
0.75
0.68
0.99
1.57
1.51
1.11
0.66
2.03
5.12
3.83
1.05
4.76
3.91
4.13
2.13
2.54166666666667
3.31666666666667
3.15416666666667
2.67083333333333
2.2375
1.49166666666667
0.6875
0.920833333333333
0
0.239583333333333
1.19791666666667
1.45416666666667
1.64583333333333
2.55208333333333
4.16666666666667
1.79375
3.53333333333333
1.74583333333333
1.27708333333333
1.53125
1.26875
5.60208333333333
3.06875
5.3875
2.27708333333333
2.2
2.15416666666667
2.18125
3.15
4.51041666666667
6.40625
7.25208333333333
2.80208333333333
1.35
2.16458333333333
3.38958333333333
2.29166666666667
4.13125
1.8125
1.76666666666667
3.26875
1.80208333333333
2.8
2.81458333333333
5.575
2.54791666666667
1.23541666666667
1.18958333333333
1.18333333333333
1.26041666666667
3.84166666666667
8.32708333333333
3.44583333333333
1.04347826086957
2.20625
1.95833333333333
1.2
1.78541666666667
3.32916666666667
3.325
2.17916666666667
1.42291666666667
1.54166666666667
1.3875
2.05416666666667
1.60208333333333
0.897916666666667
2.49791666666667
1.87708333333333
1.64791666666667
2.54583333333333
2.25833333333333
4.58333333333333
3.625
3.02083333333333
3.41666666666667
2.78333333333333
1.81458333333333
2.47708333333333
2.8625
3.23333333333333
1.57291666666667
1.58333333333333
1.82708333333333
1.38125
1.56041666666667
2.04166666666667
3.26458333333333
2.37291666666667
2.56666666666667
2.88333333333333
2.0375
1.91875
1.8375
1.79375
6.0625
2.63958333333333
2.58541666666667
2.3625
1.2875
1.8875
2.91458333333333
2.05416666666667
2.89791666666667
2.38125
2.50625
2.38958333333333
2.04375
2.52083333333333
2.45208333333333
3.33125
3.47916666666667
2.92083333333333
2.41458333333333
3.87708333333333
1.90833333333333
1.03333333333333
1.19791666666667
2.23333333333333
1.91666666666667
3.92083333333333
2.48125
2.17083333333333
2.14791666666667
2.47708333333333
1.80833333333333
2.89375
3.18333333333333
2.84583333333333
1.93125
4.32291666666667
3.56041666666667
3.675
4.22708333333333
2.225
4.22083333333333
3.77291666666667
2.32916666666667
4.45208333333333
2.18333333333333
3.43958333333333
1.84583333333333
0.791666666666667
2.75833333333333
2.52916666666667
1.69375
2.2
2.48125
2.28541666666667
2.35833333333333
2.88510638297872
3.05208333333333
3.46458333333333
4.34375
2.38541666666667
1.62916666666667
1.72291666666667
2.62083333333333
2.4375
2.3625
2.475
1.99166666666667
2.0375
2.01041666666667
2.23541666666667
2.37916666666667
2.78541666666667
2.16458333333333
2.45
2.20833333333333
1.49791666666667
1.87291666666667
2.2125
1.95
2.97291666666667
2.24166666666667
3.09375
3.49583333333333
2.12916666666667
2.41666666666667
2.09166666666667
2.76458333333333
3.21875
2.87083333333333
3.23541666666667
2.74583333333333
3.025
1.58333333333333
3.48958333333333
2.14375
2.90416666666667
3.1125
3.85416666666667
5.78333333333333
2.77916666666667
2.01458333333333
2.37083333333333
2.6125
2.75
2.19375
2.87708333333333
2.63541666666667
2.6625
3.49166666666667
2.38125
1.97291666666667
1.81666666666667
2.78541666666667
2.77916666666667
3.33958333333333
2.34166666666667
1.83333333333333
3.08333333333333
2.05625
2.25416666666667
3.38125
1.93541666666667
2.87708333333333
3.31666666666667
2.02708333333333
2.12291666666667
1.78333333333333
2.25833333333333
2.1125
1.94583333333333
1.82708333333333
2.14583333333333
3.3875
3.55416666666667
2.30625
1.5875
2.22083333333333
2.5625
2.15
1.76041666666667
2.825
2.825
1.41041666666667
1.77291666666667
2.63125
1.83541666666667
1.59166666666667
2.32708333333333
3.48125
2.01458333333333
1.39583333333333
1.85625
1.85833333333333
2.24791666666667
3.21666666666667
3.0875
1.7375
2.62916666666667
1.68541666666667
2.10416666666667
2.30416666666667
1.78333333333333
1.17916666666667
1.35416666666667
1.39791666666667
2.19166666666667
2.91875
2.79166666666667
1.13958333333333
0.889583333333333
2.1
1.47916666666667
1.61041666666667
1.86041666666667
2.13958333333333
2.33125
1.88958333333333
1.44166666666667
1.35625
2.225
2.32916666666667
2.37916666666667
2.84166666666667
2.85
1.56666666666667
1.62083333333333
1.46666666666667
1.35625
1.59166666666667
1.82083333333333
1.53333333333333
1.7875
1.80416666666667
1.70416666666667
1.38958333333333
1.3375
1.91666666666667
1.94583333333333
1.94583333333333
1.49791666666667
1.6625
1.3375
1.39166666666667
1.41041666666667
2.19791666666667
2.41458333333333
1.65208333333333
1.35
1.35625
4.275
2.01875
4.81458333333333
2.54583333333333
1.80208333333333
1.7125
2.20625
2.04375
1.25
1.30625
1.04583333333333
1.03958333333333
1.42083333333333
2.39791666666667
2.09791666666667
1.45833333333333
2.22291666666667
1.59375
1.23125
0.810416666666667
1.46458333333333
2.5875
4.4375
1.40833333333333
1.80416666666667
3.04375
5.24375
6.21875
3.8375
1.46041666666667
2.36458333333333
3.71458333333333
2.89791666666667
4.92708333333333
5.425
3.8625
1.8625
5.30208333333333
2.9625
8.59166666666667
3.25
1.45
0.647916666666667
0.625
0.533333333333333
0.627083333333333
0.339583333333333
0.5375
0.5375
0.829166666666667
0.610416666666667
0.775
1.13958333333333
1.10833333333333
1.20625
1.62291666666667
3.34375
3.73541666666667
3.08958333333333
1.35833333333333
1.06041666666667
1.00416666666667
0.904166666666667
1.02083333333333
1.37083333333333
3.8
2.21666666666667
2.0375
3.30416666666667
7.87083333333333
3.56041666666667
1.34583333333333
1.59583333333333
1.24791666666667
1.13125
1.40833333333333
1.50208333333333
1.35208333333333
1.18125
1.33958333333333
1.31666666666667
1.51041666666667
1.52708333333333
1.25625
1.3875
1.2125
1.08541666666667
1.43958333333333
1.65208333333333
1.53125
1.37083333333333
3.8625
4.35416666666667
2.35625
1.3625
1.93541666666667
2.09375
1.93125
2.43125
1.61875
1.75625
1.44583333333333
1.24791666666667
1.99375
2.54583333333333
4.12083333333333
4.025
4.52916666666667
2.72916666666667
1.42708333333333
1.4125
1.53958333333333
4.28541666666667
2.75
1.95416666666667
1.51666666666667
1.46666666666667
2.04375
1.78958333333333
2.01875
2.35
1.79166666666667
1.66666666666667
2.66458333333333
1.88125
0.985416666666667
1.54375
2.05
2.04791666666667
2.39166666666667
2.16875
2.51458333333333
2.5625
8.43125
7.35208333333333
2.425
1.45208333333333
0.725
2.39583333333333
3.6125
6.7375
4.3875
4.29166666666667
3.27083333333333
3.2375
0.68125
1.56875
2.29375
1.125
1.65625
4.34375
6.93958333333333
6.12083333333333
2.75625
2.07291666666667
1.4375
1.98541666666667
3.34166666666667
5.51875
4.85208333333333
3.18958333333333
5.3625
3.14255319148936
2.27708333333333
1.4046511627907
2.04583333333333
2.24791666666667
2
1.99791666666667
1.225
1.325
2.05625
2.10208333333333
3.5625
4.31666666666667
1.91666666666667
2.54583333333333
1.7125
1.75833333333333
1.85833333333333
2.4875
2.34166666666667
2.22291666666667
2.35833333333333
1.275
2.41666666666667
2.9
2.05833333333333
1.79375
1.97708333333333
2.18125
2.88958333333333
2.91666666666667
2.14375
2.06458333333333
2.5125
1.80208333333333
1.4
2.68958333333333
3.80833333333333
2.65416666666667
1.8375
2.51458333333333
3.28541666666667
1.69791666666667
1.27291666666667
2.46875
1.96458333333333
2.04583333333333
2.92291666666667
2.70208333333333
2.15416666666667
2.43125
2.45
3.01666666666667
3.22916666666667
2.46458333333333
2.86666666666667
2.73125
3.22083333333333
4.31666666666667
2.31875
2.20833333333333
2.19166666666667
2.47291666666667
2.53541666666667
2.43958333333333
2.13958333333333
2.56458333333333
3.875
4.41458333333333
3.74583333333333
2.7875
2.78333333333333
2.31041666666667
2.675
3.79375
2.6375
1.9375
2.52291666666667
3.31666666666667
1.64166666666667
2.8125
3.12916666666667
2.52916666666667
1.87916666666667
2.31458333333333
2.02291666666667
2.46041666666667
2.82083333333333
1.95208333333333
2.25416666666667
2.77916666666667
2.22083333333333
2.63541666666667
2.71458333333333
1.91666666666667
2.50208333333333
2.78958333333333
2.63333333333333
3.12083333333333
2.31458333333333
2.45416666666667
2.80625
2.18333333333333
2.54791666666667
2.4
2.45625
2.03333333333333
2.78333333333333
3.25
1.83333333333333
2.36875
2.20625
2.475
2.79583333333333
2.61875
2.47916666666667
2.16458333333333
2.35
2.63541666666667
2.48125
2.5625
2.48541666666667
2.25416666666667
2.57708333333333
2.56458333333333
2.58125
2.92083333333333
2.56666666666667
4.31666666666667
2.08958333333333
1.97916666666667
2.42708333333333
2.72083333333333
1.73541666666667
2.45208333333333
2.47291666666667
1.60625
1.97916666666667
2.28958333333333
2.94791666666667
1.62708333333333
2.67291666666667
2.15208333333333
2.02291666666667
2.225
3.37083333333333
3.09791666666667
1.87083333333333
1.32291666666667
1.00625
2.92291666666667
2.42291666666667
2.75208333333333
2.39166666666667
1.78333333333333
1.36458333333333
1.47708333333333
2.54166666666667
2.50833333333333
2.49583333333333
1.73333333333333
1.69791666666667
2.70208333333333
3
2.98958333333333
1.78541666666667
2.07083333333333
2.88478260869565
-99
4.37916666666667
4.95625
3.48958333333333
1.71666666666667
1.45833333333333
1.41458333333333
1.8375
2.4125
2.01458333333333
1.45416666666667
1.23333333333333
1.7875
2.06458333333333
1.56875
1.35208333333333
1.63541666666667
2.04791666666667
1.87083333333333
2.11458333333333
3.27291666666667
2.5125
2.22083333333333
2.20833333333333
1.17916666666667
1.54583333333333
1.51041666666667
1.23541666666667
1.64375
1.22083333333333
1.98333333333333
2.26666666666667
2.16041666666667
2.55833333333333
2.37291666666667
1.32291666666667
1.87916666666667
2.13125
5.51041666666667
3.1375
1.76875
1.77708333333333
1.725
2.3
1.31521739130435
2.64583333333333
2.05416666666667
1.37083333333333
1.24583333333333
1.33125
2.63333333333333
1.59375
2.41875
4.45208333333333
3.43125
2.67083333333333
4.175
2.44375
1.30833333333333
2.92291666666667
1.51458333333333
1.4
3.55625
2.75
1.18958333333333
0.714583333333333
1.25416666666667
0.541666666666667
0.733333333333333
0.735416666666667
0.94375
0.725
1.76458333333333
1.07291666666667
4.40625
1.20208333333333
1.68333333333333
0.96875
2.60416666666667
1.92291666666667
2.2375
1.20416666666667
1.45208333333333
2.00833333333333
1.41666666666667
2.37708333333333
2.54791666666667
2.0875
1.25625
0.8875
0.925
1.3375
1.11666666666667
1.06666666666667
1.74583333333333
1.04375
