20000101
0.38
0.61
1.44
2.33
1.04
3.32
1.35
0.69
0.8
1.18
1.03
0.66
0.69
1.4
1.37
1.25
2.85
4.46
2.03
1.87
2.99
3.39
2.51
2.96
0.44
0.7
0.97
1.54
1.73
2.97
0.58
2.87
3.58
3.06
0.97
1.45
0.87
1.26
2.08
2.32
2.34
1.44
2.55
1.79
1.61
2.79
7.79
6.83
4.03
5.62
2.65
0.96
1.28
1.67
2.29
2.1
1.31
1.13
1.46
1.43
7.74
3.18
2.54
1.08
2.11
2.1
1.05
1.81
2.27
-99
-99
-99
1.83
2.34
2.71
2.81
2.67
2.84
2.06
1.94
1.73
3.45
2.41
1.48
1.21
4.06
5.73
1.32
3.37
1.26
3.29
2.06
3.04
4.69
5.12
3.54
2.45
1.82
2.37
1.92
1.55
3.05
5.21
5.36
4.29
4.64
1.7
5.04
4.98
2.49
3.14
2.17
2.13
5.92
3.74
2.41
2.58
3.13
1.59
2.28
0.9
1.78
2.12
1.68
3.39
1.83
1.9
1.64
1.58
2.66
1.4
2.63
1.72
2.55
1.95
1.71
1.86
1.81
2.87
2.03
0.34
0.85
2.29
2.61
1.91
2.2
3.08
3.45
3.11
3.75
2.59
1.91
1.98
1.48
2.01
2.18
3.11
4.46
3.53
2.95
3.31
6.38
-99
-99
1.24
1.74
1.99
2.47
2.04
2.46
1.92
2.62
2.07
2.18
2.04
3.12
2.56
2.51
3.08
2.43
3.31
2.8
2.32
1.46
2.46
4.29
2.26
1.96
2.61
3.84
2.95
1.98
3.69
3.33
1.94
2.84
3.95
3.25
2.13
2.43
2.13
2.44
2.23
2.08
1.44
4.09
2.47
2.11
2.61
3.16
3.68
3.11
3.19
2.99
2.42
1.93
3.53
2.78
2.85
2.61
3.15
2.18
2.91
2.38
2.96
3.28
2.71
2.47
2.88
2.2
2.22
2.1
2.01
2.9
2.07
2.3
2.34
2
2.78
4
3.65
2.57
2.47
2.56
3.24
1.61
2.73
3.06
2.52
2.69
1.36
1.97
2.29
1.97
2.34
2.14
2.07
2.69
1.98
1.58
2.16
1.39
2.77
6.71
2.1
1.62
1.56
1.46
1.54
1.67
1.09
2.25
2.58
2.2
2.46
5.08
2.45
1.35
1.25
3.12
2.89
1.2
1.85
2.18
4.23
1.39
1.46
1.38
2.51
2.61
1.5
1.94
0.28
1.52
4.24
3.33
4.24
2.96
0.54
1.4
3.11
1.69
0.45
2.42
2.66
3.76
3.25
6.06
4
2.13
7.88
7.58
4.61
3.21
2.28
0.68
1.39
1.25
2.72
0.42
1.81
2.44
1.71
2.58
2.66
4.3
2.77
4.02
3.87
2.26
4.48
2.49
1.4
0.69
2.45
0.42
2.04
2.37
1
0.63
1.05
0.85
4.1
-99
-99
-99
-99
1.96
2.1
3.06
-99
-99
-99
-99
0
-99
5.7
1.84
0.9
3.73
3.81
4.49
4.28
6.54
4.17
4.24
1.66
3.88
4.45
5.63
2.86
0.99
2.76
4.39
0.69
3.14
0.38
-99
-99
0.39
0.17
0.75
1.93
1
2.21
2.16
1.23
2.38
4.79
5.1
5.28
4.42
2.91
3.14
3.4
4.3
1.88
1.78
2.01
2.37
3.06
4.66
2.52
0.8
5.75
4.89
1.56
0.87
1.18
1.49
0.56
1.27
1.88
2.71
1.55
2.84
3.02
2.07
1.52
1.24
1.69
3.55
2.34
3.72
7.89
3.42
1.58
5.04
3.94
2.65
2.08
1.72
4.96
3.26
2.7
2.16
3.3
5.64
1.55
1.94
1.41
5.41
4.22
3.33
4.46
4.46
5.35
2.65
3.56
6.23
2.9
1.33
3.4
5.81
5.64
3.28
2.88
2.44
2.2
3.65
2.56
1.57
10.26
6.99
2.74
3.01
4.19
4.2
1.95
2.8
3.51
1.99
2.73
1.4
3.23
2.88
5.14
4.34
5.4
3.87
4.37
3.15
2.67
3
2.31
2.83
2.55
1.52
0.94
1.7
2.49
3.25
2.09
2.51
2.11
1.19
2.51
1.88
2.12
2.04
4.81
3.07
1.3
1.77
2.28
1.68
2.58
1.51
1.43
1.83
1.59
2.45
2.27
2.96
2.94
3.18
1.84
3
3.58
2.65
3.08
2.48
3.07
3.72
2.91
1.5
2.12
4.16
2.58
2.43
2.68
2.14
5.43
3.97
4.28
3.01
3.1
2.64
2.14
2.36
2.2
2.87
2.17
2.75
2.7
2.99
2.56
3.09
3.1
2.76
3.21
3.18
3.11
3.53
2.14
2.1
2.83
2.53
2.45
2.62
2.83
2.79
2.4
3.63
2.36
2.74
2.97
2.55
2.78
2.25
1.79
2.74
3.03
2.41
2.14
2.07
2.43
2.64
2.43
3.09
2.74
3.04
3.62
2.44
2.77
1.96
2.07
3.95
2.63
1.76
2.95
2.99
1.66
2.28
2.85
2.63
1.87
2.46
2.9
2.5
2.48
2.45
2.89
2.49
2.96
3.26
2.21
2.44
1.81
3.58
3.28
3.43
2.5
2.55
2.15
3.49
2.97
2.44
3.18
2.08
2.75
3.21
3.01
4.14
2.09
3.67
3.81
1.43
0.86
2.46
1.23
3.56
3.27
2.78
2.03
2.96
1.02
0.91
1.75
2.79
1.76
1.98
2.02
1.52
1.85
5.03
4.94
1.58
1.47
1.42
1.99
1.6
1.75
3.32
1.99
0.98
1.24
3.13
-99
4.74
3.15
-99
3.68
3.52
3.01
3.2
-99
2.03
1.55
1.42
4
2.01
2.1
2.55
1.33
3.37
2.68
5.53
4.7
3.15
5.73
3.84
4.23
2.34
4.96
3.77
-99
-99
-99
-99
3.09
3.38
3.43
3.21
2.16
2.03
2.46
2.99
2.31
2.28
1.43
1.01
2.61
3.24
2.17
1.85
1.64
1.5
1.59
2.12
1.66
1.85
2.41
1.18
2.77
2.88
0.79
1.02
1.68
1.79
2.43
2.51
1.14
2.25
2.56
3.41
2.35
3.64
3.36
2.48
1.72
1.4
0.64
0.7
3.48
0.63
2.51
4.46
1.11
1.18
0.97
1.53
1.58
1.84
2.95
2.46
2.96
1.91
2.08
2.28
2.3
3.05
3.36
2.98
7.7
2.66
2.73
4.52
1.93
1.64
2.06
2.74
2.94
1.67
2.17
2.99
3.38
11.08
5.57
2.83
2.82
2.6
1.53
1.9
1.82
3.77
2.74
1.3
2.02
3.33
2.68
6.11
5.94
3.48
3.56
2.77
3.36
4.25
4.23
2.35
2.26
2.15
1.83
2.45
3.81
2.32
2.16
2.36
2.67
2.49
1.97
1.42
3.67
3.6
4.32
2.41
2.02
6.16
4.18
2.58
2.77
3.31
2.66
2.22
2.04
2.33
2.24
4.79
2.25
1.99
2.96
2.92
2.34
3.26
6.33
3.55
2.61
2.48
1.9
3.1
2.38
3.35
2.23
4.35
2.35
2.08
2.75
2.94
2.12
2.29
2.41
3.28
3.11
2.88
3.2
2.4
2.5
3.66
3.18
3.56
4.4
1.79
2.29
2.37
4.62
2.34
3.08
4.18
1.85
2.62
1.56
0.65
3.2
2.73
2.15
2
1.98
3.06
4.25
3.54
3.19
3.23
1.99
3.89
3.68
3.31
3.53
3.73
2.59
2.9
3.01
2.65
2.44
2.99
2.75
3.23
3.2
5.57
4.49
2.14
4.49
2.59
2.43
2.95
2.91
3.45
4
3.56
2.89
3.01
2.5
2.26
3.18
3.15
3.28
3.08
4.18
3.11
3.89
4.28
2.39
2.3
2.32
3.27
3.88
4.25
3.71
2.03
4.08
3.07
3.79
3.37
2.49
2.54
-99
-99
-99
3.53
3.48
3.2
3.53
3.27
2.6
3.01
2.94
4.28
2.83
2.69
3.87
3.56
3.21
3.04
2.79
1.71
1.83
2.64
2.64
2.63
4.3
3.05
3.44
3.53
3.17
5.05
3.27
3.09
3.35
2.98
3.07
2.6
3.41
2.51
2.73
2.46
1.71
2.89
1.88
3.71
2.23
1.88
2.24
3.3
2.76
2.22
2.32
1.77
2.56
2.3
3.34
2.33
2.18
-99
-99
3.32
2.01
3.07
2.46
2.12
2.41
1.55
2.13
1.49
2.86
2.11
2.88
2.64
3.18
3.09
2.81
2.65
2.25
1.79
1.37
2.37
1.87
0.83
1.23
2.37
1.53
2.72
2.15
1.59
1.95
2.61
5.08
2.82
2.62
2.15
3.88
3.13
6.19
3.49
2.18
2.36
2.84
5.41
4.1
3.02
3.93
2.36
2.9
1.73
2.5
2.11
2.86
1.99
1.72
2.03
1.94
2.46
1.13
4.76
2.36
4.22
2.59
2.81
2.35
3.87
2.81
1.98
3.81
1.47
2.8
1.77
2.34
3.95
3.66
1.27
1.44
1.89
2.78
3.26
2.62
5.15
5.14
2.77
5.81
3.85
1.32
4.46
2.53
2
1.25
1.34
1.7
1.59
2.65
1.77
1.53
4.39
1.71
2.37
1.68
1.59
1.11
3.4
2.06
2.78
3.91
3.53
4.33
2.39
6.97
3.31
4.17
5.39
3.57
5.59
5.84
4.6
1.89
4.46
4.95
1.43
2.3
2.78
2.57
3.01
3.27
1.99
2.12
1.71
2.89
2.32
2.92
3.53
4.61
4.96
4.56
5.15
3.28
1.96
2.38
4.2
7.78
6.87
7.02
5.05
2.32
6.08
10.95
6.24
2.89
1.4
1.43
2.01
2.27
2.24
0.51
0.87
1.02
1.63
2.99
1.65
2.09
0.5
3.19
2.1
1.09
1.26
2.86
4.46
4.75
1.63
2.15
3.26
3.82
2.19
2.63
1.69
2.24
3.29
2.4
2.12
1.66
2.62
2.14
1.9
2.18
2.93
2.43
1.72
2.42
2.12
2.57
2.86
2.7
2.27
2.27
2.76
2.73
3.18
2.21
1.66
1.77
1.74
1.9
3.43
6.06
3.45
2.85
4.21
2.7
1.66
3.46
4.83
3.92
2.16
3.35
5.53
4.96
3.85
2.25
2.03
2.82
3.28
2.31
2.73
2.42
2.55
2.7
2.6
4.1
3.09
1.76
4.5
1.92
2.27
2.75
2.23
1.78
4.38
4
2.02
3.59
2.69
2.66
2.56
2.54
3.72
2.38
2.2
2.64
2.79
3.09
3.95
2.43
2.47
2.04
3.19
2.05
2.31
3.25
2.34
2.69
3.04
3.13
3.25
2.56
2.39
2.49
1.64
2.64
2.89
2.55
2.81
3.27
2.77
2.57
2.73
3.7
2.91
2.21
2.56
3.25
3.23
2.73
2.89
2.6
3
2.24
1.69
3.08
2.49
2.22
2.58
4.01
7.66
2.61
2.48
3.51
2.39
2.65
2.46
3.15
2.2
2.62
3.1
2.61
3.29
3.13
2.99
4.79
2.85
2.73
2.58
2.48
2.8
2.48
3.1
3.8
2.97
2.97
2.93
3.93
2.59
2.84
3.26
2.54
3.13
2.36
2.76
2.52
2.54
3.35
2.85
2.66
3.03
2.52
3.19
3.23
2.94
2.44
2.38
1.91
-99
3.29
2.87
1.86
2.07
3.05
2.17
2.33
2.76
2.53
2.7
7.64
4.02
3.39
1.36
0.92
1.51
3.28
2.06
1.83
2.02
6.48
6.92
4.54
3.1
2.15
1.51
3.29
3.19
2.22
1.95
2.12
2.38
2.1
2.05
2.56
2.03
3.02
1.66
2.19
1.19
2.73
2.23
0.79
2.8
2.43
4.44
3.56
4.08
3.49
3.11
3.23
3.02
1.54
1.72
0.76
1.21
1.89
2.56
3.12
3.53
1.98
2.13
4.53
2.66
1.52
7.26
2.34
1.59
1.44
0.84
0.9
5.83
4.48
4.99
4.13
3.66
2.29
1.24
2.06
1.29
1.06
0.55
1.1
1
1.55
1.89
3.28
1.37
1.2
1.85
2.25
1.67
0.88
1.21
1.12
1.88
2.71
3.09
2.19
4.44
9.68
3.37
1.25
2.05
1.5
1.74
2.59
2.8
2.45
1.32
1.8
2.34
1.09
1.68
1.84
1.98
2.42
2.62
2.85
0.81
0.76
0.89
2.28
1.71
2.61
5.03
4.49
2.31
2.54
2.18
3.29
2.66
4.64
4.76
4.83
3.29
4.1
3.06
1.57
2.46
0.84
2.03
3.77
3.8
4.26
1.96
4.76
6.7
4.49
3.43
3.47
4.58
6.39
2.48
3.71
2.76
2.27
1.6
0.81
1.99
2.58
3.04
6.85
5.67
4.01
3.95
1.82
1.8
2.38
2.99
2.51
3.9
2.17
3.55
3.89
2.12
4.06
3
2.94
3.05
3.64
2.61
3.77
2.83
3.14
5.31
2.36
6.29
6.08
2.55
1.82
2.56
7.31
11.46
3.89
3.62
3.33
3.71
4.57
3.65
3.8
5.2
3.78
3.31
2.37
4.34
2.89
3.61
2.54
2.79
3.12
2.61
2.09
2.87
3.26
3.03
6.22
10.12
4.8
4.03
3.7
2.79
4.7
6.6
3.5
2.05
3.46
4.48
3.96
3.12
3.36
4.28
3.87
1.52
4
3.16
3.58
3.98
4.84
3.08
4.54
4.7
4.26
6.68
10.34
5.95
3.74
3.15
5.51
3.58
3.55
4.57
4.58
3.77
3.98
5.48
3
2.67
4.37
6.44
7.15
11.61
6.34
5.37
4.82
2.61
3.13
4.81
5.36
3.57
3.67
3.32
3.57
3.57
3.77
4.28
3.46
3.43
3.44
3.76
3.34
3.22
3.78
3.76
3.54
2.39
2.78
2.82
3.9
4.5
3.52
3.36
3.48
3.72
3.66
3.59
3.75
3.8
3.86
5.05
4.41
4
3.07
3.37
3.41
3.07
4.87
4.07
3.45
3.51
3.39
3.83
3.61
3.99
3.56
4.94
3.27
3.99
5.07
4.43
3.59
3.4
4.02
4.38
8.19
4.56
3.98
3
4.54
4.11
4.08
4.81
4.2
3.2
3.58
3.16
3.53
2.7
3.1
2.76
3.95
3.97
3.65
3.64
3.93
3.7
3.34
3.69
4.57
5.75
3.95
3.23
3.6
3.33
4.38
3.4
2.99
3.75
4.45
6.03
4.35
4.01
3.51
3.11
3.08
5.16
4.77
6.09
5
4.15
3.56
3.49
4.76
4.12
3.46
3.02
2.53
2.31
2
2.36
2.8
3.35
2.55
2.71
5.57
5.29
2.85
3.4
3.14
3.51
2.74
2.83
2.42
3.3
4.41
3.28
3.64
3.48
2
2.74
4
3.11
3.71
5.06
4.22
3.64
3.68
3.39
3.02
3.61
2.86
3.12
2.7
2.66
2.33
2.32
2.6
5.02
9.53
5.84
2.46
3.86
5.07
7.4
8.46
4.32
2.61
4.01
5.16
3.89
4.48
3.31
2.98
3.73
3.94
3.05
4.54
5.37
2.62
2.44
2.14
3.65
2.55
1.72
2.41
4.64
4.07
4.63
3.84
5.77
3.58
3.6
6.92
7.58
4.21
4.09
2.84
3.74
4.42
2.4
2.66
2.67
4.72
2.41
3.41
3.05
1.48
3.76
4.58
3.38
4.23
4.49
2.11
2.37
3.1
3.85
3.22
3.05
3.98
2.49
1.95
1.68
2.1
1.66
1.83
4.2
6.15
5.03
9.32
6.03
2.48
4.15
3.8
4.52
3.31
4.96
6.08
5.07
4.43
3.38
2.71
2.38
2.22
1.54
2.3
2.27
1.22
1.36
1.99
1.35
2.24
2.89
2.9
1.6
1.98
0.99
0.68
4.09
4.9
4.53
2.96
4.76
2.87
2.86
3.61
5.26
3.49
2.81
3.07
2.52
2.91
2.6
2.91
3.02
1.69
1.42
1.49
0.62
1.77
1.29
1.02
2.22
2.13
2.7
7.53
5.89
4.84
3.88
2.84
2.32
3.13
2.23
3.63
2.1
2.73
1.47
1.51
3.14
2.74
3.64
2.28
2.59
4.36
2.49
5.39
2.63
3.02
3.05
2.52
1.74
1.39
3.27
1.88
1.81
1.11
1.11
1.73
1.78
2.64
2.45
1.36
1.23
0.95
2.24
1.13
2.55
4.67
3.15
3
2.97
2.71
2.39
2.41
2.22
1.98
1.78
3.63
2.05
3.01
5
5.33
4.73
2.1
2.21
2.36
3.1
8.4
6.59
4.8
6.35
4.25
1.58
1.71
1.67
2.38
3.53
2.86
2.57
2.25
2.5
2.98
2.26
1.25
2.4
3.41
2.43
3.73
2.16
2.56
1.94
1.46
2.61
2.18
2.44
3.52
3.2
3.12
1.5
3.3
2.49
2.77
1.9
2.34
2.93
2.54
2.5
2.07
2.97
2.57
2.45
2.5
3.3
2.76
2.18
2.09
2.77
3.35
2.38
2.65
3
2.93
2.67
3.48
3.32
1.45
2.69
2.83
2.21
2.78
3.39
2.66
2.64
2.32
2.22
2.59
2.17
2.36
2.17
2.05
2.41
3.25
3.24
2.88
2.35
3.07
2.5
3.76
2.29
2.91
3.78
2.11
2.18
2.84
2.63
2.25
3.49
3.51
1.88
2
2.48
3.35
2.4
2.4
2.54
2.57
2.4
2.09
1.67
2.21
2.11
2.19
1.85
2.13
0.44
2.29
1.84
2.71
1.87
1.91
1.9
2.03
2.11
2.41
1.77
-99
-99
-99
-99
2.36
1.97
1.83
1.83
2.69
3.18
3.38
3.1
1.91
2.09
0.9
0.25
0.79
0.97
0.28
0.28
0
0
0
0
0
0
-99
-99
-99
-99
-99
-99
-99
-99
-99
2.34
1.34
2.48
1.59
0.56
1.58
1.77
1.46
1.06
1.2
1.21
1.5
1.24
1.37
2.18
1.46
3.21
3.1
1.82
0.97
0.76
1.31
1.48
1.32
0.65
0.16
0.54
0.49
1.09
1.39
1.23
0.56
0.7
2.2
1.29
2.57
3.01
1.27
1.22
1.52
0.61
0.89
0.66
0.86
1.28
1.55
1.92
2.07
0.73
1.7
1.9
2.25
0.7
1.18
2.29
0.95
0.21
0.25
1.5
1.36
0.47
1.57
1.53
0.35
0.28
0.32
0.35
0.46
0.44
1.82
3.38
3.81
4.1
3.15
3.06
1.83
1.05
2.41
4.05
4.39
5.71
4.61
2.23
2.06
1.48
1.35
1.41
1.06
1.92
2.81
2.52
2.23
1.77
1.09
1.26
0.66
1.59
1.59
0.77
1.67
2.54
1.43
1.3
3.2
1.33
1.05
3.77
5.78
4.02
3.78
0.75
0.33
0.22
1.35
1.06
1.18
0.57
2.81
1.21
0.86
0.92
0.49
0.43
2.77
2.02
1.11
0.99
1.97
1.46
2.51
0.93
1.52
1.69
0.43
2.63
1.81
1.64
2.27
1.93
2.12
0.62
3.29
3.11
1.43
2.23
2.21
1.63
1.2
1.45
2.21
1.57
2.06
2.95
5.31
6.44
5.34
6.68
4.8
1.76
1.65
2.34
2.08
2.84
1.85
3.62
3.53
2.47
5.39
5.85
5.81
4.94
5.23
2.73
3.91
4.8
8.48
6.8
2.5
2.16
1.97
2.23
1.79
2.46
2.67
1.49
1.34
2.31
4.12
4.51
5.56
2.6
2.32
2.01
6
2.3
2.96
2.36
2.26
3.87
2.34
1.86
3.08
2
1.44
2.13
1.92
3.46
2.75
1.99
2.76
2.58
2.78
2.01
1.66
3.38
2.63
1.6
1.53
2.21
1.08
2.5
2.41
3.01
1.46
2.85
2.87
2.26
2.53
2.38
2.68
2.83
2.49
2.85
2.48
2.89
4.07
2.94
2.16
2.42
2.24
2.95
2.63
2.53
2.31
1.8
3.2
2.99
2.55
4.3
2.63
3.09
2.36
2.6
2.57
3.28
2.86
5.14
3.05
3.24
3.87
4.32
3.41
2.43
3.08
2.96
2.59
2.95
2.53
3.44
2.83
2.11
2.75
3.39
1.85
2.46
2.15
2.2
1.62
2.36
3.22
2.96
2.63
2.8
2.67
2.54
2.41
3.2
3.43
3.6
3.13
2.12
2.79
2.36
4.07
3.17
3.22
3.1
3.52
1.89
2.05
1.89
2.07
2.17
1.94
2.26
2.62
2.37
2.53
3.15
1.87
3.25
3.28
2.94
3.08
2.35
2.21
3.96
3.23
2.57
3.39
3.17
3.29
3.29
3.39
3.17
3.03
2.27
2.45
2.56
2.3
2.89
3.79
2.73
1.95
2.11
3.87
2.84
2.66
2.61
2.87
2.39
3.08
2.11
3.42
2.73
2.18
1.84
2.72
3.22
3.58
2.69
2.22
2.22
2.07
2.09
2.19
1.96
2.36
1.9
1.84
2.29
2.3
1.68
1.88
4.24
2.78
2.82
0.9
1.55
2.12
2.86
1.6
1.67
1.74
4.41
2.26
2.23
1.8
2.01
1.7
3.7
1.73
4.99
3.06
1.68
1.59
1.03
0.33
0.73
1.99
2.06
1.75
1.38
1.39
1.32
1.48
1.32
1.51
2.64
3.82
2.49
1.84
2.36
3.18
1.76
1.66
1.22
1.28
1.42
0.98
1.18
1.92
1.55
0.48
0.82
1.17
1.64
0.79
0.65
0.93
0.58
2.22
2.32
2.64
1.3
1.19
1.09
3.12
4.32
3.94
2.05
5.68
3.65
4.55
2.99
1.2
1.51
2.25
1.35
1.2
1.28
1.42
0.93
3.08
2.24
1.72
2.87
3.29
4.84
4.03
1.84
1.92
1.34
1.51
1.19
0.82
1.76
2
1.85
1.35
1.16
1.59
1.08
1.2
1.17
1.17
0.47
0.71
1.65
1.28
1.74
1.13
3.31
3.26
1.65
1.71
2.14
1.69
1.24
2.45
1.73
1.88
1.7
1.44
1.36
2.01
0.51
0.85
2.11
3.75
2.69
2.55
1.91
1.24
9.49
6.36
1.61
2.15
2.84
1.53
0.86
1.21
1.46
3.67
2.13
1.29
0.89
0.94
2.97
4.51
2.54
4.18
6.67
3.16
7.86
3.93
4.93
3.05
1.03
1.16
1.59
2.62
1.04
1.42
3.25
3.81
3.78
5.27
5.51
2.19
3.48
4.77
5.17
3.86
2.4
2.55
3.07
2.52
2.76
2.64
3.3
2.17
1.55
1.48
1.47
0.78
1.57
2.3
3.23
8.68
7.55
4.26
5.14
2.73
3.46
1.63
1.04
0.04
1.25
2.15
5.1
1.43
2.63
3.37
1.98
2.61
0.31
2.02
1.5
2.28
1.68
1.21
1.21
1
0.7
3.14
1.9
2.33
1.96
1.46
1.56
1.7
1.51
1.76
1.94
2.13
2.34
2.07
2.06
0.19
0.06
0.92
1.48
2.02
0.9
0.86
2.38
3.99
3.38
2.22
0.35
2.46
1.4
2.06
1.95
5.94
-99
-99
2.52
0.09
0
1.34
2.5
2.21
1.53
2.64
2.59
3.38
5.25
8.98
3.61
2.15
2.76
1.88
1.65
1.03
1.13
0.88
0.75
1.74
1.64
1.35
1.32
1.32
1.93
2.56
2.61
4.5
1.93
3.15
1.7
2.07
2.63
2.51
2.33
2.48
2.49
3.04
3.83
2.76
2.73
2.46
2.5
1.68
3.06
2.96
2.31
2.45
2.96
3.16
2.16
3.56
3.13
2.53
2.18
3.01
2.29
2.5
2.13
1.68
1.95
2
2.44
1.59
1.8
3.36
3.33
2.98
2.97
2.48
2.43
2.55
2.62
2.67
2.55
2.52
3.01
2.92
2.82
2.29
1.7
2.21
2.35
2.17
2.52
1.81
2.1
2.48
2.49
1.87
3.14
1.9
1.37
2.9
3.38
2.29
2.01
2.11
1.89
1.51
1.83
2.09
1.93
3.38
2.11
2.21
2
2.08
1.86
2.81
2.41
2.41
2.61
2.45
1.93
2.34
1.6
2.12
1.84
1.86
2.29
2.22
2.49
2.82
1.68
1.55
1.24
1.5
1.94
2.11
4.04
4.09
2.49
1.2
2.26
1.66
1.86
1.62
1.39
2.5
1.7
1.6
1.74
1.79
2.38
1.35
1.95
1.9
1.65
1.71
1.6
1.45
1.78
1.69
2.25
2.11
1.29
1.33
1.34
1.44
1.74
1.48
1.64
1.58
1.99
1.92
2.76
1.55
1.32
1.68
1.67
2.25
1.96
1.16
1.96
2.24
1.71
1.14
1.84
2.25
2.67
2.27
1.78
2.3
1.16
1.15
1.39
1.88
1.8
2.18
1.92
1.88
1.63
1.16
2.04
2.27
1.94
2.54
4.08
2.31
2.59
1.6
2.4
2.93
9.47
7.7
4.29
1.93
1.3
1.96
1.29
1.71
1.03
1.45
0.96
1.46
2.29
0.74
1.33
1.86
1.81
1.58
1.7
1.29
1.75
1.29
1.59
2.36
0.98
2.18
2.43
2.56
2.44
1.77
1.71
0.84
0.95
3.84
5.45
1.55
2.28
2.79
5.82
3.06
1.61
1.49
1.11
2.02
1.69
1.42
1.4
2.59
1.24
1.79
1.7
1.21
1.67
2.7
1.56
1.84
2.78
4.84
2.63
2.13
1.62
1.45
1.56
1.46
1.32
1.36
1.82
1.19
1.39
1.49
1.68
0.54
0.73
0.87
1.41
1.83
1.68
1.66
0.8
1.77
1.27
1.25
1.82
2.45
2.61
1.84
5.29
4.8
3.52
2.29
2.22
2.4
3.88
4.9
3.1
1.96
1.8
1.67
4.05
2.22
1.7
1.64
2.23
6.22
3.77
3.48
7.86
4.39
4.61
3.82
1.74
2.28
2.94
3.4
3.61
2.05
2.33
2.42
2.7
2.24
1.74
3.19
2.9
3.72
2.91
2.98
2.53
3.33
1.73
2.54
2.61
3.05
3.12
1.91
5.33
3.66
1.93
2.17
2.47
1.87
1.8
1.96
3.61
2.96
2.32
2.33
2.71
2.56
1.94
2.21
2.43
2.35
1.94
2.66
1.97
1.72
2.57
1.95
2.04
1.64
1.49
2.34
1.87
3.36
2.24
1.51
1.37
2.29
2.22
2.17
2.62
2.01
3.07
2.62
1.54
1.58
1.78
2.13
1.98
1.66
2.81
2.47
1.31
1.92
1.41
2.18
2.87
2.04
2.32
2
2.01
2.57
3.21
2.24
2.67
2.54
2.09
2.05
2.29
2.49
2.82
2.46
2.6
2.38
2.42
3.12
2.18
2.1
3.93
2.55
1.89
2.64
2.6
2.45
3.14
2.29
1.89
2.65
2.37
2.41
1.83
2.11
2.54
3.04
2.6
3.21
2.81
2.74
2.78
1.87
2.91
3.22
2.69
1.74
2.17
2.16
2.53
2.81
2.72
2.57
2.74
2.5
1.73
3.42
2.9
2.58
2.55
3.08
1.89
1.87
4.15
2.54
1.63
2.61
2.16
2.35
2.22
2.17
2.67
2.32
2.03
1.99
1.67
1.83
2.22
2.8
1.54
2.72
2.64
2.36
1.7
2.33
2.72
1.98
1.91
2.03
1.74
2.7
3.49
3.28
3.43
2.13
1.87
1.93
2.39
1.9
2
1.55
1.02
1.06
1.7
2.39
1.58
1.76
1.97
2.16
1.83
1.65
2.16
3.64
2.59
2.4
2.04
2.64
1.99
0.85
1.72
2.01
1.69
1.63
1.46
1.79
1.84
1.37
1.41
1.05
1.24
1.76
2.7
2.12
1.22
2.13
1.61
2.35
1.22
2.31
3.32
2.15
1.49
3.11
2.14
1.71
2.19
1.66
1.86
1.55
2.2
2.1
1.73
1.82
3.51
1.82
1.37
1.95
1.97
1.48
1.71
2.63
2.66
3.2
2.78
5.51
2.13
2.03
1.29
2.87
2.74
4.35
4.86
2.59
3.35
2.55
4.27
1.48
0.88
0.71
1.26
2.19
3.7
2.44
2.13
3
1.83
1.19
1.7
2.22
1.37
1.45
1.27
0.91
1.19
1.16
1.74
1.36
1.36
2.07
0.38
0.98
1.11
1.19
1.05
0.88
2.24
2.25
1.11
1.51
1.15
1.1
1.19
2.03
2.22
1.88
2.2
1.23
1.32
2.76
3.23
2.59
3.36
3.43
3.34
4.38
11.95
4.38
4.39
3.76
2.34
1.34
0.89
0.76
1.35
0.92
2.81
2.62
1.66
2.24
5.24
5.61
4.48
6.88
4.13
1.79
2.44
1.71
1.32
1.28
2.78
2.78
1.6
1.6
1.91
2.83
2.89
1.72
1.53
2.34
1.46
1.15
1.38
1.12
1.53
2.67
7.56
5.31
2.76
1.97
1.72
2.56
1.57
1.64
2.02
1.7
2.48
2.44
1.87
2.24
2.14
2.47
2.28
2.17
2.99
3.27
3.49
2.09
1.91
1.55
2.78
1.71
2.16
2.17
1.73
1.57
1.73
2.45
2.43
1.75
2.55
1.7
1.97
2.5
2.28
3.16
1.92
2.39
2.75
2.91
1.62
1.69
2.11
2.74
4.19
2.83
2.16
2.78
2.6
4.06
3.48
2.22
1.43
2.96
2.82
2.18
1.96
2.86
2.18
3
1.92
2.18
1.62
2.06
1.83
1.64
1.4
3.25
2.26
2.19
1.75
1.86
2.15
1.97
1.53
1.84
1.75
2.2
3.03
3.54
3.01
2.74
2.9
2.49
2.68
2.47
3.01
1.96
2
3.67
3.07
2.78
3.48
2.68
2.95
2.82
2.54
1.99
1.71
2
2.21
2.25
2.28
3.4
3.14
2.78
2.9
2.79
2.8
2.16
3.2
2.28
2.3
2.21
2.37
2.33
2.27
2.51
2.33
2.66
1.52
2.18
1.1
2
1.38
2.25
2.14
2.05
1.65
2.07
5.43
3.6
2.35
3.07
2.49
2.53
4.42
2.84
3.43
2.75
2.32
2.59
2.25
2.85
2.96
2.39
3.02
2.03
2.77
2.73
2.41
2.53
2.41
2.1
2.82
2.64
2.4
2.79
2.29
2.02
1.87
2.31
2.62
2.29
2.37
1.94
2.15
2.45
2.33
1.59
2.31
2.26
2.62
2.98
2.09
2.01
2.31
1.76
2.24
1.9
2.67
2.16
1.9
2.11
2.27
2.46
2.38
2.04
1.87
2.43
1.16
1.83
1.96
2.45
2.26
2.11
1.64
1.59
2.23
2.39
1.79
1.97
2.06
2.08
2.2
2.11
2.05
2.14
2.28
1.85
1.73
1.92
1.34
2.65
1.44
1.75
2.15
2.3
2.71
1.92
2.99
3.73
1.99
2.41
1.18
2.36
2.68
2.82
4.02
1.67
1.21
1.14
1.09
1.63
2.16
1.36
1.07
1.52
4.39
4.96
4.9
4.76
2.65
4.73
7.82
3.66
2.68
1.67
1.59
1.56
1.4
2.25
3.34
1.16
1.18
1.13
1.31
1.61
3.31
2.47
2.06
1.96
1.67
2.15
3.38
2.46
5.11
3.96
1.42
2.51
5.09
3.14
2.65
2.69
3.03
1.18
1.34
1.24
1.25
1.83
2.24
3.43
2.61
1.82
2.92
3.1
2.8
1.17
2.06
2.37
1.86
3.36
0.93
3.95
2.88
2.75
2.92
3.03
9.17
2.38
1.56
1
1.32
3.77
1.56
4.08
3.9
2.84
2.44
2.6
3.15
3.24
2.64
2.52
0.94
0.89
0.8
2.28
2.21
1.11
1
0.98
1.88
2.17
2.36
3.09
1.5
5.58
1.43
1.79
2.29
1.97
1.17
4.83
5.16
2.45
0.86
2.1
4.03
4.97
2.69
1.71
2.81
1.5
1.2
1.72
1.97
2.83
3.8
1.49
2.8
3.98
5.97
3.27
4.64
0.94
4.11
3.91
1.82
2.39
2.07
1.87
1.55
0.77
3.74
2.35
2.26
1.67
1.2
2.52
2.93
2.07
2.07
2.14
1.53
1.69
2.01
1.48
0.93
1.64
1.49
1.45
5.27
5.56
2.17
1.9
6.37
4.18
2.53
2.1
2.71
2.55
2.21
1.69
1.66
2.24
1.77
1.88
2.54
1.66
1.54
1.28
1.61
1.76
1.88
1.84
2.28
1.98
2.19
1.32
1.91
1.63
1.78
2.32
2.31
2.13
2.56
1.89
1.21
2.23
1.53
2.49
3.31
2.2
2.27
2.3
2.03
2.43
3.37
1.51
1.87
1.6
3.91
2.75
2.59
2.3
2.5
2.06
2.89
2.09
2.09
3.17
3.14
2.05
2.16
1.9
2.33
2.02
3
1.67
1.83
2.35
2.12
2.29
1.46
2.35
2.14
0.99
2.17
1.53
1.75
1.72
1.84
2.03
2.98
2.67
3.02
1.98
3.4
3.16
2.2
2.24
2.28
2.04
2.14
1.69
1.65
1.6
1.96
2.11
2.18
1.64
2.14
1.95
1.71
2.56
2.22
2.2
1.77
2.03
2.65
1.73
1.91
2.26
1.74
2.53
3.1
2.39
2.23
2.62
1.77
2.89
2.47
2.17
2.53
2.95
2.89
2.12
2.21
2.44
2.41
2.32
2
2.19
2.66
2.79
2.58
2.4
2.36
1.9
1.79
2.31
2.17
2.16
2.2
2.49
2.63
2.61
1.75
1.66
2.17
2.34
1.87
2.15
2.48
2.23
3.46
2.92
2.41
2.17
2.92
2
1.6
2.24
1.99
2.29
2.98
2.55
3.29
2.1
1.96
2.46
2.43
1.92
1.9
2.47
1.99
1.72
1.7
2.42
1.03
1.21
1.84
1.91
3.19
3
1.79
1.63
2.1
1.62
1.4
1.26
1.04
1.64
4.39
2.25
1.67
1.99
1.57
1.95
2.45
1.48
2.51
1.31
1.79
2.34
2.49
2.89
3.74
2.69
1.22
1.92
1.69
1.83
2.82
3.87
3.08
1.36
1.02
1.53
2.72
2.91
1.26
3.19
1.84
1.22
1.38
1.51
2.38
3.44
4.4
5.48
2.86
2.56
2.62
1.17
3.02
4.77
2.74
2.35
1.3
2.19
3.31
3.88
2.97
1.36
2.21
3.45
1.03
3.06
0.48
0.75
2.94
2.58
3.7
2.1
1.19
1.96
1.85
2.97
1.67
1.75
1.2
1.15
0.9
1.57
2.93
4.13
3.54
1.91
1.09
3.6
0.39
0.67
2.09
4.25
4.03
2.44
1.81
0.97
0.5
0.31
0.39
0.52
1.8
2.22
1.55
0.71
1.61
2.2
2.88
2.09
3.34
2.68
1.85
0.84
1.34
1.31
1.25
1.59
0.71
1.18
2.1
3.21
1.89
2.39
1.74
2.34
1.58
1.11
1.64
2.28
1.43
1.64
2.4
2.65
1.77
1.88
1.21
1.37
1.56
1.42
1.69
1.99
2.34
1.56
1.98
2.13
1.86
3.54
2.32
2.47
2.08
2.28
5.03
5.99
1.55
2.13
2.45
2.13
2.56
2.62
2.89
1.72
0.9
1.39
1.66
1.88
1.71
2.64
1.66
1.69
2.29
2.53
3.03
2.33
1.81
2.48
3.09
3.18
1.95
2.09
2.08
2.26
2.49
2.09
1.81
2.03
3.04
2.85
2.46
1.42
1.82
2.25
2.71
1.68
2.33
1.96
1.61
1.83
2.05
1.64
3.42
2.4
2.97
1.99
2.29
2.11
2.53
2.62
2.15
1.63
2.28
3.08
1.88
1.73
1.6
1.75
2.23
2.45
1.96
2.1
1.86
2.14
2.06
2.8
1.83
1.98
2.76
3.3
1.8
2
2.03
2.26
2.02
2.38
2.57
3.02
2.57
2.5
2.55
2.33
2.72
2.17
2.28
2.43
2.34
2
2.48
2.6
2.99
2.4
2.15
1.72
2.81
2.19
1.54
1.39
1.7
2.23
1.6
2.17
1.66
1.44
2.5
2.23
1.37
2.7
2.35
2.36
1.97
2.83
2.74
2.25
2.49
2.01
2.28
3.13
2.15
1.87
2.1
1.88
2.79
3.07
2.6
2.32
1.9
1.98
2.38
2.38
1.76
2.65
2.13
2.18
2
2
3.08
2.82
2.5
2.69
2.15
3.58
3.99
2.5
2.2
2.09
3.02
2.43
2.46
2.19
2.34
2.83
2.28
2.16
2.24
2.09
2.24
2.25
2.75
2.09
2.13
1.83
2.54
2.56
2.16
2.84
2.43
2.07
2.14
2.29
2.25
2.43
1.84
2.03
1.95
2.4
2.09
2.29
1.68
1.98
2.45
2.74
2.35
2.38
2.2
1.58
1.88
2.09
1.73
2.04
1.97
2.66
1.96
1.85
2.35
2.31
2.11
2.58
2.3
2.48
2.62
2.26
2.45
3.12
3.07
2.85
2.26
2.1
2.21
1.39
1.71
1.77
1.66
2.09
1.93
1.98
1.99
1.88
1.64
1.93
1.74
1.68
3.01
3.44
3.18
2.44
1.65
1.66
1.64
1.7
1.75
1.69
2.05
2.65
2.55
2.33
1.25
1.61
1.57
1.19
4.01
2.22
1.24
1.22
1.31
1.41
1.49
1.41
2.21
2.66
1.5
2.2
1.97
2.36
2.16
1.53
1.75
1.45
1.11
1.21
1.34
1.62
1.19
1.05
1.45
1.42
1.16
1.23
1.69
2.08
1.03
1.49
2.36
1.26
1.2
1.52
1.59
2.28
1.84
2.04
2.96
2.02
2.53
2.31
1.71
1.09
1.79
1.77
2.39
3.91
3.65
3.53
5.24
4.46
3.47
2.66
2.64
1.92
2.96
2.39
2.06
1.46
1.4
1.22
1.56
2.04
5.08
2.53
2.11
5.17
2.7
2.24
3.44
2.83
1.86
1.7
1.69
1.29
1.35
1.15
1.94
1.19
1.17
1.14
1.54
1.51
1.7
1.77
2.6
2.11
1.66
2.05
1.38
1.08
1.06
1.59
2.21
2.59
2.68
1.37
2.23
3.07
3.61
1.96
2.32
3.66
2.66
3.26
2.45
3.61
2.61
2.9
1.67
3.11
2.74
1.63
2.02
1.61
2.24
1.7
2.18
2.07
1.34
1.31
1.86
2.88
1.67
1.71
1.77
2.08
1.84
3.14
4.03
2.8
2.5
2.43
2.57
2.78
2.58
2.24
1.58
1.77
1.79
2.03
1.96
4.19
2.51
2.2
3.11
2.15
1.76
2.01
1.83
1.97
1.78
1.75
1.86
2.11
2.03
2.08
1.95
1.34
1.38
0.91
1.95
4.43
3.68
2.04
2.44
4.79
1.47
3.25
3.66
2.86
3.83
3.39
3.53
5.26
4.71
2.58
2.25
2.76
5.14
2.65
1.61
1.9
3.02
3.03
3.21
1.96
2.78
2.61
2.53
3.09
2.32
2.25
2.77
1.73
2.28
2.51
2
2.14
3.37
2.72
2.69
1.65
2.73
2.29
2.03
6.31
4.73
3.49
2.23
2.5
2.23
1.82
2.25
2.2
2.27
2.32
2.37
2.79
2.21
2.82
2.36
1.97
1.6
2.88
3.18
2.6
2.57
4.07
2.44
2.43
2.27
2.44
2.28
2.41
1.6
2.46
3.07
2.74
2.85
2.25
2.35
2.37
2.92
2.13
1.7
1.68
2.6
2.7
2.62
2.25
2.26
2.39
1.86
2.01
2.64
2.47
2.45
3.23
2.61
2.26
3.14
2.6
2.66
2.7
2.67
2.73
3.01
2.25
2.69
2.88
3.2
2.24
2.2
2.81
2.91
2.35
2.1
2.71
1.98
2.54
2.46
2.47
2.49
2.3
2.19
2.36
2.05
1.86
2.27
2.91
2.54
2.24
2.09
2.12
1.88
2.13
2.56
2.57
2.35
2.05
2.24
2.19
3.15
2.75
2.17
1.77
1.49
2.9
3.27
1.86
2.84
2.23
2.37
2.28
1.93
2.04
2.25
1.84
1.98
3.1
3.63
3.12
2.04
1.83
1.47
1.62
2.28
2.11
1.74
1.91
1.99
6.05
3.65
2.96
1.44
1.14
1.69
1.89
2.46
1.67
1.79
1.89
1.59
1.65
1.58
1.63
2.14
1.64
2.33
2.07
2.37
3.14
2.89
2.26
1.82
2.8
2.89
2.62
2.03
1.28
1.3
1.48
0.98
2.13
4.04
4.91
2.61
0.89
3.05
4.01
3.54
2.33
2.39
3.85
2.7
1.51
1.52
1.72
2.53
1.46
1.87
1.43
1.2
1.41
1.33
1.02
0.94
2.38
1.64
1.19
1.57
1.85
2.13
1.4
1.42
2.01
4.03
3.81
2.27
1.88
2.72
2.65
5.79
6.8
2.55
2.95
4.01
2.06
1.63
1.06
0.96
1.49
3.06
3.68
3.96
4.01
1.64
0.78
3.15
3.25
1.66
1.78
1.11
1.15
2.62
3.13
1.48
2.33
1.91
1.94
2
2.04
1.62
1.52
1.79
1.59
1.33
1.9
2.17
2.33
2.44
2.65
2.63
3.59
5.14
5.04
2.61
1.6
1.78
4.73
3.99
2.89
6.26
3.01
3.28
2
2.74
3.86
2.14
3.13
2.61
3.45
7.7
5.37
2.94
4.29
6.64
4.51
1.65
2.53
3.11
6.63
6.23
3.09
1.96
1.79
1.64
1.05
1.83
1.75
2.45
1.57
1.56
2.56
3.38
2.46
2.03
1.51
2.96
2.59
2.12
1.85
2.48
3.73
2.77
2.91
4.57
4.03
4.39
4.1
3.62
2.39
4.24
2.84
2.17
1.28
6.03
2.23
2.75
2.91
2.38
1.58
1.84
4.39
2.64
0.97
2.66
3.86
7.55
2.66
2.32
4.29
2.11
1.64
2.54
2.42
3.01
4.12
4.34
2.76
4.26
3.78
1.85
2.07
2.33
2.02
2.07
2.17
2.19
2.83
2.13
2.44
2.29
2.97
1.88
1.88
2.15
1.3
1.7
2.6
2.38
2.1
2.66
3.08
1.96
2.33
2.96
2.71
1.48
3.17
2.25
2.76
2.42
1.61
1.61
2.45
2.51
3.54
3.02
1.68
1.92
3.73
4.35
3.26
2.89
2.36
1.82
2.7
5.33
3.61
3.08
4.68
2.82
2.58
3.03
2.26
2.21
2.06
2.36
2.96
2.43
1.9
2.04
2.33
2.45
2.04
2.02
2.54
2.27
3.36
2.94
1.6
2.99
1.78
3.2
2.04
1.97
2.5
2.43
2.25
2.08
2.4
1.91
2.05
2.22
2.22
2.35
2.44
2.25
2.44
2.61
2.3
2.23
2.42
2.15
2.03
2.41
2.3
2.15
2.31
2.12
2.04
2.17
2.42
2.45
2.34
2.29
2.24
2.88
2.61
2.44
2.27
2.47
2.23
1.81
2.12
2.3
2.12
1.97
2.74
2.47
1.71
2.33
2.4
2.48
2.6
2.14
2.7
1.94
2.66
2.31
3.22
2.55
2.79
2.07
2.35
2.92
1.89
2.58
1.15
2.12
1.84
2.57
2.25
2.02
2.05
2.15
2.09
2.34
1.71
1.42
2.56
2.12
1.91
1.83
2.19
3.01
2.05
2.75
2.41
2.73
2.52
2
1.98
1.9
1.81
2.41
2.48
2.5
1.7
2.11
3.82
2.96
2.83
1.97
2.88
2
2.58
1.95
1.77
1.8
1.95
2
1.94
2.36
1.41
1.91
3.08
2.47
1.46
1.89
1.47
1.8
1.54
2.08
2.78
1.72
1.66
1.92
3.19
2.43
1.97
1.49
2.31
1.8
2.58
2.16
5.25
4.87
2.97
1.69
3.83
3.27
4.9
2.06
1.74
1.64
2.79
2.93
1.87
1.7
1.81
2.97
4.2
4.23
5.73
4.06
1.98
2.22
1.96
1.52
2.28
1.79
1.83
2.36
1.48
1.36
1.37
2.25
2.11
1.28
0.91
1.29
1.02
1.77
1.7
2.01
1.74
1.18
1.05
1.23
1.69
1.42
1.3
1.67
1.61
1.63
2.21
2.91
8.49
2.6
3.56
2.1
2.27
1.91
2.04
2.32
2.9
3.61
4.54
2.29
1.53
1.03
0.91
1.02
0.89
1.55
2.34
3.11
1.81
2.43
2.59
1.72
2.02
4.35
2.39
1.53
1.96
4.22
1.53
3.25
6.07
4.37
2.35
3.42
1.67
1.8
3.27
2.24
2.92
3.83
2.27
4.08
2.85
2.97
4.8
4.19
3.52
4.39
1.97
-99
-99
1.55
1.65
2.23
2.71
2.99
2.66
2.28
1.73
3.05
3.95
2.63
5.68
4.43
2.31
8.23
7
1.88
1.81
2.35
1.36
1.89
1.62
1.59
2.51
1.78
1.5
2.83
2.93
2.1
1.56
1.8
1.8
2.29
2.31
4.49
5.06
5.82
2.2
2.71
2.16
4.77
2.38
1.69
1.71
1.86
2.23
4.53
2.37
2.4
2.04
2.25
3.03
2.06
2.48
1.59
2.26
2.55
1.65
1.92
1.9
2.13
2.39
1.09
1.78
1.39
3.09
2.78
4.68
3.99
4.73
3.49
1.81
2.15
2.16
2.98
2.94
3.18
3.02
2.69
1.89
2.79
2.06
2.36
2.14
2.06
2.63
2.43
2.64
2.98
3.12
1.93
2.51
2.8
2.8
3.16
3.49
1.95
2.56
1.93
2.57
1.61
2.23
1.56
2.08
2.85
2.69
1.94
2.01
1.48
1.75
2.19
2.24
1.97
2.19
1.93
1.78
1.86
2.64
2.51
2.23
1.92
2.29
2.42
2.45
1.96
1.84
1.98
2.49
1.96
2.33
2.23
2.38
3.61
2.65
1.92
2.56
2.2
3.41
2.96
1.8
1.81
2.7
2.43
2.86
2.96
2.15
2.69
2.27
2.52
2.36
2.54
1.68
2.19
3.82
3.41
2.25
2.49
2.06
1.75
2.73
2.25
1.54
2.83
2.58
2.65
1.81
1.37
1.69
1.77
2.11
2.69
1.91
1.96
2.16
2.2
1.95
2.25
3.06
3.29
2.61
2.49
3.15
2.39
2.55
1.99
1.27
1.33
2.16
1.96
2.2
2.03
1.91
2.04
1.72
2.2
2.33
1.76
1.59
1.63
1.42
1.74
2.01
1.95
1.89
1.55
1.88
1.91
1.77
1.59
1.58
1.37
2.1
1.75
1.59
1.88
2.01
1.55
1.18
1.17
1.28
2.13
1.71
1.48
0.78
0.66
1.16
1.47
1.42
1.25
1.47
0.52
0.96
2.22
1.79
0.91
0.93
1.03
1.22
1.87
1.16
2.51
2.42
2.2
1.18
1.15
1.44
2.28
3.13
2.11
1
1.15
0.87
1.12
1.04
1.06
1.01
0.85
0.58
0.89
1.87
1.96
2.28
1.69
1.93
2.08
2.27
1.64
1.12
3.05
2.89
1.04
3.55
3.98
3.28
3.02
1.26
0.88
0.67
0.61
1.34
0.96
0.83
1.21
1.04
2.42
3.59
1.94
2.06
2.1
1.37
1.5
2.46
2.52
2.62
2.09
5.57
2.76
2.4
2.49
1.4
0.88
1.32
2.36
1.38
2.02
2.18
1.87
2.39
0.84
1.13
1.47
1.71
1.17
3.59
3.88
2.24
2.26
1.94
1.68
1.49
2.74
1.44
0.93
2.33
1.29
1.81
2.57
1.65
1.88
1.94
1.84
2.46
2.27
2.63
2.4
1.92
0.8
2.37
2.24
1.55
2.83
3.27
3.36
1.87
2.83
1.44
5.83
7.07
5.89
6.93
1.91
1.48
2.95
3.38
2.94
1.64
2.77
2
1.8
1.15
1.34
2.42
3.6
2.38
1.9
1.05
1.48
1.51
1.84
2.53
2.97
3.36
7.17
4.46
1.59
2.99
2.43
2.18
2.53
1.9
2.16
3.72
2.19
1.37
1.88
1.46
1.93
1.4
1.61
2.07
2.11
1.41
1.72
1.64
2.5
2.45
3.6
3.15
1.37
2.63
1.75
3.22
2.87
2.95
4.6
3.34
4.68
3.49
2.73
2.39
1.88
1.89
2.26
2.18
2.29
2.33
1.89
1.88
1.79
1.84
1.74
1.56
2.26
2
1.83
2.34
2.31
2.23
1.84
1.35
1.94
2.21
1.94
1.87
4.62
2.32
2.15
2.72
3.63
2.48
2.38
1.39
3.21
2.74
2.49
3.36
3.37
2.18
2.28
2.18
2.36
2.89
4.61
3.63
2.35
3.07
1.63
3.28
2.46
2.72
2.62
2.41
2.18
2.7
2.4
2.64
2.68
2.43
1.8
2.45
2.56
2.07
2.38
2.93
2.29
1.92
1.73
1.84
2.05
2.69
2.16
1.85
2.56
1.46
2.22
2.56
2.81
2.09
2.37
2.31
3.29
2.33
2.63
2.12
2.16
1.9
1.94
3.03
2.58
2.35
2.09
2.19
2.54
2.96
2.77
2.42
2.37
2.7
2.88
2.35
2.09
2.35
2.61
2.43
2.58
2.28
2.67
2.41
2.05
2.26
2.81
2.9
2.65
2.72
3.15
2.29
2.66
2.78
1.98
2.06
1.9
2.81
2.7
2.55
2.33
2.01
2.12
2.03
2.52
1.95
2.43
2.23
1.97
2.89
1.88
1.95
2.29
1.38
2.67
2.25
2.4
1.86
2.73
4.71
2.63
2.98
2.35
1.94
1.91
2.03
2.37
2.61
1.79
1.74
1.44
2.13
2.49
1.69
2.02
2.13
1.6
1.12
1.86
2.41
2.71
2.06
3.17
4.11
2.37
2.23
1.61
1.75
2.1
2.64
2.06
1.49
1.89
1.4
1.96
1.61
1.45
1.55
1.6
1.98
1.5
2.91
4.06
2.18
1.97
1.78
2.03
1.56
1.18
1.74
3.01
2.03
1.54
1.74
1.43
1.1
1.23
1.78
2.62
1.7
1.01
1.23
0.98
1.43
3.33
1.96
1.39
1.72
2.01
4.82
1.69
2.16
1.9
1.11
1.1
1.65
1.66
1.24
1.23
1.16
1.66
2.29
1.29
1.23
1.54
1.41
1.35
3.59
5.55
3.42
2.26
2.11
2.62
1.75
2.54
2.15
2.52
1.7
1.46
1.23
1.24
0.95
1.05
0.96
0.61
1.49
2.43
1.23
1.28
1.24
1.76
1.33
2.55
1.14
1.21
1.03
0.93
0.78
1.77
1.82
1.63
1.6
1.23
1.62
1.59
0.97
2.59
1.86
1.86
1.63
3.78
3.41
2.91
3.65
4.55
3.69
3.95
3.58
4.03
6.05
5.87
2.25
3.6
2.86
3.65
1.63
1.96
1.85
1.83
1.49
1.2
1.59
1.08
1.64
2.05
1.9
2.69
1.47
2.82
2.6
2.59
1.43
2.48
2.9
1.75
0.93
4.5
3.49
6.43
4.02
1.03
3.97
4.26
4.41
3.32
2.68
3.2
1.79
2.14
2.59
1.96
2.73
3.26
2.17
3.4
1.51
2.19
2.08
4.45
3.06
5.08
5.97
2.94
6.63
3.84
2.05
2.66
2.51
2.32
2.07
2.2
2.26
2.31
1.91
1.94
1.28
2.06
1.08
1.51
1.43
2.4
3.73
2.96
1.63
1.99
2.49
3.23
3.48
2.14
3.33
1.64
1.81
2.41
1.56
2.38
2.83
2.7
2.78
4.13
2.49
2.36
2.36
4.37
2.63
2.3
3.77
3.77
2.2
1.92
3.33
1.46
1.74
2.12
2.77
3.67
2.12
2.01
1.44
2.35
2.51
4.04
3.31
1.75
2.54
2.38
1.64
1.31
1.6
1.66
1.57
3.16
2.74
2.7
2.37
2.14
2.34
2.06
2.54
3.01
2.28
2.61
2.13
3.33
2.34
1.69
2.17
2.02
1.91
5.2
2.44
2.3
2.69
2.14
2.67
1.73
2.48
2.29
2.16
2.53
2.2
2.28
1.72
2.63
1.93
4.22
1.73
3.79
2.16
2.65
2.29
2.32
2.46
2.4
3.02
2.18
2.21
2.99
2.85
2.6
2.29
2.21
2.18
2.4
2.58
2.1
2.16
2.96
2.6
2.09
2.55
2.48
2.5
2.2
3.68
2.94
3.23
2.61
2.35
2.1
2.73
2.08
2.08
2.02
2.29
2.39
3.02
2.61
2.36
2.23
2.65
2.35
2.32
3.04
2.55
2.71
2.74
3.1
2
2.38
2.75
2.52
2.08
2.8
2.45
2.29
2.09
2.69
2.68
2.14
2.13
1.75
2.06
3.09
1.97
2.18
1.84
1.93
1.94
2.25
2.23
1.59
2.21
2.05
1.99
2.14
2.18
1.59
2.14
2.21
2.49
2
2.21
1.95
1.91
2.24
2.5
3.4
2.37
2.05
2.12
1.59
2.04
1.6
2.12
1.62
2.08
1.84
2.05
1.83
1.54
1.91
2.12
1.94
2.1
1.2
1.33
1.53
1.57
1.88
1.54
1.56
1.28
1.49
1.58
0.77
1.08
1.8
1.93
1.7
1.05
2.04
1.56
1.52
1.47
0.7
1.33
1.36
1.46
1.01
1.43
1.45
1.37
1.2
1.61
2.05
2.17
1.1
1.62
3.42
3.27
2.37
4.05
4.22
2.79
2.02
1.42
1.09
1.68
1.61
1.23
1.14
1.8
1.36
1.77
2.74
1.5
3.25
2.15
1.16
1.06
1.48
1.35
1.48
1.55
1.38
1.88
0.83
1.24
1.38
1.44
1.19
1.39
1.89
1.33
1.94
0.78
0.97
1.15
0.81
1.07
1.82
1.3
1.58
3.08
1.68
1.52
1.58
1.34
1.32
0.76
1.11
1.27
0.91
0.9
1.64
1.47
1.8
1.32
1.73
1.85
1.46
0.68
1.19
1.75
1.51
2.74
2.03
5.64
4.35
2.42
1.48
2.69
1.81
1.65
2.24
2.59
2.94
1.93
1.63
1.47
0.95
1.28
1.71
2.78
1.44
1.54
1.49
2.18
2.96
3.8
8.57
6.67
2.55
3.74
2.06
1.06
1.67
3.95
3.68
1.49
1.44
1.46
1.37
1.22
1.79
2.54
2.22
1.59
1.28
1.14
2.12
2.08
3.22
2.22
-99
1.19
2.98
5.64
3.71
6.06
3.36
2.26
1.43
1.82
1.63
1.77
1.51
2.16
1.4
1.6
2.27
1.8
1.6
1.53
1.45
2.73
2.68
2.21
2.26
1.66
1.5
1.84
1.93
2.27
2
2.32
2.92
2.34
2.26
1.98
2.66
2.11
2.1
2.15
2.16
2.11
1.93
1.55
1.71
1.92
2.39
2.13
1.95
1.96
2.3
2.26
2.58
1.88
2.12
2.51
1.31
1.9
2.09
2.49
2.86
2.8
2.4
1
2.01
2.26
4.07
2
1.99
2.04
2.25
1.95
3.51
3.42
1.93
1.93
2
2.06
2.68
3.61
2.38
2.21
2.15
2.31
2.64
2.35
1.7
1.95
1.96
1.73
1.59
1.65
2.15
2.25
2.01
1.59
2.42
2.67
2.57
2.48
2.06
2.11
2.24
1.98
2.29
2.77
2
2.59
2.04
2.17
2.36
3.12
2.15
2.5
2.63
2.22
1.55
2.34
2.19
3.78
3.92
3.78
2.66
2.73
2.56
2.34
2.26
1.91
2.17
2.08
2.75
2.1
1.93
2.39
2.76
2.33
2.6
2.26
2.19
2.5
2.52
2.23
1.59
2.18
1.85
3.01
3.28
2.24
2.32
1.77
2.06
1.66
2.58
1.47
2.26
2
2.23
2.69
2.81
2.57
2.23
2.01
3.15
2.63
2.33
2.24
2.44
1.99
1.51
2.57
2.61
2.19
2.24
2.16
2.5
2.28
2.43
1.99
1.89
2.15
1.79
2.25
2.63
1.86
2.26
2.65
1.49
2.04
2.24
2.15
2.88
1.99
1.61
3.93
3.49
2.55
2.54
2.2
1.71
2.69
2.21
1.71
2.37
1.85
2.04
1.66
1.75
2.28
2
2.1
2.28
1.79
2.12
1.67
1.43
1.5
1.7
1.49
2.51
1.77
2.15
1.88
1.55
1.55
2.32
1.83
1.53
1.6
1.55
1.47
1.85
1.71
1.35
1.45
1.91
2.89
2.09
1.51
1.23
1.26
1.85
1.67
2.08
1.43
1.7
1.41
2.31
1.9
1.31
4.19
4.07
2.6
1.56
1.8
1.49
1.4
2.57
3.33
2.71
1.28
1.65
1.26
1.52
1.63
1.47
1.43
1.66
1.8
2.3
2.75
2.01
1.78
2.64
1.21
2.55
1.95
3.65
2.47
1.72
1.81
1.66
2.03
2.09
1.59
3.26
4.41
2.19
3.03
3.49
4.93
3.35
2.57
2.17
1.19
1.87
1.32
1.6
2.26
1.4
1.24
2.94
7.62
4.51
2.5
2.42
3.52
6.18
3.93
5.08
4.94
4.57
2.24
2.41
2.49
3.2
2.75
3.49
2.08
1.21
2.81
2.93
4.56
5.31
2.05
1.71
3.65
4.58
4.66
2.23
1.44
1.29
2.19
1.25
1.57
1.71
1.83
1.85
1.51
2.73
4.67
1.43
1.19
1.97
2.73
1.81
2.19
2.62
2.56
2.52
2.89
1.52
1.87
1.4
1.66
1.98
1.68
2.26
1.99
1.79
2.27
1.94
2.18
2.62
1.27
1.42
1.58
5.27
3.83
1.49
2.96
4.18
3.65
2.36
2.07
2.45
4.32
4.3
2.58
1.95
3.75
3.47
3.71
3.49
4.13
3.84
3.87
4.15
2.41
2.53
2
3.06
2.83
2.5
2.41
3.78
7.54
2.98
1.84
1.88
4.58
2.09
1.93
3.77
2.5
2.86
2.73
3.48
2.36
1.65
1.2
2.79
1.77
2.46
1.85
1.96
2.28
2.1
2.6
1.75
1.73
2.18
2.96
2.06
1.86
2.5
3.36
1.8
2.33
3.51
2.29
1.36
1.2
1.36
1.63
1.97
1.65
3.25
2.05
3.77
3.52
3.18
1.82
2.27
1.46
1.79
1.71
1.78
1.64
2.02
1.99
2.68
3.02
2.39
2.32
2.58
1.76
1.7
1.78
1.77
0.98
1.93
2.01
1.5
1.39
1.97
2.21
2.36
2.62
4.04
3.36
2.55
1.96
2.11
1.86
2.28
2.39
2.01
1.99
2.64
2.15
2.17
2.1
2.21
2.51
1.94
2.08
2.25
2.12
1.95
2.32
2.53
2.31
2.75
2.39
2.18
2.63
2.07
2.2
2.15
1.92
2.18
1.95
2.58
2.01
2.23
2.31
2.15
2.82
2.23
2.47
2.17
2.13
2.84
2.58
2.13
2.21
2.02
2.14
2.35
2.27
2.37
2.09
2.08
2.29
2.41
2.41
1.63
1.58
1.85
2.76
2.11
2.48
2.46
2.65
2.02
2.24
2.08
2.26
2.4
1.84
1.85
2.43
2.58
2.49
1.99
2.53
2.4
2.46
1.44
2.01
1.75
2.04
1.85
2.15
1.8
1.98
1.89
1.64
1.63
1.7
1.85
2.11
1.54
1.3
1.62
1.77
1.36
1.35
1.69
1.34
1.38
1.25
1.23
2.15
2.04
1.81
1.56
1.98
2.08
3.18
3.21
1.84
1.57
1.51
1.94
2.82
1.44
1.83
1.39
1.79
1.42
1.23
3.31
2.52
1.28
0.85
0.45
1.75
0.32
0.02
0.9
2.19
2.37
1.28
1.1
1.65
1.8
5.06
1.85
1.85
1.81
1.51
1.69
1.23
1.85
3.17
3.24
0.72
2.44
2.54
2.06
1.58
1.63
1.35
0.94
1.18
0.75
2.12
1
1.03
3.04
1.41
1.33
2.04
2.59
3.26
3.24
1.38
1.24
2.14
2.02
2.43
2.59
1.22
1.31
1.77
1.86
2.37
2.48
1.4
1.21
1.17
1.23
2.25
2.76
2.98
2.88
2.23
4.08
1.62
2.31
1.54
1.69
1.45
1.12
0.76
2.5
1.63
2.02
1.51
1.2
1.3
1.81
1.71
1.38
1.61
1.78
2.32
2.33
2.52
3.26
2.12
2.17
2.17
3.33
1.46
1.96
1.88
2.26
1.5
1
2.59
2.11
3
3.84
1.95
2.7
5.8
4.19
2.41
5.61
3.58
3.85
4.88
3.44
2.51
1.68
1.46
1.25
2.69
1.76
4.68
2.55
2.18
1.83
1.93
1.59
1.66
1.43
1.43
1.86
1.29
1.57
1.89
1.47
1.69
1.53
1.49
1.87
1.98
1.61
1.77
2.29
3.74
1.85
1.99
3.11
2.08
2.53
2.29
2.44
2.28
3.13
3.51
3.07
2.14
2.53
1.81
2.09
2.07
1.79
1.82
1.95
2.17
2.87
2.73
2.29
2.09
2.21
2.01
1.83
2.11
2.1
2.05
3.09
2.2
3.68
2.55
2.82
2.57
1.95
3
3.15
2.14
1.86
2.11
1.71
1.9
3.17
4.01
3.18
2.65
1.65
2.04
3.67
2.84
3.98
2.22
1.75
1.83
2.43
2.65
2.31
1.41
2.88
3.25
2.63
2.01
2.93
3.3
2.36
2.89
2.94
2.69
2.88
2.81
2.82
1.47
2.83
2.25
2.18
2.61
2.18
1.95
1.46
-99
2.14
2.81
2.6
2.85
2.2
2.88
2.56
2.96
2.84
2
3.33
2.44
3.04
2.05
1.62
3.08
1.49
2.4
2.04
2.82
2.46
2.92
2.3
2.64
1.71
2.24
1.77
3.19
2.45
2.73
2.77
2.76
1.89
2.57
2.12
2.16
2.73
2.05
2.03
2.15
2.55
2.06
2.21
2.03
2.18
2.35
2.83
2.02
2.51
1.92
2.29
3.51
2.31
1.99
2.14
1.95
2.24
2.13
2.4
1.98
2.24
2.06
2.3
2.66
2.42
2.31
2.44
1.98
2.86
2.98
2.38
1.95
1.94
1.6
2.42
2.27
1.98
2.17
2.6
3.16
2.17
2.17
2.13
2.49
2.2
2.32
1.85
2.36
2.42
2
2.06
2.28
1.85
1.9
2.06
2.28
1.99
1.73
1.53
2.04
2.14
1.93
2.76
2.48
2.01
2.25
1.94
2.04
2.59
1.78
1.93
1.94
2.36
1.57
1.84
1.7
1.59
1.92
1.4
2.24
2.81
3.36
2.12
1.88
1.88
1.95
2.67
1.81
1.8
2.5
2.66
1.55
1.63
1.21
2.79
2.31
1.53
1.98
1.48
1.49
1.89
1.61
4.32
2.9
2.29
2
1.83
2.16
1.12
2.75
2.05
2.57
1.49
1.42
1.56
1.25
1.23
1.66
1.52
1.43
2.89
5.54
3.99
4.71
3.84
2.71
6.29
4.3
3.15
2.33
3.59
1.43
2.18
2.65
2.55
2.6
1.87
1.74
1.45
2.49
1.97
4.77
2.22
1.84
2.23
3.95
3.69
2.4
1.72
1.71
1.57
1.46
1.77
1.23
1.88
1.99
2.05
4.87
2.25
2.56
4.7
9.93
4.74
3.45
0.98
1.36
1.72
1.18
3.21
3.67
8.86
4.31
2.06
1.41
2.11
1.62
1.31
0.91
1.47
1.26
1.85
1.48
1.73
1.64
1.48
1.27
1.46
1.14
1.78
1.79
1.86
1.05
1.52
2.48
1.67
1.68
4.31
1.65
1.92
2.78
4.33
2.72
2.22
1.37
0.94
1.89
3.58
3.57
1.59
2.69
1.8
2.64
2.66
2.3
3.36
2.44
1.85
1.29
1.65
2.15
3.88
1.82
1.34
2.9
1.34
1.88
2.79
2.65
2.57
2.41
2.02
1.94
1.29
1.93
2.11
1.64
4.34
5.01
2.35
2.63
4.48
8.15
6.36
2.66
4.95
6.01
3.24
2.45
3.31
1.98
1.52
1.2
1.94
2
1.96
3.14
2.38
1.29
1.84
2
1.69
1.89
1.81
2.76
1.81
2.27
1.61
1.43
1.95
1.62
2.27
3.16
1.45
2.45
2.21
1.99
2.09
1.58
1.9
2.04
2.14
1.97
1.83
0.88
1.67
2.46
1.53
1.65
1.97
1.46
1.13
-99
-99
-99
2.75
1.84
1.8
2
4.12
2.95
4.76
5.85
4.15
1.99
2.18
1.47
2.33
1.75
1.98
1.78
2.68
5.49
2.25
3.17
1.71
1.56
2.26
2.4
1.8
2.55
2.3
2.31
2.08
2.34
2.43
2.19
2.34
2.01
2.15
2.1
1.78
2.37
1.98
1.9
2.27
3.19
2.84
2.13
1.56
2.41
1.94
2.15
1.58
3.06
3.45
2.22
2.3
1.96
2.19
1.73
1.74
2.1
2.02
1.95
2.61
2.14
2.09
1.99
1.8
2.06
2.03
1.71
1.75
2.38
2.8
2.21
2.09
1.88
1.93
2.31
1.97
2.33
2.66
2.28
1.84
2.77
2.51
1.83
1.88
2.18
2.91
1.87
2.16
1.99
2.12
2.36
2.22
2.2
2.37
1.62
1.88
1.91
2.01
1.99
3.35
2.69
2.15
2.36
2.43
2.66
2.26
2.24
1.94
1.77
2.24
2.21
1.87
2.22
1.83
1.8
1.3
2.73
2.28
1.61
2.01
2.76
2.08
2.78
2.36
2.11
2.34
1.64
2.29
2.43
1.87
2.3
2.01
1.85
1.97
2.55
3.19
1.51
1.51
1.77
1.91
1.99
1.82
1.88
2.1
1.76
1.42
1.11
1.81
2.88
1.03
1.67
2.1
2.99
8.6
5.71
2.94
2.91
1.89
1.83
2.53
2.94
5.05
3.57
2.88
3.29
2.23
2.02
2.19
1.72
2.82
3.48
2.22
1.64
3.36
2.06
1.77
1.61
1.52
2.19
1.9
1.07
3.21
2.89
3.96
5.2
2.99
2.18
2.17
1.67
1.67
1.84
1.57
1.31
1.31
2.17
2.83
2.85
1.69
1.37
1.6
2
1.25
1.26
1.26
3.19
2.39
1.41
1.39
1.75
2.02
1.86
1.14
1.37
1.6
1
1.25
1.62
1.43
1.3
0.97
2.1
2.78
2.03
3.39
3.6
4.56
2.52
3.85
4.13
2.8
1.72
5.48
1.59
1
1.73
1.62
0.78
0.82
1.73
1.86
2.15
1.37
2.16
2.44
3.04
3.6
2.95
7.2
4.87
3.75
3.64
2.06041666666667
2.31458333333333
2.73958333333333
3.5
2.14166666666667
1.52708333333333
1.2375
1.15
1.37708333333333
2.06041666666667
3.00833333333333
2.89583333333333
2.65625
2.45416666666667
2.075
2.28125
3.23125
1.44166666666667
1.77083333333333
1.5
3.89583333333333
6.88125
5.36666666666667
6.47083333333333
2.77083333333333
2.42083333333333
1.53958333333333
2.53958333333333
4.67708333333333
5.36875
6.40625
8.05625
3.42083333333333
2.875
1.21458333333333
1.45833333333333
1.99166666666667
2.45
2.03333333333333
3.87083333333333
4.05208333333333
2.57083333333333
2.09375
2.13333333333333
1.80833333333333
1.09375
2.98958333333333
1.7125
1.97083333333333
1.51666666666667
1.65416666666667
3.72916666666667
2.29166666666667
1.15625
1.23125
1.86041666666667
1.36875
2.1125
1.83125
1.87708333333333
1.38125
1.14583333333333
1.6125
1.475
1.35625
1.325
1.55
2.6375
2.69791666666667
2.2
1.60208333333333
3.38333333333333
2.79583333333333
2.97916666666667
1.9875
2.4875
2.71666666666667
1.76666666666667
2.81041666666667
2.4125
3.06458333333333
2.09583333333333
2.10208333333333
1.8625
2.15625
1.81041666666667
1.9125
1.76458333333333
1.78125
1.79583333333333
1.67708333333333
2.33958333333333
2.6625
2.35416666666667
2.74375
2.80208333333333
2.54166666666667
2.77916666666667
1.66458333333333
1.12708333333333
1.6375
3.08125
1.99583333333333
1.65208333333333
1.89583333333333
1.7
2.24375
2.10416666666667
1.9625
1.39375
1.5375
1.7625
2.1875
2.00208333333333
2.8125
1.40208333333333
1.55625
1.08541666666667
1.30416666666667
1.48333333333333
2.88541666666667
2.3625
2.41041666666667
2.3
2.48125
2.39583333333333
2.1875
2.15208333333333
2.28541666666667
2.98541666666667
4.64583333333333
3.69583333333333
4.90625
2.725
2.8
3.83333333333333
3.17708333333333
2.65625
3.5875
2.37916666666667
2.94791666666667
2.12916666666667
2.10416666666667
3.94375
2.38333333333333
2.31875
2.23125
2.44583333333333
2.19375
2.25208333333333
2.07708333333333
2.04583333333333
2.30625
2.37083333333333
2.14375
2.25
3.00208333333333
2.31875
2.33541666666667
2.34375
2.825
2.26458333333333
2.31875
2.775
2.99583333333333
2.51458333333333
1.99791666666667
2.23958333333333
2.075
1.90208333333333
2.56041666666667
3.77291666666667
2.06875
2.11875
2.5625
2.79791666666667
2.56875
2.39166666666667
2.02916666666667
2.64166666666667
2.15208333333333
2.42291666666667
2.625
2.34166666666667
2.46458333333333
2.525
1.94166666666667
2.15625
3.10208333333333
2.95833333333333
3.1
2.33541666666667
2.65833333333333
3.82291666666667
2.6
2.6375
2.40416666666667
2.41458333333333
2.45208333333333
3.35625
3.11666666666667
2.55208333333333
2.95
2.39583333333333
1.87083333333333
2.68125
2.21875
3.15416666666667
2.10208333333333
2.375
2.49791666666667
2.21458333333333
2.64375
2
2.38541666666667
2.00208333333333
2.65
2.22291666666667
2.2
2.17916666666667
1.92916666666667
1.63958333333333
1.95
2.17708333333333
1.81458333333333
2.01666666666667
1.95
2.88958333333333
2.67291666666667
2.59375
1.80416666666667
2.20833333333333
2.32083333333333
2.01666666666667
2.73333333333333
2.075
2.18125
2.13541666666667
2.0125
2.19375
2.77708333333333
1.56458333333333
1.79791666666667
1.62916666666667
2.11666666666667
1.5125
1.84791666666667
2.17083333333333
2.27083333333333
1.73333333333333
2.17916666666667
1.775
1.98863636363636
1.79583333333333
1.83541666666667
2.15
1.70833333333333
2.03333333333333
1.71666666666667
1.89166666666667
1.50625
2.46875
2.35416666666667
1.35416666666667
1.42083333333333
1.35416666666667
1.03125
2.00416666666667
2.70833333333333
3.025
2.57916666666667
1.93333333333333
2.06041666666667
1.50833333333333
2.30833333333333
3.14166666666667
2.05208333333333
2.99166666666667
2.55
1.99791666666667
2.10416666666667
1.55
1.98333333333333
1.81875
1.9
1.97291666666667
2.11041666666667
1.72916666666667
1.48958333333333
1.55833333333333
1.45833333333333
2.275
2.35625
1.52083333333333
1.62916666666667
1.93541666666667
1.31875
1.41875
1.83541666666667
1.40833333333333
1.51875
1.11875
1.63125
2.91666666666667
4.18125
3.15416666666667
3.29375
1.275
1.55833333333333
1.98333333333333
2.16666666666667
1.76458333333333
1.65833333333333
2.16041666666667
2.14375
1.62708333333333
1.94791666666667
1.21666666666667
1.68541666666667
1.0875
1.80833333333333
1.50416666666667
1.31458333333333
0.99375
1.56666666666667
1.58541666666667
2.34583333333333
1.82291666666667
1.61875
3.06666666666667
4.64375
6.2125
3.275
1.98333333333333
2.35
3.61875
2.03125
4.7125
7.64791666666667
3.8625
2.48125
8.69791666666667
4.53958333333333
9.20833333333333
1.82083333333333
1.70625
1.20208333333333
0.952083333333333
1.08541666666667
1.01458333333333
0.914583333333333
1.15416666666667
1.80833333333333
1.85625
1.22708333333333
0.864583333333333
1.71458333333333
1.55625
3.3
2.69166666666667
4.89791666666667
4.45208333333333
2.87083333333333
1.475
1.05833333333333
2.025
0.916666666666667
1.43125
3.35
2.97083333333333
2.53958333333333
2.27291666666667
3.84791666666667
5.86875
1.06458333333333
1.30833333333333
1.40208333333333
1.19583333333333
1.41041666666667
1.95
1.81458333333333
1.87083333333333
1.45
1.34166666666667
1.49166666666667
1.68541666666667
1.75833333333333
1.45208333333333
1.2125
1.3125
1.21041666666667
1.48333333333333
2.0625
1.65416666666667
2.14583333333333
2.74791666666667
3.39791666666667
2.87916666666667
1.38125
1.3
1.3125
2.52291666666667
2.72083333333333
1.64791666666667
1.83125
1.52916666666667
1.52083333333333
1.225
1.95
3.59583333333333
4.59166666666667
3.05
2.325
1.82916666666667
2.22291666666667
2.89791666666667
3.92916666666667
2.72291666666667
1.89791666666667
1.89791666666667
1.48125
1.35
1.92083333333333
1.66041666666667
1.7625
1.32291666666667
2.17291666666667
2.66041666666667
2.2375
1.16041666666667
1.56041666666667
1.47916666666667
1.71041666666667
1.69791666666667
1.49166666666667
1.39583333333333
1.6875
3.72708333333333
3.83125
2.825
1.69791666666667
1.29375
1.32708333333333
1.74791666666667
3.7125
2.56666666666667
2.10208333333333
1.475
2.375
0.966666666666667
1.68958333333333
1.51666666666667
1.575
1.89791666666667
2.78125
5.5625
5.76041666666667
2.28958333333333
1.92708333333333
1.94166666666667
1.79583333333333
3.90625
6.80416666666667
3.79791666666667
2.01041666666667
2.78958333333333
3.17916666666667
1.56875
1.90208333333333
2.09791666666667
1.94375
2.09583333333333
2.0375
1.825
2.775
1.9
2.63541666666667
3.31041666666667
4.43958333333333
2.48125
2.45625
1.66666666666667
1.69791666666667
2.15
1.83125
2.02083333333333
1.2875
1.27291666666667
1.38541666666667
2.5
3.04375
2.90625
2.31875
2.15208333333333
2.41875
2.8
2.20625
1.95625
2.13125
2.15416666666667
1.66458333333333
2
1.85
1.875
2.4
2.80625
2.41666666666667
3.15
1.78541666666667
1.99166666666667
2.78541666666667
1.96875
2.83958333333333
2.27083333333333
2.22083333333333
1.8125
2.27291666666667
2.06458333333333
2.29166666666667
1.92916666666667
2.00625
2.3875
2.64166666666667
2.1
2.48125
2.27083333333333
2.52708333333333
2.4875
2.37083333333333
2.18333333333333
2.39375
2.31666666666667
2.37083333333333
2.23958333333333
2.60625
1.76041666666667
2.11458333333333
2.33541666666667
2.58333333333333
3.03958333333333
2.04583333333333
2.22291666666667
2.55
3.65416666666667
2.64791666666667
2.49791666666667
2.81458333333333
2.04375
2.05416666666667
2.36666666666667
2.54583333333333
2.88541666666667
2.52291666666667
2.71041666666667
2.7625
2.875
2.50625
2.2875
2.5
2.37708333333333
2.63541666666667
2.25625
2.21458333333333
2.05833333333333
2.40208333333333
2.17708333333333
2.98333333333333
2.66666666666667
2.24375
2.8
2.2375
3.32083333333333
2.51875
1.83541666666667
1.78541666666667
2.11666666666667
2.46458333333333
2.53958333333333
2.36875
2.66458333333333
2.34166666666667
2.30833333333333
2.42708333333333
2.25833333333333
2.16041666666667
2.16666666666667
2.30208333333333
2.18958333333333
2.66875
2.05833333333333
3.94791666666667
2.05833333333333
1.61041666666667
1.73333333333333
2.21666666666667
2.0875
2.33541666666667
1.84166666666667
1.78958333333333
2.31458333333333
2.71875
2.82083333333333
2.06875
2.38125
2.4375
2.78260869565217
2.03541666666667
1.82916666666667
1.80625
1.62708333333333
1.70416666666667
1.58125
1.99791666666667
2.16041666666667
1.76041666666667
2.00416666666667
1.77021276595745
2.28958333333333
1.73191489361702
1.88297872340426
2.43191489361702
2.31041666666667
1.3875
1.9
2.45
2.05833333333333
1.56041666666667
1.78125
1.675
1.55416666666667
2.47708333333333
1.46086956521739
2.25
3.41063829787234
3.58723404255319
4.62083333333333
2.67916666666667
2.72916666666667
2.16666666666667
2.30416666666667
1.79375
1.67708333333333
1.80416666666667
1.82291666666667
0.8625
1.18125
1.79166666666667
1.1875
1.14583333333333
1.50833333333333
2.74791666666667
1.67083333333333
1.54791666666667
1.5875
1.42291666666667
1.57916666666667
1.61458333333333
1.28125
2.41041666666667
1.90416666666667
1.07916666666667
2.575
1.56875
1.37291666666667
1.3
1.21458333333333
0.997916666666667
1.47916666666667
1.3125
1.82083333333333
1.46041666666667
3.00416666666667
5.20625
3.4375
1.825
1.40625
1.89583333333333
2.9375
1.7125
1.99583333333333
1.0875
1.37291666666667
2.04583333333333
3.87916666666667
3.5625
3.10833333333333
2.44583333333333
2.70833333333333
2.52291666666667
2.65833333333333
6.83958333333333
3.425
1.78125
2.5
1.81875
1.49583333333333
2.37083333333333
2.40208333333333
1.57083333333333
1.3
1.52291666666667
1.37083333333333
1.57916666666667
0.927083333333333
1.11458333333333
1.14583333333333
0.93125
2.48125
3.12708333333333
1.56458333333333
1.70416666666667
1.70416666666667
1.52083333333333
2.57916666666667
2.76666666666667
1.51041666666667
1.76458333333333
1.68958333333333
1.55625
2.45833333333333
2.19375
3.5125
2.6375
1.89375
2.05833333333333
1.55
1.73333333333333
2.8125
2.775
2.17708333333333
