20000101
1.22
0.94
1.09
1.29
1.14
1.11
1.33
0.66
1.27
2.18
0.87
1.21
1.86
1.4
1.38
1.77
1.81
4.6
3.25
1.21
2.56
1.69
2.65
2.22
1.7
1.14
1.61
1.27
1.36
1.5
1.42
0.82
1.42
3.49
2.4
1.13
1.09
1.44
1.02
1.95
1.52
1.37
1.52
1.13
1.55
1.69
1.53
2.24
1.89
1.61
1.59
1.15
1.18
1.39
1.33
1.5
1.49
1.48
1.73
1.03
2.15
2.79
1.31
1.35
2.21
1.39
1.66
1.61
1.68
1.67
1.61
1.53
1.98
3.3
3.51
3.01
3.17
3.98
2.56
1.44
1.82
1.83
2.47
1.45
1.43
1
0.62
1.5
1.86
2.43
2.19
-99
-99
-99
0.84
0.99
1.15
1.37
1.48
2.04
1.42
2.25
2.98
2.18
4
2.5
4.54
1.51
2.8
1.95
1.69
2.5
4.38
1.88
1.72
3.26
2.87
1.82
1.75
2.14
1.7
1.63
1.47
1.74
1.73
1.94
2.04
1.64
1.62
2.31
1.65
-99
-99
-99
-99
-99
-99
1.43
1.54
1.38
0.86
1.25
1.44
1
0.95
0.93
1.9
1.71
1.21
1.28
1.05
1.15
1.33
1.34
1.77
1.77
1.99
3.05
1.63
2.08
2.63
3.12
3.55
3.04
2.15
2.44
4.07
3.59
1.57
1.75
2.04
1.67
1.28
1.14
1.2
0.96
0.82
1.2
2.01
1.29
1.18
1.06
1.61
1.32
2.5
1.71
1.44
2.2
1.73
1.4
1.41
1.75
1.33
1.88
1.25
1.21
1.5
1.69
1.26
0.76
1
0.86
1.15
1.54
2.08
1.73
2.49
1.74
2.22
1.08
1.06
0.95
1.01
1.68
1.28
2.17
2.72
2.45
2.51
1.65
1.08
1.3
1.1
1.62
2.06
1.29
1.14
1.09
1.27
1.8
2
1.34
2.11
2.04
2.21
1.85
2.42
2.1
2.43
1.45
1.29
1.46
2.09
1.02
1.61
0.98
0.95
1.99
1.67
1.24
1.91
1.63
1.38
1.39
1.27
1.5
1.03
1.2
1.48
1.27
0.81
1.51
2.88
-99
-99
-99
-99
-99
-99
-99
-99
-99
-99
-99
-99
-99
1.66
1.48
0.98
2.12
2.11
1.07
1.36
1.76
3.13
2.37
3.04
1.35
1.1
0.99
1.27
1.38
1.06
2.51
2.48
0.84
1.31
0.74
1.02
0.97
1.15
1.47
1.68
3.76
1.49
1.05
1.77
3.68
5.55
3.89
3.74
5.35
5.08
3.69
1.3
2.21
4.81
4.46
1.8
1.43
1.44
2.64
1.73
1.09
0.96
1.39
2.5
3.38
1.18
1.31
1.64
1.07
1.02
2.28
5.7
3.08
2.91
1.26
0.88
2.6
3.13
6.14
2.94
1.59
1.05
0.98
0.87
1.04
1.87
1.43
1.64
0.97
1.06
1.67
1.45
1.29
3.29
2.03
3.38
1.22
3.29
1.79
2.71
1.88
3.76
2.29
4.45
3.41
1.23
1.67
3.73
1.92
1.01
1.79
2.59
1.03
3.46
2.06
1.82
0.07
0.55
0.71
0.79
1.32
2.89
0.95
0.98
1.7
0.86
3.21
3.56
2.51
1.87
2.74
5.73
4.13
2.72
3.17
1.34
1.15
1.58
1.6
2.6
-99
-99
-99
-99
-99
-99
-99
-99
-99
-99
-99
-99
-99
-99
-99
-99
-99
-99
-99
-99
-99
-99
-99
-99
-99
-99
-99
-99
-99
-99
-99
-99
-99
-99
-99
-99
-99
-99
-99
-99
-99
-99
-99
-99
-99
-99
-99
-99
-99
-99
-99
-99
-99
-99
-99
-99
-99
-99
-99
-99
-99
-99
-99
-99
-99
-99
-99
-99
-99
-99
-99
-99
-99
-99
-99
-99
-99
-99
-99
-99
-99
-99
-99
-99
-99
-99
-99
-99
-99
-99
-99
1.46
2.36
2.39
1.71
1.5
3.31
2.8
3.41
1.46
1.51
2.46
3.3
1.07
0.74
1.18
0.78
1.74
1.48
1.13
1.14
1.34
1.12
1.14
0.63
0.56
0.59
0.98
1.25
0.87
0.88
2.31
0.89
1.92
1.49
0.98
1.01
1.05
2.3
1.88
0.8
2.94
2.11
1.19
1.09
1
0.64
0.94
1.21
1.17
1.81
1.72
1.35
1.32
1.12
1.45
1.44
2.04
1.94
1.78
1.42
0.86
0.86
0.93
0.58
0.85
1.66
2.36
1.43
0.69
1.28
1.31
1.36
2.03
1.05
1.17
1.04
0.91
0.77
1.25
1.46
1.31
1.3
1.16
1.05
1.04
2.42
1.54
1.18
1.32
1
1.18
1.04
1.41
0.79
1.25
1.15
1.16
1.85
2.9
1.81
1.37
1.91
1.82
1.46
1.11
1.32
1.16
1.36
1.2
1.3
1.37
1.87
1.27
0.74
1.4
1.56
1.49
1.35
0.95
1.26
1.44
2.06
1.17
0.97
1.78
0.89
0.96
1
0.59
1
0.95
3.44
1.22
1.54
1.58
0.83
1.66
1.4
1.36
0.8
1.26
1.17
1.72
1.44
1.29
-99
-99
1.23
1.26
1.57
1.34
1.56
1.59
2.28
1.75
0.96
1.04
1.61
1.61
1.47
1.49
2.26
1.27
3.59
3.68
1.53
1.17
0.99
0.56
0.93
0.83
1.47
0.93
1.19
0.9
0.57
2.55
1.21
0.97
0.95
0.67
0.8
1.13
1.03
3.48
4.49
4.37
3.05
2.37
5.14
4.71
1.93
0.91
1.1
1.01
1.41
1.22
1.03
2.06
2.38
1.67
0.89
1.14
1.22
1.37
1.02
0.89
0.64
1.08
1.03
1.02
1.74
1.72
1.17
0.95
0.95
0.78
1.06
1.38
1.82
3
1.75
0.83
0.86
0.69
0.89
0.9
0.79
1.77
2.68
0.75
2.02
1.54
0.67
0.84
0.65
2.04
1.35
2.3
0.91
0.21
0.36
0.86
0.79
2.15
1.11
0.4
0.77
0.91
1.05
1.31
0.74
2.25
1.13
1.08
0.43
1
2.18
1.76
2.83
1.68
1.19
1.28
1.3
0.88
0.81
0.87
0.92
1.1
2.19
2.77
1.03
1.14
3.37
4.24
1.46
1.29
0.98
0.97
1.01
1.08
1.34
0.91
0.84
0.54
1.81
1.88
1.11
3.99
2.56
0.93
0.93
0.7
1.39
1.23
1.5
3.41
1.09
0.85
2.39
3.39
3.15
2.58
1.53
1.65
1.51
2.3
3.34
1.72
4.34
1.78
2.34
1.54
1.64
1
1.14
2.12
1.91
2.14
2.41
1.81
1.62
1.55
1.68
1.08
0.54
1.18
1.18
1.73
3.25
3.21
1.44
3.12
2.64
1.71
0.91
0.69
1.93
2.69
2.37
0.37
0.73
1.72
1.43
1.53
0.78
1.38
1.96
1.45
2.56
2.1
3.02
1.24
0.57
0.92
0.88
1.15
1.13
0.55
2.9
1.33
0.27
1.05
4.08
3.99
1.08
0.44
0.35
1.24
2.19
0.96
1.44
1.94
1.82
2.64
1.61
1.12
3.09
2.85
1.68
1.17
1.27
1.32
0.72
0.59
1
1.09
0.77
1.72
1.21
1.22
1.64
1.62
0.98
1.27
2.05
1.82
1.09
0.99
1.47
1.16
1.93
1.28
0.96
1.25
0.87
1.2
1.22
1.13
1.17
1.21
0.83
0.89
0.89
2.53
0.8
1
0.76
0.86
1.22
1.26
0.95
0.97
0.89
0.98
1.33
1.55
1.42
1.11
1.44
2.05
3.89
3.08
2.42
1.71
1.3
1.18
1.15
1.62
1.51
1.86
1.69
1.12
0.93
0.95
1.14
1.3
1.72
1.05
1.13
1.54
1.11
0.81
1.78
1.14
0.76
1.29
1.03
1.23
2.38
1.17
0.82
1.02
1.53
1.17
1.25
1.01
1.45
1.22
0.85
1.34
-99
-99
-99
1.92
0.98
1.17
1.29
0.9
1.23
1.52
1.24
1.16
1.47
1.54
1.32
1.01
1.93
1.1
0.82
0.9
1.25
1.6
1.57
0.88
1.05
1.53
2.15
1.25
1
1.08
0.96
2.89
2.48
2.1
1.13
1.29
0.88
0.98
1.58
-99
0.39
0.98
1.44
1.07
1.19
0.99
0.97
0.77
1.68
2.64
2.08
0.99
2.01
1.8
2.73
1.93
1.18
0.99
2.07
3.53
-99
0.88
1.21
0.95
0.9
1.16
1.3
1.04
1.13
2.21
1.27
0.72
0.91
1.85
2.2
1.58
2.85
1.05
1.5
0.39
0.09
2.02
3.47
3.43
0.73
0.05
0.07
0.05
0.56
0.95
2.97
0.37
3.81
1.49
0.79
0.76
0.04
0.67
0.07
1.79
0.15
1.15
3.49
2.71
4.13
3.17
0.81
1.48
2.11
1.86
2.84
1.16
0.91
2.4
0.85
0.86
1.23
0.73
0.76
0.41
0.86
0.92
1.44
0.87
1.55
1.33
4.41
1.81
1.07
0.91
1.28
0.62
1.35
1.78
1.35
1.9
1.53
1.15
0.64
1
3.41
2.65
1.03
2.44
1.7
0.89
1.21
1.55
0.83
2.09
1.45
2.94
1.27
2.69
4.29
4.15
4.5
5.1
2.81
2.32
3.08
7.35
2.55
1.76
0.98
2.2
3.44
2.03
1.4
1.27
1.29
2.24
1.02
0.66
0.98
0.76
1.52
2.07
2.03
2.39
2.5
2.69
2
2.26
1.5
3.22
1.72
1.9
1.64
1.17
1.31
0.94
1.07
1.53
1.86
1.45
1.11
1.21
1.61
1.39
1.38
1.28
1.03
1.11
1.34
1.33
1.43
1.6
2.1
2.53
1.35
1.73
2.04
1.08
1.05
1.31
2.25
1.42
1.54
0.77
2.18
1.56
2.6
6.46
4.38
1.99
4.18
1.73
1.93
2
1.38
2
1.9
1.61
0.7
3.27
2.61
0.9
1.48
2.49
1.57
0.41
0.99
1.24
1.23
2.34
1.49
1.83
3.36
2.39
2.74
1.81
2.24
1.31
0.96
1.12
3.25
2.42
1.86
1.27
1.01
1.22
0.94
0.85
0.73
0.5
1.13
1.02
1.35
2.45
0.58
1.29
1.47
1.36
2.03
3.42
3.32
2.3
1.14
1.07
0.93
0.99
1.64
1.42
-99
2.08
0.78
0.82
0.94
1.08
1.25
1.06
0.85
1.12
1.12
0.87
1.49
1.11
0.69
1.21
2.81
1.6
0.69
1.15
1.61
1.35
1.3
0.96
1.26
0.96
1.52
2.52
1.28
1.28
0.74
0.74
0.54
1.08
0.79
1
0.52
-99
0.72
0.79
1.05
1.23
1.84
1.45
1.08
0.98
1.03
1.19
1.59
1.4
1.38
0.81
1.24
1.1
1.15
0.98
0.75
1.52
0.93
1.4
0.87
0.72
0.94
0.94
1.23
1.85
0.94
0.84
1.28
1.39
1.46
0.88
1.3
0.64
0.86
1.4
1.91
0.79
1.18
1.16
1.07
1.58
1.7
1.1
0.95
1.42
2.22
1.71
1.14
0.97
0.94
0.48
0.95
0.59
1.3
0.67
0.91
0.94
1.95
1.96
1.88
1.6
1.09
1.96
1.41
1.05
1
1.05
0.97
0.95
0.57
1.37
0.93
0.46
0.65
0.81
0.38
0.63
0.68
1.72
3
2.68
1.54
0.71
1.93
0.84
1.02
1.69
0.71
0.64
0.6
0.75
0.31
1.51
3.28
3.75
3.35
2.27
2.13
1.06
0.89
1.81
1.04
1.21
0.98
0.3
0.19
1.42
1.54
1.93
3.72
1.79
1.03
0.89
0.6
0.71
0.45
0.58
0.68
2.16
1.28
0.68
0.96
1.1
0.65
1.89
1.53
1.48
0.65
0.48
0.97
1.4
3.19
2.78
0.83
1.26
0.89
1.98
1.25
0.4
1.96
2.24
0.71
1.69
2.61
0.5
0.75
1.41
0.28
0.9
1.69
1.25
1.53
0.81
1.18
2.38
1.44
0.32
1.63
1.53
0.75
0.7
2.46
2.36
2.39
0.97
1.74
1.31
2.3
1.23
1.71
2.99
3.22
6.04
3.84
3.46
1.74
1.23
1.14
1.87
1.9
2.77
1.57
1.62
1.82
1.85
1.83
1.26
2.35
5.87
6.56
4.28
4.78
2.22
2.35
2.05
1.9
1.89
1.36
2.83
2.73
1.83
1.83
1.68
1.67
1.3
1.05
1.23
1.65
1.98
1.54
4.2
2.8
2.68
2.73
1.5
1.36
1.63
1.71
2.46
2.4
2.91
2.35
1.6
1.78
2.2
1.32
0.59
2.14
1.85
3.33
3.68
5.02
2.87
3.54
2.08
2.04
3.23
3.16
3.07
2.26
1.59
1.87
5.58
1.92
1.48
2.87
1.79
1.66
1.9
1.65
1.3
1.55
2.28
5.02
3.73
2.78
2.14
1.05
2.16
4.99
3.55
4.03
5.24
4.29
1.98
1.88
1.41
1.37
1.07
0.66
2.96
3.14
4.06
3.28
3.61
1.15
2.24
5.35
2.28
2.2
1.67
2.13
2.47
3.34
5.75
2.6
2.46
1.75
2.12
3.2
2.71
3.29
2.93
2.49
5.41
4.85
1.52
1.72
1.74
2.02
1.5
1.37
4.27
4.08
4.59
1.8
2.22
2.8
2.73
2.19
2.1
2.5
2.51
1.72
2.06
1.75
2.02
2.56
1.9
1.67
1.37
1.36
1.22
1.18
1.66
3.62
3.55
2.42
1.93
1.88
1.58
1.7
1.44
2.17
2.27
4.38
4.17
3.28
4.47
3.79
1.76
1.82
1.3
2.35
3.21
1.79
2.06
1.88
1.59
1.83
1.58
1.48
1.45
1.85
1.56
1.34
1.88
2.54
2.59
3.42
2.61
1.65
1.72
1.25
1.62
1.41
1.95
1.4
1.63
1.61
1.86
1.74
2.09
1.84
2.02
1.89
1.87
2.76
3.55
2
1.39
1.75
1.42
1.53
1.92
1.94
2.37
2.76
1.69
1.33
2.45
2.3
1.75
2.66
2.4
2.59
1.81
1.56
1.51
2.3
2.74
3.83
3.19
2.34
2.02
1.74
2.71
1.78
2.03
1.55
1.68
1.36
1.37
1.54
0.98
1.54
1.93
1.61
1.66
2.16
1.97
1.76
1.58
1.96
2.11
2.26
2.11
1.94
2.18
2.59
2.37
1.44
1.34
1.4
1.32
1.23
3.08
1.96
2.58
4.1
4.71
4.15
1.6
1.39
1.61
1.67
1.45
1.66
2.27
2.47
1.8
1.52
2.38
3.5
2.23
1.72
1.45
1.95
1.46
1.8
2.32
1.93
3.5
3.83
4.57
2.58
1.84
1.9
3.62
2.72
3.49
5.48
4.02
3.2
2.08
1.8
1.22
2.02
1.39
1.46
1.91
2.22
2.82
2.08
2.58
3.51
4.59
4.37
7.28
7.47
4.02
4.47
1.22
1.65
2.19
2.15
1.38
1.15
1.58
1.14
1
0.88
1.56
1.55
1.29
1.62
2.17
6.09
2.37
4.04
2.83
2
4.51
4.38
4.33
2.51
2.76
1.24
1.16
1.21
1.22
1.24
3.69
3.69
1.87
2.59
2.3
2.63
2.13
1.68
3.17
5.94
5.68
4.38
9.6
6.77
5.58
1.78
1.57
1.55
0.52
0.7
1.1
0.61
0.58
0.87
0.98
0.96
1.08
1.06
0.93
0.67
0.38
0.76
1.41
3.16
2.04
1.05
1.47
0.73
1.69
4.83
4.12
2.16
2.72
2.39
2.84
1.34
2.67
3.59
1.31
0.83
1.34
0.58
0.13
0.59
0.84
1.19
0.68
0.66
1.43
4.25
3.16
3.46
2.14
1.14
1.93
1.87
2.34
1.66
1.19
0.65
0.89
1.18
2
3.7
1.97
2.42
0.86
2.33
1.43
2.38
4.02
1.83
0.99
0.93
0.81
1.08
1
1.01
1.26
1.36
1.51
1.25
1.08
1.05
2.02
1.81
1.76
0.75
1.32
1.85
0.87
1.15
0.6
1.84
1.75
1.4
1.27
0.86
0.41
1.04
1.28
2.2
1.9
3.79
4.89
3.25
1.86
0.88
2.54
1.12
1.14
1.1
0.97
1.04
0.84
0.48
0.95
1.69
2.11
1
1.1
0.97
1.05
0.82
2.43
2.32
2.24
1.35
0.97
1.39
1.77
0.67
0.58
0.92
0.91
0.63
0.9
1.99
1.15
1.54
1.34
2.41
1.16
1.08
1.62
2.09
1.74
1.33
0.93
1.11
1.1
1.22
1.1
1.59
0.7
0.85
1.32
0.95
0.93
1.09
1.04
1.4
1.81
1.47
1.46
0.97
1.22
1.27
1.57
1.09
0.96
1.88
1.54
1.21
0.95
1.3
1.19
1.11
1.15
2.14
1.41
0.98
1.64
1.25
0.95
1.35
0.81
1
1.21
1.2
1.04
1.04
1.39
0.67
0.67
1.87
1.88
1.22
1.18
1.31
1.4
1.2
1.25
1.71
1
0.88
1.14
1.09
0.87
1.03
1.06
1.62
1.45
1.68
1.45
1.23
0.98
1.19
1.51
1.59
1.37
1.26
0.96
1
0.83
1.56
1.64
1.5
1.57
0.83
0.51
0.63
0.88
1.34
0.76
1.17
0.93
1.16
1.51
1.05
0.94
1.36
1.42
0.49
0.96
1.1
1.15
1.35
1.08
1.2
1.23
0.89
1.36
1.44
1.8
1.26
1.12
1.09
0.85
1.06
0.99
0.98
1.02
1.35
2.59
2.69
1.18
1.19
0.81
0.96
0.92
0.86
1.42
1.44
0.84
0.84
0.98
1.92
0.6
2.3
1.77
1.15
0.54
0.83
1.08
1.1
1.04
1.81
2.69
1.89
1.26
0.48
1.59
1.2
0.87
2
0.76
1.08
0.93
1.58
1.04
1.1
0.77
2.27
3.62
3.81
3.33
3.94
2.87
1.1
1.13
1.1
1.1
2.01
1.09
1.2
3.72
4.34
4.92
1.91
4.7
1.8
2.93
2.08
2.09
2.13
1.75
1.94
2.76
1.61
2.05
2.5
2.38
1.78
0.2
1.15
2.01
1.95
2.43
3.39
6.69
2.4
2.04
1.25
1.33
2.22
2.21
4.62
2.77
2.51
1.86
1.66
4.5
1.58
2.37
1.78
3.18
1.55
1.44
1.88
1.71
1.28
1.26
1.34
1.12
1.67
2.02
1.88
1.07
1.36
1.5
5.14
4.95
4.31
1.7
2.15
0.59
0.16
1.15
0.93
1.25
1.2
0.95
1.29
3.53
1.94
1.12
1.94
3.22
0.65
0.73
2.29
2.16
1.72
1.37
1.52
2.19
1.17
2.6
1.29
0
0
0
0
0
0
0
0
0.93
2.06
1.36
1.46
1.58
1.43
1.43
1.57
2.5
5.01
7.32
6.37
1.61
1.72
2.51
2.8
2.07
2.34
3.76
3.84
2.16
2.05
2.83
2.68
4.76
5.08
3.71
2.33
1.89
2.13
2.33
2.68
3.76
2.12
2.03
1.54
1.69
2.71
2.3
2.1
4.01
1.84
1.39
2.69
2.39
1.91
4.15
3.92
2.13
2.31
2.67
2.37
1.83
1.6
1.69
4.76
2.78
1.97
1.82
1.93
3.73
1.89
2
2.18
1.96
3.95
4.98
2.35
3.06
3.79
2.01
1.6
4.26
3.28
1.91
2.36
4.25
3.38
2.82
3.92
2.38
1.77
2.03
2.39
2.64
3.1
2.66
2.11
3.18
4.31
2.69
1.01
1.99
2.3
2.2
1.93
2.15
3.04
2.51
2.62
2.48
2.33
4.66
4.84
3.7
2.4
2.13
2.11
2.67
2.01
1.75
3.13
3.35
3.04
2.33
3.14
2.61
2.37
2.01
2.05
1.96
2.83
2.82
2.04
3.11
2.6
2.2
2.69
3.77
2.82
1.93
1.92
1.53
2.69
1.68
1.54
2.6
1.97
2.2
2.03
3.09
1.56
1.78
1.71
2.18
2.42
3.05
2.49
2.83
1.83
2.01
1.68
1.84
1.88
2.1
2.56
2.15
1.96
1.9
2.1
2.09
3.07
2.03
2.19
2
2.08
1.89
2.21
2.52
3.98
2.2
1.74
2.1
2.06
1.19
1.57
2.73
2.93
2.72
2.3
2.4
2.93
2.73
1.6
1.78
2.11
2.68
2.13
1.51
4.02
5.46
4.47
3.66
1.68
1.93
2.27
1.88
1.89
1.57
1.95
1.89
1.55
2.08
2.24
2.12
1.79
1.65
1.87
1.87
1.9
1.96
2.09
2.02
2.08
1.9
2.19
1.65
2.51
2.7
1.88
1.19
1.89
1.5
2.01
2.01
3.71
3.79
4.87
3.75
2.58
3.66
2.03
2
2.46
3.9
2.8
3.74
4.89
1.86
2.02
1.93
1.79
1.84
1.14
2.1
2.63
4.45
3.44
2.74
2.41
1.97
3.67
3.7
4.54
2.11
2.49
4.07
6.25
2.4
3.69
3.56
2.11
1.89
2.29
1.95
1.47
1.44
2.68
3.02
3.36
1.86
1.88
2.46
2.3
2.1
1.63
1.67
2.43
3.7
2.19
6.24
7.07
2.99
1.91
1.85
1.86
1.59
2.42
3.03
6.22
7.49
2.11
4.83
2.95
2.71
1.78
3.13
4.77
2.35
1.28
4.68
4.71
1.38
3.88
1.58
1.71
1.74
2.15
2.4
4.29
2.6
1.93
1.8
3.44
2.05
2.9
2.35
3.05
4.32
4.59
2.89
1.72
1.76
1.54
1.7
1.74
1.89
1.75
2.2
1.77
2.12
1.73
1.92
2.31
1.69
1.73
2.68
1.72
2.21
1.74
1.59
1.26
1.92
1.86
2.05
1.79
2.29
2.5
5.58
2.85
2.14
1.7
2.38
4.28
1.82
2.4
1.7
1.48
1.5
1.59
1.67
2.21
1.87
1.04
2.06
2.16
3.13
2.43
2.85
2.48
2.1
2.7
3.13
4.96
1.57
2.52
2.38
2.3
1.89
1.81
2.49
1.95
2.05
3.54
2.12
2.18
1.91
2.2
2.33
5.3
3.04
2.41
3.88
6.42
4.25
9.23
4.04
2.34
3.52
3.35
3.01
3.26
3.2
2.31
2.64
5.19
6.37
3.98
1.83
1.9
1.91
2.8
2.32
4.3
3.47
1.65
1.25
2.61
1.92
3.76
3.03
3.92
3.42
2.45
2.49
2.05
2.71
2
3.11
2.96
4.23
4.52
3.11
3.25
2.44
2.16
2
2.83
3.04
3.01
2.84
2.65
2.31
1.48
1.88
2.89
2.54
1.79
2.64
2.53
2.21
3.62
4.18
3.69
3.21
2.09
2.06
1.87
2.67
6.22
2.7
2.24
1.64
1.89
3.45
2.44
3.82
2.43
2.54
2.46
2.3
2.83
1.84
2.97
2.21
2.58
2.14
3.63
2.3
3.43
3.92
2.29
2.12
1.77
1.8
2.01
1.79
3.44
2.33
1.99
2.74
4.28
2.58
2.23
5.31
3.63
2.28
2.48
3.08
2.72
1.82
3.5
3.2
1.83
2.41
1.94
1.64
2.72
3.57
2.1
2.1
-99
-99
0.98
1.45
1.8
1.91
1.22
1.04
0.93
1.63
1.76
2.37
1.95
1.64
1.48
1.78
1.16
1.38
1.69
3.64
1.69
1.53
1.79
1.54
1.26
1.5
1.33
1.1
1.88
1.06
1.5
1.47
1.42
1.7
1.21
1.26
1.5
1.35
1.25
2.05
1.47
1.93
2.96
1.55
1.31
1.12
0.99
1.34
1.54
1.23
1.06
1.56
1.21
1.21
2.08
2.32
2.48
1.49
2.6
1.47
1.46
1.23
1.7
2.02
2.52
1.26
1.47
1.21
1.59
1.36
1.52
1.34
2.18
1.69
1.54
2.22
2.06
1.56
1.62
1.5
1.27
1.05
0.83
1.57
1.67
1.83
1.49
2.76
2.21
1.87
1.38
1.89
1.41
1.83
1.45
1.3
1.01
1.52
1.98
2.13
2.22
1.4
1.41
1.51
1.59
1.64
2
2.57
2.16
2.44
1.08
1.2
1.6
2.32
0.96
1.72
1.61
1.74
4.39
2.96
1.61
1.56
1.6
1.39
1.33
3.24
2.54
1.63
1.52
2.04
2.15
1.55
1.33
1.55
3.24
3.2
2.15
1.49
3.1
7.11
3.57
1.86
1.79
1.96
4.29
6.6
4.19
1.98
1.53
1.74
1.56
1.45
1.19
1.58
1.1
1.88
1.27
2.18
1.86
1.94
2.28
2.22
1.31
2.32
2.82
1.93
1.56
1.43
1.33
1.37
1.28
2.98
1.82
1.17
1.36
1.81
1.59
1.16
1.11
1.7
2.59
1.44
1.25
2.24
2.37
1.15
0.98
1.33
1.74
0.86
2.08
5.91
1.71
1.7
1.97
1.11
2.4
1.53
1.39
1.31
1.28
1.36
2.19
2.07
1.1
2.21
1.75
1.63
2.04
1.5
1.4
1.7
1.58
1.73
5.23
2.39
1.27
1.52
1.41
1.25
1.61
1.27
1.57
1.7
1.45
1.66
1.35
1.61
3.52
3.23
2.72
1.01
1.46
1.41
1.62
2.29
1.8
1.02
1.39
1.1
1.38
1.41
1.71
1.28
4.71
6.32
4.63
3.38
2.91
1.94
2.09
1.19
1.51
1.62
1.68
3.15
1.35
1.44
1.32
1.81
3.96
1.33
1.61
3.37
1.33
1.36
1.35
1.05
1.11
1.85
5.34
2.88
4.99
3.53
1.76
2.27
1.4
1.74
3.06
3.52
4.94
4.42
2.59
1.4
2.85
2.32
1.56
1.55
3.19
4.76
5.01
3.14
1.67
1.5
1.46
1.56
1.29
1.73
2.19
2.7
1.35
-99
-99
-99
-99
-99
-99
-99
-99
-99
-99
-99
-99
-99
-99
-99
2.9
2.24
1.43
1.84
2.64
2.24
1.45
1.05
3.56
5.29
4
2.23
2.56
2.43
1.72
1.53
1.89
2.17
1.08
1.59
1.14
1.08
2.41
1.98
1.64
3.14
1.83
2.51
2.45
1.56
1.01
-99
2.45
1.4
1.42
1.38
1.39
1.78
2.12
1.92
1.79
2.08
1.43
1.98
1.59
1.31
1.18
1.3
2.52
2.14
1.71
1.3
1.56
1.7
1.1
1.6
2.23
1.68
1.99
1.56
1.58
1.53
1.59
1.54
0.93
1.53
1.7
2.3
1.54
1.83
1.64
1.19
1.36
1.12
2.51
1.74
3.31
3.13
1.36
1.1
1.67
1.76
1.7
2.61
1.39
1.42
1.35
1.31
3.23
2.93
1.54
1.61
1.58
1.01
1.18
2.05
2.09
1.32
1.48
1.33
1.25
1.38
1.23
1.24
1.34
1.26
1.58
1.77
1.42
1.35
1.79
3.23
3.06
4.01
3.07
1.36
1.77
1.36
1.34
1.89
1.85
1.88
2.67
1.41
1.23
1.55
1.59
1.75
1.77
1.19
1.54
1.58
1.24
1.7
1.64
1.81
1.51
1.24
1.18
1.54
1.39
2.33
1.68
1.55
1.79
1.81
1.96
3.29
1.56
1.5
1.13
2.21
1.29
1.68
1.35
1.3
0.84
1.65
2.23
2.29
3.13
1.73
1.71
1.99
1.38
1.89
3.21
3.26
2.62
5.79
4.57
3.53
3.41
1.36
0.87
0.99
1.24
1.29
1.62
1.7
1.34
1.95
3.78
4.16
1.98
3.06
3.03
1.1
2
1.63
1.25
1.56
1.13
1.26
3.51
2.47
2.38
2.26
4.33
3.33
1.33
1.64
1.38
1.33
1.29
1.21
1.14
0.83
2.61
4.72
2.71
1.74
3.81
1.6
4.95
3.31
1.99
2.49
3.1
3.07
4.01
2.76
1.39
1.31
2.22
4
3.99
0
1.76
1.51
1.93
1.16
0.73
1.03
2.27
1.12
1.52
1.64
1.51
2.18
1.84
2.08
1.2
1.15
1.69
1.37
1.26
1.1
1.43
3.4
1.5
1.43
1.34
1.76
5.34
1.9
1.61
1.84
1.44
1.6
1.8
2.42
2.92
1.57
1.44
3.38
4.84
2.79
2.45
3.39
1.4
1.7
2.19
4.15
1.96
1.47
1.28
1.44
3.68
2.98
1.98
1.18
2.98
2.54
2.63
2.24
1.29
1.57
1.75
2.18
0.96
1.14
1.59
4.18
2.22
3.34
3.88
1.87
1.15
1.35
1.66
2.17
2.12
1.47
2
2.78
1.64
1.76
1.99
1.94
2.59
3.11
1.83
2.45
1.82
1.61
1.83
3.13
4.15
1.71
3.17
3.41
2.67
2.28
1.24
1.25
2.41
2.5
2.88
2.37
2.73
2.53
3.48
2.28
2.52
4.25
2.52
1.39
1.27
2.54
2.65
4.15
4.83
2.39
1.74
1.93
1.95
2.07
1.52
1.58
1.76
4.12
3.93
1.92
2.41
3.89
2.46
1.85
2.54
2.9
3.09
2.96
2.28
3.92
2.41
2.67
2.36
3.09
1.75
1.93
2.68
2.31
3.17
3.18
1.62
2.16
2.09
3.08
3.58
1.65
2.09
1.96
1.82
2.31
1.74
1.55
2.78
2.62
2.02
3.73
2.04
3.02
1.8
1.56
1.78
2.03
2.29
2.2
1.66
2.21
1.85
2.12
2.86
2.53
2.33
1.85
1.88
2.31
1.49
1.65
2.11
1.87
1.76
1.58
1.57
1.96
1.98
1.7
2.16
1.41
0.76
1.22
1.6
1.67
3.24
1.78
1.64
1.96
3.05
2.51
1.46
2.12
2.94
4.39
5.37
3.3
2.23
1.78
2.14
1.73
2.14
2.12
1.55
2.89
2.01
0.96
1.57
1.48
2.22
1.84
1.67
1.73
1.48
1.43
1.72
2.16
1.87
1.7
2.05
1.95
1.45
1.84
2.32
1.63
1.54
1.49
1.81
1.58
1.46
1.8
2.09
1.36
1.74
1.72
1.75
1.81
1.88
1.4
1.91
1.8
1.9
1.68
1.88
2.56
1.62
1.55
1.23
1.23
2.42
2.08
1.77
3.32
1.3
1.43
3.04
3.22
2.98
2.54
1.62
1.62
2.21
2.63
1.99
1.82
1.56
1.6
1.57
1.73
2.16
2.25
3.64
2.57
1.01
1.24
1.83
3.35
4.35
3.2
2.46
2.19
3.04
2.56
1.77
5.56
3.19
4.26
1.78
1.73
1.18
1.61
1.34
1.29
1.55
1.72
1.61
1.43
2.37
1.86
1.44
1.64
2.27
2.1
2.91
4.02
2.85
1.29
1.67
2.78
4.17
3.4
2.93
2.69
1.27
1.26
1.35
4.92
1.61
1.53
1.68
3.38
1.2
1.59
2.4
5.34
1.77
3.33
1.86
2.28
2.84
1.18
1.49
2.19
1.32
1.52
1.52
1.86
2.33
3.8
3.93
2.25
1.63
1.73
2.2
4.13
2.12
8.54
5.22
4.36
7.22
1.94
1.89
1.65
2.32
3.42
6.09
4.54
1.98
1.72
1.49
1.23
1.81
1.2
3.24
6.94
3.1
1.59
1.48
1.3
2.98
5.33
3.18
1.06
1.14
1.38
0.94
1.6
1.76
1.66
1.69
0.94
2.12
3.51
2.63
1.88
1.35
2.1
1.66
2.09
1.75
1.55
2.6
1.98
2.95
2.19
1.7
3.49
3.62
3.68
3.14
1.43
1.4
1.44
1.5
3.62
2.1
4.47
1.76
4.4
3.04
2.56
2.43
4.47
2.22
7.84
3.59
1.54
2.1
2.24
1.46
4.33
2.03
1.63
5.12
3.48
2.57
1.63
1.65
1.74
2.35
2.58
1.61
1.8
3.33
2.76
4.42
1.99
1.65
2.15
3.65
5.88
4.25
2.02
1.68
4.49
2.73
2.51
2.16
2.71
3.88
2.91
1.74
1.97
3.14
3.85
2.68
2.03
1.81
1.26
1.27
1.39
1.66
2.02
1.93
1.95
1.65
1.56
1.78
1.78
1.59
1.42
1.65
1.66
2.22
2.42
1.84
1.87
1.79
1.54
4.22
5.42
2.79
1.48
2.28
2.61
4.56
2.68
2.12
1.5
1.91
1.91
3.69
2.43
2.1
2.36
3.29
3.72
2.58
2.19
1.93
2.34
2.73
2.4
2.08
1.32
1.69
1.56
2.23
2.21
2.61
1.85
1.83
2.05
1.95
1.94
3.95
3.06
4.51
3.95
1.95
1.62
2.2
1.61
2.82
1.23
1.38
1.97
3.58
2.14
1.57
1.66
1.7
1.52
1.62
1.79
1.56
1.68
1.49
1.36
1.8
2.25
1.85
1.87
1.69
1.79
1.63
1.96
1.65
1.9
2.29
2.62
3.13
1.99
2.02
1.44
1.64
1.44
1.69
2.42
1.38
1.46
1.44
2.03
2.48
1.99
1.31
1.13
1.48
1.53
2.02
1.88
1.81
1.36
2.27
1.85
1.71
1.34
1.83
1.63
1.42
2.01
1.43
1.59
1.74
1.33
1.51
1.6
1.46
1.71
1.69
1.89
1.48
1.75
1.71
2.59
2.03
1.5
1.41
1.65
2.17
1.46
1.28
1.51
1.22
1.7
2.4
4.02
1.26
2.11
1.5
1.72
1.65
1.71
1.87
1.36
1.3
1.71
1.64
1.47
1.69
0.79
1.85
1.61
2.58
2.71
1.96
1.76
1.08
1.41
1.69
1.21
2.93
4.6
3.19
1.47
1.53
1.47
1.58
1.59
2.23
2.35
4.45
1.75
1.33
1.56
2.07
3.28
3.9
1.92
1.29
1.44
1.51
1.41
1.51
5.69
3.73
1.67
1.38
4.54
4.38
3.49
2.37
4.86
2.94
2.08
1.81
1.6
1.11
2.1
2.47
1.72
1.82
1.47
1.98
3.75
1.86
3.72
1.06
1.44
1.83
2.88
1.43
1.67
1.79
1.7
1.82
1.77
3.31
1.82
1.4
1.1
1.32
1.45
1.53
2.02
4.26
3.1
4.11
4.91
1.82
3.23
1.51
1.89
2.28
2.31
4.87
3.64
1.73
2.28
1.92
1.49
4.49
4.11
1.59
4.21
3
5.14
0.96
1.29
1.08
1.54
0.98
1.09
1.85
1.24
1.16
1.43
1.6
5.17
3.75
3.84
1.4
1.55
2.43
1.62
1.33
1.35
2.27
1.89
1.34
1.64
3.58
4.82
2.46
1.38
1.37
1.47
1.2
1.41
1.48
1.01
1.35
2.84
4.09
5.77
6.14
2.1
2.32
1.51
1.37
1.65
1.69
1.67
1.72
1.79
2.83
1.48
2.02
2.34
2.91
2.27
1.39
1.36
2.35
3.65
2.49
2.79
3.96
1.9
3.18
3.46
4.15
2.56
1.3
2.59
1.92
1.8
1.72
1.65
1.67
1.9
2.05
1.82
1.67
1.52
2.14
2.44
3.16
4.2
2.81
2.25
1.54
2.17
2.63
2.13
1.85
1.82
3.21
1.31
0.97
1.53
1.61
1.57
2.68
4.35
1.55
1.94
1.72
1.97
1.99
1.89
2.61
2.28
2.9
1.86
1.94
1.76
1.84
1.99
2.98
1.65
2.31
1.59
2.28
1.88
2.57
3.56
3.54
2.38
1.44
1.58
1.98
2.16
1.71
2.1
1.55
1.59
3.21
1.76
1.86
2.18
2.02
1.74
2.02
1.58
2.57
3.67
1.56
1.75
2.08
1.83
3.19
2.98
2.16
1.98
1.99
1.81
2.23
2.26
1.24
1.56
2.11
2.77
4.03
3.45
3.75
2.43
1.58
1.63
1.56
1.11
1.45
1.15
1.23
1.28
2.2
1.68
1.45
1.65
2.89
1.85
1.5
1.4
2.14
2.7
1.83
1.41
1.49
1.59
1.8
1.63
1.83
1.2
1.28
1.53
1.86
2.05
1.68
1.54
2.67
2.25
1.78
1.77
1.96
1.72
2.07
1.68
1.32
1.6
1.86
2.1
2.28
1.95
1.4
2
1.39
1.57
1.38
1.09
1.28
1.36
1.04
1.48
1.73
1.73
2.41
1.74
1.45
1.61
2.63
2.14
1.39
1.4
1.62
1.43
1.68
1.88
1.62
1.59
1.49
1.5
1.9
1.59
1.46
2.3
2.66
1.67
1.62
1.91
2.53
1.58
1.5
1.29
1.41
1.51
1.7
1.52
1.94
1.17
1.28
1.44
1.41
1.45
1.61
2.02
1.88
1.28
1.95
1.25
1.6
1.49
1.9
2.46
2.34
1.93
1.42
1.95
1.26
1.56
1.53
1.79
2.26
2
1.91
2.18
2.3
2.04
1.71
1.68
1.66
1.43
2.71
2.78
2.91
2.19
1.74
1.83
1.76
1.57
1.4
1.68
1.5
1.47
2.25
2.67
1.52
1.87
2.85
6.04
2.88
3.68
3.68
1.76
1.61
1.37
1.57
2.18
6.7
6.58
4.01
2.58
4.36
2.55
1.8
1.77
1.33
2.07
2.82
2.18
2.8
2.04
1.79
1.02
2.28
1.55
1.41
2.09
4.89
3.99
1.72
1.83
1.86
1.11
1.32
2.11
1.94
3.39
3.46
1.35
1.4
1.37
1.54
1.23
1.63
1.52
1.3
1.43
1.87
1.59
2.18
1.76
2.45
2.21
3.3
1.8
2.97
4.27
2.83
2.26
2.94
2.59
1.47
1.96
1.71
3.18
2.57
1.74
1.97
2.28
1.68
2.25
3.78
4.18
2.72
2.02
3.42
1.34
1.26
1.24
1.42
1.41
1.38
1.92
2.05
1.47
1.52
2.21
2.16
2.46
3.14
2.5
1.7
1.49
1.51
1.64
4.29
2.75
1.58
1.48
2.37
4.08
5.99
3.21
4.72
6.39
1.88
3.72
3.01
2.8
3.51
3.83
2.93
2.93
4.39
1.59
1.58
1.4
4.25
2.48
2.67
3.78
1.58
2.92
3.98
1.75
1.76
1.74
1.82
2.29
2.29
1.83
3.59
3.06
2.09
5.62
4.31
2.67
2.62
1.78
1.66
1.79
1.79
2.75
1.91
2.6
1.85
4.25
2.67
1.79
2.17
2.35
2.11
2.12
2.5
2.42
2.77
3.16
1.85
1.71
1.78
1.48
1.25
1.22
2.88
1.98
2.22
1.64
3.01
1.6
2.25
3.31
2.17
3.32
5.23
2.91
1.85
2.19
1.44
3
2.75
4.19
1.85
6.33
5.25
2.45
2.86
4.65
2.84
2.18
2.32
1.78
3.83
3.61
1.21
2.28
1.73
2.1
2.12
2.33
1.68
2.1
2.22
1.42
1.94
1.79
1.75
2.19
2.01
1.78
2.86
2.62
1.8
1.72
1.25
1.53
1.28
1.83
1.73
1.44
1.58
1.39
2.5
1.36
1.69
1.81
3.76
2.5
1.64
2.36
3.29
1.45
1.35
1.78
2.38
2.15
2.24
2.13
2.12
1.7
2.18
1.69
1.67
1.65
1.64
1.6
1.73
2.3
2.19
2.1
3.24
1.23
1.54
1.79
2.1
1.88
3.06
1.52
1.79
1.54
1.8
1.61
2.58
1.83
1.19
1.54
2.74
1.9
1.89
1.45
1.25
2.91
2.23
2.25
1.78
2.12
2.24
1.89
1.65
1.5
1.63
2.19
2.24
1.33
2.26
2.17
1.84
1.86
1.58
1.62
1.63
1.77
1.38
1.19
1.73
3.05
1.72
2.16
1.54
1.93
1.98
1.48
2.34
3.66
3.15
1.91
1.71
2.04
1.75
1.69
2.8
3.21
2.91
4.05
3.78
1.96
1.81
1.71
1.84
1.42
1.78
2.22
1.93
2.18
3.11
3.27
2.27
1.4
1.55
1.28
1.56
1.77
2.09
1.47
3.75
3.18
4.08
3.23
1.45
1.92
2.29
1.61
1.24
1.5
2.14
1.69
1.94
1.58
1.2
1.48
1.34
1.25
1.93
1.51
1.34
2.7
1.88
1.68
3.34
3.76
4.43
2.91
2.18
1.75
1.42
1.79
2.24
1.61
3.19
4.66
2.18
1.98
2.36
1.79
1.62
2.46
3.27
1.79
1.86
1.59
1.32
2.94
3.22
1.96
2.52
3.19
1.88
1.2
1.77
3.2
1.92
1.17
1.4
1.44
1.45
1.27
1.56
1.95
3.68
2.16
5.68
5.46
2.61
2.01
3.08
1.82
1.76
1.83
1.66
1.62
4.17
1.99
2.17
1.98
1.3
4.23
3.27
2.17
1.76
1.51
1.29
0.89
2.24
1.67
1.38
1.43
3.63
3
1.96
1.46
1.51
2.35
2.27
1.59
1.43
3.75
2.73
4.07
4.92
3.69
2.56
1.39
1.38
1.96
1.98
1.67
2.33
2.75
2.25
1.36
3.65
2.14
3.9
1.99
1.66
2.45
3.71
2.72
3.11
2.49
1.66
3.49
1.14
1.39
1.35
1.63
4.77
5.89
2.06
1.99
2.49
4.71
1.78
2.78
2.3
1.62
2.48
2.89
2
1.42
1.27
1.66
1.04
1.88
1.32
1.42
0.83
3.8
3.53
2.39
2
3.25
3.99
5.77
1.82
2.29
2.58
3.25
2.4
4.26
2.16
1.94
1.94
1.76
1.41
3.05
5.68
2.66
4.44
4.27
1.85
2.55
2.04
1.78
3.54
1.46
2.26
1.82
1.22
1.26
1.49
3.07
2.29
2.29
2.3
1.65
2.19
1.59
1.26
3.78
2.3
1.51
1.91
1.81
4.06
2.32
1.85
3.94
2.39
1.92
2.5
2.09
3.43
3.37
1.66
2.22
2.02
2.85
2.97
2.02
2.17
3.29
3.77
3.01
2.7
2
1.67
1.74
2.24
1.54
1.46
1.47
2.44
1.08
1.22
1.28
1.28
3.08
1.61
1.74
3.73
4.05
1.31
1.3
2.02
3.22
2.55
2.13
2.17
1.58
1.77
1.76
1.3
1.64
2.51
4.69
3.38
1.89
1.58
1.85
1.9
2.43
2.63
2.96
1.51
1.22
1.23
1.78
2.48
1.31
3.23
2.32
1.59
2.61
1.95
1.74
1.56
1.29
1.55
1.78
2.17
1.74
1.88
1.66
1.74
1.38
1.68
1.41
2.25
2.14
1.38
1.55
1.85
1.46
1.7
1.54
1.84
1.87
1.95
1.27
2.13
2.01
1.66
1.69
1.98
1.85
1.89
2.16
1.61
2.14
3.17
2.6
2.75
1.64
1.36
1.65
2.42
1.95
1.58
1.73
1.96
1.99
2.49
2.43
1.94
1.75
1.48
1.89
1.72
1.46
1.45
1.25
1.32
1.09
1.94
2.06
1.47
1.52
1.65
1.31
1.38
1.12
1.15
1.16
1.66
1.76
1.96
2.1
2.01
1.73
1.72
1.77
1.44
1.64
1.56
1.31
1.35
1.05
1.31
1.39
1.76
1.78
1.46
1.4
1.39
1.61
1.8
1.84
1.45
1.45
1.44
1.4
1.75
1.92
2.79
1.44
1.41
1.66
1.72
2.08
1.77
1.66
2.27
1.24
1.05
1.09
2.04
2.07
1.71
1.31
1.47
1.48
1.7
1.43
1.62
2.18
2.41
3.92
4.93
2.9
3.11
3.01
1.8
2.15
3.15
2.42
3.03
1.35
1.29
1.56
2.35
2.27
2.64
1.67
1.19
1.51
1.86
2.42
5.6
4.43
3.46
3.05
3.65
4.12
2.97
4.27
4.87
2.44
1.76
3.09
4.08
5.2
5.6
3.57
4
1.63
1.44
3.45
2.88
2.03
2.6
1.89
2.4
2.63
1.85
1.38
1.4
1.77
1.1
1.44
1.79
1.84
2
1.63
2.21
1.61
1.67
4.68
2.15
1.46
1.7
7.65
5.39
3.21
1.43
2
1.78
1.26
1.45
1.99
2
1.35
5.71
2.71
1.95
1.75
2.16
1.32
1.65
1.31
1.47
1.23
1.8
1.48
4.43
3.29
4.62
1.41
2.04
2.01
1.28
2.74
3.74
4.28
1.98
1.76
2.03
1.58
2.52
1.43
1.89
2.7
2.5
4.14
4.09
4.1
2.4
3.13
4.26
3.43
2.7
2.24
1.89
4.02
-99
-99
2.15
3.32
2.66
1.85
1.59
1.58
1.75
4.92
2.47
1.67
1.46
3.28
2.21
2.39
2.4
3.91
2.29
2.8
1.53
1.75
2.07
2.63
1.94
3.2
2.35
3.27
3.8
5.7
2.22
2.11
2.08
1.88
1.58
3
2.85
1.81
2.19
3.12
1.73
3.2
1.8
1.36
2.03
3.06
3.03
2.78
3.45
3
1.96
1.88
1.32
1.49
1.55
1.86
1.96
1.57
1.9
1.95
1.77
1.82
1.83
1.65
1.84
1.43
1
1.71
4.04
2.64
2.62
2.5
1.5
1.47
1.34
1.81
3.18
3.12
2.25
1.99
1.69
1.33
1.55
1.58
1.4
1.23
2.66
2.54
3.46
3.77
1.9
1.99
1.66
2.42
4.62
4.33
3.67
3.37
1.53
2.85
1.51
1.62
1.74
1.46
1.39
2.98
2.41
2.07
1.41
1.62
2.57
2.23
3.33
4.06
2.46
1.79
1.59
2
2.27
2.88
2.85
2.04
2.13
1.88
1.44
1.59
1.88
1.53
1.79
1.43
1.99
1.85
2.22
3.84
1.83
1.44
1.99
1.63
2.28
1.56
1.54
2.77
1.69
1.24
1.81
1.52
1.78
1.6
1.4
1.17
1.36
1.46
1.63
2.47
2.64
3.06
2.01
2.06
1.29
1.31
1.54
1.59
1.03
1.21
2.79
1.44
1.16
1.75
1.68
1.53
2.03
0.97
1.5
1.49
2.24
2.6
1.97
1.98
1.52
1.95
1.31
1.25
1.08
1.52
1.93
1.63
1.64
1.53
1.47
0.97
1.24
1.77
1.63
1.02
1.41
1.37
1.24
1.43
2.48
1.78
1.22
1.26
1.38
1.43
1.56
2.26
1.84
1.31
1.55
1.17
1.09
1.36
1.95
2.35
1.59
1.78
2.63
1.92
1.19
1.1
1.44
1.38
1.35
1.44
2.34
1.31
1.8
1.67
1.35
1.29
1.63
1.29
2.36
2.23
1.98
3.76
3.34
2.65
2.2
4.88
3.23
2.09
1.34
2.49
1.86
1.6
1.33
2.1
2.02
2.24
2.72
3.34
1.38
1.47
1.34
1.85
1.36
1.44
1.45
1.43
1.61
6.09
3.74
2.52
2.12
1.35
2.24
1.33
2.35
4.79
1.89
1.35
4.03
2.32
2.27
1.6
1.7
1.29
1.11
2.19
2.93
1.32
1.36
1.15
1.13
3.94
5.36
2.8
3.75
3.56
2.07
1.65
0.97
1.55
3.33
3.5
2.34
6.09
2.96
2
1.21
3.73
1.56
2.62
2.3
2.18
2.25
1.52
1.65
1.65
1.31
1.31
1.04
1.49
2.43
1.51
3.76
4.98
5.48
4.95
2.27
2.13
1.33
2.23
1.26
1.56
1.3
1.42
1.76
1.31
2.49
2.7
3.24
1.71
4.92
3.17
1.35
3.87
1.41
1.46
1.13
2.13
4.29
4.22
6.3
3.03
3.3
1.69
1.68
0.73
2.17
2.75
1.82
2.29
4.56
6.7
2.18
1.71
4.16
1.94
2.12
2.2
1.65
2.19
1.78
1.7
3.01
3.19
2.45
1.81
2.6
3.88
4.24
2.12
3.18
5.04
3.58
4.31
2.78
1.38
1.68
1.6
4.52
6.39
3.7
4.26
2.94
3
1.48
1.74
1.62
1.36
1.76
1.83
1.25
1.72
1.87
2.46
2.7
3.45
2.43
1.26
2.23
5.08
3.05
2.87
2.44
2.36
2.57
2.4
1.92
2.39
2.05
2.37
2.02
1.55
2.71
1.87
3.23
3.63
1.91
1.93
1.95
1.97
2.48
3.6
1.56
2.11
1.4
1.75
1.93
2.76
1.49
2.03
2.17
3.4
1.95
2.55
1.75
2.24
1.53
1.94
3.6
3.58
3.83
1.68
2.01
2.17
1.77
1.68
1.67
1.73
1.75
2.46
3.42
4.63
2.48
1.51
1.26
1.93
3.69
3.03
3.57
2.61
2.84
2.64
2.33
1.38
1.79
1.66
1.71
1.58
1.61
1.72
2.03
1.78
2.19
2.36
2.25
1.66
1.73
1.48
1.65
1.6
2.52
1.57
1.63
2.74
2.34
2.1
2.07
1.41
2.01
1.63
1.2
1.4
1.61
1.34
1.46
1.41
1.17
1.65
2.22
2.96
2.41
2.64
2.26
1.71
1.46
1.64
1.85
1.53
1.27
1.57
1.53
1.46
1.54
2.03
2.16
1.71
1.18
1.49
1.9
1.55
2.09
1.7
1.24
0.99
1.42
1.85
1.84
1.85
1.56
1.46
1.92
1.69
1.83
1.8
1.24
1.68
1.33
1.92
1.56
1.54
2.23
1.34
1.1
1.5
1.45
1.49
1.39
1.69
1.52
1.8
2.28
2.63
1.38
1.9
2.06
1.59
1.61
2.31
1.99
1.67
1.7
1.57
1.4
1.12
1.05
1.21
1.23
1.65
1.23
2.19
3.15
3.55
2.28
4.54
4.39
3.15
1.4
1.05
1.33
1.5
1.72
2.06
2.35
2.2
1.67
1.45
1.86
1.87
3.3
1.69
1.76
2.54
2.26
2.48
2.07
1.66
1.15
1.74
1.55
1.69
1.47
1.27
1.43
1.35
1.42
1.29
1.64
1.23
1.55
2.46
2.77
1.81
1.25
1.33
1.57
3.32
2.91
1.45
1.58
2.02
2.79
3.08
5.13
1.8
1.48
1.21
1.36
1.55
1.73
1.57
1.57
1.39
1.43
1.31
1.59
1.63
1.63
1.61
1.5
1.4
3.03
2.44
3.66
1.98
1.82
4.6
4.22
1.95
1.46
1.24
1.27
1.24
1.08
1.93
1.55
1.24
1.46
1.36
1.91
1.38
1.57
1.04
1.54
1.63
1.55
1.59
1.17
1.71
1.22
0.89
1.36
1.07
1.6
1.31
1.6
1.97
2.6
3.34
1.79
1.39
1.13
2.21
2.02
1.31
0.86
1.63
1.63
1.82
1.66
1.56
5.45
4.34
1.98
2.08
1.94
3.28
5.63
1.63
1.4
1.22
1.26
1.37
1.21
1.5
1.62
1.46
2.14
3.75
2.76
1.07
1.49
1.63
1.49
1.14
2.13
2.41
1.85
4.97
4.03
1.84
2.74
2.08
1.27
2.57
2.38
2.31
6.36
3.69
1.9
1.14
1.78
1.75
2.74
2.53
1.63
1.79
1.74
3.47
2.72
3.93
4.31
2.76
2.63
4.14
3.72
1.98
2.19
1.11
3.52
2.16
3.99
2.98
1.62
1.48
1.65
2.16
1.71
1.67
0.69
2.06
1.33
2.15
3.63
4.12
3.28
1.38
2.1
1.71
1.91
2.68
4.89
3.05
3.62
2.18
4.82
4.76
2.63
3.03
2.06
4.44
2.34
5.36
4.83
5.15
2.38
3.2
3.89
4.18
2.79
1.55
1.77
1.86
2.09
1.71
1.39
2.73
2.57
1.72
1.48
1.09
1.82
2.24
4.8
3.88
2.05
1.96
1.77
2.36
1.39
2.81
3.12
3.08
1.8
2.01
1.38
2.71
1.95
1.47
1.14
1.68
1.98
2.09
3.13
4.31
1.8
1.62
1.86
1.6
1.8
2.66
1.96
1.61
1.58
1.49
1.2
1.9
1.85
1.32
1.97
1.46
1.54
1.62
1.5
1.48
1.28
1.14
1.87
2.08
2.22
2.08
1.97
2.89
1.89
1.64
1.84
2.43
1.8
1.6
1.18
1.3
1.52
1.58
1.54
1.81
1.43
1.25
1.92
1.63
1.6
1.56
1.66
1.51
1.56
1.52
1.64
1.75
1.68
2.09
1.59
1.5
1.73
1.79
1.83
1.85
3.23
3.25
2
1.9
1.49
1.26
1.35
2.25
2.31
2.4
1.51
1.64
1.31
2.15
2.09
1.87
1.86
1.95
2.2
2.48
1.93
1.66
1.67
1.53
1.87
1.77
1.95
1.33
1.74
1.41
1.31
2.05
1.58
1.75
1.51
1.55
1.51
1.88
1.2
1.83
1.15
1.14
1.51
1.36
1.54
2.09
2.9
1.82
1.41
1.46
1.96
1.59
2
3.3
2.16
2.61
1.8
1.84
2.61
1.52
0.75
1.17
1.35
1.74
1.56
1.88
1.66
2.03
1.96
1.56
1.79
1.51
1.93
1.11
1.54
1.19
1.76
1.38
1.45
1.07
0.88
0.88
1.16
2.02
1.15
1.44
1.36
1.31
1.38
1.2
1.3
1.32
1.78
3.35
4.48
2.97
1.79
1.71
1.65
1.73
1.26
1.31
1.24
1.28
1.69
2.75
4.36
1.63
1.44
2.2
1.58
1.4
1.47
1.52
0.99
3.51
2.58
1.42
1.84
1.7
3.49
4.26
7.5
3.6
3.42
2.4
1.48
1.44
1.45
1.38
1.65
1.35
1.41
1.5
1.84
2.19
1.55
1.49
1.47
1.28
1.21
1.11
1.7
2.36
1.27
1.5
2.41
2.16
2.98
1.9
3.55
2.65
3.18
1.45
1.43
1.51
2.5
1.44
2
1.49
1.5
1.28
1.58
1.42
1.11
1.29
1.91
3.17
4.56
4.23
4.77
2.15
3.24
2.75
1.62
2.61
4.9
7.47
6.45
6.15
1.61
2.46
4.09
5.09
4
4.29
4.43
1.6
3.93
2.79
1.95
1.34
1.29
1.42
2.5
5.03
3.77
5.12
4.24
6.73
1.77
6.6
3.38
1.24
2.16
2.76
2.34
1.54
0.96
1.37
1.54
1.87
1.91
1.64
1.73
2
1.87
2.48
2.55
1.99
2.11
1.39
-99
2.43
5.1
2.11
1.57
3.09
4.7
2.64
2.89
1.83
1.8
1.35
4.78
2.89
1.47
1.87
1.97
1.82
1.49
1.66
1.83
3.97
3.32
2.63
5.43
2.79
2.54
1.68
1.99
2.42
2.09
1.91
3.13
2.99
3
3.49
4.17
2.06
1.8
1.88
1.83
2.43
1.76
1.87
1.76
2.31
2.31
1.62
2.96
4.76
2.36
1.78
2.09
2.15
2.02
3.22
2.31
2.94
2.14
2.64
4.87
1.76
1.39
1.93
1.53
1.95
1.61
1.77
2.17
1.58
2.94
4.04
3.75
2.19
1.26
1.72
1.76
2.47
2.66
1.68
1.44
1.71
2.06
2.18
1.81
1.61
1.53
1.95
2.7
1.96
1.39
1.38
1.43
1.8
2.5
1.72
1.78
2.32
1.83
1.98
1.88
1.48
1.67
1.77
2.16
1.71
2.16
1.76
2.34
1.55
2.51
1.65
1.51
1.56
1.29
1.59
1.44
1.99
2.46
2.81
2.25
2.27
1.44
1.87
1.54
1.77
1.69
1.81
1.5
1.3
1.41
1.77
1.99
1.3
1.43
1.24
1.72
2.06
1.8
1.68
2.18
2.9
1.61
1.63
2.02
1.71
1.72
1.59
1.85
1.53
1.93
1.58
1.63
2.92
2.32
1.89
1.69
1.85
1.79
2.56
2.21
2.02
1.69
1.88
1.43
1.51
1.56
1.62
1.48
1.36
2.07
1.41
1.65
1.82
1.67
2
3.14
2.05
1.68
1.81
1.66
2.7
4.46
1.29
1.36
2.6
1.11
1.52
1.28
1.07
1.9
1.64
2.16
2.66
2.05
1.34
1.91
2.54
1.75
1.66
1.61
1.72
2.94
1.7
1.5
1.75
1.23
1.6
1.96
1.54
1.48
1.59
1.29
1.05
1.28
1.07
1.23
1.46
1.43
2.26
1.7
1.56
1.29
1.61
1.79
1.44
1.64
1.58
1.22
1.53
1.94
3.31
1.7
2.33
2.01
1.94
2.68
2.62
1.53
1.39
2.69
2.36
2.09
1.26
1.68
1.56
1.29
1.74
1.91
3.74
6.29
1.83
1.8
3
3.73
2.66
2.15
7.07
4.16
2.84
1.9
3.67
1.96
1.86
1.52
1.6
1.63
1.83
2.03
2.95
3.33
2.23
1.6
1.79
2.9
4.01
5.56
5
2
1.14
1.21
1.54
1.48
2.48
3.01
4.46
1.33
1.27
1.13
1.6
3.12
3.87
2.92
2.93
6.79
6.38
4.24
1.6
1.44
2.42
2.05
2.55
2.53
2.68
1.39
2.52
2.64
2.42
1.94
1.65
1.48
2.12
2.25
1.18
1.89
2.06
3.48
2.86
2.11
1.66
1.44
1.6
1.65
1.2
1.36
1.51
3.32
1.45
2.41
1.38
3.58
6.48
4.57
1.8
1.15
1.49
1.78
1.31
5.9
3.24
1.42
0.81
1.59
3.65
1.64
1.88
7.14
1.64
4.5
1.63
1.33
1.36
1.05
2.06
1.64
1.28
3.7
4.15
2.27
1.44
1.48
2.08
2.6
1.24
1.91
5.13
4.46
3.09
2.32
2.27
2.44
1.74
2.65
3.4
5.54
4.31
1.44
1.4
3.65
4.79
1.93
1.96
2.03
2.69
5.66
5.96
6.51
2.1
3.71
1.68
2.79
1.47
1.74
3
4.53
2.86
1.73
4.33
4.57
4.48
1.83
2.23
1.35
1.97
3.73
4.77
2.17
1.99
2
2.08
1.23
1.56
1.54
2.38
2.44
2.06
2.07
1.67
1.69
1.89
1.64
1.38
1.96
4.18
4.35
2.51
1.89
2.41
4.74
5.25
3.13
2.49
2.38
1.8
1.79
1.29
1.39
3.05
3.12
1.9
2.38
2.11
1.92
1.92
2.08
1.73
1.59
1.29
1.23
2.01
1.73
1.99
2.53
2.04
2.52
1.18
1.42
1.37
1.73
1.12
1.72
1.31
1.02
1.72
1.88
2.43
2.4
1.73
2.24
3.69
2.88
1.3
1.43
1.5
2.2
1.87
1.79
1.62
1.51
1.44
1.51
1.39
1.46
1.31
1.47
1.35
1.77
1.51
1.43
2.26
2.5
1.5
0.81
1.64
1.75
1.56
1.15
1.31
2.08
1.36
1.85
1.99
2.76
1.92
1.85
1.86
1.83
1.76
1.16
1.45
2.14
1.29
1.57
1.99
1.34
1.54
1.51
1.41
1.68
1.51
2.02
3
2.11
1.01
1.58
2.9
2.87
1.49
1.44
1.98
1.94
2
1.59
1.28
1.74
1.8
1.96
1.8
1.67
1.99
1.43
1.38
1.33
1
1.38
1.51
2.08
1.37
0.92
1.27
1.17
1.27
1.96
1.89
1.86
1.39
1.34
1.58
2.06
1.65
1.74
1.65
1.23
1.2
1.23
1.55
1.26
1.41
1.57
1.41
1.3
1.7
1.39
1.43
1.15
1.2
1.66
2.23
1.39
2.99
5.48
4.25
1.65
1.65
1.31
1.64
2.26
2.19
1.88
1.81
1.97
3.61
4.17
1.72
1.91
2.08
3.44
2.56
1.74
1.97
2.8
2.91
6.46
1.47
1.09
2.23
1.33
2.51
3.16
2.81
1.49
2.58
2.56
1.51
3.43
2.3
2.39
4.36
2.45
1.67
3.53
4.4
1.87
1.79
0.95
1.24
1.15
2.01
0.97
2.35
1.46
2.24
2.43
1.56
1.53
2.94
3.05
1.07
0.96
2.4
1.29
1.54
1.21
1.41
1.56
1.46
1.15
1.69
1.96
1.85
1.33
1.2
2.15
2.92
1.33
1.86
1.61
1.22
2.11
1.5
1.17
1.14
1.38
1.49
1.44
0.83
0.95
1.34
4.76
6.48
5.86
1.84
3.64
5.61
4.43
5.41
4.33
4.96
2.65
5.63
6.61
7.06
3.32
3.14
2.84
2.44
1.38
1.14
1.76
1.4
2.9
2.42
1.82
3.11
6.71
7.66
2.2
2.96
2.53
2.33
2.65
2.1
4.35
4.09
8.65
2.86
1.31
1.34
1.76
1.7
2.15
1.66
2.59
2.65
1.53
1.76
1.5
2.15
2.39
2.09
1.89
1.3
2.28
3.04
1.54
1.45
1.81
2.35
2.86
1.95
2.23
2.23
2.47
2.5
2.62
5.63
2.08
1.99
1.67
1.89
2.15
1.55
2.48
2.22
2.31
1.82
3.52
4.05
3.61
2.87
2.81
2.65
2.59
2.26
3.08
5.08
2.26
1.59
2.18
1.79
1.63
1.71
1.38
2.77
1.8
3.73
3.09
2.39
1.75
1.73
3.09
3.11
3.78
2.17
1.59
2.01
1.66
2.34
1.73
3.83
3.26
4.16
3.99
4.09
6.38
5.9
1.71
1.11
1.44
1.43
1.53
1.56
1.25
2.41
2.85
3.68
2.41
1.99
4.15
1.55
1.63
2.6
3.64
3.56
1.62
1.92
1.76
1.65
1.33
1.66
1.37
1.64
1.47
1.64
1.67
-99
3.88
2.5
1.94
3.65
1.86
1.68
1.97
1.73
2.2
2.81
2.42
3.93
4.94
2.45
1.92
2.19
1.5
2.24
2.12
2.47
1.5
1.63
1.52
2.52
2.21
2.01
1.14
1.49
1.51
1.46
1.29
1.59
1.52
1.76
1.56
1.58
1.65
1.91
1.98
1.4
1.77
1.84
1.41
2.27
1.53
1.46
1.2
1.22
1.43
1.57
2.99
1.42
1.47
1.52
1.53
1.54
1.64
1.43
1.5
1.61
1.81
2.14
1.54
2.38
1.51
1.58
1.58
1.58
1.51
1.74
1.6
1.7
1.43
1.25
1.68
2.49
1.97
1.86
1.92
1.35
1.34
1.21
1.25
1.85
2.11
1.64
1.69
1.65
2.08
1.71
1.6
1.89
1.82
1.38
1.61
1.36
1.62
1.65
1.3
1.56
1.58
1.29
3.1
2.38
2.02
1.15
1.84
4.64
3.59
3.12
2.14
1.89
1.61
1.58
2.23
2.35
1.45
1.29
1.26
2.22
1.3
1.48
1.18
1.62
1.66
1.75
1.7
1.55
2.23
2.36
1.88
1.57
1.47
1.5
2.34
1.49
1.07
1.43
1.66
2.42
2.66
2.74
1.38
1.26
1.73
2.09
4.64
4.53
1.32
2.7
2.87
1.65
2.02
1.5
1.29
1.17
1.62
1.24
1.61
1.47
1.87
2.92
2.31
2.22
1.23
1.56
1.61
2.93
3.79
2.75
2.49
1.46
3.14
1.85
1.63
1.61
2.65
1.73
2.26
1.74
5.44
2.66
2.57
1.46
1.98
1.84
1.76
1.29
1.73
2.06
2.3
2.4
4.46
3.24
1.55
1.21
1.6
3.34
4.21
1.53
1.65
2.25
1.41
1.3
3.72
2.87
2.31
5.03
7.15
3.68
2.51
2.04
1.41
1.45
2.14
1.94
2.08
1.45
1.08
1.04
1.17
0.85
1.15
1.54
2.7
1.12
1.71
1.85
1.29
3.22
3.04
1.43
1.36
1.24
1.2
1.84
2.48
1.68
6.76
5.91
5.44
3.19
2.54
1.51
2.55
1.56
1.36
1.54
1.29
1.36
1.12
2.12
1.57
2.21
2.54
3
1.17
0.99
0.86
1.58
1.68
1.07
1.37
1.77
1.31
1.12
1.75
1.38
1.12
1.48
1.49
1.58
1.74
1.51
1.43
1.48
2.04
2.17
2.16
3.79
3.84
5.62
2.79
2.45
2.98
2.94
4.81
1.81
2.9
1.81
1.93
1.32
1.42
1.11
2.79
2.2
1.18
1.91
1.91
1.6
1.81
1.31
1.4
1.66
1.86
1.67
1.89
2.16
1.89
1.63
0.93
1.74
2.94
2.44
1.77
2.31
1.58
1.79
1.44
1.86
1.85
1.79
2.16
2.7
2.75
2.17
1.98
3.01
1.74
1.91
2.39
4.4
2.72
1.17
1.74
1.71
1.24
3.02
2.07
1.85
2.13
1.53
1.49
1.89
2.39
1.78
1.61
1.53
3.21
1.51
2.36
1.8
1.97
2.76
1.74
1.27
3.11
2.58
3.2
4.05
2.64
1.62
1.34
1.55
1.15
1.11
1.91
1.78
1.45
1.34
1.41
1.67
1.91
1.35
1.36
1.47
1.57
1.73
1.57
2.1
1.88
1.37
2.99
3.85
2
1.3
1.47
1.37
1.43
1.42
0.9
1.18
1.86
2.13
1.24
1.74
1.61
2.09
1.76
1.07
1.16
1.4
2.29
2.18
1.51
1.41
1.78
1.66
1.39
1.48
1.84
1.29
1.03
1.5
1.64
1.39
0.71
1.3
1.25
1.49
1.55
1.54
1.59
1.75
1.93
1.53
1.7
1.48
1.51
1.87
1.36
1.77
2.01
1.94
1.48
1.85
2.74
1.32
1.42
1.7
1.69
2.03
2.13
1.43
2.49
2.08
1.54
1.83
1.54
1.44
1.34
1.84
2.63
1.93
1.44
1.23
1.14
1.51
1.48
1.23
2.02
2.08
2.23
1.58
1.49
1.19
1.61
1.38
1.39
1.89
3.52
3.75
2.7
3.34
2.82
1.35
1.48
1.58
1.89
1.6
2.12
3
3.33
1.41
1.27
1.56
2.17
2.33
2.87
2.13
2.3
1.41
1.34
1.56
2.53
3.57
1.54
2.14
1.3
1.67
1.19
1.36
1.3
1.94
3.03
3.43
1.62
1.58
2.13
2.12
1.3
1.53
2.04
3.58
5.05
3.74
2.82
1.66
2.26
1.76
1.35
1.36
1.37
1.51
1.11
1.48
1.78
1.41
1.71
1.34
1.45
3.69
1.91
1.3
1.41
1.51
1.07
0.94
2.38
1.25
1.58
1.11
1.09
2.81
4.61
2
1.29
1.13
1.4
4.16
1.74
2.19
3.48
1.75
1.55
2.09
4.18
3.05
2.28
1.91
1.3
1.28
2.24
2.53
1.63
1.55
2.57
1.07
2.77
2.33
1.98
1.47
3.48
2.17
1.12
1.43
1.33
1.74
1.23
4.61
5.54
1.78
2.55
1.37
1.84
2.06
1.87291666666667
2.93541666666667
1.73958333333333
1.43125
1.21875
1.37291666666667
1.06666666666667
2.95208333333333
4.23125
2.57916666666667
3.31458333333333
3.04791666666667
1.5125
3.09583333333333
3.27083333333333
2.48958333333333
2.24166666666667
1.60833333333333
1.40833333333333
5.25208333333333
1.8875
2.89791666666667
1.4875
2.12916666666667
2.16041666666667
1.6875
2.59583333333333
1.44791666666667
1.29166666666667
1.81041666666667
2.06875
2.87916666666667
1.56666666666667
3.12083333333333
2.80208333333333
2.5125
2.59791666666667
1.29166666666667
1.45416666666667
3.42083333333333
2.05625
1.36666666666667
2.05416666666667
2.11666666666667
2.19791666666667
0.679166666666667
1.80416666666667
1.29166666666667
3.37291666666667
3.86666666666667
6.21875
1.925
2.60208333333333
2.725
2.38125
1.44166666666667
1.67708333333333
2.1375
1.52916666666667
1.53541666666667
1.23541666666667
1.05416666666667
1.4375
1.07916666666667
1.28541666666667
1.27083333333333
3.21875
2.79791666666667
1.70416666666667
1.57291666666667
2.15625
1.56875
1.825
2.03958333333333
2.71041666666667
3.2625
4.25625
3.90416666666667
5.72083333333333
5.8125
4.77083333333333
1.59791666666667
1.67708333333333
1.53333333333333
2.54166666666667
2.075
1.66041666666667
1.86041666666667
1.48333333333333
1.64375
1.68333333333333
1.73958333333333
2.725
1.73125
1.44375
1.60208333333333
3.0875
1.61666666666667
2.66041666666667
1.56666666666667
2.27291666666667
2.8875
1.74583333333333
1.62083333333333
2.24375
2.66458333333333
3.60416666666667
2.82083333333333
1.53958333333333
1.16875
1.24166666666667
1.87291666666667
2.16666666666667
2.22291666666667
1.48958333333333
2.23541666666667
2.05625
1.7375
1.92916666666667
2.30416666666667
1.48958333333333
1.41666666666667
1.81041666666667
1.34791666666667
1.375
1.85208333333333
1.16875
4.08125
4.6125
3.0625
1.86666666666667
2.28510638297872
1.66458333333333
2.22291666666667
1.65
1.62916666666667
1.33125
2.94583333333333
1.5875
1.64375
2.7125
2.5
1.36458333333333
1.85833333333333
1.1875
1.18541666666667
1.47916666666667
1.275
1.51666666666667
1.57291666666667
1.93333333333333
2.0375
1.98958333333333
1.73958333333333
2.05208333333333
1.19791666666667
1.15
1.74583333333333
1.8625
2.07083333333333
1.61458333333333
1.47708333333333
1.49375
1.4375
1.63958333333333
1.5875
1.65833333333333
1.725
1.50833333333333
2.95
3.3375
3.01458333333333
1.86666666666667
1.52708333333333
1.41666666666667
1.21875
2.17291666666667
3.63125
1.91875
1.98958333333333
1.51875
1.25833333333333
1.46875
1.69791666666667
1.27916666666667
2.75
1.5625
1.98125
1.44791666666667
1.14375
1.71875
2.12916666666667
2.18125
2.12083333333333
1.25416666666667
1.12083333333333
1.58333333333333
2.06041666666667
2.13125
1.69791666666667
1.525
1.62916666666667
1.76875
2.77083333333333
2.21875
1.63958333333333
1.21041666666667
2.05
1.25
2.2125
1.44166666666667
1.98333333333333
1.43125
1.26458333333333
1.9125
1.55
1.47083333333333
1.47916666666667
1.6375
1.56875
1.52916666666667
1.70833333333333
1.90625
1.57083333333333
1.3
1.59166666666667
1.37916666666667
1.40833333333333
1.3875
1.28333333333333
1.69791666666667
1.48333333333333
1.76666666666667
1.23125
0.772916666666667
1
1.30208333333333
1.29375
1.225
0.954166666666667
1.10625
1.075
1.22916666666667
1.41041666666667
1.23541666666667
1.48958333333333
1.08125
1.23333333333333
1.43958333333333
1.10625
1.64583333333333
1.58541666666667
1.47708333333333
1.40208333333333
1.26875
1.59583333333333
1.9875
2.11666666666667
1.59791666666667
1.38541666666667
1.54583333333333
1.4
1.82083333333333
2.46458333333333
2.76458333333333
1.56458333333333
1.24583333333333
2.8875
1.34583333333333
1.2875
1.75833333333333
1.35833333333333
1.26041666666667
1.075
3.09583333333333
4.90625
2.76666666666667
1.20625
1.83958333333333
3.79375
1.41041666666667
1.04583333333333
1.40625
1.67083333333333
2.25625
2.55416666666667
1.34583333333333
1.09375
1.48333333333333
1.20208333333333
1.60208333333333
1.16458333333333
1.33541666666667
1.54166666666667
1.41666666666667
1.38541666666667
1.2125
1.24375
1.42708333333333
1.76458333333333
2.11041666666667
3.45625
3.175
1.28333333333333
1.6125
1.80833333333333
1.46041666666667
1.8375
3.675
4.36458333333333
6.40833333333333
5.73958333333333
2.31041666666667
3.36458333333333
3.57291666666667
3.71875
1.96666666666667
1.99375
4.01875
2.17708333333333
1.86041666666667
1.43333333333333
1.52083333333333
1.26458333333333
1.19166666666667
1.27291666666667
2.22291666666667
1.50416666666667
2.23333333333333
1.76666666666667
1.9375
3.44375
3.77916666666667
1.73958333333333
1.10208333333333
2.98125
3.03541666666667
1.775
3.60208333333333
3.875
1.89166666666667
1.85416666666667
2.80833333333333
2.23191489361702
4.97916666666667
2.69166666666667
1.0625
2.57291666666667
2.31458333333333
1.25833333333333
1.0125
1.45833333333333
1.13125
1.09791666666667
1.20416666666667
1.13958333333333
1.12916666666667
1.20416666666667
1.56458333333333
1.55208333333333
1.8875
1.45
2.65625
1.84583333333333
1.48333333333333
1.55
1.64166666666667
1.49791666666667
1.83333333333333
4.66458333333333
3.93958333333333
2.74166666666667
2.0625
3.33333333333333
4.59166666666667
4.25
2.83333333333333
1.4375
2.0125
1.15625
1.32916666666667
1.2875
1.12916666666667
1.18541666666667
2.19166666666667
1.58333333333333
1.20416666666667
1.38125
1.4375
1.37916666666667
1.65
2.19166666666667
4.26666666666667
3.78333333333333
1.48541666666667
2.98958333333333
4.3625
3.32708333333333
1.25208333333333
1.275
0.977083333333333
1.80208333333333
2.1875
1.65
1.41458333333333
1.64166666666667
1.15833333333333
1.29791666666667
4.29791666666667
2.05208333333333
2.03958333333333
1.11041666666667
1.75625
1.59166666666667
2.62083333333333
1.76041666666667
2.99375
2.48125
1.37291666666667
1.52708333333333
1.40833333333333
2.1
1.18125
1.32083333333333
2.01666666666667
1.88541666666667
1.70416666666667
2.13958333333333
1.03333333333333
1.03333333333333
1.5
1.775
2.6375
2.78333333333333
4.075
0.979166666666667
2.20208333333333
1.80833333333333
1.17916666666667
1.95208333333333
3.4875
3.71458333333333
2.91041666666667
1.7875
1.92916666666667
1.28958333333333
1.15208333333333
0.95
1.69375
2.82083333333333
1.99583333333333
2.80416666666667
1.92291666666667
2.53958333333333
1.61041666666667
4.74166666666667
4.13541666666667
2.52708333333333
2.38541666666667
1.82083333333333
1.80833333333333
1.61041666666667
2.77083333333333
1.94375
2.5
3.91458333333333
1.1375
3.75416666666667
3.99583333333333
3.22916666666667
2.81875
2.28541666666667
1.28958333333333
1.19375
2.57291666666667
2.98958333333333
2.69166666666667
4.36458333333333
1.55416666666667
1.4125
1.74166666666667
2.21041666666667
1.99583333333333
2.12708333333333
1.475
1.40625
1.47291666666667
1.47291666666667
1.88958333333333
4.00208333333333
4.34166666666667
3.70625
2.51041666666667
1.69166666666667
1.98958333333333
2.05
2.3375
1.3875
1.57291666666667
3.43958333333333
1.81041666666667
2.08541666666667
2.45625
2.4875
3.64791666666667
2.21666666666667
3.22916666666667
1.89166666666667
2.71875
4.20416666666667
3.31666666666667
2.79583333333333
1.89583333333333
1.79166666666667
1.5625
1.325
2.44166666666667
1.5125
2.38958333333333
2.06875
1.96041666666667
2.38333333333333
1.29166666666667
1.09166666666667
2.39166666666667
2.63541666666667
1.67291666666667
1.67916666666667
2.07916666666667
1.92708333333333
1.87291666666667
1.52083333333333
1.82916666666667
2.02916666666667
2.95
2.29166666666667
3.25833333333333
3.05
3
2.25416666666667
2.50416666666667
1.63333333333333
1.91041666666667
1.44583333333333
1.69166666666667
1.60833333333333
1.78125
1.70625
1.70625
1.61041666666667
1.625
2.0625
3.22916666666667
2.39583333333333
1.94791666666667
1.72291666666667
1.59791666666667
1.69583333333333
1.55833333333333
2.08333333333333
1.88958333333333
1.8375
1.53333333333333
1.76041666666667
2.14375
1.75416666666667
1.47291666666667
1.96458333333333
1.55
1.63541666666667
1.97083333333333
1.3125
1.54791666666667
1.93541666666667
1.16458333333333
0.991666666666667
1.95625
1.85
1.91666666666667
1.42291666666667
1.78333333333333
1.79791666666667
1.9375
1.73541666666667
1.61458333333333
1.75
1.58541666666667
1.65416666666667
1.79375
1.96458333333333
1.9125
1.58958333333333
2.04375
2.24166666666667
2.05208333333333
1.5375
1.36458333333333
1.14583333333333
1.43333333333333
1.18333333333333
1.1375
2.45833333333333
1.46041666666667
1.34166666666667
1.575
1.83541666666667
1.61041666666667
1.88958333333333
1.55416666666667
1.61041666666667
1.73541666666667
1.69583333333333
1.94375
2.48958333333333
2.05
1.75208333333333
1.21702127659574
1.15531914893617
1.37872340425532
1.76808510638298
3.12916666666667
2.61458333333333
1.84375
1.10625
1.67916666666667
1.37916666666667
1.42083333333333
1.50434782608696
1.37708333333333
1.25416666666667
1.78333333333333
1.94042553191489
1.5375
1.49148936170213
1.41489361702128
1.38125
1.1625
2.27708333333333
1.42083333333333
1.425
1.2875
1.49583333333333
1.45208333333333
1.57291666666667
1.08333333333333
2.11666666666667
1.15
1.2375
1.55833333333333
1.90833333333333
1.37291666666667
1.18958333333333
1.875
2.33958333333333
1.92708333333333
1.3625
1.32916666666667
5.01458333333333
3.11458333333333
2.74375
5.59166666666667
3.8625
2.16666666666667
2.34166666666667
1.4875
1.125
0.9125
1.19583333333333
3.65833333333333
1.66458333333333
1.72916666666667
3.41458333333333
3.18333333333333
2.01666666666667
1.15625
1.51666666666667
2.825
1.45416666666667
2.13125
1.4125
1.57916666666667
1.53958333333333
1.26875
1.80416666666667
1.37291666666667
2.41041666666667
1.55833333333333
2.43541666666667
1.73333333333333
2.23541666666667
2.95208333333333
1.5875
1.47291666666667
2.83125
-99
1.22291666666667
2.55833333333333
2.60833333333333
1.44791666666667
1.74166666666667
1.27916666666667
1.75208333333333
2.875
1.21041666666667
1.18333333333333
1.24166666666667
3.45625
1.925
1.45
1.14375
2.40625
1.09375
1.79375
1.82916666666667
1.18958333333333
1.24166666666667
1.425
1.57083333333333
2.40833333333333
1.63541666666667
1.18333333333333
1.2375
1.275
3.64583333333333
1.88125
1.21666666666667
2.4
1.62708333333333
1.93333333333333
2.62291666666667
