20000101
4.58
4.98
1.48
5.62
7.63
8.09
9.07
9.04
7.61
8.04
6.87
4.29
3.2
5.09
3.63
6.15
6.24
12.44
8.4
5.16
8.03
9.67
10.72
6.77
3.62
2.89
1.03
5.45
4.82
9.66
2.78
4.94
7.77
10.59
3.27
1.88
0.83
6.69
5.69
12.03
5.19
3.95
6.95
5.25
11.03
7.15
13.58
16.26
10.3
12.27
6.66
2.3
4.79
2.81
3.5
2.16
1.83
1.91
2.09
2.55
10.63
8.22
2.79
4.67
3.82
3.82
2.38
3.12
3.9
5
3.1
2.57
2.64
5.17
10.87
5.9
5.85
9.2
5.51
3.86
5.35
6.9
4.73
4.96
3.32
9.91
6.27
6.25
5.64
2.71
5.14
3.67
6.55
5.43
4.77
12.25
6.82
2.85
4.65
3.4
5.08
6.26
4.9
4.64
4.52
4.66
4.14
10.07
6.9
4.6
5.79
4.12
3.73
8.75
3.92
2.69
3.47
4.7
7.42
2.69
2.93
2.1
3.27
1.61
6.93
2.55
3.47
1.93
2.04
2.82
3.04
2
2.17
2.16
1.84
2.19
2.34
2.04
5.11
6.38
3.92
3.14
4.73
2.66
3.14
3.99
3.09
8.3
3.1
5.13
3.46
3.09
3.61
2.88
3.52
3.41
7.24
9.42
6.46
3.74
5.81
14.25
13.73
7.94
4.24
3.28
4.5
4.12
2.53
3.11
2.46
4.38
3.7
3.5
3.21
5.47
4.83
4.89
3.46
2.57
3.67
3.42
2.93
3.21
4.58
8.03
4.18
3.93
5.93
10.04
7.53
7
11.93
8.21
4.55
10.05
14.58
5.49
1.89
2.39
3.4
3.15
2.76
4.21
2.96
5.91
3.03
3.31
3.74
4.78
4.28
4.73
3.94
4.7
3.54
4.78
9.43
6.92
5.36
5.67
3.5
2.34
3.25
4.04
4.91
3.92
2.6
2.76
3.36
3.49
3.33
2.75
2.54
4.53
3.52
2.78
2.41
2.62
5.68
7.22
3.56
4.02
3.95
5.37
2.76
4.44
4.71
5.46
5.05
3.56
5.2
3.05
2.61
2.34
2.23
2.32
2.46
1.95
1.82
2.65
3.19
3.31
4.75
7.44
4.79
2.04
2.47
2.33
2.34
2.52
1.6
2.96
5.61
7.13
8.54
11.5
7.22
1.97
3.97
7.89
5.52
3.09
4.06
5.83
4.63
4.34
7.81
8.42
8.23
4.42
3.58
2.94
2.4
4.21
4.92
5.43
7.75
5.44
2.77
3.87
2.8
2.37
4.54
2.19
7.48
4.31
2.32
6.95
5.48
1.96
7.9
6.49
4
3.84
3.64
1.54
2.32
2.98
5.29
5.79
7.7
11.87
10.43
3.42
5.2
3.77
3.08
5.24
7.21
2.59
5.26
3.44
1.31
2.47
3.95
2.32
3.94
4.25
2.24
1.89
1.44
3.2
3.54
3.41
3.9
3.42
3.88
4.66
3.5
8.17
6.88
4.03
3.5
1.24
2.26
3.23
5.7
1.64
3.28
2.93
2.36
7.63
7.81
8.84
9.68
5.43
1.4
3.24
2.95
4.63
2.34
7.53
8.31
7.44
2.29
1.85
1.89
3.22
4.59
2.12
2.53
2.28
3.49
1.41
9.53
8.87
2.64
2.58
2.89
3.25
3.17
3.5
6.23
7.13
12.8
11.18
8.53
8.44
3.49
2.76
4.08
3.19
1.94
2.56
4.77
9.55
3.09
1.68
2.03
6.15
4.01
4.92
3.79
5.66
4.97
6.96
5.54
6.14
4.54
5.29
6.97
9.18
7.3
3.77
9.41
2.84
3.23
3.75
4.09
2.52
1.1
2.69
3.9
3.66
3.16
1.48
5.31
8.43
6.65
2.57
2.4
4.66
5.14
4.11
3
3
2.86
2.24
2.63
5.63
5.47
5.26
4.74
8.21
9.43
4.96
2.79
3.37
2.14
2.87
3.88
2.76
7.96
13.78
7.59
10.28
11.66
8.52
5.13
6.16
4.59
3.57
4.42
3.55
6.02
9.09
11.19
5.57
4.17
3.02
5.68
3.18
3.03
6.49
4.67
6.65
4.68
2.36
2.32
6.53
11.33
9.27
5.86
3.68
1.95
7.23
5.25
2.68
2.68
2.9
2.95
2.32
2.72
4.87
4.35
5.39
3.73
1.99
2.47
2.3
3.2
3.34
2.56
2.65
2.37
2.86
2.8
4.14
4.18
3.93
3.34
2.67
4.54
3.5
3.77
2.57
7.54
5.85
4.24
2.64
2.38
2.7
7.04
8.17
7.3
3.5
3.5
2.62
2.31
2.14
1.97
1.81
2.21
5.25
6.11
2.95
2.11
4.48
2.77
2.53
3.84
4.48
4.17
5.62
3.53
3.41
3.93
2.86
2.69
2.12
3.32
8.01
3.62
3.21
6.22
8.13
8.28
2.24
2.72
1.88
2.05
1.34
2.11
1.92
1.91
1.28
1.31
1.39
1.42
1.89
4.1
2.86
3.64
4.16
2.79
3.73
2.84
4.03
4.05
2.53
2.39
2.66
2.96
2.58
3.76
2.66
2.08
4.2
2.43
2.44
2.76
2.64
2.88
1.88
1.81
2.67
4.28
4.46
6.75
6.53
4.19
5.64
6.78
7.16
5.02
8.39
6.93
7.24
7.4
5.55
2.9
2.92
7.94
6.93
7.37
10.06
4.65
3.58
3.18
3.08
3.23
3.1
6.44
4.29
3.83
2.52
3.63
1.48
2.09
2.64
3.98
3.64
4.4
2.07
3.51
6.92
2.64
6.52
5.7
2.5
2.75
2.25
3.34
3.78
3.48
3.71
4.1
3.44
4.67
3.3
3.54
4.09
4.3
2.09
1.06
1.47
1.44
3.48
1.86
2.41
6.99
9
4.57
1.87
5.75
6.99
6.16
11.92
11
10.84
14.68
13.59
14.33
12.27
11.22
2.84
7.28
7.01
9.78
8.67
5.03
9.16
10.24
5.41
5.09
4.87
8.82
10.53
7.23
5.27
4.29
1.03
5.39
6.49
4.82
4.49
4.08
3.38
1.45
3.78
2.79
4.69
6.5
6.92
12.7
10.75
7.36
8.66
8.38
6.81
9.07
10.86
8.95
8.66
8.54
8.83
10.73
4.81
6.65
6.61
4.16
4.3
3.61
2.04
6.4
1.45
1.59
5.99
3.8
2.64
1.87
5.81
8.3
7.76
7.52
8.11
12.03
4.09
3.59
3.25
4.3
2.65
6.95
1.34
11.71
4.92
5.63
6.44
4.91
3.07
2.66
4.92
3.03
2.18
3.42
3.08
4.52
19.06
12.29
3.55
4.06
4.49
2.39
6.03
3.43
13.22
8.82
4.92
5.48
7.77
8.65
8.56
13.81
10.84
11.21
9.65
3.6
4.01
7.68
5.85
3.36
5
4.54
4.39
8.94
9.64
5.37
4.38
6.14
4.77
2.88
3.41
6.16
1.91
3.15
4.75
5.91
4.1
6.83
5.04
3.55
5.1
3.39
2.8
2.72
2.58
2.91
8.09
4.85
3.18
2.53
2.58
6.7
11.23
14.33
6.95
3.06
3.16
4.56
4.77
7.7
4.74
4.42
11.94
6.65
6.85
6.18
3.08
2.71
2.77
2.65
4.08
3.86
4.55
4.34
3.69
3.93
7.06
3.19
4.14
4.24
2.25
6.96
9.22
10.7
4.89
5.35
7.1
5.62
3.81
7.99
5.11
5.04
1.98
3.54
1.86
2.74
5.84
10.74
6.13
3.23
3.52
2.95
11.89
5.55
7.99
3.4
8.48
5.13
3.67
3.19
2.22
1.78
2.53
1.78
3.71
-99
-99
4.8
8.15
10.88
5.45
2.59
2.55
1.94
2.6
2.44
2.5
2.36
2.27
2.43
1.8
1.81
2.18
2.5
5.03
5.08
2.99
3.25
8.02
2.84
4.61
5.08
3.11
3.95
6.28
3
3.1
1.75
3.38
3.55
5.75
2.78
2.08
8.92
8.69
9.63
6.61
6.33
3.88
3.15
3.44
1.45
2.09
5.54
8.22
6.98
3.6
3.58
3.42
3.28
5.95
6.39
5.52
3.18
2.37
2.85
3.39
7.68
6.49
5.9
6.41
7.61
10.54
7.17
5.11
3.02
2.94
2.66
2.32
3.03
1.89
2.28
2.48
1.77
1.7
2.47
4.39
6.16
6.08
5.31
5.47
4.36
2.77
6.04
2.26
2.14
2.95
6.38
5.4
1.61
2.15
4.25
2.33
1.85
4.16
3.76
1.62
1.73
2.19
2.26
1.74
1.99
1.44
2.69
4.78
10.74
7.66
5.86
4.89
4.14
2.16
4.37
2.49
2.01
0.76
2.94
2.5
3.73
4.24
3.45
1.27
5.47
8.44
14.1
12.31
4.26
1.89
2.14
1.67
7.66
3.64
1.36
2.78
3.07
4.39
5.91
2.69
2.71
3.07
2.79
3.11
2.05
1.97
5.39
4.93
4.21
9.98
9.22
7.01
6.05
12.71
8.36
9.15
9.95
4.23
1.53
4.67
4.15
2.81
3.19
6.37
4.25
2.79
4.44
4.02
3.35
2.29
3.18
6.83
8.67
3.96
5.79
7.94
15.99
7.7
14.99
13.42
8.92
15.27
11.78
7.04
6.34
2.58
3.08
2.21
4.2
3.53
3.99
6.52
2.32
4.76
3.45
3.04
3.42
2.84
3.82
3.56
5.01
3.36
1.83
2.9
12.59
6.36
6.65
14
3.16
4.27
3.39
6.05
5.3
13.8
8.38
4.63
4.15
11.76
9.63
9.77
7.38
5.72
3.66
4.66
3.73
3.31
7.96
4.23
6.54
6
13.76
11.17
11.64
13.52
9.05
14.15
14.69
13.36
16.26
14.07
5.93
9.95
15.24
9.87
5.63
1.85
4.75
4.14
6.55
2.54
3.29
2.53
3.86
7.5
7.91
7.11
6.51
2.68
9.08
5.49
3.13
2.35
5.55
8.59
5.71
5.62
5.39
2.59
4.83
7.85
6.99
3.36
5.88
3.38
3.7
3.22
2.22
2.79
2.5
3.57
2.65
4.95
3.53
3.91
4.83
2.47
6.67
5.4
3.21
2.95
2.56
3.53
2.43
4.95
4.43
3.89
3.92
2.17
4.07
10.08
13.59
7.65
5.81
10.09
6.12
3.26
5.7
9.69
2.86
2.55
4.58
6.28
5.66
4.84
3.4
4.21
1.93
2.17
3.28
2.39
2.56
3.36
2.96
3.33
3.36
3.85
2.62
3.51
2.58
2.92
4.22
2.5
2.81
10.83
5.21
3.16
7.58
6.33
2.56
3.85
7.11
6.66
3.16
4.35
4.02
3.43
3.22
6.26
5.79
3.99
2.32
7.59
8.95
10.25
6.65
4.81
2.87
2.79
2.96
2.78
2.56
3.53
3.41
3.18
2.25
2.74
3.32
2.83
3.56
3.39
1.91
1.93
3.8
5.06
4.2
5.7
6.12
5.33
3.94
2.78
2.53
4.09
2.92
2.9
2.95
4.62
4.13
3.28
3.26
5.29
3.64
4.45
5.42
3.51
3.24
3.38
3.81
2.32
2.33
2.9
3.04
2.51
3.05
4.02
7.34
4.6
3.67
2.62
3.26
2.36
3.79
3.45
5.34
4.11
3.35
4.26
3.81
4.5
4.1
4.74
2.7
2.65
2.57
2.33
2.25
2.05
2.34
2.06
2.11
2.46
2.2
2.21
2.52
2.8
2.55
3.12
4.34
1.64
2.43
2.54
3.21
2.2
2.46
2.45
3.88
2.85
2.79
2.73
5.27
5.6
6.16
2.87
3.65
3.95
4.03
4.42
2.34
3.18
5.22
14.04
8.2
6.33
5.98
2.66
3.63
3.78
3.07
3.54
1.86
2.37
2.29
2.77
3.35
3.28
3.91
4.45
3.05
2.3
3.73
2.73
3.63
2.42
1.75
3.46
-99
-99
-99
-99
-99
-99
-99
-99
-99
-99
-99
-99
-99
-99
-99
-99
-99
-99
-99
-99
-99
-99
-99
-99
-99
-99
-99
-99
-99
-99
-99
-99
-99
-99
-99
-99
-99
-99
-99
-99
-99
0.33
4.48
4.1
9.25
8.03
5.13
6.12
1.79
3.58
4.36
5.99
8.34
4.29
10.68
8.36
3.11
1.55
4.98
6
6.89
4.38
5.41
2.8
1.81
3
2.34
5.83
4.01
6.42
7.27
14.19
9.98
3.41
2.83
1.33
4.88
1.47
8.46
11.9
11.88
8.1
3.24
5.34
5.44
10.68
11.15
16.98
14.74
8.27
11.05
11.05
4.2
3.2
5.08
4.97
6.08
11.25
10.42
3.27
5.66
6.99
9.43
6.7
2.88
7.51
14.17
11.23
11.21
10.91
5.94
8.69
7.71
3.3
2.91
6.1
10.43
7.3
3.5
2.4
3.14
3.71
7.34
7.27
8.1
6.67
7.65
4.95
7.39
7.19
9.57
6.79
5.56
2.61
6.39
9.1
7.16
5.67
8.04
8.44
5.25
9.53
8.94
7.75
4.94
8.94
11.08
14.05
10.34
9.42
9.11
5.11
6.67
8.43
12.95
10.46
6.17
4.51
5.15
5.75
4.76
8.22
5.89
4.88
4.5
3.79
3.26
4.01
3.6
5.24
18.91
14.33
8.85
8.75
5.86
7.42
8.44
11.32
5.57
3.06
3.52
4.08
6.89
5.02
5.61
10.43
8.24
6.1
6.57
7.48
8.64
10.64
11.26
4.91
6.95
11.66
6.97
6.64
10.48
8.77
3.95
8.94
12.74
6.83
5.9
3.25
4.51
5.1
8.15
7.46
3.1
4.62
11.89
11.95
9.16
11.18
12.16
12.39
4.33
5.25
7.98
8.86
11.3
6.91
5.23
4.73
4.3
2.46
5.01
2.94
2.78
2.7
3.85
3.58
2.42
3.45
3.81
4.2
3.35
2.77
4.71
5.64
8.29
7.06
6.4
3.58
3.95
3.84
2.9
2.91
4.34
3.99
4.56
6.49
6.12
5.65
6.35
7.94
4.4
6.87
8.33
4.92
4.11
5.05
4.44
3.56
4.02
4.23
2.97
5.08
4.37
6.27
7.02
3.61
5.41
4.38
5.18
4.94
12.79
9.43
4.62
5.49
11.5
6.95
4.08
4.34
4.05
3.38
3.46
3.89
3.63
5.02
4.41
3.3
4.78
7.78
8.65
7.49
4.24
3.68
4.23
3.49
4
5.73
3.53
9.37
8.52
4.54
4.46
4.24
4.84
7.08
8.94
5.34
4.78
3.74
4.59
3.35
3.18
4.79
6.43
9
9.25
4.94
6.21
3.97
4.25
10.09
4.56
4.44
5.08
4.77
3.83
4.05
7.19
6.27
4.41
4.09
8.97
9.32
6.85
5.14
5.37
4.25
-99
4.1
3.75
10.7
8.23
4.98
2.55
3.8
5.01
5.71
7.22
7.24
13.94
11.74
8.8
5.4
3.91
3.05
2.09
2.7
3.41
3.2
2.59
4.28
2.58
3.54
4.14
3.22
5.72
6.57
4.5
6.27
8.39
6.5
6.97
4.94
4.47
2.6
6.89
3.76
3.15
3.56
3.25
7.24
11.2
2.25
6.34
6.18
6.54
5.34
7.26
7.65
6.1
4.36
7.1
9.86
10.58
7.43
14.53
16.13
12.38
10.87
18.63
19.18
8.21
8.14
4.81
7.24
15.13
6.56
2.02
4.08
9.08
7.88
10.12
11.01
10.8
9.46
12.45
5.11
6.51
4.38
7.87
10.21
10.86
11.39
14.28
11.45
10.94
7.85
7.9
6.42
1.94
4.93
8.81
7.73
16.18
15.08
13.56
18.94
6.76
8.5
6.35
5.25
13.15
17.29
13.93
15.34
10.23
5.31
4.49
4.45
8.34
5.3
3.18
6.19
6.4
4.99
7.28
8.2
5.19
8.97
7.55
8.19
8.83
3.77
5.29
6.78
8.99
13.31
12.46
13.69
8.26
4.4
9.36
9.56
9.07
9.51
8.08
9.59
8.83
4.42
9.18
5.22
5.79
2.96
2.53
2.67
3.87
4.08
2.99
3.76
4.66
8.97
16.09
11.46
9.91
9.98
8.5
5.85
8.35
11.35
7.73
5.55
4.89
2.94
3.13
2.69
6.03
7.28
8.59
3.33
5.09
9.17
12.14
7.87
10.72
5.76
4.68
4.68
3.7
3.29
2.39
2.09
1.93
1.47
1.39
1.62
2.16
2.24
2.95
2.32
2.59
3.18
2.83
2.04
5.41
4.01
5.01
5.65
6.46
3.9
4.24
4.04
1.8
1.86
3.14
3.19
8.29
10.9
13.63
10.44
6.68
4.81
2.81
8.57
12.51
13.13
4.03
5.5
6.1
2.87
3.34
3.07
2.79
4.21
3.26
2.26
2.24
2.44
-99
2.47
2.61
3.44
3.28
9.54
6.37
3.79
1.28
2.28
1.7
2.55
2.86
2.93
4.95
1.79
3.67
8.73
8.75
2.84
3.1
2.74
2.5
5.27
3.01
2.37
2.14
2.48
3
2.31
5.06
4.63
4.6
2.6
2.08
3.24
3.89
2.96
3.5
3.76
3.2
3.99
3.7
2.52
2.12
4.33
3.49
3.33
3.88
2.74
3.24
3.39
3.58
3.07
3.75
2.68
2.44
3.03
2.86
3.92
4.12
4.21
5.47
4.12
3.14
3.44
6.85
5.36
6.35
4.45
4.03
4.39
4.42
3.45
2.99
3.33
3.37
2.36
2.34
7.81
6.23
3.83
2.86
2.79
3.32
2.71
2.9
2.83
3.74
2.81
3.35
4.83
3.18
3
5.7
5.49
5.52
4.2
3.81
3.58
3.99
4.58
3.35
4.83
4.91
4.33
3.33
3.9
4.01
3.38
2.22
4.26
9.76
8.04
8.4
6.55
12
2.38
2.92
2
3.06
2.65
2.34
3.19
2.79
2.11
2.27
2.46
2.64
3.85
5.11
2.55
2.21
5.15
4.73
5.27
3.43
3.28
3.57
3.08
8.15
7.3
5.86
4.21
3.65
2.4
2.53
1.86
3.42
2.98
1.89
2.12
3.33
5.11
2.2
11.18
6.8
5.54
4.09
2.05
2.24
1.95
2.16
3.23
2.26
2.98
4.54
4.42
4.08
5.3
1.88
1.96
4.69
1.79
3.02
2.67
5.37
3.41
1.81
2.8
4.04
3.74
3.63
3.63
2.9
4.16
2.41
2.98
7.82
7.86
4.39
3.4
2.27
8.93
8.55
8.04
3.09
1.72
4.7
1.99
-99
4.29
3.93
2.57
2.82
1.85
3.84
3.67
10.98
7.58
7.59
7.96
3.61
5.96
6.16
1.54
3.6
4.61
3.82
6.32
4.61
6.62
5.54
8.09
6.32
4.2
5.96
7.03
9.11
6.21
8
15.98
5.13
3.89
5.06
4.49
4.78
7.29
7.15
8.5
8.4
7.44
7.91
4.47
3.23
4.83
10.24
10.99
10.44
4.65
2.5
-99
-99
3.78
1.35
4.09
4.48
-99
-99
3.08
1.9
2.53
3.35
6.82
5.18
2.35
4.01
3.5
4.92
2.44
1.21
4.13
5.89
9.3
6.55
10.21
7.88
6.61
5.75
7.58
7.78
6.26
3.11
3.28
3.99
4.35
3.89
1.41
2.36
1.65
0.99
1.89
4.4
4.02
2.45
5.63
4.58
3.29
4.63
5.39
4.01
2.09
5.18
7.85
7.38
5.02
4.11
3.77
2.19
13.31
11.98
10.14
8.84
6.48
10.13
14.69
8.8
4.63
2.01
2.11
1.98
3.7
3.76
2.36
2.54
2.39
6.78
2.83
3.81
4.39
1.21
0.89
5.43
3.3
2.03
2.38
2.75
2.93
2.87
4.16
2.79
2.51
1.88
2.49
3.39
10.93
7.8
3.54
4.37
2.99
1.96
2.73
3.78
7.41
3.78
2.67
3.62
4.61
2.81
3.91
2.51
4.29
4.4
7.62
7.52
4.93
2.8
4.41
4.23
3.49
2.5
3.03
3.68
3.57
4.81
2.38
3.69
2.91
2.44
2.57
2.95
2.21
2.16
1.87
4.09
3.53
3.89
4.22
5.74
5.92
3.15
4.13
3.79
3.28
3.06
5.26
4.62
5.24
5.67
4.61
4.72
2.98
3.02
3.51
3.99
4.19
3.47
2.85
3.68
3.27
3.73
4.19
3.02
2.74
2.36
2.74
2.8
3.71
2.98
2.28
3.41
3.95
3.64
2.71
3.19
4.98
3.43
3.14
2.69
2.48
3.28
3.5
5.84
4.91
3.85
3.01
2.59
1.8
3.99
2.67
3.13
2.38
2.09
2.39
2.93
3.25
2.23
2.88
2.07
3.15
2.69
2.54
2.94
3
6.08
4.78
3.22
2.35
4.39
5.21
9.69
6.91
6.07
4.72
5.68
5.45
6.06
5.23
6.43
10.51
6.3
6.13
4.91
3.52
3.51
2.9
5.03
3.89
3.36
3.17
2.97
4.49
5.35
7.6
6.49
5.1
7.14
6.57
3
3.05
2.9
1.75
1.53
2.19
2.47
2.01
1.89
2.1
2.11
3.08
3.96
2.81
7.23
13.8
10.88
9.89
6.21
3.51
2.3
4.95
3.83
2.23
2.57
9.59
8.77
2.87
1.25
1.96
2.43
2.79
2.5
5.45
7.4
7.28
3.66
3.24
2.54
3.04
3.13
4.4
7.5
4.41
2.6
3.08
3.97
3.75
3.52
1.75
2.15
3.12
3.68
1.69
2.89
4.19
3.62
2.02
3.56
4.46
3.11
1.34
3.87
4.58
3.73
3.8
1.33
1.31
3.22
3.2
3.36
3.1
4.64
8.76
4.57
2.13
3.92
2.8
4.91
2.16
2.49
3.45
6.49
9.56
3.97
2.28
2.27
4.82
3.65
3.48
6.51
3.5
1.33
1.61
3.32
2.48
1.6
12.07
5.45
6.45
8.59
6.76
6.17
7.21
5.72
9.43
10.24
6.58
5.62
9.71
5.13
9.27
8.98
6.28
9.2
7.46
6.51
5.58
6.39
3.63
3.83
1.7
3.69
4.83
10.43
4.75
6.58
7.32
3.55
5.19
6.6
2.27
2.67
6
4.85
6.61
5.44
1.63
3.7
4.08
4.86
8.91
4.96
2.84
4.46
13.04
9.71
4.12
6.97
8.76
6.96
7.55
4.31
4.57
6.84
2.99
1.99
2.82
1.75
3.72
4.35
2.65
8.83
5.81
4.64
6.24
5.23
7.05
6.41
1.76
3.64
4.15
4.26
2.59
2.03
2.55
4.43
9.01
8.82
11.89
7.89
3.46
4.42
7.98
4.28
2.1
8.09
2.69
8.23
15.78
9.95
7.69
5.44
2.51
2.68
3
2.8
3.94
7.88
5.86
11.07
10.46
11.88
11.35
10.74
11.7
4.81
2.48
3.32
4.56
6.33
5.9
3.57
5.86
7.05
6.48
7.83
7.34
3.2
3.69
3.14
3.37
2.27
1.75
4.02
3.58
7.5
4.99
3.61
2.93
3.84
3.22
1.46
2.46
1.89
2.11
2.39
2.34
2.88
4.72
5.49
3.84
3.67
5.11
2.49
2.04
5.5
8.96
10.23
7.68
6.15
4.29
1.5
4.52
2.01
1.46
8.71
6.92
6.82
7.96
5.6
1.35
3.59
4.34
3.1
2.28
4
3.52
6.29
7.95
9.6
8.3
2.1
3.8
9.75
6.31
3.46
2.74
3.3
3.33
2.67
2.58
2.34
1.94
2.23
2.35
2.35
2.35
5
1.88
1.41
2.19
2.25
4.95
5.42
4.85
2.65
2.55
3.77
6.7
5.48
2.51
3.01
3.09
2.24
5.08
2.77
8.15
5.26
2.62
2.61
2.21
7.44
8.15
4.33
3.39
3.68
3.45
3.8
2.6
2.27
2.09
2.88
5.38
2.37
2.94
2.51
6
3.24
2.6
2.17
2.05
2.82
3.95
2.84
3.38
3.48
3.78
2.17
2.68
2.46
5.04
5.24
4.58
4.76
2.73
2.28
3.19
2.29
2.19
5.77
4.52
2.86
4.32
7.63
9
4.67
3.79
4.08
3.78
3.33
1.25
1.68
3.62
8.32
6.42
4.69
2.2
4.04
5.83
3.73
3.27
3.23
3.7
2.78
2.53
4.23
2.96
2.89
3.09
2.67
2.09
2.49
7.39
4.01
2.5
1.61
2.26
2.2
1.97
6.38
8.77
8.23
4.04
2
1.65
2.43
1.85
4.07
2.3
1.73
3.24
3.93
4.45
6.58
6.54
6.81
3.4
3.59
1.38
1.71
1.64
3.74
3.15
3.5
3.61
2.08
2.3
3.75
3.67
7.32
5.13
3.86
4.56
5.88
9.29
8
7.5
3.24
3.75
2.15
3.81
5.27
4.65
4.04
5.21
4.55
3.55
3.01
5.3
11.23
7.99
6.37
4.64
2.42
1.91
2.16
2.35
5.24
7.14
7.99
9.64
8.41
6.34
5.95
4.96
4.01
3.56
4.9
9.9
9.72
3.56
4.79
7.99
6.08
7.83
11.55
10.21
5.81
3.65
5.1
5.16
3.41
2.21
2.98
3.43
5.67
7.03
3.84
4.17
4.87
5.12
5.48
5.66
7.8
7.65
8.01
6.22
3.78
3.73
2.26
5.51
4.02
5.56
4.21
1.46
1.05
1.28
3.77
7.51
2.71
2.37
2.36
7.24
3.61
7.2
4.11
3.96
5.64
8.88
4.49
1.77
4.93
3.39
5.49
6.44
4.71
4.38
6.23
2.16
4.34
2.91
4.51
2.75
3.05
2.33
1.53
2.47
1.53
1.7
3.38
3.28
4.23
2.04
1.14
3.36
3.85
3.83
2.54
1.41
3.01
1.67
2.07
2.01
2.07
2.92
1.27
2.07
5.1
3.87
6.6
12.36
12.37
9.04
11.83
5.93
3.43
2.63
5.97
6.12
3.08
1.48
2.39
5.61
3.4
5.74
6.06
6.19
7.82
7.18
11.63
11.33
9.74
7.84
7.13
5.2
2.47
5.6
12.7
7.22
5.82
5.37
2.98
3.31
2.95
4.01
2.43
1.48
2.49
8.35
6.95
4.54
7.33
3.2
3.52
2.92
3
3.39
2.31
5.78
6.01
3.81
2.49
2.51
2.17
2.24
3.16
4.04
5.58
2.34
1.98
1.6
2.02
3.62
2.89
3.44
3.04
4.24
5.76
4.64
2.86
2.96
3.09
2.08
2.21
2.45
3.99
6.26
7.62
4.07
2.57
1.64
2.67
2.81
1.55
2.65
2.69
3.43
3.27
3.05
1.88
3.39
4.84
4.93
4.52
6.31
7.37
3.48
3.83
3.27
3.09
6.25
6.11
3.88
1.89
2.94
7.04
4.01
2.02
2.24
2.03
1.61
3.01
2.8
4.04
2.95
4.87
3.99
2.12
3.13
2.68
3.01
5.84
3.17
2.39
2.15
4.24
2.59
2.63
2.61
2.03
5.46
7.76
3.4
2.4
2.67
2.54
3.78
3.48
2.46
5.51
4.29
2.55
2.66
2.24
2.31
2.33
3.12
3
2.74
1.89
2.87
3.6
2.59
2.41
2.6
2.27
1.93
5.84
4.95
2.69
2.59
2.71
4.39
2.93
8.06
2.48
2.27
3.29
2.52
3.4
2.38
2.96
5.89
3.04
2.92
2.62
2
1.95
2
2.57
1.94
2.9
2.68
2.04
1.96
2.51
4.57
3.04
2.54
3.26
3.11
3.54
11
9.59
7.7
5.09
3.79
2.8
2.44
3.3
3.68
3.11
2.7
2.19
3.07
4.51
3.77
2.11
2.14
2.6
5.36
4.66
5.15
8.83
6.49
2.53
1.31
1.78
5.92
5.44
3.28
4.36
4.05
2
1.55
2.87
2.59
3.04
3.09
2.67
1.41
2.13
8.61
6.54
5.12
4.94
3.1
2.61
7.02
8.84
3.26
2.87
2.53
4.85
1.83
4.69
6.13
5.58
2.67
3.38
3.74
1.99
2.73
8.86
9.86
9.01
5.55
4.7
5.94
6.02
4.4
4.91
8.22
15.94
7.57
7.49
8.1
6.06
6.44
6.64
2.53
3.91
6.68
8.29
2.94
3.82
4.63
2.68
2.35
2.39
6.05
10.28
7.73
6.92
2.14
7.52
8.78
7.93
10
13.19
7.49
6.73
5.04
5.88
6.41
8.57
6.56
7.59
6.29
4.63
1.4
0.91
1.61
3.33
3.77
1.85
3.94
4.27
4.97
7.8
5.15
9.02
7.11
7.85
7.47
7.49
7.04
4.13
2.65
4.27
3.02
1.59
7.06
11.33
2.83
5.56
14.2
4.45
12.34
13.32
7.18
2.2
1.57
2.13
2.96
1.7
6.12
2
1.46
4.5
14.63
9.23
3.58
7.33
13.66
7.54
4.46
3.8
1.84
1.33
3
6.71
3
1.75
3.13
5.2
6.6
3.05
2.25
2.24
3.59
1.34
2.1
2.64
3.39
5.63
13.19
14.5
10.91
5.63
4.9
2.41
3.11
1.57
2.48
2.37
3.4
3.04
1.7
2.11
1.86
3.33
2.68
2.63
4.4
8.15
4.57
4.53
2.38
5.05
5.44
3.83
3.83
6.59
3.91
3.33
2.15
2.51
2.6
5.65
5.69
2.03
3.75
5.33
8.45
6.23
2.52
4.3
3.14
4.39
2.16
2.49
8.22
9.11
8.03
3.91
3.86
3.95
8.05
6.32
4.9
3.55
2.29
6.44
6.45
4.46
5.69
5.64
2.49
2.12
2.31
2.63
2.33
2.59
2.88
2.13
6.29
7.76
2.51
2.94
2.21
1.88
2.39
2.38
1.99
3.21
3.09
2.38
9.73
6.49
4.88
2.98
2.34
2.56
3.2
3.05
3.21
2.08
2.44
3.64
4.4
2.18
5.6
2.21
2.6
2.11
3.03
2.47
2.15
2.44
1.91
1.69
2.4
5.44
5.9
4.67
3.55
3.16
2.62
3.61
2.78
2.31
2.17
1.84
2.82
2.46
1.98
1.83
2.45
2.77
4.23
3.73
2.22
3.4
3.14
2.49
3.02
2.68
2.49
3.33
9.25
6.48
3.46
3.5
3.86
3.51
2.73
2.94
4.49
3.3
2.47
3.37
2.05
5.05
2.9
4.23
5.45
3.03
2.75
2.91
2.94
3.58
3.65
4.35
4.14
2.64
2.91
3.19
2.62
2.13
1.8
2.39
2.18
1.9
2.1
2.4
2.37
2.54
3.13
2.23
2.5
2.29
2.85
5.49
4.4
3.56
2.83
2.46
2.89
4.94
5.14
2.58
2.21
2.12
1.98
2.12
1.91
2.38
1.98
5.94
3.69
3.76
4.57
4.57
4.72
8.3
5.09
4.93
3.05
4.01
4.21
2.7
2.83
2.51
3.5
2.2
3.38
7.47
4.4
2.36
1.55
2.39
2.59
2.25
3.86
4.91
4.48
8.52
5.3
4.27
3.61
4.74
4.17
4.71
2.23
4.94
4.12
9.24
7.95
4.81
2.48
2.82
1.98
1.79
3.71
3.84
1.26
1.95
7.44
8.18
4.6
7.29
9.88
7.95
12.57
12.36
8.57
6.79
2.38
1.76
1.55
1.3
1.54
1.93
2.12
1.34
1.09
2.17
4.53
3.88
3.13
3.63
2.39
5.22
1.79
4.46
11.6
12.89
1.79
8.86
9.17
4.1
2.71
4.29
5.16
3.67
4.31
6.71
7.12
6.48
10.06
10.39
6.3
7.06
7.89
8.84
5.68
1.26
1.27
2.82
2.72
4.46
4.17
4.41
2.79
1.84
2.7
3.37
9.97
3.59
1.53
3.4
5.03
6.27
6.58
12.23
14.99
6.76
3.86
2.82
5.34
10.26
9.1
2.9
2.67
1.8
2.66
5.02
4.8
3.13
2.68
3.71
5.56
8
7.16
9.17
11.32
10.15
4.99
6.84
2.96
2.24
1.48
5.18
8.04
5.59
2.11
11.78
11.43
11.4
8.44
6.9
6.84
4.51
4.07
1.99
3.54
10.64
6.78
1.69
1.96
2.46
4.16
3.76
4.18
2.66
3.42
3.14
3.61
4.75
6.56
4.51
2.26
1.61
11.24
9.34
8.26
6.3
4.54
4.89
6.42
6.05
2.2
2.4
2.27
1.48
1.87
1.92
1.67
2.39
3.05
2.78
4.23
4.6
2.81
1.91
5.08
5.7
5.53
2.15
2.63
8.87
3.42
2.79
4.07
5
3.96
2.18
4.13
2.61
1.42
1.57
1.81
1.49
1.18
1.18
2.67
2.99
1.91
1.53
1.84
3.24
1.85
3.69
2.65
2.11
3.35
2.34
2.32
4.25
7.24
10.24
10.58
6.96
2.56
2.68
2.71
2.44
4.45
4.62
6.07
7.17
9.69
8.58
4.96
3.25
4.24
3.29
3.96
1.96
2.11
2.86
2.81
2.76
2.79
3.55
3.93
7.45
10.78
4.73
3.24
3.2
2.42
2.94
1.84
2.59
3.31
2
3.14
2.63
2.46
3.45
2.7
6.79
5.72
5.18
3.99
9.78
10.74
6.02
3.26
2.7
2.69
2.23
1.92
2.52
3.29
3.27
3.79
2.19
2.38
1.89
2.57
3.9
5
2.88
2.8
2.46
2.07
2.07
2.75
2.58
2.39
3.64
1.94
3.48
4.26
3.05
2.85
2.7
3.32
5.33
5.74
6.34
7.65
-99
-99
3.32
4.64
3.63
3.56
2.91
5.29
5.08
7.87
4.8
2.87
2.39
2.83
2.09
1.82
3.04
4.3
5.61
4.38
4
2.8
2.32
2.26
2.38
1.9
2.57
1.58
2.47
2.63
2.77
4.06
6.54
5.41
4.58
3.34
2.98
1.62
3.06
2.57
2
2.84
3.48
5.58
7.21
4.22
2.53
2.6
5.13
3.36
2.51
1.56
3.52
5.1
4.37
2.33
2.86
2.54
2.15
7.95
11.03
8
5.23
3.52
3.05
2.03
2.23
2.39
2.34
5.84
2.88
1.7
3.9
2.85
3.83
5.89
5.1
6.57
4.68
5.5
7.29
7.3
9.12
11.29
5.88
3.42
2.54
1.52
1.3
3.67
9.8
7.17
2.32
1.95
2.36
3.25
4.42
10.45
10.37
5.01
2.93
1.95
2.51
7.48
3.67
6.16
9.86
5.38
3
3.41
3.37
10.67
11.82
4.65
4.98
1.33
1.32
6.04
9.59
5.84
4.3
4.75
6.94
5.2
6.58
3.02
2.19
3.38
3.47
7.27
3.71
1.49
1.54
3.1
2.79
5.56
4.25
5.71
7.57
2.31
6.26
10.36
9.26
4.87
2.47
3.72
5.51
1.86
2.8
9.5
18.59
14.23
8.45
1.75
3.18
1.46
2.57
0.94
2.03
6.95
7.01
1.99
1.48
1.21
1.45
1.83
3.4
3.11
6.77
7.52
3.78
4.21
3.79
2.39
5.88
6.41
5.74
4.73
8.04
4.34
5.64
4.62
4.97
3.5
3.45
2.92
3.71
3.51
6.6
11.09
10.64
8.12
5.83
3.84
3.1
1.83
1.71
1.46
1.58
1.33
2.99
1.68
6.83
2.29
3.21
6.03
7.69
3.5
4.65
9.93
17.13
7.67
3.27
4.4
4.78
8.85
8.54
8.78
6.19
5.05
3.98
2.15
2.99
2.21
5.95
2.07
2.22
2.84
4.97
2.64
5.13
4.75
6.66
12.44
7.95
6.95
4.66
1.61
4.19
5.34
3.9
2.04
2
3.72
5.58
4.93
4.45
3.1
1.98
2.47
3.08
5.77
2.82
1.69
2.13
3
2.31
10.38
7.85
7.17
3.96
2.07
3.26
2.43
2.85
2.15
2.45
3.89
4.96
3.63
1.69
3.14
5.21
6.9
5.2
2.29
2.82
2.15
2.38
3.01
3.38
5.24
2.07
5
7.21
4.38
1.43
2.75
2.22
2.02
2.55
4.61
6.82
4.61
2.51
2.09
2.64
2.2
2.76
2.15
3.74
3.78
3.15
3.27
4.28
2.9
2.74
2.5
6.36
7.62
4.04
3.39
3.1
2.2
2.83
3.33
6.35
3.31
3.04
4.15
2.51
2.65
2.4
2.51
2.24
2.63
4.23
4.76
3.28
2.68
2.65
3.32
4.09
2.3
2.06
2.25
2.37
7.45
6.31
5.41
2.66
3.1
4.39
2.82
3.89
2.93
3.77
2.51
2.6
2.28
3.5
12.68
4.97
4.04
2.87
5.94
5.34
9.14
6.25
2.6
3.97
5.73
5.84
7.69
4.29
3.68
3.71
2.65
2.86
2.9
3.4
3.24
2.72
2.72
3.44
2.25
4.07
4.36
4.87
4.19
2.69
2.59
1.77
2.31
2.47
2.36
3.05
2.9
1.72
2.2
1.9
2.39
2.76
2.22
2.52
4.35
5.58
2.91
2.67
2.54
2.4
2.36
2.31
2.11
3.74
5.05
3.41
3.14
2.82
2.36
2.53
1.81
2.8
2.05
2.73
2.05
2.44
1.95
9.19
10.03
3.98
2.24
2.34
2.3
2.03
1.63
1.54
1.85
1.6
1.89
2.1
2.01
2.52
3.35
3.3
3.25
3.21
8.37
9.35
6.12
4.03
3.3
3.55
4.15
2.62
2.71
1.73
2.35
2.94
3.84
6.35
3.52
2.43
2.17
2.46
4.81
3.44
2.6
6.62
5.88
3.78
1.87
1.54
3.26
2.89
1.7
8
11.24
4.98
4.02
2.35
1.19
1.65
2.38
3.9
4.62
5.61
4.64
1.44
1.65
2.95
3.88
3.8
6.92
5.14
3.13
6.35
6.48
7.49
8.51
8.78
7.5
4.96
7.04
5.92
3.89
5.46
5.86
4.67
3.79
2.96
6.08
7.15
3.21
3.05
2.5
4.18
5.38
10.64
7.59
10.83
9.61
14.98
10.61
5.6
8.97
5.7
2.61
6.35
5.94
9.46
12.54
12.96
4.86
8.06
5.43
9.02
10.59
10.13
4.88
4.99
5.05
3.9
3.97
6.75
7.81
5.17
4.22
5.74
6.41
3.57
2.53
8.86
7.83
5.85
6.52
5.95
3.72
3.93
4.69
7.66
9.28
6
4.48
3.69
9.77
11.48
10.45
5.96
8.05
11.42
9.86
9.23
8.37
9.34
8.59
8.69
6.12
9.4
6.29
4.18
3.27
6.15
5.99
3.76
6.4
4.29
3.65
2.67
7.55
4.98
1.86
2.57
1.99
2.78
3.36
6.44
12.16
9.23
4.95
8.14
4.58
4.29
5.49
3.98
2.98
1.82
1.7
1.99
1.8
5.06
6.31
4.45
4.24
4.46
1.86
1.56
2.68
2.27
2.05
2.62
2.75
5.02
2.96
2.21
2.01
3
4.01
3.3
3.28
5.5
11.16
3.84
3.55
4.56
4.16
7.67
4.72
10.47
12.71
7.15
5.98
5.83
4.31
3.83
4.63
3.1
6.04
3.26
2.74
3.52
3.62
3.21
3.19
2.28
2.23
2.68
1.74
3.59
4.88
2.43
1.57
1.92
1.98
1.9
2.45
3.65
3.17
6.58
4.57
3.96
4.13
3.35
6.19
13.5
13.8
6.75
2.75
2.72
1.99
2.12
2.01
2.13
2.4
2.37
2.38
2.42
3.67
3.68
3.3
2.33
2.36
4.52
3.9
3.68
4.31
7.77
5.48
3.68
3.14
2.61
2.74
2.65
3.8
4.64
3.3
4.17
2.31
1.95
3.41
2.43
2.71
1.92
2.31
3.22
8.25
4.78
2.77
3.53
2.19
2.93
3.63
3.88
2.68
2.63
3.34
4.83
2.81
4.18
4.36
3.92
2.64
3.43
2.75
2.97
4.39
4.94
3.55
3.54
2.73
2.48
3.17
4.3
3.31
2.69
2.79
2.22
2.33
2.8
2.28
4
6.11
2.33
2.18
2.13
1.82
1.96
4.59
2.82
3.15
2.9
3.18
2.38
2.32
1.83
2.49
2.13
2.28
3.2
1.95
5.2
6.4
3.36
3.2
2.95
5.16
8.32
6.78
5.62
4.73
5.05
4.2
3.55
2.01
1.99
2.41
2.64
2
5.74
10.6
5.62
3.56
2.44
2.29
1.68
4.9
2.79
2.63
2.36
3.27
4.87
5.47
3.87
2.78
3.24
4.38
5.46
3.88
3.19
1.59
1.73
1.67
1.61
2.18
1.69
4.58
1.68
2.69
5.07
4.54
4.32
8.79
2.13
3.26
5.11
4.78
4.15
3.12
4.01
2.39
1.82
1.98
2.04
11.85
7.86
4.63
2.03
6.25
4.3
3.28
1.61
4.4
5.22
5.38
3.25
1.64
2.22
2.31
7.17
8.67
9.98
5.26
1.37
1.4
3.11
4.31
4.31
2.55
3.92
3.31
1.48
1.62
1.58
3.35
8.73
13.65
12.53
7.71
7.53
9.29
7.51
10.6
7.67
5.17
5.83
9.93
4.96
3.96
2.77
1.58
2.04
2.34
3.26
4
4.93
5.5
1.5
3.66
3.69
3.56
3.89
1.45
2.22
5.79
5.45
5.36
4.91
5.94
3.17
5.55
9.41
4.77
4.14
8.25
5.67
5.99
5.39
5.88
11.88
5.76
2.21
8.75
9.6
9.83
7.8
10.78
2.28
2.89
10.8
6.4
4.28
14.88
9.43
8.84
7.73
3.49
8.97
3.46
3.99
3.42
4.78
13.33
11.49
8.17
7.85
11.87
8.67
7.32
7.3
5.18
11.81
12.75
11.01
7.28
7.27
1.82
1.21
2.01
2.63
2.27
3.17
4.65
10.44
11.25
8.1
3.41
1.75
5.91
7.82
5.16
1.28
5.39
6.39
4.33
3.04
3.47
2.4
4.29
6.01
4.69
12.98
14.26
8.49
2.95
2.43
5.56
2.15
5.84
2.05
2.02
2.7
3.69
6.36
3.38
1.98
2.79
3.19
12
4.74
5.56
5.66
2.65
2.97
9.21
11.81
6.91
3.25
2.86
2.69
2.86
4.61
2.57
1.87
1.59
1.32
1.92
1.82
7.49
6.37
4.11
3.95
3.51
2.97
5.59
3.6
7.18
6.99
4.31
3.04
2.06
5.48
6.41
4.15
3.4
3.1
3.91
1.84
3.33
6.59
4.51
6.32
4.52
2.72
4.9
7.79
3.4
4
4.55
3.12
5.3
11.45
11.08
10.21
9.12
3.77
3.22
5.34
6.94
11.09
14.43
10.52
7.9
6.3
3.14
2.49
1.91
3.1
3.3
4.11
5.97
3.09
1.99
1.8
2.38
2.46
2.85
4.31
4.17
6.08
4.53
2.51
4.47
4.79
5.84
3.29
4.15
3.74
4.45
3.83
2.63
2.5
2.07
2.25
3.73
2.3
1.86
2.36
2.27
2.35
2.9
2.86
2.2
2.76
2.63
2.78
2.37
3.1
2.41
2.94
2.25
2.23
2.65
2.59
2.23
2.72
2.83
3.05
4.66
5.81
2.24
2.39
3.32
3.46
2.59
2.57
2.48
2.98
5.04
8.55
5.29
3.96
2.3
2.66
3.41
3.73
2.78
2.99
4.1
2.17
2.09
4.73
2.5
2.39
2.11
3.21
5.85
4.13
3.7
3.36
2.7
3.58
4.59
3.89
3.42
1.97
2.67
1.98
2.1
1.81
3.77
3.94
5.44
6.24
5.27
3.2
3.13
4.42
5.19
7.72
5.35
7.31
3.86
2.68
2.04
2.45
2.39
2.04
2.88
2.32
2.89
4.53
3.03
3.39
3.96
4.85
4.01
5.59
5.27
3.66
2.56
4.43
5.84
5.34
3.31
2.14
3.34
2.43
4.2
2.49
2.34
1.64
1.52
1.62
2.33
2.44
2.46
2.86
2.47
3.86
2.94
9.46
7.4
5.89
3.9
3.04
4.68
5.67
9.87
5.88
2.49
5.54
8.32
10.7
12.56
4.29
3.6
11.36
7.44
9.23
6.36
7.72
12.29
9.83
7.52
10.81
12.4
9.77
8.02
7.38
5
5.62
4.73
6.14
8.37
8.97
5.68
5.42
8.56
7.08
4.33
2.75
3.6
5.58
1.19
6.35
6.07
5.54
6.88
2.09
1.3
2.35
2.5
9.5
4.5
3.46
2.97
2.16
5.68
12.16
2.17
5.51
7.58
3.75
2.69
2.91
1.49
2.06
4.93
6.59
4.71
2.46
1.34
1.56
1.43
3.13
3.58
5.53
5.18
3.57
3.12
2.65
2.99
8.32
15.12
4.36
3.4
8.96
10.48
10.44
10.39
7.58
6.61
4.08
11.17
3.41
3.65
8.96
2.35
3.48
3
1.94
4.95
4.21
3.09
12.13
9.07
6.02
2.3
1.63
-99
3.74
1.55
6.39
8.66
3.83
6.59
4.21
2.38
2.24
2.65
7.02
4.54
6.83
6.4
4.79
8.81
9.81
7.36
3.59
2.79
2.23
1.93
3.71
2.43
2.84
2.25
3.56
6.4
7.77
3.74
2.05
4.49
2.26
2.16
2.81
8.72
5.03
14.91
9.93
7.11
3.94
7.57
3.45
2.36
2.27
4.19
7.13
10.65
7.86
3.84
1.86
2.02
2.62
2.06
2.6
2.83
4.42
2.15
1.58
2.44
1.77
3.15
5.73
1.93
2.25
4.33
2.65
3.08
9.84
4.18
7.42
6.79
4.3
4.55
4.87
9.22
8.59
4.79
2.96
3.22
2.07
2.49
2.68
2.23
2.73
2.15
5.35
5.14
3.6
3.1
3.33
2.48
3.21
4.99
3.33
4.33
2.49
4.42
2.89
4.93
4.38
3.73
6.43
4.38
5.04
5.47
4.5
3
2.82
2.35
2.83
2.7
2.18
2.15
1.95
2.09
3.41
4.08
6.17
5.8
3.75
3.86
3.05
2.69
2.63
2.32
2.01
1.79
4.56
3.24
4.59
3.09
3.04
8.66
4.42
3.45
3.54
4.4
4.84
2.28
2.83
6.16
5.66
8.06
9.11
6.77
5.97
4.54
3.15
2.6
2.9
3.17
3.05
2.49
8.76
6.97
4.53
3.29
2.21
2.71
2.56
2.54
2.25
6.38
5.19
3.69
3.31
2.43
2.42
2.71
2.29
3.22
2.58
3.36
3.89
2.7
2.75
2.97
8.03
5.68
4.69
4.66
4.21
3.18
3.58
3.34
3.23
3.54
5.47
2.19
2.17
2.47
2.91
2.79
2.43
2
1.94
3.04
2.23
3.39
3.29
2.31
2.31
2.84
2.37
1.85
2.16
1.9
2.39
1.94
2.34
2.28
4.1
1.55
1.94
2.06
2.49
2.52
2.9
2.43
5.03
4.28
2.69
1.99
2.45
2.36
2.44
2.37
2.49
1.99
2.01
2.95
1.63
2.23
1.56
1.47
2.19
3.4
2.84
2.5
3.94
4.17
2.6
2.95
1.66
1.33
1.54
8.46
10.2
5.55
3.16
2.76
2.53
2.48
2.23
1.29
1.64
1.88
1.47
1.78
2.86
6.24
9.08
6.31
3.01
2.39
5.23
4.83
2.08
3.27
2.29
1.92
3.91
3.82
4.68
2.14
3.06
1.6
1.92
2.06
3.4
2.65
1.59
2.73
3.08
4.89
4.2
5.14
9.27
8.34
6.6
9.27
9.24
11.26
9.71
11.03
8.95
7.76
10.09
2.21
2.13
2.19
5.3
10.12
12.95
8.09
4.85
5.4
5.39
6.32
8.74
8.57
9.97
6.06
7.16
11.03
8.05
6.97
5.96
2.07
4.66
5.67
6.9
2.51
5.53
4.7
6.26
4.87
5.75
9.17
3.09
1.55
3.72
2
4.73
7.49
1.66
6.6
7.06
5.25
8.88
11.67
10.56
8.5
4.22
11.85
6.46
7.36
6.85
9.87
10.78
2.26
6.7
8.52
12.21
9.12
6.5
10.22
4.14
4.28
1.03
1.87
2.67
3.28
3.85
6.4
6.59
6.72
3.12
1.68
6.48
8.55
7.08
13.68
11.1
10.65
13.33
6.59
2.65
5.54
2.27
6.43
6.9
4.18
3.58
1.86
1.62
1.86
2.6
3.35
5.37
6.79
5.31
3.37
1.78
4.42
4.44
5.15
5.22
2.82
5.39
4.89
11.61
9.76
13.33
13.16
8.81
11.64
8.22
7.45
3.28
1.95
5.7
4.62
2.27
2.29
2.26
2.34
1.78
2.26
1.83
1.42
1.54
3.14
2.21
3.2
2.39
5.67
2.74
1.83
1.89
2.89
1.94
1.59
2.61
10.8
6.96
2.59
1.94
2.66
2.26
1.89
1.94
4.36
4.37
2.61
3.83
3.11
2.59
2.18
2.12
1.91
4.72
12.97
8.84
5.39
3.06
6.43
8.98
7.05
6.86
5.85
4.44
4.92
6.57
5.13
3.03
2.24
3.05
2.09
2.36
2.58
2.01
2.12
2.55
1.9
2.36
2.39
3.38
2.32
3.24
3.6
2.58
3.48
3.7
4.52
6.2
4.68
5.1
4.39
2.2
2.49
3.53
3.5
1.91
2.2
2.99
2.17
1.92
2.35
2.93
3.42
2.9
2.38
2.64
2.4
2.08
4.63
5.64
2.95
2.94
3.09
3.32
2.32
2.55
2.38
2.63
3.35
3.05
2.2
2.32
4.96
4.93
2.05
5.66
4.42
4.01
3.62
2.66
2.18
3.36
4.65
2.03
2.34
2.5
2.64
2.7
2.24
5.28
6.99
3.96
2.67
3.1
4.3
7.49
5.14
4.45
2.36
2.36
2.64
2.29
2.57
2.63
2.1
5.44
2.56
2.94
2.46
2.16
2.46
2.39
2.88
4.64
2.89
3.2
4.63
6.33
3.73
2.89
2.28
2.34
2.33
3.35
2.31
1.76
4.04
2.61
3.31
6.13
4.87
3.35
4.04
2.86
5.04
8.47
4.48
2.35
1.81
2.18
1.99
2.49
3.02
2.65
2.36
1.89
1.7
1.74
3.8
6.1
4.36
2.7
2.09
1.5
2.34
5.72
6.83
4.84
2.83
2.09
1.66
2.06
2.26
5.71
5.66
3.36
1.72
1.68
1.97
2.03
4.31
2.16
1.97
2.13
4.29
6.24
1.6
2.95
3.21
2.62
1.79
1.7
4.45
6.23
6.42
4.84
4.95
4.09
6.03
7.87
7.32
4.73
4.78
6.34
10.61
7.4
6.69
4.96
10.29
11.57
4.26
9.5
4.29
3.26
3.51
4.38
2.28
3.36
1.46
2.3
1.3
1.75
3.06
4.52
5.88
5.11
5.71
4.08
3.23
4.03
2.21
2.38
1.2
1.5
3.53
1.82
2.4
1.92
5.23
3.4
2.84
2.52
3.49
2.89
2.87
2.04
4.02
2.67
3.93
6.49
6.1
1.59
2.5
2.64
4.31
5.86
6.26
4.51
4.75
9.05
8.85
4.83
4.35
4.61
3.61
3.79
1.68
2.55
2.95
1.53
1.63
2.77
3.66
5.1
3.48
9.66
6.33
4.63
8.5
5.11
3.1
1.6
8.2
5.95
4.94
3.64
3.12
3.41
5.45
9.43
10.95
8.29
5.07
2.91
5.24
2.93
2.29
3.56
6.15
2.97
8.47
4.54
7.04
7.08
15.31
11.68
9.9
10.95
4.04
9.13
10.67
4.79
7.72
6.81
9.74
8.3
5.24
5.18
2.59
4.58
6.91
3.23
1.56
3.15
1.69
1.79
8.08
10.96
6.47
3.56
2.21
4.49
2.65
2.24
1.93
7.4
5.72
3.4
2.83
2.73
4.48
8.73
9.09
8.63
6.81
3.17
2.57
2.04
3.89
2.07
1.71
3.72
3.19
3.07
2.23
4.51
2.43
1.94
4.03
11.63
5.96
3.39
3.83
2.47
3.23
7.55
9.71
6.31
4.5
2.25
2.88
3.79
2.56
3.72
2.31
1.72
3.15
3.76
7.39
10.23
6.91
5.44
3.4
2.34
8.3
3.66
3.61
4.04
5.38
3.2
1.8
2.11
2.08
3.48
6.68
6.19
8.28
5.65
2.97
2.44
2.23
3.57
2.09
2.2
2.39
2.15
2.68
3.35
2.95
6.73
6.83
3.87
7.4
4.64
8.45
7.22
4.25
2.49
2.48
2.7
2.43
3.9
3.87
4.51
2.77
2.67
2.76
2.67
2.6
3.65
2.3
3.32
4.4
3.08
2.04
3.16
2.4
2.52
3.99
8.88
6.65
4.92
3.35
2.25
2.1
2.81
2.65
2.42
3.61
5.93
5.12
3.77
2.81
2.98
3.14
2.81
2.64
3.3
4.51
3.48
2.65
2.25
5.24
4.71
3.11
3.81
4.75
5.24
5.59
3.63
1.87
1.9
2.67
2.65
1.97
2.88
2.18
2.96
5.3
3.25
1.88
1.65
1.73
2.01
2.6
2.45
4.22
4.04
2.03
2.46
2.08
2.2
2.17
3.85
2.63
2.89
2.09
2.24
2.54
2.68
2.82
3.97
6.59
2.1
5.56
10.55
8.27
5.89
4.16
3.46
2.75
2.87
1.69
1.9
2.08
2.73
2.46
1.83
2.01
2.05
2.53
2.73
1.72
1.75
2.14
1.47
3.61
3.83
3.62
4.01
3.35
2.46
4.29
1.58
1.47
1.6
2.93
2.93
5.04
3.84
2.05
2.35
2
1.53
3.46
2.41
1.9
4.27
2.82
1.23
2.25
5.16
4.03
2.5
5.27
9.69
8.05
9.61
7.36
9.72
8.45
2.96
4.73
5.71
4.51
3.12
3.28
2.78
4.56
2.07
1.43
2.94
5.13
4.43
2.83
3.22
3.14
4.94
3.39
2.74
1.55
5.05
4.63
4.58
3.95
3.54
1.37
5.77
6.48
5.43
8.05
6.64
5.1
2.99
6.48
2.68
4.24
4.03
8.71
9.74
7.13
6.27
4.54
4.08
5.79
6.6
8.24
10.51
8.96
8.99
8.91
7.18
7.05
5.65
5.91
6.72
4.16
4.62
6.76
3.78
9.31
4.03
2.43
9.8
7.59
6.24
8.03
5.97
8.55
8.87
5.08
7.01
7.3
6.45
6.99
4.18
1.93
2.83
7.36
2.62
1.26
1.36
1.48
1.69
2.28
2.29
8.97
13.51
9.02
14.21
5.84
2.25
3.98
7.49
5.3
2.38
1.26
1.52
2.59
2.57
3.33
3.6
4.96
3.55
1.69
4.63
4.18
1.84
3.35
1.81
-99
2.75
6.14
5.69
3.19
9.07
9.98
6.43
3.23
1.85
1.34
5.95
5.09
3.65
2.36
1.63
2.2
3.06
2.35
2.12
4.47
3.41
5.45
3.7
2.91
2.53
2.49
2.91
3.1
1.95
1.79
8.36
9.12
5.84
5.42
5.33
4.84
2.97
2.19
2.04
2.45
3.21
2.69
2.73
2.61
4.5
4.71
2.69
3.25
3.15
2.48
2.28
2.8
2.23
2.64
2.66
5.49
5
4.1
2.65
4.97
6.52
2.9
2.5
2.84
3.16
5.44
3.5
2.61
2.4
3.06
3.45
3.57
3.26
3.3
1.82
1.9
1.94
5.5
5.43
4.32
2.94
2.76
2.84
2.47
2.81
2.43
3.18
2.47
1.91
2.2
2.25
2.41
2.63
2.8
4.44
5.27
4.64
4.71
3.37
2.4
2.2
2.12
2.58
1.96
2.34
2.16
3.64
3.3
2.35
2.91
2.83
2.49
2.5
2.1
2.49
2.49
2.27
2.83
5.05
5.51
7.37
10.41
7.02
3.66
2.69
2.66
2.24
2.89
3.5
5.13
2.58
2.26
2.24
2.77
3.15
4.12
3.11
2.59
2.95
2.81
3.18
1.94
2.68
3.09
7.17
7.03
4.98
2.67
2.5
2.65
2.64
3.57
2.58
2.29
1.87
2.25
2.17
4.54
3.33
5.85
5.5
7.82
5.53
3.24
2.37
2.36
2.78
2.14
2.88
2.27
3.94
3.81
2.29
2.48
2.55
2.8
2.81
2.45
3.13
2.72
4.05
2.52
4.65
6.63
5.24
2.41
3.15
2.11
3.72
6.3
3.14
7
10.23
6.32
5.58
2.89
5.15
5.78
6.79
3.43
4.84
6.11
2.98
2.26
1.61
1.94
1.95
3.45
3.41
2.24
2.12
1.88
1.72
2.98
1.9
1.79
2.62
2.33
6.8
3.1
2.83
2.65
1.78
1.84
1.72
1.76
2.66
2.6
2.02
2.16
2.98
6.38
3.68
4.16
7.98
4.67
3.15
1.8
1.68
5.56
5.7
6.98
4.35
3.23
1.81
1.87
1.37
2.41
12.4
6.56
6.4
8.65
9.47
8.57
11.35
10.51
11.53
7.87
3.68
2.44
4.47
4.55
5
3.06
4.21
2.12
1.51
2.16
6.18
7.53
3.25
4.3
6.32
7.81
6.93
10.29
8.55
4.17
4.01
3.47
5.66
5.06
5.64
2.44
5.07
8.76
2.94
2.4
7.74
10.3
7.73
7.19
2.48
3.38
3.31
6.2
4.61
4.26
4.06
4.01
9.98
11.55
7.13
5.17
5.47
7.8
6.6
8.46
9.02
4.14
3.16
2.47
4.99
3.8
3.96
10.78
7.31
1.55
4.92
3.86
8.33
13.29
3.33
5.9
8.55
11.65
13.82
5.28
1.71
1.99
8.15
6.29
5.79
3.69
2.65
2.21
4.75
8.01
8.97
3.71
5.31
8.15
10.18
5.88
5.87
8.08
4.18
7.11
4.29
2.23
3.1
1.53
5.5
5.87
3.73
9.85
7.24
4.96
3.95
3.34
4.23
3.03
2.24
4.04
2.45
4.54
2.71
1.31
4.4
5.36
5.85
2.17
1.56
1.74
3.1
5.44
2.73
1.96
3.27
4.98
4.43
9.8
6.61
12.91
9.66
9.4
8.14
10.04
6.85
11.23
9.51
4.1
4.4
2.61
8.37
3.01
2.36
1.56
4.07
4.65
3.05
6.29
6.5
3.56
3.34
4.12
3.72
2.77
3.73
3.72
5.66
3.98
1.89
2.1
2.04
1.96
1.78
1.36
1.81
2.28
5.73
2.12
2.48
3.03
4.58
4.74
5.13
11.43
7.5
5.25
2.87
2.28
2.49
5.8
5.05
2.89
5.33
8.23
9.15
5.06
4.55
2.57
1.98
2.62
2.88
1.6
2.88
1.77
2.12
5.48
4.22
2.25
1.76
2.66
2.09
2.84
2.2
2.22
2.35
2.15
3.04
3.62
3.51
1.63
2.35
3.96
5.21
8.28
10.9
6.18
4.3
3.07
5.18
4.46
4.62
1.76
1.53
3.25
2.99
2.33
2.54
2.78
2.14
2.46
2.41
2.53
2.03
2.42
2.06
3.07
8.14
5.11
2.36
3.04
3.27
2.99
2.91
2.9
2.22
2.04
1.92
7.96
4.77
2.76
2.43
3.12
5.34
3.15
2.73
2.24
2.27
2.11
2.76
2.17
2.35
1.86
1.78
2.6
2.3
1.98
3.69
4.53
2.18
3.36
3.73
2.61
3.46
2.71
3.41
2.25
5.49
4.57
2.19
4.9
5.25
3.45
4.59
2.86
1.61
2.25
7.01
6.25
3.43
2.46
2.95
2.29
3.14
2.98
3.31
2.71
2.38
2.81
2.49
3.45
3.51
2.01
1.83
2.27
2.63
1.84
3.72
3.79
1.89
1.43
2.19
1.83
2.09
1.96
2.31
2.84
2.3
6.1
4.1
4.14
1.5
3.05
3.78
3.14
10.33
6.66
5.22
2.23
1.92
2.03
10.15
3.59
3.1
2.04
1.84
1.39
2.31
4.61
5.93
2.8
2.48
3.69
4.34
2.11
3.49
3.43
4.61
8.33
3.97
3.28
7.84
6.97
14.76
2.42
3.29
4.81
5.55
6.82
3.81
2.78
2.84
2.22
2.3
7.8
1.7
2
2.8
2.54
2.58
3.09
2.45
2.03
4.29
3.23
2.54
1.41
2.03
1.88
2.71
3.37
9.93
8.67
2.46
0.97
7.46
3.09
2.64
4.31
4.44
4.32
5.46
6.38
6.75
7.63
5.47
2.59
3.48
4.03
11.9
3.51
5.61
7.64
1.46
4.33
2.96
1.68
4.09
5.1
6
3.12
3.86
5.82
6.14
4.18
6.29
6.03
6.44
8.86
5.93
4.74
7.78
9.96
6.73
6.74
13.03
8.84
7.45
5.45
9.02
11.49
3.53
1.99
7.81
5.33
2.45
5.73
8.58
7.71
9.48
8.93
7.97
7.31
10.67
10.97
6.09
8.44
1.91
5.76
14.42
13.06
6.57
2.74
3.2
3.68
2.43
2.74
4.76
8.91
4.36
2.28
1.79
1.31
1.12
1.82
3.18
2.09
1.6
1.62
3.56
2.92
1.6
1.86
3.55
2.85
5.27
4.83
5.19
1.98
3.51
1.89
2.49
5.17
4.57
2.93
4.59
6.36
2.36
10.2
10.54
7.45
1.8
6.33
7.55
5.82
3.22
3.19
3.01
2.7
2.86
5.4
5.54
3.36
2.8
1.96
2.07
2.55
3.18
2.31
5.27
6.71
2.88
5.33
6.59
3.48
6.22
7.18
9.6
6.96
4.68
3.24
3.17
3.25
3.1
6.11
7.54
5.23
5.37
5.29
2.34
4
3.51
4.49
4.44
3.83
2.7
2.71
2.65
3.2
3.96
6.65
6.92
4.44
2.27
2.73
5.82
2.47
6.13
6.12
3.74
3.68
3.03
3.48
8.19
7.04
7.24
6.3
3.03
2.98
1.9
2.76
-99
4.16
6.88
12.23
6.33
2.94
2.79
2.44
2.56
2.63
3.02
5.99
3.67
3.83
2.03
1.93
6.55
5.98
3.25
2.83
3.68
6.19
2.8
2.64
3.27
2.03
2.82
2.38
3.76
2.66
3.3
3.28
3.81
1.96
2.79
2.04
2.09
1.89
2.54
2.22
1.93
2.75
2.12
3.9
2.73
6.72
5.73
3.43
2.4
2.6
4.22
5.35
3.73
2.75
4.55
2.65
2.85
2.38
2.05
2.38
2.03
2.74
2.35
6.32
7.05
2.84
4.61
3.96
2.17
3.06
2.5
2.41
2.42
2.54
1.99
3.05
1.88
5.16
2.63
7.41
6.24
4.26
3.31
3.18
2.66
2.95
4.51
5.44
3.41
3.78
2.2
1.84
2.09
2.04
2.28
2.64
1.76
1.86
2.24
2.51
5.6
4.78
3.14
8.03
5.92
5.53
4.91
2.94
9.22
6.34
4.35
3.47
4.41
3.6
1.76
2.03
2.62
2.09
3.03
2.84
2.86
2.92
2.5
4.82
2.54
1.47
2.5
2.15
2.03
2.46
11.18
5.54
2.79
4
5.16
6.52
2.34
2.34
3.34
2.64
2.61
3.34
3.74
7.66
3.41
2.67
2.27
2.17
2.37
4.34
7.57
1.86
8.13
4.28
1.27
1.35
0.95
3.75
2.34
5.58
1.65
3.26
8.72
3.07
7.23
11.02
3.53
9.65
6.84
10.57
11.16
10.79
4.06
4.31
5.6
6.75
5.36
6.92
5.03
1.26
2.53
2.11
11.27
10.86
2.62
1.64
4.06
3.81
3.3
1.59
4.84
5.59
7.87
6.39
4.63
3.17
4.82
5.05
14.06
7.3
5.8
4.86
13.91
7.43
1.95
3.08
3.07
3.73
1.83
3
5.21
9.6
6.66
3.74
4.96
7.26
5.47
4.25
5.64
6.52
6.7
7.51
5.46
6.51
6.44
5.4
4.59
5.88
2.94
1.81
6.26
4.52
4.5
3.85
3.95
2.95
1.98
4.78
3.05
5.97
8.93
7.98
7.02
3.46
1.51
1.65
3
1.89
2.62
2.72
3.01
3.06
3.89
3.32
3.4
9.21
5.06
1.96
1.3
1.3
2.52
3.64
5.28
2.85
2.44
3.3
1.87
1.91
4.17
4.85
5.28
1.76
3.43
3.15
3.39
3.35
5.37
10.12
4.61
5.03
1.88
4.45
9.49
8
6.63
5.28
8.88
6.96
3.58
10.49
3.82
1.75
1.34
2.95
3.62
3.69
5.88
4.01
1.68
1.66
2.64
1.62
2.05
4.52
4.85
2.58
3.62
3.39
3.16
5.59
9.02
4.66
5.11
2.64
4.73
2.14
2.27
2.61
2.3
1.62
1.79
1.92
1.85
1.88
3.24
2.03
2.29
2.45
2.18
2.49
3.1
4.41
4.66
4.38
2.09
2.04
1.64
2.04
2.38
3.36
5.32
4.22
3.69
5.09
2.78
2.28
1.87
2.81
2.04
2.52
3.22
3.84
3.94
4.32
3.18
1.7
3.89
6.39
5.07
4.67
5.32
3.89
3.28
1.81
2.16
3.53
1.4
2.6
2.46
1.84
2.7
3.05
2.24
2.01
1.97
2.55
7
7.3
2.4
5.56
6.32
5.97
4.54
2.23
4.22
6.09
1.88
3
2.81
4.58
2.22
2.25
2.04
2.48
4.89
2.89
2.61
2.03
2.18
2.13
2.59
2.17
2.19
2.14
2.63
6.03
4.99
3.06
4.87
5.05
2.28
1.84
2.52
4.52
1.96
3.05
4.5
5.39
4.74
4.42
4.19
3.06
2.74
2.13
1.78
2.45
3.16
2.8
2.01
2.72
2.45
2.13
1.77
2.08
2.29
6.33
6.14
3.78
3.18
2.27
2.39
2.02
2.49
2.08
1.81
2.91
2.11
2.47
2.38
4.74
2.6
3.2
2.46
2.56
2.11
3.57
3.86
3.91
2.69
2.15
2.03
3.38
7.28
7.38
5.21
2.06
3.45
3.28
2.3
2.18
6
5.25
3.59
2.16
3.03
3.54
2.52
1.65
1.52
2.22
1.62
2.02
1.8
2.29
4.94
3.71
3.06
1.99
2.31
11.41
6.8
11.21
6.33
3.36
2.19
2.57
4.81
5.46
4.3
5.89
2.45
4.32
1.98
2.05
5.45
8.99
9.16
6.46
10.45
10.13
5.97
3.5
2.08
2.93
3.82
3.02
2.96
4.34
4.14
3.7
8
5.67
2.8
2.98
2.94
3.33
2.35
1.57
5.01
6.84
5.49
6.47
4.32
2.2
2.52
3.71
2.23
3.68
1.23
1.29
2.11
4.1
3.14
1.09
7.31
8.59
2.98
1.54
2.49
1.43
1.76
3.52
4.89
4.67
3.17
3.7
8.22
10.57
4.62
3.11
6.43
7.17
3.22
7.06
7.23
5.86
5.5
12.12
3.41
1.55
2.83
1.6
4.87
4.54
1.45
4.11
2.13
2.28
2.27
8.17
9.88
9.88
3.45
6.68
5.61
9.76
2.86
7.47083333333333
10.8979166666667
9.84375
3.66875
3.73125
4.76666666666667
5.62083333333333
5.82708333333333
8.74375
8.29583333333333
7.56666666666667
9.77291666666667
7.69375
7.13125
12.1104166666667
5.8875
7.37083333333333
2.3
1.80208333333333
1.65625
2.22083333333333
10.7354166666667
3.73958333333333
9.31041666666667
4.47083333333333
3.30625
7.45833333333333
5.79166666666667
5.19583333333333
5.78958333333333
11.5208333333333
13.1645833333333
4.16458333333333
3.35625
1.60416666666667
2.6875
4.50416666666667
8.11875
2.9375
3.81041666666667
7.01666666666667
2.60625
6.36458333333333
6.14375
2.7
1.81666666666667
2.39375
1.95833333333333
1.64791666666667
1.975
2.575
6.43333333333333
4.69166666666667
3.25833333333333
1.71458333333333
2.15416666666667
1.75625
3.87708333333333
2.65833333333333
2.9875
2.80208333333333
1.35833333333333
1.27916666666667
1.79166666666667
2.98958333333333
1.58333333333333
2.49583333333333
7.43333333333333
5.43333333333333
2.50208333333333
4.60416666666667
2.68125
7.82291666666667
8.54583333333333
5.7
7.54166666666667
4.59166666666667
2.80208333333333
5.03541666666667
8.42291666666667
5.97083333333333
3.22291666666667
2.35416666666667
2.87083333333333
1.79583333333333
3.11875
1.63125
2.40416666666667
1.775
1.72291666666667
1.60208333333333
2.00833333333333
3.7
4.18958333333333
4.07916666666667
8.79583333333333
6.13125
2.81041666666667
1.5125
1.3
3.15
7.65625
2.72083333333333
1.8125
2.17916666666667
3.1125
4.73958333333333
5.04791666666667
2.20208333333333
2.65833333333333
3.65208333333333
2.81041666666667
1.74791666666667
1.65625
3.725
2.7
1.99166666666667
1.35416666666667
2.22916666666667
4.27708333333333
6.87916666666667
4.93333333333333
1.90416666666667
2.35416666666667
4.42291666666667
2.26041666666667
3.2625
2.32916666666667
2.5875
4.01041666666667
7.10208333333333
3.125
5.7
5.82708333333333
2.2375
2.94375
5.05
3.5375
6.575
4.025
3.23541666666667
2.94166666666667
2.57291666666667
3.6
4.5125
1.74791666666667
2.47083333333333
1.9375
2.57916666666667
3.09375
2.39583333333333
2.57916666666667
2.43958333333333
3.66041666666667
2.96666666666667
3.06041666666667
3.47291666666667
3.66041666666667
2.45833333333333
2.16041666666667
2.49791666666667
1.78541666666667
3.44791666666667
3.20833333333333
2.72083333333333
3.11041666666667
2.22083333333333
2.36458333333333
2.5875
1.87291666666667
2.0375
2.86666666666667
5.32083333333333
5.51875
5.10416666666667
2.41458333333333
2.33541666666667
2.75
3.78333333333333
4.42916666666667
2.57083333333333
2.59791666666667
2.55
2.3375
3.12708333333333
2.90208333333333
3.91666666666667
4.08958333333333
6.5125
2.58958333333333
2.77291666666667
2.49791666666667
6.30416666666667
11.4166666666667
6.03958333333333
4.17291666666667
3.48541666666667
2.98125
3.07291666666667
3.83125
2.67083333333333
2.68125
2.60208333333333
3.01041666666667
3.9625
3.16875
3.3125
2.52291666666667
2.74375
3.17291666666667
1.74375
5.4125
6.11458333333333
2.76666666666667
2.5125
4.29791666666667
2.59375
3.31666666666667
3.19791666666667
3.07083333333333
1.80625
1.44166666666667
1.91875
2.88958333333333
1.82291666666667
2.22083333333333
3.175
6.06041666666667
6.50625
5.80833333333333
3.15416666666667
2.45833333333333
2.52083333333333
1.95625
2.48958333333333
3.17083333333333
2.16875
2.05416666666667
3.05833333333333
3.08958333333333
2.02291666666667
1.36041666666667
2.37916666666667
2.93958333333333
3.20625
1.95208333333333
2.07916666666667
1.90833333333333
2.28125
3.21458333333333
1.88958333333333
2.2
2.45208333333333
1.65208333333333
1.9
2.20416666666667
2.35833333333333
3.22916666666667
3.5125
3.66041666666667
3.89583333333333
6.60625
6.8375
4.22708333333333
4.98958333333333
3.03333333333333
1.71666666666667
1.97291666666667
4.77083333333333
1.94375
2.01458333333333
4.29583333333333
3.825
1.63958333333333
2.30416666666667
5.19791666666667
6.88541666666667
3.31875
4.73541666666667
3.26041666666667
1.82708333333333
1.88333333333333
2.92083333333333
3.61041666666667
3.69166666666667
3.79791666666667
3.03125
2.24375
2.99166666666667
1.72291666666667
1.23333333333333
2.01875
2.58958333333333
3.90416666666667
4.40625
4.7625
2.24375
2.25625
3.00625
2.31458333333333
1.74166666666667
1.75416666666667
2.7
2.16875
5.36041666666667
4.13541666666667
9.22083333333333
7.70625
6.16458333333333
8.11666666666667
10.4354166666667
8.14583333333333
6.76875
6.96458333333333
7.45625
5.67708333333333
5.91041666666667
6.05
8.14791666666667
7.01666666666667
7.09375
4.475
2.8375
2.34791666666667
4.79791666666667
3.42916666666667
4.50833333333333
5.26458333333333
6.93541666666667
10.1916666666667
8.175
13.4041666666667
8.12291666666667
3.17083333333333
4.0695652173913
10.6041666666667
7.47291666666667
6.04166666666667
9.95
6.94375
4.14583333333333
7.84166666666667
6.31458333333333
14.5979166666667
7.53125
3.41458333333333
2.25208333333333
7.04791666666667
10.14375
8.37291666666667
6.0375
8.50833333333333
7.56875
8.35416666666667
4.71875
1.28333333333333
1.09583333333333
1.10416666666667
2.125
2.575
4.41458333333333
7.95625
7.27708333333333
3.74166666666667
3.94583333333333
4.65833333333333
4.27083333333333
2.48125
3.58333333333333
13.1625
9.02291666666667
7.33125
9.49375
9.39375
6.92083333333333
2.94791666666667
2.93125
3.11041666666667
3.3
4.73125
3.85833333333333
6.26666666666667
3.87291666666667
2.53333333333333
3.79166666666667
5.86041666666667
4.49583333333333
2.08541666666667
1.17916666666667
2.5625
4.45
4.89166666666667
6.05208333333333
4.89583333333333
5.5375
12.3166666666667
12.9458333333333
7.59375
3.85416666666667
3.25208333333333
4.7625
5.35416666666667
5.4375
2.59791666666667
1.54375
2.41666666666667
3.33125
1.91041666666667
2.2875
5.62083333333333
7.37083333333333
6.42916666666667
7.77708333333333
1.99791666666667
7.62291666666667
5.08125
10.8166666666667
6.37083333333333
1.82083333333333
1.97291666666667
3.83541666666667
2.36458333333333
1.40416666666667
1.58958333333333
1.70625
2.40416666666667
3.69791666666667
7.06666666666667
5.46666666666667
2.75833333333333
1.81458333333333
1.65833333333333
1.71666666666667
2.775
2.32083333333333
5.03125
2.80416666666667
7.71041666666667
7.47708333333333
4.33125
3.37916666666667
4.59583333333333
2.74166666666667
3.29583333333333
7.08541666666667
4.64791666666667
4.20416666666667
3.19166666666667
4.11041666666667
4.10625
3.78333333333333
1.61875
3.25
4.51458333333333
10.1770833333333
11.2520833333333
11.8520833333333
4.80416666666667
3.26666666666667
3.03541666666667
3.64583333333333
3.64791666666667
5.08541666666667
6.52291666666667
3.24583333333333
4.37916666666667
3.32083333333333
3.56875
4.10416666666667
4.5
5.89375
4.10208333333333
3.28958333333333
3.55208333333333
6.32083333333333
5.65625
2.91875
3.00833333333333
6.09791666666667
2.64583333333333
1.64375
1.48333333333333
2.31875
3.53958333333333
2.90625
2.85833333333333
2.68125
3.28541666666667
2.91666666666667
5.8
6.25833333333333
6.10833333333333
3.55
2.2
2.56458333333333
2.33125
2.21875
1.67291666666667
1.89791666666667
2.07708333333333
2.02291666666667
2.025
1.90833333333333
2.70625
2.19166666666667
2.45
1.69375
6.04583333333333
5.31666666666667
5.7125
6.30833333333333
5.44375
4.99375
3.78541666666667
2.24583333333333
1.79166666666667
2.29583333333333
1.99791666666667
2.31041666666667
2.70416666666667
3.81458333333333
2.27708333333333
2.48333333333333
3.15833333333333
5.6875
2.85416666666667
2.12708333333333
2.25625
2.6625
2.15
2.40208333333333
1.84166666666667
2.55833333333333
2.4875
4.09583333333333
3.02708333333333
2.7375
2.45625
2.71875
5.80416666666667
2.675
2.79791666666667
6.03125
6.32083333333333
3.01666666666667
2.64166666666667
4.63333333333333
2.16041666666667
2.26041666666667
2.92083333333333
3.47708333333333
4.83125
6.76170212765957
5.47083333333333
3.88958333333333
2.62916666666667
2.41041666666667
2.22083333333333
2.38958333333333
2.07083333333333
2.19375
1.94375
2.05
2.25833333333333
3.06875
2.34166666666667
2.42916666666667
2.47708333333333
3.525
2.47291666666667
2.85
4.99375
4.98541666666667
2.37083333333333
2.31458333333333
2.90833333333333
2.37291666666667
2.44166666666667
2.38333333333333
2.15833333333333
2.35625
2.66041666666667
3.375
2.06666666666667
2.375
2.15416666666667
2.47083333333333
2.31041666666667
2.52291666666667
2.77291666666667
4.18958333333333
3.16041666666667
2.34583333333333
6.57916666666667
9.1375
5.89791666666667
2.875
1.75833333333333
4.87291666666667
3.64375
2.47291666666667
3.08125
3.8625
3.03333333333333
2.27083333333333
2.7875
1.94166666666667
2.61041666666667
2.67291666666667
2.06458333333333
2.94791666666667
2.84791666666667
2.83541666666667
2.12916666666667
1.81458333333333
3.77291666666667
3.16808510638298
2.4
2.12978723404255
1.97234042553191
2.4125
2.8875
3.79375
5.45833333333333
5.65416666666667
1.56458333333333
1.73333333333333
2.32083333333333
2.72291666666667
2.09583333333333
2.83125
4.61666666666667
5.25625
5.4936170212766
11.2936170212766
7.84375
7.07708333333333
8.6195652173913
3.9375
2.58333333333333
1.48541666666667
1.65208333333333
1.90416666666667
2.91875
1.69791666666667
2.00208333333333
2.16666666666667
1.61875
1.87083333333333
2.425
2.81875
3.06875
1.625
2.00833333333333
2.70416666666667
2.25833333333333
1.83958333333333
1.725
1.85625
2.49791666666667
1.86041666666667
1.83541666666667
1.3125
1.19166666666667
1.39583333333333
1.8625
3.22083333333333
2.18125
2.13958333333333
2.10416666666667
2.58958333333333
2.73333333333333
9.34375
6.58333333333333
2.55625
1.61875
1.5375
5.22083333333333
3.38125
4.28125
3.68125
1.83541666666667
1.76458333333333
1.60833333333333
4.49791666666667
2.4
7.08541666666667
12.60625
8.96875
4.95416666666667
7.2875
4.05208333333333
2.83958333333333
8.11458333333333
5.3
1.59375
8.8125
11.1604166666667
2.80208333333333
3.75625
4.98541666666667
5.75
4.9125
2.61041666666667
2.12291666666667
3.94791666666667
1.74583333333333
2.44375
9.68125
2.80208333333333
2.6375
2.83541666666667
2.49791666666667
2.60833333333333
4.11041666666667
3.06041666666667
1.33958333333333
1.45
1.87291666666667
3.59791666666667
5.16666666666667
6.225
4.12291666666667
2.98125
3.8125
2.50833333333333
1.66875
1.84583333333333
2.09166666666667
2.96458333333333
