20000101
-99
-99
-99
-99
-99
-99
-99
-99
-99
-99
-99
-99
-99
-99
-99
-99
-99
-99
-99
-99
-99
-99
-99
-99
-99
-99
-99
-99
-99
-99
-99
-99
-99
-99
-99
-99
-99
-99
-99
-99
-99
-99
-99
-99
-99
-99
-99
-99
-99
-99
-99
-99
-99
-99
-99
-99
-99
-99
-99
-99
-99
2.89
2.03
1.46
2.51
2.4
1.34
2.03
2.13
1.51
1.79
1.81
2.48
2.01
2.92
2.35
2.1
2.39
2.37
2.28
2.27
1.95
2.25
2.26
2.25
2.36
2.78
2.22
2.42
1.95
2.48
2.6
1.98
3.41
2.71
2.64
1.89
2.4
1.99
2.8
1.1
1.76
2.92
2.66
2.64
3.05
2.25
3.16
3.17
2.85
2.28
3.37
2.9
3.34
3.35
3.26
2.97
2.14
2.15
2.77
1.69
2.49
2.65
2.65
2.26
2.23
2.79
2.88
2.82
2.51
1.76
1.86
2.35
3.26
2.62
2.61
3.02
2.86
3.21
4.01
2.41
2.26
2.6
3.15
2.95
2.73
3.11
3.21
2.05
3.03
2.87
3.24
2.79
3.39
2.94
2.75
3.1
2.76
2.51
2.85
3.05
2.94
1.77
2.25
1.06
2.31
2.41
2.61
2.84
2.35
2.67
3.16
3.23
2.98
3.37
3.6
3.67
3.59
3.41
3.54
3.44
2.96
2.95
2.58
2.57
3.91
2.8
3.02
3.16
3.26
3.43
2.44
3.2
2.89
2.84
2.43
3.16
3.77
2.72
3.15
3.29
3.09
3.01
2.94
2.08
2.64
2.49
2.5
3.18
3.85
3.34
3.36
3.19
3.26
3.34
2.37
2.39
2.9
2.01
2.19
2.91
2.93
2.84
3.04
2.14
2.64
2.63
3.3
2.66
2.78
2.12
2.54
3.15
2.7
2.81
2.86
2.98
2.37
2.29
3.18
2.96
2.73
2.9
2.9
2.21
3.17
3.26
3.21
2.26
2.49
2.25
2.52
2.82
2.5
2.65
2.73
2.89
2.5
3.06
2.54
2.71
2.68
2.31
3.49
2.2
1.58
2.39
2.39
2
2.47
1.9
2.87
2.68
1.78
1.41
3.24
1.91
1.31
1.25
2.19
1.85
1.38
1.56
2.49
2.21
1
0.85
1.68
1.12
1.07
1.09
1.21
1.15
1.27
1.78
2.19
2.19
1.72
1.24
1.51
1.26
1.53
1.28
1.41
1.97
2.18
1.66
3.02
2.95
1.55
3.31
4.19
2.21
2.13
1.76
1.31
1.31
0.78
2.02
0.83
2.35
1.87
2.47
1.73
1.68
1.93
2.18
2.88
2.31
1.96
2.56
1.26
1.07
1.28
1.24
0.72
1.13
1.05
1.23
0.89
1.04
1.4
1.76
2.33
1.71
1.47
2.1
1.77
1.53
2.51
1.73
2.05
1.66
1.27
1.05
0.8
1.88
2
1.61
1.66
1.37
1.86
2.11
2.51
1.27
2.49
1.66
1.44
1.81
2.05
1.4
1.95
1.45
2.59
1.41
1.47
0.65
0.93
0.68
0.6
0.87
0.9
0.83
0.91
1.57
1.28
1.07
1.13
1.62
1.71
2.27
1.96
1.53
1.97
1.35
2.53
2.28
1.68
1.64
1.95
1.89
2.39
1.59
1.86
2.12
3.17
1.48
1.18
1.16
1.64
1.26
1.58
1.5
1.44
1.18
2.17
2.28
2.06
2.23
2.05
1.94
2.78
1.76
1.97
4.09
2.15
1.71
2.21
2.48
1.53
0.94
1.54
2.57
2.24
1.61
1.91
2.53
2.99
2.22
2.01
1.35
3.06
2.54
2.2
1.79
2.52
2.05
1.52
1.64
3.39
2.06
2.15
1.86
2.84
2.29
2.17
2.43
2.59
2.56
2.26
2.69
2.84
4.37
4.96
2.14
2.53
2.96
2.41
2.16
2.46
2.44
2.97
3.58
2.17
2.31
2.89
3.53
2.5
2.77
3.26
3.41
3.38
2.64
2.27
3.4
1.54
2.83
1.84
0.96
1.91
1.79
2.44
2.47
2.5
1.98
1.4
1.97
2.57
3.2
1.86
2.94
2.69
2.27
1.68
2.33
2.13
2.96
2.06
2.01
1.72
1.76
2.1
2.49
2.59
2.36
2.68
2.35
3.67
3.69
3.12
3.69
2.88
3.11
3.04
3.2
3.17
2.35
3.45
2.91
3.45
2.99
3.74
3.63
3.1
3.25
2.88
3.24
2.92
2.92
2.67
2.62
3.29
2.9
3.05
2.85
2.94
2.97
3.64
3.04
3.02
3.04
3.06
2.47
3.1
3.35
1.81
2.61
3.65
3.64
3.38
3.33
3.47
3.31
2.46
3.31
1.74
2.39
2.29
2.9
2.58
1.91
2.88
2.96
2.76
2.42
2.48
2.65
2.76
2.79
3.47
2.64
3.45
4
2.69
3.32
3.19
2.86
3.79
3.06
2.71
3
3.23
2.29
2.29
3.08
3.38
1.89
3.1
3.04
3.11
2.69
2.73
2.66
2.46
2.18
2.68
2.12
2.98
2.83
2.7
2.76
3.32
2.85
2.77
2.21
2.24
2.29
2.31
3.36
3.08
2.47
2.73
2.86
2.22
1.81
3.68
2.83
2.27
1.29
2.39
1.19
1.96
1.68
1.7
1.9
2.69
0.82
0.64
2
2.1
2.32
1.97
2.1
2.02
1.81
3.03
2.46
1.16
0.76
1.19
1.02
1.24
1.57
1.98
1.9
1.16
0.69
2.08
2.19
1.89
1.91
2.33
1.25
0.92
1.29
1.54
1.5
1.35
1.21
1.57
2.13
1.48
0.97
1.46
0.9
1.33
1.62
2.08
2.01
1.32
1.41
1.08
2.35
1.73
3.12
2.79
1.6
1.04
1.36
1.35
0.95
1.74
1.74
1.71
1.4
1.73
1.05
2.65
1.44
1.79
1.03
0.73
0.33
1.41
1.34
1
1.22
0.76
0.66
0.58
0.81
1.15
1.7
0.86
1.28
2.03
1.12
1.28
1.23
1.34
1.59
1.29
0.89
1.66
3.2
2.53
2.4
2.42
2.97
3.05
1.28
0.5
0.16
0.36
0.84
0.36
0.72
1.29
0.69
0.8
1.29
1.42
1.01
1.67
1.82
1.28
1.56
1.3
0.93
0.97
1.23
2.19
1.59
1.34
3.69
2.45
2.15
2.96
1.23
0.82
1.33
1.68
1.51
1.08
1.23
1.21
1.78
5.06
3.24
1.41
1.44
1.59
1.09
1.85
1.22
2.24
1.56
0.94
1.39
1.87
1.61
3.24
4.32
1.99
1.5
2.46
1.13
1.81
3.15
2.57
1.6
1.09
1.38
1.46
1.71
1.91
0.92
1.51
1.59
1.64
1.82
1.52
1.72
2.72
2.25
1.66
1.61
2.93
1.82
1.86
1.43
1.95
2.31
2.33
2.53
2.44
2.3
3.43
1.15
1.91
2.16
2.55
1.53
1.48
3.26
1.84
2.06
2.42
1.28
1.74
1.84
1.54
1.85
2.81
2.13
1.59
1.54
1.71
1.99
2.82
2.53
2.59
1.66
2.15
1.72
2.74
0.85
-99
-99
-99
-99
-99
2.77
1.53
2.01
2.67
2.06
2.84
2.24
1.52
1.41
0.67
1.96
2.7
2.58
2.36
2.51
2.31
3.09
2.05
2.88
3.09
2.88
3.03
2.03
2.92
3.34
1.9
2.48
2.98
2.66
2.46
2.25
3.35
2.48
3.44
1.52
2.79
2.14
1.1
2.25
2.76
2.63
2.2
2.38
2.65
2.79
2.56
2.37
2.67
2.49
1.81
2.5
2.49
2.56
2.44
2.59
2.7
3.12
2.84
1.66
1.83
2.17
3.45
2.61
3.69
3.1
3.42
3.41
3
3.68
3.65
2.48
2.58
2.14
2.28
2.56
2.16
1.94
2.47
3.18
3.01
2.6
2.42
2.47
2.67
2.95
3.34
3
2.65
-99
2.62
2.18
2.14
1.66
2.59
2.97
2.72
2.86
2.66
1.71
2.54
2.02
2.85
2.69
2.41
2.71
2.29
2.41
2.31
2.58
2.61
2.66
2.18
1.76
2.1
0.78
1.79
1.72
0.79
1.6
1.77
2.34
1.14
1.97
1.77
1.88
2.22
2.05
1.26
2.4
1.6
2.43
2.21
1.78
2.56
1.6
1.55
1.96
2.1
1.8
1.35
1.41
1.71
1.26
1.48
1.97
1.62
1.62
1.66
2.05
1.58
2.28
2.51
2.2
0.56
1.45
1.71
1.63
1.25
2.02
1.72
1.29
1.74
2.56
1.7
1.29
1.56
1.43
2.18
2.51
1.91
1.34
1.4
2.31
2.54
2.36
1.59
2.05
1.46
1.17
0.75
1.19
1.09
0.79
1.43
1.78
1.79
1.38
1.59
1.18
3.61
1.52
1.83
2.06
1.4
1.25
2.87
1.85
1.38
1.88
1.29
1.66
1.55
1.21
1.77
1.87
0.73
1.06
0.51
-99
-99
-99
-99
-99
2.13
2.52
2.22
1.72
2.08
2.05
1.93
1.11
0.93
1.05
0.76
1.21
0.92
0.76
1.29
1.17
1.15
1.65
0.41
0.36
1.39
0.88
1.11
2.77
2.38
2.06
1.95
2.45
2.39
2.24
2.43
2.71
2.36
1.41
2.04
1.23
1.64
1.92
0.93
0.56
1.67
1.76
2.12
1.74
1.87
0.71
0.64
1.5
1.36
1.9
0.97
1.95
2.04
2.28
2.1
2.13
2.3
1.39
2.52
3.12
3.08
6.73
2.47
2.28
3.14
5.43
2.38
1.78
0.52
1.29
1.48
1.66
0.61
0.36
0.49
1.03
0.99
0.88
1.57
0.88
0.58
2.93
1.74
0.47
1.19
2.01
2.36
2.29
1.43
1.49
1.96
2.84
1.8
2.17
1.81
1.56
1.99
1.44
1.43
1.3
1.91
2.21
2.15
2.45
1.15
1.74
1.89
2.16
1.95
2.44
1.78
2.03
2.01
1.99
1.98
2.38
1.15
1.18
1.73
1.1
1.13
1.84
2.41
4.44
2.21
2.21
3.15
2.78
1.1
2.99
3.35
2.25
1.95
2.8
2.46
3.11
2.51
1.73
1.65
2.17
1.69
2.6
2.65
2.44
2.52
3.57
1.86
3
3.6
2.17
2.93
2.39
2.15
2.49
2.35
2.85
2.32
2.56
1.5
2.17
2.54
2.61
2.55
2.71
3.45
3.11
2.69
2.79
2.53
3.29
2.49
2.79
2.37
2.5
3.22
2.07
1.63
2.21
2.05
2.35
2.71
2.57
2.73
2.89
2.01
2.71
1.51
2.72
2.9
2.1
2.64
3.25
2.92
2.79
2.66
2.45
2.91
1.99
2.04
2.46
2.23
2.35
2.71
2.8
2.58
2.16
2.58
3.25
2.34
2.58
2.81
2.8
3.43
3.43
3.66
3.29
2.78
2.53
2.58
2.76
1.79
2.55
2.99
2.48
2.71
3.03
3.13
2.83
3.28
3.25
3.43
2.3
3.09
2.63
2.9
3.3
2.63
3.11
3.18
3.3
3.23
3.15
3.06
2.72
2.56
2.87
2.54
2.51
2.46
1.91
2.25
2.43
2.8
2.29
1.98
2.15
2.3
2.88
2.38
1.45
2.17
2.58
2.81
2.01
2.23
2.52
2.13
2.41
2.54
3.05
3.36
3.58
2.33
3.67
2.81
1.8
1.46
1.8
1.64
2
0.78
1.84
3.13
2.77
1.86
1.88
1.26
1.94
1.51
1.45
1.84
1.73
1.88
1.6
2.23
2.07
1.92
1.85
1.65
1.59
0.98
1.58
1.97
0.47
1.55
2
1.92
1.52
1.89
1.87
1.88
2.34
1.2
1.66
1.07
0.88
1.19
1.32
2.1
2.1
2.4
1.5
1.02
2.14
1.2
0.95
3.38
1.9
1.34
0.89
0.18
1.05
1.86
1.39
3.18
1.8
1.89
1.29
1.12
0.95
0.76
1.35
0.47
0.77
0.77
0.68
0.56
0.56
1.14
0.63
1.6
1.79
1.14
1.15
0.8
1.05
0.63
1.73
1.82
1.33
1.93
2.87
1.9
2.28
1.63
0.66
0.77
1.06
2.09
1.32
0.71
1.08
1.66
0.86
1.53
1.36
2.23
2.08
2.13
1.67
1.39
0.43
0.8
1.63
1.15
1.28
3.2
1.48
1.76
1.48
1.01
1.07
0.73
1.56
2.1
2.56
2.01
1.46
2.11
1.19
1.8
1.19
0.84
1.99
2.39
2.39
1.56
2.42
3.67
2.38
1.75
2.17
3.56
4.07
3.21
3.95
3.63
2.61
3.37
2.07
1.85
3.04
4.11
4.02
3.76
3.05
2.52
2.02
2.14
1.85
2.52
2.27
2.14
2.87
1.64
1.93
2.13
2.41
2.15
2.46
1.24
2.74
2.17
1.86
2.21
2.84
2.77
1.96
5
4.28
2.07
1.18
1.65
4.23
5.59
2.98
2.23
2.45
2.69
3.23
2.5
3.68
3
2.76
2.77
1.89
3.05
2.96
2.08
1.98
2.55
2.75
3.42
3.48
2.76
2.09
3.38
4.42
5.78
3.27
3.01
3.64
2.09
3.12
5.44
3.09
3.95
3.84
3.91
2.97
2.55
2.8
3.39
4.05
2.35
2.5
3.26
3.06
3.34
3.68
2.49
2.98
4.01
3.23
3.91
6.46
4.28
3.83
1.9
2.91
2.81
3.61
4.59
4.46
2.59
1.81
3.46
1.99
1.67
2.84
4.11
4.67
6.5
5.04
3.75
3.47
2.6
1.99
2.99
3.49
2.81
2.78
3.06
3.44
3.68
3.23
3.88
3.94
3.28
3.77
3.32
3.18
2.88
2.97
3.47
3.86
2.18
3.61
3.3
3.66
3.61
3.21
3.77
3.89
3.93
3.97
3.71
3.74
3.25
3.32
4.17
4.13
3.48
2.42
3.8
3.98
3.47
4.35
3.66
4.48
3.44
4.23
3.7
4.11
4.14
3.63
4.17
4.04
4.57
4.94
3.99
4.16
3.41
3.19
3.59
4.76
4.35
4.91
4.61
3.59
3.66
3.89
4.1
4.1
4.56
3.94
4.24
3.46
4.11
4
3.22
4.58
3.74
3.85
4.09
4.36
4.15
3.06
3.4
4.39
3.35
3.86
3.33
3.17
4.01
3.46
4.07
3.99
3.93
3.97
4.58
5.15
4.28
3.98
4.51
3.32
4.42
4.42
5.34
3.81
3.72
4.4
4.42
4.87
4.15
4
4.17
2.97
3.42
2.97
3.3
2.58
2.94
2.97
3.07
3.59
3.35
3.16
3.67
3.72
3.96
3.23
3.13
2.16
3.07
3.07
3.15
3.06
3.59
2.78
2.61
2.78
2.74
3.1
3.51
3.33
2.95
3.5
3.2
2.88
2.97
2.93
2.77
3.16
2.62
3.13
3.05
3.27
3.26
4.87
3.78
2.23
2.29
3.44
4.06
3.86
3.38
3.14
3.03
4.06
3.2
2.77
2.54
2.41
3.03
3.22
1.88
2.78
3.52
2.14
2.16
1.51
2.29
1.85
1.35
1.86
2.84
2.39
2.92
2.6
3.25
2.22
2.94
2.97
4.84
2.12
3.32
2.38
3.48
3.12
2.05
1.96
1.29
3.03
2.33
1.26
-99
-99
-99
2.43
1.75
2.26
2.94
2.35
1.16
1.75
2.36
3.03
2.17
3.03
1.15
1.6
0.96
1.21
1.6
1.33
2.64
3.3
2.71
4.25
3.59
2.39
2.74
3.53
3.44
1.76
1.7
3.13
3.4
3.35
1.92
2.55
1.51
1.83
1.21
1.4
1.52
1.31
0.94
0.4
0.58
0.56
1.26
1.9
0.92
1.64
0.93
0.79
1.66
1.75
1.56
1.6
2.03
2.05
1.85
1.68
4
2.5
1.93
1.55
1.39
1.6
1.71
2.54
1.93
1.86
0.55
1.12
0.45
1.25
1.68
0.78
1.36
1.72
1.6
3.56
4.56
2.45
1.14
1.82
1.6
1.86
2.49
1.24
1.38
1.88
1.53
1.15
1.39
1.5
2.68
1.69
1.57
2.32
1.17
2.17
1.88
2.85
1.69
1.59
1.41
0.49
1.42
2.07
1.98
2.07
1.7
1.87
1.66
1.78
2.05
2.43
1.81
1.52
1.88
1.99
2.07
2.01
2.1
1.6
1.54
2.22
2.2
0.85
1.31
1.65
1.71
2.86
2.25
2.3
3.07
3.58
2.19
2.13
2.29
2.74
2.3
2.86
2.65
1.96
2.13
1.93
1.81
2.26
2.39
1.91
1.95
2.61
2.62
2.28
2.29
2.68
2.08
1.53
1.98
3.06
2.54
2.4
2.45
3.13
2.44
2.35
2.53
2.55
2.56
2.03
2.73
2.5
1.07
2.17
1.98
2.78
2.59
2.66
2.15
2.14
2.51
2.67
2.66
2.76
2.46
1.72
1.3
2.79
2.73
2.57
2.71
2.99
2.6
2.31
3.04
3.25
2.88
2.87
2.88
1.93
1.63
1.85
2.54
2.39
2.74
2.59
2.19
1.65
2.37
3.13
1.68
2.78
2.75
2.39
2.32
2.11
3.68
3.23
2.61
3.39
2.57
3.35
2.37
3.64
4.28
3.28
1.75
2.09
2.66
2.92
3.05
3.03
2.43
2.12
3.26
2.92
2.74
3.43
2.77
2.87
2.65
2.51
3.1
3.08
3.16
2.41
3.66
2.63
0.84
1.98
1.92
2
2.55
2.61
2.63
3.04
2.49
2.54
1.47
2.36
2.51
2.65
3.56
3.07
2.59
2.17
2.39
1.71
1.56
1.93
2.1
2.19
2.64
2.39
1.41
1.86
1.97
2.3
2.55
2.22
2
2.32
2.22
1.68
1.35
1.54
1.14
1.77
2.15
2.02
1.71
1.65
1.17
1.6
1.56
2.14
1.71
1.48
1.14
1.43
1.9
1.9
1.64
1.27
1.19
1.41
1.81
1.24
1.29
2
1.84
1.27
1.4
1.68
1.96
1.65
1.36
1.54
1.01
0.34
0.91
0.77
1.51
1.25
1.15
0.85
0.47
1.31
0.94
1.37
1.67
0.81
1.09
0.78
1.04
0.99
0.99
1.06
1.21
0.93
1.37
1.31
1.41
1.84
1.17
2.08
1.23
1.31
1.28
1.37
0.83
0.63
1.36
1.91
1.08
1.4
1.68
0.89
0.96
0.82
0.75
0.71
1.13
1.16
2.46
2.45
2.15
1.85
2.09
1.44
1.22
1.52
2.29
1.21
1.98
1.72
1.69
1.3
1.6
1.63
0.95
1.05
1.44
2.23
1.5
2.77
2.23
1.19
0.61
0.67
1.13
1.19
1.51
0.57
0.96
0.67
1.16
1.14
1.19
2.02
1.77
1.98
2.14
1.96
1.43
0.54
0.58
1.57
1.23
0.28
0.61
0.76
0.81
0.49
0.64
0.33
0.2
0.88
1.56
1.48
0.89
1.3
1.35
1.75
0.77
0.36
0.65
0.2
0.07
0.19
0.74
1.3
1.8
1.45
0.89
1.68
1.84
1.5
1.56
1.86
0.97
0.44
0.87
0.6
1.45
0.61
1.19
1.83
2.61
1.66
2.57
1.84
1.23
0.91
1.07
0.76
1.6
0.95
1.86
1.47
1.89
2.11
1.84
2.32
2.06
3.26
1.28
2
1.62
3.13
3.84
2.32
2.53
0.98
1.8
2.25
1.9
0.71
1
1.99
1.96
1.64
2.11
2.69
1.44
1.97
1.38
2.69
2.1
1.49
2.61
1.71
1.39
2.3
2.19
1.83
2.62
1.87
2.16
2.27
2.35
1.65
1.9
1.92
1.91
2.21
2.17
0.92
2.13
1.79
1.63
1.65
1.97
1.11
1.56
2.17
1.96
1.29
1.55
1.77
2.12
2.4
2.37
1.48
1.81
1.97
2.3
2.57
2.24
2.11
2.92
2.6
2.52
2.29
2.17
2.72
2.3
2.03
2.08
3.33
1.91
2.88
2.32
2.57
2.31
2.46
2.46
2.04
2.7
2.88
4.46
3.1
2.67
2.79
2.09
2.36
2.29
2.68
2.75
2.66
2.83
2.5
3.02
3.08
2.67
2.71
2.46
2.39
2.91
3.03
2.62
1.8
2.2
3.18
2.79
2.92
2.62
2.76
2.85
2.16
2.42
2.49
2.75
2.98
2.9
2.74
2.72
2.98
2.82
2.75
2.28
2.85
2.41
1.33
1.4
1.79
1.75
1.97
1.93
2.53
2.34
2.39
2.53
2.53
2.56
2.22
2.24
2.57
2.65
2.49
1.85
2.65
2.27
2.76
3.43
2.43
2.26
1.89
2.25
2.12
1.66
2.08
2.7
2.55
2.88
2.76
2.55
1.75
2.64
2.35
2.39
1.95
2.18
1.95
2.59
2.78
2.21
1.66
2.45
2.27
1.69
2.6
2.97
2.38
2.48
1.7
1.97
2.21
2.47
2.63
1.89
1.59
2.23
2.5
2.13
1.41
2.05
0.93
1.77
2.22
1.56
1.48
1.46
1.97
1.87
0.9
1.15
1.25
2.09
1.27
1.52
1.42
1.63
1.94
1.54
1.81
1.85
1.6
1.48
1.41
1.59
1.83
1.38
1.79
1.47
1.01
1.3
1.28
1.18
1.31
0.94
0.71
1.14
1.66
1.32
1.85
1.6
1.75
1.21
1.18
1.56
1.39
1.35
1.18
1.29
0.89
1.76
1.28
0.75
0.85
1.44
0.87
0.82
1.33
1.18
1.23
1.29
1.53
1.34
0.7
1.15
1.46
1.58
1.73
1.09
1.98
1.73
2.09
3.25
1.77
1.21
1.45
0.87
1.46
1.46
1.09
0.95
1.93
2
1.97
1.26
2.27
1.94
2.4
1.54
1.61
1.39
1.21
1
0.69
0.55
1.55
1.36
1.33
1.3
2.1
1.51
1.44
1.01
1.8
1.19
0.4
0.75
1.05
0.97
0.99
2.34
1.68
1.59
2.1
1.45
1.35
1.61
2.61
1.74
1.05
1.74
1.63
1.46
0.91
0.71
0.93
1.71
2.44
2.76
1.72
0.9
1.06
4.19
3.45
1.41
1.62
1.81
1.51
1.26
1.56
1.34
1.6
1.03
1.24
1.22
0.94
1.24
2.01
0.98
2.02
2.93
2.2
2.75
2.07
2.44
2.28
1.07
0.94
1.38
1.55
1.74
1.23
1.27
1.63
2.31
2.44
2.53
1.67
1.63
2.85
2.97
2.6
2.05
1.46
0.99
2.02
1.94
1.99
3.33
2.09
1.53
1.6
1.62
1.21
1.13
2.04
2.48
3.43
5.13
2.91
2.48
2.23
1.9
2.1
1.43
1.63
1.61
2.13
2.14
1.6
1.86
1.84
1.09
1.95
0.49
1.75
1.79
1.62
1.1
0.57
0.71
0.48
0.76
1.29
1.13
1.74
1.16
1.37
1.7
1.58
1.56
1.48
1.54
1.57
1.79
1.04
0.94
0.36
0.89
1.6
0.65
1.98
0.36
0.74
1.08
1.87
1.74
1.66
1.69
1.24
2.22
1.85
1.74
2.14
1.86
0.74
1.35
2.33
0.9
2.1
1.47
1.59
1.34
1.77
1.82
1.56
2.64
2.23
1.74
1.67
1.08
1.96
1.38
1.68
1.5
0.43
0.99
1.78
1.76
1.24
1.43
1.58
1.81
2.2
2.19
2.09
1.64
2.86
1.62
2.24
1.62
2.87
2.41
2.69
2.49
2.89
3.27
2.95
3.41
2.35
2.76
1.03
2.65
1.67
3.46
2.4
2.35
2.27
2.59
2.25
1.84
2.13
2.31
3.1
2.32
2.38
1.54
-99
-99
-99
3.23
1.76
2.38
2
3.24
2.28
2.42
2.27
2.42
1.79
2.43
2.62
2.58
2.24
2.47
2.4
2.51
1.76
0.83
2.17
1.42
1.98
2.04
1.7
1.6
1.88
2.53
2.11
2.62
2.23
1.45
2.33
1.75
1.19
1.4
1.22
1.08
1.2
1.53
1.69
1.83
1.75
1.38
1.55
1.96
1.75
1.53
1.76
1.47
1.77
1.81
1.89
1.85
1.55
1.5
1.64
1.13
1.43
1.56
1.87
1.87
1.82
1.7
1.32
1.05
1.09
1.54
2.02
1.65
1.74
2.02
1.22
1.65
1.59
1.49
0.85
1.05
1.35
1.15
1.57
0.91
1.17
1.61
0.98
0.96
1.02
0.95
0.98
0.87
0.8
0.96
1.29
1.24
1.14
0.78
0.68
1.34
0.76
1.08
1.09
1.06
0.9
1.45
0.88
1.28
0.85
0.96
0.74
0.85
1.33
1.49
0.93
1.26
1.36
0.91
0.75
1.08
1.64
1.68
1.15
1.49
1.16
0.68
0.85
0.64
0.92
0.8
0.96
1.53
1.46
1.36
1.04
1.05
1.4
1.51
1.07
1.81
1.9
1.45
1.11
1.58
1.65
2.71
2.69
1.96
1.65
0.89
1.4
0.94
0.94
0.69
0.81
0.52
0.78
1.41
0.96
0.9
0.96
1.76
1.19
1.04
0.73
0.93
1.01
1.31
1.24
0.72
0.56
0.88
1.2
2.11
1.43
0.6
0.59
0.76
2.24
1.77
1.37
1.06
0.97
1.92
1.74
1.65
1.15
1.23
1.25
1.68
1.44
0.88
1.33
0.96
1.21
1.65
0.77
1.01
1.49
0.96
1.16
2.61
2.26
1.64
1.49
0.7
1.05
0.82
1.13
1.45
0.73
0.58
0.71
1
1.74
0.91
0.54
0.47
0.92
0.71
0.81
0.97
1.33
0.43
0.77
1.23
1.54
1.2
1.53
1.61
1.6
2.75
5.17
1.55
1.55
1.63
1.27
0.9
1.65
1.62
1.67
1.75
1.35
1.56
0.96
1.32
1.52
1.58
2.24
1.78
2.71
2.51
2.2
1.84
1.67
2.05
1.78
2.6
1.97
1.74
1.54
1.61
1.81
1.73
1.76
1.13
1.7
1.69
2.15
1.64
0.99
1.41
1.94
2.18
1.9
1.64
1.31
2.29
0.96
2.03
2.01
1.48
1.82
1.26
1.86
1.85
1.92
2.21
2.33
2.12
2
2.09
2.07
1.5
2.19
1.98
1.52
1.39
1.53
1.13
0.79
1.71
1.68
1.32
1.1
1.41
1.91
0.99
1.87
2.04
0.78
1.52
2.37
1.54
1.17
1.13
1.64
1.21
2.11
1.18
1.6
1.74
1.19
1.23
1.09
1.51
2.21
1.91
1.43
1.07
0.87
1.31
2.46
2.56
1.95
1.21
1.61
1.54
1.99
1.99
1.47
1.65
1.51
1.08
1.53
2.04
1.11
1.23
1.63
1.77
1.87
1.94
1.79
1.94
1.97
2.12
2.37
2.39
2.16
2.06
2.31
1.76
1.57
2.3
1.77
1.39
1.77
1.58
2.11
2.15
2.04
1.88
2.25
1.97
1.6
2.15
2.19
2.15
1.54
1.67
1.89
2.02
1.73
2.05
2.05
2.03
2.11
1.8
2.23
1.88
2.48
2.55
1.43
2.26
1.73
1.52
1.02
1.94
2.18
1.74
2.21
1.91
1.94
1.37
2.1
2.1
2.12
1.4
1.52
1.97
1.9
1.01
1.83
1.78
2.16
1.32
1.66
0.97
1.51
1.37
1.1
1.27
1.77
2.09
1.51
1.1
1.35
1.69
1.46
1.43
1.66
1.87
1.77
0.9
0.79
0.77
0.88
1.55
1.36
1.6
0.99
1.14
0.88
0.93
1.35
1.3
1.09
1.42
1.37
0.83
1.13
0.97
0.87
1.13
1.11
1.04
1.33
1.09
1.23
0.76
1
1.11
1.24
2.08
0.99
0.94
1.06
0.96
1.29
0.78
0.98
0.84
1.64
1.08
2.5
1.12
1.19
1.34
0.74
0.8
0.8
0.9
0.74
0.78
0.71
1.08
1.4
1.3
1.21
1.53
0.66
0.85
1.25
2.29
1.8
1.43
1.79
0.96
0.92
0.65
1.11
1.42
1.33
1.8
1.63
1.36
1.05
0.96
1.44
0.83
0.5
0.74
1.09
1.43
1.79
1.08
1.48
1.15
1.06
1.17
1.84
1.78
1.81
1.62
1.01
0.47
0.74
1.44
1.5
2.01
1.58
0.46
0.96
0.62
0.72
0.46
0.94
0.99
1.73
0.76
0.98
0.78
1
0.57
1.15
1.14
1.36
1.56
1.13
0.55
0.76
1.28
0.99
1.13
1.32
1.64
1.52
4.62
1.75
3.02
2.06
1.69
1.28
1.28
0.73
1.25
0.79
1.45
1.5
1.01
0.87
2.85
1.94
1.6
1.92
1.56
1.21
0.83
1.35
1.79
0.93
1.44
1.82
0.89
1.05
1.3
1.27
1.43
0.95
0.97
0.76
1.16
0.8
0.64
0.68
0.77
1.22
4.14
2.94
1.91
1.52
1.41
1.07
1.1
1.4
1.21
1.52
1.3
1.41
1.31
1.23
1.19
1.93
1.17
0.89
1.36
1.97
1.45
1.06
1.7
1.04
1.36
1.46
0.82
1.43
0.73
1.06
1.31
1.78
1.87
1.43
1.3
1.71
1.02
1.74
0.93
1.74
1.77
1.63
1.54
1.33
0.97
1.42
1.4
1.56
1.91
1.38
1.84
1.08
1.79
1.63
1.35
1.48
1.79
0.83
1.41
1.38
1.24
1.59
2.04
2.11
1.69
1.67
1.57
1.47
1.91
1.3
1.15
1.55
1.66
2.17
1.72
1.86
2.05
1.93
1.58
1.56
1.53
2.24
2.13
1.64
1.75
2.32
2.69
2.1
1.96
1.84
2.09
2.01
1.38
2.26
2.68
2.98
2.24
1.9
2.77
2.29
2.15
2.06
1.56
1.6
2.25
2.13
1.9
2.13
2.34
2.22
2.57
2.65
1.72
2.31
2.57
2.03
2.04
1.63
2.43
2.29
2.1
2.27
2.26
2.63
2.36
1.4
1.83
2.49
2.3
2.08
1.9
2.25
2.38
2.53
2.38
2.24
2.33
2.19
2.6
2.56
2.61
2.37
2.53
2.2
2.26
2.24
2.18
2.65
2.44
2.27
2.34
2.23
1.99
2.46
2.23
2.33
1.64
1.47
2.21
2.4
2.1
1.95
1.75
2.05
1.93
2.1
1.94
1.65
1.99
2.04
2.35
1.97
2
1.17
2.14
1.97
2.19
2.56
1.86
2.33
2.2
1.97
1.94
1.98
2.29
2.02
1.89
1.87
1.88
1.99
1.95
1.6
1.5
1.7
0.9
1.47
1.29
1.43
1.32
1.55
1.38
1.56
1.33
1.68
1.66
1.7
1.11
1.07
1.48
1.54
1.38
1.39
1.18
1.02
1.57
1.52
1.35
1.37
1.56
1.15
1.15
1.44
1.54
1.6
1.71
1.29
1.52
1.46
1.52
2.3
1.38
1.4
2.03
1.61
0.75
1.02
1.14
0.93
1.28
1.23
0.89
1.08
1.77
2.28
2.64
2.39
1.55
2.08
3.41
1.59
1.6
1.33
1.23
1.03
0.95
1.07
1.08
0.81
0.86
1.04
1.09
1.35
1.65
1.19
1.11
1.05
1.19
0.88
1.03
1.32
2.57
2.47
1.34
1.39
1.57
1.2
1.01
1.72
1.7
0.87
1.1
1.1
1.05
1.22
1.47
2.5
1.71
1.24
1.53
1.63
1.91
1.27
0.92
1.26
1.33
1.5
0.74
1.94
1.26
1.38
1.36
1.34
3.06
1.32
0.81
0.96
0.79
1.56
1
2.13
2.71
1.56
1.05
0.98
2.19
1.77
1.64
0.9
1.17
0.89
1.03
1.16
1.21
1.05
1.1
0.64
1.11
1.58
1.25
1.58
1.54
1.82
1.68
1.21
1.07
1.53
0.86
1.6
1.98
1.46
0.8
1.13
1.54
3.78
1.49
1.41
1.85
0.76
1.11
1.16
1.4
1.31
2.09
1.14
1.32
1.44
2.9
1.16
1.72
0.83
1.86
1.41
1.71
1.43
1.16
1.08
1.31
1.1
1.56
1.74
1.31
1.4
0.99
1.37
1.45
1.77
1.1
1.6
1.47
1.61
1.53
1.3
0.98
1.28
1.66
1.74
3.24
1.87
1.59
2.2
2.9
2.04
2.47
1.31
1.85
1.57
1.67
1.48
1.11
1.31
1.6
1.64
1.68
1.11
1.64
0.94
1.18
2.05
1.9
1.67
1.27
1.88
1.78
1.34
1.42
1.73
1.64
2.01
1.93
2.05
2.31
1.96
1.63
2.06
1.44
2.08
1.83
2.2
2.32
1.74
2.39
1.78
1.71
2.05
2.15
1.26
1.91
1.8
1.93
1.67
2.36
1.86
1.91
2.08
1.83
2.09
2.53
1.54
2.37
1.29
1.61
1.68
1.91
2.31
2.04
1.91
1.94
2.27
1.24
2.13
2.48
1.16
2.68
1.37
1.7
1.54
1.9
1.68
1.73
1.82
1.8
1.55
1.88
1.77
2.06
2
1.95
1.95
1.88
1.82
1.18
1.29
1.42
1.77
2.14
1.88
1.61
1.55
1.79
2.03
1.9
2.03
1.9
1.75
2.46
1.87
2.01
2.1
1.95
2.2
2.26
2.25
1.82
1.96
2.04
1.9
1.95
1.81
1.89
1.87
2.38
1.46
2.56
2.39
2.05
1.81
1.47
1.85
2.33
2.25
1.76
1.8
2.16
2.18
2.16
1.68
1.84
1.93
2
2.11
2.15
2.36
0.9
1.43
1.68
2.14
1.68
2.29
1.79
2.08
2
2.13
1.97
2.05
2.46
2.18
1.69
1.72
1.65
1.85
2.31
1.91
1.66
1.56
1.64
1.71
1.81
1.48
1.71
1.51
1.94
1.29
1.07
0.97
1.12
0.83
1.39
1.31
1.36
1.52
1.71
1.27
1.34
1.24
1.28
1.13
1.42
1.69
2.72
1.31
1.36
1.04
1.31
1.29
1.26
1.44
2.79
1.08
1.26
1.36
1.01
1.34
1.58
1.57
0.92
1.15
1.29
0.78
1.73
2.54
1.44
0.86
0.89
1.58
1.23
1.91
1.16
1.88
1.5
1.13
0.94
0.87
0.97
1.3
1.61
2.47
1.83
1.93
1.38
0.87
1.97
2.18
1.63
1.07
0.84
1.18
1.73
1.81
1.71
1.24
1.37
1.55
1.02
1.45
1.28
0.68
1.35
1.42
1.67
1.46
0.92
1.15
1.04
1.36
1.07
1.28
1.28
1.33
0.75
0.98
1.76
2.06
1.93
0.97
1.41
1.68
0.81
0.93
1.86
2.56
2.58
1.3
0.95
0.85
0.79
0.6
0.57
0.95
0.91
1.18
1.04
1
0.85
0.89
1.63
1.17
1.34
2.11
1.27
1.34
1.36
0.98
0.99
1.14
0.97
0.8
1.45
1.95
1.16
1.45
1.18
1.69
1.03
0.98
1.02
1.25
0.85
1.26
1.54
1.75
1.65
1.83
1.52
1.01
1.17
1.36
1.28
1.34
1.56
1.19
1.27
1.17
1.06
1.93
1.16
1.94
1.27
1.12
1.82
2.99
1.15
0.9
1.83
1.92
1.94
1.61
1.51
1.87
0.94
1.32
1.33
1.41
1.61
1.28
1.32
1.59
1.88
1.9
1.34
1.33
1.3
1.16
1.7
2.25
1.51
2
1.85
1.28
1.67
1.45
1.69
1.99
1.82
1.56
1.43
1.32
1.32
1.46
2.21
1.49
1.71
1.5
1.62
1.36
1.47
1.31
2.2
1.58
1.86
1.95
1.98
1.69
1.92
2.14
1.88
1.63
1.64
1.67
1.55
1.05
1.57
1.18
1.39
2.44
1.99
1.64
1.78
1.91
1.22
1.46
2.08
1.93
1.9
1.36
1.59
1.94
1.98
2
2.07
2.2
2.08
1.88
1.55
1.88
2.08
1.76
1.78
1.84
1.9
1.86
1.99
2.05
2.19
2.52
2.07
2.55
2.05
1.49
1.64
1.66
0.96
1.16
1.82
2.46
1.03
2.03
2.14
1.63
2.39
2.12
1.8
2.31
2.1
2.05
1.69
2.38
2.41
2.1
2.13
2.13
2.15
2.27
1.8
2.14
2.15
1.95
1.67
2.19
2.3
2.57
2.07
1.32
2
2.28
1.83
1.72
2.24
2.23
2.14
1.69
2.01
2.46
2.22
3.16
2.81
2.89
3.46
2.19
2.7
1.64
2.16
2.45
1.74
1.97
2.1
2.19
2.47
1.39
2.37
2.15
1.82
2.29
2.16
2.21
2.28
2.5
2.67
1.96
2.06
2.12
2.28
2.16
2.33
2.29
2.02
2.23
1.87
1.93
1.94
2.01
1.57
1.89
1.98
1.99
2.09
2.19
1.9
2.38
2.28
1.79
1.87
2.4
1.33
1.78
1.99
1.69
1.53
1.7
2.03
2.14
1.43
1.96
1.98
1.8
2.07
1.91
2.08
1.75
1.78
1.83
1.58
1.71
1.94
1.29
1.47
1.3
1.45
1.61
1.35
1.31
1.35
1.19
1.4
1.25
1.32
1.62
1.36
1.55
1.85
1.91
1.11
1.03
1.56
1.4
1.39
1.16
1.31
1.33
1.35
1.41
1.65
1.39
1.68
1.31
1.75
1.72
0.72
0.62
0.76
0.88
1.31
1.26
2.6
1.84
1.2
1.39
1.2
1.2
1.41
0.87
0.85
1.13
1.05
0.81
0.79
1.23
0.53
0.77
0.66
0.85
0.68
1.16
1.38
1.06
0.75
0.94
1.26
0.83
0.88
1.01
0.77
0.95
1.19
1.7
1.51
1.45
1.14
1.72
1.02
0.86
1.17
1.04
1.26
2.01
1.34
1.51
1.71
1.82
1.77
1.74
2.16
1.24
2.09
1.6
1.34
1.51
0.72
0.9
1.22
1.72
2.57
1.77
1.44
2.04
1.6
1.67
1.85
1.78
1.66
2.04
1.56
1.08
0.69
1.18
1.53
1.26
1.26
1
1.02
1.13
1.41
1.59
1.91
1.76
2.01
1.41
0.85
0.62
0.59
1
1
1.13
1.21
0.7
0.96
1.55
1.78
1.29
1.24
2.63
1.79
1.67
1.52
1.94
1.34
1.33
1.23
1.84
1.61
0.99
1.12
0.99
1.56
1.19
1.61
1.72
1.22
1.01
1.67
1.43
1.44
1.29
1.29
1.44
1.1
1.53
1.96
1.42
1.29
1.96
1.67
1.53
1.62
1.25
1.39
1.46
1.71
1.54
1.68
2.24
1.89
1.38
1.53
1.52
1.39
1.42
1.5
1.14
1.06
1.45
1.44
1.73
1.51
1.84
1.76
1.18
0.76
0.59
1.34
2.03
1.93
1.8
1.45
2.36
1.47
1.93
1.43
1.48
1.8
1.94
1.8
2.45
1.98
2.01
2.46
2.21
2.44
3.23
2.21
1.56
1.86
2.23
2.05
1.71
1.91
1.6
1.44
1.93
2.4
1.94
1.51
2.33
2.3
1.84
1.91
2.23
2.47
1.93
2.23
1.5
1.43
1.96
1.39
2.31
1.89
1.82
1.46
1.88
2.08
1.81
1.7
1.95
1.96
1.99
1.84
2.3
1.67
2.37
1.97
2.06
2.17
2.1
2.27
2.23
3.55
2.02
1.99
2.26
2.4
2.44
1.93
2.24
1.19
1.83
1.68
2.44
2.21
2.3
2.02
2.29
2.28
2.68
2.01
2.11
1.7
1.67
2.12
2.25
1.49
2.09
2.03
2.32
2.06
2
2.64
2.94
2.62
3.03
2.29
2.14
1.76
2.03
2.78
2.38
2.88
2.23
2.31
2.13
2.22
2.18
1.68
2.27
2.52
2.54
2.31
1.91
1.95
2.17
2.18
2.33
2
2.03
2.05
2.07
2.23
2.05
2.13
2.18
2.37
2.07
2.18
1.9
1.87
1.92
2.18
1.94
1.85
2.28
2.39
2
2.48
2.6
2.2
1.6
0.97
1.28
1.71
1.3
1.59
1.69
1.62
1.46
1.88
1.93
2.02
1.8
1.47
2.22
2.08
1.79
1.92
1.82
1.38
1.53
2.48
2.19
1.3
2.06
2.46
2.8
2.18
1.75
1.31
0.91
0.87
0.99
1.34
1.23
1.67
1.21
1.36
1.54
1.33
1.16
1.07
1.71
1.08
1.35
1.27
1.33
1.73
1.19
1.23
1.07
1.54
1.24
1.78
0.93
1.06
1.15
0.71
0.93
1.79
3.74
1.4
0.78
1.58
2.13
1.68
1.22
1.79
2.08
1.09
1.03
0.98
1.04
1.2
0.92
1.46
1.42
1.56
0.92
0.86
0.65
0.78
1.08
0.83
0.77
0.82
1.1
0.87
0.93
1.11
1.19
2.58
1.73
1.55
1.53
2.14
1.7
2.59
2.69
1.48
1.63
1.78
1.82
1.22
0.92
0.69
0.98
1.06
1.29
1.75
1.82
1.62
0.99
1.25
1.46
1
1.43
0.96
1.12
1.5
1.99
1.55
1.23
1.41
0.96
1.11
1.28
1.53
2.05
2.07
1.73
1.44
1.57
2.33
2
1.58
1.21
1.3
1.77
1.46
1.52
1.81
1.19
1.27
1.82
1.51
1.5
2.67
1.36
2.31
1.72
1.35
1.71
1.58
1.87
1.59
2.53
3.78
2.29
2.19
2.25
2.8
2.89
1.37
1.33
1.53
2.95
2.56
1.89
1.49
1.57
1.15
0.99
1.16
0.99
0.88
1.08
2.42
2.37
1.89
0.96
0.95
0.93
2.19
2.46
1.29
1.42
1.08
1.53
1.14
1.78
2.08
2.09
2.21
2.15
1.82
1.19
3.38
1.62
1.7
1.09
2.77
1.61
1.43
1.36
2.02
1.55
1.36
2.02
1.49
1.29
1.53
1.54
2.9
2.05
1.35
2.12
1.86
1.4
1.61
1.5
1.9
1.95
2.44
1.71
2.43
2.31
2
1.92
1.83
1.61
1.83
1.98
1.47
1.9
1.74
1.74
1.89
1.51
1.87
1.38
1.64
1.02
1.02
1.59
1.59
1.7
1.73
1.56
1.4
1.5
1.89
1.2
1.48
2.4
1.81
1.93
1.68
1.03
1.16
2.19
2.43
2
1.83
1.3
1.39
1.88
2.18
2.26
2.12
2.2
1.76
2.26
2.13
1.46
2.15
2.37
1.86
2.17
2.49
2.18
1.99
2.1
1.42
1.44
1.92
1.54
1.84
2.17
1.77
2
1.72
1.43
1.33
2.04
1.72
1.81
1.74
2.18
2.61
2.06
2.13
1.93
1.65
2.14
2.32
2.1
2.2
2.26
2.23
2.15
2.09
2.31
1.84
2.19
2.02
1.19
2.23
1.99
2.11
1.95
2.1
1.79
1.78
2.36
1.83
1.86
1.98
1.92
2.02
2.23
1.61
2.26
2.01
2.05
1.74
1.94
2.21
2.06
1.76
1.79
1.98
1.65
1.55
1.64
1.58
1.6
1.75
2.14
2.11
1.85
2.1
2.13
1.77
2
2.11
1.91
2.02
2.09
1.94
2.44
2.38
2.06
2.2
1.67
1.61
1.44
1.78
1.63
1.31
1.83
1.62
1.69
1.43
1.17
1.16
2.08
1.7
2.28
1.43
1.76
1.85
2.2
1.27
1.78
1.42
1.68
1.63
1.21
1.55
1.7
1.59
1.58
1.52
1.53
1.98
1.88
1.6
1.42
1.53
0.88
1.33
1.22
1.37
1.32
1.31
1.24
1.71
2.18
1.46
1.28
1.13
1.3
1.79
1.02
1.65
1.54
1.33
1.77
1.98
1.61
1.42
1.15
1.06
1.97
1.34
1.12
0.99
1.27
1.29
1.81
2.11
2.07
2.4
1.43
1.08
1.83
2.1
2.14
1.52
1.26
1.21
2.06
1.25
1.83
1.82
1.3
1.15
2.06
2.09
2.16
1.55
1.54
1.49
1.45
1.39
1.19
1.32
1.64
1.66
1.55
0.76
1.46
2.16
1.9
1.29
0.86
1.08
0.91
0.76
1
1.23
1.09
1.42
0.71
0.73
0.84
0.89
0.76
1.08
0.66
1.13
1.57
1.71
3.47
1.68
1.56
1.66
1.48
1.09
1.4
0.98
1.39
1.53
1.87
1.97
0.88
0.63
0.65
1.09
0.87
0.99
1.51
1.57
1.01
0.91
1.32
1.2
1.13
1.46
1.75
0.89
1.1
1.99
0.99
2
2.39
2.19
1.14
1.23
1.29
0.93
2.17
1.34
1.52
1.86
1.65
2.18
1.18
1.81
2.12
2.43
1.95
1.95
1.58
-99
-99
1
1.14
1.31
1.75
1.39
1.34
1.63
1.32
1.37
1.61
1.54
2.18
2.12
1.35
2.79
2.86
1.31
1.79
1.39
1.22
1.41
1.39
1.46
1.2
1.22
1.35
1.66
2.03
1.33
1.57
1.35
1.94
1.85
1.49
3.05
2.05
3.14
1.68
1.91
1.72
2.59
1.09
1.41
1.8
1.06
1.48
2.02
1.58
1.9
1.89
2.13
1.63
2.14
2.17
1.4
1.84
1.72
1.74
2.21
2.14
1.55
2.54
1.09
0.8
1.39
1.47
2.33
2.24
1.74
1.86
1.83
2.08
2.29
1.7
1.9
1.87
2.03
2.57
2.14
2.06
2.18
2.13
1.85
2.48
1.83
2.11
1.94
1.98
2.39
2.06
2.01
2.45
1.44
2.18
2.07
1.73
1.77
2.4
1.69
1.91
1.35
1.47
1.31
1.53
2.07
2.15
2.12
2.28
2.28
1.9
1.78
1.84
1.71
1.97
1.8
1.23
1.45
1.81
1.89
1.63
2.05
2.54
2.2
2.2
2.13
2
2.13
1.48
1.38
1.74
2.3
2.8
2.37
2.65
1.76
1.64
1.61
2.39
2.35
2.52
1.44
1.97
2.13
1.63
2.21
1.71
2.09
2.02
2.46
2.16
2.33
1.8
2.3
2.33
1.96
1.95
2
2.03
1.79
2.48
1.92
1.19
2.2
1.75
1.79
1.72
1.28
2.21
1.93
2.34
2.3
2.21
2.15
1.63
1.75
2.01
2.5
2.97
2.33
2.02
2.65
2.04
2.24
2.48
2.15
1.3
1.1
1.59
2.14
1.84
1.59
2.14
2.02
1.58
1.4
1.84
2
1.68
1.83
1.76
1.8
2.15
2.08
1.47
1.58
1.87
1.82
1.94
1.98
1.61
1.41
1.65
1.58
1.42
1.72
1.3
1.31
0.83
1.35
1.17
1.46
1.26
1.5
0.67
0.91
0.72
0.84
1.15
0.99
1.55
1.76
1.2
0.82
1.2
1.11
1.37
1.26
1.97
1.28
0.9
1.29
1.59
1.69
1.24
1
0.91
1.48
1.79
1.45
1.38
0.9
1.1
1.32
0.96
0.81
1.05
1.37
0.87
1
2.59
1.54
1.06
1.46
1.18
0.79
1.03
0.7
0.76
1.7
1.22
1.05
1.92
1.68
1.49
1.42
0.75
0.77
0.89
0.92
0.69
0.43
0.73
0.76
0.72
1.6
1.67
1.97
1.13
1.48
1.04
0.97
1.19
0.96
1.61
1.73
3.51
1.84
1.8
1.1
0.87
0.81
0.64
1.06
1.34
1.72
1.8
1.22
1.27
0.84
0.71
0.72
1
1.37
1.47
2.14
1.49
1.57
1.57
0.95
1.39
1.95
1.38
0.75
1.19
0.96
1.35
1.52
1.81
1.67
1.09
0.86
1.12
1.03
1.46
1.29
0.94
0.34
1.05
0.98
1.34
2
2.56
2.63
1.38
1.63
1.31
2.79
2.21
2.19
2.74
1.35
1.29
1.6
1.87
1.71
0.99
1.42
1.48
1.38
0.77
0.81
1.04
1.78
1.41
1.11
0.92
1.41
1.03
1.45
1.05
2.2
2.14
2.86
2.72
1.59
2.18
1.51
1.39
1.92
1.75
1.39
2.15
1.21
1.43
1.37
1.31
1.53
0.86
1.96
1.49
1.33
1.49
1.17
1.4
1.37
1.21
1.69
1.78
1.55
1.15
1.41
1.96
1.41
1.62
2.03
1.18
1.99
1.77
1.91
1.46
1.79
1.84
2.02
1.94
1.63
1.75
1.7
1.94
1.83
1.89
1.55
1.76
1.39
1.53
1.81
1.88
1.88
1.61
1.72
1.14
2.24
1.77
1.98
1.81
2.06
1.76
1.27
1.97
1.46
1.53
1.46
1.62
2
1.9
2.25
1.87
1.86
1.55
1.97
1.98
1.74
2.08
3.36
2.23
2.05
2.26
0.86
1.81
1.5
1.82
1.6
1.76
1.62
2.4
2.35
2.26
2.3
2.56
1.97
2.2
2.27
1.63
2.01
2
2.03
1.73
1.35
1.66
1.73
1.64
1.88
1.84
1.84
1.32
1.09
1.72
1.56
2.12
1.93
2.29
2.48
1.78
2.05
2.06
2.01
1.96
2.26
2.36
2.35
2.13
1.74
1.91
2.01
2.12
2.17
1.95
2.72
2.06
2.44
2.6
2.15
2.07
2.3
2.3
2.4
2.29
2.09
2.6
1.83
1.97
2.18
1.96
2.58
2.83
1.86
2.86
2.94
2.35
2.32
2.2
1.48
1.82
1.86
2.44
1.96
2.05
2.33
1.3
2.2
1.64
2.12
2.45
1.83
1.85
1.36
2.06
2.25
1.22
1.65
1.75
1.9
1.94
1.49
2.46
2.21
2.23
2.51
1.98
1.98
1.84
2.19
2.09
1.75
1.68
0.92
1.43
1.67
1.44
1.36
1.84
0.95
1.32
1.4
1.1
1.43
2.35
2.93
2.22
1.43
1.84
1.29
1.25
1.7
1.85
1.28
1.7
1.99
0.98
1.26
0.92
0.86
1.38
1.53
1.48
1.2
1.38
2.27
1.38
1.24
1.05
1.23
1.56
1.4
0.96
1.47
1.29
0.99
1.51
1.03
1.16
1.35
1.67
1.62
1.85
0.78
1.03
0.85
1.34
2.09
0.96
0.96
0.94
0.91
3.5
1.36
1.17
1.09
0.82
1.13
1.35
0.96
0.94
0.79
1.17
1.34
1.17
1.17
1.15
1.12
0.96
0.94
2
2.4
1.64
1.37
1.69
1.65
1.75
0.95
1.3
1.36
1.25
0.8
0.87
0.87
1.05
0.74
0.89
0.66
0.91
0.84
1.13
1
0.79
0.94
0.87
1.15
1.05
0.51
0.71
0.99
0.83
0.87
1.3
1
0.9
0.94
0.69
0.68
1.05
1.15
0.88
0.98
0.73
1.53
1.52
1.55
1.99
2.54
1.28
1.97
1.58
1.66
2.6
1.85
1.26
1.88
1.86
1.55
1.71
0.98
0.9
0.87
0.82
0.83
0.84
1.29
0.95
1.12
1.01
1.27
0.93
1.45
1.61
1.87
1.38
1.59
1.85
1.56
0.85
2
2.07
2.56
1.91
1.34
1.65
1.83
2.17
1.48
1.36
1.56
1.02
1.29
1.24
1.3
1.61
1.3
1.53
1.8
1.32
1.45
1.42
2.87
1.79
2.83
3.39
1.97
3.03
1.95
1.37
1.37
1.13
1.55
1.73
1.31
1.6
0.93
1.33
1.49
1.07
1.45
0.68
1.29
1.33
1.59
2.29
1.56
1.39
1.7
2.04
1.69
2.13
1.91
1.9
1.08
0.87
2.16
1.45
1.82
1.67
1.89
2.02
2.13
2.89
1.85
1.89
2.2
1.82
2.37
2.58
2.25
2.13
1.64
1.69
1.09
1.24
1.26
2.03
2.34
1.91
2.22
1.01
1.74
1.75
1.83
2.09
1.97
1.68
2.13
1.32
1.27
0.87
1.22
1.11
1.42
1.67
1.7
1.46
1.65
1.84
1.87
2.06
2.13
1.95
2.41
1.57
1.78
1.88
2.06
2.12
1.88
2.25
2.71
1.87
1.61
1.91
1.93
2.18
1.75
2.36
1.96
2.29
2.13
2.07
2.04
1.93
1.64
1.61
2.45
2.19
2.3
2.29
1.56
2.02
1.94
1.93
2.25
2.35
2.25
2.33
2.61
2.61
2.51
2.31
2.44
2.33
2.44
2.66
2.16
1.77
2.63
2.26
1.83
2.43
2.5
2.22
2.49
2.64
2.16
2.01
2.01
2.17
2.12
2.27
1.59
2.37
1.68
1.46
1.87
1.85
1.97
1.98
1.91
2.39
2.5
2.04
2.44
2.39
2.3
2.16
2.46
1.88
1.97
1.79
2.2
1.85
2.02
1.83
2.04
1.85
2.25
2.19
1.71
1.97
1.87
1.73
2.39
1.7
1.97
1.79
1.92
1.9
1.91
1.98
1.61
2.32
1.82
2.05
2
2.11
1.6
2
2.13
2.12
1.97
1.84
1.59
1.64
1.79
2.19
1.57
1.28
1.47
1.41
1.23
1.44
1.01
1.29
1.65
1.44
1.59
1.22
1.36
1.47
1.42
1.98
1.82
1.46
1.66
1.5
1.58
1.43
1.46
1.29
1.28
1.23
1.65
1.24
0.81
0.79
0.83
0.82
1.04
0.8
0.85
0.94
1.32
1.05
0.87
1.42
0.92
0.94
0.88
1.35
1.02
0.99
1.34
1.17
1.04
1.28
0.99
1.04
1.8
1.79
1
1.81
1.74
1.8
1.64
0.99
0.86
1.44
0.92
0.76
0.86
0.71
1.17
1.31
3.52
0.84
1.75
0.95
1.09
1.04
0.89
1.06
0.74
0.67
0.95
1.2
0.83
0.67
0.81
0.55
0.54
0.56
1.28
1.3
1.16
1.01
0.61
1.01
0.82
0.68
0.81
0.53
0.82
1.22
1.08
1.12
1.5
1.43
1.47
0.9
0.71
0.85
1.14
0.68
0.83
0.99
1.12
0.93
1.13
1.28
0.99
0.67
1.4
1.3
1.17
1.23
1.5
2
1.92
1.69
1.61
2.16
1.17
1.78
2.21
2.36
2.68
0.97
1.41
0.86
0.83
1.33
1.2
1.09
0.89
1.18
0.9
1
1.42
1.37
3.11
3.46
1.61
1.46
1.25
0.71
0.93
1.37
1.8
0.96
1.11
1.08
0.84
1.2
1.09
1.15
1.37
1.03
0.83
0.63
1.39
1.07
1.44
0.61
-99
1.27
1.24
2.71
1.79
3.09
1.7
1.03
1.12
1.26
1.44
1.34
1.15
1.54
1.25
1.26
1.11
1.34
1.43
1.5
1.4
1.87
1.55
1.05
1.35
1.08
0.88
1.34
1.31
1.68
1.6
1.61
1.64
1.55
1.21
1.44
1.6
1.54
1.65
1.62
1.6
1.72
1.52
1.57
1.85
1.4
1.6
1.91
2.19
2.14
1.78
2.05
1.8
1.92
2.02
2.17
1.43
1.13
1.76
1.78
2.82
1.48
1.34
1.43
1.85
1.63
2.31
1.69
1.8
1.92
1.95
1.54
2.18
1.99
1.87
1.82
2.12
1.89
1.62
1.75
1.59
1.89
2.18
1.66
1.76
1.94
2.07
2.17
1.7
1.52
1.12
1.6
2.05
2.1
1.35
1.08
1.3
2.26
2.56
2.2
2.15
1.92
1.89
1.97
1.92
2.2
1.73
2.29
2.13
2.27
2.33
2.23
1.32
2.05
2.13
2.34
1.92
2.21
2.34
2.41
1.93
2.32
1.25
1.94
1.88
2.04
2.07
1.72
1.92
1.57
1.75
2.56
2.18
2.28
2.75
2.98
2
2.33
2.26
2.48
2.29
2.1
1.11
2.24
2.13
1.97
2.86
2.11
2.23
2.23
2.25
2.13
2.13
1.2
1.92
2
2.08
2.43
2.18
2.31
2.7
1.74
1.47
2.15
1.96
2.33
2.07
1.86
1.72
2.09
2.29
2.64
2.33
1.96
2.36
1.98
2.13
1.87
2.03
1.94
1.71
1.27
1.72
1.54
2.14
1.34
1.51
1.59
1.56
2.15
1.71
1.77
1.37
1.61
2.15
1.92
1.71
2.16
0.8
1.14
1.51
1.46
1.17
1.44
1.76
1.08
1.5
1.52
1.69
1.88
1.67
1.44
1.33
0.87
1.33
1.23
1.07
1.71
1.3
1.4
1.69
0.93
1.57
1.26
1.39
1.45
1.66
1.5
1.17
1.3
1.38
1.19
0.89
0.75
0.89
1.83
1.05
1.18
0.95
0.99
1.36
1.27
1.81
1.62
0.94
1.14
0.65
0.92
0.92
1.74
2.22
1.59
0.94
1.27
1.33
1.61
1.77
2.03
1.29
1.24
0.76
1.06
0.68
1.29
0.76
0.87
0.9
0.95
1.01
1.2
1.34
0.79
1.25
0.9
1.56
1.59
1.56
1.7
1.74
1.11
0.73
0.75
1.44
0.83
1.67
2.03
1.26
1.35
2.18
1.63
1.89
1.79
1.51
0.86
1.16
1.31
1.83
1.35
1.26
0.55
1.37
2.4
1.66
0.96
2.08
1.92
2.24
1.75
2.11
2.3
1.79
1.16
1.55
1.31
1.15
1.87
1.88
1.22
0.65
1.15
1.42
2.18
2.07
1.4
0.88
1.23
1.73
1.96
1.55
0.99
1.33
0.78
0.9
0.74
1.33
0.85
1.1
0.92
1.09
1.73
1.35
1.34
1.42
1.48
1
1.54
1.38
1.64
1.34
1.42
1.14
1.24
0.88
1.11
1.33
1.36
1.36
1.94
1.55
1.08
1.04
1.28
1.83
1.55
1.24
1.06
2.21
1.58
1.1
1.13
2.32
1.95
1.22
1.66
2.06
1.94
2.06
1.4
1.81
2.05
2.1
1.75
1.97
1.76
2.14
2.21
2.07
1.79
1.19
0.95
1.28
1.17
2
2.16
1.8
3.84
1.68
1.33
1.76
2.43
1.68
1.44
1.56
1.06
2.17
2.31
2.58
1.77
0.92
0.81
1.59
0.95
1.36
1.36
1.18
1.62
1.48
1.6
1.3
1.39
1.88
1.86
1.7
2.11
1.64
1.74
1
1.29
1.66
1.61
0.85
0.86
1.03
1.21
1.31
1.86
2.22
1.99
1.88
1.48
1.68
1.73
1.73
1.52
1.27
1.5
1.64
1.28
1.77
1.74
1.43
1.46
1.58
1.59
1.52
0.86
1.47
1.67
1.71
0.76
1.53
1.24
0.89
1
1.4
1.73
1.29
1.62
2.01
1.5
1.74
1.33
1.71
1.67
1.53
1.43
1.68
1.6
2.43
1.97
1.79
2.14
2.1
1.81
1.83
1.84
1.52
1.85
1.31
1.78
1.91
1
2.38
2.05
1.99
1.57
1.88
2
1.53
1.36
1.71
1.9
1.49
1.73
1.77
1.86
1.68
2.12
1.46
1.97
2.01
1.52
1.82
2.18
1.73
1.71
1.7
1.75
1.79
1.77
1.72
1.54
1.81
2.05
2.26
2.05
1.39
1.28
1.91
2.06
2.04
2.1
1.96
1.77
1.09
1.28
1.37
1.3
1.67
1.46
1.35
1.61
2.38
2.22
1.81
1.59
2.24
2.27
2.32
2.21
1.7
2.14
1.86
1.77
1.69
1.95
1.74
1.6
1.17
1.6
1.42
1.31
1.47
1.35
1.62
1.67
1.33
1.37
1.4
1.72
1.25
1.38
1.95
1.55
1.68
1.16
1.12
1.67
1.56
1.75
1.48
1.71
1.23
1.34
1.98
1.92
0.85
1.39
1.2
1.24
1.44
1.83
2.17
1.74
0.75
0.94
1.27
1.56
0.91
0.99
1.21
1.14
1.7
1.21
0.66
0.81
0.79
1.97
1.55
1.61
0.86
0.92
1.38
0.87
1.05
1.18
1.39
0.71
1.24
1.19
1.14
0.79
0.75
0.78
0.7
0.6
0.82
1.61
1.18
0.82
0.95
0.7
0.71
1.18
1.2
1.47
1.29
0.77
0.65
1
1.51
1.54
1.71
1.1
1.09
1.05
1.04
0.94
1.65
1.12
0.8
0.94
0.81
0.77
1.41
1.55
1.55
0.84
1.9
1.33
1
1.24
1.03
1.2
0.54
0.75
0.88
1.08
1.06
1.13
1.05
0.86
1.59
1.11
0.65
1.49
1.84
1.46
1.59
1.92
1.25
1.64
1.62
2.17
1.49
1.29
0.7
0.94
0.94
0.84
0.73
1.27
1.27
1.69
2.4
0.99
1.82
1.92
1.69
1.11
2.15
1.23
1.62
2.66
1.48
1.34
0.96
1.15
0.79
0.96
1.13
1.71
0.92
1.34
1.26
1.25
0.85
0.76
1.17
1.47
1.7
0.77
1.11
1.42
0.99
0.95
1.11
1.34
1.22
1.1
1.41
1.26
1.06
2.1
1.69
1.64
1.65
1.32
0.94
1.37
1.43
1.47
1.51
1.8
1.73
0.84
2.1
1.46
1.63
1.45
1.35
1.25
1.22
1.65
1.39
1.71
1.5
1.58
1.49
1.67
0.88
1.53
1.49
1.21
1.34
1.63
1.96
1.43
1.41
1.21
1.75
1.22
1.89
1.6
1.77
1.9
1.46
1.9
1.56
1.9
1.66
2.22
1.73
2.27
3.33
2.65
2.17
1.52
2.05
1.91
2.01
1.86
2.06
0.98
1.44
1.83
1.98
2.31
1.73
2.05
1.92
2.35
1.95
2.22
1.89
2.4
2.53
1.35
1.41
1.35
1.63
1.53
1.81
1.78
0.86
-99
0.96
1.62
2.39
1.53
1.95
1.89
1.86
2.08
2.05
2.49
1.92
2.48
2.08
1.88
1.33
1.69
1.15
1.8
1.56
1.5
1.99
1.96
1.91
2.36
1.96
1.96
1.33
1.84
1.98
1.44
1.74
1.87
1.86
1.67
2.06
2.07
2.6
2.09
1.76
2.02
2.25
2.12
2.21
1.56
1.94
1.53
1.8
2.2
2.3
1.5
2.06
2.45
1.55
1.98
1.97
1.88
1.99
2.05
2.36
2.04
2.14
1.58
1.21
2.2
2.06
2.31
1.26
-99
-99
-99
-99
-99
0.87
2.04
2.01
1.77
2.1
1.6
2.01
1.75
1.9
2.27
2.25
2.01
2.07
2.09
1.16
1.85
1.65
1.84
1.79
1.67
1.68
1.1
1.58
1.6
1.45
1.4
1.56
1.81
1.53
0.56
-99
-99
-99
-99
-99
-99
-99
-99
-99
-99
-99
0.23
1.3
1.46
1.57
1.49
0.98
1.47
1.5
1.43
1.86
1.26
1.67
1.96
1.23
1.56
1.64
1.56
1.62
1.27
1.49
1.2
1.31
1.37
1.62
1.37
1.64
1.46
1.48
1.27
2.59
-99
-99
-99
-99
-99
-99
-99
-99
-99
-99
-99
-99
-99
-99
-99
-99
-99
-99
-99
-99
-99
-99
-99
-99
-99
-99
-99
-99
-99
-99
-99
-99
-99
-99
-99
-99
-99
-99
-99
-99
-99
-99
-99
-99
-99
-99
-99
-99
-99
-99
-99
-99
-99
-99
-99
-99
-99
-99
-99
-99
-99
-99
-99
-99
-99
-99
-99
-99
-99
-99
-99
-99
-99
-99
-99
-99
-99
-99
-99
-99
-99
-99
-99
-99
-99
-99
-99
-99
-99
-99
-99
-99
-99
-99
-99
-99
-99
-99
-99
-99
-99
-99
-99
-99
-99
-99
-99
-99
-99
-99
-99
-99
-99
-99
-99
-99
-99
-99
-99
-99
-99
-99
-99
-99
-99
-99
-99
-99
-99
-99
-99
-99
-99
-99
-99
-99
-99
-99
-99
-99
-99
-99
-99
-99
-99
-99
-99
-99
-99
-99
-99
-99
-99
-99
-99
-99
-99
-99
-99
-99
-99
-99
-99
-99
-99
-99
-99
-99
-99
-99
-99
-99
-99
-99
-99
-99
-99
-99
-99
-99
-99
-99
-99
-99
-99
-99
-99
-99
-99
-99
-99
-99
-99
-99
-99
-99
-99
-99
-99
-99
-99
-99
-99
-99
-99
-99
-99
-99
-99
-99
-99
-99
-99
-99
-99
-99
-99
-99
-99
-99
-99
-99
-99
-99
-99
-99
-99
-99
-99
-99
-99
-99
-99
-99
-99
-99
-99
-99
-99
-99
-99
-99
-99
-99
-99
-99
-99
-99
-99
-99
-99
-99
-99
-99
-99
-99
-99
-99
-99
-99
-99
-99
-99
-99
-99
-99
-99
-99
-99
-99
-99
-99
-99
-99
-99
-99
-99
-99
-99
-99
-99
-99
-99
-99
-99
-99
-99
-99
-99
-99
-99
-99
-99
-99
-99
-99
-99
-99
-99
-99
-99
-99
-99
-99
-99
-99
-99
-99
-99
-99
-99
-99
-99
-99
-99
-99
-99
-99
-99
-99
-99
-99
-99
-99
-99
-99
-99
-99
-99
-99
-99
-99
-99
-99
-99
-99
-99
-99
-99
-99
-99
-99
-99
-99
-99
-99
-99
-99
-99
-99
-99
-99
-99
-99
-99
-99
-99
-99
-99
-99
-99
-99
-99
-99
-99
-99
-99
-99
-99
-99
-99
-99
-99
-99
-99
-99
-99
-99
-99
-99
-99
-99
-99
-99
-99
-99
-99
-99
-99
-99
-99
-99
-99
-99
-99
-99
-99
-99
-99
-99
-99
-99
-99
-99
-99
-99
-99
-99
-99
-99
-99
-99
-99
-99
-99
-99
-99
-99
-99
-99
-99
-99
-99
-99
-99
-99
-99
-99
-99
-99
-99
-99
-99
-99
-99
-99
-99
-99
-99
-99
-99
-99
-99
-99
-99
-99
-99
-99
-99
-99
-99
-99
-99
-99
-99
-99
-99
-99
-99
-99
-99
-99
-99
-99
-99
-99
-99
-99
-99
-99
-99
-99
-99
-99
-99
-99
-99
-99
-99
-99
-99
-99
-99
-99
-99
-99
-99
-99
-99
-99
-99
-99
-99
-99
-99
-99
-99
-99
-99
-99
-99
-99
-99
-99
-99
-99
-99
-99
-99
-99
-99
-99
-99
-99
-99
-99
-99
-99
-99
-99
-99
-99
-99
-99
-99
-99
-99
-99
-99
-99
-99
-99
-99
-99
-99
-99
-99
-99
-99
-99
-99
-99
-99
-99
-99
-99
-99
-99
-99
-99
-99
-99
-99
-99
-99
-99
-99
-99
-99
-99
-99
-99
-99
-99
-99
-99
-99
-99
-99
-99
-99
-99
-99
-99
-99
-99
-99
-99
-99
-99
-99
-99
-99
-99
-99
-99
-99
-99
-99
-99
-99
-99
-99
-99
-99
-99
-99
-99
-99
-99
-99
-99
-99
-99
-99
-99
-99
-99
-99
-99
-99
-99
-99
-99
-99
-99
-99
-99
-99
-99
-99
-99
-99
-99
-99
-99
-99
-99
-99
-99
-99
-99
-99
-99
-99
-99
-99
-99
-99
-99
-99
-99
-99
-99
-99
-99
-99
-99
-99
-99
-99
-99
-99
-99
-99
-99
-99
-99
-99
-99
-99
-99
-99
-99
-99
-99
-99
-99
-99
-99
-99
-99
-99
-99
-99
-99
-99
-99
-99
-99
-99
-99
-99
-99
-99
-99
-99
-99
-99
-99
-99
-99
-99
-99
-99
-99
-99
-99
-99
-99
-99
-99
-99
-99
-99
-99
-99
-99
-99
-99
-99
-99
-99
-99
-99
-99
-99
-99
-99
-99
-99
-99
-99
-99
-99
-99
-99
-99
-99
-99
-99
-99
-99
-99
-99
-99
-99
-99
-99
-99
-99
-99
-99
-99
-99
-99
-99
-99
-99
-99
-99
-99
-99
-99
-99
-99
-99
-99
-99
-99
-99
-99
-99
-99
-99
-99
-99
-99
-99
-99
-99
-99
-99
-99
-99
-99
-99
-99
-99
-99
-99
-99
-99
-99
-99
-99
-99
-99
-99
-99
-99
-99
-99
-99
-99
-99
-99
-99
-99
-99
-99
-99
-99
-99
-99
-99
-99
-99
-99
-99
-99
-99
-99
-99
-99
-99
-99
-99
-99
-99
-99
-99
-99
-99
-99
-99
-99
-99
-99
-99
-99
-99
-99
-99
-99
-99
-99
-99
-99
-99
-99
-99
-99
-99
-99
-99
-99
-99
-99
-99
-99
-99
-99
-99
-99
-99
-99
-99
-99
-99
-99
-99
-99
-99
-99
-99
-99
-99
-99
-99
-99
-99
-99
-99
-99
-99
-99
-99
-99
-99
-99
-99
-99
-99
-99
-99
-99
-99
-99
-99
-99
-99
-99
-99
-99
-99
-99
-99
-99
-99
-99
-99
-99
-99
-99
-99
-99
-99
-99
-99
-99
-99
-99
-99
-99
-99
-99
-99
-99
-99
-99
-99
-99
-99
-99
-99
-99
-99
-99
-99
-99
-99
-99
-99
-99
-99
-99
-99
-99
-99
-99
-99
-99
-99
-99
-99
-99
-99
-99
-99
-99
-99
-99
-99
-99
-99
-99
-99
-99
-99
-99
-99
-99
-99
-99
-99
-99
-99
-99
-99
-99
-99
-99
-99
-99
-99
-99
-99
-99
-99
-99
-99
-99
-99
-99
-99
-99
-99
-99
-99
-99
-99
-99
-99
-99
-99
-99
-99
-99
-99
-99
-99
-99
-99
-99
-99
-99
-99
-99
-99
-99
-99
-99
-99
-99
-99
-99
-99
-99
-99
-99
-99
-99
-99
-99
-99
-99
-99
-99
-99
-99
-99
-99
-99
-99
-99
-99
-99
-99
-99
-99
-99
-99
-99
-99
-99
-99
-99
-99
-99
-99
-99
-99
-99
-99
-99
-99
-99
-99
-99
-99
-99
-99
-99
-99
-99
-99
-99
-99
-99
-99
-99
-99
-99
-99
-99
-99
-99
-99
-99
-99
-99
-99
-99
-99
-99
-99
-99
-99
-99
-99
-99
-99
-99
-99
-99
-99
-99
-99
-99
-99
-99
-99
-99
-99
-99
-99
-99
-99
-99
-99
-99
-99
-99
-99
-99
-99
-99
-99
-99
-99
-99
-99
-99
-99
-99
-99
-99
-99
-99
-99
-99
-99
-99
-99
-99
-99
-99
-99
-99
-99
-99
-99
-99
-99
-99
-99
-99
-99
-99
-99
-99
-99
-99
-99
-99
-99
-99
-99
-99
-99
-99
-99
-99
-99
-99
-99
-99
-99
-99
-99
-99
-99
