20000101
7.24
7.33
2.45
0.04
0.92
0.48
6.86
1.7
6.04
15.17
7.44
0.13
3.64
5.95
0.33
3.24
14.36
24.53
32.47
3.35
13.41
14.77
16.85
16.43
11.31
3.02
4.93
3.42
4.27
5.7
2.85
5.86
8.09
21.11
8.42
3.04
2.42
6.88
6.06
13.54
3.43
13.68
15.38
7.35
9.48
9.56
12.53
11.05
5.32
9.95
13.79
5.88
7.42
11.38
5.07
1.88
3.02
5.41
9.83
5.98
11.77
14.8
4.42
10.95
11.36
-99
-99
5.72
12.41
17.64
4.82
2.74
6.22
16.28
22.9
19.79
19.71
22.35
16.2
6.3
6.58
9.95
8.16
3.68
5.03
8.46
8.31
12.55
5.63
7
9.41
6.26
11.09
15.3
11.75
10.71
14.14
3.86
4.38
7.04
4.32
13.13
4.17
3.82
10.56
8.45
11.81
10.27
7.63
7.98
3.99
5.07
5.21
10.15
3.39
6.6
12.09
6.06
12.76
5.25
7.7
2.32
2.37
5.93
7.03
4.85
5.14
2.58
2.1
5.51
5.28
8.81
2.72
4.56
3.68
4.14
-99
-99
10.78
11.46
8.02
6.51
12.39
5.43
4.89
9.07
5.43
12.25
4.73
8.19
3.62
5.28
4.15
3.21
5.78
4.85
10.78
22.62
13.82
8.66
12.41
16.3
25.12
23.37
15.16
11.6
16.25
13.59
4.71
7.1
8.4
11.94
6.3
3.58
14.06
12.75
7.08
4.75
5.41
10.53
9.04
4.78
5.86
4.36
4.5
11.95
5.74
13.16
13.73
16.61
9.64
9.09
12.47
14.15
8.96
8.31
15.49
13.3
4.55
2.52
4.84
4.39
5.15
7.89
4.79
7.23
9.74
4.65
5.72
14.31
12.25
6.35
3.19
4.54
4.88
13.34
17.64
16.03
17.31
12.09
5.75
5.69
2.48
3.89
9.28
4.05
6.41
8.22
3.27
2.65
8.78
3.26
7.38
9.79
6.81
3.47
3.66
2.96
11.08
14.89
6.53
3.47
7.58
8.81
4.46
11.36
13
14.38
7.55
3.89
15.85
7.06
5.89
6.97
2
3.63
2.34
2.61
2.75
6.74
6.95
7.35
10.8
-99
-99
-99
-99
-99
-99
-99
-99
-99
13.38
8.4
9.7
16.88
15.25
6.32
12.36
19.04
16.87
9.43
6.31
10.2
10.71
5.72
17.49
-99
-99
5.66
2.23
2.28
4.14
10.68
8.5
2.96
4.29
2.95
5.46
6.79
5.4
3.67
8.61
17.01
8.34
3.44
9.97
11.68
3.86
16.47
8.21
4.54
4.55
5.23
4.77
14.22
14.57
9.3
6.64
7.84
12.7
16.33
13.48
4.19
4.67
7.23
7.23
15.99
6.17
5.94
6.73
4.54
5.06
13.86
9.14
16.87
13.54
9.5
2.96
13.73
13.58
12.13
5.7
3.14
4.13
5.61
2.22
3.83
7.28
11.83
6.25
2.94
4.3
3.34
10.22
11.73
18.97
15.38
12.11
4.46
8.01
9.68
10.96
11.54
17.11
15.24
9.92
9.86
5.06
5.85
7.31
8.41
9.88
10.55
12.85
2.91
11.16
6.16
9.44
4.85
6.69
8.17
6.29
10.93
13.46
7.45
3.61
4.98
3.36
4.54
5.25
9.95
11.45
13.67
26.09
26.83
15.51
18.68
7.98
2.08
5.98
2.35
5.68
19.28
12.66
13.32
9.08
4.54
2.85
16.18
10.97
7.97
5.92
16.59
17.05
12.82
16.23
12.71
14
14.73
15.83
16.76
10.74
9.92
3.55
3.92
15.17
7.14
11.51
4.45
4.29
7.58
6.31
3.45
4.59
5.64
9.88
7.67
4.8
6.08
7.39
8.35
4.24
5.24
3.25
3.25
6.49
3.49
4.46
6.05
3.02
5.05
4.28
9.98
22.22
14.87
5.53
10.38
8.05
5.01
9.41
5.91
12.09
20.46
12.71
13.36
24.37
22.09
19.2
18.94
5.46
9.95
12.18
7.46
6.14
17.81
14.06
10.93
6.01
6.2
10.76
8.83
6.4
7.51
10.59
7.04
4
8.34
3.73
10.76
9.22
14.06
14.14
5.58
4.19
8.63
10.06
5.33
4.95
10.69
2.79
3.41
6.31
19.12
14.5
8.97
4.87
2.91
4.6
8.24
16.18
9.77
2.48
2.75
6.55
3.08
7.36
13.57
9.18
14.58
5.18
5.63
13.78
6.38
7.73
5.8
11.01
15.23
4.56
3.93
3.34
7.78
14.38
13.25
17.41
12.77
3.92
3.12
4.44
3.98
2.43
4.16
5.51
15.23
16.78
5.74
3.93
13.22
5.19
2.91
7.69
8.78
7.96
6.49
3.5
4.19
7.53
8.62
6.53
4.45
9.65
16.92
6.4
3.16
12.04
10.6
14.03
4.87
2.77
3.23
6.87
6.23
4.52
3.66
4.26
6.78
6.29
4.75
3.95
5.54
13.58
12.9
10.27
5.89
4.68
6.98
11.53
15.7
10.71
3.17
3.24
6.31
10.51
7.77
8.51
9.87
7.08
12.15
4.24
7.06
3.55
3.65
4.26
4.32
3.97
3.11
8.95
10.24
11.71
16.9
8.11
3.35
13.24
12.57
14.95
17.73
13.33
14.1
17.14
11.08
7.29
4.49
13.63
12.6
13.8
18.19
10.14
5.86
9.12
3.99
9.88
4.08
7.38
6.34
4.84
3.87
10.48
5.5
4.82
3.2
14.23
8.18
6.97
4.05
3.44
6.07
4.82
6.52
7.41
4.32
3.65
3.48
5.33
6.52
4.74
7.64
7.51
11.7
14.01
5.16
2.26
7.62
6.85
4.15
1.77
8.85
5.12
2.09
3.84
4.3
21.37
9.19
1.85
0.19
8.37
10.08
7.96
7.59
18.97
20.48
25.35
-99
-99
-99
-99
-99
-99
-99
-99
-99
-99
-99
-99
-99
-99
4.21
13.15
8.68
10.06
7.64
5.55
4.18
2.91
3.14
11.25
14.17
10.16
5.24
5.01
6.46
3
3.94
8.5
16.21
15.78
14.29
5.85
4.05
2.97
9.23
7.81
9.44
11.66
18.23
4.5
11.36
8.8
4.21
3.98
5.53
14.28
7.43
12.85
9.63
9.12
5.92
2.25
3.54
9.81
6.15
2.73
2.6
2.75
4.92
15.32
8.67
17
7.29
4.35
3.32
4.52
5.7
11.62
9.55
11.95
5.86
3.09
4.92
6.47
2.59
6.85
5.97
2.92
9.95
14.84
4.65
4.73
17.19
21.35
8.85
4.94
6.5
3.17
3.35
4.01
11.58
15.1
6.63
5.38
15.68
17.69
6.1
21.6
15.28
5.48
9.76
4.5
3.78
2.8
7.66
9.81
8.47
4.68
7.96
10.53
22.5
19.83
15.31
16.4
10.39
8.45
13.28
5.66
12.42
5.67
9.54
6.55
5.11
4.15
11.75
6.77
13.43
15.15
6.82
4.64
6.27
4.86
7.45
8.18
3.21
3.36
4.38
4.13
9.78
21.6
7.36
13.09
9.02
5.66
5.68
4.84
12.55
13.15
17.85
13.39
11.39
13.3
6.75
7.54
7.49
10.67
9.81
6.39
10.27
9.5
9.9
7.48
11.24
4.4
10.52
7.32
6.5
11.49
18.15
11.46
8.02
4.65
8.63
9.19
7.59
7.12
11.18
5.95
4.8
5.72
4.7
8.33
11.62
22.85
14.48
5.18
11.29
11.98
15.8
5.07
14.14
7.69
9.85
5.93
5.42
2.53
3.89
2.59
3.16
4.08
7.05
10.33
11.62
7.14
14.18
15.59
13.31
6.42
2.86
3.4
2.62
3.65
2.94
7.12
6.64
3.41
3.1
3.42
2.97
5.14
14.3
12.89
6.63
8.24
17.2
11.45
9.29
3.27
7.19
8.12
13.9
6.07
11
5.78
5.03
5.21
8.01
5.95
5.35
18.8
22.96
17.96
15.06
13.27
8.06
3.46
3.44
3.53
6.24
10.71
15.78
12.35
11.32
3.82
4.23
4.18
11.16
14.59
8.07
5.28
4.9
4.15
6.79
15.96
14.87
10.86
8.14
12.64
17.68
11.61
8.01
3.29
6.94
8.15
4.35
2.52
3.73
5.06
6.36
4.15
2.48
5.46
8.55
3.97
11.11
12.89
15.23
7.35
12.75
15.01
8.25
9.5
11.23
15.69
15.27
9.52
12.34
14.43
14.36
13.14
9.85
11.84
11.57
10.1
10.29
12.13
11.11
4.1
2.51
3.63
8.91
-99
-99
15.96
13.81
14.16
4.95
5.23
10.81
9.86
8.4
3.7
12.04
7.83
10.73
7.72
3.38
9.79
11.51
17.11
15.71
6.74
3.19
3.33
7.47
10.24
3.29
5.57
9.99
13.58
3.71
9.51
5.65
6.75
4.55
8.94
7.09
2.98
6.09
13.47
4.92
2.74
11.98
15.69
16.25
8.69
22.41
15.51
16.74
9.15
6.86
6.73
11.06
13.35
10.93
6.56
4.61
6.76
4.56
10.79
12.74
4.5
11.7
10.91
10.52
16.96
3.55
6.58
6.45
17.98
6.93
11.45
17.71
15.96
23.99
-99
-99
-99
-99
10.9
11.35
5.37
6.74
12.62
6.72
3.88
3.03
4.84
4.85
2.71
1.58
1.17
5.22
2.64
4.89
5.98
15.66
13.66
5.29
4.04
9.59
5
5
4.28
-99
-99
18.78
6.64
4.01
3.18
22.52
21.01
12.12
17.41
10.24
2.54
8.79
4.14
6.85
12.19
10.29
5.86
4.72
20.64
25.66
23.35
27.59
26.18
19.54
12.86
15.2
29.82
17.69
7.02
7.54
13.55
16.69
13.87
3.31
3.7
7.15
14.38
3.6
6.92
6.1
8.51
11.4
15.34
16.16
9.66
12.59
9.57
6.3
8.61
9.08
13.07
11.13
14.13
6.3
4.57
5.46
7.6
5.54
8.02
8.84
11.73
4.76
9.44
1.37
4.85
2.89
3.3
4.4
5.51
5.08
4.47
2.83
2.21
6.66
13.58
7.07
5.63
6.38
8.31
7.64
7.17
10.33
8.18
2.78
4.53
7.97
7.36
14.8
27.55
24.68
16.89
22.72
8.31
8.28
8.95
8.94
6.71
5.34
7.29
5.33
3.28
3.44
3.38
5.2
6.4
7.61
4.79
3.95
6.14
4.03
5.95
11.76
7.12
12.1
7.01
8.41
7
9.65
9.83
4.01
3.53
14.23
9.87
6.82
13.93
10.26
4.68
7.75
13.39
14.11
7.63
3.98
6.55
2.05
8.26
15.23
14.61
11.94
5.72
9.93
20.36
24.16
15.7
6.78
2.74
3.96
3.17
3.5
5.99
4.85
11.86
3.55
3.99
5.53
5.13
3.56
3.1
2.77
2.02
2.42
2.98
6.48
6.13
10.96
17.37
15.84
6.46
4.78
5.67
7.4
3.54
3.71
7.45
12.41
6.12
6.88
7.26
8.63
6.19
10.62
8.94
6.91
6.88
5.9
6.76
5.95
9.19
7.88
4.92
3.47
4.72
8.65
10.61
7.63
3.77
3.52
6.61
6.39
8.83
9.58
12.08
4.26
6.21
9.99
13.61
13.06
8.34
13.42
8
4.74
4.89
4.73
2.84
4.32
5.12
2.21
3.08
2.49
4.05
2.93
3.99
4.58
4.73
5.79
4.79
3.8
4.58
6.41
6.22
3.44
4.69
5.82
9.09
7.07
4.66
8.24
5.46
6.84
9.12
7.16
6.27
4.22
6.08
7.41
5.21
7.06
4.79
15.84
16.58
12.97
17.71
9.92
6.31
3.56
3.33
4.24
5.21
8.7
9.78
7.1
10.71
10.73
10.11
3.73
1.91
4.14
6.67
8.02
9.44
12.49
9.64
5.92
11.02
15.83
11.24
4.5
15.35
13.42
5.84
4.41
8.25
5.04
6.2
6.04
6.61
11.7
7.03
10.4
5.76
12.31
5.75
7.66
16.41
10.23
5.96
3.88
6.48
9.1
10.85
18.68
9.14
6.57
4.16
4.28
1.89
2.85
3.41
4.29
8.64
5.25
3.54
5.29
8.07
3.73
8.72
7.3
16.43
10.41
5.43
2.97
4.17
12.78
13.95
5.67
13.26
6.78
12.86
11.66
4.68
8.32
7.73
3.55
10.02
11.11
5.25
-99
-99
-99
-99
-99
-99
-99
-99
-99
-99
-99
-99
-99
-99
-99
-99
-99
24.99
17.26
5.21
1.85
5.09
17.53
9.88
15.88
19.71
9.87
19.42
16.76
14.57
8.31
1.54
1.16
3.02
6.17
9.06
3.55
4.55
3.69
9.03
7.73
4.7
6.52
17.65
-99
-99
2.49
2.18
4.68
9.37
13.91
6.54
16.71
16.23
12.74
8.71
7.06
5.67
2.89
3.08
4.08
2.78
3.25
9.78
12.91
15.98
6.15
10.91
13.47
6.42
1.37
14.01
15.72
18.1
17.14
14.98
8.99
13.57
9.77
11.44
11.13
4.96
18.45
8.99
15.06
17.97
23.17
21.18
10.79
7.44
4.57
14.93
17.17
17.63
10.87
6.42
10.85
16.07
11.92
10.03
4.54
3.09
2.97
3.29
5.85
4.15
9.55
17.11
21.7
21.51
18.29
15.15
8.65
5.81
7.07
13.67
14.81
17.28
12.15
6.8
3.86
8.19
10.12
16.2
7.35
18.09
20.03
23.06
18.79
20.53
9.37
6.88
11.5
9.25
10.97
7.8
7.2
5.3
11.82
26.85
19.24
10.12
3.84
5.14
10.13
9.39
6.36
8.03
10.05
15.07
18.8
8.95
9.43
8.5
11.52
5.14
3.5
5.13
13.3
21.43
17.06
8.91
8.47
7.44
4.27
4.31
7.43
5.93
5.61
7.63
7.47
5.5
3.66
8.35
8.91
7.13
5.63
6.05
5.04
19.43
24.12
20.47
15.37
6.99
6.54
5.93
4.73
4.47
4.32
11.75
19.85
15.49
11.04
20.18
15.44
8.53
14.28
10.76
4.73
7.79
7.95
9.51
6.26
3.91
4.72
9.55
9.85
5.51
14.5
16.24
9.37
5.61
4.03
5.8
7.93
11.16
10.44
5.7
14.88
17.32
15.46
13.31
8.72
6.82
10.91
6.96
6.46
5.77
6.21
7.98
4.5
16.6
20.33
20.06
16.76
5.53
6.21
8.23
5.23
3.38
5.2
8.53
12.45
10.41
7.89
5.84
8.33
6.42
5.96
7.36
9.5
10.54
5.81
5.33
5.75
13.38
11.08
9.44
13.11
13.62
4.48
11.97
14.14
9.99
20.02
9.06
7.33
5.04
5.48
6.36
5.39
7.02
3.51
3.32
3.51
4.9
4.42
5.31
13.05
12.92
0.56
0.86
0.19
0.4
17.1
18.79
6.32
2.48
11.57
8.59
15.6
19.57
16.86
18.13
21.41
23.22
15.66
4.09
3.64
3.68
4.62
3.46
3.75
2.85
7.25
4.38
3.9
8.53
5.63
5.51
5.44
6.98
10.49
6.86
8.13
10.28
8.12
12.18
12.56
11.8
9.68
4.45
5.57
4.45
6.62
19.16
20.07
15.66
12.79
3.67
8.8
2.98
9.48
5.97
5.64
19.71
19.68
23.53
16.47
13.54
19.05
21.69
19.75
38.43
-99
25.6
21.07
9.83
4.44
12.86
8.34
2.75
2.44
7.2
3.23
2.89
1.63
2.8
6.31
12.85
6.47
15.09
16.39
9.28
16.99
15.92
14.98
15.6
14.01
12.67
6.52
6.96
4.54
2.63
1.73
3.52
5.36
16.76
18.74
6.78
19.16
13.87
17.86
10.61
7.49
11.47
28.18
30.13
18.78
26.98
24.81
17.46
15.59
13.88
13.28
0.69
1.97
8.41
3.11
3.32
2.88
7.66
0.9
2.78
7.25
1.09
0.66
0.96
1.01
8.18
15.72
15.55
9.62
9.96
3.8
17.4
19.86
21.15
19.63
17.91
17.42
20.46
17.09
21.01
20.71
18.48
5.53
4.06
8.16
10.83
3.4
4
6.61
2.88
7.24
16
21.7
20.06
21.7
21.88
14.16
12.04
11.66
15.28
7.6
7.97
3.95
3.97
5.35
14.66
20.67
7.53
2.48
6.38
18.79
-99
-99
23.52
23.13
10.62
6.69
6.25
2.6
6.79
3.66
2.56
2.63
0.94
1.57
2.46
1.54
5.46
4.53
4.83
4.22
5.5
3.98
3.91
5.33
1.48
0.45
0.25
0
0
0
0.81
4.37
6.53
9.09
14.99
22.24
23.2
23.22
15.24
7.14
6.64
10.15
6.48
7.33
6.96
7.22
9.92
8.01
4.78
5.16
6.28
4.84
3
2.5
2.15
3.28
4.92
10.07
9.06
7.26
12.15
16.32
18
7.15
6.29
5.59
3.65
3.47
3.62
6.92
6.55
2.86
4.22
11.22
14.63
5.84
2.15
3.19
9.88
12.91
4.24
3.09
4.39
7.82
4.62
7.81
13.31
17.55
13.86
5.03
3.6
11.59
11.07
11.97
14.44
6.08
2.98
5.09
3.38
3.02
6.18
6.28
6.3
14.76
6.88
2.17
4.06
4.43
3.5
4.77
2.55
4.34
4.57
3.29
2.42
4.56
8.75
7.99
13.45
6
3.83
11.1
13.01
7.5
12.68
11.12
7.08
11.5
12.12
7.24
5.18
4.11
3.6
2.57
2.75
11.28
9.58
6.62
8.17
8.14
5.75
2.47
3.58
4.38
9.36
6.69
6.87
12.97
8.84
9.25
14.77
15.65
13.8
8.09
11.08
8.41
4.04
4.64
4.53
9.32
8.45
8.53
9
10.31
3.63
4.18
3.53
11.03
13.25
14.24
4.56
3.96
0.49
2.46
3.82
3.94
8.56
3.39
3.98
9.24
2.63
2.31
2.68
3.96
5.7
5.41
5.72
5.63
4.16
6.45
2.76
5.52
7.34
7.54
5.37
6.29
18.75
19.99
10.83
10.62
4.88
1.99
1.29
2.96
6.24
8.45
2.55
3.9
10.6
11.77
5.5
17.23
16.39
11.94
8.43
4.21
5.32
3.98
2.97
7.99
9.19
9.25
9.69
4.5
5.61
3.31
3.06
9.95
5.01
5.47
3.97
1
10.15
5.79
4.49
10.11
12.71
12.39
11.79
8.07
6.72
4.81
3.97
5.53
12.25
16.46
5.65
1.7
11.6
16.16
19.83
7.01
8.83
4.53
5.56
3.26
7.09
12.68
8.02
6.3
4.31
2.98
7.35
12.18
15.3
6.43
5.33
4.08
4.29
8.16
12.07
6.87
16.89
4.82
6.35
5.79
6.65
6.57
10.51
17.41
12.95
8.75
7.57
14.68
19.85
16.64
10.9
11.58
11.7
2.26
4.24
3.84
3.23
1.79
2.02
2.25
4.65
10.68
9.38
5.61
2.55
3.58
7.46
20.36
21.8
13.33
4.76
5.68
6.34
10.5
5.85
1.82
3.36
3.73
3.63
4.8
7.84
8.58
3.01
10.22
14.13
3.35
12.16
11.78
5.66
9.53
8.08
4.29
9.13
10.37
7.87
9.78
12.44
2.29
3.8
4.54
11.83
11.59
14.44
5.23
6.21
8.25
8.54
4.29
5.48
4.82
1.95
2.06
5.19
8.11
7.78
14.22
4.39
5.12
7.42
12.39
10.88
4.2
3.86
15.02
9.96
5.94
4.3
3.89
8.1
17.25
-99
4
4.77
9.93
6.63
14.93
17.67
8.78
2.71
2.28
4.63
7.04
7.86
8.2
10.79
3.53
2.22
0.3
0.67
2.33
0.13
0.98
3.2
0
0
0
1.66
0.67
0
7.37
5.49
6.69
4.63
3.59
9.37
15.35
14.22
11.91
7.09
5.62
12.94
3.06
10.1
15.49
6.51
5.73
10.31
6.01
2.36
2.4
6.59
11.93
12.42
17.55
14.85
8.93
5.1
7.23
3.44
4.5
6.13
4.04
6.31
10.24
7.64
5.65
5.23
-99
-99
-99
-99
-99
-99
-99
-99
5.38
8.84
11.03
14.27
11.97
5.74
10.53
8.44
6.65
10.7
16.01
16.62
13.34
15.37
13.97
10.08
5.49
4.8
4.21
3.65
6.77
8.32
5.35
8.32
9.12
9.91
8.1
5.8
7.54
5.12
4.6
7.51
6.04
8.33
5.47
5.24
8.6
4.73
4.28
6.92
9.6
5.76
3.96
4.37
4.85
7.94
7.73
13.35
11.88
6.52
4.69
5.74
3.64
5.88
5.92
4.17
4.24
3.49
2.76
6.2
9.15
5.69
3.36
5.93
9.49
4.85
3.67
3.5
5.35
9.95
6.93
3.73
4.33
10.97
8.81
13.54
17.89
14.05
13.89
13.5
13.18
14.55
9.23
8.89
12.33
7.74
5.88
4.77
6.63
10.36
6.76
5.65
9.74
6.89
6.37
4.61
10.14
8.08
10.74
10.52
4.89
7.99
14.59
6.04
2.56
3.45
4.44
4.93
2.76
1.94
1.8
3.47
4.25
3.3
5.36
4.53
7.42
-99
-99
-99
-99
-99
-99
-99
-99
-99
-99
-99
-99
-99
-99
2.95
1.52
5.85
4.66
4.47
13.42
7.85
9.41
4.16
8.14
4.71
2.55
7.12
10.78
16.03
8.6
5.5
3.73
6.18
10.4
10.23
11.25
3.54
3.82
9.42
14.45
7.49
10.41
8.21
2.81
2.63
8.8
7.46
3.43
12.06
11.42
7.52
4.85
4.1
3.04
9.04
4.49
3.38
4.13
3.23
13.08
10.26
2.37
13.62
12.84
4.06
3.56
5.38
3.31
5.6
7.6
4.99
12.88
8.33
5.24
8.92
11.65
14.53
6.88
13.96
14.18
3.16
4.74
8.48
18
7.02
13.15
6.03
11.76
4.34
5.53
10.53
7.87
4.64
4.87
8.46
17.75
12.74
11.1
-99
10.39
9.11
10.2
9.3
2.3
1.39
1.79
3.28
5.97
4.18
3.73
13.38
7.07
6.11
10.47
3.47
3.53
4.06
3.22
7.44
7.47
8.49
3.84
8.66
5.59
6.86
2.83
3.5
9.94
5.56
7.96
7.3
8.96
13.3
4
15.62
17.04
3.78
2.77
6.39
7.74
11.21
3.12
3.74
2.86
5.03
3.49
2.11
5.76
9.9
8.33
6.56
9.58
4
8.74
9.13
8.19
8.97
6.81
6.71
5.63
4.04
4.55
3.3
2.59
5.97
16.14
7.02
3.53
2.56
2.53
4.05
6.66
13.02
4.34
12.95
22.64
18.77
20.93
11.45
2.38
3.59
8.65
3.53
7.1
16.23
4.01
13.31
15.67
21.07
19.16
11.36
14.7
6.96
7.58
6.54
4.5
8.22
6.03
6.5
5
3.96
5.82
13.48
9.68
5.92
3.23
3.48
3.28
2.85
2.84
6.41
4.51
11.66
8.9
6.53
6.49
4.05
3.55
2.16
1.96
2.22
2.47
2.99
4.12
4.29
2.74
2.63
2.76
3.59
4.77
4.26
7.04
11.7
14.09
17.6
17.04
10.3
5.39
3.99
5.26
5.01
4.55
9.13
8.55
7.23
10.49
8.05
2.69
7.67
2.86
4.16
1.73
4.63
3.43
3.62
9.17
6.99
8.96
4.35
6.19
11.11
16.64
9.79
10.05
6.44
-99
1.33
3.13
2.6
4.03
4.58
4.43
4.29
7.55
4.04
2.57
6.39
1.92
3.81
4.35
6.35
6.33
5.47
4.66
10.45
9.07
6.99
5.2
-99
-99
-99
9.15
3.83
13.31
9.98
4.3
3.2
6.01
15.99
9.76
8.04
5.41
5.67
8.09
9.41
6.88
5.01
5.25
2.72
9.65
5.96
8.02
10.41
10.65
5.18
3.51
4.05
10.54
8.5
10.47
6.22
4.47
6.9
9.63
3.17
3.14
6.32
11.24
12.22
10.22
9.82
4.1
3.28
5.92
2.45
4.83
13.29
10.56
5.07
9.27
8.18
7.04
7.59
2.38
3.04
3.38
2.92
1.3
2.74
6.96
15.67
14.8
9.6
4.5
9.41
14.74
11.18
11.74
10.45
5.36
4.53
5
9.82
4.68
2.95
4.32
4.92
4.61
4.33
13.12
10.37
3.51
2.01
3.09
2.93
3.43
12.74
13.35
14.15
4.39
4.64
5.39
6.63
3.7
4.26
4.62
2.42
8.44
10.24
9.54
12.64
7.79
8.46
7.8
4.48
3.08
3.52
3.98
3.07
12.22
6.76
9.46
8.07
10.18
4.04
5.9
11.88
10.17
9.07
3.4
8.56
20.84
19.87
11.47
8.26
6.66
5.35
8.01
11.84
12.77
7.2
13.17
12.1
12.11
15.01
9.81
15.29
16.28
16.61
6.08
1.95
5.19
10.1
6.98
4.17
13.19
17.71
18.63
23.25
17.13
7.75
8.31
4.5
2.76
4.14
7.39
9.6
5.85
8.47
6.38
10.97
7.69
10.4
19.24
14.16
6.72
5.18
9.21
5.53
3.41
3.4
4.1
3.94
5.93
6.03
6.75
6.26
2.45
11.26
6.7
2.09
1.77
13.29
10.73
2.26
3.61
7.85
8.75
3.19
3.04
5.41
3.6
3.44
3.97
12.86
8.67
7.77
10.28
8.09
6.17
6.06
8.44
10.45
3.1
2.41
11.37
8.82
3.35
13.03
5.37
4.16
9.14
3.7
6.64
5.29
2.35
11.36
10.74
6.51
2.36
5.95
5.36
4.81
6.73
5.72
5.48
2.55
3.47
3.9
1.64
3.73
7.35
9.8
8.78
5.01
2.01
2.78
3.26
8
4.93
1.71
2.89
2.06
2.57
5.98
5.23
9.28
16.94
21.77
21.61
20.46
10.73
6.03
6.48
4.23
6.53
3.73
1.46
3.64
5.92
2.9
5.41
8.5
15.82
8.05
11.34
16.54
9.25
11.22
7.95
6.07
5.97
6.58
15.17
17.34
18.85
15.58
16.09
8.69
5.3
4.37
8.61
8.74
7.43
2.52
13.49
8.18
6.22
11.89
7.01
3.77
8.54
10.19
8.34
9.9
5.25
9.32
7.07
9.17
6.03
4.47
8.65
10.06
7.52
7.4
4.36
3.65
3.73
2.26
2.5
1.96
4.56
5.44
3.39
3.88
2.52
4.04
3.86
9.2
10.18
4.87
5.94
8.14
12.14
13.88
6.54
3.04
7.15
10.09
8.4
4.08
4.27
5.86
3.82
3.67
5.43
5.76
3.57
10.43
9.66
10.47
16.15
16.08
13.56
6.17
2.82
4.96
13.33
10.38
8.26
4.76
4.88
9.93
5.75
3.34
3.19
3.16
5.59
5.12
5.39
12.66
7.26
14.55
10.69
5.64
6.56
2.76
6.99
12.12
5.69
3.23
9.27
10.3
6.37
3.27
3.53
2.89
9.1
13.32
11.53
6.91
4.63
10.01
7.49
3.81
6.47
14.93
10.61
4.07
3.41
3.02
6.94
6.48
6.57
4.4
6.57
5.92
7.89
7.18
5.04
4.17
4.11
3.74
7.59
13.07
7.01
3.01
4.35
9.21
9.34
6.79
15.42
3.08
2.92
6.65
7.88
9.21
3.52
7.39
12.13
6.13
8.49
5.77
4.43
4.97
3.91
3.44
3.83
8.24
2.77
7.72
3.94
7.9
6.57
6.02
4.41
4.61
6.04
6.55
16.54
15.46
16.18
10.29
5.36
2.41
2.88
10.24
6.33
3.14
4.03
5.52
5.27
10.2
5.49
5.41
4.19
4.41
9.27
6.44
6.16
14.65
9.3
2.82
2.65
2.56
13.8
14.63
4.76
3.54
7.98
4.28
2.71
3.08
2.43
7.89
2.28
3.62
10.59
8.8
18.8
13.77
6.86
12.08
4.38
3.7
16.17
16.44
6.55
10.96
10.47
8.65
9.84
6.13
3
2.97
2.43
2.09
3.67
4.32
3.06
13.38
21.96
22.3
14.85
14.55
18.49
9.94
14.28
7.07
6.21
14.5
10.39
8.68
19.87
17.91
11.4
10.62
10.25
10.83
5.28
12.45
3.37
5.17
3.53
3.4
3.84
3.42
13.19
22.98
17.47
9.43
10.8
10.33
20.71
17.2
14.92
25.09
18.4
18.41
16.35
4.1
5.06
2.96
6.22
9.73
8.34
7.99
7.85
9.97
13.08
5.65
5.82
5.56
6.14
5.38
10.86
15.83
8.23
6.8
5.8
6.5
3.02
5.63
14.8
2.62
2.67
5.97
3.45
6.89
10.53
8.73
2.79
5.44
11.64
7.91
12.74
18.87
7.63
3.37
2.65
8.39
7.86
6.51
9.02
5.52
12.98
10.83
16.92
16.15
5.24
14.04
13.68
17.54
16.46
14.92
5.2
7.15
14.57
17.5
12.06
4.54
10.76
15.6
19.32
14.85
6.66
3.21
5.41
5.28
6.16
6.9
8.05
15.43
11.97
24.49
23.65
8.71
11.58
7.01
12.77
5.09
2.24
4
12.46
6.73
2.79
1.6
2.15
5.24
3.14
8.95
9.97
13.21
8.49
5.16
2.63
11.66
16.71
13.09
12.93
13.62
13.52
7.03
3.55
6.24
6.54
9.63
13.04
4.36
7.56
5.95
17.75
11.94
6.02
11.42
4.66
4.85
4.54
7.12
14.63
17.93
16.79
10.05
4.21
3.21
9
8.89
5.03
3.56
5.38
16.91
15.94
11.02
12.98
14.62
7.73
3.69
2.58
7.57
5.07
4.97
3.65
3.84
9.39
14.43
4.94
7.62
4.12
3.07
5.36
3.73
5.92
4.71
6.55
4.19
15.76
17.75
14.17
3.62
3.88
3.1
3.64
8.68
5.44
4.3
5.9
2.94
5.21
9.03
3.73
3.76
8.26
4.53
2.69
3.6
5.24
8.07
3.04
2.99
9.25
14.75
14.4
12
8.81
3.49
4.36
8.8
7.48
3.32
4.9
6.06
4.4
5.83
5.29
5.54
6.93
8.66
10.74
8.55
8.55
7.52
5.94
3.03
8.02
3.44
4.23
5.01
15.83
8.2
4
4.46
6.95
11.81
7.93
7.65
9.34
3.58
7.47
6.66
5.37
12.57
4.38
6
10.07
5.76
4.63
3.35
4.2
8.4
6.7
5.23
8.03
8.89
7.63
7.73
5.43
3.3
2.43
2.7
2.37
3.8
3.49
3.93
6.49
4.24
4.02
4.48
4.71
3.48
10.8
12.83
7.42
5.19
6.5
4.39
6.63
9.34
12.14
4.43
2.83
2.49
2.75
5.49
2.73
4.38
5.39
8.9
8.64
6.99
4.16
9.03
3.23
8.37
15.54
9.23
5.83
6.77
10.5
3.88
3.87
3.91
3.81
2.7
6.68
13.06
7.05
2.89
2.16
5.84
5.78
4.58
4.95
11.73
11.04
14.98
15.49
13.84
12.92
14.18
14.51
12.5
7.29
13.52
8.2
12.69
9.87
7.2
10.05
5.69
2.62
1.9
4.05
2.33
1.78
2.93
11.76
4.89
7.43
5.76
9.27
7.02
8.25
19.07
11.21
3.52
4.3
4.36
7.21
3.67
3.47
4.84
4.4
2.32
2.4
8.79
5.1
3.32
4.23
4.21
5.15
5.22
8.21
10.83
8.74
14.72
3.63
10.67
10.67
5.86
4.94
3.39
4.34
6.67
6.6
5.7
11.74
14.91
17.95
16.85
6.89
10.98
8.02
17.83
6.78
14.74
7.9
6.94
11.87
8.88
4.94
6.55
4.55
4.53
7.56
5.04
8.31
7.88
4.26
3.36
7.78
7.63
9.46
23.34
13.26
8.83
5.26
2.94
8.86
14.45
11.56
2
6.19
4.19
2.62
4.92
6.36
2.2
3.45
5.36
12.95
13.78
15.12
10.3
7.88
10.46
9.89
9.53
4.54
3.05
7.89
6.77
9.32
11.23
3.06
16.49
19.03
16.34
17.9
12.63
11.03
3.31
5.8
9.64
5.78
17.3
4.39
10.65
3.02
4.27
5.09
3.56
7.01
9.85
7.56
7.77
5.35
7.42
8.73
13.7
4.93
3.91
17.11
16.24
11.1
10.45
12.41
12.23
15.24
13.5
4.82
4.66
7.46
3.13
2.7
4.69
4.36
4.15
8.99
11.87
5.17
6.36
4.65
8.88
6.41
5.48
8.1
2.92
6.12
12.66
6.2
6.79
5.92
17.61
8.44
4.29
3.23
3.89
4.08
3.5
3.74
3.37
4.11
8.2
4.78
6.75
2.1
2.78
6.2
5.3
3.73
7.71
5.04
6.33
7.36
3.03
6.81
9.26
13.09
19.45
13.2
7.97
4.8
5.22
8.07
4.02
3.8
4.27
8.62
12.64
14.86
14.38
12.91
9.63
14.52
13.03
5.96
2.44
3.57
5.15
4.93
3.51
5.68
9.7
8.23
5.81
11.66
12.26
13.54
6.81
4.33
3.52
4.74
4.74
6.45
8.2
8.21
8.53
2.78
5.18
9.23
10.49
5.56
4.82
6.15
10.9
16.51
14.07
10.86
5.02
3.54
3.56
3.11
2.91
6.06
8.12
7.34
3.72
4.08
3.14
9.78
13.26
13.13
5.65
2.52
4.73
2.11
2.71
4.19
5.01
7.83
7.58
4.41
13.97
9.42
4.23
3.78
5.44
7.15
13.83
13.52
15.59
15.18
9.62
6.17
9.86
10.63
4.36
4.62
5.47
13.64
9.95
13.88
9.21
5.58
3.08
2.64
3.91
6.18
10.11
12.8
10.23
4.92
6.91
4.2
2.62
4.02
2.57
2.55
2.44
3.36
8.83
3.45
2.73
7.11
13.05
10.34
12.54
6.32
3.6
1.63
3.82
4.72
4.3
2.89
8.49
7.82
10.47
9.26
2.19
4.63
11.89
6.06
2.68
2.79
4.8
10.9
6.06
2.6
1.86
3.56
3.23
11.75
12.63
13.36
7.6
8.36
5.36
4.2
2.99
5.55
9.48
9.01
5.38
2.27
3.64
3.22
4.47
6
7.03
6.48
6.87
7.98
7.88
11.94
14.74
19.82
14.65
7.56
4.65
1.44
2.1
6.57
20.52
17.25
2.83
2.18
10.82
8.65
10.36
13.21
18.32
13.6
8.55
2.62
1.75
7.76
6.15
3.17
7.09
6.57
2.9
3.33
9.4
10.94
17.43
4.43
5.28
5.51
10.25
5.17
11.92
10.72
11.33
5.14
8.84
7.26
9.81
4
5.25
5.46
3.88
7.26
8.2
14.67
4.63
3.87
4.94
13.61
9.81
3.56
7.65
7.79
12.27
20.16
14.94
9.36
7.34
5.86
2.55
11.57
6.65
10.4
17.81
19
20.23
3.81
1.65
3.15
6.19
2.19
5.12
9.6
7.4
2.08
2.49
2.54
9.35
3.95
9.14
4.9
5.82
12.06
6.63
3.75
5.96
1.99
1.8
2.58
5.67
14.25
18.09
16.03
8.37
8.2
7.94
4.96
3.86
5.96
7.35
8.79
12.69
15.93
22.84
21.19
11.31
2.93
2.46
1.7
1.87
1.75
2.23
2.45
2.58
6.43
7.64
4.79
7.08
9.09
10.69
3.73
9.59
5.59
17.5
12.03
12.63
13.29
8.73
13.82
15.4
19.21
13.9
5.46
5.18
4.45
4.51
3.97
7.73
2.63
2.79
4.89
11.15
2.74
7.27
10.65
4.67
12.9
16.24
15.95
5.97
3.73
2.82
3.04
6.53
7.43
3.32
6.14
6.61
3.61
5.92
6.53
3.27
2.65
4.24
12.18
6.3
2.06
2.24
3.34
4.19
15.82
18.26
17.18
6.81
4.36
4.88
3.81
5.32
10.11
6.42
6.34
3.56
3.2
6.28
3.14
10.13
15.8
10.4
4.76
4.38
3.57
7.08
2.71
9.27
10.8
4.53
7.52
6.98
2.4
2.22
3.68
2.48
5.31
5.2
10.44
16.26
8.91
4.13
2.85
2.42
2.63
2.95
10.81
6.08
12.13
5.93
4.59
11.64
7.29
4.9
6.88
14.29
19.95
12.79
6
4.59
4.36
4.19
7.76
9.94
4.8
5.37
8.68
3.06
4.42
7.21
5.63
4.06
6.76
13.28
6.93
3.19
2.75
7.38
11.78
9.88
6.11
3.77
4.55
5.33
15.45
14.41
10.4
4.64
3.48
8.46
2.81
3.37
5.69
6.23
3.38
2.83
4.78
3.89
14.12
11.17
6.13
2.57
10.9
6.75
12.58
6.45
7.21
11.69
11.44
11.33
5.2
4.02
6.32
6.91
6.39
7.91
6.56
3.58
9.88
7.69
5.64
3.25
3.86
6.97
12.55
13.73
7.68
2.87
2.95
3.87
3.39
4.56
3.94
4.34
5.01
2.98
3.02
2.71
4.66
3.97
2.25
4.15
11.01
9.82
4.16
2.95
4.12
4.48
4.61
2.78
4.6
4.05
10.89
5.88
4.95
7.41
3.22
4.85
8.21
6.64
6.1
8.75
2.55
2.12
3.99
11.72
9.61
6.56
2.63
5.56
3.46
2.82
2.55
2.08
2.09
1.87
2.74
2.22
1.83
1.89
3.13
10.47
9.53
5.03
14.18
16.15
14.31
9.08
10.46
10.48
11.07
4.45
5.14
3.15
2.69
1.84
6.93
16.08
7.38
5.06
7.52
9.63
5.05
7.16
8.59
4.3
4.74
3.09
4.11
4.2
10.91
14.48
9.45
10.38
11.84
10.07
7.97
3.59
4.24
2.77
6.43
5.98
5.83
6.8
3.38
3.28
4.19
5.61
4.93
4.86
7.46
12.74
6.69
6.55
10.76
4.3
2.82
4.76
4.13
4.65
9.44
8.85
3.34
9.95
6.07
4.86
4.87
2.38
2.6
1.36
5.52
3.4
4.52
4.5
8.16
10.36
12.75
7.86
11.07
15.02
17.02
6.5
15.76
14.27
4.62
3.88
5.37
16.27
10.53
9.53
5.38
10.31
4.91
9.43
7.09
16.56
14.61
11.72
11.31
3.78
4.59
2.13
3.36
5.7
3.02
3.68
5.53
3.33
3.01
8.96
9.9
11.02
14.1
15.79
5.95
2.45
8.34
11.57
17.76
12.47
5.94
7.42
17.08
24.24
23.02
12.15
22.2
25.53
14.4
12.79
18.54
15.84
15.73
18.45
13.73
16.28
19.22
9.8
3.1
9.24
16.92
8.93
12.67
15.65
6.26
4.54
18.11
7.87
3.37
2.38
2.39
3.34
7.51
8.15
15.86
16.06
9.82
17.35
15.07
13.09
16.05
5.71
2.75
2.13
2.22
6.31
3.6
7.24
11.46
9.75
5.06
3.49
5.82
2.78
2.51
3.84
2.46
2.46
4.14
11.59
4.77
4.05
4.65
4.33
7.01
5.09
8.2
4.56
13.18
6.91
10.03
5.34
5.45
13.98
8.04
17.76
25.23
11.85
7
5.61
4.72
7.78
6.86
7.73
4.49
13.79
9.74
3.11
7.49
9
8.28
3.59
2.59
2.26
4.63
5.09
6.44
4.08
5.86
3.39
2.17
2.25
6.7
11.49
7.08
12.43
10.45
4.1
6.99
2.45
6.68
4.54
12.07
14.65
6.01
3.58
2.65
2.99
7.68
5.45
6.24
5.44
4.56
4.28
7.59
8.23
5.3
3.86
7.54
13.73
5.86
5.06
5.61
6.36
5.91
6.15
6.26
4.08
4.96
5.31
4.29
4.97
8.16
10.59
5.51
3.72
6.77
5.77
3.63
4.19
3.5
5.96
18.87
7.56
3.14
2.01
5.61
5.78
8.44
7.95
4.47
4.37
9.53
7.21
3.35
12.51
11.23
9.69
9.61
3.64
4.49
5.3
12.64
13.65
6.51
4.37
2.91
5.15
5.38
8.63
6.68
3.81
4.21
4.61
7.55
7.36
3.65
7.34
10.09
4.5
3.3
3.04
2.78
4.25
9.36
5.58
5.19
10.07
4.23
4.03
4.56
4.2
2.65
2.62
3.41
6.69
5.4
10.92
10.59
3.14
3.49
4.55
14.42
16.07
16.31
17.03
16.73
13.41
9.76
5.79
4.06
2.93
2.34
3.95
2.38
12.92
16.16
16.03
8.52
2.42
2.59
5.92
14.31
4.81
4.82
3.04
7.59
7.04
8.46
7.13
2.16
5.95
14.31
13.26
5.36
3.95
3.02
2.62
3.18
3.42
2.95
3.77
6.83
3.59
3.82
11.86
7.57
6.96
12.19
6.39
14.8
9.02
8.49
7.31
7.72
3.35
3.69
4.59
6.6
5.3
16.26
19.88
8.08
5.86
7.76
5.28
3.96
2.27
6.41
6.89
7.17
7.23
5.02
6.1
5.23
13.65
18.57
10.97
5.13
2.75
4.49
8.55
5.58
5.55
3.1
9.91
4.55
2.14
11.31
5.51
9.6
11.73
22.51
19.26
13.77
14.49
12.23
5.39
6.78
8.01
7.94
4.64
16.05
7.99
9.83
11.08
5.46
13.46
5.92
3.5
4.95
7.08
3.77
2.38
7.69
3.19
4.14
2.54
2.32
6.67
12.7
3.93
5.31
6.76
9.97
6.01
5.84
16.01
12.01
13.62
19.89
9.09
4.94
2.1
1.63
8.92
9.4
3.22
10.69
12.78
8.33
5.53
15.26
5.11
9.11
7.45
6.08
6.53
14.34
11.32
15.01
8.21
3.92
14.62
2.88
3.4
4.79
3.3
16.99
22.65
9.24
6.03
10.61
16.21
9.19
12.69
5.82
7.72
13.65
14.67
7.77
8.92
4.61
2.16
2.65
5.57
2.03
3.2
5.09
19.51
16.46
13.65
8.97
7.85
4.54
10.33
5.66
3
7.28
13.6
9.33
5.39
5.78
3.61
4
2.6
6.71
18.23
20.54
13.31
11.23
11.28
6.42
4.59
10.51
4.66
3.63
3.03
5.09
6.45
6.88
3.28
3.61
4.47
6.58
7.33
6.54
5.01
6.5
5.4
12.4
18.9
8.9
3.85
5.19
4.72
6.48
4.77
3.96
8.97
4.09
1.97
4.05
5.86
17.51
13.42
9.25
12.91
7
3.22
4.52
7.52
14.37
15.3
12.86
4.23
3.79
6.56
10.97
10.68
7.67
3.07
2.41
3.68
6.3
14.56
10.76
10.64
5.29
6.99
9.16
8.19
7.1
10.78
4.03
5.75
8.95
15.76
14.1
12.01
11.34
6.85
3.57
8.22
5.96
6.36
14.01
21.06
16.89
11.33
4.2
3.2
4.33
3.35
7.29
5.83
7.57
3.75
5.04
6.2
3.8
1.93
8.82
6.42
3.19
4.48
2.61
4.31
5.79
13.62
14.3
12.04
12.41
11.2
12.95
9.4
6.34
2.66
5.27
3.58
9.99
4.18
3.91
4.48
4.9
3.92
2.85
3.33
3.06
3.1
3.69
4.82
4.04
3.34
2.9
3.85
2.55
3.02
3.88
4.79
3.24
4.76
10.91
10.21
5.3
8.18
5.82
4
7.08
9.74
3.63
2.77
4.28
5.41
7.01
13.06
11.84
11.62
6.11
3.43
9.69
9.94
3.23
3.11
5.6
2.95
7.28
10.55
4.4
4.43
3.85
9.99
7.86
4.5
7.43
7.93
8.53
11.1
13.24
13.37
7.05
3.19
6.28
5.85
4.01
4.2
5.68
5.58
5.67
11.6
8.05
5.74
2.94
10.81
5.55
10.3
3.05
13.88
10.16
7.78
4.04
3.69
4.69
2.36
1.86
1.86
6.76
3.44
2.44
2.75
3.34
6.93
5.31
11.36
12.3
8.73
6.17
9.88
10.39
8.56
4.92
2.03
2.62
3.86
6.72
5.4
2.52
9.24
4.76
8.47
8.85
4.8
6.36
10.79
5.74
4.54
6.13
14.74
18.51
10.73
2.48
1.93
9.63
4.36
9.19
8.28
3.95
5.65
7.82
9.08
21.37
14.89
13.2
15.57
18.2
11.52
6.35
11.21
18.91
14.65
7.72
15.17
21.9
22.22
22.51
18.24
12.36
7.98
10.14
13.41
17.24
10.61
3.08
6.87
12.2
16.3
7.95
4.16
1.19
2.38
7.55
1.84
2.15
5.74
2.42
8.16
9.78
7.42
6.41
20.1
6.93
3.65
4.47
16.82
13.25
12.57
6.3
8.72
7.95
3.87
3.98
3.75
4.93
4.34
14.89
7.77
3.43
1.96
4.51
2.05
3.98
2.19
1.97
5.01
5.21
5.25
2.96
8.89
10.69
8.86
14.19
7.81
4.39
12.91
12.24
15.12
6.93
12.21
6.86
3.3
11.23
4.4
10.46
13.46
6.38
9.12
11.66
7.93
9.71
6.99
8.67
13.02
8.94
7.65
7.53
5.47
-99
-99
7.8
8.66
13.79
3.25
11.77
4.18
6.35
11.1
7.95
7.81
4.72
9.03
10.89
8.98
9.93
15.39
11.63
9.92
3.36
4.74
3.82
2.28
3.09
2.84
2.74
4.27
17.75
22.28
5.92
6.23
8.63
1.86
2.49
8.62
12.26
6.35
6.81
13.57
9.31
7.46
4.34
4.21
5.02
6.41
5.7
7.34
18.96
14.46
5.65
2.02
9.33
5.47
2.39
3.73
6.1
11.25
6.57
3.51
3.38
4.58
6.73
9.91
4.94
3.43
3.62
3.66
8.36
16.1
6.77
11.76
8.16
5.53
8.9
8.03
15.83
16.42
9.65
6.86
4.75
5.35
5.53
7.83
3.98
9.44
7.44
13.53
13.16
12.48
9.37
6.28
2.76
6.03
8.26
7.33
8.59
8.67
4.47
5.34
4.91
4.94
4.28
10.42
10.58
14.51
13.23
10.86
6.29
9.24
5.18
4.42
4.39
6.36
4.8
3.13
4.15
4.29
9.41
16.25
13.77
9.47
9.49
4.9
3.65
3.92
5.05
2.19
2.83
5.35
6.49
8.98
6.35
10.53
12.33
6.72
6.09
4.45
3.8
2.53
3.21
9.33
10.96
7.37
13.68
10.73
13.48
11.8
5.39
5.42
4.84
3.03
3.72
5.67
7.13
10.58
12.79
12.51
5.3
4.75
4.24
5.97
7.35
5.69
14.66
12.61
7
3.94
4.05
2.9
3.1
8.54
5.66
4.96
7.83
5.54
5.21
10.91
5.66
12.7
7.85
6.89
11.9
4.57
3.41
7.16
6.94
4.72
3.12
9.81
4.5
2.71
2.59
4.49
2.4
5.62
6.94
8.05
10.08
7.28
2.25
2.02
3.38
2.68
3.39
3.5
2.07
2.71
4.56
3.53
2.76
2.51
3.92
5.32
7.21
4.85
8.27
3.48
5.21
6.06
5.49
6.01
11.22
4.4
4.6
5.43
4.39
4.72
7.43
5.9
3.77
2.03
6.73
3.51
2.04
12.23
8.98
4.89
5.36
8.76
6.99
5.04
3.72
3.24
3.86
2.93
1.88
1.26
6.82
14.82
16.1
12.86
5.71
4.8
3.58
6.33
4.07
1.77
2.45
4.03
8.63
12.36
10.68
13.61
10.75
5.55
6
4.33
7.72
13.48
6.03
2.4
8.89
2.83
4.12
3.41
2.67
2.4
4.51
6.35
6.11
2.76
3.1
4.35
1.88
6.5
12.84
10.57
6.89
15.21
15.77
10.77
9.56
13.45
15.83
20.79
11.22
20.94
13.2
11.73
2.18
9.86
2.96
9.97
13.43
8.75
16.82
8.06
11.12
10.21
2.25
1.68
4.77
12.15
10.61
5.84
16.28
19.58
18.51
13.79
3.55
6.5
4.85
12.49
4.28
4.5
5.58
3.28
3.42
3.44
8.99
0.89
2.93
4.58
4.35
7.59
6.43
5.71
6.39
8.03
5.57
9.97
1.22
0
0
5.6
9.73
6.39
5.02
11.08
9.15
12.56
4.33
10.02
20.92
26.11
14.4
8.65
17.89
7.28
2.82
3.9
3.91
3.04
2.69
7.43
13.79
14.07
10.79
4.46
8.7
12.96
17.31
6.28
12.64
16.11
12.13
17.83
7.64
4
5.19
4.31
14.92
22.29
7.29
2.8
2.8
1.84
2.88
5.05
6.43
8.67
10.12
13.15
3.07
2.2
2.34
3.53
4.03
4.78
5.58
2.23
5.88
21.61
13.45
15.12
14.56
7.5
6.76
11.1
14.69
8.7
7.25
12.62
11.61
4.51
6.14
8.17
9.58
10.13
2.72
2.64
2.09
4.14
9.75
5
3.56
2.71
4.32
4.92
4.77
8.52
6.49
2.88
3.76
6.02
9.32
13.38
2.89
4.88
3.93
5.31
4.31
4.34
6.05
8.41
5.14
7.1
9.2
4.18
1.77
2.49
2.95
10.26
17.53
22.57
14.55
5.27
14.11
15.22
16.34
15.45
13.37
10.8
12.8
16.01
11.95
5.72
2.7
6.24
3.3
3.51
2.43
3.11
2.65
3.08
4.67
5.36
5.22
4.14
3.61
3.49
4.53
2.81
3.95
7.06
13.14
13.73
12.91
13.17
11.95
5.52
3.02
9.26
5.34
3.26
4.26
5.51
5.22
6.54
3.91
6.64
7.57
9.94
6.76
3.02
3.16
4.54
15.23
12.66
4.34
6.22
7.96
9.72
8.87
4.86
3.28
2.52
4.27
4.34
6.47
4.51
6.06
7.61
4.91
14.66
5.03
11.17
6.71
4.74
11.15
4.76
7.99
3.45
4.57
4.42
3.01
4.63
2.62
8.67
10.44
8.92
3.6
4.9
8.45
12.27
9.73
6
7.36
6.34
7.94
5.25
4.22
6.38
6.6
9.31
4.36
4.63
5.61
2.91
5.9
6.23
7.02
9.37
5.11
6.83
10.28
10.81
9.38
5.98
4.1
2.99
3.51
6.24
10.42
5.52
5.9
9.42
11.47
7.48
7.16
9.76
7.5
3.87
6.35
13.8
11.53
9.04
5.17
2.99
4.53
5.06
5.44
5.58
2.07
6.17
4.09
6.47
6.41
12.61
11.11
7.39
3.24
3.14
5.33
8.46
13.91
10.01
5.14
2.64
2.61
5.03
9.65
15.81
14.63
5.58
6.39
3.7
4.97
7.15
5.28
1.81
4.28
4.05
3.07
9.42
10.77
3.69
2.17
1.17
2.15
4.18
4.29
4.79
2.15
1.52
5.96
9.04
1.66
1.57
5.31
5.35
7
4.48
11.29
12.94
15.82
10.52
8.05
15.06
14.35
12.3
7.95
3.92
3.56
1.92
1.86
1.83
3.77
5.26
5.16
4.43
9.78
3.56
1.77
1.56
2.4
1.93
3.05
2.34
2
2.38
2.06
6.17
2.47
1.79
2.85
6.17
3.61
3.72
3.66
14.68
8.4
3.15
4.09
6.44
6.25
3.33
4.52
6.87
3.88
4.14
3.46
2.97
5.34
7.48
5.18
7.53
7.92
11.86
17.27
8.47
4.19
3.72
1.36
3.29
2.06
1.76
3.94
3.32
2.39
2.89
2.61
3.35
1.99
5.49
8.24
3.6
11.11
12.19
5.09
12.83
13.75
5.63
6.74
7.18
4.13
5.61
3.39
7
22.1
20.39
5.21
4.74
8.21
2.46
2.97
7.04
6.61
4.01
8.68
6.57
8.02
11.71
22.14
16.77
9.99
16.55
9.78
7.83
9.78
5.28
13.76
8.05
15.41
17.91
15.28
10.39
0.39
2.96
7.53
5.69
3.3
5.23
3.21
3.14
7.32
0
0
0
0
0
0
1.54
3.86
7.8
15.85
6.13
11.04
9.7
12.29
17.73
15.78
16.91
9.52
11.93
8.45
7.3
4.06
4
5.88
4.78
5.79
8.87
4.89
4.16
3.76
2.22
8.84
14.56
7.65
5.05
4.79
8.68
6.09
10.82
20.44
19.76
11.24
4.87
3.94
5.36
4.22
5.58
7.39
4.74
3.8
4.72
8.44
14.54
11.84
8.41
6.22
3.5
11.03
5.98
7
13.46
6.61
3.8
3.33
3.39
3.47
4.64
5.83
4
3.84
2.31
2.43
3.05
5.21
5.71
3.02
4.02
6.58
8.86
5.04
8.31
6.49
6.75
7.93
3.78
6.37
5.31
10.43
15.13
8.61
2.91
3.96
7.14
4.69
10.18
12.61
9.02
3.74
2.74
3.41
2.61
9.78
9
4.84
9.93
7.34
4.41
4.74
6.78
2.91
5.15
9.83
15.06
13.79
13.06
5.28
3.49
6.03
2.66
3.46
3.43
11.28
16.38
11.72
9.18
8.7
11.12
6.79
3.48
4.05
10.58
9.91
5.93
2.51
5.31
12.85
13.18
7.11
6.61
12.44
14.08
11.16
5.78
3.79
4.09
3.82
3.22
4.78
4.18
2.73
9.08
12.57
6.03
3.64
4.76
3.66
3.48
3.71
4.31
12.48
8.55
3.46
5.71
4.58
3.33
3.56
10.79
6.67
6.53
6.5
5.5
4.55
5.53
6.24
11.98
6.23
6.56
7.01
13.41
14.83
12.01
9.42
4.46
3.51
3.21
4.7
6.32
5.88
8.48
5.36
8.07
7.65
4.57
2.41
3
3.85
4.25
2.85
2.58
9.43
11.46
9.6
7.21
4.62
7.51
6.48
3.48
8.28
3.28
9.01
8.7
10.74
7.93
1.82
9.42
5.68
5
7.4
5.1
3.51
1.74
3.68
2.4
4.38
2.35
2.89
2.1
9.98
9.51
9.48
9.21
7.28
4.56
6.48
4.47
5.14
14.38
9.71
5.91
2.98
3.47
7.98
12.4
13.58
7.93
10.15
6.61
4.16
5.44
2.95
4.72
6.06
4.14
1.7
2.41
4
5.93
5.19
4.19
3.72
4.62
2.87
1.09
6.29
11.19
3.85
9.5
4.16
5.72
3.27
5.08
8.31
15.75
12.1
3.75
7.51
7.25
9.86
3.61
6.98
3.21
2.57
1.71
2.17
2.36
2.95
6.28
9.87
14.89
8.68
5.82
15.58
11.31
9.76
7.97
3.13
11.82
14.08
14.77
13.07
18.64
12.03
8.93
6.28
8.85
12.69
13.54
14.22
7.98
6.57
10.87
8.78
3.71
1.61
1.84
2
11.33
7.46
8.27
11.12
16.55
10.78
20.71
11.48
9.75
6.79
8.41
10.15
7.51
3.11
2.54
2.2
3.57
4.58
7.55
5.03
1.59
2.75
12.56
7.94
2.23
2.89
4.03
-99
2.57
13.58
6.23
4.62
7.96
14.49
7.03
3.27
5.28
3.03
9.85
14.44
11.13
5.37
3.14
2.7
6.26
9.68
5.38
7.1
4.75
5.39
6.54
10.95
4.14
5.51
2.95
5.34
6.42
8.18
10.01
14.37
12.89
13.25
14.33
14.7
5.46
3.45
4.34
3.15
10.49
5.84
5.97
6.98
11.55
9.76
4.63
11.71
8.46
4.66
3.93
2.73
4.93
4.31
5.31
12.67
14.68
9.65
5.69
13.56
6.07
3.41
3.11
3.12
3.78
7
9.14
10.03
3.83
8.16
6.02
3.16
3.65
3.03
3.82
2.18
5.43
8.39
8.8
5.79
4.31
2.64
7.81
3.79
3.46
2.4
6.03
9.02
9.06
2.76
2.12
2.88
2.15
5.85
8.01
9.61
9.29
6.56
4.1
3.59
2.67
2.86
2.27
3.2
3.5
3.81
11.94
6.66
3.95
7.48
2.71
3.21
2.76
3.8
6.04
4.85
3.3
6.64
4.47
4.99
5.4
9.12
15.54
7.83
4.05
6.27
3.29
3.55
2.39
3.06
4.77
2.39
4.04
8.84
12.28
11.88
5.27
6.28
9.81
7.21
6.88
4.55
4.09
8.18
11.31
11.51
9.02
3.89
4.34
3.84
3.42
3.44
4.28
4.05
3.75
6.48
7.46
11.19
4.31
12.48
11.1
10.61
10.85
6.44
4.5
4.73
4.44
2.74
3.55
6.73
11.36
12.74
3.73
2.63
3.73
2.95
8.1
4.91
3.35
2.6
2.83
6.83
10.37
10.31
12.68
4.73
2.92
4.03
12.08
12.11
6.94
8.11
13.29
7.96
8.3
2.19
10.11
8.55
7.46
2.92
6.87
12.74
6.05
2.51
2.32
2.26
3.1
7.84
6.87
4.77
3.6
3.68
3.6
5.75
4.21
5.91
3.03
4.57
11.89
5.43
5.64
7.01
4.81
2.13
2.81
2.04
3.73
10.17
8.8
8.62
7.74
4.57
4.54
8.02
12.1
9.37
5.97
2.42
2.45
13.85
13.35
13.59
13.02
5.64
4.82
2.88
2.26
6.29
12.6
20.87
12.29
10.3
12.88
14.17
11
8.54
20.41
18.37
6.08
2.44
8.92
8.23
8.41
4.65
2.23
6.08
3.26
2.05
11.91
12.13
6.25
3.91
8.3
12.61
12.27
22.16
18.99
11.21
4.49
2.19
1.77
9.94
8.42
5.93
10.33
8.92
2.71
2.73
6.5
13.06
13.3
6.32
9.36
10.08
9.82
18.23
8.05
2.34
4.26
7.13
8.91
10.07
5.07
7.2
7.09
9.28
5.27
5.31
7.63
3
6.81
8.56
5.91
4.45
2.96
14.71
13.35
8.8
7.75
5.44
4.34
10.39
3.1
6.79
7.52
11.74
7.27
10.92
5.41
9.46
18.3
15.51
5.76
2.02
2.12
1.84
7.6
18.48
10.24
4.51
2.87
14.77
15.68
11.64
6.32
17.06
5.39
15.58
7.2
4.91
2.37
2
10.22
11.01
4.85
12.47
12.25
14.78
8.31
2.9
5.48
11.3
5.94
4.13
9.57
10.53
6.47
7.24
5.86
7
4.58
6.03
4.78
6.22
9.78
3.78
1.91
8.33
8.78
4.34
5.57
12.17
8.87
23.88
19.88
18.3
9.29
12.23
6.19
15.84
5.54
2.83
7.45
5.55
7.73
7.3
11.36
7.91
8.02
8.36
9.56
5.04
5.65
6.94
11.64
9.33
7.85
6.99
5.56
4.06
7.05
4.26
3.53
2.13
1.94
3.62
2.21
2.61
3.84
6.12
12.44
2.17
6.21
9.04
5.14
11.51
11
19.18
18.6
8.88
3.76
2.96
5.59
9.89
13
2.28
8.45
13.9
8.84
11.51
11.45
5.82
2.7
5.63
3.51
3.25
3.51
3.79
2.34
5.26
5.35
5.08
5.3
5.23
2.53
3.4
2.86
2.74
3.73
2.91
4.23
3.01
4.79
3.1
4.14
5.02
6.3
7.56
14.44
13.54
11.06
11.22
12.69
13.41
7.7
3.09
3.37
9.84
3.96
2.18
2.96
2.81
3.7
6.18
3.14
6.41
4.19
3.24
3.48
6.84
10.64
8.36
6.32
5.92
6.98
6.22
6.15
2.44
2.82
3.78
2.97
10.86
6.9
3.81
2.87
5.34
10.41
8.16
6.66
3.46
5.38
2.54
2.64
2.42
4.16
3.26
3.62
5.86
4.83
4.6
9.75
6.23
4.1
7.9
6.37
10.17
5.67
4.52
3.16
5.19
12.42
7.31
2.29
11.1
11.25
11.46
12.36
5.72
2.4
3.72
12.11
12.36
6.64
4.06
2.4
8.02
7.87
6.75
7.59
3.13
3.36
3.87
2.47
5.99
7.02
3.43
1.66
5.13
4.3
4.08
9.31
8.23
5.48
2.18
2.95
2.41
2.72
2.98
5.8
5.97
5.51
15.44
7.17
5.03
3.25
4.81
5.74
5.66
15.76
18.87
14.3
4.75
3.3
6.1
11.14
7.65
4.16
4.43
3.36
5.32
7.99
10.17
6.1
2.78
5.76
7.18
6.09
4.34
5.48
9.63
11.79
19.34
6.41
2.15
14.29
10
11.89
6.28
8.32
3.08
10.35
12.96
3.92
9.48
5.43
7.41
8.01
9.06
4.97
5.86
7.96
4.54
4.59
4.93
3.8
7.56
7.84
4.15
3.4
2.3
2.31
7.27
4.86
6.41
10.78
10.59
2.48
5
9.98
7.11
3.28
3.18
6.29
2.71
8.95
5.25
9.52
5.2
8.82
3.88
2.91
6.88
9.76
5.53
4.33
7.75
6.74
4.13
3.24
2.65
2
1.58
9.08
5.48
2.35
2.14
5.61
10.29
13.75
13.11
4.34
17.82
11.43
6.8
18.35
17.34
13.14
14.4
21.26
18.7
17.56
15.64
14.05
14.08
6.09
2.47
7.33
7.47
5.04
7.32
13.88
7.14
7.68
23.99
20.7
10.7
7.9
9.53
7.89
8.21
4.15
4.91
13.73
25.06
11.34
5.71
4.73
6.94
4.85
5.01
7.96
10.99
8.74
2.83
5.66
2.55
3.86
9.78
9.37
3.98
3.62
1.25
10.18
4.53
3.7
2.45
2.28
3.01
10.76
8.71
6.88
3.21
9.67
7.99
13.37
5.5
2.74
2.54
5.64
10.77
5.33
13.47
7.59
8.37
3.74
12.28
14.98
13.24
10.7
4.65
3.96
3.78
5.3
14.44
16.3
8.08
3.13
4.43
6.13
3.01
2.31
2.73
7.76
6.03
8.45
5.9
5.17
2.87
4.72
13.61
16.56
12.58
7.51
3.72
5.22
3.79
7.02
3.18
3.17
5.01
7.13
4.58
5.78
12
11.39
5.52
6.29
9.66
8.24
4.79
4.41
7.65
10.6
13.36
14.95
7.56
3.13
6.24
4.45
5.32
13.26
17.61
14.35
5.82
4.21
4.86
6.45
5.2
8.41
6.58
6.95
6.72
4.14
6.86
-99
18.02
13.39
13.44
15.7
10.01
3.43
2.75
1.82
3.79
6.86
9.58
8.24
10.31
6.24
5.47
14.36
8.67
4.61
4.32
5.15
7.29
6.4
3.42
4.55
3.36
4.99
8.43
5.61
2.39
5.04
5.36
3.25
3.02
1.37
2.88
3.54
4.16
4.22
4.26
3.91
4.65
3.32
4.2
4.69
10.27
8.57
4.35
6.39
7.49
5.89
12.51
5.79
5.65
8.95
5.49
5.82
2.77
2.89
2.91
3.75
7
3.72
8
8.92
4.19
11.88
7.25
4.26
10.45
4.85
3.88
1.91
3.13
3.51
3.41
4.57
7.55
7.16
14.21
12.5
6.63
8.73
5.05
3
5.84
7.67
11.55
8.42
8.08
3.84
3.18
2.81
4.18
4.36
3.56
4.51
4.43
3.69
7.56
13.91
8.59
5.18
18.17
12.56
9.9
7.02
4.63
14.66
14.27
8.84
3.53
2.37
2.5
2.36
1.68
4.66
3.37
4.4
6.48
7.95
5
3.25
8.24
2.82
2.81
4.38
2.25
5.27
4.95
11.81
8.62
4.36
8.17
8.29
11.6
4
6.86
6.6
3.21
10.69
8.15
7.13
7.42
3.29
3.46
2.86
10.52
9.41
3.64
7.81
6.47
5.22
6.88
3.58
3.24
1.93
1.68
2.76
8.14
5.28
3.53
6.88
6.04
3.21
5.43
7.82
5.41
9.79
15.74
13.62
12.46
7.87
8.32
4.15
5.8
4.5
12.23
8.74
7.85
5.86
9.73
12.91
8.06
2.9
2.14
4.9
3.59
4.48
3.39
5.8
14.35
10.84
8.01
9.25
3.97
3.35
3.71
11.63
10.15
6.04
5.43
8.11
4.97
4.22
10.51
7.06
5.16
11.48
8.46
9.5
7.37
6.42
3.79
2.69
10.7
8.37
4.68
2.91
1.66
1.73
2.71
2.5
6.63
13.71
11.28
3.44
6.25
5.52
8.6
13.01
9.34
1.86
2.62
5.61
9.25
5.47
5.99
4.48
12.14
12.69
5.21
11.78
7.8
2.6
5.9
5.6
3.26
4.24
3.53
1.59
1.64
4.34
2.65
2.83
13.06
10.86
6.28
6.5
3.03
4.12
2.81
4.62
6.2
3.13
5.8
1.55
2.43
7.87
10.76
6.27
2.79
8.04
2.37
3.66
3.1
5.64
9.48
6.01
8.55
11.69
4.44
12.15
8.04
7.09
7.91
10.71
16.49
5.04
15.51
6.26
4.18
4.1
11.64
8.46
6.72
5.07
3.7
2.38
2.57
4.48
2.93
2.72
3.42
4.2
5.52
5.83
6.77
6
12.65
9.17
3.82
5.48
4.18
9.16
5.71
9.05
6.37
5.51
5.33
3.06
4.35
3.38
7.73
3.64
3.62
4.82
5.32
6.08
3.3
3.39
6.25
4.46
3.69
2.04
4.01
3.49
3.25
6.31
7.47
4.91
4.09
3.82
4.27
5.33
3.43
3.97
5.48
4.29
9.03
5.89
7.41
3.15
3.11
4.56
4.27
3.18
11.36
13.62
13.54
14.63
9.2
5.24
2.03
8.39
10.98
4.62
3.59
3.4
2.97
2.21
4.83
6.28
4.5
2.5
2.93
7.55
7.24
3.38
11.64
10.77
10.19
6.69
7.37
8.2
5.45
5.97
7.68
6.38
6.87
3.87
5.62
6.49
10.04
11.6
4.23
3.96
2.58
5.34
3.19
3.2
5.18
4.01
4.78
10.33
12.84
8.36
8.82
13.93
10.73
4.68
2.32
4.69
10.71
4.45
8.09
8.59
10.66
10.97
12.36
5.37
2.1
2.84
3.5
3.05
3.26
7.89
5.21
3.37
3.65
4.28
4.15
3.76
2.61
5.55
14.05
12.92
12.7
5.52
2.62
2.01
4.06
3.6
4.03
3.19
8.22
5.77
4.4
3.49
5.1
4.79
3.48
4.41
7.29
6.55
10.5
11.23
7.86
3.03
3.77
4.53
7.38
11.47
9.9
8.89
4.74
7.63
5.41
2.52
4.44
13.08
15.4
8.4
5.78
7.29
7
4.95
3.86
3.63
2.86
2.18
3.77
6.94
6.28
4.67
1.98
2.47
2.83
3.87
11.82
8.14
11.33
7.57
3.54
2.48
4.22
11.27
4.03
6.3
3.2
3.01
10.18
3.16
3.18
11
15.49
14.34
5.74
7.41
13.06
11.26
4.37
2.68
8.19
12.69
8.05
6.12
7.56
4.68
4.34
11.16
3.67
3.99
3.54
1.76
2.28
1.79
3.84
8.76
11.03
4.86
3.9
7.49
1.57
1.13
7.13
3.31
3.15
5.59
7.92
4.68
13.17
4.65
4.11
8.4
18.2
6.12
2.23
1.93
2.94
9.64
6.72
5.48
4.72
2.99
2.33
10.29
16.91
8.88
6.55
4.72
3.12
2.69
9.95
10.63
4.81
4.94
12.91
3.99
5.29
7.04
8.34
2.3
6.7
8.03
6.46
3.04
1.68
2.36
8.55
15.89
18.23
3.61
3.95
4.23
7.22
3.28
10.5979166666667
16.0104166666667
10.2520833333333
2.34375
8.10833333333333
7.62708333333333
8.55625
12.51875
10.3166666666667
11.88125
13.7604166666667
12.2979166666667
12.1354166666667
12.9791666666667
16.3583333333333
10.6083333333333
6.92916666666667
6.52916666666667
1.4
13.0354166666667
3.96666666666667
7.94583333333333
5.58125
6.28541666666667
6.03125
4.48541666666667
2.83333333333333
4.03333333333333
3.85208333333333
8.14375
4.69375
4.94791666666667
4.49166666666667
4.725
4.19375
2.55
4.16875
8.74791666666667
3.75833333333333
3.81702127659574
3.09772727272727
3.05
6.90416666666667
7.99375
6.01875
8.72916666666667
4.69791666666667
2.97916666666667
3.78333333333333
5.54375
9.83333333333333
5.35625
8.58125
6.20625
9.84791666666667
6.35625
3.98125
9.28125
3.825
2.09791666666667
2.23333333333333
2.02291666666667
2.2625
2.53541666666667
2.325
3.04791666666667
9.21666666666667
13.4458333333333
6.23958333333333
3.5125
9.34791666666667
3.4875
9.73333333333333
12.6520833333333
15.7770833333333
15.21875
14.3791666666667
11.4020833333333
14.8625
18.0354166666667
16.4770833333333
3.47083333333333
3.05625
4.40625
4.69791666666667
7.33333333333333
3.16041666666667
4.1625
2.95416666666667
4.23958333333333
5.19791666666667
2.025
10.4541666666667
6.76458333333333
4.975
14.7729166666667
11.41875
6.9125
11.08125
6.15416666666667
9.2
13.38125
4.57708333333333
3.06875
3.53541666666667
6.01666666666667
12.6229166666667
11.7916666666667
5.82916666666667
6.04375
3.7125
1.47916666666667
3.17083333333333
7.9625
7.22083333333333
4.17708333333333
4.28333333333333
4.41666666666667
2.77708333333333
4.225
10.3666666666667
7.24375
5.38541666666667
3.65208333333333
4.23125
4.25208333333333
3.3625
6.37083333333333
7.94375
3.55625
8.43958333333333
6.35416666666667
6.96458333333333
9.45625
3.60625
7.17916666666667
8.20208333333333
6.31041666666667
12.3541666666667
6.7
4.75833333333333
8.06875
6.40625
7.24583333333333
6.66666666666667
3.66458333333333
3.475
3.175
3.95833333333333
5.04375
4.39375
7.40416666666667
4.60416666666667
5.2625
5.34375
8.58333333333333
8.35416666666667
6.6625
6.18541666666667
5.83333333333333
7.15416666666667
5.47083333333333
4.92291666666667
4.06458333333333
4.41666666666667
5.54375
4.41041666666667
5.03958333333333
3.99583333333333
5.23333333333333
5.67083333333333
7.5
6.31875
6.82291666666667
5.47083333333333
5.40208333333333
3.20625
6.65625
5.47708333333333
7.89166666666667
4.82708333333333
3.18958333333333
3.71458333333333
3.12083333333333
4.74375
4.71458333333333
4.56666666666667
6.58125
11.8520833333333
5.06041666666667
4.24791666666667
5.77708333333333
12.231914893617
9.16041666666667
6.09166666666667
9.43333333333333
11.05
8.98125
10.2125
5.86875
3.33125
3.80416666666667
3.4625
4.39166666666667
8.03333333333333
8.60416666666667
9.29583333333333
2.86041666666667
5.88333333333333
3.40833333333333
5.13125
10.9625
8.41458333333333
4.18125
3.8125
3.8
2.68125
4.11041666666667
8.29791666666667
6.00625
2.6
2.7
2.85416666666667
3.79583333333333
2.23125
3.50416666666667
5.22916666666667
14.2541666666667
12.7854166666667
8.3125
2.42708333333333
2.625
2.875
6.78125
9.23958333333333
6.87291666666667
3.33333333333333
3.60833333333333
6.09375
8.57916666666667
5.81666666666667
4.10833333333333
3.5
2.54583333333333
2.65416666666667
2.91041666666667
2.70833333333333
2.75625
2.5125
6.15625
7.90416666666667
2.7375
3.63541666666667
2.85
3.35625
2.7125
6.775
3.70208333333333
5.67916666666667
2.72916666666667
5.00208333333333
8.25208333333333
10.6666666666667
12.35
5.39791666666667
4.2
3.50833333333333
7.62291666666667
3.75208333333333
4.92083333333333
5.26458333333333
10.6166666666667
6.44791666666667
1.98333333333333
7.5375
13.4583333333333
12.70625
4.325
12.9541666666667
12.23125
6.21458333333333
5.475
7.89166666666667
8.64791666666667
8.6375
11.6145833333333
4.95208333333333
4.16458333333333
5.175
1.86041666666667
2.275
6.4
10.4625
10.5770833333333
11.1958333333333
7.84791666666667
3.51458333333333
2.33125
10.2270833333333
3.6625
3.78541666666667
11.75625
10.3416666666667
2.25416666666667
10.1791666666667
4.54791666666667
10.34375
10.33125
16.5375
17.86875
22.7625
17.0166666666667
12.0541666666667
10.9708333333333
7.00208333333333
10.0625
9.86875
11.46875
16.19375
12.9520833333333
16.6791666666667
10.8145833333333
3.05625
2.89791666666667
2.84166666666667
6.16875
7.6625
4.26458333333333
7.94791666666667
11.0229166666667
8.02291666666667
12.6229166666667
13.0145833333333
5.125
5.59583333333333
11.9395833333333
12.15625
6.87291666666667
11.1645833333333
10.3395833333333
5.42291666666667
7.87083333333333
9.40625
12.29375
13.9708333333333
7.97083333333333
1.74375
1.675
2.63333333333333
4.26041666666667
3.5
2.82916666666667
1.23125
1.77291666666667
3.65
2.87083333333333
3.40625
2.83333333333333
1.75833333333333
2.71041666666667
5.16041666666667
3.87708333333333
10.2583333333333
5.475
2.01666666666667
1.99791666666667
1.75625
2.08541666666667
5.60625
19.8395833333333
16.7895833333333
9.98125
7.66666666666667
8.18125
11.3854166666667
12.0125
7.64375
4.65
2.49583333333333
1.50416666666667
4.64583333333333
9.025
2.70208333333333
5.12291666666667
8.17291666666667
14.9729166666667
6.43125
2.84583333333333
2.0625
1.3625
2.00625
4.66666666666667
14.9166666666667
11.0270833333333
9.87291666666667
14.76875
20.1125
10.5541666666667
3.49375
2.93958333333333
10.3145833333333
10.1083333333333
13.6375
4.39583333333333
3.95744680851064
1.4375
9.14166666666667
4.36666666666667
11.65
9.85416666666667
9.24375
5.4125
6.04166666666667
6.61875
15.4104166666667
6.0625
11.7791666666667
12.59375
5.99166666666667
4.6125
13.6666666666667
8.40833333333333
5.77083333333333
3.81666666666667
6.09166666666667
5.71875
4.60208333333333
13.83125
10.1791666666667
6.25625
4.7625
9.5625
6.20208333333333
11.3083333333333
12.0125
8.62708333333333
9.21666666666667
6.09791666666667
6.475
2.98541666666667
6.3375
6.55
2.79166666666667
7.53125
7.12083333333333
6.39583333333333
3.875
1.97916666666667
1.92708333333333
3.68541666666667
3.8375
5.96875
5.63333333333333
8.9125
10.2354166666667
17.9125
17.1104166666667
12.5041666666667
9.54583333333333
7.05833333333333
7.05
2.75
5.55208333333333
12.4645833333333
5.71458333333333
12.26875
5.02291666666667
4.49166666666667
6.19791666666667
9.35833333333333
13.13125
6.11666666666667
5.54583333333333
5.04375
6.45
13.4041666666667
5.69166666666667
9.64583333333333
4.70625
2.56666666666667
2.40625
3.03333333333333
4.52291666666667
7.42708333333333
8.82291666666667
4.93958333333333
3.81666666666667
2.88125
5.60208333333333
13.4125
14.7375
12.8729166666667
5.84375
2.74166666666667
2.98333333333333
2.53333333333333
5.84375
3.77708333333333
3.29375
7.16458333333333
2.67083333333333
2.38541666666667
2.9375
6.51458333333333
9.43958333333333
2.35833333333333
3.11458333333333
9.4125
12.075
20.7104166666667
18.5416666666667
15.9166666666667
11.29375
5.3
3.8
2.95416666666667
2.53541666666667
3.9125
4.33958333333333
3.80625
6.94791666666667
5.92083333333333
8.10833333333333
5.9375
13.43125
9.13333333333333
3.1125
3.58125
4.78125
3.85416666666667
5.38333333333333
2.64375
3.27708333333333
5.24375
11.7333333333333
6.65208333333333
4.4
7.90208333333333
6.97916666666667
3.51875
5.57916666666667
3.99791666666667
13.625
9.48125
3.16666666666667
6.175
7.67708333333333
3.19583333333333
3.22291666666667
4.94166666666667
8.33333333333333
10.1229166666667
14.99375
12.2020833333333
5.18541666666667
4.07916666666667
2.84791666666667
3.64583333333333
3.46041666666667
2.95625
4.33541666666667
3.13125
1.88958333333333
2.48125
5.92708333333333
4.46041666666667
5.74791666666667
4.13958333333333
4.275
2.69791666666667
8.475
12.6166666666667
8.03541666666667
2.75416666666667
4.17291666666667
8.54791666666667
7.29791666666667
7.70208333333333
5.58125
2.36458333333333
2.44791666666667
4.58333333333333
7.42083333333333
4.39583333333333
3.95416666666667
3.10425531914894
3.68333333333333
3.62708333333333
4.95625
4.2625
3.95208333333333
4.76875
6.63125
9.12708333333333
13.1458333333333
9.70625
7.04166666666667
7.38125
11.9666666666667
6.37708333333333
3.075
6.39375
9.32708333333333
5.68541666666667
3.65833333333333
3.19791666666667
3.37083333333333
3.68541666666667
3.90208333333333
2.55416666666667
3.31875
3.71041666666667
6.96666666666667
4.45208333333333
5.83958333333333
4.73958333333333
5.78936170212766
4.68085106382979
3.60851063829787
2.50212765957447
9.13333333333333
5.57291666666667
4.33333333333333
11.2354166666667
10.8791666666667
3.92083333333333
2.975
3.90625
5.14375
3.56666666666667
7.31875
7.06382978723404
10.2604166666667
8.88085106382979
8.35531914893617
2.83958333333333
4.75625
12.0916666666667
3.97083333333333
3.86666666666667
5.78541666666667
2.99375
4.35833333333333
3.08541666666667
1.61458333333333
4.80416666666667
3.02916666666667
2.00416666666667
1.51666666666667
3.35625
1.90833333333333
2.47083333333333
3.18333333333333
6.52083333333333
7.95208333333333
3.24791666666667
3.73958333333333
8.08541666666667
8.9625
7.18125
7.5125
5.75625
4.31666666666667
3.28541666666667
2.69375
2.25833333333333
4.61458333333333
6.77083333333333
11.1458333333333
4.67708333333333
4.99166666666667
11.275
11.0979166666667
10.3791666666667
2.2875
6.64791666666667
9.06666666666667
6.3625
9.68333333333333
2.75833333333333
2.28333333333333
3.34583333333333
5.22083333333333
3.63958333333333
4.81458333333333
4.50208333333333
9.02291666666667
15.8979166666667
8.09583333333333
9.33333333333333
8.02916666666667
7.8625
5.86458333333333
12.3854166666667
8.8375
6.22291666666667
11.9083333333333
11.20625
6.2625
6.73958333333333
5.77708333333333
4.93333333333333
5.41458333333333
2.36666666666667
2.86041666666667
1.97083333333333
5.03333333333333
3.175
13.8375
4.32083333333333
4.74583333333333
2.87083333333333
6.24166666666667
3.63333333333333
3.16875
2.45416666666667
6.97083333333333
14.9833333333333
10.4270833333333
5.2
3.45208333333333
2.7
2.975
2.83125
4.77916666666667
2.76666666666667
2.62916666666667
3.0125
3.11666666666667
3.4125
