20000101
0.99
1.31
0.94
0.68
0.76
0.65
1.1
0.59
0.31
0.24
0.34
0.5
0.66
1.83
3.93
1.8
0.88
1.91
1.67
0.89
0.76
1.01
2.73
2.04
0.63
1.69
0.92
0.62
0.77
0.66
1.31
0.85
1.3
1.29
1.64
0.8
0.83
1.08
0.6
2.14
1.03
0.94
1.41
0.49
0.92
1.56
1.66
1.29
1.5
1.44
1.17
1.19
0.73
0.81
1.09
0.92
1.07
1.77
1.2
1.61
2.86
2.06
1.22
1.21
1.54
1.34
0.84
1.56
1.19
1.33
1.54
1.37
1.61
2.8
2.78
1.51
1.59
2.34
0.96
2.29
2.46
1.94
2.18
1.71
1.7
1.89
2.95
0.95
1.78
1.11
1.59
1.99
3.02
3.44
3.16
1.22
1.9
0.63
-99
-99
-99
1.92
3.42
3.35
2.95
2.43
1.18
2.75
3.29
2.08
1.77
1.76
1.78
3.12
3.19
2.28
1.84
2.67
2.06
1.57
1.13
1.35
1.51
1.56
2.49
2.46
1.84
1.8
2.35
3.75
2.26
1.22
1.42
1.85
1.13
1.24
1.46
1.44
1.5
2.43
1.59
0.78
1.91
1.8
0.97
1.37
1.74
2.52
1.24
0.64
1.87
1.62
1.29
1.31
1.31
1.28
1.48
-99
-99
-99
-99
1.9
1.41
1.05
0.83
1.1
3.29
3.61
1.45
2.17
1.7
2.11
1.42
1.3
1.46
1.88
1.56
1.6
3.11
2.12
2.14
1.49
1.57
1.87
2.07
2.31
1.92
1.82
2.81
1.34
1.97
1.44
1.88
1.55
2.37
2
1.92
2.12
1.37
1.25
2.2
1.55
1.6
1.89
2.04
2.46
1.79
2.57
1.87
2.43
1.48
1.76
1.58
1.88
2.08
2.6
1.73
1.24
1.31
1.43
1.74
1.45
1.65
1.71
2.37
1.6
1.49
1.73
1.83
1.88
1.05
1.99
2.62
2.12
1.95
1.61
2.66
2.14
2.24
1.84
2.68
1.49
2.38
1.94
2.11
1.98
2.12
1.3
1.12
1.63
1.33
1.04
1.38
1.4
1.39
1.03
1.3
1.46
1.89
1.68
1.47
1.98
0.67
-99
-99
-99
-99
-99
-99
-99
-99
-99
-99
-99
-99
-99
-99
-99
-99
-99
-99
-99
-99
-99
-99
-99
-99
-99
-99
-99
-99
-99
-99
-99
-99
-99
-99
-99
-99
-99
-99
-99
-99
-99
-99
-99
-99
-99
-99
-99
-99
-99
-99
-99
-99
-99
-99
-99
-99
-99
-99
-99
-99
-99
-99
-99
-99
-99
-99
-99
-99
-99
-99
-99
-99
-99
-99
-99
-99
-99
-99
-99
-99
-99
-99
-99
-99
-99
-99
-99
-99
-99
-99
-99
-99
-99
-99
-99
-99
-99
-99
-99
-99
-99
-99
-99
-99
-99
2.58
2.11
2.16
1.32
0.76
1.27
1.54
1.41
0.52
4.03
1.56
0.64
1
1.98
0.69
0.61
1.39
0.85
0.82
1.45
1.52
3.25
2.29
2.25
0.74
0.89
2.45
2.65
0.89
2.29
0.57
0.69
1.84
1.68
1.68
0.76
3.59
1.91
1.29
1.28
0.8
0.6
2.2
4.26
1.54
1.33
0.95
1.19
1.13
0.88
1.18
1.35
1.06
1.78
2.69
2.07
2.06
2.56
1.51
3.92
2.82
0.87
1.35
1.71
2.99
1.19
1.09
1.95
2.24
2.06
1.4
1.71
1.49
2.83
2.35
2.31
2.4
2.4
2.46
2.51
2.49
3.34
1.94
1.6
2.59
2.4
1.6
1.93
1.37
1.85
2.31
3.34
1.88
2.04
2.2
2.75
1.61
2.33
2.57
2.28
1.44
2.02
1.53
1.01
2.29
2.25
1.34
1.41
2.35
2.12
2.91
2.75
3.12
2.42
1.62
1.03
1.62
3.28
1.7
1.39
1.17
1.39
0.9
1.48
0.93
1.25
1.44
4.51
1.34
1.12
1.7
2.34
3.09
2.75
1.42
0.86
1.53
1.87
0.88
1.25
1.23
1.15
1.27
1.02
1.4
1.04
1.23
1.48
2.09
1.79
1.99
1.58
1.96
1.53
1.67
2.14
2.13
2.16
1.53
1.33
1.08
1.58
2.36
2.12
3.05
1.95
1.47
1.26
1.54
1.27
1.74
1.75
1.91
1.94
1.71
2.51
1.46
1.23
1.53
1.62
1.17
2.49
1.06
2.33
1.96
2.09
1.62
1.81
1.29
1.91
2.11
1.63
2.02
1.48
1.15
2.21
2.37
1.12
1.62
1.36
1.46
1.25
0.98
1.02
1.43
1.41
2.15
1.02
1.46
1.4
1.76
2.08
1.86
2.11
2.43
1.11
2
1.95
1.07
1.79
1.46
1.04
1.34
2.29
1.53
2.76
1.96
1.36
1.27
2.13
1.58
1.23
1.4
1.81
1.31
1.44
1.43
1.89
2.61
1.91
1.56
1.23
1.37
2.03
1.94
1.07
1.1
1.61
1.78
1.34
1.96
1.81
0.99
1.5
1.96
1.37
1.52
1.58
1.65
1.27
0.63
1.04
0.55
2.07
0.9
1.64
1.09
1.44
0.69
0.77
1.13
1.28
1.02
1.28
1.18
1.77
0.92
2.65
2.2
1.5
4.05
1.36
0.77
1.35
0.99
1.28
1.27
1.01
1.31
0.55
2.31
3.17
1.39
1.77
0.75
0.79
0.79
1.38
0.73
0.79
1.12
0.24
1.82
3.29
0.78
0.91
0.26
0.28
0.34
0.45
2.95
5.1
3.16
1.65
1.15
3.54
5.35
5.53
3.95
0.95
0.55
0.93
0.9
0.84
0.84
0.83
0.89
0.97
0.73
0.69
0.58
0.57
0.8
0.39
0.8
0.51
0.69
0.74
1.13
2
0.74
2.69
1.2
0.78
0.95
2.07
2.66
0.6
1.26
1.13
0.86
1.37
0.53
0.93
0.97
0.99
0.85
0.99
0.94
0.89
1.15
0.63
1.6
0.84
0.73
1.25
2.31
0.38
0.36
0.49
0.5
0.48
0.57
0.64
0.82
0.51
1.24
0.39
1.4
1.06
0.82
0.74
0.84
1.24
1.75
1.5
1.15
1.01
1.17
0.7
0.9
0.73
1.14
0.93
0.83
1.47
1.14
1.6
1.82
2.21
2.82
0.69
1.85
0.79
0.88
1.52
1.15
0.96
1.05
0.11
0.39
0.81
1.02
0.94
3.16
1.9
0.75
0.96
1.11
0.84
1.68
1.84
0.31
0.97
1.51
4.26
3.67
0.8
0.64
0.88
1.25
1.11
1.59
1.36
3.31
1.98
1.71
1.3
2.13
1.79
0.94
1.22
1.44
1.52
1.78
1.74
1.13
1.23
1.73
4.22
3.49
1.59
1.46
1.38
4.31
3.73
2.36
1.62
1.76
2.36
2.57
1.8
1.56
4.24
2.41
2.63
1.9
1.39
2
1.75
1.46
1.54
1.72
1.95
1.45
1.62
2.23
2.08
1.89
1.7
1.47
2.18
2.45
1.33
1.89
1.65
2.55
1.85
2.44
6.35
4.95
1.21
0.67
0.78
1.75
2.05
1.91
2.26
1.97
1.43
2.04
1.26
1.63
1.78
1.12
1.08
1.3
2.61
2.33
1.88
1.53
2.04
1.7
1.6
1.51
1.54
1.46
2.21
1.67
2.18
2.18
1.27
1.91
1.35
1.47
1.78
1.6
1.53
1.54
1.48
1.67
1.41
1.65
1.14
1.3
1.25
1.59
1.14
1.42
1.3
1.67
1.75
1.4
1.22
1.5
1.71
3.43
2.51
1.96
1.15
1.33
1.73
2.16
2.66
1.59
1.75
1.57
2.15
2.03
0.87
1.37
1.02
1.76
1.53
1.72
1.54
1.93
1.84
1.13
1.41
1.36
1.38
1.83
2.5
1.81
1.61
1.24
1.8
1.73
1.48
2.68
1.32
1.32
1.71
1.33
2.31
1.27
1.38
1.41
1.87
2.73
1.61
1.33
1.69
1.4
1.5
1.54
1.38
2.65
2.32
2.49
1.49
1.09
1.08
1.4
1.44
1.17
0.99
1.58
1.91
1.83
0.95
1.32
0.96
1.1
1.92
0.86
2.16
3.28
0.84
1.33
1.33
1.58
1.1
1.29
1.13
1.12
1.54
2.14
2.4
2
1.31
1.31
1.04
0.98
1.93
1.13
0.2
0.99
0.79
1.05
0.87
1.34
0.66
2.69
1.68
1.13
0.93
0.94
1.92
1.33
2.78
2.95
1.78
1.6
1.13
1.72
3.47
1.42
1.76
1.96
1.11
0.7
1.06
0.55
0.93
0.79
0.91
1.11
0.7
1.2
1.35
1.26
3.33
1.08
0.68
0.89
0.96
1.17
2.87
2.07
0.73
1.06
0.89
0.69
1.06
1.61
2.05
1.95
0.45
1.25
1.3
0.87
0.68
1.43
0.89
2.25
0.68
1.11
1.28
0.94
2.45
0.7
0.32
1
0.69
2.3
0.88
1.41
1.18
1.38
0.86
0.87
1.11
0.92
2.49
0.94
0.76
0.47
0.9
1.39
0.89
1.27
1.69
1.49
0.78
1.09
1.16
0.87
2.6
2.5
1.72
0.56
2.45
0.7
1.03
0.56
0.91
1.61
0.59
0.39
0.3
0.75
0.95
1.31
0.95
1.45
1.61
3.16
1.33
2.06
4.97
2.43
2.73
6.9
1.39
1.45
2.49
6.94
1.73
0.55
1.76
3.7
2.53
1.1
1.06
1.48
1.23
1.48
0.81
0.57
0.75
1.17
2.48
1.33
1.87
1.07
2.01
4.87
3.14
2.02
0.84
0.99
4.62
3.99
1.89
1.72
2.08
2.11
1.33
1.44
1.51
1.37
1.05
1.47
1
1.37
1.53
1.05
1.83
0.99
2.52
2.16
1.5
2.25
2.04
1.43
1.63
1.97
2.31
1.72
1.57
1.68
1.61
4.66
1.29
2.64
2.12
1.79
1.83
4.5
3.5
1.48
3.59
1.94
1.54
2.16
2.26
2.42
2.9
2.34
4.75
6.05
4.68
1.74
1.23
1.45
2.4
1.78
1.33
1.93
1.95
2.25
1.65
2.66
2.29
1.49
3.75
1.67
2.17
1.67
2.31
2.7
5.15
2.22
1.23
1.62
1.55
2.14
1.86
2.19
1.78
1.74
1.3
0.74
1.98
2.23
1.37
1.5
1.18
1.64
0.98
1.99
1.59
1.32
0.96
1.58
1.15
1.48
1.4
1.69
1.4
1.75
1.05
1.54
1.73
1.48
1.86
1.56
1.61
1.73
1.78
1.62
2.23
2.28
1.24
0.68
1.3
1.41
1.46
1.84
1.44
1.3
2.06
1.96
2.27
1.88
1.48
2.84
3.87
2.53
2.11
1.2
-99
-99
1.8
2.06
2.13
1.75
1.07
1.46
1.34
2.11
1.68
2.04
1.72
1.72
2.04
1.62
1.9
1.56
2
1.92
2.5
2.08
2.15
2.51
1.68
2.22
1.4
1.15
1.38
1.31
1.49
1.11
2.08
1.61
1.52
1.6
1.85
1.35
1.29
1.25
1.54
1.74
1.53
1.84
2.15
1.44
1.86
1.78
1.64
2.02
2.55
1.78
1.85
1.9
1.63
4.31
2.76
2.68
2.38
1.41
1.15
3.07
2.73
1.33
0.91
1.9
2.3
2.52
1.48
1.5
1.04
3.52
2.2
1.43
1.24
1.53
1.36
1.59
1.28
1.76
1.79
1.37
0.86
0.97
0.8
2.04
1.62
0.49
2.5
1.45
2.28
1.57
2.17
1.23
1.12
0.89
1.06
0.98
0.73
1.23
1.05
3.87
3.72
5.7
5.34
3.13
1.52
2.75
1.19
1.99
1.86
1.59
1.24
0.95
1.03
2.25
3.72
2.45
3.05
0.97
1.14
0.85
1.11
1.86
0.77
0.74
0.75
1.04
1.33
0.72
0.78
0.72
0.98
1.52
3.5
1
0.75
1.05
2.09
1.31
0.97
2.5
1.31
1.67
0.77
2.18
1.1
0.68
1.2
0.46
0.61
1.56
2.47
4.1
1.45
1.55
1.66
1.45
2.22
0.63
0.62
0.68
0.86
0.85
0.8
1.29
1.23
0.72
0.79
0.67
2.73
1.93
0.92
0.45
0.74
0.59
1.24
1.37
0.99
2.23
1.24
3.32
1.46
1.06
0.71
0.37
0.73
1.43
2.47
1.9
1.54
2.47
2.73
1.57
1.68
1.74
2.83
3.92
7.79
1.74
2.46
1.51
1.96
1
1.79
2.66
2.83
3.57
2.05
5.45
4.08
1.92
2.33
1.75
1.68
1.92
1.57
1.53
1.45
1.87
2.24
2.3
2.46
2.33
1.44
1.72
1.64
1.16
1.83
2.15
6.53
3.76
2.99
2.97
1.71
1.46
1.56
3.46
3.35
2.76
4.39
3.18
2.1
2.02
2.66
2.89
3.43
2.81
2.13
1.33
2.65
2.13
3.49
1.63
2.72
5.62
3.56
1.85
2.51
1.84
3.57
2.64
4.49
2.96
3.98
2.06
2.23
5.81
11.23
3.47
2.21
3.25
1.02
0
0
0
2.68
3.24
1.62
2.62
3.05
3.26
2.62
3.91
2.87
4.13
7.58
3.77
5.92
4.34
3.13
3.78
4.4
5.3
3
3
2.97
3.4
3.57
4.52
3.98
2.45
2.76
7.46
4
3.36
4.27
4.46
3.37
3.14
3.17
5.09
3.53
3.87
2.14
2.64
2.99
2.59
2.59
2.53
2.97
2.42
3.18
2.11
2.32
2.49
2.4
2.88
2.47
3
1.96
2.02
1.44
2.64
3.47
2.86
2.58
2.24
2.91
2.62
2.31
2.56
3.3
2.57
3.07
4.04
4.32
4.1
3.26
3.61
3.49
3.23
3.11
3.04
3.38
3.07
2.38
2.25
2.6
2.81
2.88
2.42
2.91
3.32
3.49
2.61
2.63
3.83
3.57
4.6
4.1
3.13
3.38
2.06
2.56
2.64
2.49
2.98
2.5
2.3
2.83
2.7
2.61
2.43
2.12
2.93
2.64
2.45
2.07
2.33
3.84
2.17
2.16
2.67
3.14
2.83
3.61
2.27
1.92
2.55
1.93
1.94
2.95
3.45
4.5
3.52
2.26
2.31
2.55
2.04
3.67
4.16
5.15
2.42
3.58
3.13
2.87
4.17
2.73
2.58
2.43
2.17
2.92
2.69
2.08
3.33
3.92
2.36
2.37
6.2
5.24
2.95
2.64
2.23
2.87
1.81
2.02
2.91
2.99
2.19
1.82
1.84
1.97
1.99
1.72
1.51
1.98
2.36
4.34
3.73
2.02
2.06
2.09
1.95
1.95
2.23
2.74
2.27
1.43
2.04
2.07
1.52
3.74
5.15
3.11
1.58
2.02
3.16
3.37
3.25
2.26
2.63
4.6
3.6
2.54
2.89
2.92
2.29
1.91
2.31
3.16
2.97
3.35
2.44
2.05
1.81
2.1
1.49
2.04
1.03
1.48
1.9
1.59
1.88
3.1
2.44
4.13
9.35
9.95
2.56
1.64
1.58
1.43
1.94
1.44
1.82
1.19
1.23
1.35
0.95
1.39
1.9
1.97
1.41
1.28
4.29
3.61
2.9
4.28
1.79
1.71
5.15
3.86
4.7
2.07
4.62
3.91
1.66
1.46
1.23
1.49
1.66
2.02
2.26
2.32
1.53
1.91
1.75
1.9
1.68
2.69
2.49
3.4
8.72
2.78
2.07
0.93
0.67
0.58
0.65
0.8
1.09
1.06
0.58
0.9
0.47
0.46
0.62
1.22
0.65
0.75
0.24
0.47
1
2.11
1.54
0.88
0.83
0.35
2.05
1.94
3.11
1.28
1.08
1.24
1.39
0.62
1.17
1.06
0.66
0.95
0.92
1.38
4.18
3.79
1.62
0.74
0.38
0.59
1.74
1.84
1.76
2.52
0.99
0.78
1.15
1.48
1.98
0.71
1.29
0.94
0.99
1.59
1.01
1.27
1.98
1.95
2.66
1.29
1.08
1.57
2.98
1.49
0.65
0.92
0.44
0.86
1.33
0.86
0.7
1.02
1.04
1.7
1.12
1
0.85
0.8
0.97
1.03
1
1.79
2.38
1.63
1.86
0.96
1.19
1.27
2.76
2.34
2.26
0.83
1.55
1.39
1.11
2.48
3.67
2.06
1.27
1
1.45
0.3
-99
-99
2.69
2.94
1.46
1.05
1.01
1.38
2.08
2.16
1.73
1.48
1.21
1.04
1.68
1.62
1.22
2.21
2.69
1.35
1.38
0.99
1.3
1.64
1.37
1.53
1.03
1.29
1.7
2
1.92
2.45
1.63
1.11
1.47
1.17
1.44
1.02
0.77
1.3
1.08
1.26
1
1.2
0.89
0.68
0.98
0.85
1.25
1.52
1.21
0.97
0.63
0.63
1.1
1.59
1.6
1.16
0.6
1.1
0.95
0.79
0.35
1.1
0.76
1.99
1.57
1.63
1.61
1.12
0.9
1.16
1.42
1.53
2.08
2.58
1.61
1.12
1.06
1.34
0.92
1.21
1.39
2.22
1.57
0.97
1.13
1.37
0.66
1.44
1.41
1.26
1.18
2.13
0.84
0.98
1.35
1.37
1.45
1.44
0.96
0.92
0.86
1.13
2.03
1.99
1.54
0.59
0.96
1.72
0.92
0.88
1.22
0.95
0.9
1.36
1.25
1.33
1.43
1.25
1.5
1.97
1.65
1.77
1.41
1.35
1.62
1.92
1.24
1.72
1.05
0.99
1.56
0.59
0.16
0.93
1.95
1.38
1.18
1.17
1.24
1.11
1.07
1.91
2.87
1.28
1.14
1.54
2.4
1.47
0.66
0.97
1
2.01
1.49
1.94
1.46
1.3
1.06
1.04
0.65
1.07
1.67
0.75
0.83
1.18
1.13
0.93
0.8
2.25
1.82
0.95
0.4
0.66
0.87
0.78
0.75
0.71
0.03
1.09
3.21
2.48
0.93
0.72
0.61
1.24
0.69
1.19
1.02
1.62
0.76
0.61
0.55
0.88
0.69
0.73
0.88
0.88
0.77
1.04
0.76
0.76
0.61
0.7
0.88
0.89
1.01
2.91
3.42
1.57
1.04
3.72
3.71
1.65
1.42
0.26
0.53
1.22
0.68
0.4
1.26
0.93
0.95
1.65
1.21
1.07
0.95
0.79
1.35
0.83
1.59
0.84
1.17
1.2
0.54
0.47
0.39
1.69
0.51
0.23
0.27
0.12
0.33
0.09
0.29
0.36
0.26
0.24
0.45
0.28
0.29
0.35
0.24
0.28
0.41
0.47
0.66
0.46
0.79
0.22
0.75
1.5
1.45
0.38
0.03
0.81
3.76
3.1
0.48
0.6
0.19
0.56
0.94
0.44
0.28
0.17
0.81
0.41
0.73
0.53
0.25
0.19
0.6
1.08
0.74
0.86
2.33
1.07
3.51
2.78
1.46
0.45
0.5
0.64
0.24
0.55
0.53
0.67
0.62
0.48
0.5
0.36
0.28
0.84
0.3
0.28
0.99
1.74
2.3
2.56
0.98
0.76
0.45
0.97
0.69
1.04
2.3
1.77
0.49
0.96
1.53
2.48
3.83
1.73
1.57
0.96
0.88
1.19
2.52
2.14
1.08
0.7
0.33
0.78
1.46
0.9
2.51
1.25
0.73
1.82
1.11
1.74
3.2
1.81
1.64
2.24
3.18
2
1.78
1.98
1.85
3.15
1.86
1.94
2.18
1.92
1.08
1.75
1.69
2.53
2
1.58
1.47
1.87
2.51
1.67
1.19
1.36
1.49
1.39
1.35
1.52
2.06
2.5
2.2
1.88
1.21
1.68
1.63
1.6
2.02
1.49
3.66
3.7
1.5
1.66
1.7
2.34
1.76
1.54
1.51
1.56
1.63
1.69
1.58
1.92
1.6
1.84
2.69
3.42
1.89
2.9
2.34
1.56
1.52
1.61
1.09
1.62
1.56
2.52
1.53
1.62
2.05
1.86
1.74
1.1
1.64
1.27
1.43
1.57
1.79
1.72
1.45
1.73
1.55
1.39
1.58
2.46
1.59
1.3
2.43
2.05
2.34
2.16
1.77
2.81
1.78
1.55
1.67
1.25
1.98
2.32
1.78
1.93
1.65
1.84
2.62
1.21
2.07
1.11
1.3
1.31
1.8
2.13
1.8
2.25
1.2
1.75
1.48
1.68
1.7
1.71
1.73
2.09
1.94
2.04
1.8
2.06
1.62
1.69
2.12
2.29
2.4
1.64
1.47
1.25
1.95
1.74
1.68
1.54
1.8
2.13
1.77
1.95
2.33
2.12
2.73
1.51
2.56
2.19
2.36
2.03
1.71
1.29
1.84
2.03
2.57
1.68
1.74
1.69
1.48
1.66
1.34
1.49
1.07
1.51
1.41
1.55
1.32
1.27
1.31
1.73
1.67
1.17
2.19
2.67
1.48
1.91
0.78
1.29
1.52
1.32
1.53
1.63
1.88
1.08
1.67
1.87
1.42
1.21
1.35
1.5
1.39
1.94
1.72
2.55
1.47
1.25
1.37
1.67
1.4
1.08
1.34
1.47
1.2
2.14
2.15
1.43
1.35
1.09
2.34
2.45
2.09
1.43
2.11
2.72
2.12
2.54
2.53
1.14
1.47
0.98
1.45
1.19
0.9
1.26
2.53
1.33
1.21
1.44
1.07
1.25
1.04
1.02
0.71
1.03
0.96
1.28
1.61
1.31
1.67
1.17
1.34
1.03
1.37
1.1
2.07
1.88
1.45
1.04
1.36
1.39
0.95
0.98
1.72
1.34
1.24
1.12
1.99
1.82
0.93
1.86
0.95
1.36
0.96
1.59
0.88
3.26
4
2.05
1.3
1.1
1.4
2.53
1.17
1.68
3.65
1.8
0.91
1.2
1.26
1.25
1.37
1.12
1.3
0.89
1.39
1.06
1.01
1.2
1.32
1.27
1.02
1.24
1.23
1.62
0.95
1.35
1.5
1.14
1.01
0.9
0.96
1.06
1.06
0.87
1.67
3.04
1.32
2.83
1.59
1.05
1.13
1.31
1.32
1.2
0.92
1.34
1.16
1.11
1.56
0.78
1.27
1.55
1.54
1.78
1.86
2.6
1.49
2.32
1.4
1.83
2.57
1.53
1.74
1.59
1.04
1.48
1.85
1.31
1.35
1.88
1.19
1.59
1.95
1.86
1.47
1.84
1.09
2.08
2
2.27
1.83
4.14
1.8
1.66
1.73
1.33
1.98
1.56
1.46
1.5
1.91
2.34
2.11
2.41
1.59
1.92
1.27
1.45
1.01
3.79
2.32
2.49
2.31
4.72
5.16
2.13
1.32
2.49
2.06
2.54
1.85
1.26
2.41
2.66
4.24
3.66
3.33
4.22
1.49
1.46
1.92
1.7
1.73
1.17
2.29
1.75
1.78
1.76
1.39
3.5
2.69
2.25
1.77
2.5
1.49
1.47
1.3
1.65
2.59
1.97
1.59
2.05
2.23
2.38
2.39
2.66
2.66
1.57
1.34
0.97
1.87
1.37
2.19
4.44
3.23
1.61
2.55
2.35
1.9
2.93
2.15
1.99
2.52
2.58
2.25
1.58
1.45
2.07
1.5
1.66
1.34
1.83
2.06
1.93
2.68
1.71
1.83
2.31
2.87
2.18
2.79
1.39
2.69
1.95
2.44
2.45
2.74
2.07
3.35
2.2
2.15
2.28
2.05
2.15
1.63
2.31
3.61
2.59
2.27
1.7
1.9
1.86
2.62
1.67
1.42
1.44
1.97
1.76
1.63
2.59
1.48
1.46
1.38
1.32
1.3
1.56
2.56
1.34
1.67
1.43
1.36
1.34
1.29
1.1
1.38
1.45
1.25
1.33
1.16
1.33
1.53
0.76
1.27
1.15
1.34
1.29
1.72
1.89
1.49
1.55
1.41
1.64
1.59
1.3
1.19
1.19
0.75
0.88
1.48
2.8
1.12
1.31
1.38
1.43
1.3
1.13
1.03
1.03
1.54
1.13
1.13
1.23
0.97
1.1
0.89
1.06
1.17
1.05
1.5
2.43
1.1
1.39
1.04
1.62
1.22
1.25
1.01
0.93
0.79
0.91
1.57
1.26
1.42
1.19
1.13
1.11
1.19
0.99
2.07
1.53
1.36
1.3
1.11
0.84
1.07
1.85
2.09
1.06
0.94
1.23
1.05
0.84
1.75
1.47
1.14
1.24
0.96
0.77
1.38
1.11
2.44
0.69
1.02
0.85
1.05
1.73
1.4
0.87
1
0.88
0.93
0.89
0.9
0.85
0.91
0.88
0.85
0.9
0.95
1.08
1.18
2.68
1.59
0.8
0.9
0.85
0.71
0.71
0.71
0.76
0.66
0.63
0.75
0.8
1.04
1.17
0.89
0.82
1.06
0.85
0.88
0.86
0.74
0.84
1.1
1.81
1.31
2.17
1.86
0.83
0.79
1.51
1.38
1.92
2.02
1.28
3.27
3.18
2.84
1.61
1.04
0.9
1.3
1.01
0.96
0.79
1.03
0.85
0.77
0.85
1.06
1.4
0.74
0.92
0.66
1.18
0.65
1.41
2.64
0.97
0.93
1.06
2.15
1.1
0.93
0.83
0.77
0.7
1.09
1.04
1
0.63
1.01
0.99
0.98
1.1
0.96
0.91
1.03
0.8
1.11
1.78
2.89
1.18
1.24
0.91
1.07
1.11
1.19
1.29
2
1.6
1.59
1.02
1.07
1.45
0.76
1.03
0.92
0.81
1.25
1.13
1.13
0.7
0.82
0.84
0.99
0.92
0.84
1.2
1.5
1.55
2.86
2.7
1.45
1.34
1.5
2.18
1.43
1.4
1.26
1.37
1.33
2.64
1.29
1.23
0.97
1.37
1.3
1.59
1.24
1.74
1.55
1.59
1.24
1.16
1.49
1.87
1.21
2.89
1.62
1.35
1.5
1.41
2.19
1.48
2.76
2.17
2.04
1.27
1.68
2.66
1.99
1.5
1.52
1.59
1.69
1.98
1.48
2.15
1.59
1.53
1.39
1.5
1.63
1.71
1.58
2.29
2.05
1.97
1.7
1.5
1.23
1.28
1.39
0.98
1.09
3.34
4.19
2.55
2.15
2.13
1.16
1.14
0.77
1.18
1.73
1.4
1.81
1.83
1.41
1.03
1.04
1.3
1.43
1.55
0.88
1.81
1.26
1.54
0.86
1.68
1.07
1.54
1.6
1.47
1.7
0.81
1.34
2.26
1.21
1.36
1.96
1.3
1.35
0.99
0.68
1.07
1.57
1.3
1.26
1.25
1.49
2.99
1
1.38
1.16
0.94
1.09
1.58
1.73
1.25
1.58
1.59
1.83
1.3
1.59
1.73
1.39
1.28
1.54
1.18
1.37
1.13
1.08
1.13
1.25
0.96
1.22
1.28
1.29
1.02
1.29
1.43
1.45
1.57
1.23
1.51
1.41
1.32
1.39
1.62
1.17
1.14
1.23
1.35
1.3
1.59
1.9
1.2
1.25
1.42
2.15
1.92
1.13
1.51
1.71
1.27
1.49
1.4
1.69
1.18
1.77
1.07
0.95
1.33
0.67
1.05
1.03
1.3
1.27
0.92
1.24
1.19
1.06
2.06
1.72
0.94
1.53
1.56
1.87
1.34
1.18
1.51
1.48
1.44
0.89
1.1
1.27
0.92
1.21
0.87
1.04
1.06
0.75
0.67
1.11
1.37
1.74
1.1
1.22
1.12
0.91
0.93
1.53
1.22
1.04
1.26
1.43
1.14
2.07
1.67
2.15
1.74
0.79
1.15
1.11
1.43
1.05
1
1.21
1.35
0.77
1.31
0.8
1.13
1.17
1.04
0.97
2.77
1.31
1.84
0.95
1.49
2.39
1.42
1.14
0.65
0.51
1
0.87
0.79
1.2
0.69
1.01
2.05
0.98
0.92
0.72
0.82
0.75
0.87
0.85
0.67
0.66
1.04
1.45
2.41
0.82
1.8
0.63
1.33
1.95
0.75
1.12
1.09
0.74
1.25
0.94
0.87
1.34
2.26
0.93
1.23
1.02
1.17
0.44
0.83
1.74
0.64
0.94
0.86
0.7
0.66
0.84
0.93
0.88
1
2.63
3.27
2.65
0.96
0.7
1.06
0.66
0.52
1.1
1.3
0.82
1.26
0.74
1.19
3.72
3.47
0.91
1.01
0.81
0.94
1.05
1.98
0.76
0.85
2.08
1.59
0.86
0.65
0.98
3.29
2.06
1.31
1.05
1.01
0.82
1.05
1.51
1.62
0.91
1.38
2.14
1.04
1.26
1.24
1.6
2.07
1.17
1.28
0.97
1.18
1.13
0.76
0.7
1.15
1.15
1.26
0.89
0.97
0.74
0.91
0.95
0.82
0.83
1.37
1.11
0.85
1.1
1.61
1.96
1.84
1.49
1.48
1.42
1.16
1.34
0.67
1.12
0.97
1.26
1.44
1.18
1.28
1.1
1.18
1.7
1.62
1.29
1.17
1.28
1.1
1.08
1.74
1.74
1.34
1.32
0.86
0.85
0.75
0.91
1.11
1.16
1.42
2.71
2.3
0.89
1.6
2.4
1.07
0.93
1.34
1.25
1.98
1
1.34
1.31
1.22
2.69
2.6
1.49
1.98
3.3
1.91
2.07
2.6
1.61
1.73
2.07
1.32
1.03
1.5
1.33
1.38
1.34
1.26
1.04
1.29
1.1
1.42
1.1
1.56
1.31
1.47
1.43
1.56
1.35
1.43
1.66
1.34
1.26
2.4
1.66
1.95
1.21
1.24
1.3
1.62
1.58
1.56
1.2
1.44
1.48
1.54
2.31
1.55
1.28
1.86
2.05
1.65
1.46
1.24
1.69
1.69
1.53
1.43
1.41
1.98
1.3
1.48
1.14
1.35
1.35
1.84
2.2
1.71
1.97
2.05
1.56
1.84
1.15
1.44
1.91
2.06
1.56
1.67
1.43
1.3
1.3
1.3
1.24
1.27
2.08
1.36
1.36
2.8
1.64
1.25
1.41
1.65
1.65
2.93
2.67
1.44
1.46
1.54
1.57
1.67
2.17
1.58
1.59
1.86
1.49
1.28
1.45
1.43
1.79
1.62
1.56
1.55
1.28
1.18
1.07
1.06
1.35
1.23
1.63
1.22
1.21
1.5
1.37
1.33
1.49
1.33
1.57
1.59
0.99
1.52
1.25
1.27
1.4
1.68
1.37
1.37
1.88
1.31
1.23
1.31
1.14
1.23
1.18
1.24
1.44
1.3
1.84
1.34
1.06
2.07
2.19
1.56
1.48
0.95
2.48
2.23
1.21
0.8
1.62
2.82
2.68
1.78
1.14
1.26
1.1
1.17
1.18
1.44
1.44
1.01
1.9
1.19
1.19
1
1.55
1.36
0.89
1.39
1.07
1.44
1.75
1.52
1.34
1.63
1.58
1.55
0.98
0.78
0.84
0.85
0.89
1.13
1.3
0.91
1.17
1.4
1.09
1.28
2.02
0.96
1.17
1.96
2.09
1.13
1
1.01
1.02
1.24
1.65
1.81
1.1
0.96
1.3
1.26
1.25
1.37
1.09
1.33
1.58
1.35
1
1.68
1.08
0.89
1.54
1.06
1.05
0.95
0.88
1.2
1.08
1
1.06
0.9
1.07
0.91
1.14
2.94
0.84
0.89
0.82
1.02
2.09
0.99
1.9
1.34
1.57
1.99
1.3
0.74
0.92
1.4
1.33
2.24
2.52
2.21
0.94
1.38
1.01
2.21
1.12
3.09
2.39
0.86
1.07
1.24
0.92
1.04
1.56
1.2
0.97
1.07
0.69
0.75
0.91
0.99
1.07
0.91
0.62
1.18
2.69
1.26
0.91
0.84
1.68
1.58
1.32
1.39
1.06
0.9
2.11
1.3
1.66
1.66
1.68
2.1
2.01
1.14
1.18
0.93
1.54
3.78
1.35
1.41
1.34
1.62
1.51
1.46
2.76
2.93
2.46
1.9
1.34
1.65
2.41
1.59
2.76
0.71
1.49
1.55
1.13
2.51
1.78
1.61
1.1
1.11
1.14
1.21
1.2
1.33
1.59
1.44
1.39
2.48
1.23
0.84
1.04
1.07
1.73
3.26
2.35
1.6
1.51
3.19
1.89
1.35
2.07
1.95
1.75
1.41
1.25
2.58
1.1
1.16
1.7
1.22
1.25
1.25
0.9
1.27
1.48
1.61
1.49
1.06
1.54
1.48
1.14
1.05
1.39
1.13
1.58
1.71
1.59
1.72
1.4
1.25
1.43
2.06
1.77
1.99
1.24
1.73
1.94
1.24
1.87
1.59
1.23
1.93
1.4
1.91
1.54
1.41
1.4
1.76
1.46
1.22
1.24
1.33
1.59
1.64
1.99
1.67
1.1
1.12
1.44
1.24
1.22
1.26
1.14
1.52
1.54
1.26
1.48
1.31
0.98
1.38
0.81
1.43
1.59
1.37
1.06
1.37
1.6
1.93
1.32
2.53
1.99
1.35
0.99
1.29
1.2
1.42
1.57
1.17
1.54
1.34
1.54
1.44
1.5
2.05
1.21
1.27
1.24
1.17
1.22
1.25
1.58
1.64
1.59
1.38
1.7
1.5
1.49
1.34
1.4
1.19
1.35
1.73
2.01
1.11
1.42
1.17
1.23
1.57
1.35
1.3
1.39
1.68
1.6
0.82
1.08
1.55
1.38
1.06
1.18
1.89
1.58
1.14
1.69
1.04
1.31
1.47
1.42
1.51
1.18
1.13
0.88
1.12
1.45
1.67
1.62
1.13
1.35
2.15
1.18
1.36
1.08
1.44
1.4
1.14
0.86
1.2
1.2
1.33
1.35
1.19
1.45
1.08
1.05
1.41
0.96
1.04
1.06
1.09
1.69
1.73
0.89
1.24
0.91
1.09
0.82
1.39
1.43
1.42
1.09
1.3
1.09
1.18
1.14
1
1.03
2.11
1.29
1.24
2.44
1.52
1.94
1.38
2.4
3.32
1.98
0.83
0.65
0.9
1.97
2.28
1.17
1.09
1.37
1.06
0.88
1.77
3.82
2.33
1.05
1.02
1.11
1.54
1.93
0.97
1.98
1.06
0.93
1.56
0.75
0.75
1.97
1.93
1.61
1.05
1.1
1.05
0.9
1.49
1.41
1.01
0.87
0.96
1.14
1.09
0.88
1.31
0.91
1.04
1.18
1.66
1.35
1.99
2.89
1.5
1.12
1.04
1.14
1.98
2.01
2.01
1.89
0.76
0.83
0.86
0.88
0.88
0.98
3.1
2.09
0.94
1.11
1.2
0.88
1.12
0.8
1
1.26
1.18
1.33
1.05
0.91
0.9
1.05
0.7
0.67
0.79
0.88
0.99
0.86
1.63
1.96
1.71
1.26
1.06
1.13
1.2
0.8
1.15
0.97
0.96
0.95
0.97
0.84
1.82
3.3
1.26
0.94
0.9
0.87
0.87
2.64
3.39
1.83
0.68
0.69
0.95
2.64
1.11
1.04
0.92
1.01
1.24
1.13
1.06
1.05
0.89
0.95
2.07
1.18
0.93
1.58
0.97
1.48
1.12
1.35
1.79
2
1.1
0.9
1.28
1.58
2.16
1.61
2.28
1.42
1.52
3.25
1.76
1.4
1.84
2.18
1.15
1.39
1.58
3.67
1.42
3.67
3.75
1.16
1.74
1.82
1.2
1.16
1.12
2.72
3.14
1.93
1.49
1.41
2.31
1.63
1.53
1.26
1.19
1.41
1.68
1.85
1.37
1.11
1.4
1.2
1.4
1.42
1.59
1.24
1.39
1.25
1.04
1.17
1.39
1.42
1.66
1.16
1.35
3.32
2.9
1.27
2.98
1.48
1.69
1.56
1.91
1.93
2.03
1.32
1.33
1.25
1.25
1.26
1.67
3.52
1.32
1.23
1.39
1.63
1.9
1.65
1.66
1.27
1.12
1.26
1.66
2.12
1.82
1.5
1.06
1.06
1.18
1
1.44
1.84
1.57
1.41
1.45
1
2.39
1.06
1
1.51
0.7
1.28
1.76
1.28
1.5
1.76
1.29
1.26
1.69
1.33
1.11
1.38
1.33
2.31
1.37
1.17
1.1
1.5
1.41
1.4
1.12
1.35
1.43
1.2
1.32
1.07
1.16
1.23
2
1.82
1.16
1.81
1.8
1.88
1.66
1.19
1.29
1.32
1.22
1.44
1.38
1.54
2.17
2.05
1.72
1.4
1.76
1.43
1.55
1.08
1.18
1.38
1.19
1.72
1.39
1.24
1.14
1.27
1.14
1.54
1.21
1.09
1.48
1.38
1.65
1.19
1
1.16
1.12
1.43
1.61
0.82
1.22
1.23
1.1
1.34
1.27
1.37
1.09
0.83
0.86
1.02
1.9
1.21
1.27
1.21
1.3
1.15
1.03
1.35
0.98
1.25
1.66
1.45
1.45
0.92
1.42
1.28
1.49
1.15
1.06
1.25
1.24
1.09
1.16
1.62
1.45
1.27
0.99
1.23
1.28
1.11
1.13
0.98
1.1
1.56
2.56
1.93
1.61
1.02
1.09
1.24
1.35
1.05
1.38
1.57
1.32
1.26
1.14
1.25
1.13
1.05
1.16
0.76
0.93
1.01
1.05
1.17
1.35
1.01
1.1
0.9
2.4
1.59
1.01
2.87
2.32
0.81
1.23
1.16
1.52
1
0.98
1.1
1.75
1.26
0.95
1
1.05
1.21
0.78
0.76
0.9
3.75
1.62
0.45
0.83
1.68
2.73
3.29
2.4
1.27
1.1
0.91
0.83
0.91
1.04
1.23
1.23
1.11
1.09
0.66
0.85
0.73
0.87
0.89
1.11
1
0.79
0.9
0.87
0.79
1.68
1.01
1.89
1.13
1.27
1.27
1.03
1.26
1.05
0.9
1.06
0.86
0.9
1.54
0.98
1.98
1.42
0.98
0.93
1.1
0.95
0.89
1.23
1.39
1.21
1.05
1.03
1.2
1.08
0.81
0.93
1.13
1.04
2.5
1.7
0.76
1.03
1.29
1.32
0.9
0.81
0.92
1.1
1.1
1.13
1.04
1.58
1.24
0.99
0.83
0.83
1.65
4.02
1.82
3.24
5.55
1.06
1.34
2.21
1.95
2.27
2.74
1.75
1.93
1.84
1.15
0.95
1.07
2.27
1.14
1.1
1.24
1.36
1.02
1.62
1.05
1.29
1.16
1.35
1.42
1.37
1.1
2.37
2.16
1.49
2.12
1.29
1.4
1.25
1.19
1.41
1.27
1.35
1.45
1.81
2.53
1.29
2.74
4.83
1.81
1.18
1.76
1.28
1.94
1.71
1.56
1.37
1.85
1.7
2.01
-99
-99
-99
-99
-99
-99
-99
-99
-99
-99
-99
-99
-99
-99
-99
-99
-99
-99
-99
-99
-99
-99
-99
-99
-99
-99
-99
-99
-99
-99
-99
-99
-99
-99
-99
-99
-99
-99
-99
-99
-99
-99
-99
-99
-99
-99
-99
-99
-99
-99
-99
-99
-99
-99
-99
-99
-99
-99
-99
-99
-99
-99
-99
-99
-99
-99
-99
-99
-99
-99
-99
-99
-99
-99
-99
-99
-99
-99
-99
-99
-99
-99
-99
-99
-99
-99
-99
-99
-99
-99
-99
-99
-99
-99
-99
-99
-99
-99
-99
-99
-99
-99
-99
-99
-99
-99
-99
-99
-99
-99
-99
-99
-99
-99
-99
-99
-99
-99
-99
-99
-99
-99
-99
-99
-99
-99
-99
-99
-99
-99
-99
-99
-99
-99
-99
-99
-99
-99
-99
-99
-99
-99
-99
-99
-99
-99
-99
-99
-99
-99
-99
-99
-99
-99
-99
-99
-99
-99
-99
-99
-99
-99
-99
-99
-99
-99
-99
-99
-99
-99
-99
-99
-99
-99
-99
-99
-99
-99
-99
-99
-99
-99
-99
-99
-99
-99
-99
-99
-99
-99
-99
-99
-99
-99
-99
-99
-99
-99
-99
-99
-99
-99
-99
-99
-99
-99
-99
-99
-99
-99
-99
-99
-99
-99
-99
-99
-99
-99
-99
-99
-99
-99
-99
-99
-99
-99
-99
-99
-99
-99
-99
-99
-99
-99
-99
-99
-99
-99
-99
-99
-99
-99
-99
-99
-99
-99
-99
-99
-99
-99
-99
-99
-99
-99
-99
-99
-99
-99
-99
-99
-99
-99
-99
-99
-99
-99
-99
-99
-99
-99
-99
-99
-99
-99
-99
-99
-99
-99
-99
-99
-99
-99
-99
-99
-99
-99
-99
-99
-99
-99
-99
-99
-99
-99
-99
-99
-99
-99
-99
-99
-99
-99
-99
-99
-99
-99
-99
-99
-99
-99
-99
-99
-99
-99
-99
-99
-99
-99
-99
-99
-99
-99
-99
-99
-99
-99
-99
-99
-99
-99
-99
-99
-99
-99
-99
-99
-99
-99
-99
-99
-99
-99
-99
-99
-99
-99
-99
-99
-99
-99
-99
-99
-99
-99
-99
-99
-99
-99
-99
-99
-99
-99
-99
-99
-99
-99
-99
-99
-99
-99
-99
-99
-99
-99
-99
-99
-99
-99
-99
-99
-99
-99
-99
-99
-99
-99
-99
-99
-99
-99
-99
-99
-99
-99
-99
-99
-99
-99
-99
-99
-99
-99
-99
-99
-99
-99
-99
-99
-99
-99
-99
-99
-99
-99
-99
-99
-99
-99
-99
-99
-99
-99
-99
-99
-99
-99
-99
-99
-99
-99
-99
-99
-99
-99
-99
-99
-99
-99
-99
-99
-99
-99
-99
-99
-99
-99
-99
-99
-99
-99
-99
-99
-99
-99
-99
-99
-99
-99
-99
-99
-99
-99
-99
-99
-99
-99
-99
-99
-99
-99
-99
-99
-99
-99
-99
-99
-99
-99
-99
-99
-99
-99
-99
-99
-99
-99
-99
-99
-99
-99
-99
-99
-99
-99
-99
-99
-99
-99
-99
-99
-99
-99
-99
-99
-99
-99
-99
-99
-99
-99
-99
-99
-99
-99
-99
-99
-99
-99
-99
-99
-99
-99
-99
-99
-99
-99
-99
-99
-99
-99
-99
-99
-99
-99
-99
-99
-99
-99
-99
-99
-99
-99
-99
-99
-99
-99
-99
-99
-99
-99
-99
-99
-99
-99
-99
-99
-99
-99
-99
-99
-99
-99
-99
-99
-99
-99
-99
-99
-99
-99
-99
-99
-99
-99
-99
-99
-99
-99
-99
-99
-99
-99
-99
-99
-99
-99
-99
-99
-99
-99
-99
-99
-99
-99
-99
-99
-99
-99
-99
-99
-99
-99
-99
-99
-99
-99
-99
-99
-99
-99
-99
-99
-99
-99
-99
-99
-99
-99
-99
-99
-99
-99
-99
-99
-99
-99
-99
-99
-99
-99
-99
-99
-99
-99
-99
-99
-99
-99
-99
-99
-99
-99
-99
-99
-99
-99
-99
-99
-99
-99
-99
-99
-99
-99
-99
-99
-99
-99
-99
-99
-99
-99
-99
-99
-99
-99
-99
-99
-99
-99
-99
-99
-99
-99
-99
-99
-99
-99
-99
-99
-99
-99
-99
-99
-99
-99
-99
-99
-99
-99
-99
-99
-99
-99
-99
-99
-99
-99
-99
-99
-99
-99
-99
-99
-99
-99
-99
-99
-99
-99
-99
-99
-99
-99
-99
-99
-99
-99
-99
-99
-99
-99
-99
-99
-99
-99
-99
-99
-99
-99
-99
-99
-99
-99
-99
-99
-99
-99
-99
-99
-99
-99
-99
-99
-99
-99
-99
-99
-99
-99
-99
-99
-99
-99
-99
-99
-99
-99
-99
-99
-99
-99
-99
-99
-99
-99
-99
-99
-99
-99
-99
-99
-99
-99
-99
-99
-99
-99
-99
-99
-99
-99
-99
-99
-99
-99
-99
-99
-99
-99
-99
-99
-99
-99
-99
-99
-99
-99
-99
-99
-99
-99
-99
-99
-99
-99
-99
-99
-99
-99
-99
-99
-99
-99
-99
-99
-99
-99
-99
-99
-99
-99
-99
-99
-99
-99
-99
-99
-99
-99
-99
-99
-99
-99
-99
-99
-99
-99
-99
-99
-99
-99
-99
-99
-99
-99
-99
-99
-99
-99
-99
-99
-99
-99
-99
-99
-99
-99
-99
-99
-99
-99
-99
-99
-99
-99
-99
-99
-99
-99
-99
-99
-99
-99
-99
-99
-99
-99
-99
-99
-99
-99
-99
-99
-99
-99
-99
-99
-99
-99
-99
-99
-99
-99
-99
-99
-99
-99
-99
-99
-99
-99
-99
-99
-99
-99
-99
-99
-99
-99
-99
-99
-99
-99
-99
-99
-99
-99
-99
-99
-99
-99
-99
-99
-99
-99
-99
-99
-99
-99
-99
-99
-99
-99
-99
-99
-99
-99
-99
-99
-99
-99
-99
-99
-99
-99
-99
-99
-99
-99
-99
-99
-99
-99
-99
-99
-99
-99
-99
-99
-99
-99
-99
-99
-99
-99
-99
-99
-99
-99
-99
-99
-99
-99
-99
-99
-99
-99
-99
-99
-99
-99
-99
-99
-99
-99
-99
-99
-99
-99
-99
-99
-99
-99
-99
-99
-99
-99
-99
-99
-99
-99
-99
-99
-99
-99
-99
-99
-99
-99
-99
-99
-99
-99
-99
-99
-99
-99
-99
-99
-99
-99
-99
-99
-99
-99
-99
-99
-99
-99
-99
-99
-99
-99
-99
-99
-99
-99
-99
-99
-99
-99
-99
-99
-99
-99
-99
-99
-99
-99
-99
-99
-99
-99
-99
-99
-99
-99
-99
-99
-99
-99
-99
-99
-99
-99
-99
-99
-99
-99
-99
-99
-99
-99
-99
-99
-99
-99
-99
-99
-99
-99
-99
-99
-99
-99
-99
-99
-99
-99
-99
-99
-99
-99
-99
-99
-99
-99
-99
-99
-99
-99
-99
-99
-99
-99
-99
-99
-99
-99
-99
-99
-99
-99
-99
-99
-99
-99
-99
-99
-99
-99
-99
-99
-99
-99
-99
-99
-99
-99
-99
-99
-99
-99
-99
-99
-99
-99
-99
-99
-99
-99
-99
-99
-99
-99
-99
-99
-99
-99
-99
-99
-99
-99
-99
-99
-99
-99
-99
-99
-99
-99
-99
-99
-99
-99
-99
-99
-99
-99
-99
-99
-99
-99
-99
-99
-99
-99
-99
-99
-99
-99
-99
-99
-99
-99
-99
-99
-99
-99
-99
-99
-99
-99
-99
-99
-99
-99
-99
-99
-99
-99
-99
-99
-99
-99
-99
-99
-99
-99
-99
-99
-99
-99
-99
-99
-99
-99
-99
-99
-99
-99
-99
-99
-99
-99
-99
-99
-99
-99
-99
-99
-99
-99
-99
-99
-99
-99
-99
-99
-99
-99
-99
-99
-99
-99
-99
-99
-99
-99
-99
-99
-99
-99
-99
-99
-99
-99
-99
-99
-99
-99
-99
-99
-99
-99
-99
-99
-99
-99
-99
-99
-99
-99
-99
-99
-99
-99
-99
-99
-99
-99
-99
-99
-99
-99
-99
-99
-99
-99
-99
-99
-99
-99
-99
-99
-99
-99
-99
-99
-99
-99
-99
-99
-99
-99
-99
-99
-99
-99
-99
-99
-99
-99
-99
-99
-99
-99
-99
-99
-99
-99
-99
-99
-99
-99
-99
-99
-99
-99
-99
-99
-99
-99
-99
-99
-99
-99
-99
-99
-99
-99
-99
-99
-99
-99
-99
-99
-99
-99
-99
-99
-99
-99
-99
-99
-99
-99
-99
-99
-99
-99
-99
-99
-99
-99
-99
-99
-99
-99
-99
-99
-99
-99
-99
-99
-99
-99
-99
-99
-99
-99
-99
-99
-99
-99
-99
-99
-99
-99
-99
-99
-99
-99
-99
-99
-99
-99
-99
-99
-99
-99
-99
-99
-99
-99
-99
-99
-99
-99
-99
-99
-99
-99
-99
-99
-99
-99
-99
-99
-99
-99
-99
-99
-99
-99
-99
-99
-99
-99
-99
-99
-99
-99
-99
-99
-99
-99
-99
-99
-99
-99
-99
-99
-99
-99
-99
-99
-99
-99
-99
-99
-99
-99
-99
-99
-99
-99
-99
-99
-99
-99
-99
-99
-99
-99
-99
-99
-99
-99
-99
-99
-99
-99
-99
-99
-99
-99
-99
-99
-99
-99
-99
-99
-99
-99
-99
-99
-99
-99
-99
-99
-99
-99
-99
-99
-99
-99
-99
-99
-99
-99
-99
-99
-99
-99
-99
-99
-99
-99
-99
-99
-99
-99
-99
-99
-99
-99
-99
-99
-99
-99
-99
-99
-99
-99
-99
-99
-99
-99
-99
-99
-99
-99
-99
-99
-99
-99
-99
-99
-99
-99
-99
-99
-99
-99
-99
-99
-99
-99
-99
-99
-99
-99
-99
-99
-99
-99
-99
-99
-99
-99
-99
-99
-99
-99
-99
-99
-99
-99
-99
-99
-99
-99
-99
-99
-99
-99
-99
-99
-99
-99
-99
-99
-99
-99
-99
-99
-99
-99
-99
-99
-99
-99
-99
-99
-99
-99
-99
-99
-99
-99
-99
-99
-99
-99
-99
-99
-99
-99
-99
-99
-99
-99
-99
-99
-99
-99
-99
-99
-99
-99
-99
-99
-99
-99
-99
-99
-99
-99
-99
-99
-99
-99
-99
-99
-99
-99
-99
-99
-99
-99
-99
-99
-99
-99
-99
-99
-99
-99
-99
-99
-99
-99
-99
-99
-99
-99
-99
-99
-99
-99
-99
-99
-99
-99
-99
-99
-99
-99
-99
-99
-99
-99
-99
-99
-99
-99
-99
-99
-99
-99
-99
-99
-99
-99
-99
-99
-99
-99
-99
-99
-99
-99
-99
-99
-99
-99
-99
-99
-99
-99
-99
-99
-99
-99
-99
-99
-99
-99
-99
-99
-99
-99
-99
-99
-99
-99
-99
-99
-99
-99
-99
-99
-99
-99
-99
-99
-99
-99
-99
-99
-99
-99
-99
-99
-99
-99
-99
-99
-99
-99
-99
-99
-99
-99
-99
-99
-99
-99
-99
-99
-99
-99
-99
-99
-99
-99
-99
-99
-99
-99
-99
-99
-99
-99
-99
-99
-99
-99
-99
-99
-99
-99
-99
-99
-99
-99
-99
-99
-99
-99
-99
-99
-99
-99
-99
-99
-99
-99
-99
-99
-99
-99
-99
-99
-99
-99
-99
-99
-99
-99
-99
-99
-99
-99
-99
-99
-99
-99
-99
-99
-99
-99
-99
-99
-99
-99
-99
-99
-99
-99
-99
-99
-99
-99
-99
-99
-99
-99
-99
-99
-99
-99
-99
-99
-99
-99
-99
-99
-99
-99
-99
-99
-99
-99
-99
-99
-99
-99
-99
-99
-99
-99
-99
-99
-99
-99
-99
-99
-99
-99
-99
-99
-99
-99
-99
-99
-99
-99
-99
-99
-99
-99
-99
-99
-99
-99
-99
-99
-99
-99
-99
-99
-99
-99
-99
-99
-99
-99
-99
-99
-99
-99
-99
-99
-99
-99
-99
-99
-99
-99
-99
-99
-99
-99
-99
-99
-99
-99
-99
-99
-99
-99
-99
-99
-99
-99
-99
-99
-99
-99
-99
-99
-99
-99
-99
-99
-99
-99
-99
-99
-99
-99
-99
-99
-99
-99
-99
-99
-99
-99
-99
-99
-99
-99
-99
-99
-99
-99
-99
-99
-99
-99
-99
-99
-99
-99
-99
-99
-99
-99
-99
-99
-99
-99
-99
-99
-99
-99
-99
-99
-99
-99
-99
-99
-99
-99
-99
-99
-99
-99
-99
-99
-99
-99
-99
-99
-99
-99
-99
-99
-99
-99
-99
-99
-99
-99
-99
-99
-99
-99
-99
-99
-99
-99
-99
-99
-99
-99
-99
-99
-99
-99
-99
-99
-99
-99
-99
-99
-99
-99
-99
-99
-99
-99
-99
-99
-99
-99
-99
-99
-99
-99
-99
-99
-99
-99
-99
-99
-99
-99
-99
-99
-99
-99
-99
-99
-99
-99
-99
-99
-99
-99
-99
-99
-99
-99
-99
-99
-99
-99
-99
-99
-99
-99
-99
-99
-99
-99
-99
-99
-99
-99
-99
-99
-99
-99
-99
-99
-99
-99
-99
-99
-99
-99
-99
-99
-99
-99
-99
-99
-99
-99
-99
-99
-99
-99
-99
-99
-99
-99
-99
-99
-99
-99
-99
-99
-99
-99
-99
-99
-99
-99
-99
-99
-99
-99
-99
-99
-99
-99
-99
-99
-99
-99
-99
-99
-99
-99
-99
-99
-99
-99
-99
-99
-99
-99
-99
-99
-99
-99
-99
-99
-99
-99
-99
-99
-99
-99
-99
-99
-99
-99
-99
-99
-99
-99
-99
-99
-99
-99
-99
-99
-99
-99
-99
-99
-99
-99
-99
-99
-99
-99
-99
-99
-99
-99
-99
-99
-99
-99
-99
-99
-99
-99
-99
-99
-99
-99
-99
-99
-99
-99
-99
-99
-99
-99
-99
-99
-99
-99
-99
-99
-99
-99
-99
-99
-99
-99
-99
-99
-99
-99
-99
-99
-99
-99
-99
-99
-99
-99
-99
-99
-99
-99
-99
-99
-99
-99
-99
-99
-99
-99
-99
-99
-99
-99
-99
-99
-99
-99
-99
-99
-99
-99
-99
-99
-99
-99
-99
-99
-99
-99
-99
-99
-99
-99
-99
-99
-99
-99
-99
-99
-99
-99
-99
-99
-99
-99
-99
-99
-99
-99
-99
-99
-99
-99
-99
-99
-99
-99
-99
-99
-99
-99
-99
-99
-99
-99
-99
-99
-99
-99
-99
-99
-99
-99
-99
-99
-99
-99
-99
-99
-99
-99
-99
-99
-99
-99
-99
-99
-99
-99
-99
-99
-99
-99
-99
-99
-99
-99
-99
-99
-99
-99
-99
-99
-99
-99
-99
-99
-99
-99
-99
-99
-99
-99
-99
-99
-99
-99
-99
-99
-99
-99
-99
-99
-99
-99
-99
-99
-99
-99
-99
-99
-99
-99
-99
-99
-99
-99
-99
-99
-99
-99
-99
-99
-99
-99
-99
-99
-99
-99
-99
-99
-99
-99
-99
-99
-99
-99
-99
-99
-99
-99
-99
-99
-99
-99
-99
-99
-99
-99
-99
-99
-99
-99
-99
-99
-99
-99
-99
-99
-99
-99
-99
-99
-99
-99
-99
-99
-99
-99
-99
-99
-99
-99
-99
-99
-99
-99
-99
-99
-99
-99
-99
-99
-99
-99
-99
-99
-99
-99
-99
-99
-99
-99
-99
-99
-99
-99
-99
-99
-99
-99
-99
-99
-99
-99
-99
-99
-99
-99
-99
-99
-99
-99
-99
-99
-99
-99
-99
-99
-99
-99
-99
-99
-99
-99
-99
-99
-99
-99
-99
-99
-99
-99
-99
-99
-99
-99
-99
-99
-99
-99
-99
-99
-99
-99
-99
-99
-99
-99
-99
-99
-99
-99
-99
-99
-99
-99
-99
-99
-99
-99
-99
-99
-99
-99
-99
-99
-99
-99
-99
-99
-99
-99
-99
-99
-99
-99
-99
-99
-99
-99
-99
-99
-99
-99
-99
-99
-99
-99
-99
-99
-99
-99
-99
-99
-99
-99
-99
-99
-99
-99
-99
-99
-99
-99
-99
-99
-99
-99
-99
-99
-99
-99
-99
-99
-99
-99
-99
-99
-99
-99
-99
-99
-99
-99
-99
-99
-99
-99
-99
-99
-99
-99
-99
-99
-99
-99
-99
-99
-99
-99
-99
-99
-99
-99
-99
-99
-99
-99
-99
-99
-99
-99
-99
-99
-99
-99
-99
-99
-99
-99
-99
-99
-99
-99
-99
-99
-99
-99
-99
-99
-99
-99
-99
-99
-99
-99
-99
-99
-99
-99
-99
-99
-99
-99
-99
-99
-99
-99
-99
-99
-99
-99
-99
-99
-99
-99
-99
-99
-99
-99
-99
-99
-99
-99
-99
-99
-99
-99
-99
-99
-99
-99
-99
-99
-99
-99
-99
-99
-99
-99
-99
-99
-99
-99
-99
-99
-99
-99
-99
-99
-99
-99
-99
-99
-99
-99
-99
-99
-99
-99
-99
-99
-99
-99
-99
-99
-99
-99
-99
-99
-99
-99
-99
-99
-99
-99
-99
-99
-99
-99
-99
-99
-99
-99
-99
-99
-99
-99
-99
-99
-99
-99
-99
-99
-99
-99
-99
-99
-99
-99
-99
-99
-99
-99
-99
-99
-99
-99
-99
-99
-99
-99
-99
-99
-99
-99
-99
-99
-99
-99
-99
-99
-99
-99
-99
-99
-99
-99
-99
-99
-99
-99
-99
-99
-99
-99
-99
-99
-99
-99
-99
-99
-99
-99
-99
-99
-99
-99
-99
-99
-99
-99
-99
-99
-99
-99
-99
-99
-99
-99
-99
-99
-99
-99
-99
-99
-99
-99
-99
-99
-99
-99
-99
-99
-99
-99
-99
-99
-99
-99
-99
-99
-99
-99
-99
-99
-99
-99
-99
-99
-99
-99
-99
-99
-99
-99
-99
-99
-99
-99
-99
-99
-99
-99
-99
-99
-99
-99
-99
-99
-99
-99
-99
-99
-99
-99
-99
-99
-99
-99
-99
-99
-99
-99
-99
-99
-99
-99
-99
-99
-99
-99
-99
-99
-99
-99
-99
-99
-99
-99
-99
-99
-99
-99
-99
-99
-99
-99
-99
-99
-99
-99
-99
-99
-99
-99
-99
-99
-99
-99
-99
-99
-99
-99
-99
-99
-99
-99
-99
-99
-99
-99
-99
-99
-99
-99
-99
-99
-99
-99
-99
-99
-99
-99
-99
-99
-99
-99
-99
-99
-99
-99
-99
-99
-99
-99
-99
-99
-99
-99
-99
-99
-99
-99
-99
-99
-99
-99
-99
-99
-99
-99
-99
-99
-99
-99
-99
-99
-99
-99
-99
-99
-99
-99
-99
-99
-99
-99
-99
-99
-99
-99
-99
-99
-99
-99
-99
-99
-99
-99
-99
-99
-99
-99
-99
-99
-99
-99
-99
-99
-99
-99
-99
-99
-99
-99
-99
-99
-99
-99
-99
-99
-99
-99
-99
-99
-99
-99
-99
-99
-99
-99
-99
-99
-99
-99
-99
-99
-99
-99
-99
-99
-99
-99
-99
-99
-99
-99
-99
-99
-99
-99
-99
-99
-99
-99
-99
-99
-99
-99
-99
-99
-99
-99
-99
-99
-99
-99
-99
-99
-99
-99
-99
-99
-99
-99
-99
-99
-99
-99
-99
-99
-99
-99
-99
-99
-99
-99
-99
-99
-99
-99
-99
-99
-99
-99
-99
-99
-99
-99
-99
-99
-99
-99
-99
-99
-99
-99
-99
-99
-99
-99
-99
-99
-99
-99
-99
-99
-99
-99
-99
-99
-99
-99
-99
-99
-99
-99
-99
-99
-99
-99
-99
-99
-99
-99
-99
-99
-99
-99
-99
-99
-99
-99
-99
-99
-99
-99
-99
-99
-99
-99
-99
-99
-99
-99
-99
-99
-99
-99
-99
-99
-99
-99
-99
-99
-99
-99
-99
-99
-99
-99
-99
-99
-99
-99
-99
-99
-99
-99
-99
-99
-99
-99
-99
-99
-99
-99
-99
-99
-99
-99
-99
-99
-99
-99
-99
-99
-99
-99
-99
-99
-99
-99
-99
-99
-99
-99
-99
-99
-99
-99
-99
-99
-99
-99
-99
-99
-99
-99
-99
-99
-99
-99
-99
-99
-99
-99
-99
-99
1.3375
0.672916666666667
0.777083333333333
1.34375
1.06875
0.908333333333333
0.716666666666667
0.63125
3.82708333333333
2.29791666666667
0.6375
0.579166666666667
0.85625
0.822916666666667
1.11875
0.995833333333333
0.860416666666667
0.877083333333333
1.04375
1.39166666666667
1.57083333333333
2.2625
1.92291666666667
1.925
0.835416666666667
0.914583333333333
0.8625
0.8
1.49375
1.2625
1.25416666666667
1.50833333333333
1.04583333333333
0.895833333333333
1.07083333333333
1.33333333333333
2.06875
0.697916666666667
0.86875
1.66041666666667
1.47083333333333
1.17916666666667
1.07083333333333
1.14375
0.84375
0.75
1.64375
1.25625
0.99375
1.50208333333333
1.10625
4.17916666666667
2.71458333333333
1.62916666666667
0.995833333333333
1.13333333333333
0.683333333333333
1.02083333333333
1.36666666666667
1.99166666666667
2.25208333333333
0.722916666666667
0.791666666666667
0.845833333333333
0.858333333333333
0.54375
1.50833333333333
1.14166666666667
1.0625
1.48125
1.04583333333333
1.79583333333333
1.37083333333333
1.18541666666667
1.75416666666667
2.2625
1.80416666666667
1.12916666666667
2.18958333333333
2.08958333333333
1.75208333333333
1.09791666666667
1.3125
1.35
1.66041666666667
1.57708333333333
1.16666666666667
1.35416666666667
1.26666666666667
1.19166666666667
1.3804347826087
0.939583333333333
1.49791666666667
1.0375
1.18958333333333
1.61666666666667
1.31041666666667
1.59583333333333
0.89375
0.695833333333333
0.910416666666667
1.22083333333333
1.04375
1.14583333333333
1.08958333333333
1.61458333333333
1.22291666666667
1.59166666666667
1.29583333333333
0.679166666666667
1.60416666666667
1.99583333333333
1.69166666666667
1.50833333333333
1.45416666666667
1.89791666666667
0.891666666666667
0.635416666666667
0.927083333333333
1.15416666666667
1.32708333333333
1.58958333333333
1.34791666666667
1.24583333333333
1.83333333333333
1.84375
0.74375
1.24583333333333
1.19166666666667
1.15625
1.76041666666667
2.22291666666667
1.92083333333333
1.88333333333333
2.225
2.15
1.70208333333333
2.02916666666667
0.941666666666667
1.16458333333333
1.31041666666667
1.4875
1.02083333333333
1.90625
1.44791666666667
1.01875
1.03125
0.985416666666667
1.46875
1.63541666666667
1.13958333333333
1.29375
0.94375
0.9125
1.28333333333333
1.56458333333333
1.26458333333333
1.55416666666667
1.10833333333333
1.40208333333333
1.3
1.86041666666667
1.08125
1.19375
1.1875
1.1875
1.13333333333333
2.83958333333333
0.939583333333333
1.31041666666667
1.60833333333333
1.975
1.575
1.02708333333333
0.945833333333333
1.44166666666667
1.17083333333333
1.4
1.32916666666667
1.76875
1.61458333333333
0.99375
1.29583333333333
1.39375
1.2875
1.51875
1.50208333333333
1.45625
1.4
1.60833333333333
1.67083333333333
1.7625
1.56875
1.79166666666667
0.875
1.05625
1.15625
1.19166666666667
1.31666666666667
1.53125
1.39166666666667
1.1375
1.25833333333333
1.35208333333333
1.74791666666667
1.39166666666667
1.10416666666667
1.65625
1.44375
1.28958333333333
1.69583333333333
1.44583333333333
1.65
1.37916666666667
1.72291666666667
1.41875
1.86875
1.52083333333333
1.46458333333333
1.48541666666667
1.27291666666667
1.09375
1.63541666666667
1.86041666666667
1.35416666666667
1.38541666666667
1.42916666666667
1.27083333333333
1.18333333333333
1.025
1.61458333333333
1.35416666666667
1.2125
1.39583333333333
1.225
1.22083333333333
1.40625
1.06666666666667
1.43333333333333
1.6
1.52083333333333
1.06875
1.58958333333333
1.60416666666667
2.94375
1.69166666666667
1.23125
1.175
1.37291666666667
1.05
1.13958333333333
2.0125
1.21875
1.125
0.83125
1.16458333333333
1.52708333333333
1.15416666666667
1.38333333333333
1.15833333333333
1.06666666666667
0.779166666666667
1.4375
0.939583333333333
2.7125
2.95208333333333
1.56666666666667
1.28333333333333
1.24166666666667
0.804166666666667
1.36041666666667
1.30208333333333
0.86875
0.891666666666667
1.34791666666667
1.67083333333333
0.766666666666667
1.1
1.1625
0.970833333333333
1.04375
1.04791666666667
1.18333333333333
0.783333333333333
0.960416666666667
1.15
1.19583333333333
0.7375
1.01875
0.747916666666667
0.81875
1.15625
1.41458333333333
1.17916666666667
0.91875
0.8875
0.977083333333333
0.8375
0.935416666666667
1.35625
1.625
1.13541666666667
1.025
0.833333333333333
1.62083333333333
1.2625
0.666666666666667
0.85625
1.27916666666667
1.31666666666667
1.41875
1.47916666666667
1.40208333333333
1.83541666666667
2.5125
1.02708333333333
1.1625
0.827083333333333
1.0625
0.647916666666667
0.752083333333333
0.775
0.883333333333333
0.716666666666667
0.808333333333333
1.14791666666667
4.16458333333333
3.36666666666667
1.8
0.683333333333333
0.95
1.4
1.15
0.960416666666667
0.929166666666667
1.36041666666667
0.96875
1.01875
1.6125
1.36875
1.52708333333333
2.29583333333333
1
1.72291666666667
1.03958333333333
0.885416666666667
0.689583333333333
0.958333333333333
0.7875
0.74375
0.76875
0.797916666666667
0.758333333333333
0.8
0.81875
0.841666666666667
1.27916666666667
0.895833333333333
1.01875
0.939583333333333
1.375
0.9125
0.83125
0.7375
0.820833333333333
0.916666666666667
0.620833333333333
0.689583333333333
1.36458333333333
1.725
1.13333333333333
1.15833333333333
0.9875
0.997916666666667
0.76875
1.52916666666667
0.86875
1.02916666666667
0.95625
0.90625
1.03125
0.908333333333333
0.895833333333333
0.947916666666667
1.11041666666667
0.683333333333333
0.83125
0.89375
1.07083333333333
0.872916666666667
0.991666666666667
0.964583333333333
1.04583333333333
1.01875
1.0875
1.19166666666667
1.33125
1.58333333333333
1.20208333333333
0.8625
1.0625
0.679166666666667
0.989583333333333
0.9
1.09166666666667
1.00625
0.9875
1.08125
1.47291666666667
2.04583333333333
1.25416666666667
0.8
1.18125
1.325
0.8
0.916666666666667
1.10625
1.18125
1.06875
0.875
0.910416666666667
1.36875
1.05833333333333
1.10416666666667
1.46041666666667
1.275
1.02708333333333
1.33125
1.33125
0.74375
0.94375
1.1875
1.28958333333333
1.40416666666667
0.745833333333333
2.85625
1.76041666666667
3.73958333333333
3.40208333333333
5.46875
2.75416666666667
3.05
2.79166666666667
2.11458333333333
2.88541666666667
2.59375
2.78125
3.10208333333333
2.42708333333333
3.23541666666667
3.04375
1.52291666666667
2.00833333333333
1.90833333333333
1.14166666666667
2.3375
2.275
1.64583333333333
1.00625
1.47916666666667
1.32708333333333
1.79166666666667
2.62916666666667
1.38333333333333
1.7625
1.92916666666667
3.4875
3.78333333333333
2.56875
1.37708333333333
1.61041666666667
1.36041666666667
1.41458333333333
1.15
3.93958333333333
1.11666666666667
1.65625
2.21458333333333
1.99791666666667
2.28125
1.3875
1.23958333333333
1.38125
1.26458333333333
1.15416666666667
1.35416666666667
1.07708333333333
1.78125
1.4125
2.07708333333333
2.64583333333333
1.32916666666667
1.18958333333333
1.08541666666667
1.15833333333333
1.48958333333333
1.44166666666667
1.36875
1.31458333333333
1.45208333333333
1.61875
1.6875
1.16875
1.40208333333333
1.68541666666667
1.31041666666667
1.43541666666667
1.69375
1.08958333333333
1.75625
1.53958333333333
0.81875
1.4625
1.47708333333333
1.69583333333333
1.48333333333333
1.38125
1.41666666666667
1.4
1.225
1.61041666666667
1.41666666666667
1.42708333333333
1.22291666666667
1.24583333333333
1.0125
1.05208333333333
1.22708333333333
1.43125
1.9375
1.30625
1.03541666666667
1.02291666666667
1.35833333333333
1.19166666666667
1.03125
1.50625
1.16666666666667
1.6375
1.68541666666667
1.08958333333333
1.56666666666667
1.01875
1.56041666666667
1.39166666666667
1.15625
1.2875
1.30833333333333
1.3625
1.37916666666667
1.71666666666667
1.54375
1.10625
1.2375
1.13125
1.33958333333333
1.43333333333333
1.1625
1.29791666666667
1.34583333333333
1.22083333333333
1.2875
1.44166666666667
1.26666666666667
1.55625
1.25208333333333
1.4
1.29583333333333
1.49791666666667
1.3
1.7
1.5
1.74166666666667
1.03125
0.81875
1.12083333333333
1.46041666666667
1.68125
1.44583333333333
1.46666666666667
1.24375
1.89583333333333
1.65625
1.99166666666667
1.21666666666667
1.58958333333333
1.32916666666667
1.1625
1.63541666666667
1.92708333333333
2.32708333333333
1.98333333333333
0.93125
1.47083333333333
0.908333333333333
1.19791666666667
1.47083333333333
1.42083333333333
0.985416666666667
0.789583333333333
1.325
1.95416666666667
1.20833333333333
1.59583333333333
1.35
1.34583333333333
1.55
1.73541666666667
1.32708333333333
1.42916666666667
2.09583333333333
1.11666666666667
1.11041666666667
1.51458333333333
1.45
1.32083333333333
1.68936170212766
1.63191489361702
1.18510638297872
1.1063829787234
1.62127659574468
1.55833333333333
1.56666666666667
1.7375
1.32291666666667
1.0375
0.96875
1.0875
0.991666666666667
1.30833333333333
1.48125
1.45217391304348
1.10833333333333
1.58297872340426
0.8875
1.375
1.6625
1.13958333333333
1.02291666666667
1.12083333333333
1.0125
1.0875
0.841666666666667
1.26875
1.98958333333333
0.875
0.79375
0.608333333333333
1.48333333333333
1.12708333333333
1.02916666666667
0.897916666666667
1.17708333333333
1.02708333333333
1.02916666666667
1.01875
0.85
1.76666666666667
1.53541666666667
1.22708333333333
1.25208333333333
1.78958333333333
1.01666666666667
1.20208333333333
0.797916666666667
1
0.795833333333333
0.914583333333333
1.4125
1.3
1.36041666666667
1.38958333333333
1.1875
1.25
0.845833333333333
1.31666666666667
1.05416666666667
1.21666666666667
1.11875
2.57083333333333
1.51458333333333
0.93125
1.19375
2.1125
0.8875
1.33125
0.677083333333333
0.945833333333333
1.1125
1.53541666666667
1.37083333333333
0.914583333333333
1.31666666666667
1.24166666666667
1.17916666666667
1.1125
1.24375
0.91875
0.9125
0.535416666666667
0.8625
1.00416666666667
1.05625
0.810416666666667
0.720833333333333
0.791666666666667
0.722916666666667
1.05208333333333
0.985416666666667
0.6625
0.864583333333333
0.795833333333333
0.689583333333333
0.975
0.46875
0.722916666666667
0.99375
1.35
1.09166666666667
0.875
0.889583333333333
1.33541666666667
1.08125
1.29166666666667
1.22708333333333
0.814583333333333
1.44375
0.975
0.825
0.847916666666667
