20000101
4.18
1.97
2.32
2.38
2.28
1.76
2.13
1.79
2.26
2.34
1.2
0.83
0.93
0.72
0.85
4.15
6.92
6.58
5.49
4.96
5.35
3.82
5.99
2.9
1.2
0.65
1.64
1.66
2.2
4.34
2.25
2.21
2.5
6.33
2.76
2.17
2.01
3.07
2.92
5.2
2.26
0.54
3.62
2.16
4.09
2.63
3.76
5.61
4.7
5.68
3.85
3.7
1.96
3.98
3.55
2.13
1.87
1.58
1.67
1.66
3.44
4.35
1.6
2.67
2.6
1.62
1.61
3.09
3.19
2.87
1.7
1.67
2.16
4.8
7
5.74
5.42
4.95
2.43
0.92
1.23
1.25
1.6
0.92
1.2
1.6
1.66
3.31
1.38
2.62
2.79
1.65
2.44
4.23
1.78
1.98
2.85
1.5
0.92
0.66
0.17
2.08
2.29
2.58
3.91
1.46
2.71
1.06
2.85
2.95
1.41
1.43
3.08
1.9
1.63
2.42
1.87
0.55
2.89
1.17
0.86
1.61
1.64
1.41
1.23
1.13
0.83
1.06
1.15
1.26
0.88
1.33
1.6
1.27
1.44
0.98
1.63
1.98
1.96
1.87
1.82
1.27
0.82
1.14
1.43
0.74
2.33
-99
0.93
1.77
2.56
2.7
2.38
1.81
1.93
2.13
1.9
6.08
3.05
1.96
1.65
4.82
7.4
5.95
3.09
3.58
-99
4.06
2.2
1.76
1.44
2.15
-99
-99
-99
-99
-99
-99
2.54
2.11
2.16
1.52
2.74
2.06
2.86
2.23
2.4
3.71
3.34
3.1
2.11
2.58
2.79
3.33
2.83
3.23
3.59
2.97
1.57
1.3
1.49
1.07
1.45
2.3
2.61
1.91
2.54
2.3
1.61
1.95
1.81
2.04
2.09
2.19
2.42
2.6
3.83
3.67
3.11
2.09
1.34
1.53
1.21
2.05
0.97
1.64
1.39
1.63
1.85
2.2
1.96
2.15
2.89
1.94
2.47
2.2
3
2.48
2.49
1.5
1.84
1.98
2.08
1.54
2.66
2.14
1.53
3.54
2.26
1.64
3.03
3.01
1.48
1.54
1.96
1.53
2.3
1.94
1.87
2.1
2.36
1.24
2.98
2.29
2.35
2.11
2.15
1.7
1.95
1.81
1.54
2.54
1.38
1.27
1.42
6.14
5.73
3.55
1.23
3.45
3.97
2.59
1.38
2.39
3.4
1.98
3.21
1.98
1.18
0.22
0.67
0.93
1.3
1.61
1.93
0.78
0.93
0.85
1.16
1.48
1.73
2.29
1.58
3.35
2.48
1.44
2.47
2.19
0.44
2.55
2.84
1.59
0.75
0.97
0.73
3.47
5.5
3.76
0.2
0.13
1.58
5.44
3.72
0.4
0.94
1.2
2.28
1.39
0.52
2.34
1.73
-99
1.65
1.31
0.45
1.37
2.63
0.47
0.24
3.69
2.71
6.68
1.96
1.45
0.8
0.8
1.47
2.4
3.45
2.07
1.58
0.76
0.48
1.12
0.51
0.14
0.23
0
0
0.01
3.09
2.17
3.96
3.64
5.64
3.08
3.69
3.17
2.33
2.94
4.37
2.46
-99
3.74
3.88
2.05
4.11
0.92
2.32
0.37
0.79
1.08
0.98
1.84
4.34
2.64
1.49
3.43
1.77
3.92
2.4
3.18
2.63
3.34
7.07
8.03
5.74
5.75
3.24
1.53
2.09
1.72
3.77
3.4
3.5
4.75
4.83
1.56
1.63
3.55
2.56
3.7
3.52
6.05
3.13
3.29
4.79
5.36
4.36
1.93
1.51
4.41
3.8
2.51
1.62
1.95
4.32
3.98
4.23
1.75
3.48
3.49
1.5
1.7
1.46
1.68
2.34
1.88
1.71
1.57
2.38
2.36
1.78
1.54
2.15
2.15
3.26
4.43
3.68
2.34
1.05
1.18
2.1
4.05
5.36
4.2
1.61
1.96
2.78
2.63
2.68
2.54
3.07
6.55
4.72
4.89
4.89
5.74
5.82
4.51
2.73
2.2
1.82
1.5
0.39
2.92
4.94
3.34
2.4
3.73
2.58
2.69
0.84
1.99
2.21
1.34
0.67
1.26
0.68
1.76
3.35
3.36
2.76
1.71
1.26
1.95
3.25
1.94
2.16
3.06
3.85
2.99
2.6
2.97
3.49
2.14
2.61
1.43
0.96
1.35
3.41
1.89
1.63
2.2
2.17
1.97
1.9
1.5
2.25
2.2
2.24
2.11
2.04
1.95
2.32
2.57
2.97
2.1
1.59
1.57
1.52
2.32
1.72
1.8
4.17
3.78
3.04
2.71
2.34
2.19
2.29
2.27
2.16
2.69
2.75
2.27
1.66
1.75
1.98
1.88
0.99
1.08
1.4
-99
-99
0.43
1.13
2.78
2.54
1.7
2.42
1.98
1.58
2.85
2.6
3.05
3.6
2.21
1.99
2.02
1.69
1.85
1.65
1.53
1.51
1.47
2.23
1.7
1.71
2.42
1.37
2.35
2.19
2.55
2.21
2.48
1.7
1.97
2.17
1.77
1.46
1.9
2.65
1.34
1.78
2.24
2.24
2.29
1.8
1.95
1.79
1.55
2.05
1.98
1.34
2.19
1.4
1.03
2.4
2.51
2.13
1.93
2.57
2.49
2.27
4.51
2.76
2.67
1.66
1.55
1.67
2.11
1.96
1.91
3.35
4.15
1.74
1.91
1.52
1.59
1.34
1.74
1.1
1.57
1.4
1.72
1.78
1.13
1.84
1.83
1.25
2.05
2.19
2.85
1.91
2.16
1.72
1.63
0.34
1.35
1.19
1.19
0.65
1.5
1
1.36
1.36
3.14
3.61
1.9
2.87
1.84
1.35
1.91
2.11
1.51
1.85
2.46
1.56
3.29
5.08
1.25
1.74
1.5
1.05
2.11
2.84
2.47
5.45
6.98
4.27
5.34
6.5
7.08
5.13
2.24
1.05
1.04
2.97
2.24
2.13
3.44
6.45
6.18
4.11
1.94
2.78
4
4.85
2.3
1.56
1.16
1.7
1.14
1.39
3.53
3.83
1.46
0.98
1.19
0.65
1.1
5.04
3.36
5.16
3.01
0.93
1.19
1.71
0.89
1.5
0.81
3
5.06
1.15
4.75
4.7
2.56
2.24
1.98
1.39
0.68
0.65
0.83
0
0.04
1.35
1.58
0.91
1.24
1.39
2
1.48
2.15
5.08
3.23
5.58
3.67
0.84
1.19
1.6
3.21
2.45
3.43
4.18
1.56
2.64
2.17
2.18
2.25
1.54
1.72
2.48
3.1
1.94
1.35
1.76
3.1
6.08
2.19
0.68
2.31
1.66
1.42
1.59
2.66
2.79
0.8
0.92
4.24
4.75
1.81
5.35
5.37
3.8
3.7
1.11
2.97
2.09
2.7
1.86
0.24
0.52
2.2
5.28
6.52
5.31
4.28
2.84
2.22
1.93
4.61
2.48
4.14
1.78
1.1
1.05
1.64
2.95
2.84
2.9
5.12
7.06
5.45
4.22
3.38
1.95
0.85
0.61
0.67
0.34
1.32
0.99
0.37
3.11
1.16
2.2
0.49
1.43
0.83
0.56
0.55
4.95
3.73
1.15
0.72
0.65
1.89
0.73
1.25
3.73
3.46
2.44
3.65
3.34
4.7
1.29
1.96
2.55
2.28
2.49
3.43
0.7
3.91
3.08
0.9
0.27
3.49
3.13
1.61
1.22
1.44
1.58
2.32
1.73
1.94
1.89
1.46
4.94
3.78
1.78
2.49
3.26
3.47
2.66
2.38
2.34
1.37
1.7
1.43
1.3
1.74
2.12
1.93
1.92
1.98
1.78
2.96
1.65
3.23
3.89
2.62
2.76
2.56
1.98
2.38
2.1
2.37
2.1
1.96
2.06
2.19
2.49
1.87
1.8
1.56
1.67
2.58
2.53
2.05
1.89
1.16
1.19
1.65
2.82
1.48
2.23
1.82
1.35
2.44
2
2.55
2.18
1.87
3.67
6.68
5.81
3.78
3.12
2.24
2.34
1.66
1.63
1.89
2.34
3.16
3.72
2.86
1.48
2.08
2.09
1.82
1.87
1.93
2.54
1.9
1.63
2.26
1.89
1.6
1.28
1.38
2.41
4.64
3.25
2.2
1.51
1.62
1.85
1.4
1.95
1.19
1.42
0.96
0.82
1
1.07
1.15
1.27
1.9
2.51
3.15
0.91
2.33
1.9
1.07
1.28
1.3
2.38
2.86
-99
-99
-99
1.27
1.75
1.62
1.54
2.21
2.33
0.93
0.91
2.15
1.59
1.64
1.1
1.95
4.17
3.93
4.1
-99
3.09
3.03
1.14
1.16
1.29
0.3
2.19
2.48
2.76
2.23
1.98
1.5
0.52
2.06
5.51
4.72
2.25
2.51
2.63
3.83
2.36
2.19
1.93
3.26
4.14
3.46
1.57
1.38
2.05
1.15
2.21
1.33
1.85
2.41
3.11
1.46
1.13
1.38
3.8
6.38
3.77
6.44
6.1
5.91
4.01
1.56
3.36
4.22
3.04
1.62
1.81
1.58
0.97
1.9
1.68
2.6
2.15
2.63
1.07
2.19
4.74
1.95
3.19
2.73
4.45
2.69
4.01
4.18
5.58
7.61
6.52
1.64
1.3
0.94
1.74
1.51
2.79
0.72
3.31
1.62
1.55
3.5
1.01
0.35
0.73
0.61
1.03
2.66
1.2
1.84
1.99
4.31
4.8
3.16
2.22
3.59
2.18
2.55
2.84
1.81
1.88
4.54
2.32
0.59
1.76
6.02
4.35
1
4.89
3.34
1.74
2.77
1.41
2.49
3.47
2.32
2.86
1.35
6.22
6.43
8.3
7.4
7.46
5.56
3.65
3.14
8.41
6.71
4.37
2.96
4.37
6.35
3.36
0.88
2.98
2.73
2.71
1.52
2.85
1.86
1.3
0.13
2.28
1.77
2.19
1.37
3.21
2
0.75
0.9
0.39
1.42
1.96
3.18
1.8
1.65
1.27
3.68
3.2
2.48
2.21
2.1
1.67
1.75
2.46
1.99
2.11
1.25
0.98
1.86
1.54
1.43
1.36
2.1
4.34
1.45
0.99
0.91
1.41
1.6
1.46
2.2
1.16
0.29
0.13
2.75
1.63
3.8
7.6
7.57
6.37
7.29
2.78
0.37
1.65
1.89
2.11
1.56
1.16
1.36
3.71
2.28
1.4
1.39
0.76
0.89
1.02
1.02
1.4
1.37
2.35
2.39
3.44
2.91
3.85
2.8
1.86
1.7
1.35
1.49
1.15
3.94
2.7
0.75
1.41
1.12
1.35
1.23
1.73
1.12
1.2
1.2
0.95
1.53
2.67
2.53
4.15
3.33
2.58
2.02
5.72
6.77
3.41
1.56
1.98
1.87
1.27
1.8
1.42
2.44
1.63
0.95
1.85
1.33
1.19
1.71
2
2.06
1.66
1.58
2.58
2.06
1.73
1.45
3.43
4.58
3.21
1.79
2.58
1.64
1.5
1.39
1.73
1.69
1.76
1.52
3.29
2.54
2.62
2.09
1.85
1.9
1.71
0.98
1.41
1.39
1.43
1.7
1.13
2.01
1.37
2.35
2.23
2.01
1.81
1.86
1.99
1.94
1.58
2.01
1.24
1.81
1.65
2.19
1.93
1.99
2.06
2.58
3.66
1.62
1.38
1.7
1.17
1.86
2.11
1.35
2.08
1.76
1.27
1.53
1.88
1.98
2.11
1.26
1.31
1.85
1.89
1.71
0.83
0.05
0.2
0.12
0.13
0.12
0.16
0.39
0.34
0.08
0.55
0.19
0.04
0.88
0.57
1.43
0.97
1.83
1.36
4.96
4.59
4.51
4.28
4.25
1.95
1.15
1.32
1.26
1.49
1.51
0.96
1.36
1.38
0.59
1.68
1.08
1.68
0.22
0.82
0.99
1.68
4.06
4.3
2.23
1.29
4.54
1.53
3.15
4.75
3.46
1.3
1.49
0.86
0.08
0.19
1.5
2.08
3.41
2.23
3.16
1.58
1
2.25
2.13
2.51
1.29
1.2
1.6
1.49
1.81
1.98
3.49
2.08
1.38
1.83
1.41
1.94
1.57
1.48
1.14
2.83
0.55
0.72
1.07
1.14
0.58
2.37
2.09
2.6
1.8
1.44
0.74
0.45
1.85
2.28
0.45
0.76
1.04
3.33
4.09
1.48
2.65
0.81
0.17
0.4
0
0
0.37
0.88
0.68
1.4
2.64
3.84
4.31
2.1
3.77
7.03
3.44
2.41
0.72
2.1
0.3
2.16
6.28
7.19
5.74
3.69
2.78
1.74
4.38
4.09
5.06
7.17
4.04
5.36
5.51
5.84
3.76
1.19
1.26
1.16
2.76
3.19
1.5
2.57
2.33
2.09
2.6
1.41
2.04
7.26
7.41
6.86
6.43
3.59
4
2.98
1.35
2.49
1.7
8.65
7.42
4.36
3.37
2.17
2.31
2.02
3.05
2.67
3.61
1.45
4.33
7.26
4.24
7.12
7.52
2.75
2.56
4.04
2.6
3.47
2.64
4.48
4.84
2.67
1.16
3.4
1.23
2.22
4.36
3.93
6.13
5.89
7.96
6.94
7.75
3.99
4.22
4.77
6.71
5.56
3.81
1.42
2.34
6.3
0.85
1.11
2.05
1.81
1.74
1.45
1.61
2.55
3.73
4.07
7.2
5.76
5.09
2.39
1.88
0.9
7.05
0.83
1.21
4.03
4.58
2.42
1.18
2.27
2.08
2.04
1.36
3.74
5.9
6.85
5.12
6.3
1.15
1.02
4.08
3.17
2.23
5.59
5.34
3.11
4.6
8.08
5.52
5.06
2.45
1.88
2.07
0.98
1.86
1.78
2.66
7.23
5.29
1.8
3.08
4.38
4
2.52
0.9
5.19
6.62
7.5
2.43
3.36
3.55
2.95
2.7
2.49
2.84
2.97
1.73
3.31
2.76
2.5
4.39
2.25
3.58
3.15
1.76
2
2.81
4.56
8.62
7.27
4.77
4.42
2.05
2.23
2.76
2.68
3.04
3.71
7.12
6.53
4.94
8.23
6.42
3.23
2.51
3.4
3.17
4.24
3.48
3.43
2.54
2.66
2.44
3.08
2.31
2.5
2.72
4.27
3.34
3.38
3.96
3.19
4.23
4.04
3.28
3.72
3.1
3.01
3.15
3.92
2.57
2.35
2.61
1.83
2.2
2.57
2.84
3.21
4.44
4.03
5.22
6.37
3.73
2.23
1.83
1.96
2.78
3.28
3.27
3.12
3.39
2.89
2.59
3.21
2.89
2.82
3.83
2.88
4.28
4.37
3.79
3.02
3.69
5.06
5.64
5.97
3.57
3.29
3.51
5.13
5.64
4.35
3.84
1.84
2.67
2.31
2.63
2.79
2.41
1.97
2.28
3.19
3.64
2.37
1.73
0.4
0.54
1.22
1.94
0.7
0.78
0.65
0.62
0.39
0.42
0.31
0.27
2.16
3.07
5.88
5.31
6.23
7.82
9.84
6.36
2.42
2.32
2.58
2.84
2.48
3.33
3.4
3.23
3.4
2.5
4.72
4.6
3.83
1.69
1.03
2.23
2.49
0.31
0.26
0.19
0.37
0.61
0.59
0.33
0.33
0.43
1.11
1.12
0.79
1.05
4.45
3.89
1.83
1.42
0.49
1.72
1.92
1.75
3.29
6.36
7.82
5.77
6.47
9.3
8.51
6.63
13.02
10.59
9.83
8.73
4.12
2.35
6.68
5.59
1.73
1.83
3.66
2.29
2.27
1.45
2.12
3.41
3.33
2.52
3.35
6.37
1.22
2.33
2.52
1.91
3.57
2.83
2.63
2.61
2.29
1.28
2.42
1.34
1.46
3.21
7.6
9.92
5.77
6.46
4.94
6.95
8.57
4.1
4.84
8.71
8.85
9.84
12.69
11.51
9.17
4.41
2.94
3.36
2
1.62
1.59
1.73
1.68
2.01
1.14
0.84
1.55
2.76
1.67
1.79
1.56
1.16
1.5
2.68
4.98
3.94
2.91
1.49
3.73
3.2
4.56
5.81
4.09
3.54
5.37
5.63
6.39
5.43
3.65
0.82
1.23
0.23
0.19
0.2
1.12
1.69
1.49
1.08
3.52
5.17
4.97
5.81
4.52
3.34
3.41
3.08
3.65
1.49
1.48
0.35
0.94
1.56
2.57
3.93
0.93
1.83
1.48
3.76
3.21
2.34
5.04
5.65
4.19
1.86
0.88
0.9
1.3
1.26
1.1
1.02
1.87
1.71
2.13
1.85
1.1
0.59
1.42
0.63
0.91
1.4
0.69
0.75
0.53
2
2.13
0.99
0.5
0.15
0.99
1.49
1.01
1.47
1.64
4.33
4.98
5.87
3.62
1.02
2.1
1.3
2.95
3.55
1.28
1.15
1.4
1.2
0.61
1.28
1.5
0.89
1.7
1.14
1.63
1.35
1.27
1.92
1.89
1.11
1.72
3.3
3.37
1.94
1.33
1.9
1.42
0.84
0.17
1.11
1.35
1.1
0.71
1.88
1.46
1.39
1.42
1.91
1.5
1.33
1.43
1.77
1.89
1.47
1.33
1.49
0.95
2.25
1.93
1.1
1.31
1.56
1.66
2.38
3.06
2.96
2.77
1.63
1.54
1.6
1.11
0.93
1.41
2.42
2.17
1.31
1.27
1.68
1.45
1.27
1.74
1.57
1.99
-99
1.47
1.7
0.82
1.36
1.7
2.63
1.57
1.88
1.93
2.13
1.23
1.65
1.16
2.45
2.92
2.46
1.17
1.03
1.56
1.53
1.7
2.21
1.76
1.77
1.94
1.54
1.35
1.05
1.71
1.54
1.58
1.36
1.4
1.81
1.35
1.12
2.55
3.63
2.83
1.67
1.56
1.85
1.46
2.03
1.79
2.44
1.69
1.7
1.63
1.84
1.29
1.17
1.19
1.56
2.62
4.65
4.38
2.05
1.27
1.11
1
0.86
2.15
0.97
1.06
1.72
1.51
1.57
1.98
1.27
1.08
0.82
1.2
0.67
1
0.92
0.85
0.57
0.97
0.91
1.71
1.69
4.19
5.38
2.9
3.16
1.9
1.89
1.55
1.29
1.6
1.4
0.71
0.78
2.08
3.99
1.01
2.7
4.91
2.85
1.51
1.05
0.93
1.3
1.5
1.15
0.42
0.38
0.63
0.66
1.04
1.14
0.85
1.2
1.06
1.62
1.22
1.66
1.24
1.13
1.03
1.21
1.32
2.77
1.77
2.49
2.55
1.24
1.35
1.25
0.84
3.14
2.75
1.39
1.98
2.08
3.34
0.61
1.64
0.73
0.3
0.33
3.06
2.77
0.64
0.78
0.51
1.74
3.44
4.35
5.09
0.99
1.16
2.08
1.94
2.14
2.56
1.27
2.99
2.02
1.53
1.71
1.45
2.12
2.36
3.99
3.51
2.6
2.31
2.02
5.22
3.43
4.91
-99
-99
1.27
1.57
2.31
2.31
1.16
1.59
0.36
1.96
0.99
1.97
1.67
2.56
0.17
2.07
3.2
6.03
3.85
0.87
0.69
0.05
0.29
0.5
1.24
2.91
1.69
0.52
1.09
0.76
0.26
0.91
2.91
3.23
0.49
2.11
3.58
3.86
0.52
1.05
1.1
0.13
1.06
0.83
2.13
2.66
2.08
1.21
1.31
2.2
4.24
4.98
3.54
2.8
2.12
2.69
2.31
3.53
3.05
1.15
1.2
1.05
1.18
1.9
2.35
1.18
1
1.75
2.69
2.01
1.74
1.64
4.43
1.57
1.2
1.42
1.66
2.46
5.68
5.48
3.88
3.51
2.61
1.73
3.9
6.69
6.36
3.59
1.59
0.75
0.51
0.29
0.53
2.06
0.45
1.73
1.24
1.93
0.8
3.14
1.5
1.51
1.38
1.14
1.74
1
0.83
1.29
4.48
1.04
0.99
0.4
0.96
1.63
2.41
2.58
1.18
2.53
2.19
2.93
0.84
1.98
3.34
1.12
0.65
0.86
0.58
0.62
1.49
3.52
2.41
2.75
3.6
2.81
1.83
1.29
1.04
1.14
1.09
0.6
0.8
1.12
3.03
1.72
1.14
1.04
1.02
0.84
1.13
1.13
1.6
1.79
2.37
1.85
1.5
1.7
2.18
1.71
1.68
1.59
2.07
2.1
1.23
1.3
2.06
4.22
3.1
3.62
3.38
3.21
1.77
0.97
1.16
1.03
1.61
0.98
0.81
0.97
1.67
1.35
1.4
1.62
0.91
0.61
1.17
1.31
0.72
0.78
0.95
1.32
0.83
0.5
0.92
1.15
1.15
0.89
1.2
1.03
0.9
1.06
1.03
0.99
1.58
0.88
0.63
1.6
1.07
0.64
0.62
0.74
0.55
0.9
0.76
0.47
0.88
0.83
0.86
0.72
0.69
0.85
0.88
1.12
1.49
0.47
1.1
0.36
1.03
1.1
0.96
1.65
3.19
2.21
2.44
2.38
3.62
2.11
1.8
1.49
1.61
1.55
1.04
0.87
1.09
2.79
1.77
1.4
0.62
1.57
1.11
1.14
1.18
1.61
1.66
1.68
1.82
2.13
2.12
1.27
1.66
1.31
1.54
0.99
1.13
0.85
1.41
1.94
0.88
0.86
0.91
0.74
1.02
1.36
2.56
1.98
2.71
1.58
2.23
1.49
0.56
1.1
1.68
1.17
2.88
3.39
2.54
0.85
0.86
1.53
1.3
2.92
2.58
0.99
1.55
0.95
1.44
0.98
0.82
0.95
0.93
3.3
1.15
0.83
0.69
0.54
0.58
1.7
1.63
1.14
0.86
1.94
4.63
1.29
1.48
1.01
0.57
1.64
2.5
1.47
1.84
2.14
2.76
0.62
0.8
1.14
1.31
0.89
0.67
1.33
1.42
0.94
3.16
3.58
1.86
0.98
2.03
1.14
0.69
1.19
0.64
1.14
1.91
1.04
2.93
3.53
1.02
0.82
0.97
1.47
1.15
1.78
0.84
1.34
0.81
2.72
4.2
1.61
0.91
0.16
1.18
0.59
2.92
4.97
3.49
0.24
0.3
0.84
4.95
2
1.3
1.65
0.94
1.27
2.81
1.36
1.18
1.01
1.04
1.01
0.75
1.23
0.86
3.07
1.91
1.17
1.4
0.84
0.88
1.16
0.95
1.09
1.24
2.02
1.05
0.84
0.64
0.75
1.03
1.22
1.79
1.17
0.93
1.79
1.76
2.62
1.18
1.93
3.06
1.43
1.01
0.86
1.08
3.42
1.11
0.94
0.8
0.84
0.66
0.87
0.81
1.84
1.56
1.27
1.61
1.43
1.94
2.03
1.89
0.43
1.39
1.24
0.95
1.04
0.75
0.76
0.69
1.84
2.46
1.94
0.78
0.93
1.12
0.86
1.55
0.83
1.38
1.75
4.05
3.17
3.55
2.01
1.17
1.31
1.29
1.13
1.77
2.3
1.69
1.48
1.93
4.09
3.86
1.94
1.8
1.08
0.86
0.89
1.02
1.97
0.9
-99
-99
-99
-99
-99
-99
-99
-99
-99
-99
0.2
-99
-99
-99
-99
-99
1.54
1.59
1.52
0.93
1.22
1.17
0.9
1.24
1.18
1.12
0.86
0.67
0.5
1.14
1.01
0.66
1.27
1.42
2.68
2.84
3.6
2.78
2.56
1.15
1.23
1.27
1.14
3.08
1.47
1.35
1.49
2.13
2.11
1.09
1.16
0.83
1.11
0.81
0.95
0.89
0.7
1.22
1.87
1.75
1.52
1.67
1.27
2.95
1.79
1.02
0.65
0.82
0.94
1.53
1.07
0.99
0.89
0.75
1.14
1.9
1.28
1.2
2.38
1.72
1.1
0.91
1.11
1.48
1.68
1.19
1.8
1.56
1.24
1.27
1.19
1.38
1.29
1.02
1.21
1.59
1.83
1.22
1.25
1.24
1.31
1.47
1.24
1.34
1.26
1.3
1.21
1.17
0.85
0.88
1.14
-99
-99
-99
-99
-99
-99
1.52
1.29
1.39
1.86
2.02
1.93
1.86
1.81
1.31
1.49
1.87
1.06
0.79
1.22
1.76
2.29
1.48
1.78
1.08
1.31
1.8
1.29
1.18
1.3
1.03
1.53
1.91
1.08
0.92
0.85
1.21
1.1
1.6
1.67
1.53
1.73
3.11
2.57
1.63
1.24
2.13
2.9
3.39
2.26
1.61
2.52
2.37
1.89
1.27
1.14
1.52
1.79
1.15
1.28
1.47
1.94
1.57
1.24
0.65
0.78
1.65
1.81
1.98
2.62
1.47
1.44
1.37
1.15
1.32
0.77
0.91
0.95
1.84
1.6
1.56
2.67
2.27
0.79
1.39
1.13
1.34
1.6
1.21
2.21
3.16
3.12
4.79
4.67
3.96
2.24
1.96
0.87
2.51
1.84
1.49
2.1
4.8
3.28
2.51
1.85
1.59
3.15
2.6
3.37
3.47
1.84
2.96
2.84
3.31
2.35
1.82
4.02
3.94
4.83
3.76
1.62
1.78
1.84
1.52
0.59
1.26
3.4
4.75
5.19
3.59
1.19
2.13
2.03
1.9
-99
2.75
2.86
2.01
2.6
2.27
3.28
1.88
2.96
5.73
3.99
2
2.75
3.07
1.06
1.16
1.02
1.26
0.64
0.71
1.43
3.46
1.67
1.61
2.24
2.3
0.74
0.93
3.05
3.67
1.46
1.12
1.63
2.3
0.83
1.34
1.22
1.02
0.6
1.33
3.11
2.97
1.19
1.64
2.2
2.47
1.69
2.61
1.32
2.2
1.72
4.29
2.5
2.01
2.53
0.81
1.79
2.07
1.66
1.66
1.33
0.81
1.22
2.3
1.78
1.39
2.11
2.67
1.14
0.74
1.05
1.13
1.16
1.03
1.01
1.14
1.33
1.09
0.7
0.66
0.51
1.95
1.04
0.96
1.03
0.47
0.9
1.23
0.7
1.04
2.46
2.2
1.33
2.57
2.63
6.31
5.83
2.24
1.53
1.72
3.11
1.88
1.86
1.69
1.98
1.35
1.8
1.59
1.24
3.43
1.69
2.04
3.54
2.59
2.56
2.12
2.66
3.01
1.23
2.8
4.98
5.34
4.03
4.15
3.4
2.15
2.08
1.91
1.68
1.95
1.83
3.07
1.82
1.32
1.99
1.53
1.98
1.81
1.71
2.38
1.36
1.58
1.99
2.23
2.43
2.03
1.81
1.56
1.68
1.85
1.4
1.41
1.62
1.78
1.58
0.83
1.12
0.72
1.3
0.84
1.73
1.34
1.67
1.7
1.06
1.61
0.85
1.01
0.91
2.53
3.37
1.29
0.89
1.86
1.56
1.64
0.79
1
1.02
1.41
1.11
1.04
0.87
0.86
1.75
1.41
1.88
2.86
2.3
3.22
1.61
0.92
1.74
3.07
2
1.4
1.75
1.43
1.5
1.75
1.35
1.37
1.27
1.41
1.59
1.52
2.64
1.49
2.53
2.3
1.56
0.97
1.66
1.61
1.58
1.85
1.26
2.13
2.59
1.69
1.17
1.03
0.99
1.26
1.6
2.07
1.74
1.51
0.91
1.72
1.44
1.43
1.93
2.26
1.8
1.68
0.92
1.35
1.47
1.33
1.2
1.39
1.81
0.93
1.77
2.06
1.66
1.48
2.08
1.13
1.25
1.41
1.37
1.56
1.7
1.55
1.33
2.19
0.85
1.21
1.37
1.29
1.48
1.43
1.13
0.7
1.4
1.34
1.57
1.39
1.21
1.49
1.68
1.61
1.39
1.4
2.17
1.56
2.79
1.51
1.31
1.54
1.39
1.25
1
1.66
2.6
4.14
2.54
1.99
1.48
1.54
2.12
1.93
1.36
1.98
1.93
1.24
2.29
2.16
1.31
1.51
1.39
1.46
1.45
1.51
2.74
2.17
1.41
1.48
1.65
3.12
2.66
1.22
1.11
0.96
1.56
1.39
1.69
1.33
1.41
0.66
0.94
1.2
0.95
2.82
0.81
1.23
1.94
1.68
1.39
3.17
5.33
1.85
1.66
1.69
1.36
1.97
2.01
0.48
0.99
0.75
0.94
1.19
1.65
1.27
2.18
5.39
5.99
4.23
3.91
4.54
1.49
3.05
2.23
3.14
4.57
2.62
1.56
4.57
3.9
1.69
2.14
1.89
1.77
0.9
3.6
1.15
0.82
1.87
1.18
0.86
0.84
2.3
4.42
4.87
3.96
2.23
2.01
4.09
4.53
5.67
5.71
5.71
5.13
4.21
3.96
4.2
1.51
2.78
3.08
1.11
1.1
0.53
1.34
1.47
1.05
2.57
2.25
4.15
1.6
2.07
3.78
1.05
0.81
0.79
1.58
1.41
2.18
3.16
1.14
0.56
0.98
1.49
1.37
1.47
2.49
1
1.66
4.68
2.16
3.31
5.06
3.63
2.31
1.38
0.97
0.68
0.73
0.95
1.86
2.03
1.57
3.87
3.95
1.78
1.95
1.92
3
3.99
3.88
3.71
2.9
4.52
4.71
3.75
2.18
4.62
4.75
4.9
3.69
2.53
2.18
1.66
1.38
0.66
0.9
1.05
2.53
3.51
6.24
4.91
2.14
1.76
1.51
3.55
2.29
1.53
1.37
1.88
2.09
1.25
1.68
2.11
3.51
3.21
4.06
3.63
3.01
1.89
1.84
1.57
2.37
6.36
2.12
2.55
3.3
2.56
1.71
1.27
0.97
1.11
2.44
3.25
0.99
1
1.45
4.29
2.49
1.23
1.38
1.01
1.39
1.3
2.43
3.58
4.21
4.59
2.64
2.01
0.87
0.86
1.69
1.4
1.75
1.62
3.86
4.73
3.77
2.66
4.05
2.18
1.43
1.31
1.28
1.38
0.95
1.4
1.89
2.7
2.6
1.63
2.45
1.52
2.12
1.95
1.71
2.53
2.35
1.31
1.6
2.48
3.99
3.5
1.83
2.1
1.75
2.82
3.14
1.88
1.63
2.02
2.02
1.59
3.16
1.45
2.07
2.33
1.79
1.74
1.79
1.46
1.54
1.5
1.94
1.8
2.87
3.26
2.73
2.8
2.36
1.48
1.74
1.6
1.67
1.58
1.99
1.94
1.56
1.37
1.38
1.68
1.26
2.09
2.05
1.83
1.82
2.14
1.68
1.94
1.87
1.96
1.77
2.53
2.43
1.46
1.83
2.08
3.18
4.31
2.55
1.98
1.75
1.89
1.68
1.77
2.02
1.92
1.98
1.4
1.71
1.85
1.35
1.68
1.41
1.3
1.37
1.53
1.87
1.95
2.07
1.56
1.74
1.76
1.66
1.98
1.99
1.88
1.87
1.95
1.54
1.47
1.45
1.34
1.62
1.52
1.75
1.69
1.58
2.01
1.99
2.16
2.26
1.8
2.15
1.64
1.7
2.25
2.18
1.86
1.41
0.88
1.52
2.38
1.1
0.96
2.01
1.4
2.06
2.97
2.54
2.28
2.78
1.62
1.19
1.33
1.82
1.69
1.12
2.02
2.01
1.83
1.74
2.31
2.87
2.48
2.2
1.31
1.93
3.94
5.08
4.83
4.03
4.54
4.55
4.33
3.9
1.68
3.18
2.03
3.62
3.97
2.83
1.68
2.43
1.7
1.63
2.01
1.91
2.3
1.46
3.14
3.87
1.84
1.86
2.26
2.92
2.98
6.7
4.59
2.94
1.93
2.4
2.62
3.21
2.75
2.4
1.68
1.49
1.5
2.59
1.62
1.6
1.88
2.44
1.77
1.27
2.38
2.89
2.88
3.27
1.95
3.55
4.6
1.94
1.76
2.49
1.51
1.14
2.39
4.17
3.73
1.9
3.87
2.55
1.46
1.99
2.34
6.01
2.07
3.65
2.79
3.06
2.85
1.66
1.35
2.41
3.59
2.94
3.13
2.02
3.59
2.25
1.98
1.14
1.03
1.13
2.73
5.82
4.67
1.48
1.45
2.44
2.93
3.86
4.71
1.82
1.05
1.16
1.24
2.07
2.35
2.56
0.76
2.01
1.38
3.55
3.2
4.3
2.7
3.33
2.06
3.14
1.66
1.66
1.91
2.66
3.12
2.56
0.94
4.37
5.34
5.9
3.77
1.44
1.75
0.99
1.12
1.9
1.87
4.25
2.05
3.48
2.98
2.53
2.92
3.35
2.06
3.84
2.54
2
1.28
0.95
2.44
3.39
1.71
1.78
4.01
5.02
3.55
1.4
2.34
3.51
5.08
3.72
1.95
1.83
2.11
1.64
2.49
1.23
1.47
1.27
0.92
3.94
2.57
2.51
1.45
2.48
2.38
1.92
1.82
2.24
2.13
2.91
1.74
1.58
2.81
4.76
1.63
2.01
2.21
2.23
1.36
0.77
0.79
1.56
1.33
1.37
1.46
1.54
1.66
1.15
2.08
1.32
1.72
1.89
1.78
1.66
1.66
1.37
1.88
1.43
6.1
5.85
3.51
1.94
1.29
1.29
3.27
1.3
1.19
0.86
1.05
2.74
4.84
3.36
2.52
3.03
5.36
4.21
3.16
1.92
1.69
1.92
1.87
1.89
1.93
1.08
1.94
2.71
4.51
3.4
2.67
2.38
1.75
1.64
1.7
2.11
2.57
1.61
2.44
2.51
1.59
1.15
1.26
1.09
1.14
1.31
1.78
2.67
5.31
3.8
3.33
2.15
1.82
1.8
1.96
1.74
1.52
1.56
1.68
1.51
1.46
1.61
1.76
2.23
2.22
1.95
2.08
1.65
1.41
2.23
1.81
1.74
1.93
1.39
1.74
1.46
2.46
2.05
1.42
1.31
1.61
2.04
2.61
3.4
3.09
1.79
1.64
1.67
2.24
1.64
1.76
1.8
2.38
1.94
2.56
2.15
2.65
1.41
1.56
1.7
1.45
1.93
1.38
1.76
1.88
1.88
1.54
1.44
1.15
1.91
1.56
2.15
1.35
1.67
2.15
2.14
2.29
2.1
1.61
2.43
2.56
1.63
2.28
1.95
1.4
2.06
2.19
2.38
1.52
2.06
1.77
1.43
1.59
2.63
2.8
1.55
1.44
1.05
1.05
1.65
1.71
1.01
1.76
1.6
3.22
3.26
1.72
1.47
1.53
1.86
1.85
1.68
1.71
3.25
2.22
1.44
1.58
1.26
1.26
1.15
1.73
1.16
2.76
2.75
1.9
2.88
2.58
4.31
6.02
3.75
2.12
1.08
1.59
1.4
1.73
4.94
5.59
3.41
1.43
2.67
2.8
2.44
3.91
6.05
4.09
3
2
1.5
1.84
2.31
2.19
2.11
2.4
1.85
2.25
3.3
1.96
3.68
1.51
1.71
1.42
2.26
1.66
2.84
2.79
2.34
1.96
2.69
1.74
1.59
1.17
1.47
1.5
1.58
3.24
1.74
3.5
3.02
2.44
3.34
2.33
4.61
2.98
3.52
3.23
3.93
6.75
5.48
1.88
1.71
1.59
1.93
3.49
2.26
1.75
6.92
5.92
6.68
1.02
1.07
1.14
0.94
1.02
1.36
3.82
2.11
1.01
1.9
2.53
3.15
2.73
1.99
1.51
3.56
4.59
2.4
1.91
1.8
1.97
1.7
1.11
2.33
4.79
4.85
3.08
2.64
2.84
2.89
1.96
0.92
0.86
0.87
1.4
3.49
4.4
6.21
5.23
3.54
3.15
1.53
1.71
1.66
1.7
1.64
1.68
1.56
1.66
1.03
1.46
2.04
2.9
3.57
1.22
1.93
3.02
4.24
3.77
3.53
4.84
3.87
4.99
4.13
5.25
3.31
1.2
1.31
1.5
1.5
1.54
1.34
2.04
1.34
1.34
1.41
1.23
1.51
1.56
2.65
5.16
4.63
4.24
3.1
0.97
1.35
1.58
1.34
1.13
1.67
2.55
1.5
0.78
1.89
2.61
1.6
2.01
3.91
2.52
2.46
1.6
1.87
1.7
2.15
2.24
2.07
3.07
2.66
2.3
2.08
1.64
1.26
1.46
1.65
1.21
0.81
1.21
0.71
1.73
2.9
3.68
3.21
1.34
1.27
1.42
1.33
1.84
2.45
1.81
1.34
1.1
1.74
1.2
1.52
1.75
2.03
1.72
1.7
2.32
3.34
2.55
1.4
1.31
1.5
1.87
1.97
2.12
1.9
1.84
1.98
1.93
2.25
1.84
1.59
1.55
2.79
5.32
4
3.12
1.35
1.32
1.05
1.14
1.3
1.78
1.1
1.65
1.92
2.13
1.82
1.81
1.52
2.93
2.42
2.13
1.75
1.15
2.06
1.65
2.14
2.01
1.82
1.9
1.65
1.53
1.95
2.03
2.24
1.84
1.78
1.75
1.69
1.67
1.78
1.45
1.6
1.66
1.64
2.49
2.04
1.6
2.35
2.9
2.19
2.76
2.21
2.2
1.91
1.83
2.72
2
1.76
2.09
1.55
1.78
2.17
1.83
1.72
1.46
1.58
1.61
1.12
1.69
2.01
1.88
2.25
2.1
1.53
1.83
1.79
1.38
1.66
1.7
1.63
1.61
1.86
1.9
1.87
1.67
1.65
1.45
1.48
2.58
2.1
1.84
1.55
1.61
1.53
1.29
1.54
0.97
1.11
1.77
2.06
1.81
1.81
1.72
1.96
1.62
2.29
2.62
1.6
1.76
1.5
1.54
3.02
4.16
2.86
1.51
1.47
1.23
1.11
1.49
1.72
1.74
1.56
1.38
1.95
1.86
1.74
1.44
2.18
1.76
1.7
3.22
5.29
4.4
2.39
3.24
2.92
2.89
2.22
1.76
1.51
1.33
1.5
1.95
2.81
1.5
1.41
1.56
2.87
1.79
1.93
2.23
1.31
0.84
1.28
1.41
1.82
2.68
3.32
1.76
2.51
4.58
2.79
1.14
1.64
2.04
1.64
1.31
0.96
1.02
0.79
0.91
1.83
1.31
1.04
0.92
0.89
1.86
4.45
2.01
3.02
3.51
1.5
1.02
1.84
2.02
2.26
1.71
0.93
1.02
2.51
2.72
2.65
2.41
1.31
1.07
1.24
2.28
1.55
2.65
2.03
3.19
3.15
3.14
3.97
3.3
5.97
4.21
2.97
6.31
4.7
2.06
1.55
3.84
5.73
4.69
3.06
1.91
3.53
3.11
3.62
4.7
6.2
5.54
3.85
4.45
3.19
2.2
1.9
1.95
1.31
1.69
2.05
1.21
2.93
2.02
3.79
3.6
3.8
2.91
3.57
2.47
1.34
1.48
1.92
4.65
3.62
2.38
1.46
1.3
5.36
5.59
4.71
3.81
6.56
2.95
4.91
4.78
4.35
4.91
6.14
4.79
6.03
5.6
1.43
1.63
2.33
5.31
3.03
3.24
3.95
2.41
3.4
5.45
2.92
1.41
1.89
1.51
1.1
2.67
2.15
4.23
4.54
3.03
5.16
5.06
4.14
5.37
1.55
2.18
1.95
2.09
1.63
2.07
2.25
2.16
4.64
2.64
1.66
1.69
1.39
1.33
1.48
2.09
1.76
2.53
3.39
1.55
1.28
0.83
0.84
0.57
0.78
1.23
2.33
3.48
1.75
2.55
1.87
1.92
3.81
2.51
4.67
6.76
2.9
1.79
2.28
1.49
1.7
1.47
2.22
2.18
3.56
3.52
2.46
3.06
1.96
1.37
1.02
1.5
1.65
2.33
2.32
1.24
2.07
2.19
1.69
1.91
2.03
1.81
2.67
2.65
2.01
2.32
2.33
1.8
1.77
1.61
3.55
5.06
3.84
2.21
1.5
1.78
1.42
1.75
2.22
1.83
1.91
1.89
1.6
2.33
1.78
1.88
2.23
2.41
1.63
2.15
2
2.43
1.95
1.58
1.79
1.74
2.06
1.7
2.05
1.89
1.52
1.74
1.79
1.75
1.76
1.97
1.78
1.88
2.03
2.66
1.53
2.48
1.85
1.61
1.64
1.55
1.76
2.27
1.92
1.61
1.64
1.93
1.95
2.49
2.28
2.23
2.23
3.03
2.09
1.96
2.03
1.51
3.72
2.74
1.73
1.81
1.65
1.45
1.89
1.84
1.85
1.49
2.1
1.58
1.42
1.61
1.58
1.7
1.86
1.98
2.08
2.51
1.89
1.61
1.66
1.53
2.31
2.05
2
2.01
1.81
1.71
1.45
1.78
1.73
1.85
1.41
1.74
1.5
1.64
1.61
2.36
3.83
4.85
4.87
4.66
2.86
2.39
2.11
1.48
1.26
1.78
1.55
1.4
1.96
4.97
5.21
2.49
2.33
1.71
1.59
1.61
1.59
2.12
1.9
2.61
2.43
3.2
2.97
1.07
0.64
2.72
2.6
1.5
1.34
1.64
1.82
1.77
2.16
2.25
2.09
2.23
1.31
1.58
1.48
1.55
2.42
2.28
1.58
1.73
1.96
3.12
2.59
1.65
1.25
1.76
1.36
1.01
1.2
4.37
6.52
2.91
1
2.34
2.6
1.75
2.65
2.73
1.41
1.97
1.65
2.11
2.62
1.94
2.09
1.95
1.4
1.54
1.57
1.97
1.21
1.43
1.32
1.58
1.29
1.25
1.8
1.66
1.39
2.12
2.31
6.99
5.67
4.48
5.25
4.96
2.57
3.08
2.71
2.93
2.78
5.52
2.7
2.53
2.29
1.09
2.09
2.84
2.11
1.64
3.4
2.91
1.51
1.71
2.6
2.79
2.19
2.57
2.3
2.77
3.13
2.12
3.03
2.04
1.69
2.1
6.07
3.82
4.78
5.26
4.47
2.35
2.17
2.01
3.44
2.8
1.47
3.3
3.58
2.91
3.82
5.39
2.58
2.21
1.01
3.13
2.79
4.86
4.01
4.59
5.35
1.99
5.34
1.74
2.44
1.91
2.69
5.01
6.56
3.3
2.65
2.94
4.89
3.43
4.99
2.17
2.89
4.64
4.83
3.1
1.92
1.48
1.5
1.65
1.36
1.64
1.8
1.72
4.96
4.76
3.57
1.51
1.71
3.75
5.83
2.21
1.01
1.77
2.55
1.39
2.87
1.96
1.43
1.63
1.43
1.42
4.15
7.11
4.56
2.83
2.28
1.11
1.72
2.75
1.87
2.64
1.48
2.93
2.32
1.7
0.88
1.14
2.51
4.23
2.08
2.06
3.06
1.5
0.9
1.63
5.2
2.25
1.6
2.46
2.12
2.55
1.43
2
1.91
1.94
1.52
1.54
1.65
2.58
4.25
2
3.47
1.58
1.58
1.68
1.25
0.62
0.63
4.15
1.55
1.04
1.74
1.68
1.9
2.33
1.81
1.36
1.25
1.94
1.23
1.84
1.88
1.78
1.32
0.73
1.61
1.47
2.48
1.06
0.6
2.17
5.31
3.28
2.55
3.28
1.78
1.19
1.58
1.89
2.03
4.33
5.56
3.63
2.09
1.51
1.73
1.82
1.35
1.8
2.11
2.32
1.35
1.97
1.44
1.97
1.62
1.73
1.8
2.47
1.37
1.29
1.35
1.88
1.82
2.18
2.85
2.88
2.03
2.63
3.11
2.44
1.79
1.55
1.39
3.2
2.64
1.46
1.78
1.56
1.31
1.49
1.83
1.82
1.32
1.84
1.49
1.85
1.65
1.33
1.56
1.79
1.72
1.57
1.97
1.45
1.68
1.84
1.68
1.5
1.69
2.28
1.67
1.96
1.82
1.73
2.26
1.91
1.56
2.19
2.81
2.55
2.64
1.95
1.93
1.34
1.6
1.55
1.86
1.4
1.67
1.34
2.14
1.96
1.48
1.3
1.19
1.28
1.37
1.09
1.62
2.6
1.98
2.46
2.83
2.56
1.66
1.45
1.48
1.28
0.99
1.37
1.85
1.23
1.41
2.18
2.08
1.48
1.95
1.66
1.92
2.22
2.83
2.58
2.31
1.62
1.36
1.8
1.71
1.72
1.28
1.55
1.48
1.25
1.75
1.56
0.95
1.61
2.26
2.71
1.5
1.21
1.18
1.69
1.87
2.07
1.75
1.54
2.14
1.88
1.61
1.8
1.83
1.67
2.1
2.7
1.89
2.08
2.21
1.51
2.2
2.98
2.83
4.15
1.24
1.27
1.39
1.94
2.9
5.08
2.8
2.41
1.71
2.16
3.73
7.13
5.61
4.18
5.14
4.07
3.08
1.55
2.81
4.96
4.07
1.7
4.12
6.85
6.33
5.41
5.53
3.41
2.54
3.12
4.17
4.8
1.46
1.3
2.32
3.42
4.39
1.53
1.38
2.2
2.11
2.47
2.38
2.59
3.23
1.91
1.88
1.05
1.46
1.35
5.25
1.97
1.24
1.59
4.79
2.58
4.56
2.19
2.3
2.61
1.47
1.56
1.79
1.99
1.22
2.88
4.71
2.01
1.31
1.51
1.87
1.79
0.75
1.25
0.62
2.03
2.47
2.59
1.94
2.34
2.05
3.91
2.52
2.81
4.31
4.71
5.16
2.73
2.94
2.77
1.3
3.77
1.9
2.03
3.5
1.76
1.79
2.48
2.7
2.1
3.16
2.38
3.85
4.01
2.93
2.59
2.96
-99
-99
3.25
1.55
3.32
1.59
1.54
1.86
0.79
1.37
1.86
2.14
2.93
3.43
3.06
2.8
3.1
4.92
5.25
3.94
2
1.34
1.44
2.93
2.42
2.52
1.8
2.37
4.77
5.06
2.61
1.93
2.45
1.21
1.38
1.93
3.54
2.93
3.3
3.71
1.81
1.02
1.91
1.1
1
1.75
1.94
1.44
2.8
3.95
1.99
2.02
1.39
2.1
2
1.75
1.78
1.82
1.59
2.56
2.53
3.35
2.54
1.94
1.42
1
0.73
1.45
1.69
3.4
1.7
3.2
2.58
1.68
1.84
2.06
4.59
5.47
3.04
1.64
1.66
1.7
1.73
1.44
1.76
2.05
1.96
2.94
3.09
5.45
3.43
1.75
1.34
2
2.19
2.6
2.1
2.51
1.09
1.05
1.58
1.54
1.49
2.12
2.04
3.09
3.59
2.41
2.13
2.08
1.67
1.71
1.68
1.99
1.59
1.43
1.72
1.68
1.85
3.29
3.9
2.83
2.49
2.34
2
1.51
1.52
1.6
1.49
1.25
2.24
1.58
1.61
2.83
2.23
1.58
1.59
1.19
1.88
1.38
1.51
2.08
1.61
2.11
2.74
2.79
2.88
1.71
1.47
1.85
1.52
2.36
1.56
2.02
1.8
2.05
3.07
2.43
1.69
1.75
1.41
2.17
1.45
1.8
3.05
2.32
1.66
1.6
1.26
1.43
1.49
1.46
1.66
1.08
1.66
1.47
1.75
1.55
2.31
2.16
1.76
1.74
1.62
1.4
1.9
1.78
1.9
1.82
1.83
1.44
1.99
1.98
2.1
2.18
1.72
1.43
1.46
2.03
3.33
2.15
1.75
1.28
1.48
1.93
1.45
1.32
1.82
1.93
1.97
1.77
1.49
1.33
1.45
1.6
1.45
1.1
1.6
1.68
1.34
1.71
1.69
1.37
2.18
1.38
1.25
1.06
0.9
1.24
1.81
1.33
1.22
1.68
1.45
2.07
1.75
2.03
1.84
1.98
1.23
2.47
1.99
1.04
1.16
2.12
1.81
2.13
1.98
1.89
3.62
5.67
4.69
4.52
2.09
2.3
1.5
1.26
2.12
2.61
1.69
1.44
1.61
4.18
1.56
2.24
2.7
1.6
1.84
0.68
1.16
1.72
1.66
1.63
2.8
2.14
1.97
1.73
1.56
1.34
1.63
1.86
2.66
1.3
0.57
0.56
0.61
1.77
3.48
2.33
2.72
4.26
3.38
1.58
0.75
4.3
4.23
6.15
3.62
5.88
4.69
2.95
2.17
2.94
0.92
2.32
3.47
4.96
3.96
1.84
2.68
3.56
2.3
2.49
1.51
2.86
3.27
2.7
4.83
6.48
5.82
5.49
4.61
3.61
2.39
3.75
1.58
1.56
1.82
2.48
3.61
1.93
3.75
2.69
2.26
1.71
3.31
2.88
1.76
1.57
0.2
0.49
0.81
2.8
5.55
5.49
6.1
5.16
5.63
3.74
2.33
1.98
3
3.6
2.46
2.09
5.63
7.07
2.25
1.55
5.27
3.12
1.65
1.14
1.1
1.44
1.38
1.61
2.87
4.08
2.07
1.42
2.3
3.43
5.68
2.78
3.68
2.95
3.78
5.26
4.43
1.89
1.05
1.68
3.98
6.52
4.17
3.5
3.42
3.76
2.97
2.32
1.75
0.87
1.94
3.56
1.41
1.49
0.98
0.96
1.77
1.41
0.38
0.54
1.64
8.69
6.96
4.78
5.48
4.07
4.79
3.84
3.4
2.9
2.52
2.35
3.16
2.92
2.21
1.65
1.46
1.6
1.52
1.38
1.37
1.74
1.62
1.79
1.39
1.61
1.03
1.62
1.51
1.22
1.22
1.41
1.3
1.6
2.96
2.69
1.19
2.02
1.88
2.03
2.59
3.5
2.73
1.43
2.13
1.88
2.17
1.88
1.82
2.13
2.34
3.01
3.77
5.59
2.63
2
1.1
2.31
4.46
3.76
3.61
2.46
3.05
3.86
3.56
1.49
1.61
1.4
1.83
1.49
1.35
1.27
1.56
1.69
1.66
1.94
2.27
1.58
1.14
1.39
1.45
0.99
1.11
0.79
2.81
3.6
3.43
3.01
2.85
1.87
1.86
1.58
1.55
1.41
2.36
1.48
1.91
1.51
1.39
1.64
1.32
1.62
2.23
2.35
1.64
1.55
1.76
1.69
1.48
1.74
1.47
1.72
1.55
1.66
1.93
1.57
1.47
1.46
1.45
1.49
1.54
2.18
1.9
1.7
1.53
2
2.66
2.23
1.79
1.99
1.38
1.39
1.48
1.53
1.6
1.46
1.56
1.82
1.75
2.1
1.68
1.41
1.31
1.08
1.57
1.69
1.24
1.76
1.68
1.54
1.95
1.36
2.06
1.61
1.66
1.67
1.9
1.64
1.49
1.52
1.94
1.41
1.49
1.45
1.03
1.29
1.47
1.6
1.18
1.24
1
1.25
1.89
2.9
1.85
3.44
3.13
2.12
1.23
1.77
1.86
1.4
1.71
2.46
3.7
3.63
2.43
1.41
1.07
1.13
1.85
1.73
1.23
2.58
2.21
2.43
1.94
1.28
1.24
1.47
1.72
1.51
0.93
1.14
2.25
1.33
1.08
1.39
1.69
1.15
3.36
4.12
4.43
2.32
1.6
0.89
0.9
1.7
2.25
1.81
1.09
1.26
1.55
2.73
2.59
1.48
1.44
1.77
1.74
1.31
1.33
1.02
1.37
1.67
1.81
1.55
1.34
1.76
1.4
1.82
1.62
2.54
3.85
3.52
3.94
2.93
2.37
4.07
5.1
3.23
2.42
1.3
2.15
2.28
1.56
2.15
0.85
1.1
1.11
1.67
1.39
1.43
1.11
1.07
0.94
1.57
1.56
1.07
1.51
1.22
1.8
1.71
1.46
2.19
1.56
1.46
1.75
2.05
1.85
1.66
1.8
1.53
1.35
1.94
1.97
1.65
0.66
1.04
2.36
2.05
2.49
2.4
3.54
2.68
2.4
2.07
2.93
3.79
4.51
3.51
1.68
1.63
1.01
1.83
1.45
1.5
1.56
1.76
1.83
1.69
2.34
0.79
1.36
3.48
2.5
1.1
3.5
3.64
1.36
2.54
3.4
1.37
3.03
2.39
1.08
1.78
2.49
2.48
5.05
3.8
1.86
1.23
1.78
1.25
2.32
2.14
1.94
1.72
1.79
1.24
2.06
3.42
7.36
5.34
2.92
4.56
2.35
2.42
2.49
1.42
4.35
3.17
4.46
4.54
3.05
2.63
0.92
2.12
1.83
0.53
0.73
0.79
0.69
2.26
3.61
4.49
4.29
2.39
1.87
1.77
1.71
1.58
3.16
1.78
3
0.83
2.54
2.08
1.29
2.12
2.36
4.19
2.47
2.43
2.7
3.25
1.55
1.77
3.18
2.57
1.94
1.86
1.71
1.63
1
1.29
1.87
3.82
2.48
2
2.09
1.03
1.68
2.62
5.71
5.01
2.28
1.81
1.63
1.15
0.76
1.78
2.64
2.21
1.59
1.36
1.84
3.39
2.03
2.05
1.28
1.84
2.7
3.34
1.63
2.29
2.28
2.29
2.29
1.4
1.8
2.13
1.69
1.46
1.69
1.94
1.41
1.8
1.74
1.23
1.63
1.65
1.92
2.28
1.3
1.51
1.87
2.27
1.53
2.09
1.32
1.39
2.33
3.41
3.28
1.55
1.43
1.54
1.65
1.51
1.42
1.84
1.48
1.22
1.44
1.53
1.71
2.21
1.79
1.05
1.55
1.6
1.82
1.45
1.3
1.18
2.03
1.85
2.64
3.03
2.63
1.44
1.71
1.99
2.01
1.77
2.68
4.14
2.24
1.59
1.56
1.68
1.64
1.74
1.47
1.31
1.64
1.61
1.34
2.1
2.15
3.43
3.08
2.23
2.58
3.08
2.43
1.68
1.43
1.61
1.98
1.78
1.2
1.42
1.46
1.24
2.07
2.44
1.66
1.73
1.63
1.5
1.86
1.6
1.33
1.58
1.38
1.38
1.71
1.75
1.43
2.21
2.92
1.53
1.47
1.33
1.7
1.33
1.39
1.44
1.54
1.69
2.28
2.09
2.91
2.28
1.26
1.3
1.58
1.17
0.86
2.01
1.37
2.14
1.16
1.51
1.68
1.17
1.83
1.49
1.95
1.22
1.59
1.42
1.56
2.01
1.55
1.25
1.6
1.71
1.11
1.81
1.24
1.03
1.36
1.05
1.08
1.11
1.19
2.2
2.4
1.83
1.79
2.17
1.29
2.48
2.65
1.78
1.8
1.32
1.58
2.31
2.51
1.39
1.6
3.78
2.93
2.11
2.3
1.76
1.26
3.84
3.56
2.94
1.55
1.82
1.52
2.83
3.21
2.17
2.97
0.75
1.27
0.78
0.65
1.27
1.1
0.87
1.48
1.87
1.13
0.7
0.79
2.15
0.9
1.27
1.19
1.71
1.63
3.18
1.52
1.64
1.31
0.77
0.98
1.12
2.29
1.71
2.43
1.7
1.57
2.86
3.09
1.26
1.71
2.95
1.63
2.73
1.33
1.78
1.74
3.18
4.51
5.1
4.56
3.81
5.4
3.68
2.86
4.73
1.99
3.67
4.17
2.98
2.6
6.07
1.74
1.73
2.45
3.98
3.66
3.93
4.88
1.44
1.6
1.82
1.87
0.77
0.9
1.67
2.08
3.21
3.04
2.98
3.79
6.39
2.77
5.68
2.81
1.41
1.48
2.36
1.84
0.43
1.2
1.59
1.48
1.78
2.15
4.45
3.09
2.12
2.13
2.73
3.24
1.5
2.38
3.15
-99
1.81
2.11
2.63
2.37
4.11
4.75
4.24
3.05
3.33
2.05
2.03
4.18
3.2
1.95
1.66
1.74
2.05
2.19
1.36
1.43
2.18
1.35
2.31
1.83
1.64
0.78
0.87
1.5
1.76
1.71
2.51
4.5
2.77
3.1
3.02
4.03
1.59
1.6
1.86
2.36
1.83
1.49
1.67
1.44
2.3
2.27
1.8
2.84
3.68
3.41
1.44
1.43
1.6
1.31
1.96
1.77
2.75
1.94
1.18
2.96
2.16
1.35
1.36
2.17
1.88
1.85
2.04
2.54
2.35
1.23
2.05
2.08
1.7
1.12
1.39
1.13
1.43
1.31
1.59
1.7
1.79
2.03
1.8
1.47
1.55
1.4
1.42
1.42
1.4
0.8
0.94
1.19
1.59
1.78
1.2
2.53
1.54
1.71
1.46
1.7
1.45
1.63
1.45
1.65
1.8
1.79
2.25
2.36
1.66
1.43
1.4
1.51
1.71
1.33
1.46
1.49
1.49
1.78
2.13
1.56
1.71
1.68
3.46
1.69
1.83
1.75
1.69
1.49
1.69
0.9
1.67
2.4
2.37
2.28
2.4
2.47
2.17
1.37
1.85
1.83
1.23
1.19
1.74
1.98
2.16
2.15
2.03
1.78
1.86
1.86
1.51
1.64
1.95
2.55
1.47
1.6
1.39
1.31
1.56
1.66
1.93
2.12
1.95
1.67
1.33
1.48
1.53
1.45
1.7
1.51
1.34
2.01
2.58
1.28
1.62
1.94
1.46
1.51
1.33
1.52
1.45
2.37
1.12
2.1
2.49
1.77
1.18
1.2
1.53
2.23
2.09
2.11
3.78
2.56
1.48
1.8
2.18
1.8
1.19
2.11
1.97
2.93
2.08
1.86
1.17
1.43
1.72
1.87
1.29
1.65
1.38
1.86
1.13
1.79
2.07
1.64
1.68
1.48
3.59
2.14
2.01
1.84
1.92
1.89
1.6
1.74
1.51
1.82
1.75
1.76
2.38
1.01
1.15
1.58
2.22
3.7
4.04
1.87
2.07
3
4.59
3.9
1.95
1.31
1.23
1.34
1.43
1.1
3.77
5.01
4.95
2.36
3.83
5.41
4.75
3.39
6.53
6.27
3.86
2.59
3.3
3.38
2.85
2.36
1.46
1.47
1.57
1.88
2.13
3.39
1.53
1.1
1.78
3.56
3.05
5.4
5.78
4.49
2.1
1.72
1.1
1.68
2.25
2.36
2.49
1.12
1.39
1.05
2.56
4.05
5.53
4.32
4.39
4.11
4.61
3.56
2.06
1.8
2.6
1.89
3.66
3.42
3.67
2.29
2.67
3.53
4.48
4.63
2.14
1.51
1.86
2.25
1.48
1.92
1.52
4.11
3.2
1.24
1.56
2.17
2.9
3.72
2.06
2.66
3.05
4.26
3.53
2.63
1.46
2.83
4.45
4.04
1.25
2.16
1.52
1.6
1.91
4.16
3.38
0.83
1.23
0.85
2.73
1.97
2.04
5.99
3.4
3.77
2.52
2.37
1.53
1.26
2.13
3.15
2.96
4.79
4.66
4.02
1.34
2.12
2.03
3.19
1.98
1.25
2.83
1.82
2.28
2.16
1.49
2.36
1.94
1.46
1.98
3.34
2.79
1.95
1.35
2.66
2.28
1.55
0.73
2.58
2.44
6.44
6.17
5.47
2.96
4.29
2.04
3.66
3.87
2.34
2.35
2.13
3.36
1.86
2.76
2.96
2.36
1.31
2.13
1.42
0.99
1.22
2.3
1.99
2.23
1.05
0.36
0.98
1.49
1.87
2.03
1.54
1.66
1.6
1.97
1.73
1.66
1.61
1.5
1.63
1.49
2.16
1.62
2.71
2.9
4.86
4.39
2.03
1.7
2.16
2.6
2.66
1.43
1.58
1.48
3.45
3.87
4.02
2.38
2.32
1.68
1.98
1.24
0.46
1.16
1.3
1.48
1.41
1.88
1.86
1.54
1.15
0.89
1.12
1.59
1.16
1.03
1.2
0.85
0.72
1.48
1.58
1.95
1.86
1.12
1.9
4.62
3
2.38
1.82
2.61
3.31
1.89
1.61
1.77
1.69
1.68
2.14
2.16
1.69
1.6
1.56
1.21
1.33
1.85
1.8
1.54
1.78
1.3
1.72
2.36
1.97
1.76
1.26
1.65
1.28
1.1
1.54
1.5
2.85
1.93
1.45
1.68
1.58
1.4
2.32
1.76
1.55
1.25
1.53
1.49
1.89
1.43
1.61
1.36
1.96
1.92
2.04
2.93
1.29
1.09
1.96
1.94
2
1.22
1.39
1.54
1.57
2.03
1.67
1.51
1.59
1.79
1.9
1.94
1.23
1.56
1.54
1.49
1.36
1.75
1.72
1.8
1.63
1.41
1.7
1.95
1.75
1.69
1.45
1.2
1.57
1.26
1.52
1.18
2.3
1.29
1.4
1.85
1.26
1.2
1.31
1.43
1.1
1.83
1.55
1.34
1.82
1.87
2.17
1.34
1.33
1.6
3.24
1.73
1.46
3.69
5.1
4.16
1.72
1.41
1.69
1.64
1.57
1.98
1.45
2.06
1.52
1.28
2.09
1
0.95
1.15
1.38
1.52
1.72
2.79
3.32
4.58
4.99
2.63
1.84
2.12
0.09
3.47
1.43
1.43
0.68
3.79
2.5
0.99
1.39
1.32
1.74
2.86
1.91
2.01
1.86
1.93
1.33
0.95
0.46
0.81
0.62
0.44
1.04
2.19
1.66
1.79
1.53
1.22
1.75
4.16
3.74
1.84
1.98
3.44
1.93
0.93
2.25
2.07
1.29
1.92
1.93
2.32
4.35
2.92
1.61
1.47
1.86
4.39
2.49
2.22
2.83
2.58
1.85
1.27
0.82
0.86
0.93
1.83
2.48
1.12
1.19
3.99
4.45
4.4
4.98
2.87
5.32
4.25
4.4
6.02
5.54
4.53
4.05
5.57
4.98
5.63
5.23
4.35
5.48
2.4
1.65
1.29
1.56
1.27
2.86
3.53
2.83
2.8
4.56
4.63
3.21
3.49
3.18
2.99
2.6
1.67
2.1
4.1
6.18
4.43
3.61
2.53
1.23
1.47
1.81
2.44
3.44
2.18
1.4
1.11
1.63
1.79
1.34
2.11
1.28
1.75
1.99
3.72
4.05
1.5
1.71
1.53
3.32
2.11
2.56
3.32
1.85
2.5
2.11
2.98
1.7
1.51
1.81
1.28
2.16
1.96
3.43
3.94
3.36
2.11
2.2
3.08
2.99
3.96
1.68
1.18
2.04
1.71
3
5.44
3.08
2.1
1.3
1.41
1.47
0.91
0.76
2.27
1.78
2.51
1.46
2
1.14
1.45
3.31
4.52
4.43
3.99
3.06
1.64
0.91
1.59
0.99
2.18
2.68
5.34
3.83
1.46
3.48
3.14
1.87
2.16
3.13
2.07
2.15
1.42
1.26
2.15
3.1
5.04
2.85
2.2
3.05
1.98
1.73
3.03
5.92
4.23
2.16
3.56
1.53
1.71
1.12
2.1
1.95
1.57
1.43
1.68
1.74
-99
2.28
3.11
2.37
4.08
3.3
2.32
1.56
1.62
1.91
2.38
1.61
2.19
2.31
1.35
1.29
1.64
1.41
1.85
1.31
1.39
1.32
1.59
1.41
1.81
1.47
1.19
0.84
1.73
1.82
1.46
1.66
1.79
2.02
1.94
1.93
1.82
1.85
2.01
1.73
1.3
1.7
1.73
1.56
1.94
1.57
2.19
1.76
2.08
2.03
1.84
2.54
1.48
1.74
1.25
1.63
1.51
1.71
1.91
1.83
1.62
1.94
1.75
1.96
2.33
1.44
1.59
1.62
1.78
1.46
1.79
1.49
1.61
1.48
1.8
1.98
2.02
1.64
1.38
1.52
1.64
1.71
1.33
1.55
1.36
1.74
1.32
1.77
1.37
1.84
1.53
1.52
1.43
1.66
0.96
1.58
1.56
1.18
1.52
1.5
1.83
1.85
1.45
2.53
2.39
1.48
1.32
1.87
3.59
3.64
1.8
1.36
1.19
1.31
1.3
1.39
2.07
1.28
0.84
1.2
1.53
1.28
1.7
1.77
1.54
1.2
1.51
1.71
1.91
1.79
3.74
2.84
2.01
2.2
1.92
4.75
1.73
1.44
1.93
1.65
1.38
1.81
2.1
1.81
1.58
1.72
1.68
2.37
2.64
0.69
1.96
2.04
1.88
3.75
1.27
1.42
1.04
1.34
1.36
1.47
1.25
2.17
3
2.95
1.9
2.07
1.41
2.2
2.57
4.56
3.63
3.95
1.88
2.01
1.8
1.96
1.53
2.84
2.15
1.05
1.74
2.29
3.41
2.94
2.05
1.9
1.9
2.19
1.53
1.88
1.23
2.63
1.03
2.43
2.18
1.29
1.09
1.59
4.15
4.23
1.96
1.98
2.98
2.52
2.88
2.57
1.39
1.1
3.51
3.21
3.1
2.5
4.06
2.57
3.13
3
4.19
3.35
3.12
2.4
2.6
1.35
1.61
1.1
3.01
3.54
1.79
3.07
2.43
1.82
3.3
4.17
2.32
2.2
1.88
1.88
2.1
2.65
1.4
4.92
6.26
4.02
2.46
0.65
0.56
1.46
0.98
1.77
1.55
1.94
0.86
0.89
3.16
1.93
3.16
5.68
3.72
1.93
1.15
1.03
1.75
1.35
1.82
1.3
1.86
2.48
2.22
2.7
1.68
0.98
2.31
1.5
1.29
2.23
1.08
1.64
1.78
3.7
3.58
2.03
2.14
1.98
3.96
3.57
2.85
3.02
3.04
4.38
2.2
4.51
4.53
1.95
1.48
1.11
1.52
1.52
1.52
0.61
1.92
1.19
1.65
1.43
1.25
0.81
2.18
1.41
1.79
2.58
2.33
2.28
1.09
0.56
0.41
1.61
3
1.27
1.16
1.08
1.02
1.03
0.95
1.44
1.43
0.98
0.7
1.87
1.37
1.4
1.75
1.37
0.84
2.21
1.16
3.13
1.19
1.37
1.41
0.98
1.1
1.67
1.9
1.95
1.93
2.13
1.63
2.18
1.98
1.75
1.52
1.46
1.04
1.44
1.55
1.61
1.22
0.88
1.18
2.58
3.13
3.11
3.77
2.68
1.81
1.61
1.81
1.74
2.21
1.96
1.34
1.51
1.7
1.3
1.52
1.42
1.8
1.41
1.92
2.61
1.96
1.39
2.37
1.91
1.69
2.05
2.08
1.05
1.61
1.48
1.41
1.51
1.59
1.4
1.85
2.75
2.65
1.68
1.74
1.74
1.28
1.16
1.49
1.54
1.86
1.63
1.64
1.8
2.06
2.56
1.97
1.94
1.74
1.27
1.11
1.4
1.81
1.78
1.32
1.32
1.54
2.42
2.84
1.17
1.47
2
1.41
1.15
1.33
1.82
1.54
1.93
1.65
1.45
1.5
1.58
1.44
1.61
2.31
2.31
2.05
1.41
2.13
1.51
1.73
1.86
1.44
1.28
1.51
1.29
1.46
1.41
1.57
1.35
1.59
1.88
1.64
1.58
1.63
1.69
1.76
1.4
1.61
1.21
1.77
2.03
1.93
1.41
1.64
2.08
1.33
3.16
1.23
3.41
2.63
1.56
2.97
2.9
1.29
1.34
1.39
1.59
1.85
1.22
1.31
1.84
1.08
0.71
1.45
1.76
1.96
3.16
3.69
4.4
2.43
1.34
1.24
2.4
2.65
1.68
1.64
1.6
1.64
2.57
-99
0.93
2.06
4.42
3.72
1.85
2.12
3.41
3.07
1.16
1.67
1.7
2.51
2.67
1.78
1.83
1.51
2.43
2.33
1.74
1.05
1.54
1.58
1.82
1.84
1.52
1.17
0.42
1.21
1.29
2.38
1.47
1.17
2.46
1.14
0.95
0.8
1.04
1.73
1.93
2.43
1.22
3.22
5.31
2.8
1.5
1.08
0.96
1.04
0.84
1.05
0.65
1.01
1
2.36
4.67
2.36
1.91
1.38
1.99
1.88
3.52
4.28
2.82
2.83
3.97
2.95
2.7
1.93
1.55
1.05
0.86
1.58
1.3
1.11
1.59
1.92
2.06
4.31
5.37
2.55
3.11
1.87
2.2
1.93
2.40208333333333
4.74583333333333
3.2
1.03333333333333
1.62916666666667
1.73333333333333
1.5375
1.91666666666667
2.025
1.53333333333333
4.50833333333333
3.40416666666667
2.5625
4.08125
4.8
5.4125
3.59375
1.6625
2.21666666666667
3.20625
2.50625
3.33958333333333
3.21875
3.15625
2.31041666666667
2.95416666666667
3.06041666666667
2.46458333333333
1.7125
2.9125
2.88958333333333
4.08125
2.06458333333333
2.53958333333333
2.725
1.68125
1.5625
1.61875
2.08125
2.37083333333333
2.71041666666667
2.24583333333333
2.36041666666667
2.80208333333333
1.09375
1.16875
2.20416666666667
1.83125
2.1625
2.125
2.14375
2.13541666666667
2.35416666666667
1.22916666666667
1.29375
2.125
1.84583333333333
2.07291666666667
1.04375
1.15625
0.89375
1.42916666666667
1.01666666666667
0.9125
0.741666666666667
0.81875
2.52291666666667
3.075
1.31458333333333
1.32083333333333
2.15416666666667
1.90833333333333
3.13541666666667
3.30208333333333
5.52083333333333
4.40208333333333
3.83541666666667
3.58958333333333
4.54166666666667
4.77083333333333
5.08333333333333
2.96875
1.60625
1.69166666666667
1.54375
1.28125
1.44791666666667
1.91041666666667
2.1
1.87291666666667
1.92083333333333
1.91458333333333
2.68125
2.18958333333333
2.15416666666667
2.39791666666667
1.82291666666667
1.39375
1.6125
1.15833333333333
0.927083333333333
1.57083333333333
1.87083333333333
1.40208333333333
2.325
2.49583333333333
3.61875
2.725
1.50208333333333
0.841666666666667
0.720833333333333
1.15833333333333
1.41875
1.27083333333333
1.16041666666667
1.31666666666667
0.710416666666667
1.32291666666667
1.35208333333333
1.50833333333333
1.325
1.53333333333333
1.47916666666667
1.15
1.9625
2.46382978723404
1.76041666666667
2.07708333333333
2.25625
1.62708333333333
1.71458333333333
1.87916666666667
1.98541666666667
2.24583333333333
2.325
2.61041666666667
1.95416666666667
2.46458333333333
1.58541666666667
1.45833333333333
2.1
2.12708333333333
1.325
1.81875
1.84583333333333
1.39791666666667
1.29791666666667
1.19791666666667
1.38125
1.32916666666667
1.61666666666667
1.325
1.15625
1.23541666666667
1.15833333333333
1.64791666666667
1.67083333333333
2.08125
2.27916666666667
2.64166666666667
1.46458333333333
1.57708333333333
1.60416666666667
1.60416666666667
2.03541666666667
1.62916666666667
1.31458333333333
1.68958333333333
1.3375
2.13958333333333
2.50833333333333
2.22083333333333
1.04375
0.897916666666667
1.5625
1.66666666666667
1.97708333333333
2.48125
1.98958333333333
1.87291666666667
2.15416666666667
1.94166666666667
1.37083333333333
1.45833333333333
2.325
2.39166666666667
2.05833333333333
1.42916666666667
1.46666666666667
1.72708333333333
1.77083333333333
2.475
1.93125
2.40625
1.76458333333333
1.74375
2.05833333333333
2.56875
3.19375
1.95833333333333
1.84375
1.55208333333333
1.77083333333333
1.64583333333333
1.78333333333333
1.41666666666667
1.1625
1.55625
1.97083333333333
1.65416666666667
1.6375
1.98125
1.61041666666667
1.48333333333333
1.46666666666667
1.73958333333333
1.87916666666667
1.79791666666667
1.94791666666667
1.98333333333333
1.47708333333333
1.44583333333333
1.61666666666667
1.79375
1.65625
2.10416666666667
2.0125
1.70833333333333
2.10625
1.875
1.66041666666667
1.78541666666667
1.1375
1.45208333333333
1.45
1.38958333333333
1.34583333333333
1.24791666666667
1.93541666666667
2.11458333333333
1.30208333333333
1.05416666666667
1.39166666666667
1.23958333333333
0.90625
1.175
1.09375
1.48958333333333
1.38541666666667
1.475
1.425
0.8875
0.84375
1.1125
1.28958333333333
1.74375
1.625
1.225
1.09791666666667
1.50416666666667
1.53958333333333
2.16666666666667
2.37708333333333
2.19166666666667
1.35416666666667
1.16666666666667
0.927083333333333
2.8
2.04583333333333
1.4125
1.61875
1.34583333333333
1.47291666666667
1.40416666666667
1.88125
2.86666666666667
3.31458333333333
1.30208333333333
2.70625
4.07291666666667
2.05625
1.18541666666667
2.06666666666667
4.10625
3.66666666666667
4.09375
2.35416666666667
1.64583333333333
1.44166666666667
1.55416666666667
1.57291666666667
1.375
1.775
1.09791666666667
1.83125
1.7375
1.49166666666667
1.26666666666667
1.76041666666667
1.38541666666667
1.32708333333333
2.14166666666667
1.9375
1.84791666666667
1.44375
1.76041666666667
1.8125
1.85625
3.98958333333333
4.50625
5.65833333333333
5.75625
1.81666666666667
2.43958333333333
1.76666666666667
2.99375
1.66666666666667
3.3875
3.90625
1.18958333333333
3.30416666666667
2.05416666666667
1.6375
1.17916666666667
1.0875
0.795833333333333
1.8375
0.8375
1.62916666666667
2.4625
2.73958333333333
4.02708333333333
4.86041666666667
2.53333333333333
1.175
3.58958333333333
5.20208333333333
2.49736842105263
3.02083333333333
4.50416666666667
3.11875
2.92083333333333
2.55833333333333
1.09583333333333
6.47380952380952
2.66666666666667
1.38541666666667
2.225
3.15
1.46458333333333
1.43958333333333
1.38541666666667
1.67083333333333
1.875
0.96875
1.19166666666667
2.475
2.03333333333333
1.42916666666667
1.14375
2.34375
2.68333333333333
3.06458333333333
1.64166666666667
2.20625
1.95208333333333
2.33958333333333
2.09583333333333
2.78958333333333
4.55208333333333
4.28541666666667
3.775
3.56666666666667
4.56666666666667
5.76041666666667
4.98333333333333
4.225
1.39791666666667
1.24791666666667
1.98958333333333
2.11666666666667
2.44791666666667
2.01041666666667
1.84583333333333
3.92708333333333
4.04791666666667
4.36875
1.2875
1.31458333333333
1.84583333333333
2.56666666666667
3.775
4.21875
3.77083333333333
3.19583333333333
4.54375
7.09166666666667
6.12708333333333
1.92708333333333
1.04583333333333
1.19166666666667
2.11666666666667
4.7375
2.05833333333333
1.32916666666667
2.24583333333333
1.2125
1.63541666666667
1.86875
2.14375
3.46041666666667
3.01875
3.60625
1.58958333333333
1.72708333333333
2.26041666666667
4.12916666666667
4.37083333333333
1.43958333333333
1.32291666666667
2.82708333333333
1.37083333333333
2.19166666666667
2.86875
2.35416666666667
1.71666666666667
1.89375
3.39375
1.4625
1.13125
1.51458333333333
1.40625
0.8375
1.36458333333333
1.60833333333333
0.345833333333333
1.2875
1.44375
0.9
1.1375
3.7875
2.80833333333333
1.64583333333333
0.753191489361702
0.535416666666667
1.21666666666667
0.722916666666667
0.445833333333333
0.610416666666667
1.07291666666667
1.0625
1.2
0.94375
2.60833333333333
2.75833333333333
4.68125
5.22916666666667
2.15625
1.42083333333333
2.82083333333333
2.36875
1.96458333333333
1.74166666666667
2.31666666666667
1.46875
1.74166666666667
1.46666666666667
1.97708333333333
3.60208333333333
3.36875
3.75416666666667
2.25208333333333
1.3125
0.8625
1.51707317073171
2.48181818181818
1.4625
2.27083333333333
1.38125
1.38125
1.29583333333333
1.43333333333333
1.2875
1.92916666666667
1.85833333333333
1.43125
0.783333333333333
0.720833333333333
1.9875
3.49375
5.06666666666667
3.93333333333333
2.82083333333333
1.3875
1.3875
1.81875
1.80208333333333
1.38541666666667
1.54166666666667
1.72708333333333
1.675
1.73333333333333
1.4
1.2875
1.82708333333333
1.75208333333333
2.03333333333333
1.61458333333333
2.5875
3.71666666666667
3.975
2.91666666666667
1.875
2.00208333333333
1.5875
1.25833333333333
2.10208333333333
1.59375
1.52916666666667
1.36041666666667
1.81666666666667
1.65625
1.925
1.61458333333333
3.74375
2.7625
1.53125
1.82083333333333
1.83333333333333
1.97291666666667
1.75
2.18958333333333
1.93125
1.67083333333333
1.60625
1.61875
2.29375
1.80208333333333
1.25833333333333
1.60416666666667
1.36666666666667
1.125
1.14791666666667
1.60416666666667
1.64375
1.5625
2.01458333333333
1.7
1.87916666666667
1.66875
1.61666666666667
1.70416666666667
3.08125
3.07291666666667
2.03333333333333
1.43125
1.31041666666667
1.27083333333333
1.50625
2.02916666666667
1.58541666666667
1.74375
1.57083333333333
1.42916666666667
1.69375
1.44791666666667
2.00625
1.525
1.88958333333333
1.85416666666667
1.93125
1.6125
1.83958333333333
1.23333333333333
1.18125
1.18958333333333
1.92291666666667
1.77708333333333
1.61875
1.51041666666667
2.09166666666667
1.60208333333333
1.88958333333333
1.75
1.19583333333333
1.61041666666667
1.775
1.54583333333333
2.31875
2.01875
2.0625
1.49375
1.52708333333333
1.48333333333333
2.675
2.71041666666667
1.77708333333333
1.625
2.05833333333333
1.77083333333333
1.08958333333333
2.51458333333333
1.225
1.4625
1.70833333333333
1.925
1.54166666666667
1.91458333333333
1.30833333333333
1.3875
1.04791666666667
1.40833333333333
1.18958333333333
2.0375
1.65
1.70208333333333
1.8936170212766
2.0468085106383
2.02765957446808
2.23404255319149
3.37916666666667
1.93125
1.06666666666667
1.6125
1.97291666666667
1.57291666666667
1.72291666666667
1.54791666666667
1.27083333333333
1.36041666666667
1.65416666666667
1.36595744680851
1.61458333333333
1.7063829787234
2.76382978723404
1.70833333333333
1.48958333333333
3.16875
1.75208333333333
1.4875
1.39791666666667
1.73541666666667
1.75625
2.20416666666667
0.854166666666667
1.71666666666667
1.46875
1.59583333333333
1.2
1.75833333333333
1.56666666666667
1.67083333333333
1.85833333333333
1.55625
1.3625
1.77083333333333
1.78958333333333
4.1125
2.79583333333333
3.79791666666667
4.59791666666667
2.87708333333333
3.2875
2.59166666666667
1.49791666666667
1.45
1.2625
1.59583333333333
2.425
1.47083333333333
1.85
2.27291666666667
3.48541666666667
3.54375
1.41875
2.32291666666667
2.14583333333333
1.85625
1.32291666666667
0.95625
1.63333333333333
1.64791666666667
1.9375
2.48333333333333
1.79375
1.88958333333333
1.6375
3.34166666666667
2.97083333333333
2.67708333333333
3.17083333333333
2.66041666666667
2.31875
2.71041666666667
3.39166666666667
1.68333333333333
3.66875
3.33958333333333
1.85833333333333
1.98333333333333
1.31041666666667
1.61041666666667
2.42708333333333
1.70833333333333
0.8625
0.945833333333333
2.3375
1.38541666666667
2.37291666666667
1.42083333333333
1.60833333333333
1.8875
1.96041666666667
1.2875
0.933333333333333
1.15833333333333
1.1
1.82708333333333
2.37083333333333
1.3875
1.725
1.525
2.20416666666667
2.21041666666667
2.18333333333333
1.46666666666667
2.18958333333333
2.03333333333333
1.96666666666667
2.94166666666667
