20000101
2.2
1.56
1.7
4.15
1.4
3
1.56
1.57
1.21
2.53
1.9
1.27
1.13
1.66
1.82
2.27
3.89
7.66
2.72
3.18
6.45
5.64
3.18
2.35
1.37
1.24
1.4
1.69
3.38
3.04
2.26
5.09
3.68
3.47
2.3
1.6
1.22
2.62
3.01
2.69
3.43
2.01
2.59
3.49
2.32
3.46
4.67
3.45
2.85
4.11
1.85
1.54
1.52
1.56
1.9
2.11
1.8
1.73
1.55
1.9
6.71
2.58
2.64
1.64
1.53
2.12
1.3
1.84
2.8
1.99
1.75
1.76
1.82
2.36
2.73
2.2
3.35
3.43
2.14
2.4
1.89
2.53
1.99
2.18
2.49
2.73
4.03
2.11
2.89
1.93
3.37
2.6
2.7
4.16
3.51
3.17
2.3
2.25
2.31
2.06
1.69
3.23
5.14
5
4.6
4.33
3.17
3.36
5.3
2.59
3.05
2.69
2.75
4.8
3.53
3.04
2.65
2.47
2.24
2.15
1.5
1.64
2.4
1.95
2.61
2.04
2
1.84
1.92
2.41
2.44
2.29
1.78
2.37
1.92
1.96
2.09
1.96
3.13
2.36
1.17
1.23
1.8
2.05
2.06
2.11
2.38
2.7
2.64
3.53
2.1
1.93
1.91
2.06
1.93
2.09
3.11
2.9
2.68
2.31
2.63
3.9
2.69
1.94
1.5
1.59
2.66
1.98
1.9
2.4
1.75
2.08
1.84
1.74
1.95
2.72
2.16
1.94
2.18
2.21
2.24
2.02
1.94
1.8
2.55
3.48
1.96
2.24
2.78
3.03
2.68
2.06
3.01
2.79
1.92
2.29
3.07
3.07
1.8
2.1
2.27
2.15
2.12
2.13
1.81
3.92
2.84
2.04
2.11
2.57
2.64
2.19
2.19
2.89
2.25
2.02
3.21
2.73
1.99
2.38
2.72
2.15
2.12
2.27
2.07
2.49
2
2.32
2.51
2.12
2.06
1.99
2.66
2.82
2.08
2.18
3
1.94
2.48
3.21
2.41
2.32
2.37
2.28
2.58
2.09
2.3
2.5
2.46
2.8
1.94
1.77
1.96
1.8
2.03
1.99
1.99
1.81
3.42
2.17
1.63
2.08
2.91
5.5
2.14
1.62
1.85
1.79
1.51
1.99
1.59
2.28
2.64
2.17
1.92
3.54
2.68
1.4
1.36
2.33
2.5
1.49
1.82
2.24
3.75
1.96
1.91
2.36
2.82
2.26
1.44
1.61
2.05
1.68
3.53
1.38
3.16
1.82
1.13
1.54
2.81
1.48
1.28
2
3.02
3.71
4.52
5.01
4.61
3.72
7.71
9.21
6.45
3.34
2.53
1.14
2.72
3.87
2.84
1.2
3.84
3.14
3.16
3.69
3.86
4.27
4.2
5.43
4.54
4.89
5
3.24
1.52
1.8
2.13
1.17
3.38
3.31
3.06
1.52
1.68
2.62
4.46
6.58
4.97
4.01
5.44
3.51
5.53
3.57
2.43
4.65
3.6
1.17
1.35
1.23
3.8
2.66
2.76
3.93
4.49
4.43
5.39
6.15
4.61
5.36
2.76
6.12
4.77
5.96
4.8
3.67
2.56
4.35
2.73
3.88
1.31
1.55
1.22
0.9
1.07
1.37
2.5
1.41
2.02
3.04
2.53
2.86
6.76
5.56
5.08
5.67
3.59
4.14
2.68
3.82
2.8
1.91
2.84
3.41
5.44
6.56
4.42
2.06
5.24
4.05
1.43
1.52
2.03
2.53
1.62
2.55
2.02
2.57
2.15
3.89
4.65
4.27
4.04
1.92
2.23
2.54
2.48
5.25
7.15
4.53
4.97
6.55
5.23
2.37
1.81
2.77
5.9
2.8
3
2.73
2.99
3.67
2.56
1.96
1.59
4.88
4.43
3.21
5.08
6.24
5.05
3.96
3.15
5.47
2.45
2.62
2.8
5.04
3.48
2.13
2
2.18
2.16
3.07
2.16
3.11
6.25
4.62
3.22
2.34
3.18
2.94
2.64
3.12
2.79
1.99
2.56
1.49
3.1
2.58
3.8
3.28
4.56
4.47
3.99
3.07
2.66
2.71
2.19
2.85
3.03
1.64
1.35
2.67
2.8
3.23
2.77
1.76
2.09
1.59
1.95
2.05
2.31
2.44
5.65
2.83
1.91
1.75
2.19
2.47
2.01
1.97
1.75
2
1.7
1.92
2.14
2.36
2.29
2.45
2.27
2.1
2.28
1.99
2.02
2.18
2.29
3.13
2.66
2.14
2.46
2.75
2.19
2.16
2.09
2.7
3.81
3.08
2.94
2.56
2.43
2.1
2.06
2.14
2.3
2.76
2.13
2.72
2.76
2.3
2.53
2.51
2.11
2.32
2.66
2.69
3.21
3.39
2.35
2.26
2.84
2.34
2.1
2.31
2.44
3.02
2.18
3.84
2.26
2.55
3.18
2.05
1.94
1.81
1.66
1.99
2.05
2.04
2.03
1.91
2.11
1.89
2.45
2.77
2.25
2.13
2.72
2.28
3.73
2.16
2.01
2.79
2.4
1.76
2.07
2.52
1.78
2.41
2.29
2.24
1.81
2.32
2.27
2.13
1.99
2.11
2.08
2.2
2.22
3.41
2.1
2.63
2.54
3.04
2.67
3.53
2.15
2.6
2.24
2.56
2.59
2.44
2.42
1.91
1.74
2.01
2.31
2.46
2.32
2.97
3.48
1.69
1.41
2.03
1.74
3.8
2.59
2.13
1.72
2.14
1.33
1.25
1.65
2.31
1.86
1.86
1.72
1.74
2.85
4.8
4.21
1.63
1.02
1.29
1.8
1.84
1.71
3.31
2.07
1.37
2.09
1.94
2.95
4.79
2.43
3.65
1.88
1.61
1.7
2.03
1.49
1.79
1.31
1.17
2.28
1.8
1.33
1.75
1.33
2.51
3.06
3.15
3.55
3.1
3.63
4.13
3.37
2.2
5.02
3.06
3.36
2.04
2.65
2.25
1.53
3.43
4.38
3.21
2.5
4.37
2.17
4.96
3.11
3.59
2.39
1.03
1.78
2.94
1.92
1.82
2.01
1.38
1.23
1.44
1.82
2.17
2.93
2
2.08
5.41
0.96
0.95
1.59
2.19
3.09
1.76
1.23
3.48
4.73
3.89
3.11
3.57
6.29
5.75
1.9
0.9
1.02
1.02
2.34
0.51
2.27
3.28
0.97
1.05
0.88
1.89
2.01
2.57
2.3
2.37
2.69
1.99
1.66
1.84
2.6
3.63
3.6
2.85
5.84
3.33
3.91
4.6
1.85
1.95
1.42
2.64
3.25
1.55
1.76
2.2
4.17
6.21
3.46
3.01
2.35
2.08
1.75
2.37
1.54
2.8
2.47
1.34
1.88
2.63
2.43
5.22
4.37
2.75
2.95
3.22
1.94
5.11
5.5
2.3
1.96
2.07
1.58
2.19
2.24
2.17
1.65
2.29
1.93
2.28
1.75
2.05
3.14
3.78
4.22
1.89
1.74
6.51
3.26
2.2
2.29
1.76
1.77
1.71
1.63
1.58
1.72
2.97
1.13
1.75
2.25
2.25
2.35
2.28
3.96
3.48
2.3
2.36
1.29
2.04
1.87
2.42
1.47
3.05
1.46
2.05
1.73
1.82
1.96
1.85
1.73
2.1
2.29
2.1
2.2
1.9
1.78
2.07
2.11
1.97
2.7
1.53
1.64
1.78
2.68
1.91
1.88
3.7
2.73
1.71
1.25
1.03
2.95
2.98
2
1.84
1.95
3.07
2.67
2.2
3.01
3.12
1.81
3.78
2.48
2.28
2.87
2.33
2.61
2.25
1.79
1.86
1.88
2.18
2.25
3.13
3.53
2.91
2.94
1.78
3.61
1.95
1.75
1.94
1.82
2.3
2.36
2.24
2.1
1.99
2
1.7
2.02
1.87
2.22
1.89
2.38
1.73
2.71
2.9
1.69
1.28
1.39
2.24
2.84
2.54
2.58
1.81
2.67
2.59
2.63
2.79
1.86
2.47
2.54
2.64
2.78
2.27
2.59
2.17
2.24
2.52
2.03
2.09
2.09
2.58
2.15
1.98
2.11
2.02
2.35
2.73
2.46
1.5
1.46
1.83
1.97
1.72
3.11
2.13
2.37
2.74
2.01
2.91
2.6
2.3
2.11
3.06
2.58
1.83
2.06
1.96
1.94
1.84
1.5
1.74
1.31
2.88
2.22
1.31
2.01
2.59
2.01
1.79
2.55
1.83
1.75
1.93
2.5
1.86
2.01
1.77
2.94
1.86
1.58
1.94
1.72
1.55
1.81
1.41
1.84
1.43
1.87
1.55
2.7
2.33
1.81
1.97
2.56
2.12
1.68
1.55
1.63
1.73
1.64
0.7
1.34
2.35
1.71
1.61
1.61
1.64
1.45
2.09
3.72
2.85
2.28
2.08
3.66
3.96
5.16
2.43
1.69
1.56
3.54
6.7
4.6
3.65
4.25
1.45
2.71
1.94
1.84
2.35
1.9
2.93
2.47
2.43
2.08
2.16
1.7
3.22
1.8
3.52
3.07
2.89
1.83
4.9
3.1
2.9
3.5
1.59
3.76
2.87
2.13
4.35
4.97
3.26
1.63
1.59
3.74
3.22
4.13
5.28
4.02
3.57
3.67
3.88
2.13
2.93
2.33
2.19
1.72
1.26
2.28
1.46
2.74
1.59
2.44
3.79
2.78
4.95
3.03
1.44
0.97
2.89
3.07
3.4
5
4.96
6.04
3.3
5.06
4.35
6.79
4.84
5.03
7.44
6.13
6.07
1.8
3.55
5.26
1.89
1.9
3.38
2.96
3.45
4.46
3.55
1.62
1.61
2.59
1.95
3.65
4.66
6.44
4.79
2.97
2.63
3.54
3.84
2.06
2.96
4.98
5.27
5.74
4.04
3.27
6.47
5.87
2.9
1.73
1.43
2.02
2.53
1.75
1.87
0.81
0.75
0.97
1.52
2.76
1.57
1.96
0.89
2.77
1.98
1.2
1.2
2.2
3.59
4.27
1.53
2.26
4.21
4.27
1.66
2.17
1.93
2.26
2.39
1.95
1.87
1.56
1.71
1.76
1.71
2.17
1.69
1.86
2.55
2.6
2.16
2.48
3.29
2.41
1.92
1.82
1.75
1.87
2.03
1.99
1.52
1.35
1.55
2.05
2.81
4.91
2.5
2.86
3.43
2
1.38
3.13
3.97
3.34
2.05
2.64
3.5
2.91
3.01
1.69
2.97
2.02
2.34
2.34
2
1.87
2.26
2.21
1.93
3.95
2.87
1.75
4.07
1.69
1.92
2.04
1.81
1.93
3.38
3.13
2.01
2.12
2.48
1.95
2
1.85
2.2
1.74
1.91
1.7
2.36
2.61
2.36
2.02
2.06
1.88
2.38
1.57
2.46
2.17
2.09
2.06
1.97
2.07
2.43
2.34
1.94
2.09
1.58
1.99
2.16
1.94
2.14
2.56
2.16
2.58
2.16
2.73
2.84
2.04
1.9
2.29
2.45
2.23
2.92
2.38
2.47
1.8
1.91
2.2
2.18
2.11
2.23
3.65
6.04
2.12
2.07
2.79
2.2
2.79
2.11
2.43
1.94
2.45
2.51
2.14
2.63
2.44
2.21
3.15
2.34
1.99
2.05
2.27
2.19
2.28
2.32
2.71
2.39
2.06
2.21
2.64
2.02
2.34
2.3
1.9
2
2.42
2.07
2.01
2.27
2.3
2.16
2.22
3.04
2.07
2.08
2.3
2.52
1.92
1.98
2.67
2.4
2.23
2.37
1.83
1.76
2.66
1.96
2.03
2.2
2.11
2.83
7.4
3.66
2.4
1.97
1.34
1.68
2.08
2.17
1.76
1.34
4.34
4.59
2.79
2.64
2.03
1.33
3
2.42
1.84
2.38
1.64
1.58
1.57
1.71
2.18
2.2
2.57
1.32
1.44
1.13
2.34
1.76
1.08
3.35
2.71
5.26
3.12
3.17
3.11
3.3
2.61
2.08
2.3
1.26
1.14
1.07
1.67
2.25
3.83
4.36
2.45
2.72
6.26
2.59
1.65
5.12
2.82
1.98
1.6
1.11
1.36
6.18
4.71
4.91
3.3
3.26
3.3
1.06
1.16
1.47
2.09
1.05
1.44
0.82
1.29
2.01
2.03
1.62
1.21
2.37
3.13
1.84
0.83
1.27
1.36
1.54
2.14
2.72
2.42
5.59
6.46
3.75
3.96
2.87
1.62
2.6
2.66
2.56
1.46
0.93
1.86
1.19
0.87
2.26
2.83
5.52
4.14
5.58
4.11
1.91
1.17
1.07
3.51
1.48
3.87
4.84
3.62
3.52
4
2.59
3.53
3.65
4.82
3.32
3.7
4.96
2.71
2.95
1.61
3.46
1.82
1.82
5.56
5.82
4.07
3.5
6.6
7.05
5.3
2.72
4.79
6.67
3.97
2.07
4.93
4.63
3.93
2.86
1.4
2.2
4.97
3.59
3.44
3.9
3.55
3.55
1.12
2.5
1.98
1.21
2.69
2.09
2.37
1.69
2.03
1.24
2.49
1.84
1.25
1.26
2.96
2.14
2.2
2.56
2.16
2.15
1.59
5.02
3.61
1.99
0.78
1.66
5.12
6.02
3.21
2.33
2.12
3.22
4.58
4.45
3.3
2.49
1.49
2
1.7
2.08
2.12
2.08
1.57
1.13
1.54
1.43
1.63
2.35
1.5
1.86
3.34
5.29
2.8
2.17
2.1
1.52
2.29
3.05
2.45
1.94
2.31
3.41
2.63
1.98
1.69
2.48
2.82
1.13
2.11
2.5
2.25
2.66
3.35
1.67
1.64
3.97
2.76
5.96
5.97
4.62
2.77
1.58
3.31
2.99
2.17
2.75
2.69
2.1
2.41
3.52
1.76
1.58
4.16
3.76
3
5.96
3.2
2.53
3.03
1.4
1.84
2.98
2.93
2.06
1.64
2.34
1.99
1.79
2.52
2.25
1.95
1.86
1.82
2.18
1.83
1.4
2.14
1.9
1.9
1.46
1.61
1.91
2.49
2.5
2.49
1.89
2.03
1.93
1.71
1.78
1.94
1.97
2.04
2.15
2.38
3.55
2.75
2.37
1.9
2.54
2.76
2.37
2.26
2.72
2.14
2
2.26
2.19
1.94
2.16
2
2.27
2.87
2.13
2.26
2.34
2.54
2.76
3.76
2.95
2.2
2.11
2.79
2.5
2.12
2.43
3.44
2.16
2.14
1.76
1.76
1.93
1.74
1.94
2.3
2.38
1.69
2.89
2.06
3.05
1.75
2.35
2.76
3.91
2.49
2.39
2.36
2.3
2.83
2.07
1.89
2.84
4.45
4.24
2.47
2.19
2.02
2.37
2.06
4.18
3.88
4.32
2.75
2.56
2.92
2.26
2.75
2.83
2.39
1.84
1.69
1.76
1.34
1.62
1.53
1.77
1.5
1.55
2.82
2.18
1.52
1.92
1.91
2.48
1.7
1.39
1.43
2.72
2.59
1.53
1.81
1.79
1.36
1.65
2.41
3.16
2.33
2.63
2.95
2.09
2.41
1.95
1.67
1.31
1.44
1.46
2.09
1.4
1.81
1.66
2.03
3.9
7.03
3.93
1.11
2.42
3.15
4.33
6.72
3.13
1.68
3.77
5.08
4.85
7.6
7.46
8.25
7.61
4.84
2.9
3.83
4.77
2.12
1.59
1.05
2.86
2.73
1.11
2.44
5.18
3.25
3.8
2.46
2.41
2.24
3.47
4.58
5.8
1.97
4.81
3.3
5.12
5.11
1.4
1.4
1.93
5.5
4.44
5.35
6.04
6.92
5.2
3.97
2.61
2.51
3.88
2.26
1.85
3.01
3.4
2.69
2.8
2.83
1.88
1.34
1.2
1.18
0.89
0.92
3.25
6.25
2.35
6.48
3.83
2.35
3.82
5.48
4.21
2.69
3.38
4.93
5.16
5.09
2.03
3.76
2.33
2.26
2.29
2.08
2.09
0.73
1.18
1.16
0.69
0.96
1.34
1.85
1.05
2
0.56
0.9
1.81
3.76
-99
-99
-99
0.98
1.64
1.79
2.99
2.4
1.44
2
1.73
1.64
2.02
2.29
1.64
2.15
1.12
0.37
-99
-99
-99
-99
-99
-99
-99
-99
-99
-99
-99
-99
0.74
1.42
1.01
0.46
1.29
2.32
0.62
0.6
1.19
1.01
0.92
1.02
1.32
1.5
1.23
1.95
6.8
4.97
0.46
0.86
0.77
0.33
1.52
0.45
0.7
0.42
0.4
0.51
0.43
0.43
0.47
0.36
0.72
0.35
0.95
0.44
1.14
0.82
0.54
0.93
1.39
0.92
0.87
0.4
0.3
0.26
0.33
0.69
0.47
0.37
2.47
3.53
0.63
0.95
1.09
0.68
0.78
1.07
0.89
0.77
0.94
0.55
0.45
0.38
0.55
0.55
0.85
0.67
0.64
0.86
0.59
0.87
0.48
0.41
0.71
0.61
0.53
0.69
0.52
0.54
0.51
0.58
0.51
0.48
0.57
0.64
0.86
0.45
0.5
0.96
0.5
0.95
0.44
0.5
0.54
0.55
0.57
0.5
0.54
0.45
0.52
0.48
0.48
0.81
0.54
0.48
0.6
0.58
0.45
0.39
0.53
0.67
0.49
0.52
0.67
0.38
0.55
0.62
0.54
0.63
0.98
0.55
0.84
0.52
0.64
0.81
0.82
0.48
0.66
0.61
0.8
0.47
0.68
0.51
0.48
0.55
0.45
0.73
0.48
0.77
0.68
0.68
0.53
0.73
0.77
0.74
1.1
1.22
0.54
0.51
0.74
0.67
0.48
0.53
0.47
0.55
0.62
0.42
0.65
0.54
0.83
0.77
0.61
0.48
0.24
0.4
0.78
0.83
0.49
0.54
0.45
0.49
0.54
0.53
0.7
1.12
0.45
0.43
0.55
0.58
0.43
0.62
0.43
0.7
0.86
0.88
1.1
1
0.53
0.36
0.27
0.35
0.31
0.35
0.54
0.45
0.42
0.67
0.53
0.41
0.38
0.39
0.3
0.82
0.5
0.61
0.59
0.61
0.79
0.76
0.69
0.31
0.47
1.09
0.34
0.7
-99
-99
-99
-99
-99
0.38
0.4
0.33
0.8
0.59
0.94
0.41
1.03
0.35
0.41
0.61
0.48
0.35
0.28
0.13
0.24
0.29
0.21
0.4
0.27
0.18
0.62
0.69
0.5
0.68
1.3
0.7
1.15
0.48
0.26
0.18
0.24
0.24
0.41
0.72
0.75
1.05
0.53
0.7
1.29
1.68
0.69
0.41
0.83
1.65
0.18
0.18
0.22
0.38
0.24
0.43
0.59
0.38
0.38
0.23
0.38
0.3
0.18
1.06
1.2
1.03
1.69
1
1.27
0.7
1.05
1.33
2.1
2.65
1.74
0.78
1.19
0.63
1.15
2.07
0.57
1.57
2.93
4.24
2.98
4.03
1.76
1.01
0.31
0.23
1.78
1.75
1.49
0.2
1.48
0.07
0.35
1.75
0.85
1.42
2.2
1.15
0.75
0.84
0.15
0.19
0.3
0.35
0.35
0.2
0.14
0.64
0.55
0.34
0.49
0.25
0.18
1.25
1.85
2.02
0.28
1.72
1.41
1.68
0.26
0.2
0.43
0.51
0
0.36
1.09
2.13
2.28
0.98
0.3
1.59
0.84
1.51
1.61
0.96
0.33
0.54
0.23
0.52
0.67
0.65
1.51
1.82
1.38
1.78
2.15
1.05
0.61
0.78
0.98
0.67
0.8
0.4
0.67
0.85
1.3
1.01
2
2.48
1.39
0.78
0.63
0.88
0.96
1.66
1.12
0.4
0.61
0.7
0.36
0.39
0.56
0.54
0.35
0.52
0.45
0.58
1.49
2.3
0.42
1.08
0.86
1.63
0.55
1.22
0.52
0.5
0.58
0.65
0.39
0.68
0.62
0.53
0.78
0.44
0.65
1.04
0.38
0.65
0.76
0.73
0.5
0.63
1.13
0.76
0.48
0.35
0.45
0.37
0.53
0.67
0.86
0.45
1.27
1.45
1.06
0.67
0.63
0.56
0.74
0.58
0.58
0.88
0.6
0.82
0.45
0.48
0.5
0.59
0.5
0.5
0.5
0.45
0.32
0.75
0.49
0.5
0.82
0.49
0.98
0.6
0.98
0.57
0.76
0.55
0.96
0.58
0.56
0.65
-99
0.95
0.5
0.56
0.55
0.46
0.57
0.45
0.6
0.55
0.49
0.59
0.75
0.2
-99
-99
-99
-99
0.71
0.62
0.58
0.81
0.56
0.6
0.58
0.46
0.63
0.73
0.99
0.95
-99
-99
-99
0.74
0.66
0.72
0.63
0.55
0.85
0.55
0.4
0.55
0.56
0.51
0.53
0.63
0.47
0.55
1.09
0.49
0.64
0.5
0.56
1.33
0.76
0.67
0.68
0.67
0.63
0.6
0.79
0.72
0.69
0.54
0.3
0.92
0.67
0.83
0.61
0.54
0.64
0.69
0.42
0.58
0.43
1.05
0.84
0.47
0.63
0.36
0.41
0.54
0.47
0.63
0.95
0.72
0.36
0.74
0.77
0.58
0.53
0.18
0.36
0.61
0.52
0.47
0.29
0.45
0.43
0.35
0.41
0.21
0.33
0.34
0.5
0.81
0.92
0.36
0.25
0.41
0.43
0.25
0.4
0.14
0.67
0.55
0.47
0.43
0.25
0.42
0.82
0.25
1.17
0.45
0.73
0.27
0.6
0.25
0.23
0.34
0.35
1
0.57
0.15
0.16
0.18
0.04
0.31
1.08
1.58
0.09
0.17
0.94
0.85
0.28
0.23
0.16
0.3
0.71
0.13
0.09
0.57
0.98
0.43
0.12
0.39
0.83
0.13
-99
0.1
0.25
0.21
0.2
1.27
0.39
0.1
0.1
1.22
1.28
1.51
1.33
2.04
0.74
1.99
1.24
1.15
0.59
1.17
0.77
1.58
1.34
0.82
0.34
1.64
0.91
1.17
0.9
1.68
1.77
1.32
1.21
2.03
0.89
0.82
0.59
0.25
0.24
1.5
1.94
0.47
0.6
2.59
2.08
1.07
0.81
1.47
0.42
0.28
0.27
0.75
0.57
0.47
1.3
0.79
1.77
1.76
2.07
0.91
0.27
1.55
1.25
0.57
1.43
1.7
0.5
1.07
0.4
0.52
1.91
1.69
1.83
1.22
0.9
0.4
2.25
0.98
0.54
1.25
4.44
1.78
0.89
0.6
0.65
1.27
0.99
0.18
0.17
0.37
1.32
1.54
1.77
0.75
1.29
1.12
2.3
1.19
1.85
1.73
0.57
0.45
1.18
0.85
0.63
0.42
1.4
0.88
1.25
1.53
0.8
0.79
1.11
1.81
1.48
1.42
0.73
0.56
1.2
1.2
1.92
2.01
2.39
1
0.59
0.65
0.83
0.63
0.94
2.25
1.09
1.58
1.41
1.48
0.9
0.92
0.75
1
0.43
0.5
0.8
1.13
1.11
0.77
0.55
0.65
1.07
0.85
0.6
0.57
0.58
1.34
0.51
0.36
0.46
0.45
0.43
0.83
1.27
0.61
0.88
0.61
0.56
0.78
0.63
0.58
0.74
0.78
0.68
0.63
0.65
0.57
0.46
0.86
0.94
0.96
0.48
0.63
0.88
1.36
1.15
1.15
0.87
1.18
0.86
0.6
0.96
0.69
0.94
0.57
1.21
2
0.51
0.72
0.62
0.51
0.49
0.66
0.7
0.8
1.23
1.04
1.2
1.01
0.6
0.53
0.8
1.29
0.77
0.85
0.51
0.43
0.62
0.97
0.83
0.49
0.6
0.6
1.25
1.55
0.83
1.02
0.54
0.55
0.68
0.77
0.7
0.58
0.75
0.8
0.65
0.67
0.65
0.54
0.85
0.58
0.71
0.44
0.86
0.87
0.87
0.88
0.59
0.73
0.89
0.55
0.55
0.7
0.51
0.66
0.58
0.54
0.63
0.53
0.54
0.49
0.57
0.74
0.65
0.74
0.66
0.59
0.63
0.65
0.58
0.66
0.61
0.58
0.53
0.62
0.74
0.69
0.65
0.55
0.65
0.69
0.53
0.54
0.53
0.82
0.64
0.46
0.78
0.5
0.48
0.95
0.7
0.78
0.41
0.43
0.49
0.63
0.75
0.6
0.56
0.6
1.56
1.3
0.55
0.5
0.95
0.88
0.53
0.44
0.75
0.55
0.47
1.22
0.4
0.55
0.63
0.95
0.68
0.55
0.65
0.75
0.53
0.65
0.38
0.47
0.43
0.61
1
0.62
1.33
0.53
0.83
0.5
0.49
0.32
0.42
0.64
0.72
1.38
0.4
1.27
1.41
0.54
0.55
1.03
0.59
0.5
0.42
0.38
0.75
0.7
0.73
0.46
0.37
0.32
0.42
0.53
0.97
0.64
1.62
0.46
0.8
0.87
2.29
1.05
0.55
0.48
0.44
2.28
2.85
0.84
1.35
1.59
1.25
0.38
1.05
0.78
0.92
0.7
2.07
1.39
0.77
0.52
0.5
1.58
1.22
2.75
3.94
2.31
2.13
1.23
1.38
3.27
1.13
1.54
0.99
1.08
1.6
1.45
1.64
0.93
3.04
1.55
1.18
1.15
1.13
2.03
0.66
0.75
0.5
0.59
0.65
0.64
0.54
0.53
0.68
1.2
2.29
0.66
0.54
0.76
0.83
0.67
1.93
1.26
0.71
0.74
1.31
1.85
1.38
1.24
0.85
0.45
0.34
1.32
1.21
1.35
0.92
2.11
2.27
1.24
1.81
2.23
1.75
0.6
1.22
1.3
0.68
2.44
0.62
2.5
2.68
0.64
0.6
1.66
1.3
0.83
0.73
1.65
0.89
0.71
0.98
0.6
0.56
0.54
0.49
0.59
0.7
0.41
0.5
0.5
0.54
0.27
0.22
0.33
0.43
1.11
0.56
0.55
0.24
0.84
0.49
0.53
1
1.28
2.38
0.73
1.22
3.79
0.63
1.45
1.05
0.58
1.75
1.13
0.92
0.67
0.86
0.67
1.1
0.87
0.57
0.5
1.03
1.1
0.72
0.82
1.12
0.94
1.23
0.95
0.56
0.89
1.02
0.7
0.98
1.57
1.25
0.76
1.38
0.77
0.33
1.37
1.51
1.65
0.93
0.65
0.85
0.85
0.65
0.45
0.98
1.17
1.21
0.53
1.09
0.75
0.52
0.54
0.6
0.59
0.53
0.49
1.7
0.81
0.64
0.65
0.84
0.6
0.77
0.63
0.69
0.56
0.47
0.68
0.51
1.01
0.61
0.42
0.48
0.47
0.63
0.68
0.74
0.69
0.71
0.4
0.55
0.54
0.48
0.54
0.77
0.55
0.85
0.88
0.47
0.42
0.76
0.85
0.86
0.49
0.51
1.09
0.71
0.45
0.32
0.68
1.58
1.06
0.55
0.48
0.5
0.6
1.33
0.62
0.56
0.59
0.82
0.62
0.52
0.8
0.8
0.53
1.04
0.54
0.56
0.75
0.55
0.54
0.69
0.56
0.52
0.51
0.62
0.68
0.66
0.59
0.51
0.7
0.84
0.6
0.6
0.48
0.64
0.68
0.81
0.7
1
0.57
0.52
0.46
0.51
0.81
0.59
0.48
0.64
0.54
0.58
0.7
0.63
0.57
0.77
0.58
0.52
0.88
0.7
0.64
0.48
0.95
0.44
0.5
0.77
0.6
0.57
0.64
0.52
0.59
0.69
0.62
0.36
0.53
0.47
0.57
0.5
0.52
0.75
0.77
0.4
0.98
0.65
0.53
0.51
1.23
0.65
0.53
0.55
0.43
0.53
0.62
0.93
0.94
0.68
1.24
0.64
0.61
0.54
0.68
0.75
0.45
0.3
0.67
0.43
0.61
0.58
0.55
0.64
0.9
1.1
0.89
0.51
0.47
0.73
0.96
0.56
0.65
0.54
1.03
0.61
0.47
0.38
0.43
0.39
0.83
0.55
0.44
0.55
0.39
0.45
0.44
1.7
1.61
0.85
1.08
0.93
1.14
0.35
0.57
1.89
0.63
0.41
1.15
0.87
1.3
1.26
0.89
1
0.98
1.55
0.59
0.8
0.59
1.03
2.16
1.5
2.5
3.35
0.73
0.89
2.42
2.56
0.95
0.77
2.08
0.94
1.29
0.63
1.27
1.37
1.94
1.61
1.21
1.65
2.63
1.73
1.24
0.33
0.22
0.63
0.7
1.06
1.13
1.05
0.85
3.05
1.17
1.71
1.57
3.57
5.08
2.17
0.81
0.65
0.54
1.5
1.05
0.56
0.44
0.21
0.43
0.25
0.73
1.28
0.71
0.87
1.7
0.52
1.23
0.8
0.54
0.38
2.36
1.08
1.83
2.94
1.63
0.58
0.7
1.38
1.93
0.85
1.45
1.61
3.42
2.99
1.68
1.25
1.27
1.31
0.52
1.1
0.29
0.61
0.37
0.59
1.35
0.65
0.81
0.88
0.94
2.3
1.65
1
0.58
0.7
1.25
0.44
0.42
1.59
3.03
0.67
0.54
1.28
1.68
1.29
1.06
0.41
1.32
1.12
0.52
0.34
0.37
0.31
0.85
1.26
1.27
0.72
1.1
1.28
0.63
0.56
0.62
1.35
0.83
0.78
0.83
0.64
0.76
0.92
0.83
0.5
0.78
1.25
0.95
1.5
0.8
0.6
0.48
0.69
0.65
0.9
1.1
1.53
1.65
0.5
0.64
0.68
0.56
0.95
0.68
0.58
0.8
0.99
2.03
0.88
0.68
1.05
0.64
0.53
0.73
1.02
0.95
1.01
1.78
0.79
0.7
0.53
0.91
1
0.73
0.68
0.74
1.86
1.28
0.75
1.55
0.6
0.95
0.54
0.73
0.58
0.7
0.7
0.58
0.43
0.98
1.22
0.6
0.52
0.63
0.83
0.68
0.47
0.59
0.56
0.59
0.63
1.3
1.47
0.74
0.86
0.88
0.6
0.67
0.83
0.6
0.44
1.26
0.85
0.95
1.41
1.18
0.8
0.79
0.68
0.52
0.56
0.58
0.68
0.63
0.53
0.62
1.14
0.7
0.46
0.6
0.71
0.72
1.11
0.6
0.69
0.97
0.77
0.71
0.64
0.75
0.65
0.63
0.8
0.36
0.48
0.57
0.58
1.12
0.63
0.71
0.5
0.55
0.49
0.85
0.65
0.76
0.63
0.77
1.84
0.7
0.73
0.65
0.68
1.18
0.64
0.95
0.75
0.65
0.65
0.56
0.59
0.63
0.72
0.75
0.81
0.61
0.61
0.66
0.79
0.58
0.86
0.74
0.71
1.26
0.69
0.67
0.64
0.69
0.63
0.62
0.6
0.43
0.68
0.6
0.79
0.79
0.65
0.6
0.48
0.47
0.92
0.59
0.99
0.9
0.65
0.68
0.67
1.2
0.73
1.05
0.82
1.11
0.84
0.79
0.54
0.67
0.64
0.78
1.11
1.75
0.78
0.9
0.95
0.59
0.65
0.54
0.58
0.54
1.19
0.85
0.95
0.53
0.58
0.43
0.79
1.23
0.85
0.86
1.48
1.36
1.96
0.93
1.34
1.67
1.28
1.28
0.88
1.26
1.17
1.33
1.53
1.5
0.85
0.65
1.04
0.9
1.69
0.8
0.68
1.07
1.84
2.31
2.44
2.85
1.88
2.31
3.23
1.83
2.2
1.71
2.04
1.1
0.92
1.05
2.34
1.13
0.82
0.71
0.67
1.05
1.78
1.84
1.5
2
0.9
1.32
2.03
2.2
2.63
2.18
1.36
1.69
2.01
1.97
2.83
2.59
1.41
1.18
1.67
1.34
0.85
1.59
1.88
3.53
2.56
1.92
2.46
1.8
2.72
1.56
1.72
2.41
1.83
1.89
0.59
1.74
3.21
2.7
2.08
1.79
-99
-99
0.95
0.9
0.71
1.71
1.4
1.82
2.49
1.84
1.61
2.36
1.89
2.29
1.59
2.06
0.99
0.58
0.69
1.5
1.95
1.33
0.66
0.66
1.21
2.11
1.78
3.13
1.97
2.24
1.15
1.16
1.25
1.45
0.78
2.8
2.43
1.33
0.67
1.32
1.25
2.5
1.32
1.74
1.81
0.75
0.75
1.53
1.56
1.65
1.93
1.33
2.55
3.99
3.58
3.1
2.51
0.92
2.69
2.02
1.06
1.24
1.25
0.99
1
0.93
0.47
1.94
1.2
1.96
0.73
1.98
2.25
2.42
1.13
0.99
0.98
1.22
1.93
0.88
0.71
0.8
0.81
1.23
3.16
2.68
1.05
1.2
3.24
2.11
1.51
1.23
1.26
1.4
1
0.91
1.1
1.17
1.56
0.99
1.33
0.88
1.04
0.95
0.97
1.04
1
0.8
1.55
1.2
1.21
0.79
1.23
1.04
1.44
1.27
1.15
1.55
1.22
1.03
0.82
1.26
1.06
1.66
1.88
1.16
1.24
1.55
1.25
1.58
1.59
0.81
1.17
1.11
1.43
1.62
1.89
1.07
1.1
1.25
1.25
0.94
1
2.36
1.49
1.03
1.06
0.81
1.1
1.15
1.56
1.04
0.93
0.91
0.96
1.05
0.91
1
1.22
0.72
1.48
0.91
1.23
0.99
0.91
1.25
2.2
1.23
1.25
1
1.32
1.32
1
1.02
0.98
1.16
1.21
1.41
1.05
0.89
0.9
0.95
1.02
1.05
1.1
0.98
1.4
1
0.9
0.98
0.86
1.01
1.24
1
1.07
0.98
0.93
1.25
1.27
1.05
0.93
1.01
0.93
1.41
1.43
1.2
1.49
1.16
1.18
0.83
1.06
0.96
1.14
1.36
1.35
1.33
1.44
1.27
1.22
0.93
1.11
1.1
0.99
1.27
1.33
1.22
1.53
1.28
1.19
1.14
0.78
0.89
1.45
1.66
0.94
1.05
0.99
1.72
1.82
1.48
1.13
1.23
1.33
1.15
0.86
1.42
0.94
0.96
1.6
1.58
1.37
0.94
1.07
0.99
1
1.38
1.13
1.66
0.97
0.89
0.83
1.09
0.7
0.56
0.98
0.79
1.23
1.38
1.48
1.39
0.82
0.8
0.84
0.72
0.73
1
2.16
1.23
0.96
0.92
0.91
1.05
1.4
1.03
2.24
1.38
1.33
1.93
1.5
1.83
1.63
2.6
1.1
1.08
0.86
0.94
1.9
2.98
1.61
1.39
0.8
1.02
1.62
1.8
1.62
1.96
2.11
1.75
0.87
1.68
1.4
2.38
3.63
3.2
2.15
1.84
2.15
0.78
2.23
1.93
2.01
1.25
1.3
1.81
2.23
1.9
1.89
1.73
3
1.54
1.14
2.24
1.17
1.07
2.76
2.26
2
1.85
2.05
2.98
2.2
2.18
1.26
1.59
2.22
0.98
1.23
1.13
1.42
2.1
2.21
0.96
1.23
2.03
0.95
0.72
1.96
2.2
2.32
3.38
1
0.88
0.72
0.66
0.48
0.65
1.44
1.44
1.49
1.16
1.82
1.45
2.37
1.1
2.1
1.68
1.58
2.78
2.49
2.25
0.93
0.78
0.87
0.92
1.42
1.9
1.28
2.19
1.48
2.45
1.39
0.79
1.17
1.23
0.84
1.36
3.19
4.16
3.6
3.53
2.93
1.02
0.95
0.87
0.94
0.94
0.83
1.45
1.4
1.47
2.01
2.11
1.42
2.08
1.9
1.1
2.3
2.06
1.14
1.3
2.37
1.29
1.73
1.34
1.43
1.46
0.5
1.33
1.06
1.36
1.09
1.1
0.85
1.57
1.23
1.5
1.64
1.05
0.82
1.08
1.57
1.82
1.44
1.69
1.03
1.11
1.18
1.22
0.87
1
1.81
1.51
1.14
0.96
1.18
1.21
1.97
1.14
1.22
1.05
0.95
1.01
1.66
0.95
2.27
1.96
2.19
0.75
1.48
0.97
1.2
1.54
1.05
0.9
1.03
1.24
1.06
1.15
0.92
1.06
1.74
1.54
1.12
1.07
1.02
1.03
0.88
1.62
1.56
0.93
1.25
1.22
0.9
1.1
0.93
1.1
1.32
1.04
1.65
1.55
1.06
0.98
1.22
1.03
1.29
1.01
1.05
1.16
1.22
1.02
1.2
1.15
1.3
1.02
1.18
0.95
1.38
1.14
0.94
1.05
0.92
1.02
0.95
1.38
0.98
0.8
1.34
0.96
1.05
1.32
1.13
1.08
0.95
1.24
1.36
0.95
1
1.04
1.14
1.25
1.01
1
1
0.97
1.4
1.93
1.47
1.04
1.03
0.97
1.53
1.11
1.16
1.13
1.02
1.11
0.95
1.05
1.58
1.7
1.23
1.69
1.13
1.73
1.6
1.62
1.26
1.17
1.32
1.67
1.1
1.07
1.25
1.35
1.03
0.95
1.1
1.06
1.18
1.12
1.25
1.01
1.05
1.08
1.08
1.4
1.19
1.54
1.03
1.03
1.08
1.09
1.12
1.12
0.99
1.06
1.09
1.22
1.09
1.2
1.03
1.05
1.21
1.5
1.13
1.16
0.98
0.88
0.97
1.03
0.9
0.98
1.05
1.15
1.2
1.06
0.98
1.09
0.9
1.04
1.03
1.18
1.18
1.05
0.95
1.23
1.48
1.41
1.07
0.97
1.03
0.87
1.11
1.17
0.98
1.02
1.11
1.06
1.05
1.44
1.19
0.98
1.22
0.88
1.43
1.16
1.8
2.13
1.05
1.33
1.05
0.97
0.87
0.7
1.03
1.13
1.05
1.25
1.18
0.75
0.98
0.85
2.52
1.47
0.78
0.68
0.76
1.44
0.81
0.7
1.21
1.42
0.95
1.14
1.77
1.5
1.87
1.08
0.78
0.97
0.74
0.65
0.76
0.81
0.78
0.57
0.75
0.73
0.78
0.72
1.28
0.95
0.88
0.92
2.03
0.82
0.85
1.44
1
1.23
1.51
2.18
2.4
1.76
1.8
1.95
1.21
1.03
1.37
1.38
1.85
3.25
3.04
2.83
4.45
1.77
1.48
1.58
2.31
1.65
2.64
3.5
2.51
2.25
0.9
1.11
2.3
1.59
1.78
1.61
2.77
2.53
1.84
1.27
2.55
1.14
2.32
2.61
3.2
0.84
0.78
1.51
2.43
0.83
0.81
0.53
0.73
1.33
2.4
1.98
2.16
2.83
4.4
2.2
1.21
0.73
0.68
1.08
0.93
1.58
1.68
0.51
1.68
1.91
1.85
1.35
2.07
2.61
2.28
3.61
2.61
1.3
1.3
1.04
0.71
1.41
1.32
0.57
1.58
0.79
1.37
1.19
2.72
2.63
1.57
1.1
2.3
1.58
0.98
0.76
1.01
1
1.05
2.22
1.52
1.14
1.21
1.18
1.35
1.33
2.11
1.65
1.41
1.02
0.95
1.05
1.03
2.06
1.34
1.51
1.02
1.08
0.74
0.89
1.02
0.79
0.91
0.85
0.85
1.7
0.93
0.94
0.85
0.4
0.43
0.4
1.29
2.24
1.38
0.91
1.49
1.99
1.03
0.97
1.83
1.45
1.91
1.45
1.98
2.5
1.83
1.11
1.13
1.3
1.48
1.86
0.9
0.9
1.35
1.93
1.42
1.17
1.03
1.3
0.95
1.6
0.98
1.82
1.68
0.84
0.94
0.83
1.54
0.92
1.38
1.19
1.19
0.89
0.99
0.88
0.89
2.19
2.27
1.65
0.83
0.98
0.9
0.81
1.05
0.85
0.93
0.98
0.84
1.01
1.3
1.02
0.87
1.13
0.76
0.91
1.27
1.25
1.13
1.42
1
1.03
1.06
1.08
0.83
1.12
0.93
1.24
1.28
1.29
0.88
0.92
0.87
0.95
1.2
1.04
0.84
0.85
1.55
1.22
0.85
0.95
0.85
1.1
0.86
0.88
0.95
0.92
1.1
1.21
1.25
1.04
1.36
1.02
1.16
1.05
1.01
1.1
1.1
1.05
1.05
1.45
1.29
1.12
0.95
1.23
1.2
0.82
1
1.05
0.97
0.98
1.02
0.99
0.87
1.26
0.96
0.87
0.89
0.93
0.98
1.11
1.33
1.19
0.81
0.84
1.02
0.9
0.99
1.29
0.95
0.89
0.94
0.94
1.6
1.22
0.9
0.68
0.66
1.03
1.25
1.05
1.28
1.36
1.1
0.95
0.86
1.11
1.11
0.87
0.98
1.15
1.17
0.96
1.8
0.75
0.62
0.63
0.95
1.03
0.6
0.88
1.08
2.48
1.66
2.05
0.77
0.58
0.66
1.65
1.17
0.66
0.78
1.05
0.7
0.7
0.92
0.68
0.66
0.64
1.41
0.74
1.13
1.52
1.17
1.48
0.73
1.05
0.94
0.98
0.71
0.38
0.42
0.65
0.5
1.62
2.08
2.02
1.32
0.46
1.4
3.43
1.55
1.4
1.69
2.03
0.87
1.17
0.62
1.38
1.49
0.95
2.45
1.33
1.07
0.59
0.88
0.47
0.77
1.06
1.65
0.86
1.51
1.3
1.32
0.42
1.12
1.01
2.03
1.51
1.49
2.25
2.36
1.04
2.9
2.43
1.39
2.25
1.74
2.61
1.23
0.84
0.91
0.83
3.1
3.12
2.63
2.03
1.67
0.69
2.2
2.23
1.13
2.17
0.69
0.95
2.14
2.35
2.26
1.92
2.04
1.98
1.22
1.47
2.07
3.93
5.06
2.24
2.7
3.26
3.65
2.48
1.38
1.36
1.85
1.71
2.1
2.37
0.58
1.16
1.86
2.29
1.78
2.1
2.26
1.57
2.06
1.24
2.55
1.29
1.8
3.02
2.23
2.74
2.42
3.17
2.5
2.67
2.22
2.5
1.1
1.39
2.32
2.57
1.69
1.13
1.27
1.19
0.73
0.53
0.62
0.54
1.48
0.58
0.89
1.16
1.56
0.99
0.88
0.75
1.05
1.81
1.83
0.99
1.36
1.74
1.01
2.24
2.74
2.17
2.65
2.74
1.82
1.21
1.91
1.5
1.42
0.98
3.31
0.87
0.92
1.48
1.01
0.91
0.95
2.21
1.11
0.47
1.32
2.12
2.85
1.43
0.96
1.47
0.93
0.68
1.51
0.99
2.34
2.01
2.58
1.15
2.3
2.41
0.88
1.1
0.87
0.92
0.93
0.91
1.29
1.38
0.96
0.98
1.49
1
1.16
0.62
0.98
0.59
0.66
1.22
0.96
1.58
1.5
1.13
1.17
1.28
1.17
1.02
0.66
1.15
1.03
1.27
0.74
0.66
0.59
1.29
0.95
1.72
1.61
0.54
0.67
1.7
1.63
1.41
1.43
0.91
0.74
1.05
1.59
1.27
1.59
2.03
1.83
1.48
1.18
0.92
0.93
0.93
0.89
1.11
1.24
1.07
0.89
0.9
0.86
0.78
0.8
1.05
0.96
1.84
1.63
0.7
1.19
0.86
1.63
0.85
0.86
1.06
0.81
1.02
0.77
0.96
0.87
0.84
1.1
0.84
0.93
0.96
0.88
1.03
0.97
0.9
1.32
1.2
1.16
0.85
1.06
1.11
1.08
1.03
1.2
0.98
0.79
1.17
0.91
0.93
0.9
1.1
1.35
1.23
0.85
0.9
1.03
1
0.85
0.9
0.95
0.9
0.94
1.08
1.69
0.98
0.78
1.01
1.03
0.89
0.77
1.15
0.85
1.1
1.28
1
0.88
0.97
0.85
1.18
1.46
0.67
0.91
0.56
0.89
0.73
1.03
1.7
0.83
1.13
0.71
1.1
0.78
0.74
0.61
0.9
1.07
0.95
0.95
0.85
1.52
0.84
1.1
1
0.91
0.94
1.12
0.73
0.72
0.67
0.66
0.93
0.81
0.79
1.21
1.57
1.21
1.03
0.73
0.9
0.95
0.98
1.03
0.65
0.63
0.7
0.88
0.84
0.99
0.79
0.88
1.69
1.4
0.56
0.51
0.59
0.54
0.74
0.98
1.31
0.69
0.52
0.73
1.74
1.97
0.85
1.39
1.85
2.08
1.85
1.26
3.21
1.96
1.49
0.64
2.13
1.7
2.35
0.77
0.9
1.28
2.05
1.09
1.29
0.6
0.92
1.56
1.87
2.88
1.98
1.31
1.93
2.68
2.5
1.65
1.18
1.92
1.38
2.24
2.53
1.11
2.07
5.42
5.74
1.35
0.67
1.49
0.6
0.8
1.81
0.71
1.58
2.77
0.68
0.4
0.75
1.63
1.43
1.3
1.09
1.81
2.36
2.65
2.86
2.17
2.22
2.05
2.29
2.28
1.8
1.8
1.99
1.45
2.8
2.88
1.06
0.7
0.78
0.53
0.44
1.16
2.1
1.98
1.46
1.78
1.52
0.92
0.86
2.18
1.82
1.2
1.84
2
1.05
2.52
2.6
2.37
1.67
1.26
1
1.22
2.1
1.42
1.59
2.62
1.35
2.46
2.06
1.83
2.49
2.96
2.71
3.11
1.66
-99
-99
0.99
1.22
1.92
1.61
1.13
1.51
0.98
0.72
1.35
1.53
2.06
2.53
1.91
1.13
2.85
2.47
0.9
1.35
1.42
0.95
0.97
1.06
0.71
1
0.83
1.12
1.72
2.35
1.43
0.92
1.58
0.85
0.8
1.08
1.83
2.26
2.25
1.78
1.63
1.06
1.75
0.98
0.53
0.87
0.88
1
1.9
0.94
1.01
1.03
0.95
0.9
0.92
1.23
0.82
1.49
0.82
0.76
0.86
0.75
1.1
1.07
0.42
0.74
0.66
1.2
1.13
1.43
1.79
1.08
1.03
1.08
1.21
0.87
1.28
1.37
1.2
0.78
1.06
0.79
1.24
0.84
1
0.9
0.93
0.91
1.19
0.99
1.05
1.16
0.8
1.11
0.98
1.12
1.66
1.56
0.71
0.8
0.81
0.98
0.72
1.15
1.03
1.69
1.49
1.28
0.87
0.93
0.95
0.81
0.98
0.88
0.66
0.88
0.86
0.81
1.1
1.15
0.85
0.88
1
1.04
1.13
1.28
1.04
0.84
0.88
0.95
0.9
0.9
0.94
1.06
1.13
1.06
0.71
0.86
0.79
1.28
1.85
1.03
0.78
1
0.96
1.05
1.26
0.9
0.92
0.8
0.98
0.93
1.21
0.79
1.05
1.62
1.26
1.39
0.95
0.86
0.83
0.96
0.87
0.46
1.02
1.35
1.2
0.64
0.76
0.99
0.93
0.88
1.22
0.68
0.85
0.79
0.76
0.87
0.94
1.52
1.26
1.18
1.14
1.32
1.14
1.03
0.83
0.6
0.53
0.95
0.9
0.89
1.02
0.85
0.85
0.72
0.65
0.66
1.01
0.64
0.74
0.62
0.84
1.03
0.7
0.76
1.07
0.72
0.95
0.62
0.69
0.68
0.78
0.76
0.64
0.61
0.87
0.68
0.77
0.44
0.72
0.85
0.79
0.64
0.87
0.49
0.64
0.51
1.04
0.9
0.47
0.73
0.76
0.88
0.99
0.98
0.79
0.72
0.77
0.94
1.18
0.51
2.38
1.78
1.41
1.06
0.58
0.85
1.44
1.46
1.29
1.64
0.9
0.7
0.51
0.45
0.48
0.66
0.47
0.48
0.72
1.28
1.52
1.43
2
1.4
1.17
1.36
1.18
0.76
2.16
1.7
1.01
2.66
3.07
2.2
1.39
1.06
0.55
0.45
0.45
0.58
0.47
0.32
0.7
0.58
1.39
1.71
0.86
1.12
2.78
1.98
1.05
1.41
1.09
2.16
2.3
2.59
2.61
1.26
1.44
0.7
0.55
0.59
2.92
1.91
3.94
3.08
1.92
2.49
0.83
0.97
0.84
2.07
1.46
2.78
1.52
1.32
2.95
2.61
1.58
3.07
3.64
2.22
1.04
1.49
0.6
1.41
4.27
2.69
1.82
2.92
1.2
1.33
1.43
1.5
1.67
1.36
0.66
2.43
2.05
1.92
2.22
2.51
1.9
1.82
2.02
1.68
3.94
2.24
2.19
2.44
1.52
0.88
0.93
1.12
2.23
1.57
2.35
1.39
1.67
0.82
0.68
1.44
2.21
1.38
0.95
1.12
1.91
0.82
1.2
1.22
2.32
1.93
2.26
1.56
0.73
1.33
1.21
1.28
1.84
0.71
1.41
2.79
1.18
1.88
0.83
0.75
0.87
0.84
0.85
0.74
1
1.28
0.54
0.86
0.84
0.85
1.2
0.94
0.58
0.8
0.89
0.99
1.73
1.43
1.79
1.4
1.86
1.42
1.35
1.67
0.78
0.8
1.26
0.89
0.96
1
0.96
0.96
0.79
0.9
1.06
1.11
1.06
0.92
1.23
0.93
0.92
0.9
0.88
0.67
1.11
1.26
0.84
0.87
2.06
1.1
0.92
1
1.73
0.86
1.18
0.77
1.34
1.09
0.95
1.31
0.99
0.84
0.94
1
0.96
1.5
1.99
1.45
2.19
1.24
0.55
1.12
0.94
1.28
1.26
1.18
1.32
1.62
1.52
1.15
0.99
1.08
1.1
0.98
0.98
0.8
0.93
1.16
0.97
1.07
0.88
0.98
0.9
1.13
1.22
0.79
1.26
0.6
0.78
1.56
1.27
1.2
1.14
0.91
1.2
1.03
0.88
0.94
1.23
0.92
0.88
1.17
1.36
0.94
0.93
0.91
1.25
1.34
1.11
1.03
1.09
1.2
1.05
0.94
0.89
0.84
0.88
0.93
1.09
1.03
1.04
1.05
0.82
0.99
1.17
0.95
1.14
1.08
1.37
0.91
1.05
1.02
0.84
0.96
0.84
1.01
0.84
1.03
0.83
0.88
0.99
0.88
1.31
0.96
0.97
0.81
0.76
1.12
0.81
0.88
0.89
0.55
0.84
0.85
1.07
0.86
1.1
1.47
0.96
1.44
1.02
0.85
0.76
0.86
1.06
1.05
0.88
0.78
0.69
0.85
0.84
0.74
0.64
0.78
0.48
0.57
0.69
0.86
1.1
1.04
2.08
1.53
1.28
1.08
0.83
0.86
0.94
1.1
1.46
0.79
0.9
0.49
0.68
0.72
0.69
0.66
0.67
0.92
0.68
1.64
2.38
0.95
0.86
0.71
0.98
0.68
0.67
0.95
1.1
1.83
0.63
0.72
0.54
0.4
0.48
1.64
2.02
1.62
0.5
0.52
0.25
0.52
2.15
0.84
0.71
0.77
0.84
1.9
0.93
0.95
1.26
0.55
0.67
0.62
1.95
1.66
0.8
0.58
1.1
2.68
0.81
0.83
0.96
0.96
1.12
3.46
2.81
1.27
0.93
1.98
1.71
0.72
0.82
1.75
1.89
1.49
1.06
0.97
0.61
0.64
0.63
0.49
0.41
0.56
1.06
0.93
1.2
0.81
0.75
1.03
1.89
1.15
0.63
0.64
0.49
0.34
1.51
1.34
1.18
0.96
1.11
0.77
0.68
0.61
1.4
1.01
1.11
0.88
2.35
3.33
2.35
1.9
3.03
4.31
3.31
3.29
2.55
2.38
2.56
1.81
2.86
1.5
1.76
1.79
1.1
1.34
0.98
0.65
0.79
0.76
0.65
0.84
0.7
0.76
1.49
0.96
1.83
2.04
2.22
1.59
1.03
2.05
2.52
0.65
1.71
2.81
4.33
2.85
0.88
3.23
3.03
2.11
1.39
0.93
1.92
1.2
1.32
1.12
1.64
1.02
1.06
2.06
1.62
0.99
1.05
1.56
1.96
2.32
2.46
2.09
1.79
2.38
1.43
1.11
0.98
1.5
1.46
1.36
1.25
1.43
0.67
0.94
1.18
0.49
0.73
0.36
0.61
1.09
1.35
1.95
1.09
0.91
1.65
1.42
2.23
1.67
0.93
1.5
1
1.02
1.09
0.77
1.13
2.27
1.81
0.93
1.39
1.35
1.59
1.6
2.13
1.26
1.38
2.31
1.85
0.93
0.84
1.41
0.66
0.91
1.04
1.27
1.27
1.14
0.73
0.53
0.84
0.95
1.49
1.46
1.34
0.92
1.05
0.78
0.61
0.6
0.78
1.01
1.52
1.17
1.12
1.45
1.57
1.22
0.77
1.4
0.94
1.04
1.36
1
1.28
0.87
0.75
0.86
0.71
1.05
2.06
0.94
0.99
1.09
1.11
0.97
1.25
1.15
0.85
0.99
0.88
0.86
0.81
0.78
0.94
0.8
1.17
0.99
2.35
1.39
1.03
1.17
1.08
0.91
0.93
1.37
1.06
0.89
1.12
1.16
0.88
1.13
0.92
0.9
1
0.84
1
0.75
1.16
0.98
0.93
1.31
1.2
1
1.05
1.41
1.34
1.01
0.89
1.01
0.98
1.05
1.03
0.88
0.89
1.65
1.33
0.9
1.01
0.89
0.92
0.95
1.15
1.07
1.19
0.94
1.01
1.08
1.17
1.08
0.9
1.31
1.17
1.01
1.58
0.98
1.01
0.91
1.01
1.09
1.17
0.79
0.88
0.77
1.31
0.99
0.84
0.93
1
0.93
0.94
0.92
0.91
1.22
0.92
1
1.03
1.27
0.95
0.81
0.97
0.86
0.82
1.07
0.96
0.77
0.91
1.13
1.25
1.5
1.12
1.14
1.18
1.92
0.9
0.66
0.85
0.78
0.65
0.79
0.81
0.66
0.83
0.74
0.93
0.73
0.65
0.64
0.68
0.6
0.82
0.7
0.74
0.67
0.78
0.6
0.34
0.49
1.14
0.6
0.69
0.66
0.93
0.55
0.68
0.65
0.33
0.82
0.55
0.85
0.74
0.84
1.5
0.61
0.61
0.55
1.09
1.27
0.61
1.11
2.41
1.43
1.15
1.66
2.16
2.18
1.49
0.87
0.64
1.25
1.02
0.75
0.81
0.67
1.1
1.17
1.41
0.67
1.43
1.4
1.18
0.7
0.57
0.54
0.6
0.51
1.43
1.68
0.69
0.6
0.58
0.65
0.74
0.74
1.92
1.27
1.01
1.08
0.6
0.73
0.49
0.57
1
0.72
1.14
1.57
1.53
1.69
2.29
1.52
4.27
0.78
0.88
0.73
1.71
0.67
0.59
2.02
1.27
0.76
1.74
0.8
1.07
0.66
2.59
2.23
1.49
0.85
2.14
1.86
1.41
1.86
1.34
2.03
2.91
1.8
1.16
1.77
1.86
1.17
2.73
0.81
0.36
0.65
0.69
0.99
0.72
0.61
0.52
1.42
2.33
2.5
3.51
3.23
1.22
1
1.22
0.59
0.85
1.61
1.58
0.7
0.59
0.46
1.17
0.68
0.83
1.4
2.7
2.05
0.73
0.6
1.28
0.96
1.5
3.81
-99
1.13
1.23
2.48
2
2.96
1.42
0.87
1.72
0.79
0.81
0.8
1.3
1.24
1.03
0.84
0.96
1.33
0.87
0.86
0.78
1.33
1.42
1.07
1.41
0.71
0.55
1.01
0.89
1.29
1.19
1.05
1.4
1.91
1.23
0.9
1.37
1.31
1.09
0.87
1.52
0.93
0.82
0.84
0.97
0.85
1.53
0.73
0.9
0.67
0.94
1.03
1.28
1.23
0.92
1.09
0.52
0.9
1.07
1.6
1.7
1.14
1.12
0.64
1
0.85
1.77
0.86
0.78
0.89
0.97
0.91
1.85
1.94
0.66
0.8
1
0.87
1.22
1.31
0.88
0.82
1.07
0.92
1.19
0.91
0.86
0.84
0.77
0.79
0.63
0.82
0.91
1.05
0.98
1.06
0.9
1.24
1.11
1.26
0.96
0.85
0.94
0.83
0.91
0.94
0.89
0.94
0.8
0.85
0.87
1.09
0.95
1
0.9
0.88
0.68
1.04
0.94
1.63
1.62
1.25
0.9
1.65
1.11
0.98
0.95
0.93
0.93
0.85
1.08
0.95
0.87
0.92
1.09
0.89
1.08
0.94
0.97
0.99
1.06
0.9
0.69
0.9
0.8
1.15
1.38
1.35
1.12
1.02
0.99
0.94
0.99
0.72
0.96
1
0.9
0.97
0.94
1.04
0.84
1.08
1.06
1.35
0.89
0.9
1.32
0.79
0.71
0.9
1.05
0.9
0.84
0.96
1
0.96
0.95
0.85
0.75
0.99
0.81
1.67
1.57
0.81
0.96
1.35
0.74
0.57
0.74
0.78
1.2
0.8
0.82
1.05
1.45
1.03
1.58
0.94
1.48
1.44
1.33
0.81
0.98
0.72
0.8
0.6
0.71
1.26
1.12
1.16
0.65
0.7
0.65
0.53
0.42
0.57
0.62
0.69
1.02
1.08
1.28
1.09
0.78
0.61
1.05
0.67
1
0.53
0.65
0.58
0.7
0.69
0.33
0.38
1.1
1.55
1.95
1.63
0.78
0.69
1.46
1.77
2.2
1.57
0.79
0.67
0.71
0.58
0.8
1.41
1.9
1.49
1.12
1.55
2.04
2.31
1.61
2.32
1.44
1.06
0.8
1.88
0.92
1.93
1.2
1.54
0.69
0.74
2.33
1.81
1.8
1.05
1.43
0.75
1.43
1.67
1.56
2.51
2.48
2.25
0.71
0.8
2.51
1.71
3.34
3.01
1.35
2.73
3.03
2.06
1.63
1.41
2.39
0.93
1.15
2.02
4.45
2.28
2.13
0.94
2.24
3.02
1.83
1.77
2.82
2.51
2.84
2.13
2.73
2.75
2.78
1.12
1.1
1.84
2.17
2.4
1.71
2.09
0.62
1.41
2.98
3.13
1.8
2.3
1.24
2.48
1.96
1.97
2
1.11
0.56
0.78
1.18
1.06
1.88
1.4
1.05
1.22
1.25
2.16
0.66
0.59
0.82
1.64
1.49
1.4
1.29
2.14
0.63
1.95
1.24
1.57
1.05
0.77
1.65
0.59
0.87
1.76
0.91
1
0.99
1.36
1.14
0.63
0.35
0.91
2.38
2.22
0.71
1.09
1.91
1.43
0.52
1.18
1.25
2.36
2.35
0.99
1.18
2.33
1.96
1.76
1.12
1.54
1
1.56
1.48
1.83
1
0.83
1.47
1.63
1.62
0.88
1.98
2.5
1.52
0.81
1.18
2.33
1.08
1.08
1.34
0.84
1.12
1.31
1.32
1.18
0.6
0.61
1.1
0.96
0.99
0.87
0.93
0.84
1.12
0.98
0.79
0.78
0.98
1.4
0.8
0.81
1.9
1.38
0.56
0.92
1.02
1.41
1.67
0.65
0.86
0.64
0.91
0.7
0.9
0.9
1.23
0.88
1.13
1.51
0.76
0.8
0.66
0.66
0.81
0.53
0.79
0.84
1.01
1.03
0.85
0.76
0.81
0.7
0.93
0.66
0.76
0.37
0.82
0.59
0.47
0.6
0.94
0.9
1.01
1.05
1.56
1.19
1.44
1.16
0.79
0.89
0.83
0.98
0.72
0.62
0.9
0.66
0.68
0.69
0.82
0.93
0.83
0.77
0.74
0.73
0.65
0.76
0.88
1
0.98
0.84
0.84
0.94
0.92
0.92
0.86
0.74
0.79
0.84
1.05
1.23
0.82
0.95
0.9
1.26
0.76
1.09
0.78
0.66
1.38
1.31
0.92
0.7
0.7
0.78
0.81
0.81
0.86
1.12
1.08
0.84
0.93
0.88
0.79
1.07
0.89
1.6
0.9
1.06
1.18
0.95
0.81
1.08
1.19
1.05
0.78
0.83
1.11
1.17
1.27
0.95
0.8
1.14
1.11
0.9
0.58
0.76
0.7
0.75
0.78
0.8
0.78
0.86
0.68
0.74
0.71
0.72
0.73
0.79
0.83
0.54
0.84
0.71
0.48
0.83
1.16
1.1
0.66
0.61
1.04
0.88
0.73
0.78
0.84
1.14
0.9
1.55
1.61
1.23
0.75
0.72
0.91
1.14
0.87
0.92
0.54
1.1
0.6
0.61
1.34
0.97
0.47
0.58
0.69
1.02
0.52
1.33
1.07
2.03
4.74
1.33
0.53
0.75
0.67
2.34
0.92
0.65
0.57
0.69
1.79
1.06
0.8
1.85
1.4
0.4
1.31
1.84
1.26
0.53
0.48
0.53
0.31
0.55
0.38
0.47
0.22
0.48
1.49
0.68
0.98
1.53
2.33
1.28
1.83
0.81
0.43
1.1
2.6
1.76
2.94
1.37
1.21
0.8
1.83
2.37
1.96
1.21
0.79
0.58
1
1.34
2.1
2.01
1.42
1.06
1.79
1.29
1.94
1.77
1.29
1.52
0.65
0.55
1.4
0.79
0.84
1.35
0.95
1.34
2.94
0.67
0.8
3.57
3.57
1.75
4.49
1.81
1.43
2.39
2.8
2.59
1.49
2.12
0.65
0.83
1.8
0.6
0.47
1.36
2.49
1.83
1.95
0.8
1.9
1.94
1.75
1.74
2.56
2.96
1.85
2.41
1.67
1.7
1.58
1.05
0.67
1.4
0.87
2.46
1.01
1.65
1.09
0.77
0.83
0.88
0.84
0.79
0.76
0.37
0.79
2.28
0.84
0.75
0.84
1.34
1.81
0.78
1.6
0.9
0.99
2.22
0.66
1.35
1.84
0.97
0.93
0.9
0.65
0.8
0.87
1.63
1.26
1.45
1.18
1.1
0.61
0.99
0.95
0.94
0.94
1.1
1.11
1.1
1.06
0.96
1.13
0.97
0.75
0.75
0.89
1.21
1.05
1.17
1.76
1
0.96
0.94
1.64
0.99
1.18
1.4
0.83
0.76
0.7
0.85
0.96
1.19
1.26
2.09
1.85
0.75
1.58
1.55
1.71
0.68
0.81
0.58
0.75
0.86
0.84
0.52
1.81
1.25
1.08
0.83
1.57
1.39
1.39
1.05
1.36
0.82
1.02
0.96
1.14
0.5
1.04
0.87
1.21
0.71
0.76
0.85
0.53
-99
-99
1.61
0.95
1.13
0.92
1.02
1.26
1
1.19
0.91
1.18
0.89
1.08
0.85
0.57
1.4
0.57
0.8
0.73
1
0.89
0.85
0.89
1.05
0.8
0.84
0.8
1.28
0.97
1.01
1.11
1.21
0.8
1.2
0.89
0.83
0.88
0.88
0.9
0.82
1.07
1.02
1.03
1.03
0.84
1.2
1.01
0.86
0.89
0.67
0.99
1.36
0.87
1.02
0.78
0.78
0.72
0.85
1.03
0.73
0.79
0.75
0.69
1.06
0.77
0.88
0.89
0.8
1.25
1
0.83
0.85
0.78
0.8
0.99
1.24
0.87
0.88
0.93
1.21
0.83
0.86
0.71
0.93
0.92
0.96
0.75
1.25
0.84
0.86
0.86
0.98
0.8
0.53
0.65
0.93
0.89
0.96
0.84
-99
-99
0.75
1.65
0.98
1.28
0.87
0.92
0.7
2.43
0.75
0.73
0.8
0.85
0.66
0.83
0.97
0.67
0.81
0.44
1.02
0.97
1.45
0.77
0.6
0.77
0.69
0.84
0.84
0.88
0.92
0.89
0.67
0.78
0.54
0.75
0.73
0.66
0.75
0.71
0.56
0.61
0.66
1.7
1.25
1.1
1.34
0.95
0.9
0.86
1.14
0.83
1.06
1.05
0.54
0.55
0.46
1.17
0.9
0.62
0.61
1.23
2.61
2.89
2.74
1.66
1.83
2.39
1.9
1.43
2.87
1.58
0.67
1.15
1.53
1.42
1.83
1
1.68
0.69
1.21
0.91
2.44
2
1.19
1.61
2.63
2.48
1.23
0.67
0.83
0.81
0.88
1.36
0.76
0.92
1.17
2.11
2.51
1.87
2.02
3.21
3.63
2.36
2.52
0.37
0.56
0.53
0.75
1.7
2.33
3.54
1.36
1.86
1.33
2.1
1.55
0.66
0.8
1.32
1.17
0.63
0.83
1.41
2.19
1.81
0.85
1.62
0.69
0.55
0.92
1.56
1.03
1.47
1.1
0.86
0.71
2.23
0.71
1.6
2.92
2.03
1.42
1.04
0.77
0.33
0.74
2.38
3.24
1.08
1.76
1.33
1.53
1.85
2
1.66
1.71
0.7
0.53
0.44
1.69
2.29
1.13
0.48
1.4
0.49
0.93
0.65
1.38
0.84
0.89
0.8
1.29
1.05
1.3
1.48
1.34
1.86
2.16
1.26
1.94
2.03
2.73
2.71
1.13
2.49
2.41
0.95
0.94
1
1.31
1.06
0.75
0.73
0.76
0.85
1.08
0.58
0.56
0.77
0.87
0.68
0.7
0.48
0.77
0.89
1.08
1.41
0.86
1.18
0.78
0.46
0.52
1.1
1.43
0.81
0.84
0.74
0.56
0.76
0.68
0.79
0.81
0.84
0.45
0.67
0.92
0.6
0.88
1.14
0.39
0.58
0.55
0.8
0.76
0.78
0.69
0.69
0.61
1.7
1.05
2.35
2.75
1.49
0.69
0.74
0.71
0.88
0.7
0.75
0.64
1.46
2.56
1
1.05
0.56
0.92
0.86
1.32
0.68
1.36
0.95
1.04
0.75
0.95
0.92
0.57
0.64
0.78
0.77
1.41
0.74
0.83
0.88
0.69
0.85
1.29
1.08
0.88
0.71
1.25
1.09
1.09
0.65
1.57
1.24
1
0.89
0.6
0.87
0.71
0.66
0.84
0.62
0.69
0.84
0.75
0.74
0.7
0.68
0.68
0.77
0.64
0.78
0.98
1.21
0.93
0.65
0.88
0.85
0.86
0.72
0.77
0.96
0.67
0.61
1.09
1.06
0.7
0.67
0.94
1.02
0.74
0.75
0.75
0.86
0.86
0.76
0.84
0.88
0.69
0.64
0.76
0.82
0.89
1.5
1.27
0.93
0.85
1.3
1.27
0.86
1.01
0.98
0.69
0.91
0.69
0.72
0.87
0.72
0.78
0.55
1.22
0.86
0.69
0.89
1.05
0.99
0.96
0.73
0.76
1
0.91
1.14
1.19
0.69
0.75
0.68
0.71
0.66
1.29
0.99
1.13
0.51
1.01
1.36
1.12
0.94
0.71
0.67
0.65
0.61
0.35
0.86
1.22
0.55
0.84
0.93
1.41
2.85
1.79
0.93
0.83
0.7
0.7
0.81
1.67
2.92
1.83
1.03
1.38
1.23
0.6
0.95
0.61
1.05
1.38
0.9
0.76
1.16
1.71
0.84
0.69
0.57
0.83
0.76
0.35
1.58
1.33
1.81
1.55
1.99
0.9
0.59
1.43
1.31
0.99
0.81
0.48
0.85
0.74
0.87
1.16
0.78
0.58
0.79
0.77
0.92
0.45
0.47
2.04
0.72
0.9
0.66
1.48
1.6
1.1
0.64
1.09
0.71
0.54
0.38
0.5
0.52
0.84
1.09
1.21
1.36
1.42
1.74
1.83
2.56
2.41
2.2
1.23
2.03
1.09
2.08
1.11
0.42
1.15
0.86
0.45
0.22
0.43
1.15
1.63
0.79
1.07
1.39
1.95
2.29
2.76
3.12
2.79
2.38
2.15
1.26041666666667
1.54791666666667
1.26875
1.43958333333333
1.36041666666667
0.722916666666667
0.845833333333333
0.941666666666667
1.375
1.525
2.28125
3.95833333333333
5.00416666666667
3.0625
1.60625
1.92916666666667
2.02916666666667
0.860416666666667
0.704166666666667
0.654166666666667
2.72291666666667
2.98958333333333
3.73541666666667
2.97083333333333
1.95
0.662222222222222
1.55625
2.53125
1.73095238095238
2.52444444444444
2.5125
2.61875
1.38541666666667
1.83541666666667
0.622916666666667
0.54375
0.883333333333333
0.99375
3.03333333333333
2.1875
1.91666666666667
1.04791666666667
1.13541666666667
1.17083333333333
0.795833333333333
0.61875
1.03958333333333
0.514583333333333
0.585416666666667
0.710416666666667
0.675
1.31458333333333
0.679166666666667
0.402083333333333
0.49375
0.802083333333333
0.577083333333333
1.06041666666667
0.589583333333333
0.560416666666667
0.489583333333333
0.43125
0.379166666666667
0.710416666666667
0.504166666666667
0.277083333333333
0.7375
1.15208333333333
1.63333333333333
1.11458333333333
0.827083333333333
1.26875
1.48541666666667
1.02083333333333
0.725
1.37291666666667
1.28958333333333
0.775
0.858333333333333
1.69583333333333
1.025
1.54375
0.841666666666667
0.80625
0.722916666666667
0.7375
1.125
0.835416666666667
0.902083333333333
0.875
0.833333333333333
0.9375
0.879166666666667
0.845833333333333
1.09166666666667
1.38541666666667
0.877083333333333
0.889583333333333
0.6
0.333333333333333
0.647916666666667
1.02083333333333
0.710416666666667
0.627083333333333
0.816666666666667
0.79375
1.22291666666667
1.11875
0.895833333333333
0.372916666666667
0.520833333333333
0.741666666666667
1.05
0.94375
0.854166666666667
0.677083333333333
0.63125
0.63125
0.56875
0.43125
0.75
0.88125
0.839583333333333
1.10416666666667
0.927659574468085
1.00833333333333
0.8125
0.9875
0.8875
1.17916666666667
1.22083333333333
1.5
1.64583333333333
0.954166666666667
1.24375
1.48541666666667
1.12916666666667
1
1.30833333333333
0.775
1.01458333333333
0.845833333333333
0.7375
1.36875
0.964583333333333
0.7875
1.05833333333333
0.9125
0.98125
1.03958333333333
0.764583333333333
0.80625
0.927083333333333
0.91875
0.877083333333333
0.854166666666667
0.8375
0.960416666666667
0.86875
0.883333333333333
1.12291666666667
0.93125
0.820833333333333
1.15208333333333
1.04791666666667
0.970833333333333
0.8125
0.90625
1.43541666666667
0.739583333333333
1.025
1.50833333333333
1.22083333333333
0.764583333333333
1.30416666666667
0.933333333333333
1.01875
1.125
0.85
1.01875
0.972916666666667
0.925
0.877083333333333
0.825
0.866666666666667
0.927083333333333
0.989583333333333
0.922916666666667
1.19791666666667
1.06041666666667
1.56875
0.95
1.04166666666667
1.32708333333333
1.425
1.15625
0.895833333333333
0.870833333333333
1.00416666666667
1.48125
1.03958333333333
1
1.21875
1.01666666666667
0.795833333333333
0.966666666666667
0.616666666666667
0.972916666666667
0.8375
0.7375
1.00833333333333
0.89375
1.07708333333333
0.76875
1.12916666666667
0.677083333333333
0.952083333333333
0.839583333333333
0.802083333333333
0.858333333333333
0.74375
0.61875
0.820833333333333
0.997916666666667
0.772916666666667
0.88125
0.802083333333333
1.13125
1.29791666666667
1.22708333333333
0.735416666666667
0.939583333333333
0.83125
0.820833333333333
0.779166666666667
0.79375
0.81875
0.9625
0.822916666666667
0.791666666666667
0.935416666666667
0.60625
0.710416666666667
0.708333333333333
0.820833333333333
0.716666666666667
0.689583333333333
1.05833333333333
0.952083333333333
0.547916666666667
0.804166666666667
0.797916666666667
0.73125
0.822916666666667
0.682926829268293
0.870833333333333
0.708333333333333
0.829166666666667
0.629166666666667
1.08541666666667
0.597916666666667
0.91875
0.88125
0.629166666666667
0.64375
0.322916666666667
0.429166666666667
0.810416666666667
0.970833333333333
0.989583333333333
0.79375
0.595833333333333
0.797916666666667
0.577083333333333
0.902083333333333
1.3
0.958333333333333
1.14375
0.629166666666667
1.1375
0.747916666666667
0.539583333333333
0.491666666666667
1.13333333333333
0.854166666666667
0.702083333333333
0.666666666666667
0.695833333333333
0.53125
0.5375
0.416666666666667
1.36041666666667
0.875
0.614583333333333
0.60625
1.325
0.897916666666667
0.670833333333333
0.6625
0.622916666666667
0.679166666666667
0.75
1.08958333333333
1.2
2.05625
1.90625
1.38541666666667
1.34166666666667
1.33333333333333
1.57291666666667
2.52708333333333
1.9625
1.70208333333333
0.83125
0.85
1.04791666666667
0.854166666666667
0.841666666666667
1.05833333333333
2.15625
1.8
1.48958333333333
0.7
0.458333333333333
0.797916666666667
0.6375
0.73125
0.777083333333333
0.96875
1.60625
2.36875
2.21666666666667
0.933333333333333
0.983333333333333
2.10625
1.3625
1.58125
2.64166666666667
2.76666666666667
1.63333333333333
2.13333333333333
3.07291666666667
1.96458333333333
2.87291666666667
0.560416666666667
1.525
0.979166666666667
0.7125
0.760416666666667
0.71875
0.416666666666667
0.56875
0.558333333333333
2.1
0.65
0.354166666666667
0.660416666666667
0.654166666666667
2.07916666666667
1.30208333333333
3.09791666666667
2.90625
2.1375
1.56458333333333
0.8875
1.59583333333333
1.26458333333333
1.39375
2.48958333333333
1.18958333333333
1.94166666666667
1.80625
2.43541666666667
1.91041666666667
0.41875
0.591666666666667
1.01458333333333
1.38541666666667
0.783333333333333
2.94375
1.47708333333333
2.85208333333333
1.79583333333333
0.4875
1.11666666666667
1.14166666666667
1.53333333333333
0.74375
0.758333333333333
0.927083333333333
1.84375
1.14166666666667
2.15208333333333
1.6375
1.53125
2.91875
1.875
2.325
1.20833333333333
0.560416666666667
0.602083333333333
1.88333333333333
1.73333333333333
0.822916666666667
0.79375
0.929166666666667
0.595833333333333
0.470833333333333
1.52916666666667
1.70208333333333
1.375
1.83958333333333
1.56666666666667
0.804166666666667
1.2625
1.77708333333333
1.37916666666667
1.48958333333333
0.875
0.929166666666667
0.954166666666667
0.66875
0.816666666666667
0.55625
1.02916666666667
0.59375
1.2375
1.03958333333333
1.52083333333333
0.383333333333333
0.518604651162791
0.525
0.641666666666667
0.75625
0.585416666666667
0.4125
0.5625
1.26875
0.9375
0.582978723404255
1.53125
1.44583333333333
0.95625
0.702083333333333
1.25833333333333
0.804166666666667
0.754166666666667
0.410416666666667
0.825
0.447916666666667
0.775
0.745833333333333
0.727083333333333
0.734782608695652
0.590909090909091
2.57083333333333
1.91458333333333
1.1625
0.820833333333333
0.7625
0.954166666666667
2.04375
2.42291666666667
1.36041666666667
0.8625
1.03541666666667
0.927083333333333
0.85625
1.75416666666667
1.34375
1.41875
0.970833333333333
1.07916666666667
0.608333333333333
1.16875
0.85
1.87708333333333
1.37291666666667
1.8
0.933333333333333
0.939583333333333
0.710416666666667
0.85625
1.15208333333333
0.741666666666667
0.722916666666667
0.43125
0.325
0.8375
0.958333333333333
0.979166666666667
1.09375
1.01666666666667
0.866666666666667
1.27291666666667
1.01666666666667
0.854166666666667
0.779166666666667
0.860416666666667
1.0125
1.10416666666667
0.764583333333333
0.814583333333333
0.739583333333333
0.85
0.841666666666667
1.30625
1.025
0.566666666666667
0.9125
1.14791666666667
1.53333333333333
0.99375
0.970833333333333
0.764583333333333
0.729166666666667
0.779166666666667
0.922916666666667
0.872916666666667
0.852083333333333
0.95
0.779166666666667
1.00833333333333
0.677083333333333
0.922916666666667
1.04583333333333
0.864583333333333
0.875
0.929166666666667
0.902083333333333
1.07083333333333
1.02083333333333
1.00625
0.852083333333333
1.03541666666667
0.810416666666667
0.864583333333333
0.85
1.15
1.14375
0.85
0.8
0.89375
1.26875
0.972916666666667
0.985416666666667
1.00416666666667
0.947916666666667
0.91875
0.822916666666667
1.22708333333333
1.34791666666667
1.15416666666667
1.25833333333333
0.958333333333333
1.03333333333333
0.958333333333333
1.08541666666667
0.970833333333333
0.841666666666667
1.30416666666667
0.864583333333333
0.86875
0.779166666666667
0.852083333333333
0.866666666666667
0.85
1.11458333333333
0.9375
1.07708333333333
0.95625
1.38958333333333
1.06875
0.6125
0.725
0.670833333333333
0.83125
1.2
0.875
1.10833333333333
0.939583333333333
0.895833333333333
0.95
1.03958333333333
0.735416666666667
0.864583333333333
1.01875
0.95625
1.10833333333333
0.80625
1.35833333333333
0.80625
0.6625
0.5375
1.09375
1.53541666666667
0.952083333333333
0.64375
0.5875
0.760416666666667
0.864583333333333
1.16041666666667
1.475
0.929166666666667
1.29375
1.15
0.860416666666667
0.739583333333333
0.735416666666667
0.76
0.75
0.770833333333333
0.797916666666667
0.8625
0.804166666666667
0.729166666666667
0.7875
0.85625
0.6375
0.795833333333333
1.13125
0.89375
0.685416666666667
0.79375
1.45625
0.647916666666667
1.10833333333333
0.625
0.747916666666667
0.620833333333333
0.979166666666667
0.6875
0.9625
1.14166666666667
1.31875
1.55
0.910416666666667
1.06666666666667
1.14166666666667
1.00208333333333
0.65
0.635416666666667
0.745833333333333
0.81875
0.164583333333333
0.29375
0.6
0.458333333333333
0.35625
0.5875
0.8625
0.804166666666667
0.75
0.65625
0.641666666666667
0.547916666666667
0.552083333333333
0.65
1.04583333333333
0.904166666666667
0.66875
1.27083333333333
0.870833333333333
0.820833333333333
0.666666666666667
0.75
0.633333333333333
0.566666666666667
0.741666666666667
0.86875
0.61875
1.6875
2.15208333333333
1.29791666666667
0.9625
0.629166666666667
0.570833333333333
1.15208333333333
0.866666666666667
0.889583333333333
0.577083333333333
0.835416666666667
1.05833333333333
2.41041666666667
2.05
2.19166666666667
1.0375
1.26666666666667
1.66875
2.125
3.125
2.27291666666667
0.7625
1.11875
1.92916666666667
0.741666666666667
0.945833333333333
1.28333333333333
0.727083333333333
0.564583333333333
0.7125
0.964583333333333
1.19166666666667
0.545833333333333
0.91875
0.552083333333333
0.566666666666667
1.33958333333333
1.70208333333333
0.679166666666667
1.16458333333333
1.72291666666667
0.683333333333333
1.46875
1.30416666666667
0.464583333333333
0.591666666666667
1.11041666666667
0.695833333333333
1.72083333333333
2.1125
2.33125
1.72708333333333
1.02291666666667
1.27083333333333
0.708333333333333
1.4625
1.89375
2.17291666666667
1.58333333333333
