20000101
1.76
1.71
1.8
1.92
1.93
1.54
2.02
1.37
1.3
1.48
1.71
1.85
1.96
2.46
2.23
1.67
1.72
3.26
2.07
1.94
2.19
2.17
2.11
1.77
1.31
1.78
1.59
1.74
1.97
1.61
1.59
1.2
1.45
1.82
1.58
1.75
1.27
1.46
1.54
1.69
1.77
1.98
1.94
1.4
1.81
1.91
3.97
3.27
2
2.34
2.05
1.6
1.79
1.9
1.99
1.88
1.52
1.68
1.79
1.85
3.74
1.89
2.42
1.87
1.67
1.26
1.19
1.62
1.87
1.97
1.63
1.82
1.97
1.88
2.04
2.16
2.12
2.09
1.92
1.95
2.21
2.87
2.35
1.87
1.93
2.37
3.31
2.06
2.18
1.86
2.61
1.74
2.91
3.57
2.48
2.12
2.45
2.16
3.04
2.32
2.11
1.77
3.18
2.27
2.43
2.5
2.06
3.13
3.1
2.19
1.99
1.7
1.69
3.19
2.64
1.82
2.21
2.32
1.64
1.94
2.14
2.06
2.01
2.05
3.21
1.75
1.92
1.65
1.98
2.68
1.82
1.99
2.12
2.11
2.34
1.79
1.84
2.06
2.02
1.72
1.33
1.45
2.06
1.97
1.7
1.9
2.36
2.17
2.19
2.5
2.21
1.76
1.88
2
2.02
2.16
2.15
2.51
2.33
2.08
3.01
2.81
1.85
1.57
1.34
1.6
2.03
2.28
2.14
2.29
2.02
1.98
2.03
2.02
1.85
1.99
2.14
2.05
2.11
2.11
2.51
1.96
1.74
1.95
1.79
2.59
2.23
2.05
1.84
2.61
2.43
2.46
2.65
2.72
2.15
1.97
2.84
2.5
1.82
1.86
1.9
2.2
2.07
1.92
2.46
2.44
2.21
2.09
1.87
2.2
2.73
2.42
1.94
2.36
2.3
2.15
2.67
2.3
2.11
2.04
2.2
1.76
1.92
1.76
2.21
2.35
1.7
1.84
1.99
1.78
1.9
1.79
1.77
2.29
1.78
1.93
2.28
1.95
1.94
2.77
2.28
2.08
2.68
2.08
2.1
2.15
2.35
2.19
2.16
2.38
1.96
1.82
2.16
1.98
1.73
1.81
1.93
1.9
1.72
1.94
2.04
2.03
2.3
3.22
1.97
1.99
2.16
1.73
1.7
1.88
1.88
2.28
2.04
1.84
1.91
2.85
1.67
2.08
1.7
2.19
2.06
1.98
1.83
1.93
2.61
1.33
1.17
1.71
1.81
1.43
1.71
1.69
1.38
2.05
3.53
4.08
3.69
3.36
1.55
1.49
1.67
1.6
1.68
1.83
1.89
1.77
1.43
2.9
2.28
1.49
4.59
4.15
2.67
2
1.89
1.69
1.46
1.3
1.69
1.63
1.78
1.76
1.49
2
1.45
2.18
1.5
2.25
1.94
1.93
3.14
2.1
1.56
1.48
1.48
1.61
1.52
1.66
1.66
1.76
1.29
1.41
1.47
2.12
1.76
1.47
1.21
1.41
1.8
2.24
1.89
1.66
1.67
1.54
2.14
2.21
3.2
2.28
2.52
1.98
1.75
2.21
2.48
3.33
2.62
2.35
1.53
2.93
2.51
2.66
1.65
1.54
1.8
2.63
1.76
1.72
1.48
1.98
1.38
1.17
1.46
1.46
1.54
1.47
1.78
1.77
1.65
1.29
2.42
1.73
2.66
2.9
1.94
2.3
2.35
2.47
1.67
2.06
1.73
1.71
2.14
2.59
1.6
1.7
2.25
2.44
1.61
1.7
1.27
1.8
1.83
3.42
1.95
2.01
1.62
1.78
2.17
1.92
1.47
1.71
1.56
1.78
2.11
3.03
4.32
2.76
2.1
2.55
2.74
1.45
1.61
1.9
2.86
1.73
1.7
1.91
1.39
2.72
1.71
1.85
1.84
3
2.54
2.09
2.11
2.31
2.42
1.5
1.68
3.03
2.11
1.88
2.16
3.45
3.09
2.11
1.81
1.67
1.85
2.45
2.21
1.47
5.47
3.25
2.11
1.74
2.38
2.38
2.16
2.25
3.14
2.03
2.13
1.68
2.59
2.59
2.79
2.64
3.68
2.21
2.76
2.17
1.89
2.1
2.07
2.44
2.48
1.93
1.78
2.22
2.26
2.3
2.13
2.05
2.59
2.05
1.75
1.73
1.92
1.69
2.57
1.7
2.07
1.71
2.08
2.43
2.21
1.77
1.8
1.98
1.93
1.98
2.14
2.17
1.99
2.19
1.92
2.28
2.78
2.15
2.24
2.05
2.38
2.65
2.02
1.92
1.75
2.56
2.31
2
2.11
1.94
3.06
3.5
2.58
2.23
1.95
1.99
1.78
2.09
2.3
1.8
1.9
1.87
2.34
2.27
2.21
2.33
2.13
2.06
2.42
2.48
2.64
2.54
2.19
2.14
2.22
2.45
2.18
2.25
2.33
2.74
1.56
2.38
2.43
2.1
2.62
2.24
1.85
1.81
1.94
2.15
1.82
1.74
1.99
2.09
2.08
2.05
1.93
1.99
1.96
2.2
2.16
2.23
2.19
2.08
2.26
2.54
2.14
1.72
1.94
1.92
1.86
2.4
2.24
2.07
1.77
2.03
2.25
1.97
1.81
1.89
1.85
1.91
2.07
2.09
2.07
2.49
2.06
2.21
2.28
2.79
2.41
2.25
2.26
2.73
2.3
2.33
2.42
1.9
2.23
2.25
2.67
2.31
2.29
3.29
2.57
1.81
2.19
2.03
1.95
2.38
2.07
2.45
1.96
2.07
1.94
1.55
1.7
1.54
1.74
2.04
1.73
1.46
1.55
2.31
2.22
2.07
2.11
1.87
2.3
1.73
1.45
1.33
1.89
1.83
1.92
2.33
3.06
2.62
1.91
2.15
1.96
2.08
1.5
1.37
1.44
1.47
1.53
1.48
2.11
1.94
1.79
1.88
1.23
1.69
1.78
2.4
2.5
1.83
3.05
2.18
2.02
1.68
5.36
3.15
2.85
1.34
1.54
1.78
1.77
2.26
2.48
1.55
1.44
1.45
1.61
1.7
1.69
1.55
1.53
1.62
1.66
2.08
1.74
1.65
1.71
1.79
1.69
2
1.64
1.59
1.67
1.68
2.69
2.59
1.98
1.67
1.9
2.32
2.4
2.34
1.57
2.24
1.77
1.63
1.92
1.98
2.4
1.6
1.63
1.71
1.66
1.36
2.88
1.09
1.84
1.99
1.8
1.66
1.29
1.72
1.66
1.67
2.01
1.7
1.89
1.92
1.86
1.61
1.91
2.01
1.73
1.8
3.71
1.52
1.61
1.65
1.97
1.65
1.21
1.2
2.01
1.66
1.85
1.47
1.74
4.49
2.11
2.03
2
1.69
1.47
1.5
1.7
2.1
1.71
1.09
1.29
1.84
1.67
2.63
3.19
1.69
1.61
1.64
1.88
1.32
2.06
1.65
1.43
1.38
1.86
3.24
3.03
1.3
1.32
1.79
2.09
1.57
1.7
1.41
3.85
2.33
2.23
2.29
1.33
2.06
2.09
1.75
1.76
2.05
1.86
1.91
1.52
1.68
2.05
3.53
2.58
1.54
1.84
1.89
3.56
1.83
2.13
2.47
1.89
2.44
1.69
1.81
2.31
2.3
2.22
1.99
1.68
1.72
1.91
2.04
1.58
1.9
2.16
2.15
2.11
2.21
2.06
2.08
1.75
1.99
1.61
2.19
2.49
1.19
1.53
1.81
2.47
2.39
2.57
5.26
4.76
1.77
0.93
1.07
2.13
1.9
1.96
1.8
1.94
2.44
2.35
2.06
1.93
1.78
1.96
2.49
2.47
1.89
1.94
2.61
2.08
2.01
1.83
2.03
1.79
1.68
1.67
2.35
2.02
2.8
2.63
1.36
2.34
2.12
1.75
1.96
1.76
1.87
1.84
1.95
1.89
1.86
1.99
1.81
1.93
2.03
1.83
2.23
2.42
1.75
1.98
2.45
1.64
1.25
1.58
2.38
2.24
2.54
2.1
1.81
2.04
1.92
2.03
2.04
1.89
2.16
2.27
2.21
2.17
1.85
2.25
2.31
1.82
2.05
1.87
2.05
2.16
2.44
2.09
2.02
2.03
1.96
1.97
2.34
2.35
1.58
1.54
1.84
1.86
1.94
2.43
2.31
2.1
2.18
2.15
2.19
2.29
1.98
2.07
2.23
1.61
1.82
1.79
1.7
1.95
2.07
1.72
1.7
1.71
2.18
1.85
1.53
1.81
1.86
1.8
1.49
2.14
1.74
1.92
1.74
2.11
1.94
1.7
1.68
2.26
2.12
1.87
2.6
1.99
1.74
1.78
1.27
1.9
1.67
1.77
1.61
1.63
1.87
1.96
1.97
1.88
1.98
1.88
1.95
1.48
1.83
1.77
1.26
1.37
1.51
1.64
1.72
2.11
1.9
1.98
1.89
2.06
1.45
1.66
1.5
1.21
1.47
2.82
1.72
1.75
1.59
1.93
3.17
2.49
1.85
2.07
1.78
1.4
1.15
1.79
1.47
1.37
1.61
1.64
1.49
1.7
1.76
1.72
2.7
1.57
2.3
1.76
1.54
1.27
2.71
1.82
1.32
1.87
1.68
1.66
1.44
2.33
2.5
2.62
1.59
1.47
1.24
1.71
1.58
1.72
2.37
2.41
1.21
2.02
1.61
1.51
1.92
1.48
1.23
1.27
1.61
2.9
1.85
1.93
1.45
1.43
2.09
1.67
1.19
1.18
2.24
0.93
1.24
1.26
1.23
2.09
2.17
1.88
1.35
3.02
1.6
1.61
3.06
1.39
2.22
2.81
2.66
1.47
2.29
2.09
1.35
1.56
1.57
2
1.88
2.03
1.76
1.84
1.88
1.68
1.31
1.45
1.69
3.4
2.5
2.07
1.79
1.44
1.3
1.51
1.88
2.96
2.98
3.2
1.87
1.67
3.11
4.91
2.78
1.61
1.84
1.74
1.75
1.68
1.84
1.35
1.24
1.32
1.51
1.88
1.62
2.13
1.15
2.42
2.34
1.81
1.55
2.44
3.58
3.53
1.52
1.75
1.66
1.78
1.53
1.69
1.26
1.53
1.94
1.62
1.58
1.51
1.45
1.67
1.66
1.86
2.25
1.75
1.69
1.91
1.79
1.71
1.99
2.53
2.29
1.68
1.84
1.71
2.47
1.93
1.5
1.55
1.43
1.75
1.68
3.21
1.94
1.91
2.2
1.73
1.63
2.68
2.2
1.96
1.83
2.75
4.38
4.48
3.55
1.84
1.66
1.4
1.93
2.09
1.97
1.75
1.66
1.55
1.84
2.34
1.86
1.58
2.24
1.77
1.89
1.78
2.08
1.77
3.57
2.48
1.91
1.85
2.02
1.91
1.92
1.89
2.39
1.59
1.35
1.71
2.04
1.85
2.18
2
1.86
1.57
2.49
1.47
1.45
1.93
2.09
2.02
1.97
1.72
1.9
1.59
1.7
1.95
1.74
1.91
2.04
1.77
1.67
1.73
1.66
2
2.06
2.08
1.98
1.83
2.06
2.15
1.85
2.16
2.24
1.8
1.91
1.92
1.73
1.88
2.02
1.53
1.78
2.48
3.5
2.49
2.31
2.41
1.97
2.02
2.18
1.95
1.69
2.26
1.98
1.92
2.15
2.35
1.88
2.68
2.48
2
1.75
1.88
2.04
1.74
1.88
2.36
2.23
2.01
1.84
2.66
2.4
2.16
2.2
2.06
1.95
1.77
1.82
1.74
1.9
1.95
1.81
1.85
1.85
1.77
1.97
1.86
1.91
1.94
2.03
2.01
1.9
1.79
2.07
1.91
1.77
2.06
1.7
2.11
2.05
1.83
1.88
2.87
2.26
2.64
1.65
1.73
1.57
2.69
1.64
1.72
1.48
2.43
3.04
1.78
1.73
1.69
1.53
2.67
2.17
1.85
1.65
1.67
2.05
1.77
1.64
1.81
1.86
1.89
2.04
1.43
1.22
1.79
1.59
1.62
2.16
1.46
2.02
1.6
2.12
1.71
1.97
1.65
1.71
1.52
1.71
1.37
1.41
2.23
4.18
3.26
2.74
1.88
2.09
2.4
1.79
1.44
2.92
1.9
1.57
1.38
1.66
1.58
2.38
2.59
3.62
1.66
1.73
1.58
1.79
1.75
1.63
1.34
1.54
1.36
1.55
1.16
1.22
1.44
1.24
1.95
2.17
1.42
1.72
1.43
1.65
1.46
2.09
3.01
1.41
1.67
2.03
4.28
1.9
1.36
1.47
1.14
1.38
1.63
1.7
2.34
1.56
1.39
2.41
1.52
1.42
1.61
1.41
1.4
2.05
1.57
1.25
1.37
1.18
1.37
1.59
1.32
2.33
1.32
1.67
1.66
1.46
1.42
1.4
2.08
2.3
1.92
1.86
1.79
1.2
1.76
1.69
1.51
1.96
1.84
1.97
1.76
1.3
1.91
2.5
2.9
1.99
1.42
3.08
2.54
1.4
1.27
1.6
1.69
1.74
0.84
1.43
1.62
2.24
2.53
2.28
1.97
1.99
1.37
1.23
1.09
1.6
1.39
2.02
1.15
1.75
1.88
1.99
1.7
1.83
1.86
1.49
2.17
1.69
1.86
1.52
2.03
3.96
1.48
2.32
2.41
1.22
1.92
1.23
2.58
3.92
2.15
2.27
2.07
1.85
1.54
1.43
1.76
1.93
1.84
1.83
1.13
2.29
1.94
1.43
1.38
1.75
2.01
1.57
1.2
1.44
1.64
1.56
2.46
3.54
1.89
2.22
1.95
1.42
3.4
5.2
2.24
2.07
1.96
2.04
1.76
1.59
1.76
1.89
2
1.45
2.03
1.89
2.13
1.89
2
1.81
2.7
4.01
1.69
2.26
3.53
2.49
1.69
1.46
2.05
1.76
2.02
1.79
1.65
2.37
1.56
1.73
1.77
1.59
2.51
1.88
3.01
3.75
2.35
2.22
2.02
2.01
2.29
1.65
2.01
1.88
1.97
1.86
1.98
1.65
2.03
1.92
1.86
1.66
1.83
2.11
1.67
1.83
1.9
1.7
1.66
1.44
1.64
1.65
2.04
1.81
1.86
1.77
1.77
1.96
2.03
1.91
1.81
1.81
1.76
2.14
2.38
1.59
1.75
1.79
1.71
1.76
2.13
1.97
1.56
1.69
2.13
1.91
1.81
1.74
1.75
1.98
1.78
1.97
2.44
1.75
2.09
2.04
2.49
2.17
2.68
2.28
2.23
1.52
2.2
1.97
2.11
2.12
2.01
1.97
1.81
1.91
1.73
1.88
1.77
1.83
1.98
2.1
2.24
2.26
1.98
1.81
1.86
1.92
2.13
1.98
1.71
1.67
2.07
1.86
1.82
1.9
1.61
1.69
1.9
2.59
2.43
2.08
1.84
1.67
1.58
1.9
1.88
2.15
2.28
2.04
1.74
1.78
1.93
2.62
1.78
1.99
1.83
1.87
1.88
1.94
1.91
2.26
1.66
1.88
3.25
2.97
1.84
1.6
1.67
2.18
1.84
1.39
1.64
1.81
1.84
2.1
2.02
1.8
1.79
1.67
1.55
1.69
1.84
2.05
1.96
1.9
1.88
1.51
1.38
1.61
1.56
1.6
1.39
1.8
1.49
1.49
1.49
1.97
3.08
2.12
1.59
1.67
2.09
2.17
2.68
2.1
2.07
1.65
2.41
1.65
1.57
1.41
1.37
1.42
1.64
1.41
1.32
2
1.54
1.79
1.08
1.66
1.73
1.46
1.23
1.62
2.03
1.56
1.64
1.99
1.6
1.74
2.55
2.17
1.66
1.57
1.41
1.76
1.55
1.67
1.44
1.47
1.79
1.63
1.83
1.68
1.67
1.43
1.58
1.79
3.24
1.88
1.42
1.54
1.23
1.88
2.35
2.2
2.29
1.22
1.64
1.73
1.34
1.42
1.26
1.7
2.21
2.01
2.59
2.26
1.54
1.64
1.54
1.29
1.42
1.35
1.72
1.74
1.96
1.95
1.62
0.58
0.78
0.58
0.92
0.86
0.64
0.65
0.75
0.74
0.5
0.85
0.81
0.86
0.86
0.53
0.47
0.82
1.09
0.85
0.69
0.84
0.7
0.61
0.55
1.15
0.84
0.83
0.79
0.73
0.72
0.67
0.67
0.97
0.77
0.9
0.85
0.63
0.87
0.84
0.6
0.74
0.86
0.55
1.2
1.2
0.91
0.66
0.88
0.81
0.81
0.86
0.68
0.53
0.65
0.61
0.55
0.96
0.88
0.45
0.72
0.82
0.9
0.83
0.99
0.78
0.75
0.89
0.76
0.93
0.8
1.02
0.78
0.59
0.5
0.57
0.64
0.78
0.78
0.78
0.43
0.38
0.54
0.51
0.38
0.5
1.03
0.97
0.92
0.8
0.88
0.99
0.99
0.92
0.68
0.68
0.81
0.65
0.9
0.98
1.23
0.85
0.87
0.85
0.82
0.75
1.24
0.85
1.02
1.03
0.99
0.64
0.48
0.52
0.46
0.78
0.69
0.62
0.75
0.59
0.8
0.59
0.53
0.55
0.61
0.51
0.68
0.71
0.73
0.52
0.45
0.56
0.56
0.54
0.67
0.65
0.56
0.37
0.54
0.55
0.62
0.58
0.41
0.62
0.62
0.79
0.63
0.68
0.65
0.6
0.54
0.38
0.57
0.65
0.54
0.54
0.73
0.58
0.66
0.6
0.67
0.67
0.59
0.58
0.43
0.7
0.67
0.56
0.76
0.84
0.63
0.6
0.5
0.51
0.55
0.56
0.67
0.53
0.48
0.48
0.75
0.65
0.69
0.7
0.6
0.65
0.75
0.7
0.68
0.67
0.33
0.59
0.77
0.63
0.77
0.79
0.79
0.58
0.5
0.52
0.69
0.76
0.73
0.6
0.65
0.6
0.45
0.66
0.83
0.57
0.61
0.56
0.72
0.47
0.62
0.64
0.67
0.73
0.7
0.73
0.59
0.43
0.48
0.55
0.58
0.75
0.62
0.72
0.53
0.58
0.44
0.62
0.57
0.55
0.75
0.68
0.56
0.68
0.48
0.48
0.4
0.5
0.75
0.71
0.59
0.78
0.7
0.55
0.6
0.43
0.48
0.54
0.6
0.59
0.7
0.53
0.72
0.59
0.79
0.58
0.33
0.48
0.55
0.78
0.7
0.73
0.59
0.53
0.42
0.4
0.63
0.67
0.57
0.47
0.56
0.54
0.57
0.57
0.63
0.5
0.69
0.47
0.64
0.5
0.52
0.45
0.39
0.67
0.49
0.66
0.59
0.4
0.45
0.65
0.53
0.6
0.38
0.4
0.48
0.53
0.56
0.43
0.53
0.56
0.42
0.46
0.41
0.59
0.33
0.68
0.48
0.69
0.62
0.42
0.44
0.26
0.48
0.83
0.57
0.64
0.43
0.57
0.66
0.53
0.53
0.53
0.54
0.42
0.53
0.44
0.42
0.41
0.45
0.47
0.42
0.5
0.55
0.45
0.41
0.44
0.5
0.39
0.55
0.45
0.49
0.65
0.47
0.34
0.54
0.47
0.41
0.33
0.32
0.64
0.83
0.56
0.75
0.86
0.63
0.79
0.77
0.48
0.47
0.4
0.49
0.43
0.39
0.35
0.4
0.5
0.47
0.66
0.82
0.73
0.47
0.48
0.38
0.5
0.63
0.85
0.42
0.5
0.75
0.4
0.58
0.64
0.24
0.41
0.55
0.74
0.62
0.6
0.34
0.6
0.6
0.47
0.35
0.54
0.48
0.71
0.41
0.4
0.63
0.65
0.73
0.62
0.52
0.44
0.31
0.53
0.52
0.5
0.55
0.57
0.55
0.69
0.4
0.55
0.52
0.5
0.45
0.8
0.78
0.7
0.58
0.51
0.55
0.63
0.58
0.33
0.48
0.54
0.4
0.51
0.95
0.63
0.55
0.27
0.38
0.5
0.56
0.7
0.65
0.2
0.49
0.54
0.66
0.56
0.58
0.52
0.49
0.49
0.6
0.58
0.53
0.53
0.46
0.73
0.68
0.64
0.58
0.46
0.42
0.53
0.4
0.59
0.65
0.63
0.58
0.62
0.65
0.48
0.32
0.61
0.56
0.42
0.59
0.56
0.45
0.71
0.45
0.64
0.47
0.55
0.58
0.42
0.52
0.45
0.7
0.5
0.47
0.69
0.57
0.58
0.63
0.62
0.5
0.59
0.47
0.55
0.63
0.46
0.44
0.35
0.67
0.68
0.59
0.5
0.48
0.59
0.6
0.6
0.61
0.65
0.62
0.73
0.44
0.57
0.58
0.7
0.68
0.54
0.67
0.59
0.49
0.44
0.46
0.58
0.49
0.48
0.5
0.53
0.43
0.4
0.45
0.39
0.37
0.48
0.58
0.6
0.5
0.57
0.6
0.38
0.45
0.6
0.62
0.62
0.56
0.57
0.48
0.45
0.52
0.46
0.58
0.58
0.63
0.56
0.55
0.49
0.57
0.53
0.57
0.51
0.68
0.6
0.61
0.68
0.53
0.63
0.62
0.63
0.63
0.57
0.6
0.68
0.68
0.65
0.77
0.65
0.55
0.6
0.62
0.67
0.64
0.63
0.69
0.55
0.64
0.68
0.6
0.69
0.55
0.57
0.53
0.61
0.62
0.72
0.73
0.66
0.62
0.58
0.56
0.48
0.6
0.6
0.5
0.49
0.62
0.54
0.48
0.63
0.64
0.63
0.57
0.56
0.58
0.51
0.46
0.61
0.58
0.55
0.4
0.4
0.33
0.51
0.54
0.6
0.54
0.64
0.53
0.27
0.5
0.4
0.58
0.53
0.63
0.62
0.35
0.47
0.39
0.63
0.45
0.47
0.47
0.51
0.31
0.33
0.52
0.34
0.28
0.37
0.43
0.44
0.51
0.73
0.55
0.43
0.39
0.43
0.55
0.37
0.48
0.58
0.57
0.32
0.32
0.38
0.54
0.38
0.35
0.36
0.24
0.42
0.53
0.76
0.75
0.42
0.6
0.44
0.36
0.4
0.49
0.77
0.54
0.64
0.24
0.44
0.58
0.49
0.52
0.41
0.45
0.5
0.52
0.42
0.57
0.4
0.33
0.53
0.57
0.47
0.63
0.42
0.49
0.35
0.35
0.5
0.4
0.38
0.62
0.45
0.34
0.45
0.29
0.38
0.36
0.45
0.36
0.27
0.45
0.36
0.35
0.2
0.49
0.65
0.71
0.51
0.55
0.5
0.48
0.33
0.35
0.3
0.39
0.46
0.69
0.41
0.42
0.45
0.39
0.45
0.41
0.52
0.43
0.37
0.29
0.42
0.5
0.45
0.62
0.58
0.48
0.77
0.53
0.54
0.38
0.53
0.39
0.58
0.4
0.2
0.33
0.5
0.63
0.56
0.43
0.4
0.55
0.38
0.38
0.4
0.3
0.63
0.4
0.44
0.56
0.54
0.45
0.26
0.51
0.43
0.4
0.54
0.58
0.37
0.47
0.48
0.53
0.4
0.51
0.42
0.5
0.58
0.45
0.42
0.39
0.36
0.42
0.63
0.69
0.69
0.78
0.68
0.68
0.46
0.51
0.43
0.95
0.53
0.4
0.48
0.56
0.59
0.56
0.48
0.52
0.42
0.42
0.58
0.55
1.11
1.2
0.21
0.36
0.22
0.54
0.49
0.64
0.46
0.35
0.32
0.26
0.27
0.41
0.42
0.73
0.74
0.66
0.63
0.54
0.51
0.53
0.65
0.63
0.64
0.71
0.75
0.59
0.44
0.53
0.38
0.6
0.38
0.5
0.61
0.45
0.56
0.51
0.55
0.57
0.52
0.46
0.48
0.63
0.62
0.55
0.35
0.45
0.56
0.77
0.71
0.49
0.46
0.69
0.43
0.5
0.61
0.69
0.63
0.56
0.59
0.65
0.68
0.59
0.64
0.55
0.5
0.52
0.57
0.65
0.57
0.59
0.54
0.48
0.47
0.67
0.41
0.43
0.47
0.47
0.59
0.55
0.59
0.71
0.5
0.52
0.59
0.47
0.61
0.6
0.65
0.52
0.65
0.68
0.54
0.63
0.72
0.65
0.59
0.76
0.73
0.56
0.59
0.61
0.54
0.48
0.56
0.53
0.46
0.65
0.53
0.3
0.38
0.59
0.79
0.7
0.61
0.58
0.66
0.59
0.66
0.71
0.59
0.53
0.67
0.72
0.59
0.51
0.35
0.45
0.65
0.72
0.53
0.5
0.52
0.57
0.46
0.36
0.58
0.45
0.54
0.5
0.49
0.39
0.57
0.56
0.44
0.47
0.72
0.63
0.48
0.66
0.59
0.76
0.53
0.56
0.59
0.48
0.68
0.53
0.55
0.55
0.51
0.58
0.47
0.43
0.41
0.53
0.68
0.46
0.55
0.61
0.6
0.4
0.55
0.32
0.55
0.46
0.49
0.4
0.5
0.54
0.61
0.55
0.48
0.59
0.3
0.5
0.45
0.5
0.59
0.48
0.48
0.28
0.53
0.63
0.74
0.64
0.45
0.31
0.33
0.43
0.71
0.5
0.45
0.55
0.51
0.29
0.45
0.35
0.43
0.47
0.45
0.3
0.59
0.75
0.62
0.62
0.67
0.49
0.45
0.68
0.63
0.47
0.77
0.6
0.52
0.47
0.35
0.56
0.56
0.82
0.64
0.55
0.39
0.29
0.25
0.37
0.43
0.43
0.49
0.28
0.49
0.61
0.6
0.45
0.4
0.5
0.59
0.47
0.48
0.33
0.85
0.48
0.39
0.35
0.72
0.67
0.5
0.48
0.55
0.54
0.49
0.68
0.8
0.35
0.39
0.62
0.4
0.42
0.49
0.91
0.78
0.47
0.6
0.65
0.61
0.55
0.33
0.3
0.35
0.45
0.25
0.39
0.15
0.44
0.4
0.52
0.55
0.56
0.38
0.35
0.49
0.4
0.62
0.55
0.57
0.41
0.51
0.49
0.8
0.46
0.63
0.64
0.67
0.57
0.38
0.39
0.65
0.85
0.65
0.56
0.65
0.64
0.73
0.76
0.55
0.38
0.63
0.48
0.51
0.81
0.52
0.62
0.53
0.42
0.46
0.48
0.54
0.38
0.3
0.33
0.5
0.33
0.51
0.43
0.52
0.4
0.58
0.63
0.52
0.47
0.51
0.45
0.57
0.48
0.53
0.44
0.5
0.46
0.68
0.59
0.55
0.49
0.6
0.55
0.5
0.43
0.64
0.66
0.58
0.44
0.52
0.53
0.4
0.48
0.61
0.57
0.53
0.64
0.71
0.52
0.42
0.67
0.45
0.63
0.58
0.64
0.65
0.62
0.62
0.61
0.44
0.74
0.55
0.54
0.66
0.57
0.61
0.7
0.79
0.56
0.5
0.5
0.65
0.62
0.79
0.7
0.76
0.61
0.59
0.45
0.44
0.55
0.63
0.7
0.62
0.34
0.63
0.51
0.41
0.5
0.35
0.64
0.38
0.54
0.6
0.42
0.5
0.53
0.72
0.53
0.33
0.55
0.71
0.7
0.34
0.52
0.47
0.52
0.69
0.5
0.62
0.53
0.63
0.48
0.34
0.33
0.61
0.55
0.7
0.51
0.48
0.49
0.66
0.55
0.68
0.65
0.77
0.56
0.53
0.57
0.68
0.5
0.58
0.56
0.59
0.59
0.59
0.45
0.68
0.58
0.68
0.52
0.63
0.48
0.58
0.5
0.38
0.59
0.55
0.53
0.45
0.53
0.53
0.61
0.49
0.55
0.57
0.64
0.62
0.56
0.73
0.71
0.67
0.46
0.6
0.46
0.5
0.58
0.5
0.69
0.56
0.6
0.58
0.7
0.51
0.59
0.61
0.62
0.52
0.36
0.47
0.59
0.62
0.62
0.65
0.5
0.55
0.53
0.51
0.62
0.58
0.59
0.57
0.66
0.66
0.58
0.45
0.6
0.64
0.56
0.56
0.59
0.45
0.67
0.7
0.39
0.39
0.53
0.52
0.48
0.43
0.58
0.65
0.4
0.5
0.37
0.66
0.51
0.38
0.26
0.44
0.62
0.5
0.42
0.64
0.72
0.62
0.58
0.53
0.5
0.4
0.65
0.6
0.51
0.36
0.36
0.43
0.55
0.5
0.35
0.48
0.44
0.47
0.45
0.47
0.34
0.41
0.57
0.4
0.46
0.42
0.53
0.53
0.7
0.28
0.4
0.46
0.63
0.5
0.63
0.65
0.38
0.35
0.41
0.48
0.55
0.34
0.4
0.43
0.35
0.44
0.45
0.43
0.45
0.54
0.28
0.49
0.46
0.38
0.48
0.49
0.69
0.4
0.4
0.3
0.4
0.48
0.34
0.39
0.38
0.42
0.34
0.45
0.44
0.51
0.28
0.27
0.24
0.42
0.58
0.36
0.3
0.3
0.21
0.38
0.45
0.45
0.33
0.5
0.74
0.63
0.45
0.57
0.55
0.73
0.58
0.33
0.3
0.38
0.48
0.36
0.41
0.34
0.38
0.39
0.38
0.31
0.29
0.31
0.43
0.57
0.42
0.58
0.63
0.52
0.64
0.59
0.54
0.36
0.44
0.5
0.4
1.28
0.57
0.4
0.4
0.38
0.49
0.3
0.17
0.36
0.47
0.29
0.55
0.48
0.44
0.38
0.43
0.45
0.68
0.3
0.62
0.47
0.56
0.38
0.45
0.74
0.57
0.69
0.61
0.58
0.49
0.59
0.6
0.65
0.61
0.5
0.4
0.33
0.51
0.4
0.39
0.57
0.43
0.59
0.67
0.42
0.69
0.51
0.48
0.56
0.55
0.68
0.62
0.49
0.68
0.63
0.7
0.65
0.64
0.67
0.46
0.71
0.47
0.62
0.33
0.41
0.3
0.25
0.28
0.28
0.54
0.71
0.53
0.57
0.56
0.38
0.64
0.63
0.55
0.31
0.58
0.7
0.6
0.6
0.57
0.66
0.63
0.47
0.48
0.58
0.57
0.6
0.65
0.43
0.5
0.52
0.58
0.44
0.41
0.61
0.62
0.53
0.57
0.56
0.58
0.49
0.37
0.44
0.38
0.41
0.33
0.32
0.55
0.58
0.57
0.58
0.62
0.4
0.4
0.29
0.34
0.36
0.39
0.59
0.56
0.7
0.65
0.63
0.58
0.63
0.63
0.73
0.53
0.35
0.72
0.57
0.58
0.64
0.56
0.47
0.67
0.71
0.51
0.36
0.53
0.56
0.5
0.38
0.54
0.65
0.77
0.63
0.59
0.58
0.68
0.7
0.56
0.5
0.58
0.51
0.61
0.69
0.58
0.62
0.57
0.44
0.36
0.36
0.35
0.32
0.51
0.49
0.34
0.63
0.7
0.81
0.98
0.96
0.73
0.75
0.8
0.83
0.74
0.87
0.79
0.82
0.82
0.81
0.76
0.8
0.94
0.77
0.82
0.75
0.73
0.76
0.72
0.78
0.76
0.78
0.8
0.8
0.88
0.85
0.83
0.81
0.85
0.85
0.72
0.86
0.79
0.88
0.82
0.85
0.71
0.77
0.81
0.76
0.91
0.78
0.67
0.81
0.66
0.79
0.77
0.7
0.85
0.86
0.78
0.89
0.88
0.81
0.77
0.69
0.85
0.35
0.84
0.73
0.87
0.7
0.65
0.64
0.75
0.73
0.75
0.71
0.78
0.82
0.68
0.65
0.67
0.8
0.81
0.72
0.64
0.6
0.57
0.6
0.73
0.68
0.71
0.78
0.63
0.8
0.78
0.91
0.74
0.82
0.74
0.76
1.51
0.75
0.75
0.57
0.66
0.52
0.56
0.62
0.45
0.52
0.75
0.47
0.78
0.72
0.9
0.98
0.74
0.69
0.83
1.23
0.65
0.47
0.6
0.62
0.59
0.56
0.62
0.57
0.57
0.6
0.45
0.63
0.53
0.48
0.63
0.6
0.58
0.56
0.49
0.7
0.44
0.9
0.7
0.68
0.48
0.71
0.47
0.56
0.63
0.6
0.67
0.64
0.75
0.49
0.28
0.63
0.53
0.41
0.46
0.49
0.54
0.63
0.61
0.42
0.64
0.59
0.8
0.48
0.65
0.46
0.45
0.51
0.63
-99
-99
0.55
0.48
0.16
0.73
0.85
0.42
0.6
0.47
0.5
0.49
0.77
0.65
0.51
0.5
0.3
0.33
0.16
0.57
0.62
0.73
0.52
0.3
0.33
0.55
0.48
0.82
0.53
1.01
0.77
0.71
0.69
0.76
0.57
0.84
0.91
0.69
0.38
0.33
0.63
0.88
0.68
0.6
0.53
0.85
0.68
0.45
0.75
0.51
0.7
0.65
0.54
0.73
1.18
0.68
1.06
0.53
0.88
0.95
0.87
0.73
0.66
0.51
0.75
0.68
0.51
0.73
0.84
0.79
0.63
0.7
0.79
0.75
0.99
0.7
0.61
0.6
0.59
0.45
0.26
0.57
0.47
0.59
0.88
1.07
0.65
0.61
1.04
0.99
0.78
0.83
0.63
0.81
0.72
0.63
0.5
0.55
0.77
0.89
0.96
0.57
0.52
0.51
0.67
0.64
0.62
0.49
0.75
0.68
0.69
0.59
0.83
0.78
0.75
0.77
0.86
0.87
0.72
0.73
0.51
0.81
0.58
0.5
0.7
0.76
0.78
0.78
0.85
0.64
0.85
0.57
0.77
0.45
0.81
0.87
0.75
0.87
0.8
0.68
0.81
0.8
0.63
0.8
0.84
0.71
0.75
0.52
0.8
0.69
0.7
0.61
0.63
0.83
0.63
0.77
0.43
0.75
0.73
0.5
0.71
0.73
0.73
0.73
0.58
0.58
0.84
0.73
1
0.68
0.85
0.89
0.85
0.74
0.78
0.84
0.76
0.78
0.74
0.71
0.77
0.65
0.65
0.73
0.63
0.75
0.77
0.78
0.69
0.64
0.56
0.69
0.79
0.73
0.74
0.71
0.68
0.77
0.85
0.68
0.71
0.76
0.52
0.78
0.8
0.73
0.8
0.9
0.9
0.78
0.95
0.82
0.76
0.76
0.71
0.78
0.9
0.86
0.76
0.77
0.7
0.83
0.75
0.9
0.48
0.71
0.67
0.68
0.81
0.7
0.61
0.73
0.75
0.83
0.51
0.74
0.75
0.7
0.73
0.78
0.84
0.78
0.79
0.75
0.49
0.75
0.77
0.7
0.8
0.89
0.71
0.83
0.83
0.94
0.72
0.75
0.74
0.8
0.75
0.8
0.41
0.73
0.53
0.45
0.7
0.56
0.69
0.54
0.65
0.68
0.82
0.8
0.88
0.63
0.68
0.68
0.81
0.71
0.73
0.84
0.64
0.73
0.46
0.58
1.3
0.55
0.58
0.57
0.68
0.63
0.68
0.78
0.68
0.65
0.67
0.68
0.7
0.89
0.73
0.9
0.76
0.72
0.51
1.05
0.42
0.56
0.57
0.55
0.55
0.61
0.5
0.67
0.77
0.92
0.48
0.55
0.68
0.63
0.6
0.74
0.5
0.51
0.43
0.55
0.52
0.51
0.55
0.6
0.69
0.58
0.47
0.71
0.43
0.48
0.63
0.59
0.6
0.57
0.56
0.48
0.47
0.59
0.49
0.44
0.55
0.58
0.47
0.46
0.52
0.59
0.79
0.69
0.48
0.54
0.28
0.55
0.44
0.65
0.62
0.67
0.8
0.8
0.54
0.5
0.23
0.39
0.51
0.5
0.46
0.42
0.43
0.61
0.62
0.46
0.42
0.67
0.63
0.66
0.63
0.7
0.39
0.33
0.53
0.54
0.48
0.6
0.73
0.47
0.58
0.48
0.56
0.48
0.63
0.65
0.35
0.38
0.59
0.75
0.45
0.58
0.56
0.68
0.45
0.46
0.56
0.55
0.59
0.53
0.68
0.43
0.39
0.78
0.47
0.58
0.59
0.53
0.78
0.85
0.7
0.64
0.58
0.59
0.67
0.67
0.56
0.58
0.55
0.75
0.58
0.64
0.86
1.02
0.55
0.67
0.72
0.99
0.64
1.16
0.71
0.38
0.6
0.62
0.64
0.65
0.7
0.85
0.87
0.74
0.56
0.54
0.69
0.66
0.73
0.68
0.67
0.63
0.71
0.59
0.59
0.74
0.64
0.63
0.7
0.63
0.71
0.76
0.78
0.54
0.58
0.69
0.73
0.8
0.82
0.65
0.66
1.15
0.73
0.63
0.63
0.43
0.62
0.79
0.74
0.6
0.55
0.7
0.71
0.83
0.74
0.65
0.9
1.12
0.48
0.54
0.67
0.64
0.61
0.73
0.69
0.73
0.7
0.73
0.69
0.6
0.73
0.78
0.76
0.89
0.95
0.7
0.62
0.69
0.6
0.54
0.63
0.54
0.74
0.51
0.5
0.59
0.59
0.67
0.59
0.66
0.67
0.52
0.75
0.73
0.6
0.86
0.73
0.62
0.65
0.73
0.7
0.65
0.63
0.7
0.69
0.83
0.62
0.76
0.65
0.62
0.74
0.82
0.75
0.73
0.63
0.61
0.71
0.65
0.81
0.73
0.68
0.66
0.65
0.63
0.74
0.6
0.79
0.76
0.73
0.81
1.03
0.72
0.77
0.51
0.68
0.66
0.81
0.75
0.62
0.89
0.68
0.63
0.71
0.63
0.58
0.66
0.91
0.63
0.64
0.7
0.69
0.79
0.82
0.75
0.73
0.63
0.65
0.68
0.85
0.8
0.66
0.64
0.65
0.81
0.75
0.66
0.6
0.72
0.72
0.85
0.75
0.7
0.63
0.65
0.63
0.71
0.69
0.76
0.6
0.72
0.76
0.71
0.66
0.63
0.71
0.71
0.84
0.83
0.83
0.65
0.73
0.6
0.74
0.66
0.76
0.67
0.7
0.49
0.73
0.74
0.9
0.86
0.69
0.67
0.63
0.8
0.68
0.85
0.83
0.83
0.64
0.69
0.75
0.68
0.78
0.83
0.63
0.72
0.62
0.67
0.73
0.78
0.77
0.69
0.53
0.61
0.68
0.66
0.68
0.72
0.67
0.66
0.48
0.57
0.5
0.47
0.81
0.87
0.79
0.5
0.22
0.39
0.54
0.78
0.73
0.56
0.63
0.79
0.8
0.75
0.28
0.38
0.61
0.82
0.79
0.68
0.66
0.54
0.82
0.68
0.8
0.65
0.48
0.53
0.54
0.54
0.39
0.43
0.41
0.58
0.54
0.58
0.51
-99
-99
0.59
0.51
0.58
0.5
0.65
0.95
0.78
0.54
0.53
0.66
0.6
0.64
0.48
0.59
0.55
0.89
0.77
0.62
0.54
0.65
0.48
0.54
0.82
0.62
0.67
0.54
0.72
0.64
0.55
0.6
0.86
0.7
0.91
0.62
0.7
0.64
0.75
0.66
0.77
0.83
0.65
0.65
0.55
0.45
0.59
0.53
0.75
0.31
0.4
0.58
0.61
0.7
0.59
0.42
0.76
0.83
0.41
0.67
0.87
0.53
0.68
0.85
0.81
0.71
0.62
0.54
0.76
0.67
0.49
0.71
0.55
0.68
0.8
0.54
0.65
0.65
0.5
0.61
0.78
0.77
0.71
0.54
0.73
0.5
0.59
0.58
0.64
0.68
0.81
0.76
0.72
0.78
0.69
0.61
0.65
0.49
0.66
0.79
0.71
0.73
1.07
1.49
0.65
0.75
0.84
0.9
0.76
0.8
0.81
0.74
0.66
0.63
0.67
0.68
0.41
0.45
0.35
0.68
0.81
0.63
0.55
0.66
0.85
0.38
0.73
0.71
0.65
0.73
0.79
0.61
0.9
0.9
0.89
0.74
0.7
0.95
0.79
0.62
0.77
0.94
0.76
1.06
0.77
0.68
0.7
0.62
1
0.65
0.72
0.6
0.69
0.73
0.79
0.63
0.7
0.82
0.77
0.63
0.72
0.84
0.6
0.59
0.75
0.74
0.76
0.66
0.79
0.61
0.71
0.74
0.77
0.73
0.72
0.66
0.82
0.69
0.78
0.8
0.56
0.63
0.72
0.79
0.73
0.73
0.78
0.67
0.7
0.74
0.77
0.74
0.63
0.5
0.68
0.78
0.73
0.83
0.78
0.7
0.76
0.8
0.65
0.74
0.64
0.49
0.76
0.79
0.7
0.61
0.65
0.61
0.65
0.8
0.68
0.73
0.84
0.87
0.71
0.78
0.79
0.77
0.82
0.78
0.68
0.83
0.72
0.85
0.81
0.83
0.68
0.58
0.76
0.82
0.62
0.69
0.68
0.71
0.86
0.98
0.78
0.75
0.75
0.81
0.81
0.65
0.67
0.76
0.86
0.73
0.68
0.73
0.71
0.67
0.59
0.75
0.7
0.65
0.84
0.68
0.72
0.81
0.89
0.8
0.68
0.49
0.62
0.7
0.77
0.68
0.72
0.72
0.7
0.72
0.66
0.63
0.72
0.76
0.89
0.79
0.81
0.82
0.75
0.65
0.58
0.33
0.51
0.7
0.5
0.61
0.99
0.75
0.79
0.58
0.67
0.58
0.47
0.7
0.76
0.67
0.63
0.7
0.63
0.48
0.61
0.5
0.57
0.45
0.51
0.64
0.72
0.59
0.8
0.73
1.23
1.2
1.01
0.77
0.48
0.62
0.73
0.55
0.38
0.57
0.8
0.74
0.81
0.7
0.63
0.61
0.45
0.43
0.57
0.46
0.51
0.64
0.53
0.47
0.38
0.5
0.72
0.62
0.4
0.49
0.5
0.4
0.51
0.55
0.42
0.45
0.53
0.43
0.38
0.3
0.25
0.31
0.6
0.66
0.36
0.5
0.47
0.82
0.95
0.58
0.58
0.6
0.55
0.65
0.66
0.46
0.47
0.36
0.63
0.54
0.58
0.6
0.45
0.5
0.63
0.6
0.46
0.19
0.3
0.64
0.61
0.5
0.59
0.45
0.55
0.57
0.56
0.58
0.6
0.55
0.66
0.51
0.69
0.45
0.44
0.55
0.72
0.45
0.43
0.71
0.77
0.5
0.32
0.59
0.63
0.67
0.58
0.82
0.62
0.6
0.65
0.61
0.63
0.5
0.58
0.54
0.71
1.17
0.77
0.58
0.63
0.96
0.79
0.41
0.5
0.73
0.93
0.88
0.64
0.68
0.63
0.51
0.41
0.4
0.6
0.69
0.46
0.9
0.48
0.66
0.59
0.66
0.67
1.33
1.11
0.58
0.64
1.11
1.37
0.58
0.55
0.81
0.78
0.79
0.68
0.76
0.48
0.8
0.66
0.89
0.35
0.88
0.73
0.53
0.66
0.62
0.48
0.55
0.79
0.65
0.39
0.62
0.57
0.97
0.74
0.63
0.76
0.72
0.36
0.43
0.52
0.69
0.71
0.91
0.75
0.74
0.85
0.73
0.75
0.67
0.61
0.67
0.68
0.59
0.73
0.62
0.75
0.68
0.84
1.1
0.51
0.43
0.68
0.38
0.64
0.67
0.62
0.6
0.72
0.67
0.7
0.68
0.48
0.47
0.7
0.59
0.7
0.73
0.31
0.5
0.6
0.85
0.63
0.58
0.48
0.57
0.73
0.73
0.78
0.91
0.72
0.53
0.7
0.9
0.65
0.6
0.63
0.78
0.7
0.78
0.6
0.67
0.5
0.74
0.71
0.69
0.58
0.59
0.55
0.54
0.62
0.7
0.74
0.63
0.71
0.73
0.61
0.66
0.66
0.74
0.64
0.72
0.71
0.66
0.71
0.63
0.54
0.56
0.67
0.59
0.64
0.82
0.79
0.65
0.69
0.63
0.58
0.69
0.61
0.65
0.68
0.71
0.68
0.7
0.65
0.72
0.69
0.66
0.72
0.67
0.64
0.69
0.6
0.67
0.84
0.81
0.67
0.65
0.71
0.68
0.63
0.73
0.6
0.59
0.76
0.77
0.73
0.73
0.6
0.67
0.79
0.75
0.74
0.63
0.7
0.67
0.67
0.74
0.64
0.69
0.78
0.63
0.59
0.8
0.7
0.58
0.61
0.72
0.78
0.63
0.76
0.71
0.8
0.76
0.69
0.67
0.68
0.68
0.45
0.7
0.79
0.8
0.5
0.68
0.66
0.69
0.6
0.52
0.75
0.68
0.75
0.64
0.53
0.47
0.58
0.52
0.75
0.64
0.68
0.65
0.76
0.53
0.64
0.61
0.55
0.81
0.65
0.65
0.7
0.53
0.67
0.49
0.5
0.63
0.56
0.36
0.47
0.58
0.52
0.56
0.64
0.76
0.53
0.55
0.59
0.53
0.46
0.53
0.5
0.45
0.5
0.63
0.76
0.73
0.69
0.47
0.48
0.48
0.83
0.65
0.6
0.49
0.5
0.57
0.97
0.54
0.38
0.34
0.53
0.73
0.62
0.51
0.5
0.49
0.47
0.55
0.42
0.49
0.31
0.43
0.6
0.46
0.43
0.61
0.73
0.58
0.72
0.69
0.75
0.43
0.62
0.87
0.81
0.63
0.58
0.48
0.56
0.33
0.36
0.49
0.63
0.48
0.4
0.48
1.09
0.5
0.72
0.55
0.56
0.63
0.58
0.49
0.45
0.6
0.65
0.5
0.57
0.41
0.33
0.38
0.36
0.28
0.39
0.53
0.54
0.35
0.6
0.82
0.53
0.56
0.51
0.33
0.63
0.57
0.4
0.46
0.88
0.64
0.53
0.47
0.58
0.4
0.63
0.73
0.61
0.66
0.62
0.64
0.79
0.5
0.74
0.64
0.56
0.81
0.6
-99
-99
0.62
0.31
0.61
0.52
0.52
0.6
0.66
0.65
0.63
0.72
0.68
1
0.65
0.51
1.18
1.1
0.53
0.63
0.75
0.57
0.72
0.7
0.52
0.66
0.58
0.53
0.69
0.68
0.66
0.52
0.64
0.54
0.66
0.43
0.81
0.75
0.78
0.58
0.7
0.8
1.41
0.75
0.37
0.54
1
0.66
0.57
0.64
0.71
0.64
0.49
0.87
0.63
0.58
0.54
0.64
0.68
0.64
0.65
0.65
0.71
0.61
0.37
0.52
0.44
0.86
0.66
0.75
0.72
0.77
0.71
0.83
0.59
0.81
0.71
0.69
0.69
0.74
0.65
0.62
0.77
0.71
0.71
0.55
0.58
0.63
0.81
0.8
0.81
0.77
0.54
0.7
0.71
0.83
0.72
0.86
0.57
0.78
0.57
0.62
0.48
0.51
0.54
0.72
0.61
0.72
0.65
0.6
0.64
0.52
0.65
0.65
0.61
0.63
0.65
0.61
0.62
0.8
0.66
0.67
0.6
0.7
0.75
0.73
0.66
0.61
0.59
0.53
0.5
0.92
0.94
0.9
1.13
0.91
1.07
1.11
1.33
1.06
0.88
0.9
0.78
0.95
0.99
0.97
0.92
0.85
0.99
0.8
0.88
0.91
0.97
0.75
0.73
1.04
0.95
0.88
1
0.93
0.87
1.1
0.97
0.61
-99
-99
-99
-99
-99
-99
-99
-99
-99
-99
-99
-99
-99
-99
-99
-99
-99
-99
-99
-99
-99
-99
-99
-99
-99
-99
-99
-99
-99
-99
-99
-99
-99
-99
-99
-99
-99
-99
-99
-99
-99
-99
-99
-99
-99
-99
-99
-99
-99
-99
-99
-99
-99
-99
-99
-99
-99
-99
-99
-99
-99
-99
-99
-99
-99
-99
-99
-99
-99
-99
-99
-99
-99
-99
-99
-99
-99
-99
-99
-99
-99
-99
-99
-99
-99
-99
-99
-99
-99
-99
-99
-99
-99
-99
-99
-99
-99
-99
-99
-99
-99
-99
-99
-99
-99
-99
-99
-99
-99
-99
-99
-99
-99
-99
-99
-99
-99
-99
-99
-99
-99
-99
-99
-99
-99
-99
-99
-99
-99
-99
-99
-99
-99
-99
-99
-99
-99
-99
-99
-99
-99
-99
-99
-99
-99
-99
-99
-99
-99
-99
-99
-99
-99
-99
-99
-99
-99
-99
-99
-99
-99
-99
-99
-99
-99
-99
-99
-99
-99
-99
-99
-99
-99
-99
-99
-99
-99
-99
-99
-99
-99
-99
-99
-99
-99
-99
-99
-99
-99
-99
-99
-99
-99
-99
-99
-99
-99
-99
-99
-99
-99
-99
-99
-99
-99
-99
-99
-99
-99
-99
-99
-99
-99
-99
-99
-99
-99
-99
-99
-99
-99
-99
-99
-99
-99
-99
-99
-99
-99
-99
-99
-99
-99
-99
-99
-99
-99
-99
-99
-99
-99
-99
-99
-99
-99
-99
-99
-99
-99
-99
-99
-99
-99
-99
-99
-99
-99
-99
-99
-99
-99
-99
-99
-99
-99
-99
-99
-99
-99
-99
-99
-99
-99
-99
-99
-99
-99
-99
-99
-99
-99
-99
-99
-99
-99
-99
-99
-99
-99
-99
-99
-99
-99
-99
-99
-99
-99
-99
-99
-99
-99
-99
-99
-99
-99
-99
-99
-99
-99
-99
-99
-99
-99
-99
-99
-99
-99
-99
-99
-99
-99
-99
-99
-99
-99
-99
-99
-99
-99
-99
-99
-99
-99
-99
-99
-99
-99
-99
-99
-99
-99
-99
-99
-99
-99
-99
-99
-99
-99
-99
-99
-99
-99
-99
-99
-99
-99
-99
-99
-99
-99
-99
-99
-99
-99
-99
-99
-99
-99
-99
-99
-99
-99
-99
-99
-99
-99
-99
-99
-99
-99
-99
-99
-99
-99
-99
-99
-99
-99
-99
-99
-99
-99
-99
-99
-99
-99
-99
-99
-99
-99
-99
-99
-99
-99
-99
-99
-99
-99
-99
-99
-99
-99
-99
-99
-99
-99
-99
-99
-99
-99
-99
-99
-99
-99
-99
-99
-99
-99
-99
-99
-99
-99
-99
-99
-99
-99
-99
-99
-99
-99
-99
-99
-99
-99
-99
-99
-99
-99
-99
-99
-99
-99
-99
-99
-99
-99
-99
-99
-99
-99
-99
-99
-99
-99
-99
-99
-99
-99
-99
-99
-99
-99
-99
-99
-99
-99
-99
-99
-99
-99
-99
-99
-99
-99
-99
-99
-99
-99
-99
-99
-99
-99
-99
-99
-99
-99
-99
-99
-99
-99
-99
-99
-99
-99
-99
-99
-99
-99
-99
-99
-99
-99
-99
-99
-99
-99
-99
-99
-99
-99
-99
-99
-99
-99
-99
-99
-99
-99
-99
-99
-99
-99
-99
-99
-99
-99
-99
-99
-99
-99
-99
-99
-99
-99
-99
-99
-99
-99
-99
-99
-99
-99
-99
-99
-99
-99
-99
-99
-99
-99
-99
-99
-99
-99
-99
-99
-99
-99
-99
-99
-99
-99
-99
-99
-99
-99
-99
-99
-99
-99
-99
-99
-99
-99
-99
-99
-99
-99
-99
-99
-99
-99
-99
-99
-99
-99
-99
-99
-99
-99
-99
-99
-99
-99
-99
-99
-99
-99
-99
-99
-99
-99
-99
-99
-99
-99
-99
-99
-99
-99
-99
-99
-99
-99
-99
-99
-99
-99
-99
-99
-99
-99
-99
-99
-99
-99
-99
-99
-99
-99
-99
-99
-99
-99
-99
-99
-99
-99
-99
-99
-99
-99
-99
-99
-99
-99
-99
-99
-99
-99
-99
-99
-99
-99
-99
-99
-99
-99
-99
-99
-99
-99
-99
-99
-99
-99
-99
-99
-99
-99
-99
-99
-99
-99
-99
-99
-99
-99
-99
-99
-99
-99
-99
-99
-99
-99
-99
-99
-99
-99
-99
-99
-99
-99
-99
-99
-99
-99
-99
-99
-99
-99
-99
-99
-99
-99
-99
-99
-99
-99
-99
-99
-99
-99
-99
-99
-99
-99
-99
-99
-99
-99
-99
-99
-99
-99
-99
-99
-99
-99
-99
-99
-99
-99
-99
-99
-99
-99
-99
-99
-99
-99
-99
-99
-99
-99
-99
-99
-99
-99
-99
-99
-99
-99
-99
-99
-99
-99
-99
-99
-99
-99
-99
-99
-99
-99
-99
-99
-99
-99
-99
-99
-99
-99
-99
-99
-99
-99
-99
-99
-99
-99
-99
-99
-99
-99
-99
-99
-99
-99
-99
-99
-99
-99
-99
-99
-99
-99
-99
-99
-99
-99
-99
-99
-99
-99
-99
-99
-99
-99
-99
-99
-99
-99
-99
-99
-99
-99
-99
-99
-99
-99
-99
-99
-99
-99
-99
-99
-99
-99
-99
-99
-99
-99
-99
-99
-99
-99
-99
-99
-99
-99
-99
-99
-99
-99
-99
-99
-99
-99
-99
-99
-99
-99
-99
-99
-99
-99
-99
-99
-99
-99
-99
-99
-99
-99
-99
-99
-99
-99
-99
-99
-99
-99
-99
-99
-99
-99
-99
-99
-99
-99
-99
-99
-99
-99
-99
-99
-99
-99
-99
-99
-99
-99
-99
-99
-99
-99
-99
-99
-99
-99
-99
-99
-99
-99
-99
-99
-99
-99
-99
-99
-99
-99
-99
-99
-99
-99
-99
-99
-99
-99
-99
-99
-99
-99
-99
-99
-99
-99
-99
-99
-99
-99
-99
-99
-99
-99
-99
-99
-99
-99
-99
-99
-99
-99
-99
-99
-99
-99
-99
-99
-99
-99
-99
-99
-99
-99
-99
-99
-99
-99
-99
-99
-99
-99
-99
-99
-99
-99
-99
-99
-99
-99
-99
-99
-99
-99
-99
-99
-99
-99
-99
-99
-99
-99
-99
-99
-99
-99
-99
-99
-99
-99
-99
-99
-99
-99
-99
-99
-99
-99
-99
-99
-99
-99
-99
-99
-99
-99
-99
-99
-99
-99
-99
-99
-99
-99
-99
-99
-99
-99
-99
-99
-99
-99
-99
-99
-99
-99
-99
-99
-99
-99
-99
-99
-99
-99
-99
-99
-99
-99
-99
-99
-99
-99
-99
-99
-99
-99
-99
-99
-99
-99
-99
-99
-99
-99
-99
-99
-99
-99
-99
-99
-99
-99
-99
-99
-99
-99
-99
-99
-99
-99
-99
-99
-99
-99
-99
-99
-99
-99
-99
-99
-99
-99
-99
-99
-99
-99
-99
-99
-99
-99
-99
-99
-99
-99
-99
-99
-99
-99
-99
-99
-99
-99
-99
-99
-99
-99
-99
-99
-99
-99
-99
-99
-99
-99
-99
-99
-99
-99
-99
-99
-99
-99
-99
-99
-99
-99
-99
-99
-99
-99
-99
-99
-99
-99
-99
-99
-99
-99
-99
-99
-99
-99
-99
-99
-99
-99
-99
-99
-99
-99
-99
-99
-99
-99
-99
-99
-99
-99
-99
-99
-99
-99
-99
-99
-99
-99
-99
-99
-99
-99
-99
-99
-99
-99
-99
-99
-99
-99
-99
-99
-99
-99
-99
-99
-99
-99
-99
-99
-99
-99
-99
-99
-99
-99
-99
-99
-99
-99
-99
-99
-99
-99
-99
-99
-99
-99
-99
-99
-99
-99
-99
-99
-99
-99
-99
-99
-99
-99
-99
-99
-99
-99
-99
-99
-99
-99
-99
-99
-99
-99
-99
-99
-99
-99
-99
-99
-99
-99
-99
-99
-99
-99
-99
-99
-99
-99
-99
-99
-99
-99
-99
-99
-99
-99
-99
-99
-99
-99
-99
-99
-99
-99
-99
-99
-99
-99
-99
-99
-99
-99
-99
-99
-99
-99
-99
-99
-99
-99
-99
-99
-99
-99
-99
-99
-99
-99
-99
-99
-99
-99
-99
-99
-99
-99
-99
-99
-99
-99
-99
-99
-99
-99
-99
-99
-99
-99
-99
-99
-99
-99
-99
-99
-99
-99
-99
-99
-99
-99
-99
-99
-99
-99
-99
-99
-99
-99
-99
-99
-99
-99
-99
-99
-99
-99
-99
-99
-99
-99
-99
-99
-99
-99
-99
-99
-99
-99
-99
-99
-99
-99
-99
-99
-99
-99
-99
-99
-99
-99
-99
-99
-99
-99
-99
-99
-99
-99
-99
-99
-99
-99
-99
-99
-99
-99
-99
-99
-99
-99
-99
-99
-99
-99
-99
-99
-99
-99
-99
-99
-99
-99
-99
-99
-99
-99
-99
-99
-99
-99
-99
-99
-99
-99
-99
-99
-99
-99
-99
-99
-99
-99
-99
-99
-99
-99
-99
-99
-99
-99
-99
-99
-99
-99
-99
-99
-99
-99
-99
-99
-99
-99
-99
-99
-99
-99
-99
-99
-99
-99
-99
-99
-99
-99
-99
-99
-99
-99
-99
-99
-99
-99
-99
-99
-99
-99
-99
-99
-99
-99
-99
-99
-99
-99
-99
-99
-99
-99
-99
-99
-99
-99
-99
-99
-99
-99
-99
-99
-99
-99
-99
-99
-99
-99
-99
-99
-99
-99
-99
-99
-99
-99
-99
-99
-99
-99
-99
-99
-99
-99
-99
-99
-99
-99
-99
-99
-99
-99
-99
-99
-99
-99
-99
-99
-99
-99
-99
-99
-99
-99
-99
-99
-99
-99
-99
-99
-99
-99
-99
-99
-99
-99
-99
-99
-99
-99
-99
-99
-99
-99
-99
-99
-99
-99
-99
-99
-99
-99
-99
-99
-99
-99
-99
-99
-99
-99
-99
-99
-99
-99
-99
-99
-99
-99
-99
-99
-99
-99
-99
-99
-99
-99
-99
-99
-99
-99
-99
-99
-99
-99
-99
-99
-99
-99
-99
-99
-99
-99
-99
-99
-99
-99
-99
-99
-99
-99
-99
-99
-99
-99
-99
-99
-99
-99
-99
-99
-99
-99
-99
-99
-99
-99
-99
-99
-99
-99
-99
-99
-99
-99
-99
-99
-99
-99
-99
-99
-99
-99
-99
-99
-99
-99
-99
-99
-99
-99
-99
-99
-99
-99
-99
-99
-99
-99
-99
-99
-99
-99
-99
-99
-99
-99
-99
-99
-99
-99
-99
-99
-99
-99
-99
-99
-99
-99
-99
-99
-99
-99
-99
-99
-99
-99
-99
-99
-99
-99
-99
-99
-99
-99
-99
-99
-99
-99
-99
-99
-99
-99
-99
-99
-99
-99
-99
-99
-99
-99
-99
-99
-99
-99
-99
-99
-99
-99
-99
-99
-99
-99
-99
-99
-99
-99
-99
-99
-99
-99
-99
-99
-99
-99
-99
-99
-99
-99
-99
-99
-99
-99
-99
-99
-99
-99
-99
-99
-99
-99
-99
-99
-99
-99
-99
-99
-99
-99
-99
-99
-99
-99
-99
-99
-99
-99
-99
-99
-99
-99
-99
-99
-99
-99
-99
-99
-99
-99
-99
-99
-99
-99
-99
-99
-99
-99
-99
-99
-99
-99
-99
-99
-99
-99
-99
-99
-99
-99
-99
-99
-99
-99
-99
-99
-99
-99
-99
-99
-99
-99
-99
-99
-99
-99
-99
-99
-99
-99
-99
-99
-99
-99
-99
-99
-99
-99
-99
-99
-99
-99
-99
-99
-99
-99
-99
-99
-99
-99
-99
-99
-99
-99
-99
-99
-99
-99
-99
-99
-99
-99
-99
-99
-99
-99
-99
-99
-99
-99
-99
-99
-99
-99
-99
-99
-99
-99
-99
-99
-99
-99
-99
-99
-99
-99
-99
-99
-99
-99
-99
-99
-99
-99
-99
-99
-99
-99
-99
-99
-99
-99
-99
-99
-99
-99
-99
-99
-99
-99
-99
-99
-99
-99
-99
-99
-99
-99
-99
-99
-99
-99
-99
-99
-99
-99
-99
-99
-99
-99
-99
-99
-99
-99
-99
-99
-99
-99
-99
-99
-99
-99
-99
-99
-99
-99
-99
-99
-99
-99
-99
-99
-99
-99
-99
-99
-99
-99
-99
-99
-99
-99
-99
-99
-99
-99
-99
-99
-99
-99
-99
-99
-99
-99
-99
-99
-99
-99
-99
-99
-99
-99
-99
-99
-99
-99
-99
-99
-99
-99
-99
-99
-99
-99
-99
-99
-99
-99
-99
-99
-99
-99
-99
-99
-99
-99
-99
-99
-99
-99
-99
-99
-99
-99
-99
-99
-99
-99
-99
-99
-99
-99
-99
-99
-99
-99
-99
-99
-99
-99
-99
-99
-99
-99
-99
-99
-99
-99
-99
-99
-99
-99
-99
-99
-99
-99
-99
-99
-99
-99
-99
-99
-99
-99
-99
-99
-99
-99
-99
-99
-99
-99
-99
-99
-99
-99
-99
-99
-99
-99
-99
-99
-99
-99
-99
-99
-99
-99
-99
-99
-99
-99
-99
-99
-99
-99
-99
-99
-99
-99
-99
-99
-99
-99
-99
-99
-99
-99
-99
-99
-99
-99
-99
-99
-99
-99
-99
-99
-99
-99
-99
-99
-99
-99
-99
-99
-99
-99
-99
-99
-99
-99
-99
-99
-99
-99
-99
-99
-99
-99
-99
-99
-99
-99
-99
-99
-99
-99
-99
-99
-99
-99
-99
-99
-99
-99
-99
-99
-99
-99
-99
-99
-99
-99
-99
-99
-99
-99
-99
-99
-99
-99
-99
-99
-99
-99
-99
-99
-99
-99
-99
-99
-99
-99
-99
-99
-99
-99
-99
-99
-99
-99
-99
-99
-99
-99
-99
-99
-99
-99
-99
-99
-99
-99
-99
-99
-99
-99
-99
-99
-99
-99
-99
-99
-99
-99
-99
-99
-99
-99
-99
-99
-99
-99
-99
-99
-99
-99
-99
-99
-99
-99
-99
-99
-99
-99
-99
-99
-99
-99
-99
-99
-99
-99
-99
-99
-99
-99
-99
-99
-99
-99
-99
-99
-99
-99
-99
-99
-99
-99
-99
-99
-99
-99
-99
-99
-99
-99
-99
-99
-99
-99
-99
-99
-99
-99
-99
-99
-99
-99
-99
-99
-99
-99
-99
-99
-99
-99
-99
-99
-99
-99
-99
-99
-99
-99
-99
-99
-99
-99
-99
-99
-99
-99
-99
-99
-99
-99
-99
-99
-99
-99
-99
-99
-99
-99
-99
-99
-99
-99
-99
-99
-99
-99
-99
-99
-99
-99
-99
-99
-99
-99
-99
-99
-99
-99
-99
-99
-99
-99
-99
-99
-99
-99
-99
-99
-99
-99
-99
-99
-99
-99
-99
-99
-99
-99
-99
-99
-99
-99
-99
-99
-99
-99
-99
-99
-99
-99
-99
-99
-99
-99
-99
-99
-99
-99
-99
-99
-99
-99
-99
-99
-99
-99
-99
-99
-99
-99
-99
-99
-99
-99
-99
-99
-99
-99
-99
-99
-99
-99
-99
-99
-99
-99
-99
-99
-99
-99
-99
-99
-99
-99
-99
-99
-99
-99
-99
-99
-99
-99
-99
-99
-99
-99
-99
-99
-99
-99
-99
-99
-99
-99
-99
-99
-99
-99
-99
-99
-99
-99
-99
-99
-99
-99
-99
-99
-99
-99
-99
-99
-99
-99
-99
-99
-99
-99
-99
-99
-99
-99
-99
-99
-99
-99
-99
-99
-99
-99
-99
-99
-99
-99
-99
-99
-99
-99
-99
-99
-99
-99
-99
-99
-99
-99
-99
-99
-99
-99
-99
-99
-99
-99
-99
-99
-99
-99
-99
-99
-99
-99
-99
-99
-99
-99
-99
-99
-99
-99
-99
-99
-99
-99
-99
-99
-99
-99
-99
-99
-99
-99
-99
-99
-99
-99
-99
-99
-99
-99
-99
-99
-99
-99
-99
-99
-99
-99
-99
-99
-99
-99
-99
-99
-99
-99
-99
-99
-99
-99
-99
-99
-99
-99
-99
-99
-99
-99
-99
-99
-99
-99
-99
-99
-99
-99
-99
-99
-99
-99
-99
-99
-99
-99
-99
-99
-99
-99
-99
-99
-99
-99
-99
-99
-99
-99
-99
-99
-99
-99
-99
-99
-99
-99
-99
-99
-99
-99
-99
-99
-99
-99
-99
-99
-99
-99
-99
-99
-99
-99
-99
-99
-99
-99
-99
-99
-99
-99
-99
-99
-99
-99
-99
-99
-99
-99
-99
-99
-99
-99
-99
-99
-99
-99
-99
-99
-99
-99
-99
-99
-99
-99
-99
-99
-99
-99
-99
-99
-99
-99
-99
-99
-99
-99
-99
-99
-99
-99
-99
-99
-99
-99
-99
-99
-99
-99
-99
-99
-99
-99
-99
-99
-99
-99
-99
-99
-99
-99
-99
-99
-99
-99
-99
-99
-99
-99
-99
-99
-99
-99
-99
-99
-99
-99
-99
-99
-99
-99
-99
-99
-99
-99
-99
-99
-99
-99
-99
-99
-99
-99
-99
-99
-99
-99
-99
-99
-99
-99
-99
-99
-99
-99
-99
-99
-99
-99
-99
-99
-99
-99
-99
-99
-99
-99
-99
-99
-99
-99
-99
-99
-99
-99
-99
-99
-99
-99
-99
-99
-99
-99
-99
-99
-99
-99
-99
-99
-99
-99
-99
-99
-99
-99
-99
-99
-99
-99
-99
-99
-99
-99
-99
-99
-99
-99
-99
-99
-99
-99
-99
-99
-99
-99
-99
-99
-99
-99
-99
-99
-99
-99
-99
-99
-99
-99
-99
-99
-99
-99
-99
-99
-99
-99
-99
-99
-99
-99
-99
-99
-99
-99
-99
-99
-99
-99
-99
-99
-99
-99
-99
-99
-99
-99
-99
-99
-99
-99
-99
-99
-99
-99
-99
-99
-99
-99
-99
-99
-99
-99
-99
-99
-99
-99
-99
-99
-99
-99
-99
-99
-99
-99
-99
-99
-99
-99
-99
-99
-99
-99
-99
-99
-99
-99
-99
-99
-99
-99
-99
-99
-99
-99
-99
-99
-99
-99
-99
-99
-99
-99
-99
-99
-99
-99
-99
-99
-99
-99
-99
-99
-99
-99
-99
-99
-99
-99
-99
-99
-99
-99
-99
-99
-99
-99
-99
-99
-99
-99
-99
-99
-99
-99
-99
-99
-99
-99
-99
-99
-99
-99
-99
-99
-99
-99
-99
-99
-99
-99
-99
-99
-99
-99
-99
-99
-99
-99
-99
-99
-99
-99
-99
-99
-99
-99
-99
-99
-99
-99
-99
-99
-99
-99
-99
-99
-99
-99
-99
-99
-99
-99
-99
-99
-99
-99
-99
-99
-99
-99
-99
-99
-99
-99
-99
-99
-99
-99
-99
-99
-99
-99
-99
-99
-99
-99
-99
-99
-99
-99
-99
-99
-99
-99
-99
-99
-99
-99
-99
-99
-99
-99
-99
-99
-99
-99
-99
-99
-99
-99
-99
-99
-99
-99
-99
-99
-99
-99
-99
-99
-99
-99
-99
-99
-99
-99
-99
-99
-99
-99
-99
-99
-99
-99
-99
-99
-99
-99
-99
-99
-99
-99
-99
-99
-99
-99
-99
-99
-99
-99
-99
-99
-99
-99
-99
-99
-99
-99
-99
-99
-99
-99
-99
-99
-99
-99
-99
-99
-99
-99
-99
-99
-99
-99
-99
-99
-99
-99
-99
-99
-99
-99
-99
-99
-99
-99
-99
-99
-99
-99
-99
-99
-99
-99
-99
-99
-99
-99
-99
-99
-99
-99
-99
-99
-99
-99
-99
