20000101
2.22
2.47
2.26
1.71
1.85
2.13
1.99
1.84
2.9
3.73
2.76
2.1
2.12
2.34
3.18
2.31
2.63
8.86
8.46
3.11
3.14
4.52
9.99
7.94
3.27
2.62
2.85
2.11
1.92
2.13
1.8
1.8
2.28
8.5
3.92
2.01
2.02
2.44
1.84
6.95
2.73
2.8
3.85
2.34
3.3
3.16
3.33
6.95
2.47
4.55
8.36
3.49
2.11
4.35
2.59
2.18
2.51
2.14
3.68
3.31
5.87
8.79
2.39
4.4
3.84
2.99
2.43
3.02
2.68
5.18
2.63
3.37
3.68
6.15
11.01
7.73
4.4
7.08
7.22
3.06
3.91
3.04
2.86
2.52
3.36
2.37
2.73
3.86
3.28
3.72
3.76
3.72
3.89
6.14
4.25
3.38
4.35
3.13
2.68
4.44
3.08
5.56
3.66
3.41
5.47
4.57
5.15
4.05
4.53
3.09
3.31
3.28
3.9
3.01
3.31
4.88
4.22
3.26
3.3
3.81
3.23
2.75
2.74
3.72
2.28
3.04
3.9
2.94
3.28
3.53
2.68
4.46
3.56
2.79
3.13
3.35
3.96
2.97
2.42
3.13
3.38
3.27
2.23
3.13
3.22
3.63
4.27
3.98
2.72
2.47
3
3.16
3.34
3.97
4.04
3.7
4.87
9.92
5.86
4.54
4.97
5.59
8.62
8.86
5.06
2.88
5.66
6.16
3.17
3.5
3.94
4.55
4
3.23
3.35
4.2
2.88
4.01
4.41
3.27
3.26
2.96
4
3.68
3.36
3.38
3.89
4.13
4.53
6.75
4.42
2.98
4.23
6.28
3.21
3.15
7.6
5.47
3.52
2.82
3.14
2.92
3.32
4.12
3.15
3.12
4.15
3.14
4.06
3.85
4.17
3.54
3.66
4.12
3.46
4.92
7.62
6.7
6.02
4.82
3.2
2.84
2.83
3.45
4.19
3.09
2.64
2.7
3.17
4.11
3.67
3.13
3.59
4.18
4.14
3.4
3.04
3.16
4.41
5.85
3.58
4.29
3.28
2.87
3.04
2.15
3.42
6.74
3.05
2.79
4.94
4.61
2.91
3.38
2.79
2.81
2.66
2.78
2.65
2.45
2.3
2.64
2.61
2.63
2.72
2.44
2.62
2.56
3.39
3.23
2.5
5.19
3.51
3.03
2.69
7.45
7.69
2.57
4.02
8.4
7.26
3.64
2.78
2.31
5.02
1.95
4.8
3
2.63
2.29
2.29
1.94
2.12
4.11
5.02
3.02
2.43
2.88
2.09
2.21
2.23
2.12
2.1
5.57
2.28
2.26
3.56
3.85
2.29
5.32
4.36
2.73
2.14
2.47
2.07
3.49
4.44
4.35
2.6
2.83
2.46
7.62
3.97
1.93
2.98
2.42
3.91
4.98
2.13
2.21
2.8
2.1
1.82
3.28
3.43
5.55
5.58
3.45
1.7
3.77
4.17
5
3.5
1.98
1.92
1.52
1.58
1.62
2.81
2.27
1.93
1.9
1.73
1.24
2.4
7.31
9.66
7.41
3.61
2.37
4.03
2.29
3.67
3.73
7.8
5.71
4.16
4.84
2.7
3.67
7.08
2.72
2.81
2.42
3.72
2.05
2.01
3.09
3.08
2.22
1.74
3.88
2.07
2.86
4.91
1.88
2.02
2.8
2.38
2.77
2.49
3.79
3.4
3.43
11.02
11.24
7.75
8.77
2.15
1.38
1.87
1.52
2.67
5.4
3.92
3
2.04
1.88
1.54
4.04
3.41
3.37
2.57
4.78
5.3
2.05
3.67
2.02
3.86
2.3
3.64
7.94
4.77
3.16
2.18
2.6
3.52
4.85
3.65
2.02
1.79
2.4
2.11
1.78
1.61
1.86
3.91
2.54
2.13
2.51
2.19
3.19
2.19
2.16
1.87
2.67
2.72
2.96
2.32
2.67
1.78
2.04
2.31
2.03
9.1
5.02
2.34
3.12
3.04
2.68
2.74
2.42
2.77
7.37
3.56
3.86
9.81
9.99
5.91
7.18
2.3
2.56
2.95
1.58
2.58
6.53
6.66
4.58
2.54
2.4
2.75
2.89
2.05
2.4
3.79
3.55
2.42
1.99
1.77
2.48
2.07
2.3
2.76
2.23
2.3
2.92
3.86
2.39
3.12
3.37
3.57
3.59
1.97
4.29
3.96
3.71
2.06
1.82
1.81
1.88
4.25
2.94
2.13
1.96
2.28
1.96
2.74
3.55
2.73
3.44
2.79
2.63
3.16
2.88
4.01
2.33
2.17
4.72
2.26
2.34
2.3
3.43
3.74
2.97
7.18
3.34
2.21
2.05
2.01
2.05
2.45
2.56
2.44
4.3
5.19
2.55
2.41
3.5
2.43
2.52
3.32
4.4
2.83
2.57
2.97
2.17
2.14
1.63
2.06
2.89
3.89
4.11
2.26
2.81
2.09
2.01
3.87
2.29
2.02
2.24
1.97
2.28
2.24
2.28
2.09
2.09
2.03
2.07
1.68
2.92
3
3.28
2.56
1.99
2.45
1.88
3.04
4.06
3.17
2.19
2.24
2.84
2.95
2.48
2.77
2.92
2.37
2.81
2.03
2.01
2.1
1.85
2.55
2.63
2.04
2.4
2.75
1.92
1.96
5.83
3.1
2.7
1.83
4.42
3.09
5.68
2.24
2.81
5.31
2.95
2.48
2.26
3.94
2.9
3.27
7.15
2.89
2.38
2.85
1.85
2.81
2.5
1.21
1.5
1.67
1.79
2.32
1.84
2.16
1.86
3.42
2.2
2.33
1.53
1.95
2.59
2.22
1.49
2.45
1.46
1.67
1.47
1.82
1.49
1.5
2.1
1.97
2.87
3.58
1.79
1.7
1.6
1.59
1.48
1.12
3.19
1.69
1.14
1.12
1.31
7.23
3.51
1.56
1.26
1.2
1.87
1.75
2.44
8.61
7.85
8.73
6.24
8.83
10.32
7.15
4.36
2.55
1.91
1.93
1.49
1.11
1.31
4.39
3.27
3.98
1.19
1.9
2
2.33
1.04
1.4
1.24
0.82
-99
-99
-99
-99
0.95
1.22
1.83
1.35
1.08
2.13
5.79
6.28
3.69
1.86
1.33
1.5
1.39
1.46
1.39
3.08
4.32
1.1
4.53
2.52
1.28
1.25
1.07
4.06
1.53
1.68
2.99
4.25
0.87
1.07
1.14
1.29
1.35
1.15
1.22
1.19
0.96
5.47
2.28
5.58
1.7
1.27
1.06
1.37
2.75
3.87
3
2.9
1.56
1.58
1.43
1.34
1.6
1.81
1.77
1.48
2.52
3.24
2.09
1.26
4.41
8.44
1.58
1.6
1.78
1.38
1.46
1.3
2.95
2.3
1.16
1.72
3.91
6.91
1.5
11.69
5.31
1.35
2.8
1.33
1.35
2.03
1.61
3.06
1.95
2.13
3.44
5.39
5.77
6.34
3.22
3.75
3.72
2.77
3.53
2.13
4.99
2.74
2.56
3
2.54
1.75
2.3
2.08
4.23
8.51
4.51
2.02
2.51
2.77
4.24
5.03
1.91
1.87
2.1
2.79
6.23
7.23
1.97
3.65
3.56
3.12
2.14
1.91
7.96
4.12
4.35
2.55
2.7
2.63
2.45
1.84
1.56
3.11
3.5
2.27
3.23
2.12
3.79
2.43
2.97
2.05
1.5
3.83
3.25
2.02
5.29
4
2.41
2.64
4.74
5.04
2.6
1.7
2.04
2.27
3.05
2.22
2.3
2.85
3.24
7.35
3.83
1.99
3.98
3.73
3.76
2.16
3.18
3.03
2.07
2.2
2.19
2.02
1.87
2.19
2.16
2.07
2.86
2.94
1.84
2.85
3.09
2.98
1.9
2.09
2.08
1.91
2.55
2.59
2.41
2.67
2.36
2.41
2.1
2.16
1.75
2.36
3.09
2.79
2.04
3.08
4.83
2.86
1.66
1.96
1.86
2.9
2.8
2.5
2.3
2.8
2.61
2.61
2.01
2.16
1.79
4.66
8.96
6.7
1.94
3.74
3.02
2.3
2.2
2.24
2.39
2.87
3.5
3.48
3.73
2.35
2.11
1.96
2.21
2.73
1.97
2.38
2.23
1.97
3.23
3.05
4.75
1.97
1.82
2.66
4.73
2.71
2.94
2.09
1.74
2.2
1.77
2.21
2.23
2.18
1.78
1.5
2.27
1.78
2.9
2.17
1.29
2.65
3.2
2.01
3.46
4.65
2.09
2.18
2
2.45
3.07
1.9
2.24
2.21
2.26
2.63
1.54
2.31
2.02
1.77
1.98
2.85
2.49
2.19
1.63
1.31
2.6
7.55
6.86
4.71
3.29
4.64
2.13
2.23
3.46
2.74
1.81
1.71
2.49
1.57
2.75
2.81
1.46
1.75
3.05
5.24
4.73
1.58
2.14
1.57
3.7
1.98
1.82
1.53
3.12
3.92
2.53
1.58
1.9
1.44
1.5
2.04
1.55
1.4
2.13
2.24
1.33
1.08
1.97
5.9
7.05
2.22
9.78
6.98
2.14
1.63
1.26
2.21
3.78
3.09
2.09
2.04
1.51
1.56
1.13
2.04
3.24
1.67
3.26
1.94
2.53
4.17
1.21
1.95
1.36
6.19
1.36
5.08
7.8
3.88
9.49
7.12
1.66
0.97
1.44
3.13
1.7
1.41
1.79
2.77
1.46
1.2
0.79
1.18
1.7
1.4
1.02
1.17
1.19
1.11
1.29
1.26
4.6
2.42
1.38
1.22
1.71
0.94
1.64
1.66
1.96
3.1
6.96
1.65
1.48
1.27
4.18
5.43
1.83
1.83
1.59
1.19
1.51
1.73
1.41
2.89
3.31
2.99
1.66
9.59
10.21
7.86
9.42
8.3
7.31
5.56
5.76
12.6
6.72
2.23
1.6
6.88
8.15
3.97
1.77
1.6
1.76
4.32
1.41
1.89
2.79
2.89
3.46
3.9
5.18
3.39
1.92
5.98
3.04
1.57
2.8
3.36
5.48
7.71
3.01
2.3
1.68
1.33
1.36
2.17
3.28
2.75
2.1
2.11
1.78
1.56
1.58
1.91
2.15
2.38
4.04
2.71
1.99
1.94
1.83
2.21
2.36
2.13
2.33
2.57
2.39
2.59
2.84
4.18
2.05
2.29
2.32
2.19
5.89
13.13
8.81
3.38
6.96
3.96
1.65
3.61
3.13
2.29
3.15
2.96
2.36
3.15
3.88
1.67
1.8
2.49
3.03
2.19
2.07
2.17
1.97
3.61
3.2
3.56
5.32
2.65
2.34
2.31
2.7
3.28
1.82
2.24
4.45
4.13
2.75
3.42
2.97
2.04
2.18
1.9
3.21
3.11
2.39
1.93
2.14
2.9
3.02
4.02
2.72
2.27
3.48
5.58
7.61
4.42
2.17
1.94
1.75
1.92
2.67
2
2.65
3.22
1.33
1.77
2.27
2.26
2.2
2.99
2.37
2.69
2.24
1.79
1.56
1.88
2.12
5.11
4.61
2.6
1.79
2.98
2.62
1.97
2.05
2.55
2.11
2.58
3.2
3.23
2.41
2.4
1.77
2.12
2.29
2.19
1.95
2.03
1.58
2.34
1.9
2.06
2.32
2.39
2.93
2.89
2.34
2.35
2.66
2.37
2.37
2.49
2.37
2.16
2.78
2.44
2.79
2.62
3.44
3.1
2.75
2.38
1.82
2.11
1.6
1.67
1.46
1.71
1.88
1.91
2.14
1.97
1.6
1.55
1.66
1.47
2.08
1.68
2.15
1.76
1.84
1.67
2.05
2.44
2.07
1.78
2.16
2.86
2.99
2.19
2.1
1.93
1.74
1.74
1.89
2.89
2.57
1.82
1.69
2.14
5.73
5.51
3.35
6.4
3.48
3.01
1.82
1.5
1.71
1.76
2.02
2.25
2.14
3.64
2.37
2.54
1.7
1.74
0.8
1.48
1.64
2.13
3.4
2.19
2.03
1.5
7.06
2.42
1.68
3.91
3.61
1.57
1.67
2.2
1.38
2.17
4.78
4.61
8.68
4.33
3.05
2.35
1.88
1.81
1.97
3.51
2.11
2.09
1.64
2
1.95
2.56
5.18
1.59
1.57
1.08
1.42
1.44
1.48
1.13
1.34
1.53
1.38
1.4
1.04
1.6
0.99
1.54
2.38
2.4
1.83
1.43
1.91
1.51
2.81
3.3
1.49
3.01
1.49
3.45
4.1
1
2.18
2.24
1.32
2.88
4.54
1.71
1.55
3.06
3.07
1.48
2.1
1.04
1.7
1.24
3.53
5.3
2.53
1.75
1.87
2.52
1.58
2.82
10.2
10.99
6.61
1.35
1.11
1.68
5.9
3.47
1.91
8
2.69
10.01
3.84
2.57
2.17
1
1.13
1.47
1.32
1.81
1.18
1.12
1.13
2.14
2.27
1.51
2.19
7.83
9.46
3.34
7.94
2.24
1.62
1.09
2.24
1.67
2.79
6.23
4.78
3.44
4.19
1.66
1.52
1.53
1.71
1.41
1.47
2.25
2.01
2.8
2
2.45
2.41
2.35
1.5
1.63
2.68
3.36
2.64
3.39
5.03
4.33
1.62
3.84
3.52
1.62
4.67
2.68
3.73
5.7
7.99
5.42
2.01
1.6
1.45
4.59
4.88
7.61
3.62
2.19
2.97
4.69
3.72
2.93
2.41
2.6
1.88
1.58
1.88
1.46
2.22
2.29
7.69
5.39
5.14
4.78
2.41
3.12
4.91
4.61
3.82
4.27
4.21
2.41
1.91
2.48
1.4
2.25
1.66
6.08
4.84
6.48
4.45
5.4
1.85
2.72
7.92
3.14
2.84
2.6
2.17
3.27
3.96
8.64
3.83
3.12
2.42
3.11
3.18
2.41
2.55
2.61
2.42
5.78
4.73
1.82
2.35
2.41
2.18
2.1
1.74
1.88
3.99
6.12
3.27
2.6
2.07
3.04
2.16
1.8
2.48
2.34
1.72
1.97
2.93
1.99
1.74
2.03
2.03
2.19
1.97
1.99
1.48
3.92
7.92
5.69
3.66
2.72
2.3
2.27
2.33
2.34
1.65
1.95
7.66
5.39
3.45
5.49
4.7
2.29
2.19
1.57
2.94
2.93
2.7
1.56
2.21
1.94
2.21
2.16
2.31
2.06
2.78
3.54
2.21
2.47
2.77
2.14
2.93
2.44
2.13
2.1
2.14
3.74
2.94
3.4
2.19
2.37
3.26
2.38
2.27
2.69
2.62
2.53
1.8
2.67
6.13
6.8
3.99
2.56
1.96
2.26
1.84
1.86
1.81
2.52
2.48
2.05
2.06
2.59
3.22
2.15
2.34
2.56
2.64
2.26
1.85
2.1
2.41
2.78
3.56
3.01
2.58
2.22
2.24
4.3
3.33
1.78
5.1
2.76
1.65
1.48
1.45
0.86
2.23
2.21
1.9
1.51
1.63
2
2.14
1.88
3.51
3.19
2.27
1.83
2.4
2.09
3.34
5.1
2.06
1.95
2.18
1.37
2.38
4.61
2.84
5.04
8.98
8.61
3.55
1.71
1.61
1.48
1.99
1.79
2.27
1.9
1.53
1.94
1.68
1.97
1.82
2.36
2.02
2.13
2.57
1.94
1.96
2.38
1.88
2.73
3.26
3.57
2.5
1.95
1.73
1.34
1.83
5.31
2.88
3.71
2.86
1.87
2.57
1.28
1.64
1.36
0.88
2.27
2.63
6.11
3.96
4.08
7.8
6.81
5.58
12.36
13.78
7.14
4.18
1.97
1.32
1.75
2.36
1.37
0.99
1.27
1.19
1.02
1.16
1.06
1.69
1.55
1.27
3.23
3.13
1.78
2.8
3.94
1.89
4.56
3.69
3.99
1.32
1.92
1.54
1.45
1.24
1.07
1.41
2.84
5.34
1.35
4.24
1.33
2.2
1.28
1.16
2.36
8.89
7.39
6.06
12.74
7.19
2.49
1.04
2.3
2.9
0.5
0.48
0.6
0.78
0.58
0.51
1.19
0.53
0.59
0.68
0.53
0.57
0.55
0.7
2.3
5.26
3.1
1.74
1
0.67
5.54
5.85
5.35
4.14
2.7
5.5
4.26
3.29
3.79
3.38
4.45
0.98
1.12
1.09
3.28
1.76
1.29
0.96
0.58
0.85
2.45
6.55
5.45
6.66
4.87
1.57
2.85
4.51
3.8
1.24
1.51
0.69
1.05
1.26
3.04
4.27
2.27
1.73
1.25
3.42
2.37
4.79
6.41
4.82
1.35
1.31
0.6
1.08
1.27
1.31
1.25
1.33
1.13
1.12
1.16
1.02
1.73
0
0
0
0
0
0
0
0
0
0
0
0
0
0
0
0
0
0
0
0
0
0
0
0
0
0
0
0
0
0
0
0
0
0
0
0
0
0
0
0
0
1.65
1.82
2.24
5.54
5.25
2.4
2.14
2.18
1.7
1.77
2.12
2.74
2
2.49
2.27
3.32
4.4
2.12
2.06
2.2
2.71
2.86
2.11
1.9
2.02
2.27
1.95
2.37
2.59
3.85
3.05
2.26
1.95
2.9
2.38
3.76
4.67
2.89
2.53
2.71
2.23
2.1
2.33
1.44
1.95
4
2.94
2.1
1.7
1.74
1.7
2.26
1.79
1.75
2.5
2.11
2.05
1.61
3.02
2.45
3.38
2.67
2.13
2.78
3.72
2.64
2.75
2.71
1.84
3.59
3.85
2.68
2.23
2.51
2.76
2.3
2.18
2.29
2.02
2.46
2.52
2.05
2.55
2.28
2.15
2.38
2.78
2.78
2.12
2.88
2.62
2.03
3.28
4.7
4.77
2.38
2.74
2.7
2.2
2.39
2.08
1.85
2.33
1.91
2.17
3.2
2.15
2.3
1.57
2.07
3.19
6.35
5.09
2.98
2.65
1.65
2.03
0.8
1.85
1.79
1.88
2.33
2.1
1.93
1.78
1.75
2.11
1.74
3
1.25
1.83
1.75
1.87
1.81
2
1.9
1.65
1.63
5.34
5.82
1.97
2
1.98
1.92
1.63
1.98
1.73
2.22
1.34
1.61
2.22
2.85
1.75
5.29
6.16
3.22
1.31
1.73
2.12
1.4
1.82
1.88
1.93
1.83
4.04
1
1.25
1.41
1.35
3.34
1.33
1.89
2.17
1.3
1.42
1.89
1.1
2.12
2.77
2.75
2.7
2.25
1.98
1.72
1.72
1.82
2.06
4.23
1.7
1.34
2.41
4.07
4.8
1.62
1.79
2.22
4.42
1.45
1.59
3.39
1.59
2.23
1.33
1.43
2.77
4.05
3.22
1.3
1.57
1.39
1.41
2.73
2.74
2.01
3.87
1.65
1.92
1.28
2
1.74
1.59
5.81
3.45
2.38
1.24
1.58
3.12
4.38
1.63
4.52
4.48
1.39
2.01
1.5
1.38
1.35
1.42
1.3
1.35
2.58
4.29
1.71
1.51
1.21
1.62
5.73
6.88
4.36
1.3
1.33
3.02
5.26
1.89
1.26
1.32
1.63
1.98
1.16
1.95
1.33
1.19
1.05
3.05
1.57
2.65
2.99
2.3
2.85
2.01
1.69
2.58
3.31
3.21
4.89
3.1
1.67
1.31
1.69
2.3
1.74
3.93
1.67
2.14
2.42
2.1
1.97
1.55
1.5
1.62
1.08
1.82
2.38
3.58
4.98
2.53
1.99
2.45
2.95
1.87
2.05
1.92
5.88
1.64
1.5
2.45
2.24
4
7.15
7.68
3.1
0.96
2.02
2.6
6.93
5.81
3.01
1.99
1.63
2
2.29
3.74
4.51
3.28
2.52
1.44
2.68
2.35
2.03
1.85
1.75
1.95
1.84
1.64
1.53
2.03
1.8
1.52
3.46
1.78
1.6
2.26
2.05
2.82
3.69
3.96
2.29
2.35
3.13
3.1
1.65
3.06
4.77
2.46
1.59
3.23
2.64
1.58
1.9
2.38
3.77
4.99
6.37
4.8
2.68
2.5
3.05
2.23
1.98
2.39
2.4
3.62
2.76
2.55
1.73
2.5
2.78
1.32
2.19
2.52
2.29
2.29
2.41
2.24
2.38
2.76
2.98
4.13
3.27
2.2
2
2.13
1.9
2.37
5.35
6
4.33
6.38
3.89
2.6
2.78
2.16
2.78
2.35
2.81
3.08
2.8
2.51
2.83
2.9
2.44
1.99
3.52
2.34
2.15
1.76
1.94
1.67
2.39
2.44
2.4
2.51
2.13
1.79
2.78
2.2
1.87
2.38
2
2.72
2.66
2.83
2.98
2.46
1.83
1.87
2.04
2.06
1.68
1.63
1.85
1.95
1.91
2.81
2.85
2.45
2.29
1.86
2.45
2.24
1.76
2.27
3.02
1.93
2.46
1.81
2.42
1.76
1.76
4.44
5.58
4.28
4.7
4.75
4.62
4.63
2.71
2.31
1.85
2.55
1.78
1.64
2.77
3.51
2.87
2.17
2.43
2.23
2.1
2.27
1.52
1.84
1.57
2.27
1.97
1.92
4.32
2.45
2.41
1.31
1.71
1.68
2.14
1.73
1.45
1.5
1.95
2.06
1.9
1.33
1.6
1.08
1.91
1.08
1.69
1.75
2.11
1.73
2.07
2.13
0.88
2.64
3.19
5.15
2.43
1.52
1.77
1.91
2.55
1.92
2.67
1.33
2.7
1.83
1.46
1.65
1.31
2.43
3.19
3.32
2.7
1.91
1.65
1.53
1.9
2.29
3.02
1.75
1.69
2.91
3.93
1.94
2.77
1.64
1.39
1.13
1.38
2.4
1.23
2.17
3.46
2.89
1.57
1.5
1.4
1.67
1.4
1.33
1.2
1.37
2.85
1.93
1.43
3.11
2.24
1.37
1.5
1.38
1.3
1.21
2.26
2.19
3.24
3.63
1.15
2.04
2.26
3.38
1.9
3.03
3.47
1.54
1.28
2.86
4.88
1.56
2
1.56
2.59
1.58
1.17
3.44
1.96
2.18
1.64
1.35
5.08
2.36
3.1
4.64
2.48
3.22
2.33
1.84
1.35
1.4
1.35
1.32
1.39
1.36
1.2
3.32
1.65
1.23
1.77
1.38
1.05
1.12
1.19
1.66
1.65
1.25
1.69
1.58
1.66
1.48
1.43
1.31
1.63
1.42
1.21
1.63
2.25
4.58
2.13
2.68
3.33
1.49
1.68
2.33
2.18
2.33
1.52
1.18
1.36
1.49
1.5
1.39
1.32
2.4
2.29
1.56
2.4
1.61
2.8
2.43
2.19
2.77
1.91
1.96
2
1.6
1.58
1.7
1.55
1.73
3.08
2.45
1.4
1.51
1.58
1.63
2.84
2.49
2.07
3.3
6.89
5.22
7.87
3.45
1.95
1.83
1.49
1.76
2.18
2.81
2.55
4
7.43
8.08
7.37
3.08
4.21
2.1
1.82
2.07
3.3
3.43
1.95
2.42
2.94
3.7
2.27
3.41
2.39
2.51
2.16
2.11
1.7
1.4
1.44
2.83
2.83
3.33
3
1.88
1.71
1.61
2.1
1.79
1.95
2.21
1.81
1.71
2.39
1.73
2.11
1.9
2.21
2.28
1.55
2.13
2.39
2.43
3.52
6.68
4.38
2.34
2.15
1.77
2.11
2.29
3.25
2.32
2.01
1.75
1.2
2.09
2.32
2.7
1.8
1.76
1.46
1.95
1.79
2.08
2.68
3.46
3.49
2.34
2.29
3.17
5.98
3.22
2.22
2.45
2.07
2.03
2.08
1.63
2.9
2.38
2.12
2.77
2.61
2.37
1.82
3.62
1.93
2.1
2.5
2.36
1.95
2.3
3
2.2
2.6
1.91
2.42
1.97
2.35
1.95
2.85
2.52
1.84
3
2.53
2.31
2.29
2.88
3.01
1.98
2.38
2.85
3.5
2.85
2.8
2.13
2.18
2.4
2.16
2.14
2.84
3.73
1.99
2.42
2.16
2.09
1.81
2.33
2.61
2.51
2.75
2.01
2.58
2.34
2.19
1.83
2.65
2.4
2.53
2.81
2.37
2.23
2.34
1.79
3.24
3
3.08
2.03
1.14
2.32
1.91
1.95
1.97
1.8
1.66
1.37
1.78
2.05
2.18
3.83
3.45
2.25
1.9
2.13
4.49
3.29
3.3
3.23
2.15
1.97
1.99
1.97
2.25
1.92
2.02
1.76
2.08
2.25
2.55
2.55
1.98
1.61
1.63
1.88
1.85
2.28
4.34
5.03
2.45
2.77
2.8
2.73
1.84
1.3
1.58
1.63
1.65
2.09
2.06
2.45
2.01
2.52
2.22
2
1.65
1.8
1.54
1.55
2.7
2.65
4.12
1.73
2.48
1.33
2.19
2.72
1.65
2.54
1.43
2.23
6.93
3.9
1.93
1.8
1.89
2.34
2.02
3.15
2.04
1.72
3.36
2.84
1.88
2.94
2.31
4.89
6.97
4.25
1.87
1.69
1.22
3.35
2.16
0.97
2.08
3.65
3.9
6.15
4.14
2.54
1.73
1.37
1.53
1.61
1.36
1.82
1.7
1.61
1.23
3.68
1.54
3.3
7.11
4.13
2.06
1.52
2.96
2.34
1.66
1.57
1.28
1.72
3.87
4.73
2.49
1.87
1.53
1.54
2.56
1.42
1.31
3.27
3.28
1.55
1.25
2.89
2.6
1.32
0.88
1.41
1.41
1.28
2.04
5.03
2.7
2.5
2.94
3.45
2.05
1.81
1.95
1.72
1.58
1.22
3.5
3.25
1.22
1.93
1.8
1.4
1.75
1.23
1.68
1.73
1.18
2.68
4.55
2.78
1.61
1.47
1.95
1.84
2.09
2.09
2.05
2.37
1.95
1.81
1.8
1.62
2.53
2.54
2.76
2.21
1.51
1.6
1.76
1.81
1.62
1.16
1.38
1.5
1.42
1.13
1.8
1.65
5.48
10.01
8.44
6.52
2.29
2.09
2.54
1.83
1.45
1.77
1.69
1.7
2.07
1.93
2.16
1.92
5.38
1.67
3.03
5.21
3.45
2.23
2.31
1.91
1.87
1.97
5.06
5.73
5.89
4.42
5.85
4.01
1.85
2.07
2.84
3.16
2.85
2.88
1.9
2.35
3.23
2.33
2.72
2.56
1.95
2.72
3.63
4.08
1.77
1.9
2.01
2.35
2.18
2.47
2.45
2.9
3.41
1.96
2.9
2.55
2.23
1.66
1.85
2.03
1.92
2.1
1.85
2.98
2.17
1.8
1.8
3.02
3.39
2.19
1.86
2
3.37
4.72
2.52
1.57
3.11
3.9
2.39
2.18
2.01
2.1
2.16
2.6
2.05
1.63
1.57
2.1
2.56
2.66
4.12
4.74
2.41
2.79
1.85
1.97
3.78
2.53
2.68
1.73
2.15
1.68
2.46
2.1
1.97
2.01
2.09
2.45
2.31
3.28
2.42
3.58
2.48
2.27
1.79
2.31
3.3
2.99
2.49
1.98
2.39
2.01
1.9
2.41
2.59
2.4
2.15
2.03
3.2
2.62
2.04
1.74
2.72
2.68
2.63
3.65
3.4
2.27
2.64
2.43
1.82
2.57
2.61
2.44
2.67
2.53
2.4
1.97
2.12
2.23
2.39
2.45
2.28
2.88
2.89
2.51
3.09
3.25
3.03
2.24
3.49
1.97
2.06
2.51
2.5
2.11
2.25
1.07
1.69
1.98
1.58
1.97
1.73
1.8
1.94
2.43
1.94
1.89
1.49
2.79
2.44
3.01
1.78
2.05
2.4
1.81
1.98
2.09
3.23
3.76
3.66
2.26
2.08
1.54
1.64
2.52
1.87
1.95
1.73
2.03
2.21
2.64
1.72
2
1.85
1.72
2.01
1.74
1.97
4.34
3.54
1.96
1.91
2.1
2.71
3.53
1.82
1.46
1.38
1.4
1.4
1.82
1.43
1.27
1.02
1.12
2.23
1.98
3.93
2.87
1.56
2.51
2.18
1.41
3.21
3.55
3.05
2.73
3.57
2.87
3.09
1.3
1.53
1.06
1.25
1.39
1.52
2.24
2.01
2.15
5.97
4.98
2.3
2.5
3.92
2
3.3
1.53
1.37
4.47
2.96
1.35
4.42
3.43
2.65
2.23
3.26
2.78
1.5
3.81
1.28
2.1
1.29
1.18
1.45
1.87
2.98
6.11
4.63
1.81
2.63
1.55
4.6
4.11
2.73
5.48
5.2
4.41
1.68
1.33
1.49
1.33
2.27
7.81
9.21
6.71
0.99
2.45
4.7
1.61
1.24
1.88
1.31
1.13
1.82
2.42
1.94
2.59
2.15
1.65
1.35
1.4
3.15
1.84
1.42
1.23
1.38
3.93
1.93
1.54
1.06
1.27
4.8
2.45
2.78
5.13
1.67
1.68
0.95
4.4
4.53
1.57
2.31
2.75
3.54
2.49
3.22
4.82
1.62
2.39
3.71
5.71
3.02
3.55
2.15
1.72
2.43
4.14
2.31
2.28
2.91
2.54
5.41
3.89
2
1.52
1.6
1.97
1.35
1.53
1.46
3.22
3.6
9.8
6.21
2.17
1.34
1.82
2.57
2.22
1.72
1.75
3.43
3.32
2.21
1.85
1.65
3.58
2.79
2.75
2.24
4.87
2.89
2.03
2.24
2.25
4.5
3.38
3.63
3.58
2.99
2.58
1.91
2.25
3.05
2.77
3.78
2.03
2.58
3.29
4.34
2.5
2.48
4.18
2.44
1.46
1.97
2.37
2.23
5.42
5.53
2.11
2.48
2.22
2.07
2.51
1.02
1.72
2.08
5.03
4.76
3.34
3.97
4.8
2.33
2.05
1.82
2.34
2.63
2.11
1.73
1.65
1.5
3.52
2.28
2.8
2.05
2.48
2.18
1.48
1.85
1.6
2.03
2.33
3.75
4.75
4.08
1.98
2.71
1.72
2.24
2.92
2.4
2.21
1.9
2.54
2.28
3.09
1.98
2.41
1.53
2.12
1.88
2.28
2.46
2.2
2.23
2.49
2.27
5.22
6.77
5.19
3.48
2.58
2.26
2.77
2.57
2.23
2.14
2.23
1.75
1.7
2.35
2.16
2.29
2.22
2.11
1.73
1.69
2.23
2.94
2.38
3.02
2.83
2.58
2.55
3.77
3.1
2.7
3.23
3.43
3.85
2.52
3.33
2.65
2.73
3.14
2.81
2.68
3.85
2.51
3.59
2.43
1.39
2.58
2.35
2.9
2.02
2.53
2.13
2.2
2.61
2.51
2.58
2.28
2.43
2.28
2
1.8
2.5
2.5
2.07
2.38
2.49
2.97
2.14
2.3
2.21
3.29
4.21
2.48
3.02
3.6
2.77
1.61
2.64
3.28
2.38
2.2
2.14
1.97
2.28
2
1.89
1.98
1.98
2.1
2.55
2.23
3.11
1.74
1.91
3.82
3.7
2.78
3.09
3.05
2.03
2.39
2.16
1.96
2.05
1.91
3.02
2.68
2
1.46
2.63
2.47
1.95
1.47
2.15
2.54
4.58
5.16
3.9
5.15
3.49
5.52
4.38
2.81
4.6
3.26
3.49
3.02
1.53
1.85
1.41
1.42
1.65
1.18
1.61
1.45
1.16
2.88
1.4
1.35
1.86
2.17
2.07
1.96
7.29
3.85
1.34
1.34
1.3
2.43
2.96
1.78
1.33
1.53
1.78
1.8
2.55
1.88
1.4
1.38
1.87
1.63
1.45
2.85
3.39
1.94
3.64
1.44
2.95
2.84
1.43
1.57
1.32
1.52
1.96
1.33
1.73
3.21
3.23
4.22
3.24
1.49
2.34
2.33
6.58
2.08
3.44
3.38
2.19
4.05
2.26
1.48
1.72
1.98
1.54
4.81
4.21
1.67
1.75
1.69
1.56
2.07
1.43
3.09
5.83
2.95
1.87
1.73
1.35
2.18
3.83
3.84
1.33
1.2
1.73
1.07
1.5
2.05
1.82
1.05
1.52
2.59
4.7
3.45
1.8
2.08
3.23
3.04
2.29
2.2
1.55
1.26
2.48
2.6
3.72
1.22
4.28
5.44
6.71
4.14
2.46
2.65
1.72
2.18
3.23
2.58
4.53
2.08
3.37
2.28
1.73
2.23
3.77
2.25
3.23
2.18
2.54
2.1
3.57
1.75
3.93
2.54
2.21
4.87
5.88
3.05
1.77
2.78
2.39
2.57
3.94
2.2
2.43
2.57
2.13
2.04
1.31
1.56
2.11
3.07
4.32
4.06
2.89
2.24
4.63
3.71
2.99
2.33
2.38
3.65
2.78
2.4
2.38
3.42
4.63
3.85
2.28
2.71
1.72
2.27
1.6
1.85
2.15
2.28
2.81
1.99
2.11
1.93
2.11
1.83
2.18
2.03
2.36
2.73
2.65
3.25
2.27
1.8
1.77
2.22
5.45
2.88
1.87
2.28
2.42
3.76
2.63
2.13
1.48
1.77
3.3
5.38
4.24
4.05
2.86
5.7
3.51
2.48
2.33
2.31
3.38
4.11
3.08
2.16
2.35
2.45
1.7
3.07
2.58
4.11
2.63
2.5
2.53
1.98
2.72
3.46
3.15
3.31
2.8
2.34
2.18
2.76
2.35
2.85
2.23
2.56
1.73
7.36
5.36
3.33
2.73
2.52
2.11
2
2.19
2.09
2.66
2.58
2.21
2.43
2.37
2.13
4.29
3.9
2.47
2.36
3.04
2.09
1.92
2.77
2.78
3.16
2.8
2.76
2.99
2.93
2.39
2.51
2.88
2.5
3.85
4.34
5.37
5.69
3.01
2.56
2.58
2.95
2.43
3.14
2.12
4.27
2.77
4.14
3.35
2.54
2.27
2.07
2.04
2.3
2.45
3.68
3.13
1.8
2.28
2.21
2.48
2.26
2.08
1.92
3.09
2.5
2.42
2.28
2.59
2.63
3.92
3.43
4.2
2.86
2.65
2.88
1.99
2
2.42
2.63
3.3
1.82
2.9
3.14
2.2
2.34
3.94
2.37
1.71
2.15
1.4
2.01
2.43
1.71
1.02
1.83
1.67
2.65
4.33
4.03
1.62
1.96
2.03
1.95
1.74
2.54
3.39
3.32
1.88
1.7
1.56
1.81
3.05
3.3
5.52
5.54
2.15
1.8
1.63
2.45
5.5
5.83
3.45
2.3
1.82
1.58
1.52
2.56
8.45
5.5
1.63
1.53
3.08
2.69
3.15
3.82
6.56
2.7
2.35
1.83
1.62
1.49
2.94
1.79
1.91
2.18
1.47
1.72
2.46
1.92
5.16
1.38
1.61
1.86
2.93
1.49
2.1
2.88
2.6
1.9
3.57
2.05
2.4
1.69
2.28
1.53
1.45
1.92
2
4.43
4.29
2.66
4.03
2.78
2.94
1.48
2.92
2.88
4.23
6.8
5.22
2.16
2.13
1.72
1.59
1.65
1.71
1.53
4.15
5.85
5.76
2.14
1.45
1.23
1.03
1.35
1.52
1.8
1.46
1.36
1.5
1.19
3.03
2.63
2.4
1.95
1.51
2.46
1.46
1.6
2.04
1.29
0.99
1.57
1.65
5.11
6.18
3.96
1.86
1.9
2.03
2.11
2.39
3.81
3.35
2.08
2.64
3.01
5.39
4.84
2.41
1.53
1.7
1.67
1.58
1.36
1.37
1.71
1.64
3.29
1.75
2.21
3
2.66
3.32
1.68
2.11
3.01
3.53
3.42
2.75
3.81
2.13
6.81
5.22
5.38
3.08
1.28
2.4
2.16
2.52
3.3
5.83
2.02
1.92
2.39
7.44
1.84
4.04
7
1.86
2.88
4.12
4
3.3
2.17
2.86
2.7
2.63
2.12
2.16
2.8
2.13
1.55
2.09
1.85
2.58
2.46
2.21
2.89
2.54
2.46
2.44
1.64
2.34
3.65
4.5
4.65
2.79
2.77
3.27
2.73
2.84
3.43
2.76
3.03
2.34
3.4
4.1
3.2
2.5
3.78
3.71
1.99
2.34
2.64
2.45
2
2.1
3.01
3.1
3.34
2.33
2.75
2.76
2.92
2.25
2.18
2.41
2.69
5.43
2.9
3.06
2.7
2.6
2.44
2.66
2.75
2.63
3.41
2.91
2.53
2.75
3.27
3
3.12
3.89
7.7
4.88
2.31
2.4
2.71
2.99
2.11
2.56
3.15
1.51
2.78
2.5
1.81
2.3
2.53
2.83
2.87
3.23
2.88
2.22
3.34
2.95
3.29
2.65
2.87
2.6
2.69
2.9
3.68
4.32
3.08
3.06
2.63
2.82
2.39
2.47
2.97
3.15
2.65
2.19
2.45
2.06
3.46
3.21
2.72
2.01
1.79
2.85
2.46
1.94
2.28
3.44
3.31
3.28
2.13
1.47
2.35
2.29
2.02
1.76
2.55
2.69
3.28
2.29
2.21
2.12
2.92
1.66
3.08
4.17
3.61
2.42
2.26
2.3
2.27
1.7
2.35
2.64
2.95
2.14
2.15
2.39
2.58
1.97
1.89
2.34
2.24
2.2
2.69
2.18
2.52
2.53
2.42
2.18
1.98
1.84
2.12
2.48
2
2.21
2.26
2.53
2.21
2.06
2.24
2.57
2.35
2.48
2.47
1.98
3.3
2.65
1.95
1.96
2.16
1.47
2.05
1.75
1.64
2.02
2.14
2.14
1.92
2.02
1.92
2.52
2.22
1.91
5.97
5.98
3.95
2.28
2.68
2.48
2.03
2.63
2.02
2.45
2.11
1.98
2.41
4.53
2.11
3.03
2.75
3.02
2.49
2.75
3.65
3.03
2.26
1.54
1.96
1.48
4.28
5.56
2.18
2.42
4.93
3.81
2.47
1.85
1.33
1.63
1.83
2.41
1.32
4.04
3.87
1.48
1.51
1.54
2.67
4.4
4.47
2.91
1.73
1.5
2.43
1.7
1.43
2
1.75
2.57
3.01
2.03
1.68
2.18
1.64
1.51
1.08
1.33
1.3
1.25
1.86
1.23
1.64
1.61
3.23
3.45
4.73
2.09
2.62
2.22
3.88
1.91
5.1
3.47
1.61
2.11
1.6
5.92
2.78
2.14
1.78
2.17
1.96
3.05
1.72
7.16
3.64
2.4
2.64
1.79
1.65
1.46
1.83
1.92
1.71
2.89
2.18
1.48
1.37
2.19
2.03
1.93
1.84
3.68
2.3
1.4
1.84
2.45
5.93
3.03
2.41
2.17
3.27
7.53
8.68
3.69
8.86
8.97
2.39
2.68
6.4
5.33
3.55
5.5
4.47
5.34
6.85
3.18
2.07
3.03
5.6
2.89
2.93
3.39
2.25
1.99
4.25
2.15
2.28
2.03
1.83
2.58
1.96
2.88
6.35
5.65
3.39
7.43
4.76
3.51
3.5
2.7
2.24
2
2.14
2.47
2.71
2.43
2.77
4.03
3.32
1.91
2.36
1.88
2.18
1.98
1.91
2.02
1.96
2.78
2.43
2.45
2.97
1.6
1.36
1.98
3.39
2.74
4.11
2.97
3.28
2.4
1.79
4.26
2.98
6.83
10.23
4.03
2.22
2.77
2.51
3.06
2.03
4.07
2.25
4.26
4.36
1.86
3.13
4.4
3.24
3
2.72
2.69
2.72
3.25
2.3
2.91
2.18
2.15
2.54
2.3
1.98
2.48
3.27
2.39
4.26
3.2
3.42
1.89
2.5
1.85
1.78
3.28
2.34
1.97
2.37
2.21
2.03
2.18
2.52
2.12
2.27
2.45
1.7
1.83
2.86
2.4
2.62
4.09
2.93
2.78
3.4
2.1
2.4
3.1
4.23
3.15
2.4
2.3
2.04
2.44
2.9
3.01
2.36
2.16
1.99
2.1
2.77
3.34
2.16
2.4
4.43
3.03
2.43
2.47
3.22
1.93
3.83
2.42
2.73
2.72
2.69
2.36
2.77
2.43
3.08
2.53
2.54
2.15
2.47
2.68
3.58
5.39
3.2
2.56
2.36
2.73
2.38
1.72
2.15
2.35
2.61
2.38
2.38
2.62
2.68
3
2.48
2.26
2.54
2.19
2.19
2.37
1.95
2.56
2.8
3.37
2.76
2.55
2.66
2.42
1.72
2.2
2.51
3.4
2.85
2.77
2.8
2.47
2.57
2.26
3.03
6.1
5.53
5.98
5.22
3.45
2.33
2.1
1.91
2.08
1.7
2.6
2.21
2.62
6.6
5.55
1.93
2.2
1.75
1.32
3.63
2.28
2.84
2.13
3.13
3.28
3.81
2.85
2.33
1.83
2.52
2.66
1.99
1.86
2.26
1.9
2.05
1.81
1.67
1.6
2.05
1.87
1.86
1.55
1.47
3.14
2.84
2.53
4.4
4.01
4.29
3.2
3.35
1.8
1.56
1.69
1.16
2.12
5.86
9.34
2.41
2.94
4.86
1.68
1.78
2.07
1.33
2.03
1.83
1.71
1.92
1.28
2.14
2.66
2.93
3.18
2.13
1.94
1.06
2.9
3.36
1.64
1.71
2.05
1.83
1.93
5.07
2.05
2.93
2.03
8.8
8.73
4.14
2.18
2.86
1.46
2.18
1.85
2.54
2.38
6.88
2.2
2.54
2.89
1.79
4.71
5.88
2.11
2.14
1.92
1.41
1.2
1.98
2.18
1.76
1.3
1.29
1.32
3.03
1.65
2.16
2.02
1.96
3.14
1.73
5.33
3.21
1.93
3.47
3.08
2.15
1.52
1.46
1.83
3.02
1.62
3.23
3.1
3.21
2.24
3.43
1.38
3.18
1.89
2
2.94
4.18
4.09
3.88
2.47
1.3
5.57
1.54
1.33
1.57
1.87
7.08
8.96
1.86
2.73
3.63
8.15
3.42
4.27
2.46
1.94
4.27
4.64
2.25
3.44
2.31
1.82
2.18
1.93
2.16
1.93
2.27
6.86
5.3
4.43
2.67
3.22
4.83
5.12
3.7
1.95
3.49
10.23
8.3
2.56
2.62
2.78
2.86
2.41
2.58
5.08
9.01
5.39
4.48
3.94
2.43
2.55
2.8
2.37
2.46
1.89
1.77
2.5
2.22
1.31
1.63
2.83
2.49
2.6
2.75
2.12
2.84
2.66
2.15
5.2
2.69
1.75
2.43
2.72
3.3
3.15
3.04
3.23
2.82
2.09
2.58
2.38
4.9
5.52
3.13
3.65
3.34
3.03
1.96
2.63
2.98
3.07
2.7
2.66
2.55
2.48
2.88
2.74
2.37
2.21
1.87
2.53
2.35
2.58
2.51
2.55
2.76
3
3.14
2.51
3.38
4.83
1.9
1.47
2.18
6.26
4.14
3.93
2.73
3.01
2.76
2.05
1.97
1.72
4.73
8.04
5.58
3.19
2.7
2.39
3.02
2.43
3.29
2.49
2.14
2.1
2.47
2.8
3.65
2.58
3.02
2.7
2.54
3.24
2.96
2.27
2.7
2.01
3.95
4.23
4.01
3.13
3.2
3.17
2.67
2.51
3.17
2.08
2.34
2.57
2.36
2.15
2.29
2.63
1.84
1.76
2.73
1.94
2.32
2.42
2.6
1.77
2.14
2.25
1.88
2.13
2.08
2.26
2.5
2.39
3.3
2.72
2.53
2.3
2.46
2.42
2.71
3.34
2.32
2.25
2.78
2.88
1.64
3.99
3.28
3.56
2.6
2.26
2.66
2.27
2.34
2.43
2.27
2.22
2.53
3.29
2.08
2.62
2.33
1.55
2.26
1.35
2.18
2.11
2.25
3.41
3.59
3.33
2.88
2.18
2.43
2.3
2.1
1.79
1.62
2.14
1.3
1.47
2.34
1.92
2.16
1.5
2.18
2.51
1.83
3.38
2.41
2.2
2.05
2.23
2.25
1.6
1.58
1.67
2.54
1.92
1.68
1.68
2.02
3.68
3.41
2
3.23
2.07
1.61
1.7
2.2
1.47
2.45
1.82
1.8
1.41
1.64
1.9
1.04
2.54
1.75
2.85
3.64
2.75
3
2.59
1.45
1.75
3.33
2.55
4.53
2.5
1.73
1.83
1.73
1.4
2.09
2.03
1.9
1.82
2.7
2.85
6.44
5.24
4.18
4.21
5.3
4.64
4.94
5.06
5.8
4.66
1.83
5.12
6.43
5.95
5.45
5.34
3.25
1.67
1.83
2.53
4.03
1.65
1.65
1.48
2.03
3.89
2.66
1.7
1.59
1.39
1.9
1.5
1.6
1.67
1.56
1.3
2.01
2.68
2.44
4.7
1.76
1.42
2.41
5.68
5.21
3.59
1.56
1.88
1.84
1.8
1.38
2.33
2.24
1.3
4.26
2.06
1.42
1.45
1.55
1.03
1.17
1.09
1.3
1.21
1.88
1.76
3.18
3.69
2.95
1.75
2.61
2.64
1.84
3.26
2.45
3.1
2.4
2.46
2.52
2.92
3.3
1.77
2.04
3.18
3.39
3.18
3.27
4.03
2.6
4.4
2.93
3.03
3.39
2.71
2.2
2.41
-99
-99
2.78
3.27
3.52
1.85
1.64
2.05
2.85
4.19
3.08
2.49
1.77
2.49
2.22
3.26
3.31
6.22
4.14
3.9
2.05
2.33
2.43
1.85
2.37
2.82
2.35
2.03
3.83
5.66
2.2
2.49
2.63
1.93
2.2
2.7
2.92
2.3
2.69
3.69
2.9
2.93
3.14
3.43
2.61
2.85
1.9
4.35
5.72
3.7
2.57
2.22
2.13
2.42
1.93
1.74
2.5
2.44
2.8
2.52
2.97
2.58
2.39
2.54
1.61
1.91
1.73
2.26
3.28
4.22
3.03
2.77
2.24
2.35
1.89
2
6
6.13
3.17
3.18
3.52
2.13
2.51
2.4
1.74
1.39
2.16
3.98
4.55
5.09
3.05
2.76
2.4
3.89
3.4
2.98
2.73
3.5
2.56
2.41
1.25
2.08
2.17
2.7
2.51
3.57
4.65
3.25
2.46
2.64
3.15
2.37
2.61
3.17
2.1
2.4
2.42
2.26
2.71
2.89
4.82
3.3
2.3
2.44
2.6
2.41
2.8
2.16
2.29
2.39
1.57
2.08
3.08
4.36
2.45
2.92
3.06
3.08
3.06
2.91
2.62
3.58
1.98
2.17
3.89
2.85
3.95
2.47
2.11
2.17
2.61
2.61
2.57
3.1
2.65
2.75
2.95
3.83
2.78
2.3
2.07
2.15
2.22
1.57
3.6
2.83
2.51
2.21
2.35
2.4
1.97
1.9
2.42
2.31
3.39
2.88
2.46
2.86
2.58
2.58
2.86
1.71
3.78
2.82
2.56
2.55
1.85
2.19
1.24
1.54
1.96
2.03
1.76
1.52
2.17
1.76
1.7
2
2.68
2.52
2.18
1.46
1.83
1.95
2.36
2.35
1.96
2.12
2.29
2.3
2.08
1.93
2.17
2.6
1.88
2.15
2.85
2.07
1.54
1.64
1.95
1.87
3.42
2.41
2.41
1.44
1.81
2.04
2.17
2.36
1.78
1.86
2.2
2.31
1.8
3.8
2.24
2.29
1.98
2.97
3.07
1.38
1.84
2.74
2.07
2.14
1.57
1.71
1.83
5.62
2.86
2.33
2.05
2.04
1.48
2.75
2.29
1.62
1.6
1.32
2.64
5.04
2.84
3.08
2.23
1.67
3.11
1.56
2.11
3.66
1.77
1.21
2.5
1.93
2.02
1.71
1.71
1.49
1.65
1.36
1.43
2.01
1.91
1.19
1.12
1.66
4.76
7.26
6.14
4.3
2.6
1.66
1.41
2.73
4.5
4.56
2.81
8.22
2.93
2.31
1.3
2.84
1.35
2.41
2.91
2.32
2.41
1.86
2.03
1.67
1.56
1.4
1.25
2.03
3.1
1.94
5.74
5.28
4.56
3.54
1.73
1.28
1.39
1.81
1.68
1.6
1.52
1.38
1.39
1.38
2.35
1.24
2.75
2.1
5.39
2.36
1.86
3.45
1.59
2.39
1.87
3.04
4.42
6.06
8.08
4.3
3.82
3.12
1.67
3.79
2.65
3.94
2.21
3.12
5.56
9.24
3.26
2.05
3.94
2.91
1.87
2.16
1.81
2.27
1.52
2.18
3.24
3.41
3.95
2.18
3.41
3.8
6.6
1.77
6.51
6.82
3.97
5.52
3.18
1.17
1.78
1.82
4.85
8.21
3.48
2.04
1.81
2.18
1.88
2.05
3.44
2.4
2.06
3.28
1.66
1.64
2.32
2.14
2.85
6.21
3.4
2.85
2.15
6.16
3.88
3.03
3.68
1.91
2.1
2.26
4.1
2.46
2.52
2.92
4.87
3.25
2.8
2.81
3.25
3.33
2.5
2.4
2.17
2.06
2.51
2.03
1.94
2.2
2.33
2.05
2.24
2.33
1.94
2.08
2.52
2.7
2.54
3.77
2.14
2.97
1.92
2.68
2.03
2.36
1.76
3.14
2.68
2.73
2.29
2.49
2.89
3.1
2.47
3
5.75
7.36
4.4
2.84
2.49
3.73
6.59
6.14
6.02
4.08
4.14
5.6
3.64
2.9
2.54
2.4
2.64
2.3
2.58
2.25
2.32
2.49
2.39
2.22
2.08
1.95
2.73
2.34
2.52
2.69
3.18
2.3
2.75
6.01
4.21
4.39
4.75
2.63
2.7
2.18
2.63
2.55
2.36
2.45
2.35
2.29
2.6
3.47
3.03
3.95
2.87
2.86
3.06
2.54
3.44
3.92
3.31
2.78
3.12
2.65
2.64
2.14
3.09
2.72
2.94
2.31
2.46
2.58
2.37
2.92
2.78
2.97
2.49
1.98
2.44
2.28
2.58
2.54
2.15
2.56
2.09
2.24
2.58
2.91
2.33
1.78
1.95
2.37
2.37
2.19
3.01
2.31
2.07
2.7
2.22
1.92
2.34
2.33
1.93
2.67
2.08
1.76
2.71
2.58
3.14
2.57
2.39
2.55
2.89
3.45
1.93
2.18
1.84
2.55
2.89
2.57
2.36
2.25
1.31
2.46
3.23
2.82
2.18
3.22
5.41
3.88
2.18
2.7
2.74
1.95
1.74
4.38
2.9
2.02
2.46
2.31
2.36
4.73
6.31
2.3
2.12
2.67
1.43
2.49
2.16
2.71
2.68
2.95
2.23
2.09
1.69
1.49
1.96
2.8
2.17
2.22
1.99
2.33
3.34
3.71
2.62
2.08
1.26
1.51
1.1
2.12
3.17
1.55
2
1.95
2.62
4.66
4.27
1.84
1.5
1.49
1.55
1.05
1.36
1.64
1.69
1.71
1.94
1.96
1.23
1.24
1.45
1.49
1.83
1.41
5.16
4
4.21
1.9
2.15
5.61
3.31
2.18
2.1
1.45
1.64
1.4
1.64
1.45
1.35
1.7
1.51
1.42
2.23
1.67
1.65
1.39
1.41
1.36
1.18
1.26
1.52
1.24
1.17
1.11
1.43
1.29
1.63
2.4
1.41
1.48
0.98
3.61
2.56
1.17
1.49
2.91
2.25
1.07
1.51
1.37
1.52
1.24
1.96
1.49
5.61
3.88
1.85
2.59
2.11
4.77
8.51
2.59
1.31
1.66
1.77
1.76
1.5
1.79
2.13
1.23
1.05
1.92
2.08
1.19
1.76
1.48
2
1.81
3.57
3.34
2.09
5.09
3.08
1.74
2.8
2.76
1.03
2.36
2.19
2.87
6.26
5.72
2.36
1.22
2.1
1.98
1.44
2.24
1.96
2.07
2.01
2.36
3.88
3.42
4.95
3.8
3.04
2.84
3.49
2.65
3.17
1.79
5.23
2.61
4.16
4.43
3.73
2.88
2.39
2.01
2.19
2.75
2.2
2.4
1.67
2.48
3.69
5.35
3.75
1.52
2.15
2.07
1.87
2.41
2.6
2.67
3.66
1.81
5
4.5
2.39
3.52
4.18
5.93
3.59
4.07
3.77
3.44
2.38
3.09
4.39
3.75
2.67
2.61
2.81
2.19
2.23
2.1
2.03
4.76
3.28
1.74
1.3
1.62
2.37
2.23
8.08
6.46
3.72
2.55
2.53
2.27
2.15
2.71
3.85
2.23
2.08
1.98
2.3
2.67
2.48
2.39
2.22
1.84
1.93
2.68
3.78
3.71
2.46
2.49
2.97
2.47
2.54
2.36
2.08
2.21
1.65
1.7
1.59
2.27
1.95
2.31
2.23
2.09
2.35
2.68
2.21
2.08
2.3
2.04
2.52
3.02
2.41
2.79
2.27
4.89
3.34
2.02
2.37
3.24
2.49
2.93
3.58
2.9
2.6
2.34
2.33
2.48
2.75
2.81
2.22
2.87
2.24
2.38
2.09
2.5
2.16
2.56
3.24
4.84
5.09
4.99
2.54
2.56
2.44
2.35
2.55
2.66
3.54
5.06
3.58
2.8
2.43
2.36
2.65
2.39
2.91
3.01
2.74
2.39
2.3
2.91
4.28
4.08
3.61
2.07
3.06
4.5
4.17
2.64
2.35
2.3
2.43
2.17
2.38
2.16
2.4
2.59
3.69
2.59
2.39
2.16
2.18
2.26
2.29
2.33
2.63
2.87
2.02
1.89
2.19
1.73
1.81
2.39
3.47
2.5
1.94
2.25
2.25
2.5
2.68
3.31
1.75
2.4
1.87
2.86
3.19
3.37
2.24
1.93
2.25
1.97
2.2
2.1
2.02
2.73
2.45
2.31
2.77
1.8
1.63
2.23
1.54
1.51
1.65
1.89
1.77
2.19
2.58
2.36
2.09
1.98
1.83
1.74
2.28
1.04
1.7
1.18
2.34
2.14
1.25
2.82
2.19
1.51
1.49
2.3
1.46
1.58
1.55
1.55
1.56
1.44
1.43
1.32
3.48
1.67
1.97
2.59
1.75
1.47
2.37
1.96
1.31
3.99
2.86
1.53
1.57
1.36
2.22
4.85
5.36
1.85
3.62
2.02
1.5
1.18
1.93
1.9
2.85
1.44
1.39
1.32
1.58
1.94
4.23
1.34
1.72
1.43
1.18
1.33
1.39
1.41
1.61
2.48
1.27
2.52
3.55
2.04
2.45
3.36
2.64
1.5
1.22
1.53
1.3
1.2
1.95
1.47
1.54
1.51
1.54
1.31
1.39
1.72
1.42
5
2.8
1.4
3.86
2.16
2.6
2.34
1.36
4.25
5.46
5.18
4.78
4.54
2.33
3.51
5.86
5.27
2.69
2.92
2.73
2.28
1.9
2.82
2.17
1.77
1.55
1.59
1.3
3.95
2.81
2.88
2.7
7.55
1.9
5.43
3.6
2.75
2.55
4.3
6.15
3.93
1.82
1.21
1.51
1.68
2.2
1.79
1.57
1.34
1.34
3.06
3.26
1.7
1.91
1.37
-99
2.43
5.39
3.43
1.72
2.61
3.15
1.93
1.32
1.64
2.05
1.57
3.16
3.36
2.35
1.83
1.58
1.94
2.14
2.71
2.3
3.49
2.34
3.2
5.48
2.48
2.1
1.96
2.2
3.26
3.93
2.36
3.93
3.48
3.47
4.15
3.46
2.57
2.25
2.28
1.92
2.41
2.5
2.03
1.99
2.09
3.05
2.05
2.11
5.01
3.78
2.65
2.18
2.2
2.68
3.65
2.33
3.73
2.54
3.43
5.58
2.39
1.71
1.51
2.06
2.14
2.03
2.16
2.78
2.68
2.8
2.78
2.81
2.18
1.74
2.15
2.08
2.45
2.88
2.2
1.9
2.42
2.17
2.28
1.93
2.42
2.51
2.76
2.58
2.55
1.29
2.08
2.2
2.26
2.3
1.91
2.53
2.23
2.55
2.76
2.31
2.06
2.38
2.13
2.18
2.18
1.88
3.48
3.16
2.45
3.11
2.36
2.27
1.98
2.16
2.53
1.69
2.64
2.68
2.37
2.11
2.16
1.98
3.13
2.76
2.54
2.87
2.62
2.17
1.42
1.9
2.4
2.07
2.15
2.04
3.4
3.93
2.78
2.9
4.12
3.16
2.7
1.75
2.47
2.17
2.86
3.71
3.32
2.12
2.31
2.36
2.08
2.22
1.81
2.12
1.82
1.66
2.29
2.5
3.87
2.46
3.32
2.67
2.18
2.34
2.23
2.53
2.46
1.83
1.89
2.61
2.9
2.91
2.28
2.1
2.28
2.41
2.64
2.45
2.29
1.87
2.36
3.36
1.66
2.76
3.61
2.16
1.92
2.11
2.11
1.8
2.02
1.77
4.04
1.69
1.59
2.14
1.77
1.31
1.97
2.31
1.73
3.69
2.56
2.02
1.62
1.82
1.7
2.02
1.88
2.1
2.09
1.95
1.14
1.34
1.13
1.88
1.93
1.74
3.29
2.46
1.77
2.07
2.01
1.71
1.7
1.51
1.08
2.44
1.99
2.29
2.3
1.6
1.81
1.7
2.3
2.42
1.86
1.76
1.53
3.22
2.87
2.51
2.95
1.79
1.84
1.67
1.76
1.69
3.89
8.59
2.93
1.85
3.73
3.78
2.9
1.79
8.89
4.87
1.8
1.74
1.81
2.14
2.13
2.06
1.43
2.6
1.61
1.26
3.02
4.65
2.28
1.67
1.64
2.98
3.44
7.66
4.86
2.55
1.84
1.51
1.48
2.38
3.17
2.05
3.76
2.15
1.17
1.21
1.58
3.94
4.24
2.11
4.06
3.68
2.73
3.72
1.79
1.45
2.2
2.24
4.33
2.58
1.65
1.53
2.33
2.98
1.72
1.63
1.61
1.38
2.75
3.35
1.6
3.14
1.6
2.92
3.4
2.61
2.05
2.39
1.36
2.08
1.49
1.49
1.3
2.38
1.53
1.98
2.29
3.05
4.07
3.44
1.61
1.8
1.56
1.44
1.66
5.02
2.87
2.05
2.05
2.64
2.98
2.68
1.76
5.66
1.38
3.69
2.31
1.92
1.59
1.24
1.64
2.77
1.7
3.85
4.48
3.35
1.98
1.53
1.96
4.85
3.03
2.33
2.86
3.57
2.68
3.04
2.32
2.55
2.06
2.7
3.26
4.85
5.78
1.89
1.9
3.51
4.35
2.32
2.46
2.58
3.56
6.66
6.66
4.63
2.73
2.8
1.94
3.83
2.36
2.18
1.96
3.47
2.66
2.9
3.33
2.66
3.78
3.1
2.96
1.74
2.61
3.32
4.35
5.06
2.69
2.06
1.86
1.73
1.55
2.02
1.81
2.08
1.98
2
1.88
1.69
2.1
1.87
2.34
2.23
2.8
3.04
3.25
2.71
3.32
5.6
4.35
2.45
1.73
1.78
1.79
1.98
2.68
2.38
2.67
3.07
1.9
1.4
2.14
2.3
1.97
1.97
2.48
1.63
2.1
2.15
2.34
2.06
1.97
2.65
2.69
2.46
1.8
2.26
2.14
1.81
1.62
1.78
1.88
2.12
2.09
2.26
2.66
2.08
2.1
2.79
4.97
4.56
3.05
3
2.97
3.97
2.99
2.09
1.59
2.33
2.59
2.24
2.33
2.58
2.27
2.23
2.45
2.43
2.2
2.17
2.42
2.84
2.08
2.81
2.5
2.21
2.71
2.29
2.29
2.34
1.94
2.51
2.31
2.8
2.46
2.49
2.06
2.63
2.37
2.2
2.51
2.13
1.88
1.94
2.43
1.99
2.52
1.83
1.71
2.05
1.95
2.08
1.99
2.33
2.27
2.84
2.65
2.53
2.6
2.01
2.59
2.24
3.98
2.86
2.11
2.41
3.08
3.19
3.13
2.13
1.77
1.61
2.03
2.71
2.82
1.99
2.46
2.39
1.7
1.71
2.18
2.19
1.97
1.9
1.98
1.84
2.25
2.1
1.76
1.78
1.84
1.66
1.99
1.99
1.58
1.8
1.93
1.78
1.99
1.89
1.63
2.04
1.73
3.6
2.55
3.05
2.02
1.97
2.11
1.58
5.6
5.9
3.5
2.12
1.79
2.29
2.11
2.43
2.25
1.36
1.91
2.26
2.71
3.99
3.15
1.85
1.64
2.35
1.91
1.6
1.48
2.59
2.2
3.29
1.84
1.53
2.24
2.23
1.94
2.08
1.82
1.66
2.84
2.84
1.25
2.88
2.33
2.49
2.48
2.02
1.87
2.79
2.11
1.72
1.82
3.03
1.35
3.55
6.75
2.35
1.17
1.57
1.58
1.27
1.35
1.15
3.15
2.89
1.36
1.38
2.25
1.54
1.19
1.35
1.64
1.23
1.71
1.28
2.18
1.26
2.1
1.46
1.28
1.78
3.11
1.25
1.54
1.91
3.36
1.51
1.38
1.11
1.15
1.23
1.56
2.19
1.31
1.41
1.26
1.36
2.16
2.48
1.49
3.23
2.5
2.19
3.25
3.41
1.96
2.06
4.96
5.02
4.4
2.6
2.19
2.72
1.78
1.65
1.81
1.98
1.91
2.38
3.09
1.82
3.55
7.56
6.44
3.15
2.49
3.42
2.51
2.56
1.83
2.92
4.61
9.07
3.36
1.4
1.88
1.56
1.71
2.23
1.83
4.57
2.32
1.39
1.38
1.62
1.68
2.25
2.3
1.99
1.78
1.76
2.4
2.11
2.05
1.87
1.4
1.74
1.65
2.27
2.15
1.61
2.17
3.5
6.07
3.25
1.91
1.67
2.02
3.42
2.1
3.39
2.07
2
1.56
3.39
4.71
4.02
3.53
2.81
1.78
1.95
2.14
3.51
5.18
2.93
2.39
2.11
2.61
2.18
2.19
1.92
1.97
1.94
3.9
3.49
2.65
2.15
1.79
3.95
5.36
4.21
2.38
2.4
2.64
2.16
2.92
1.67
2.63
2.76
4.13
3.2
2.66
5.32
4.54
1.9
1.93
2.24
2.97
2.39
2.17
1.52
2.21
3.51
6.04
3.31
2.74
2.96
2.63
2.07
2.41
5.84
3.7
2.52
2.91
3.07
2.26
1.3
1.9
2.14
1.94
2.32
2.02
2.06
-99
-99
3.3
3.22
5.33
2.94
2.28
2.34
2.39
2.28
3.26
2.73
3.21
3.02
2.74
2.06
3.66
1.6
2.34
2.51
2.76
2.69
2.66
2.13
3.51
2.5
2.26
2.4
3.04
2.59
2.19
2.05
2.05
1.96
1.63
2.27
2.25
2.13
2.09
1.95
2.14
2.47
2.15
1.84
2.07
2.62
2.48
2.21
2.24
2.3
2.7
4.43
2.85
1.61
2.21
2.47
2.52
2.15
1.77
2.45
2.32
2.61
2.27
1.8
2.79
2.3
2.78
2.19
2.24
2.1
2.25
2.01
2.51
2.38
1.79
2.46
2.6
2.58
2.58
3.72
2.83
2.28
1.94
2.44
2.38
2.99
2.16
2.74
2.26
2.66
1.96
2.15
2.09
2.08
1.32
1.93
1.7
1.58
2.19
2.1
3.03
2.37
2.05
4.77
4.28
2.69
2.05
2.58
3.8
3.4
3
1.8
2.01
1.78
1.87
1.44
1.91
1.81
1.96
2.2
2.17
1.78
1.7
1.23
1.86
1.73
1.85
1.91
2.15
2.06
3.7
2.75
1.96
1.54
1.87
4.39
1.91
1.33
1.55
1.59
3.12
2.54
2.12
2.01
2.28
2.24
1.7
3.37
3.83
1.24
3.7
2.62
1.52
1.86
1.36
1.37
0.9
1.19
1.38
1.36
1.36
1.73
3.17
1.58
1.64
1.38
1.31
1.86
1.76
3.54
3.31
3.71
1.77
1.75
1.63
1.57
1.42
2.7
1.98
2.15
1.79
2.48
3.13
2.85
1.24
1.41
1.86
1.53
1.2
1.09
1.64
2.15
2.87
5.82
2.74
1.46
1.34
1.22
2.86
4
1.47
1.51
1.85
1.33
1.45
1.14
1.57
1.43
3.48
5.57
2.4
2.2
1.84
1.47
1.03
1.94
2.02
1.89
1.41
1.36
1.44
1.21
1.37
1.2
2.29
2.38
1.55
2.14
1.82
2.82
2.29
2.23
1.35
1.34
2.41
3.37
1.6
2.18
1.89
4.79
5.91
10.43
8.18
3.98
1.55
1.57
1.76
1.03
1.49
1.34
1.17
1.16
1.51
1.18
1.36
4.02
3.2
3.2
1.95
1.66
2.09
1.55
1.03
1.16
1.31
1.59
1.37
1.74
2.1
2.4
2.11
1.76
2.19
1.86
1.43
1.41
1.38
1.9
1.65
2.49
4.34
2.48
3.79
2.91
2.17
1.74
3.02
5.31
2.08
4.62
2.19
1.62
1.9
1.91
1.85
3.28
3.63
1.4
1.27
1.83
2.03
2.13
1.89
2.93
4.05
2.92
3.01
1.83
1.8
2.8
2.04
1.98
4.47
2.2
2.78
2.7
2.52
2.73
2.23
1.86
2.01
2.21
2.3
2.58
2.77
1.67
2.1
1.85
2.5
2
1.57
3.15
5.24
3.71
1.88
2.18
1.92
1.63
2.48
2.48
2.23
1.53
2.05
1.63
2.12
2.3
1.86
1.87
2.22
2.6
1.92
2.98
1.9
2.3
2.91
1.97
1.63
2.36
3.18
3.03
3.35
2.7
2.11
1.85
2.35
3.08
2.53
2.03
2.28
2.36
2.42
2.7
2.61
2.22
1.86
1.62
1.44
2.06
2.29
2.1
2.79
2.66
2.26
2.78
3.5
2.18
1.98
2.05
1.5
1.78
1.81
1.71
2.03
2.65
3.31
2.16
2.23
2.19
2.56
2.47
1.96
1.71
2.1
2.45
2.49
3.33
2.6
2.17
3.61
3.78
2.11
2.03
1.4
2.99
1.89
2.14
2.22
2.11
2.86
3.16
1.98
2.19
2.31
2.29
2.14
1.57
2.39
2.29
1.93
1.93
2.34
1.96
2.31
1.97
2.35
3.06
3.62
3.43
2.7
1.99
1.91
1.78
2.1
2.45
2.38
2.4
1.9
2.01
2.29
2.06
2.58
1.4
2.43
2.84
2.52
2.93
3.3
2.36
2.05
2.11
1.83
2.26
2.51
2.53
2.32
1.9
2.27
2.21
2.14
1.83
1.65
4
2.73
2.18
1.68
2.55
1.71
1.99
1.9
1.91
1.62
1.55
1.48
2.39
1.83
1.19
1.8
1.86
1.87
3.84
3.74
3.21
1.47
1.95
1.8
1.88
2.51
1.45
2.31
1.65
1.35
2.16
2.02
1.4
1.7
4.98
4.69
1.61
1.8
3.24
2.73
1.88
1.67
3.14
3.55
3
1.38
1.94
1.83
2.02
1.91
1.66
1.4
1.43
1.41
1.3
1.28
1.41
2.02
2.82
1.79
1.97
2.9
1.55
1.39
1.56
1.65
1.38
1.3
1.86
1.35
2.21
1.96
1.54
2.47
4.82
2.46
1.5
1.56
1.4
1.94
1.94
4.41
4.42
1.83
1.11
2.08
4.5
2.67
2.38
1.6
1.46
1.33
2.63
3.6
1.41
1.3
3.77
1.32
1.63
2.01
2.82
1.19
1.84
3.3
1.47
0.97
1.33
1.18
1.13
6.56
5.79
2.36
2.29
1.56
1.81
1.47
2.40833333333333
2.18958333333333
2.22083333333333
1.47083333333333
1.80416666666667
1.48333333333333
2.05208333333333
2.86666666666667
2.56875
3.52916666666667
1.87916666666667
1.62291666666667
1.98125
2.07708333333333
4.02083333333333
2.13958333333333
2.83125
1.84166666666667
1.425
4.46041666666667
2.44583333333333
2.81666666666667
2.38333333333333
2.48125
2.24791666666667
2.54166666666667
1.37708333333333
1.25416666666667
1.47083333333333
1.85208333333333
1.59166666666667
1.60208333333333
1.41666666666667
1.42291666666667
1.50208333333333
1.40208333333333
2.03125
1.3375
1.16458333333333
2.81041666666667
1.88333333333333
1.71458333333333
1.99791666666667
2.69791666666667
2.98958333333333
2.92083333333333
2.0875
1.79375
1.88541666666667
1.74791666666667
2.37291666666667
2.34375
4.67916666666667
1.65208333333333
1.88541666666667
1.9
1.53125
2.23541666666667
1.81458333333333
1.625
1.625
1.0875
1.2125
1.42291666666667
1.39166666666667
1.50416666666667
3.0125
3.16458333333333
2.46875
1.39583333333333
1.16666666666667
1.83125
3.54375
3.50416666666667
4.39583333333333
4.66666666666667
4.72083333333333
3.57083333333333
4.44166666666667
4.79166666666667
4.2375
2.15833333333333
1.99166666666667
2.34791666666667
1.84791666666667
2.14166666666667
2.09166666666667
2.19583333333333
2.03333333333333
2.0875
2.61875
1.8875
2.75208333333333
3.05625
2.05625
3.02291666666667
4.13958333333333
3.09791666666667
3.13125
1.68541666666667
2.2625
3.35416666666667
2.325
2.07916666666667
2.73958333333333
3.04166666666667
3.38333333333333
3.93333333333333
2.41875
1.59583333333333
2.31041666666667
2.02291666666667
1.77708333333333
2.20416666666667
2.01458333333333
1.88125
1.55625
1.71875
1.63958333333333
1.64166666666667
2.01875
1.47708333333333
2.21458333333333
1.97916666666667
2.08125
2.07291666666667
1.99166666666667
3.37916666666667
2.84583333333333
2.14583333333333
1.98541666666667
2.84166666666667
2.83333333333333
2.35833333333333
1.9375
1.8375
1.73333333333333
3.64583333333333
2.50833333333333
2.54791666666667
3.28125
2.09166666666667
2.00208333333333
2.05625
1.75625
2.14375
2.24375
1.95416666666667
1.9
2.1
2.5625
3.04791666666667
2.25625
2.44166666666667
2.0875
2.42708333333333
2.4125
2.33333333333333
2.57708333333333
2.16875
2.43958333333333
2.05208333333333
2.07083333333333
2.08541666666667
2.10416666666667
2.25416666666667
2.70416666666667
2.22083333333333
2.35
2.34375
2.59583333333333
3.97083333333333
2.36458333333333
1.86875
2.26458333333333
2.47708333333333
2.59375
2.87708333333333
2.54166666666667
2.14583333333333
2.11458333333333
2.27916666666667
2.39791666666667
2.01458333333333
2.22291666666667
2.75625
2.38125
2.3375
3.22291666666667
2.75833333333333
2.39166666666667
2.90625
3.85
2.95208333333333
1.66666666666667
2.41666666666667
2.70833333333333
2.37291666666667
2.65625
2.47083333333333
2.22916666666667
1.96458333333333
1.98958333333333
3.24375
2.86875
2.46875
2.62916666666667
2.50833333333333
2.46041666666667
2.21875
2.26666666666667
2.975
2.21666666666667
2.18541666666667
2.57916666666667
1.54166666666667
1.79583333333333
2.34791666666667
2.54166666666667
2.04166666666667
2.21041666666667
1.58541666666667
1.84375
2.06041666666667
1.8125
2.325
2.06458333333333
3.04375
2.78125
2.18958333333333
1.97291666666667
2.18125
1.91666666666667
2.05416666666667
2.31458333333333
2.13541666666667
1.94791666666667
2.04791666666667
1.85416666666667
2.95833333333333
2.31041666666667
2.35416666666667
1.84375
1.8125
1.65416666666667
2.16041666666667
1.87291666666667
1.79583333333333
1.62291666666667
2.36458333333333
3.0875
2.18958333333333
1.90416666666667
1.97916666666667
1.87708333333333
2.10833333333333
3
2.03125
1.75416666666667
2.125
1.90625
1.7125
1.79583333333333
2.06041666666667
2.01875
1.98958333333333
1.4125
2.1625
1.50625
1.36458333333333
2.23125
1.90416666666667
1.82291666666667
1.7
3.19375
4.44583333333333
2.21041666666667
1.60833333333333
3.8625
3.41041666666667
1.90833333333333
1.46666666666667
1.91458333333333
2.01666666666667
1.84166666666667
3.75416666666667
2.04791666666667
1.51041666666667
2.14375
1.52083333333333
1.63541666666667
2.99791666666667
4.84791666666667
1.44791666666667
2.67291666666667
2.65
1.75
1.70208333333333
2.19791666666667
1.66875
1.55208333333333
3.12083333333333
3.20208333333333
1.02083333333333
1.36666666666667
1.925
1.5125
2.13958333333333
3.22916666666667
3.09166666666667
5.10833333333333
4.525
2.29791666666667
3.0625
3.15
2.6
1.97916666666667
3.15833333333333
3.39791666666667
2.43541666666667
2.59583333333333
2.15416666666667
1.4625
1.225
1.00625
1.06875
2.05416666666667
1.49583333333333
1.72916666666667
1.825
1.56458333333333
3.32708333333333
4.38958333333333
1.94583333333333
1.36666666666667
3.8
3.61875
1.73958333333333
3.61875
3.75208333333333
1.75
1.69375
1.68125
3.99166666666667
5.83125
1.88541666666667
1.37083333333333
1.45833333333333
1.36875
1.46041666666667
1.51875
1.48958333333333
1.39583333333333
1.28125
1.43541666666667
1.3625
1.19583333333333
1.33125
1.15833333333333
1.27291666666667
1.79583333333333
1.21041666666667
1.73958333333333
1.58958333333333
1.3375
0.995833333333333
1.47083333333333
1.07083333333333
1.18125
5.17708333333333
4.58958333333333
2.09791666666667
1.59583333333333
1.79375
2.4625
2.26666666666667
2.41875
1.56875
1.64791666666667
1.41041666666667
1.39166666666667
1.8625
1.42708333333333
1.42291666666667
2.07916666666667
3.16666666666667
1.94791666666667
1.62916666666667
1.71458333333333
1.27708333333333
1.4125
1.45777777777778
2.15833333333333
1.93958333333333
2.06458333333333
3.82291666666667
4.38333333333333
1.95833333333333
1.67916666666667
1.07708333333333
2.00208333333333
1.90208333333333
2.47291666666667
1.93125
1.62083333333333
1.67916666666667
2.39375
1.10416666666667
4.04166666666667
2.48541666666667
2.29375
1.33541666666667
1.50208333333333
1.62916666666667
2.86666666666667
1.99166666666667
2.77291666666667
2.93125
2.47916666666667
1.93958333333333
3.46875
2.64583333333333
2.28125
1.86041666666667
2.62708333333333
1.87291666666667
2.32708333333333
2.76666666666667
2.33125
2.17291666666667
1.98541666666667
3.83333333333333
2.60833333333333
3.5125
3.79583333333333
4.33125
3.68333333333333
3.19166666666667
3.5
2.51666666666667
3.85208333333333
4.43125
2.47708333333333
3.70625
3.1375
2.79166666666667
2.31666666666667
1.35
1.96875
2.48958333333333
2.2125
1.91458333333333
1.87708333333333
2.45
2.57083333333333
5.69375
5.6625
2.95416666666667
3.52291666666667
2.25833333333333
2.20416666666667
1.97083333333333
1.96041666666667
2.43333333333333
2.99583333333333
4.43333333333333
2.22708333333333
3.2375
2.72708333333333
2.44375
2.99583333333333
3.36875
1.84375
1.48125
3.35833333333333
2.51458333333333
3.33541666666667
4.33541666666667
1.70625
1.90625
1.99375
1.81041666666667
2.18958333333333
2.1625
2.17083333333333
2.22291666666667
1.30208333333333
1.73958333333333
1.64791666666667
3.70208333333333
5.2875
3.71666666666667
1.86666666666667
1.69375
1.97291666666667
2.93125
2.88958333333333
1.91041666666667
2.14583333333333
3.16041666666667
2.025
2.175
1.69583333333333
2.50208333333333
3.88333333333333
2.16666666666667
1.875
2.1625
2.10625
5.125
4.19166666666667
3.62291666666667
2.55
2.075
1.88125
2.46458333333333
2.72708333333333
2.32708333333333
2.31875
2.05625
2.01458333333333
2.49791666666667
1.71875
1.90208333333333
3.8125
2.16041666666667
1.9625
1.9875
2.05
2.08125
2.08333333333333
1.73333333333333
1.71041666666667
2.62916666666667
2.45416666666667
2.64583333333333
2.30208333333333
2.52083333333333
3.37083333333333
2.325
2.74791666666667
2.52291666666667
3.5
3.19791666666667
2.45
3.07708333333333
2.63333333333333
2.27916666666667
2.04791666666667
1.89166666666667
2.42291666666667
2.23541666666667
4.39791666666667
3.34375
2.06875
1.975
2.04166666666667
2.20833333333333
2.29791666666667
2.00416666666667
1.87916666666667
2.01041666666667
1.95625
2.04375
2.57916666666667
1.69375
2.11875
2.28958333333333
2.09166666666667
2.03541666666667
1.87916666666667
2.1625
2.94042553191489
2.07291666666667
1.55833333333333
2.18541666666667
2.32083333333333
2.40416666666667
2.29166666666667
2.6125
2.35208333333333
2.03125
2.03333333333333
1.91875
2.09791666666667
2.00416666666667
2.02083333333333
2.225
1.73541666666667
2.425
2.3625
2.35
2.29791666666667
2.77291666666667
2.82291666666667
2.25208333333333
2.33125
2.08541666666667
3.59583333333333
2.84375
2.15208333333333
2.16041666666667
2.44375
1.91666666666667
1.90625
2.73125
2.16666666666667
1.37291666666667
2.16875
2.03541666666667
1.83541666666667
2.09583333333333
2.05416666666667
2.66458333333333
2.25625
1.99375
2.12708333333333
2.15
2.10625
2.03125
2.13958333333333
2.52708333333333
1.97708333333333
2.21041666666667
3.69791666666667
2.00416666666667
1.79583333333333
1.93958333333333
2.04166666666667
2.24166666666667
2.425
1.75833333333333
2.14166666666667
2.48125
1.3625
1.98541666666667
1.09583333333333
2.68125
1.64583333333333
1.75416666666667
1.75625
1.83541666666667
1.88125
1.89375
1.44166666666667
1.18333333333333
1.83125
1.5625
1.76875
2.0125
1.63958333333333
1.45
1.19583333333333
2.16875
1.46458333333333
1.43333333333333
1.14166666666667
2.53541666666667
2.65833333333333
1.89583333333333
1.35625
2.00416666666667
1.32708333333333
1.52291666666667
1.31458333333333
1.2875
1.15208333333333
1.73958333333333
2.43125
1.79166666666667
1.57708333333333
2.21666666666667
2.91666666666667
2.7375
1.49583333333333
2.46041666666667
3.33333333333333
1.4625
2.06666666666667
1.53333333333333
1.56458333333333
1.18125
1.36458333333333
1.58333333333333
1.81041666666667
1.34375
1.61666666666667
3.5
1.64166666666667
1.91875
1.98541666666667
1.49583333333333
2.09583333333333
2.74166666666667
2.31666666666667
2.00625
2.63958333333333
2.325
1.50833333333333
1.99791666666667
1.87083333333333
1.83333333333333
1.50625
1.42916666666667
1.23333333333333
1.20208333333333
1.75625
2.36875
2.4
1.59583333333333
1.55833333333333
1.26666666666667
1.25625
1.55208333333333
1.19375
1.45833333333333
2.72291666666667
5.12083333333333
5.0375
1.48958333333333
1.12291666666667
1.0375
1.37708333333333
1.23541666666667
0.991666666666667
1.375
1.45625
1.40416666666667
1.12083333333333
1.1875
