20000101
-99
-99
-99
3.3
2.5
2.93
2.52
2.39
2.66
2.83
2.73
1.8
1.88
4.53
5.24
2.73
2.78
4.79
4.25
2.75
3.54
3.42
3.21
3.17
3.03
3.22
2.86
2.62
2.49
2.71
2.25
2.25
2.8
3.82
2.01
3.19
1.84
2.62
2.03
3.16
3.38
2.99
3.7
3.1
2.46
3.01
5.05
4.82
2.93
5.85
3.37
2.49
4.36
2.71
2.84
2.91
3.48
2.87
2.45
1.98
5.99
3.13
3.12
2.12
3.17
2.21
2.12
2.31
2.66
2.58
1.75
2.87
5.43
3.04
4.28
3.3
3.39
3.98
3.13
4.56
6.26
8.49
5.31
2.75
2.69
3.99
5.38
4.52
4.41
3.61
4.23
2.63
6.55
6.6
3.71
3.4
3.25
2.81
-99
-99
2.81
2.78
4.53
6
-99
-99
-99
-99
-99
-99
-99
-99
4.22
4.8
-99
-99
-99
-99
-99
-99
-99
-99
-99
-99
-99
-99
-99
-99
-99
-99
-99
2.96
-99
-99
-99
-99
-99
-99
-99
-99
-99
2.64
-99
-99
-99
4.11
3.06
4.89
3.92
4.59
2.79
-99
-99
-99
-99
-99
-99
-99
-99
-99
-99
-99
-99
-99
-99
-99
-99
-99
-99
-99
-99
-99
-99
-99
3.91
3.71
3.42
3.25
3.13
2.25
3.41
3.55
2.65
3.11
3.39
5.34
3.9
3.2
4.35
5.1
3.63
3.85
4.1
4.48
3.39
4
5.94
6.21
2.55
2.58
2.48
3.3
3.27
2.07
4.53
3.86
2.8
3.72
2.68
3.64
5.33
5.6
2.64
2.88
4.8
3.81
7.08
3.8
3.99
3.81
2.85
2.65
2.99
2.54
3.46
3.42
2.24
2.57
2.46
2.43
4.8
2.43
2.64
3.46
3.1
2.6
3.93
3.41
3.05
5.81
3.6
2.94
4.89
3.68
3.53
5.06
5.06
5.56
2.84
3.71
3.72
3.48
2.6
2.79
2.72
3.01
2.86
2.77
2.19
4.1
3.97
3.39
4.17
4.6
3.73
2.93
3.28
3.13
2.69
2.54
2.84
3.11
3.27
3.16
3.53
6.96
3.5
2.76
2.56
2.89
3.83
2.15
2.88
3.06
4.38
2.32
3.03
2.53
3.16
2.18
2.14
2.84
2.6
3.82
11.65
7.55
11.21
7.44
3.9
2.44
3.1
2.38
3.6
2.45
3.35
2.65
2.12
4.12
3.03
1.97
6.43
5.39
3.7
3.24
3.35
2.67
1.77
1.85
2.54
3.36
3.28
4.03
2.75
2.95
1.87
3.93
2.77
2.54
4.54
2.78
3.9
3.21
1.9
3.14
2.31
2.29
1.99
3.55
2.1
2.67
1.84
2.46
2.39
2.85
2.5
2.48
2.81
2.49
2.44
4.23
3.64
3.05
2.56
2.08
3.73
4.69
8.85
4.41
4.41
2.31
2.58
3.56
4.37
5.04
5.54
4.6
1.73
3.44
2.18
3.57
1.4
2.68
2.37
5.58
1.81
2.31
3.03
4.87
2.72
3.13
2.89
1.84
2.43
2.33
3.68
2.88
2.16
2.2
2.81
2.62
3.66
3.29
4.25
4.27
4.67
6.5
5.18
4.46
2.91
3
3.15
3.09
2.02
2.81
4.04
4.86
2.54
2.1
2.43
4.78
3.41
5.33
3.77
2.05
2.46
4.48
3.63
2.51
3
3.22
3.55
3.66
4.79
3.82
5.16
4.49
2.33
4.59
2.97
1.75
1.25
3.5
4.4
2.4
2.25
1.55
2.45
4.54
2.46
1.76
2.65
4.25
3.7
2.09
2.55
2.55
4.2
1.77
2.11
3.81
2.58
1.96
2.82
6.03
5.58
2.57
1.89
1.54
2.26
2.97
3.83
2.04
6.98
6.15
3.91
3.95
4.84
4.64
3.07
4.58
5.01
3.85
2.62
2.71
4.55
4.98
4.89
5.07
4.55
2.71
4.66
3.09
2.92
3.59
3.03
5.65
6.39
3.46
2.32
2.97
3.36
4.22
2.6
2.89
4.11
2.33
3.27
1.61
2.01
2.16
3.51
1.21
2.55
3.04
2.55
4.17
3.11
2.62
2.17
1.93
2.53
2.34
2.7
2.61
2.63
3.34
2.88
3.43
3.08
4.06
3.27
2.97
3.45
3.05
2.1
2.68
3.47
4.74
4.56
3.62
2.7
2.53
4.7
3.77
5.26
3.63
2.45
2.81
2.28
1.73
2.77
1.94
4.2
3.5
4.23
2.99
2.63
2.82
2.4
2.43
4.03
4.39
3.66
4.36
4.01
4.88
3.45
3.53
3.89
2.31
3.29
5.83
2.91
3.5
5.08
4.27
5.66
2.72
2.68
2.52
1.85
1.93
1.98
1.75
3.47
1.93
2.13
1.61
1.67
2.13
3.12
3.56
3.6
4.07
2.99
4.73
4.53
5.14
3.95
3.34
2.44
2.07
4.29
5.84
3.33
2.83
2.34
4.06
2.52
2.64
2.04
2.29
1.72
1.88
2.84
2.91
3.76
4.64
3.47
4.65
3.67
5.75
2.5
4.68
2.71
5.06
3.85
3.81
4.9
3.56
3
2.5
4.95
3.85
4.25
5.31
4.3
2.76
3.15
1.94
3.58
3.22
2.36
2.39
2.32
2.29
4
1.57
1.4
1.89
1.92
2.7
1.73
1.9
2.09
2.87
3.1
3.72
2.96
3.16
4.41
2.03
2.1
2.19
2.59
2.94
2.96
3.13
4.45
2.99
2.49
2.88
2.82
2.65
1.74
1
2.03
2.03
1.65
1.82
4.08
3.16
3.48
2.53
1.53
1.89
2.05
3.86
5.04
4.76
8.39
3.55
5.23
4.24
8.78
3.9
4.65
2.42
3.03
2.78
1.92
3.89
2.79
2.29
2.4
2.11
3.97
2.63
1.77
1.73
2.15
1.35
2
3.15
2.48
2.47
2.2
4.31
2.64
4.73
2.51
2.32
2.75
3.35
6.18
5.76
1.95
3.44
2.27
4.67
3.87
3.5
1.92
3.93
2.48
4.54
3.04
1.88
2.38
1.89
4.85
3.91
2.99
1.97
6.73
2.19
2.15
2.24
3.21
3.18
1.69
2.23
2.68
1.9
2.35
1.29
3.72
2.38
1.79
1.76
2.46
2.16
3.25
1.5
4.26
1.69
1.69
2.31
1.7
1.96
1.09
1.85
2.34
1.73
2.5
1.89
2.4
6.31
4.8
2.8
2.45
1.9
1.4
1.61
1.73
2.61
4.12
1.34
2.39
2.6
2.43
3.76
6.02
3.46
2.03
3.01
2.07
2.09
3.26
2.92
2.67
2.21
3.34
3.61
5.59
1.68
1.58
1.69
2.64
1.7
1.64
1.29
7.6
1.92
2.84
4.45
2.33
2.53
2.79
1.58
2.18
1.91
1.85
3.47
3.11
2.39
3.76
9.1
4.5
1.98
2.01
2.9
5.35
3.87
4.67
3.43
3.59
4.21
2.09
2.34
3.86
6.17
3.92
2.93
2.75
2.99
3.3
2.05
1.62
1.77
1.94
2.6
2.31
2.23
2.49
1.63
2.38
2.78
2.29
2.7
3.42
3.27
4.11
4.12
4.24
4.23
6.38
8.66
7.76
3.1
2.06
2.2
2.82
1.72
2.62
1.48
2.31
5.23
4.77
2.98
2.13
1.44
2.68
3.42
2.99
3.49
2.78
4.45
2.35
2.07
1.91
2.15
1.51
1.6
1.31
4.77
3.76
4.46
4.3
2.94
5.25
3.94
2.1
3.35
2.79
2.15
1.79
1.72
2.06
1.71
2.29
1.48
2.27
2.56
2.16
3.05
3.47
2.25
1.85
4.79
1.63
2.26
2.58
2.78
3.83
5.1
2.84
4.37
3.41
2.54
3.5
4.72
2.1
2.51
4.6
1.15
4.08
2.56
4.27
2.81
2.07
2.56
1.69
2.38
2.17
5.09
3.03
2.45
2.36
2.11
2.16
2.6
4.26
3.52
2.83
2.23
2.61
3.75
5.21
3.79
3.48
3.69
3.8
4.36
4.77
2.95
3.24
3.04
2.83
2.82
2.37
2.53
3.29
3.41
3
2.11
3.31
4.73
3.13
2.65
2.94
3.06
-99
-99
-99
-99
-99
3.43
3.95
4.42
2.29
2.27
2.98
2.9
3.28
6.57
5.49
2.47
3.01
2.69
3.61
2.36
2.6
2.38
2.77
3.52
3.96
2.76
3.81
3.43
4.2
4.14
3.98
3.68
2.71
2.2
2
2.76
3.13
2.77
3.4
3.38
3.2
3.48
4.21
3.89
2.89
2.11
1.92
2.08
3.48
2.79
2.74
2.45
1.96
5.19
3.51
2.74
2.77
2.55
3.33
2.05
2.68
1.83
2.62
1.76
2.86
2.1
2.94
2.84
1.9
5.89
4.7
5.7
4.14
1.98
1.19
5.53
2.9
2.12
2.54
2.14
2.44
2.71
5.44
3.8
2.94
1.17
2.74
2.72
3.31
2.27
2.1
3.26
4.22
3.05
6.31
3.8
2.66
6.14
3.65
1.98
2.2
1.72
3.62
1.66
2.08
1.54
1.54
3.12
1.94
2.16
3.98
3.25
2.09
2.43
2.25
2.15
2.67
2.49
2.32
1.39
6.41
3.45
2.78
4.36
2.84
2.91
3.56
3.42
1.91
3.57
2.03
1.17
1.95
3.81
4.03
4.57
3.09
2.26
2.25
2.29
2.65
1.78
1.95
2.64
4.3
2.53
5.17
5.32
2.54
2.81
2.81
3.35
5.54
4.6
7.49
3.98
3.87
5.59
7.45
3.1
2.61
2.61
2.07
1.87
2.73
2.56
2.64
2.17
2.13
2.92
4.03
2.14
3.37
2.1
5.36
4.09
4.22
1.79
7.84
10.89
8.45
3.07
2.31
2.16
3.27
2.43
1.71
1.18
2.34
2.35
2.09
2.78
1.94
2.66
2.61
1.96
2.92
6.2
3.18
2.81
2.99
2.65
1.99
2.68
4.11
4.18
1.96
2.28
1.79
5.89
4.05
2.82
3.81
2.03
2.4
3.52
7.17
4.34
3.2
4.35
3.79
3.87
3.2
4.4
2.77
2.49
5.21
8.42
7.42
6.5
2
2.87
1.96
2.48
1.78
3.78
2.04
1.91
1.3
2.44
1.79
1.46
2.5
3.12
2.65
2.57
2.75
3.73
2.89
6.4
7.7
3.79
3.88
2.06
2.33
2.05
3.45
3.98
3.71
2.52
2.53
2.33
2.33
4.88
3.49
2.55
1.62
4
3.45
3.24
3.03
2.47
2.85
2.72
2.33
1.92
1.2
1.58
2.3
3.35
2.05
2.39
2.09
2.03
1.66
1.91
1.83
2.03
2.31
2.05
2.36
2.86
3.9
2.85
1.66
2.7
1.89
4.28
3.04
2.45
2.06
2.64
3.27
3.68
2.89
4.13
3.15
4.12
3.41
3.4
2.56
1.79
2.55
2.42
1.63
2.57
2.18
2.05
3.85
3.82
4.31
3.63
2.66
2.42
3.04
2.54
3.53
2.51
4.55
3.91
2.38
3.88
4.08
4.52
3.9
3.83
2.78
2.78
2.13
1.66
2.11
2.06
2.4
1.8
1.46
2.59
2.41
2.82
2.63
2.62
2.13
3.74
2.36
1.7
2.49
2.3
3.89
2.14
1.97
2.07
2.66
2.31
2.26
1.5
4.02
3.08
4.37
2.76
4.27
3.9
5.85
3.14
2.51
2.1
3.99
5.21
2.98
3.3
2.23
1.59
-99
7.18
2.69
2.39
1.95
2.99
1.83
1.97
3.25
3.51
2.68
3.84
2.1
2.48
3.68
2.26
3.39
3.65
1.17
2.5
3.43
5.85
2.37
2.87
3.15
2.9
1.9
3.21
2.06
2.4
3.62
4.68
4.77
4.31
2.07
3.4
3.08
2.41
2.25
5.38
2.99
2.9
2.46
3.16
1.97
3.35
4.14
6.35
3.35
2.81
2.54
1.7
2.33
2.06
2.65
2.6
4.29
4.06
1.93
1.19
2.55
1.95
4.57
5.45
2.88
2.07
1.8
3.13
2.23
6.18
6.75
2.4
3.66
2.1
5.14
3.35
1.38
1.6
2
3.79
4.85
4.03
5.6
2.93
2.36
4.78
2.44
2.61
2.1
1.94
2.11
2.05
2.57
1.34
2.17
1.68
1.73
1.34
1.6
4.16
3.94
2.21
2.37
2.58
1.85
2.66
3.31
3.73
4.74
4.38
5
4.89
2.1
2.57
2.13
2.73
3.13
6.6
5.18
2.35
4.62
5.18
7.81
5.68
2.64
6.1
8.62
5.04
2.89
2.94
2.38
4.32
2.37
1.99
2.66
5.49
5.79
5.99
6.59
2.24
1.77
2.74
3.14
3.12
3.51
3.66
2.18
3.42
3.41
1.71
3.66
2.41
3.06
2.5
3.71
4.14
3.81
3.04
4.8
8.69
3.11
4.62
4.75
2.87
5.12
3.55
5.31
8.04
3.67
4.63
4.12
3.48
2.99
2.36
4.83
4.26
3.55
2.79
1.97
2.96
3.66
3.07
2.12
3.72
6.52
3.76
2.44
2.62
2.77
2.7
5.96
7.89
5.96
5.09
4.37
3.52
9.67
10.36
5.14
2.69
2.67
4.02
3.54
2.31
2.48
4.39
4.93
4.34
4.25
3.51
4.08
3.31
5.02
3.2
7.6
8.57
3.62
5.34
7.65
4.8
1.74
2.93
6.03
3.25
2.43
2.45
2.54
6.39
4.78
3.99
2.26
4.38
5.89
5.54
6.12
7.79
6.06
5.86
3.33
5.85
6.57
3.9
5.38
3.34
1.72
2.49
2.37
2.3
3.34
2.38
2.8
2.49
2.82
4.52
2.41
3.2
2.89
2.77
2.81
1.93
1.83
3.35
3.75
4.56
3.52
2.25
3.55
4.38
3.29
2.58
2.32
2.43
2.95
3.97
4.32
4.08
3.29
2.94
1.49
5.44
4.51
3.68
2.86
3.88
3.46
2.45
3.08
2.81
2.16
3.32
2.25
3.71
5.05
3.01
3.26
3.49
5.55
4.22
6.42
5.4
4.23
2.59
4
3.69
3.48
3.55
3.02
3.19
3.46
2.49
2.73
4.03
2.95
2.59
2.51
3.78
3.68
2.68
3.19
2.58
2.51
3.29
3.55
4.35
1.97
3.89
4.04
3.54
2.54
3.34
4.04
4.63
4.95
5.42
4.93
3.24
2.71
3.26
3.69
2.73
3.53
5.06
4.49
3.37
4.66
4.46
3.92
4.27
2.77
7.37
4.26
4.25
6.47
5.33
7
7.34
5.01
5.45
11.75
10.47
6.08
1.8
2.98
4.19
5.18
2.43
4.89
4.84
5.56
3.62
2.98
3.51
3.15
3.72
3.6
2.71
5.26
5.61
5.73
3.38
4.28
3.73
1.97
2.73
2.62
2.3
2.49
3.62
2.76
2.93
2.27
3.56
5.21
3.31
2.76
3.54
3.47
2.77
6.19
4.17
5.03
2.75
3.85
2.9
3.31
2.86
1.85
3.91
4.16
2.43
2.63
3.57
2.4
3.72
2.71
5.68
2.55
1.21
2.32
3.16
2.96
2.84
3.81
7.6
3.94
6.1
10.68
7.55
3.78
2.55
1.07
2.35
1.94
2.23
1.47
1.92
6.09
2.73
2.03
3.01
3.08
2.89
3.3
2.43
7.78
2.38
4.15
3.14
4.13
5.51
6.65
4.15
3.15
3.98
4.1
4.91
2.52
2.61
2.47
4.55
4.11
7.07
6.83
7.49
2.81
4.03
2.83
2.77
5.53
6.09
4.92
4.62
4.76
2.11
2.08
1.48
1.34
1.22
1.85
1.39
1.61
0.56
1.34
1.63
0.93
1.8
1.61
2
1.85
1.27
0.8
2.4
3.75
1.85
0.65
3.93
1.01
0.92
3.45
5.96
5.89
2.35
2.57
3.93
3.37
2.05
1.79
3.26
1.77
1.88
1.4
2.55
4.06
5.86
3.27
0.86
1.19
0.38
5.82
5.56
4.83
3.6
3.4
1.87
2.3
2.28
2.75
2.05
1.54
1.59
1.13
2.89
2.59
2.99
3.76
0.99
2.47
2.88
4.52
3.26
3.59
4.07
2.6
2.24
2.09
3.29
2.25
1.29
1.32
1.74
1.73
1.83
2.47
3.01
1.37
2.29
2.7
2.82
2.23
1.99
3.98
3.23
3.14
4.2
4.25
1.66
6.06
5.7
3.51
1.59
2.46
1.65
3.38
6.87
6.58
5.71
2.89
2.56
1.57
-99
-99
-99
-99
5.38
4.61
1.97
2.97
2.58
2.08
3.46
2.17
1.43
2.2
2.14
2.13
2.15
2.42
2.76
2.81
3.72
3.34
1.51
2.5
2.17
2.24
3.13
2.57
2.26
3.06
1.47
3.28
2.78
4.7
1.77
1.47
0.88
3.4
3.49
2.39
2.17
1.16
1.4
-99
-99
0.97
1.89
1.84
0.98
1.43
2.51
3.73
3.12
2.55
4.76
0
3.72
2.3
1.34
1.35
3.73
1.93
2.26
1.95
2.5
1.43
1.76
2.24
-99
-99
-99
2.69
1.81
2.06
2.76
3.82
3.98
5.01
3.19
-99
6.1
5.2
4.7
5.41
4.09
-99
3.26
3.44
0.74
-99
-99
-99
-99
1.25
4.2
3.23
2.76
2.72
2.57
1.95
2.05
3.31
2.23
1.94
1.39
2.28
3.73
3.25
2.91
3.38
3.8
3.45
2.45
3.12
1.91
5.55
4.7
2.44
2.24
3.69
3.23
3.65
5.06
4.33
2.98
3.6
2.41
2.3
3.49
4.08
4.35
-99
2.4
4.8
4.97
3.49
2.82
1.92
2.84
2.41
1.85
2.17
2.5
3.65
2.1
4.27
3.06
1.74
2.29
2.45
-99
-99
-99
-99
-99
-99
-99
3.09
2.84
1.89
1.67
1.65
-99
-99
2.83
1.72
1.46
2.22
2.91
2.18
3.62
1.69
2.77
4.09
2.33
2.56
-99
1.77
2.33
2.29
3.32
1.93
4.11
3.07
1.6
1.84
0.6
1.91
2.17
-99
-99
2.69
2.65
2.48
2.73
-99
-99
-99
2.23
1.84
2.06
2.7
-99
-99
-99
-99
-99
3.84
4.43
3.7
1.46
1.83
5.24
5.6
1.82
2.19
2.02
2.19
-99
-99
-99
-99
-99
-99
-99
-99
-99
2.02
3.08
-99
-99
-99
-99
2.62
5.06
4.35
2.44
2.05
2.65
3.24
2.34
2.28
3.62
4.28
2.17
2.63
3.29
3.3
2.21
2.19
1.86
2.66
2.49
1.83
2.51
2.5
2.4
3.73
2.77
1.84
2.36
5.82
5.43
3.57
2.24
2.04
2.7
5.83
5.08
2.23
3.25
3.06
2.47
2.42
-99
-99
-99
-99
-99
-99
-99
-99
-99
-99
-99
-99
-99
-99
-99
-99
3.78
5.3
2.81
2.3
3.73
3.6
2.07
2.27
2.92
2.85
2.29
2.71
3.43
2.34
2.41
1.93
2.73
4.15
4
3.96
5.66
3.08
2.26
2.86
3.53
1.99
3.52
7.41
3.61
3.59
3.28
4.5
4.39
4.31
5.64
5.87
4.82
4.67
4.47
5.28
6.71
4.69
3.95
2.47
2.91
3.45
6.01
6.88
3.31
3.12
2.07
3.31
3.52
3.98
3.33
1.54
1.99
3.68
2.85
2.61
3.19
3.33
3.2
2.68
2.8
4.25
3.55
2.68
1.97
2.5
3.57
4.53
2.79
3.22
2.32
2.43
3.11
2.6
4.56
2.54
1.95
3.63
6.01
4.41
6.07
2.78
2.63
2.19
3.65
4.15
3.31
2.24
5.34
7.49
5.77
2.19
3.11
2.73
4.15
4.18
3.58
3.88
2.44
3.09
2.17
2.25
2.05
2.33
3.38
3.25
3.09
3.72
3.62
3.49
3.95
2.38
2.3
2.53
2.33
3.49
6.72
3.92
5.23
5
5.59
3.93
2.73
3.22
4.64
5.93
7.06
3.48
2.34
4.74
4.4
6.14
7.4
3.68
3.53
3.19
4.38
3.6
2.05
2.45
2.66
3.28
3.63
3.1
3.99
2.97
3.33
3
2.81
2.78
2.82
4.44
4.32
5.31
4.52
4.05
2.77
2.65
2.07
2.68
2.39
2.93
3.16
2.79
2.47
2.61
3.29
2.42
3.09
2.44
2.85
2.61
2.78
2.95
2.78
4.33
4.63
2.66
2.56
4.12
4.2
5.81
4.65
3.89
3.43
4.49
3.76
4.66
3.78
3.97
4.97
4
6.36
4.78
3.03
3.28
2.76
3.44
3.17
4.02
3
2.62
4.31
3.96
5.17
4.04
3.45
3.2
4.76
4.24
5.16
3.18
2.17
1.86
2.85
1.53
1.68
1.67
3.44
2.56
3.31
6.45
4.36
2.74
2.91
3.56
3.37
2.75
2.2
2.46
6.8
4.64
1.84
2.93
4.08
2.88
2.34
2.2
2.16
2.33
2.6
2.25
3.77
3.14
3.99
3.25
2.39
3.49
2.23
2.52
3.8
3.03
3.75
2.74
4.44
5.19
6.23
6.32
2.51
2.3
2.72
2.16
1.35
2.51
4.8
5.12
4.62
2.22
2.21
1.98
2.18
2.23
3.81
3.77
5.44
2.87
2.33
3.49
3.26
1.95
1.91
2.51
2.59
2.3
2.51
2.99
3.04
2.14
3.36
2.71
2.67
4.48
4.38
2.91
2.93
3.34
1.72
2.89
1.69
2.76
2.13
1.83
1.31
2.73
2.07
2.09
3.25
2.57
3.16
4.28
3.03
2.16
2.23
1.99
2.4
3
2.78
3.17
4.47
2.09
4.78
5.16
3.31
3.95
2.79
3.21
1.89
2.32
2.85
3.01
2.98
1.72
2.27
3.45
2.01
1.79
1.94
2.59
2.07
1.98
2.41
2.22
3.02
2.46
2.19
2.47
1.52
2.01
3.23
2.78
2.44
2.26
2.14
2.82
5.21
4.1
3.96
3.35
4.44
1.97
2.47
1.65
2.14
2.66
2.39
1.91
2.7
1.97
2.78
3.25
2.9
3.88
4.41
2.71
6.4
3.43
3.2
4.5
2.12
2.96
2.08
2.69
2.7
1.62
2.41
2.83
2.65
4.08
6.48
2.05
2.65
3.4
3.97
3.41
1.3
3.36
2.18
3.56
8.07
3.38
4.89
3.72
2.27
1.76
2.05
1.92
1.51
3.2
3.05
7.73
6.82
5.8
5.11
4.45
4.84
2.05
3.47
4.6
4.38
2.58
4.5
3.77
9.58
8.35
3.91
2.57
2.51
3.19
3.14
1.73
4.7
3.5
1.41
2.12
1.78
4.09
1.27
1.87
1.73
1.46
1.86
1.8
2
-99
-99
-99
-99
5.3
6.89
6.15
2.77
2.69
3.27
2.91
2.22
2.04
2.71
4.15
4.1
3.11
3.61
1.9
3.78
2.29
1.46
4.73
4.16
3.29
2.81
2.97
1.13
6.55
7.2
5.08
3.2
6
2.03
3.71
4.89
6.7
5.23
2.12
3.56
4.61
3.21
2.21
1.56
3.28
-99
-99
-99
-99
-99
2.09
1.73
2.17
1.98
3.26
1.98
1.7
1.57
2.44
2.53
3.26
3.77
2.72
2.44
3.61
4.31
3.77
3.7
3.06
1.85
2.2
2.82
2.4
4.13
2.61
2.95
2.35
1.7
3.72
4.34
4.49
2.26
2.01
4.04
4.84
3.19
2.08
1.76
2.02
4.2
4.01
4.56
2.47
4.56
3.46
3.21
2.08
2.45
2
3.18
4.57
2.59
4.75
3.33
2.31
2.13
3.07
2.47
2.32
3.16
1.96
2.11
2.99
1.83
1.94
2.09
2.91
3.43
3.41
4.09
3.91
4.4
2.2
2.67
5.12
4.99
2.43
1.69
1.54
2.01
3.16
3.16
2.24
1.97
2.69
2.83
2.54
2.68
2.97
3.01
2.76
3.24
2.84
2.63
4.42
5.15
1.99
1.68
1.64
3.51
2.82
3.2
1.97
3.48
4
2.19
3.25
3.28
3.6
2.68
1.72
1.44
1.81
2.5
5.32
3.62
2.46
1.71
2.19
2.78
2.44
3.34
2.24
3.36
2.13
1.74
2.83
3.14
3.1
2.41
2.09
3.85
1.98
3.32
2.04
3.73
1.76
2.33
1.54
1.59
1.77
2.62
3.48
3.03
2.01
1.65
2.11
2.07
2.3
2.51
2.07
1.92
2.25
2.13
2.6
2.3
2.69
2.92
2.6
1.86
2.9
1.99
2.9
1.27
2.24
2.65
2.32
3.35
1.5
1.88
2.37
2.72
2.5
1.73
1.63
3.4
2
2
1.9
2.39
2.49
5.52
4.67
4.14
2.98
1.73
1.96
3.44
2.37
2.28
2.8
3.43
5.13
5.64
3.09
0.9
2.01
1.98
1.74
1.57
1.95
1.94
1.87
1.92
1.85
1.31
1.61
2.75
1.4
1.83
1.8
2.26
1.31
0.83
2.46
4.85
1.8
1.54
2.22
3.58
3.59
2.06
1.38
1.49
2.16
2.73
2.03
1.6
1.67
1.91
2.36
1.86
1.43
1.37
2.66
1.84
3.04
3.6
3.99
2.22
1.95
1.66
2.41
2.35
1.76
3.33
4.66
4.86
5.05
2.33
2.02
4.71
4.01
3.85
3.64
2.02
1.65
1.38
3.35
1.73
1.87
1.16
1.2
1.91
1.96
1.86
2.2
5.4
6.2
3.76
2.49
3.32
1.78
2.6
3.58
2.41
1.63
1.79
1.17
3.1
2.43
2.74
4.01
2.41
2.89
3.64
3.16
4.61
4.24
3.89
2.5
2.81
1.78
1.69
3.24
4.27
2.79
2.26
2.71
3.08
2.97
4.74
2.37
1.45
1.31
3.57
3.36
2.7
3.07
2.53
2.85
2.84
3.25
1.97
2.79
3.1
3.94
1.77
2.74
2.34
2.06
2.07
2.41
4.04
4.59
2.23
1.63
1.52
1.94
2.24
3.49
4.97
5.14
4.56
7.65
5.5
2.44
2.71
2
1.58
2.61
1.68
3.16
2.39
3.47
1.74
2.6
2.07
2.58
3.64
2.05
2.46
2.67
2.85
1.56
3.35
1.87
2.2
3.22
2.87
2.3
3.93
2.76
2.25
2.08
3.2
1.74
1.95
3.55
2.87
1.65
2.52
2.79
2.21
2.03
2.27
2.19
1.53
3.47
4.17
2.49
1.69
2.54
2.44
2.17
1.84
1.99
2.5
3.9
3.23
2.41
3.66
3.27
3.2
2.73
1.86
2.63
3.28
2.57
3.03
2.56
2.81
1.4
3.14
2.5
2.07
4.03
2.63
2.75
2.04
2.16
2.52
2.44
2.43
3.95
2.55
1.89
4.31
3.11
2.39
2.63
2
1.88
2.51
4.5
3.12
2.85
4.19
3.22
3.22
2.24
3.01
2.69
2.76
2.44
3.41
2.1
2.54
5.33
1.85
2.78
2.74
3.23
2.3
2.09
2.35
2.35
2.73
2.94
1.91
3.78
2.22
2.04
2.38
2.61
2.55
4.93
2.72
2.48
3.25
3.75
2.31
3.37
2.37
3.36
2.87
2.95
3.14
4.89
3.02
1.28
1.63
2.8
3.08
3.96
2.22
2.63
1.91
2.88
2.43
3
2.96
2.79
1.81
1.32
2.75
2.91
5.02
5.43
4.84
1.27
1.78
1.88
2.51
1.58
3.4
3.18
1.47
1.7
2.99
2.31
1.71
2.93
2.21
2.63
1.98
2.78
2.07
5.55
3.01
5.73
1.86
2.4
1.33
1.99
1.86
1.53
2.06
1.73
1.69
2.13
3.34
3
1.68
2.11
1.86
2.31
1.92
1.63
2.17
4.46
2.76
4.31
2.28
3.04
2.76
3.32
2.48
2.65
2.97
2.76
2.5
2.3
2.68
1.69
3.23
2.13
1.83
2.77
3.97
2.46
1.63
2.58
3.61
2.66
1.74
2.13
1.9
2.05
1.48
1.37
1.8
1.9
2.88
3.53
3.88
5.82
1.87
1.11
1.24
1.46
0.89
2.36
2.02
1.85
2.08
1.93
1.83
3.87
2.83
3.89
2.45
2.61
2.97
1.67
2.37
1.98
2.64
1.71
1.89
3.22
1.8
2.68
6.41
3.53
4.11
3.6
2.27
2.2
1.88
1.43
2.63
1.84
2.27
2.12
1.25
2.13
4.44
2.92
2.33
5.03
4.24
2.85
2.36
2.95
2.69
1.64
2.78
2.57
2.54
2.62
2.42
1.91
2.77
2.03
1.93
2.33
2.35
1.53
1.67
1.56
2.23
2.66
5.23
4.44
2.87
1.71
3.24
2.7
2.23
1.96
2.69
1.74
1.62
2.96
1.79
2.5
2.93
3.73
2.33
1.99
2.92
3.81
3.53
1.96
1.96
2.26
3.76
2.15
2.42
1.95
1.23
2.21
2.47
1.59
1.62
2.05
3.17
2.7
5.72
4.88
2.48
4.08
2.35
3.84
3.06
2.61
1.91
1.55
3.11
2.96
4.4
2.96
4.39
6.76
2.73
3.98
2.69
2.55
2.83
2.84
2.54
2.71
2.76
2.84
1.77
1.55
1.49
4.29
3.03
5.8
2.76
3.05
2.49
4.09
1.85
1.64
2.69
1.79
2.75
3.5
1.96
3.74
3.15
3.26
2.89
3.51
2.79
2.2
2.23
3.3
3.28
2.25
2.7
1.64
2.3
3.52
2.71
2.18
2.82
1.85
2.47
2.17
2.28
2.01
3.15
2.02
1.74
1.76
2
3.58
3.47
3.03
4.16
3.42
2.34
2.01
2.3
2.16
1.92
1.9
1.96
2.6
1.66
2.45
2.4
3.13
3.51
2.32
2.58
3.78
3.24
2.3
3.52
3.53
2.66
2.9
3.4
4.76
3.07
2.38
2.09
2.25
2.75
2.48
3.39
2.05
3.1
2.54
2.09
3.25
2.81
3.74
4.09
3.77
2.61
2.31
1.99
1.53
2.55
3.03
2.63
2.66
2.13
2.48
1.44
1.84
2.11
2.97
2.54
2.08
1.75
2
2.08
1.82
2.19
3.62
2.42
1.94
2.53
3.79
3.99
3.52
3.26
2.57
4.28
4.64
2.88
1.84
2.76
3.09
1.98
2.06
2.61
2.02
1.94
3.02
2.21
2.62
4.33
3.07
2.21
3.23
2.56
2.74
3.9
3.14
2.33
2.29
4.31
3.63
4.2
1.93
1.96
2.08
2.01
2.01
1.54
1.36
1.46
2.22
2.39
2.49
2.43
3.46
3.01
3.59
4.95
2.83
2.11
2.51
2.92
9.73
3.04
3.53
4.09
2.03
1.34
1.48
1.47
1.46
2.05
2.07
1.24
2.78
4.11
4.21
3.49
4.1
3.08
3.27
5.64
4.01
2.22
1.62
1.6
1.25
1.43
1.15
1.87
2.15
1.5
1.87
1.47
2.04
1.68
1.94
1.99
2.39
1.5
2.12
2.47
2.03
4.22
2.53
1.38
2.41
5.47
2.1
2.35
1.94
2.14
2.06
1.19
1.61
3.52
2.61
3.61
2.8
1.89
2.59
2.59
4.04
2.01
1.28
1.55
2.18
1.49
4.15
3.21
2.01
1.5
1.5
1.75
2.58
5.56
2.19
1.67
2.77
1.31
1.76
3.04
3.33
2.78
1.65
2.21
1.64
2.89
4.19
2.6
1.65
1.51
1.59
1.66
1.95
2.11
1.8
2.34
1.47
2.05
3.22
2.05
2.63
2.24
4.61
4.01
2.18
2.44
2.27
1.73
2.98
3.2
3.08
1.29
2.04
2.73
4.31
2.68
2.39
2.47
3.53
5.05
1.41
3.1
2.33
2.55
1.62
1.43
2.85
3.97
2.2
2.98
1.84
2.27
2.57
4.39
4.06
2.08
2.42
2.92
2.12
4.54
3
2.9
2.41
2.55
2.31
2.96
2.48
2.49
2.38
1.88
1.7
1.84
2.14
1.24
1.98
3.03
2.03
2.58
3.38
1.29
1.6
3.94
3.66
3.39
2.16
1.73
3.46
2.31
3.82
2.22
2.49
1.75
2.49
3.48
5.27
1.77
1.58
1.46
2
1.7
1.31
2.13
2.01
1.99
1.13
1.85
-99
-99
4.8
2.36
1.56
1.93
2.64
1.86
3.23
2.55
2.24
3.04
2.74
2.9
2.52
2.39
2.03
3.34
2.71
2.82
2.31
3.71
3.76
3.1
2.65
2.28
2.38
1.88
1.53
1.86
2.14
1.77
2.16
3.3
1.77
2.96
1.89
4.06
2.95
2.77
2.9
2.06
2.01
1.56
2.2
2.55
3.64
3.29
3.54
2.18
2.08
1.99
3.26
3.63
3.11
2.5
3.31
3.7
3.87
2.3
2.32
2.2
2.32
2
1.96
2.09
1.72
2.26
1.55
1.81
2
1.89
1.8
2.1
2.38
1.83
1.78
2.96
1.76
2.13
1.75
2.08
2.28
1.88
2.67
3.04
1.71
1.98
3.13
5.1
4.14
3.52
3.04
3.12
3.29
2.7
3.45
3.44
3.32
2.96
3.73
3.38
2.54
4.74
2.7
3.27
2.53
2.71
2.37
2.91
2.88
1.81
2.61
2.49
2.33
2.75
2.76
2.32
1.52
2.4
2.13
1.38
2.53
2.15
1.89
2.46
3.68
2.98
3.56
4.09
4.24
2.2
2.55
1.98
1.9
2.45
3.3
2.93
3.21
2.23
2.62
2.6
2.84
2.1
2.64
2.38
4.38
2.23
2.43
2.88
3.01
1.88
1.63
3.16
2.54
2.34
2.85
2.27
2.16
1.75
2.98
3
2.06
3.46
3.48
1.97
5
4.48
4.64
1.99
2.86
5.45
2.64
2.11
2.25
2.41
2.84
2.77
2.55
2.01
2.19
1.4
1.48
2.83
4.22
3.07
2.85
2.01
2.09
2.68
4.59
1.91
2.9
2.42
1.56
2.1
2.29
2.07
2.67
3.7
4.64
2.57
2.29
2.02
1.7
3.01
3.51
1.66
2.16
1.76
1.74
1.93
2.75
2.9
2.2
2.85
3.04
2.37
3.82
2.42
2.38
2.44
2.33
2.97
2.41
1.3
1.44
1.58
1.84
2.2
2.4
2.38
1.82
2.93
2.66
3.76
3.62
3.47
2.14
1.6
1.91
1.54
2.78
2.34
3.42
3.12
2.55
1.68
1.69
1.59
2.51
2.26
1.04
1.9
2.04
1.31
1.11
1.65
1.38
1.72
2.2
2.54
4.14
1.58
1.49
1.81
1.99
1.88
-99
1.83
1.89
1.93
4.08
2.11
2.36
2.16
2.19
1.81
3.87
4.1
2.11
2.25
2.72
4.35
4.32
2.34
1.99
1.64
1.65
1.66
2.19
2.02
2.38
1.75
1.77
1.5
2.1
1.24
3.12
2.38
2.26
1.78
1.99
3.28
4.36
2.11
1.8
2.49
2.34
2.75
2.99
3.49
2.71
2.69
5.24
2.16
2.12
3.39
7.81
2.31
2.4
3.99
6.38
2.1
6.14
4.17
2.31
2.85
2.64
2.41
2.54
1.95
5.78
6.58
4.77
2.09
1.81
2.58
2.81
3.04
2.33
1.54
1.8
1.53
2.19
1.7
1.86
1.67
2.41
2.39
1.41
3.47
3.5
3.54
2.53
3.06
3.13
2.64
2.51
2.22
3.14
4.71
7.23
3.49
2.13
3.97
1.35
3.21
1.83
2.48
3.5
2.08
1.99
4.48
3.24
2.79
2.17
6.39
6.53
1.92
1.79
2.3
2.39
2.03
1.88
2.56
4.25
2.75
2.5
2.84
3.31
2.42
1.68
2.34
1.83
1.81
1.94
3.66
3.16
2.64
3.22
2.25
3.64
3.4
2.42
2.75
1.75
2.29
2.3
2.31
3.08
4.28
4.36
2.63
2.61
1.96
1.71
2.02
2.52
3.16
3.74
3
3.75
1.99
3.4
3.23
3.67
3.43
1.62
2.08
1.96
3.38
3.69
2.96
2.66
3.25
2.74
2.7
4.22
4.19
3.68
2.37
3.38
2.37
3.31
3.3
3.23
3.34
3.07
4.99
4.26
4.56
3.49
3.59
2.99
3.24
3.8
2.67
3.25
2.33
3.17
2.31
2.78
2.25
2.27
4.18
2.5
2.73
2.5
3.1
3.9
3.63
2.81
2.46
2.67
2.3
1.97
2.43
2.65
2.29
1.83
3.43
1.69
2.06
1.8
2.88
3.56
2.73
2.73
3.4
3.96
3.08
3.33
2.59
2.78
2.45
2.61
2.69
3.4
3.53
2.73
2.5
2.68
1.74
1.71
1.84
3.25
2.17
2.54
2
2.08
2.39
2.29
2.66
2.54
2.16
2.16
2.7
2.02
1.8
1.91
1.76
2.39
2.76
3.23
2.83
2.41
1.75
1.98
2.61
1.37
2.65
2.47
2.3
2.66
1.78
1.89
3.29
2.64
3.73
2.3
2.36
2.9
2.53
3.04
3.14
3.25
2.24
2.27
2.4
3.14
4.22
2.2
2.89
1.82
2.43
2.43
6.83
5.76
3.38
2.6
2.1
2.26
1.96
1.83
1.45
1.58
2.66
3.84
3.95
3.75
2.8
1.48
1.81
2.64
3.99
3.29
2.08
1.92
1.55
2.03
2.42
2.18
2.09
1.76
1.65
1.79
2.94
2.42
1.93
2.2
2.68
1.68
1.91
1.59
1.93
2.13
1.9
2.25
2.06
3.34
4.59
3.7
4.75
2.82
3.44
2.69
2.72
2.01
2.16
1.93
1.9
2.89
2.08
1.95
2.84
1.83
1.75
3.85
2.36
2.69
2.79
4.12
1.91
1.79
1.57
2.31
1.64
2.1
2.8
1.71
2.15
3.77
3.51
1.73
2.45
1.66
2.09
2.08
2.14
1.5
2.29
1.65
1.71
2
3.46
2.33
2.18
2.58
2.74
4.24
5.32
2.71
3.61
5.89
2.86
2.91
3.56
3.94
3.88
3.03
2.41
2.44
2.33
2.28
2.77
2.38
3.18
2.76
1.86
2.6
1.58
2.09
2.42
2.65
1.86
2.36
1.89
2
2.12
2.87
3.45
3.74
3.21
3.21
2.57
2.71
2.78
2.25
1.54
1.65
1.62
2.63
2.14
3.11
3.41
5.62
8.06
2.75
2.05
1.66
2.28
2.36
1.71
1.75
2.08
2.71
1.57
1.44
2.06
3.43
3.36
4.06
3.25
3.3
2.84
2.24
2.58
3.49
1.55
2.59
2.53
3.21
5.16
3.44
2.96
4.09
3.56
1.93
2.74
2.39
4.51
2.53
3.05
4.53
5.75
2.8
4.63
2.08
2.32
2.63
1.99
2.89
2.63
1.83
1.68
2.4
1.88
2.23
2.46
4.06
2.98
3.97
2.85
3.82
6.57
3.02
2.17
4.65
4.71
2.97
1.84
2.42
1.47
1.65
1.53
2.15
1.96
2
1.83
1.81
4.05
2.98
3.28
3.16
2.45
3.35
3.34
2.13
3.3
3.71
2.89
2.24
2.04
1.85
2.05
3.19
2.57
2.71
2.92
2.75
1.49
1.42
2.5
1.94
2.34
1.95
2.93
3.23
3.51
3.33
2.64
2.62
3.63
2.28
2.6
3.87
1.79
2.36
3.19
3.51
4.01
3.38
4.66
3.82
3.18
1.92
1.97
2.96
4.1
3.47
3.81
2.69
2.55
3.13
3.6
3.24
2.32
3.58
2.46
3.03
2.72
2.03
2.67
3.96
3.96
2.15
1.95
2.15
2.54
2.66
2.71
2.88
2.9
2.79
2.57
2.14
2.52
2
2.23
2.03
1.63
1.66
2.24
2.49
4.12
4.65
4.04
2.14
2.88
2.79
2.93
4.1
3.4
3.04
3.25
2.82
2.14
2
2.3
2.25
1.99
4.29
2.96
3.14
2.29
2.78
2.81
2.12
4.07
2.14
2.16
2.45
2.18
4.06
3.92
2.39
3.04
2.76
2.97
3.16
3.24
1.91
1.72
2.06
2.15
1.55
1.68
1.58
1.61
1.81
1.67
2.75
2.33
3.15
2.83
2.54
3.63
6.7
6.1
5.85
5.79
2.47
1.79
1.93
3.84
2.28
3.26
3.29
2.12
2.92
3.48
3.28
2.53
1.56
1.63
2.51
1.95
2.09
1.59
1.53
1.81
2.33
3.33
3.47
3.39
1.79
1.37
2.53
1.62
1.64
2.07
1.49
1.79
2.06
1.78
1.75
1.77
2.19
2.46
3.22
2.65
1.99
2.45
2.29
4.91
5.11
3.03
2.53
3.79
2.26
2.25
1.96
1.97
1.54
1.45
2.51
1.91
2.14
1.79
1.23
2.14
3.48
2.06
2.06
1.33
1.42
1.99
2.35
2.2
2.33
2.55
2.5
1.94
2.24
2.47
1.96
1.94
1.91
1.79
1.79
2.27
2.55
2.77
2.57
2.48
3.68
3.4
3.85
3.5
1.44
1.86
3.66
3.68
2.32
2.96
3.41
4.34
2.99
1.59
3.44
1.92
2.35
1.65
2.8
4.88
4.13
1.94
2.43
5.08
4.28
2.92
2.68
2.63
4.41
5.09
3.26
1.95
2.54
2.27
2.27
2.94
3.19
2.32
1.69
5.1
3.43
2.96
2.03
2.69
2.28
7.15
3.75
2.47
2.07
7.45
9.3
2.74
1.92
2.86
2.79
3.03
3.17
3.07
2.99
4.5
3.27
3.69
1.81
3.55
2.29
2.61
2
1.59
2.01
2.64
3.16
2.87
2.93
2.21
2.49
5.1
3.44
4.04
3.32
3.04
1.83
2.33
-99
-99
3.06
3.18
2.05
2.14
2.79
1.86
1.82
1.31
1.59
1.58
2.12
2.96
3.84
2.5
3.16
2.27
5.16
4.67
2.74
3.66
2.78
2.38
2.44
2.14
2.68
2.99
2.68
2.13
2.31
2.73
1.95
1.77
3.59
3.36
3.11
2.63
1.55
2.84
3.2
3.3
2.78
2.5
2.11
2.3
3
3.27
2.69
4.74
2.96
2.61
3.42
3.57
3.54
3.35
3.25
4.52
2.49
2.19
1.6
2.34
1.83
3.54
3.14
2.39
1.83
1.66
2.11
1.64
1.42
2.68
6.27
5.69
3.94
3.54
2.84
2.86
2.74
3.64
2.29
2.23
3.2
3.29
3.22
2.05
2.42
2.68
2.01
2.26
2.11
1.73
1.83
2.28
1.79
2.29
1.99
2.15
2.09
2.26
2.28
2.27
2.59
2.45
2.37
2.55
2.35
1.94
2.4
2.17
1.58
3.47
3.01
2.96
3.53
2.16
1.82
1.43
1.23
2.61
1.82
1.44
3.5
1.97
3.58
3.66
2.14
2.42
1.7
1.64
2.8
2.75
2.05
3.23
2.36
2.75
3.22
2.43
2.43
1.93
2.91
3.35
3.88
2.6
2.15
1.71
2.65
2.58
2.65
2.19
2.2
2.55
2.15
2.51
2.4
1.67
2.31
2.67
3.29
2.59
2.06
3.4
3.89
2.94
3.07
3.31
3.24
1.83
2.21
2.05
1.97
2.06
2.96
2.83
1.57
1.97
2.45
2.75
1.62
3.23
6.23
3.4
2.87
3.26
2.08
2.03
2.26
2.29
3.64
1.73
1.83
2.05
2.38
2.4
2.14
1.75
1.69
1.56
1.54
1.99
1.92
2.13
3.59
3.4
2.34
2.18
2.44
2.84
2.29
2.27
2.3
3.45
3.67
3.01
3.65
1.62
2.18
2.58
5.47
2.92
1.79
1.74
2.16
3.76
3.81
3.23
2.81
2.93
2.49
4.07
4.06
3.23
2.08
1.77
2.35
2.1
2.31
1.83
1.83
3.22
2.47
2.01
1.54
2.6
2.79
2.34
1.74
1.67
1.59
1.54
2.1
2.18
2.07
2.19
2.03
1.86
1.95
1.22
2.76
1.78
2.1
1.65
1.84
2.48
5.48
1.68
2.35
2.52
1.86
1.59
1.74
1.3
1.75
2.6
3.4
1.68
1.44
1.56
1.8
1.36
1.79
1.66
1.5
2.31
1.37
1.77
2.23
3.39
1.99
3.99
2.46
1.36
2.18
3.99
2.8
2.91
4.69
4.02
3.36
3.28
2.21
1.81
2.95
1.78
2.83
2.87
1.61
2.65
2.96
2.58
3.88
3.38
2.72
3.11
2.01
-99
-99
1.5
2.21
1.97
2.05
2.15
2.62
1.94
1.84
2.77
2.71
2.07
4.39
2.62
1.97
5.53
5.06
2.84
2.39
2.62
1.95
2.57
2.06
2.14
4.74
3.32
1.64
2.4
3.4
2.08
1.72
2.22
1.63
2.45
1.74
3.82
3.45
4.79
4.12
3.51
5.04
9.88
5.95
1.75
1.97
6.3
4.22
3.51
2.94
1.58
2.05
2.09
2.55
1.95
2.63
2.48
2.55
2.02
1.66
2.66
1.97
2.83
4.63
2.84
4.1
3.04
2.23
1.75
3.46
2.68
3.41
3.8
1.59
3.11
2.45
3.28
3.05
2.86
2.37
1.76
2
1.75
2.1
2.55
3.09
3.51
4.82
3.58
3.69
3.15
3.11
2.91
3.1
6.58
5.46
3.28
2.57
4.84
2.53
3.14
2.81
2.23
2.83
2.21
2.65
2.34
2.07
1.67
3.07
1.92
2.99
3.95
1.93
1.86
1.95
1.72
1.86
1.98
4.1
2.93
2.89
3.1
2.25
2.25
2.4
1.76
1.97
2.28
2.04
2.02
2.78
2.13
1.2
3.12
2.18
3.16
6.09
6.02
3.59
1.66
2.19
3.33
3.63
3.8
3.81
3.75
2.64
2.86
2.92
2.15
1.82
1.91
2.26
2.3
3.4
3.85
2.62
2.59
1.85
2.55
2.81
2.52
2.7
4.16
2.99
2.76
3.08
2.53
1.9
2.92
2.8
2.72
2.77
2.84
4.44
2.48
4.42
2.44
5.27
3.08
2.35
3.2
3.1
3.37
3.6
5.54
3.89
4.66
2.94
3.56
3.85
2.62
3.31
2.12
2.62
1.89
1.72
2.49
1.96
4.24
3.95
2.58
2.06
2.32
2.21
2.51
2.28
2.54
3.07
2.61
3.55
2.54
3.6
2.45
2.54
1.94
1.52
2.01
1.55
2.23
2.7
2.5
1.88
2.3
2.35
1.5
1.25
1.49
1.59
2.14
2.33
2.21
1.5
1.94
1.72
1.36
1.85
3.62
2.18
2.29
2.14
2.9
1.93
1.58
1.93
1.99
2.29
3.14
2.59
2.56
2.19
1.98
2.48
2.91
2.47
1.48
1.63
1.82
1.48
2.21
5.79
3.15
2.45
2.45
1.96
1.56
2.3
2.42
1.44
2.34
2.14
1.36
2.72
2.41
2.23
2.56
1.98
1.9
1.91
1.46
3.67
3.31
1.51
1.62
2.52
6.33
8.89
4.14
2.47
1.84
2.24
3.43
1.46
2.63
2.61
2.2
4.15
2.04
2.33
2
1.78
2.54
2.13
1.65
1.25
1.87
2.11
2.38
1.56
2.11
2.2
2.16
2.19
1.46
2.45
3.21
2.54
2
2.51
1.99
1.75
1.87
1.58
1.85
2.61
1.95
2.7
1.98
1.54
2.09
1.97
1.94
2.14
2.32
1.9
2.54
2.01
2.2
2.7
1.55
2.77
3.14
4.82
4.68
1.67
2.13
1.94
4.25
5.28
4.18
4.8
2.23
2.4
3.34
2.88
3.19
2.13
3.64
2.19
2.53
1.66
1.64
2.21
2.22
1.85
2.34
1.65
2.37
1.86
2.05
2.57
3.29
2.59
4.65
3.36
2.18
3.61
2.66
1.82
3.2
1.81
2.63
3.21
2.12
2.47
2.01
2.01
2.17
1.83
2.97
2.37
3.31
2.92
2.61
1.98
6.11
6.22
6.76
7.05
4.18
6.58
4.62
3.28
3.2
2.62
3.44
2.3
4.36
2.61
3.28
2.64
1.86
2.43
3.65
3.35
4.2
2.37
2.94
3.01
3.34
2.12
1.94
1.73
5.1
2.36
2.1
2.02
3.68
2.68
1.75
1.89
2.26
2.49
2.2
2.46
3.54
3.2
2.06
1.96
2.84
1.61
1.95
2.68
2.85
1.96
1.53
2.53
1.89
2.08
2.08
1.7
2.36
1.99
4.2
3.66
2.4
2.77
1.92
3.02
4.47
4.04
3.74
2.26
3.27
3.82
2.83
3.19
2.43
2.13
2.36
2.32
1.84
1.91
1.96
2.57
1.78
1.66
1.67
2.12
3.15
5.01
2.84
3.14
3.24
2.5
2.33
3.01
3.06
2.08
2.26
2.24
2.04
3.23
2.7
2.25
2.37
2.59
2.34
1.77
2.03
3.12
4.69
3.11
1.85
2.09
1.94
2.24
3.35
3.68
2.47
2.52
2.35
2.46
2.31
2.13
1.99
2.01
2.38
2.33
2.48
2.25
3.82
3.33
2.3
3.27
2.6
4.5
2.67
4.29
5.24
3.66
2.48
2.67
2.11
2.57
1.81
1.99
2.72
1.77
2.77
1.82
1.88
2.93
3.05
2.62
2.41
2.66
3.95
2.59
2.16
2.35
2.45
1.9
2.42
2.76
2.92
2.25
2.09
1.69
2.46
2.86
2.49
3.46
3.19
4.33
2.24
2.77
2.55
1.92
2.12
2.1
2.69
2.79
2.55
1.79
2.06
3.08
2.56
2.35
2.43
2.87
2.48
1.75
2.48
3.22
2.31
2.35
2.59
2.04
2.33
3.7
2.39
2.73
2.03
2.08
1.84
1.66
2.61
2.7
2.09
1.87
2.31
1.34
2
1.58
2.31
2.12
1.96
1.77
1.49
2.99
2.49
2.4
2.07
1.73
1.11
2.24
2.57
2.26
2.64
2.11
2
2.06
5.8
8.33
1.39
2.25
1.17
1.48
1.09
1.25
1.84
1.97
1.4
1.3
2.3
1.8
2.33
2.01
1.93
1.94
1.32
3.29
4.39
4.12
2.71
2.6
2.64
2.13
2.05
1.9
1.88
2.04
1.74
1.78
1.68
1.77
1.71
2.33
1.57
2.7
1.87
1.73
1.48
1.64
1.91
1.58
1.68
1.33
1.31
1.22
1.29
1.28
1.57
1.44
1.23
1.31
1.73
1.84
1.52
2.56
2.18
2.2
1.63
1.09
2.35
2.59
1.59
2.37
4.2
3
3.31
1.69
3.4
4.51
4.03
3.01
2.2
1.99
3.37
2.05
1.91
2.13
1.44
1.61
1.21
1.78
1.71
1.4
1.6
1.63
2.09
1.64
1.96
1.55
1.42
1.58
2.8
2.75
2.36
2.22
3.85
2.69
4.94
3.64
1.77
3.19
3.04
3.91
4
2.85
2.71
1.56
2.6
2.8
2.16
1.92
1.84
1.74
1.83
2.03
4.47
3.01
3.96
1.91
3.92
4.7
1.9
4.29
3.48
2.45
2.15
2.64
3.41
3.51
2.94
2.45
3.61
2.13
3.23
2.36
1.23
3.59
2.11
1.58
2.41
2.49
2.6
2.11
1.3
2.71
2.45
2
1.29
2.77
2.78
1.98
1.88
2.69
5.01
3.55
2.94
3.15
3.61
2.74
2.41
1.46
2.86
1.7
1.39
2.33
2.84
3.04
2.46
6.62
2.29
1.93
2.88
2.71
3.44
2.69
4.95
1.78
2.91
3.33
4.03
4.08
1.98
2.24
4.25
4.5
4.09
2.79
3.41
1.79
2.44
2.56
3.22
3.06
2.32
2.28
1.95
2.86
3.99
2.25
2.43
2.93
3.31
1.66
1.72
2.14
1.86
2.17
3.53
2.44
3.33
2.87
2.35
2
1.8
1.84
2
2.15
1.9
1.91
2.78
2.51
3
2.64
2.82
2.96
4.02
2.7
4.04
4.19
2.55
2.69
2.46
2.02
2
2.54
2.81
3.09
2.37
1.55
2.43
2.14
3.08
2.86
1.85
1.84
3.01
2.47
1.94
2.07
2.28
1.63
4.34
3.57
4.89
3.42
2.86
2.42
2.22
2.32
2.31
3.1
2.76
2.87
3
2.89
2.67
2.51
1.99
1.99
1.71
3.27
3.85
3.7
2.38
2.58
5.15
2.85
2.39
2.51
3.31
3.23
2.85
3.03
3.05
2.1
1.93
1.87
2.14
2.81
2.54
4.05
4.2
2.6
2.01
1.96
2.2
2.07
2.15
2.17
2.54
2.1
2.21
2.33
2.23
2.35
2.08
2.19
2.58
3.55
2.34
2.59
2.31
2.39
2.06
2.91
2.89
1.86
2.57
1.62
2.83
3.14
2.36
2.36
2.83
2.85
2.19
2.35
2.06
3.02
2.96
1.92
1.74
2.01
2.86
4.07
2.41
2.12
2.95
1.57
4.04
2.3
2.09
3.73
3.16
2.68
1.74
1.77
1.63
1.13
2.04
1.87
2.76
1.65
2.75
1.97
2.25
1.35
1.41
2.4
1.77
1.49
1.98
2.26
1.66
2.25
1.73
1.54
2.96
2.05
2.3
2.92
3.72
1.77
2.54
1.84
1.67
2.44
1.77
1.79
1.84
1.41
2.66
1.4
3.71
3.42
6.12
1.6
1.54
3.65
3.13
2.41
2.89
2.97
2.09
2
2.63
4.42
3.22
1.58
1.75
1.76
2.2
2.13
1.98
1.81
1.87
1.53
1.24
4.35
4.21
3.36
2.59
4.26
4.53
2.42
1.83
1.53
1.47
1.33
1.88
2.39
1.78
1.88
1.85
1.7
2.18
1.72
2.15
2.08
1.75
1.61
2.64
1.99
2.25
2.69
2.04
3.89
3.57
2.8
2.54
3.33
3.67
5.28
5.88
4.23
3.18
2.17
2.33
4.08
2.46
4.78
2.69
2.25
1.25
1.15
1.75
1.59
1.61
3.23
5.36
3.67
2.62
3.28
3.04
1.87
5.18
10.13
8.09
1.64
1.85
1.28
2.26
1.84
1.9
2.17
2.31
1.71
1.56
1.29
1.64
2
2.23
2.11
-99
2
6.82
4.84
2.76
3.6
3.88
1.53
1.71
1.62
1.44
1.69
2.75
2.31
1.85
2
2.62
2.59
2.11
1.47
1.32
2.88
3.75
3.04
2.25
1.9
3.33
2.05
1.73
1.55
1.71
3.17
3.66
2.79
2.6
2.83
2.41
1.92
2.48
2.28
2.7
2.93
2.16
2
1.93
2.24
2.61
2.59
2.62
4.63
3.01
2.2
3.35
2.57
2.07
2.14
2.63
2.43
3.28
2.9
2.7
3.95
2.82
2.75
2.11
5.06
3.58
2.98
1.95
2.7
3.56
2.32
2.69
2.85
1.97
1.64
1.76
1.5
2.24
3.08
2.57
2.02
1.92
1.95
2.64
2.43
3.43
3.31
2
2.05
2.92
2.04
1.86
2.17
1.79
2.43
2.75
3.93
3.49
2.39
1.86
2.37
2.33
1.56
2.03
2.2
2.15
1.97
1.77
1.93
2.09
2.25
2.66
2.27
2.42
2.24
2.7
2.11
2.62
2.74
3.04
3.04
3.08
3.48
2.31
2.18
2.72
2.39
3.28
5.06
3.31
2.46
2.68
2.95
2.87
3.2
2.71
2.38
3.04
2.08
3.3
4.59
2.16
2.4
2.94
3.41
3.57
2.23
2.51
3.12
2.05
2.83
5.32
2.07
2.64
2.3
2.15
1.85
2.57
2.87
4.46
2.22
3.44
2.76
2.48
2.18
2.04
3.26
2.54
1.9
2.33
2.78
2.79
2.41
2.41
2.29
2.1
2.12
2.63
2.12
2.14
2.15
2.23
3.24
2.29
3.63
2.01
3.51
2.36
2.76
2.59
2.16
2.75
3.47
2.89
3.69
3.43
5.61
2.51
2.74
2.9
3.81
2.1
1.71
2.54
1.91
1.85
2.28
3.64
2.84
2.23
1.76
2.15
1.76
2.03
1.62
1.75
2.03
2.27
2.74
2.29
2.4
1.78
1.77
2.16
2.05
1.8
1.82
2.04
1.59
2.64
3.53
2.44
1.7
2.15
1.74
2.29
2.04
1.91
1.78
2.95
2.3
2
1.76
1.51
2.18
1.93
1.7
1.86
3.26
3.02
2.25
1.96
2.19
1.88
1.72
2.1
3.7
2.69
2.06
1.82
2.13
1.86
1.83
1.94
2.29
2.04
1.81
1.81
1.86
2.12
1.92
2.06
1.94
2.64
3.05
3.4
2.63
1.79
1.96
1.8
2.1
1.67
2.04
2.1
4.55
2.25
2.09
2.57
3.83
3.39
1.73
1.63
1.83
1.57
1.64
2
1.63
2.32
1.46
2.22
4.53
2.48
1.79
2.62
2.44
4.5
3.1
4.45
4.03
1.91
5.11
4.04
3
2
1.8
4.42
2.49
2.83
2.07
2.34
4.32
4.39
2.05
1.89
2.85
3.21
2.39
1.79
1.45
1.98
2.19
1.94
2.34
1.94
2.34
2.14
2.64
3.42
3.63
3.66
3.52
2.34
1.9
2.75
1.93
2.95
2.12
3.52
2.54
1.38
1.18
1.33
1.7
1.92
1.7
1.76
2.46
3.13
3.02
2.11
2.55
3.63
2.03
4.1
2.86
2.95
2.2
1.22
3.14
2.88
2.64
2.31
1.58
1.41
3.19
3.81
2.42
1.74
2.32
2.2
2.35
3.32
3.44
4.13
4.19
3.61
2.41
3.27
2.01
2.27
2.41
1.69
1.95
2.63
4.54
2.31
2.44
1.87
2.95
1.76
3.17
9.09
2.81
2.43
3.74
5.54
2.99
3.51
1.79
2.69
2.85
1.75
1.57
1.85
1.66
1.79
1.8
1.37
1.48
1.88
3.04
2.93
3.56
3.02
3.39
2.54
2.75
2.54
2.31
2.18
1.81
2.35
1.43
2.11
2.77
2.19
3.24
3.53
3.07
3.02
1.96
1.53
1.33
1.48
1.74
1.92
1.99
2.17
2.24
6.7
7
3.02
2.77
2.21
2.16
1.87
1.95
2.56
2.45
2.12
3.07
2.45
2.12
1.74
1.92
4.03
3.24
3.11
3.21
3.02
1.85
2.34
1.87
2.46
2.33
1.96
1.92
2.08
3.23
2.37
2.64
2.09
2.35
2.2
3.12
4.25
2.81
2.01
2.1
2.38
3.22
3.39
2.65
1.88
2.9
2.75
2.95
3.9
3.24
2.05
2.04
3.05
2.6
2.3
2.43
2.05
3.11
2.66
2.95
2.32
1.62
2.08
2.51
2.23
2.38
1.6
1.91
1.8
2.03
2.14
2.33
1.67
1.81
2.68
3.15
3.78
2.28
2.29
3.17
2.54
3.74
2.76
2.24
2.75
2.64
2.63
2.84
1.84
1.73
2.1
3.44
4.81
2.32
2.22
2.37
2.14
3.07
4.15
2.69
3.09
3.26
3.42
3.28
2.81
2.24
1.91
2.49
2.03
2.23
2.3
2.77
1.98
2.7
1.48
2.66
2.06
1.74
2.24
2.66
2.29
1.98
3.87
2.83
5.01
1.9
2.43
2.56
2.62
3.23
2.18
2.41
1.91
1.88
1.95
3.03
1.93
3.38
2.99
1.78
1.47
2.64
5.43
1.7
2.32
2.15
2.96
4.22
2.58
2.07
1.89
2.08
2.24
1.5
1.56
1.59
2.09
4.49
2.15
7.7
2.57
2.14
2.54
2.5
4.42
1.85
2.11
2.84
2.72
1.58
1.99
3.8
2.9
2.71
3.31
3.03
2.12
4.13
2.88
1.67
2.04
1.16
1.28
1.67
1.86
2.34
2.87
1.75
1.43
2.48
1.91
1.72
1.48
1.29
1.94
1.61
1.31
2.3
3.43
1.76
1.48
1.49
1.45
2.16
1.42
2.22
3.09
1.71
2.23
1.76
2.16
2.08
1.55
2.05
1.94
1.28
1.95
2.03
2.02
1.66
1.65
1.55
2.79
1.77
1.36
1.96
3.52
1.96
1.83
2.73
3.05
1.77
1.62
1.69
2.27
1.64
1.58
2.39
1.83
1.88
1.66
2.04
1.61
3.44
5.04
2.05
2.42
3.1
3.52
2.65
3.62
1.7
2.52
3.49
4.93
2.87
1.76
1.68
1.64
1.99
1.74
3.12
2.85
2.61
1.95
1.98
2.04
1.57
1.79
1.32
2.41
1.59
2.18
2.16
1.37
1.84
2.02
1.5
1.73
1.98
1.58
2.48
2.03
4.15
1.8
1.97
3.02
2.07
2.29
2.57
3.21
1.68
2.87
2.24
2.49
2.02
2.93
3.06
2.61
2.99
2.61
2.08
2.18
1.53
2.65
3.37
3.11
2.09
2.58
3.33
4.18
1.88
2.48
1.89
3.09
3.17
3.85
2.94
2.59
3.57
2.79
2.76
3.59
2.35
3.5
3.62
2.5
3.05
6.5
7.52
5.32
5.34
2.65
2.52
4.28
2.49
3.61
2.69
3.61
2.86
3.98
3.19
2.39
1.32
3.94
3.34
2.76
0.97
1.78
2.85
1.92
2.52
3.27
2.47
2.5
4.49
2.97
3.69
3.6
3.15
2.91
2.66
2.26
2.1
2.42
-99
1.58
3.43
3.78
3.9
2.05
2.13
2.23
2.11
1.71
1.82
2.43
3.68
3.24
2.53
1.78
3.27
2.12
2.16
3.48
2.77
3
2.75
2.14
1.49
2.03
2.99
2.13
2.83
2.04
5.22
4.41
3.61
1.55
2.63
1.43
1.51
2.2
1.74
2
1.88
2.24
2.41
2.3
2.64
3.72
2.72
2.44
2.22
1.99
2.55
2.84
2.78
2.34
3.13
2.42
2.56
2.29
2.04
2.44
2.05
1.83
2.08
2.15
4.03
1.86
3.08
3.08
3.51
2.61
1.97
1.67
1.87
2.06
2.88
2.59
2.2
3.23
3.01
3.59
3.49
2.84
3.02
3.13
2.27
2.64
5.77
3.09
3.4
2.73
2
1.91
2.08
2.11
2.26
2.01
1.99
2.04
1.81
2.15
3.39
1.83
2.69
3.86
3.92
2.31
2.61
2.8
2.56
4.53
2.33
3.74
4.3
4.73
2.43
1.77
1.77
2.4
3.86
3.89
1.79
3.29
2.66
2.77
2.11
1.39
2.5
2.35
2.19
1.99
2.57
2.74
2.01
3.18
2.16
3.01
2.7
4.18
1.35
2.14
3.38
4.05
3.31
2.85
2.77
1.74
1.8
1.77
2.71
2.22
6.05
3.66
2.34
1.78
1.51
1.87
1.43
1.75
1.49
2.03
1.28
2.03
3.25
3.43
3.46
3.12
1.84
4.17
3.12
3.45
3.64
2.08
1.46
1.71
1.94
2.83
1.83
2.1
1.84
1.35
2.02
3.76
3.83
3.57
1.81
2.04
2.48
2.59
1.44
1.52
1.81
1.6
2.8
6.6
2.79
1.74
1.76
1.59
3.24
1.97
1.81
3.18
5.89
2.35
2.07
2.2
3.18
1.41
1.84
2.17
2.5
6.02
1.78
1.65
1.66
1.61
1.72
1.68
2.01
1.46
1.82
1.85
1.49
1.76
1.76
2.08
1.78
1.91
1.72
1.73
1.86
1.77
1.82
2.19
2.25
2.07
1.36
2.4
1.83
3.14
7.92
8.94
6.58
2.53
1.89
1.6
1.95
2.37
1.92
2.01
1.42
1.21
1.61
2.05
1.41
2.97
2.25
2.42
1.4
1.33
2.05
2.03
2.05
3.31
2.15
1.79
2.17
1.94
2.09
2.36
1.89
2.13
2.36
1.76
2.57
2.11
2.47
3.01
2.76
2.44
1.61
3.27
5.39
4.37
2.38
2.97
4.35
2.55
2.07
3.29
1.52
1.47
1.54
2.14
2.07
2.42
6.69
4.85
1.46
1.73
3.22
2.38
3.01
5.25
6.03
1.91
3.48
2.56
1.84
2.89
2.22
4.41
5.08
2.03
2.34
1.93
1.79
1.71
1.63
1.41
1.78
1.77
1.26
2.86
2.69
2.14
4.07
2.59
1.85
3.68
2.85
1.58
1.52
3.85
1.98
2.13
1.78
1.88
1.81
3.08
2.85
2.88
3.52
3.52
1.54
1.27
1.83
1.61
2.74
3.07
4.28
4.48
3.97
3.76
3.16
2.88
2.25
2.94
2.56
1.78
2.55
1.54
2.02
1.37
2.3
2.83
2.07
1.79
3.13
2.06
2.86
2.49
2.53
2.42
2.21
2.53
2.98
3.44
2.34
3.14
2.55
3.53
2.86
3.41
3.27
3
2.25
2.39
1.76
2.44
3.03
1.81
1.9
2.17
1.98
2.21
1.58
1.4
2.09
3.07
2.54
2.44
2.77
2.15
2.91
3.86
2.37
2.69
2.98
2.42
2.25
2.2
3.19
2.89
2
2.16
2.36
3.64
3.07
2.89
3.2
2.65
1.84
2.23
2.19
1.7
2.72
2.42
2.02
2.01
2.58
1.71
2.07
1.83
1.77
3.98
4.38
2.61
2.42
2.47
2.28
2.07
1.68
1.6
2.26
2.95
1.79
3.14
2.55
2.1
2.66
2.1
2.02
2.57
2.01
2.07
3.81
2.69
2.6
2.04
2.23
3.48
1.85
3.66
2.91
2.4
2.73
2.44
1.94
2.01
3.52
3.18
2.15
1.95
2.65
2.27
1.91
1.53
1.71
1.77
1.71
1.43
2.2
1.99
2.44
1.89
2.05
2.02
2.4
5.38
3.98
2.53
2.34
2.19
1.75
2.37
2.54
2.93
2.7
2.04
2.23
3.05
1.56
1.29
3.03
2.61
3.15
2.35
2.29
2.26
2.58
2.49
2.01
3.37
5.52
2.67
1.85
1.89
2.39
2.49
3.24
2.34
1.79
1.58
2.1
2.02
1.92
1.46
1.84
1.94
3.52
4.3
4.46
1.71
1.82
1.44
2.15
1.51
1.38
1.48
2.04
2.98
1.52
1.45
1.78
2.09
1.43
1.83
1.98
1.51
1.79
3.9
4.74
2.71
1.74
1.46
1.63
2.19
1.85
2.49
2.65
3.11
1.51
4.06
4.26
2.93
1.42
4.14
1.9
1.56
1.45
1.49
1.46
1.48
1.43
2.21
1.69
1.76
1.6
1.52
3.09
2.19
1.96
4.43
3.36
3.65
1.89
1.79375
2.22916666666667
1.68125
1.70625
2.11666666666667
1.75625
2.03333333333333
1.64583333333333
4.09791666666667
3.14791666666667
2.28541666666667
2.21666666666667
1.825
1.82291666666667
2.34166666666667
1.86458333333333
3.25625
2.21875
1.94166666666667
1.86041666666667
2.01875
3.875
3.92916666666667
4.00625
2.43541666666667
2.36458333333333
1.7375
1.46875
2.8125
2.96041666666667
3.65416666666667
5.36875
2.11875
1.75416666666667
1.96666666666667
4.02291666666667
4.01875
2.42083333333333
2.3
2.52916666666667
2.61458333333333
1.39166666666667
1.46666666666667
3.12291666666667
4.1625
1.53541666666667
3.62708333333333
1.925
1.68541666666667
1.67291666666667
1.46666666666667
8.40208333333333
4.54791666666667
1.35208333333333
2.43333333333333
1.53333333333333
1.56666666666667
1.95833333333333
3.66666666666667
4.27708333333333
3.725
1.82916666666667
1.56666666666667
1.76041666666667
3.23958333333333
1.98541666666667
1.73125
1.88958333333333
2.95208333333333
1.97916666666667
3.325
3.38541666666667
4.38541666666667
3.28958333333333
2.33125
3.69375
5.30208333333333
2.87916666666667
4.00208333333333
2.53541666666667
2.67708333333333
2.27708333333333
2.36666666666667
1.85
1.5875
2.11458333333333
1.56041666666667
2.63333333333333
2.04583333333333
2.09375
2.14583333333333
2.30208333333333
2.69791666666667
1.98125
2.75416666666667
4.14375
3.46458333333333
3.42708333333333
2.91666666666667
1.68333333333333
2.05416666666667
3.86458333333333
2.32291666666667
3.73125
3.44791666666667
2.60208333333333
3.50208333333333
3.72708333333333
3.26595744680851
3.25625
3.75833333333333
3.175
1.71041666666667
1.99583333333333
4.19166666666667
1.58125
1.675
1.6
2.975
3.6125
3
3.58541666666667
2.01041666666667
2.68125
2.80208333333333
2.38958333333333
2.50208333333333
2.00416666666667
2.73541666666667
3.07083333333333
3.26666666666667
2.72916666666667
3.49583333333333
2.875
1.49375
2.79791666666667
3.44166666666667
2.82291666666667
3.43333333333333
2.52916666666667
1.50208333333333
2.77708333333333
1.9
2.72291666666667
2.775
2.58333333333333
1.91458333333333
1.7875
1.83125
1.91666666666667
1.78333333333333
1.7875
3.2625
4.01875
3.125
2.5125
2.60208333333333
2.99583333333333
2.35625
1.8
1.8875
2.10208333333333
1.65
1.49583333333333
2.17708333333333
1.63333333333333
2.36458333333333
3.86041666666667
2.26041666666667
2.01041666666667
2.19791666666667
2.60416666666667
3.06458333333333
2.50625
3.28333333333333
2.9125
2.11875
1.73541666666667
2.29166666666667
3.52083333333333
3.93958333333333
2.53125
2.34166666666667
2.14166666666667
3.70416666666667
2.31458333333333
2.83333333333333
2.33333333333333
4.06875
3.44583333333333
2.07916666666667
2.30833333333333
2.86041666666667
2.975
3.99583333333333
3.0625
3.22291666666667
2.65208333333333
2.66041666666667
2.16875
2.09791666666667
2.16666666666667
2.04583333333333
1.63958333333333
3.21666666666667
2.9625
2.63333333333333
2.47083333333333
3.58541666666667
1.93541666666667
2.68333333333333
4.24166666666667
3.61041666666667
2.41041666666667
2.43125
3.70208333333333
2.31875
4.00208333333333
4.09791666666667
3.54375
1.53958333333333
1.79166666666667
1.58541666666667
2.06458333333333
1.76041666666667
1.93333333333333
2.7375
3.77916666666667
3.50208333333333
3.23125
1.63333333333333
2.01458333333333
1.87708333333333
2.65416666666667
2.89791666666667
3.18958333333333
1.91666666666667
2.46458333333333
2.42083333333333
4.2625
2.4625
2.40416666666667
3.08541666666667
3.1625
4.12916666666667
2.18541666666667
2.72916666666667
2.25833333333333
2.68125
2.40208333333333
2.525
2.63333333333333
2.92083333333333
2.01666666666667
2.73125
2.62916666666667
2.6875
2.65
2.43333333333333
2.77291666666667
2.0875
3.55625
2.64583333333333
2.125
2.56041666666667
2.95625
2.7
1.91875
2.5125
2.5625
2.57291666666667
2.29166666666667
2.26041666666667
1.77291666666667
3.20833333333333
5.12291666666667
2.06666666666667
2.58958333333333
2.41041666666667
1.29166666666667
2.40833333333333
1.91458333333333
1.98125
2.0375
2.26458333333333
3.36458333333333
2.43958333333333
2.10833333333333
2.83958333333333
2.45208333333333
1.6875
2.63958333333333
5.28333333333333
2.53125
1.59791666666667
2.16666666666667
1.64166666666667
1.74166666666667
2.20208333333333
2.57708333333333
1.95416666666667
1.3
3.08125
1.5375
2.45625
2.275
2.21875
2.2625
2.23958333333333
2.98125
2.74375
2.00625
1.83333333333333
2.35625
3.25625
2.40208333333333
2.59791666666667
2.11041666666667
1.89166666666667
3.07708333333333
2.51458333333333
1.73541666666667
1.68333333333333
1.19791666666667
1.91666666666667
2.77083333333333
7.27916666666667
4.31041666666667
2.67708333333333
1.64583333333333
3.12708333333333
2.9
2.13125
1.84791666666667
2.32708333333333
3.15
2.09791666666667
2.84375
4.4125
2.82916666666667
1.7875
4.9625
2.77916666666667
4.96041666666667
2.3625
1.7
1.6875
1.6875
1.67916666666667
1.86666666666667
1.72916666666667
1.76041666666667
2.06875
2.04375
1.73333333333333
1.95625
1.0375
1.21041666666667
1.61041666666667
1.5625
2.53125
2.69375
1.875
1.18958333333333
1.25208333333333
1.58541666666667
1.43958333333333
1.80625
1.96041666666667
2.65
3.10833333333333
1.45833333333333
3.45208333333333
2.32916666666667
3.58958333333333
2.5375
2.92708333333333
1.675
1.95
2.23333333333333
2.13125
1.7625
1.725
1.8375
1.95208333333333
2.00416666666667
1.93958333333333
1.9375
1.89166666666667
2.01041666666667
1.97083333333333
1.47291666666667
2.29791666666667
1.51458333333333
1.90416666666667
1.83125
2.03125
1.71041666666667
1.62291666666667
1.69375
1.65208333333333
2.11875
2.12708333333333
2.01458333333333
2.02291666666667
2.02708333333333
1.61458333333333
2.79166666666667
4.95833333333333
2.69791666666667
3.55625
1.54791666666667
1.4875
2.04166666666667
1.81458333333333
2.51666666666667
2.73958333333333
2.45
1.64375
1.3625
2.16666666666667
2.84166666666667
1.56666666666667
2.18333333333333
2.325
1.46041666666667
2.32708333333333
2.10625
2.65
2.17083333333333
2.50208333333333
1.89583333333333
1.75208333333333
3.25625
4.21875
2.9
1.93333333333333
7.95625
7.79583333333333
5.08958333333333
3.24583333333333
2.79375
3.525
4.16875
9.18333333333333
6.04375
5.25
3.725
5.63125
2.59166666666667
2.17916666666667
1.43333333333333
3.10625
2.525
2.57708333333333
4.76875
3.08958333333333
2.6875
2.42916666666667
1.74583333333333
2.55416666666667
2.87708333333333
3.31875
4.29375
1.73958333333333
5.6
4.80416666666667
3.56041666666667
2.15208333333333
1.775
2.32291666666667
1.75833333333333
1.86041666666667
1.89791666666667
4.21666666666667
1.97291666666667
2.30208333333333
4.49166666666667
3.70625
1.67083333333333
1.85
1.29583333333333
1.52708333333333
1.55208333333333
2.03958333333333
2.00416666666667
2.63541666666667
4.0125
1.89583333333333
2.84166666666667
3.09791666666667
3.30208333333333
2.04375
1.72291666666667
2.125
1.61875
1.69791666666667
1.74791666666667
1.71041666666667
1.66041666666667
1.66041666666667
1.94791666666667
1.7875
2.55813953488372
1.37916666666667
2.35416666666667
1.97291666666667
3.15208333333333
2.9375
1.92083333333333
3.11458333333333
2.13333333333333
2.36875
2.70625
2.58125
1.95625
2.13333333333333
2.03958333333333
2.35625
2.1
2.29166666666667
1.83333333333333
2.69375
3.00416666666667
3.57291666666667
2.55625
2.02083333333333
2.17291666666667
2.00208333333333
1.975
2.12916666666667
1.69375
1.36666666666667
2.94166666666667
3.98541666666667
2.73333333333333
2.28125
2.93541666666667
3.1875
3.53958333333333
2.60833333333333
3.42291666666667
2.54791666666667
3.74166666666667
2.01875
2.92916666666667
2.675
1.82083333333333
2.16666666666667
1.98333333333333
2.49375
3.1375
3.15
2.94375
1.84583333333333
2.27708333333333
1.825
1.54375
2.0125
1.83958333333333
2.54166666666667
1.84583333333333
2.69791666666667
2.24791666666667
1.71458333333333
2.69166666666667
2.14583333333333
2.10208333333333
2.44791666666667
1.96666666666667
3.54583333333333
3.51041666666667
2.80833333333333
2.3375
3.71458333333333
1.66875
2.13125
2.29791666666667
2.1125
1.83958333333333
1.86666666666667
2.3625
2.08125
1.90416666666667
2.13125
1.75
2.26875
1.99791666666667
2.64166666666667
2.54791666666667
3.43958333333333
2.57708333333333
2.93541666666667
3.06666666666667
2.70625
3.14583333333333
2.93333333333333
2.35416666666667
2.16875
2.66458333333333
2.5125
2.19166666666667
2.7
2.25416666666667
2.38958333333333
2.36041666666667
2.09375
2.66666666666667
2.14375
2.5375
3.75625
3.52916666666667
2.96666666666667
2.1875
1.85
2.29166666666667
3.52340425531915
2.43404255319149
1.82765957446809
1.62340425531915
2.1625
2.03958333333333
2.14375
1.96875
3.18125
2.55208333333333
1.95625
2.78333333333333
3.91041666666667
2.85208333333333
2.95
3.51489361702128
2.91702127659574
2.62127659574468
2.23191489361702
2.38333333333333
2.74375
3.16666666666667
2.45
2.35625
1.78541666666667
1.94893617021277
2.22708333333333
3.5875
2.79583333333333
2.18541666666667
1.92916666666667
1.89166666666667
2.7375
1.95625
2.43541666666667
1.9
1.52916666666667
1.80416666666667
3.53958333333333
2.16666666666667
1.34166666666667
1.30416666666667
1.55
1.44166666666667
1.05625
1.61875
1.37291666666667
1.23125
2.47708333333333
1.89166666666667
2.0375
2.10625
2.12083333333333
2.14583333333333
2.0875
1.5875
3.29791666666667
2.80416666666667
1.89166666666667
1.37916666666667
1.6125
1.69583333333333
1.83333333333333
4.07291666666667
3.3
2.27083333333333
1.83125
2.04583333333333
1.66458333333333
2.16875
2.15
1.8625
1.72083333333333
1.79166666666667
3.60208333333333
2.78333333333333
1.3625
2.425
2.11666666666667
1.54166666666667
3.39166666666667
2.31458333333333
1.2875
2.30625
1.69791666666667
1.85416666666667
1.46666666666667
2.14583333333333
1.23333333333333
1.13125
1.47083333333333
1.55208333333333
1.86041666666667
1.225
1.36875
1.28125
1.81458333333333
1.80416666666667
1.53541666666667
1.90208333333333
1.22291666666667
1.03541666666667
1.08958333333333
1.60625
1.72291666666667
1.69583333333333
2.05833333333333
1.35208333333333
1.58541666666667
1.6625
1.99791666666667
1.77916666666667
1.49791666666667
1.85625
