20000101
-99
-99
-99
-99
-99
-99
-99
-99
-99
-99
-99
-99
-99
-99
-99
-99
-99
-99
-99
-99
-99
-99
-99
-99
-99
-99
-99
-99
-99
-99
-99
-99
-99
-99
-99
-99
-99
-99
-99
-99
-99
-99
-99
-99
-99
-99
-99
-99
-99
-99
-99
-99
-99
-99
-99
-99
-99
-99
-99
-99
-99
-99
-99
-99
-99
-99
-99
-99
-99
-99
-99
-99
-99
-99
-99
3.19
2.3
3.13
2.12
1.69
2.18
2.29
1.88
2.29
2.2
2.61
1.85
1.9
2.77
3.3
4.31
2.76
2.39
6.32
4.98
2.67
2.4
1.96
1.73
1.83
1.42
3.01
4.39
5.2
7.11
4.13
5.41
3.54
4.11
1.99
1.76
1.96
4.34
3.6
3.04
4.14
3.65
2.95
2.38
3.63
3.37
1.73
1.85
2.65
1.83
1.69
2.27
2.49
2.69
2.53
1.85
4.34
2.42
2.15
1.9
1.77
2.11
2.35
1.6
2.05
2.36
1.76
1.39
1.82
1.65
1.43
3.33
2.54
2.84
1.76
1.58
1.4
1.55
1.73
2.04
2.08
2.54
2.11
1.85
3.13
2.84
2.24
1.45
1.36
1.09
1.46
3
2.26
1.74
1.86
2.4
3.08
1.84
1.7
1.47
1.99
1.77
1.51
2.82
1.65
1.74
1.85
1.9
1.43
1.91
2.72
2
2.35
2.41
1.71
2.27
1.6
2.07
2.47
1.46
1.21
1.7
1.94
1.42
1.15
1.29
1.06
1.57
2.82
1.53
1.93
2.13
1.81
2.29
1.32
1.68
1.35
1.26
2.25
1.75
1.35
1.57
1.58
1.12
1.28
1.44
1.51
1.47
1.97
1.51
1.42
1.05
1.41
1.78
2.16
1.63
1.38
2.14
1.76
1.8
2.09
2.93
1.37
1.92
2.19
2.17
2.49
1.93
2.15
2.67
2.13
1.92
1.92
1.77
1.61
1.4
1.9
1.89
1.73
1.65
1.87
1.63
1.56
1.88
1.67
1.34
2.17
2.69
2.69
1.6
1.4
1.76
1.91
1.92
1.89
2.08
4.45
2.85
1.51
1.3
1.97
1.75
1.41
1.64
1.6
1.61
1.28
2.37
2
5.47
2.27
1.08
1.69
1.66
1.16
1.88
0.98
1.16
2.52
1.8
1.07
1.09
1.17
1.33
1.15
1.2
1.43
1
7.11
2.23
2.77
6.62
4.83
1.4
6.03
8.61
4.83
4.2
2.76
1.57
4.87
6.85
5.68
2.1
0.79
1.19
1.59
1.23
1.33
2.58
1.78
4.66
5.25
1.81
1.54
1.54
1.19
3.35
1.06
2.14
6.36
4.72
1.95
1.12
4.9
4.85
7.01
6.32
4.3
3.28
1.66
1.43
1.43
4.84
1.95
2.16
1.42
1.19
1.83
1.25
1.39
4.31
3.12
2.36
3.71
7.58
1.73
5.25
2.99
3.17
2.92
7.53
7.1
3.95
6.02
8.86
3.44
1.43
1.5
5.65
6.44
2.84
1.43
1.07
1.48
1
1.35
1.19
5.17
1.5
1.38
1.15
6.04
5.17
8.05
6.78
5.22
3.1
2.6
2.66
3.25
2.32
3.34
1.09
1.58
3.93
3.76
7.46
7.14
6.94
1.9
1.23
1.66
1.13
1.84
1.26
2.59
1.87
2.08
1.95
1.34
2.1
1.44
1.89
1.93
1.53
2.74
3.12
5.57
3.18
3.97
9.2
6.72
8.32
2.06
5.24
3.61
2.77
1.65
2.01
3.6
5.12
2.09
1.72
3
1.57
4.49
2.58
3.67
3.33
6.9
4
4.9
5.69
4.65
1.87
1.74
2.76
3.32
3.38
2.19
1.73
4.34
3.61
4.75
2.07
2.18
3.27
3.94
1.75
2.33
4.98
4.55
1.86
2.73
2.51
1.34
1.53
1.15
1.86
2.5
3.6
2.75
2.53
4.98
4.52
2.89
1.84
2.5
4.43
2.69
2.59
2.94
1.48
1.89
1.73
1.62
1.31
1.97
1.97
2.47
2
1.95
3.91
4.59
5.68
5.2
2.31
1.44
2.65
1.96
1.79
1.49
1.49
1.47
1.52
1.94
1.92
1.6
1.56
1.69
1.48
1.37
1.7
1.41
1.78
1.91
2.09
2.43
4.28
2.01
1.68
2.01
1.75
1.7
1.46
2.82
2.33
2.37
1.91
1.55
1.6
1.42
1.42
1.42
1.69
1.53
1.55
1.79
1.86
1.48
1.35
1.7
1.59
1.63
1.51
2.1
2.26
2.13
1.49
1.1
1.48
1.45
1.7
2.32
2.74
1.79
1.05
2.07
1.75
1.29
1.66
1.17
1.22
1.29
1.01
1.06
1.54
1.37
1.24
1.16
1.22
1.2
1.3
2.18
1.77
1.43
1.66
1.34
1.63
1.57
1.73
1.77
1.46
1.17
1.29
2.34
2.28
1.75
2.04
2.32
2.33
1.84
1.17
1.33
1.18
1.34
1.64
1.76
1.34
2.79
1.86
1.9
2.26
1.78
1.82
2.71
1.75
1.71
1.96
1.73
1.9
1.89
1.64
1.69
1.53
1.78
1.87
2.24
2.2
2.05
2.17
1.86
2.24
1.65
2.03
3.9
1.88
1.85
1.69
2.61
2.65
1.62
1.83
2.7
4.44
2.11
2.84
3.99
2.67
4.38
3.81
1.8
1.19
1.14
1.18
2.42
2.01
1.71
1.51
2.52
2.55
3.38
4.95
3.84
3.25
2.44
1.35
1.11
1.84
4.57
2.29
1.11
1.22
0.89
1.86
1.36
1.12
1.51
1.29
1.11
1.44
1.32
2.81
2.89
4.58
1.38
2.08
2.37
3.47
1.96
1.82
1
1.28
1.03
0.91
1.05
1.51
1.33
1.39
1.06
1.93
1.28
1.18
0.91
1.12
1.54
1.03
1.04
1.04
1.11
1.49
1.23
1.18
1.22
0.79
0.9
1.19
1.65
0.96
1.11
1.47
0.84
1.16
0.85
1.51
0.77
0.84
1.14
0.89
1.61
1.31
1.06
1.15
1.06
1.07
0.76
2.75
1.47
2.19
1.13
1.11
0.98
1.84
1.3
1.74
1.05
1.3
1.01
1.61
1.07
1.84
1.52
1.17
0.89
1.13
3.67
4
8.09
3.41
1.34
3.48
1.86
1.34
1.43
1.72
1.35
1.49
4.74
3.11
2.46
3.96
3.56
4.46
1.86
1.91
1.74
1.3
1.65
1.4
2.21
1.56
1.42
1.66
2.09
1.6
1.89
5.63
2.38
1.66
1.5
1.84
1.76
2.43
2.18
4.04
2.05
1.55
2.31
2.8
2.44
2.07
1.78
1.98
1.67
3.07
5.47
2.3
7.27
4.42
3.01
3.26
3.42
2.2
1.8
1.87
2.22
2.48
2.27
1.57
1.85
2.17
2.53
1.93
1.53
1.8
2.42
2.56
1.72
3
1.82
4.24
2.78
1.76
2.58
2.01
1.97
2.18
1.89
1.21
1.74
2.45
1.7
1.98
1.34
1.65
2.66
1.87
2.23
2.18
2.57
2.11
2.64
2.62
2.92
5.32
3.08
1.12
2.15
2.47
1.43
2.3
3.29
2.26
1.68
1.48
1.39
1.83
4.52
2.24
1.73
2.94
2.56
2.63
1.85
1.74
5.68
4.3
2.5
1.6
2.05
3.6
2.59
1.7
1.94
1.82
1.78
1.7
1.9
3.42
3.56
3.19
2.31
3.03
1.34
1.82
1.96
1.66
1.52
1.45
3.39
3.9
3.18
2.82
2.64
1.99
1.67
1.97
1.57
1.61
1.87
1.91
1.7
3.69
2.24
2.12
1.18
1.41
1.97
3.68
2.56
2.42
1.47
1.47
1.89
2.24
1.9
1.46
1.6
1.64
2.28
1.99
1.06
1.65
1.31
1.27
1.5
1.33
1.47
1.28
1.59
1.46
1.37
1.43
1.23
1.21
1.8
1.54
1.29
1.48
1.22
1.13
2.62
1.93
1.51
1.16
1.57
1.38
1.52
1.46
1.11
1.13
1.09
1.04
0.93
1.2
1.28
1.49
1.22
1.23
1.07
1.02
0.95
1.43
0.95
1.14
1.18
0.9
1.07
1.39
1.85
2.04
1.14
1.45
1.31
1.44
1.83
2.27
1.2
1.01
1.03
1.23
1.02
0.91
1.07
3.02
1.87
1.59
1.13
1.37
1.22
1.24
1.28
1.18
1.16
1.37
1.12
1.07
1.98
2.32
1.01
1.07
0.98
1.29
1.28
1.42
1.25
0.78
1.34
1.49
1.16
1.15
3.02
3.14
4.96
4.08
1.32
1.42
3.2
5.55
4.69
2.1
2.58
2.38
1.37
1.28
1.13
1.15
3.44
0.98
1.05
0.98
1.57
1.12
1.52
1.13
3.34
2.51
1.53
1.4
1.48
3.7
7.67
4.82
3.7
3.37
1.98
1.26
2.31
1.31
5.29
3.31
4.56
2.23
1.2
1.14
1.52
2.31
2.08
3.28
1.09
1.59
2.1
1.58
2.95
1.01
0.93
1.35
1.4
1.23
2.25
2.04
1.78
4.99
2.14
1.75
1.73
0.87
0.9
0.71
1.02
0.84
2.21
1.27
1.99
2.52
5.85
1.9
1.12
2.62
1.75
0.98
5.18
5.72
1.35
1.19
1.13
1.19
1.14
0.89
1.06
1.49
1.13
1.19
1.3
1.07
1.39
1.9
1.28
3.65
4.71
6.31
1.82
2.45
4.11
2.56
3.38
5.62
2.03
3.44
3.22
8.86
2.96
2.44
3.36
3.68
3.23
1.77
2
1.46
1.56
2.2
1.33
1.15
1.23
1.5
1.29
1.91
1.69
1.25
1.35
2.19
1.16
1.73
2.54
1.74
1.33
3.66
1.86
2.87
3.41
2.18
1.49
1.91
5.31
1.81
1.68
2.14
1.71
1.63
3.01
1.52
1.67
1.96
2.29
2.28
1.66
2.5
1.63
2.02
2.93
2.73
2.3
2.13
2.06
2.05
2.22
1.8
1.63
1.23
2.02
1.7
3.31
5.92
3.04
1.56
3.8
2.16
1.89
4.78
2.5
3.97
4.19
2.29
2.11
3.78
3.53
1.4
1.65
3.66
4.48
1.76
1.86
2.23
2.76
6.1
3.91
5.84
5.84
2.37
5.16
2.49
2.4
1.95
1.93
2.49
3.84
2.6
2.25
2.47
1.84
1.53
1.88
1.54
1.65
1.61
1.86
1.15
1.89
4.38
1.97
1.62
1.6
1.56
2.67
1.55
1.79
1.58
1.42
1.61
1.51
1.4
2.04
1.85
3.14
3
1.13
1.58
1.81
1.88
2.04
3.86
2.44
3.29
1.64
1.49
1.59
1.09
1.38
1.19
1.93
1.54
1.38
2.39
2.1
1.38
1.44
2.07
1.86
2.62
2.47
4.15
3.75
2.21
1.82
1.81
1.66
1.34
1.14
1.17
1.34
1.32
1.24
1.21
1.47
1.51
1.51
2.41
1.94
1.27
1.38
1.68
1.84
1.35
1.76
1.39
2.9
1.84
1.75
1.46
1.34
1.43
1.08
1.24
1.26
1.28
1.42
1.17
1.21
0.98
1.2
1.23
2.06
1.44
1.37
1.15
1.05
1.41
1.2
1.84
2
1.18
1.47
1.19
1.25
2.1
1.72
1.4
1.57
2.66
2.81
4.31
2.24
1.55
0.99
0.95
1.41
1.02
1.63
1.49
1.26
2.5
2.14
1.75
1.34
1.54
1.36
2.22
2.03
1.17
1.36
1.55
1.92
2.64
1.68
4.37
1.94
1.78
1.81
1.15
0.85
1.56
1.79
1.8
4.52
4.25
4.54
1.86
2.09
1.34
1.32
1.27
1.35
1.17
1.23
3.2
1.25
1.36
2.25
2.51
3.28
2.19
4.8
4.16
1.01
3.98
2.27
1.74
1.36
0.76
0.79
1.63
4.16
4.8
9.22
1.81
1.34
0.99
0.97
1.17
0.88
1.23
1.25
0.82
0.88
0.96
0.83
1.26
1.1
1.81
1.05
1.05
1
0.86
1
1.21
1.43
1.03
2.07
1.53
3.62
5.05
1.19
1.06
3.36
2.01
0.91
1.18
3.74
0.97
1.67
2.63
1.43
0.92
0.96
0.99
1.21
0.92
1.61
1.11
0.92
2.85
2.75
1.12
2.12
1.22
5.08
3.71
2.04
0.95
2.94
3.84
3.13
1.99
1.79
2.96
1.26
5.34
1.92
1.41
0.98
0.96
1.13
1.13
1.31
1.59
1.09
3.63
3.59
1.83
1.62
1.85
2.01
3.26
3.54
1.65
1.6
1.42
1.7
1.16
1.44
2.76
1.66
2.1
2.1
6.67
6.19
1.37
1.74
1.38
1.07
1.13
1.8
1.71
1.4
1.24
1.4
1.44
1.54
1.45
1.19
1.59
1.67
1.5
1.81
1.87
1.57
1.03
4.58
2.13
1.56
1.28
0.96
3.51
3.39
1.86
2.09
1.61
1.85
1.44
1.91
2.09
2.18
2.14
1.83
1.85
3.28
4.91
1.53
1.64
1.57
1.46
1.46
1.52
2.03
1.64
1.68
2.64
3.26
2.14
2.37
1.78
1.53
2.06
3.19
1.96
2.99
6.01
3.77
2.32
1.84
2.33
2
1.52
1.71
2.33
1.91
2.09
2.06
2.65
1.36
2.41
3.11
3.17
5.11
2.66
2.04
4.84
2.07
2.59
2
2.58
3.1
4.71
3.13
1.72
3.5
2.99
2.25
1.54
2.22
2.19
1.99
2.46
2
1.94
1.2
1.45
1.81
2.36
1.76
1.69
1.64
2.2
1.76
1.59
2.09
1.78
1.48
1.65
2.25
1.55
1.55
1.72
1.37
1.42
1.17
1.28
1.23
1.61
1.79
2.36
2.05
1.96
1.87
1.57
1.58
1.59
1.41
1.47
2.05
2.69
2.22
1.55
1.82
1.59
1.74
1.84
3.48
2.89
2.69
1.88
1.99
1.49
1.76
1.87
1.45
1.55
2.03
2.22
2.17
2.23
2.33
1.88
2.9
3.03
2.66
2.07
1.42
1.66
1.7
1.62
1.52
1.68
2.14
1.38
1.21
1.5
1.56
1.5
1.27
1.69
1.5
1.18
1.37
1.6
1.32
0.9
1.15
1.02
1.34
1.19
1.43
1.28
1.19
2.34
1.74
1.34
1.93
2.11
2.79
1.85
1.25
1.1
1.56
2.43
2.94
2.65
2.58
1.84
2.39
3.79
1.94
1.75
1.54
1.52
1.1
0.98
1.03
0.76
1.2
1.24
0.94
1.04
0.85
1.15
0.93
1.04
2.93
2.45
1.7
1.1
1.42
1.5
1.29
1.28
0.98
1.01
1.35
0.96
1.03
1.21
1.14
1.53
1.67
1.74
1.3
1.25
1.17
1.14
1.37
1.09
1.52
2.11
0.81
1.08
1.3
1.45
2.96
3.8
1.39
1.18
1.65
2.01
1.56
3.2
1.33
3.09
5.3
4.68
2.64
3.22
2.58
2.59
1.4
1.96
4.64
3.91
4.16
1.58
1.37
0.79
1.15
0.87
0.7
0.61
0.88
1.31
1.24
1.2
1.57
1.63
1.44
4.64
5.81
1.36
1.27
0.84
0.85
1.22
1.56
1
1.01
0.91
0.97
0.88
0.96
1.12
3.28
1.66
1.2
1.21
6.22
1.11
0.82
0.93
0.83
0.92
0.86
1.1
0.73
1.37
0.8
0.95
0.99
0.9
1.21
1.62
1.68
1.57
1.65
1.25
1.02
0.96
1.28
1.68
1.3
1.03
2.58
8.46
2.89
1.13
0.69
0.69
0.55
0.55
0.52
0.61
0.62
0.78
0.52
1.2
0.47
0.46
0.85
0.57
0.5
0.48
0.47
1.58
1.69
1.25
0.93
0.8
0.82
2.22
4.03
2.59
0.95
1.09
1.86
1.01
0.88
1.42
1.05
0.86
1
0.62
0.57
0.61
0.73
0.47
0.73
0.57
0.67
1.6
3.46
2.54
2.3
1.05
0.75
1.48
1.09
1.28
1.22
1.26
0.53
0.63
0.84
0.93
1.46
1.11
3.3
1.85
0.57
1.77
1.95
2.61
1.23
0.85
0.85
0.63
1.26
0.93
0.97
0.82
0.92
0.88
1.08
1.12
1.11
0.95
1.11
0.85
1.08
1.1
2
1
1.47
0.78
0.97
1.31
1.7
0.76
0.64
0.72
0.47
2.6
3.59
0.83
2.47
4.07
1.74
1.07
0.94
2.88
1.1
1.21
1.13
0.64
1.14
0.93
0.76
0.93
1.08
0.74
0.95
1.77
0.92
0.99
0.98
1.98
2.23
0.9
1.43
1.23
0.65
1.12
0.9
0.94
0.87
0.8
0.77
0.78
1.09
1.08
1.59
0.77
0.43
0.77
0.6
1.91
1.09
1.15
0.86
0.45
0.58
0.76
0.71
0.74
1.03
0.52
0.45
0.68
0.79
0.85
0.79
0.61
0.34
0.72
0.79
0.51
0.73
0.63
0.44
0.33
0.38
0.36
0.41
0.59
0.42
0.47
0.3
0.23
0.38
0.4
0.65
0.52
0.58
0.54
0.43
0.64
0.78
0.46
0.37
0.48
0.65
0.58
0.52
0.78
0.6
0.41
0.43
0.35
0.33
0.34
0.58
1.08
0.34
0.28
0.45
0.48
0.28
0.32
0.33
0.49
0.49
0.54
0.23
0.4
0.36
0.58
0.48
0.51
0.23
0.31
0.26
0.35
0.32
0.27
0.3
0.34
0.34
0.52
0.26
0.25
0.39
0.44
0.48
0.32
0.44
0.41
0.36
0.3
0.35
0.42
0.45
0.41
0.35
0.58
0.29
0.31
0.33
0.43
1.11
0.43
0.55
0.48
0.38
0.69
0.61
0.98
0.4
0.37
0.57
0.34
0.41
0.39
0.41
0.4
0.53
0.45
0.63
0.45
0.37
0.4
0.38
0.37
0.42
0.58
0.46
0.56
0.53
0.3
0.43
0.35
0.76
0.47
0.16
0.23
0.42
0.89
0.69
0.38
1
1
0.3
0.41
0.24
0.26
0.52
0.3
0.12
0.61
0.89
2.23
1.52
0.23
0.68
1.13
1.4
0.67
0.97
1
0.75
0.91
1.12
0.43
0.29
0.86
0.41
0.33
0.43
1.84
0.92
0.51
0.23
0.98
0.26
0.43
0.3
0.55
0.33
0.31
0.54
0.53
0.3
0.55
0.45
0.35
0.73
0.99
0.5
0.72
0.51
0.32
1.34
2.91
1.52
1.66
0.99
0.35
0.45
0.3
1.22
0.48
0.42
0.25
0.35
0.57
0.38
0.32
0.58
0.45
0.43
0.43
0.37
0.33
0.37
0.38
0.28
0.4
0.41
0.55
0.49
0.31
0.32
0.65
1.04
1.13
0.46
0.26
0.71
0.23
0.4
0.68
0.35
0.43
0.4
0.35
0.53
1.38
1.27
1.82
0.27
0.43
0.3
0.54
0.69
0.52
1.49
1.15
0.7
0.31
0.12
0.3
1.52
0.58
0.53
0.37
0.4
0.48
0.5
0.88
0.53
0.44
0.64
0.59
0.39
0.49
0.34
0.41
0.99
1.35
3.38
4.92
4.78
0.91
0.58
0.63
0.51
0.77
1.8
0.64
1.26
0.82
1
1.52
2.5
5.36
1.63
1.69
0.83
0.56
0.79
1.13
1.77
1.12
0.68
0.7
0.74
0.61
1.14
0.69
0.37
1.38
1.59
0.68
2.33
2.41
1.47
2.39
2.48
1.43
0.63
1.08
0.94
1.05
1.06
1.25
2.43
1.1
0.56
0.64
0.49
1.84
0.88
0.97
0.84
0.83
2.56
2.94
1.05
0.63
0.83
0.65
0.62
1.82
0.99
0.56
0.98
0.9
0.96
0.73
0.88
0.9
0.91
1.81
0.79
0.98
0.9
1.07
0.88
2.15
1.78
0.92
0.53
0.85
1.27
0.85
0.59
0.91
1.3
0.75
0.86
0.9
2.38
1.02
2.55
0.67
0.7
0.62
0.56
0.55
0.41
0.79
1.11
0.68
0.59
0.86
0.65
0.53
0.51
0.69
0.73
0.96
0.74
0.86
0.6
0.74
0.83
0.85
0.55
0.44
0.82
0.74
0.46
0.35
0.55
0.49
0.51
0.52
0.65
0.54
0.46
0.42
0.51
0.3
0.3
0.53
0.42
0.54
0.68
0.58
0.41
0.42
0.46
0.41
0.37
0.36
0.25
0.25
0.23
0.31
0.34
0.41
0.66
0.53
0.42
0.33
0.32
0.34
0.46
0.54
0.89
0.47
0.45
0.6
0.44
0.64
0.43
0.45
0.41
0.44
0.48
0.4
0.38
0.44
0.31
0.52
0.3
0.64
0.53
0.21
0.66
1.51
0.8
0.85
0.65
0.45
0.47
0.55
0.39
0.47
0.6
0.67
0.38
0.49
0.4
0.47
0.58
0.53
0.29
0.38
0.42
0.43
0.45
0.39
0.65
0.35
0.45
0.44
0.33
0.36
0.36
0.19
0.34
0.45
0.29
0.46
0.57
0.14
0.23
0.77
0.64
0.39
0.33
0.33
0.54
1.41
1.28
1.06
2.32
0.3
0.41
0.43
0.43
0.38
0.26
1.03
1.62
0.24
0.43
0.42
0.38
0.45
0.7
0.56
1.88
1.58
0.54
1.84
2.88
1.3
1.28
0.35
0.33
0.33
0.29
0.38
0.19
0.49
0.46
0.46
0.39
0.49
0.45
0.55
0.47
0.37
0.27
0.25
0.25
0.33
0.62
2.25
1.23
1.75
0.35
0.93
0.39
0.78
0.43
1.5
1.77
2.16
0.31
1.31
2.09
0.29
0.97
2.74
2.93
2.12
0.43
2.3
0.53
0.24
2.12
0.39
0.55
0.4
0.26
0.28
0.46
0.23
0.4
0.25
0.43
0.32
0.33
0.39
0.5
0.63
0.4
0.4
0.32
0.34
0.49
0.85
1.19
0.28
0.75
0.42
0.28
0.43
0.41
0.43
0.68
0.61
1.1
2.75
0.69
0.43
0.41
0.59
0.67
0.98
0.88
0.49
0.4
0.51
0.83
1.01
2.84
0.58
0.53
0.52
0.73
0.43
0.53
0.51
0.46
0.71
0.41
0.59
0.76
1
0.47
0.54
1.3
0.96
0.81
1.47
1.47
1
2.88
0.63
1.39
0.21
0.63
0.58
0.82
0.67
1.93
0.73
0.81
0.63
0.83
0.53
0.66
0.98
0.78
0.7
1.72
0.46
1.92
2.15
1.3
0.82
3.24
1.09
0.69
0.65
0.78
0.68
0.77
0.95
0.79
1.64
2.31
2.55
1.73
0.87
0.77
0.7
0.81
0.58
0.7
1.26
1.22
0.93
0.33
0.98
0.65
1.06
0.35
0.88
0.86
0.9
0.73
0.37
0.58
0.62
0.78
0.73
1.47
0.9
0.77
0.66
0.78
0.71
0.84
0.91
0.81
0.91
0.92
0.9
1.13
0.79
0.47
0.8
0.75
1.44
0.58
0.47
0.92
0.9
0.76
0.86
0.78
1.26
0.95
1.13
2.81
1.33
0.83
0.49
0.39
0.86
0.48
1.17
0.7
0.55
0.53
0.69
0.9
0.68
1.7
1.25
0.74
0.8
0.91
1.03
0.62
0.65
0.41
0.5
0.47
0.43
0.5
0.33
1.26
0.78
0.58
0.88
1.07
1.14
0.33
2.44
0.85
0.67
0.55
0.74
0.66
0.89
0.9
0.93
0.61
0.82
0.64
0.41
0.81
0.99
0.75
1.28
0.4
0.66
0.45
0.47
0.76
0.73
0.79
0.32
0.43
0.72
0.68
0.78
0.48
0.4
0.43
0.53
0.41
0.52
0.72
1.88
0.73
0.55
0.5
0.59
0.57
0.43
0.53
0.65
0.82
0.54
0.54
0.38
0.48
0.52
0.41
0.43
0.51
0.34
0.46
0.38
0.4
0.82
1.32
0.29
0.66
0.43
0.28
0.52
0.56
0.36
0.46
0.47
0.43
0.3
0.32
0.63
0.54
0.48
0.42
0.41
0.35
0.55
0.56
0.45
0.52
0.44
0.42
0.47
0.57
0.64
0.41
0.6
0.53
0.31
0.79
0.63
0.7
0.49
0.46
0.4
0.41
0.52
0.48
0.23
0.57
0.65
0.61
1.21
0.84
0.7
0.48
0.28
0.43
0.36
0.31
0.5
0.2
0.29
0.57
0.5
0.45
0.47
0.43
0.68
0.45
0.29
0.34
0.49
0.54
0.4
0.33
0.42
0.41
0.19
0.35
0.37
0.25
0.45
0.62
0.4
0.37
0.33
0.42
0.24
0.38
0.33
0.27
0.32
0.33
0.35
0.33
0.24
0.28
0.43
1.25
0.34
0.3
0.3
0.59
0.34
1.53
0.45
0.38
0.25
0.39
0.75
0.73
0.64
0.51
0.63
0.4
1.15
0.44
0.39
0.31
0.31
0.29
0.33
1.45
0.87
0.61
0.9
0.36
0.32
0.74
0.44
0.31
0.28
0.42
0.15
0.37
0.32
0.16
0.3
0.31
0.24
0.28
0.35
0.27
0.35
0.75
0.36
0.7
1.19
0.36
0.37
0.39
0.4
1.24
0.53
2.89
4.18
0.96
1.78
2.31
2.66
1.9
1.01
0.57
0.57
0.57
0.51
0.53
0.63
0.73
0.78
0.53
0.45
0.56
0.53
0.61
0.97
0.75
0.84
3.31
2.16
0.41
0.4
0.42
0.52
0.78
0.61
0.61
0.67
0.58
0.58
0.4
0.48
1.16
1.92
0.35
0.38
0.38
0.64
0.58
1.17
0.88
0.54
0.48
0.67
0.53
0.41
0.52
0.77
1.9
4.23
1.66
0.88
1.07
1.72
2.18
0.62
0.59
0.8
0.62
2.4
0.88
0.62
0.45
0.56
0.93
0.61
0.56
0.97
1.67
0.99
0.62
0.84
0.55
1.96
2.83
1
1.61
0.4
0.69
0.78
0.99
1.39
1.65
3.23
2.96
3.07
1.55
0.73
2.21
1.01
0.83
1
1.83
2.7
2.71
1.18
0.83
0.7
0.55
0.75
0.63
1.08
1.4
2.01
2.35
1.48
1.49
0.89
0.73
0.41
0.7
0.91
0.85
0.87
0.49
0.73
0.5
0.45
0.33
1.26
1.5
0.58
0.43
0.83
0.62
0.5
0.55
0.36
1.3
1.4
0.89
0.64
0.78
1
0.71
0.63
0.6
0.5
0.33
0.5
0.61
0.43
0.59
0.56
0.58
0.73
0.5
0.42
0.53
0.69
0.55
0.7
0.77
0.49
0.47
0.47
0.58
0.63
0.83
0.75
0.5
0.47
0.5
0.59
0.54
0.5
0.34
0.71
1.23
0.42
0.6
0.63
0.59
0.54
0.53
0.43
0.73
0.65
0.38
0.55
0.47
0.33
0.31
0.39
0.28
0.59
0.68
0.2
0.37
0.37
0.45
0.3
0.48
0.22
0.58
0.6
0.55
0.78
0.45
0.4
0.38
0.46
0.52
0.69
0.53
0.67
0.42
0.37
0.98
1.18
0.45
0.57
0.46
0.63
0.49
0.92
0.58
0.48
0.39
0.44
0.42
0.38
0.33
0.35
0.32
0.22
0.34
0.67
0.24
0.36
0.71
0.83
0.58
0.8
0.58
0.55
0.56
0.32
0.41
0.39
0.6
0.46
0.38
0.48
0.48
0.45
0.45
0.38
0.51
0.32
0.3
0.25
0.2
0.48
0.26
0.35
0.31
0.42
0.4
0.48
0.64
0.49
0.49
0.43
0.37
0.83
0.28
0.38
0.41
0.28
0.33
0.32
0.25
0.46
0.48
0.54
0.24
0.23
0.86
0.79
0.45
0.33
0.33
0.39
0.24
0.39
0.21
0.2
1.69
1.28
1.74
0.78
2.04
0.34
0.26
0.29
0.31
0.4
0.56
2
0.87
0.26
0.82
-99
0.42
0.19
-99
0.19
0.42
0.35
0.34
0.29
0.87
0.75
0.62
-99
-99
-99
-99
-99
1.82
0.48
1.12
1.97
0.84
0.27
0.58
0.19
0.25
0.59
0.57
0.57
2.19
0.49
0.4
0.8
0.28
0.47
0.48
0.25
0.3
0.32
0.35
0.3
0.66
0.18
0.19
0.29
0.41
3.05
3.93
0.38
0.3
0.6
0.34
0.39
0.33
0.51
0.28
0.27
0.2
0.38
0.37
0.38
0.45
0.5
0.43
0.4
0.51
3.06
1.11
0.48
0.8
1.2
4.64
1.42
0.79
0.68
0.4
0.39
0.88
1.07
0.76
0.56
1.05
2.89
3.42
1.98
0.88
1.1
1.29
1.1
0.93
0.78
0.44
0.69
0.77
0.65
0.6
1.3
0.67
0.54
0.88
0.32
0.84
1.03
0.62
0.48
0.7
0.54
0.25
0.5
0.72
3.05
1.55
1.71
1.63
0.89
0.88
1.1
0.36
0.6
0.58
0.96
0.89
1.17
0.91
0.77
0.73
1.13
0.49
0.9
0.65
1.03
0.85
0.82
0.83
0.65
0.91
0.92
0.53
1.06
0.4
1.13
0.6
0.6
2.43
1.15
0.46
0.77
0.55
1.4
0.41
0.42
1.33
1.25
2.2
0.53
0.77
0.67
0.8
1.57
1.41
0.74
1.22
1.13
1
0.73
0.55
0.94
0.52
0.71
0.56
0.68
0.94
0.73
0.83
0.66
1.47
0.88
0.92
0.61
0.81
0.56
0.49
0.83
1.2
1.75
0.94
0.96
0.99
0.53
0.43
0.42
0.59
0.66
0.79
0.73
0.86
0.65
0.82
0.79
0.71
0.81
0.69
0.75
0.66
1.46
0.98
1.38
1.37
1.68
0.73
0.65
0.74
0.41
0.63
0.56
0.55
0.67
0.57
0.65
0.7
0.72
0.65
0.5
0.5
0.39
0.47
0.61
0.41
0.35
0.39
0.3
0.42
0.38
0.27
0.29
0.36
0.57
0.3
0.4
0.32
0.48
0.82
0.63
0.35
0.29
0.86
0.57
0.38
0.77
0.7
1.05
1.85
0.75
0.57
0.43
1.06
0.35
0.4
0.52
0.53
0.9
0.72
0.27
0.28
0.33
0.46
0.46
0.24
0.28
0.29
0.3
0.34
0.34
0.32
0.36
0.25
0.3
0.26
0.46
0.46
0.37
0.35
0.5
0.46
0.21
0.33
0.48
0.48
0.66
0.46
0.82
0.9
0.65
0.37
0.62
0.45
0.47
0.45
0.48
0.58
0.6
0.57
0.3
0.29
0.46
0.23
0.55
0.55
0.94
0.33
0.29
0.44
0.64
0.53
0.37
0.48
0.45
0.54
0.45
0.4
0.45
0.34
0.5
0.46
0.32
0.54
1.16
0.5
0.73
0.59
0.53
0.52
0.74
0.85
0.55
0.77
0.8
0.89
1.02
1.89
2.01
0.98
0.93
0.65
0.53
0.31
0.62
0.49
0.48
0.42
0.55
0.53
1.33
1.11
0.81
0.55
0.81
0.72
0.76
1.18
1.21
0.6
0.5
0.77
1.27
2.5
2.21
2.43
1.06
0.53
0.39
0.45
2.26
1.54
0.53
0.53
2.13
0.97
1.03
2.58
3.34
1.61
1.25
1.69
1.2
0.95
0.5
1.93
1.8
0.58
0.63
0.43
0.64
0.61
0.69
0.64
1.05
1.03
0.5
1.4
1.3
1.16
5.06
5.3
2.83
5.42
1.65
0.6
0.81
3.01
3.65
4.98
3.93
-99
-99
1.32
0.6
0.48
1.69
0.72
1.34
0.67
0.67
0.71
0.89
1.38
1.82
1.25
0.69
0.57
0.53
0.55
0.75
0.74
0.53
0.47
0.32
0.41
0.73
0.72
0.9
0.82
1.61
0.88
0.67
1.41
0.57
0.71
2.91
1.27
1.15
0.87
0.65
0.92
1.99
1.01
0.98
0.73
0.64
0.35
3.01
1.16
1
1.2
2.63
3.01
3.1
2.8
4.94
2.28
3.7
3.71
2.14
1.27
0.74
0.91
1.22
0.88
1.26
1.44
1.23
1.4
1.05
0.95
0.72
0.71
1.25
0.88
2.39
3.74
1.04
2.56
1.35
0.66
1.41
1.48
4.25
4.4
2.35
1.16
3.68
3.43
2.45
1.26
2.17
3.09
1.75
0.98
1.29
1.01
0.73
1.06
1.05
1.19
0.6
0.81
0.66
0.95
0.84
1.13
2.43
0.8
1.18
1.75
1.04
0.8
0.8
0.84
0.92
1.01
1.8
2.91
1.11
0.85
0.83
0.65
1.21
1.3
0.69
1.52
1.97
2.67
1.84
1.74
0.53
0.85
0.72
0.86
1.04
1.04
0.93
1.3
1.03
0.9
0.89
1.01
2.42
3.14
1.16
0.87
0.34
0.7
0.57
0.63
0.61
1.03
0.95
1.02
1.36
0.74
1.63
1.89
0.65
1.26
1.42
1.07
0.65
0.84
0.64
1.74
0.83
0.89
0.73
1.17
1.1
0.73
0.77
0.92
0.74
0.52
0.54
0.45
0.48
0.53
0.5
0.83
0.78
0.58
0.68
0.67
0.67
0.78
0.72
0.62
0.54
1.07
0.88
1.14
0.9
0.63
0.73
0.73
0.6
0.69
1.13
0.65
0.43
0.7
0.85
0.74
0.76
0.75
0.6
0.66
0.5
1
0.83
0.66
0.68
0.9
0.72
0.56
0.66
0.57
0.75
0.5
0.7
0.64
0.5
0.78
0.76
0.74
0.62
0.64
0.64
0.38
0.95
0.84
0.59
0.55
1.27
0.97
0.73
0.71
0.7
0.62
0.69
0.56
0.54
0.63
0.44
1.14
1.26
0.57
0.5
0.48
0.53
0.56
0.61
0.56
0.47
0.68
0.34
0.27
0.51
0.66
0.23
0.44
0.5
0.79
0.55
0.78
0.84
0.44
0.49
0.69
0.3
0.86
1.19
1.38
0.79
0.93
0.69
0.62
0.61
0.55
0.65
0.88
0.44
0.53
0.65
0.75
0.63
0.78
0.48
0.4
0.6
0.49
0.47
0.96
2.05
1.06
0.44
0.38
1.59
1.74
1.2
0.67
0.82
0.4
0.46
0.38
0.4
0.9
1.48
1.46
1.04
0.55
0.45
1.2
1.42
1.05
0.73
0.35
0.57
1.39
2.22
0.93
0.64
0.62
0.54
0.89
1.06
1.16
0.84
0.33
0.56
1.38
0.88
0.55
1.32
3.72
3.4
2.7
4.14
0.87
0.86
0.5
0.52
0.72
0.73
1.65
1.19
1.55
1.24
1.17
0.63
1.5
1.54
0.49
0.56
0.8
1.29
0.57
0.21
0.26
0.25
0.29
0.2
0.55
0.68
0.42
0.54
2.94
3.92
3.55
1.88
1.5
0.49
0.5
0.36
0.34
0.74
0.87
0.51
0.42
0.34
1
1.65
0.62
0.38
0.37
0.41
0.4
0.32
0.27
0.68
0.75
0.57
0.59
1.41
1
0.58
0.48
0.32
0.39
0.5
0.38
0.53
0.41
0.48
2.87
0.8
1.72
2.13
0.9
1.08
0.65
1.24
1.19
1.46
0.99
0.76
0.98
1.15
1.52
1.04
1.03
0.98
0.61
0.64
0.66
1.16
1.06
1.28
0.87
0.81
1.07
0.62
0.96
0.49
0.75
0.5
0.9
0.9
1.05
0.83
0.87
1.08
0.89
1.3
1.02
0.6
2.55
1.15
0.68
0.65
0.68
0.6
3.95
1.77
0.9
0.72
0.6
0.59
0.56
0.65
1.15
0.75
1.5
0.83
0.99
0.84
1.03
1.35
2.45
1.03
1.34
0.87
0.73
0.94
0.84
0.75
0.89
0.93
0.74
0.58
0.76
1.43
0.78
0.85
0.75
0.73
1.2
0.47
0.73
0.59
0.81
0.62
0.54
0.82
0.84
0.88
0.48
0.47
0.8
0.75
0.77
0.58
0.47
0.44
0.45
0.51
0.7
0.58
0.61
0.75
1.1
0.69
0.77
1.38
0.61
0.55
0.82
0.62
0.73
0.56
0.81
0.46
1.07
0.38
0.69
0.39
0.51
0.91
1.03
0.57
0.81
0.21
0.87
1.17
0.75
0.55
0.25
0.24
0.69
0.28
0.7
0.61
0.46
0.5
0.42
0.36
0.23
0.39
0.77
0.65
0.28
0.64
0.25
0.41
0.6
0.44
0.6
0.91
0.65
1.02
0.86
0.55
0.58
0.28
0.69
0.45
0.26
0.51
0.45
0.53
0.18
0.35
0.49
0.45
0.63
0.45
0.25
0.25
1
0.26
0.15
0.51
0.36
0.3
0.18
0.21
0.21
0.2
0.19
0.3
0.23
0.1
0.13
0.26
0.3
0.2
0.55
0.57
0.89
0.68
0.35
0.4
0.33
0.39
0.29
0.33
0.49
0.27
0.4
0.5
0.28
0.2
0.26
0.64
0.81
0.25
0.4
0.55
0.23
0.27
0.45
0.71
0.46
0.41
0.18
0.15
0.25
0.26
0.3
0.37
0.25
0.38
0.42
0.36
0.34
0.1
0.2
0.26
0.45
0.38
0.53
0.49
0.46
0.3
0.2
0.2
0.6
0.68
0.37
0.4
0.44
0.54
0.95
0.55
0.49
0.45
0.69
0.86
1.32
0.99
0.51
0.18
0.33
0.3
0.4
0.81
1.82
0.85
0.36
0.32
0.58
0.8
0.47
0.39
0.35
0.45
0.56
0.38
0.4
0.67
0.33
0.13
0.33
0.25
0.23
0.44
1.17
0.36
0.19
0.25
0.41
0.24
0.27
1.06
0.68
1.69
1.36
0.52
0.4
0.59
0.33
0.28
0.3
0.3
0.28
0.25
0.78
0.85
2.02
1
2.1
1.09
1.35
0.57
0.65
0.95
0.57
0.41
0.65
0.48
0.38
0.43
0.32
0.69
0.9
0.6
1.07
1.44
0.5
0.65
0.75
1.13
0.59
0.55
0.79
0.37
0.37
0.28
0.33
0.54
0.63
0.39
0.4
0.39
0.35
0.75
0.64
0.57
0.55
0.77
0.72
0.67
0.46
0.92
0.95
0.86
0.55
0.63
0.84
1.23
2.8
1.26
3.05
4.16
0.6
0.75
1.78
1.83
1
0.98
1.11
1.1
1.64
0.8
0.57
0.74
1.21
0.84
0.74
0.84
0.96
0.69
1.39
0.82
0.76
0.76
0.94
2.28
0.88
0.86
1.45
1.28
0.87
2.46
1.7
1.02
1.02
0.72
0.79
0.89
0.94
1.79
1.38
2.1
1.06
1.65
0.67
1.03
0.96
0.82
0.91
1.18
0.95
0.92
0.73
1.16
1.01
1.18
1.07
0.58
0.68
0.67
2.02
1.5
1.32
1.63
2.48
1.08
0.83
0.94
0.88
1.58
2.02
1.17
1.38
1.41
0.9
2.53
2.28
2.78
1.44
3.02
2.02
0.64
0.96
3.03
1.62
1.41
1.6
1.67
2.04
2.93
0.71
1.16
1.59
0.77
0.97
0.85
0.66
0.73
1.25
1.08
1.03
1.43
1.28
0.94
1.2
0.84
0.85
1.02
0.85
0.94
0.75
0.82
0.55
0.55
0.5
0.5
0.47
0.48
1.19
0.97
0.65
0.9
0.85
0.73
1.1
0.94
1.48
0.62
0.93
2.07
1.87
0.86
0.63
0.74
0.48
0.77
1.23
0.75
0.45
0.46
0.44
0.38
0.46
0.61
0.45
0.45
0.55
0.65
0.37
0.78
0.79
0.89
1.25
0.62
0.63
0.64
0.74
0.73
1.24
0.58
0.79
0.63
0.39
0.25
0.52
0.99
0.49
0.61
0.61
0.62
0.68
0.55
0.5
0.74
0.81
0.63
0.49
1.04
0.39
0.48
0.58
0.63
0.7
0.52
0.33
0.3
0.31
0.35
0.76
0.55
0.72
1.48
0.6
0.48
0.6
0.53
0.57
0.29
1.1
1.46
1.05
0.73
1.11
1.35
1.05
0.53
0.38
0.68
0.8
0.92
0.57
0.73
0.65
0.44
0.67
0.56
0.69
1.2
0.53
0.84
0.99
0.95
0.57
0.37
0.51
0.4
0.49
0.58
1.19
0.37
2.08
2.12
2.4
1.61
0.53
0.27
0.41
0.31
0.49
0.5
1.34
0.59
0.67
0.58
0.74
0.5
0.58
0.52
0.9
0.63
0.78
1.97
0.7
1.83
1.5
0.54
1.34
0.45
0.92
0.34
0.46
0.49
0.33
1.57
1.4
1.46
0.58
0.75
0.53
1.13
1.78
2.55
2.17
1.14
0.6
0.54
0.96
0.98
1.65
0.58
0.42
0.36
0.66
0.37
0.9
1.45
0.39
0.54
0.43
0.91
0.59
1.81
4.15
1.13
2.24
0.78
1.69
0.87
0.97
0.5
0.69
0.76
0.93
0.86
0.68
0.66
2.2
0.45
0.53
0.58
1.76
3.24
4.4
3.15
1.59
0.89
0.52
0.33
1.67
1.05
0.4
0.38
1.18
0.91
0.63
0.5
0.8
1.76
0.62
2.24
1.13
1.23
0.62
0.58
0.98
1.02
0.53
0.35
0.66
0.9
0.66
0.93
1.38
0.8
1.73
0.83
1.1
0.8
2.23
1.34
0.99
2.32
0.92
1.01
1.17
0.77
0.8
1.48
0.5
0.52
0.63
1.93
2.23
3.54
0.74
1.23
1.51
2.82
0.78
1.22
2.42
1.32
1.36
1.02
1.08
1.25
1.14
1
1.04
0.94
0.68
0.79
0.94
1.13
0.99
0.9
0.62
0.73
1.29
1.77
1.04
1.17
0.83
1.75
1.37
2.46
1.99
2.05
1.61
1.91
2.06
0.89
1.84
1.32
2.69
2.69
2.23
1.45
1.38
1.58
2.01
0.89
0.78
1.23
0.8
0.6
0.89
2.72
1.69
1.15
0.47
0.98
1.35
1
1.41
1.01
1.57
0.92
2.28
2.25
3.91
1.82
1.57
2.54
1.33
0.85
1.39
0.94
0.85
1.31
1.03
1.15
0.96
1.26
0.6
0.74
0.79
0.49
0.44
1.49
1.68
1
0.88
0.87
0.63
0.63
0.7
0.72
1.1
0.79
1.14
0.96
0.74
1.66
0.63
1.01
1.49
2.76
0.65
0.67
0.83
1.04
0.88
0.99
1.23
1.08
1.23
1.35
0.79
0.75
0.92
1.18
0.89
0.91
0.74
1.15
1.34
1.56
1.33
1.9
0.68
0.44
0.6
0.81
1.59
0.72
1.26
0.73
0.92
1.15
1.4
0.78
0.8
0.62
1.05
0.9
0.8
0.74
0.61
0.75
0.66
0.56
0.82
0.68
0.63
0.6
0.54
0.57
0.57
0.7
0.59
0.42
0.62
0.5
0.64
0.48
0.53
0.5
0.46
0.57
0.52
0.38
0.28
0.54
0.37
0.45
0.76
0.54
0.88
0.55
0.36
0.32
0.76
1.1
0.6
0.39
0.65
0.49
0.61
0.87
0.66
0.57
0.49
0.41
0.53
0.67
0.59
0.5
0.48
0.39
0.51
0.49
0.43
0.82
0.4
0.75
0.48
0.4
0.45
0.6
0.35
0.27
0.32
0.31
0.38
0.21
0.42
0.48
0.42
0.4
0.58
0.55
0.3
0.56
0.55
0.48
0.48
0.55
0.4
0.54
0.44
0.43
0.29
0.4
0.48
0.55
0.32
0.26
0.35
0.48
0.76
0.68
0.47
0.29
0.27
0.59
0.35
0.4
0.48
0.39
0.3
0.25
0.43
0.44
1.05
0.37
0.41
0.6
0.33
0.4
0.58
0.86
0.7
0.97
1.47
1.08
1.03
0.95
0.3
0.93
1.36
0.37
0.2
0.3
0.55
0.7
0.76
1.08
0.5
0.48
0.5
0.77
1.05
0.44
1.14
0.63
0.58
0.68
1.01
1.03
0.75
0.77
1.27
0.77
1.67
0.88
0.83
1.35
0.8
0.64
0.95
0.36
0.39
0.63
0.45
0.26
0.44
0.3
0.43
0.6
0.38
0.3
0.3
0.28
0.57
0.39
0.33
0.54
0.42
0.45
1.85
1.82
1.62
0.71
1.55
1.59
1.98
4.83
4.27
1.55
1
2.27
0.73
0.48
0.73
2.33
2.25
0.99
4.14
1.62
0.59
0.5
1.48
0.55
0.61
0.66
0.4
1.09
0.74
0.55
3.64
3.46
1.13
0.55
0.8
0.63
0.28
0.73
0.74
1.17
0.9
1.06
1.87
1.32
1.19
0.79
1.4
1
2.57
2.11
2.35
3.72
2.34
4.05
1.75
2.13
2.51
1.89
2.35
3.85
-99
-99
2.37
0.77
0.92
0.64
1.38
0.87
1.99
2.92
3.03
1.54
1.13
2.05
1.15
0.91
1.46
2.24
0.81
1.25
0.87
0.77
1.18
0.99
0.99
1.46
0.9
0.95
1.47
2.45
0.93
1.26
0.84
1.1
1.2
2.98
1.49
1.23
1.62
0.88
1.16
2.13
1.9
1.25
1.37
2.6
0.81
1.24
1.48
1.04
0.83
1.57
1.03
0.93
0.73
0.87
0.76
1.08
1.37
0.85
0.23
0.91
1.11
1.04
0.8
0.69
0.56
0.93
1.8
1.19
1.43
1.19
0.93
0.78
0.89
1.03
1.36
1.39
0.95
2.57
2.19
1.23
1.31
1.1
1.09
0.84
1.9
1.18
1.14
1.1
1.25
1.08
1.28
1.31
1.2
0.67
2.04
2.34
0.71
1.16
0.93
0.8
0.72
0.75
0.7
0.92
0.85
1.02
0.81
1.12
1.44
0.64
0.95
1.27
0.86
0.78
0.64
0.64
0.45
0.57
0.93
0.69
0.68
0.93
0.82
0.67
0.71
0.74
0.95
0.54
0.49
0.46
0.94
1.87
0.97
0.78
0.96
0.64
0.36
1.01
0.48
0.89
0.46
0.66
0.7
0.59
0.61
0.61
0.51
0.46
0.62
0.27
0.47
0.38
0.65
0.88
0.66
0.42
0.47
0.35
0.71
0.38
0.41
0.29
0.56
0.37
0.25
0.35
0.59
0.37
0.47
0.35
0.37
0.41
0.85
0.39
0.49
0.4
0.53
0.73
0.67
0.59
0.62
0.68
0.61
0.51
0.46
0.74
0.34
0.48
0.48
0.4
0.76
0.34
0.23
0.36
0.33
0.32
0.32
0.29
0.28
0.38
0.38
0.26
0.18
0.51
0.32
0.23
0.3
0.28
0.29
0.41
0.43
0.49
0.54
0.46
0.63
0.5
0.34
0.3
0.5
0.31
0.44
0.31
0.57
0.14
0.54
0.3
0.24
0.34
0.36
0.49
0.53
1.15
1.08
1.14
0.96
0.54
0.48
1.18
1.01
0.41
0.74
0.85
0.83
0.57
0.31
0.56
0.39
0.56
0.47
0.46
0.46
0.43
0.2
0.38
0.38
0.42
0.34
0.36
1.18
1.57
0.86
0.52
0.45
0.51
1.03
0.44
0.83
2.11
0.88
0.62
2.15
2
1.78
0.86
0.52
0.36
0.32
0.42
0.35
0.32
0.24
0.35
0.62
1.58
1.08
1.36
1.42
0.78
0.53
0.89
0.22
0.39
0.55
0.91
0.86
4.11
0.73
0.63
1.85
2.58
0.94
0.49
0.55
0.57
0.64
0.34
0.71
0.49
0.36
0.4
0.33
0.58
0.72
0.67
1.3
2.91
2.35
1.17
0.53
0.53
0.64
0.64
0.53
0.44
0.73
0.63
0.64
0.49
0.95
1.3
2.86
1.85
4.1
2.29
1.1
2.69
0.34
0.43
0.55
0.53
1.2
2.32
3.38
0.79
0.89
0.8
1.37
1.32
1.21
2.12
1.14
0.78
1.79
2.57
0.74
0.35
1.13
1.04
1.18
1.2
0.71
2.09
1.1
0.63
1
0.89
0.93
0.84
2.24
2.47
2.78
1.49
2.39
3.19
1.29
1.2
0.79
0.83
1.05
1.85
1.87
3.99
0.97
0.97
0.82
0.77
0.81
0.68
1.17
1.46
1.29
0.86
0.72
1.01
1.56
1.01
1.7
1.9
0.83
1.02
0.81
0.81
0.9
1.13
1.53
0.71
0.93
1.31
1.51
0.99
0.96
1.37
1.49
1.19
1.36
2.05
1.85
2.38
0.96
1.05
0.9
1.1
1.55
1.1
0.85
1.43
1
0.82
0.94
1.5
1.18
0.89
1.49
1.04
1.27
1.23
0.98
2.21
2.49
1.9
1.97
1.24
1.64
1.5
1.66
2.06
1.33
1
0.94
0.95
1.1
1.71
1.94
2.21
1.16
1.39
0.79
1.16
1.08
1.04
1.13
0.82
0.93
1.06
1.06
1.14
1.29
1.1
0.72
0.82
0.85
0.75
0.82
1.09
0.94
0.72
0.7
0.78
0.63
1
0.79
0.76
1.24
0.64
0.76
0.95
0.72
0.76
0.81
0.62
1.19
0.77
0.68
0.65
0.65
0.67
0.56
0.65
0.65
0.67
0.67
1.25
0.86
1.28
0.79
0.79
0.93
0.78
0.63
0.65
0.83
0.64
0.63
0.49
0.57
0.62
0.73
0.64
0.45
0.51
1
0.66
0.76
0.54
0.82
0.63
1.12
0.7
0.56
0.71
0.71
0.62
0.61
0.71
0.64
0.44
0.83
0.45
0.75
0.67
0.46
0.66
1.22
0.66
0.43
0.61
0.56
0.49
0.41
0.46
0.5
0.69
0.75
1.06
0.78
0.81
1.54
0.76
0.59
0.67
0.73
0.7
0.73
0.53
0.55
0.6
0.52
0.47
0.52
0.52
0.31
0.77
0.87
1.08
0.76
1.32
1.54
1.59
0.7
0.54
0.56
0.48
0.81
0.88
0.44
0.59
0.44
0.38
0.38
0.56
1.02
0.55
0.76
1.22
1.07
1.4
1.2
0.58
0.56
0.51
0.45
0.52
0.72
0.46
0.62
0.62
0.91
0.82
0.76
0.53
0.35
0.38
0.47
0.4
0.34
0.41
0.22
1.07
1.57
0.42
0.48
0.5
0.53
1.1
1.69
0.85
0.46
0.44
0.42
0.73
0.45
0.38
0.29
0.36
0.48
0.44
0.39
0.34
0.45
0.49
0.54
0.66
2
1.12
1.19
0.65
0.63
1.8
1.34
0.67
0.6
0.46
0.45
0.41
0.42
0.53
0.6
0.7
1.2
1.46
0.69
0.47
0.67
0.91
0.68
0.49
0.59
0.57
0.46
0.4
0.36
0.41
0.55
0.8
0.5
2.81
0.48
0.77
0.79
2.7
1.92
0.94
0.56
2.76
1.54
1.39
0.67
1.35
1.95
2.35
2.12
2.19
5.93
5.25
1.61
2.32
2.29
0.99
3.29
0.69
0.8
0.85
0.58
0.67
0.72
0.91
0.76
0.91
0.81
2.31
1.91
0.75
1.1
0.63
0.77
0.5
1.13
0.8
1.58
4.04
2.14
1.24
3.86
1.41
0.7
2.32
2.54
2.19
2.12
1.03
1.3
0.66
1.01
0.66
1.57
1.23
0.85
0.96
0.86
2.01
1.31
1.44
1.93
1.29
1.54
2.05
3.08
1.97
1.14
1.03
1.28
0.89
1.6
1.34
1.11
1.11
0.53
0.78
0.86
0.26
0.89
0.82
0.63
0.69
0.73
1.99
1.38
0.71
1.81
1.66
2.51
2.08
2.03
1.91
1.41
0.84
3.83
2.02
0.44
0.83
1.51
1.55
1.27
2.03
3.06
2.75
2.5
2.54
2.67
3.09
2.39
1.46
1.13
1.27
0.89
0.74
0.7
1.22
1.18
0.96
0.8
0.49
1.15
0.86
1.74
1.62
0.99
1
1.36
0.57
0.75
0.51
0.72
1.5
1.83
0.89
0.7
0.7
0.89
0.91
0.88
0.83
0.7
0.83
2.11
1.93
0.94
1.51
1.3
1.02
0.8
0.99
1.03
1.24
0.68
1.18
0.92
0.86
0.66
0.98
0.85
0.7
0.69
0.68
1.14
0.82
0.64
0.63
1.25
0.72
1.41
1.29
0.87
0.98
0.77
0.67
0.87
1.84
0.67
1.05
0.79
0.69
0.69
0.8
0.68
0.58
0.73
0.82
0.59
0.56
0.6
0.63
0.68
0.57
0.69
0.63
0.78
0.95
0.81
0.82
0.7
0.71
0.8
0.76
0.77
0.78
0.8
0.71
0.73
0.76
0.72
0.72
0.7
0.69
1.16
0.71
0.81
0.7
0.76
1.11
0.9
0.76
0.63
0.63
0.69
0.51
0.63
0.55
0.56
0.52
0.62
0.68
0.43
0.59
0.38
0.59
0.58
0.47
0.5
0.48
0.48
0.48
0.49
0.67
0.56
0.46
0.41
0.6
0.43
0.43
0.36
0.48
0.53
0.68
0.55
0.36
0.44
0.52
1.08
1.05
0.79
1.36
0.7
0.31
0.09
0.23
0.44
0.68
0.51
0.38
0.55
0.46
0.41
0.46
0.5
0.89
1
0.8
0.61
0.36
0.48
0.24
0.42
0.61
0.61
0.61
0.5
0.3
0.33
0.26
0.59
0.83
1.27
0.3
0.47
0.41
0.61
0.42
0.45
0.91
0.7
0.61
0.31
0.38
0.26
0.23
0.25
0.3
0.89
0.31
0.3
0.78
2.73
1.09
0.46
0.42
0.83
0.36
0.49
0.5
0.25
0.49
0.3
0.25
0.39
0.92
1.55
3.14
2.78
0.69
0.71
1.19
0.73
0.3
0.33
0.41
0.38
0.36
0.4
0.29
0.33
0.39
0.59
0.3
0.3
0.48
0.83
0.27
0.39
0.34
0.34
1.74
0.58
0.58
1.37
0.38
0.38
0.27
0.47
0.42
0.5
0.44
0.48
0.34
0.49
0.51
0.35
0.42
0.99
0.92
0.94
0.5
0.52
0.89
0.61
0.43
0.92
0.6
0.71
0.95
1
1.49
2.15
2.11
1.92
2.68
0.58
1.05
1.28
1.6
1.12
0.66
0.72
0.32
0.37
0.41
0.58
0.86
0.43
1.62
1.13
3.25
3.53
3.58
3.45
3.19
1.25
1.51
0.99
2.4
0.56
1.16
1.35
0.78
0.63
0.84
0.63
0.71
0.56
0.6
0.59
0.9
1.27
1.13
0.98
0.72
2.4
1.79
-99
0.98
2.79
2.3
1.61
1.81
1.16
0.77
0.67
0.74
0.75
0.78
1.65
0.87
0.76
0.89
0.85
0.8
0.79
0.98
1.22
2.57
2.31
1.11
3.35
1.82
0.94
0.85
0.78
2.07
2.67
1.08
1.04
0.99
1.19
1.15
1.06
0.88
1.26
1.48
0.85
1.12
0.87
1.04
0.76
0.91
0.82
0.89
1.29
1.33
1.16
1.24
0.99
0.99
1.08
2.53
0.98
0.77
0.87
2.69
3.09
1.06
0.79
0.69
1.34
1
1.15
0.96
0.93
0.84
1.53
1.81
2.8
1.85
0.71
0.79
0.96
1.45
1.34
1.42
1.11
0.95
1.48
0.88
0.8
0.91
1.09
1.06
1.17
1.85
0.65
0.81
0.68
0.88
1.26
0.85
0.49
1.29
1.43
0.98
1.06
0.77
0.86
0.78
1.11
0.87
0.92
0.83
0.89
0.83
1.45
0.9
0.66
0.61
0.71
0.95
0.97
1.05
1.17
1.55
1.14
1.23
0.68
0.84
0.91
0.79
0.84
0.88
0.71
0.69
0.96
1.07
1.03
1.1
0.92
0.69
0.82
0.94
0.95
1.71
1.35
0.7
0.63
0.86
0.95
0.7
0.9
0.68
0.62
0.82
1
0.86
0.89
0.76
0.84
0.8
0.65
0.91
0.86
1.59
0.6
0.73
0.76
0.74
0.75
0.69
0.84
0.71
0.65
0.77
1.03
0.94
0.79
0.75
0.96
0.93
1.4
1.25
0.89
0.95
0.89
1.73
2.74
0.69
0.93
1.07
0.7
0.72
1
0.79
0.96
1.39
0.8
0.96
1.1
1.11
1.06
1.19
0.57
0.99
1.31
0.54
1
0.71
0.72
0.66
0.87
0.83
0.81
0.67
1.09
0.77
0.76
0.71
0.81
0.51
0.66
0.76
0.63
0.87
0.71
0.6
0.59
0.48
0.68
0.5
0.46
0.44
1.56
0.76
1.56
1.65
0.8
0.62
0.95
0.91
0.71
0.6
0.44
0.41
0.65
0.72
0.82
0.75
0.59
1.15
1.52
1.55
0.61
0.95
2.37
0.62
0.5
0.62
0.8
0.7
0.83
2.71
1.15
0.65
0.47
0.73
0.6
0.64
0.65
0.5
1.93
2
1.54
1.56
0.89
0.54
0.6
0.5
0.84
0.98
1.53
0.95
0.74
0.41
0.36
1.23
0.68
0.92
3.43
4.95
0.75
0.88
0.64
0.84
1.1
1.17
0.7
0.55
0.62
0.69
0.73
0.65
0.39
2.37
2.79
2.66
0.77
0.85
0.89
1.76
2.18
0.81
1.24
0.72
1.64
1.21
1.08
0.54
2.34
1.12
0.65
0.78
3.11
0.52
1.86
1
0.93
0.64
0.71
0.95
1.15
0.79
0.7
1.5
3.05
0.86
1.36
0.53
0.52
0.5
1.4
0.63
0.93
1.2
0.46
0.32
0.65
0.72
0.55
0.58
1.23
0.67
1.11
1.45
0.83
0.92
0.58
1.18
0.94
0.76
0.87
1.76
1.02
0.88
0.78
1.1
0.86
0.32
0.3
1.05
3.54
3.26
1.32
1.19
1.96
1.3
1.97
2.57
3.64
3.47
1.08
0.88
2.38
3.55
1.18
1.36
1.26
1.7
2.11
2.63
1.23
1.22
1.22
0.65
0.99
0.8
1.22
1.65
3.05
2.56
1.36
2.21
1.84
3.23
1.29
2.34
1.19
0.6
2.25
2.33
1.37
0.78
0.47
0.49
0.82
0.7
0.74
0.99
1.03
0.86
0.97
1.36
0.72
0.86
0.85
0.98
1.11
1.17
1.76
1.75
0.81
0.86
0.99
0.64
0.59
0.69
0.76
0.66
0.56
0.74
1.05
1.54
1.29
0.75
0.69
0.57
0.72
0.52
0.58
0.5
0.63
0.64
0.87
1.05
0.69
1.02
1.06
0.79
1.03
0.61
0.66
0.66
0.63
0.56
0.67
0.64
0.54
0.68
0.93
1.69
0.82
1.1
1.2
0.96
0.94
0.84
0
0
0.67
0.8
0.78
0.48
0.94
0.89
0.76
0.78
0.78
0.77
0.81
0.82
1.15
0.79
0.9
1.19
1.36
1.06
1
0.78
0.59
0.69
0.69
1.13
0.88
0.63
0.85
0.91
0.89
0.86
1.03
0.87
1
1.48
0.58
0.55
0.72
0.48
0.61
1.19
0.89
0.78
0.65
0.63
0.48
0.6
0.64
0.67
0.49
0.73
1.49
1.08
1.01
0.62
0.65
1.05
0.72
1.06
0.68
0.68
0.5
0.51
0.47
0.51
0.46
0.45
0.44
0.74
0.82
0.9
0.46
0.99
0.93
0.7
0.42
0.56
0.62
0.61
0.61
0.69
0.68
0.52
0.63
0.66
0.42
0.55
0.64
0.51
0.69
0.61
0.59
0.52
0.49
0.51
0.34
0.58
0.57
0.45
0.68
0.62
0.74
0.36
0.35
0.8
1.1
1.28
1.1
0.89
0.5
0.55
1.07
0.92
0.58
0.59
0.39
1.75
0.8
1.08
1.46
0.79
0.53
0.49
0.5
0.43
0.2
0.39
0.51
0.44
0.73
0.41
0.44
0.63
0.51
1.06
1.26
0.52
0.49
0.38
0.35
0.33
0.87
1.73
2.07
1.27
0.63
1.94
2.38
0.94
0.31
0.45
0.22
0.46
0.53
0.64
0.39
0.74
0.92
1.56
0.68
0.49
2.08
0.72
0.65
0.31
0.8
0.62
0.36
0.3
0.37
0.3
0.26
0.38
0.44
0.63
0.45
0.29
0.39
0.45
0.34
0.52
0.41
0.75
0.66
2.99
2.14
0.44
1.17
0.36
0.34
0.49
0.44
0.26
0.51
0.41
0.55
0.65
0.79
0.45
1.25
0.76
0.62
1.05
1.33
0.83
0.82
1.58
2.61
1.27
0.7
0.85
0.89
0.59
0.85
0.62
0.66
1.57
0.93
0.8
0.99
1.19
3.77
2.28
0.79
0.91
1.24
1.66
1.38
2.42
3.5
1.47
2.25
0.95
0.83
0.68
1.05
1.03
1.51
2.46
1.07
0.86
0.76
1.32
1.4
1.09
1.24
1.77
1.29
0.75
0.61
0.88
0.92
0.77
0.82
0.7
0.8
1.39
0.81
1
1.71
2.33
3.2
4.17
1.98
0.96
0.91
1.27
1.59
2.12
1.36
0.98
1.05
0.86
1.85
1.31
1.45
1
1.08
1.15
1.03
1.06
1.49
2.76
1.17
1.09
1.31
1.35
0.93
1.1
1.1
1.98
1.3
1.87
2.43
1.15
1.23
1.07
1.19
1.03
1.25
0.99
1
1.28
0.93
1.84
1.42
2.13
1.89
1.91
2.28
1.1
3.93
3.57
1.54
0.91
1.07
0.87
1.16
1.27
1.04
0.83
1.19
1.59
0.98
1.83
3.07
1.57
1.05
1.26
1.24
1.31
1.08
1.61
2.14
0.92
1.13
0.96
1.04
0.81
0.86
1.24
0.55
-99
-99
1.15
0.9
1.1
0.81
1.01
0.94
0.99
1.45
2.14
1.38
1.58
2.01
1.13
0.77
1.31
0.79
1.32
0.89
1.03
1.01
0.81
0.88
1.84
1.27
0.95
0.65
1.08
1.23
1
1.02
0.71
0.7
0.7
0.72
0.98
0.96
0.85
0.76
0.87
1.06
0.94
0.85
1
0.65
0.82
0.98
0.9
0.93
0.48
0.83
0.84
0.53
0.64
0.7
1.04
0.61
0.7
0.64
0.68
1.04
0.97
0.67
0.93
0.64
0.78
0.85
0.9
0.81
0.69
0.62
0.72
0.79
0.79
0.68
1.3
0.77
0.91
0.71
0.77
0.66
0.77
0.96
0.85
1.49
0.73
0.65
0.76
0.68
0.68
0.64
0.63
0.73
0.52
0.62
0.55
0.53
0.71
0.79
0.7
0.72
0.79
0.71
0.88
0.92
1.06
1.27
0.8
1.14
0.64
0.61
0.73
0.62
0.65
0.65
0.79
0.63
0.99
0.47
1.33
0.81
0.8
0.62
0.71
0.81
0.89
0.69
0.94
0.85
1.1
0.6
0.74
0.83
0.71
0.77
0.86
0.64
0.91
1.05
1.92
1.1
0.82
1.44
1.3
1.42
0.86
1.74
1.56
0.49
0.95
1.55
1.04
0.59
0.54
0.49
0.48
0.41
0.95
0.49
0.55
1.95
2.06
2.27
1.34
0.74
1.17
1.05
0.85
0.84
0.65
0.84
0.65
1.86
1.08
0.94
0.6
0.51
0.61
2.03
2.45
1.68
2.25
0.61
0.46
1.76
1.83
1.07
0.62
1.51
0.8
0.49
0.59
1.54
0.69
0.55
0.54
0.55
1.51
1.02
0.68
1.83
2.28
0.74
0.67
0.91
0.59
0.64
3.32
5.26
3.58
2.23
0.77
0.45
0.5
0.47
0.59
0.61
0.51
0.49
0.48
0.54
0.41
0.38
0.64
0.75
0.47
0.62
0.65
2.15
0.7
0.76
0.46
0.43
1.77
2.64
1.15
2.19
1.1
3.58
3.54
2.77
1.73
1.24
1.22
0.86
0.61
2.12
1.27
0.53
0.57
0.9
1.24
0.54
1.06
1.25
0.65
2.16
1.52
0.74
1.83
1.42
0.52
1.28
1.12
1.1
0.7
2.43
1.37
1.06
0.91
0.64
0.88
0.7
0.65
0.7
0.8
1.33
1.72
1.59
3.77
2.83
4.15
2.19
1.09
2.56
1.26
2.2
0.85
1.34
0.81
0.75
0.89
1.09
0.85
2
1.56
0.57
0.5
0.84
0.97
0.82
0.85
1.06
1.52
1.28
0.87
0.58
0.72
1.22
1.17
0.56
1.64
0.8
1.05
1.73
1.99
1.26
1.19
1.1
1.04
1.16
1.43
1.58
0.86
0.77
1.14
0.93
1.19
1.08
0.68
1.09
1.68
1.34
0.57
0.75
0.86
0.59
1.55
1.67
1.71
1.81
1.91
0.92
0.95
1.63
1.4
0.84
1
1.45
0.9
0.97
1.75
1.23
1.61
0.66
0.95
0.83
0.87
0.87
1.03
0.9
1.03
0.92
1.64
1.1
0.9
0.94
1.23
1.02
1.21
0.81
1.23
0.95
1.02
0.83
1.07
0.99
1.24
0.67
0.91
0.71
0.92
1.06
1.87
1.25
0.96
1.13
0.77
1.21
0.93
0.98
0.62
0.84
0.83
0.92
0.85
0.79
1.18
0.94
0.82
0.95
0.83
1.21
1.15
1
0.81
0.63
0.86
0.89
0.79
0.71
0.63
0.79
1.1
0.65
0.63
0.68
0.98
0.96
0.82
1.03
0.87
0.83
0.75
0.81
0.86
0.85
0.77
0.88
0.72
0.64
0.79
0.78
0.69
0.89
0.76
0.76
0.71
0.59
0.52
0.56
0.9
0.69
0.75
0.74
0.77
0.75
0.64
0.92
1.08
0.62
0.99
1.07
0.66
0.84
0.99
0.64
0.61
0.61
0.57
0.88
0.79
0.83
0.51
0.62
0.64
0.6
0.54
0.51
0.76
0.69
0.64
0.39
0.46
0.44
0.44
0.46
0.57
0.7
0.34
0.54
0.48
1.06
0.55
0.45
0.85
0.89
1.18
1.4
0.89
0.73
0.67
0.67
0.55
1.24
2.11
1.56
1.33
0.64
0.4
0.58
0.51
0.54
0.61
0.88
0.66
0.77
0.79
0.56
0.49
0.39
0.4
2
1.84
0.65
0.55
1.6
0.89
3.08
1.06
0.51
0.65
0.68
0.42
0.55
0.45
0.79
0.7
0.53
0.39
0.45
0.99
1.19
1.01
0.44
1.32
0.5
0.61
1.31
1.37
0.6
0.42
0.38
0.59
0.89
0.44
0.4
0.45
0.64
1.06
0.27
0.91
1.36
0.41
0.38
0.54
0.98
1.99
2.18
0.8
0.93
0.77
0.7
0.92
0.69
1.34
1.17
0.61
1.24
2.23
2.91
0.54
0.4
2.85
0.83
0.62
0.6
1.78
1.48
2.64
2.37
2.46
3.26
1.21
1.17
1.25
0.65625
0.675
0.704166666666667
0.722916666666667
0.891666666666667
0.658333333333333
0.439583333333333
0.54375
0.1875
0.225
0.564583333333333
0.61875
0.7
0.65
1.075
0.675
0.88125
0.620833333333333
1.3625
3.95208333333333
2.74375
2.87291666666667
2.05833333333333
1.3125
1.15416666666667
0.975
0.9
0.577083333333333
0.85625
1.97291666666667
1.34375
0.91875
0.783333333333333
2.44583333333333
0.8375
0.7125
1.53541666666667
1.1375
0.85
2.71041666666667
1.26875
0.558333333333333
1.01666666666667
1.26875
1.62916666666667
1.93125
2.14583333333333
1.50625
1.68958333333333
1.71458333333333
2.68541666666667
1.35
1.05208333333333
0.866666666666667
1.2625
0.608333333333333
0.675
1
1.00416666666667
0.8125
0.597916666666667
0.5875
0.6625
0.575
0.51875
0.577083333333333
0.791666666666667
0.866666666666667
0.779166666666667
1.03333333333333
0.814583333333333
1.02083333333333
1.04375
1.05833333333333
0.897916666666667
1.90208333333333
1.6
1.5375
1.375
1.62291666666667
1.9625
0.927083333333333
0.81304347826087
0.952083333333333
1.36666666666667
1.16875
0.872916666666667
1.09166666666667
0.879166666666667
0.95625
1.24791666666667
0.991666666666667
1.15833333333333
1.10625
0.78125
1.20416666666667
1.0625
2.73125
2.05
0.964583333333333
1.43333333333333
1.50833333333333
0.747916666666667
0.854166666666667
0.98125
0.772916666666667
0.947916666666667
1.06666666666667
0.85
0.904166666666667
0.775
0.814583333333333
1.11666666666667
1.44791666666667
1.07291666666667
0.652083333333333
0.675
0.985416666666667
1.03958333333333
1.08125
0.764583333333333
0.833333333333333
0.91875
0.935416666666667
0.922916666666667
1.68125
0.7625
2.1625
1.3
1.26666666666667
1.33125
1.6875
1.35
0.90625
1.40416666666667
0.947916666666667
1.2
2.52708333333333
1.23125
0.920833333333333
2.36875
1.50625
0.945833333333333
1.05625
1.27083333333333
0.83125
1.00416666666667
1.05416666666667
0.75
0.902083333333333
1.03125
1.3375
1.21041666666667
0.991666666666667
1.03958333333333
0.870833333333333
0.629166666666667
0.716666666666667
0.797916666666667
0.808333333333333
0.7875
0.733333333333333
0.614583333333333
0.65
0.664583333333333
0.833333333333333
0.85625
0.714583333333333
1.07916666666667
0.9
1.58958333333333
2.1125
1.09791666666667
1.00208333333333
0.960416666666667
0.904166666666667
1.26458333333333
1.71458333333333
1.1875
1.28541666666667
1.16041666666667
0.885416666666667
0.904166666666667
1.02083333333333
1
1.41666666666667
1.14583333333333
1.16666666666667
1.1125
1.0125
1.15833333333333
1.32708333333333
1.34375
0.875
0.908333333333333
0.9375
0.777083333333333
0.841666666666667
0.764583333333333
0.858333333333333
1.04166666666667
0.797916666666667
0.983333333333333
1.43958333333333
1.02291666666667
0.7125
0.758333333333333
0.958333333333333
0.922916666666667
0.910416666666667
0.925
0.816666666666667
0.99375
0.7625
0.852083333333333
0.604166666666667
1.09166666666667
0.7875
0.927083333333333
0.791666666666667
0.5125
0.48125
0.570833333333333
0.7
0.591666666666667
0.664583333333333
0.5875
1
0.78125
0.69375
0.797916666666667
0.570833333333333
0.6625
0.74375
0.489583333333333
0.629166666666667
0.672916666666667
0.514583333333333
0.589583333333333
0.616666666666667
0.7
0.625
0.54375
0.504166666666667
0.38125
0.564583333333333
0.554166666666667
0.477083333333333
0.620833333333333
0.779166666666667
0.927659574468085
0.721276595744681
0.497916666666667
0.558333333333333
0.45
1.1125
1.02291666666667
0.764583333333333
0.535416666666667
0.791111111111111
0.553333333333333
0.733333333333333
0.691304347826087
0.4375
0.475
0.375
0.25
0.875
0.75625
0.735416666666667
0.94375
0.83125
0.754166666666667
0.60625
1.8875
2.1625
0.741666666666667
0.604166666666667
0.791666666666667
0.65
0.702083333333333
0.377083333333333
0.395833333333333
0.395833333333333
0.447916666666667
0.654166666666667
0.516666666666667
0.808333333333333
0.564583333333333
0.522916666666667
0.475
2.00833333333333
3.07291666666667
0.675
0.59375
0.539583333333333
0.43125
0.491666666666667
0.447916666666667
0.49375
0.454166666666667
2.23125
1.17291666666667
0.795833333333333
0.675
1.08125
0.70625
0.675
0.554166666666667
0.614583333333333
1.35
1.14375
0.4375
0.525
0.933333333333333
0.416666666666667
0.55625
0.74375
0.545833333333333
0.2375
0.520833333333333
0.45
0.33125
0.583333333333333
0.48125
0.364583333333333
0.5625
0.4375
0.566666666666667
0.89375
1.15
1.2625
1.02083333333333
0.660416666666667
0.470833333333333
1.12083333333333
0.829166666666667
1.04375
1.67083333333333
1.79375
1.74166666666667
1.78541666666667
0.98125
1.76875
1.06041666666667
0.522916666666667
0.284782608695652
0.335416666666667
0.445833333333333
0.445833333333333
0.402083333333333
0.464583333333333
0.38125
0.464583333333333
0.314583333333333
0.4625
2.1
2.74583333333333
1.49583333333333
1.03333333333333
1.64583333333333
1.25
0.622916666666667
0.447916666666667
0.5
0.639583333333333
0.579166666666667
0.5875
2.26666666666667
1.11875
0.839583333333333
1.04375
0.8375
0.814583333333333
0.822916666666667
0.960416666666667
0.570833333333333
0.616666666666667
0.560416666666667
0.502083333333333
0.547916666666667
0.535416666666667
0.704166666666667
0.58125
1.12916666666667
0.727083333333333
0.635416666666667
0.56875
0.525
0.621276595744681
0.5
0.59375
0.791666666666667
0.875
0.70625
0.866666666666667
1.03541666666667
1
0.933333333333333
0.866666666666667
0.858333333333333
0.725
0.908333333333333
0.61875
1.38541666666667
0.695833333333333
0.875
0.6
3.34791666666667
2.36458333333333
1.3375
0.639583333333333
0.66875
2.0625
0.664583333333333
1.17708333333333
1.23958333333333
0.89375
0.75625
1.24791666666667
0.883333333333333
1.67916666666667
1.65416666666667
0.860416666666667
1.32291666666667
1.54791666666667
1.29375
0.883333333333333
0.747916666666667
0.629166666666667
0.691666666666667
3.30416666666667
1.47083333333333
3.06458333333333
2.32708333333333
0.679166666666667
0.945833333333333
1.22083333333333
1.69791666666667
0.816666666666667
1.65208333333333
0.964583333333333
1.00625
0.43125
1.15416666666667
0.829166666666667
0.7
0.404166666666667
1.15416666666667
0.879166666666667
1.11666666666667
1.23125
1.20833333333333
0.860416666666667
1.05416666666667
1.99375
1.56458333333333
1.30208333333333
1.05208333333333
0.897916666666667
0.94375
1.14166666666667
2.22916666666667
1.23541666666667
2.6875
2.81875
1.21458333333333
1.34375
1.67083333333333
1.24583333333333
1.09166666666667
1.275
1.11458333333333
0.88125
1.05531914893617
0.652083333333333
2.4375
2.925
1.18541666666667
1.18333333333333
0.922916666666667
1.06666666666667
0.9
0.889583333333333
0.6625
0.804166666666667
0.652083333333333
0.65
0.65
1.52916666666667
1.40416666666667
1.00625
0.960416666666667
0.79375
0.979166666666667
2.53541666666667
1.96041666666667
0.96875
1.12916666666667
2.28541666666667
1.15625
0.858333333333333
1.05833333333333
0.891666666666667
2.5
1.25625
2.0625
1.44375
0.858333333333333
0.76875
0.933333333333333
0.785416666666667
0.80625
0.789583333333333
0.889583333333333
1.16875
1.53125
0.985416666666667
1.10625
1.00208333333333
1.34791666666667
1.70833333333333
1.07916666666667
0.775
1.0875
0.866666666666667
0.85625
0.964583333333333
1.04791666666667
1.2125
1.16458333333333
0.860416666666667
0.71875
0.997916666666667
1.38541666666667
0.846808510638298
1.02916666666667
1.4
1.86041666666667
1.42708333333333
1.14166666666667
1.13541666666667
0.814583333333333
1.23958333333333
0.904166666666667
1.59583333333333
1.15208333333333
0.814583333333333
0.814583333333333
0.883333333333333
1.12291666666667
1.06041666666667
0.83125
0.972916666666667
0.854166666666667
0.877083333333333
0.860416666666667
0.854166666666667
0.877083333333333
0.866666666666667
0.8
0.764583333333333
0.94375
0.8125
1.13541666666667
0.877083333333333
0.775
1.11875
0.9625
0.8875
0.81875
0.983333333333333
1.04791666666667
0.895833333333333
0.725
0.40625
0.60625
0.7375
0.775
1.05833333333333
0.79375
0.68125
0.69375
0.625
0.558333333333333
0.45
0.53125
0.566666666666667
0.71875
0.772916666666667
1.20625
0.629166666666667
0.764583333333333
0.6875
0.4875
0.733333333333333
0.566666666666667
0.589583333333333
0.63125
0.654166666666667
0.71875
0.895833333333333
0.760416666666667
0.702083333333333
0.56875
0.916666666666667
0.822916666666667
0.560416666666667
0.683333333333333
0.61875
0.654166666666667
0.629166666666667
0.775
1.08333333333333
0.74375
0.685416666666667
0.879166666666667
0.716666666666667
0.6875
0.766666666666667
1.17916666666667
1.3375
0.747916666666667
0.789583333333333
0.739583333333333
0.610416666666667
0.466666666666667
0.604166666666667
0.770833333333333
0.547916666666667
0.975
1.00416666666667
0.775
0.797916666666667
0.625
0.966666666666667
0.933333333333333
0.745833333333333
0.5
0.566666666666667
0.50625
0.520833333333333
0.622916666666667
0.641666666666667
0.285416666666667
0.43125
0.535416666666667
0.86875
0.614583333333333
0.6125
0.645833333333333
0.497916666666667
0.814583333333333
1.12708333333333
0.572916666666667
0.552083333333333
0.616666666666667
1.37291666666667
1.88541666666667
1.39166666666667
2.50416666666667
1.9
0.983333333333333
0.783333333333333
0.610416666666667
0.541666666666667
0.352083333333333
0.466666666666667
2.00833333333333
0.93125
0.50625
2.22291666666667
1.56666666666667
0.764583333333333
0.55625
1.74791666666667
2.0125
1.30625
0.51875
0.683333333333333
0.475
0.772916666666667
2.20208333333333
2.11666666666667
1.42708333333333
1.08541666666667
0.533333333333333
0.610416666666667
0.5
1.6375
1.82083333333333
0.516666666666667
1.9
0.904166666666667
0.502083333333333
1.21458333333333
0.85625
0.7875
0.502083333333333
0.46875
0.425
1.05416666666667
1.44375
0.397916666666667
0.452083333333333
0.427083333333333
1.02291666666667
2.08541666666667
1.53333333333333
0.910416666666667
0.891666666666667
0.54375
0.897916666666667
1.50625
0.53125
0.829166666666667
2.83333333333333
6.23333333333333
3.88958333333333
1.38333333333333
0.66875
0.779166666666667
0.733333333333333
2.2375
1.43125
1.03958333333333
2.49166666666667
2.02916666666667
2.07291666666667
2.27083333333333
