20000101
1.57
1.17
1.25
1.43
1.48
1.46
1.38
0.98
0.31
1.11
1.63
0.68
0.62
1.24
1.02
1.21
1.6
2.8
1.89
1.39
1.61
2.05
1.76
1.49
0.27
0.45
0.61
1.29
1.44
1.55
1.51
1.58
1.76
2.38
1.56
1.74
0.93
1.24
1.09
1.5
1.75
1.49
2.3
1.07
1.18
2.07
3.61
4
2.06
2.05
2.08
1.75
1.38
1.96
2.41
3.44
1.8
1.65
1.57
1.82
4.89
1.96
3.1
1.32
1.27
1.24
1.14
1.88
1.91
1.54
1.49
1.85
2.41
2.03
2.66
2.34
1.91
1.84
1.86
2.25
1.76
2.88
1.12
1.94
1.62
2.89
4.12
1.7
2.4
2.01
2.31
2.04
2.08
3.8
2.8
2.29
2.38
1.36
2.66
2.19
1.77
2.88
3.49
3.48
3.58
2.9
2.46
2.87
3.14
2.64
2.47
1.96
2.14
3.43
3.3
2.46
2.93
2.21
1.51
2.04
1.73
1.71
1.98
2.37
3.09
1.85
2.48
1.83
2.41
2.78
1.55
2.51
1.9
2.3
2.1
1.77
2.48
2.24
2.69
1.16
1.07
0.77
1.96
1.44
1.31
-99
-99
-99
-99
3.51
1.73
2.5
1.54
2.35
2.29
2.12
2.95
2.29
1.98
2.13
3.46
3.46
2.7
1.75
1.39
1.7
2.4
2.63
2.2
2.68
2.35
2.05
2.32
1.97
2.03
1.88
2.23
1.29
2.48
2.88
2.64
2.01
1.28
1.87
1.74
4.11
2.76
2.44
2.74
2.72
2.33
2.51
2.69
3.14
2.1
1.7
3.17
2.86
1.88
1.73
2.33
2.75
2.46
1.61
1.56
2.55
2.08
2.79
2.51
2.89
3.31
2.08
1.84
2.14
2.84
2.54
2.41
2.46
1.67
1.75
1.75
2.06
1.85
1.73
2.45
2.88
1.51
2.3
1.85
1.27
1.86
1.29
1.02
1.91
1.88
1.77
1.93
1.53
1.42
2.88
2.28
1.47
2.26
1.63
1.98
2.87
2.04
1.98
2.31
2.06
1.9
2.01
2.34
1.88
2.09
1.45
1.45
1.81
1.96
2.19
1.88
0.95
2.21
3.97
2.04
1.39
1.71
1.35
1.4
1.62
0.97
-99
-99
-99
-99
-99
-99
1.48
0.89
1.59
1.66
1.41
1.46
1.58
2.84
0.57
1.12
1.56
1.73
1.67
1.65
1.67
1.46
2.18
4.17
1.35
4
2.2
0.35
0.84
1.09
1.57
1.23
1.36
1.85
1.54
2.17
4.19
2.18
1.85
6.16
6.28
3.98
1.86
1.94
0.37
1.03
2.43
1.1
0.92
2.13
1.79
1.54
1.56
0.98
3.06
1.85
4.05
2.37
2.08
3.24
1.25
1
0.35
0.93
0.24
1.29
1.3
1.05
0.27
0.34
0.28
2.9
3.53
2.77
1.8
2.32
1.19
2.12
2.13
1.15
0.94
1.29
0.74
0.39
0.25
4.05
1.89
2.35
2.78
3.39
3.29
3.58
4.75
2.82
2.79
0.74
3.71
2.7
3.63
2.94
2.67
1.15
2.8
1.43
2.05
0.38
1.67
0.58
0.54
0.28
0.75
0.61
0.64
0.83
0.68
1.06
1.99
3.39
2.82
3.47
2.8
1.78
2.49
2.24
3.7
1.27
1.69
1.11
1.32
2.79
3.57
1.8
1.07
3.39
3.35
1.18
1.1
1.56
1.32
0.58
1.71
1.53
1.15
0.95
1.71
1.85
1
1.86
2.1
1.17
1.18
2.17
3.21
5.25
3.29
2.64
3.83
4.01
1.54
1.22
2.17
3.67
1.73
1.34
2.05
1.86
2.8
1.53
1.41
1.22
3.78
3.01
2.19
3.01
3.01
3.16
2
2
3.49
1.67
2.03
2.13
3.48
3.5
1.93
2.25
1.83
2.67
2.53
2.47
2.67
5.87
3.56
1.67
1.95
3.26
2.78
1.78
2.6
2.53
1.83
2.89
1.58
1.96
2.7
3.32
2.96
3.78
2.58
2.89
2.55
2.32
2.47
2.14
2.67
2.32
1.25
0.67
2.01
-99
-99
2.69
1.77
2.21
0.75
1.55
2.66
2.93
1.63
3.21
1.87
1.88
1.23
2.31
2.28
2.23
1.42
2.01
1.85
1.79
2.09
2.53
3.25
2.44
2.88
2.02
2.67
2.12
2.63
2.01
1.51
2.36
2.34
2.59
2.21
1.27
3.33
1.58
2.08
1.54
2.04
2.88
2.87
2.95
2.45
2.39
1.86
1.61
2.23
1.98
1.61
2.07
2.92
2.89
1.95
2.82
2.74
2.26
2.24
2.86
3.3
2.6
2.37
2.44
2.64
2.18
3.13
2
2.53
2.27
2.52
1.25
3.41
2.94
1.2
-99
-99
-99
1.47
1.16
2.78
2.68
2.06
2.84
2.73
2.7
2.73
3
2.99
2.9
3.19
3.5
2.73
2.43
3.05
2.98
3.78
3.05
2.45
2.74
3.09
2.2
3.5
2.93
2.79
2.45
3.66
2.67
2.85
2.99
2.49
2.43
2.5
2.35
2.66
2.74
3.18
2.73
2.93
2.72
3.4
3.59
2.91
2.95
2.75
2.33
2.81
2.72
2.56
2.74
2.37
2.94
2.74
3.14
3.79
3.07
1.79
2.04
2.13
1.97
3.78
2.05
2.12
2.51
2.48
2.15
1.25
2.07
2.46
2.1
2.08
1.94
1.85
2.61
3.65
3.16
1.58
1.85
1.71
2.27
2.01
2.13
2.38
1.74
1.65
1.62
2.23
3.56
3.64
2.97
3.09
2.05
2.32
1.52
1.49
1.78
1.79
1.26
1.19
2.26
1.78
1.71
2.01
1.23
1.5
1.57
2.87
3.06
1.94
4.09
3.92
3.4
1.98
3.12
3.11
-99
-99
-99
1.7
1.32
1.83
2.18
1.79
1.33
1.56
1.62
2.01
1.33
1.54
1.34
0.58
1.37
2.33
2.35
1.85
1.69
0.99
1.23
1.26
1.79
2.27
2
0.75
1.23
3.83
0.8
0.89
1.13
1.49
2.51
2.47
-99
-99
-99
-99
1.57
2.09
1.88
1.19
1.81
0.46
0.41
0.54
2.64
0.44
1.3
1.5
0.89
0.65
0.69
1.47
1.92
1.64
1.78
1.7
2.17
1.71
0.84
1.3
1
2.87
2.23
2.25
6.02
1.83
1.77
2.8
2.22
1.69
1.38
1.08
2.46
1.65
1.65
2.03
3.18
6.46
3.73
2.29
1.61
1.6
1.39
1.13
1.93
3.43
1.75
0.54
1.5
1.66
1.6
2.98
3.99
2.62
1.58
2.49
2.52
2.84
3.59
2.29
1.35
1.45
1.76
2.21
2.64
1.7
1.46
1.36
1.48
1.7
1.56
0.93
3.75
2.6
3.39
2.42
1.15
3.45
2.56
1.8
1.46
1.99
2.64
2.16
2.01
1.38
2.16
3.68
1.05
1.91
1.97
1.53
1.79
1.9
3.83
2.67
2.57
2.82
1.32
2.1
1.83
2.7
1.91
2.12
1.92
1.56
1.58
1.78
1.75
1.85
2.39
2.96
2.21
2.72
2.94
2.99
1.37
2
1.45
2.74
2.21
1.13
1.28
1.45
2.71
2.77
2.53
3.31
2.43
1.33
1.01
0.61
2.27
2.1
1.96
2.1
2.11
3.08
2.67
2.16
2.76
2.69
2
3.09
2.53
3.17
2.71
2.07
3.01
3.08
2.25
2.2
2.19
1.9
1.95
3.22
2.7
2.71
3
1.26
2.67
2.96
2.2
2.41
2.04
2.21
2.85
2.33
2.74
2.16
1.96
1.7
1.62
2.21
2.26
2.64
1.93
2.4
2.81
2.77
1.55
1.27
1.5
3.41
2.53
3.38
2.11
1.7
2.16
2.58
2.04
3.02
2.48
7.3
-99
-99
1.54
2.18
1.75
1.84
1.21
-99
-99
3.13
2.85
2.46
2.87
2.12
2.65
2.15
3.09
3.1
2.49
1.09
1.09
1.93
1.95
2.2
2.98
1.37
1.48
2.46
2.54
2.23
2.35
2.16
2.09
2.67
2.23
2.34
2.36
2.32
2.6
2.47
1.52
1.59
1.06
2.74
1.85
1.19
1.82
1.67
1.99
1.71
-99
-99
2.64
2.2
2.01
1.48
1.65
2.27
0.48
-99
-99
-99
-99
-99
-99
-99
1.67
1.62
1.39
1.34
1.99
1.66
2.74
1.44
1.59
1.61
1.58
2.06
1.08
1.51
1.1
0.2
1.52
1.87
1.63
0.91
1.79
1.01
1.23
1.51
3.58
1.43
1.99
1.85
2.24
2.19
3.96
2.24
1.6
1.41
2.36
4.87
2.99
2.05
2.18
1.88
1.56
1.61
2
1.06
1.35
1.57
1.5
1.17
1.51
1.16
1.39
3.23
1.36
2.32
1.37
1.24
1.55
3.38
2.22
1.42
1.7
0.88
1.94
1.08
2.14
3.1
2.71
1.43
0.6
1.05
2.08
1.45
1.73
3.24
3.34
1.16
3.65
3.32
0.8
3.43
1.43
0.76
0.33
0.8
1.83
0.97
1.23
0.88
0.96
1.69
1.92
2.69
1.62
0.88
0.36
1.22
1.26
2
2.05
3.14
2.1
1.48
4.83
1.74
2.33
4.04
1.59
3.91
5.04
4.06
1.29
2.1
1.74
0.34
0.42
1.55
1.14
1.62
1.89
1.25
0.86
1.15
1.33
1.08
1.34
2.18
4.48
3.17
2.19
2
1.57
1.82
1.06
2.35
4.34
4.39
4.15
2.65
1.31
3.76
5.15
3
1.1
0.75
1.2
0.81
1.19
1.53
0.14
0.17
0.17
0.43
1.15
0.78
1.08
0.07
1.74
0.92
0.62
0.95
3.36
4.41
5.02
0.44
1.61
1.6
1.56
0.7
1.51
0.97
1.3
1.43
1.76
1.32
0.71
1.44
1.1
1.84
1.74
2.19
1.55
1.95
2.1
1.45
1.59
2.86
2.31
1.45
1.44
1.56
1.4
2.31
1.71
2.01
0.81
1.14
1.93
2.46
4.36
2.62
2.18
2.92
1.97
1.07
2.07
2.49
1.97
2.02
3.15
3.04
3.42
2.25
2.09
2.57
1.86
1.68
2.03
2.04
1.82
2.4
1.82
1.66
2.13
1.96
1.19
2.52
1.67
1.55
1.67
2.08
2.21
3.51
4.15
1.8
2.43
2.83
1.52
2
2.5
3.21
1.9
1.23
1.92
2.5
2.81
1.64
2.83
2
1.54
2.93
1.38
2.01
3.07
1.92
2.44
2.53
2.9
2.6
2.72
1.7
2.15
1.68
2.48
2.9
1.63
1.83
2.89
2.45
2.3
2.18
2.89
2.82
1.88
2.8
2.83
3.03
2.71
2.49
2.31
2.3
1.73
1.92
2.58
2.09
1.7
2.08
2.65
4.3
3.28
3.05
3.25
2.16
2.41
2.36
2.28
1.55
2.57
1.67
2.58
2.01
2.68
2.65
2.88
3.08
2.05
1.6
1.61
2.52
1.51
2.24
2.6
1.86
2.1
2.3
2.98
2.84
1.99
2.59
2.11
2.13
2.16
2.56
1.92
1.89
1.99
2.06
1.97
2.15
1.87
2.29
2.19
1.97
2.28
2.11
1.58
1.85
1.8
2.57
1.37
1.67
2.2
1.94
2.12
2.09
1.37
2.42
4.11
2.5
3.5
1.46
0
-99
2.09
1.63
1.95
0.62
-99
1.76
2.51
1.21
1.81
1.31
2.38
2
2
1.81
1.66
1.68
1.57
1.39
1.85
1.74
-99
2.47
1.66
0.21
1.51
1.7
0.35
3.2
2.06
3.06
1.57
2.74
1.66
1.59
1.65
1.3
1.64
1.36
0.65
1.15
1.79
1.95
2.91
3.43
1.24
2.19
3.26
2
1.23
4.42
2.15
1.18
0.67
0.69
0.75
4.57
4.14
5.03
2.9
1.66
1.87
1.18
1.11
1.24
1.29
0.53
1.13
0.99
0.85
1.2
1.54
0.77
0.83
3.14
1.47
1.6
0.67
0.66
1.36
2.34
2.18
1.72
1.5
2.89
6.18
2.64
0.61
1.15
1.07
1.52
2.04
1.72
1.22
0.83
1.57
1.21
0.66
0.66
1.44
1.8
1.79
2.29
1.19
1.1
0.24
0.7
1.54
1.58
1.57
3.84
3.04
2.18
1.44
2.22
1.62
2.67
4.25
4.01
3.06
2.36
3.17
2.81
0.8
0.88
0.33
0.85
2.65
2.69
2.01
0.94
2.28
3.25
4.39
1.44
3.89
7.96
8.06
3.13
4.38
4.54
2.84
3.36
1.46
2.43
4.97
3.36
5.86
6.02
3.2
4.2
2.25
1.66
0.95
3
3.33
4.85
1.52
2.68
1.55
1.79
2.28
3.47
2.56
1.8
2.78
3.88
2.5
2.59
3.29
2.79
1.6
6.34
4.09
1.72
1.15
1.23
6.05
8.99
3.72
3.12
2.75
3.34
3.28
2.75
4.55
2.48
3.18
3.38
1.09
3.66
2.04
2.15
2.21
3.8
3.6
2.42
2.08
2.87
4.47
3.21
4.64
8.46
3.78
3.61
2.99
1.57
4.79
5.59
3.41
2.55
2.97
3.73
3.99
3.39
2.86
2.82
3.89
1.65
2.66
2.63
3.09
3.36
3.49
3.79
0
0.01
0.01
0.07
5.24
5.44
3.51
2.36
4.51
3.72
4.22
4.06
3.53
4.35
3.45
3.81
2.87
2.92
4.68
4.3
4.43
8.07
4.63
3.95
2.99
2.74
3.16
3.96
3.91
3.87
3.89
3.38
3.26
3.57
4.56
3.69
3.3
3.23
3.17
4.12
2.94
2.88
3.88
3.14
3.57
2.1
2.53
3
4.37
3.72
4.17
2.87
3.71
3.51
3.67
3.29
2.99
3.44
3.56
4.16
4.81
3.46
3.38
3.65
3.03
3.8
4.34
3.29
2.49
3
3.67
3.88
2.83
3.33
3.52
3.7
2.75
4.64
4.76
3.54
3.29
3.12
4.2
4.5
4.84
4.18
4.38
2.67
3.88
3.22
3.53
4.68
3.89
3.59
3.39
3.25
2.71
3.26
3.02
2.75
4.05
3.67
4.14
4.45
3.15
3.51
3.48
3.74
5.47
5.85
3.1
2.88
3.27
2.98
3.3
3.95
3.13
4.4
5.58
5.35
4.52
3.58
3.48
2.75
2.97
4.52
4.38
4.91
3.48
3.24
3.53
3.62
3.72
4.6
3.34
3.57
2.88
2.42
3.06
2.98
2.82
3.22
2.55
2.31
5.71
5.28
2.7
2.38
2.76
3.12
2.85
1.95
2.34
2.91
3.13
2.9
2.88
2.76
1.61
2.09
2.36
3.24
2.99
4.09
3.35
3.21
3.26
2.58
2.6
2.36
1.88
2.18
2.23
1.86
2.17
2.15
1.86
3.36
6.37
4.57
1.87
3.72
3.66
5.24
6
3.87
2.5
4.96
6.9
4.12
3.79
3.65
2.32
3.39
3.95
2.23
3.06
4.48
2.6
2.48
1.7
3.24
2.63
1.27
2
4.35
2.8
2.62
3.46
3.85
2.54
2.97
5.27
7.34
2.95
3.09
2.78
2.27
2.48
2.37
1.79
2.08
3.83
2.58
1.6
2.18
2.08
4
3.37
2.37
3.12
4.48
2.4
1.88
2.01
2.78
2.76
2.82
3.1
2.07
2.28
1.19
1.49
0.94
1.22
3.55
5.59
3.69
8.08
5.07
2.33
3.66
3.23
2.16
3.8
4
5.46
5.54
3.74
2.39
1.92
1.39
1.45
1.63
1.45
1.26
1.67
1.71
2.05
1.17
1.46
1.84
1.84
0.98
1.18
0.99
0.53
1.8
3.66
2.84
1.7
3.56
1.43
1.64
2
3.47
2.5
2.19
1.48
1.76
1.54
1.36
1.92
1.65
1.26
0.87
0.62
0.19
0.26
0.55
0.61
1.78
0.99
1.15
4.11
4.36
3.1
2.28
2.12
1.39
1.34
2.06
1.99
2.06
1.91
0.86
0.87
1.66
1.93
0.96
2.06
1.75
2.43
1.64
3.33
2.4
1.89
2.09
1.59
1.72
0.76
2.11
1.46
0.86
0.81
0.79
0.89
1.6
1.77
1.84
0.89
1
1.24
1.13
0.9
1.94
3.07
2.31
1.72
1.65
2.48
1.34
1.59
2.3
2.14
1.3
2.15
1.43
2.08
2.74
3.08
3.42
1.9
1.93
1.74
2.33
4.41
3.4
2.13
3.59
2.74
1.39
1.85
1.92
1.75
1.95
1.69
2.08
1.2
2.05
1.93
2.37
1.12
1.25
1.94
1.9
2.61
1.56
2.69
2.07
1.89
2.19
2.19
2.18
2.29
1.89
2.67
1.09
2.18
1.91
1.55
1.24
2.35
1.59
1.27
2.6
1.83
1.76
2.5
2.07
1.89
1.33
1.36
2.03
1.74
2.15
2.18
2.06
2.03
3.06
1.8
2.66
2.2
1.87
1.36
1.76
1.14
2.71
1.74
1.95
1.66
1.42
2.39
2.09
2.22
1.5
2.19
1.92
1.31
1.47
1.34
2.61
3.38
2.31
1.72
2.34
2.86
2.37
2.35
3.29
1.56
1.65
2.52
2.57
1.74
2.19
2.29
1.69
1.83
3.03
2.6
1.62
1.43
2.71
1.54
0.91
1.98
2.34
2.17
1.88
2.03
2.54
2.85
1.54
1.78
1.75
1.35
1.94
2
1.93
2.53
1.8
1.85
1.7
2.97
1.41
1.93
3.15
1.98
2.19
1.87
1.41
2.39
1.93
2.91
2.16
1.67
1.43
2.43
1.35
1.13
1.98
1.71
2.04
1.64
1.94
1.62
1.44
1.59
0.85
1.03
1.12
1.11
1.33
1.97
1.75
1.3
1.76
2.16
1.96
0.88
1.88
1.61
1.28
1.59
1.45
1.71
1.4
1.24
1.27
1.3
1.78
1.35
1.41
1.9
-99
-99
-99
2.32
1.35
1.4
-99
-99
1.34
0.25
1.85
0.79
0.76
0.99
1.17
0.76
1.14
1.84
1.04
1.33
1.79
1.45
1.26
1.48
0.66
1.22
0.74
0.81
0.68
1
1.67
1.96
1.37
1.35
1.12
1.47
0.95
1.59
1.23
1.16
0.43
0.45
0.91
0.98
0.74
1.11
1.39
0.95
0.53
0.36
0.5
1.2
0.86
1.02
2.41
2.51
3.59
1.3
2.17
1.67
0.89
3.45
3.39
2.93
4.53
4.64
1.17
1.26
1.04
1.31
0.91
0.83
1.29
2.08
2.23
2.07
1.86
0.33
0.23
0.55
0.74
0.7
0.24
0.26
1.14
0.06
0.38
2.01
0.76
0.31
2.03
3.98
4.05
2.94
1.01
0.28
0.2
1.73
1.22
0.13
0.4
1.8
1.04
0.56
0.57
0.14
0.15
1.47
1.54
0.77
0.83
1.07
0.93
1.57
0.07
0
0
0.55
3.19
1.76
1.4
1.58
1.32
1.93
1.64
1.98
2.47
1.45
1.46
1.3
0.92
1.15
1.23
1.2
1.78
1.29
2.03
3.68
3.75
3.32
4.65
3.24
1.18
1.74
1.51
1.24
1.77
0.97
2.23
1.94
1.81
2.53
2.94
3.64
3.26
3.25
1.7
1.91
2.35
4.82
4.25
1.71
2
1.54
1.79
1.65
2.09
2.89
1.28
1.89
1.25
1.75
3.02
3.44
2.18
1.85
1.16
3.29
1.9
2.44
2.61
1.32
2.13
2.34
1.88
1.96
2.23
1.87
1.42
1.45
2.54
1.73
2.01
2.3
2.06
1.75
2.11
1.4
3.06
1.73
1.23
1.9
1.79
1.85
2.72
2.52
2.47
1.31
2.36
2.24
2.77
1.75
2.4
2.64
2.7
2.46
2.26
1.89
2.13
2.3
2.1
2.13
1.82
2
2.04
2.23
1.03
1.44
1.66
3.06
2.29
2.38
2.09
1.89
2.45
2.11
2.35
1.98
2.17
2.72
4.38
2.92
2.59
2.88
2.58
1.73
2.3
3.04
2.55
2.8
2.63
1.71
2.45
2.67
2.27
2.29
3.07
1.68
2.86
2.27
2.18
1.59
2.52
2.18
1.98
2.6
2.33
2.8
2.45
1.52
2.04
1.76
2.39
2.2
2.51
2.64
2.27
2.94
2.44
1.66
1.58
2.44
2.14
1.22
1.81
2.18
2.11
2.15
2.28
2.35
2.54
2.89
2.23
2.09
2.19
2.37
2.24
2.01
1.96
2.7
2.19
1.65
1.78
3.55
3.07
2.64
2.3
2.48
3.01
2.6
1.83
2.26
2.46
2.31
3.26
2.8
2.36
1.28
1.88
3.13
2.2
1.64
2.48
2.15
1.32
1.76
2.46
1.69
2.42
2.1
1.87
2.75
2.54
2.22
1.94
1.44
1.93
2.2
2.16
2.35
1.74
2.15
2.17
1.71
2.14
1.93
1.57
1.06
1.83
2.31
1.56
0.74
2.46
1.28
2.94
1.93
0.98
1.27
2.58
2.04
2.19
1.44
1.18
1.2
2.05
1.51
3.32
1.72
1.8
1.88
1.63
1.1
0.69
1.46
1.74
1.26
1.72
1.38
1.53
1.31
1.22
1.41
2.33
2.49
1.68
1.66
2.51
2.41
1.09
1.61
1.49
0.8
1.11
1.28
1.38
1.42
1.34
0.9
0.98
0.9
1.25
0.67
0.84
1.25
1.5
1.17
1.66
1.44
1.82
1.07
1.51
2.22
2.57
2.54
1.47
3.55
2.56
2.5
2.66
2.16
1.23
1.89
1.33
1.3
1.81
1.74
0.49
2.2
1.43
2.37
2.8
2.33
3.25
3.56
1.54
1.04
1.45
1.03
0.93
0.71
1.24
1.95
1.64
1.4
1.04
1.45
1.26
0.86
0.95
2.1
0.8
0.95
1.63
1.99
2.24
1.7
1.72
1.79
1.84
1.71
1.77
1.35
1.39
2.03
1.87
1.93
2.05
2.33
1.46
1.43
0.5
0.94
1.72
2.17
1.45
1
1.4
1.18
5.84
4.15
0.91
1.02
2.04
1.92
0.99
1.09
0.79
2.26
1.39
0.99
0.47
0.73
2.05
3.05
2.13
2.53
4.08
2.48
4.74
2.61
3.21
3.21
0.84
1.16
1.34
1.83
1.57
1.14
2.13
2.44
2.5
3.68
2.85
1.85
2.05
2.77
2.53
2
1.5
2.03
2.48
2.35
2.86
1.36
2.6
2.11
1.54
2.05
2.08
1.3
1.68
1.85
2.39
5.08
5.29
3.3
3.21
1.89
2.18
2.04
1.55
1.43
1.16
1.66
2.47
0.97
2.84
2.9
2.42
2.29
0.95
1.87
1.68
2.61
1.64
1.34
1.26
0.67
0.81
1.83
1.67
1.98
2.18
2.12
1.83
1.15
1.52
1.74
1.62
1.89
1.48
1.95
2.08
2.26
1.31
1.89
2.12
2.12
1.49
1.89
1.41
2.4
1.72
1.1
1.76
1.47
2.28
2.32
1.81
3.39
2.72
1.97
2.42
2.15
1.25
2.26
3.78
2.78
1.44
2.77
2.2
1.69
2.89
4.91
2.83
1.8
2.49
3.51
2.11
3
2.99
1.28
1.36
1.61
1.17
1.76
2.3
1.81
2.19
1.85
1.95
3.49
1.89
1.98
1.39
2.52
1.85
2.59
2.35
2
1.55
1.81
2.06
2.52
1.65
1.27
1.34
1.18
1.92
1.48
2.84
2.13
1.14
1.7
2.31
2.18
2.44
2.15
1.63
1.86
1.86
2.02
1.85
1.55
1.74
1.91
1.9
1.54
1.84
1.56
2.69
1.59
1.34
1.72
2.14
1.6
2.23
1.86
1.6
1.93
1.93
2.17
1.44
1.64
0.79
1.76
1.67
2.2
1.31
1.49
1.7
1.43
1.17
1.2
2
1.04
0.96
2.59
2.23
-99
1.36
1.76
1.36
1.64
1.08
1.23
1.4
2
1.48
1.98
1.33
1.52
1.44
1.53
0.9
1.51
1.87
1.12
1.79
1.05
1.52
1.83
0.94
1.42
1.67
1.05
2.01
1.38
1.37
0.91
1.1
1.31
1.17
1.45
1.81
2.54
1.46
0.72
1.12
1.2
1.54
1.19
0.91
1.5
1.6
1.59
1.17
1.4
1.42
1.12
1.33
1.26
1.02
1.06
1.15
1.17
1.2
1.37
1.76
1.16
0.88
0.94
1.25
0.7
1.13
0.96
1.03
1.13
1.12
0.81
1.24
0.87
1.11
0.93
0.86
1.09
1.48
1.05
0.95
1.08
1.05
0.64
1.14
1.34
1.43
1.67
1.18
1.14
0.59
0.77
0.75
1.07
0.83
1.34
1.27
1.03
1.39
1.12
1.34
1.22
1.02
1.14
1.92
1.11
1.3
0.98
1.46
1.93
4.65
4.1
2.85
1.31
0.88
0.95
0.83
0.85
0.63
0.67
0.72
0.61
0.66
0.48
0.81
0.93
0.87
1.11
0.95
0.68
0.9
1.03
1.13
1.15
0.73
0.97
1.8
1.36
1.71
0.88
0.64
0.85
0.55
2.36
3.42
1.13
1.16
1.52
3.89
2.33
1.29
1.04
0.79
0.91
1.37
1.34
0.91
1.3
0.83
1.22
1.07
1.06
0.83
1.33
1.03
1.22
2.12
3.07
1.35
1.2
0.84
1.16
1.12
1.11
0.92
0.91
1.44
0.86
1.14
1.43
1.1
0.35
0.33
0.67
0.99
1.2
0.94
0.85
0.51
1.05
0.92
0.68
0.99
1.38
1.83
1.7
3.27
3.14
1.85
0.89
1.48
1.47
1.9
2.58
1.21
1.52
0.91
1.1
1.84
1.2
1.38
1.4
1.39
2.4
2.35
1.79
4.06
2.69
2.34
2.86
1.48
1.17
2.09
2.01
3.05
1.13
1.48
1.79
1.93
1.62
1.91
2.03
2.02
2.45
1.79
1.76
1.7
2.11
2
1.08
1.25
1.96
2.06
1.75
2.37
1.96
1.5
2.06
1.22
1.8
1.68
1.44
2.36
2
2.16
1.88
1.6
1.58
1.39
2.32
2.35
1.96
0.87
1.99
1.68
0.84
1.38
1.46
1.17
1.45
0.97
1.38
1.57
2.31
1.63
1.22
1.27
2.06
2.01
1.34
1.64
1.66
1.99
1.84
1.24
1.72
1.57
1.49
1.26
1.18
1.14
2.11
1.19
1.74
1.13
1.7
1.35
2.03
1.74
-99
1.26
1.82
2.27
1.39
1.67
1.48
1.95
1.7
2.04
1.75
1.84
1.72
1.28
1.74
1.84
1.58
1.86
1.77
2.25
1.16
1.9
1.93
1.75
1.32
1.42
1.84
2.1
1.6
2.14
2
1.68
1.92
1.38
1.29
1.2
1.85
1.7
1.76
1.39
1.76
1.91
1.74
1.66
1.91
1.54
1.59
2.11
1.73
1.45
1.46
1.42
1.55
1.66
2.17
1.57
1.3
1.94
1.69
1.96
1.45
1.94
1.73
1.93
1.58
1.99
1.2
1.27
1.73
1.22
1.71
1.82
1.83
1.63
1.78
1.86
1.57
1.33
1.67
1.17
1.77
1.49
1.7
2.23
1.77
1.83
1.51
1.56
1.68
1.96
1.42
1.61
1.49
1.64
1.24
1.31
1.52
1.65
1.51
0.42
0.64
0.99
1.28
0.96
1.36
1.37
1.16
1.76
1.24
1.16
2.06
1.74
1.79
1.12
1.46
0.97
0.62
1.43
1.33
0.96
1
1.18
1.48
1.29
1.31
0.75
0.84
0.97
1.1
0.95
1.54
1.06
1.3
1.17
1.4
0.55
1.69
2.11
2.06
1.42
2.47
1.25
1.35
1.32
1.32
1.07
0.81
1.42
1.5
1.04
1.17
1.52
1.45
1.2
1.31
1.22
0.92
0.98
1.47
1.7
1.61
1.63
2.92
1.33
1.05
0.7
2.38
1.87
2.86
3.39
1.48
2.28
1.44
2.94
1.1
0.75
0.61
0.61
1
2.39
1.3
1.07
1.71
1.61
1.03
1.07
1.54
1.93
1.05
0.82
0.7
0.68
0.81
1.15
1.31
1.4
1.09
0.36
0.45
0.69
0.83
0.56
0.7
0.81
1.51
0.74
1.12
0.72
0.56
0.55
1.86
1.6
1.2
1.41
0.85
0.81
0.96
1.44
1.94
1.84
1.92
1.86
2.75
7.13
2.99
4.41
3.58
1.5
0.85
0.65
0.7
0.97
0.47
1.75
1.88
1.05
1.67
4.14
3.28
2.08
4.33
3.15
1.35
1.26
1.56
1.16
1.09
1.34
1.26
1.09
1.28
1.2
1.73
1.52
1.43
1.44
2.04
1.65
0.93
0.98
0.95
1.11
2.24
5.69
3.92
1.66
1.66
1.85
1.62
1.2
1.46
2.45
1.39
1.93
2.41
1.55
2.06
2.08
2.11
1.46
1.34
2.15
2.15
1.83
1.61
1.11
0.97
1.45
1.34
1.54
1.65
1.38
1.26
1.46
1.44
1.46
1.43
1.53
1.81
1.73
2.42
1.48
2.59
1.63
1.92
1.65
1.7
1.06
1.53
1.19
1.67
2.69
1.93
1.98
2.35
1.31
2.04
1.99
1.86
1.41
1.49
1.59
1.66
1.37
2.06
2.15
1.7
1.12
1.41
1.33
1.76
1.77
1.45
1.36
2.42
1.78
1.74
1.96
1.6
1.8
1.57
1.45
1.79
1.74
1.58
1.69
1.89
2.25
1.68
2.1
2.12
1.66
2.23
2.34
1.67
1.32
2.68
2.29
2.29
2.97
2.05
2.67
1.51
2.16
1.58
1.57
1.83
2.01
1.78
1.74
2.35
2.09
2.26
2
2.03
2.44
2.58
2.19
1.3
2
2.03
2.07
2.06
2.3
2.25
2.36
2.4
2.13
1
0.79
1.78
1.1
1.74
1.64
1.94
1.93
1.39
2.53
2.98
1.68
1.84
2.03
2.23
2.9
1.93
2.37
1.33
1.91
2.29
1.44
1.71
1.5
2
2.13
2.18
1.54
1.77
1.64
2.09
1.72
1.81
1.84
2.21
2.02
2.43
2.59
2.12
1.77
1.57
1.98
1.78
1.91
2.06
2.41
1.34
1.64
1.39
1.81
2.13
2.47
2.9
2.34
1.81
1.7
1.72
2.18
2.06
2.1
2.14
1.86
1.82
2.1
2.15
2.17
2.15
1.38
1.93
0.85
1.65
2.08
2.02
1.97
1.75
1.66
1.55
2.15
1.98
1.77
1.6
2.07
1.32
2.08
1.34
1.8
1.31
1.85
1.32
1.43
1.18
1.14
2.02
1.84
1.55
1.59
2.09
1.72
1.77
2.63
1.89
1.87
1.9
0.97
3.54
2.17
2.7
2.69
1.08
0.95
1.21
1.3
1.39
1.92
1.31
1.03
1.93
2.56
4.08
3.49
3.5
1.99
3.34
6.89
3.54
1.8
1.22
1.63
1.03
1.14
1.67
2.33
0.92
1.14
0.89
1.1
1.13
2.16
2.4
1.95
2.78
1.83
1.85
2
2.37
4.35
3.8
1.25
2.1
4.4
1.72
2.43
2.13
1.68
1.4
1.48
1.05
0.93
1.44
1.29
2.4
2.38
1.58
1.9
2.62
1.97
1.55
2.83
2.94
2.7
3.25
0.53
1.99
2.44
2.88
2.82
2.65
7.87
2.46
1.27
0.76
0.64
1.77
1.23
3.94
3.75
1.67
1.73
1.98
3.11
3.46
2.2
1.41
0.68
0.51
0.5
1.08
1.56
1.32
0.64
0.84
1.02
1.36
1.56
2.54
1.64
5.68
2.38
1.33
1.32
1.5
0.71
4.15
5.01
1.89
0.71
1.97
2.32
4.11
2.5
1.47
1.77
0.96
0.89
1.61
1.86
2.46
2.67
1.2
2.82
3.8
4.48
3.2
3.82
1.02
3.16
3.3
1.79
2.4
1.79
1.32
1.53
0.86
3.48
2.24
1.79
1.48
0.97
1.75
2.06
2.41
1.48
2.01
1.5
2.03
2.09
1.58
0.8
1.74
1.58
1.22
3.94
4.27
1.67
1.77
4.68
3.22
2.72
2.05
2.07
2.19
1.9
1.83
1.12
1.66
2.23
2.05
2.2
1.73
1.12
1.16
1.51
1.53
1.63
1.49
1.99
1.85
1.8
1.21
2.26
2.21
1.48
2.28
2.16
1.81
1.88
1.98
1.54
1.9
1.64
2.55
2.34
2.38
1.75
1.8
2.16
1.64
2.49
1.45
1.19
1.26
2.73
2.38
1.81
1.61
2.6
2.22
2.55
2.19
2.05
2.35
2.3
1.84
2.54
1.41
2.09
1.74
1.88
1.86
2.34
1.78
1.84
1.81
1.24
1.89
1.87
1.13
2.46
1.69
1.72
2
1.98
1.83
2.71
2.24
2.19
2.08
2.5
2.16
2.09
1.47
2.08
1.8
1.68
1.71
1.53
1.65
1.75
1.75
1.79
1.88
1.89
2.38
2.27
1.87
1.84
2.06
2.13
1.55
2.13
2.28
1.63
2.35
1.7
1.82
2.43
1.75
1.94
2.41
1.98
1.83
2.13
1.9
2.14
2.36
2
1.61
2.78
2.22
1.66
2.23
1.62
2.25
3.02
2.37
1.62
2.37
2.33
2.16
2.33
2.81
1.71
1.67
1.86
1.88
1.88
1.84
1.54
1.79
2.01
1.7
1.3
1.86
1.62
2.15
2.26
2.37
2.16
2.3
1.96
1.55
1.59
1.82
1.4
1.47
1.82
2.79
2.02
1.88
1.87
1.81
1.78
2.05
1.87
1.87
1.89
1.63
1.2
1.53
0.93
0.86
1.55
1.29
2.31
2.01
2
1.59
2.03
1.33
1.58
1.44
1.56
1.61
3.73
2.15
1.49
1.92
1.33
2.22
2.35
1.52
1.78
1.06
1.23
1.93
2.13
1.97
3.08
1.88
1.15
1.7
1.14
1.51
2.1
3.52
2.85
1.72
1.19
1.3
2.2
3.2
1.83
3
1.61
1.14
1.34
1.83
1.81
3.16
4.59
4.96
2.28
2.24
1.98
1.3
2.8
4.43
2.24
2.03
0.94
1.7
3.27
3.8
2.48
1.42
2.58
2.12
1.07
2.78
0.92
1.02
3.25
2.88
3.19
1.42
1.71
3.08
2.73
3.21
1.51
1.43
1.57
1.54
0.73
1.36
2.61
3.11
2.21
1.22
1.22
1.82
0.71
0.92
1.58
3.93
4.3
2.22
1.36
1.04
0.91
0.62
0.53
0.63
1.07
1.4
1.04
0.95
2.16
2.15
2.82
1.63
1.64
2.37
1.09
1.55
1.28
1.53
1.61
0.92
1.13
1.07
1.55
2.46
1.68
1.71
1.46
1.93
1.24
0.77
1.61
1.34
1.25
1.22
2.31
2.73
1.69
1.4
1.24
1.1
0.88
1.22
1.75
1.95
1.79
1.71
1.65
1.69
1.14
2.95
2.18
1.99
1.84
1.18
2.96
3.7
1.15
1.46
1.66
1.71
1.83
2.03
1.64
1.41
0.61
1.06
1.42
1.56
1.8
3.21
1.17
1.56
2.22
2.93
1.95
2.02
1.49
1.46
2.19
2.36
1.32
1.99
1.66
1.39
2.45
2.04
1.58
2.07
2.04
1.61
1.59
1.6
1.63
1.87
2.56
1.58
1.42
1.92
1.59
1.43
2.55
1.68
1.65
1.74
1.9
1.45
1.66
2.3
1.94
1.74
2.13
1.4
1.7
2.76
1.12
2.47
2.1
1.21
1.94
2.68
2.3
1.72
1.82
1.64
1.39
1.77
2.34
1.94
2.91
2.49
1.51
1.69
1.5
1.49
2.13
1.92
1.96
1.94
1.93
1.94
2.5
1.93
2.21
1.95
2.1
2.25
2.14
1.66
2.18
2.55
1.98
1.5
1.86
1.92
1.86
1.71
1.51
1.51
1.38
1.96
1.2
2.08
2.38
1.07
1.95
1.3
1.4
2.16
2.11
2.03
1.39
2.76
2.09
1.38
1.77
2.48
2.31
2.39
1.5
1.83
1.73
1.61
1.83
1.98
1.89
1.73
1.98
1.54
1.48
2.45
1.97
1.82
2.15
2.05
1.81
1.63
2.44
2.25
2.36
1.61
2.17
2.52
2.68
2.54
2.21
1.64
1.79
2.38
1.43
2.06
1.95
2.04
1.47
1.7
1.74
1.44
2.17
1.99
1.83
1.6
1.72
2.03
2.22
2.32
2.27
1.76
1.78
1.66
2.1
1.94
2.49
1.78
1.82
1.79
1.6
1.74
1.69
2.03
1.74
2
2.01
2.26
1.48
1.78
1.91
1.68
1.87
1.81
1.76
1.8
1.94
2.01
1.18
1.54
1.42
1.35
1.34
1.83
1.78
1.88
2.12
1.57
2
1.83
2.85
2.09
1.65
1.76
1.76
1.19
1.62
1.49
1.45
1.52
1.86
1.42
1.57
1.43
1.61
1.75
1.39
1.6
2.38
1.68
1.76
2.02
1.54
1.45
1.8
1.52
1.46
1.52
1.46
2.15
1.9
1.62
1.27
1.19
1.14
1.27
3.06
1.71
1.03
0.58
0.79
1.28
0.88
1.26
2.19
2.42
1.77
1.33
2.42
2.05
1.39
1.23
1.17
1.51
1.06
0.47
0.77
0.85
0.69
0.88
0.96
0.71
1.02
0.81
1.21
1.43
1.09
1.07
1.7
0.87
0.9
1.09
1.37
2.12
1.49
1.63
1.69
1.65
1.74
1.46
1.37
0.91
1.11
1.28
1.81
2.49
2.34
3.44
4.44
4.49
3.19
1.8
2.11
1.41
3.5
1.96
1.37
1.32
1.09
1.1
1.21
1.49
3.57
1.8
1.95
4.09
1.52
1.48
3.49
2.97
1.41
1.06
1.34
1.16
0.81
1.42
1.66
1.18
0.83
0.81
1.36
1.36
1.44
1.31
1.82
1.5
1.55
1.3
1.42
1.17
0.89
0.95
1.86
1.71
1.73
0.9
1.44
2.71
3.08
1.91
1.59
3.15
2.15
2.72
2.06
3.28
1.9
1.96
1.36
2.12
1.67
1.37
1.85
1.16
1.65
1.41
1.24
1.49
1.54
1.43
1.16
1.84
1.55
1.4
1.59
1.84
2.09
2.03
2.37
1.74
1.74
2.13
1.79
1.8
1.45
1.64
1.64
1.44
1.01
1.62
1.24
2.3
2.21
2.01
2.64
1.48
1.54
1.48
1.7
1.86
1.66
1.54
1.55
1.49
1.8
1.86
1.65
0.62
1.32
0.82
2.11
3
1.89
1.8
2.03
3.26
1.16
1.79
2.38
2.16
3.4
2.99
2.35
3.41
3.13
1.82
2.71
2.23
3.53
2.98
1.63
1.76
3.23
2.71
2.85
2.12
1.88
1.77
1.83
2.34
2.23
2.12
1.97
1.51
1.63
2.7
2.06
2.53
1.86
2.26
1.76
1.25
2.41
1.2
1.48
4.32
3.3
2.19
1.44
2.11
1.61
1.95
1.99
1.79
1.95
2.02
1.69
1.73
2.52
2.69
1.67
1.78
1.15
2.04
2.66
2.28
2.91
2.31
2.63
1.8
1.81
1.43
1.86
2.16
1.36
1.86
2.03
2.26
1.48
2.03
2.1
1.89
1.84
1.88
1.51
1.79
1.73
1.66
1.54
1.64
2.07
1.67
1.62
2.31
1.72
1.26
2.77
2.2
1.79
2.71
2.89
2.35
1.48
2.23
1.71
2.15
2.58
2.42
2.38
1.8
1.99
2.12
1.79
2.43
2.18
1.41
1.85
1.66
2.14
2.48
2.43
2.4
2.19
2.29
2.01
1.95
2.16
1.8
2.55
1.77
1.65
1.71
1.84
1.94
1.78
1.69
1.72
2.13
1.75
2
1.88
2.35
2.48
1.66
2.36
1.94
1.13
1.95
2.12
2.04
2.3
2.06
1.71
1.82
1.96
1.36
1.51
1.47
1.68
2.03
2.27
1.77
1.99
1.69
1.38
1.51
1.17
1.49
1.53
1.5
1.69
3.87
2.57
2.7
1.18
1.01
1.12
1.51
1.79
1.59
1.31
1.06
1.52
1.56
1.69
1.83
1.34
1.5
1.32
1.42
1.5
2.56
1.99
1.77
1.42
2.09
2.35
2.22
2.35
0.87
1.23
1.37
0.6
1.93
2.68
3.75
2.04
0.65
2.37
2.78
2.61
2.03
1.83
2.58
2.01
1.36
1.28
1.2
1.7
0.86
1.66
1.25
0.85
1.07
1.01
1.03
0.72
1.7
1.8
0.73
1.18
2.12
1.65
0.85
1.17
1.36
3.4
3.07
1.64
1.4
2.24
1.7
3.87
4.74
2.29
2
2.5
1.43
1.21
0.89
0.5
1.3
2.69
3.48
2.55
2.7
1.43
0.54
2.13
2.83
1.38
1.36
0.83
0.81
1.7
1.71
1.32
2.02
1.6
1.59
1.33
1.48
1.46
1.62
1.74
1.5
1.82
1.14
1.76
1.42
1.37
1.41
1.91
2.9
3.37
3.05
1.86
1.14
2.77
3.32
2.59
2.1
3.92
1.82
3.86
1.66
1.44
2.89
1.47
1.57
1.34
2.59
5.3
3.9
1.49
2.52
4.85
2.94
1
2.13
1.75
4.71
3.96
1.75
1.77
1.78
1.66
0.93
1.13
1.28
1.4
0.93
1.79
1.58
2.74
1.47
1.38
1.42
1.79
1.78
1.64
1.22
2.35
4.13
1.9
2.91
3.84
2.73
3.3
3.25
2.59
2.08
3.93
2.08
2.07
1.26
3.91
1.94
1.64
2.16
1.6
1.48
1.42
2.96
2
1.31
1.45
2.26
4.8
2.3
1.82
2.61
1.96
1.22
1.67
1.73
3.21
2.47
2.79
1.83
2.89
2.63
1.71
1.83
1.71
1.48
1.68
1.94
1.7
2.58
1.96
1.73
2.1
2.88
1.51
1.47
1.86
0.91
0.97
1.64
1.53
1.99
1.9
1.85
1.49
1.87
1.58
1.17
1.51
2.53
1.85
2.3
1.55
0.93
1.72
2.33
2.53
2.74
1.86
1.57
1.56
2.67
2.48
2.98
3
2.13
1.92
2.15
3.24
2.08
1.87
3.16
1.68
2.19
2
1.66
2.12
1.48
1.84
1.99
1.77
1.33
1.73
1.54
1.69
1.58
1.73
2.27
1.98
1.85
1.66
1.49
1.7
2.24
2.58
1.73
1.7
2.18
1.5
1.5
1.67
2.24
1.98
2.03
2.1
1.58
2.05
2.62
1.89
2.19
1.93
1.76
1.92
2.04
2.19
2.14
1.82
1.89
1.8
1.67
1.97
2.07
1.98
1.64
1.61
1.8
1.91
1.66
2.05
2.59
1.44
1.82
1.85
1.66
1.75
2.04
1.64
2.01
1.19
2.32
1.68
1.82
1.62
1.99
2.28
1.95
2.45
1.97
2.17
1.77
1.85
1.99
1.92
2.05
1.87
2.44
2.12
1.18
2.32
1.86
1.53
1.26
1.53
2.15
1.73
1.7
1.81
1.85
1.53
1.6
1.26
2.28
1.91
1.29
1.5
1.77
2.2
1.62
1.7
2.32
1.35
1.41
1.55
1.46
1.88
1.67
1.72
1.8
1.21
1.1
1.81
2.59
1.91
1.73
1.67
2.63
1.2
1.4
1.4
1.34
1.82
1.34
1.65
1.71
1.46
1.31
1.7
2.14
1.33
1.41
1.05
1.29
1.18
1.16
1.3
2.1
1.5
1.46
1.27
2.55
2.13
1.33
1.18
1.58
1.53
1.97
2.04
4.01
4.07
2.81
1.19
2.38
2.2
3.54
1.64
1.25
1.18
1.8
1.95
1.28
0.86
1.71
2.8
2.8
4.68
3.41
2.34
1.47
1.71
1.44
1
1.13
1.16
1.14
1.33
1.85
1.28
1.57
1.61
1.78
1.71
0.84
1.29
1.13
0.75
1.2
0.98
1.01
1.23
0.63
0.85
1.43
1.17
1.03
1.66
1.64
1.6
3.34
3.46
6.16
1.74
3.05
1.98
1.38
1.26
1.9
1.74
1.59
2.65
4.1
1.51
1.04
0.91
0.68
0.68
0.73
0.98
1.76
2.11
1.15
1.52
2
1.93
1.22
2.71
2.51
0.94
1.57
2.95
1.14
2.59
4.8
2.93
1.83
1.86
1.62
1.43
2.8
1.61
1.99
3.39
1.2
3.56
2.86
1.9
3.98
3.41
2.41
3.19
1.79
-99
-99
1.22
1.02
1.74
1.44
1.59
1.53
1.26
1.26
2.11
2.52
1.7
3.88
3.3
1.38
4.37
4.38
1.44
1.63
1.97
1.45
1.76
1.65
1.34
1.97
1.46
1.39
2.14
2.15
2.13
1.19
1.25
1.92
1.53
1.6
3.06
2.72
3.47
1.86
1.86
2.51
3.89
2.41
1.15
1.33
1.94
2.03
3.36
1.3
1.93
1.69
1.75
2.13
1.89
1.96
1.55
1.48
2.05
1.38
1.66
1.74
1.88
2.27
0.88
1.4
1.43
1.93
2.68
2.6
2.53
2.6
2
2.23
2.11
1.77
2.4
1.84
2
1.88
1.46
1.75
2.11
1.45
1.68
2.19
2.35
2.52
2.09
1.87
1.86
2.5
1.83
2.43
2.05
2.45
2.75
2.55
2.12
2.43
1.32
1.39
1.36
1.74
1.19
1.51
2.25
1.83
1.99
1.8
1.96
1.65
1.96
1.71
1.61
1.73
1.84
2.09
2.28
2.53
2.23
2.2
1.98
2.09
1.65
1.61
2.08
1.56
2
2.06
1.86
1.79
2
1.93
2.48
2.24
2.22
3.08
2.66
1.99
1.83
1.79
1.44
2.13
2.6
1.73
2.39
1.91
1.51
2.11
1.88
2.07
1.96
1.66
1.93
2.54
2.36
2.01
1.68
2.13
1.65
1.97
1.89
1.45
2.13
1.94
1.59
2.09
1.41
2.2
1.71
2.39
1.82
1.5
1.73
2.03
1.31
2.29
2.27
3.11
2.04
2.21
1.68
2.35
1.55
2.31
2.24
1.65
1.22
1.4
1.71
1.22
1.21
2.08
1.75
1.71
2.02
1.73
1.83
1.4
2.01
1.33
1.88
1.19
1.7
1.57
1.51
1.49
1.59
2.17
1.83
1.75
1.73
2.06
1.44
1.47
1.83
1.69
1.37
0.87
1.28
1.36
1.39
1.54
1.35
0.69
1.38
0.66
1.26
1.25
1.65
1.29
1.61
1.39
1.58
1.48
1.26
1.47
1.44
1.44
1.96
1.01
1.9
2.12
2.15
1.55
1.23
1.79
1.15
1.38
1.39
1.38
0.96
1.35
1.25
1.18
1.19
1.04
1.05
1.24
0.99
2.37
2.62
1.7
1.66
1.26
1.13
2.06
1.24
0.86
2.73
1.83
0.98
3.43
2.99
2.64
2
1.47
0.77
0.95
0.71
1.12
0.66
0.76
1
0.73
2.6
3.58
1.41
1.13
1.49
0.98
1.2
2.23
2.19
2.78
1.73
3.75
2.05
1.95
1.55
1.05
0.7
0.99
1.53
1.6
1.85
1.7
1.55
1.43
0.85
1.38
0.99
1.24
1.36
2.97
3.22
1.78
1.89
1.45
1.55
1.54
1.48
1.49
1.11
1.23
0.76
1.62
1.95
1.66
1.55
1.94
1.92
2.01
2.34
2.35
1.54
1.6
0.72
1.39
1.99
1.35
3.07
4.61
3.18
1.2
1.56
1.62
3.43
4.34
3.88
5.08
2.18
1.25
2.66
2.96
2.34
1.41
2.4
1.66
1.54
1.25
1.16
1.87
2.58
1.2
1.39
0.77
1.4
1.39
1.39
1.9
2.59
2.05
4.75
2.67
1.43
2.28
1.56
1.8
2.03
1.87
2.02
2.75
2.27
1.71
1.48
1.24
1.47
1.06
1.82
1.75
2.09
1.54
1.53
1.5
2.52
2.76
2.59
2.98
1.53
2.1
0.8
2.11
1.88
1.84
2.38
1.73
3.53
1.83
1.66
1.61
1.38
1.79
2.23
2.29
2.23
1.61
1.78
1.74
1.65
1.72
1.5
1.57
2.12
1.78
1.82
1.54
2.01
1.99
1.86
1.34
2.22
1.54
1.23
1.91
2.84
2.52
1.23
2.22
2.68
1.93
1.52
1.47
2.26
2.11
1.49
1.9
1.79
1.57
1.7
1.71
2.03
1.45
2.71
3.13
2.1
2.17
1.35
2.3
2.06
2.06
2.55
2.18
2.1
2.87
2.64
1.87
1.71
2.57
1.91
1.89
1.89
1.85
2.06
2.39
1.95
2.16
1.64
1.96
2.08
2.4
2.23
1.89
1.81
1.12
1.66
2.29
1.7
1.77
2.22
1.82
1.93
2.33
2.25
2.37
1.42
1.76
2.12
1.96
1.78
1.88
1.84
1.85
1.28
1.63
1.79
1.94
2.62
1.83
1.97
2.17
1.53
1.99
2.22
2.31
1.89
1.79
1.75
2.14
1.94
1.94
2.46
2.08
1.87
1.97
2.02
2.05
1.95
2.4
2.14
1.93
1.75
1.58
1.43
2.33
1.71
1.92
1.9
1.43
1.54
1.92
1.74
1.33
1.7
2.19
1.04
1.49
2.15
1.14
1.92
1.48
1.47
1.35
1.96
2.75
1.78
1.85
1.69
1.8
1.85
1.58
2.06
2.31
1.46
1.7
1.14
1.22
1.56
1.86
1.62
1.53
0.98
1.1
1.58
1.53
1.89
1.51
2.92
2.5
1.88
1.66
1.59
1.4
1.83
2.2
1.56
1.47
1.79
1.15
1.75
1.48
1.2
1.53
1.38
1.48
1.31
2.15
2.78
1.69
1.18
1.33
1.75
1.21
1.16
0.97
1.56
1.75
1.27
0.91
0.83
1.03
0.96
1.57
1.79
1.55
0.63
1.15
0.58
0.92
2.58
1.29
1.21
1.37
1.88
4.46
1.43
1.54
1.1
1.07
0.84
1.46
1.37
1.2
0.79
0.96
0.98
1.75
1.31
1.01
0.97
1.2
1.09
1.83
5.15
2.58
1.54
1.65
1.26
1.96
1.45
1.11
1.3
1.34
1.39
1.07
0.88
0.91
0.75
0.71
0.61
1.31
1.32
0.91
1.15
1.36
0.94
1.24
1.18
0.87
1.1
0.76
0.79
0.48
1.56
2.03
0.76
1.04
1
1.63
2
0.6
1.61
1.37
1.09
1.43
2.55
2.61
1.8
2.19
4.58
3.95
2.74
2.81
3.85
4.04
4.42
2.17
2.31
1.71
3.41
1.43
1.13
1.59
1.26
1.42
1.13
1.19
0.8
1.2
1.22
1.69
1.53
1.09
1.76
1.85
1.68
1.17
1.4
1.55
1.82
0.81
3.44
2.33
4.65
3.38
1.03
2.71
3.65
3.25
1.57
1.78
1.44
1.02
1.74
1.53
1.88
1.5
1.84
1.64
2.16
1.52
2.57
1.81
3.84
3.07
2.96
3.89
2.09
4.19
2.45
1.3
1.58
1.63
2.01
1.72
1.66
2.16
1.56
1.63
1.61
1
1.28
0.81
1.38
1.66
1.74
2.67
1.9
1.59
1.75
2.38
2.52
2.06
1.43
2
1.06
1.35
1.96
1.56
3.15
1.6
1.86
2.28
2.6
2.22
2.04
2.24
2.58
2.31
1.62
2.59
2.18
2.28
1.58
3.45
1.12
1.19
1.69
2.05
2.54
1.88
1.51
1.2
1.75
1.7
2.68
2.29
1.96
1.46
2.5
1.53
1.11
1.16
1.21
1.29
2.25
1.94
1.36
2.02
1.82
1.95
2.37
1.53
2.36
1.73
1.75
1.69
2.23
1.75
1.48
2.02
1.66
1.97
3.24
1.72
2.06
2.34
1.97
1.64
1.64
1.83
1.56
2.07
1.83
2.33
2.19
2
1.66
1.89
2.3
2.52
2.64
2.32
1.96
2.24
2.21
1.71
1.83
2.01
1.84
2.28
1.96
1.84
1.81
1.75
2.4
2.38
2.4
1.96
2.04
2.15
2.05
1.87
2.04
2.37
1.58
2.26
2.82
2.72
2.63
2.19
1.96
1.99
2.1
2.06
1.75
2.23
1.84
2.29
1.89
2.22
1.69
2.07
1.71
1.44
1.78
2.01
2.5
1.79
1.61
1.78
2.61
1.55
2.24
1.92
2.63
1.68
2.6
1.84
2.07
2.02
1.91
2.11
1.51
2.37
1.42
2.4
2.1
2.24
2.02
1.6
1.81
1.71
1.73
1.33
1.2
1.27
2.06
2.21
1.51
1.76
1.64
2.23
2.33
2.15
1.93
1.41
1.59
1.63
1.67
2.33
1.94
1.75
2.13
1.95
1.61
1.75
1.12
1.68
1.86
1.79
1.58
1.5
1.36
1.83
1.73
1.71
1.72
1.42
1.65
1.47
2.07
1.61
1.46
1.16
1.7
0.7
1.01
1.79
0.79
0.97
1.58
1.34
1.28
0.9
1.72
1.21
1.53
0.77
0.64
1.04
1.15
1.26
0.89
0.85
1.12
1.01
1.1
0.87
1.4
1.03
1.08
1.17
2.58
1.99
1.62
2.59
3.64
2.14
1.58
0.93
0.87
1.28
1.28
1.24
1.25
1.44
1.54
1.68
3.05
1.2
2.52
1.58
0.89
1
1.44
0.96
1
1.08
1.33
1.55
0.93
1.12
1.14
1.15
0.94
1.15
1.39
1.41
1.2
1.15
1.09
1.11
0.74
1.15
1.07
0.81
1.03
3.08
1.28
1.26
1.9
1.39
1.23
0.93
0.9
1.33
1.21
0.82
1.2
1.36
1.21
0.96
1.11
1.01
1.16
1.2
1.92
1.35
1.34
1.6
2.2
3.85
2.73
2.22
1.8
1.91
1.42
1.6
1.33
1.76
1.16
1.22
1.49
0.9
0.77
1.42
1.01
1.77
1.38
1.21
1.31
1.65
2.4
3.05
5.76
4.53
1.36
2.25
1.54
0.78
1.95
3.89
3.7
1.36
1.4
1.26
1.25
1.26
1.42
1.58
1.39
1.79
1.69
0.79
1.71
1.53
1.84
2.73
-99
1.49
3.47
4.03
2.03
3.81
2.8
1.34
1.13
1.35
1.27
1.27
1.75
1.75
1.61
1.39
1.86
1.53
1.29
1.54
1.45
2.15
2.47
1.62
2.13
1.2
1.35
1.79
2.12
1.76
1.74
1.86
1.91
1.58
2.11
1.3
1.69
1.58
1.56
1.65
1.8
1.55
1.88
1.41
1.9
2.18
1.87
1.49
2.14
1.7
2.12
1.98
1.81
2.1
1.75
1.81
1.19
1.53
1.93
1.44
2.88
1.88
1.85
0.98
1.22
2.2
2.83
1.9
1.92
2.13
2.05
1.74
2.61
2.97
1.9
1.99
1.74
2.01
1.98
2.26
1.7
1.57
1.63
1.65
1.96
1.77
1.97
1.87
1.66
2.03
1.3
1.97
2.04
1.78
1.58
1.11
1.67
2.69
2.96
1.32
1.73
1.68
1.87
1.83
1.67
1.64
1.35
2.08
1.92
1.97
2.04
1.75
1.84
1.82
1.82
1.9
1.68
2.14
1.87
2.2
2.12
2.04
2.19
1.5
1.42
1.37
1.57
1.38
1.24
2.3
1.59
2.07
1.48
1.5
2.31
2.58
1.54
2.63
2.22
1.83
2.35
2.46
1.35
1.84
2.22
1.86
2.49
2.3
1.74
2.26
1.76
2.18
2.42
1.26
1.83
1.8
1.79
1.9
1.89
2.19
1.93
2.37
2.13
2.53
1.71
1.35
1.68
1.72
1.48
1.89
1.36
2.12
2.15
1.55
1.57
1.64
1.61
1.8
1.65
1.72
1.51
1.65
1.96
1.27
1.88
1.87
1.48
1.78
1.37
2.05
2.13
1.89
0.96
2.42
2.31
2.13
1.97
2.01
1.1
1.63
1.93
1.28
1.64
1.79
1.42
0.94
1.31
1.32
1.88
1.58
1.63
1.78
1.46
0.99
1.31
1.27
1.32
1.11
1.48
1.39
1.67
1.59
1.49
1.27
1.43
1.2
1.52
1.42
1.04
1.5
1.45
1.44
0.9
0.9
1.49
1.29
1.26
1.37
1.14
1.26
1.38
1.52
1.71
1.08
1.23
0.89
1.05
1.07
1.18
2.69
3.51
1.4
0.82
0.89
0.8
1.35
1.88
2.27
1.44
0.56
0.95
1
0.88
1.14
1.03
1.46
1.02
1.46
1.55
1.52
1.16
0.82
0.91
0.83
1.69
2.23
2.95
2.1
1.39
1.04
1.19
1.59
1.49
1.48
2.22
3.29
1.24
1.93
1.54
3.14
2.75
1.64
1.13
0.78
0.64
1.03
1.17
1.26
1.27
1.26
1.88
4.75
2.16
1.76
2.71
2.46
4.79
3.05
3.88
3.03
2.59
2.07
2.04
1.58
1.51
2.05
2.93
1.48
0.92
1.84
1.8
2.41
3.8
1.36
0.91
2.73
3.91
3.13
1.21
0.99
0.84
1.4
0.87
1.16
1.1
1.16
1.84
1.07
1.52
3.03
0.77
0.67
0.91
1.88
1.38
1.32
1.67
1.5
1.43
2.66
1.44
1.38
1.15
1.25
1.39
1.1
0.79
1.41
1.59
1.37
1.44
1.38
2.17
0.61
0.5
1.14
3.04
2.86
1.25
2.14
3.07
2.39
1.35
1.1
2.34
2.78
3.69
1.22
1.08
2.54
2.1
2.41
1.53
1.83
2.42
2.69
2.57
1.63
2.3
1.25
2.14
1.58
1.01
2.32
2.28
4.6
1.8
1.5
0.93
2.89
1.59
1.76
3.54
1.71
2.07
3.07
4.07
1.5
1.7
0.67
1.72
1.36
2.36
1.33
1.7
1.62
1.63
2.14
1.21
1.42
1.71
1.9
1.76
2.04
2.71
2.43
1.18
1.64
1.47
1.49
1
0.94
1.14
1.1
1.59
1.94
1.8
1.64
1.89
2.08
1.66
1.44
2.19
1.76
1.54
1.36
1.56
1.26
1.48
2.01
2.64
2.5
2.3
2.15
1.63
2.03
2.04
1.91
1.58
0.58
1.49
1.46
0.75
1.15
1.19
1.8
1.9
1.85
2.14
1.82
2.01
1.37
1.4
1.79
1.72
1.73
1.78
1.43
2.33
2.46
2.02
2.12
2.13
1.6
1.55
2.07
1.99
1.89
1.66
1.72
2.09
1.41
2.28
1.46
1.98
1.74
1.5
2.27
2.14
1.64
1.88
1.96
1.66
2.2
1.86
1.74
1.81
1.5
1.1
1.44
1.75
1.71
1.54
1.56
1.75
1.33
1.84
1.81
1.88
1.96
2.34
1.83
2.07
2.23
1.8
1.88
1.27
1.7
2.09
1.71
2.17
1.91
1.72
1.7
1.4
1.52
1.51
1.39
1.69
1.56
1.26
1.75
2.16
1.98
1.48
1.54
2.01
1.87
1.33
1.89
1.5
1.72
1.75
1.56
1.77
1.72
1.66
1.42
1.05
1.5
1.5
1.44
1.41
1.06
1.37
1.55
1.19
1.55
1.52
1.24
1.25
1.29
1.89
1.75
1.99
1.39
1.64
2.03
1.29
1.86
2.54
1.96
1.35
1.44
1.41
1.37
1.07
1.34
0.97
1.26
0.93
0.96
4.14
1.68
0.89
1.13
1.03
1.66
1.15
1.05
1.22
1.39
1.35
1.63
1.01
1.12
1.2
3.22
1.58
1.47
1.3
1.01
1.23
1.33
1.85
2.05
1.5
0.54
2.2
1.97
1.4
1.18
1.18
0.82
0.79
0.43
0.36
0.89
0.75
0.84
2.03
1.04
1.04
1.49
1.82
2.08
1.96
1.17
0.96
1.59
1.41
1.23
1.48
1.14
0.95
1.31
1.4
1.65
1.8
1.03
1.04
0.67
0.65
1.2
1.29
1.86
2.09
1.55
2.24
1.1
1.82
1.69
1.03
1.01
0.94
0.43
1.24
0.97
1.49
1.27
1.3
1.05
1.65
1.11
1.09
1.35
2.55
1.49
1.42
2.32
1.84
1.45
1.52
1.46
2.16
1.28
1.31
0.82
1.59
0.91
0.69
1.4
1.93
2.63
3.33
1.11
1.95
2.71
3.73
2.14
3.65
1.97
2.96
3.65
2.88
1.89
1.3
1.3
1.03
1.95
1.25
3.72
1.43
1.53
1.55
1.15
1.2
0.93
1.05
1.21
1.71
0.97
1.27
1.47
1.01
1.3
1.51
1.48
1.19
0.98
1.41
1.15
1.94
2.77
1.47
1.92
2.48
1.65
1.65
1.53
1.3
1.44
2.17
1.79
1.5
1.98
2.23
1.7
1.41
1.73
1.7
1.45
1.52
1.94
1.34
2.51
1.93
1.96
1.88
1.79
1.56
1.6
1.8
1.31
1.8
2.55
2.3
2.13
1.8
1.87
1.52
2.18
2.04
1.54
1.68
1.79
1.72
1.78
2.69
2.8
1.85
2.03
1.51
1.8
2.9
2.73
2.86
1.56
2.25
1.45
1.21
1.58
2.09
0.75
2.28
2.08
1.88
0.99
1.98
2.66
1.71
2.31
2.24
2.36
1.55
2.62
1.59
0.75
1.54
1.69
1.7
1.7
1.53
1.54
0.81
-99
1.42
1.63
2.23
1.89
1.76
2.1
1.82
2.33
1.83
1.9
2.05
2.46
1.63
1.92
1.32
1.99
1.07
1.79
1.71
1.54
2.08
1.55
1.69
1.6
1.43
2.06
1.64
1.65
1.41
2.63
2.93
2.22
1.34
1.59
1.75
1.4
1.79
2.03
1.93
1.76
1.79
1.31
1.88
1.57
1.5
1.61
1.79
1.38
2.18
1.76
2.27
2.53
1.3
1.95
2.01
2.08
1.94
1.84
1.53
1.73
1.92
1.49
1.43
2.42
1.59
2.35
2.07
1.87
1.96
1.98
1.67
2.02
1.52
1.91
1.76
1.62
2.31
1.74
1.77
1.95
1.74
1.58
1.37
1.46
1.29
2.54
1.79
1.71
1.95
2.14
1.69
1.76
1.62
1.18
1.6
1.69
2.04
1.63
1.7
1.44
1.7
1.25
2.57
1.56
2.08
1.42
1.74
1.35
1.58
1.51
1.57
2.1
1.99
1.21
1.39
1.74
1.53
1.64
0.93
1.68
1.82
2
1.93
1.65
1.33
1.6
1.64
1.69
1.49
1.59
1.5
1.16
1.96
1.17
1.22
1.54
1.16
1.05
0.78
1.38
1.6
1.32
2.77
1.98
1.49
1.39
1.7
1.72
0.85
2.04
1.75
1.65
1.09
1.09
1.02
1.54
0.83
1.28
1.34
1.08
1.96
4.15
3.28
3.25
2.61
1.84
4.3
2.23
2.11
2.66
2.18
0.96
1.87
1.51
1.81
1.74
1.18
1.65
0.92
1.22
2.17
3.8
2.35
1.26
1.67
2.87
2.63
1.22
1.02
1.12
0.95
1.2
1.73
0.74
1.05
1.24
1.41
3.77
1.77
1.44
3.56
5.32
2.89
1.53
0.42
0.98
0.95
0.92
2.87
2.92
4.61
2.68
1.09
1.16
1.14
1.38
1.1
0.8
0.89
1.2
1.31
1.24
1.03
0.9
1.26
1.04
1.06
1.06
1.36
0.76
1.64
1.04
1.32
1.17
1.16
0.98
2.83
1.3
1.23
2.49
2.96
2.8
1.71
1.14
0.45
1.39
2.37
3.5
1.04
1.46
1.32
1.39
1.63
1.72
2.83
1.67
1.26
0.73
1.05
1.64
2.04
1
1.26
1.5
1.09
1.2
1.59
1.52
1.52
1.52
1.44
1.55
1.19
1.37
1.46
1.36
2.59
2.75
1.86
1.63
2.79
5.23
3.3
1.34
2.95
4.08
2.09
1.45
2.06
1.42
1.19
0.94
1.45
1.59
1.88
2.58
1.33
1
1.4
1.37
1.23
1.69
1.27
2.14
1.32
1.5
1.31
1.49
1.42
1.26
0.85
1.38
1.3
1.63
1.85
1.92
1.73
1.18
1.75
1.64
1.43
1.07
1.79
0.94
1.26
2.35
1.49
1.04
2.05
0.85
0.63
1.05
1.24
1.46
1.53
1.95
1.66
1.49
2.54
1.75
2.75
3.31
1.43
1.59
1.44
1.47
1.77
1.82
1.67
1.29
3.05
2.98
2.1
1.82
1.83
1.58
1.42
1.51
1.84
1.86
1.76
1.37
1.35
1.64
1.56
1.25
1.78
1.93
1.96
1.77
1.89
1.79
1.4
1.54
1.41
1.84
1.9
2.04
1.44
2.01
1.56
1.2
1.86
2.18
1.92
1.64
2.07
1.35
1.74
1.66
1.33
1.35
1.18
1.83
1.5
1.45
1.78
2.14
1.78
1.78
2.25
1.68
1.8
1.93
2.33
2.16
1.52
1.96
1.9
2.24
1.75
1.83
2.06
1.54
1.78
2.06
2.06
2.1
1.74
1.65
1.88
1.61
1.86
1.59
2.11
2.02
1.88
2.05
1.3
1.54
1.74
1.66
1.69
1.72
1.86
2.71
2.61
1.81
1.91
1.53
1.76
1.97
1.41
1.45
1.5
1.43
1.93
1.55
1.87
2.08
1.04
1.55
1.73
1.46
2.05
2.19
2.58
1.63
1.53
1.69
2.42
1.16
1.76
1.65
1.38
1.66
1.78
1.52
1.73
2.18
2.27
1.34
1
1.45
1.55
1.78
1.55
1.19
1.29
1.42
1.18
0.86
1.71
1.62
0.98
1.18
1.45
2.05
4.98
3.5
1.64
1.55
1.31
1.2
1.41
2.38
3.61
2.58
1.52
1.9
2.1
1.4
1.07
1.54
1.45
2.84
1.56
1.35
2.15
1.62
1.45
1.38
0.92
1.98
1.24
0.76
1.9
1.56
2.73
2.6
2.16
1.5
1.4
1.53
1.42
1.01
1.62
0.81
0.83
1.3
1.91
2.35
1.29
1.07
1.23
1.6
1.03
0.85
1.17
1.8
1.55
1.14
0.88
1.12
1.57
1.35
0.99
1.19
1.26
0.68
1.03
1.24
0.93
1.28
1.15
1.07
2
1.67
2.33
2.14
2.45
2.19
2.75
3.26
1.93
1.19
4.38
1.18
0.88
1.07
1.17
0.62
0.45
1.25
1.43
1.44
1.79
2.11
0.99
2.58
2.4
2.15
4.2
3.44
3.35
1.9
1.48125
1.95208333333333
1.53125
1.7875
1.07916666666667
1.20208333333333
0.6
0.814583333333333
1.81875
1.03125
2.18333333333333
1.89791666666667
2.12916666666667
1.48541666666667
1.77083333333333
1.35625
1.83125
1.15416666666667
1.36041666666667
1.35833333333333
2.15416666666667
4.39583333333333
3.55625
3.625
2.79583333333333
1.475
0.964583333333333
0.989583333333333
2.70625
3.50833333333333
4.025
4.16458333333333
2.08541666666667
2.10416666666667
0.889583333333333
1.09583333333333
2.1
1.86458333333333
2.49583333333333
2.88125
2.83958333333333
1.47916666666667
1.17708333333333
1.27916666666667
1.32708333333333
0.535416666666667
2.10833333333333
1.05
1.2
0.970833333333333
1.09166666666667
2.91041666666667
1.34583333333333
0.566666666666667
1.32083333333333
1.0875
0.8
1.06666666666667
1.57291666666667
1.4625
1.36041666666667
1.01458333333333
0.89375
0.972916666666667
1.31666666666667
0.904166666666667
0.79375
1.54375
1.70208333333333
1.94583333333333
2.31458333333333
1.77291666666667
2.48333333333333
1.30625
1.72708333333333
2.30208333333333
2.64791666666667
1.05625
1.875
1.32291666666667
1.6125
1.62083333333333
1.35208333333333
1.49791666666667
1.07291666666667
1.24791666666667
1.61875
1.39791666666667
1.36041666666667
1.59375
1.44791666666667
1.89166666666667
1.91875
1.58958333333333
1.95208333333333
3.10625
2.17083333333333
1.72708333333333
1.32708333333333
0.529166666666667
1.24166666666667
1.45625
2.04166666666667
1.87916666666667
1.7875
1.20833333333333
1.61666666666667
1.77708333333333
1.625
1.27916666666667
1.14166666666667
1.66041666666667
1.92291666666667
1.71041666666667
1.90208333333333
1.3
1.51875
1.07291666666667
1.66875
1.42291666666667
1.48125
1.86041666666667
2.1375
1.51875
2.00625
1.6625
1.96666666666667
1.42083333333333
1.61041666666667
2.15416666666667
2.65416666666667
1.7625
2.45208333333333
2.13958333333333
1.76875
2.32291666666667
2.98958333333333
1.86875
2.74791666666667
2.23333333333333
2.10208333333333
1.88541666666667
1.83333333333333
2.2
1.90208333333333
1.47708333333333
2.04583333333333
2.2375
1.6625
1.99166666666667
1.83541666666667
1.58541666666667
2.04166666666667
2.14166666666667
1.87916666666667
1.87083333333333
1.8625
1.88333333333333
2.04166666666667
2.35416666666667
2.13333333333333
2.12708333333333
2.20625
2.39166666666667
2.04583333333333
2.375
1.61458333333333
1.63958333333333
2.02916666666667
1.19166666666667
1.75625
2.79375
2.55
1.51458333333333
2.01666666666667
1.82083333333333
1.49375
1.75416666666667
1.73125
2.68333333333333
1.66041666666667
1.44375
1.55416666666667
1.49375
1.98541666666667
1.8125
2.025
1.69166666666667
2.51875
1.58125
1.84375
2.12708333333333
2.12083333333333
1.92083333333333
2.44166666666667
2.08958333333333
1.8
1.53125
2.05416666666667
2.41458333333333
1.94375
1.93333333333333
1.75416666666667
1.76875
2.19375
2.34583333333333
1.45833333333333
2.00416666666667
2.37916666666667
1.62708333333333
1.77708333333333
2.13125
1.79791666666667
2.1875
1.76875
1.5125
1.45833333333333
1.93958333333333
1.57291666666667
1.87083333333333
1.09791666666667
1.35
1.59375
1.675
1.61875
1.46458333333333
1.69375
2.05625
1.61666666666667
2.15416666666667
1.30625
1.80416666666667
1.44375
2.2125
1.89375
1.78541666666667
1.86666666666667
1.41666666666667
1.72916666666667
2.46458333333333
2.08541666666667
1.1375
1.7125
1.2
1.27291666666667
1.3625
1.57291666666667
1.43958333333333
1.47916666666667
1.02708333333333
1.89791666666667
1.55208333333333
1.67291666666667
1.21666666666667
1.375
1.59375
1.77291666666667
1.27708333333333
1.36666666666667
1.72291666666667
1.08125
1.45
1.62291666666667
0.902083333333333
1.18958333333333
0.895833333333333
0.866666666666667
1.4875
1.68333333333333
1.64583333333333
1.40208333333333
1.54375
1.41666666666667
1.42708333333333
1.825
3.45208333333333
1.15833333333333
1.7375
1.47708333333333
1.19583333333333
1.4875
1.0375
1.34375
1.45416666666667
1.18541666666667
1.59791666666667
1.41063829787234
0.95625
1.3875
1.30416666666667
1.16041666666667
1.65833333333333
1.50833333333333
1.32083333333333
1.14375
1.56458333333333
1.21875
1.43333333333333
1.4625
1.2125
1.3
1.01875
2.13541666666667
1.46875
2.71875
1.81666666666667
1.71041666666667
1.40416666666667
1.3375
1.26041666666667
1.3375
1.31458333333333
0.939583333333333
1.13541666666667
1.54791666666667
1.3125
0.945833333333333
0.970833333333333
0.997916666666667
1.48125
1.63125
1.35625
0.889583333333333
0.641666666666667
0.891666666666667
1.21458333333333
1.73125
1.78125
1.38333333333333
1.625
3.30625
3.54791666666667
1.9375
1.16666666666667
1.47083333333333
2.48958333333333
1.29166666666667
3.075
4.60625
2.01666666666667
1.50625
5.07291666666667
3.60208333333333
4.75416666666667
1.35208333333333
1.15
1.25
0.85
0.79375
0.954166666666667
0.625
0.841666666666667
1.13125
1.05833333333333
1.03958333333333
0.327083333333333
1.51666666666667
1.27708333333333
2.05208333333333
1.59166666666667
3.25208333333333
3.37083333333333
2.13125
1.41458333333333
0.70625
0.652083333333333
0.6125
1.34375
2.1875
1.76666666666667
1.89583333333333
1.09375
2.31458333333333
3.95625
1.07083333333333
1.2
1.14583333333333
0.914583333333333
1.17291666666667
1.02291666666667
1.67083333333333
1.38333333333333
1.19375
0.69375
1.0125
1.09791666666667
1.21875
1.0875
0.95
0.939583333333333
1.20208333333333
1.34166666666667
1.81875
1.51041666666667
1.49583333333333
1.55416666666667
1.92291666666667
2.3125
1.10416666666667
0.9875
0.89375
1.30833333333333
1.57291666666667
1.17708333333333
1.3625
1.17916666666667
1.09583333333333
0.9
2.14583333333333
2.35
2.66041666666667
1.22916666666667
1.31875
1.525
1.1875
1.49166666666667
1.68958333333333
1.4625
1.5
1.425
1.36458333333333
0.960416666666667
1.275
1.58958333333333
2.12291666666667
0.760416666666667
1.65416666666667
1.19375
1.65208333333333
1.04791666666667
1.14791666666667
0.879166666666667
1.14583333333333
1.80625
1.24583333333333
1.09791666666667
1.025
3.0375
3.08333333333333
2.67083333333333
1.39166666666667
1.4125
1.22083333333333
2.11875
3.71666666666667
1.83541666666667
1.84583333333333
1.01041666666667
2.16875
0.84375
1.38125
1.26666666666667
1.67083333333333
1.0625
1.60208333333333
3.24791666666667
3.28541666666667
1.74791666666667
1.36666666666667
1.66666666666667
1.89375
2.05416666666667
2.68541666666667
2.73333333333333
1.82083333333333
2.4125
2.38125
1.7125
1.8375
1.79375
1.47291666666667
1.85208333333333
1.61875
1.22291666666667
1.25416666666667
1.61666666666667
1.56041666666667
2.13958333333333
2.50416666666667
1.45416666666667
1.66666666666667
1.42916666666667
1.55208333333333
2.02291666666667
1.89583333333333
2.0625
1.42083333333333
1.58958333333333
1.40833333333333
2.02291666666667
1.99583333333333
1.95416666666667
2.24791666666667
2.41875
1.52708333333333
2.2875
1.83958333333333
1.70833333333333
1.82916666666667
1.88125
1.5625
1.57916666666667
1.71458333333333
1.6375
1.41666666666667
1.97083333333333
1.7375
2.39583333333333
1.24791666666667
1.48125
1.80625
1.53333333333333
1.75625
2.18333333333333
2.0875
1.52916666666667
1.40208333333333
1.71666666666667
1.85
1.53541666666667
2.12291666666667
2.23333333333333
2.59166666666667
1.70416666666667
2.43958333333333
1.43125
1.56875
2.07291666666667
1.6625
1.8625
1.975
1.80625
2.23125
1.91041666666667
1.91041666666667
2.10833333333333
1.42083333333333
2.08541666666667
2.1125
1.93958333333333
2.35416666666667
2.08541666666667
1.95416666666667
2.16875
1.8
2.14583333333333
2.575
1.8875
1.87291666666667
1.95
2.49166666666667
1.88333333333333
2.28958333333333
2.57708333333333
2.2125
2.15833333333333
2.04583333333333
2.00833333333333
2.13958333333333
1.87708333333333
2.36666666666667
2.35416666666667
1.95625
1.61875
2.02916666666667
2.18333333333333
1.48333333333333
1.67916666666667
2.27708333333333
1.47916666666667
2.21666666666667
2.45208333333333
2.18958333333333
1.56666666666667
1.5375
1.4
1.9375
2.1875
1.89166666666667
1.72291666666667
1.80208333333333
1.58125
1.83541666666667
2.17291666666667
1.9375
1.975
1.78125
1.70208333333333
1.775
1.83125
2.35625
2.1375
1.69375
1.79583333333333
1.6875
1.81875
1.60833333333333
1.50208333333333
1.85833333333333
1.52083333333333
1.75416666666667
2.175
1.68333333333333
1.86458333333333
1.31458333333333
1.65
1.2125
1.36458333333333
1.98333333333333
1.68333333333333
1.49583333333333
1.60416666666667
1.62083333333333
1.41458333333333
1.85
1.95416666666667
1.7875
1.77021276595745
1.54468085106383
1.26382978723404
1.36304347826087
1.6875
1.50416666666667
1.72083333333333
1.80625
1.33333333333333
1.925
1.93958333333333
1.91041666666667
1.52916666666667
1.85
1.40652173913043
1.49574468085106
1.99787234042553
1.87659574468085
2.17708333333333
1.62708333333333
1.75
1.56666666666667
1.72916666666667
1.39791666666667
1.49791666666667
1.4625
1.38958333333333
0.566666666666667
1.11666666666667
1.57708333333333
1.27916666666667
0.879166666666667
1.35
1.79375
1.5625
1.08541666666667
1.3375
1.25625
1.17291666666667
0.98125
0.920833333333333
1.72291666666667
1.2125
1.04583333333333
1.32708333333333
1.15
1.05833333333333
1.08125
1.09791666666667
0.929166666666667
1.07083333333333
1.28541666666667
1.44791666666667
1.5375
1.72083333333333
3.74166666666667
1.97916666666667
1.20416666666667
0.889583333333333
1.08541666666667
1.50625
1.14375
1.60208333333333
0.895833333333333
0.94375
1.36875
2.16666666666667
1.92083333333333
2.23958333333333
1.3625
2.0125
1.58125
1.88958333333333
4.12291666666667
2.00833333333333
1.1625
1.4375
1.32291666666667
0.939583333333333
1.96458333333333
1.37291666666667
1.02916666666667
0.591666666666667
0.852083333333333
1.23333333333333
1.05208333333333
0.908333333333333
0.908333333333333
0.835416666666667
0.7125
1.65
1.50625
0.78125
1.09166666666667
1.16666666666667
1.25625
1.59791666666667
1.2625
1.00208333333333
1.13125
0.93125
1.08333333333333
1.36458333333333
1.6375
2.24791666666667
1.6875
1.22083333333333
1.52291666666667
1.18541666666667
1.87083333333333
2.1125
2.17291666666667
1.52083333333333
