20000101
2.72
2.63
1.57
2.64
2.03
4.22
3.18
1.99
3.22
3.51
3.83
2.59
1.64
2.77
4.24
2.35
4.46
7.33
4.28
3.29
5.79
5.75
4.6
3.36
2.12
3.04
1.45
2.46
4.64
4.27
1.64
3.72
5.68
5.61
2.89
1.58
1.39
4.17
3.63
5.05
3.89
2.54
2.54
3.14
3.96
4.37
9.02
8.26
5.62
7.84
2.68
1.85
1.64
1.96
1.95
1.83
1.28
1.83
2.02
1.7
8.48
4.08
2.04
2.74
2.1
2.34
1.58
1.75
3.08
2.78
2.43
2.31
2.19
3.33
4.85
2.84
3.85
4.83
3.14
2.87
3.43
4.8
4.46
2.75
1.94
5.78
7.15
3.01
3.8
1.84
4.41
2.64
3.65
4.03
4.55
7.61
3.78
2.14
3.43
3.36
2.88
3.69
3.68
3.58
2.42
3.22
3.24
6.34
4.79
4.37
3.37
3.03
3.04
6.95
3.21
2.4
2.39
2.78
3.78
2.03
1.75
2.05
2.04
1.54
5.26
2.16
2.42
1.92
2.27
2.85
2.36
1.64
1.53
2.22
2.2
2
1.94
1.64
2.9
3.65
2.12
1.84
2.88
1.66
2.02
2.15
1.94
3.94
2.37
3.83
1.91
2.43
2.02
2.43
2.34
2.7
3.88
5.58
3.05
2.26
4.11
5.07
4.94
3.86
1.97
2.28
2.98
3.03
2.24
2.95
2.14
2.21
1.87
1.75
2
2.82
3.24
2.96
2.13
2.46
3.05
3.27
2.43
2.17
3.12
5.15
2.59
2.6
3.05
5.85
3.61
4.38
7.16
5.98
2.68
6.4
6.76
3.04
1.85
1.91
1.98
1.91
2.39
2.28
2.4
4.03
1.98
1.95
2.26
3.17
2.98
3.3
2.47
2.81
2.64
2.64
4.74
3.8
2.77
2.84
2.34
1.97
2.28
2.58
2.45
2.25
1.39
1.81
1.59
1.94
2.38
1.59
1.82
2.9
1.91
1.79
2.42
2.34
3.73
4.96
2.37
2.74
3.49
3.21
2.05
3.38
4.24
2.57
3.03
1.68
2.61
2.29
2.08
1.79
1.61
1.6
1.77
1.5
1.27
2.05
2.3
1.98
2.98
6.15
2.62
1.1
1.4
1.54
1.78
1.82
1.73
2.22
4.26
4.29
3.7
7.23
4.16
1.3
1.38
3.6
2.82
1.39
1.89
3.45
2.51
2.35
2.9
3
4.23
3.76
1.86
1.94
1.69
3.32
6.86
6.73
6.54
5.43
2.05
1.42
2.04
1.23
1.53
1.89
4.83
3.42
1.26
5.34
5.12
1.68
7.17
7.63
4
3.54
2.49
1.67
1.44
1.57
3.01
3.1
4.66
5.78
4.68
2.85
3.5
3.42
1.94
4.4
6.07
3.06
4.84
3.23
0.96
2.41
2.85
1.39
2.75
4.19
1.33
1.51
0.76
1.84
2.45
2.85
3.35
1.49
2.15
3.19
2.79
6.41
4.08
3.79
2.89
0.64
2.34
3.26
5.82
3.05
2.81
2.58
1.47
4.84
5.28
7.88
5.56
3.96
0.99
3.31
2.97
3.67
0.71
3.5
5.35
6.46
1.45
1.03
1
2.05
1.75
1.19
1.09
0.75
2.14
0.93
3.65
4.5
2.04
1.14
3.36
2.41
4.23
3.16
3.9
4.94
5.47
6.97
6.15
3.83
1.74
3.09
3.45
3.04
1.46
1.48
3.56
6.39
2.86
0.81
1.04
4.87
1.83
2.6
1.6
2.97
2.25
4.8
5.5
4.33
2.86
3.4
1.91
4.5
2.78
2.88
6.97
2.2
0.66
3.12
2.1
1.67
0.65
1.3
4.82
1.74
-99
0.99
2.95
6.11
3.23
0.91
1.11
4.52
3.02
1.94
2.24
2.24
3.81
1.56
2.34
5.77
2.58
2.53
2.35
7.04
5.78
1.35
1.86
1.63
1.16
1.84
0.75
0.01
-99
-99
-99
-99
5.44
4.41
2.42
1.87
1.19
2.21
2.22
0.95
2.76
3.52
6.58
4.26
4.84
2.13
4.7
2.19
1.58
3.06
2.86
3.97
3.98
2.79
0.54
1.98
4.6
4.05
2.74
1.76
2.33
3.24
3.48
1.59
1.82
1.45
3.32
2.02
1.43
1.99
2.8
2.83
2.3
1.63
1.87
1.67
1.84
2.07
2.01
2
1.82
2.18
1.65
3.1
3.02
3.24
2.54
2.65
2.08
2.57
3.16
1.92
3.48
4.18
2.3
2.42
1.82
2.14
5.65
5.47
4.07
2.28
2.44
1.63
1.72
2.01
2.5
1.8
1.89
2.38
3.8
2.2
2.2
2.73
2.15
2.34
3.12
2.34
2.99
3.99
2.37
2.67
3.19
2.41
2.19
1.76
2.36
4.33
1.23
2.1
3.34
4.32
4.46
1.71
1.56
1.7
1.81
2.19
1.96
1.45
2.62
2.26
2.13
2.05
1.86
2.14
2.26
2.54
2.63
3.27
2.34
2.34
1.94
3.38
2.34
2.2
2.15
2.52
2.14
2.33
2.73
2.02
2
3.23
1.76
2.16
1.89
1.9
1.9
1.49
1.88
2.11
2.97
4.11
2.78
3.64
2.44
3.06
2.31
2.73
2.29
3.89
3.32
3.21
3.55
2.53
1.94
1.69
3.89
2.94
3.03
4.69
2.31
1.72
1.82
1.83
2.35
2.11
3.65
3.31
1.61
1.52
2.26
0.86
0.82
0.83
1.99
1.63
1.62
0.92
1.91
3.64
3.08
1.97
1.55
0.47
0.78
0.35
0.65
1.25
0.45
1.37
1.78
2.63
2.11
2.16
1.63
2.57
1.98
1.31
1.09
0.66
0.92
0.66
0.42
0.47
2.9
2.99
1.55
1.41
1.71
3.59
3.16
7.67
5.47
3.55
7.32
5.48
6.26
4.19
6.86
4.19
3.32
-99
-99
-99
-99
-99
3.24
2.87
3.25
3.91
3.82
4.5
2.93
3.74
2.52
0.38
2.41
4.6
3.85
3.81
2.73
2.13
1.6
2.89
1.73
2.7
4.64
2.23
3.16
5.99
2.1
1.53
2.11
4.3
4.6
4.91
2.15
3.98
4.58
6.07
3.54
4.16
5.31
3.7
1.1
2.96
1.9
1.12
4.63
0.38
0.69
3.29
1.48
1.04
0.14
1.59
1.6
3.53
3.26
3.43
4.1
1.55
0.78
2.07
2.15
1.08
3.06
0.86
5.66
3.47
3.77
4.61
2.67
1.55
0.53
3.03
1.68
0.96
1.52
1.64
1.54
10.46
5.72
1.07
2.76
2.64
1.01
2.91
1.55
4.83
3.28
1.04
2.87
3.6
3.42
6.17
7.16
4.54
4.9
3.76
1.75
2.82
5.29
3.05
1.76
2.05
1.99
2.07
4.96
2.7
1.99
1.74
2.93
2.01
1.61
1.49
3.9
1.65
2.67
2.05
2.13
3.33
4.49
3.04
1.16
2.03
1.75
1.71
1.44
1.44
2.25
6.15
3.41
1.93
1.09
1.59
3.6
4.27
6.1
3.96
2.05
3
1.95
2.02
2.56
4.45
2.94
4.89
2.8
2.29
1.82
1.2
1.15
1.48
1.41
1.83
1.76
2.33
2.15
2.7
1.33
1.92
1.02
1.82
2.46
1.87
2.31
2.55
4.61
2.32
3.26
5.85
5.18
2.2
1.92
1.23
2.25
1.33
1.46
1.3
1.93
3.28
4.48
2.7
2.31
2.68
2.2
6.04
3.4
3.47
1.73
4.99
2.44
1.89
1.78
1.97
1.68
1.7
1.41
3.16
3.5
5.62
3.65
4.15
5.96
3.54
1.2
1.23
1.5
1.84
1.9
1.81
1.94
2
1.85
1.41
1.6
1.6
1.83
1.74
2.85
2.03
2.58
4.36
1.1
2.03
1.86
2.15
2.21
2.54
2
2.6
2.21
2.14
2.38
3
1.7
1.78
0.77
-99
-99
2.79
3.12
1.98
1.75
1.98
1.75
2.42
2.2
3.95
3.43
1.86
2.17
2.1
1.73
3
2.88
1.81
1.1
1.67
1.74
3.04
4.32
2.71
2.42
3.44
3.83
6.48
4.28
2.44
1.9
2.28
1.81
1.64
1.6
1.5
1.97
1.93
0.88
1.36
2.08
3.28
2.35
1.11
2.21
3.15
1.87
1.33
2.83
0.71
1.75
1.05
3.61
2.72
1.31
1.45
2.87
1.7
1.68
3.57
2.29
1.27
1.4
1.83
1.69
1
1.4
0.91
1.27
2.89
3.86
3.24
3.05
2.55
1.73
1.79
1.72
1.9
1.74
0.49
0.9
1.44
1.83
2.1
1.86
1.69
2.14
3.45
6.42
5.6
2.88
1.34
1.09
1.53
5.46
2.28
0.93
1.87
2.03
4.49
4.79
2.16
2.95
1.85
1.98
0.95
1.12
0.96
2.28
2.76
2.43
4.92
3.91
3.13
1.53
7.53
4.21
5.86
3.5
2.52
0.69
3.48
1.79
1.07
1.65
2.68
3.31
1.52
3.21
3.48
2.34
1.07
1.42
2.04
4.82
2.86
2.32
4.84
7.35
5.13
8.69
5.55
4.61
6.85
3.73
1.69
2.06
0.87
1.94
1.15
1.98
0.74
0.98
3.7
0.91
0.73
1.28
1.79
0.61
2.96
2.2
0.65
4.01
3.22
1.98
1.24
8.74
3.63
3.54
7.01
4.67
3.83
4.59
4.32
2.22
5.89
4.7
1.43
1.64
4.45
3.5
3.95
3.59
2.55
0.03
1.31
1.64
2.11
2.65
3.23
4.26
3.09
5.25
4.63
4.03
4.79
4.52
6.53
8.78
8.21
8.01
5.96
4.96
6.57
11.09
4.76
0.74
0.36
1.12
1.81
1.45
0.82
0.3
0.48
0.24
1.73
3.62
1.42
2.39
1.09
4.78
2.95
3.19
0.91
4.36
6.93
6.38
1.7
1.34
1.83
4.97
2.33
3.11
1.6
2.58
2.4
1.22
1.45
0.89
0.99
0.93
1.03
1.36
3.85
1.66
1.76
2.21
1.37
2.77
2.09
2.52
2.7
1.18
1.59
1.44
3.02
2.62
1.64
1.55
1.18
1.7
5.29
6.47
3.19
1.51
4.12
2.5
1.69
2.42
5.46
2.66
1.51
3.64
6.76
6.55
5.19
2.04
1.83
1.54
1.74
1.73
1.98
1.37
1.65
1.25
1.63
1.93
1.78
1.48
3.37
1.67
1.4
1.98
1.71
1.35
4.69
4.7
2.29
3.59
2.25
1.13
1.74
2.69
2.89
1.66
1.74
2.21
1.27
1.28
3.48
2.79
1.47
1.23
2.8
1.67
3.75
2.78
1.79
1.53
1.63
1.48
1.47
1.23
1.46
2.28
2.05
1.58
1.7
1.35
1.46
1.89
1.58
1.67
2.01
2.22
2.96
1.99
2.68
2.99
2.63
2.19
1.98
1.75
2.62
1.78
1.45
1.86
2.16
1.51
1.85
1.97
5.52
1.66
1.55
2.6
2.42
1.92
1.74
1.95
1.69
1.83
1.92
1.65
2.36
2.58
2.72
3.87
2.4
1.52
1.4
2.11
1.7
1.47
2.02
3.34
2.16
1.6
2.27
2.82
2.44
2.48
3.12
1.71
1.86
1.61
1.48
1.49
1.57
1.32
1.44
1.49
1.67
1.66
1.56
1.41
1.59
1.81
1.98
1.51
1.11
0.93
1.45
1.02
1.45
1.79
1.43
1.46
1.56
1.56
1.65
4.24
1.31
1.24
0.52
0.55
0.91
3.47
1.4
1.27
1.35
3.08
7.19
4.2
2.69
1.84
0.85
2.94
3.2
1.46
1.55
0.9
1.69
1.07
1.11
2
1.4
1.92
1.67
0.98
0.69
2.29
1.28
2.45
1.69
1.14
1.95
4.03
6.14
1.93
4.1
2.86
2.22
1.45
1.68
0.89
0.67
1.21
2.89
2.68
3.4
-99
-99
2.71
1.98
0.78
7.32
4.37
1.78
1.9
0.72
0.72
3.36
3.46
2.79
4.1
3.11
2.79
1.18
1.2
0.45
1.31
0.46
2.13
1.73
0.95
1.36
1.39
1.64
2.73
3.27
3.6
4.04
0.95
1.2
0.83
4
5.15
2.8
3.46
3.53
7.18
4.99
2.5
0.89
1.64
2.75
4.39
3.1
4.56
0.91
1.56
3.23
0.5
1.88
2.72
3.74
3.8
5.36
4.11
0.7
0.43
0.16
3.13
0.54
4.26
5.66
5.07
2.95
1.27
0.59
2.35
3.71
4.85
6.85
5.11
6.2
4.28
4.53
1.42
1.13
1.61
2.43
3.78
5.57
4.56
3.02
3.77
5.37
6.55
3.3
1.86
5.1
6.85
3.71
7.11
7.41
4.57
5.09
1.06
3.41
2.1
6.82
7.14
7.37
2.31
1.49
2.45
1.77
1.65
1.32
1.13
1.36
1.45
3.97
4.28
2.78
5.41
3.48
3.14
1.39
4.74
4.21
3.2
3.14
4.43
10.45
3.12
6.12
6.12
2.36
2.68
3.08
7.26
11.54
5.2
5.37
4
2.99
7.35
5.44
6.07
5.44
3.06
2.37
1.94
3.32
3.63
4.5
2.5
1.8
3.21
2.07
2.09
1.89
2.15
1.99
10.02
10.62
5.55
4.46
2.97
2.55
7.04
13.56
1.2
0.54
2.31
3.93
4.7
2.39
3.07
4.5
6.48
2.41
3.34
3.92
4.5
4.34
6.15
3.35
5.91
9.44
3.59
6.15
10.87
6.54
2.77
2.9
6.88
4.38
3.54
2.92
3.11
4.08
4.22
4.56
2.01
3.25
5.6
6.67
8.23
10.3
8.98
6.85
2.84
3.86
6.15
4.18
6.39
2.75
3.05
3
2.82
2.72
3.22
2.93
2.96
2.44
2.92
3.2
2.64
2.52
2.47
2.69
2.43
2.25
2.29
2.82
4.52
4.57
3.99
2.35
3.14
3.11
3.19
2.93
2.7
2.78
2.81
4.14
3.99
3.7
3.73
3.82
2.39
4.12
5.3
3.36
2.97
2.79
2.94
3.2
2.54
2.84
2.74
3.66
2.76
3.23
4.36
2.6
3.35
3.3
4.37
3.51
9.26
5.61
3.79
2.53
4.69
3.58
3.21
2.61
3.08
2.88
2.93
2.72
3.17
4.59
2.2
2.36
3.49
4.13
3.65
4.05
2.96
3.03
2.74
3.1
-99
-99
-99
4.62
4.04
3.36
2.67
3.11
3.22
3.84
4.61
4.81
3.49
2.77
2.45
2.78
1.69
3.56
4.25
5.92
4.54
2.99
3.93
3.26
2.82
5.07
2.83
3.88
2.66
3.22
3.09
3.51
3.95
3.85
2.37
2.15
7.11
6.71
3.66
2.68
3.31
3.61
2.74
1.91
2.16
3.96
3.57
2.6
2.27
1.89
2.06
2.7
3.48
3.81
5.43
5.26
5.4
2.83
2.23
1.9
1.86
2.2
1.65
1.78
1.51
2.17
1.9
1.59
2.03
2.19
6.49
5.59
2.3
3.1
4.99
4.48
6.82
4.2
3.71
1.34
3.6
2.95
2.57
2.08
1.32
4.13
5.76
0.89
2.92
3.92
3.57
2.44
1.71
4.98
3.89
1.77
2.79
6.53
5.26
4.16
6.79
8.24
5.27
5.82
9.18
8.91
4.41
6.16
2.98
4.87
8.18
2.67
1.62
1.92
6.18
4.85
3.01
5.67
3.73
2.64
5.66
3.76
6
2.09
3.48
4.42
5.39
6.76
6.6
4.6
4.89
4.54
3.17
3.45
1.6
1.74
2.55
6.11
8.5
8.44
9.11
8.89
0.49
2.05
2.95
1.31
2
6.79
5.8
4.89
1.51
0.59
0.75
0.07
1.13
0.17
1.01
3.37
2.94
1.35
0.72
0.97
0.83
3.31
4.66
2.93
3.07
0.55
0.98
4.46
6.03
5.29
4.56
6.29
3.67
2.93
4.36
5.96
4.41
4.31
3.98
3.95
3.5
2.55
4.68
1.86
3.16
1.64
0.94
0.93
3.4
3.26
1.09
1.93
3.1
4.31
8.56
6.12
4.64
4.02
3.73
2.91
3.64
5.24
3.78
2.51
2.87
0.98
0.56
2.1
3.21
2.45
3.47
2.04
3.7
3.71
6.14
3.3
4.51
3.08
1.89
1.34
0.56
1.16
1.03
0.9
0.65
0.55
0.79
1.06
1.35
0.98
0.67
0.84
1.05
1.74
0.67
0.68
4.3
2.18
3.54
4.73
3.24
1.56
2.37
2.52
1.4
0.63
1.25
1.19
3.52
7
6.78
4.14
2.85
2.02
1.38
4
7.69
7.14
4.02
4.62
4.63
1.85
2.16
1.7
1.08
3.67
1.77
1.36
1.29
1.39
1.56
1.66
1.38
1.6
2.1
3.32
3.82
1.23
1.88
1.53
0.93
1.67
1.85
1.61
2.99
1.59
2.23
3.27
4.5
1.15
1.48
1.19
1.14
3.38
1.34
1.57
1.6
1.54
1.5
1.41
1.52
2.11
2.23
1.43
1.28
1.44
1.95
1.79
1.43
2.1
1.94
2.5
2.11
1.26
1.35
2.71
1.37
1.56
1.74
1.58
1.47
1.71
1.94
1.69
2.23
1.37
1.83
1.78
1.64
2.35
2.68
1.84
3.12
1.57
2.03
2.12
3.4
2.7
3.19
2.88
1.41
1.59
2.36
2.09
1.52
1.85
1.31
0.86
1.49
3.74
3.36
1.63
1.69
1.38
1.64
1.07
1.57
1.52
1.85
0.29
-99
-99
-99
-99
-99
-99
-99
-99
-99
-99
-99
-99
-99
-99
-99
-99
-99
-99
-99
-99
-99
-99
-99
-99
-99
-99
-99
-99
-99
-99
-99
-99
-99
-99
-99
-99
-99
-99
-99
-99
-99
-99
-99
-99
-99
-99
-99
-99
-99
-99
-99
-99
-99
-99
-99
-99
-99
-99
-99
-99
-99
-99
-99
-99
-99
-99
-99
-99
-99
-99
-99
-99
-99
-99
-99
-99
-99
-99
-99
-99
-99
-99
-99
-99
-99
-99
-99
-99
-99
-99
-99
-99
-99
-99
-99
-99
-99
-99
-99
-99
-99
-99
-99
-99
-99
-99
-99
-99
-99
-99
-99
-99
-99
-99
-99
-99
-99
-99
-99
-99
-99
-99
-99
-99
-99
-99
-99
-99
-99
-99
-99
-99
-99
-99
-99
-99
-99
-99
-99
-99
-99
-99
-99
-99
-99
-99
-99
-99
-99
-99
-99
-99
-99
-99
-99
-99
7
5.55
5.02
1.82
0.48
1.84
3.91
33.74
28.25
32.9
5.29
2.45
0.24
-99
0.98
1.22
1.47
3
2.35
0.92
2.28
2.06
2.93
1.11
0.63
1.64
1.76
3.86
3.27
4.29
4.11
-99
-99
-99
-99
-99
-99
-99
-99
-99
-99
-99
-99
-99
-99
-99
-99
2.09
2.38
3.33
2.39
2
1.93
2.61
1.88
2.05
3.36
3.2
2.72
1.97
3.14
2.16
1.86
3.73
4.41
3.27
3.35
3.26
5.01
5.09
3.16
1.53
1.05
1.02
1.26
1.8
2.02
1.49
1.62
1.41
3.32
2.44
3
1.43
1.52
0.86
3.58
1.49
1.05
1.6
1.32
1.79
1.42
1.9
1.6
1.33
1.15
1.49
1.32
3.23
2.65
1.31
1.88
1.51
1.38
1.51
1.8
2.64
2.04
1.14
2.05
2.31
1.58
2.14
1.68
2.19
1.25
2.93
2.83
2.24
1.64
1.81
2.81
2.54
1.68
2.05
2.08
2.18
2.04
2.37
1.7
1.66
1.57
1.62
1.57
1.15
1.38
1.23
2.02
1.83
1.91
2.44
1.55
2.4
1.36
2.1
1.73
1.78
1.69
3.13
2.13
2.44
2.67
2.27
2.16
1.54
1.65
1.44
1.79
2.1
1.81
1.83
1.84
1.5
1.55
1.79
1.9
1.74
1.69
1.5
1.37
1.66
1.81
1.46
1.68
1.93
1.99
1.76
1.7
2.29
1.8
1.75
1.52
1.39
1.88
1.43
2.73
3.68
3.21
2.33
2.74
2.89
-99
2.16
2.42
2.79
2.62
2.31
2.93
3.06
2.93
2.65
2.39
2.94
2.5
2.67
2.28
2.72
4.26
3.58
2.29
0.58
4.58
4.3
4.98
4.59
3.87
2.5
3.77
3.57
3.84
3.48
3.43
4.06
3.97
3.56
2.95
2.36
3.31
2.85
-99
-99
-99
-99
2.87
1.77
4.8
5.46
3.76
3.37
3.94
4.45
3.07
3.36
2.73
2.14
2.47
2.28
2.34
1.72
2.36
2.42
1.98
2.6
3.37
3.38
3.59
5.05
-99
-99
-99
2
2.33
4.07
2.79
1.78
1.66
3.63
3.35
2.08
1.47
1.52
1.8
2.43
2.1
4.38
4.73
3.8
2.35
2.34
2.33
2.07
2.56
3.35
3.24
2.56
2.17
2.18
2.71
3.6
2.94
2.44
2.47
3.45
3.26
1.72
3.07
2.14
2.61
2.04
1.35
3.61
1.52
1.44
3.64
2.81
1.88
2.39
1.37
1.74
2.18
2.16
1.88
2.49
2.67
3.96
4.38
1.86
2.78
3.11
2.9
3.07
2.73
3.44
5.58
5.87
4.53
3.4
2.31
3.66
2.48
1.85
4.01
2.53
1.58
1.09
3.18
3.66
2.58
5.51
4.64
3.76
4.94
4.21
4.09
4.53
3.4
3.59
3.26
3.95
5.2
5.4
2.93
6.37
6.54
3.94
4.15
5.3
5.81
2.4
0.78
0.92
1.16
1.04
2.04
4.76
5.21
2.88
4.03
3.87
2.34
4.43
5.56
2.61
1.89
4.73
5.99
3.4
1.68
1.11
2.09
4.11
4.8
5.9
3.87
1.28
2.43
7.81
6.4
2.62
4.15
6.23
3.88
1.58
1.13
1.79
5.31
2.58
0.9
1.77
1.37
3.82
3.98
1.9
4.99
5.75
3.75
7.44
3.9
4.63
5.4
1.58
2.11
3.28
2.96
1.63
0.68
2.25
4.6
5.12
5.5
6.82
3.52
3.51
4.15
6.53
4.93
2.62
3.64
2.23
6.03
7.24
6.33
5.81
3.35
2.26
2.65
2.69
2.43
2.54
5.42
6.49
9.58
8.04
5.94
6.37
6.6
5.18
2.64
1.44
1.86
3.42
2.87
5.6
2.65
6.32
6.7
5.09
5.46
-99
-99
-99
-99
-99
1.63
1.27
2.96
1.68
4.98
3.34
1.93
2.63
2.71
2.33
1.71
2.24
1.78
1.85
1.84
2.13
2.52
4.45
3.35
2.23
2.56
3.48
2.71
2
3.15
4.92
5.16
5.47
3.51
3.27
1.26
2.44
1.89
0.11
7.62
3.47
3.69
6.06
4.14
1.73
3.53
3.96
2.86
2.9
4.13
3.03
5.02
5.63
8.19
4.9
2.02
3.22
4.96
3.57
3.32
2.74
2.71
2.77
2.61
2.11
2.36
1.87
2.19
2.5
2.5
2.29
5.29
1.73
2.22
2.31
3.27
3.85
4.4
3.36
2.7
2.7
2.82
4.16
4.44
3.15
3.49
2.73
2.53
3.41
1.82
3.2
3.13
2.01
2.36
2.3
3.43
4.52
3.21
2.54
2.63
2.65
2.65
2.29
1.99
1.88
2.38
2.55
1.12
2.12
2.58
3.16
2.64
2.48
1.94
1.98
1.92
2.64
3.08
2.8
2.21
2.59
2.21
2.54
2.46
1.97
2.51
3
2.19
2.17
2.32
2.78
1.65
2.24
2.88
3.66
2.13
2.15
3.78
4.09
2.45
2.73
2.91
3.42
2.49
1.35
1.83
2.4
5.08
2.36
3.01
1.8
2
3.4
3
2.1
2.61
2.41
1.89
1.95
2.99
1.8
2.15
2.36
2.28
1.99
1.7
2.99
2.79
1.92
1.77
1.61
1.79
1.7
2.29
4.74
5.01
3.03
1.3
1.55
1.64
1.73
3.26
2.13
2
2.19
2.34
1.9
2.94
4
1.94
2.33
2.14
1.34
1.72
1.82
2.31
1.57
2.75
1.79
1.41
1.91
2.04
1.63
3.38
2.67
2.09
3.07
2.15
4.59
3.8
4.49
1.47
2
1.31
1.9
4.22
3.48
3.08
3.27
3.67
2.2
1.19
3.54
4.45
4.47
3.88
3.53
2.41
2.17
2.96
1.71
3.58
3.86
4.64
4.96
4.98
3.5
4.35
3.24
3.91
3.06
3.63
7.1
4.55
3.56
3.82
4.94
4.74
6.55
7.13
5.09
3.86
2.15
3.94
3.46
2.19
1.58
2.01
2.39
4.77
4.88
2.65
2
3.86
4.48
3.25
3.28
1.35
3.46
4.2
4.93
3.13
2.13
2.22
4.07
3.56
5.6
4.24
1.06
0.8
0.71
3.09
5.76
2.51
1.81
2.45
4.88
4.6
4.23
2.44
1.64
4.16
5.58
3.31
1.1
4.09
1.31
4.06
5.7
2.71
2.89
4.29
1.47
2.89
2.96
4.2
2.9
2.88
1.53
1.39
1.45
1.29
1.8
3.1
2.7
4.27
1.59
1.87
3.04
2.12
2.54
2.7
1.18
2.54
1.52
2.03
1.34
1.12
1.95
0.98
1.52
4.01
2.9
1.96
6.63
8.95
4.19
4.65
3.77
2.59
2.86
4.76
3.85
2.49
1.41
1.91
4.41
3.09
2.71
3.14
3.01
5.56
4.44
4.96
6.83
6.07
5.35
3.52
2.27
1.72
3.6
5.47
4.52
3.96
3.47
2.51
2.32
2
2.17
2.61
1.98
2.7
3.76
2.73
3.51
4.14
2.77
2.23
2.31
3.28
3.52
2.03
5.25
4.81
2.33
2.42
1.72
1.92
2.07
2.36
2.81
3.15
2.35
1.99
2.22
2.08
2.25
2.33
2.43
2.57
4.3
5.43
3.03
2.55
1.11
2.19
1.82
1.97
2.03
2.79
3.19
4.79
2.74
1.34
1.6
2.59
2.86
1.44
2.26
2.29
2.9
2.48
2.03
1.81
2.42
2.83
2.9
2.44
2.79
3.12
2.19
1.79
1.8
2.22
3.55
3.86
-99
-99
-99
-99
-99
-99
2.55
1.88
2.04
2.83
2.13
2.42
2.28
2.61
2.79
1.86
2.26
2.2
2.47
2.83
2.54
1.69
-99
-99
-99
2.39
2.15
2.28
2.36
4.11
2.74
2.31
2.09
1.93
2.52
2.32
2.2
3.14
2.65
2.41
2.39
1.76
2.49
2.45
2.44
2.25
1.9
2.1
2.12
2.42
2.27
2.08
2.27
2.23
1.76
3.21
3.3
2.42
3.13
2.05
2.23
1.84
4.85
3
2.15
2.32
2
2.13
1.98
2.51
2.62
2.19
2.48
2.14
1.82
1.96
2.06
2.24
1.9
2.38
2.46
2.79
1.73
2.17
3.05
1.84
1.81
2.17
2.17
2.51
5.41
5.14
4.37
2.9
2.34
2.35
2.33
1.92
2.31
2.53
1.48
0.94
1.51
2.29
1.87
2.13
1.43
1.43
2.32
2.5
2.26
5.47
3.38
1.94
1.36
1.63
2.65
3.71
2.64
2.89
2.84
1.76
1.28
1.86
1.31
1.61
1.97
1.4
1.34
1.45
4.84
4.12
2.41
2.78
2.24
2.17
2.93
3.65
2.95
3.47
1.45
4.31
1.89
3.71
3.13
2.96
2.97
1.85
2.17
1.41
1.23
3.72
5.01
5.4
3.91
4.52
5.18
3.77
3.27
4.35
5.6
6.31
3.2
6.16
3.46
3.49
4.73
4.41
2.83
3.43
4.44
4.66
3.87
3.19
4.34
3.53
2.04
1.52
2.87
4.48
5.06
4.2
2.31
4.57
5.18
3.25
4.48
5.3
5.33
5.9
5.07
2.93
1.1
1.14
3.45
4.43
3.46
3.96
1.48
1.03
1.09
1.69
1.76
1.11
2.31
4.65
2.49
3.41
2.4
4.16
2.79
6.3
5.44
4.94
4.99
2.96
1.84
2.56
3.01
1.89
4.31
5.71
4.39
5.09
10.6
3.81
5.78
5.54
5.13
1.99
1.53
1.72
2.08
1.41
2.7
1.78
1.41
2.5
6.77
4.25
3.47
7.17
5.43
2.72
2.19
2.96
1.8
1.25
3.26
5.99
1.61
1.6
2.5
4.46
4.48
2.31
1.33
1.92
2.55
1.3
1.51
1.38
1.05
3.28
7.98
6.38
6.07
3.11
3.23
2.15
2.59
1.64
1.43
2.13
1.9
2.36
2.29
1.75
1.53
2.36
1.93
1.9
3.13
3.96
3.05
2.51
1.69
2.44
3.34
2.12
2.62
3.22
2.64
2.46
1.49
1.96
1.82
2.87
3.82
1.74
3.25
3.4
3.97
4.85
1.95
3.48
2.66
3.11
1.77
1.61
3.77
4.31
5.38
3.3
2.06
2.6
3.79
4.14
3.77
3.13
1.48
2.49
4.01
2.59
3.61
3.77
1.85
1.93
1.65
2.2
1.54
1.62
1.81
1.51
1.62
3.81
2.27
2.27
2.05
2.02
2.34
2.1
1.77
2.17
2.49
2.26
4.23
3.34
3.29
2.31
2.62
2.2
2.42
2.29
2.36
2.07
2.16
3.3
3.33
2.4
3.46
2.03
2.32
1.89
2.11
2.65
1.84
1.82
2.23
1.93
1.88
3.36
3.55
2.72
3.12
2.99
2.73
2.17
2.34
1.78
2
2.32
2.7
2.04
2.06
2.47
2.21
2.85
2.54
1.46
1.48
2.24
1.83
2.09
2.16
2.38
1.82
2.46
5.2
4.18
2.5
2.82
2.57
2.54
3.03
2.4
3.16
2.39
2.32
2.67
1.93
2.69
2.46
3.37
4.18
2.93
2.26
2.33
2.24
2.1
2.16
3.42
2.36
2.41
2.57
2.43
2.38
2.4
1.84
2.16
1.96
2.08
2.12
2.04
2.11
2.22
2.53
1.56
2.31
2.03
2.17
2.92
2.58
2.58
2.99
1.89
2.31
2.23
2.99
2.22
1.99
1.96
1.94
2.34
2.09
1.99
1.51
3.02
1.64
2.4
2.84
3
3.74
3.39
2.72
2.88
2.81
3.06
2.51
1.98
2.34
2.49
2.52
1.78
2.08
4.14
2.79
1.68
1.66
1.44
1.54
2.23
1.84
2.3
2.9
4.12
4.03
2.7
2.36
3.96
2.99
2.58
1.9
4.5
2.5
3.78
6.1
3.08
1.96
1.41
1.52
1.12
2.58
2.11
1.17
1.89
5.45
5.44
5.69
5.4
4.22
5.78
8.23
5.22
5.18
4.25
2.07
1.56
1.29
1.36
1.84
1.23
1.05
1.32
1.18
1.45
3.15
3.39
2.9
1.56
2.19
2.71
2.44
1.94
5.29
6.5
1.99
3.96
5.66
3.3
1.96
3.86
4.28
3.75
3.57
2.62
1.41
3.68
5.65
5.89
4.3
4.51
5.75
5.24
3.93
0.94
1.56
2.93
2.15
3.74
2
3.57
2.15
1.97
1.3
2.3
6.76
3.5
1.36
2.31
2.12
4.16
3.39
5.89
5.47
3.89
2.96
2.82
4.81
5.12
4.97
2.01
1.58
1.32
1.18
4.42
4.11
2.54
1.67
2.14
3.1
5.71
4.41
5.85
5.33
5.79
2.45
2.93
1.86
1.7
1.29
3.74
4.93
3.92
1.07
4.21
5.58
5.88
4.27
3.94
3.86
3.64
4.95
1.63
2.99
4.25
4.65
1.63
1.83
3.28
4.75
1.65
4.2
1.6
3.92
3.05
2.99
4.73
3.53
3.12
2.02
1.72
5.1
4.82
3.7
3.21
1.93
3.1
4.45
4.28
1.78
1.72
1.48
1.66
1.49
1.31
1.05
1.45
2.49
2.36
4.23
4.89
2.62
1.54
4.54
4.05
3.69
1.98
2.11
4.43
2.88
2.21
2.26
3.08
2.91
2.2
2.98
1.85
1.58
1.39
1.95
1.61
1.93
1.6
2.26
2.35
2.08
1.47
1.69
2.16
1.95
2.38
2.08
2.21
2.39
2.31
1.8
3.48
3.2
3.88
4.08
3.31
2.36
2.05
2.39
2.45
3.79
2.25
2.77
2.33
5.04
4.35
3.22
1.9
2.47
2.73
2.8
2.17
2.01
2.55
2.43
1.72
2.45
1.99
3.05
3.26
4.35
2.86
2.25
2.37
2.01
2.39
1.72
2.22
2.66
2.11
3.08
2.18
1.99
2.44
1.61
3.4
3.85
3.16
2.72
4.53
5.28
4.1
2.47
2.32
2
2.03
1.63
2.25
2.24
2.19
2.18
2.08
2.21
2.05
2.11
2.16
2.65
2.18
1.96
2.34
2.15
2.07
2.78
2.33
2.23
2.44
1.88
2.6
3.05
2.34
2.32
2.58
1.82
2.9
3.36
3.23
3.3
2.6
2.59
2.32
3.02
2.94
2.86
2.58
3.11
2.99
4.02
3.23
2.49
2.16
2.39
1.91
2.01
2.24
2.2
2.45
2.75
2.07
2.42
2.19
1.62
1.74
1.72
1.9
1.48
2.05
1.7
1.9
2.53
3.64
2.73
3
2.76
2.42
1.61
2.01
1.84
1.98
2.38
3.07
3.51
3.01
2.42
2.07
1.8
3.45
2.1
1.84
1.81
1.95
1.96
2.84
1.74
1.4
1.73
1.79
5.05
4.59
3.79
3.13
1.65
1.46
1.36
1.53
2.05
2.25
4.21
2.72
1.61
3.04
2.48
2.46
2.96
3.43
6.11
2.46
3.51
3.99
3.75
3.83
5.1
4.94
2.97
1.69
1.54
1.43
2.71
6.12
4.68
1.4
1.49
2.01
2.23
2.71
3.71
5.84
4.37
2.26
1.57
1.5
3.94
3.5
4.79
5.66
4.25
3.41
2.4
1.26
4.98
5.53
4.06
3.8
1.36
1.42
4.17
5.33
4.63
3.48
4.46
4.53
3.71
4.6
2.47
2.2
4.11
3.25
4.73
2.8
1.08
1.45
1.16
1.76
2.17
2.75
2.99
4.7
1.5
2.59
5.38
5.99
4.57
2.35
2.52
3.26
1.67
2.17
3.58
6.24
5.39
5.95
1.78
1.33
1.24
1.79
1.27
1.22
2.95
3.64
2.55
1.36
1.1
1.39
2.32
2.12
2.08
4.6
3.6
3.5
3.1
1.66
1.2
1.34
1.21
1.66
3.77
4.59
2.55
3.82
3.23
3.98
2.7
3.23
3.13
2.86
1.86
3.73
6.21
7.02
5.63
4.24
3.38
2.44
1.15
1.32
1.69
1.53
1.35
1.73
1.4
3.15
1.3
3.27
3.2
3.85
2.98
2.98
4.88
7.32
2.25
2.44
2.99
2.91
4.39
3.88
5.01
3.2
2.46
3.25
2.22
2.43
1.97
3.68
1.67
1.84
2.39
4.12
2.92
3.89
2.84
3.41
4.4
5.24
3.89
3.01
1.9
3.61
3.75
2.73
1.59
1.72
3.05
3.8
2.75
2.21
2.51
1.8
2.52
1.99
2.77
1.92
1.72
1.48
2.28
1.61
4.87
4.19
5.04
2.84
1.46
2.22
2.14
2.41
1.93
1.84
2.46
4.1
3.29
1.75
2.42
2.85
4.03
3.21
2.18
2.22
2.22
1.9
2.48
2.51
2.65
1.89
3.27
4.18
2.53
1.83
1.98
1.75
1.69
2.18
2.25
4.1
2.71
2.19
1.94
2.23
2.28
1.84
2.01
2.55
2.39
1.95
2.44
2.42
2.1
2.25
2.22
2.74
4.08
2.38
2.54
1.89
1.86
2.16
1.73
3.26
2.04
2.14
2.49
2.23
1.86
2.47
2.15
1.91
1.94
2.5
3.13
2.34
1.94
2.16
2.23
2.96
1.93
2.08
2.14
2
3.51
3.71
3.03
2.87
2.48
2.89
2.1
2.21
2.42
2.67
2.06
2.13
2
2.38
5.11
3.5
2.36
2.67
3.01
3.53
5.45
3.62
2.58
2.51
3.61
3.52
3.48
3.25
2.29
2.66
2.21
2.58
2.65
2.19
2.67
2.52
2.19
2.27
2.29
2.38
2.64
3
2.5
2.18
2.02
2.05
2.31
1.78
2.11
2.21
1.9
2.01
1.95
1.94
2.14
2.28
1.76
2.29
3.36
3.1
2.2
2.57
2.45
2.23
2.14
2.37
2.24
2.67
2.53
1.96
1.9
2.02
1.88
2.28
1.62
2.33
2.03
2.65
1.9
1.82
2
4.24
4.29
2.72
1.91
1.78
2.3
1.48
1.56
1.55
1.77
1.73
2.15
1.95
1.89
1.71
2.53
1.94
1.67
1.42
4.94
4.63
4.06
2.73
2.09
2.28
2.32
1.86
2.04
1.35
1.6
1.74
1.97
2.11
2.65
1.51
1.89
1.96
3.82
2.62
2.39
2.43
2.74
2.51
1.48
1.57
3.46
3.84
2.07
4.04
4.63
3.44
3.05
1.4
1.07
1.07
1.8
1.98
2.4
3.63
3.08
0.91
1.11
1.94
2.35
3.37
3.56
3.13
2.39
3.07
4.32
1.9
2.92
2.42
2.13
1.38
3.26
4.68
4.09
3.2
5.17
4.24
3.78
1.33
3.98
3.69
4.22
3.26
3
3.46
5.33
5.25
5.15
4.28
5.18
5.09
6.84
5.2
4.91
3.56
1.12
2.87
3.96
4.49
5.43
5.22
3.12
5.91
4.7
5.52
5.28
3.93
3.51
4.52
2.93
1.88
1.31
2.24
6.31
4.94
2.78
3.52
2.77
2.42
2.3
4.35
5.13
5.01
4.94
3.98
2.61
1.8
1.63
3.24
3.7
3.84
3.92
1.45
3.76
6.23
6.09
3.74
4.11
6.46
5.42
6.95
4.48
4.31
4.69
4.07
2.82
4.52
3.79
2.64
2.15
2.78
4.27
2.75
4.46
3.89
2.46
1.64
4.52
3.2
1.87
1.58
1.7
2.03
1.91
5.04
5.58
4.12
2.42
3.67
2.79
3.13
3.5
2.87
2.38
1.65
1.5
2
1.69
3.64
3.18
3.13
5.39
2.42
1.52
1.59
1.84
1.65
2.1
2.23
2.12
3.22
1.98
1.85
2.04
2.27
1.63
2.21
2.88
3.71
5.03
2.45
2.74
4.33
1.71
4.51
3.26
4.54
5.39
4.11
3.94
5.12
4.1
2.72
2.66
2.71
5.27
2.71
2.39
2.82
3.43
3.19
2.93
1.92
2.06
2.04
1.55
2.93
2.45
2.16
1.87
2.01
1.91
1.97
2.13
2.58
2.83
3.29
3.6
3.18
3.24
2.75
2.73
6.56
5.84
4.04
2.01
2.32
1.96
1.99
2.27
2.08
2.07
2.17
1.99
2.25
3.08
3.09
2.71
2.24
1.95
2.81
3.35
2.35
2.55
5.18
3.31
2.53
2.13
2.09
2.34
2.35
2.7
2.81
2.59
2.55
2.31
2.05
2.57
2.16
2.75
2.07
1.89
2.19
4.04
3.16
2.19
2.74
2.35
1.97
2.37
2.43
2.08
2.14
2.63
3.6
3
2.78
3.21
3.19
1.98
2.72
2.77
2.25
2.89
3.07
2.6
2.47
2.25
2.24
2.33
2.59
2.31
2.6
2.21
2.39
2.16
2.2
2.39
2.84
3.4
1.95
2.01
2.14
2.03
2.02
2.49
2.56
2.5
2.79
2.61
1.96
2.04
1.91
2.16
1.9
2.35
2.4
2.07
2.3
4.04
3.13
2.75
2.2
1.77
4.08
3.75
3.15
3.18
2.99
2.84
2.21
2.01
1.95
1.95
2.07
1.92
3.52
4.65
3.82
2.88
2.03
2.07
1.84
2.45
1.53
2.12
1.77
2.29
4.58
3.63
2.8
1.63
2.38
2.35
2.76
3.16
1.65
1.5
1.58
1.44
1.57
1.68
1.18
2.26
1.63
2.19
2.91
2.14
2.62
4.41
2
2.8
4.29
4.86
3.48
3.29
2.26
1.48
1.73
1.78
1.76
6
5.01
2.85
2.49
4.6
4.48
2.24
1.6
3.01
4.35
3.51
2.31
1.37
1.75
2.32
3.54
5.33
5.36
3.03
1.4
1.02
2.11
2.24
3.16
2.15
1.67
2.24
1.01
1.3
0.82
2.39
3.34
5.65
5.43
3.48
4.23
5.41
3.78
7.34
6.86
3.81
4.71
5.16
4.09
3.85
2.21
1.17
1.29
1.7
3.46
3.86
3.98
3.68
0.75
2.42
3.57
1.86
2.35
1.21
1.45
4.18
5.37
3.26
2.37
3.97
2.19
3.21
3.82
3.46
5.35
7.12
4.04
4.66
3.66
5.04
5.83
3.69
2.74
4.22
5.83
5.36
4.79
3.97
2.25
1.89
5.12
4.83
3
6.39
5.69
6.41
3.77
3.65
5.57
3.49
4.31
2.62
4.21
7.08
6.04
4.7
4.41
6.83
4.67
3.37
4.06
4.15
6.32
6.85
4.92
2.61
3.51
1.72
1.26
0.89
1.8
1.94
1.99
2.48
4.1
4.55
2.74
1.99
1.94
6.38
3.93
3.15
1.34
3.8
5.51
2.99
2.97
4.19
3.07
3.8
4
3.83
4.43
6.15
4.05
3.09
1.5
4.38
1.86
2.87
2.19
1.62
2.2
2.5
4.63
3.25
1.44
2.03
2.91
7.75
3.85
3.94
4.88
3.04
2.32
4.03
4.41
4.59
2.77
2.92
2.12
3.66
3.83
1.88
2.11
1.95
1.71
2.02
1.94
3.04
3.7
2.54
2.65
3.11
2.94
4.44
2.59
3.08
3.24
2.74
2.36
1.94
3.2
3.49
2.76
2.21
2.19
3.21
1.87
1.83
4.11
2.43
3.69
2.44
1.71
3.19
4.01
2.99
3.11
3.3
1.49
2.15
5.79
5.28
4.73
5.34
2.99
2.61
2.51
5.72
5.07
5.11
5.37
4.47
3.65
2.73
2.01
2.01
2.06
2.33
2.32
3.03
1.76
1.78
1.81
2.07
1.91
2.06
2.52
3.17
4.11
3.3
1.9
2.91
2.4
3.41
2.09
2.35
2.52
2.78
2.55
1.99
2.46
1.92
2.1
2.42
2.26
2.07
2.26
2.29
2.4
2.17
2.25
2.11
2.47
2.74
1.88
2.44
2.74
2.69
2
2.13
2.24
1.93
2.1
2.04
1.97
2.18
2.22
2.81
3.1
2.15
1.9
2.1
2.47
1.83
1.78
1.82
2.14
2.57
3.53
3.15
2
1.85
2.04
2.42
2.91
2.66
2.38
2.77
2.15
2.18
3
2.34
2.28
2.07
2.39
3.66
1.97
2.29
1.59
1.59
2.46
2.64
2.57
2.33
1.78
2.05
1.94
2.12
2.15
1.34
2.41
2.24
2.21
2.61
2.11
2.18
2.68
3.4
4.06
4
3.59
2.46
1.64
1.78
1.61
1.64
1.78
2.08
1.35
2.38
3.61
3.04
3.07
2.35
2.3
3.15
3.09
2.2
1.45
1.53
1.83
2.72
2.53
1.49
1.33
1.66
2.78
3.42
1.5
1.32
2.02
1.34
1.59
1.91
2.2
1.97
2.54
2.13
3
1.79
4.06
3.95
3.79
2.35
2.09
3.14
4.89
6.16
4.36
1.58
3.9
4.4
6.17
4.16
2.63
2.36
5.39
3.73
5.78
3.42
3.18
5.51
5.22
4.99
6.23
5.25
4.69
5.28
4.18
3.73
3.65
2.63
3.51
5.03
6.14
3.71
4.43
6.3
5.81
2.97
1.08
1.27
1.51
1.02
1.73
4.84
3.28
2.65
1.55
1.45
1.44
1.4
4.8
2.6
1.7
2.01
1.98
3.23
8.7
3.34
3.49
5.55
3.69
2.72
2.43
1.49
2.3
3.3
5.92
3.71
1.53
0.89
0.98
1.06
1.22
2.14
3.53
4.5
2.4
1.82
2.32
3.45
3.06
5.08
4.04
1.76
4.1
5.7
4.09
5.23
5.88
5.13
2.8
5.05
2.71
2.24
5.92
2.23
2.66
3.67
1.77
3.91
2.48
3.46
4.64
6.15
4.71
3.88
1.39
-99
-99
1.33
3.38
4.18
3.98
3.74
3.46
2.38
1.72
2.21
4.69
3.41
5.8
4.57
2.93
7.28
6.89
3.08
2.43
2.02
1.79
2.4
2.14
1.77
2.83
2.63
2.39
4.06
5.41
2.89
1.56
2.29
1.83
2.01
2.59
6.29
4.61
6.26
4.55
3.49
2.86
5.32
2.87
1.69
1.66
3.68
3.45
5.94
4.56
2.44
1.69
1.8
1.95
1.89
2.62
2.01
2.76
1.82
1.36
1.96
1.6
2.2
3.49
1.6
2.24
2.71
2.2
2.83
5.1
3.91
5.26
4.97
2.25
3.16
2.22
5.42
4.54
3.46
2.69
2.5
1.8
2.07
2.11
1.9
2.04
1.75
2.9
3.09
2.43
2.82
2.97
2.06
2.78
3.73
3.19
3.72
2.67
2.27
2.61
2.57
2.93
1.89
3.2
2.26
3.08
3.48
3.13
1.83
2.03
2.11
1.92
2.69
2.18
2.1
2.04
1.98
2.63
2.54
3.37
3.12
2.81
2.52
2.6
2.24
2.14
1.93
2.11
1.83
2.83
2.46
2.33
2.15
2.22
4.55
3.8
2.89
2.77
3.61
3.62
2.11
2.05
2.55
3.55
3.77
4.51
3.96
2.68
2.8
2.38
2.35
1.92
2.29
1.99
2.26
5.32
3.67
2.87
2.2
2.04
2.26
2.67
2.2
2.01
3.44
3.1
2.31
2.28
1.83
2.28
2.16
2.5
2.46
2.55
2.87
2.67
1.89
2.29
1.94
3.96
3.2
2.86
2.72
3.18
2.8
2.94
2.94
1.59
2.52
2.83
2.22
1.76
1.66
2.11
1.9
1.58
1.61
1.81
1.76
1.65
2.21
2.09
2.02
1.78
2.24
1.95
1.73
1.65
1.59
1.9
2.06
2.01
1.59
2.33
1.61
1.51
2.03
1.32
1.43
1.23
1.56
2.14
2.1
1.78
1.58
1.84
1.33
1.31
1.77
2
1.55
1.69
2.05
1.32
1.64
1.33
1.43
1.61
2.26
2.44
1.62
2.01
3.27
2.68
2.23
1.38
1.34
1.3
5.04
5.31
3.92
3.31
1.45
1.66
1.43
1.36
1.27
1.26
1.27
1.06
1.42
2.35
2.85
4.27
4.27
2.82
1.24
2.81
2.65
1.57
3.72
2.59
1.54
4.12
3.24
4.08
2.58
1.23
1.13
1.37
1.18
1.93
2.75
0.91
1.77
1.89
4.35
5.09
4.78
3.31
4.92
3.27
4.94
3.6
5.06
5.46
4.7
5.35
5.16
4.41
1.5
1.26
2.24
2.7
4.78
4.56
6.36
4.63
4.8
4.9
1.9
1.01
4.1
5.27
3.65
4.36
5.22
4.3
4.64
4.31
1.6
4.29
6.04
4.34
1.54
4.25
3.72
5.64
6.51
5.31
5.15
2.17
1.38
3.27
1.31
2.99
3.58
1.76
3.09
3.85
3.65
4.7
6.37
6.25
4.56
4.64
5.09
3.29
5.03
6.24
6.67
7.17
2.76
4.05
4.24
6.11
5.04
3.53
5.67
3.52
2.27
1.01
1.11
1.69
3.31
3.65
3.66
3.23
3.34
2.02
1.58
3.52
4.63
4.46
7.61
5.67
3.54
5.38
3.25
2.23
4.74
1.58
2.48
4.09
2.79
2.85
1.63
1.35
1.45
1.59
2.36
2.06
3.76
2.99
1.88
1.72
3.56
3.32
4.94
4.88
2.09
3.43
3.71
5.21
4.57
5.47
6.5
4.71
5.91
5.38
3.47
2.76
1.9
2.56
3.24
2.26
2.27
1.95
2.15
1.94
2.05
1.9
1.72
1.93
2.46
2.1
2.39
2.1
3.12
2.17
1.97
1.82
2.56
1.7
1.71
2.17
6.11
4.29
1.79
1.78
2.74
2.14
1.61
1.72
2.95
2.26
2.22
3.23
2.16
1.99
1.91
1.91
1.62
2.55
6.99
4.52
3.67
2.6
2.64
3.83
3.71
3.59
3.92
2.59
3.25
3.97
3.31
2.46
2.31
2.49
2.15
2.31
2.11
1.66
2.08
2.47
2.02
2.1
2.19
2.73
2.17
3.42
2.99
1.81
2.88
2.08
2.31
3.64
2.79
2.9
2.82
2.27
2.61
2.44
2.4
2.08
2.09
1.87
1.83
2.28
2.23
2.23
2.27
2.47
2.27
2.29
2.13
1.98
3.11
3.16
2.6
2.11
2.07
2.23
2.12
2.03
2.33
2.24
2.74
2.22
2.08
2.21
3.65
2.65
2.58
3.01
2.88
2.6
2.37
3.2
2.09
2.59
2.48
1.99
1.98
2.3
1.81
2.18
2.38
2.39
3.81
2.85
2.2
2.98
3.07
3.98
2.32
2.49
2.55
1.73
2.11
2.05
2.39
1.98
2.3
4.04
2.15
2.53
2.33
1.81
2.13
1.94
2.51
3.08
1.89
1.87
1.63
3.29
2.25
1.98
1.71
1.83
1.5
1.85
2.13
1.51
3.24
2.1
2.91
4.13
2.78
2.18
2.35
1.41
1.9
3.86
2.43
1.78
2.01
1.76
1.71
2.13
2.61
1.96
1.68
1.86
1.27
1.53
3.62
2.91
2.01
1.53
1.51
1.5
1.56
2.59
3.78
2.86
1.63
1.4
1.32
1.2
1.37
2.83
4.52
2.89
0.75
1.59
1.45
2.02
3.14
2
1.61
1.58
3.58
6.1
2.08
1.66
1.91
1.35
1.08
1.08
2.48
3.83
2.56
1.73
3.46
3.5
3.35
4.82
5.04
3.59
3.43
4.92
6.59
4.71
3.78
3.75
4.32
4.24
2
4.38
3.46
2.06
1.79
1.64
1.16
0.99
1.03
0.98
1.3
1.43
1.87
1.66
1.68
1.35
2.36
1.16
2.67
2.81
0.96
1.03
0.93
1.21
3.09
1.4
1.14
1.29
0.92
1.09
1.43
2.04
2.26
2.2
2.52
1.25
3.91
3.3
3.37
4.43
5.23
3.26
3.36
2.64
2.78
6.02
4.69
3.55
3.45
4.05
5.05
3.7
3.19
2.6
2.23
2.24
1.15
1.38
1.49
0.92
1.55
2.44
2.28
2.79
3.84
4.44
3.94
2.56
3.91
3.49
2.23
1.81
5.46
2.94
6.08
4.95
1.87
2.78
4.47
5.69
5.37
4.68
3.92
2.82
2.82
2.53
1.69
2.97
4.72
2.93
3.75
2.73
4.12
3.4
7.09
5.73
7.06
6.6
3.87
6.95
5.15
3.19
3.25
3.87
4.36
4.1
3.62
3.57
2.21
2.66
3.93
1.89
1.7
2.55
1.83
1.5
4.38
5.54
3.46
2.07
1.66
2.67
3.6
2.81
1.97
3.82
3.08
2.47
2.44
2.17
3.27
5.37
4.94
4.01
4.4
2.85
2.5
2.18
3.28
2.29
2
3.4
2.7
1.99
2.06
3.51
1.71
1.55
3.16
5.03
3.4
2.34
2.27
1.23
2.46
3.75
5.61
4.43
2.55
2.11
2.05
2.57
2.14
1.96
2.21
1.59
2.52
2.48
3.84
3.99
3.19
2.83
2.08
1.96
3.45
2.23
2.81
3.37
4.4
2.47
1.73
2.2
1.94
2.29
4.73
3.09
3.37
3.14
2.2
2.17
1.85
2.94
1.89
2.27
2.2
1.9
2.21
2.26
2.53
3.93
4.36
2.66
4.82
3.11
4.06
3.88
2.75
2.09
2.24
2.6
2.17
2.15
2.7
2.64
2.4
2.06
2.3
2.22
2.28
2.31
2.14
2.69
3.11
2.28
2.17
2.54
2.49
2.22
2.22
4.44
3.89
3.12
2.48
2.24
2.07
2.39
1.98
2.2
2.45
3.68
2.95
2.48
2.01
2.08
2
2.11
1.95
2.34
3.33
2.67
2.23
1.93
3.04
2.56
2.16
2.65
2.77
2.9
3.16
2.41
2.18
1.89
2.49
2.1
1.91
2.04
1.91
2.22
3.52
2.02
2.01
1.82
1.92
2
2.23
2.17
1.35
2.36
2.02
2.26
1.98
1.87
1.44
2.03
2.11
2.53
1.79
2.02
2.1
1.91
2.29
3.2
4.06
2.35
3.19
4.39
3.43
3.4
2.6
2.21
1.75
1.84
1.74
1.84
1.69
1.78
2.29
1.73
1.7
1.81
1.96
2.18
1.82
1.58
2.07
1.29
2.06
1.36
1.98
2.54
1.78
1.48
2.47
1.44
1.39
1.21
1.62
1.54
1.45
2.1
1.14
1.87
1.84
1.67
1.21
1.8
1.38
2.03
1.32
1.13
1.56
3.53
1.77
1.68
3.29
5.47
3.46
5.52
5.82
4.2
3.94
2.28
2.08
3.01
2.63
1.21
1.69
1.84
2.56
1.61
2.61
2.33
4.78
3.04
1.91
3.1
3.35
1.61
2.79
1.97
1.62
3.41
2.2
-99
2.89
0.99
1.02
1.51
2.85
1.66
4.3
3.81
1.33
1.04
1.24
2.84
3.67
3.52
3.67
5.96
5.23
4.39
4.83
4.45
6.21
3.16
2.85
1.48
3.53
1.42
1.79
2.73
2.4
4.31
4.6
3.83
2.4
2.2
4.8
3.13
3.8
2.58
1.83
6.34
4.7
3.48
3.3
3.53
4.64
6.45
6.73
5.12
4.87
3.87
4.99
2.79
1.67
3.89
3.21
2.39
0.99
1.09
1.07
1.48
2.76
2.94
7.95
6.95
4.3
5.87
3.52
1.88
3.21
5.43
5.42
2.14
1.55
1.34
1.57
1.73
1.77
3.37
3.56
2.63
1.04
1.57
3.03
1.64
2.09
1.73
-99
1.88
4.67
5.24
3.66
7.19
4.45
1.68
2.85
2.15
1.52
1.9
2.66
2.85
1.99
1.5
1.71
2.1
1.44
1.69
1.48
3.16
3.62
3.01
2.62
1.64
2.03
2.65
2.01
2.18
2.25
3.53
4.53
3.68
2.94
2.74
3.33
2.62
1.94
1.87
1.84
2.2
1.8
1.7
2.5
2.33
3.19
1.99
2.26
2.49
1.99
2.22
2.38
1.7
1.91
2.21
1.87
3.1
2.63
2.17
3.06
3.86
1.94
1.98
2.21
2.45
4.37
2.45
1.76
2.29
2.25
2.2
3.44
3.17
2.24
1.84
1.94
2.05
3.05
4.04
3.2
2.12
2.22
2.09
2.3
2.3
2.15
2.29
2.16
2.2
2.05
2.15
2.22
2.18
2.25
2.47
3
2.86
2.93
2.27
2.12
1.78
1.92
2.03
2.06
2.34
1.79
2.58
2.05
2.19
2.4
2.45
2.11
2.16
2.01
2.08
2.29
2.6
2.29
4.01
4.15
4.64
4.57
3.81
2.26
2.18
2.23
2.13
2.31
3.61
2.89
2.11
2.05
2.14
2.41
2.83
2.47
2.44
2.36
2.56
2.57
2.57
1.43
2.08
2.57
4.86
3.62
3.13
2.04
2.13
1.89
2.1
2.2
1.76
2.24
2.02
2.13
2.64
2.84
2.65
2.66
2.48
4.22
3.47
2.06
2.17
2.07
2.04
1.73
2.13
2.15
2.8
2.22
2.03
2.2
2.05
2.58
2.34
1.97
2.42
1.93
2.51
2.28
2.31
2.41
3.5
1.91
1.92
1.86
2.26
3.22
2.58
2.63
4.9
4.36
3.61
2.65
2.72
2.94
3.51
2.95
2.22
3.7
2.48
2.06
1.51
1.83
1.64
1.78
2.03
2.08
1.95
1.43
1.42
1.49
1.35
1.46
1.85
1.65
3.05
2.44
1.81
1.66
1.7
1.85
1.56
1.96
1.65
2.25
1.69
2.22
2.92
3.8
1.55
2.49
4.57
3.05
2.13
1.14
1.12
3.43
2.96
4.72
2.81
2.21
1.42
1.38
1.22
2.04
5.52
4.67
4.08
4
4.06
3.68
4.69
5.72
6.06
4.15
3.03
0.96
3.09
3.16
3.74
1.67
2.61
1.05
0.95
2.33
3.34
4.36
2.38
3.63
3.47
4.71
4.15
4.35
5.5
4.21
2.65
1.38
1.76
4.06
2.77
1.71
4.14
3.57
3.76
3.21
5.66
4.93
4.51
4
1.11
2.47
1.9
5.1
3.94
3.03
0.92
2.69
6.76
6.74
3.96
4.53
4.12
6.33
5.81
5.83
5.68
3.23
3.22
2.51
4.51
3.63
3.5
5.92
4.03
1.72
3.34
3.23
5.9
6.85
2.95
3.73
5.08
6.18
5.5
3.5
1.54
1.44
3.26
2.98
2.84
2.35
2.1
1.49
2.48
4.19
5.25
4.18
3.02
3.43
4.13
3.39
3.58
3.96
3.93
3.52
3.44
2.08
2.8
0.91
2.38
3.4
2.24
4.33
3.01
3.28
2.01
1.64
3.36
2.07
0.85
2.47
2.35
4.96
2.3
1.24
3.45
4.1
3.92
2.14
1.74
2.2
3.02
5.22
2.58
2.04
3.09
3.62
3.71
5.79
4.74
5.99
5.21
5.34
4.49
4.08
2.65
5.25
4.61
2.95
2.41
2.54
7.01
3.22
1.54
1.54
4.11
2.67
2.43
4.23
3.74
2.94
3.15
4.02
2.8
2.51
2.4
3.35
2.12
2.95
1.99
2.08
1.92
1.74
1.73
1.17
1.46
1.89
3.34
2.1
2.49
2.91
3.29
2.29
4.38
4.84
3.69
2.75
2.25
1.33
1.6
2.81
2.65
2.48
2.98
5.87
4.04
3.49
2.87
2.33
2.08
1.53
1.62
2.02
2.42
1.76
2.12
3.61
2.76
2.16
2.5
2.54
2.03
2.12
2.13
2.18
1.94
1.56
2.24
1.88
2.47
1.51
1.93
2.44
2.79
5.4
4.64
3.52
2.44
2.09
2.35
2.17
2.92
2.17
1.5
2.49
2.31
2.06
2.21
2.3
2.14
2.29
2.16
2.22
2.27
2.04
1.85
2.74
3.36
3.67
2.21
2.25
2.52
2.33
2.64
2.45
2.16
2.29
2.02
3.93
2.87
2.33
2.27
2.21
3.51
2.31
2.4
2.25
2.05
2.23
2.41
1.95
1.99
2.12
2.04
2.25
2.21
2.15
2.62
2.8
2.44
2.73
2.88
2.58
2.14
2.06
3.04
2.43
2.78
2.99
2.46
2.95
3.18
2.5
2.54
2.1
1.92
1.71
3.86
3.54
2.61
2.12
2.38
2.27
2.75
2.44
2.4
2.67
2.77
1.87
2.05
2.28
2.18
1.79
1.78
1.76
1.89
2.09
2
1.96
1.83
1.58
1.55
1.73
1.52
1.65
1.55
1.85
1.45
3.1
3.05
3.04
1.33
1.59
2.86
2.3
4.92
4.74
2.81
1.54
1.71
1.81
4.04
2.22
3.57
2.24
1.11
1.23
1.75
3.38
2.96
1.53
1.81
2.58
3.62
1.99
2.65
2.06
3.16
5.58
2.95
1.26
2.91
3.08
6.07
2.51
4.1
3.04
2.89
4.1
2.72
2.52
1.81
1.96
1.79
4.02
2.06
2.16
2.16
1.85
1.53
2.13
1.61
1.65
4.19
2.58
1.59
1.73
1.33
1.59
3.24
2.4
4.09
3.91
2.42
0.8
2.82
3.34
2.72
4.94
2.61
1.86
4.59
4.58
3.84
7.19
2.97
1.4
2.08
2
4.67
4.57
4.14
4.14
1.08
3.29
2.45
2.42
3.91
3.84
5.11
1.55
0.91
3.51
4.11
4.68
5.36
4.92
3.41
6.87
3.95
2.22
5.91
6.74
4.98
6.18
6.99
4.82
4.54
4.65
5.86
6.28
2.7
1.28
4.76
3.66
2.63
2.41
3.77
4.74
4.45
5.96
4.61
3.77
5.93
5.75
3.79
5.53
1.84
2.78
5.48
6.83
4.04
2.19
1.89
2.56
2.02
2.34
3.6
3.84
2.56
1.46
1.13
1.11
1.24
1.3
1.21
1.76
1.2
1.39
3.49
1.75
1.56
1.26
1.8
2.08
3.11
2.71
1.82
1.61
3.47
1.43
2.08
3.43
2.58
2.18
2.55
2.77
2.12
5.1
5.09
4.87
1.37
2.9
3.65
2.83
2.51
2.67
2.22
2.18
2.64
3.59
3.32
2.58
2.06
2.01
1.87
1.86
1.89
1.73
2.51
3.93
3.16
3.64
3.34
2.81
4.05
3.64
4.28
4.04
2.98
2.24
2.58
1.98
2.18
3.87
5.28
5.52
4.33
2.31
2.58
3.95
3.11
4.63
2.68
3.35
2.28
2.58
2.32
2.2
1.75
4.08
4.6
2.67
1.94
2.28
3.75
2.16
2.56
4.01
2.89
2.83
2.6
2.95
2.82
4.44
3.55
3.34
2.35
2.25
1.9
1.68
-99
1.69
3.48
3.8
3.33
2.19
2.66
2.28
2.63
2.44
2.51
3.13
2.94
3.33
2.17
1.82
3.53
2.94
2.3
1.93
3.31
2.95
2.35
2.03
2.37
1.86
2.26
2.12
2.51
1.9
2.7
2.15
3.23
2.37
2.05
2.17
1.95
1.94
2.25
2.34
2.19
2.29
1.87
2.31
2.69
3.83
3.32
2.37
1.99
2.3
1.96
2.89
3.1
2.16
2.98
2.35
2.34
2.21
2.16
2.27
2.06
2.2
2.08
3.29
3.99
2.23
2.67
2.58
2.29
2.3
2.63
2.02
1.98
2.05
2.14
2.16
1.96
3.48
2.07
2.81
3.75
2.75
2.3
2.38
2.27
2.35
2.4
2.57
2.83
2.24
2.03
1.81
1.9
1.91
2.51
2.12
1.84
1.97
2.2
1.8
2.83
2.69
2.04
3.54
3.28
2.86
2.67
2.37
2.97
4.55
2.92
2.76
2.51
2.9
2.05
1.7
2.15
1.71
1.85
2.11
1.74
2.19
2.21
1.92
1.92
1.53
1.74
1.6
1.68
1.98
3.74
3.5
1.98
2.4
2.15
3.36
2.09
2.1
1.4
1.93
2.64
2.59
2.31
4.48
2.05
1.7
2.12
2.08
2.54
2.91
4.46
2.58
3.71
2.81
1.29
1.2
0.85
2.06
2.72
2.53
2.23
2.52
4.89
3.98
5.31
4.8
2.58
6.34
5.56
5.53
5.38
4.68
2.13
2.47
3.35
4.44
4.14
3.23
3.34
1.34
1.74
2.98
6.05
5.01
2.63
1.45
4.43
3.25
3.18
1.24
2.96
2.3
4.09
5.87
3.58
1.65
3.11
4.4
7.25
4.42
3.15
4.82
9.97
4.36
2.94
2.05
2.74
2.37
1.7
2.82
3.22
7.9
4.42
4.56
3.83
5.15
4.08
1.8
1
2.24
3.35
3.69
1.96
4.14
5.63
4.58
1.41
3.9
1.31
1.21
3.27
3.45
2.67
1.95
2.87
1.53
1.22
3.53
2.83
3.36
7.61
9.86
4.26
2.18
0.99
1.08
2.49
2.84
3.67
1.98
2.83
2.38
2.61
3.77
3.86
4.65
3.31
1.8
1.34
1.22
1.77
3.74
3.5
1.49
2.11
2.48
1.56
1.62
2.17
2.81
2.87
1.61
2.12
2.11
2.5
2.26
4.16
6.5
5.22
2.99
1.68
4.22
7.72
6.31
3.32
4.53
7.28
4.11
3.01
5.65
2.5
1.46
1.28
1.64
2.37
2.59
4.14
4
1.32
1.64
1.81
1.76
1.83
3.16
3.07
1.99
2.39
2.46
2.24
3.35
4.09
3.39
5.25
2.21
2.9
1.85
1.86
2.07
2.11
1.65
1.8
1.9
1.52
1.83
2.26
1.95
2.2
2
1.47
2.28
2.54
2.2
2.62
2.91
1.7
2.02
1.86
1.46
1.43
3.45
2.45
4.06
4.11
4.23
2.6
2
1.38
1.97
2.01
2.25
2.4
3.29
3.77
2.68
2.67
1.76
2.05
3.6
3
2.86
3.65
2.51
2.06
1.89
2.01
2.58
1.78
2.11
2.07
2.09
2.35
2.2
2.66
1.9
1.6
1.92
4.12
3.92
2.01
2.34
2.97
3.16
2.76
2.5
2.97
4.15
1.97
2.02
1.73
3
2.01
1.81
1.76
1.95
2.59
2.24
1.93
1.95
2.06
2.02
2.08
2.09
1.96
1.96
2.16
3.15
2.8
1.95
2.3
3.13
2.29
1.87
2.37
2.6
1.9
2.28
2.94
2.44
2.69
2.35
2.77
2.55
1.95
2.2
1.89
2.22
2.49
2.14
2.1
2.14
2.04
2.16
2.05
2.08
2.05
3.77
3.61
3.04
2.47
2.18
2.14
2.06
2.27
1.39
1.81
2.05
1.99
2.17
2.47
2.4
1.85
1.8
2.41
2.43
1.88
2.4
2.94
2.6
2.14
1.96
1.95
2.69
2.46
3.51
3.16
2.02
2.1
1.75
1.67
1.64
3.2
3.26
3.03
1.73
2.42
2.51
1.76
1.56
1.64
1.64
1.24
1.16
2.14
1.73
2.87
1.96
1.79
1.54
2.56
8.51
5.4
5
3.65
1.92
1.51
1.76
2.87
4.1
3.26
3.8
2.57
3.25
1.74
1.69
2.15
4.4
4.55
3.48
5.14
4.41
3.23
2.21
1.39
2.47
3.23
2.61
1.55
2.91
3.05
3.2
5.44
3.49
2.33
1.75
1.95
1.67
1.66
1.11
1.61
2.87
3.01
4.28
3.84
1.44
1.51
2.33
1.57
1.01
0.95
1.01
2.16
2.91
2.19
1.4
3.36
4.43
2.61
1.06
1.32
1.35
2.16
2.7
4.73
3.22
1.9
2.66
4.94
4.24
3.1
2.4
4.43
5.68
2.4
5.15
5.92
4.46
2.76
6.99
2.31
1.18
2.08
1.5
1.65
1.36
1.1
2.7
2.44
1.99
1.15
3.64
5.05
5.77
3.58
6.66
4.44
5.95
3.19
3.0625
5.26041666666667
4.35
3.1375
2.975
3.23125
2.60625
3.12083333333333
3.45625
5.27291666666667
5.07291666666667
7.24375
6.69583333333333
6.03958333333333
6.23958333333333
4.27916666666667
5.9125
1.525
1.49375
1.53125
2.46875
6.01041666666667
4.55416666666667
5.90208333333333
2.20625
2.48541666666667
3.53333333333333
4.53541666666667
4.42916666666667
4.68333333333333
5.95
8.83125
3.41875
2.89166666666667
1.56875
1.43333333333333
2.96041666666667
3.74375
3.06875
2.44583333333333
3.84375
2.17083333333333
2.89791666666667
3.6
1.75833333333333
0.958333333333333
2.05833333333333
1.45625
1.30625
1.0625
1.7125
5.96458333333333
3.52916666666667
1.48125
1.49166666666667
1.23958333333333
1.40208333333333
2.8
1.74583333333333
2.59375
2.1
1.09583333333333
0.989583333333333
1.33541666666667
1.59583333333333
1.22083333333333
1.66875
4.07083333333333
3.35625
1.68333333333333
2.6125
2.35625
4.39166666666667
4.58958333333333
3.43125
4.28958333333333
3.55208333333333
2.16875
3.1125
4.73125
4.15416666666667
2.52916666666667
1.7625
1.83125
1.40208333333333
1.80833333333333
1.76041666666667
1.88333333333333
1.81875
1.90208333333333
1.64375
2.2625
2.72708333333333
2.00833333333333
2.23125
3.77708333333333
3.45625
2.56875
1.90625
1.33958333333333
1.9125
3.37916666666667
2.11458333333333
2.15
2.14166666666667
2.71666666666667
2.59791666666667
3.61666666666667
1.93333333333333
1.97291666666667
1.66041666666667
1.89166666666667
1.96875
2.12291666666667
2.7375
1.99166666666667
1.9375
1.52916666666667
2.03541666666667
1.57291666666667
3.4125
2.83333333333333
2.07708333333333
1.99791666666667
2.52083333333333
1.73333333333333
2.64583333333333
2.15208333333333
1.94375
3.19583333333333
4.30416666666667
2.98333333333333
4.04791666666667
4.08333333333333
1.68125
3.02291666666667
2.48333333333333
2.675
3.05208333333333
2.63333333333333
2.99583333333333
2.24375
1.74375
2.8875
2.10416666666667
2.1625
2.34375
2.58333333333333
2.1
2.91666666666667
2.12916666666667
2.47291666666667
2.27083333333333
2.71041666666667
2.52708333333333
2.10416666666667
2.69375
2.48333333333333
2.275
2.22291666666667
2.59583333333333
2.15
2.95625
2.54166666666667
2.76041666666667
2.3
2.00416666666667
2.25625
2.26666666666667
1.89791666666667
1.9125
3.03333333333333
3.16666666666667
2.66041666666667
3.26875
2.39375
2.4375
2.65208333333333
1.85625
2.53125
2.13958333333333
2.32708333333333
1.87083333333333
1.89166666666667
2.25416666666667
2.14791666666667
3.14166666666667
2.65625
3.9375
2.6625
2.94166666666667
2.40208333333333
2.47083333333333
5.50416666666667
3.71458333333333
3.25833333333333
2.2
2.1125
2.375
3.46041666666667
2.5375
2.58125
2.56041666666667
2.63958333333333
1.97708333333333
2.61875
2
2.46041666666667
2.28333333333333
2.32708333333333
2.13541666666667
2.77291666666667
3.43125
2.17291666666667
2.18125
2.55625
1.96875
2.47916666666667
2.48541666666667
2.25208333333333
1.74375
1.8125
2.28541666666667
2.40625
1.89166666666667
1.94583333333333
2.03541666666667
2.62083333333333
3.6
3.325
1.4
2.33958333333333
2.27291666666667
2.09375
2.45
2.71666666666667
2.17083333333333
2.19166666666667
1.96041666666667
2.33125
1.84791666666667
1.63958333333333
1.90416666666667
2.25625
2.1375
1.93125
1.87083333333333
1.97916666666667
2.12083333333333
2.27708333333333
2.04791666666667
1.93125
1.74791666666667
1.82708333333333
1.92708333333333
2.275
1.87916666666667
2.54583333333333
2.59166666666667
2.24791666666667
2.575
3.32916666666667
3.16666666666667
2.6375
2.36666666666667
2.00416666666667
1.63125
2.03958333333333
2.73541666666667
1.85833333333333
1.93958333333333
1.7125
2.10217391304348
1.68125
2.35833333333333
4.38333333333333
3.08958333333333
2.88541666666667
2.61041666666667
2.15833333333333
1.86875
1.58541666666667
1.96458333333333
1.88333333333333
2.24583333333333
2.4
1.7625
1.11458333333333
1.86666666666667
1.50625
1.175
1.95208333333333
2.23333333333333
1.83541666666667
1.74791666666667
3.06875
1.64375
1.49583333333333
1.625
1.4625
1.54166666666667
1.57708333333333
1.6125
1.74583333333333
3.93958333333333
2.42291666666667
4.75
3.33333333333333
3.14375
4.76041666666667
5.97083333333333
3.8625
3.78958333333333
4.02083333333333
4.16875
4.22291666666667
3.22708333333333
2.79166666666667
2.93541666666667
4.46875
4.1625
2.78125
1.11458333333333
0.875
2.70833333333333
2.93333333333333
4.52916666666667
2.95416666666667
3.74583333333333
4.55
5.28333333333333
6.36458333333333
3.46666666666667
1.62083333333333
2.94375
4.525
3.9875
4.80625
7.725
5.21458333333333
3.20625
7.41458333333333
4.18125
8.86875
3.16458333333333
1.63541666666667
1.30625
2.21875
1.33958333333333
1.09166666666667
1.18958333333333
1.99791666666667
1.55416666666667
4.4
2.08958333333333
1.52916666666667
0.90625
1.05416666666667
2.24166666666667
2.67708333333333
4.475
5.71458333333333
4.3125
3.51875
1.45625
2.375
1.04791666666667
0.970833333333333
2.38125
5.56666666666667
4.95208333333333
4.22291666666667
5.66666666666667
5.88958333333333
2.15416666666667
1.64375
1.56875
1.81666666666667
1.38958333333333
3.70416666666667
4.28958333333333
4.34375
2.92708333333333
1.53333333333333
3.25
2.90208333333333
3.20208333333333
1.35
1.09375
1.39583333333333
2.06041666666667
3.18333333333333
4.67916666666667
4.18958333333333
4.17708333333333
6.35416666666667
5.81666666666667
6.4875
2.06666666666667
1.2375
2.08125
4.33125
4.12291666666667
1.775
1.42291666666667
1.48541666666667
2.57916666666667
1.92083333333333
3.79375
3.95416666666667
5.00208333333333
3.74166666666667
3.08333333333333
1.60416666666667
3.3625
3.90833333333333
5.25416666666667
3.99791666666667
1.64166666666667
1.57083333333333
2.42291666666667
1.4
1.44791666666667
1.74583333333333
1.7125
1.74166666666667
2.56041666666667
3.20208333333333
3.16458333333333
1.54166666666667
1.16458333333333
1.23958333333333
1.78541666666667
2.80208333333333
2.43958333333333
2.72291666666667
1.93333333333333
5.93333333333333
5.0375
3.56041666666667
2.04375
2.58541666666667
3.33125
3.4125
4.65416666666667
3.79583333333333
3.62083333333333
3.46666666666667
3.3875
2.78541666666667
2.15
1.71666666666667
1.88958333333333
2.69375
4.81875
6.95
5.6125
2.9375
1.99375
2.04791666666667
2.00625
3.77708333333333
4.54791666666667
4.29166666666667
1.86875
2.53333333333333
3.2625
2.325
2.91458333333333
2.77916666666667
2.88541666666667
2.97291666666667
2.25625
1.75208333333333
5.00833333333333
2.79583333333333
2.87916666666667
3.01458333333333
4
1.90416666666667
1.88125
1.35
1.78125
2.90208333333333
2.03958333333333
1.9875
1.7375
2.27083333333333
2.03125
3.39583333333333
3.62916666666667
3.33125
2.50416666666667
2.04791666666667
2.38541666666667
2.3375
1.95833333333333
1.93125
1.95833333333333
2.1375
2.03333333333333
1.74791666666667
2.05625
2.11041666666667
2.37916666666667
1.975
1.86041666666667
3.19166666666667
2.18125
2.99583333333333
3.94583333333333
3.3
3.11666666666667
2.45416666666667
2.23958333333333
1.99583333333333
1.95833333333333
2.40208333333333
2.7625
2.19791666666667
2.76041666666667
2.24583333333333
2.67708333333333
2.19583333333333
3.1
2.05208333333333
2.52291666666667
2.29583333333333
2.24166666666667
2.43125
2.33958333333333
1.64583333333333
2.44583333333333
2.17708333333333
2.73958333333333
2.64791666666667
2.39791666666667
2.54166666666667
2.64583333333333
3.4625
2.26458333333333
2.46875
2.68958333333333
3.90625
2.56875
2.18125
3.02708333333333
2.08541666666667
2.4375
2.3625
2.60208333333333
3.57291666666667
3.89791666666667
3.43541666666667
3.01458333333333
2.74583333333333
2.225
2.27708333333333
2.40625
2.05416666666667
2.43125
2.1125
2.08958333333333
2.11666666666667
2.11041666666667
1.98541666666667
2.29166666666667
2.38541666666667
2.20416666666667
2.03958333333333
2.11666666666667
3.46458333333333
3.25833333333333
2.34166666666667
2.33541666666667
1.83333333333333
2.43333333333333
2.44583333333333
2.27291666666667
2.38958333333333
2.15416666666667
2.52291666666667
2.36041666666667
1.85833333333333
2.075
1.95416666666667
2.31666666666667
2.2125
2.06666666666667
2.37291666666667
3.35208333333333
2.45625
1.99375
2.82916666666667
3.63958333333333
3.6
2.18958333333333
2.08541666666667
2.66666666666667
2.48541666666667
2.66666666666667
3.06041666666667
3.04166666666667
2.3125
2.23125
2.59583333333333
1.69375
1.99791666666667
1.83958333333333
1.9625
2.19791666666667
2.17291666666667
2.06458333333333
1.87708333333333
1.66666666666667
2.10625
1.85744680851064
2.16595744680851
2.17872340425532
2.08936170212766
2.54583333333333
2.28125
2.41666666666667
3.25208333333333
3.50416666666667
1.72708333333333
2.02708333333333
2.14791666666667
2.05208333333333
1.86458333333333
1.79375
1.98297872340426
2.98723404255319
3.38510638297872
4.98510638297872
5.24791666666667
4.54791666666667
3.57708333333333
2.70625
1.79583333333333
1.55208333333333
1.47916666666667
1.55208333333333
2.22916666666667
2.70416666666667
1.22083333333333
1.84375
1.73125
1.48333333333333
1.64791666666667
1.91666666666667
2.12708333333333
1.67708333333333
1.73958333333333
1.97708333333333
1.64375
1.34791666666667
1.58333333333333
1.66875
1.55416666666667
1.19791666666667
1.82083333333333
1.58958333333333
1.26875
1.27291666666667
1.19791666666667
1.32708333333333
1.77083333333333
2.22916666666667
1.90625
1.48333333333333
2.46875
5.85416666666667
3.76458333333333
1.74791666666667
1.24583333333333
1.27708333333333
2.73958333333333
1.87291666666667
3.26041666666667
2.07916666666667
1.85625
1.18125
1.7625
3.37916666666667
3.48333333333333
3.41666666666667
5.21041666666667
4.31458333333333
3.13541666666667
5.93958333333333
4.65833333333333
2.05416666666667
4.6375
3.86458333333333
1.52708333333333
4.50208333333333
4.59166666666667
1.79583333333333
1.84791666666667
2.86875
2.72291666666667
2.79791666666667
1.16875
1.06041666666667
1.92708333333333
1.34583333333333
2.05625
4.77083333333333
2.40833333333333
2.025
2.44791666666667
2.29791666666667
1.85208333333333
2.91041666666667
1.64583333333333
1.06875
1.54375
1.39583333333333
2.82916666666667
3.30416666666667
3.65208333333333
3.62291666666667
1.58541666666667
2.32083333333333
1.02291666666667
1.11041666666667
2.37916666666667
2.09583333333333
1.99166666666667
