20000101
3.15
2.74
2.55
2.39
2.21
3.11
2.67
2.23
3.33
4.08
2.8
2.2
2.21
3.56
3.45
3.34
4.48
8.12
5.56
4.11
6.31
7.12
4.87
4.17
2.45
2.2
2.18
2.97
4.71
5.88
1.9
2.67
5.97
6.12
2.26
2.84
2.34
4.38
5.91
7.02
3.37
3.37
4.82
3.36
4.12
5.1
8.98
7.3
5.9
8.97
4.38
2.48
3
2.64
3.07
2.88
2.97
2.73
2.41
2.49
8.37
5.73
3.06
3.52
3.25
2.38
2.09
2.6
2.82
3.61
2
2.8
2.97
3.61
6.66
4.18
4.99
5.62
4.45
2.72
4.24
5.46
3.62
3.66
2.71
5.92
6.19
4.04
5.04
2.71
4.34
3.14
4.62
4.85
4.58
6.94
4.71
2.63
4.01
3.73
3.74
4.16
4.08
4.04
3.39
3.92
3.24
5.4
5.01
3.8
3.26
2.76
3.25
6.04
3.66
2.48
3.17
3.72
4.53
2.5
2.75
2.45
2.78
2.29
5.31
2.75
2.65
2.59
2.69
2.94
2.72
2.42
2.3
2.5
2.51
2.5
2.53
2.16
3.59
4.35
2.67
2.86
3.65
2.53
2.74
2.93
2.75
5.07
3.45
4.52
2.8
3.12
2.69
2.93
3.15
3.19
4.33
5.9
4.36
2.65
4.25
6.34
5.63
5.08
2.7
2.74
3.23
2.72
2.81
3.25
2.67
2.98
2.56
2.67
3.03
3.62
3.86
3.26
2.65
2.54
3.17
2.92
2.7
2.73
3.53
5.85
3.24
2.67
3.68
6.61
5.06
4.39
7.35
6.47
4.01
7
7.46
3.81
2.29
2.57
2.75
2.68
2.83
2.64
2.47
4.64
2.76
3
2.57
3.88
3.66
4.37
2.95
3.23
3.15
3.01
5.31
4.17
3.67
4.16
2.93
2.38
2.36
2.17
3.46
2.99
2.2
2.25
2.15
2.37
2.73
2.56
2.34
2.9
2.66
2.27
2.35
2.5
4.14
5.17
2.46
2.85
3.38
3.65
3.13
3.85
3.95
4.44
3.71
3.63
3.61
2.83
2.71
2.52
2.42
2.7
2.64
2.48
2.23
2.64
2.71
2.79
3.14
6.11
3.2
1.98
2.25
2.11
1.89
2
1.71
1.9
3.62
4.46
4.83
9.01
4.55
2.1
2.88
5.45
4.18
2.66
3.3
3.87
3.42
2.38
3.13
4.26
5.55
3.63
2.24
2.12
1.82
2.5
5.76
4.37
6.03
3.86
2.15
1.5
2.46
1.79
2.41
1.79
4.95
3.63
1.58
5.31
4.08
1.51
7.14
5.73
3.7
3.34
2.42
1.94
1.92
2.3
3.58
2.83
4.93
6.38
5.57
3.13
3.55
3.77
2.48
4.57
6.08
3.64
4.3
4
1.95
2.22
3.45
2.09
3.14
3.79
1.97
2.08
2.06
1.97
2.12
3.35
2.69
1.81
2.19
2.69
3.1
6.35
4.66
2.76
2.61
2.14
2.75
2.7
5.29
2.75
3.13
2.74
2.22
5.35
6.14
8.06
6.86
5.1
2.11
3.38
2.92
4.29
1.83
4.38
4.26
7.66
2.06
2.32
2.46
3.33
3.5
1.9
2.11
2.12
2.76
2.1
5.33
4.57
2.81
2.29
2.95
2.91
3.77
3.34
5.8
5.4
7.69
6.84
7.63
6.69
3.01
3.18
3.12
3.61
2.25
2.56
3.87
7.8
4.27
2.28
2.09
4.69
2.61
3.23
2.75
4.61
3.54
5.42
5.76
4.71
4.59
3.72
3.72
6.55
5.16
4.32
6.98
4.21
2.17
3.99
3.78
2.22
1.92
2.44
4.87
3.22
3.03
1.81
3.7
6.91
4.77
2.33
2.41
4.65
4.51
4.12
3.2
2.77
2.91
2.33
3
5.32
4.13
4.22
4.05
7.59
8.13
3.65
2.98
2.62
3.07
3.92
2.85
2.25
7.31
11.55
5.63
7.71
8.1
6.95
4.06
5.42
4.14
3.11
3.05
3.05
4.63
6.32
7.67
5.3
4.57
2.78
4.74
3.04
2.92
4.74
2.88
4.46
3.45
2.68
2.12
3.91
6.99
6.52
4.71
2.94
2.38
3.02
3.73
1.92
2.23
2.13
2.86
2
2.18
3.41
3.86
3.07
3.15
2.46
2.28
2.3
2.66
2.97
2.49
2.4
2.15
2.45
2.62
3.62
4.26
3.8
3.15
2.2
4.16
2.91
2.24
2.47
4.04
4.87
3.11
2.59
2.47
2.33
4.6
6.03
4.91
3.22
2.71
2.65
2.38
2.13
2.33
2.18
2.93
3.9
5.15
2.92
2.31
3.1
2.65
2.59
3.34
3
2.99
4.19
2.91
3.39
3.8
2.91
2.75
2.44
2.59
5.67
1.88
2.81
4.3
5.65
4.73
2.89
2.32
2.17
2
2.02
2.31
2.11
2.6
2.16
2.04
1.96
2.15
2.36
3.19
3.23
3.59
4.05
2.4
3.7
2.74
4.15
3.28
2.65
2.43
2.25
2.53
2.76
2.99
2.44
2.21
3.36
2.51
2.37
2.2
2.17
2.24
2.13
2.63
2.45
4.07
4.55
4.41
4.88
2.72
3.45
3.06
4.5
2.92
5.48
4.48
4.64
4.88
3.11
2.43
2.43
4.3
4.74
4.25
5.7
3.6
2.03
1.91
1.85
2.23
2.44
3.53
3.13
2.31
2.15
2.5
1.6
1.84
1.97
2.03
2.59
2.32
1.72
1.84
4.5
2.76
2.87
1.43
2.22
2.17
1.61
1.94
1.96
1.91
2.27
2.44
2.4
2.99
2.49
1.94
2.6
3.03
2.2
1.65
1.61
1.64
1.5
1.63
1.71
4.64
3.41
2.03
2.1
2.83
4.19
3.82
6.85
6.13
5.15
8.38
7.15
7.69
6.35
6.5
2.29
3.06
2.43
4.01
3.33
1.88
4.29
5.92
2.71
3.55
2.91
3.51
4.71
3.46
2.36
1.71
0.93
1.58
3.34
3.79
3.38
2.21
2.13
1.53
2.68
1.52
1.33
3.46
3.34
6.68
6.49
1.35
2.27
1.45
4.72
4.47
4.19
2.96
4.44
3.22
7.68
4.35
3.2
4.78
5.5
3.45
2.37
1.77
1.08
4.07
1.02
1.26
2.1
1.79
1.91
0.68
1.84
1.44
2.55
4.25
3.87
4.81
2.75
2.04
2.62
1.71
1.84
3.65
1.88
6.3
4.22
3.59
3.91
2.52
1.45
1.33
4.2
2.43
1.7
1.84
2.67
2.63
12.33
6.47
2.39
3.26
2.92
1.41
2.46
1.81
7.21
4.57
2.64
3.28
4.15
4.37
5.98
6.95
5.73
6.83
5.13
3.05
2.27
4.4
2.64
2.03
2.23
1.97
2.4
5.66
5.22
2.23
3.04
3.86
2.61
1.81
1.37
4.53
1.58
2.59
2.68
2.62
3.5
4.48
3.3
1.84
2.51
2.48
2.52
2.1
2.32
2.87
5.9
3.17
1.95
2.08
2.16
3.19
5.13
7.66
4.82
2.34
2.63
1.66
3.96
4.15
3.89
2.73
6.13
3.75
3.88
3.73
2.4
1.9
1.97
2.12
2.5
2.25
3.1
2.99
2.63
2.21
3.13
2.1
2.81
2.5
2.15
3.24
4.5
5.3
3.48
4.14
5.33
3.88
3.09
3.63
3.15
3.35
1.84
2.42
1.58
2.36
3.62
6.02
4.06
1.95
2.09
2.4
6
3.82
4.52
2.54
5.09
3.45
2.28
2.04
2.35
1.94
1.86
1.7
3.08
4.93
6.65
4.62
5.07
7
4.22
2.24
2.27
1.87
2.08
1.88
1.92
1.8
2.09
1.98
1.44
1.95
1.88
1.83
2.98
3.91
1.99
1.82
5.18
2.03
2.37
2.73
2.15
2.61
3.93
2.35
3.57
2.44
2.71
2.53
3.75
2.09
2.4
4.54
5.34
6.83
4.67
4.1
2.83
2.29
2.28
1.75
2.23
3.24
5.47
3.77
2.54
2.66
2.12
2.18
3.14
4.12
3.33
1.52
2.46
2.38
2.54
4.7
4.1
3.45
4.37
4.58
6.7
4.44
3.43
2.63
2.91
2.29
2.21
1.95
2.09
2.09
2.38
1.67
1.54
1.74
3.42
3.35
3.39
3.71
4.38
3.05
2.62
4.2
1.63
1.82
2.11
4.07
4.08
1.82
2.04
2.77
2.25
2.43
2.95
2.92
1.82
2.17
1.9
2.17
1.42
1.74
1.59
1.89
2.9
5.09
4.74
3.36
3.61
2.81
2.27
1.85
2.51
2.45
0.74
1.32
1.94
2.77
2.88
2.23
1.86
2.6
4.31
7.19
6.85
2.32
1.36
1.52
1.77
5.59
2.74
1.6
1.68
1.49
3.69
3.81
1.86
1.84
1.61
2.43
1.93
1.6
1.34
2.78
2.69
2.75
4.67
4.05
3.41
2.43
7.3
6.34
7.36
5.62
3.03
1.23
3.23
2.19
1.02
2.26
2.64
3.47
1.89
3.64
2.5
2.73
0.77
1.6
2.21
5.45
2.29
2.53
4.77
7.66
4.58
7.51
6.56
5.35
8.64
5.29
2.94
3.32
1.36
1.72
1.35
2.07
1.16
1.22
4.82
1.31
1.43
1.72
1.46
1.04
2.08
1.33
1.21
3.91
3.56
2.36
1.25
8.78
4.85
3.77
8.03
3.53
3.46
3.12
5.16
3.48
6.44
4.55
1.82
2.1
6.04
5.11
5.64
4.02
2.8
1.61
2.07
1.71
2.08
3.92
3.5
3.96
4.04
6.24
6.09
5.15
6.37
4.84
8.89
8.95
8.15
7.11
6.82
6.04
6.3
10.24
5.67
2.16
1.39
1.28
2.24
2.66
1.95
1.55
1.3
1.61
2.4
4.26
3.73
3.49
1.53
5.16
2.71
2.36
1.28
4.72
6.49
5.11
1.85
3.21
1.95
4.32
3.64
3.83
1.39
3.2
2.02
2.2
1.51
1.53
1.84
1.99
2.17
2.23
3.94
2.7
1.97
2.13
1.96
3.56
2.51
2.49
2.45
2.07
2.27
1.15
4.04
3.83
1.82
2.13
3.48
2.54
7.33
6.93
4.17
4.25
5.54
3.9
2.58
3.21
5.73
2.54
2.18
3.85
4.48
4.12
3.88
1.42
2.49
1.94
2.17
1.81
2.25
1.92
1.71
1.82
2.09
1.83
1.87
2.08
2.75
2.53
1.99
3
2.47
2.08
4.62
4.34
2.43
3.67
3.01
2.01
2.59
3.26
4.28
1.74
2.22
3.3
2.2
2.29
3.98
3.75
2.47
1.76
3.44
3.19
5.79
3.9
2.49
1.97
1.84
2.04
1.99
1.81
1.83
2.03
2.01
1.91
2.05
1.83
1.94
1.99
2.07
1.71
1.96
2.18
2.54
2.58
2.9
3.68
3.07
2.11
1.84
1.53
2.82
2.43
2.15
2.05
2.88
2.17
2
2.52
4.85
2.45
2.81
3.15
2.39
2.42
1.93
2.19
2.03
1.54
1.98
1.93
1.84
2.65
2.74
3.93
2.83
2.19
2.01
2.29
2.16
2.42
2.41
3.47
2.5
2.24
2.76
3.3
3.3
2.96
3.42
2.62
2.19
2.22
2
2.01
2.03
1.98
1.83
1.75
1.92
1.97
2.14
2.14
2.07
2.05
2.45
2.32
1.52
1.49
1.91
1.74
1.5
2.11
1.76
2.72
1.91
1.84
1.99
4.14
3.4
3.39
1.65
1.75
2.25
2.82
2.11
1.72
1.66
3.51
7.05
4.91
3.71
3.31
1.7
3.47
2.78
1.64
1.68
1.85
2.2
1.7
1.41
2.04
2.04
2.75
2.6
1.88
1.75
2.47
1.65
2.12
2.08
1.4
2.5
5.55
7.84
3.29
4.04
4.73
3.17
2.26
1.55
0.77
1.54
1.6
2.33
1.99
2.44
1.62
2.4
2.78
2.49
1.82
7.75
4.64
1.93
1.36
0.95
0.97
2.89
3.37
3.84
4.62
3.76
2.51
1.2
1.2
1.05
1.54
1.33
1.9
1.93
1.05
1.53
1.68
1.93
2.83
2.94
4.36
2.61
1.28
1.11
1.01
3.11
3.43
3.1
4.27
3.53
7.05
4.85
2.33
1.35
2.44
2.93
4.19
2.71
3.48
1.72
1.68
2
1.48
2.08
2.91
4
3.4
6.25
4.78
1.66
0.35
1.01
3.7
0.66
5.12
6.1
7
4.36
1.85
1.36
2.12
4.62
5.55
7.64
6.76
5.87
6.55
5.8
2.54
1.96
1.34
2.09
3.7
7.67
5.62
2.61
5.27
7.28
7.54
4.88
2.61
5.17
7.65
6.19
6.02
5.04
3.69
3.32
2.06
2.97
1.82
3.75
6.45
5.48
3.54
1.42
1.52
1.07
1.6
1.78
1.79
2.03
1.82
2.73
2.8
1.82
3.82
3.47
2.26
1.91
3.64
3.15
2.01
2.91
4.1
3.93
2.24
4.29
4.68
2.05
2.28
3.31
5.95
7.53
4.28
4.2
3.9
2.62
4.02
4.85
5.44
4.8
2.93
2.4
1.74
3.69
2.3
3
2.39
2.25
2.97
2.45
1.69
2.15
2.2
2.18
7.97
7.42
4.51
4.38
3.15
2.78
4.39
4.96
3.01
1.74
2.14
2.15
3.75
2.22
3.1
4.51
5.52
1.63
3.32
3.58
3.58
4.18
5.66
2.07
4.23
4.43
3.4
3.79
6.99
4.74
1.97
2.78
6.18
3.93
3.42
2.04
2.19
3.04
3.66
3.87
1.77
2.7
3.39
5.37
5.39
6.61
7.14
4.85
2.17
3.05
2.45
2.27
4.54
3.65
2.17
1.85
1.84
1.55
2.22
1.84
2.11
1.24
2.17
2.4
1.85
2.41
1.94
2.3
2.01
1.73
2.68
2.54
3.55
4.11
3.67
2.14
2.22
2.42
2.31
1.86
2.06
2.16
2.11
3.9
2.29
0.74
0.51
0.65
0.3
0.43
0.68
0.3
0.3
0.43
0.39
0.48
0.47
0.35
0.39
0.51
0.54
0.68
0.6
0.3
0.39
0.47
0.43
0.43
1.76
0.48
0.43
0.3
0.7
0.35
2.38
3.06
2.87
2.62
2.63
2.5
2.75
3.18
2.72
2.36
2.68
3.95
3.66
3.74
2.89
2.46
2.48
2.69
2.83
3.19
2.23
3.97
4.31
2.72
2.63
2.47
2.55
2.9
3.92
3.69
3.07
2.67
2.41
2.61
2.08
2.42
3.03
4.13
4.42
2.71
2.43
2.8
2.86
4.18
2.51
2.82
2.51
2.84
2.43
3.05
3.25
3.15
2.56
2.55
5.62
3.72
2.97
2.19
2.56
3.07
2.58
1.94
2.62
3.78
3.89
2.28
2.49
2.83
2.51
3.33
4.16
3.43
4.29
5.35
5.1
2.81
2.96
2.58
2.27
2.3
2.35
2.31
2.13
2.35
1.87
2.23
2.1
2.16
4.15
3.73
2.14
3.41
3.57
3.48
4.83
3.31
2.37
1.7
2.76
2.04
2.21
2.11
1.94
2.47
4.76
1.71
2.82
3.24
2.45
2.91
2.71
3.28
2.27
1.96
3
5.37
4.78
3.72
5.04
7.71
4.75
4.2
8.97
9.26
4.53
4.76
2.77
2.57
5.65
3.51
1.99
2.11
3.52
2.61
1.83
2.67
2.94
2.45
4.06
2.93
3.87
2.4
2.32
2.91
4.21
4.65
5.32
3.65
3.35
3.04
2.03
2.6
1.92
1.8
1.88
3.79
5.84
6.87
6.8
8.74
3.2
4.09
4.78
3.57
4.67
7.81
6.9
6.06
4.56
2.65
2.6
1.41
2.18
1.44
1.15
1.46
1.66
1.04
1.19
0.99
0.93
1.13
1.84
1.49
1.61
0.93
0.75
1.59
2.86
2.85
2.83
3.8
2.37
1.6
2.78
2.43
2.56
2.53
2.58
2.2
2.73
1.67
3.13
2.15
2.17
1.19
1.08
1.21
1.43
1.72
1.41
1.33
1.52
2.34
4.88
3.6
2.63
2.74
2.56
2.4
2.71
2.59
2.67
1.81
2.11
1.03
0.98
1.51
2.22
2.17
2.05
0.99
2.16
2.71
3.18
2.27
2.63
2.4
1.94
1.65
1.48
1.78
1.18
0.9
0.84
1.23
1.12
1.1
0.94
1.36
0.92
1.18
1.25
1.33
1.13
1.13
2.15
1.63
1.8
2.56
1.87
1.31
1.52
1.84
1.25
1.04
1.4
1.16
2.56
3.6
3.58
2.87
2.4
1.71
1.33
2.38
4.13
3.57
1.74
2.42
2.64
1.21
1.41
1.6
1.19
1.96
1.3
1.34
1.35
1.28
1.19
1.29
1.19
1.27
1.45
2.65
2.66
1.46
1.57
1.28
1.13
1.37
1.43
1.43
1.77
1.2
1.25
2.48
2.65
1.4
1.11
1.07
1.42
2.03
1.31
1.25
1.17
1.11
1.37
1.2
1.52
1.58
1.59
1.3
1.16
1.25
1.66
1.36
1.5
1.67
1.68
1.63
1.49
1.04
0.81
1.63
1.41
1.36
1.36
1.35
1.25
1.4
1.42
1.05
1.36
1.08
1.34
1.23
1.13
1.2
1.67
1.46
2.34
1.39
1.27
1.48
2.12
2.05
1.83
1.98
1.21
1.53
1.77
1.29
1.23
1.14
1.02
1.14
1.01
2.12
1.97
1.41
1.19
1.27
1.29
1.2
1.19
1.13
1.31
1.23
1.29
1.43
1.18
1.02
1.76
2.08
1.88
1.33
1.4
1.36
1.57
1.35
1.23
1.4
1.48
1.43
1.21
1.63
1.19
1.17
1.08
1.38
2.97
2.22
2.58
2.45
1.95
0.98
1.4
1.18
1.26
1.08
1.12
1.17
1.12
1.07
1.15
1.19
1.11
0.85
1.05
0.95
1.06
1.6
1.55
1.36
0.57
0.75
1.07
0.9
1.65
1.98
1.59
1.23
0.98
0.85
0.8
0.7
0.83
0.77
0.82
0.8
1.06
1.34
0.88
1.94
1.93
1.6
1.2
0.61
0.85
0.8
0.71
0.86
0.64
0.78
0.58
0.9
0.74
0.72
0.77
0.56
0.78
0.75
0.81
0.72
0.69
0.81
0.78
0.89
1.04
0.59
0.72
0.74
0.46
0.92
0.66
0.71
1.19
1.44
1.37
0.74
0.7
1.65
1.43
0.76
0.5
0.98
1.33
0.59
1.44
1.38
0.85
0.8
0.82
0.68
1
0.88
1.98
2.47
2.24
2.05
0.96
1.63
1.43
0.63
0.68
1.1
1.03
2.01
1.86
1.21
1.43
1.35
1.5
0.88
1.32
1.69
2.23
1.64
2.91
1.65
1.15
0.8
0.74
0.88
0.96
0.9
0.69
1.27
1.02
1.4
2.16
1.55
0.54
1.23
3.36
3.29
2.25
1.43
0.63
0.68
1.27
1.34
0.7
1.02
1.18
0.66
0.54
0.63
0.55
0.73
0.74
1.69
1.15
0.93
0.87
1
1.29
0.84
0.63
1.08
1.09
1.77
1.67
1.98
2.65
1.57
0.95
0.86
1.6
1.48
1.19
1.02
0.85
1.36
0.98
1.08
1.1
0.87
0.81
0.92
1.58
2
1.21
1.9
1.53
0.93
0.94
1.71
1.24
1.25
1.96
2.39
2.24
1.81
2.25
1.9
1.28
2.98
2.86
2.16
2.88
2.36
2.62
3.93
2.9
1.36
1.04
1
1.28
1.76
1.67
1.04
1.07
0.83
1.64
1.4
1.82
1.19
0.8
0.65
2.08
1.08
0.92
1.19
0.96
1.39
1.21
1.19
1.25
1.15
0.97
0.94
1.22
1.91
1.99
1.16
1.31
0.72
0.73
0.84
1.17
2.25
1.11
0.88
1.54
1.8
1.19
1.58
1.18
1.3
1.18
2.09
2.27
1.39
1.07
1.34
1.24
1.29
0.89
1.07
0.93
1.07
1.46
1.02
1.25
0.99
0.98
0.99
0.99
0.85
0.93
0.96
1.3
1.15
1.34
1.14
1.52
1.76
1.09
1.08
1.03
0.97
1.11
1.95
1.28
1.65
1.78
1.6
1.41
1.19
1.2
1.42
1.47
1.3
1.06
1
1.39
1.25
1.45
1.53
0.92
0.97
0.9
1.09
0.96
0.99
0.94
0.9
0.96
1.07
1.24
1
1.04
1.29
1.17
1.13
1.01
1.14
1.22
1.11
1.8
1.64
1.27
1.03
0.98
0.85
0.95
1.04
1.11
1.09
1.04
0.93
1.06
1.02
1
0.61
-99
0.85
0.87
0.88
0.89
0.9
1.77
1.32
0.9
0.97
1.25
1.45
1.9
2.01
1.68
1.18
1.51
1.38
1.54
1.31
1.46
1.49
1.53
1.5
0.95
0.78
0.64
0.79
0.98
0.99
1.07
0.89
0.77
1.18
1.47
1.63
1.5
1.05
1.51
1.54
0.98
0.93
0.65
0.67
0.8
0.74
0.78
0.85
0.7
1
0.9
0.86
1.23
0.76
1.18
2.48
2.08
1.34
1.2
0.84
0.84
1.33
0.93
0.48
0.75
1.88
1.8
0.73
0.74
0.77
0.77
0.83
0.71
1.33
1.47
1.15
0.97
0.78
0.79
0.73
0.86
0.92
1.15
0.91
0.7
0.96
1.04
1.29
1.11
0.76
0.59
0.98
0.65
0.45
0.85
0.95
0.84
0.77
0.74
0.87
0.82
0.76
1.13
1.31
0.79
0.74
0.74
0.72
0.83
0.84
0.7
0.75
0.89
1.1
1.42
0.73
0.94
0.73
0.98
0.89
0.87
1.08
1.63
2.19
1.39
0.72
0.53
0.7
0.73
0.55
1.52
0.8
0.69
0.44
1.12
0.95
0.6
2.19
1.45
1.39
2.68
1.11
0.88
0.89
1.1
0.85
1.05
0.9
1.59
1.63
1.24
2.23
2.18
0.95
1.54
1.47
2.09
0.77
0.83
0.87
0.96
0.75
0.93
1.47
1.77
1.26
1.16
1.31
0.59
0.81
1.33
0.77
0.65
1.4
1.31
0.5
0.99
0.6
0.78
1
1.54
1.58
0.94
1.07
0.91
3.26
2.18
1.09
1.5
2.08
1.2
0.77
0.37
0.8
1.58
1
0.84
0.75
0.79
1.22
1.23
0.53
2.4
2.5
1.5
2.06
1.89
2.2
1.47
0.88
0.75
1.19
1.47
1.03
0.58
0.87
1.39
1.4
2.2
3.2
1.46
1.24
1.43
3.63
1.63
0.83
1.43
0.85
1.65
2.77
2.35
2.04
1.64
1.05
1
0.93
1.05
0.88
2.33
1.95
3.55
3.57
2.27
3.2
2.76
2.23
1.58
1.15
1.51
1.15
1.33
1.72
1.2
2.88
2.52
1.69
1.33
1.28
1.32
1.33
1.09
1.49
0.97
1.06
0.69
0.67
1.14
1.04
0.83
0.85
1.08
0.87
0.98
1
0.89
0.96
1.03
1.08
1.5
2.16
1.84
0.87
0.91
1.37
1.16
0.71
1.17
2.09
2.65
2.15
1.55
1.25
0.85
1.16
1.25
0.82
2.48
1.83
1.46
2.47
1.81
0.82
1.62
2
1.3
1.03
1.81
1.02
1.89
2.09
3.09
1.91
1.1
1.43
2.16
1.75
1.41
1.18
1.01
1.1
1.13
1.05
1.02
0.93
1.12
1
0.99
1.08
1.54
0.87
0.85
0.75
1.05
1.15
1.66
1.48
1.27
1.04
1.33
1.75
1.61
1.03
1.25
1.03
1
1.45
1.13
1.59
1.85
1.13
0.99
1
2.28
2.23
1.38
1.07
1.02
1.36
1.4
1.17
0.92
0.96
1.03
1.7
0.96
1.2
1.03
1.29
1.27
1.19
0.98
0.93
1.25
1.31
1.16
1
1.35
1.43
0.98
0.98
0.97
0.82
1.26
1.33
1.33
0.92
0.93
1.13
0.92
0.83
1.58
1.57
1.02
1.41
1.88
1.97
1.21
1.16
1.3
1.18
0.91
0.84
0.7
0.79
2.32
1.87
1.2
0.94
1.08
1.63
1.31
1.08
1.21
1.18
0.97
0.88
1.38
0.92
1.11
1.25
1.01
0.88
0.75
1.6
1.27
0.92
0.61
0.65
0.87
0.75
1.52
2.35
2.6
1.28
0.6
0.66
0.78
0.95
1.38
0.93
0.85
0.75
1.19
1.28
1.54
1.42
0.79
0.81
1.2
0.85
0.94
0.96
0.84
0.85
1.15
1.34
0.85
0.93
0.96
0.94
1.66
1.31
0.73
0.73
0.8
1.51
1.51
1.46
0.45
0.5
0.53
0.72
1.24
1.18
0.88
1.2
1.05
0.46
0.46
1.31
1.3
1.23
1.47
1.03
0.8
0.38
0.3
0.26
1.06
1.31
1.31
1.57
1.62
1.33
1.32
1.18
0.78
0.54
1.04
3.05
1.18
0.79
0.98
1.83
1.48
2.72
3.05
2.12
1.13
0.51
0.91
0.96
0.6
0.59
0.98
1
1.22
1.38
0.61
0.44
0.72
0.8
0.7
0.81
0.53
0.87
1.13
1.22
0.56
0.48
0.44
1
1.01
1.14
0.86
0.37
0.28
0.22
0.84
2.38
0.75
0.54
0.67
2.15
1.88
0.9
0.83
0.4
0.88
1.75
1.12
0.35
0.81
0.6
0.91
1.25
0.54
0.92
1.2
0.49
0.95
0.96
1.41
0.92
0.62
0.58
0.78
0.84
0.65
0.92
1.48
1.01
1.46
0.8
0.64
1.38
1.25
1.04
0.93
0.52
0.64
0.48
0.81
0.5
0.52
0.53
0.41
0.55
1.23
1.13
0.88
2.37
1.58
1.78
2
1.44
1.1
0.98
1.83
1.5
0.95
0.53
0.63
1.36
1.06
1.05
1.48
1.38
2.08
1.78
2.27
2.88
2.35
1.83
1.62
1.15
0.73
0.88
2.48
1.28
1.65
1.39
0.93
1.09
0.89
1.1
0.62
0.43
0.6
1.74
1.24
1.06
2.07
1.13
0.74
0.68
0.99
0.68
0.59
1.64
1.87
0.85
0.98
0.8
0.8
0.69
0.5
1.05
1.22
0.83
0.65
0.77
0.8
0.93
1.15
1.19
1.05
1.1
1.85
1.39
0.6
0.7
0.65
0.57
0.68
0.42
1.09
1
1.58
0.88
0.73
0.53
1.01
0.7
0.45
0.62
0.98
0.93
0.63
0.76
0.68
0.71
1.08
1.16
0.85
1.38
1.34
0.97
0.4
0.48
0.56
1.54
1.37
0.87
0.5
0.7
1.13
0.92
0.64
0.64
0.7
0.62
0.87
0.81
0.82
0.67
0.98
1.04
0.6
0.62
0.58
0.74
1.33
0.83
0.7
0.8
0.95
0.7
0.45
0.58
0.72
0.85
1.11
0.93
0.7
0.6
0.54
0.97
0.6
0.53
1.34
1.01
0.64
0.55
0.6
0.71
0.58
0.71
0.99
0.73
0.63
0.96
1.03
0.64
0.66
0.63
0.55
0.61
1.53
1.1
0.74
0.84
0.63
0.94
0.62
1.45
0.61
0.75
0.68
0.63
0.73
0.54
0.69
0.97
0.78
0.73
0.72
0.61
0.59
0.69
0.59
0.62
0.65
0.46
0.76
0.6
0.46
0.73
0.69
0.65
0.73
0.47
0.69
1.58
1.97
1.55
1.07
0.86
0.5
0.38
0.55
0.94
0.78
0.42
0.35
0.55
0.98
0.71
0.63
0.55
0.64
0.87
0.89
0.95
2.18
1.22
0.63
0.57
0.35
0.73
0.69
0.7
0.91
0.59
0.31
0.33
0.4
0.48
0.47
0.45
0.52
0.35
0.37
1.76
1.04
0.38
0.82
0.36
0.55
0.96
1.18
0.64
0.76
0.17
1.32
0.42
0.61
0.75
0.63
0.71
0.3
0.44
0.42
0.31
0.81
1.6
1.42
1.09
1.1
1.25
0.68
0.68
0.86
1.79
2.45
1.15
1.76
1.26
1.25
1.07
1.25
0.75
0.79
1.21
1.28
1.19
0.49
1.05
0.84
0.58
0.44
0.84
1.34
1.53
1.2
0.4
1.24
1.79
0.81
1.19
2.25
1.57
1.64
1.04
0.5
0.55
0.51
0.48
1.15
0.85
1.1
0.38
0.25
0.41
0.33
0.28
0.42
0.65
1.15
0.71
1.12
0.53
0.75
0.48
1.05
0.65
1.1
1.53
0.52
0.5
0.63
0.63
0.44
1.11
2.04
1.06
1.23
3.2
1.38
2.38
2.17
1.82
0.48
0.7
0.36
0.7
0.34
1.05
0.67
0.38
0.87
3.23
1.71
1.53
1.64
2.23
1.16
1.19
1.05
0.7
0.53
1.01
1.58
0.85
0.76
0.78
1.46
1.59
0.83
0.75
0.87
0.73
0.39
0.5
0.65
0.44
1.2
3.33
2.85
2.47
1.28
1.1
1.09
1.07
0.68
0.75
0.7
0.81
0.9
0.75
0.92
0.92
1.15
1.03
0.85
1.34
1.37
1.43
1.05
0.64
1.01
1.25
0.71
0.86
0.9
0.71
0.71
0.88
0.7
0.74
0.7
1.34
0.66
1.42
1.41
1.33
1.87
0.82
1.17
0.8
1.13
0.82
0.67
1.38
1.58
1.93
1.34
0.99
1.46
1.5
1.44
1.36
1.08
0.85
1.11
1.48
1.05
1.33
1.31
0.63
0.6
0.62
0.93
0.76
0.81
0.87
0.53
0.58
1.3
0.71
0.8
0.89
0.72
0.77
0.71
0.44
0.66
0.77
0.83
1.48
1.47
1.02
0.7
0.67
0.79
0.87
0.77
0.9
0.68
0.53
0.9
0.87
0.61
1.19
0.67
0.85
0.73
0.63
0.6
0.64
0.59
0.6
0.63
0.5
1.27
1.42
1.08
0.9
0.93
0.74
0.68
0.68
0.7
0.54
0.61
0.58
0.76
0.64
0.74
0.79
0.77
1.03
0.5
0.3
0.78
0.55
0.82
0.88
0.88
0.88
0.93
2.36
1.77
0.94
0.79
0.87
0.71
0.78
0.75
1.35
0.77
0.84
0.9
0.83
1.37
0.88
0.96
1.33
0.92
0.84
0.71
0.78
0.75
0.85
1.04
0.94
0.78
0.79
0.97
0.59
0.63
0.76
0.88
0.78
0.77
0.79
0.77
0.76
0.64
0.67
0.62
0.77
0.64
0.73
1.48
1.13
0.87
1.06
0.69
1.06
1.01
1.24
0.53
0.77
0.76
0.7
0.8
0.83
0.63
0.71
1.22
0.52
1
0.94
0.82
1.05
1.23
1.02
0.96
0.84
0.84
1.02
0.57
0.93
0.69
0.84
0.57
0.5
1.65
1.22
0.67
0.49
0.57
0.5
0.53
0.59
0.88
0.98
1.66
1.55
1.03
1.47
1.57
1.05
1.18
0.69
1.43
0.84
1.66
2.38
1.12
0.47
0.58
0.45
0.33
0.45
0.46
0.35
0.65
2.63
2.23
2.09
2.56
1.71
2.29
3.73
2.7
1.96
1.35
0.6
0.44
0.45
0.53
0.36
0.46
0.49
0.42
0.43
0.48
1.01
1
0.82
0.66
0.68
0.75
0.76
0.62
2.43
2.96
0.56
1.92
3.18
1.07
0.59
0.76
1.38
0.73
0.4
0.51
0.65
1.43
1.99
2.11
1.25
1.89
2.14
2.09
1.34
0.34
0.33
0.6
0.5
1.42
0.81
1.08
0.33
0.43
0.49
0.94
2.54
1.14
0.41
0.61
0.67
1.35
0.8
2.28
3.31
1.51
0.94
0.51
1.94
2.39
2.05
0.58
0.35
0.39
0.21
1.68
1.17
0.56
0.61
0.54
1.1
1.16
1.73
2.17
2.06
2.64
1.14
1.04
0.89
0.83
0.41
1.29
1.95
1.6
0.42
2.35
2.35
2.66
1.94
1.58
1.47
1.01
0.63
0.53
1.17
1.77
1.88
0.52
0.52
1.17
1.69
0.73
1.3
0.6
1.33
1.19
1.35
1.28
1.46
1.08
0.93
0.82
2.1
2.18
1.8
1.36
0.96
1.36
1.58
1.73
1.1
1.03
0.88
0.53
0.65
0.54
0.57
0.74
1.32
0.73
1.6
1.71
0.9
0.84
1.7
1.81
1.65
1.13
0.99
2.13
1.38
1.42
0.77
1.43
1.13
0.92
1.3
1.24
0.63
0.52
0.57
0.7
0.53
0.44
0.87
0.86
0.68
0.46
0.51
0.83
0.76
1.05
1.04
0.77
0.86
0.82
0.7
1.15
0.84
1.81
2.21
1.45
0.88
0.9
0.78
0.7
1.34
1.13
1.21
1.02
2.18
2.08
1.51
1
1.07
1.2
1.01
0.63
0.93
0.97
0.78
0.92
0.93
0.64
1.27
1.4
2.14
1.1
1.02
1.05
0.85
0.81
0.63
0.85
0.92
0.69
1.09
0.88
0.86
0.85
0.71
1.3
1.55
1.41
1.18
2.44
2.48
1.54
1
0.94
0.86
0.8
0.78
0.8
0.88
0.92
0.97
0.81
0.75
0.8
0.74
1.13
1.21
0.96
0.85
0.77
0.77
0.77
0.74
0.84
0.79
0.93
0.77
0.9
1.38
0.83
0.69
0.88
0.7
1.2
1.5
1.45
1.4
1.12
1
1.13
1.33
0.98
1.02
0.92
1.33
1.39
1.54
1.31
0.97
0.8
0.82
0.7
0.75
0.85
0.72
1.17
1.32
0.78
0.87
0.85
0.53
0.58
0.66
0.65
0.6
0.72
0.76
0.7
0.78
1.56
1.45
1.39
0.95
0.82
0.52
0.8
0.73
0.78
0.7
0.79
1.45
0.98
0.95
0.86
0.85
1.22
1.01
0.88
0.53
0.77
0.84
1.18
0.72
0.55
0.57
0.48
1.5
2.04
1.71
1.33
0.97
0.77
0.71
0.6
0.52
0.47
1.35
1.02
0.59
1.03
0.65
0.76
0.89
0.79
1.29
0.56
1.15
1.52
1.45
1.71
2.13
1.6
1
0.5
0.42
0.58
0.81
2.01
1.56
0.69
0.58
0.53
0.6
1.03
1.51
2.17
1.16
0.66
0.61
0.59
1.22
0.86
1.19
2.42
1.62
1.15
0.5
0.5
2.08
2.19
0.94
0.98
0.41
0.49
1.66
2.34
1.18
0.85
1.12
1.58
0.66
1.74
0.57
0.43
1.57
1.27
1.55
1.42
0.3
0.36
0.28
0.34
1
0.84
0.58
1.07
0.7
1.01
2.17
2.52
1.82
0.91
0.64
0.85
0.37
0.74
1.78
3.4
2.18
1.91
0.59
0.57
0.49
0.61
0.61
0.37
1.25
1.42
0.59
0.3
0.39
0.42
0.48
0.72
0.85
2.2
1.45
0.91
0.59
0.71
0.49
0.62
0.55
0.51
0.82
1.45
1.48
1.27
0.89
1.33
0.87
0.92
0.89
0.74
0.68
1.31
2.91
2.91
2.01
1.52
0.84
0.65
0.63
0.78
0.71
0.75
0.67
0.93
0.62
1.07
0.3
1.36
1.08
1.73
0.88
1.24
2.07
3.48
1.19
1
1.34
1.13
2.13
1.41
2.25
1.45
1.11
1.51
0.92
0.85
0.9
2.24
0.7
0.88
1.42
2.15
1.12
1.48
1.62
1.42
2.22
1.71
1.54
1.18
0.76
1.78
1.9
1.53
0.77
0.65
1.25
1.51
1.13
1.06
0.85
0.72
0.83
0.68
1.15
0.78
0.82
0.83
0.64
0.61
2.15
1.72
1.89
1.14
0.98
1.01
0.93
1.03
0.97
0.88
1.36
1.87
0.75
0.76
0.93
0.64
1.55
1.23
0.86
0.76
0.85
0.85
1.05
1.08
0.94
0.67
1.55
1.6
0.76
0.66
0.79
0.82
0.68
0.74
1
1.83
1.16
0.91
0.86
0.94
0.85
0.73
0.81
0.85
0.95
0.86
0.97
0.97
0.89
0.92
0.76
1.26
1.63
0.95
0.74
0.73
0.88
0.94
0.86
1.35
1.02
0.92
1.08
0.9
0.74
0.78
0.83
0.8
0.96
1.08
1.24
1.02
0.74
0.85
0.97
1.41
0.87
0.84
0.74
0.83
1.63
1.41
1.32
0.96
0.84
1.13
0.93
1.05
1.01
1.19
0.8
0.91
0.78
0.82
2.14
1.4
1.2
0.88
1.06
1.37
2.13
1.2
1.03
0.7
1.55
1.16
1.38
1.02
0.8
1.02
0.63
0.96
0.83
0.73
0.93
0.73
0.82
0.83
0.85
0.84
1.08
1.19
0.97
0.86
0.83
0.64
0.65
0.79
0.79
0.66
0.8
0.7
0.65
0.72
0.91
0.9
0.69
0.74
1.07
1.28
0.89
0.75
0.84
0.76
0.73
0.74
0.7
1.14
1.18
0.95
1
0.88
0.61
0.63
0.66
0.93
0.7
0.78
0.67
0.69
0.77
1.62
1.83
1.08
0.71
0.79
0.79
0.47
0.56
0.7
0.6
0.7
0.69
0.76
0.73
0.75
0.64
0.7
0.92
0.69
1.95
1.74
1.46
1.01
0.57
0.76
0.85
0.67
0.75
0.63
0.73
0.98
0.96
1.29
0.69
0.47
0.7
0.44
1.07
0.87
0.93
0.73
0.53
0.47
0.63
0.37
1.18
1.06
0.47
1.36
2.2
1.11
0.85
0.53
0.44
0.48
0.56
0.83
0.85
0.65
0.49
0.32
0.45
0.49
0.9
0.56
0.56
0.86
0.47
0.68
1.18
0.43
0.6
0.39
0.6
0.43
1.07
1.33
1.1
1.56
1.5
1.06
0.88
0.48
0.84
0.85
0.97
1.05
0.67
1.51
1.7
2.26
2.01
1.68
2.05
2.55
2.6
1.27
1.58
0.98
0.66
0.71
0.92
1.65
2.06
1.67
1.09
2.12
1.52
1.92
2.08
2.18
1.07
1.3
1.05
0.66
0.65
0.52
1.42
0.83
0.68
1.02
0.96
0.81
0.51
1.52
1.94
1.83
1.78
1.35
1.16
0.6
0.5
1.33
1.79
1.46
1.54
0.68
1.95
2.31
2.03
1.21
2.08
2.38
2.47
2.55
2.47
2.38
1.9
2.09
1.2
2.15
2.01
1.33
1.19
1.28
1.88
1.17
1.48
1.47
1.05
0.71
1.9
1.3
0.82
0.81
0.65
0.96
0.98
2.17
2.95
2.22
1.35
1.72
1.33
1.38
1.73
1.19
0.62
0.6
0.6
0.98
0.93
1.6
1.6
1.72
2.09
1.2
0.88
0.82
0.71
1.04
1.02
0.92
0.94
1.83
1.1
0.96
1.16
1.41
1.53
1.56
1.56
2.28
3.61
1.85
2.08
2.48
0.84
3.8
2.43
3.21
4.48
3.56
3.61
3.08
2.74
1.65
2.03
1.47
3.72
1.52
1.51
1.62
1.88
1.75
2.27
1.51
1.51
1.65
1.31
1.65
1.75
1.31
1.2
1.38
1.31
1.4
1.38
2.1
2.01
3.2
2.45
1.71
3.43
2.17
2.74
5.97
5.38
3.54
1.5
1.4
1.43
1.62
1.41
1.47
1.6
1.54
1.66
1.56
2.08
2.55
2.23
1.87
1.72
2.11
2.33
1.82
1.97
3.21
2.24
1.78
1.62
1.65
1.63
1.8
1.48
2.1
1.9
2.15
1.72
1.58
1.82
1.69
1.43
1.47
1.82
1.8
2.8
2.47
1.72
1.61
1.83
1.63
1.84
2.02
1.35
1.85
1.7
2.56
2.18
1.99
2.3
2.41
1.93
1.63
1.66
1.67
2.44
2.5
1.88
2.21
1.81
1.85
1.66
1.93
1.66
1.6
1.59
1.68
1.62
1.48
1.81
2.55
2.79
1.66
1.47
1.61
1.5
1.53
2.16
1.74
1.7
1.48
1.55
1.66
1.59
1.35
1.46
1.46
1.38
1.27
1.61
1.89
2.75
2.2
1.91
1.53
1.7
3.11
2.96
2.78
2.68
2.61
2.22
1.89
1.67
1.44
1.36
1.42
1.4
2.87
3.72
2.73
2.11
1.65
1.7
1.2
2.28
0.83
1.49
1.55
1.34
2.97
2.88
1.67
1.84
1.64
2
2.09
2.11
1.3
1.33
1.39
1.43
1.27
1.14
1
1.91
1.2
0.95
1.78
1.79
2.01
2.96
1.44
1.81
3.77
3.33
2.8
2.29
1.34
1.08
1.14
1.63
1.1
4.49
3.42
2.13
2.05
3.07
1.96
1.53
0.86
1.98
3.45
1.6
1.29
1.1
0.81
1.1
1.81
3.29
2.26
1.5
0.98
0.78
1.52
0.99
2
1.05
1.25
1.26
1.12
0.86
0.78
1.46
1.87
4.88
4.28
2.45
2.9
3.61
3.25
6.18
4.88
2.23
3.26
4.97
2.44
2.06
1.65
1.62
0.91
0.52
1.57
1.75
2.48
2.42
0.91
1.93
3.03
1.17
1.07
0.95
0.96
2.63
2.2
1.85
2.03
2.78
1.42
1.37
2.37
1.58
2.32
2.89
2.3
1.7
1.6
3.23
4.7
2.92
1.66
3.48
3.97
3.76
3.47
3.62
1.28
0.94
4.05
3.59
1.77
5.87
4.17
3.73
3.26
1.31
4.21
1.63
1.7
1.76
2.25
5.03
4.2
2.8
2.8
5.42
3.78
2.2
3.4
2.44
3.4
5.86
3.19
1.94
1.89
1.42
1.02
1.42
1.91
1.55
1.85
2.39
4.42
4.45
2.38
1.59
1.36
4.8
2.81
2.51
1.15
4.55
5.06
1.58
1.55
2.36
1.98
2.2
3.48
2.82
4.04
4.54
3.57
1.64
0.75
2.51
1.47
2.35
1.29
1.34
1.02
2.01
3.05
2.1
1.33
1.46
1.51
5.58
2.59
2.56
2.99
1.83
1.69
2.45
3.35
3.57
2.08
2.02
1.48
1.74
2.77
1.47
1.29
1.18
1.2
1.27
1.49
2.73
3
2
2.07
1.9
2.23
2.62
1.26
2.4
1.5
1.43
1.57
1.54
2.43
2.09
2.07
1.42
1.45
1.84
1.07
1.36
2.54
2.23
2.61
2.08
0.91
1.81
2.85
1.66
1.8
2.24
1.41
1.65
4.42
3.27
4.19
3.74
1.66
1.61
1.88
3.62
4.51
5.13
4.61
3.88
2.82
1.47
1.3
1.33
1.34
1.7
1.51
2.38
1.27
1.38
1.28
1.2
1.4
1.36
2.39
2.13
2.35
2.04
1.45
2.23
2.21
2.57
1.75
1.92
1.93
2.38
1.89
1.46
1.37
1.31
1.23
1.67
1.46
1.31
1.28
1.33
1.22
1.54
1.23
1.29
1.3
1.38
1.48
1.35
1.44
1.26
1.48
1.35
1.28
1.28
1.43
1.28
1.24
1.72
1.46
1.68
2.16
1.61
1.39
1.26
1.16
1.14
1.5
1.13
1.53
1.49
2.2
2.33
1.55
1.43
1.12
1.14
1.83
1.21
1.19
1.4
1.33
1.45
1.86
1.44
1.35
1.2
1.46
2.54
1.8
1.55
0.89
1.02
1.2
1.79
1.85
1.49
1.29
1.63
1.29
1.3
0.99
0.88
1.47
1.57
1.84
1.81
1.43
1.49
1.7
2.21
2.12
2.22
2.35
1.55
1.24
1.06
0.97
1.19
1.23
1.16
0.98
1.15
1.67
1.24
1.11
1.45
2.42
1.55
1.56
1.43
1.16
1.11
1.28
2.2
1.31
1.15
0.93
1.27
1.45
1.68
0.99
0.71
0.62
0.8
0.64
0.96
1.07
0.89
1.15
1.07
1.28
0.88
2.4
2.5
1.98
1.2
1.16
1.94
2.64
3.74
2.9
0.75
1.95
2.59
4.8
2.98
2.28
1.43
3.5
2.03
2.18
1.38
1.86
3.13
3.89
3.54
4.6
3.93
3.15
2.93
2.45
1.67
1.56
1.73
1.38
2.92
2.49
1.15
1.33
2.8
2.82
1.7
0.91
0.83
0.65
0.75
1.1
1.47
1.24
0.71
1.14
0.86
0.91
0.45
2.21
1.13
0.79
0.62
0.97
1.38
5.86
1.03
1.92
2.85
1.3
0.96
0.88
0.54
0.64
1.64
3.63
1.1
0.77
0.84
0.78
0.86
0.53
0.8
1.12
2.05
1.1
0.68
0.85
1.43
2.26
3.77
2.53
0.84
2.67
4.49
2.98
3.63
3
3.26
1.23
3.3
1.7
1.54
4.11
1.02
1.69
1.36
0.94
1.78
0.94
1.57
3.83
3.42
2
1.26
0.8
-99
-99
0.86
1.81
2.48
1.38
2.35
1.64
0.89
0.92
1.33
1.99
1.91
3.18
2.1
1.43
4.17
4.71
1.45
1.58
1.36
0.79
1.25
1.32
1.1
1.89
1.53
0.9
2.63
3.25
1.3
0.85
1.58
1
1.08
1.41
5.36
1.89
4.05
3.42
2.3
2.13
4.13
1.47
0.94
1
1.64
1.87
3.83
2.23
1.19
0.89
1.16
1.03
1.05
1.29
1.03
1.8
1.09
0.9
1.25
1.22
1.57
1.82
1.1
1.21
1.48
1.59
1.04
3.7
1.72
2.84
2.82
1.34
1.69
2.04
4.18
3.57
1.88
1.16
1.05
1.03
1.02
1.31
1.11
1.3
0.95
1.63
2.23
1.68
1.59
1.54
1.04
1.47
2.42
1.83
1.49
1.38
1.54
1.09
1.76
1.59
1.03
1.94
1.24
1.76
1.79
1.8
1.28
1.42
1.03
1.11
1.43
1.08
1.05
1.08
1.11
1.02
1.22
1.98
2.09
1.7
1.81
1.3
1.36
1.32
1.11
1.19
1.17
1.08
1.35
1.86
1.19
0.98
2.54
1.79
1.33
2.11
2
2.14
1.06
1.02
1.71
1.99
2.7
3.15
2.65
1.69
1.7
1.31
1.41
1.18
1.06
1.14
1
3
2.2
1.63
1.41
1.19
1.26
1.33
1.25
1.16
2.03
2.14
1.53
1.31
0.96
1.19
1.24
1.36
1.45
1.34
1.23
1.82
1.35
1.62
0.98
2.2
1.98
1.54
1.71
1.71
1.37
1.42
1.91
1.09
1.24
1.7
1.22
1.17
1.18
1.37
1.1
1.08
1.14
1.2
1.42
1.16
1.72
1.51
1.08
1.02
1.19
0.89
1
1.14
1.16
1.47
1.08
1.15
0.89
1.51
1.01
1.02
1.07
0.95
0.8
0.59
0.8
1.56
1.6
1.02
1.05
1.05
0.8
0.57
0.88
0.87
1
1.18
1.15
0.85
0.95
0.94
0.83
0.85
1.28
1.07
1.16
0.86
1.57
0.77
0.81
0.73
0.79
0.91
2.99
3.13
2.03
1.98
0.92
1.03
1.19
0.98
0.85
0.75
0.8
0.64
0.97
1.01
1.76
2.51
1.82
1.39
0.74
1.34
1.37
0.7
1.64
1.16
0.67
1.95
1.73
2.5
1.25
0.79
0.76
0.78
0.5
0.95
0.95
0.64
0.86
1.23
2.16
2.42
1.91
2.49
2.41
1.71
2.54
1.97
2.35
3.2
2.87
2.3
2.75
2.2
0.99
0.88
1.12
1.31
2.21
2.5
2.84
2.27
1.87
2.05
0.78
0.65
1.5
3.33
1.72
2.18
3.15
2.99
2.55
2.34
0.88
0.96
1.76
2.14
0.8
1.41
1.38
1.67
1.85
1.68
2.01
0.76
0.83
1.43
0.84
1.93
1.99
0.92
1.25
1.86
1.39
2.39
4.04
4.87
4.16
2.28
2.56
2.11
3.02
2.84
4.26
5.17
1.19
2.04
3.06
3.84
3.25
2.1
3.56
1.4
0.94
0.86
0.81
1.14
1.39
2.32
1.48
1.77
2.18
0.89
1.05
2.48
2.45
2.54
5.46
3.49
2.28
4.13
2.03
1
2.63
0.9
2.48
3.06
1.68
1.08
0.94
0.87
0.94
0.88
1.33
1.73
2.25
1.57
1.32
0.98
2.38
2.49
2.24
2.94
1.29
2.77
2.15
3.5
2.43
3.55
4.01
2.78
4.12
2.82
2.89
1.75
1.05
1.8
1.9
1.35
1.65
1.49
1.62
1.42
1.48
1.1
1.11
0.95
1.91
1.08
1.24
1.09
1.8
1.33
1.08
0.88
1.13
1.19
1.09
1.13
4.03
2.95
0.97
1.16
1.25
0.96
0.94
0.86
1.49
1.51
1.16
1.71
1.57
1.19
1.19
1.04
1.02
1.3
5.58
3.36
2.17
1.45
1.72
2.57
3.05
2.6
2.52
1.78
2.18
2.78
2
1.58
1.27
1.35
1.27
1.31
1.3
1.08
1.3
1.32
1.26
1.21
1.05
1.1
1.17
1.59
1.55
1.09
1.75
1.26
1.23
2.27
2.04
1.74
1.52
1.3
1.32
1.3
1.63
1.27
1.18
1.23
1.19
1.06
1.03
1.38
1.17
1.29
0.76
1.14
1.16
1.13
2.07
2.33
1.39
1.2
1.4
1.46
1.42
1.23
1.04
1.1
1.26
1.14
1.17
1.29
1.85
1.84
1.06
2.08
1.84
1.61
1.32
1.52
1.53
1.27
1.28
1.26
1.05
1.29
1.01
1.19
1.24
1.24
2.23
1.36
1.25
1.36
1.34
1.98
1.66
1.76
1.43
1
1.26
1.14
1.13
0.94
1.18
2.18
1.16
1.13
1.05
1.13
1.21
1.13
1.19
1.72
0.99
0.99
0.79
1.83
1.16
1.08
0.93
1.08
0.93
0.94
0.94
0.85
1.12
0.76
1.19
1.85
1.56
1.56
1.62
1.3
1.45
2.02
1.44
0.92
0.94
0.95
1.07
1.06
0.84
1.02
0.8
0.65
0.54
0.52
1.3
1.34
1.24
0.93
1.07
0.69
0.65
1.06
2
1.39
0.99
0.47
0.46
0.67
0.78
1.79
2.22
1.22
0.56
0.72
0.81
0.69
1.21
0.96
0.78
0.79
1.74
2.9
0.64
0.84
0.71
0.6
0.54
0.56
0.74
1.26
0.51
0.38
1.35
0.83
1.03
1.71
2.02
1.23
1.44
2.88
4.19
2.62
2.1
1.82
3.52
4.17
1.07
2.6
1.31
0.46
0.45
0.26
0.55
0.6
0.45
0.58
0.68
0.7
0.66
0.59
0.63
0.43
0.86
0.34
0.7
0.57
0.47
0.64
0.54
0.67
0.96
0.73
0.33
0.56
0.64
0.79
0.75
0.94
0.99
0.77
0.96
0.49
1.64
0.86
1.5
1.93
2.52
1.31
0.99
0.99
1.18
1.86
1.73
1.72
1.73
2.49
2.98
1.67
1.06
1.4
0.33
0.5
0.2
0.47
0.42
0.39
0.46
0.79
0.88
0.88
1.12
2.58
1.94
0.84
2.62
2.09
0.7
0.26
3.51
2.12
2.7
1.17
1.22
1.29
1.33
2.91
3.63
3.36
1.85
0.81
1.6
0.91
0.44
0.81
1.71
0.71
2.07
1
2.33
1.7
5.12
3.91
4.82
4.25
1.57
3.87
3.66
1.68
2.67
2.39
2.79
2.85
2.33
1.96
0.93
1.54
1.64
0.93
0.53
1.26
0.82
0.74
2.45
4.09
2.23
1.32
0.87
1.59
1.14
1.03
0.73
2.69
1.9
1.62
0.95
1
1.22
3.66
3.3
2.3
2.5
1.3
1.04
0.88
1.53
0.99
0.91
1.09
1.47
1.24
1.13
2.09
1.07
0.84
1.53
3.39
2.49
1.73
1.45
0.5
1.42
2.47
3.48
3.08
1.56
1.18
1.49
1.67
0.95
1.25
1.03
0.64
1.29
1.26
2.22
2.79
2.13
1.8
1.16
1.2
2.09
1.35
1.17
1.89
2.96
1.15
0.9
1.02
1.02
1.28
2.31
1.82
2.19
2.45
1.34
1.13
0.84
1.04
0.91
1.15
1.25
1.06
1.22
1.15
1.38
2.68
2.53
1.33
1.95
1.8
2.22
2.46
1.51
1.27
1.14
1
1.1
1.36
1.69
1.68
1.08
0.84
1.09
1.26
1.27
1.47
1.07
1.17
1.77
1.16
0.92
1.22
1.1
1.04
1.52
2.7
2.43
1.87
1.53
1.23
1.2
1.12
1.04
1.21
1.66
2.31
1.96
1.48
1.21
1.31
1.36
1.04
1.08
1.33
1.91
1.51
1.11
1.19
1.96
1.8
1.35
1.33
1.62
2.23
1.77
1.44
1.23
1.2
1.11
0.89
1.06
1.25
1
1.31
2.22
1.22
0.94
1
1.02
1.19
1.04
0.93
0.95
0.76
0.95
1.13
1.2
1.18
0.95
1.09
1.02
1.18
1
1.02
1.02
1.15
1.07
1.56
2.11
0.97
1.5
2.25
2.3
2.07
1.09
1.34
1.13
0.93
0.86
0.99
0.79
1.05
0.94
0.92
0.95
0.94
1
1.2
0.91
1.03
0.86
0.71
1.28
0.67
1.35
1.6
1.11
0.76
1.11
0.91
0.72
0.51
0.83
1.05
1.29
1.14
0.64
0.64
0.78
0.44
0.6
0.76
0.9
0.9
0.83
0.66
0.86
1.1
0.81
0.58
1.68
2.64
1.69
2.77
3.43
2.22
2.02
1.71
1.16
1.51
1.59
0.77
0.81
0.94
1.25
0.55
0.36
0.91
1.92
0.88
0.83
1.53
1.35
0.76
0.68
1.1
0.83
0.85
0.86
1.65
1.4
0.64
0.8
0.71
0.69
0.76
1.59
1.69
0.63
0.64
0.72
1.14
1.55
1.12
1.35
3.1
2.77
2.49
1.59
1.69
2.22
0.9
1.71
0.6
1.2
0.93
0.6
0.96
1.03
1.2
1.53
1.8
0.96
0.96
2.62
1.5
2.4
1.08
1.03
3.05
2.94
2.61
1.79
1.7
2.81
2.57
2.75
2.24
1.7
1.68
2.52
1.61
0.63
1.42
1.8
1.18
0.48
0.59
0.66
0.87
0.83
0.94
3.95
4.31
2.54
3.82
2.02
0.76
1.81
3.56
2.75
0.82
0.74
0.67
0.91
0.69
0.91
1.42
1.21
0.67
0.46
0.89
1.49
0.98
1.23
0.75
-99
1.07
2.12
2.3
1.66
4
2.86
1.17
0.82
0.93
0.8
1.51
1.4
1.04
1
0.85
1.08
1.16
0.95
0.78
1.05
1.26
2.1
1.05
1.1
0.85
0.98
1.09
0.95
0.86
0.82
2.22
3.06
2.27
1.81
1.46
2.18
1.14
1.02
1.15
1.14
1.2
1.1
0.8
0.87
1.62
1.98
1.14
1.31
1.39
1.16
1.3
1.63
1.22
1.13
0.97
1.41
1.5
1.99
1.16
1.45
2.3
1.39
0.93
1.01
1.43
2.26
1.2
1.18
1.16
1.33
1.14
1.24
1.35
1.05
0.95
0.96
0.93
1.58
2.15
1.6
1.05
0.99
1.11
1.16
1.05
1.24
1.24
1.14
1.01
1.2
1.23
1.15
1.17
0.7
0.89
1.76
1.57
1.63
1.23
1.15
1.19
1.18
1.02
1.1
0.95
1.03
1.17
1.29
1.09
1.03
1.1
1.16
1.3
1.23
1.1
1.11
1.07
1.04
1.86
2.01
2.37
2.54
2.39
1.38
1.15
1.26
0.9
0.99
1.56
1.88
1.02
1.28
1.16
1.26
1.56
1.81
1.29
1.2
0.99
1.17
1.37
0.9
1
1.05
2.48
2.32
1.95
1.23
1.1
1.04
1.22
1.4
0.74
1
0.85
1.05
0.88
1.75
1.22
1.97
1.26
2.44
1.96
1.36
1.2
1.01
1.16
1.13
0.93
1.15
1.64
1.65
1.22
1.2
1.04
0.94
0.9
0.96
0.9
1.02
0.94
0.84
1.39
1.61
1.85
0.94
1.12
1.15
1.35
2.01
1.41
1.44
3.35
1.73
1.78
1.37
1.4
0.99
1.49
1.45
1.1
1.46
1.08
0.94
0.55
1.03
1.01
1.19
1.54
0.99
0.92
0.94
0.58
0.9
0.77
0.92
1
1.13
2.09
1.21
1.31
0.94
0.93
1.03
0.74
0.65
0.72
1.02
0.7
1
1.4
1.36
0.8
1.23
2.27
1.4
0.77
0.8
0.76
1.65
1.72
2.68
1.56
0.98
0.63
0.78
0.7
0.78
3.05
2.52
2.1
1.73
2.26
2.11
2.89
3.39
3.18
2.29
1.54
0.81
0.77
1.4
1.77
0.78
0.74
0.86
0.74
0.52
2.24
2.68
0.79
1.25
1.86
2.81
2.5
3.23
2.76
1.89
1.19
0.76
0.69
1.73
1.7
0.92
1.8
1.65
1.24
1.14
3.05
2.97
2.42
1.75
0.75
1.13
1.22
2.45
1.48
0.75
0.56
1.44
3.97
4.08
1.79
2.91
1.55
3.38
3.07
4.11
3.53
1.53
1.76
1.32
1.59
0.66
1.32
3.75
2.21
0.78
1.28
1.4
3.86
3.66
1.25
1.81
2.68
3.87
3
1.8
0.6
0.56
1.28
1.72
0.61
1.03
0.83
0.85
1.12
1.99
3.1
1.49
1.14
2.33
2.88
1.41
1.61
1.83
1.9
1.47
1.48
0.88
1.21
0.46
1.07
1.81
0.92
2.56
1.91
1.65
1.66
1.06
1.72
1.05
0.82
0.99
0.67
1.48
1.06
0.63
1.76
2.51
2.21
0.96
0.72
0.66
1.24
2.16
1.34
0.79
1.06
1.57
1.44
3.8
1.97
3.71
2.6
2.73
2.3
1.61
0.95
3.01
2.36
1.44
1.27
1.28
4.34
1.62
1.01
0.98
1.86
1.48
1.23
2.77
1.66
1.25
1.32
1.82
1.51
0.96
0.56
1.47
0.83
1.52
0.82
0.9
1.04
0.86
0.83
0.7
0.76
0.99
1.96
1.08
1.11
1.01
1.89
1.65
2.03
3.75
2.29
1.43
0.67
0.76
0.73
1.79
1.78
1.25
1.48
3.04
2.42
2.41
1.54
0.8
0.71
0.86
0.99
1.01
1.18
1.12
0.94
2.38
1.99
0.96
1.06
1.07
0.98
1.04
1.02
1.08
0.89
1.04
1.46
1.03
1.11
0.91
0.96
0.91
1.71
2.69
3.1
2.37
1.45
1.3
1.62
1.36
1.63
1.06
0.96
1.14
1.3
1.07
1.17
1.1
1.26
1.07
1.18
1.27
1.27
1.13
1.16
1.15
2.31
1.72
1.21
1.07
1.34
1.46
1.09
1.29
1.15
1.11
1.08
2.79
1.48
1.18
1.13
1.27
1.75
1.31
1.48
1.2
1.07
1.06
1.14
1.23
1.16
0.85
1.01
0.98
1.06
1.07
1.29
1.48
0.88
1.33
1.5
1.09
0.9
1.06
1.21
1.08
1.87
1.67
1.04
1.46
1.61
1.34
1.69
0.97
0.86
0.91
1.86
1.69
1.19
1.06
0.92
0.8
1.37
1.02
1.13
1.11
1.1
1.26
0.98
0.94
1.1
0.76
0.91
0.75
0.91
0.96
1.27
1.24
0.69
0.74
0.9
0.77
0.84
1.03
0.98
1.38
1.04
1.89
1.46
1.49
0.9
1.18
1.41
1.29
3.23
2.37
1.94
0.88
0.84
0.86
2.34
0.8
1.11
0.75
0.74
0.67
0.77
1.66
1.66
0.79
0.8
0.7
1.1
0.68
0.79
1.04
1.41
2.34
1.46
0.67
1.55
1.64
3.81
0.83
2.03
1.13
1.24
1.81
1.02
1.13
1.09
0.84
0.59
1.94
0.61
0.59
0.97
0.99
0.73
0.98
0.91
0.58
1.51
0.85
0.58
0.59
0.52
0.78
1.02
1.05
1.93
2.76
0.96
0.55
1.74
1.17
0.82
1.84
1.2
0.78
1.3
1.76
1.75
4.72
1.69
0.66
0.83
0.58
2.66
1.22
0.99
1.96
0.58
1.84
0.97
1.03
1.41
0.65
1.73
0.46
0.72
0.98
1.7
1.28
2.37
1.48
1.34
3.11
1.26
0.78
2.47
3.54
2.22
3.16
4.28
2.75
2.26
1.91
3.35
3.07
1.36
0.66
2.35
1.28
0.89
1.07
2.15
2.71
3.14
2.48
2.51
2.25
3.35
4.36
2.63
3.25
0.51
1.63
3.51
3.14
1.8
1.02
1.06
0.5
0.8
0.72
1.51
2.9
1.56
0.74
0.74
0.88
0.77
0.85
0.9
1
0.95
0.91
0.88
0.83
0.87
0.77
0.64
0.7
1.87
1.68
1.3
0.75
1.73
0.82
0.66
1.39
1.23
1.12
1.08
1.63
1.1
3
2.73
2.35
0.72
1.51
1.97
1.68
1.13
1.08
0.98
0.95
0.7
2.22
1.79
1.3
1.16
0.95
1.05
1.11
0.67
1.01
1.35
2.89
1.31
1.76
2.16
1.26
1.76
2.04
3.05
2.31
1.62
1.13
1.16
0.89
1.15
1.91
2.45
1.89
1.35
0.62
0.79
1.4
1.15
2.02
1.93
1.37
1.18
1.33
1.3
1.18
0.75
2.75
2.7
1.29
0.63
0.92
1.88
0.81
1.18
2.29
1.37
1.23
1.32
1.2
2.34
2
2.32
2.11
1.32
1.15
0.95
0.78
-99
-99
2.07
2.47
2.08
1.14
1.07
1.05
1.04
0.81
0.88
1.46
1.4
1.36
1.09
0.8
2.26
1.45
1.3
1.05
1.2
1.47
1.25
1.1
0.89
1.07
0.96
0.91
1.44
0.95
1.49
1.15
1.3
0.82
0.86
0.76
0.87
0.94
1.02
1.03
0.89
1.08
1.06
1.06
0.83
1.95
1.73
1.2
1.04
0.95
1.17
1.84
1.41
1.12
1.59
1
1.01
0.95
0.96
0.99
1.02
1.08
0.89
2.14
2.13
1.05
1.53
1.51
1.01
1.3
0.95
1.02
1.03
1.1
0.88
1.15
0.97
1.4
1.17
1.79
2.23
1.31
1.42
1.15
1.15
1.12
1.45
1.14
1.25
1.44
0.85
1.04
1.01
0.99
0.63
0.94
1
0.93
0.87
0.79
1.9
1.6
1.29
2.33
2.17
1.66
1.59
0.94
1.35
1.59
0.81
0.95
1.1
1.29
0.88
0.68
0.62
0.76
1.14
1.11
0.7
0.99
0.93
0.89
1.03
0.72
0.81
1.03
0.88
0.76
2.55
1.94
0.91
1.29
1.65
1.93
1.03
1.07
0.59
0.86
1.08
1.16
1.11
2.34
1.01
0.85
0.6
0.93
0.73
1.27
1.5
0.9
1.64
1.3
0.71
0.7
0.44
0.53
0.85
0.8
0.58
0.99
3.18
1.69
2.94
2.39
1.25
3.42
3.79
3.29
2.85
3.02
1.08
1.05
1.6
1.86
1.26
1.76
1.73
0.65
0.79
1
4.02
3.23
1.31
0.65
1.17
1.4
0.93
0.65
1.1
1.11
0.97
1.75
0.63
0.65
0.76
1.29
4.23
2.03
1.64
2.41
5.18
2.53
0.97
0.84
0.85
0.64
0.55
0.7
1.04
3.47
1.68
1.13
0.78
2.12
1.28
0.52
0.71
0.62
1.01
0.84
0.43
1.22
2.51
2.06
0.66
1.4
0.63
0.67
1.76
1.68
0.54
0.52
0.69
0.76
0.6
1.28
0.83
0.79
2.51
2.82
1.27
1.12
0.65
0.41
1.05
0.6
1.55
0.66
0.94
0.87
0.73
0.99
0.94
3.1
1.62
0.66
0.47
0.7
0.81
1.2
1.5
0.58
0.98
1.05
0.88
0.63
0.81
1.64
1.59
0.8
1.26
0.66
0.75
0.88
1.35
3.77
1.88
1.42
0.62
1.27
3.98
3.55
1.94
1.92
4.09
3.49
1.44
3.55
1.05
0.63
0.52
1.05
1.65
1.01
1.79
1.29
0.53
0.64
0.83
0.9
1.09
1.35
1.44
0.61
0.77
1.13
0.73
1.61
1.98
0.74
1.47
0.53
1.75
0.94
0.86
0.74
0.64
0.76
1
0.73
0.57
0.99
0.56
0.84
0.94
0.83
0.73
1.03
0.86
1.1
0.46
0.75
0.76
0.88
0.87
0.88
0.83
1.51
1.56
1.83
2.17
2.67
0.9
0.82
0.69
0.79
0.91
0.97
1.14
1.23
1.45
1.11
1.41
0.62
1.06
1.91
1.63
1.55
2.06
1.28
0.97
0.77
0.92
1.41
0.64
0.89
1.06
1.03
1.24
1.06
1.14
0.91
0.93
1.07
1.94
2.69
0.88
1.53
1.58
1.9
1.6
0.8
1.26
1.74
0.98
0.95
0.41
1.46
0.86
0.73
0.89
0.9
1.45
0.99
0.84
0.78
0.85
0.96
1.01
1.11
0.81
0.93
1.13
2.21
1.51
1.09
1.65
1.65
1
0.75
0.9
1.25
0.82
0.9
1.65
1.83
1.41
1.61
1.58
0.98
0.92
0.97
0.77
0.88
1.16
1.05
0.98
0.86
0.83
0.92
0.81
0.81
1
2.15
2.12
1.76
1.14
1.02
1.07
0.83
0.88
0.61
0.71
0.74
0.95
0.78
0.89
1.26
0.98
0.63
0.92
0.86
0.82
0.95
1.62
1.47
1.02
0.9
0.93
0.6
1.11
1.97
1.58
0.94
1.31
1.13
1.04
0.95
1.98
1.63
1.12
0.6
0.9
1.14
0.78
0.68
0.77
0.86
0.76
0.49
0.58
0.69
1.29
0.77
0.88
0.81
0.83
3.33
2.66
2.81
1.94
0.81
0.7
1.09
1.32
1.51
1.29
1.43
1.14
1.04
0.76
0.64
1.21
2.82
2.67
1.9
2.61
2.13
1.42
1.13
0.82
0.89
1.23
0.73
0.3
1.22
1.26
1.18
3.52
1.66
0.98
0.73
0.61
0.61
0.69
0.6
1.05
0.88
0.98
1.33
1.23
0.53
0.62
0.8
0.7
0.54
0.55
0.49
0.67
1.05
0.72
0.54
1.49
2.17
0.7
0.67
0.61
0.66
0.56
1.03
1.33
0.69
0.49
0.55
1.95
2.35
1.61
0.96
1.59
2.96
0.93
3.64
4.15
2.08
1.13
4.24
0.98
0.4
0.73
0.72
0.57
0.29
0.35
0.84
0.6
0.54
0.56
1.79
2.79
3.04
1.18
2.85
1.96
4.33
1.41
1.67916666666667
2.93333333333333
1.9875
1.16875
0.91875
1.13333333333333
1.24583333333333
1.08958333333333
1.25416666666667
2.71666666666667
2.63125
3.56458333333333
3.02708333333333
2.75625
3.89583333333333
1.98541666666667
3.65416666666667
0.877083333333333
0.714583333333333
0.608333333333333
0.685416666666667
2.65625
1.59791666666667
3.61666666666667
1.33125
0.9375
1.28125
1.78333333333333
1.75625
2.1875
2.69166666666667
5.45416666666667
1.625
0.660416666666667
0.616666666666667
0.822916666666667
1.43333333333333
2.41875
1.10416666666667
0.816666666666667
2.03958333333333
0.95625
1.81875
1.7625
0.860416666666667
0.397916666666667
0.941666666666667
0.7375
0.602083333333333
0.597916666666667
0.572916666666667
2.30416666666667
1.34583333333333
0.68125
0.610416666666667
0.64375
0.639583333333333
1.22291666666667
0.847916666666667
1.275
0.916666666666667
0.677083333333333
0.860416666666667
0.8
1.06875
0.622916666666667
0.647916666666667
2.14375
2.00416666666667
0.835416666666667
1.10208333333333
1.16666666666667
2.91666666666667
2.675
1.93541666666667
2.3375
2.32708333333333
1.31041666666667
1.92916666666667
3.26666666666667
2.30833333333333
1.13958333333333
1.06458333333333
0.9
0.79375
1.12916666666667
0.975
1.18541666666667
0.764583333333333
0.929166666666667
0.970833333333333
0.877083333333333
1.24791666666667
1.49583333333333
1.50416666666667
2.325
2.30416666666667
1.34583333333333
0.814583333333333
0.51875
0.979166666666667
2.00833333333333
1.1125
0.741666666666667
0.935416666666667
1.09375
1.90833333333333
2.12291666666667
1.1
1.13541666666667
0.908333333333333
0.85625
1.02083333333333
0.910416666666667
1.41875
0.502083333333333
0.747916666666667
0.64375
0.985416666666667
1.05
1.77916666666667
1.39375
1.04791666666667
1.20416666666667
1.52083333333333
1.08541666666667
1.17708333333333
0.920833333333333
0.889583333333333
1.16875
2.19791666666667
1.275
1.99166666666667
2.44375
0.904166666666667
1.38125
1.75208333333333
1.20625
1.93958333333333
1.51666666666667
1.02083333333333
0.941666666666667
0.927083333333333
1.44375
1.16041666666667
1.06041666666667
1.02708333333333
0.945833333333333
0.972916666666667
1
0.78125
0.80625
1.1125
1.275
1.06875
0.975
1.18541666666667
1.5875
1.12291666666667
0.954166666666667
0.952083333333333
0.595833333333333
0.927083333333333
1.08333333333333
0.964583333333333
0.8375
0.841666666666667
0.779166666666667
0.883333333333333
0.675
0.877083333333333
1.00625
1.32708333333333
1.42708333333333
1.81041666666667
1.28125
0.908333333333333
0.96875
1.15833333333333
1.57708333333333
0.895833333333333
1.00208333333333
1.15
0.941666666666667
1.21458333333333
0.939583333333333
1.13125
1.22708333333333
2.025
1.21041666666667
0.975
0.960416666666667
1.4625
3.51666666666667
1.67916666666667
1.46458333333333
1.35416666666667
1.25208333333333
1.25
1.2375
1.02916666666667
0.975
0.86875
0.770833333333333
1.32708333333333
1.29791666666667
1.12916666666667
1.05208333333333
1.1125
0.989583333333333
1.02083333333333
1.47916666666667
1.83541666666667
1.0375
1.04583333333333
1.24583333333333
1.05208333333333
1.25625
1.425
1.14166666666667
0.814583333333333
0.7875
0.65
0.85625
0.795833333333333
0.8125
1.0125
2.01458333333333
2.6125
1.8875
0.695833333333333
0.99375
0.858333333333333
0.94375
1.1875
1.31666666666667
0.8
1.0375
1.25833333333333
1.13333333333333
0.510416666666667
0.483333333333333
0.927083333333333
0.8375
1.05416666666667
0.772916666666667
0.904166666666667
0.839583333333333
0.939583333333333
0.841666666666667
0.7875
0.945833333333333
0.860416666666667
0.654166666666667
0.75625
0.895833333333333
0.729166666666667
0.947916666666667
1.07708333333333
1.33125
1.07083333333333
1.60208333333333
1.79791666666667
1.26041666666667
0.735416666666667
0.895833333333333
0.620833333333333
0.735416666666667
1.19791666666667
1.025
0.98125
1.32708333333333
1.12708333333333
0.685416666666667
1.15625
1.75416666666667
1.52291666666667
1.31458333333333
1.53125
0.935416666666667
0.6625
0.652083333333333
0.939583333333333
1.225
1.21041666666667
1.1375
0.833333333333333
0.810416666666667
0.827083333333333
0.620833333333333
0.614583333333333
0.810416666666667
1.13333333333333
0.916666666666667
1.09166666666667
1.4375
0.770833333333333
0.739583333333333
1.12083333333333
0.658333333333333
0.839583333333333
0.447916666666667
0.3875
0.622916666666667
2.33333333333333
1.29583333333333
2.36458333333333
1.39791666666667
1.79375
2.79375
3.27291666666667
2.41875
1.46041666666667
1.4375
1.63125
1.22083333333333
1.69375
1.46666666666667
1.87916666666667
2.16458333333333
2.07291666666667
1.35
0.8375
0.410416666666667
0.945833333333333
0.816666666666667
1.56458333333333
0.7625
1.71041666666667
2.62083333333333
3.38333333333333
3.35625
1.9875
0.639583333333333
1.22916666666667
2.29166666666667
2.29166666666667
1.96041666666667
5.28333333333333
2.56041666666667
1.54375
3.32291666666667
2.30833333333333
5.48541666666667
2.12083333333333
0.8625
0.610416666666667
0.591666666666667
0.575
0.68125
0.433333333333333
0.5875
0.491666666666667
1.37291666666667
0.472916666666667
0.48125
0.283333333333333
0.25625
0.41875
0.889583333333333
1.52708333333333
3.42083333333333
2.175
1.025
0.46875
0.502083333333333
0.460416666666667
0.51875
0.73125
4.03125
2.51875
1.9375
3.06458333333333
1.99166666666667
0.997916666666667
1.175
1.225
0.714583333333333
0.94375
1.14166666666667
1.3625
1.7625
0.754166666666667
0.979166666666667
1.35227272727273
1.39375
1.94583333333333
0.84375
0.85
0.835416666666667
0.71875
0.864583333333333
2.18333333333333
1.61041666666667
1.15416666666667
3.64583333333333
3.21458333333333
2.48541666666667
0.529166666666667
0.608333333333333
1.19583333333333
1.86458333333333
2.32708333333333
0.85625
0.8
0.79375
0.666666666666667
0.752083333333333
1.36041666666667
2.37291666666667
3.29375
1.60625
1.60208333333333
0.645833333333333
2.36458333333333
1.81458333333333
2.99583333333333
1.95208333333333
0.80625
0.779166666666667
1.51666666666667
0.725
0.652083333333333
0.952083333333333
0.8375
0.789583333333333
1.15625
1.90833333333333
1.65416666666667
0.783333333333333
0.58125
0.6875
0.81875
0.933333333333333
1.11041666666667
1.1
0.858333333333333
2.24375
2.0875
1.375
0.85
0.829166666666667
1.1
1.25208333333333
2.55
1.79375
1.49791666666667
0.9875
1.37916666666667
0.76875
0.860416666666667
0.754166666666667
0.827083333333333
1.45833333333333
3.10416666666667
5.07708333333333
3.69375
1.79583333333333
1.14583333333333
0.991666666666667
1.44583333333333
1.65
2.23333333333333
2.58333333333333
0.595833333333333
1.53125
1.23958333333333
0.78125
0.708333333333333
1.775
1.86458333333333
1.42291666666667
1.13541666666667
0.895833333333333
1.2625
1.35208333333333
1.05625
1.37916666666667
2.77083333333333
0.833333333333333
0.816666666666667
0.616666666666667
0.716666666666667
1.19375
1.225
1.00416666666667
0.879166666666667
1.125
0.791666666666667
1.81458333333333
2.22291666666667
2.01458333333333
1.19375
0.875
1.04791666666667
0.891666666666667
0.872916666666667
0.925
0.8375
0.820833333333333
0.864583333333333
0.904166666666667
0.852083333333333
1.00416666666667
0.89375
0.875
0.772916666666667
1.68333333333333
0.952083333333333
1.67916666666667
2.13958333333333
1.9
1.72291666666667
0.952083333333333
0.945833333333333
0.875
0.977083333333333
0.866666666666667
0.958333333333333
0.9625
1.26875
0.841666666666667
1.09583333333333
0.9375
1.6
1.10625
1.03125
0.9125
0.914583333333333
0.9375
1.0125
0.84375
0.825
1.02083333333333
1.2625
1.20416666666667
0.797916666666667
1.00625
1.15
1.50208333333333
1.1
1.075
1.45
2.14166666666667
0.93125
1.05416666666667
1.53541666666667
0.879166666666667
0.9125
0.958333333333333
1.08541666666667
1.4125
2.025
2.07916666666667
1.32083333333333
1.04791666666667
0.94375
1.01041666666667
0.964444444444444
1.00625
1.04375
0.76875
0.977083333333333
0.9
0.9375
1.06041666666667
1.075
0.958333333333333
1.09583333333333
0.85625
1.25833333333333
1.8625
1.54791666666667
0.822916666666667
1.15833333333333
0.73125
1.0375
1.08541666666667
1.08125
0.997916666666667
0.952083333333333
1.12083333333333
0.889583333333333
0.83125
0.877083333333333
0.945833333333333
1.08125
1.04791666666667
1.10416666666667
0.952083333333333
1.43125
1.04583333333333
0.779166666666667
1.54791666666667
1.85625
2.12291666666667
1.30416666666667
1.04375
1.26666666666667
1.43541666666667
0.95625
1.01458333333333
1.23125
1.11875
1.13333333333333
0.954166666666667
0.885416666666667
0.964583333333333
0.829166666666667
0.7375
1.08333333333333
0.972916666666667
0.854166666666667
0.920833333333333
0.733333333333333
0.677083333333333
1.08333333333333
0.847916666666667
0.729166666666667
0.725
0.65
0.766666666666667
0.952083333333333
1.53541666666667
1.84791666666667
0.49375
0.954166666666667
0.95
1.05416666666667
0.779166666666667
0.76875
0.708333333333333
1.23541666666667
1.63333333333333
2.58125
2.1875
2.49583333333333
2.34583333333333
1.23541666666667
0.875
0.808333333333333
0.764583333333333
0.816666666666667
0.972916666666667
0.58125
0.445833333333333
0.875
0.53125
0.420833333333333
0.697916666666667
1.01041666666667
1.1875
0.677083333333333
0.704166666666667
0.777083333333333
0.560416666666667
0.420833333333333
0.322916666666667
0.479166666666667
0.51875
0.3125
0.5125
0.466666666666667
0.545833333333333
0.68125
0.614583333333333
0.558333333333333
0.495833333333333
0.622916666666667
0.754166666666667
0.55625
1.04166666666667
3.8125
2.13333333333333
0.68125
0.620833333333333
0.74375
1.12083333333333
1.14375
1.13958333333333
0.839583333333333
0.629166666666667
0.547916666666667
0.666666666666667
1.27916666666667
0.754166666666667
1.95
3.82083333333333
2.02083333333333
0.866666666666667
3.44583333333333
1.54166666666667
0.616666666666667
2.17291666666667
1.83125
0.5375
2.83125
2.44791666666667
0.7
0.697916666666667
0.86875
0.322916666666667
0.65
0.541666666666667
0.54375
0.439583333333333
0.345833333333333
0.454166666666667
2.51458333333333
0.720833333333333
0.597916666666667
0.554166666666667
1.30416666666667
0.75
1.15625
0.814583333333333
0.408333333333333
0.3
0.345833333333333
1.175
1.38333333333333
1.275
0.9
0.310416666666667
0.279166666666667
0.479166666666667
0.447916666666667
0.360416666666667
0.558333333333333
0.395833333333333
